i = 0,i = 1,i = 2,i = 3,i = 4,i = 5,i = 6,i = 7,i = 8,i = 9
0.01475281670961207,0.14804160401387362,0.12344338496070559,0.023379447737834604,0.1387019480287189,0.03878027212828265,0.22662099117983212,0.03093710522956219,0.11829329607712957,0.13704913393444862
0.12426956574461569,0.02884646406853161,0.09022251273735456,0.0972919442027968,0.11590814219205607,0.09165951010537102,0.10486143458351734,0.08057238911447274,0.13667969568611563,0.12968834156516848
0.15314899507375737,0.04323509788525531,0.07223711581657966,0.13644348054100486,0.11683391751604484,0.09437813956623815,0.13079523737815868,0.03990107420768189,0.15899275055822823,0.05403419145705109
0.04558591779045114,0.12798577418360996,0.20754751059319906,0.04671279241466689,0.06388748302770238,0.1273766974769431,0.15185148334222076,0.17471118186785592,0.01362522827366001,0.040715931029690886
0.11521972057949796,0.11544855802571248,0.13746634330361496,0.13286004375808594,0.14354638776332942,0.03349495522392228,0.12325009435030111,0.011237573849708964,0.06116202952751057,0.12631429361831642
0.14002480965337494,0.09136346231158622,0.07456739308585691,0.10439904954808188,0.12479268347041392,0.11791424958710246,0.08204764711909447,0.13141136567162526,0.09650784773487217,0.03697149181799177
0.11268571436887981,0.04274285800477248,0.1250323436674196,0.014367197297276852,0.1419906688761322,0.13517178279111142,0.08763434280756167,0.021504700211017167,0.1750235809291428,0.14384681104668598
0.04029136929755565,0.04091774914397185,0.17728214218043323,0.005409709939695909,0.07735695156117779,0.060661760062195216,0.08432156118711298,0.1866442948938964,0.16719899486893985,0.15991546686502103
0.042596681010768994,0.09275912290764803,0.11184006426142244,0.05612392847540081,0.13265148452698017,0.11491427089585202,0.09700315120360194,0.082106694929495,0.16753475817734187,0.1024698436114886
0.06504985157379303,0.05020921594467889,0.1536727002587844,0.0001152998097567559,0.17212504544049528,0.037354195167971595,0.08000357230770255,0.2099658851082435,0.0021291702805408754,0.22937506410803316
0.08691727247861238,0.1612144452683799,0.16916120652384894,0.07170191954506454,0.09550887966463346,0.06465832218356064,0.06716530049768389,0.04930377565697461,0.15628541846775224,0.07808345971348922
0.011819630129976912,0.13756485630669624,0.20439349587374586,0.017851521381508893,0.03127756870174654,0.14422527955731357,0.20594812505585233,0.05491279145711665,0.09386084775421176,0.09814588378183133
0.10326998686072796,0.008734967443411179,0.1476100060212478,0.06518881749697432,0.17507914840778158,0.11815759038446022,0.08943310216129725,0.14376200970967626,0.1403977226074133,0.008366648907010265
0.1717856960643219,0.05715156971148298,0.18086574840793881,0.09985120527090234,0.1676582511199361,0.05832597693886752,0.07381430920246265,0.012941951753467474,0.10570658223837757,0.07189870929224272
0.054402455593553306,0.026918069646776687,0.1764785188604704,0.14295243828489804,0.11964193152613883,0.0940726687825609,0.07719865208094957,0.10100355154090912,0.007347090688156086,0.19998462299558703
0.12456758900224983,0.016848514055273853,0.07008366827801628,0.18074838785914182,0.06300263895010957,0.13789870428331863,0.06963508175313515,0.15054566038622036,0.14831187313094923,0.03835788230158529
0.05997543060671386,0.1019252574308807,0.1362288859842207,0.15601501744662255,0.08679523742131084,0.10697920919034075,0.15257670915580376,0.014353257395562388,0.035013889233886694,0.15013710613465778
0.10436517316262924,0.1288416668170724,0.09006755653890572,0.06546367251024285,0.042875743573725214,0.07475267533677316,0.12442102306013648,0.1185981939485943,0.13217633283472566,0.11843796221719503
0.10818827739251431,0.08572441039262724,0.15542093048594188,0.0540248730945964,0.03770304556517003,0.06094006064913027,0.07300256487493004,0.15609105792904146,0.11623963952378003,0.1526651400922683
0.08520618885076625,0.1856661094848104,0.13399133769285126,0.01209286755737722,0.10766714618181308,0.09176354818333757,0.0027499377992349834,0.16823815675148007,0.18389450244912164,0.02873020504920742
0.19090225918048642,0.04167944351669053,0.0823021443763045,0.04919837894096682,0.13859559662233556,0.12236795798344324,0.10242556595305594,0.0486736805718711,0.13467601444498328,0.08917895840986252
0.18799730764612327,0.05090955172371553,0.1639670795540323,0.08605821498940905,0.06884998134756373,0.07482629332032067,0.051998522618757446,0.08335333251055912,0.010170091380419154,0.2218696249090997
0.0327610244422835,0.1695753731638017,0.06319708865646143,0.1990904212102222,0.024772722968916708,0.03891757310481267,0.07073886992829427,0.18802909826261652,0.08483308721361534,0.12808474104897563
0.08022701832786008,0.02363221562006332,0.15156824450881545,0.1454070313114945,0.09673571245717125,0.08574872487462938,0.08471398526695367,0.10898447606525448,0.07585226223417652,0.14713032933358128
0.16763114172127144,0.19319125305691176,0.13042195417183905,0.09876679425275035,0.11300570408853512,0.08371947297871034,0.051466939937535976,0.08805795101355512,0.023835975524099613,0.049902813254791234
0.043410688965683925,0.06489868788713084,0.06473392523944807,0.10553972141848715,0.13087352558558646,0.1121205105264905,0.054957876391274134,0.11820469643136089,0.1613780956200778,0.14388227193446018
0.0952971657578074,0.13787583705684892,0.12619251099043474,0.1499322071867614,0.1617875889029462,0.053599009400688256,0.0397365180914331,0.07540941536940499,0.0006396061367983059,0.15953014110687666
0.07607580300137211,0.16526877852491695,0.046431873285849794,0.08824941961380262,0.002768385883543367,0.0684061283300675,0.18170786533751798,0.08337424225007764,0.1548068318433151,0.1329106719295368
0.025381362597316704,0.17922819740659024,0.15007806241688176,0.02281537573029416,0.17795405210326717,0.047989437699782055,0.15267295625753344,0.04648379248330636,0.1401028396334283,0.05729392367159997
0.13309927335937002,0.13140191982037,0.040819187950898415,0.13643776748312733,0.1441767698773075,0.16770146797832616,0.07938711300855372,0.0899151863822925,0.05523227005144305,0.0218290440883113
0.19101215396415303,0.06350102928573075,0.04797764914867338,0.09866836181626583,0.0920932753870246,0.1723835899924126,0.007832615722875944,0.20335103704559665,0.06644740597381504,0.05673288166345231
0.09055498467020348,0.12650473211105392,0.16497052923883102,0.0495294047879085,0.0752286911426131,0.13766689428292941,0.03740542081937051,0.1614179274487575,0.11052673324514317,0.046194682253189435
0.037166085198855975,0.15378878157668568,0.08539894458006961,0.09980734520519535,0.17481718813359415,0.10107189838458804,0.10367179597490288,0.014843222485236205,0.18960963713699994,0.039825101323872285
0.10507539008965841,0.05717643525254705,0.0836740223214863,0.015377347757136584,0.1813297530034189,0.04254409490474113,0.023079679189199974,0.16854514550837144,0.12369297734586598,0.19950515462757412
0.10329335946142974,0.08082601369751324,0.12964694265740692,0.11065795275516266,0.14032851562672888,0.13700075528957592,0.09979054634021058,0.0060806344320235356,0.13746428304603842,0.05491099669391003
0.16107287322588998,0.11764601562615945,0.06482998602206082,0.023565811463318632,0.1586221449081,0.09225058776510435,0.045994816281190516,0.140865021124417,0.14462676482464423,0.05052597875911501
0.15234486058092087,0.07553121709848484,0.06024069685165325,0.034393775490939804,0.20724630521677087,0.008977829666672982,0.02499317688840156,0.17279405760406308,0.09206929170960608,0.1714087888924867
0.14422345183909493,0.0992502331422651,0.12158118113949574,0.1046991203773861,0.1530067831107629,0.06241465695074052,0.1446544521917184,0.09711004960707172,0.02740416174367306,0.045655909897791676
0.03186981954242025,0.1415642939922455,0.0870791647887287,0.15136025036463607,0.06069395690236491,0.06579191441112732,0.1788389912168837,0.10558858118847475,0.07761323033789241,0.09959979725522648
0.1258128329354615,0.1492933733206923,0.051543803292843075,0.043801131982617154,0.008893982611515387,0.13543647864240252,0.115041333249057,0.12824895967790864,0.17667321363222088,0.06525489065528145
0.11144777270464615,0.018144051760184795,0.11051455655827853,0.01606979240171872,0.1033972247831104,0.15397278805403464,0.11256372700190628,0.13717835779791568,0.0371080478668686,0.1996036810713363
0.18141527192257573,0.15497620727260136,0.021511175755100313,0.04183205129117732,0.24427849661377785,0.021301969503130097,0.014290251968693457,0.07515944412379738,0.13375051953904413,0.11148461201010221
0.2072844828181021,0.18232850921330898,0.13519571894648802,0.125717970578563,0.06599336800910999,0.004593972655837083,0.012249652159470905,0.05052459414019428,0.16450336990609032,0.051608361572835215
0.20541156812210842,0.11328701280025733,0.08705969528722193,0.1793225814491321,0.063789451885324,0.04505329247577671,0.09931624759806676,0.038064657490260737,0.028087352969330192,0.1406081399225217
0.008226102239309864,0.04082184231783437,0.1942033298114902,0.12386018500156876,0.10223910942126534,0.19519238247457804,0.07909219741026449,0.05577404327903453,0.16999809484097866,0.030592713203675723
0.04948901454610686,0.0675645578025544,0.12242835596479965,0.018119620003199895,0.13135613414999517,0.03551757970031206,0.1165349737249106,0.13987254648927624,0.15667649974047437,0.16244071787837078
0.06520791903376558,0.02846026204822225,0.116649710559581,0.08716491767435941,0.07023394183536458,0.14431301349862463,0.10235718004476752,0.17578822137443606,0.15756055825042745,0.052264275680451625
0.08706962038797858,0.06548081256108997,0.004440978177037889,0.057671211869332696,0.06673692349446333,0.17846251855378306,0.05839322185626246,0.1655399591885557,0.06433917720230939,0.25186557670918697
0.07465063535967517,0.18420857523123493,0.1718190666846308,0.10148573880745272,0.042317634193159016,0.16143873670148118,0.024878688001921844,0.0471724763558354,0.058281488942720575,0.13374695972188821
0.17644995770914773,0.04593169053740914,0.10652496367807228,0.06334091309667245,0.10996960481854287,0.16035466233144485,0.1347261246719454,0.10376094870797085,0.026998510059228268,0.07194262438956614
0.06253014064955083,0.21033315294647698,0.03684312069007665,0.12903063060048348,0.10269960020352857,0.17951729165961744,0.07543483881737734,0.0948284278828863,0.02788218006266837,0.08090061648733395
0.08494416716145567,0.16588314896094755,0.07388968732188822,0.009948780535233995,0.04546250264906395,0.11715358039662797,0.14432242773626244,0.12769689677929807,0.15276020594192724,0.07793860251729497
0.12561598239987107,0.04168455684298527,0.10382842167512725,0.09318395573906671,0.11293191832666308,0.12284957607364515,0.03536047739385369,0.16512315063789262,0.09241173918887381,0.10701022172202117
0.14937809645587197,0.058811148828015136,0.13715467465606054,0.06154214974009469,0.11555220685969256,0.04926472475847085,0.15698969584422934,0.14774764468682555,0.09004096948529951,0.03351868868543989
0.12889517927736788,0.11621149946532414,0.0836029203422986,0.06333242785985341,0.03288601689112911,0.05483162917425322,0.20115403711807756,0.057281260079169324,0.1754473649520087,0.08635766484051796
0.012845322719342222,0.11821135550891626,0.11683756692701049,0.08656179520899061,0.17799300499391144,0.09280739080287186,0.11293115737119726,0.04210902595576917,0.07509467627762395,0.1646087042343667
0.19911143140148316,0.1404769930944038,0.00819087365466646,0.08843290519121007,0.11854468116882486,0.2521776477650776,0.041442778653474906,0.015656922611333002,0.09293945259213897,0.043026313867387166
0.2177189744337723,0.1244164480194057,0.04016757457283122,0.018683736071345353,0.09866459620227824,0.040569133048695,0.07629959045872818,0.1981278509196938,0.008336875060378515,0.1770152212128718
0.17574575143461324,0.08817648903049373,0.02236334424700916,0.12140269062269166,0.08469143878048437,0.010108408203047264,0.16006977532216385,0.14187082262896847,0.1258808772873533,0.06969040244317488
0.04760091366235955,0.1331040406630411,0.17889213594951991,0.03466174944848631,0.1497301664343566,0.12872936670858098,0.10880895607449154,0.013986394412376446,0.05546259554816082,0.14902368109862676
0.17777943793793255,0.12329546268986433,0.04523366181913604,0.19501636239593526,0.07295837302185067,0.02900414047777337,0.058240622479315926,0.13675084903068996,0.14933170552160857,0.01238938462589317
0.015811073056481703,0.0903482368792788,0.1430663215359817,0.05175300384728327,0.22829057349359483,0.16268590442314243,0.14228678362428282,0.05480470047386386,0.06336074883926239,0.04759265382682817
0.0921634271956835,0.09781454889236814,0.04025862761905238,0.1701068922522311,0.038333869062285766,0.1621581702500429,0.06570630842927688,0.09290605283932718,0.083158253830564,0.15739384962916816
0.10012296259301437,0.1709173954345254,0.003698905792323236,0.020313489060490242,0.05201050886026177,0.21274558071283617,0.013475287494877893,0.255057641957955,0.15471548420824136,0.01694274388547462
0.14337820214916364,0.015627017554342097,0.13522939869283532,0.13102558056104566,0.006814032927815886,0.17202613524433114,0.07546364146179049,0.0716821322622405,0.17653057330942382,0.0722232858370115
0.10067312819751913,0.09540688326121902,0.19537132847198435,0.030516319838789052,0.07332834370353383,0.12357326918394236,0.03475482080311988,0.029564240063653893,0.19219282951751337,0.12461883695872517
0.13804105379024498,0.02924073813798467,0.16435506872556419,0.14170171570442902,0.0540958273646586,0.025003275607560396,0.045034314449364524,0.12351828313280572,0.17495075710959287,0.10405896597779517
0.10693829132279083,0.12099107957925855,0.10796301949758688,0.12043024057262267,0.1625661480302938,0.023703806219702014,0.11003572981241615,0.02772068475681172,0.06564940533089039,0.154001594877627
0.084389594542692,0.03803743932576097,0.1731803035507598,0.017137685944843575,0.2445065327737481,0.16032342631460472,0.09607696149895818,0.033655849663720004,0.1346731590819304,0.018019047302982146
0.09132118458758101,0.10023193253532674,0.10221501205951715,0.07782088234938903,0.19457991634430763,0.014561479583528282,0.1178081181505155,0.06589312351961765,0.09920165011720058,0.13636670075301646
0.09776187167486151,0.1657313613409178,0.03763304315636586,0.03834484596613688,0.07610795855543291,0.03758395637746594,0.025769970621653152,0.18273711270070758,0.16763085963319382,0.1706990199732646
0.15644193722894484,0.02982349267413261,0.1309834401907644,0.11273153120801462,0.09927695951337966,0.06913150917711697,0.11497512873841358,0.10205262496926476,0.06606001440488254,0.1185233618950861
0.10651349675046122,0.20308019410142913,0.027036576726873048,0.09880997881524359,0.06642858906992187,0.015691718050175642,0.050585735057682456,0.1067834374444079,0.09219386457070754,0.23287640941309756
0.11581199885968507,0.18528964801482684,0.11269987715663123,0.03028329178757221,0.16712622320147694,0.13543082317152694,0.06598606275571016,0.060190899022861906,0.026272265538384645,0.10090891049132415
0.05890008223912276,0.11893084821564487,0.08454444811899507,0.01713594556490781,0.1364280243938669,0.1623005400725639,0.1347451961858813,0.07611967726376535,0.08701144465415125,0.1238837932911008
0.028860674324006526,0.14350619766023037,0.15559092786671094,0.04257206754032179,0.1128586837829927,0.03957359474978012,0.21136390086056728,0.022131756374042764,0.17452516444616528,0.06901703239518235
0.14376496954530835,0.16817704774338182,0.06832128209343905,0.09102590337204008,0.1441728705809418,0.05267531363624823,0.036638541767062965,0.025613228480572226,0.23128897327503953,0.03832186950596597
0.2042246742793351,0.16484145910547623,0.032960863591348935,0.07172243806439388,0.1502387842433856,0.02097402391310237,0.06697579867966401,0.20974098407595265,0.03938452734255951,0.03893644670478155
0.06737107879172782,0.05878474097389951,0.07003810708637452,0.08223802333974506,0.002498857311632219,0.13713280381641377,0.1565368065813085,0.10007623273779108,0.16735305816871116,0.1579702911923964
0.13433149904665556,0.10991148058265579,0.0719396183876968,0.05453118568383947,0.2016895979659149,0.18348716644549098,0.09732393812008765,0.021155190110314456,0.08650073910986063,0.03912958454748374
0.02113684374736751,0.13690680600598518,0.21379974147946995,0.09631674833207339,0.19636993072789719,0.06460355727457982,0.04719700676492643,0.04590577773264421,0.147018458216957,0.03074512971809936
0.1012983250026129,0.1252094996694264,0.03593237341636521,0.10285002669257957,0.17466912415022035,0.05664252011926173,0.030712376507795097,0.11741978584730163,0.17418267949961722,0.08108328909481982
0.07029605025369223,0.09859281283743034,0.05449784136911523,0.1555525794107217,0.010422371679277707,0.09425337129451751,0.16985227533625305,0.12633940881377023,0.1392412351612995,0.08095205384392247
0.03973224184996759,0.13043242222485368,0.09410386782725541,0.13792334047865923,0.09961770620030817,0.08767454457786054,0.16035081739086188,0.07843064024010513,0.06507344000207703,0.10666097920805134
0.02919618839762358,0.034887506126215495,0.15239707352117277,0.004550973751144219,0.11478642766223994,0.18284301079669324,0.0576084457962685,0.17431713006394545,0.11499445721093748,0.13441878667375917
0.0957893974671711,0.1393831466171507,0.2066424938685591,0.1484638592723236,0.03917980691978708,0.0662773438915895,0.023860692334041818,0.07752236804713744,0.02914254299544552,0.17373834858679404
0.08518508386407106,0.12815209237849948,0.11854679230524347,0.14617087118189023,0.0630631875660579,0.12140354342358181,0.16662177584266447,0.021617373229484073,0.10055176015715953,0.048687520051347986
0.13075197035344582,0.10322287646101498,0.09130445349852039,0.052445884502747925,0.0918296741034042,0.1498366455418188,0.1470875237492569,0.17086588720313348,0.05092273181717055,0.011732352769486823
0.11086427986076798,0.004966327311629079,0.0413676223760157,0.11627480297395744,0.08087890442343722,0.14201518571520585,0.16546613077828035,0.09957131400396906,0.08520551525315878,0.15338991730357837
0.11536430081478759,0.12321502739735267,0.26114225408099234,0.04810420908943139,0.040871185559920475,0.01812650447393286,0.03686756309051824,0.2002558229446586,0.06913968398729907,0.0869134485611068
0.07446765077329787,0.054031507242742666,0.11586210599001222,0.08548035924546271,0.16098430682197754,0.09493355967253733,0.05280017409949794,0.16506054934496592,0.08036735626434388,0.11601243054516215
0.042725449298918236,0.01196724088866407,0.07968980453584142,0.008729421822772749,0.10882037266443685,0.035291111081199866,0.10657466940019569,0.15666160818717598,0.2284187135153947,0.22112160860540048
0.029916165841028228,0.09990302501923135,0.07312759043003916,0.08755967783981664,0.1255040944738124,0.08380988978426501,0.1788482280613523,0.018782625914837654,0.2011787319644666,0.10136997067115057
0.14938743535543772,0.09226105460434432,0.10655778889712703,0.06433525420036491,0.08630607713553279,0.11714414619339945,0.00031546260019500315,0.15685872266538314,0.13809107517474242,0.08874298317347329
0.08365482934759876,0.023761874163650575,0.17018927993733565,0.061767435640793955,0.05663697654410349,0.1782051501057448,0.10186816137508486,0.020179037306345956,0.1572247730279437,0.1465124825513983
0.21106879627852523,0.13831226021280818,0.09612577122733891,0.1042522125940421,0.1162317078794537,0.04854514420632334,0.072482037826732,0.001145644328187234,0.14883798551350697,0.06299843993308255
0.005482048933333703,0.08303381886823942,0.20656195482695103,0.13984883843337578,0.1140355509611267,0.12844211806659495,0.04513620748706118,0.09951762502577484,0.07745354821617709,0.10048828918136539
0.1895986672703258,0.04344422319859859,0.0384306169532011,0.016369590962735436,0.13865600716231719,0.12860242568803645,0.17399060199289385,0.020436830221599082,0.19675769563442072,0.053713340915871655
0.06850251947408505,0.03153365261361946,0.23278451804302677,0.07502442936915181,0.18613275114298494,0.06947457096086333,0.04337034488593798,0.10879450214094066,0.08360333470133313,0.10077937666805696
0.0319286480661639,0.16224385030161778,0.003198809215345633,0.1143572638337884,0.13956974655549798,0.08825753273520485,0.1264173446596148,0.12471931219758825,0.12674705360473298,0.08256043883044537
0.10494803487675679,0.0076439449361622325,0.007846366165686318,0.11520723963670716,0.16965616650188167,0.2330876620302196,0.12131310221577868,0.10915361527616274,0.11969161540264403,0.01145225295800084
0.12285263006608106,0.055869814262396574,0.13906618592854844,0.1053036142232197,0.0645264119224902,0.12493397807868738,0.16846815860649555,0.060830517790860905,0.014889799499445994,0.1432588896217743
0.027938174421342665,0.17880438618614947,0.28815165514694996,0.0727062957498237,0.007651846840676569,0.03921432303833433,0.05223932606713376,0.18546961578458873,0.00296615141708168,0.14485822534791912
0.10722917885294542,0.05398950572212046,0.1699722533478958,0.17624491544287774,0.17912812206187229,0.015831879093107015,0.0006644420429990879,0.11434195981768182,0.1122693719516835,0.07032837166681698
0.0722062330942157,0.12429638247636439,0.024616684562203967,0.13513907053253657,0.1299985817184632,0.13767115078438222,0.1400410481768726,0.09416889271428458,0.02856221769693898,0.11329973824373776
0.00029587180890028195,0.11545900363045034,0.1503864286988726,0.11392438834386262,0.04420199432425951,0.047161006262374364,0.1393435297511058,0.11167871398614797,0.1782520026910062,0.09929706050302048
0.08798463736605448,0.03993294004765383,0.12513076705566104,0.009049228785359104,0.12933292946575584,0.1550757133744461,0.12373770816268344,0.1481179342160156,0.1053436728264506,0.07629446869991995
0.11864361207973069,0.10290142943525175,0.11999853058470063,0.08866331841833959,0.13948854902830077,0.10921403417329625,0.02056727818253091,0.09005451858442833,0.0650997482874406,0.1453689812259806
0.0683774902824608,0.1750568978799401,0.0030276004389273243,0.14824272831098037,0.00804556918207825,0.014396165146855872,0.14569438344851335,0.14773474400957923,0.1381515323089456,0.151272888991719
0.0822950632997724,0.10037309320080293,0.013035933708596532,0.12942115819031988,0.1872762312764727,0.1418816978193068,0.034251927072884096,0.06905186574925681,0.09238388201976844,0.1500291476628193
0.15588243684837222,0.1660786615300222,0.07269101284182394,0.08519120761057318,0.029518073426878712,0.05268704140827389,0.014143817371941585,0.1339958877987085,0.15006081224475531,0.13975104891865053
0.11463279331297306,0.15629304196254878,0.14910166378996226,0.15902717111213116,0.08138583502613357,0.07431046695457633,0.0732819527728775,0.051398541013729426,0.08557427952937303,0.05499425452569479
0.09733429466156249,0.07914379393989876,0.2056051100168135,0.1992340762304391,0.05122517582683367,0.10077821993536237,0.003316909685372873,0.11362054974226675,0.07752710402110537,0.07221476594034504
0.01944057650815147,0.10344965906357081,0.1260672566376375,0.1006998119114402,0.13363998629540055,0.12914369393117445,0.11844622446534164,0.055666239788822715,0.10887174290084936,0.10457480849761121
0.11037012464232125,0.13912180473733804,0.02836585743567664,0.15037525173040384,0.1447819309416081,0.031825603590477515,0.14950413603776722,0.03460947401250078,0.14880019948342588,0.06224561738848074
0.13348117061525425,0.1153950342451274,0.010818759730189163,0.04764261116090596,0.12380552540602834,0.205558511811912,0.01132565799291899,0.05814195670082245,0.129173143788385,0.16465762854845642
0.11756167224807999,0.033211808373190356,0.1507415953482587,0.08851555075783091,0.04488150325608087,0.037825848598151586,0.04570824318812202,0.21979343655545988,0.12162656677007572,0.14013377490474999
0.08823458554290789,0.10611744246498357,0.12056888946065557,0.11300557309339955,0.09095664817249685,0.07015976237130647,0.119420009200949,0.10441415605454304,0.10166846358781603,0.08545447005094203
0.08051035281248614,0.1015873121109359,0.14597968051431012,0.07430438814776788,0.01006171022791149,0.021326242729334477,0.1489550990300633,0.1653926396225698,0.14894677168900078,0.10293580311561999
0.1678162906345537,0.17042127655077774,0.20568714421604412,0.08542198723096307,0.019408592075760355,0.040687819397398135,0.025284555840002044,0.06866751403369635,0.18365444893547525,0.03295037108532925
0.011085391245719762,0.181192608010987,0.05877165060966893,0.09527307268089426,0.14450018248694274,0.14790646017997844,0.16337551737543288,0.10191143517267073,0.038049269282348516,0.05793441295535662
0.07993547655563044,0.01634712644594763,0.12983761968248714,0.17337731053513156,0.01308951478258814,0.1783948691183288,0.06678619327331753,0.14501581165497396,0.07626328307711325,0.12095279487448152
0.06635655641688737,0.1824962202342415,0.06957184397538028,0.1332570242084119,0.09503655084341847,0.19545133227021727,0.03161200707771335,0.0761340153161898,0.14226597772301924,0.007818471934520779
0.12036855464449402,0.0033284027087908214,0.04978964030519386,0.10779923581142437,0.11377182688683574,0.17308638628220005,0.038453009742901875,0.1290705643505005,0.16670658686903905,0.09762579239861977
0.056535020958566586,0.10300700961601433,0.06520913853389604,0.14087089977582873,0.17685743592633252,0.13382117563211712,0.07456167512960733,0.09666333670504769,0.032750183323531044,0.11972412439905844
0.1509292739956043,0.026026196208784057,0.14878686857126427,0.12611419477586988,0.13588130748814395,0.13873708122356243,0.03368195576758942,0.0007980513949750432,0.1904007411033449,0.04864432947086171
0.13391209449151942,0.030332380594140344,0.15640326029706053,0.003434534841511898,0.18979025514381972,0.16850913124216205,0.05787574968073841,0.050920022086794095,0.021686431301036216,0.18713614032121723
0.15770902265479822,0.13562067160690477,0.042257497072540964,0.15453697906629668,0.08765723999821533,0.055017231086551946,0.08545274469098665,0.11588045730233944,0.0876499403569135,0.07821821616445263
0.06708530262966583,0.12544586886337683,0.08633274538001898,0.14187907827277313,0.14502840650301183,0.1158116663940613,0.05351277253722247,0.1483202377052692,0.046102538178470556,0.07048138353612975
0.08756075801562707,0.07737982734207904,0.15015065495156404,0.17118451544904645,0.07064742361819235,0.15463054115440913,0.09996328263335628,0.051121766710613525,0.0730973150365116,0.06426391508860042
0.15554452287182416,0.16912032606134594,0.11361240957268791,0.10650117371723157,0.059266094704159,0.16953522183907271,0.0763203475347456,0.08237840224884904,0.050266658185215966,0.01745484326486796
0.140216602945489,0.02357481306371348,0.10094786895803244,0.14547690426160242,0.07654651644203445,0.14217506542241642,0.12061466064910094,0.10159642604441114,0.10209057070762002,0.046760571505579676
0.21831747036677837,0.23682480643214407,0.027774279335324704,0.053515711774618016,0.13353616237951058,0.06692490241309314,0.12034967865557643,0.03596285116120215,0.03193999868116096,0.0748541388005916
0.02544941296401848,0.19752974943208637,0.15027365624643685,0.08739406324097126,0.0470974237088204,0.060846846213567125,0.1622579606647971,0.06438596404925091,0.023967256701325747,0.18079766677872577
0.18071014987617687,0.06355028303021887,0.02146474983364418,0.02055755346203758,0.06427407062271674,0.15118178989802372,0.10774963962204548,0.14260930478720096,0.16081985289488107,0.08708260597305459
0.09346771543798323,0.12017252363660418,0.05068093640725313,0.13905747584727543,0.11992932583977622,0.14907942979875496,0.0976972075035503,0.05623367939867741,0.10353012505910911,0.07015158107101613
0.02371115828313616,0.10543666032384758,0.10305845277747509,0.08737205757569501,0.18478776729201646,0.11682596561421729,0.08422419849216459,0.02953450366303639,0.13872495630859563,0.1263242796698159
0.11728543137993566,0.07201465036892242,0.09837211747297994,0.06949499718365477,0.10518006158470873,0.1103633570202434,0.056420236269531576,0.12288898776364683,0.12244443639156491,0.1255357245648117
0.11501708419336384,0.023370122099719434,0.14109533215853723,0.15162881657183244,0.06148842861864772,0.06759254388176461,0.16449278974439777,0.18054650265621477,0.035982236981087566,0.058786143094434605
0.15293556476582743,0.06149876399376357,0.0045565348608169855,0.12419181878718284,0.04446885576359781,0.12533321190191818,0.15081634886290446,0.1358617723792825,0.07892342472110851,0.12141370396359769
0.14135399677533456,0.13406707662204934,0.12619155829284057,0.013801813950874731,0.06927348049695224,0.16108608165701882,0.12179415532717254,0.08741839548494619,0.13416191786814163,0.01085152352466956
0.10296327442755071,0.1500422287602661,0.02416782420521976,0.10692701278899773,0.10695006016768407,0.09729398583076304,0.16700278911636868,0.15430608047629585,0.0018774381286088871,0.08846930609824533
0.10170411302680449,0.07968882649954828,0.11778157859688748,0.057745644211673636,0.03812727897246453,0.06272269710599997,0.19546612507342073,0.12728912826331507,0.048967967950230236,0.17050664029965554
0.13302923552278068,0.05547683250517031,0.0059753841046541675,0.004391530403224809,0.10416533674444751,0.015972104550481567,0.12020077117793222,0.19789496718662292,0.16298861073859788,0.19990522706608796
0.1000586784109525,0.17248801160009633,0.10938939511152637,0.08547158377336439,0.18575876197392482,0.03777161244716444,0.04805936031198319,0.1393849708052915,0.057587333910122905,0.06403029165557336
0.035489759915701566,0.23078733168592036,0.08144300216030251,0.06961513889195632,0.10216205919848541,0.0033869815674318873,0.07431054755814052,0.23907196579298254,0.081591276893776,0.08214193633530285
0.13306805908816344,0.039462029883935434,0.15194185252810308,0.15230563195105906,0.06861692493246209,0.035764895496643245,0.08813052190284668,0.06415274413936692,0.170497681621967,0.09605965845545308
0.05576970739951212,0.25493807652560735,0.0088837921198861,0.14685670552767674,0.012109192979244263,0.01274821030601191,0.16100073133859935,0.011849744093221357,0.10186159344461881,0.2339822462656219
0.0783626440758513,0.08082768379414643,0.11003863577103182,0.15969844944784664,0.14011698418493845,0.16727779759065098,0.04111268597154741,0.0651701683504244,0.11784967768834595,0.0395452731252167
0.12751213542488396,0.03808030814994822,0.08096073149227892,0.030528997126423606,0.1146379119590925,0.10641749618243311,0.054835408116396395,0.156544870362751,0.12771742779353387,0.16276471339225848
0.020568946317514044,0.042322404504028244,0.046352318026554526,0.0930911082506132,0.1302488020895788,0.17886782417832212,0.08843281776431441,0.15123309679907354,0.09496752554173511,0.15391515652826593
0.15448735743708877,0.07147041923537968,0.007342861229061067,0.033709733545163156,0.12188430433195985,0.15406291229518793,0.048002630493413044,0.1357075473757873,0.11066932079060902,0.1626629132663503
0.05089583388077517,0.06050540069330144,0.11967711797732151,0.07081789116731942,0.08625119627629756,0.01937890955961634,0.0923676127745256,0.21238469276459607,0.0844919351164672,0.20322940978977963
0.13227790551970803,0.061785267710116526,0.13828250698580485,0.12669948487798915,0.017130776991807026,0.09990623986060873,0.10007085503516756,0.1321792140317572,0.023499570623772004,0.168168178363269
0.17490978477974578,0.12057234318228585,0.18428575413545262,0.17887030980518295,0.08065823223808948,0.011690255301352957,0.13922625311933745,0.008510047797639992,0.0627592669945861,0.038517752646326925
0.17228271230555645,0.04074809963738669,0.04370406861825655,0.0849353425646691,0.16981237318263004,0.135530534359866,0.0939289852981886,0.11385646373224396,0.060625568458642705,0.08457585184256003
0.21689256929419076,0.061112766200025925,0.2347428531595269,0.1532827490564871,0.1348611298116043,0.010151749539171966,0.0032831160163112557,0.016451898008394188,0.05911925027801624,0.11010191863627143
0.12200292844677806,0.05588889329219704,0.00745115305219453,0.11054949868443328,0.07967272894414085,0.11925273478568492,0.07290044908741664,0.1259375408875671,0.17853121032163527,0.12781286249795246
0.09426475877982227,0.19346406730869642,0.020604457131258698,0.1605723143233403,0.014080100449753262,0.09555967305399951,0.07985086762254034,0.07461495266143778,0.11425705889087205,0.15273174977827944
0.11754429788049682,0.13376000648989395,0.007608233549722149,0.1297990641442504,0.11192914616733346,0.16838968186230344,0.030174874028728215,0.11015692108936369,0.05052777479919051,0.1401099999887173
0.03812773934403575,0.20684450072584507,0.16431454665972625,0.13461865498699171,0.058236807296104635,0.04943657290691663,0.14675739015606334,0.023236289917579093,0.05061499266915461,0.127812505337583
0.12418607440908258,0.10496935171126594,0.16533968249790731,0.009213867807661279,0.07163683268039481,0.06411054726832857,0.1955428870447044,0.1323413899984246,0.07528437029500863,0.05737499628722199
0.004959668309788086,0.09621377383525087,0.13486843082939406,0.18963106194255658,0.02908225108278559,0.1404047248808072,0.1807997046114305,0.13257653583047796,0.051241552675937815,0.04022229600157127
0.04045056452689109,0.15064479163879774,0.14270987030356402,0.012076014205389748,0.15615711424965753,0.09524042928401347,0.15509876568496436,0.14353634672422919,0.06530905258920176,0.038777050793291044
0.07436947404592158,0.038724278644320924,0.1024301330070052,0.08775988385518728,0.10244623934751518,0.1668163381127197,0.03337661960396656,0.09940966227539025,0.14208578390078003,0.15258158720719334
0.017590248796904365,0.09768436142036241,0.1354212642597116,0.011580434101473532,0.17905857381825913,0.041805122319580404,0.1839116505943997,0.12920474586582006,0.09333113018744936,0.1104124686360395
0.1202813755060987,0.1817412449302571,0.15502537441524705,0.009854964389972309,0.06672240405277245,0.09684874870478974,0.05122105746691036,0.09834012133341624,0.09143427235388979,0.1285304368466463
0.04738016936739553,0.13518342327254432,0.10610626156535473,0.08350696085303196,0.16532342390231444,0.02466517571684372,0.12539187384761002,0.08174739716147662,0.1959704042921835,0.034724910021245226
0.007218788122160604,0.015986863192943786,0.25144560981394204,0.0066708642471721,0.09882827675064311,0.12489742511804384,0.007980618239484325,0.14571307998759647,0.15371609495630986,0.18754237957170375
0.19076926104617634,0.14803186406051763,0.15683954409150924,0.0858981903527113,0.16174957549189087,0.07724218611787563,0.08869709892159228,0.03146537190314751,0.04936988363382087,0.009937024380758303
0.0896562465016081,0.08888360087257376,0.006182888645356799,0.090648256046379,0.17457968404531368,0.1289503600647812,0.12248818072512857,0.1601423579343307,0.09537387330382867,0.04309455186069946
0.0009644336736447131,0.12767115357940376,0.053515772689869553,0.11399476110664129,0.012391975003779305,0.13048245320786317,0.1380153385232625,0.14405825289078955,0.1472551255753889,0.13165073374935748
0.08631052589292466,0.03536771055797018,0.007029277234087569,0.11195301392606158,0.1770250730402164,0.16802123769100114,0.16243074306757643,0.08986747284025481,0.12853295046312974,0.03346199528677746
0.02565616245905095,0.06022556477360216,0.05802964151949516,0.18677877797591236,0.020144250872957153,0.2648958588075491,0.0032856629748785476,0.21614695512934975,0.11645755189293266,0.04837957359427216
0.060034737019426826,0.13023157006105907,0.04598626717963197,0.07736688674263428,0.10673438448515507,0.028529189539266815,0.1843630783789623,0.0166331836216753,0.07424265367863495,0.27587804929355353
0.0013786403470451593,0.17903852674525353,0.008575792798882344,0.19577005630815658,0.011581148126519352,0.16063746718833496,0.08929564463730005,0.14817311686779164,0.15431476232975846,0.051234844650958046
0.004994978862639441,0.1442302325952179,0.15773203944752642,0.11799667267619597,0.13138028211985156,0.06535626942891448,0.1634233565142145,0.022000852640954152,0.12974830625171485,0.06313700946277068
0.12558674960254307,0.017543699079122777,0.10723917201185255,0.09065612315133269,0.10685261095219105,0.07050771079826679,0.13732875407279516,0.16473699262283184,0.0780064238625602,0.10154176384650386
0.20270227143510106,0.13878306773104596,0.14047089408819702,0.06795428128805699,0.02098251778388443,0.1775679611495678,0.05670306591665367,0.03683527474485807,0.04938123512743612,0.10861943073519881
0.06258149520169054,0.16151162476798903,0.20531116099525545,0.0833621921756487,0.0960028428298139,0.015968514948488843,0.006133040780452627,0.1867463015147945,0.13296681005964342,0.049416016726222915
0.061529561418008596,0.08334303107208257,0.13636279654239145,0.09479057478874925,0.13265799652768331,0.08110800650589346,0.1406750684201546,0.12161283332471745,0.013967146983308672,0.13395298441701053
0.13558148499437472,0.07389739166741469,0.15563054213478955,0.1300655783039746,0.15712843359195122,0.1461234052992687,0.08718831462250476,0.028096698907842887,0.04342371558614152,0.04286443489173738
0.002811055683893512,0.1960732808998499,0.16797866407432474,0.03900028689163688,0.14888486130663434,0.06265490139569949,0.06864962493721644,0.11240619159576619,0.18449694933099778,0.01704418388398074
0.1333851316931449,0.01780081168589341,0.14941972509648124,0.1816221381615307,0.04507895354744375,0.08753407778730048,0.03405817086947722,0.13051055351056215,0.0694942953056183,0.15109614234254803
0.09359125295372132,0.16687498209013565,0.07443917571124192,0.06865560980557764,0.0657562447409896,0.15449180856243191,0.06082901010368713,0.151491199125803,0.011865554776530843,0.152005162129881
0.03722401275498802,0.13138055851610722,0.08850622954058124,0.0711240822362362,0.08424903557522037,0.17115673345021326,0.1434246397011989,0.17078786623821124,0.058081164905828146,0.04406567708141532
0.04015103295290629,0.13068132422545536,0.1367722407534558,0.13561198661061524,0.1762989993875621,0.0362508519498574,0.05177004874850678,0.09293411092530546,0.09172466308827787,0.10780474135805768
0.06993575042140064,0.1662887682393071,0.1689023580374249,0.17255566706735231,0.06603820925551286,0.15418284252532402,0.031823978852422365,0.026903246010527904,0.13470092611363066,0.008668253477097338
0.1045991256109594,0.18621625927542382,0.12703139425627813,0.08457431339940462,0.0383210183773176,0.01478901325160022,0.04072489745237847,0.19229117635015605,0.06746309103080231,0.14398971099567942
0.13704974373761122,0.10466170096809287,0.09687199484592618,0.11297083315601694,0.0691998656283608,0.04396691994042387,0.11037584766389893,0.1297724729603825,0.06905236777875941,0.12607825332052727
0.13987873330815145,0.20110660210318734,0.0940521403301525,0.040089694247071476,0.11465306073280715,0.03201246262861204,0.13884044885461186,0.12398664754784844,0.104119468364848,0.01126074188270984
0.0426022707858127,0.07281581178041223,0.15849338673882876,0.01322232947879753,0.141935320389508,0.11726188524834631,0.013527660145135621,0.22735949796512853,0.06792801355777757,0.14485382391025275
0.20142144388942704,0.17229284440115206,0.05180782104867709,0.046831351835363376,0.02378001418400781,0.21075419608586984,0.06999020187315301,0.08089208599245305,0.09541750042807605,0.04681254026182061
0.049601738367082544,0.04811651615444889,0.017117542916505607,0.17741304125305069,0.06831775867954809,0.17190052690357124,0.12546674322593476,0.047608243458002124,0.0916242839225844,0.20283360511927156
0.1018878348213531,0.1477047845239396,0.15692014590109532,0.0766489528788748,0.12396017536781577,0.0017544410557481572,0.11648976777168026,0.03460859544379945,0.08344892292338228,0.15657637931231141
0.07334518214066545,0.1228140669613599,0.13425000413178034,0.06157463937015582,0.09230010767990729,0.02707688820733386,0.10981218247450722,0.17655981013519134,0.06118064784463746,0.14108647105446143
0.06007815920178695,0.09654254859043518,0.19465834094403336,0.1539285904798073,0.08868198356298623,0.039460221685028746,0.14713168335547286,0.04432313460037272,0.004368214284673767,0.1708271232954028
0.11521832255965414,0.12660366890081917,0.1239535315867949,0.0380094327343563,0.03536728713740807,0.09412423389764185,0.18719504047399205,0.02265598336905832,0.11367954948292999,0.14319294985734524
0.11307811191842736,0.19281005876222979,0.0667317141096966,0.012972192842600861,0.06074887294354711,0.1832992935477681,0.19492441615706735,0.06507621161565727,0.020482694839026327,0.0898764332639793
