i = 0,i = 1,i = 2,i = 3,i = 4,i = 5,i = 6,i = 7,i = 8,i = 9
0.1164500911893088,0.07741228633710187,0.07605780354460885,0.06795569345198564,0.14337356588639502,0.14734295730609295,0.15248923780034745,0.05580326759865121,0.16008957072262767,0.0030255261628805755
0.10963613671665294,0.03498903551106781,0.05080044961593955,0.00967159947224689,0.0016336820802072282,0.08402402070113041,0.2233439453340292,0.053237824028772696,0.21188954150098022,0.22077376503897314
0.13016320135175286,0.0917948075024702,0.12183894641658587,0.14763577920539636,0.020634359803340316,0.12240331647353317,0.0782026444112155,0.0954601018405394,0.11534732268547014,0.07651952030969628
0.10657444922250432,0.21685990995471446,0.10901925576780808,0.04740842604632096,0.04813555474872082,0.1414782349391471,0.03551369069116108,0.06888962914611478,0.17174825453803683,0.05437259494547158
0.23253663591616752,0.2256596691458304,0.057701884420887806,0.15027025580220954,0.08132119670216957,0.055723553567765365,0.010147775164908219,0.0745822102275935,0.03604214764929596,0.07601467140317207
0.16185609083745112,0.13275564910071097,0.07361151398945083,0.12630821814577603,0.04510300234057822,0.0758531198299963,0.04296069801481902,0.11546209120306243,0.1504096950667974,0.07567992147135753
0.14272939563155526,0.0891181685937136,0.0444371199148429,0.12409589340824301,0.1986215376632669,0.21394410405924805,0.018373647706497784,0.12745732484683248,0.034333063313905725,0.0068897448618943195
0.10068541694470348,0.14311807269089658,0.10870028148505041,0.11727787064894263,0.09423103135760066,0.14447873037823622,0.07305899267795364,0.03747795324068898,0.08800513617290875,0.09296651440301879
0.19999332435827613,0.14371133073817807,0.14519991982901667,0.09504087713183607,0.15884146190861767,0.070438572161393,0.08168521436209032,0.0513168397573904,0.03126098309199647,0.022511476661205235
0.0149261296701031,0.1658746608206614,0.1263935160157535,0.11974144612920014,0.045104493797115515,0.13854924530920096,0.08469660978876553,0.0384159831964781,0.10719762404553,0.1591002912271918
0.06447945881137848,0.16771097548334865,0.14290293265742207,0.03924684241924714,0.029100749600268507,0.11871461126155469,0.13640476330358328,0.16463357487246238,0.011896978618748352,0.1249091129719864
0.11487923593086323,0.0868118214042917,0.06301711039547775,0.22723744935415421,0.07452193076954274,0.16422041424458694,0.034627746144612254,0.11051459234023492,0.06353082125017112,0.06063887816606509
0.09979610276141293,0.13107794326266956,0.1750959917946109,0.07073344776254588,0.048063302826083766,0.18303461667021598,0.051313452572319534,0.10673207982128154,0.037996379851037765,0.0961566826778223
0.04112877262109456,0.13236831069151644,0.07371808393617764,0.12493909689501792,0.07282328875772756,0.11935810390380922,0.17790519540713803,0.13006250642389997,0.05588089776326481,0.07181574360035374
0.09980567390469727,0.22415441966928812,0.02936008541220588,0.09906930693209628,0.10971608560519612,0.05759538835714303,0.036334235166267034,0.07325735723838742,0.07262997672270896,0.19807747099200998
0.08468293629956077,0.026598676834595172,0.13813506383811536,0.0726651005953263,0.1330546546882434,0.04348566727781758,0.08755418714986417,0.19997979572322988,0.21191309435345995,0.0019308232397873594
0.10716866960004517,0.02550961764163819,0.11631161200767112,0.19291563822288163,0.16788826020959835,0.04664399990568343,0.017116962485388625,0.08729727634294657,0.11354755261654044,0.12560041096760644
0.05148146227320749,0.07591819685246888,0.16745544540217247,0.022370691817969805,0.11214430567386897,0.14006940318039354,0.14973405809627924,0.0436937301465149,0.07903170634444727,0.15810100021267728
0.05888176742909474,0.12314968519784943,0.16765420248124796,0.06327929163620365,0.10722910687753207,0.021483319323778668,0.09610600422227923,0.14571654887297814,0.030369180828040552,0.1861308931309956
0.07154342167503071,0.11781089469587257,0.060206701848256466,0.17544491234881207,0.006884939223498711,0.045887056759284,0.09523889366375066,0.1357014445901973,0.1414504431963048,0.1498312919989927
0.18499826337257577,0.24036325264704855,0.07808745625232184,0.0342884826699836,0.07716550868858159,0.15022516629890117,0.09163985572041076,0.08328811493054006,0.0045478860881433755,0.055396013331493216
0.09012031670560082,0.053634861313823896,0.015991480743992256,0.16789307440838036,0.09365468221857808,0.09815586713873313,0.16518204524237448,0.16601546223875524,0.03185955253265497,0.1174926574571069
0.12433474955709538,0.05838488863290371,0.04962098353277517,0.13148293490149618,0.1534366916235718,0.08156464426312127,0.09818748449994834,0.014646056053878986,0.13770074686472034,0.15064082007048893
0.14701039728114265,0.03616600625778351,0.07976523434045245,0.1900516826310324,0.11423918245357462,0.026945112849440667,0.09170985877184566,0.0998071528036116,0.049390424731006355,0.16491494788011
0.018731143581396784,0.18229373917971478,0.1503301890637032,0.03250107578089697,0.18700432719303006,0.09407871312011096,0.10686205202806477,0.09395477116153414,0.119437285356011,0.014806703535537355
0.2059901396923207,0.18221415080493153,0.08049558020782548,0.061049610546378905,0.15232147502092874,0.06041331508001161,0.11221594233790033,0.09773454471372012,0.010601844325913937,0.03696339727006877
0.17487822730660477,0.08295255796444634,0.06297656774736497,0.1977604748580399,0.16253682340490627,0.1309779193377184,0.05650752482432159,0.08325329562126521,0.03908118437419828,0.009075424561134375
0.12013445943303347,0.13205069537466177,0.13677757291360973,0.07325156846179391,0.13411577756034126,0.010223145991277929,0.03550626819676623,0.14913775471645552,0.08179309860557661,0.12700965874648354
0.07364851986918182,0.143388905903126,0.07900532418086316,0.13153530848595504,0.12661564597260574,0.05314467164008938,0.15811644232127117,0.06096735344502601,0.1428098001102792,0.030768028071602338
0.12112050936727005,0.04220805432957588,0.1657155019198159,0.07121728357564061,0.14109369113488368,0.23261782887751997,0.011616526304660488,0.057018141091050405,0.11475975945365006,0.042632703945932895
0.1826315932599885,0.16285595010722065,0.07359063110225028,0.0035680499091684933,0.17338602220746754,0.05590364070978713,0.2042619592178648,0.024282038666950834,0.10734227490407354,0.012177839915228262
0.11770267804972075,0.10765234257848103,0.15509269296082734,0.06763772781925603,0.1367586612823464,0.1821258832735012,0.046486156077176814,0.0373129210288658,0.09784349975717804,0.05138743717264657
0.11145497418557837,0.0049371136267674694,0.17877517482989447,0.06252776073668191,0.0449690714377698,0.12664093320492492,0.124633022077431,0.09465353634501335,0.16305275882162798,0.0883556547343109
0.101999229143615,0.0024161814516225656,0.11012066515872349,0.133553635818058,0.049875773180142316,0.1343602967506788,0.17523783596377762,0.053205287706244074,0.15402986538611488,0.08520122944102329
0.10994806818371883,0.09732064178667164,0.10587286385526387,0.0864987290815082,0.024329017141558724,0.1297829676455778,0.0730242839935146,0.14288249335150632,0.1511950952710816,0.07914583968959833
0.21164740979242938,0.07378699118920377,0.1709434945063723,0.09142140524099904,0.003487308658158453,0.060596202777189426,0.09194963846008815,0.10214869059810346,0.07698418262764307,0.11703467614981287
0.07839228706724029,0.19929875900738717,0.014453983379470422,0.044269288154844315,0.08464701951254033,0.04819833377220561,0.09658897999327984,0.14463914158046884,0.22493613301745916,0.06457607451510418
0.14516951438802386,0.029870133660164364,0.13908196240733658,0.18076742814281413,0.016891919551626455,0.011573953034728277,0.11955472738170791,0.12073157337971023,0.07519425011699406,0.16116453793689414
0.18006881361814125,0.06655721159013579,0.11531549965691985,0.1082174564118449,0.059269092728559784,0.18449048097110354,0.013594922328380051,0.1744916674915407,0.0012922479660142816,0.09670260723736006
0.13524833355384802,0.03232510657195888,0.17068827082090465,0.0009929797817377932,0.14218221132873682,0.13905452227822898,0.03519032838947057,0.11575552392201315,0.18222041097950847,0.04634231237359261
0.07901964520333082,0.028088984868632923,0.029007826272182624,0.09233431130177008,0.08383387485635507,0.1605520126166018,0.17950975590302656,0.061695945905313555,0.15584859890668812,0.13010904416609845
0.06604320589795126,0.19536644306155995,0.08321255149403918,0.16981648338952293,0.031551274900446485,0.07274975546630123,0.0795025346653825,0.2333295268542629,0.04637821022297184,0.02205001404756182
0.005100603067935514,0.13771227003672404,0.06550200994010859,0.1647682943013353,0.04504611325128632,0.10228103641976836,0.1016614398084485,0.14093290001110356,0.14999474551163905,0.087000587651651
0.015629965591535133,0.10554319292890227,0.15654862413093168,0.014246603731471325,0.1408246793266828,0.08350704929055884,0.009202574476511053,0.14575454662394519,0.16477925099965585,0.16396351289980599
0.052462543041605865,0.1835071782582368,0.07510861807565959,0.017247626108310113,0.02348578576579243,0.19814727814548524,0.05325170875136217,0.16187540046142612,0.003730966159308944,0.23118289523281288
0.24376707204175962,0.058199334812294896,0.0687677808959721,0.08100616165177375,0.0880004719807078,0.005387477400092636,0.07855049205013845,0.01777815290457304,0.246460985649955,0.11208207061273273
0.1668898415867392,0.02627435733283363,0.03713723120453004,0.10722669283508762,0.12518094803228333,0.13460483968611764,0.05927917248189331,0.15042541660321945,0.04795075070712995,0.14503074953016595
0.1942939571831091,0.012276083990480751,0.16223093256502608,0.18528502621288218,0.012743485033457047,0.12273924026382302,0.2021252759627181,0.024173836118418918,0.004704768784273868,0.07942739388581099
0.000901718147099508,0.20125134746664036,0.20100412175563978,0.0909655218347022,0.0174580624958024,0.12488902467745802,0.17717447087815905,0.05910423002305622,0.002586762308804363,0.12466474041263813
0.1286477531031619,0.21062581227954608,0.10722013944369478,0.009452227155817828,0.007035550557789039,0.013924856976528704,0.2007492889718086,0.046545678890765024,0.05656514619325286,0.2192335464276351
0.04226865213738037,0.014765661606367449,0.16607828654904946,0.05516596913023377,0.1682987001620968,0.053870935634955854,0.11987669579238293,0.08466316150179735,0.18575967584465897,0.10925226164107703
0.07179127397009603,0.10339470903423799,0.026854848028105494,0.16551771254156278,0.10747632984982877,0.17227499464197965,0.08426968208312254,0.16330761487896653,0.06816294460182867,0.036949890370271445
0.16187554383861202,0.08936025040038889,0.09671127026576887,0.04916788446963969,0.09518953415015233,0.10356155326457914,0.07598631173644656,0.07518152513227572,0.08173273897400883,0.171233387768128
0.07187173655078945,0.06592010359385904,0.06507642360626019,0.14291600313892963,0.06422044538918391,0.17076120888799032,0.13988161060448184,8.487549321901769e-05,0.20433557757564758,0.0749320151596389
0.13214758243202548,0.0500948703743597,0.03558181956303706,0.14532580587108027,0.07701150026185671,0.14857677958758103,0.022490365150394463,0.1799824869945915,0.06025738708958121,0.14853140267549267
0.0364990816847223,0.10674268952348995,0.20255541909017052,0.18397458812918502,0.16271529904788457,0.03331370578764403,0.09628382834635975,0.05287259407804246,0.08912113537094171,0.03592165894155966
0.10553772923622505,0.15206169100884329,0.07275326289016626,0.16944941843534536,0.10500817617522885,0.005266712389150222,0.05575909594677601,0.10750658564637829,0.16091441911615836,0.06574290915572828
0.1552819403559396,0.04607924240156748,0.14363642568095045,0.07760439784737323,0.08331737892091327,0.14710183211511393,0.15071069566185175,0.1206858520983912,0.06551083511816873,0.010071399799730414
0.09135476986220235,0.05569020156670943,0.1415377179902081,0.1057237409466839,0.03324496461139569,0.16396421064608205,0.12400829794383518,0.10615387417632881,0.013670033534357523,0.164652188722197
0.05975597666570109,0.09180934677682032,0.08905519827006537,0.14082787550172557,0.1431764788812887,0.014602458632941389,0.14194607372253262,0.0244670358889815,0.11648171629904178,0.17787783936090162
0.11278403042696672,0.028383894393479856,0.04377418123354167,0.18354828322390093,0.07715418265188506,0.036266947791930994,0.09317753348516558,0.18750419450448186,0.11469002562396209,0.12271672666468515
0.01574386016241094,0.21087921892009592,0.20959606988013801,0.008100327666386551,0.075597769877398,0.005460083813948846,0.19004491268420362,0.1549047155788474,0.07666600278991795,0.053007038626652805
0.13660561743730873,0.03587714672604269,0.14337471220961845,0.08949966343381534,0.0422120019873872,0.13049074884510967,0.1540492707067398,0.12260456023974418,0.12224612943154821,0.02304014898268586
0.14092851063652911,0.0017039273034878304,0.10541025613824928,0.09277764352758229,0.23513461882330286,0.02493617586451093,0.07154101891230569,0.14483457887835777,0.042164414604957165,0.14056885531071708
0.0636443395929353,0.15256847380598262,0.13204766335618756,0.128723454099728,0.14567643610817751,0.16492381809415635,0.007582165620791403,0.06630053228870905,0.09510831389627272,0.04342480313705964
0.12693712096890636,0.15185004740938485,0.07030434701444091,0.027179470908296765,0.10704637688174762,0.09449623489766051,0.044792869521725835,0.13283960558194255,0.10943689468956219,0.13511703212633255
0.16064212405575942,0.12126984329613862,0.0033440106982531117,0.11960501837397582,0.04173278430584275,0.17571476225292143,0.13718058459311616,0.014078793476073074,0.08878912509860958,0.13764295384930997
0.14821669990094377,0.18174457009377848,0.05627640889756542,0.11315272946387299,0.11746622514088079,0.0684401417477302,0.034361626574287756,0.0797996812992342,0.04289601092012048,0.15764590596158598
0.09486738259085407,0.018973995610389063,0.10651556294906701,0.09291843421193097,0.07258915366451475,0.15900606408030363,0.22262076567147102,0.10314191514245558,0.06805431324416224,0.06131241283485164
0.09209347102596255,0.19591329377381253,0.007948647221723728,0.132542508489298,0.16406041085165243,0.023693001846652684,0.10000944351984437,0.08895314120781153,0.15687686099109072,0.03790922107215138
0.1498953076895211,0.1308145151635673,0.18495254460856805,0.005678894978731629,0.028825550235431385,0.12867090376069468,0.03254619623765774,0.0905457298615144,0.13078543700825096,0.11728492045606265
0.19146831099212613,0.07198308001607108,0.03578891780363482,0.06417458573426592,0.041131119644001166,0.11447926635710735,0.17866964461537657,0.194273702777446,0.06429649357477035,0.04373487848520064
0.07270258710470207,0.035326381587309955,0.13908956199349934,0.127734232602517,0.07791433130139375,0.14862610951477934,0.07507423662504203,0.1408870668316444,0.11793857473713268,0.06470691770197938
0.04278116648302424,0.0749159035790566,0.17519974551589795,0.07092347705878503,0.00791688049104691,0.12166562736260265,0.1056752447940213,0.2108024844521627,0.09861604855818305,0.09150342170521956
0.12668422982259678,0.15666969569293968,0.05977150795407302,0.0603461280828276,0.09591282828437138,0.02118009179237982,0.08182398046723759,0.1383044853727385,0.15242152858417823,0.10688552394665737
0.10406406193124702,0.10846949135474263,0.02506386540721935,0.12361613813103668,0.15481731767779133,0.15548729680892054,0.0072716654719403645,0.04443066839544849,0.15987455123497468,0.11690494358667898
0.14471408900636784,0.04029956982477501,0.1178697025752091,0.08611529214440719,0.18268611319977401,0.004023403872765745,0.11414246541960094,0.06405545414530982,0.12543063873707663,0.12066327107471378
0.15219437734319607,0.10736721203706964,0.10217612991525682,0.10387490470499647,0.051025896467883025,0.1858333422544041,0.16028371193804375,0.08268595434927424,0.02660833106508787,0.027950139924787894
0.15793137005624816,0.1163952740336466,0.12362826197303596,0.025941486883292304,0.16736095808667578,0.02498602984446994,0.19757274352767187,0.012234249478021798,0.0954682200522353,0.0784814060647023
0.14495550199027252,0.040662712196676665,0.13544574998852044,0.12580052735516345,0.11027548867000696,0.14735987314793816,0.03173028747554795,0.12546363527956234,0.019896819633724677,0.11840940426258674
0.050387035891630565,0.09031851930784975,0.1985276105313503,0.17636838606555297,0.01351725630811599,0.052772029486688354,0.18593361085051702,0.02138258916179964,0.09766933692561007,0.1131236254708853
0.06909464713742133,0.12688679281434623,0.14652199322268128,0.0588521258095198,0.15066965639937396,0.10700462938062426,0.14608029257830102,0.08040824962449171,0.09228395806845106,0.022197654964789166
0.2167553087373722,0.12677025164639624,0.09347982521758766,0.01249985222554378,0.06646182609907929,0.11893289093810175,0.06844366246408644,0.15554171701165792,0.11296246352343448,0.02815220213674026
0.028607407251556628,0.10595734370682322,0.12295997313627798,0.06292747208026957,0.1551143927058816,0.0432025837062777,0.015062449217121998,0.13991015467761694,0.17999173791765646,0.1462664856005179
0.07109131764907507,0.0480196084594359,0.18013962548821755,0.10040212329541348,0.15352239172402551,0.04116555275674043,0.18165684312879324,0.17223907190962198,0.01986881855311748,0.031894647035559616
0.10189141097821108,0.1791185403943185,0.07975488116801759,0.16190467936388708,0.08446561594190644,0.08974995199438089,0.09087762647187687,0.057449748931020776,0.0961143584120874,0.058673186344293464
0.08191446636803144,0.11475712750113432,0.10085611427902393,0.09456113309726734,0.08388036357287193,0.09290943389495523,0.10535181599475549,0.10390273381263779,0.12188325488253765,0.09998355659678478
0.15633696015862228,0.1716002602511295,0.10801030942021564,0.13604820060850895,0.03194049635349923,0.08900284560117946,0.053455790401382174,0.06636632922442613,0.06348077999196458,0.12375802798907207
0.167269200599135,0.05720938121873364,0.16366468966534425,0.007904994486814407,0.13733152126757067,0.05273103087344649,0.08009147357373511,0.14361434794280148,0.08949744903190465,0.10068591134051413
0.01673220552946121,0.1034435131133415,0.12574314358587693,0.13073925306410603,0.11786549494076168,0.027143520069538865,0.07481041460327642,0.20131475000043197,0.09598814864766642,0.10621955644553896
0.132998481430778,0.04705620265959696,0.17916016644925062,0.050592857232830545,0.051104202224118565,0.1493970288714991,0.17833183724129897,0.00939342660664384,0.15062689788488456,0.0513388993990988
0.11519008004533789,0.03434329412247342,0.12175002868987979,0.07479514930900275,0.15157722965929765,0.025145506020640293,0.04188955278078111,0.14679293324478004,0.1321059794970086,0.15641024663079844
0.04301414825432114,0.1403635810088668,0.12492343570538227,0.1009087816608382,0.09162907040208641,0.12529971139886117,0.09883230536122063,0.07382251376727778,0.0431714493544845,0.15803500308666102
0.06841589986739896,0.14119883785628695,0.08349254956201181,0.11722617839786804,0.09983796382840716,0.09296193875105455,0.12347013348478375,0.015340424032723551,0.13690586797069762,0.1211502062487675
0.15273659567946496,0.08805471376134383,0.032191352550810425,0.14066552874199748,0.03431504965227907,0.11182587485578127,0.12922603488438597,0.14757959544366073,0.06744797144916272,0.09595728298111343
0.20337652657221597,0.0507422414147581,0.12207356716230043,0.1776133940715984,0.0145086574678284,0.10755379446622255,0.03598601739410513,0.17326055297825405,0.08224652915984297,0.032638719312873946
0.1175958978588968,0.04906135844088243,0.11745317795431319,0.13176256264537603,0.1815926087691287,0.07657383957965876,0.027688348917373814,0.12002447573017734,0.12620396937179348,0.05204376073239941
0.0782693239323462,0.16589955916818694,0.135119586958877,0.06931723684230305,0.04444466567620672,0.04386220763631487,0.12224106375709365,0.09945156135467069,0.03244586251239628,0.20894893216160462
0.10503130205401442,0.12940801446169853,0.008749768845590864,0.15820424277642228,0.058285863513839214,0.13583168282355915,0.20495223220028114,0.06235155046382305,0.012809719444005909,0.12437562341676536
0.1674805323547482,0.007479659572612558,0.045580026246609825,0.11013238224308244,0.14927871579116622,0.13758763575368668,0.19593983432014642,0.023849753176622815,0.037654284123866524,0.1250171764174583
0.026198895192872055,0.11404814456539372,0.1617709172543576,0.007810872878824298,0.08736011396989474,0.1291371097398462,0.12766756315149333,0.11790480261317064,0.08714932924142048,0.14095225139272693
0.15456764991699112,0.17367850094012893,0.13637065100588072,0.10776988894182238,0.016562369976906462,0.11885125469667798,0.002939511213381871,0.09928975054460668,0.04670005730447111,0.14327036545913277
0.04409193625804978,0.11266033222654045,0.0931179892390825,0.06054379005657867,0.07896777134447967,0.04259378345495546,0.1459820484931389,0.13067197083894133,0.17534132613413858,0.11602905195409471
0.09754024982976668,0.07528992638868107,0.17563206060111622,0.11629893272754853,0.07192161084620645,0.015185374129244972,0.11573822630139559,0.13007034607486948,0.11309942394380607,0.08922384915736514
0.10780870202901566,0.16683801720112607,0.09053448894564704,0.08020077460635462,0.1291477521157182,0.19144816027107447,0.11703935296169214,0.002141099532531598,0.11223748561200698,0.0026041667248331637
0.09966718100792245,0.0971110406691567,0.14501135577203603,0.1269319171681575,0.11674291574910939,0.036624652235876486,0.07773016096153922,0.07091537717770177,0.13346561223875258,0.09579978701974783
0.16323744334763812,0.11936903176379401,0.012072790597990516,0.1021015188055865,0.15712578977975722,0.025291775675840202,0.1711855639107075,0.13072349950636253,0.08753035664792583,0.03136222996439759
0.15928429541429537,0.03557363502008666,0.031044847446418344,0.16987702641006638,0.06563896884270028,0.10432622113565412,0.09930536475032668,0.1002863543399219,0.1666675021909928,0.06799578444953762
0.24559367066805504,0.02779329833017807,0.0821970063655561,0.0016516258111917744,0.032121495083918136,0.02314407206159863,0.2782855596212952,0.053633400293131316,0.0013251775562017813,0.2542546942088739
0.1933946877591609,0.08565841207724981,0.18496685748530764,0.08038024509576668,0.021752964563151744,0.016750427029389402,0.1741878658913589,0.17790389867598,0.01212831141290209,0.05287633000973282
0.15203345707706195,0.07356690408110582,0.15184575920854726,0.15848796274434332,0.00118445015246298,0.1653067698079222,0.020144474160217724,0.027824591652717123,0.10494767458215434,0.1446579565334673
0.020839124389055615,0.1444458773456922,0.2220133538974359,0.012579569397576885,0.12215082047651962,0.03637605146573096,0.001344025408222001,0.19265198247089094,0.11342306496235627,0.1341761301865195
0.08969429974382745,0.08712426578519251,0.019648112136076413,0.0952616997901119,0.11351861542693098,0.16359495688206852,0.12292270013444723,0.05329308137172397,0.16902437565281966,0.08591789307680132
0.0727389792052212,0.012813714951717896,0.05453482226312265,0.042569277684391275,0.04343274318695921,0.16554555706332352,0.17206465171164315,0.1100106654807492,0.17273048477115202,0.15355910368171996
0.21211473709905568,0.055899973331647895,0.04997339629201427,0.1717054370432824,0.017373185260820295,0.029495523218935442,0.05912154717889718,0.11548249461852544,0.11157961762160606,0.17725408833521522
0.07858369723319747,0.16711270811484483,0.04380885292024778,0.15518456745457496,0.12687617542707655,0.15386896665339536,0.05592507143411749,0.0035136297562199793,0.05149443083760379,0.16363190016872184
0.02070102277734268,0.038797693370142536,0.04431091819839086,0.1743122219707433,0.13105271660690962,0.1178373433569574,0.15118534347391818,0.08217174313200788,0.035967271417824596,0.20366372569576285
0.13822493424113758,0.12296568995374967,0.12832013917841423,0.13671125975312975,0.008554810695387282,0.11304871656225082,0.10009590168924593,0.142910674746074,0.04581737481392768,0.06335049836668316
0.15905513633244206,0.13558184981038846,0.035893154261345414,0.08301660767232977,0.16079258003345573,0.07815406091751116,0.12500530909677102,0.1307173934565038,0.016205645626262297,0.07557826279299028
0.02512581801549671,0.038471963894001385,0.03553961043446688,0.23042876724180497,0.09322250143910228,0.15201302521202964,0.10009138149877965,0.1842761548609486,0.06777590532221762,0.07305487208115218
0.07203999970681282,0.037461407633853125,0.1435668056927002,0.036003055189454375,0.07124007938163748,0.18523993245844314,0.0231404266734258,0.18693955179612112,0.20695071471328785,0.037418026754264054
0.03698537456804566,0.14894045887645418,0.16511085738071377,0.16133316071756476,0.09349460698596282,0.06294539945262576,0.12121233665561493,0.00030555636837664295,0.07283442958736666,0.13683781940727485
0.029948461618340628,0.12223877424264985,0.12850455219154328,0.00778309411596971,0.004947831621345813,0.10955655029244157,0.12591577750156527,0.16882562285276026,0.1650769970178585,0.13720233854552513
0.14747002237856566,0.06936877541039348,0.07841236680747182,0.010970019642183033,0.14174457533413995,0.00911937049862374,0.21858307154479556,0.2159213787161289,0.10666911414568132,0.0017413055220164048
0.11315502599922661,0.017372188084025735,0.005862605413370461,0.12783672511048844,0.15434524921090056,0.07596060227231971,0.08859432367838652,0.12411318884793188,0.14408235884841195,0.14867773253493818
0.07147923119662,0.03630970765139865,0.14119065371085904,0.021780660948164207,0.07328193793084133,0.079506202960347,0.11783489130759828,0.20671786411449047,0.16107877846818916,0.09082007171149196
0.09303664058753537,0.0010715240124995874,0.04286380262296591,0.1745663666157909,0.13706624557045213,0.14678367009883395,0.07665491309687504,0.008684106911503921,0.17844466015244587,0.14082807033109726
0.09026707530873618,0.12463045639089959,0.15970069272414353,0.02120288666965875,0.1523150638443515,0.04852954685938355,0.15707542986982675,0.0746270913625167,0.13640160666368506,0.0352501503067984
0.025230874871301476,0.15140793470391695,0.12038393918229758,0.13105639502545396,0.06635536290642798,0.17153615424674443,0.16818465971928281,0.053096494399920466,0.011975294784698352,0.10077289015995594
0.03359800054931171,0.2084774970996581,0.04461669223353999,0.18581373047545807,0.045849367787716484,0.04229811221561438,0.1620643298202892,0.18399539305524548,0.0246684700398169,0.06861840672334958
0.1558852248765087,0.05895224724160296,0.11135506458610865,0.014514731270965722,0.12587583510359915,0.09998391737948548,0.10139457868137441,0.14875775566180885,0.121220486069959,0.06206015912858696
0.08883647399151577,0.10490005413479501,0.05400917278239386,0.16478176135808603,0.1388755090586012,0.06488975241928635,0.02466334892293091,0.0852457642977447,0.13086306779372364,0.1429350952409224
0.11990840703572449,0.1287661264301331,0.0395066319232534,0.12320969620763413,0.05071097376057462,0.05219800698205928,0.09578204805432008,0.12775394133994886,0.12151536918615427,0.14064879908019773
0.15516744376894318,0.024367259786194615,0.04380781282560889,0.1551957224067812,0.19189035341223798,0.023141419750901622,0.11895547140349165,0.10437332059586799,0.050203828640563504,0.13289736740940916
0.1261151117122195,0.14423122560978885,0.16722739416241225,0.10566680515306977,0.1390642497367534,0.005350555337105271,0.15317032707672953,0.058563215184285956,0.031048442863107296,0.06956267316452813
0.1049352041105641,0.13096031163930136,0.109543202512385,0.0559532661251574,0.17798427031680245,0.11916807841133045,0.005338283170473061,0.1591820527412699,0.07994183116092926,0.056993499811787196
0.06416706266553009,0.11028399483573725,0.06733992411063115,0.11185898886352277,0.10169038621974405,0.11299780647948493,0.1431831460522817,0.05058701020017947,0.06524285095328144,0.17264882961960706
0.1574948865617458,0.024417736757537483,0.1567238964238985,0.015182205749718868,0.05667178704408577,0.1314716978334933,0.20256587405244045,0.11099255850170545,0.1228672519764733,0.02161210509890111
0.1327091587963942,0.05972164049629185,0.00756618488985634,0.03835703625134617,0.02009206371013239,0.2024112111121176,0.07299665121317093,0.10798339929209472,0.18285779441785613,0.17530485982073973
0.14201057598573635,0.1450903042971932,0.04183912779659274,0.05624815317979414,0.07877238948053616,0.11302493219187129,0.03761404030348385,0.13533431273924076,0.12726223802264075,0.12280392600291078
0.11277259709107004,0.13942043324304898,0.15865322259606818,0.05417262904532637,0.11318397500273632,0.1168985368634912,0.06511325728004591,0.16975055381029563,0.04845900385292028,0.02157579121499711
0.11388028136626598,0.02320212513834968,0.1590057826373873,0.14210604204004906,0.05844110275101454,0.02264449400541749,0.12426011909157553,0.16616170782131898,0.04172938408443831,0.1485689610641833
0.09781797693894699,0.13834328356684886,0.10253683861864933,0.10496049052747863,0.10463676035559172,0.19036444365889432,0.13038755115570558,0.028835171679113827,0.01816671299893018,0.0839507704998406
0.08392847387142084,0.11469780779091769,0.03635203753343226,0.12015541944654455,0.13494702860327065,0.127787909206704,0.1266162856125752,0.032345620886501544,0.08295796939505908,0.14021144765357416
0.1291220686965432,0.028118727107275275,0.08942310027473217,0.015073854724405313,0.215422831263795,0.18453005724555646,0.07613231749044333,0.10223516810205766,0.14523474035554299,0.014707134739648546
0.1661645701967562,0.11159478170849736,0.033550657490628175,0.14039650612384583,0.07991960726140096,0.1273600281631569,0.048706797964158055,0.11477736795795963,0.03598011850095396,0.141549564632643
0.051713228372144183,0.013827523578164115,0.07200042865794859,0.0876611759522401,0.09068440725241271,0.2318762984227679,0.09993982485328774,0.2568467679936845,0.09394699401769492,0.0015033508996551274
0.09423679991113637,0.08984534561067169,0.15195271322767093,0.13639705534082291,0.07801741261810556,0.12248453611610198,0.04617957279884562,0.14020602773900231,0.13569245738539393,0.004988079252248717
0.08619651599926646,0.09077669699774131,0.00032636870756111197,0.12004171711714584,0.21174452522158813,0.10602424144489606,0.04103314603991687,0.16840742331855796,0.017627161649605438,0.15782220350372084
0.003427476254544284,0.0731592176815773,0.039404628257177124,0.08857640488403135,0.16094104131457382,0.1825689186166356,0.11068040101358495,0.11018282772630632,0.17501118060752366,0.056047903644045556
0.11785882004954679,0.11628530154622087,0.12762372655703175,0.16787269671824118,0.174648085194878,0.09271851787492323,0.03636886170436704,0.02719216612585594,0.01356481036056595,0.12586701386836913
0.0814679887184147,0.08001542425948512,0.10611644951410046,0.07147640947420826,0.05440736088574218,0.07994163194176913,0.027729033356734177,0.15949579107392065,0.15911298499658433,0.18023692577904102
0.0975996706985744,0.09775453976920394,0.13477448747380327,0.06372937977449955,0.05879658849859547,0.1433881104982169,0.024169900795933192,0.17200458475647695,0.07631685386064767,0.1314658838740486
0.13143042543751318,0.05423538785806275,0.015286120455466113,0.20227594320699,0.18616051252817725,0.10842366273282929,0.0893996653987058,0.038160623198778686,0.10223439268271195,0.07239326650076497
0.12049369310811,0.1748071514997663,0.15210367299516034,0.05737186624886177,0.10352925293836708,0.12251449669654446,0.1670776733095786,0.011370760150774473,0.007519161082057921,0.08321227197077911
0.03718302849825742,0.12904992041311245,0.1364351039706502,0.07016833424806035,0.025689589999099587,0.08510065412870554,0.14447406588047165,0.17031039892105942,0.08059000314994548,0.12099890079063785
0.043151715392068184,0.0016138516475781327,0.17640912299687772,0.06491666577802489,0.1446864961830062,0.009041881746338411,0.16891499945538094,0.0700694145365055,0.04558234461217027,0.2756135076520497
0.06506467900065355,0.005489024670260244,0.2488523704721566,0.04238793907707204,0.02761460005711452,0.04453147309221061,0.2511266203738559,0.19621225904335343,0.015014407286756803,0.10370662692656638
0.09492325481662017,0.1188710777820107,0.06276623863109157,0.11885977050381714,0.005750314068746024,0.15460011918584,0.12888489221138782,0.13175846606716454,0.00031655696741057527,0.18326930976591155
0.18932987819309027,0.008034596315023027,0.1743671713100345,0.02607343938777635,0.06610822785193793,0.09622518328810199,0.14863263566913545,0.08382902983951998,0.10802521722003962,0.09937462092534095
0.12982762883443774,0.05437712791432783,0.0775659201784191,0.013258270791279492,0.08670642395602388,0.1819339645718144,0.1252053605636233,0.1868100049800553,0.003448307880525814,0.14086699032949318
0.042553478583072665,0.014934300056010258,0.09398069456841579,0.16440530336319711,0.15641425925715638,0.16541616343353333,0.032236588189887075,0.14960742543958097,0.06882425535518252,0.11162753175396384
0.1821262708005282,0.08748056125791488,0.06886054866533127,0.16146259267417648,0.13461141654947886,0.076400956935677,0.058570672469278544,0.09319993192084755,0.13235023665142437,0.0049368120753428045
0.16064125384290437,0.1741276015592434,0.04945974986887108,0.05394000495087468,0.03586077001885618,0.18126207670179326,0.0637968049127286,0.014164940984919662,0.2294698782093227,0.037276918950486015
0.09595964161242948,0.10652712770652935,0.06688896847676717,0.0732843830646227,0.18614302264532545,0.10659601081162282,0.15008731197532954,0.03599583456154452,0.15955048610616168,0.018967213039667218
0.029916423787964413,0.038747870316317934,0.163067298156782,0.05913655898506727,0.022040449430883673,0.11922071109643015,0.2554805561593813,0.1427819390017031,0.07554248991827908,0.0940657031471911
0.09030385774706334,0.04048547472072336,0.0060949804930172085,0.004194802240129271,0.19106950150440047,0.1605327207710569,0.13768628778551043,0.038718006416597374,0.16686085701166273,0.16405351130983908
0.12410642155132662,0.06520677936810788,0.08911503775475099,0.1490598231705321,0.102539400869413,0.03815829399209205,0.09390597578503376,0.0022670553924943504,0.17531333689008866,0.16032787522616043
0.0624118446613017,0.15542498217184264,0.11151909634322396,0.16760744315582252,0.02434727100319568,0.11292563777225562,0.12835369427605178,0.08785567280940035,0.01764726454383707,0.13190709326306868
0.11884645985467468,0.017300481853670578,0.2183024521592473,0.03801018425517386,0.19445236009840047,0.026467666902664427,0.1750821290084791,0.1353738279825455,0.03453896831877198,0.04162546956637207
0.03503151655775776,0.1387765952023827,0.07238467241403992,0.08018903622562426,0.0672584885700844,0.09317931201246056,0.13644199526367393,0.03657303215175202,0.1961775733550117,0.1439877782472126
0.14258376298975084,0.0916681939927449,0.10833102597577113,0.01867473746359936,0.10513576755060498,0.1082519923206575,0.14119323693324434,0.07713047041976019,0.07247585613828911,0.13455495621557773
0.020816746958717228,0.0042928072180214265,0.24890121039045882,0.07429427389050552,0.028804789526263665,0.1299122992172769,0.06120510314741196,0.16936440762146415,0.18336439322793652,0.07904396880194381
0.10769363406223484,0.0013042545114419024,0.025728955369542596,0.1273170182548242,0.17017697988341565,0.05238668772389307,0.014973701077072419,0.13519012795757598,0.13976076349698097,0.22546787766301832
0.2775063188505338,0.15296721075197423,0.11279257299020512,0.03054553681782709,0.05175414085234768,0.19031489477267385,0.050639040160051184,0.013838158568700597,0.09845656145363897,0.02118556478204743
0.06506996862704109,0.026562854789968674,0.10530533412644333,0.10412027323902397,0.19280633416176726,0.11479513249821743,0.12480550403931685,0.13892422822047082,0.041291356923040666,0.08631901337470989
0.16008467974329946,0.0990570401714468,0.14351027759076124,0.03554036677012516,0.13031258139751192,0.01761248593085585,0.12469509804796779,0.04898014246606914,0.16467082301305722,0.07553650486890542
0.03299578336047789,0.07818828168754734,0.1338602264561667,0.1508267581061807,0.0758549528319802,0.12556514539855382,0.048294506266868965,0.06372902579411718,0.16526946302340076,0.12541585707470637
0.09281478426497229,0.023736440684881753,0.1787480461471095,0.08672738720859399,0.14331817519775264,0.12461020366699715,0.067309165321922,0.014413246277933354,0.18741975262040161,0.08090279860943565
0.14191075040306622,0.14070361010209873,0.07274831893251592,0.03931996791261418,0.11136130970608683,0.08488781213566732,0.0721942738319077,0.09368891341060384,0.12770721135118734,0.11547783221425183
0.1758119399963491,0.1738769661766001,0.12808237403744077,0.034158432782366244,0.05589087067061697,0.14862362674250165,0.17977999858039379,0.05296914061132802,0.03365666606403378,0.01714998433836955
0.10313114611591524,0.05955528666395873,0.12502306064386448,0.13499183654572558,0.2264628370842109,0.09362897009572106,0.060779025368822445,0.05125617902052519,0.13610084756018256,0.00907081090107371
0.09891966220623252,0.07250779607294709,0.2039578334506883,0.048732192375523356,0.23141421031065756,0.114122812166094,0.0070428403172458276,0.12528540958619702,0.06827595596864547,0.029741287545768845
0.10462632820983164,0.1497582942591576,0.1050412490208722,0.14544604393663116,0.05583832203030023,0.11396306527171794,0.07535579386867919,0.06390132825566079,0.05026073161551266,0.1358088435316367
0.003458819033259655,0.039332523419452155,0.08746151685758886,0.18070202554397724,0.06965502969210755,0.11281906799055522,0.11798966708593515,0.06246115630217906,0.18377639024413045,0.14234380383081477
0.1124518289522113,0.09707097912952252,0.007598638878622998,0.2238804056837969,0.18616307232289198,0.014834526044971123,0.011895517998460694,0.07598226355414595,0.2036385943997642,0.06648417303561246
0.08148896787008254,0.0041770215662164534,0.0699549862748833,0.17434298873205584,0.16130860223515428,0.11129768987763754,0.07287933504118786,0.12262449939822574,0.05656312620526927,0.14536278279928713
0.09202014223875277,0.05482178858077936,0.10111554929662382,0.011299869307288707,0.08490274329451769,0.19918871423169815,0.016594003783799695,0.10184698431015184,0.17506241052369473,0.16314779443269312
0.0661580358463046,0.13557885339588935,0.15624086422793942,0.09326107098655123,0.20671605534590343,0.06051969183646819,0.00014430868816128062,0.04972689415935737,0.17215877414562078,0.05949545136780441
0.06490001706496085,0.17283200348134933,0.006368821774058721,0.21028904725186703,0.06260541047356752,0.017980467040170003,0.18099941689454163,0.023811145792697507,0.02600309836848119,0.2342105718583061
0.1549297926769024,0.12217709093559825,0.09033257676198218,0.14392015099302397,0.11617982316414567,0.03148244421467446,0.03487157891229309,0.14040533149452178,0.026500767984611793,0.1392004428622463
0.17774234010761433,0.11523057083609908,0.16886448656656777,0.06859216393927883,0.13534555277856394,0.0669243147343596,0.01003114068098728,0.06959852929208726,0.1530192290612371,0.03465167200320487
0.15979584123809018,0.04753195511187404,0.12249244683833019,0.1333202982843135,0.1408892877404522,0.1466209624875022,0.10070671892876494,0.07542339721122214,0.03332019986076965,0.03989889229868092
0.05709358138725474,0.15245068408904522,0.1665916247966487,0.0743616658649869,0.13917396850505626,0.08292977996586111,0.02777960219386401,0.03709753899060217,0.21612749628787986,0.04639405791880096
0.14535880838918255,0.09098174725958182,0.06397075415862156,0.13857296815786407,0.1592350141952758,0.08349346888732581,0.07354143894357251,0.056702857814851966,0.06768349115635366,0.12045945103737025
0.05799593837070807,0.09333950954819034,0.14689054144919778,0.09622071255437327,0.130857992045006,0.03161045884375217,0.09455150398244029,0.05741300473607581,0.11628206071089787,0.17483827775935842
0.07034668937421358,0.08341203371717637,0.07191707812274521,0.17504490153109517,0.1279507872935027,0.07039530735129654,0.16158048178955686,0.05593376356119547,0.12041034198234508,0.06300861527687322
0.0759804213506331,0.16229437655229337,0.21709829480592086,0.022124105169902538,0.12046634879474262,0.07828808184212374,0.038313679526087954,0.1343081613689563,0.061858998791493265,0.0892675317978463
0.09892616784313683,0.10512344529157619,0.02169706414588051,0.17925657606510145,0.17422581692130704,0.15188889355874155,0.04884302297233077,0.11846607728831798,0.07696374105903704,0.02460919485457067
