i = 0,i = 1,i = 2,i = 3,i = 4,i = 5,i = 6,i = 7,i = 8,i = 9
0.15232680349106373,0.16036802470841027,0.12760055520275704,0.10662589688703046,0.07406909702211335,0.0441838877236477,0.07381186499072383,0.09047330096366565,0.08634845704563965,0.08419211196494836
0.06497421940026223,0.14578276373714932,0.1033204309724079,0.050780925928611886,0.1103590877236392,0.1446907995943072,0.07593680396469484,0.08223374404143458,0.06389857540548445,0.1580226492320084
0.04983046071572083,0.16782317816807138,0.14625882894203904,0.011327250265730423,0.17277005563759393,0.147137668108887,0.16461762504801972,0.09063790249648772,0.012545704912024717,0.0370513257054251
0.11822856320795642,0.12866493593330341,0.0025550271324447722,0.164427332703897,0.05595254280281349,0.20213653648211066,0.17822716992439408,0.047935225157420464,0.10085237833720627,0.0010202883184534436
0.11671484959783499,0.14029784403633797,0.11901046598001082,0.14930380988685024,0.0799391178511986,0.08850508731059226,0.11375418387641996,0.1348021223655487,0.011260134949038235,0.04641238414616829
0.17058583449691359,0.01287169955943828,0.006067792697220763,0.17873440298285453,0.1463176802472391,0.049111431876645274,0.02345509600640778,0.204975368823296,0.02020371841627396,0.18767697489371063
0.0954403073333914,0.09262844381222961,0.143659495515133,0.12639800521090194,0.033504995915870014,0.05464017061784094,0.1490762601721785,0.10189601985292467,0.13549459825106192,0.06726170331846791
0.08762991883039632,0.01360775310522828,0.20463134377065606,0.06163816541224217,0.0524184412879804,0.16130224826541775,0.001059078521682641,0.18243843146977348,0.1460756350931664,0.08919898424345639
0.10216683269181027,0.13321531340767875,0.1392250619977947,0.08902202875949804,0.1540372029102178,0.10628221041864672,0.0022024810917314363,0.0789541106680066,0.09193926557849369,0.10295549247612204
0.17493216645944734,0.10817814195513853,0.10997040429171741,0.009909126521879892,0.10794905729082721,0.18614544462334495,0.0657840618923033,0.0989220243313441,0.054771162197370334,0.08343841043662674
0.0743361383317344,0.04397347396255582,0.10650105428891186,0.008800924839629416,0.17209874579616902,0.2827987206606665,0.10134102683622467,0.10175881348890692,0.05721030337680094,0.05118079841840057
0.15840260719056082,0.2143628050219474,0.038975910937882295,0.05166621132423091,0.08911562632195344,0.13083962234886107,0.017429018070426173,0.18168711106270075,0.047069243373878404,0.07045184434755875
0.07782440674333903,0.05444635888396234,0.11833243363492488,0.15933301139116066,0.09194413079557406,0.09697176357221352,0.07731976496958323,0.14766748849895905,0.04576653509923338,0.13039410641105012
0.13586336985110398,0.09644587362040608,0.07834386833418874,0.06579213400807521,0.05093839883369891,0.030830867028279276,0.13014366049617188,0.14711085018058712,0.09623013691668503,0.16830084073080384
0.09163922666125848,0.0022335838312215702,0.1341349609321731,0.12241771461943263,0.1278714134220246,0.15056320741321313,0.029049072018326887,0.06837777408002826,0.14466141539272756,0.1290516316295939
0.1542332163041203,0.0925159738960902,0.1054659829219176,0.05223225755769954,0.14859681897090543,0.026435434105870605,0.15187094264243964,0.12064107318709802,0.02087129886129268,0.1271370015525661
0.13575456074004125,0.10330329256401939,0.1699369702035549,0.09477447193247143,0.06653191300900183,0.048949873345247544,0.06525127631264376,0.049666299092687466,0.09678709832594895,0.1690442444743835
0.11365038230568023,0.06634938138796775,0.08408509944232456,0.033516799787198265,0.19281798382735427,0.126033632986178,0.16219490821776497,0.09843794451696249,0.01578764057440484,0.1071262269541645
0.0877281154107396,0.2428362657685281,0.015182112913985274,0.11424496913924095,0.10367625101223422,0.033996690309924596,0.02587727468261582,0.13141385211993004,0.14011939072080024,0.10492507792200118
0.20708088356816773,0.11731513318137293,0.09266277083658452,0.013818734538585805,0.10211744648213483,0.10815981112465393,0.026378547969463553,0.048087333561832396,0.21430788212883375,0.07007145660837052
0.130668560682428,0.03361266803209811,0.23364858248836176,0.09372409064259271,0.06927060078251175,0.11555679768788928,0.09468781214286415,0.1224526699384824,0.05891342161882054,0.04746479598395135
0.14868298806723143,0.0402468607831695,0.1639188068396261,0.16373923042099583,0.11900594563656929,0.011638034657755963,0.0954089728064921,0.16753758669897087,0.0367228026366376,0.05309877145255128
0.08390223723407791,0.012353642793769425,0.14395945047411515,0.1579054894933969,0.14520422533218508,0.023014054087220296,0.11095780078453481,0.1532099334867723,0.07427464176822199,0.09521852454570606
0.08135176085132718,0.05314625877895456,0.10639603426141404,0.08213007677960209,0.025055939016882918,0.1838594980860503,0.07094354028918319,0.2047611837241292,0.17452458361068943,0.017831124601767136
0.013332022931909866,0.053716204180678045,0.17105060167462208,0.12818578378365084,0.051894341832051195,0.10695523737777118,0.12405724906100622,0.19857595279702092,0.0333148283348496,0.11891777802644014
0.10609483042884803,0.1469803107548096,0.044411439461515226,0.1373050726108121,0.1360447972602229,0.03591040585157818,0.13934514348228916,0.054217144020650136,0.05190821221390509,0.14778264391536947
0.12724474365986507,0.09033162130257931,0.13959266409541607,0.12443028451893826,0.1061108565794567,0.050221259622468005,0.11745952498837815,0.11790529896229976,0.07790687581037853,0.048796870460220125
0.03663772871626746,0.15345034157304416,0.012880385713414792,0.2053887284745566,0.16678059103160614,0.07032902606322959,0.024681609765213986,0.10617796439287941,0.05710521488498941,0.16656840938479853
0.003422005833495129,0.1709820888444246,0.0785722753684645,0.18633263238629952,0.08284435294950104,0.06678574056033514,0.056747988702960314,0.11495650070024582,0.14916693687527066,0.09018947777900328
0.021814845754186366,0.2081087601294291,0.19172987557074256,0.04210027545524028,0.05846474015676733,0.147436319857101,0.09891623605228356,0.02356156870915092,0.06987153055694897,0.13799584775814971
0.07944510257172822,0.09877734901140145,0.1614868919235198,0.18157515056848278,0.01976743962404731,0.11931564808419787,0.13572649031357656,0.1469514520586968,0.013815954302950257,0.04313852154139895
0.03390503643564272,0.14700498260546005,0.10403424104461212,0.16038601201692437,0.07680367630217749,0.11408753805578072,0.16725287403230168,0.05707670687410441,0.058171999806311964,0.08127693282668436
0.12536874948234833,0.13005564983624154,0.0933155042336666,0.07494651436836351,0.15667876102721853,0.09257363123715374,0.09645724502487354,0.11907405800925361,0.05096112058418707,0.060568766196693685
0.13257160317825886,0.12348931193721607,0.08136505925674657,0.12901374804190735,0.06327676877610129,0.06127983979980389,0.15049116998367384,0.14561836044295925,0.10448753728178435,0.008406601301548583
0.08617170142825707,0.16329329754599145,0.0659372971003411,0.16205021047194257,0.0823032573623738,0.19445591495690304,0.06901533919811109,0.12052549031954889,0.006302741726599735,0.04994474988993116
0.11600173896538644,0.10559648023347869,0.13044143466763938,0.12360572320162445,0.12245294569970296,0.009623671175832026,0.10152576655851688,0.12775028226439275,0.030954533277542468,0.1320474239558838
0.04371645880677821,0.13567665717223049,0.14005618769287656,0.10421961852587085,0.06539402929353874,0.13956172249042018,0.03781629538311208,0.05510976764976554,0.11937511519129881,0.1590741477941085
0.014027686827894693,0.15441818944213945,0.12816830746733454,0.03638333103729916,0.06418430179379574,0.02008114762428416,0.12917636201909885,0.13205240574685745,0.16252995390622202,0.15897831413507396
0.19720905687117773,0.002348448493742876,0.037068858821202914,0.12428907205955934,0.19907267223576025,0.1947406107922353,0.0079683980237491,0.0802412794925536,0.02937065038839812,0.1276909528216206
0.15346289367774543,0.13877621146588426,0.1314357643540475,0.03837271684637729,0.0034619446523293357,0.058764856619783194,0.11829180197823232,0.14741977608733697,0.05386180350725164,0.1561522308110119
0.018374274618165883,0.19529219853077723,0.05771923689352085,0.10439017624302074,0.09963847922844941,0.031055727543045763,0.1419352977294565,0.0009363446812258725,0.15747651401299587,0.1931817505193418
0.06204689989451558,0.1571484094132794,0.04745650204275654,0.10548222371452663,0.11519314263506117,0.13358997219196234,0.02328838502527356,0.11219696285553528,0.13676516896320054,0.10683233326388897
0.011897083726121315,0.03175938982753395,0.02349124042558613,0.2205727202972237,0.07174969295020944,0.05329840761751024,0.08555114347872624,0.1527702868855989,0.19222270681752418,0.1566873279739659
0.10885929311493893,0.019547863049977514,0.10021648079087773,0.1326791798435887,0.13643554429759633,0.10759784280498579,0.07334176192915523,0.1392433255214909,0.02311818996804428,0.15896051867934466
0.02021257803015525,0.03519963025166372,0.042319323175776705,0.14712286152517498,0.16975086482607063,0.140845588376173,0.06868868304386978,0.16074370165240973,0.15900723052077342,0.056109538597932856
0.023599628408758126,0.14660943750350927,0.15296697189428668,0.0012366249958555434,0.12315986153498765,0.16249730668525225,0.16217575954585392,0.027070362713720413,0.06577888826601619,0.13490515845176013
0.10200874726436152,0.10302815640283088,0.16005064923269424,0.13722276447483964,0.07333946326812461,0.008172873242136574,0.0705697581220295,0.14063454253411184,0.06220768663750696,0.14276535882136435
0.091327219669518,0.04221437909888131,0.04092493431739816,0.11058255643048122,0.1212945406544547,0.028422558058505663,0.16638174708253095,0.10607713328147332,0.16743731846157436,0.12533761294518225
0.06586690530628321,0.00209979194393608,0.2623403767019957,0.2082994165018134,0.02199620907579629,0.11892807092381075,0.024305886471880984,0.23621052405139387,0.05683794561299414,0.003114873410095583
0.16554016561483048,0.1306690802840786,0.023795350569027297,0.16956970967275722,0.061787316227956204,0.0721446490589262,0.045293492388407526,0.17099164937567823,0.06200154578578518,0.09820704102255297
0.054008088441047535,0.012515917167862845,0.17490466937717997,0.10839241296013107,0.07810281685763654,0.10018852652265865,0.10899097174267035,0.12155722278507002,0.1578441431932987,0.08349523095244428
0.14638911893851175,0.1753854766350887,0.0620007629576886,0.06539279473451934,0.02998379730154491,0.06770244221283628,0.10344105527033302,0.17251143165757274,0.12420919007813506,0.05298393021376979
0.18581775395365252,0.024957964573615862,0.010159459824360772,0.15665919523201097,0.11788761389265666,0.18590305263473808,0.007833619980309518,0.03482776440156839,0.0950900752626866,0.1808635002444007
0.08952998234790217,0.09306656578664149,0.07686867480069308,0.01948999349601406,0.1222658702586947,0.17062903717976446,0.19915384475162365,0.08421728640858547,0.13019172504937238,0.014587019920708516
0.04755647463808577,0.027342696827033157,0.13583916230491427,0.19555165420023435,0.14575266289132685,0.1061700593673387,0.02255375803122819,0.11202848482289274,0.18129052689797004,0.025914520018975998
0.21313549908434282,0.12669459354547705,0.0714461379524175,0.04798080739458041,0.06631298753051885,0.06382475354082567,0.1880972991217962,0.10066065420475755,0.005205265417142969,0.11664200220814112
0.02221619671782676,0.10824887487428644,0.07294397010532191,0.03232542249537641,0.13036365370775826,0.1588495122381347,0.1882948161896428,0.10329438747716473,0.1246210486802921,0.05884211751419588
0.08429850812077688,0.13411419345956985,0.051906867457342756,0.07618692813173442,0.01004634819184318,0.1409830454904643,0.1322316196731966,0.14481556473596058,0.08251779870851349,0.14289912603059773
0.08134171851996959,0.016486161603617266,0.06354924010073101,0.1625993629962352,0.10878960853857784,0.19609724877390136,0.0813601150708073,0.11575756376174579,0.1304341683156568,0.043584812318757785
0.11749581441445399,0.1259650674167912,0.24569439796652437,0.08450150932551355,0.01096847866025045,0.023817448769176578,0.08107572295024464,0.03973934380170816,0.25040692879448395,0.020335287900853212
0.011338914769363434,0.08876641459437602,0.011261860120924781,0.1470147295347789,0.18669734777520555,0.17650104118691115,0.1340067870776332,0.15252210836147395,0.008701573670571408,0.0831892229087616
0.05463531345607835,0.18921365069344706,0.09649437278013707,0.026901486529976964,0.024938990038298088,0.023315244855706505,0.1523848442315384,0.07008439173166861,0.2796668266102887,0.08236487907286018
0.03563800812937154,0.20238346316474634,0.03322008389460863,0.1111051636688988,0.09425237228360928,0.053599322551816285,0.020768033235530305,0.15446231773259783,0.10105218644448723,0.19351904889433372
0.15601171622567583,0.08831056531291596,0.10614511145216367,0.15937750059573882,0.14013829753942536,0.02846834024131492,0.024116118710713244,0.08660251529121141,0.10544484611118497,0.10538498851965576
0.12274810304510685,0.09657315362936582,0.10034212503511693,0.0822755883164816,0.1274714936780601,0.07826115368763463,0.11102254562783494,0.10665343240412362,0.09812633193135833,0.07652607264491712
0.07897044446854455,0.06188189149288449,0.14999658721756542,0.07538754900443352,0.02688622589129205,0.04861270482569907,0.15408986117400533,0.17514838484409442,0.12856624369659553,0.10046010738488567
0.10604791791227137,0.0019622872303588245,0.0932414457976946,0.057521906231256546,0.07282898974863604,0.06135481340785143,0.16527865759998595,0.15285799927382018,0.14384123449674016,0.14506474830138502
0.052120690579160356,0.015591396900826318,0.012622746994023548,0.06404709878701505,0.0177760086215584,0.11024513160593719,0.22211166940750376,0.17364858826975668,0.2327634626277543,0.09907320620646444
0.17397219028034627,0.0034560474841390226,0.18610675155823728,0.020670654506746475,0.1998634613889856,0.06794604455939912,0.0861658913507567,0.04217491030122489,0.15990461922089635,0.05973942934926822
0.17482276556006476,0.06841919821213117,0.1625358565484166,0.11398619934123887,0.13085017795976867,0.08903127803226607,0.047551836443542383,0.03096266611371462,0.1331897306992762,0.04865029108958083
0.1476111731813158,0.03779995182621705,0.1313812438154667,0.015087427268276743,0.04061391034199684,0.03760189386896318,0.19674178837364684,0.23834111390933593,0.07421107487959717,0.08061042253518369
0.011404356232602613,0.20237387628813272,0.09522397794140101,0.11201648519144555,0.12218075222487536,0.17022171052083035,0.18288163612969424,0.02079551152300825,0.03915564787383477,0.043746046074175184
0.20936152318030207,0.005626836589403564,0.03781966607656694,0.28556781544001364,0.02410279971566043,0.27740117151949084,0.1270640151008278,0.009135723842132619,0.01773124447906076,0.006189204056541442
0.05185939716914355,0.018311079243253613,0.17170949981415798,0.0618797516838331,0.143709530584127,0.023327535256040387,0.04097541307395713,0.14146062487621716,0.1828426940704193,0.1639244742288508
0.10737332097260899,0.18559179911314355,0.054957304413386796,0.20467739514497002,0.07017067307121193,0.04773990709841312,0.1812816840322251,0.048893159476903494,0.01586247525110189,0.08345228142603514
0.0870166857695176,0.15187203768097207,0.12216082761575073,0.04073472821078834,0.06286714986502602,0.06609569909845749,0.18662670096966558,0.020791064779502814,0.09351182808664621,0.16832327792367316
0.09610431876095746,0.08347448498843231,0.1379485134747583,0.004086141548853326,0.06086876870470678,0.1620843303090728,0.16226996625850884,0.023050459553442752,0.1588261166813786,0.11128689971988888
0.05655629035614775,0.13269922453487307,0.10203770870305384,0.1771324433059893,0.0710392543937621,0.023469212412287443,0.046140177024201944,0.08293708022178117,0.17656380787502102,0.1314248011728823
0.054123279394936365,0.19085344228175408,0.05540295065199855,0.07496272736699697,0.02385725312069825,0.17002629579520515,0.004490870390262863,0.19269293772967552,0.10534582130886791,0.12824442195960434
0.13695030265092276,0.12358139962052646,0.14687763879943197,0.036574613365045264,0.025611628329938046,0.08049300422264498,0.10811401026640098,0.12251307543262203,0.09405190773237411,0.1252324195800933
0.14435167444636882,0.13861558315848865,0.289986756552296,0.04269056205985838,0.12957845032908102,0.004775807643320959,0.07178432201131182,0.02812012866026371,0.08309960142357209,0.06699711371543847
0.07611935981043463,0.12827725238793902,0.2016043099474719,0.1593330348086467,0.07374262752968216,0.10306116819197038,0.07758953662883225,0.03625355646401161,0.06540429338062136,0.0786148608503899
0.1365856936205363,0.2050556577579281,0.08527814377055938,0.060693640936418755,0.1472350218011763,0.16666071335119695,0.020887640786594733,0.031513572490279605,0.08132697381054822,0.06476294167476157
0.1807563460336897,0.10680282592086036,0.03310650743668049,0.06512586486596922,0.13867112553169833,0.04423444529864155,0.11062538612741672,0.18266785468089913,0.10343768204239866,0.03457196206174595
0.008922386124222923,0.09735178979328916,0.14934251711062388,0.14588105895330006,0.1249941368442146,0.10951486520994438,0.03776772385419309,0.17929344469269873,0.034898613829572225,0.11203346358794106
0.18735195542665628,0.045853488811192944,0.1069053670625895,0.1499469527704497,0.15605129821859456,0.1445805327596019,0.03898017821250814,0.06948407129432611,0.043407031920133295,0.057439123523947526
0.043470184301013313,0.1132022782981967,0.036206332602383345,0.09351506910231719,0.09856843949957028,0.027853062860326145,0.12588840093324244,0.14846320887804182,0.17692296217494197,0.1359100613499668
0.143215970529273,0.10154854704675491,0.07458079975507387,0.0605778549244233,0.14973060805211466,0.0876780135450442,0.02599869350284207,0.09837039564315823,0.11163955548999056,0.14665956151132498
0.043776623055864945,0.03474273310735987,0.17366442401983506,0.09702809809184554,0.13853034496047362,0.12854435747303405,0.007052121037100217,0.1625890284277716,0.1506282123753996,0.06344405745131555
0.11529239636676,0.1142102681862058,0.07662711083097865,0.0823884515096635,0.17300441284586374,0.09523791788420359,0.012660281971191808,0.012344380344896492,0.16299514932008463,0.15523963074015174
0.01767421332702404,0.1968469862060989,0.1757107949801444,0.19112215740715763,0.018694396467636164,0.11014808792207982,0.049231935772438846,0.006601458678767318,0.10067746606262208,0.13329250317603086
0.11417805187034435,0.20446779405591456,0.013405875248876691,0.07355659871777322,0.1595714334165153,0.048493281070560924,0.046511496162710976,0.07719318881398275,0.13130016468411426,0.1313221159592069
0.09077477281119595,0.00025451920526908995,0.02658136120437616,0.20333840171138423,0.11606134748248342,0.08711612371035518,0.10501481444641571,0.0051441574465066675,0.21170420751710037,0.15401029446491316
0.19670508424863833,0.16232192429790113,0.0006859029447442026,0.19271425442607076,0.1136367909114216,0.1194883883679416,0.013780955812504273,0.09685869570684714,0.09052988814566865,0.013278115138262124
0.0011216313256409841,0.06334378572823122,0.15644685954306095,0.12317667801125637,0.12091995540752938,0.11852636348491775,0.051425972371631705,0.19930305236129148,0.06662114465527645,0.09911455711116378
0.035270135836834436,0.11284939079582067,0.10678818788155447,0.09755749576473009,0.1442414958871398,0.14185244206290507,0.14061647592512885,0.12433861781661736,0.06275334636729511,0.033732411661974084
0.08749975812579765,0.1104493501348772,0.09203534419245647,0.1738924289912402,0.1877326645054638,0.0015086807092108496,0.03539303477396456,0.11513996170886955,0.1934461626837749,0.0029026141743447994
0.13913218967318722,0.07740248400774649,0.058297351489413715,0.11681895988130894,0.0497228329815748,0.02708472888954042,0.092060140839663,0.16139641437367278,0.12727699322198882,0.1508079046419038
0.1995958179021937,0.1263021217857667,0.09049126715605033,0.04414381744937971,0.015021434597563277,0.13352362610590607,0.11334639246866124,0.018685421397259833,0.16929900420493288,0.08959109693228624
0.1572218033583554,0.16463790610091505,0.12077785039492056,0.008690707745158448,0.02329320776526903,0.09584088458884767,0.1470839490463723,0.09032840471778515,0.0857686197225776,0.10635666655979883
0.03381422107676359,0.04894249730480072,0.1479534382984401,0.07451506633192886,0.061578970616382754,0.09414366473486413,0.13199029982489824,0.18482696870994136,0.19000964030659656,0.032225232795383495
0.14236787331510864,0.12259895517078426,0.05169320544282718,0.05151838763338327,0.1500654382556191,0.11898073260806638,0.019030150444971205,0.11498785885555993,0.12324235030873772,0.10551504796494235
0.11842285685480096,0.15435256182860385,0.07903776380139738,0.08046010393066835,0.12352591970515538,0.08214905192176214,0.06169228092449391,0.13709901744804012,0.08213398827873551,0.08112645530634256
0.0733869623350819,0.1425838868426155,0.11347706638809399,0.05867776518059477,0.02175871589745736,0.15374928725833342,0.15622537830529548,0.05550766780900267,0.06233637800781919,0.1622968919757057
0.06381508229389975,0.07597795395870109,0.22562184376666952,0.09194463159976358,0.04153181174584881,0.05056997113294098,0.15949233927582535,0.04685613161481848,0.039007339211528165,0.20518289540000434
0.1525759256937425,0.08518904880088511,0.04588671000456953,0.12461401551213722,0.1562243040687367,0.15035986408714777,0.08254240150192096,0.07615017701235686,0.006647577132033368,0.11980997618646994
0.03923485750734955,0.08224022574387575,0.1845809472761097,0.05917201175651216,0.0955255713146425,0.13445680534702723,0.029010310298740103,0.05744452039983501,0.22594326700818457,0.09239148334772351
0.09576267743389745,0.06367074000154906,0.02311123390644456,0.10236837668224377,0.15137807613398652,0.15785042624826484,0.09281059622362435,0.031173309331045954,0.1640330473615435,0.11784151667739994
0.056861499008049265,0.16896226046104046,0.15556349950593748,0.047459327025740156,0.09789355560041867,0.027097557690885746,0.06472239996762146,0.025293259121571935,0.14583245379826257,0.21031418782047231
0.053735690739179706,0.08362343751784775,0.1745285347725156,0.07419015725879083,0.1590061628256377,0.05341184010114966,0.18989148840780617,0.06697394095440146,0.10292918512706119,0.041709562295609896
0.18041208241351891,0.08272693515160516,0.05292533833611671,0.04117806071871291,0.1197449524191214,0.029319018945290893,0.1252400074664019,0.03749700859498663,0.17309862782856134,0.15785796812568406
0.14663681478966106,0.08043463415380905,0.13621982017012554,0.09850836322141346,0.018794581731288656,0.1226927552631314,0.05114492002844433,0.1397850241906838,0.014503974289841296,0.19127911216160134
0.025830918467901334,0.17012403982017485,0.1574504231123467,0.10878858560398796,0.10791744905461764,0.11469652987420956,0.11799054095850779,0.1084012076363622,0.04970081000898769,0.03909949546290441
0.10470848650549433,0.18963378655515933,0.15960403739021936,0.015090607128247904,0.04224705730305857,0.0920527396203864,0.00837698933608259,0.13741453285697838,0.15546333116708375,0.09540843213728932
0.02602094139309521,0.058217669367699336,0.06708919408003773,0.21703028147187878,0.03385756833234921,0.008536102694544656,0.15995213525129573,0.17436912798832369,0.14467663498451738,0.11025034443625822
0.09969347650873155,0.07441638950053513,0.2040398173459236,0.1691577851494513,0.028963289025670705,0.1997886585759329,0.03656419247805707,0.11913540845082798,0.06823892232115648,2.060643713412617e-06
0.05276376369185042,0.14149409186297493,0.0887005302996849,0.015414440022475473,0.21816989805505008,0.018570492853815537,0.1435682355083303,0.008023569852243279,0.10393918453190223,0.20935579332167292
0.16640734023369408,0.19454899625551492,0.10694984222601739,0.16455023835590876,0.03468648163276727,0.08718308931437642,0.06468101876048622,0.09660609439323271,0.08170102210958853,0.0026858767184135784
0.09312184333084383,0.12370487822611483,0.13663924748273693,0.12888862273709084,0.01228247383264436,0.02746946515879039,0.09264756298335872,0.13904255365498291,0.08084578838327179,0.16535756421016534
0.045528113335499505,0.1317754284507438,0.11161024496088257,0.16364721208211158,0.20413827332438225,0.11760091418398032,0.07538939951261696,0.04508863426254139,0.018246915652393357,0.0869748642348481
0.10600106908444888,0.07322157952324694,0.07407492293597229,0.15374480123253875,0.029754088736288115,0.12961401875543443,0.10703764619273849,0.07910430768144025,0.1295695945300845,0.11787797132780739
0.06242134209816422,0.05663421926028634,0.01254639638599304,0.17638025722495534,0.15010826642821287,0.171811850119763,0.11349535182404695,0.14196971049599225,0.014109313625045347,0.10052329253754064
0.05492129440321966,0.10710487259577349,0.1079201380500562,0.019883187951088063,0.1464418331746887,0.07212809599656356,0.10749196108932169,0.07606122461377939,0.16478087023494611,0.14326652189056316
0.1845909264679192,0.01979660938229603,0.09272589532505202,0.06568509224353633,0.08188739710632506,0.12293819407679328,0.007549308521712399,0.0829146407964865,0.15374527121381262,0.18816666486606656
0.12977779830744135,0.06458184535875472,0.154772115950624,0.12640298414824627,0.07557011872915963,0.02815468433938186,0.16129467845880613,0.06304022541705283,0.05132336188156738,0.14508218740896592
0.17020361512686424,0.20205146283281097,0.045579173514119206,0.12665150473956238,0.05621699068932232,0.1899177444789015,0.009663459656775838,0.012993812070253227,0.034318992448383344,0.152403244443007
0.12533359940782207,0.03018141943681796,0.07858055174553985,0.11234152541940215,0.05518395264916909,0.08513501244658535,0.14362815721818226,0.021171297862223958,0.1947136564122538,0.1537308274020035
0.10359495237553609,0.0007695547121805833,0.11232747702222627,0.11576727369138826,0.09029026035381531,0.14921702439195142,0.026446403695701694,0.10779285012877822,0.1252406879109056,0.1685535157175165
0.1580012016783218,0.13410385783983114,0.12079393988996365,0.06225734080467532,0.1933569274396,0.09923572303337323,0.06595707825161441,0.12662142261955198,0.030913348306628185,0.008759160136440314
0.15185029560154356,0.03989675673322286,0.05943214949751163,0.07655934623635297,0.07474280666246062,0.14546154184009663,0.18157409983913106,0.1347772284981723,0.011518401968008966,0.12418737312349958
0.06207315090591601,0.09685226764995813,0.19351010225835685,0.03417437380262064,0.0871108045721708,0.20520754614860318,0.032470619084940755,0.03382792215869446,0.14107207417304465,0.11370113924569457
0.053022628579843294,0.004179322950538756,0.03680124263872947,0.1683094422177442,0.11642356886837246,0.18202264497978005,0.012134317834015721,0.18504160092155308,0.021515870638790853,0.22054936037063227
0.1531055358384508,0.1884780464919687,0.09138482585977174,0.05170052129152385,0.030006792650379175,0.12575105818082724,0.2173201227292006,0.015143519951151556,0.10122524438750843,0.025884332619218065
0.07088652733441773,0.15492111257459731,0.06902254317529356,0.14800703900681367,0.11053404761554514,0.05764157000523584,0.01213748589005381,0.13927699031826907,0.157927763638433,0.07964492044134082
0.03302327428159302,0.173274397725246,0.08135413822441309,0.1713665567869616,0.13004328338694718,0.03144487712314379,0.038844546449884866,0.1130335822861604,0.09675585649000622,0.1308594872456437
0.1569070621513095,0.05484731019702461,0.14177745355816723,0.15870938089839823,0.10005537380263282,0.12636423661814086,0.09067681388939418,0.0799851366365703,0.07216825451128267,0.018508977737079543
0.13042790888902994,0.11756739556488831,0.1618727447601011,0.17540296588944843,0.16981820837147296,0.01013533678141924,0.031103489445777715,0.08327953947062726,0.016035565270008014,0.10435684555722705
0.017429412453646223,0.06521101364307116,0.07420509985691544,0.08348089126445675,0.0464199823117457,0.14794666296579018,0.11763445275374435,0.05744222550176743,0.16940165058418122,0.22082860866468146
0.02219029048768946,0.082165355645966,0.15294539212779243,0.03778874195976278,0.041946482247945116,0.20961320177426393,0.02827987213706356,0.16294645138613922,0.09238618642787859,0.1697380258054989
0.03278231289390901,0.09245054726677326,0.20924742120403989,0.14471562302014845,0.21953997352893867,0.08330464353604908,0.08195793288138538,0.008244371610053711,0.06053768038190204,0.06721949367680037
0.11328242381399084,0.11373450316830015,0.03902069045369937,0.1544829107925683,0.10233681286929211,0.10614151164944773,0.0575121760805078,0.07562810061472489,0.06558152194951201,0.17227934860795682
0.18572206039198885,0.043643863253560206,0.16062026665132334,0.09705446742629181,0.16712587106213503,0.10873827400586898,0.046724357694572616,0.042158692996630956,0.08201519716068245,0.0661969493569458
0.003927562208919823,0.10233061781002852,0.14235663550350114,0.10010632097860947,0.1408076506178372,0.10322199324791893,0.0759517472239754,0.14781559639300024,0.021096224917682815,0.1623856510985265
0.1933738634333259,0.11532086658000887,0.04787328360448829,0.08117608018835296,0.10131910758528852,0.10133906764203965,0.05938463904059795,0.13843313818156705,0.09945374344081513,0.06232621030351566
0.09348805357117411,0.16369772264732524,0.13120502950172366,0.13639184530098686,0.011533175400591787,0.13373503206489515,0.048669176151689364,0.045921796187094334,0.15489853101225315,0.08045963816226646
0.30306956610152375,0.08482198542985449,0.005290528748022555,0.1609947654557993,0.006065272247474467,0.20183419411566939,0.018860191486474213,0.04305086399123188,0.13267296043610924,0.043339671987840604
0.05323741976557159,0.12193032370567937,0.03652438806018494,0.013122552742816438,0.18627326322583376,0.05022233942591599,0.11820466728161731,0.17811447520482623,0.18401023871491612,0.058360331872638345
0.13444999763167317,0.08461569786987079,0.11470572430564581,0.09108448602532108,0.12947277835738377,0.06176720581714598,0.11167458162904963,0.1259190404708063,0.09974168724890031,0.04656880064420313
0.07173597118850708,0.010232763804877096,0.13309335151251908,0.10152879099069129,0.09633694615939205,0.17111358521292014,0.1277785607770918,0.12363956268860983,0.013993717214870569,0.15054675045052096
0.1256192032442013,0.11945115796421601,0.13711898236538864,0.12099404194928502,0.10197134361941987,0.0371505099853682,0.09571533562368573,0.17070103959804836,0.06756115490309043,0.023717230747296442
0.03542975709190059,0.022933883354862454,0.09330396446438607,0.10960047887575193,0.004604198571047716,0.11876611459182078,0.177729272252157,0.08298744407201326,0.1987229175131858,0.15592196921287435
0.09036503170113158,0.017138761137235486,0.15468167364044974,0.052779612501892816,0.014480756153566832,0.09871848749232436,0.13944593229304617,0.17017402282941327,0.09074818257134362,0.17146753967959613
0.03104162135699687,0.072866382180462,0.14218036194310968,0.005494337072622412,0.07970930186313528,0.19916802561841618,0.13420256243311807,0.054109779470362336,0.15234598000833618,0.12888164805344096
0.0640325725243798,0.12159230662042225,0.08331620458678439,0.12783610327837977,0.09932218673924606,0.0924307834882907,0.05319027146393144,0.16587270346062835,0.11428600128509248,0.07812086655284461
0.020685653015021822,0.10776448534321169,0.20398729332676818,0.16717367330132923,0.06450720384094541,0.002890516223987573,0.0343960655740623,0.21033159132570384,0.1726555377597983,0.0156079802891716
0.06396242228026891,0.11995495602985871,0.07141219808389944,0.1050888273424731,0.09957008316720309,0.13303108555879287,0.09412670095620783,0.1074034203730135,0.08315333000353826,0.12229697620474435
0.028239197793369402,0.14065878837015897,0.1905937951288808,0.0268571371438097,0.003964504408518712,0.07880201740157544,0.09105258119238108,0.07362357959518001,0.19599518596995733,0.17021321299616868
0.12872440613936115,0.12801992021327413,0.11311313539069624,0.003935953197139969,0.03293060828966242,0.11393692918398461,0.07149939647497416,0.13488588000787857,0.12262778086323728,0.15032599023979143
0.058391830726045306,0.05803094259666181,0.134731235980148,0.014907496726247726,0.15540646810660202,0.11308420023679593,0.06806096661832924,0.14501643017078378,0.09549648330025369,0.15687394553813247
0.11079823207639956,0.11899328788374317,0.1315826257096419,0.14610810059253881,0.08232874787818238,0.026808898518888333,0.07345738725458313,0.03227703225187074,0.1326651689755677,0.1449805188585843
0.19368019437919382,0.06311554238922203,0.004218191813135311,0.007071646824082204,0.16291654366786062,0.08846962212788985,0.11328922618590535,0.13760553550888696,0.17540184171158882,0.05423165539223495
0.11275772936123638,0.14934516201877882,0.09909016450178292,0.08761553784962914,0.03105033603573548,0.17517264291400836,0.16323830775149223,0.011804642976539154,0.1252078785079773,0.04471759808282028
0.0954854500113571,0.026054051081171405,0.06192429884357058,0.11568742826064946,0.09369301935295256,0.14779817105199108,0.12678410103407825,0.11027566247404487,0.08480268900332295,0.13749512888686183
0.10937905795514044,0.17013153348282,0.02168066002208882,0.12043879364290229,0.0620874562443863,0.08937555998549966,0.15115267842712782,0.037157891201421836,0.15752861072237276,0.0810677583162402
0.1257229215279092,0.014515050926072873,0.15863640388492106,0.14450302465686413,0.06885894691957223,0.12021894419432633,0.13170634037277293,0.0037570744140040077,0.05256640489057012,0.17951488821298722
0.04991950298116057,0.06964318897683115,0.18539397041833658,0.13125533879501616,0.02375745109508452,0.05275979890011859,0.11608426134575557,0.18140965680126991,0.02378697087206426,0.1659898598143626
0.0391330414599785,0.023753595790032934,0.005006417797017126,0.15360604068984304,0.1263041180802112,0.14345070846482574,0.10730593035412996,0.21026387273634242,0.12225066946909335,0.06892560515852571
0.17193640078592556,0.17567546282760968,0.1278854108677663,0.1446864460390384,0.012681068116403689,0.16563154291535526,0.06883562060597578,0.061756076506505574,0.02282873401608917,0.04808323731933055
0.17290713429417734,0.004836209733735523,0.024597351238392965,0.07055186618438229,0.19772546970292193,0.1735770677801419,0.06545110117226688,0.23776201310429654,0.00996125394863723,0.04263053284104745
0.03497329261609322,0.09643371636138896,0.1768490707995216,0.016000468248144436,0.11576763161423965,0.09324027204325294,0.048522974807491424,0.06406876753619065,0.1625265652835159,0.19161724069016114
0.06238979980015681,0.15398569467720347,0.10838132918808703,0.06772426097590523,0.1870886967698247,0.00030801641962601437,0.014037312376465546,0.22523567284637871,0.09114993604592878,0.08969928090042362
0.012277810843191123,0.004990364261202045,0.21063658810673883,0.03444573921788442,0.17842680937138933,0.19518355090795153,0.06758219540976397,0.03260576218895021,0.09304704516289804,0.17080413453003057
0.19119270120675172,0.0029096467509600044,0.14164622870644852,0.0464792766898136,0.1924962773089889,0.03409653416919324,0.03700811382852395,0.0883615651773888,0.09679406203680671,0.1690155941251245
0.06391579653184608,0.0598242414628213,0.06105256426244109,0.12802331611937248,0.14749810970125332,0.08593182466283,0.16008691513184867,0.19017095429144115,0.09233349102118217,0.011162786814963535
0.18121114608989541,0.14901188293861567,0.09902992333701371,0.08396396930743859,0.005567157013750494,0.10208385098216603,0.08988241505825822,0.0756546307682679,0.126061964637281,0.08753305986731301
0.12795644435465184,0.12035508852043687,0.10223118098662803,0.047310397614218916,0.0838136556294303,0.09289466860377275,0.10861125836109424,0.07575395018630177,0.1495312371383757,0.09154211860508968
0.16323731475999165,0.07332139261233431,0.14131389963233087,0.21163947147409445,0.0606178073680018,0.13960614153236725,0.05251728821926843,0.06251654349398973,0.0009517661563355077,0.0942783747512859
0.1041360101639961,0.11644806905429772,0.1636465270528266,0.14842147888627594,0.18019383793471555,0.010753440238764962,0.06253082355658907,0.08282588236379022,0.041352732408778264,0.08969119833996558
0.14009657684747065,0.10291200492490482,0.04789294263100838,0.14396515212645372,0.11001850320610537,0.03922385712031464,0.10994372177924887,0.03732203599031558,0.15573651242749714,0.11288869294668098
0.07501128990971533,0.16851487897972553,0.10886295449778476,0.11525935790149408,0.08617196300710106,0.10856208550456097,0.10787086733762088,0.12521049648377744,0.06658065780029254,0.037955448577927424
0.015689021932591043,0.22705018383386483,0.16069527324643762,0.1262186876438252,0.008358167913854523,0.11242013636224289,0.16194857516696248,0.04814080878670919,0.09203568491948762,0.04744346019402439
0.07240775245683312,0.09693944502428602,0.03141802535978456,0.10082883200702553,0.031081720699618308,0.03003315166717069,0.08797650753737032,0.10027452476704092,0.23366667809894526,0.2153733623819253
0.005356289978406114,0.16843209660523764,0.11890857999787724,0.12041995767998,0.2006430139143383,0.06202135508919316,0.05642799345163024,0.06189026669555911,0.0057670691031721,0.200133377484606
0.05175475268316387,0.10661235359634048,0.14303238225769338,0.004734949218874176,0.15211453807024572,0.1257338196769511,0.14200795098630495,0.01350982869940131,0.11238994128896845,0.14810948352205655
0.13437502447061125,0.13336773834112692,0.11225550965279538,0.029751793731970098,0.14095738122725424,0.12769039816239314,0.00669422878868637,0.1182525732225617,0.07033231801649503,0.12632303438610576
0.11776471094633296,0.1436854017910139,0.153012609822962,0.05226186453817134,0.044300031952943617,0.13062790588867132,0.12011241851291049,0.0428971731056968,0.048547032002134186,0.14679085143916346
0.033983018718166405,0.01315195459151503,0.3371247461614784,0.14147212812108476,0.014081533372110887,0.04716309138767576,0.10746198513977073,0.1305018903868438,0.013639627036057844,0.1614200250852964
0.12091242288705571,0.11298227365798238,0.12756266962246732,0.11578121872641944,0.14230257763376725,0.032990005224539765,0.03839507173613974,0.09287554061863659,0.01630652117008351,0.19989169872290843
0.1651850089556078,0.06938808959250313,0.15323920630364612,0.09127577317220767,0.15554855068436774,0.0645361397651944,0.056689036375178956,0.0400705841227758,0.13455892258157928,0.06950868844693904
0.02796703685529325,0.16743306343895853,0.19527403463361417,0.10718471915082417,0.1468731391295165,0.07823284474564038,0.14843828246249044,0.018608386264194508,0.10549547046176426,0.0044930228577037806
0.14911770280251738,0.019662379081375386,0.161136547270502,0.12863952461329056,0.08361915938276629,0.028251518803179224,0.16406552102132144,0.044154097916068114,0.16922538436338955,0.052128164745590004
0.05459526158282055,0.04515160027822328,0.0733763321170077,0.1474169089067596,0.14878228641587762,0.11751071551145396,0.053263179762236997,0.09356909988465756,0.1141827454668034,0.1521518700741593
0.09340979236258655,0.08652954072509267,0.1352620477649836,0.09380472049920877,0.06579758922350909,0.1175502530872103,0.14046123480415773,0.10758569441058105,0.07219086417426264,0.08740826294840769
0.12861999214402126,0.013947964520506438,0.04258416499245756,0.10104299266523274,0.01684324289358223,0.1757868562039383,0.1717305131392306,0.05022929339288625,0.16576503394934078,0.13344994609880373
0.1159761239661692,0.11522279538985564,0.06087800904274209,0.07901835574856583,0.16424836723211506,0.06716578969240375,0.047132398029864464,0.09540140415938532,0.13357812486035056,0.12137863187854814
0.06939713208275398,0.1293129473949204,0.025444933078262722,0.11923227468826836,0.11578959210816692,0.05242700281651451,0.11824498371947956,0.26534886776841643,0.08467926052308201,0.020123005820134925
0.05727237616180212,0.12307129463397586,0.061541116625949785,0.16533285380243246,0.07811640191225669,0.03914426542410078,0.13197918351331697,0.1634057384604888,0.026586528564985615,0.15355024090069083
0.19950328920096524,0.19373119954745266,0.12443013261058175,0.0580955469982632,0.09742212709980932,0.047617964635448304,0.046971711658363204,0.10698065902232753,0.018342407491130287,0.10690496173565842
0.10808197068150145,0.014403785955320906,0.015098641365231877,0.16881150551726076,0.06823359904625513,0.1897618639975846,0.07204316451879744,0.06816749114714861,0.0825932035785151,0.21280477419238425
