i = 0,i = 1,i = 2,i = 3,i = 4,i = 5,i = 6,i = 7,i = 8,i = 9
0.08679274738609445,0.1781435107415,0.112289213267932,0.03937983793462241,0.07080348294790785,0.20434130198719533,0.13628607024914918,0.010722096960914076,0.15460659427392967,0.006635144250755149
0.31714059436876424,0.21042526221406385,0.04104577519293743,0.04608411972312828,0.05448033553184364,0.06586521953159453,0.1997909121657448,0.008342401591474279,0.052168739506010225,0.004656640174438714
0.1072330416466954,0.014712560019243672,0.08718608546074912,0.14245657593596567,0.15828432902028694,0.11350176540612358,0.003990750322240946,0.02420324258956449,0.162466484207321,0.18596516539180913
0.035874220940093245,0.10213623002465592,0.15861314449340636,0.12377466596309473,0.12395142536587635,0.10310966768378574,0.0037629535321104853,0.05862697539831532,0.23009273962936436,0.060057976969297426
0.05660859795542186,0.047384738706573386,0.13693821276281531,0.02689152003262219,0.15732273583691855,0.18852939562262083,0.17665656071069064,0.014731779274874882,0.09713062524784345,0.09780583384961901
0.12329234250816486,0.04613745140449575,0.12694639397077143,0.14174891363832806,0.020945617388828247,0.11919235059855088,0.10983958445088453,0.07186987279251224,0.13059404464354857,0.10943342860391556
0.0861239294733644,0.10361362467757863,0.1700596629816105,0.049455241584809,0.12916768918935398,0.15775369677780704,0.021380231014096064,0.10813798217353726,0.0763969898059793,0.09791095232186373
0.14359260001942348,0.12681125266762994,0.06373081715578045,0.1170003278651882,0.15748933935240444,0.04101420388806353,0.1602468836199446,0.0022865835051170216,0.009696031353785503,0.17813196057266292
0.1443457497897107,0.04416755584953672,0.13110032554740042,0.08081001099662491,0.15103053317907764,0.0974037971753035,0.00574673363243734,0.15642651943786248,0.056338827910600964,0.1326299464814454
0.05622419645089371,0.15185396751659833,0.11903436868602357,0.14576549363077843,0.024247938611065025,0.1094748954885963,0.14765332191761127,0.10898713625345828,0.021054689743106005,0.11570399170186907
0.09064602444320616,0.17604487513070022,0.10115053741328756,0.11958997547102901,0.17482479810716045,0.006637226711168858,0.09494511032607711,0.006619466293493383,0.060237835231885896,0.1693041508719914
0.024924737135155528,0.19434334056355917,0.10331781995062869,0.03615932591661895,0.1331330492000619,0.015539229909271991,0.055206886327791624,0.1346156546955145,0.09748166860987849,0.20527828769151918
0.08845034857763444,0.046536740506448945,0.1675061149560262,0.014529820613321361,0.1096749754295418,0.08153670688471876,0.11294191163354349,0.13793457888055952,0.09173123865782672,0.14915756386037873
0.07152337365557382,0.11680330843541596,0.09925503039174653,0.13563929016565035,0.07140959881577509,0.11062894289871422,0.011919987096723594,0.17330794063199975,0.08679764428069153,0.12271488362770919
0.03616386419692238,0.14337323962586282,0.19483038372622152,0.18244450024390388,0.09373815911337878,0.09196092642958625,0.05022938173787905,0.0554438930324563,0.12682064012086341,0.024995011772925565
0.16126887054446848,0.04966367002784215,0.12679217348309943,0.10677733787253424,0.09171136295466428,0.18714395255833585,0.15344281659216757,0.014538142466824054,0.060579129926042814,0.04808254357402124
0.1597459129236105,0.02231500705094416,0.05882535362361087,0.047283370826611555,0.16832625257429482,0.04501935785675605,0.19295815214232284,0.0896647219926404,0.06857556527411923,0.14728630573508947
0.0360334103046877,0.11968515764624905,0.13572892459330674,0.055962668549555304,0.1277531120209192,0.17800011314756717,0.0549407310840196,0.1739323580665252,0.008012830273573123,0.10995069431359698
0.0591352876990314,0.2016839879903491,0.18123490701192577,0.20290487058791187,0.05238842514912196,0.006611971273256263,0.07153266181378216,0.09757781768692356,0.007796758360487915,0.11913331242721015
0.11342479369818269,0.11124666720334166,0.13064449986886947,0.08074259054958649,0.11203012383052591,0.06633010642041252,0.11390724234037355,0.09233777331347418,0.05845623700676293,0.1208799657684706
0.02039994623395741,0.03768335746552217,0.04297015896781392,0.14094712669680287,0.20828124199762196,0.08564788876774876,0.03597067304998011,0.2310725774573091,0.07744681842961575,0.11958021093362797
0.06807161102175875,0.2594027771397038,0.13353833649349559,0.16971105886466134,0.05191426308142267,0.07727176415002178,0.16012827439209398,0.03300574439949665,0.036717576561036996,0.010238593896308495
0.14648754926143248,0.15027525340372525,0.17120188583653306,0.1489736758463821,0.17953876882245912,0.04524722071384142,0.12852929076606937,0.01753087211519111,0.011656175450617997,0.0005593077837480094
0.011779966448469572,0.12801533096618625,0.13114092151986104,0.09757061188192186,0.0846832617167427,0.15929456931092345,0.152918971584621,0.1079976801284967,0.039258734707815345,0.0873399517349621
0.09681240625898332,0.10411358982811338,0.05893450603907671,0.09332898303082128,0.1281791890316319,0.008667203708804453,0.026453925888266776,0.17355296875091994,0.09485281020984747,0.2151044172535348
0.00927673872817364,0.10164311325335039,0.13515030754206542,0.12821521807071082,0.06048666748057093,0.05003066578095368,0.17870733327907687,0.16610872014595884,0.160262477137592,0.010118758581547281
0.030334535291712074,0.09738856803313574,0.12599911630438917,0.14292626166301403,0.052425938800485884,0.11031446893121566,0.03549933238456767,0.17792828437029554,0.13782495051098284,0.08935854371020127
0.02969048890533799,0.16111190855762994,0.07767301694080742,0.03990451579917423,0.1446545393077948,0.14966329820377552,0.1736676601600079,0.005705914100055135,0.17155872816189285,0.046369929863524194
0.13837458586163914,0.004719163461933607,0.12497057016527553,0.042985426356519606,0.12202644018069031,0.1004208074712298,0.17652514894319282,0.16294396844258618,0.01681873313730641,0.11021515597962658
0.13528611470464685,0.04531977608951077,0.14149010142404092,0.10162879556939115,0.06724286756490426,0.029548177961585577,0.15060677832208721,0.056205326887340666,0.13125757335417532,0.1414144881223173
0.11290603185531169,0.08214134654195153,0.007453327926127565,0.03090429686772612,0.157067785943361,0.19603389743537278,0.12955631761151792,0.1201533921398479,0.1410914055324889,0.022692198146294636
0.09187552345972934,0.132645284359078,0.09316999586989246,0.1427474606937212,0.12873451066532685,0.060031738084842155,0.1357701074696967,0.016897294467005712,0.1537417279131167,0.044386357017590784
0.024316179513828216,0.0917017765870836,0.08213850252905489,0.10672735389592904,0.010327882383705493,0.09923603322989596,0.18189749232263153,0.05989800164295196,0.19059861079633555,0.1531581670985839
0.04325426857137131,0.17510672802539604,0.09945286469255528,0.11474669321770331,0.10314321112955094,0.13091630909345336,0.10718365579724713,0.05524187507039965,0.026856174361376068,0.14409822004094713
0.07202613978650399,0.10929851240096106,0.08832511494413839,0.2189813511376891,0.15033071289800307,0.09660275854453823,0.08948212824730518,0.0034026943584143554,0.01386613788577006,0.15768444979667648
0.0808695364055102,0.08636021142073591,0.17431506558445756,0.0008110335273509523,0.08805942467143221,0.03346792296908921,0.09258630439750067,0.13627917066427964,0.18686443684744303,0.12038689351220071
0.04021134748585219,0.14506441002683357,0.09126370029019382,0.1405790935132848,0.05787126404190879,0.1566829315019981,0.10541539979897036,0.06925213567552627,0.09442623941701314,0.09923347824841895
0.1538553110356338,0.12603638260369893,0.09879983304713805,0.08347612931481078,0.17272926051296486,0.0900988714503488,0.010297521522558554,0.07122080981465297,0.05957315731171187,0.13391272338648152
0.12029266558285091,0.07019419786545503,0.14878943525255175,0.10254580147053628,0.16895900180891765,0.19805390852065852,0.03720526061699272,0.05668346653769558,0.0840207304719255,0.013255531872415962
0.0346159042660548,0.14457222067553385,0.17107474669311074,0.0461508126256321,0.13925047238263577,0.14790324535780186,0.10228920083779114,0.0349394721601468,0.14273907815965733,0.03646484684163565
0.2168105746032326,0.07157112017017678,0.16812460037234417,0.0442094629457061,0.037818622727187355,0.07102541600609046,0.016401808895050867,0.21995669068909965,0.08366975530131883,0.07041194828979325
0.12562204045754138,0.06039135935740269,0.06506521884052653,0.020250768896136563,0.15624822949673403,0.19120568592092724,0.1096537805597207,0.10635164602436528,0.04851299970477537,0.11669827074187006
0.1462940808331233,0.13952777426520838,0.029944997989318604,0.11743352595590024,0.09476266545925242,0.08410284042195167,0.034129395695044806,0.04781026939385828,0.1837160249634362,0.12227842502290594
0.10625004428218138,0.1340742359675448,0.0741563686483293,0.10636623512042706,0.11653858794624299,0.105855802633359,0.11360230841471285,0.11167254635319161,0.033845554880349,0.09763831575366187
0.06310878365748837,0.12574318406147253,0.14852044228431613,0.2015396933208224,0.14166117463679598,0.019334970782060344,0.10514772825117945,0.03209978011925444,0.09981078330002852,0.06303345958658182
0.10996864151562843,0.06499455947512717,0.13692540463517205,0.18783198184027883,0.23839442734455715,0.002993568141992204,0.006656118216045245,0.17378886878499644,0.0364055881514786,0.04204084189472391
0.044294038089747016,0.1127792818182426,0.18525762826700645,0.17196517945404916,0.13667280415696872,0.022317157502813732,0.15776661563896485,0.06191762436943301,0.07047622094049273,0.03655344976228165
0.06077863190140063,0.1743682273378391,0.022409815759586716,0.10866928246101934,0.15953927619749117,0.0019672532432285293,0.1052006506560939,0.0432824134664799,0.14096688672240215,0.1828175622544587
0.13398069768587112,0.12752464573889635,0.11014945661572013,0.10212207220371045,0.0934632145796381,0.034205925156981815,0.04911068056803669,0.07114215247387258,0.14026605262192599,0.13803510235534677
0.06205773945457563,0.08329122809338899,0.08326755361872316,0.01523388264640588,0.20048131529344154,0.053693359449226,0.10330901211040151,0.1764494264432412,0.06146951378367515,0.16074696910692088
0.14368658307991677,0.11296827599856389,0.16188383193032088,0.039414030084809815,0.06688820224161933,0.16563902337127137,0.1309178903460667,0.04992874905252707,0.07748359592165571,0.05118981797324846
0.1443578017311062,0.07984515112110561,0.08479462477386242,0.12229769922948105,0.09363514255258636,0.11480484238517853,0.08017122172853398,0.12980698379771136,0.10387989804767365,0.046406634632760846
0.09963409101971328,0.12399033065162313,0.08074330629236377,0.13744294550267705,0.04008154207988041,0.10508171067675355,0.13536573958812828,0.0390450643380596,0.10191783816995184,0.1366974316808491
0.16797162709655344,0.1074168339104678,0.1814375493725074,0.008163426028240103,0.04144983858140743,0.056757595290315245,0.09581344471189272,0.09032977913078585,0.10859384835061645,0.14206605752721368
0.06038400660612509,0.07255179244510422,0.06674337094746556,0.18683008975739035,0.07554347791334583,0.0992473364178172,0.025288372838164198,0.18138681151193561,0.07518035092801235,0.15684439063463956
0.03802360143343,0.12137559578870172,0.0926194869083465,0.17154780072888304,0.011423205783577276,0.07414023903168264,0.11946332090561784,0.10774546429931092,0.14546687732429534,0.11819440779615459
0.01355926853301469,0.016329148301709884,0.16728879183529394,0.05192625519335509,0.1830700803037229,0.17933046359511468,0.1515105941630207,0.02349621307241471,0.06643879142674833,0.14705039357560507
0.06503006141097455,0.028597324936774728,0.08294331792994833,0.1124067715460387,0.18603087915860633,0.0484448792569866,0.09248980858604766,0.180622016692799,0.03828874596011098,0.1651461945217131
0.13521759057901372,0.10330000203299337,0.06194043027737644,0.14741366782424548,0.06398200648045341,0.13687751449083035,0.14558425703452715,0.05781973156454531,0.12307655310185682,0.02478824661415792
0.13345279108986782,0.11371245338851096,0.08016310225099023,0.06471776757338031,0.1435561748846715,0.0811074631720176,0.13171819846482702,0.07826669538321111,0.0996033628172086,0.07370199097531478
0.03270871806849242,0.14494578910871145,0.14825685924311194,0.10294138636173805,0.07434699689045672,0.04608808581551249,0.13259672400565195,0.06421938504251805,0.10542176747801067,0.1484742879857963
0.07568184197790999,0.09339428872829238,0.004180010446522346,0.12570707533632475,0.14433773168151873,0.1375243132133588,0.03843633157136909,0.134988847800972,0.1071330031813665,0.13861655606236534
0.09705472387336346,0.10725870113690568,0.043448239668124014,0.1371014443483239,0.045926023278195706,0.023398736555929722,0.10269797181442208,0.15492880260903208,0.2556838273243609,0.032501529391342515
0.10420050510878956,0.08656639941427714,0.06793396076513077,0.04769973313651689,0.16026551413359372,0.14911543123553814,0.16314497043358606,0.11757814531451757,0.0016404896526097726,0.10185485080544039
0.016281594438554266,0.12180477937510449,0.06043714036679038,0.01137719877224908,0.2573147682888966,0.06355540017279201,0.14768022118812812,0.06039143141678339,0.024245667226887143,0.23691179875381455
0.14171243403253198,0.11741660382603691,0.005385964001922786,0.04239648212322248,0.07197108639134417,0.11486234678528391,0.17019909261551416,0.1511204930129286,0.05941635334671933,0.12551914386449578
0.1722466741934109,0.1788075922562986,0.16189819522295418,0.13080895840487647,0.16624535513305258,0.003199174133716981,0.00738550528638297,0.12047667936164283,0.04966421357712708,0.009267652430537369
0.23042072441374514,0.08368410652737843,0.03786783603752914,0.04509875637542234,0.07574329276689493,0.012212857421293992,0.10048238050507989,0.16720614342045784,0.15516111252464593,0.09212279000755244
0.06565633824207963,0.052073352029530305,0.11590306865758626,0.15812887744980345,0.010280320469091421,0.12287198667643932,0.17387831615914032,0.10938652035745569,0.10662183606708392,0.08519938389178955
0.06345141346512922,0.16907705638925158,0.06062196326947465,0.12720550347081735,0.08867962782967007,0.08444964777291952,0.10732143140793637,0.05206893219589413,0.07742128847734388,0.16970313572156312
0.05747145434931258,0.11199429041684786,0.05761237299188064,0.12356264030805192,0.06992411170517175,0.034471414938794395,0.006413045570287764,0.20427938602433512,0.1339027392216083,0.2003685444737096
0.1188165870583927,0.1163548981238446,0.11112053234187375,0.04955259398343949,0.0016654494793861582,0.2295875059651422,0.24474587825230165,0.0050374339720876465,0.02364817926428096,0.09947094155925089
0.024522338182912003,0.009019426256186742,0.18673223528243776,0.05051430664180827,0.0736870296348249,0.1680798192788065,0.12017160107656386,0.09400599719562039,0.07377440172149592,0.19949284472934348
0.0992853134937026,0.15143621443118566,0.07733397642112405,0.04520959431606726,0.041733401216376954,0.12195953404960673,0.13501967152773267,0.0583551315582354,0.16839210460544182,0.10127505838052683
0.1250671380699294,0.11320329213085467,0.13047718418986234,0.09451232174006936,0.07473050162317267,0.09475368283391991,0.0572608274737063,0.10083405765874923,0.126960097142376,0.08220089713735998
0.10071802493899619,0.16652712297632874,0.04227689535071043,0.13313506226750502,0.13426638826607495,0.054128066172891516,0.15254416634988194,0.0872121991356507,0.10602499135071126,0.023167083191249133
0.10266518758527313,0.10283372704552197,0.1252697708023014,0.008181500352427259,0.13710500273679785,0.17820607117720555,0.05746128278650809,0.020804387307858545,0.1473621287014537,0.12011094150465265
0.196660747081301,0.11145562656132907,0.008846792096959953,0.10584542689904375,0.07433536031957937,0.08797336636387174,0.005521145533018214,0.17026043549715456,0.059473566808585385,0.17962753283915708
0.148036960459652,0.05991036517816472,0.11363108711744623,0.1806091399515518,0.09904243630214687,0.045012513177102996,0.12384616110809038,0.09681524265768211,0.059161539357609545,0.07393455469055335
0.09518615119064776,0.15461781604199368,0.118625420874257,0.13444790512225852,0.14984782435565003,0.03397604890093446,0.01934840403153497,0.09302421426986644,0.07278741747351561,0.1281387977393417
0.06839129406979938,0.1282888501577654,0.15202284191961365,0.11969041589561759,0.0664308242195878,0.16388144890163686,0.1782773338258618,0.02844074615842714,0.014818633323075172,0.07975761152861535
0.12737917780924554,0.17856988369271778,0.09485161134131591,0.009415519773845112,0.14121363406025558,0.06096565221962792,0.16637964893434293,0.06052225864148755,0.020977640313930658,0.139724973213231
0.2142019194239804,0.007370006031935459,0.08561984328770621,0.02075295423211862,0.09053450651490683,0.20537848775339143,0.21018716500290385,0.05064133048078224,0.04577928009866218,0.06953450717361283
0.13570229914277895,0.17363270898724653,0.04645138845653561,0.17375208119411129,0.05089585443241354,0.11795384751438001,0.13270144207500786,0.054558160483800806,0.09806576367598058,0.01628645403774469
0.16629871387062123,0.09388758478657865,0.06632792094777937,0.12351617777570525,0.12755091835960752,0.021572055916858686,0.04518052320556422,0.1136853254842434,0.1365260511740576,0.10545472847898406
0.015608582138735453,0.14036353611870375,0.13234271024070704,0.11462531502619716,0.1403292777035421,0.10332183330734514,0.03033502421508106,0.07331215339433628,0.04341663438215791,0.20634493347319413
0.09446227828020239,0.1501734881899913,0.004858158353720576,0.11813254881493289,0.008689464625999272,0.21968019516854662,0.21916868473797996,0.12776902179431185,0.019332765975034565,0.03773339405928062
0.2381684740809796,0.008758662629851725,0.1361110427783195,0.1833964829806461,0.0292939828775033,0.0006139417568165854,0.1219872405017156,0.08842793567824597,0.02932988936738118,0.1639123473485405
0.02357832157418592,0.1443506589119531,0.10852310288500262,0.1750142431285765,0.12394662464392157,0.09314883435864402,0.046525178536633176,0.07309351035128783,0.12159615322774231,0.09022337238205295
0.06663029824140508,0.019309568768351163,0.05270655658431278,0.18750847615617347,0.019588098457685575,0.1941857268415378,0.1642811004759134,0.11038261397967697,0.006243204250243709,0.17916435624470017
0.10570062757558227,0.1163138767553985,0.14114923742611682,0.025428538303327794,0.0984992038242638,0.10356931641710543,0.10008841876342833,0.04548286960738486,0.08950021294356415,0.174267698383828
0.07649953390162306,0.041647403619999114,0.08380792575580454,0.16907862387552855,0.0896041646203768,0.04523327295784219,0.1208519390041341,0.05985243255029411,0.18313088795767085,0.13029381575672663
0.1835345001501779,0.16771869680085483,0.14225538102640178,0.019916067313571935,0.03178321578356392,0.01495941646523086,0.0549280948698691,0.11823649207327692,0.1244346430409037,0.14223349247614903
0.09340320861816433,0.07843678799365117,0.03310754716630055,0.17055402640004724,0.07334065434321717,0.1420945278459348,0.004376914544445783,0.13893965149054346,0.09551011235116798,0.17023656924652764
0.007261293813306744,0.025523243736408116,0.17119010732580991,0.16124469064666444,0.17455609631196156,0.008465695886647273,0.10812851735491169,0.1543148372734526,0.17550510340607986,0.013810414244757659
0.10470359152636356,0.020581652003269158,0.2537802217328524,0.0006165152618819988,0.05345189706160815,0.11602788636376782,0.2405378202842678,0.04952249827868043,0.0038514824456683657,0.1569264350416403
0.22687193692665963,0.08651462498563774,0.16936323277341747,0.08307629299085284,0.11935607069535156,0.062284509636000095,0.12274601081645721,0.027048262906356393,0.08596821462506987,0.01677084364419714
0.16791829753531215,0.0904591220867003,0.08718135091470862,0.013454535596643322,0.13762507799234375,0.1371048573702935,0.11373675749095695,0.15679111373221466,0.08204822410910795,0.0136806631717187
0.11972326151334901,0.058287601187647954,0.12968699638809103,0.10915642724351787,0.13602901995380506,0.017112014588489433,0.047357867308407395,0.052683695405042905,0.17514019435268358,0.15482292205896586
0.10011378593684597,0.09767408629935628,0.08866719090490902,0.08842100536551949,0.11950121356136963,0.10513673844619176,0.024677204051030282,0.15974102275096747,0.14366653995285644,0.07240121273095362
0.16039226772511989,0.019261328533398514,0.01592441742155416,0.051160393498502446,0.04538214114055285,0.2248444406541081,0.21127355674526838,0.050956520931627294,0.15892647956605546,0.06187845378381282
0.03125194148922409,0.13200915543931616,0.08177383324734838,0.0394574206589311,0.17782606959845101,0.16910297276738862,0.1486966707359094,0.1343526469234155,0.02516367466816649,0.06036561447184921
0.17257197625532963,0.151704502163152,0.08830343308328366,0.018014078138485587,0.043999921176656784,0.09922456309996754,0.05228108860505648,0.08334511983804967,0.22566257568126682,0.06489274195875187
0.10494109705405215,0.13050032797342975,0.08906819002926132,0.14092442531786442,0.08021457973543795,0.05200441279959679,0.13219045869123802,0.010466016191620037,0.1456254870194926,0.11406500518800695
0.1589346336726628,0.060489755188773,0.083669999979684,0.17046067644827312,0.15943176955053365,0.07681313834436182,0.052917284722257714,0.009265000845433623,0.10730397086381445,0.12071377038420572
0.17128792753373953,0.03286907860058005,0.0023487319468153112,0.02395646318164155,0.1827143069387191,0.08654666122468521,0.1639770771846101,0.05721390900221185,0.10077536689537699,0.1783104774916202
0.06892629706793399,0.040266362979940504,0.16834866214045663,0.16364562926259532,0.11592675949806525,0.1037909161679761,0.15609690524450145,0.009117986017570604,0.10721775647960619,0.0666627251413539
0.14171123703945795,0.11786200999686249,0.07779338362812444,0.01548515281010821,0.06092790039422301,0.1562985641935416,0.1735510054848775,0.1037013264091825,0.07462586740677567,0.0780435526368467
0.2248461433232302,0.10959683472650622,0.03931820135951735,0.08739326161518582,0.020090357349447092,0.031197013369724223,0.018058091209586544,0.045705938861786886,0.273456191655326,0.15033796652968967
0.06504472992772194,0.1322835385693053,0.0014783601892756338,0.16218434696755435,0.10450173809244553,0.07265817891914074,0.10352607988265095,0.09258977041893265,0.0930963968036098,0.17263686022936314
0.19010584334681596,0.03911956769352505,0.014109129894755318,0.15299845749252278,0.15818064250077035,0.08051397390839315,0.07000617785897609,0.1546488381741649,0.06078141403662437,0.07953595509345206
0.023785776657655515,0.014737532457437074,0.14948503255133253,0.029311695113860423,0.15306709758839082,0.11884370018637253,0.12851224523987678,0.14821283378231734,0.08531816370256538,0.1487259227201917
0.14080734064833184,0.014813278470776953,0.11808450451655951,0.08678910136018622,0.07783785021738338,0.07058995721950832,0.1598152426193063,0.16948596667203267,0.1325419342325901,0.02923482404332482
0.019672802750853056,0.16894516048808772,0.14205052813312452,0.1747251248620238,0.13963459673399609,0.07252992005667591,0.13805632251531522,0.011719178161586406,0.1251087510605619,0.007557615237775315
0.14170117443706495,0.08295752019333924,0.004324318711216512,0.13949699727141485,0.054041854613819454,0.09224987721826527,0.05661209380286939,0.21615073248908065,0.11092046629555673,0.10154496496737292
0.07902285815343997,0.02885499396923377,0.16121159159082954,0.15322663298253195,0.12238804555467982,0.020027469261135335,0.14518041052687178,0.11875739821690673,0.06593395082943393,0.1053966489149373
0.03382968409044544,0.06789496064899636,0.15630609034041235,0.003830165930921443,0.13747088062243615,0.11595820510323444,0.15094968951227447,0.1463109788511527,0.017160817163171374,0.1702885277369554
0.08950592142960005,0.09807975500306779,0.1638963096695467,0.10489104986275481,0.11738118385860852,0.13668585795542318,0.05800095036203819,0.10854760605762011,0.009904187206780941,0.11310717859455982
0.1005852773104438,0.1275840258778006,0.17703134510588192,0.1578689643077229,0.006323288660560939,0.04762792990519364,0.046029146391075935,0.05947884451670448,0.1314132331502548,0.14605794477436104
0.014061639387641588,0.13907723094575689,0.1065572716795475,0.10638909959019333,0.1314551628045292,0.06953935561750257,0.0983144382143441,0.14631232186705778,0.0971630988167976,0.09113038107662952
0.050914904481719474,0.06171855560667002,0.05276612296531966,0.07755760494556217,0.11156069613017375,0.13263903962313478,0.14473853024073866,0.062435580991920515,0.10884925851652663,0.19681970649823435
0.06930788086508789,0.1662831578729914,0.002020966847012096,0.07375140681900842,0.10862987374918044,0.14882112065787476,0.07022619984519432,0.08582251566550815,0.11979990853762819,0.1553369691405143
0.12549315256392582,0.12038089119567606,0.037028262038052775,0.021559204101052668,0.1461249362902657,0.15511220359060834,0.01590344070291635,0.018844274329085933,0.216517590206105,0.14303604498231126
0.1019836386140318,0.013402462003964152,0.12535303942897466,0.09405830152971577,0.1205385575820401,0.09517859373821953,0.18455417194439236,0.12516065790622485,0.03418783903918648,0.10558273821325029
0.1829537050446605,0.15052468486771106,0.04050116148315291,0.10984051863135742,0.026667639174203017,0.22126379952377018,0.01613799837824735,0.06267755744052138,0.0018441179907845975,0.18758881746559158
0.06882432870146321,0.17501281806348976,0.20525989613775947,0.04847069927938637,0.058056984777459554,0.09589033630376802,0.17841196111360955,0.0657055695467484,0.05730076375771856,0.04706664231859714
0.1308564319498494,0.02529193558673839,0.1290606823949305,0.12203274005002779,0.023487568544784312,0.10056239570968149,0.21433432693535653,0.09439353335840343,0.12427289120185737,0.03570749426837083
0.009089725749664898,0.05178049525228481,0.14386057438901448,0.12305784879258991,0.16688696640139195,0.17715045761813558,0.14168040628332657,0.028051820525824892,0.0380724425950408,0.12036926239272605
0.02025892408984244,0.009935874128301313,0.19488876819029496,0.18654256841811037,0.010224831870226174,0.1756561470731391,0.08546399551195598,0.10371588305304706,0.15952884246249824,0.05378416520258441
0.11794594648820725,0.06980273323621107,0.14195615674567386,0.0214222010599654,0.16582877978175414,0.09851556117597207,0.038804986311978686,0.10965122760408577,0.06755740502896786,0.16851500256718394
0.027664096241779155,0.11103989088512498,0.1308760628250327,0.19228670218372554,0.08240849263507369,0.12185975944464263,0.15909462074806782,0.1010451983918867,0.06065045908517052,0.013074717559496336
0.10168380391304357,0.1773288434069992,0.029484719219934348,0.19610154533830032,0.025366168466675245,0.09121231422165431,0.17206151863355768,0.011632320551068146,0.12451639646726519,0.07061236978150189
0.13365511275385805,0.1585246839484101,0.01582999625781965,0.10967028651244615,0.1492904283723626,0.024117276918973838,0.04938066646051096,0.14822679297175012,0.1522225691177826,0.05908218668608576
0.03977913593605839,0.053810653372573326,0.14349026652538557,0.14772649518748387,0.17797993558277214,0.08183959488713036,0.08873296153191182,0.06902125238824779,0.06335487927786955,0.1342648253105672
0.1714443906409237,0.12201018452207253,0.02337537457699939,0.011421228594295557,0.023155868073118126,0.1368015109608646,0.1631406911871349,0.0916064779260679,0.09961837445596901,0.1574258990625544
0.09636065074776153,0.21514440108343622,0.025125595242091275,0.065220355311594,0.0401711416522892,0.07348614835448755,0.02552217050973782,0.006575793043598379,0.20396825654573855,0.24842548750926552
0.12313031575630408,0.05969314329863929,0.15756887474977638,0.06518058876993903,0.23439612407747398,0.08392555219235973,0.017698769075465873,0.12403203076065436,0.04740636776551058,0.08696823355387667
0.05978973574048468,0.002367603863406987,0.07628787553381156,0.04315858593035702,0.08676360425457563,0.1420066187260647,0.17715231725666392,0.17704229346784336,0.12257399597634229,0.11285736925044985
0.16077646179960361,0.12109816458423386,0.09372465042207591,0.14171064351419196,0.06634842310153548,0.036157039707031574,0.10380049012528325,0.10791247198409887,0.07215231835102624,0.0963193364109191
0.06380467922624952,0.07362760279607217,0.08677911666389515,0.17564346370205586,0.03629278940636737,0.09670344975946202,0.12252520100302666,0.12131126267020684,0.08549892035850541,0.13781351441415893
0.038822370929073,0.05846324111815471,0.05095705195637774,0.10758744723737407,0.12075540009975286,0.2057084889740875,0.017241206535281533,0.0894463041900751,0.17487288249301353,0.13614560646680984
0.09035013590051083,0.09295379742641571,0.2081947071742624,0.02620490802677061,0.0947090623423221,0.03600523186417945,0.1101203953776198,0.0844216445954921,0.046048689421129295,0.2109914278712978
0.10640301855242272,0.1610253187969552,0.14121592540104838,0.028661028133728474,0.01332051739761292,0.14837169520881646,0.03847004801597587,0.11477744062383949,0.1995255285757215,0.048229479293878975
0.20483272546915374,0.14825721563122893,0.008250330463912511,0.11937448829927247,0.2050620265053127,0.04653366231652438,0.11124370102174946,0.09330682412002124,0.04320969911871972,0.019929327054105016
0.04876827329725434,0.17484204168685508,0.1978148101035346,0.01727665591692982,0.09806899252542677,0.03363731499662103,0.15228439048756925,0.0980536062613233,0.02593560734984171,0.15331830737464408
0.1379365046541702,0.08010924474985537,0.149100903459449,0.13278530199725727,0.016454130662760653,0.08897565309541937,0.0202413908371612,0.13759570561682916,0.11431649133327472,0.12248467359382302
0.05478465043881048,0.13061019599798168,0.009367797947735039,0.17155828451273158,0.12461830837793675,0.07469540146060039,0.19536447143680047,0.01887525008813701,0.16050917483769012,0.05961646490157651
0.017008402949115563,0.09572108188479729,0.06456703378861929,0.04954882402987416,0.07949873264409146,0.19446607327388493,0.07932358538514922,0.0344832317281803,0.17887961217483195,0.20650342214145584
0.08152492962648364,0.12879258934297502,0.1004807376839557,0.034457119071212024,0.05766040328362152,0.15818126984001124,0.07090634209579037,0.19174257495951927,0.10530088671784453,0.0709531473785866
0.1395267710316687,0.1328008060613837,0.12015101260759459,0.12622783558174663,0.07099894493032025,0.002874170036743798,0.12440048749924527,0.13872056306649408,0.014415728787691012,0.12988368039711198
0.06965775786301263,0.09512251577474364,0.03423968347698443,0.09056401510174912,0.18437942008319574,0.030609275303632517,0.02660357628302135,0.19876655199117704,0.01740528226599453,0.25265192185648905
0.09603895245904674,0.15568723121976163,0.08084296449865598,0.1408178670625542,0.00748997673912403,0.18176029677490824,0.06579145184626413,0.040754941517548604,0.050385100598713706,0.18043121728342254
0.0675171095409864,0.1045669839821126,0.11365242950348128,0.10063540487950169,0.05936961667479297,0.12458861302190244,0.11636263902594647,0.10499886299065604,0.12411776851851274,0.08419057186210738
0.1371344517499971,0.0734181568030555,0.09234863915890493,0.10027202279593601,0.14558581035462706,0.17724266017663937,0.050921164052328875,0.04834442143522789,0.12759517275997886,0.04713750071330444
0.04776456109770095,0.07171031130002352,0.07790539076126472,0.19977794109285432,0.10089216812312446,0.037145240616501804,0.10305617857061651,0.2035595486237017,0.09573789067200182,0.06245076914221013
0.13539666692448515,0.16313482090696999,0.13637925008806315,0.11623312296743522,0.011060618613120155,0.11580812499914746,0.05158977658897444,0.16151301729843995,0.018029653908265365,0.09085494770509903
0.14338612511780563,0.14035317554515386,0.06964592701896281,0.11787581804991465,0.02077214597718787,0.03889439460108354,0.08052664870525661,0.06409523109112639,0.17465374775317985,0.14979678614032887
0.11115191741018556,0.13729066610812957,0.005775911700650688,0.02559058669183548,0.16321288220091348,0.14968983318021348,0.1598811617954761,0.10635713338324337,0.034766020134665204,0.10628388739468715
0.2099216834945246,0.0023530573556489573,0.2190471776324936,0.05749716658349277,0.21183999673479129,0.006604772838793771,0.10531490022002934,0.06765074734535728,0.030343663062587206,0.08942683473228116
0.06091155262798904,0.09750953477684283,0.0003878648183454171,0.14386374857537296,0.03691959829523676,0.16107843133844904,0.17008059020051994,0.15277827388078616,0.015366973803231813,0.16110343168322608
0.09910710308482702,0.17853896669062172,0.13414730407068795,0.11530397411812927,0.12605882412122807,0.09784085919225663,0.04656913171605405,0.0939410226821873,0.1022778936084843,0.006214920715523584
0.08662852485542788,0.03562913060124344,0.05949643089867426,0.15132359086711505,0.05552970409643563,0.09356046093438943,0.11482916836402636,0.13559920058278943,0.11659294321340849,0.15081084558648988
0.16066200558964108,0.0010462596330875346,0.16056198109112477,0.057404290880009805,0.173842722148374,0.17704770309472737,0.004731759975730588,0.16980501160495112,0.04985914598388996,0.045039119998463883
0.20841624221138447,0.06990202591201901,0.16272967828608004,0.006161834646632074,0.06648170954338715,0.004218417649279884,0.21002499149139472,0.057735907524942856,0.0381248854183271,0.17620430731655268
0.0706738119393674,0.1728444330700425,0.12599529132764176,0.12183799923664475,0.1353981148736923,0.06887933571518316,0.06854665935874121,0.02037295620606655,0.07513961564705156,0.14031178262556887
0.007385189188250522,0.15525595478785664,0.15497856053893724,0.12417533416308903,0.11868503428016425,0.1205849990523366,0.0734851021273734,0.08400454236961247,0.13704242352707957,0.02440285996530036
0.14789051885275326,0.14975833582273812,0.1156159491783257,0.07090467888056147,0.06812501668216848,0.11489145032028576,0.14924723379942845,0.02635627448845605,0.09811318712806932,0.059097354847213415
0.1334181282406942,0.14984276917465505,0.11269477768496455,0.012440661133647859,0.04598406301510271,0.054334268932197206,0.044783165719193455,0.17489747917440793,0.15554497085672783,0.11605971606840915
0.11217832207692524,0.10419978798199514,0.04436266693187807,0.1322684685090663,0.033380389541449035,0.09096755121007613,0.08599005833493616,0.022223846346547914,0.15562246775015467,0.21880644131697116
0.12583534374783836,0.08515936747143037,0.13852415597002318,0.0917533848443438,0.1254052659339214,0.1319328027106473,0.05914695077411437,0.05115766569396028,0.148446181976008,0.04263888087771298
0.09327076343374405,0.12093046573346616,0.12377056367414299,0.11859428853989686,0.04605386928131568,0.13505355561159887,0.13431825886383852,0.09994904384865985,0.09069902787860627,0.03736016313473072
0.1624240944498164,0.03118502019797336,0.1254235706690254,0.10780508829608212,0.18710346438497336,0.05438796713722028,0.08627524514187389,0.005365299677350957,0.04489447618845777,0.1951357738572266
0.10006960107142239,0.04000338210102344,0.08415611320055472,0.1258537826097222,0.0711695192764047,0.003876763670714278,0.14346802099780234,0.1272265155055555,0.17917206226764185,0.12500423929915863
0.05761469745131649,0.01746896558504822,0.19394679292089478,0.09591447976674387,0.19044837957020908,0.010702345159439061,0.1350842199716114,0.1113496887576398,0.01113099014279788,0.17633944067429924
0.046453300576015516,0.047869696224009724,0.14504428938263994,0.11981897471879142,0.1381492322495524,0.09942543982567566,0.03332637007157088,0.025276486598708937,0.17214880283150036,0.17248740752153513
0.079884538345473,0.08650809260026539,0.11955264017955365,0.12789415082335337,0.05341879092408848,0.14184793928974684,0.12635812051002285,0.07497153702403896,0.07381786487239263,0.11574632543106497
0.11444610848070992,0.16952346064621968,0.06879809357469328,0.06501014736247045,0.08682082013258152,0.12100733828111324,0.033389899421754056,0.06720573999446867,0.11497823437322592,0.1588201577327633
0.08981526422665212,0.09844702357296614,0.12529847379383616,0.10348381820047682,0.12179373940535403,0.12731995958748682,0.07380760777701667,0.12829321478475825,0.06771991673117014,0.06402098192028279
0.05087285315846741,0.02194897602393726,0.04820736460549915,0.1725990929917618,0.18553997743190656,0.17175721949830447,0.05893445917613365,0.07907900552328956,0.19002625035624143,0.02103480123445877
0.15291324026491177,0.15993596433496934,0.0989313714888905,0.168648935623374,0.08232758247278604,0.07042083077644808,0.010011712525342525,0.11691812885036396,0.0871087119764484,0.05278352168646547
0.05005191436890353,0.027910611344255574,0.08256595226187015,0.1322306390995602,0.14077980560382652,0.15303689330262293,0.0721692329298165,0.16475731162582946,0.10087060518788304,0.075627034275432
0.13629534269337898,0.12330159454825905,0.13599920477129257,0.07099114050286101,0.11864594227286157,0.12065030982754807,0.012667169904824605,0.07178106559523251,0.09965179317268086,0.11001643671106084
0.0978997596040937,0.1617198182686588,0.15313057397548532,0.0970429070022382,0.03454726426749082,0.053757362765816566,0.11714685637958815,0.08444812910937365,0.1457418672044343,0.054565461422820406
0.07369053695086938,0.13087000541797408,0.008320734866513621,0.13590867014006666,0.09747696313577445,0.043057462611128514,0.049056961871843476,0.1380372708637922,0.1851028407478282,0.13847855339420942
0.008392085526544362,0.14148129053333114,0.1048845556537332,0.04290105038242709,0.12608877926127365,0.10931141969678733,0.14028753432825458,0.11315814381635086,0.11791053066898222,0.09558461013231553
0.006653752405334252,0.2011841822764961,0.12990862124770292,0.035268292759796226,0.06381618831996311,0.1388636989094392,0.02588210611127808,0.01287395717152497,0.18342806823755006,0.20212113256091516
0.06588040463772192,0.1575016826771699,0.12359165075741681,0.1247540937238981,0.1044856234102923,0.09178206088442659,0.04440179116023768,0.07207298362605442,0.1532306661129536,0.06229904300982868
0.18261114438075035,0.12994329937610757,0.054371403296325366,0.10329764266234424,0.007558298932823019,0.0961286017276808,0.12934620601351218,0.06709401254436057,0.10810164556312005,0.12154774550297577
0.1269913209316924,0.12574043573263186,0.048423234509059415,0.10172166072500649,0.06056418503613476,0.10824400372244179,0.1278834476355272,0.1003503245677051,0.08785759039652638,0.11222379674327476
0.15853885402755302,0.054552365172087336,0.0730421504186658,0.15621707979640131,0.10789493079292363,0.08812067259013068,0.1354724521100076,0.023819158270122317,0.07081026765680316,0.13153206916530516
0.030196896173303536,0.013420809658455816,0.09572202902724042,0.10858969099794491,0.041808002672297,0.1806416467287212,0.15018485245145072,0.17686608164124423,0.12409642238871484,0.07847356826062743
0.12216723104141888,0.14962046665006135,0.08490429185617258,0.09658763145734132,0.1528054270123067,0.061091423985579374,0.02944412957676924,0.1305905167113146,0.03969072527784648,0.13309815643118936
0.23913517043286497,0.08694758465877335,0.0830403838446717,0.18657869519118075,0.007819218392899925,0.03230722407926197,0.14023006624648668,0.010219985715413094,0.14141522790087954,0.07230644353756793
0.08135806602369294,0.11416321647167192,0.13792409167188066,0.10228583438786965,0.05982797271776288,0.13519880836318066,0.017025375117383387,0.17649081898726046,0.09226489868071773,0.08346091757857974
0.18950836703505494,0.05568251759567407,0.17922596240788885,0.1001546205635275,0.1320699392850318,0.09399567568847465,0.0643655676110287,0.016095733016499886,0.08236385321648561,0.08653776358033381
0.23074715788745623,0.06415107943218844,0.1409392446657754,0.2315006517771896,0.08157250535085438,0.09081972046458771,0.011072808334038479,0.053823167655313725,0.08862922152521545,0.0067444429073807485
0.09126597324765123,0.08169409966834248,0.1329376769167131,0.07767134346556837,0.08695789574671967,0.09550012785973974,0.11345662532580073,0.0951183981446613,0.11680150127558567,0.10859635834921784
0.12355664381552608,0.16372379762071843,0.11338402309386089,0.09111558291071034,0.07516474801294759,0.022787715951531087,0.0680767531634628,0.16225668158306783,0.1318813199830732,0.04805273386510191
0.10255555947223959,0.03225553952142918,0.26090792337486196,0.09018336015777811,0.022997823457173137,0.20183459389744218,0.05700818343192099,0.13106680350437194,0.03747441893702442,0.06371579424575859
