i = 0,i = 1,i = 2,i = 3,i = 4,i = 5,i = 6,i = 7,i = 8,i = 9
0.006430736289211437,0.10227876248020505,0.21350781793781654,0.04897731193681252,0.10532970049162825,0.12751691805216178,0.07068166269367288,0.159124782658107,0.0775734980093018,0.08857880945108264
0.13882507924222728,0.08088047982677495,0.00422107049243173,0.1423051932592197,0.11739587265578506,0.06674882493405188,0.10889718114316896,0.09249050794467714,0.16753315930397453,0.08070263119768871
0.08916101431457114,0.06566332633051651,0.13723254277460006,0.1531003899849033,0.06792021833084795,0.1448043312814883,0.06291557992545621,0.06738010624393546,0.058599140298167735,0.15322335051551333
0.18934768253416318,0.004301182264187444,0.017237772326889965,0.153639989026555,0.1392783532162053,0.12519942964952707,0.07753069829473798,0.011071334076110502,0.1534332435416174,0.12896031507000616
0.06770999834128931,0.04949039847235745,0.18159190706594155,0.17507681610544576,0.16853524023412086,0.0728943089572246,0.10061469778721008,0.08112861862921235,0.04675926490600045,0.056198749501197624
0.00708051422719039,0.1778298471110107,0.19865884797700295,0.0883899195990555,0.08256028504871392,0.08035804268949079,0.17874382410880457,0.11952640860704779,0.06332051340557733,0.0035317972261061994
0.07807798170711416,0.07845956913279319,0.11873995108628826,0.05596873526349542,0.11272457602241263,0.04226666157040348,0.13620919330425285,0.07566918733773158,0.15857232720558326,0.1433118173699252
0.030182936622081956,0.1066798795713479,0.12536549308254155,0.11804520512224738,0.07518727587864216,0.17393832628426412,0.016839576139191605,0.12752787804299098,0.15304123404948428,0.07319219520720825
0.03668395862231595,0.04140638351494248,0.16854542439842496,0.18096347176014724,0.01331803326569966,0.1912133552310053,0.09873539614223725,0.13707483156090725,0.06582287070301977,0.06623627480130011
0.06302014232560987,0.040283877570768574,0.16399795883282609,0.04041590002602584,0.1431950425174323,0.07331985558828877,0.16748162268876074,0.11909631524609476,0.031526269315474156,0.15766301588871884
0.11320390075406878,0.18347382025930364,0.03231865885412907,0.11517082184675237,0.08862964569450515,0.035582384388415274,0.07808898603785783,0.08045462651559777,0.08136076033433469,0.19171639531503554
0.19603897820420757,0.037610864688245586,0.17876642995761463,0.004870394340232238,0.04658537712207066,0.010210960375801353,0.12895475602374715,0.2728302475562836,0.055295989208194146,0.06883600252360314
0.11639983319188618,0.09583282131803965,0.1123568989840287,0.06543370346391576,0.12174354853131261,0.014749671295153876,0.01892624005177628,0.1578516649004885,0.1750709754861704,0.12163464277722802
0.1545349646395868,0.18493460400349118,0.03827304167820946,0.1144323010556155,0.03482077683264315,0.14386546771291223,0.037435981164936266,0.023034684322826085,0.13676391153536163,0.13190426705441774
0.1838343593618135,0.12303431849951493,0.026102927680689784,0.17391705573062222,0.09840011572989243,0.14890615496915968,0.00410009961865249,0.022632649780259806,0.11133139644495267,0.10774092218444238
0.03123814880882762,0.2001658055455728,0.013920238999269302,0.11176758144783334,0.1322806981108597,0.15343870538141022,0.13066946428408238,0.10761404952212579,0.051508549798162974,0.06739675810185587
0.020861371880076703,0.03777317108686938,0.14560058343549945,0.03102965942869357,0.2072413246187721,0.046730165961607714,0.15556076841775396,0.1213137250584796,0.05470268591380942,0.17918654419843827
0.021295314665056606,0.16709204633608496,0.04256203110895849,0.16394004616579627,0.13687061269787115,0.07674197004270718,0.16680751092194113,0.013516490325051382,0.09398091982928844,0.11719305790724442
0.11546316741143954,0.15056646753299976,0.023837355771898508,0.17217010895038395,0.07152527610756015,0.1393272645775939,0.07864465217453907,0.050139486323891536,0.08396888421788526,0.11435733693180836
0.07086475380100593,0.13454561758524328,0.1322047329611529,0.16357025990545032,0.12238725359064902,0.03706190346544476,0.09339503099853576,0.12502677837623533,0.0707915004337819,0.05015216888250099
0.06433164807280138,0.14053785505412678,0.15200466807460622,0.07505718463213057,0.18442273482482419,0.08274439370617576,0.041547076024685624,0.11768949322552137,0.08695281011523524,0.054712136269892964
0.1259690181902804,0.14379201654569745,0.10303579524939882,0.022342026661914746,0.07663152708950008,0.12249873184485408,0.05700463626291668,0.11481542705314307,0.030390348842539647,0.2035204722597551
0.08565365174684436,0.1261546651468378,0.05852736445631729,0.0017817536383436803,0.15214913815433087,0.14277157466967708,0.12756937423949982,0.10187850114013451,0.07887099759381712,0.12464297921419734
0.00948509035976565,0.0104912470865301,0.178676677572276,0.017316285849410782,0.03331396357582369,0.17018608702625138,0.1528164816473697,0.18898909678587722,0.1553466201272173,0.08337844996947828
0.06397621868476788,0.019528617714574887,0.15118877470806102,0.03609746326817809,0.1085009437264011,0.16949029820038375,0.02477535494489073,0.14892322083656115,0.14080493823028378,0.1367141696858977
0.07176967487489255,0.08918912244986416,0.16471774523984267,0.20580974397837096,0.015584089939125724,0.107752412599819,0.08965419000809102,0.00784982425313299,0.030978360048256742,0.21669483660860417
0.13453397146239676,0.18279968525961154,0.14737523098561234,0.11154327858778179,0.03142769460474225,0.03270907468874103,0.08258876430238044,0.028376335752108368,0.10182120030898079,0.1468247640476447
0.16556065553868,0.15643873893572852,0.03065187779366421,0.154395214871469,0.1418966176884178,0.07323433663607976,0.04855637856701013,0.12339021161124551,0.07415272121897493,0.03172324713873016
0.1994864922802305,0.11750961010278063,0.024133181247008195,0.012545756386502613,0.1139607429020996,0.18282459964491823,0.06465349673016642,0.12412270800126254,0.002850396960989894,0.15791301574404137
0.16283562400787202,0.14348994664779333,0.16183341010204744,0.11828219439329819,0.06434067711597248,0.11467634490675686,0.0006953178050746432,0.01251698251124062,0.18253581393989768,0.038793688570046725
0.02236386077661957,0.02797391478551148,0.12500612057760924,0.14384731966291522,0.008805815257854677,0.22638660406309616,0.19076526929589643,0.18292827607190754,0.017764991622888825,0.05415782788570086
0.1674288281639182,0.08458010957380782,0.14285845351882495,0.06082203589977514,0.02690438305950286,0.05211001226223644,0.16518071015263738,0.04601557011011037,0.10498397756431019,0.14911591969487656
0.13428386323025604,0.09368944245686578,0.07128858423127303,0.09486173499571364,0.03562663731753749,0.12339830357258381,0.13214170409277318,0.14201335893927675,0.02349766386079708,0.1491987073029231
0.05879875170088174,0.09416864855823359,0.19159924360050315,0.018816786138295533,0.17763298912792774,0.08696351878987041,0.07823237425095578,0.16377992847862216,0.04537110810980023,0.08463665124490946
0.14908027107181693,0.1906532170007337,0.000967189286081513,0.11417198170060186,0.13475794505802274,0.08182817551777255,0.10291259567326563,0.09121880507691517,0.058092943377095904,0.07631687623769404
0.0549938489221635,0.13877762297594182,0.14883877941382118,0.047581267459467905,0.15439830061212736,0.13889291299562986,0.06417762711307567,0.0658761304093139,0.16940555429697315,0.01705795580148581
0.17841931240726625,0.18217392645059088,0.012135222668047401,0.17515529683769382,0.0025562693631492246,0.20396267879237548,0.08372370213444548,0.024461191309748602,0.12463608958033336,0.012776310456349567
0.08013559137431868,0.14091738868980508,0.08596544817300122,0.130337391920696,0.13363610249769592,0.11392260006444789,0.007303112132256536,0.1417052511554433,0.095622856168053,0.07045425782428243
0.008522899152877851,0.16296815299586645,0.10305953994465859,0.03334710661034437,0.1679320569449904,0.12731109230834903,0.15463534622873992,0.13646595740334602,0.04176136463008123,0.06399648378074603
0.1500821813353431,0.12062885204178984,0.002902166745946217,0.14313779450635264,0.10791138627125606,0.040661552974088654,0.10959561934256912,0.1420124424920694,0.13249330804260906,0.050574696247976045
0.11654771789184507,0.07885783369608443,0.08475992223422034,0.08174659677428725,0.0936830328142274,0.08936270328555589,0.09632364861700393,0.11970642656968146,0.11425745486831346,0.12475466324878084
0.025928772593362064,0.02867351103796204,0.13403784139360964,0.0838038095973445,0.15353646182459083,0.14639307655731124,0.038738687972634724,0.17551946344094055,0.08736698627246096,0.12600138930978336
0.031672069161123285,0.015861929183207345,0.11068674279025764,0.13088049960946335,0.12594141498936423,0.12192878609349528,0.18061522507441094,0.23551409242586108,0.046303975735836694,0.0005952649369800738
0.0025890120459525984,0.07622793663419335,0.10461686789578008,0.08426657126375463,0.16734216165053548,0.026312327161507887,0.200824795880455,0.06716634995843787,0.16192161418219092,0.1087323633271924
0.13824947977683222,0.07560463087630252,0.019590506116958763,0.1547521961751264,0.03801822332977107,0.06904221363903357,0.11034007032234515,0.1852927486642889,0.04523649001029109,0.16387344108905044
0.07232524491365032,0.018811954750916304,0.18124845300683495,0.055584391332160636,0.19841992072510176,0.029702200577600604,0.13922994626341156,0.20891585960715447,0.07647822515969281,0.019283803663476366
0.19621000649594086,0.21284222237919406,0.13970189479571424,0.21851990795431026,0.0669374049848538,0.07696822202958552,0.028622466252306123,0.002438027200945958,0.04424155831459452,0.013518289592554605
0.11836030683196688,0.1681471168589496,0.12226674997479246,0.05678258019315763,0.1983088080289458,0.00818887878069511,0.15105546102508285,0.03212291147189297,0.08578866714499318,0.0589785196895235
0.11720566305173703,0.18936107137838817,0.0027023106865465213,0.0720790033560232,0.15038022376967358,0.21433600277502574,0.06786577011198244,0.0644050630883914,0.1037623731662341,0.017902518615997752
0.05979460459712619,0.09911380424015975,0.05764321205592285,0.03418279428802947,0.05506701686555645,0.11669760297353973,0.1782556820059771,0.2070506682829722,0.13224558953547821,0.05994902515523802
0.12502909709281826,0.14240253627502578,0.05542916487893725,0.12013686529103748,0.09607332542071798,0.14047314859637208,0.05487841417501859,0.04262153576424562,0.12931244071073336,0.0936434717950938
0.1858729856355271,0.091876210567466,0.00842344131408847,0.09611803830857278,0.051778956594705855,0.12922274688017882,0.029728842714670176,0.17296414389137263,0.010180910716210998,0.22383372337720714
0.0002821874286572831,0.04695915750225799,0.009078452900330544,0.0785404779214507,0.21784133760899244,0.12535183417455228,0.056361363548654925,0.2144222010157859,0.13720821836192043,0.11395476953739753
0.14015389519134394,0.19473684417928913,0.01363907106366888,0.14832919385074997,0.022843441312852274,0.06516275509692572,0.05787160691278591,0.20413064282999627,0.01517092772101035,0.1379616218413775
0.035074263371847304,0.013320101826742644,0.15415347697421194,0.13248415251569925,0.15780841574437426,0.15515016459321274,0.10240961129873866,0.023460720839323268,0.13783238791730834,0.08830670491854145
0.08294831852175345,0.08985752994813635,0.026621928770647486,0.13862035836595418,0.06359674415618247,0.1620336966150502,0.14712884931966322,0.06545918852641948,0.09679642458181131,0.1269369611943819
0.10876707988022427,0.11892860972543845,0.04008191440078811,0.027897643998355193,0.20154593031454374,0.05081796467610478,0.06532606134634276,0.1534729851169144,0.043974609911804075,0.1891872006294842
0.06521399384643886,0.10348250556968425,0.03655956312497318,0.07927834731685424,0.13070997258881578,0.059711209896447036,0.16002161272526833,0.056815212096417676,0.15466186616011154,0.15354571667498917
0.17622029134903675,0.0948630616944818,0.10933969860082658,0.18131467093757453,0.02161735405667101,0.12714566849486336,0.1296706945054928,0.01273660691707708,0.01990332635358786,0.12718862709038817
0.06492126266983754,0.12360705406489968,0.060362076521755986,0.07507479650470637,0.13815700208506707,0.12649091964186118,0.12952040449931407,0.09552878562726709,0.03919881793529538,0.14713888044999548
0.0027629377047929437,0.0435264801568782,0.19391641632734677,0.16656801417546951,0.1827877629122345,0.08796740067434161,0.03644158583324249,0.04414797199438646,0.12586139923944886,0.11602003098185881
0.058044363992553236,0.058718575229952975,0.183125034237929,0.1408453028962063,0.12588098841606518,0.16133542051075947,0.04316877830876905,0.14496645605545222,0.07573362852981261,0.00818145182249989
0.15733217262306906,0.08667534719210113,0.060951786814422856,0.13393789284918772,0.17213859526977468,0.024877725988686063,0.09973538541381669,0.15048466307334155,0.03519912685679036,0.07866730391881008
0.19647849703466974,0.03693278385094945,0.015240196639474698,0.08120015024646009,0.133464440271727,0.12261372561427537,0.18171208415158369,0.1607192588798365,0.03027579905463373,0.041363064256389755
0.05246936482928036,0.047910013285336846,0.16542201950951635,0.0018528189224276427,0.14544625217056387,0.13975664187137524,0.006956989603903876,0.1651514268992149,0.1248041673502504,0.1502303055581304
0.05533512143860753,0.05282192254165374,0.07437161065580562,0.11887225515311563,0.17474576860584823,0.09562275102714318,0.055282690378799904,0.0183548860282774,0.18758978402223422,0.16700321014851463
0.1223455064785779,0.12957325006292145,0.007659413195904056,0.10504287679324402,0.0643026920388919,0.17812683852502936,0.13497882624892701,0.10332304252589668,0.04044131378174292,0.11420624034886462
0.20048520375624024,0.03663758683859762,0.05498247966600219,0.002089167975445369,0.14441452288919818,0.19760774670356726,0.0727403809079868,0.07770676216477033,0.008279726462776324,0.20505642263541557
0.11533440236140048,0.05368828938768846,0.15346194352681702,0.05834281967801995,0.13500643329809422,0.09168397884833096,0.026236079333797468,0.05961687215577192,0.16309786777765645,0.14353131363242314
0.08353527785869064,0.08585246096595218,0.11947421167688417,0.11140117347460027,0.17301325024004333,0.1071811282361839,0.0144324340610322,0.08138459531013442,0.1180115269994081,0.10571394117707082
0.0040518691419245195,0.05224987118435385,0.07433682091059067,0.07912494141745616,0.18192693428097478,0.11246876026079737,0.10608053513311136,0.0796297620302994,0.134975570915072,0.17515493472541996
0.1892069908074847,0.0862756113419297,0.1138700174542237,0.03164273801329937,0.08341818308979318,0.0005998633542804012,0.1742266870612021,0.08261474177536249,0.08428813871991847,0.15385702838250603
0.03076049297316606,0.1563825755965575,0.07765750503558551,0.07230127976494727,0.10095592503243218,0.243843429686963,0.010854184249236107,0.018820815943180996,0.13663747235851217,0.15178631935941925
0.13998414985777297,0.12658862660667272,0.11593465582866372,0.11945417295767091,0.1608711574146833,0.026991747680107713,0.022530631786893046,0.13310865873048627,0.05475491402808792,0.09978128510896163
0.15176199439027102,0.0018238020058132724,0.07250785376733505,0.14579572917067424,0.09906083466263443,0.15837598890546484,0.05964375385788291,0.04168214733688203,0.10086488223430737,0.16848301366873475
0.1102451909435012,0.15030474557565146,0.021829106813673893,0.19103839496960567,0.23060322009372666,0.10410904673926122,0.022813841961501026,0.05390315764824636,0.0359321363258039,0.07922115892902855
0.14470097778442959,0.024056561648676273,0.007125302237663285,0.1377649327965427,0.206699542398475,0.1304037507946461,0.11422285549579463,0.10171463010337498,0.08385902592718036,0.04945242081321721
0.057780658622332386,0.00013887427516639652,0.145916533921449,0.13704797080688,0.07424973582806516,0.05900479502515733,0.22468218489212674,0.1836655016192072,0.051754552936325054,0.06575919207329078
0.14195852202063358,0.12749343965956844,0.11299784883950935,0.13846997955981852,0.03139074645487205,0.013526635792847956,0.11058367846903501,0.07024214611840732,0.16769378012230132,0.08564322296300644
0.10952867121484032,0.1650205229586645,0.012398144881845388,0.11295831346521329,0.18681002492929927,0.030216177528769844,0.10021890816102266,0.19527674046903876,0.06032049149238827,0.02725200489891773
0.12516591202489474,0.14314299060805813,0.10750397807946546,0.1265290842141003,0.013786764077556423,0.1775662470793784,0.11893112656937478,0.07399216598920663,0.03219334840715422,0.08118838295081084
0.06676640924002329,0.0874363360911404,0.12428038187431675,0.03358179200192491,0.15774278628909774,0.068000266863195,0.07458657904557692,0.1819265457228432,0.01059944735941088,0.19507945551247077
0.0684729985790217,0.027810753817277975,0.11932650407577652,0.12772669338346412,0.09439329398881996,0.17343545399087906,0.16897909126097518,0.09099882408226136,0.03587090468890255,0.09298548213262162
0.038171042556935895,0.05183732217324967,0.1718560090962364,0.022074126009379615,0.19975443197741166,0.12063865973175171,0.049398476270572644,0.0872765629268731,0.1710142186302916,0.0879791506272975
0.006571342185974165,0.03952046681051464,0.08572457986089646,0.19044334970582028,0.019833123271161986,0.19084021451657945,0.20224516007144958,0.0027059811093638666,0.20884605776425155,0.053269724703988136
0.1384255914581477,0.11440830995405189,0.14610431159627782,0.0767915497592879,0.1017169036617353,0.06081650770548318,0.11330383317888705,0.03886249169675007,0.10655024697706474,0.10302025401231432
0.05821736706542833,0.08381664189575606,0.16729836657179345,0.16084189111758068,0.07169257841095063,0.043743793967534826,0.049000237387542715,0.06210814662735114,0.1832886987444937,0.11999227821156849
0.18043779438524185,0.0655925086009356,0.011628279944071155,0.08070063077938451,0.21120532175407308,0.1480828923379927,0.027496044448457987,0.23740896151615276,0.009625613542284178,0.027821952691406304
0.13833951492102978,0.05126828672018941,0.16049273714939774,0.19494669674617063,0.06573214892210791,0.04594042976368226,0.10827091921085787,0.013850005605202106,0.10491946162383023,0.11623979933753216
0.1352596106042035,0.1447927431592218,0.057040855509619154,0.12758150726923112,0.16717465685918395,0.006188995830320899,0.05995522191898807,0.11117763887365137,0.1322108519507792,0.0586179180248008
0.08884319669727016,0.05838258479083154,0.11176357347446403,0.14922479799277552,0.10696619969239907,0.013823497259532096,0.09083429432481628,0.10443015694559947,0.22630897180847404,0.049422727013837923
0.07600269731735763,0.1722566292714607,0.07708963313611161,0.06417366895124596,0.05998519206267732,0.12500710863407602,0.11144833140370203,0.06916510782813401,0.18053200163499988,0.06433962976023475
0.11668716587775471,0.08119589632897917,0.1251176286429488,0.14591435231535704,0.022166121677299436,0.08956192207404967,0.18902372273725718,0.029231496806435362,0.16429269881281053,0.03680899472710814
0.04649345555988113,0.1227504351184034,0.12830501706060912,0.19520387069398082,0.1310795159782612,0.17005182223021303,0.00850481841324044,0.04688027966678863,0.08711124468835298,0.06361954059026946
0.19364931217130665,0.0018787846380082173,0.1777651376498038,0.06494435370330712,0.14819025190992213,0.043453926049363566,0.003595712600102797,0.1169550466274287,0.0986396259545656,0.15092784869619122
0.10011807943468029,0.16696353637749173,0.07997488828212636,0.15144353122396578,0.046392333951832274,0.08699683791150459,0.06085183643003294,0.060974962469997264,0.10323662117359161,0.14304737274477708
0.03648796467459197,0.10190950076494028,0.13500201541124485,0.02941867616559922,0.13303690437424387,0.14536573628479768,0.04541098962794056,0.14291992427854466,0.16252663713269086,0.06792165128540614
0.03069441916100848,0.26239663845055444,0.16557510205963274,0.011344626211262095,0.06751440674728634,0.11719218484782064,0.08991255909350723,0.019515124471050513,0.1146670338884914,0.12118790506938623
0.11230614357054687,0.02980322528723179,0.12339392798957594,0.017822369175183227,0.1751140832827226,0.014053412583860178,0.09213274987254721,0.16670366645446003,0.17635964331017587,0.09231077847369618
0.06456804163309408,0.03946581548861438,0.06408402381903622,0.13554623951929437,0.14839363040225265,0.061710462114645724,0.05421908372076564,0.16765360768749246,0.18525823061354024,0.07910086500126413
0.10452634916632733,0.030722184925512735,0.16373579882478012,0.2527724079312914,0.031338952241001146,0.06712062943009434,0.07969474440891759,0.1126436103544763,0.07083295935040866,0.0866123633671902
0.046018867565061794,0.08939328357476216,0.01705441687749033,0.1643972706736988,0.04243610269688423,0.10497876288961623,0.08004224946824424,0.15243795579448105,0.11585196146606869,0.18738912899369248
0.2026991082315055,0.043656907036332515,0.06636880445279693,0.07906136639222501,0.0782962088431633,0.18407626307377262,0.11701383204940054,0.052771393596521,0.13521166952692806,0.0408444467973544
0.1026607370995779,0.04899704291259932,0.17036592228051475,0.024287795923110495,0.10375085781679196,0.10654393669589265,0.10992715587514229,0.19113407112610054,0.10183178841077617,0.0405006918594938
0.09961964940974014,0.10304220487167982,0.014172130071623743,0.1629030869691379,0.02340165685770092,0.025087072071747738,0.15532835669230668,0.17773171936585413,0.1627440942700956,0.07597002942011329
0.04415777010123658,0.06761903926787284,0.022909452709995975,0.06162357649061581,0.12994003759582173,0.16942646753689708,0.20440691824868432,0.06599677485916558,0.03930496858982926,0.19461499459988066
0.0470651986644735,0.045014394504236395,0.07570155840952028,0.073618691022065,0.1225314206786228,0.032289193691624314,0.15294285344886677,0.16491995910586835,0.15601134612841733,0.12990538434630527
0.1118556781713001,0.07843918087939396,0.09098736729217259,0.07089027527368139,0.16576691158543522,0.016830570419484384,0.07668245463349915,0.16711714557761487,0.16235981163969337,0.059070604527725036
0.09873485327682084,0.18285959955589606,0.028423627469833287,0.0010551865234771805,0.18803805192566017,0.21494602812682215,0.11744653295851999,0.014175307803924788,0.01966814586026939,0.13465266649877608
0.1215770142831256,0.19392847663026871,0.0604197511639336,0.12450413234645588,0.08392988274666421,0.17127671926692198,0.025271662425175555,0.005142014606646097,0.04948607731449233,0.16446426921631616
0.05201186657443903,0.15325679735360878,0.14678171145537625,0.14030622886488645,0.040966990553898575,0.1941170250803098,0.1730097658962807,0.08912269610597183,0.004414078619152949,0.006012839496075687
0.06944689761918581,0.12917104485624026,0.13054430011728543,0.12375326431391388,0.14254812392770042,0.0625678988832538,0.008924855194268482,0.05642785824166585,0.14573893974913454,0.13087681709735158
0.012438593609998857,0.15867721839157717,0.0345610854867834,0.10384565169447374,0.14237550699644003,0.13585799641535998,0.027343743181934242,0.19136492978224234,0.02672076019551906,0.16681451424567115
0.12648496276897023,0.07222509941213721,0.11916142764847691,0.11635228445131228,0.13918855491567297,0.08431672086423644,0.0339990829426983,0.12183659827547316,0.10832879293394511,0.07810647578707736
0.09184767188455195,0.03972363090525445,0.09460664419205636,0.11788022212650477,0.13727232900720787,0.1492220014281716,0.06972124614582403,0.03111893397832284,0.13009652870382737,0.13851079162827853
0.17731922619556267,0.019219110758698373,0.09639126528890643,0.20350501169769378,0.09926236437894433,0.12851386791264174,0.004474999555177507,0.08237961613484442,0.18548689644387248,0.0034476416336582513
0.017303555348638505,0.12585237344626643,0.08306260425737019,0.1529214433671426,0.05646719400316125,0.144281413728987,0.1343953888560294,0.12391280582220643,0.1584733126580664,0.003329908512131679
0.06813584276956021,0.09470797600798386,0.024211619069327908,0.19976603125821252,0.20698688044010435,0.10205969260844529,0.10291208512451579,0.08275127685738083,0.0351569586632437,0.08331163720122545
0.14036914475459464,0.17938126015750472,0.16760179069657974,0.0378960639948764,0.031245913128225188,0.062432526463454555,0.10996361077927079,0.048387045617368785,0.03989340170936888,0.1828292426987563
0.0021058110349279355,0.04301210933633805,0.01533291906632712,0.1490667867694985,0.18572325466359013,0.09686904134650588,0.18031513362950832,0.17981893997911505,0.1404255521719117,0.007330452002277274
0.029519678529928605,0.00013816066328876285,0.2198447938141142,0.05003775557084248,0.20821157637300625,0.09477983922193782,0.1581038556620646,0.13884465535750423,0.09005441106170342,0.010465273745609452
0.08649850559455652,0.0951283106465966,0.04682293833318635,0.08882493395255207,0.15679499227426863,0.07405950390557926,0.10303914290221752,0.11815030063824256,0.10746585031561838,0.12321552143718217
0.11043632584115669,0.10047595667949454,0.0996462780108617,0.1194924435385338,0.06300132519419903,0.08486778079930665,0.03926111144689139,0.14590114339373433,0.13109484462627286,0.10582279046954904
0.13049289009682524,0.019937062307683807,0.050905055658950746,0.12227376717144756,0.05914715724109146,0.14438663084132045,0.1148167305841473,0.09730779209715612,0.13236255845845837,0.1283703555429189
0.21451454372554896,0.19499598324536832,0.046620869935298265,0.06464461383398962,0.17016235083898704,0.010340906099298077,0.0968193021472925,0.04324209293964815,0.11912765738028064,0.039531679854288425
0.16285624462746418,0.1708961165156583,0.12678836344650946,0.15215941470788602,0.011560380943923577,0.10881304524363024,0.05966007432001522,0.051493243908231075,0.030324640052005178,0.12544847623467656
0.07827413559348621,0.1993504742584947,0.09182927742017229,0.07320618806451301,0.10634648863601608,0.10651534122172723,0.09534079661715446,0.11325092018549197,0.014652501542253595,0.1212338764606905
0.07020391015880685,0.19056473897823029,0.03102684516083185,0.054580467324290526,0.02832899640319371,0.018062431070773294,0.21496541759046636,0.11271320679526992,0.17742444263919882,0.10212954387893848
0.1717368121582469,0.08533533130270855,0.07906661346509807,0.024288050186642644,0.16125283757237902,0.06344908026492592,0.07367742553539758,0.14694563211268405,0.19240975940372348,0.001838457998193887
0.11527013169683117,0.10050463630113318,0.17254731030665255,0.09991483743224919,0.026612658338734267,0.038865167466715984,0.05626796914936443,0.13389572819668058,0.11008011011501875,0.14604145099662
0.008489284807682655,0.0557039471442012,0.17593907119498944,0.1535421469216051,0.09432385385454478,0.0943236669573345,0.09245946509605611,0.07340413325459576,0.13797941230488353,0.11383501846410679
0.11724265013848163,0.07286522153428744,0.1367193824574553,0.16807151783369978,0.16685562420617467,0.07583518979488879,0.03466754416208393,0.06424023945041776,0.019292435273840773,0.14421019514867003
0.13104740192653744,0.13861730772292252,0.14620441305830914,0.14477671176928592,0.03985569145501071,0.1542505160843518,0.026644648550595656,0.0605171252267259,0.00871330168296537,0.14937288252329564
0.08619350255358828,0.11383464862894813,0.10155168856003005,0.16725555384324778,0.14338341774602956,0.0019207553069324988,0.04714497025737574,0.04619384284656421,0.1724548526922773,0.12006676756500644
0.07871241604886299,0.204197486233889,0.07548821486312764,0.045468269396672575,0.18660439680772903,0.11381243699984799,0.14402787205398354,0.03438656555057212,0.06850487624468726,0.04879746580062781
0.02231310607263003,0.06352708786928092,0.12222065868124102,0.16256905373510203,0.17887262833022158,0.08986293623165124,0.06928185648359172,0.007447293103281517,0.15541583912408674,0.1284895403689132
0.127512903608086,0.1364626497439822,0.1521718059761645,0.02129627164077221,0.05392959330302528,0.17820526254371147,0.052620093710593806,0.06462907773664467,0.145029123331864,0.06814321840515601
0.007205523298394981,0.1670410022579251,0.1546295536837393,0.09737827517806744,0.026221932794603272,0.16866212773370437,0.1673305313208387,0.14509198619561228,0.027432383326824312,0.03900668421029048
0.11588879868821084,0.13286750495032168,0.017630639067207653,0.12014782074943195,0.09617496005041719,0.14297382688326848,0.09182171417253203,0.12090549380095386,0.06782222331667882,0.0937670183209775
0.15401150532721755,0.16632567818922858,0.08674422778439199,0.07651848090920566,0.09184349797643529,0.05130420000915193,0.15454079978528074,0.02396370947959994,0.15950965486735275,0.03523824567213554
0.17850427726275642,0.0867194677281859,0.11893717533089729,0.09771259554385411,0.0885859640977658,0.06354987073367602,0.07981624453165218,0.1437042050963572,0.01732259489040258,0.12514760478445278
0.16504324355334757,0.014155819826578393,0.13371993838838045,0.032239746557533165,0.07775854304678016,0.07326906308345822,0.138747850165041,0.09591009955589198,0.1411036215036026,0.12805207431938645
0.1617627041059893,0.009586372544922896,0.13881175532459059,0.10086850888216828,0.12162092873403442,0.16305732824519303,0.07617810357225216,0.04006977031236219,0.14087117499074614,0.04717335328774101
0.13345226829992773,0.09196403330512244,0.12417106479889511,0.09630192093785292,0.06906508014232894,0.076405562377615,0.14874552350927991,0.1338496108149034,0.11985531243481325,0.0061896233792615215
0.10433944216519526,0.01826341446690613,0.13336164195165515,0.08673855856644126,0.14415689441439158,0.11090688598074004,0.0788152378969601,0.027036558755747758,0.15994847944330196,0.13643288635866074
0.08171469981220779,0.22713236856220886,0.06487332388093485,0.20817140168283596,0.04762626439041736,0.019422330962175934,0.01973962283854106,0.0965466751804832,0.17587687502034988,0.05889643766984512
0.10689765108924684,0.08072287983324491,0.15806552007394525,0.04697638396450585,0.1595725012356295,0.03373506982413512,0.029809041296279606,0.12804611501910917,0.18305558609346304,0.07311925157044072
0.07307789762535977,0.1406273336843234,0.07138930160639946,0.00781913205259994,0.13411114371297603,0.15549233066125198,0.01338394138485398,0.23676797803945926,0.14726853112191246,0.02006241011086365
0.07197392131860372,0.1515246562134993,0.07777648918200701,0.046921679115524376,0.023879272902360745,0.17428165786196914,0.15158886884891407,0.06646222068710618,0.18362418197054065,0.05196705189947472
0.08653480663225076,0.060515183825472926,0.031269245606067024,0.15598713799537742,0.08894017793853394,0.1789625631892881,0.15167558129832745,0.09340354938999841,0.1413222778441434,0.01138947628054051
0.01607134970397925,0.14039114755087942,0.2191480888881131,0.1891708578396489,0.10355547335909136,0.035217196880336046,0.12168350511713674,0.027583107840557838,0.11447937296526349,0.03269989985499377
0.18196960613134083,0.045242909153939796,0.12179791273638536,0.1450370843859782,0.23031888988446939,0.0033005377049047414,0.10410085916367935,0.020396887674311245,0.02883067082266611,0.119004642342325
0.013665159311703508,0.06210492756411795,0.08904737862896583,0.16517693460116817,0.11995657111592188,0.15508432879199496,0.1246202687514102,0.07945400082686858,0.018695187725387065,0.1721952426824619
0.15033648398722588,0.011562594787576633,0.15809150889462228,0.14345416503569242,0.04504640060183666,0.11857917558665833,0.10193457327502796,0.005350152187629628,0.16201409628848376,0.10363084935524657
0.10605908406597928,0.07876358397028044,0.11094339445189919,0.08903755681132733,0.12304644200181136,0.06078205525051594,0.15609288182566952,0.13416657760676381,0.07325030028868994,0.06785812372706328
0.14538309975350297,0.0877926624634718,0.08263279174765613,0.05355535420439624,0.07696452963819606,0.0503100096374553,0.14514102133228027,0.09900392120344295,0.12559555050592933,0.13362105951366898
0.052870923886590135,0.11165649047513453,0.14304057432226944,0.1606020700571543,0.050277305465410926,0.11356214862235063,0.1628628223230932,0.0073674293291065285,0.02597385918107416,0.17178637633781593
0.07022421995458059,0.17755911682372696,0.009258292545218446,0.150590617424898,0.14295894899083286,0.13146162164301764,0.07247428766391369,0.11492749790665192,0.08494557552321681,0.04559982152394302
0.14908331216164472,0.1033283384831634,0.12867410219237627,0.10232153663737305,0.12551273201601443,0.12617138328739097,0.13615672146820149,0.07678431924166401,0.024375784604801488,0.02759176990737019
0.09420661116198825,0.19822933430262174,0.08709404818122336,0.15291014903082037,0.19712625699753458,0.05615459251099683,0.1575899967226806,0.015713910562750292,0.00529631883142439,0.035678781697959516
0.1440929352597397,0.12393828037212537,0.11349703272025542,0.07641128436053618,0.09311427107899974,0.007103287953559623,0.14582327205432066,0.10187606407713272,0.1159494320563379,0.07819414006699274
0.11377807166872843,0.07725151863419108,0.07997550202701618,0.07810988001599845,0.12022340835689403,0.042680536079431404,0.03185899085903325,0.16526965755569822,0.13396073838100087,0.156891696422008
0.06987713247230178,0.10777473601519083,0.03150633491921661,0.1939397675616961,0.07860188220626088,0.08346761322821676,0.07688898952005059,0.1573139759927679,0.16055779750698626,0.04007177057731223
0.1157070467019682,0.11618823133791734,0.016688796471102916,0.03917023724116308,0.14679375421242646,0.17382721599164663,0.0586989087350764,0.1147578197108574,0.18098190585659685,0.037186083741244845
0.1287011510692455,0.1689307073924613,0.07793074295411592,0.04789295386298163,0.019596669626244914,0.010006380086626852,0.1870000198927138,0.04152506826206878,0.08871289774546096,0.22970340910808026
0.0915343073410058,0.02149300238565924,0.09126201169800147,0.04627816638380176,0.1792203403338293,0.16377176956849715,0.08823213012757064,0.13348710762411475,0.17563942259220172,0.009081741945318024
0.14717717639387412,0.07149684352963238,0.09185319288715935,0.10269393188653801,0.08421599237385723,0.043649400903918695,0.05996395812935007,0.06590979965477992,0.17559268038919168,0.1574470238516986
0.13340669414545847,0.0696254558374549,0.003841557850053695,0.12378688408990048,0.1869562001103236,0.14261690312440015,0.13741367766997217,0.02667217405719414,0.12917567440186187,0.04650477871338053
0.033473705524932874,0.08557234182584136,0.1985068729756402,0.010150520888867955,0.03628371173205156,0.04684362580322153,0.1558183011470475,0.06826847221732073,0.1867322159035089,0.17835023198156738
0.16054150297500366,0.15600454366674577,0.15398036949726396,0.03964340726908602,0.06635102235837986,0.0782784450968801,0.1287292308239226,0.08679405145097319,0.0038523073803755016,0.12582511948136943
0.06802470714562968,0.038548266051011706,0.27263196625712083,0.12524335659285918,0.046495768106932844,0.0017722416332149893,0.11466715097629661,0.11127899477682399,0.1518112382100587,0.0695263102500514
0.03400260752177118,0.16309568292357293,0.08076039412286513,0.07813238762922048,0.15460299151698356,0.15762734401282277,0.048615676461492834,0.13100055638507255,0.009174282466061926,0.14298807696013685
0.013334413576686459,0.11826557903050358,0.11071693136340297,0.11467504453892033,0.12330259983397587,0.09872886504096857,0.08281547629425497,0.047597253605849627,0.14531911315345128,0.1452447235619862
0.0003221514022221972,0.0128646129305728,0.18229711416257852,0.1943652002900857,0.10818334306797504,0.08140597025568443,0.1227892806255226,0.21125041041481288,0.08296222787162037,0.0035596889789255653
0.07640851655849928,0.10008109950209822,0.05806105252213382,0.06947055107009648,0.14259003482851623,0.11727117949831067,0.14030212750457607,0.12627715535597173,0.06544134570492695,0.10409693745487067
0.0008773657704297786,0.08777452409806905,0.06384498365538262,0.059593474506205925,0.13404444050348593,0.05004636916053933,0.1913729243802871,0.1481666537186594,0.12177488318842862,0.1425043810185123
0.052488795038596214,0.04597986801750299,0.11888100070664144,0.20573533773532743,0.13507239802497556,0.025097930269418405,0.02061191879056013,0.15556507572691586,0.1574334608973767,0.08313421479268526
0.057398444945799036,0.13465682735769122,0.0436350063562996,0.02624799923635163,0.030033276127505757,0.25779181456886646,0.036137148623987495,0.0064323580332369176,0.19297324040416078,0.2146938843461011
0.05356580601446937,0.1021554581366824,0.12594475706717828,0.1497505033173071,0.12625290938192552,0.11056969978076174,0.06828833935382159,0.07746305381738823,0.13897823458554498,0.04703123854492085
0.055472599836227425,0.11647695200429575,0.13596977524952467,0.019740553079943844,0.13393418464621998,0.12428311831142093,0.11123057977129212,0.1004783728802512,0.057768348858162136,0.14464551536266182
0.11546269211311766,0.027510234607200038,0.13752273421349814,0.14181780648295456,0.055392491957943046,0.058004413385048366,0.20223346106883894,0.004077588143145084,0.15782644454188086,0.10015213348637308
0.06274258250140595,0.1738816885638221,0.01856441838486201,0.10126668984371882,0.006010454970366019,0.06687200565624443,0.014371948268463962,0.197172493572187,0.19174361158128508,0.16737410665764463
0.10688496563893611,0.09756459383269209,0.2181866118249824,0.042009212353624724,0.05052165033158995,0.05279421003074022,0.13188521915386697,0.005221055729141717,0.20420742264676967,0.09072505845765619
0.137781609477924,0.1031726759712897,0.05640158583186565,0.08315665469564588,0.0781957624111641,0.04284741225170922,0.10172289215973425,0.13092098030630947,0.1322089543759253,0.1335914725184324
0.06582740351881528,0.07966137614039037,0.16938209460294537,0.029478542070097216,0.023449037867180608,0.17248529675353583,0.16558701701125436,0.030768689294825555,0.11098499788021604,0.15237554486073948
0.15737496637330997,0.08519515256105391,0.055673607627024335,0.14204170547564074,0.07334308263147722,0.06158482006418126,0.07393849997461724,0.04697294912863058,0.17565675540989034,0.12821846075417445
0.14181964250223425,0.10570448528985173,0.032945364212452734,0.13969045649874687,0.15280820117460983,0.00698987339528324,0.09889778053546107,0.10568891165787864,0.17105561177363648,0.04439967295984527
0.12331474475183864,0.16947909913152806,0.12128710498133592,0.054324974046352247,0.02590835416750604,0.17361059669064782,0.043476900686999886,0.17863648027196374,0.06948478440462788,0.04047696086719981
0.171275831275284,0.03429093481624397,0.005422573575210997,0.09028035761797265,0.1222460132107113,0.08207617243705617,0.0832349735071408,0.17678853550612775,0.06355530998684303,0.17082929806740949
0.019289420697207016,0.013761801103797065,0.2327491885436409,0.11417366536342766,0.1540037017411747,0.045653575260141806,0.05892933574646888,0.22628370697877698,0.0544664757392275,0.08068912882613748
0.048524175306347894,0.12056712116257438,0.07357001268421709,0.12210434081472758,0.12068307945746251,0.01933209650215298,0.1425940420605515,0.1436328019628234,0.14018872793490111,0.06880360211424155
0.17158616386443482,0.051758553905815914,0.18834441931539078,0.026414010402871575,0.1457480492138107,0.05962035570819658,0.13106844836193635,0.13531999984939744,0.019156918512545165,0.07098308086560082
0.08804552590015023,0.011532746018695169,0.02082247437245399,0.10739039185104277,0.03466356608924206,0.17084094033413172,0.14570338053691437,0.15744866148392128,0.12414825200936566,0.1394040614040827
0.04063113263818903,0.04714846262768901,0.09483240826578292,0.15248240502886445,0.14497122677534977,0.13342241750082703,0.027619613441356692,0.11479842725991024,0.14068818344585976,0.10340572301617108
0.07694727837415226,0.0675426627272378,0.20213891529697198,0.15155150585794444,0.06922415928009876,0.06278265907968657,0.10075247711734168,0.08899308417752838,0.16342312254121677,0.0166441355478213
0.06816615670290264,0.10681793378642347,0.19294236463588826,0.11375074105491681,0.09332036179919855,0.1514538670985166,0.0742443608332662,0.03453201790995248,0.10192152825082948,0.06285066792810538
0.1098747479869323,0.09687292174424286,0.07030132188899135,0.13385679356804753,0.17589593251210636,0.0699983895762866,0.11628080162027196,0.02679730379802163,0.08777329270309829,0.11234849460200096
0.01088076129902522,0.09787332584615024,0.18628318704326943,0.06867983587074297,0.07709208759207936,0.008565561284966787,0.11074914641175691,0.04914881114716966,0.19777274788394808,0.19295453562089132
0.05562179054497119,0.07445272206828607,0.13930242364858117,0.14100639725512956,0.19995778500155703,0.05565035613610918,0.1289082765482912,0.060712932512626196,0.11591430243143258,0.028473013853015865
