i = 0,i = 1,i = 2,i = 3,i = 4,i = 5,i = 6,i = 7,i = 8,i = 9
0.16093468036060365,0.14576439439634037,0.1082717782492482,0.08548997235053206,0.03692867509494581,0.15988171396972428,0.02996468892818941,0.14523261885380612,0.05518866543317251,0.07234281236343758
0.014107927673752305,0.16667759643958077,0.07621486634949426,0.0643392033416911,0.08282014510767266,0.1615666788686132,0.19180851007769167,0.032308546212519086,0.1840849475999135,0.026071578329071556
0.1317209547020963,0.039771493493544856,0.14188632816276442,0.05707115492796689,0.13140314688239108,0.0806512825226728,0.09917730920735963,0.12476405058967872,0.11446413620737098,0.0790901433041543
0.1198415934716488,0.14396849448713814,0.07818819416764484,0.10390756293968502,0.04685581789363949,0.17493036433238404,0.07070058253788855,0.06902959418120264,0.003504170117296913,0.18907362587147133
0.0960973309274135,0.10160146361995638,0.05438698354178529,0.010336844158386042,0.05123211386398222,0.18628397929944987,0.03722935361200523,0.17681471825728248,0.20441580105104099,0.08160141166869798
0.14318665185911478,0.12862061261523286,0.12709747612522396,0.05858919275168407,0.13206690326350898,0.08843939011696865,0.10775933097586265,0.15060913212162053,0.003219134007354708,0.06041217616342888
0.1528996619101263,0.09290150330228845,0.05641707780391227,0.06818244830357593,0.16933253427980463,0.08879495536458039,0.0970052124852505,0.03686669753518583,0.1360898857416958,0.10151002327358005
0.13144825508899308,0.11859944674199792,0.085254811781002,0.13058440470012372,0.025742958799049493,0.10553061932256302,0.015329772170662673,0.10600554266245414,0.13263794844509746,0.14886624028805664
0.10978437769342118,0.07799462054332916,0.09296700447453385,0.04180493449076097,0.11470931408160484,0.11591682164088486,0.15773018556974275,0.11025573878444417,0.06877466191923119,0.1100623408020469
0.10252437910459761,0.11848520643601777,0.10136634517676447,0.05662558737080595,0.09233379668970405,0.09268404200552115,0.08697276979866621,0.14378534797363543,0.07746659611883085,0.12775592932545643
0.14801030906282658,0.05210428178571129,0.12226333872145963,0.16722833989206412,0.0042845773269445395,0.2713686521902511,0.07440507434285577,0.05529157253833,0.09025710952385034,0.014786744615706802
0.12194390066448971,0.05454983169442054,0.11145259653927861,0.09861378058063075,0.15998296791605188,0.11771153098064473,0.01507074886654845,0.05986762156139935,0.1291951439725022,0.1316118772240338
0.18896309548667714,0.13401264507550698,0.004797205426086934,0.06484516270985827,0.04995071787171682,0.12100417283080617,0.06433385883814337,0.1956440696659156,0.15600847824216144,0.020440593853127246
0.12167016156308473,0.1264287793480222,0.130971376341308,0.08470896955547677,0.06316396610481834,0.03258615617720126,0.14121742320914205,0.14363802464245004,0.08701740878605961,0.06859773427243693
0.019104873693190035,0.14220161097433667,0.04655712081423412,0.11030796696101738,0.13158304210924793,0.15532386083062313,0.0868066954229925,0.05874701285450554,0.13010389588923685,0.11926392045061589
0.012607521903460392,0.1026767577433244,0.08609658293900692,0.14683052988674206,0.0040615828818014775,0.028253231284954456,0.17952116555999817,0.11204048810820391,0.1335893183706766,0.19432282132183176
0.11806581460200379,0.1502556137246733,0.14782419086249318,0.1582953969464908,0.018566631894847398,0.018322929958524678,0.0688926157152816,0.11546111701824646,0.07276137559318667,0.1315543136842521
0.03254958629357734,0.08655495343724567,0.09587895285661498,0.04693204099965763,0.24953818656314514,0.05625416949076727,0.04199307179200656,0.06612189823863239,0.2598941406225288,0.06428299970582428
0.11003649640001807,0.24981065185459755,0.00012667043616906582,0.21237262537025195,0.0018601861878414128,0.11101087317676149,0.01728973325111573,0.07428728938901934,0.09762491122945638,0.12558056270476897
0.0903744934266324,0.1708268196675885,0.06305542098106168,0.01359405451810045,0.08183771304557985,0.07192108508100556,0.16790720817851085,0.0689109596617896,0.16332728816944292,0.10824495727028818
0.06538624821245635,0.1068219601288718,0.03506816283994019,0.16213118666084528,0.12058342600824318,0.1642381701051255,0.12275380325885525,0.03566767557703053,0.06618509652772511,0.12116427068090689
0.10568202347917256,0.10277970009319533,0.11036719449866123,0.15380470614038758,0.0040007526123648504,0.009775359986818478,0.12194711766111822,0.12044526106864481,0.12291722417034416,0.14828066028929265
0.12058916416656504,0.23143939599903934,0.0527226473520802,0.01727440868202399,0.2499555763212626,0.13491538448689575,0.0015900587500869978,0.0006848754696902684,0.1351198197316852,0.055708669040670566
0.12121493092894801,0.20820870786448284,0.03620490093165304,0.09010226931301556,0.13112488222461502,0.09750716576880311,0.00023357249525309716,0.08047423578189221,0.0914963901111118,0.1434329445802252
0.12178167840571626,0.17044319184991136,0.10047828600343034,0.03954059452763296,0.04338974632336258,0.1772921924643521,0.07748353424202589,0.17143747183864322,0.0029909130570008133,0.09516239128792445
0.041388875732910314,0.04452118657003607,0.057888556231093104,0.1060756789820861,0.0973574809488088,0.1261539827948318,0.1036881603642007,0.14176878046075272,0.11508361679378568,0.1660736811214945
0.03458195989564752,0.07065190031625197,0.05488888003192446,0.061024057930627505,0.11268519989731944,0.2145248177915451,0.17253631683064782,0.05449540602413649,0.1459088201461533,0.07870264113574649
0.16662499494834923,0.09653424825216209,0.012591426635840456,0.020594989957028676,0.18455648502212957,0.14245568173554932,0.015989579100813403,0.12710244920037087,0.14928444556934659,0.08426569957840993
0.10543367951601675,0.1646850941578707,0.13172231426730108,0.05390407971446677,0.1467778744060103,0.09442387509379256,0.10339122499431103,0.0610920005763469,0.07508132858339063,0.0634885286904933
0.036263868026087276,0.14229269524213886,0.11883110054697019,0.07511749182087019,0.16709028883043925,0.13597985064335943,0.13433897783509086,0.031573208374566994,0.07967970103343232,0.07883281764704468
0.10786843761331438,0.09711493905056019,0.15137137513833487,0.1363710080522882,0.036546340033666865,0.07472808894956333,0.06432498977692984,0.14729389900656037,0.09125922047424875,0.09312170190453319
0.19797198557751708,0.10369787931434102,0.1710531628057656,0.03706069922140085,0.11415442982811812,0.15819771755708073,0.1127120124384113,0.09352447221288869,0.005438490312574505,0.0061891507319020945
0.04669278249251004,0.07596746599318242,0.17869894058245617,0.07763634791088878,0.0025801743012679955,0.12732230882040346,0.17054407021030588,0.11451595589157543,0.11832091986099122,0.08772103393641852
0.2018136733758685,0.07295620747453921,0.176237267918545,0.038111503662829296,0.04414839717827875,0.003906594260581041,0.08865457588065405,0.1581504143060631,0.006201455833676712,0.2098199101089644
0.08572985924638576,0.10796132991943404,0.18487635489922055,0.10327222395816275,0.05192274370111613,0.07047554994013555,0.0729883877898611,0.04784751531196568,0.07063908450221243,0.20428695073150605
0.16175339535299982,0.04858887268477085,0.018278068137039045,0.05963336036995557,0.09611444685998384,0.15036399346926455,0.059442942087368174,0.1415578720856133,0.1365420984686971,0.12772495048430776
0.10738372328290617,0.050174882047477706,0.13944387755964088,0.10040188779761802,0.16401291786140615,0.0012421008922183139,0.14760238155825375,0.07827170828876731,0.02139206515105757,0.19007445556065414
0.10006533477277987,0.04202297080067056,0.06221944567927056,0.14575912470976826,0.06751133987457264,0.15728787191295643,0.17365713386215073,0.12080157972479724,0.11849121025458993,0.012183988408443746
0.11980879911800449,0.04909806711494197,0.15875254890376833,0.11294467838003616,0.055565338153992415,0.14739131633876598,0.025204933345667382,0.11797003017921046,0.055706405096029976,0.15755788336958268
0.1813416896208127,0.012418743748629528,0.0017160757621734902,0.04868512975647457,0.08126599160300747,0.062442425905153046,0.128472604074497,0.17765562891065406,0.12771212467442258,0.17828958594417554
0.12871524714796395,0.100468163848469,0.15740647001706934,0.13388419026302173,0.128685058143538,0.1207154203079324,0.02334245245492549,0.05550668082174728,0.0029264567380695512,0.14834986025726304
0.0393129032204388,0.1257909486559643,0.03808929031045889,0.1503577716112876,0.06866462014098318,0.06291770337764875,0.01636423653977794,0.21512378562831805,0.07524514410462108,0.20813359641050136
0.12370259538904742,0.015992980775379025,0.1279192777507743,0.017106609104999417,0.14531032637408933,0.14630070842690857,0.17833914394366826,0.10894846025431718,0.022361782235788996,0.1140181157450274
0.11044222952485162,0.1631404517239675,0.08404588376259207,0.16864385887501393,0.12641029309922028,0.06474339108986973,0.018283143533081764,0.05909135350128889,0.04718669381763034,0.15801270107248397
0.12601031557400486,0.07503034888940086,0.12655146340714377,0.1334280011762474,0.020837269655958265,0.13875204887231843,0.19822227952389002,0.09719170052476273,0.048913684052029366,0.03506288832424448
0.09889406220513065,0.04253613260251981,0.15726464782068722,0.030860276544864167,0.15143769431559184,0.16701208240092816,0.07267457252397992,0.08115057485464383,0.1614342233789488,0.036735733352705593
0.09741102765712371,0.10497706524416835,0.0271629304808001,0.1492922157516231,0.08494686681273582,0.10248160167620267,0.05944256557204642,0.05925498467386288,0.1725445555402842,0.1424861865911528
0.13273197961793665,0.06882582140885671,0.11119860662652171,0.09181876911060574,0.14703826259032354,0.13119316130496744,0.023697715149309663,0.03212474982193671,0.1412028685205355,0.12016806584900638
0.009131808881826782,0.11118176636224225,0.18554368421664397,0.01378899357394385,0.1005815156767437,0.13949243260177865,0.03381239653424321,0.08275943787339099,0.1770639610762137,0.14664400320297288
0.059686201993695835,0.09700041811282184,0.04625109746684529,0.22219926500754655,0.17083997520257171,0.019480184296834,0.13281371529858302,0.1492285602163639,0.004089934482798352,0.09841064792193933
0.08422160737283003,0.07834041549828874,0.10478757186266716,0.011869344876996592,0.10914253058735719,0.15059094078502677,0.13318229732343942,0.053859496884754714,0.10396411761720502,0.17004167719143437
0.06365322825814694,0.008543611723781442,0.08701570249530592,0.17988297219654062,0.0807559226530029,0.1855588521876593,0.06936381227563389,0.019589724152707363,0.2515855045764363,0.05405066948078542
0.12165170726541932,0.0622460192315816,0.04178049457117564,0.10604086147273037,0.16133168213433452,0.03818342632716224,0.07187044084277312,0.18064585713194148,0.1896453221843516,0.026604188838530093
0.13648990918239667,0.00406814118835101,0.12213470234800888,0.16423622347642572,0.16592109541276903,0.058199567421509314,0.13729439395716783,0.021451297513293454,0.03686711774860235,0.1533375517514758
0.030169777952031712,0.057769243875132464,0.15791384971625239,0.08240453139660546,0.16020475906692236,0.04281974734299141,0.1317953161017635,0.07763987532705925,0.09276457854090715,0.16651832068033412
0.12240504926202288,0.15222511648999468,0.06980219174065136,0.05669541369088056,0.13568756338760216,0.15291935260232775,0.013192470341357024,0.09667331100365148,0.10958455836801258,0.09081497311349965
0.009725859420779465,0.12547708349848033,0.15240534771567965,0.000869516005173702,0.055031346171505645,0.19190882029950163,0.14556937881313806,0.05890428174209183,0.18304341600620044,0.0770649503274493
0.18160785717643746,0.02877820363526786,0.15181118986872105,0.08987688365603339,0.13648841155082547,0.040553779747074685,0.18928106121086838,0.06781305225144749,0.024423010549425483,0.08936655035389872
0.10932830749062554,0.04006763857401508,0.045908898773970495,0.1706073612659786,0.12917231433537135,0.10628213581611602,0.11913699740308516,0.13559944248715988,0.0391047904498875,0.10479211340379048
0.11715524194395308,0.13447644649353366,0.13628481847667823,0.10114742957796358,0.14256447149635978,0.13444157319070138,0.004811626579898973,0.08705266326161706,0.05904543276507421,0.08302029621422007
0.04274520538869996,0.09289104491197891,0.13368268466633768,0.08071691443795125,0.11608199865489785,0.15275959334609673,0.13569289672608495,0.12014242273969347,0.10507272911749439,0.020214510010764672
0.13477098468261592,0.11686970304308417,0.06886934880533836,0.14501586867874963,0.09476028933493039,0.02959088748968861,0.09967789280061475,0.12962562400936853,0.042738760291979316,0.13808064086363028
0.15111904115746372,0.011068039079116259,0.11036099983737492,0.1335785795759378,0.15158949165331992,0.11070290014985355,0.16863990311308386,0.03490522650978093,0.046698823853295594,0.08133699507077334
0.204369148588536,0.13556849223111245,0.21085789029583676,0.08684898489599503,0.06331737502591883,0.0751006722990588,0.09173246521155626,0.03209122453853732,0.06376022331376371,0.03635352359968485
0.025148609671322753,0.14148085120984105,0.14819338109887692,0.025560609378128044,0.1862315990942653,0.185771057301213,0.12353213868382804,0.07239879503771704,0.06575758391778055,0.02592537460702727
0.15520329909700362,0.15081038269290817,0.016871016241040204,0.08309501442159631,0.0655122487720889,0.04214154749505464,0.08378865931264717,0.1212855961588639,0.1540040787157628,0.12728815709303426
0.06785733858046383,0.11760850701691103,0.18442457970363124,0.18431084046183546,0.005811518994791924,0.10128619814163861,0.18078946973996277,0.09708412872505962,0.06042899243112459,0.0003984262045807881
0.12098063613657481,0.16165812052685283,0.09007224691510703,0.11419470196631959,0.09490656453635239,0.03192165147090374,0.14182574968216657,0.14214788501610895,0.06899097850802806,0.033301465241586094
0.14846754938026607,0.10078331761002768,0.015373628066873087,0.1325831525529375,0.12482716811800969,0.07424975070613349,0.1581223577222353,0.03421254186417756,0.07536056574862156,0.13601996823071802
0.09522800312394954,0.15729136762792556,0.010783796692434284,0.04817053586993889,0.1827387176774556,0.10231753931647422,0.08653449759798797,0.1472651374483419,0.07874979745291597,0.09092060719257598
0.14381276774796892,0.04700756737784705,0.05961628443255005,0.12786777514264963,0.07476726025496419,0.12437374088275721,0.0017401130204209917,0.1556193433304903,0.13833554784702334,0.1268595999633285
0.010132931228275624,0.1611585119363684,0.13024618779988084,0.07671555081348005,0.08851691544046231,0.11582999810773942,0.031456315398292196,0.14522301098993973,0.16019478396548126,0.08052579432008031
0.025639638833315475,0.003647587675875073,0.15032203597797977,0.06324858239615919,0.11170165361333183,0.14252338924158248,0.07448788532434528,0.12039128069095595,0.14794585846038538,0.16009208778606948
0.16232527324862567,0.14717900441691478,0.08555207511117549,0.003907903217600797,0.10949842592639597,0.06706639535103652,0.03770103906609521,0.15976525979170828,0.1635568247166554,0.0634477991537919
0.1286996174962833,0.1426537913712099,0.017203430252631713,0.06061822073427971,0.2006255027409509,0.035912732988245454,0.22481338335216128,0.07324112643882495,0.0052170636700931364,0.11101513095531977
0.0392709874589669,0.09143636357560032,0.0026386676053151213,0.09580926709300654,0.0706874019754665,0.165730684723287,0.16539639590859037,0.1494765945394243,0.16386990869777038,0.05568372842257254
0.11335404264815559,0.02593324677625847,0.09599536035724467,0.09934384764592936,0.1265288614051076,0.13538017203721284,0.0979431196738792,0.019340427294180253,0.164701252318194,0.12147966984383814
0.18223875621123017,0.02769438851581426,0.10028285781879938,0.18126462567872123,0.14249388925072345,0.004645148834198705,0.04259438102961611,0.0858744227351776,0.062200322981933585,0.17071120694378544
0.047744952536921195,0.21532597844112034,0.006037126439349852,0.034056601524884565,0.10756704244853185,0.128454508339517,0.1683485597303824,0.1279773357311246,0.006483169481219877,0.15800472532694834
0.05381106614295054,0.1326341520584976,0.1087914829326458,0.1307421487865337,0.1121846228864004,0.13113290224663168,0.01093264629220825,0.1124241660932394,0.11212723838808748,0.09521957417280533
0.15916153157707086,0.029176918517315565,0.14123610689925004,0.15515143668397421,0.0929305275160816,0.0013653844831122285,0.05634645293189658,0.14119338496426592,0.06068263087688324,0.16275562555014975
0.17973758507483148,0.2215896171681994,0.1270812371209746,0.023236445991565255,0.032860343193647924,0.02298299168190128,0.0011205531456972382,0.06603868846183963,0.24050503317212293,0.08484750498922021
0.20297111141315857,0.03376680661346566,0.09390968256180195,0.21375757336892778,0.020191455619940197,0.0906348182136379,0.06884705047323819,0.04603024590530344,0.13764853030971497,0.09224272552081134
0.09666638140591034,0.013535462639675899,0.16662886296701915,0.1772039757533489,0.06892427635138626,0.09643639715069642,0.14906546232263101,0.05304600841258324,0.05298622391411798,0.12550694908263102
0.17378305656714754,0.019854958871010863,0.08612725617731505,0.04813694520430927,0.07220869267096944,0.19802231213109384,0.015894605183836612,0.12801231626729553,0.13104187893151353,0.12691797799550827
0.11557822218055136,0.1320504729321501,0.12001846355355619,0.10631200901433178,0.020236370301839633,0.08387294203933021,0.04112199927054244,0.13484940280611676,0.10322533913106909,0.14273477877051238
0.14130452456581918,0.04022235950995054,0.08028846498502708,0.07730808328714549,0.13318180807845145,0.08795179982501942,0.07538475375909896,0.11863757417817053,0.15858988439013152,0.08713074742118589
0.13336609793312368,0.08255845203530708,0.02386975274928595,0.20027384675689616,0.0013562142052472614,0.11339627301840641,0.017301061842044028,0.11726181712025957,0.1336679290122007,0.17694855532722922
0.17814432340775052,0.06918927773166832,0.14965461809532254,0.15516242237354336,0.06342225047573227,0.03709703388650402,0.1919270232585946,0.07117653805771823,0.01394109038057136,0.0702854223325948
0.134060047740797,0.04298509616858019,0.06452950210270908,0.17718528388432175,0.21570838463959086,0.12091371204217917,0.031812177507388816,0.05695927972811224,0.09070441510799175,0.06514210107832906
0.12447866122294951,0.11684413728952167,0.14037600549688073,0.13111066545378464,0.04916736041623326,0.08957789241931505,0.14224427297465955,0.033772058706310046,0.11717260671156682,0.055256339308778775
0.05431246661186525,0.20638287166229474,0.1266338964598189,0.03385527153736664,0.09188058596466292,0.19132003965124342,0.004760527757846656,0.021361683956209777,0.10114694640365972,0.16834570999503204
0.1284460759024952,0.02992093969622035,0.0318144164368668,0.14733858639983394,0.13343309414864066,0.15251053400835518,0.11537661994399985,0.13125648261457262,0.031443726709580656,0.0984595241394348
0.11537867184495848,0.1027181715992865,0.12075476056479703,0.08743791312561967,0.05476175013551061,0.10484476089467165,0.1275921239072942,0.11335624734410764,0.0539161086375438,0.11923949194621038
0.06671497496285721,0.038051490238205574,0.09103084124811839,0.1557649991425381,0.040360429788036264,0.10613781647260083,0.15714129278484198,0.10895859417396006,0.09087069952091237,0.14496886166792927
0.18690894092378513,0.1497397888499183,0.1504112751649211,0.16328155700241345,0.08901125276171262,0.03314451700012738,0.10828638482320872,0.07661127042202191,0.0054904210314433675,0.03711459202044794
0.019444403126943212,0.15953664684278596,0.12920846063091113,0.12685428378594596,0.14533810713083142,0.06329955005017059,0.08078640023106415,0.11595474360436137,0.05829657477767087,0.10128082981931545
0.14386386954204544,0.07610550277076153,0.12934404831600943,0.09848219868539305,0.07110282373003048,0.03894935814127427,0.023752597766706844,0.18834211328055875,0.16452174928314722,0.06553573848407292
0.1723680694647283,0.06466777664831715,0.1308845467248485,0.07814096975253756,0.09337396108609429,0.1623343620218692,0.018396754801752326,0.15482940226092762,0.09338574799480436,0.031618409244120745
0.14512895262334258,0.15016317268266038,0.08759011752674502,0.0993722970765417,0.14426997706874184,0.06449120044159427,0.020353992239051582,0.14670525688069996,0.045505924717840575,0.09641910874278223
0.053529227697528735,0.03238185459102377,0.12145910429467471,0.14920989123879017,0.1474345671805276,0.17760868905964466,0.037923065112180285,0.005346476344001562,0.17684729547870084,0.09825982900292773
0.008162430516543358,0.013925868893735389,0.13549875766509117,0.08558399610092053,0.2952500014392792,0.07277316410434202,0.12273540480882605,0.08331914774345328,0.15246535632402317,0.030285872403785715
0.1515854835995053,0.06289688113943018,0.10435554112199211,0.057092454314093495,0.17453511905461766,0.055518062668115035,0.038134625275784324,0.06302565279676545,0.17194566424595797,0.12091051578373858
0.08992099183600936,0.16719542579436175,0.08237424342148648,0.155698994830166,0.12097499355539237,0.11847767315307432,0.00570875279432331,0.002572978107272111,0.11206381869142176,0.14501212781649261
0.07751656567758346,0.08624162998679798,0.06735996989986397,0.123534727914118,0.12687048718598565,0.131729320607717,0.08963771911982264,0.11711624936942082,0.09050810693232451,0.08948522330636585
0.052637736495836904,0.1827556558071727,0.018124453477231697,0.22925513674778675,0.11838011200639939,0.035561336965069,0.05010802749398997,0.017507496422619562,0.1244105302289147,0.1712595143549793
0.16110492740062876,0.0880799154818166,0.00855750901821554,0.1066980988544438,0.04185154211990164,0.1389659876929243,0.1535485505412758,0.10748053982671493,0.08536512592954645,0.10834780313453216
0.1568292256153916,0.069511854221931,0.10594798521083915,0.13829193978936224,0.0413659051275005,0.031331011551063784,0.18585393525441368,0.0055352662473084,0.12504257885024253,0.1402902981319471
0.1480392186669625,0.028795259858090505,0.10899317604334643,0.17210386488409507,0.012892009434499047,0.16693250517185254,0.025204691141355266,0.16242669005362595,0.13686588088393212,0.03774670386224041
0.08813606205781509,0.17498303585423364,0.06044286498055847,0.1080131268292117,0.07775570406708364,0.0667358389417526,0.0815700892134709,0.14459711805768796,0.08045334781900403,0.11731281217918213
0.0040940476347245906,0.00111236351914906,0.17273942140839735,0.04930658328778521,0.2264374154469388,0.08080305299888188,0.019308603046341927,0.1557709920491203,0.10677556398912888,0.183651956619532
0.06940037596563886,0.1915062601418495,0.15442563532680684,0.05150246706289964,0.03939476518530444,0.07075711613259156,0.06808041166847031,0.11511597023478433,0.018210214636775468,0.22160678364487899
0.11661542338090494,0.13030661416935055,0.08690816919372105,0.09716509871961122,0.10665322269347947,0.11913985329395098,0.031108465731475056,0.14859192219288614,0.023830374740775928,0.13968085588384466
0.14329983059126797,0.1283046529664998,0.03639114880624427,0.08830233506892173,0.13558585293785014,0.09197716259549234,0.1557452530814282,0.13281452288607917,0.016294734675910725,0.07128450639030566
0.119059668391491,0.12306556010242946,0.1166953640386618,0.05975447281527046,0.10093494329954573,0.0970587732528919,0.07417674330647697,0.10400579159382738,0.11928226074576619,0.08596642245363903
0.11267779650182179,0.14510381823662613,0.17697656300052314,0.05236356502187436,0.15388508560278946,0.03622542203441157,0.048940119962431916,0.11409255124766014,0.043218283065771614,0.1165167953260897
0.12619179699013208,0.07662514062181143,0.0588740823911636,0.0837343564472613,0.11675690087203495,0.21647668419237268,0.05521484021094585,0.022410971099802095,0.13303629352851765,0.11067893364595842
0.12561185147527287,0.11537474054888984,0.10661482780867115,0.03226727870789547,0.021270108513943224,0.014689697788200068,0.12279822512528193,0.09617800250737922,0.21142809163063264,0.15376717589383368
0.022095138439250383,0.18964954116677663,0.0032429136069390594,0.12448507097567961,0.23214157876872216,0.09313428256568822,0.09973376884201014,0.10335995599944953,0.0031768477352602693,0.128980901900224
0.09335225512415375,0.04619286359121966,0.18274682432785974,0.1953302033238623,0.028363158155377363,0.14683311389709575,0.116481235037376,0.0520210546061316,0.014354470277498236,0.12432482165942536
0.005451129152230596,0.019718596658698347,0.13847493734864091,0.0800931800541559,0.011617315290720184,0.19406300078024336,0.023569327819855917,0.19428321406082696,0.19561973982106795,0.1371095590135598
0.14474311124984826,0.1331233903626806,0.032024262170878615,0.023796434991771382,0.09160482042237796,0.05614418851923943,0.16173273855484177,0.13186841421491174,0.06689636960137094,0.15806626991207937
0.004625355674113901,0.0620808773022925,0.07390242395119581,0.13402570262793367,0.14307239637107452,0.11343407516812261,0.16916391517447352,0.1294566068343958,0.12938748245725826,0.04085116443913952
0.06996575347869145,0.038863604145186754,0.03003314924171952,0.08651149029091187,0.02712971222840948,0.016159998813445462,0.13504867572992352,0.2073716613905699,0.22324390129107624,0.1656720533900658
0.16932373612445215,0.049493818843147526,0.06625363678827606,0.13230262782977117,0.14412627800541117,0.025114008334984977,0.15206668689946692,0.17922887199498666,0.029308380970557622,0.0527819542089459
0.07491717059175629,0.16263472743025847,0.14406793333472645,0.0553169546783145,0.07042602141100658,0.10161402901125573,0.14849006416964464,0.004201911051253423,0.05319218281649842,0.18513900550528545
0.18545319221098863,0.0994769682991061,0.02128588201822837,0.16435725634800527,0.1393864415950561,0.03440211881660032,0.03111425069544416,0.08776323308673009,0.14255178057300916,0.09420887635683185
0.0813460325469153,0.09675686070796867,0.09203142363698408,0.009540357019575672,0.11583872904289812,0.049176266251507096,0.12648923445349536,0.1675023615701481,0.09768685814913403,0.16363187662137368
0.12473818790661607,0.052769304977847424,0.05563598283379974,0.19908757854993525,0.1492471668067802,0.06593703689437959,0.02817416934297699,0.06951895057968116,0.0860714676484675,0.16882015445951615
0.16575271184942897,0.13708894416709674,0.02492612301608932,0.06142882594083171,0.09185343365275989,0.16795892301474538,0.05258207147297763,0.12625612889010648,0.05006137649834815,0.12209146149761584
0.10560433547700018,0.15082239327088076,0.016382808869078884,0.12297539295169432,0.12178906266684357,0.04147075137359459,0.07039357957150312,0.10740558150354874,0.14376795570013165,0.11938813861572421
0.09441066723301839,0.10464928401144964,0.012123005908105592,0.16408968671305987,0.14963562257939333,0.00021628485648302122,0.09531862717528584,0.13191066257938827,0.12944923079222673,0.11819692815158934
0.029588985429276907,0.06796221990214381,0.07270099020864798,0.15814760989477666,0.08195960165148727,0.10965951041580418,0.17984300201666795,0.05419926645179478,0.20459181921460703,0.04134699481479358
0.15208726981383008,0.053258864520045156,0.07126369340964847,0.052000821352220346,0.07940123349245647,0.07458899624984755,0.06600700383325663,0.15026032905873862,0.1416801861877489,0.1594516020822079
0.17244225127468066,0.04364160933295193,0.08909658525679345,0.12774189182076232,0.02917481478728889,0.0473150209820271,0.18141327905755134,0.06495147976291372,0.18926001613279506,0.05496305159223567
0.007072894953450839,0.05496830428803292,0.0038798142616601793,0.16554586001305796,0.15452164577801236,0.07194598784386722,0.01801998005081692,0.11084569696326832,0.17209654767372684,0.24110326817410654
0.0018820114943339562,0.18274059749285151,0.06846322654294613,0.08284114635774943,0.10841681407388479,0.16302839767264252,0.1738791189744196,0.044562421520675174,0.10182601274996453,0.07236025312053228
0.22706852058042234,0.1366826910689956,0.06214984268970358,0.02851739287937005,0.14166171833927863,0.0207855789290789,0.07983565599741012,0.0034180629453054276,0.0929997587192628,0.20688077785117273
0.07085821544178021,0.13482346522768673,0.14382165158841725,0.15423743390681008,0.07160545025957231,0.1285898651495584,0.11786522156454916,0.04687513018167194,0.07329849807599356,0.058025068603960187
0.15673759779913596,0.16405200175680093,0.03195224861949987,0.08149012525158364,0.12028442286298177,0.11911256329188863,0.1319527322907075,0.13201373161804442,0.027919010978615023,0.03448556553074213
0.11370330309745737,0.0851909185451846,0.002206652310099179,0.17169484303771124,0.1616965291596148,0.14640162596298675,0.03925064034562883,0.12693573044269796,0.15034352655449668,0.002576230544122513
0.040120564004462206,0.07703605997502483,0.14435609994282833,0.04442334545095777,0.1310145121202196,0.13159039755480206,0.13809802267651666,0.10569476399484755,0.15079082792862883,0.036875406351712145
0.153816071150181,0.0885000261491005,0.1785282557030237,0.19209992800956652,0.09836780699210507,0.10877275894607975,0.08857774620700562,0.039402210149898365,0.012854021544974273,0.039081175148065105
0.1336388364063946,0.09768868346089263,0.066711230774209,0.12484540558637487,0.10357989643402526,0.08434617577467836,0.09133879408385652,0.11715784138338928,0.05804723961933108,0.12264589647684856
0.025531798954179764,0.11673832463048725,0.16241564709397366,0.12766346177758306,0.045864472426718705,0.11482236088660402,0.2021531603825757,0.0034255148239343376,0.1951727227400149,0.0062125362839287315
0.1373824102821572,0.09543642186895673,0.12855200095923677,0.10525030766062705,0.06314612359404402,0.15291371849836546,0.023495014278940962,0.12647574851585625,0.11826840670670788,0.04907984763510773
0.16156338284983823,0.16201492892497626,0.007515198031991458,0.19001169661358788,0.12057866794839166,0.01805767047893091,0.03047095581731945,0.07577306970344812,0.11942157565971573,0.11459285397180027
0.07943264115754543,0.19017477080234388,0.11576597787453809,0.025358326696842164,0.023280678029930682,0.18556520633160392,0.06021040455658944,0.10141391507458881,0.17243078224341682,0.046367297232600774
0.11836145734768194,0.055652565702572494,0.145202051237893,0.004789741162852073,0.05407168797456637,0.17441161209633207,0.07117511844650733,0.06358105270920729,0.15821297856740588,0.15454173475498145
0.13394909882455952,0.09155442552694192,0.1200344716234116,0.0821505727994977,0.09758569112292474,0.021701210310199514,0.061984744363571674,0.1306669798201886,0.13159427200089618,0.12877853360780855
0.06042368775158318,0.11728321436609661,0.12695129051260065,0.07289221605696175,0.11347814698289378,0.03519170467612987,0.1397183452803319,0.06939160541603483,0.11372069173595516,0.15094909722141228
0.10146335243050703,0.05157591858138079,0.005289623692113876,0.1309000690889687,0.1292957634817694,0.1176751776069432,0.012729546561973561,0.16549966389992818,0.15274163963137677,0.13282924502503846
0.15926647380300657,0.07458925624574875,0.12567882579349798,0.14279788528723925,0.021626485458668326,0.07475319618300616,0.11990976346261215,0.07746158377562971,0.038380000639469426,0.16553652935112181
0.10197388337692415,0.07882969686830922,0.1387106280815974,0.16074794435797407,0.17970685164813274,0.03683865212943277,0.09669391625161144,0.0063527727269558605,0.06559558980583416,0.1345500647532283
0.07419098656254493,0.11341426290231647,0.13446435459794398,0.12762448865726744,0.10008163327564028,0.08369569536300812,0.15232795928557344,0.031197852279020378,0.12435936425218645,0.0586434028244985
0.07735523993631571,0.09570673231530447,0.05400905905999286,0.20881978932949097,0.05506649663234427,0.13017489599703225,0.02488086389691246,0.19159483753325313,0.15413837443108583,0.008253710868267965
0.17230295774322824,0.003119392359061251,0.1395745128146285,0.10253972974632067,0.09174661231568076,0.0056710796358779595,0.026109993335362753,0.17801765755261464,0.1419958867193221,0.13892217777790317
0.04639770703642868,0.1528342518335714,0.050023733051458845,0.08361710415543422,0.05414690379876924,0.1713147770027767,0.2236368123677473,0.025633295740267084,0.015569382933256925,0.1768260320802897
0.09644482933102666,0.02389579780969999,0.13766398424052143,0.16515753031566338,0.029770718130752515,0.06296776283199483,0.2036473258992289,0.02450426658348741,0.07795024853815538,0.17799753631946957
0.10086140933902209,0.12346328391735423,0.12845526247244324,0.04937497712604285,0.03692407860485914,0.11554610057267382,0.10593367625762762,0.03420404874242457,0.18987668335109686,0.11536047961645558
0.06339325957356062,0.0972567206884935,0.09780942901397649,0.12079678603696535,0.11994179935304329,0.08434640424670403,0.12201652206908649,0.11826187381013681,0.09275123526735317,0.0834259699406802
0.129682375714522,0.14195724766945989,0.10371696891597702,0.13445609901834368,0.06546039308603407,0.04533736683868377,0.1079996382098546,0.0485728372590057,0.08344768929354629,0.13936938399457294
0.11719897307656965,0.08259400965613974,0.04469471745202996,0.16293501792676574,0.005146408411687986,0.15803684411304986,0.1231504200129619,0.08391880851352161,0.11032910028777372,0.11199570054949984
0.03470958209571161,0.051191252408742026,0.10145999499721933,0.04125189041928149,0.1312315303860346,0.04178020405951302,0.18337113447747805,0.16345704743375333,0.170226264126074,0.08132109959619252
0.010060726562283758,0.08432793060015485,0.09349631493496524,0.18131678944831844,0.1162410871051328,0.1672877648440554,0.1067157605570682,0.08465969950716279,0.03464082124626689,0.12125310519459163
0.05374997345115962,0.03436953490525648,0.14945719071119257,0.17604852362666887,0.1343450887953797,0.12857607595739626,0.07271409824241695,0.06477548698218441,0.03850615747599905,0.1474578698523461
0.0859377142482366,0.022056042062616844,0.13241539749824913,0.15782094196866406,0.11182816191531246,0.02659294875912422,0.10307646818826716,0.13452023061377297,0.07561611021456663,0.15013598453118984
0.07537450663474607,0.06775317387301832,0.12535769766782853,0.16598624890439415,0.031042870063838456,0.09780162996364217,0.09427890726767328,0.12172576502005704,0.15651860977839452,0.06416059082640732
0.1643269827688345,0.021518281838083863,0.1832735515923303,0.18444933590449586,0.03632031443732756,0.05060093663689704,0.08174140141485718,0.1917493562357498,0.05690472889925191,0.02911511027217194
0.09577854716986245,0.06815303956854844,0.07398377386228093,0.14687739017131773,0.1758586708677571,0.09093663416930196,0.15327402606042226,0.12094405410266687,0.066425893496105,0.007767970531737146
0.18196247992125214,0.1027162377162086,0.07444248103283505,0.19672553403254875,0.01542663969743689,0.07991140686942193,0.13717176558216898,0.139458564824875,0.013380817671748091,0.05880407265150451
0.0765608011742171,0.028291855891278916,0.042725107919866265,0.11314777422638875,0.20615242398779138,0.08801477335735657,0.0831749329381049,0.1238717993422252,0.08115635069550083,0.15690418046727012
0.18837483925949722,0.040339401862562976,0.01622892583277317,0.15300202815975777,0.00012089518349047698,0.2324376149082437,0.034768140912303784,0.05312786492553647,0.11241010840795476,0.16919018054787963
0.16034307353895155,0.08987136774055614,0.07530342399772981,0.133623900819165,0.038486341352616533,0.1695714881541318,0.1662230625669417,0.1383248655466413,0.01277118402801365,0.015481292255252426
0.07906684656106254,0.09134089141588629,0.07782966870709947,0.09514172322584186,0.030354194463417552,0.1876542997849955,0.13411157253965256,0.03333015770662241,0.13974809544789488,0.13142255014752688
0.18513510136736316,0.020561208376429264,0.12638627214875903,0.10985351327242246,0.02295843746687593,0.11926148196173518,0.1893060956187731,0.10947275517356177,0.007369835864971517,0.10969529874910867
0.08217411078961098,0.00029149897315624554,0.13839544436677656,0.12839538065273665,0.15798538201862583,0.11461789950092637,0.04451299084887311,0.12131078986530733,0.06978929889273573,0.14252720409125122
0.039023948637024235,0.14754456753625966,0.14588425169675215,0.10183335999103879,0.12255798425364205,0.06183387232247848,0.09547677572964991,0.16068723057265147,0.06806451895370874,0.05709349030679435
0.026761257573240445,0.1619764057439353,0.09980651826121865,0.10747372325059779,0.026294048914789814,0.01829558646974308,0.1770854476685099,0.14504682955494852,0.13298339601288575,0.10427678655013081
0.1427171063057032,0.15250380880230638,0.1810298436031299,0.0755630973477288,0.17244665814377508,0.03966040187534133,0.052566144521071875,0.06827197889626999,0.1102223833285065,0.005018577176167023
0.20944450087997138,0.017212263298022213,0.09118054415666077,0.1213787384451069,0.007313741751411091,0.2176178345261523,0.07385583402031541,0.11475128400392835,0.08969212716069351,0.05755313175773812
0.08347950702588283,0.11502353276284137,0.06049050367367682,0.1325134716868891,0.1630149092096046,0.08888200530999488,0.07765183475642463,0.12129401297713964,0.07254349667615985,0.08510672592138636
0.07345189562831864,0.02869658521473508,0.0416002673809653,0.12052903066341539,0.019531866147189807,0.1490636883577137,0.12041349458811565,0.1236102639141996,0.16422315629044332,0.15887975181490352
0.09235608175269601,0.13559686226012138,0.08970217233883981,0.13329105810608,0.11393018656785518,0.034282166737148116,0.08168879350020182,0.10664215277808001,0.10754789218910155,0.10496263376987602
0.011226305505740103,0.06552880242343104,0.0712144392955217,0.04932303748067127,0.2213709498395161,0.213508492403465,0.02761107875986777,0.045224503260615855,0.255342599799503,0.03964979123166806
0.034441273942055935,0.09286575044186247,0.0018111339693182558,0.2142108536459619,0.17173313441413693,0.03748882526102344,0.14355500108794916,0.02705148856660366,0.23080636675394756,0.04603617191714067
0.11508044563165477,0.08089224423521309,0.08193705759166771,0.12745520760858872,0.05677594629180611,0.10140983143438753,0.10810815785269902,0.0628100924744055,0.12864119276969654,0.13688982410988096
0.09180634755271987,0.15634555851447865,0.0015377177318461745,0.18433032310817582,0.03940533996773747,0.12591300370820827,0.16613023876751742,0.042981976014107075,0.01652885114594118,0.17502064348926807
0.18249066354413168,0.011458583394144848,0.042718761812381885,0.2051839653475099,0.061412220298004534,0.03087069612888019,0.1952039395090272,0.0696378378881659,0.04707776466975242,0.15394556740800136
0.10681479199656446,0.018063987483237388,0.07771895717237134,0.14590933004744921,0.09846424981885486,0.07807008477445145,0.023551836343898357,0.16451763498591587,0.1569296802968206,0.12995944708043647
0.16679625059315473,0.1629630296871769,0.010644442939219172,0.11503811108438056,0.12206560599364888,0.13624467860844078,0.11799220417314452,0.08579846623926699,0.02437973091813912,0.05807747976342819
0.1356870274912855,0.0038231235424554485,0.09249376856250217,0.1151150877560822,0.11540679137814974,0.12181241438665301,0.10355056661829576,0.10711842005179105,0.08811384145035574,0.11687895876242935
0.12188169713252922,0.1017584875998021,0.07305196399734439,0.0480169387708482,0.13068455615307786,0.10224484964926814,0.027644318519346556,0.12965389144711406,0.1330946342539147,0.13196866247675482
0.08551357296505169,0.16152143194797425,0.02931366249856873,0.19824493193781328,0.04298630724167301,0.05106220128780651,0.10912574529986668,0.00761123556728637,0.12329468735871868,0.1913262238952409
0.21167477485536637,0.01701196774532064,0.1657920956805137,0.13018901071214375,0.005630058394756953,0.022160034722910244,0.08655181211531927,0.06306638084256191,0.07078702870570512,0.22713683622540198
0.1345266016547965,0.11066896046595746,0.07415524517475901,0.13367365818008312,0.047837714324474936,0.09476857682517086,0.06374668674529321,0.04278372619791175,0.1477485090680116,0.15009032136354153
0.0448203178489787,0.13655906046870048,0.1517718415666274,0.048330311752244615,0.014934802901856208,0.11244308304070677,0.23790102830094273,0.0440760894094665,0.02594537360216042,0.18321809110831633
0.13313364347979456,0.09851426030260357,0.05512978110998568,0.01192823645689349,0.13076254760629977,0.06385170089490401,0.15266635177682714,0.07329473992087066,0.0424505240018694,0.2382682144499518
0.1082430220610098,0.004081280225358165,0.1879574126692433,0.04845707032123897,0.1480129186851522,0.12531753562965417,0.04863834819313953,0.11113289435270689,0.08304982544196728,0.13510969242052978
