i = 0,i = 1,i = 2,i = 3,i = 4,i = 5,i = 6,i = 7,i = 8,i = 9
0.03929066240618465,0.07006319052887428,0.08323582774762152,0.17149302412608883,0.10346035004831333,0.08949514871849874,0.1258936468151442,0.03711130883062326,0.16620297777489262,0.1137538630037585
0.07757681685926182,0.16342436452863313,0.13506665759289146,0.06109266957035792,0.009458790154058054,0.0828416288614538,0.09426224751984681,0.01761564974262628,0.20166096172951345,0.1570002134413571
0.019341281135523167,0.14001114493442637,0.07086247440443033,0.10270404785283221,0.040811166104563944,0.1622818210989705,0.10529760038702808,0.02071754881074304,0.2218266671881599,0.11614624808332248
0.03445047907994555,0.07483564525738465,0.12980967387042988,0.08692193500653235,0.04486834723106381,0.0061767223862749495,0.16121778803422618,0.07156528474850177,0.1737751643486179,0.21637896003702303
0.12339814476843809,0.0017050764837116116,0.11740689423392613,0.07290464805375706,0.04468448098736648,0.08596381398330835,0.17019107451944007,0.10529849915082687,0.07802008436925571,0.20042728344996968
0.051443829542095865,0.12241621185007243,0.05030151645158554,0.08225699142817158,0.16875485710277335,0.031069463128294093,0.15110156470784047,0.15109980522949393,0.14522055649574211,0.04633520406393059
0.1835117235086064,0.044828608091877095,0.08804897498219705,0.019139864545552335,0.1554602787142172,0.06587826250932578,0.05778347443408084,0.11628837541506645,0.1353420786169904,0.13371835918208635
0.1108260404896981,0.08025605226456474,0.1771170225927696,0.05815423431807647,0.07323383012433815,0.12641436909931772,0.011257222762346412,0.06413423867186001,0.17917758483239307,0.1194294048446359
0.017699997367644906,0.0032754921929612456,0.11654428701324558,0.16961475747830082,0.08038849000923763,0.02662978698956458,0.1881443071463303,0.12364650417697978,0.14368208137627636,0.13037429624945873
0.14823271110747052,0.08060355708086656,0.04369149628142534,0.20476838284934218,0.03782442433917294,0.05148518938565128,0.13067002424291765,0.0642922760947103,0.19714056873948485,0.04129136987895824
0.10001806397864789,0.015809671900197168,0.022950734500479502,0.05776204671488514,0.1738894088092979,0.1544083821796606,0.11096230219240921,0.13042927398020646,0.09042292453997125,0.14334719120424477
0.1667530729928804,0.013715227861103501,0.06935651984847799,0.11243859887918099,0.005111451660336694,0.14345442162883962,0.16719770203867929,0.012887076612035562,0.1733014593042117,0.13578446917425413
0.11396394493348594,0.1816969556654544,0.13704211067816338,0.11344077286302,0.04433667783224968,0.052692118090687225,0.04190767111347727,0.06442872965680953,0.1560727670571074,0.09441825210954523
0.032763243934587565,0.1826761301365196,0.05995630049730425,0.1509402882968892,0.030816615061396147,0.19429145561501387,0.07877876306098901,0.03729291125241471,0.10571447100420242,0.12676982114068314
0.09573621771917724,0.02594035658836022,0.14727218124646727,0.19764827398580065,0.03772749733925208,0.11636644948462954,0.17118194418416424,0.05265337689202734,0.062444266586093755,0.09302943597402756
0.061538383495554655,0.13614102518015972,0.040940552977790715,0.046450764884113,0.07165800488761992,0.1662231846419358,0.1309398415960244,0.14906361377198168,0.13902948028071577,0.05801514828410435
0.05529783032760081,0.055011225835829736,0.22972458467050458,0.07246746245086284,0.0652572362342071,0.10124404928015185,0.1015941493991114,0.08715537445330089,0.08007641952081782,0.15217166782761296
0.0032688936159268414,0.04389359616007773,0.08542328890869491,0.22219782608177974,0.06454420603439677,0.08476812706066301,0.17173904407142188,0.1454056753325635,0.1450247646786539,0.033734578055821585
0.10297670531966986,0.22380062934660935,0.06801753184938149,0.036428005918644826,0.1896202576388406,0.13565219142611976,0.09582629936631298,0.0949890916416701,0.011535123802151742,0.04115416369059921
0.11159222691595402,0.054617093924865745,0.10800603569495565,0.13071905722971908,0.1700898333324205,0.19242230003237257,0.109725938179212,0.05960515364309022,0.027985558433777626,0.03523680261363274
0.017228686969376784,0.015826283626765088,0.010220695757578883,0.08749840710560243,0.08471164706649248,0.13286586799320638,0.14962958317255753,0.20092772978484763,0.2697207174756036,0.03137038104796908
0.18608244523679635,0.0182701271716779,0.07578086133697638,0.0896274256221651,0.1524780277486635,0.00040536784301942235,0.2297551388152149,0.04451552728059614,0.16377751734497817,0.03930756159991216
0.021372578758290055,0.09840822354605185,0.055495598268494976,0.18405053933676824,0.05162466207469461,0.12880693703291687,0.1339538941351685,0.20630845544113902,0.021707152803432547,0.09827195860304327
0.17619023064679165,0.1771350809019785,0.12592449833584135,0.09616586177744045,0.09814587138250859,0.03301384330514463,0.003001301307739259,0.019475482630127695,0.1524406021409363,0.11850722757149156
0.05969048991867344,0.15751033436905906,0.002464146670336844,0.05835216207004844,0.032863564133017,0.08347540615743453,0.1549955455055205,0.11001166849952058,0.19893237462845528,0.14170430804793435
0.14004605094214367,0.14191682135891753,0.08742923448432262,0.09558322591334506,0.13511687021768742,0.012618262149135334,0.06337631779201326,0.1451334196256151,0.12739634126639227,0.05138345625042782
0.17957852214108863,0.08494022059910661,0.19446930579929886,0.016930777787378573,0.12938268161754155,0.034355353804054384,0.19306988481421128,0.11297851573831179,0.016603335707005316,0.037691401992003146
0.14035581707279554,0.04769892249278865,0.12370693868411851,0.04020783656583689,0.11093941900391878,0.14158022294529898,0.07148228642219302,0.048905545868672955,0.10143033870668543,0.1736926722376913
0.03905778139312337,0.1619599381173944,0.20930826622383084,0.19277619919168412,0.07861601844691979,0.0970872277624973,0.03154506949347965,0.0048617528993913335,0.06864176367725532,0.11614598279442381
0.13718070892104497,0.09801398313268975,0.1438324703252532,0.06568748003721471,0.05185969102376104,0.159448551040273,0.04910976432557561,0.07083330743539078,0.10991888922183148,0.11411515453696537
0.09223422722973192,0.03570240219516737,0.024179446901478118,0.011521222845219595,0.1807090594133469,0.11632690970807441,0.14567396911443045,0.09714301125882253,0.12557366968021197,0.17093608165351684
0.038905418551891,0.10753690158028056,0.11844931202158127,0.12716180114534786,0.10872638290264347,0.11361534320093143,0.10254519517602896,0.18868440933202218,0.023513053651238257,0.07086218243803483
0.13158899016639589,0.023865690267074212,0.13098164696995812,0.16429958875078754,0.07512145822783821,0.08109110291577201,0.15400408437358015,0.05993403754554369,0.05480538115089449,0.12430801963215574
0.11576080605102311,0.12540310259663157,0.13147682085486279,0.021383617198140224,0.1024474100780947,0.16021702665015586,0.0663111966302144,0.07195083774312482,0.12149847454623179,0.08355070765152083
0.07611933638280594,0.12502037898318005,0.06336116558597112,0.137303175715004,0.14621546797505344,0.05448783183378059,0.029906524288978168,0.14545347561736216,0.07083267577817795,0.15129996783968647
0.07241964618542666,0.08087215175723024,0.16319094927150068,0.10180197161377669,0.06750504573473508,0.21524166444207246,0.04896776456899463,0.016795427630867436,0.2225041447061149,0.010701234089281244
0.019976563037449775,0.14343505110194665,0.10863470530791779,0.03311923707218359,0.1762897055177244,0.15266798979277607,0.05459053257920039,0.14298211225091573,0.14355083630351945,0.024753267036366086
0.07059809520929303,0.14399239142583709,0.06265682478073198,0.05030128508318223,0.10030649160208566,0.2043218467009666,0.12543637463036442,0.0062299680006436585,0.1869836633840437,0.049173059182851656
0.021819667201310008,0.07353327241235133,0.004040853574261284,0.1167591970918663,0.058303357925461645,0.17523666762923487,0.18263237160513407,0.04826716629127578,0.13147505548958485,0.18793239077951984
0.17622065713753016,0.08325665535000151,0.19102403091551226,0.0665052650648142,0.03254227254640022,0.053623087062001355,0.2001484469601075,0.019156820340799345,0.04296079416039234,0.13456197046244117
0.05070311665890956,0.1635720158462265,0.08918881104535573,0.20644338755965302,0.0830740594849182,0.19908098003379798,0.007457596753704712,0.05892352544878564,0.022241165701731326,0.11931534146691744
0.16042232669302348,0.04846116010619029,0.12692595931767753,0.14328657728489874,0.031888071359171925,0.0024111115044056284,0.11282502659786373,0.16758975554669064,0.1675646653323884,0.038625346257689756
0.17656097840839766,0.17912868681506397,0.10864235279049002,0.012503512955782937,0.0898625668737578,0.17186982609955404,0.17312808292614626,0.022881859763462756,0.01719831410386001,0.04822381926348449
0.08204289204506232,0.06643145511108245,0.19729198588134078,0.06679757530347945,0.12358890770006739,0.027925412012813997,0.17628661814237045,0.1395417991461929,0.07103431553150125,0.04905903912608892
0.15777478646307222,0.03605939007273828,0.008143099853436343,0.15377206131707305,0.07919220220450833,0.10817688725725025,0.12140873517155323,0.12526632062086723,0.09867013559285037,0.11153638144665072
0.08059073775779846,0.027877307566056407,0.006676400166052553,0.04403278822996606,0.22643923820580564,0.11752808913013388,0.1167763402576456,0.018967500395560843,0.2592024895874312,0.10190910870354943
0.0727368975815901,0.16351827976525865,0.13830581022808544,0.1741335632049094,0.05942726381733726,0.04564848001333613,0.13805196623768148,0.07578825792764243,0.12441481389301771,0.007974667331141334
0.15628632821315158,0.11276426639010767,0.13488827610882612,0.04397286937522198,0.16157348705490018,0.08480006269985371,0.045713188116423636,0.0338812242584427,0.14360432648990396,0.0825159712931686
0.18343507604207424,0.020593327256630947,0.19337105452123762,0.05166772216677219,0.024165842121419437,0.09689291324859631,0.1333310417465782,0.03813055616004109,0.14824112388479938,0.11017134285185068
0.16232627352956872,0.07583020739847626,0.12097040623998383,0.1228150517171071,0.18296936772512265,0.03968230991712041,0.07468604902222133,0.022332982061990345,0.021227166697536208,0.17716018569087302
0.18547758933559755,0.18441331168080094,0.09980690376080092,0.16957105922983923,0.031306129626984175,0.08954588689816409,0.03228546774546287,0.018505055870212717,0.009670319277466194,0.17941827657467127
0.15380224313190663,0.022074306859250815,0.09102935361819148,0.04394264232717653,0.003716126010241865,0.048972915886848774,0.1841564904904346,0.17725983379067523,0.058894001823361124,0.21615208606191305
0.16249499186581753,0.049824231231005246,0.030080212147270764,0.14786465366889376,0.13548845248028482,0.11823334660000706,0.13590510456258847,0.10521426429538466,0.08414764675789294,0.03074709639085495
0.16708365019692129,0.031177850918443127,0.1430664032812785,0.07490003235258054,0.03214872481102314,0.19959719121832656,0.06704884947277978,0.08468651477173288,0.1479968401267344,0.05229394285017974
0.06699655739385482,0.06897600394120412,0.1751333176570935,0.038781598794844,0.028719702756410812,0.047734745038782306,0.1434515485651576,0.16593622435929248,0.07420216628117104,0.19006813521218938
0.09744525402058687,0.09650316001292517,0.06660956721916778,0.15909954090673667,0.13707087059411974,0.01599186580717745,0.08248465141467605,0.05641884450346919,0.10710844066032589,0.18126780486081515
0.043048199098983636,0.15116288095199104,0.018214729980675425,0.19196908811829969,0.11287705562671646,0.008919335438312801,0.11206358966294987,0.18029976329356506,0.15137910785891792,0.030066249969588305
0.145163110602741,0.13938438463717673,0.003754287479992666,0.09755903901502316,0.07143241653917998,0.14319299629414267,0.060375966329188346,0.1374489516440406,0.09998502609607855,0.10170382136243625
0.07231716447551054,0.08767242368677458,0.15275525740591395,0.14571557154355938,0.048382789509626545,0.10393040880113281,0.12538918076046787,0.08136744526596722,0.04015483679366306,0.14231492175738408
0.03683206505475168,0.12580353496596075,0.09330297895100918,0.048284965203284534,0.11887692114366187,0.07030511439073865,0.1217623340143882,0.11306823678777772,0.12112574306447305,0.15063810642395437
0.13205435943119226,0.027006127035929813,0.11047378317136236,0.07148768248653382,0.14175192263712372,0.00922282584192265,0.105926821897618,0.11445120376365277,0.17335420424573283,0.11427106948893166
0.1509551962401023,0.16793893658867937,0.05436775880069364,0.04212090829664039,0.17018300245823836,0.07307912392312238,0.05677220989688892,0.057585251329364845,0.09827793321080056,0.1287196792554693
0.012112587216978535,0.05661695549552702,0.07970591283545887,0.20054925437730564,0.09831289964137446,0.19754917912972905,0.04676756584532541,0.11134729883065005,0.08305954064508958,0.1139788059825614
0.039240975875145405,0.14852958463702667,0.15893067989231147,0.03141061300287068,0.1659754095760488,0.013138486664722702,0.05881077031966553,0.0971030529237226,0.14964442235487355,0.13721600475361267
0.07134232072667901,0.0635003218725868,0.0773291284414279,0.12279312260190807,0.06185670263579358,0.07646126892143601,0.04028527005883492,0.19606742490408435,0.14257472633903656,0.1477897134982127
0.1129464665969409,0.15660329977631937,0.14764367198343045,0.08446355724478366,0.008411511496626703,0.08780493484450179,0.11060470042464503,0.1579543601051789,0.0037473311552403293,0.12982016637233296
0.11465276131551738,0.0004234647682928761,0.16365931755698032,0.04450765146194522,0.19095975113426103,0.1270341554998793,0.036122107579373765,0.1161486438897609,0.10616718458741639,0.10032496220657275
0.14359977250346512,0.1717420791642423,0.04073325516691342,0.18435691291694467,0.10162631736589649,0.042407333499300974,0.03260861194145876,0.08800922114566179,0.08807778430898025,0.10683871198713613
0.1351353309895243,0.02308496901165744,0.3214904124233444,0.016955249184639695,0.20253453616738679,0.034080695297474276,0.09443588028477011,0.08478008605986533,0.08703045009943947,0.000472390481898188
0.07773531815631739,0.07967746022135778,0.1921587832422026,0.1067407938673025,0.13955268776305843,0.1593254222423417,0.08129482532934232,0.038884762728814956,0.01729165771204515,0.10733828873721733
0.09399280866458272,0.14207376655614962,0.09418753241438106,0.1364619772597789,0.07138844442479603,0.0927625165583168,0.07010427543155985,0.09891987608273542,0.05906925906132825,0.1410395435463713
0.19547151478350935,0.07781232966731484,0.0184299150372473,0.13110147125562413,0.2028407387618748,0.14764661860573133,0.07167563159222332,0.07526708015924817,0.02457346405107426,0.05518123608615245
0.11814336285344781,0.0743110709047186,0.11389173339217155,0.04913724334159997,0.018552036503539066,0.09558481453269486,0.047002853181020175,0.17917729314339473,0.10729633982378443,0.19690325232362887
0.14019305078191135,0.08907872385005249,0.16478777743321077,0.031084292320041323,7.138458522747995e-05,0.13847695659267545,0.13235734328825446,0.09867268908550206,0.15193484880199667,0.053342933261128045
0.13278313218297672,0.13190406934529036,0.13612171172718113,0.12999914797252626,0.14724170617680166,0.07144731646764972,0.096249578429476,0.0014074202913967719,0.1474961149196529,0.005349802487048514
0.0046910130544330336,0.08224306257767722,0.10534153999616114,0.06951133780017042,0.002680246907222642,0.18676665455323774,0.18350612601573527,0.23719090954107938,0.06465916082045284,0.0634099487338303
0.0309257190577866,0.16372254730549216,0.11225908822385987,0.1599927848332793,0.16762761522455102,0.12136905096344067,0.025219637052946334,0.05454093133963533,0.12741510190832833,0.036927524090680626
0.04054575087602376,0.0808991264424353,0.0720263834711791,0.005873962352406517,0.1591767616196497,0.12667941841833483,0.03394462279265492,0.18298942444503952,0.11702934683086426,0.18083520275141204
0.04050540585233374,0.14112029489113864,0.10377214575992277,0.15777993047202865,0.0614607612111814,0.032575195860184994,0.09082202888387587,0.15848619393669724,0.07363337715636305,0.13984466597627362
0.11449918515556097,0.12854094043738062,0.1802519745613874,0.032460949653399226,0.15177770215562364,0.06710560812694119,0.12021031801928866,0.04227394446698884,0.11793253159190194,0.04494684583152749
0.019676086073964566,0.050465836698167156,0.11391245779012003,0.10829772469121875,0.11854807935493444,0.06434026906084626,0.03972130587193629,0.16313626791330244,0.16285685449818554,0.15904511804732457
0.17515177605318594,0.13581962027294978,0.03956991095866199,0.0837136564214916,0.12700190270909345,0.13277735982925412,0.15194700723757693,0.10898961585733087,0.024227083291972592,0.02080206736848273
0.12142975666365911,0.1382448983285298,0.008251004914807167,0.04556898613998471,0.11488342873318633,0.09372502387124287,0.18746572197684203,0.12677635876224552,0.028693161528849768,0.13496165908065266
0.04349139731308263,0.014879091791436818,0.17010483037449112,0.07782288367209048,0.07331538146127578,0.16010676465776486,0.1536468196038466,0.16800654260723602,0.03880341944146867,0.09982286907730707
0.08876580793240496,0.15906829416683035,0.11874226138620697,0.11763666155874476,0.16568015199074485,0.09231687731348179,0.08934821324287728,0.048031974619021686,0.07980726155523546,0.04060249623445182
0.1124996263620647,0.018480950923644872,0.18002640981152163,0.19002436954882274,0.013889918206613028,0.05393586064687776,0.10048112025492077,0.051778480470396626,0.16344260318667056,0.11544066058846718
0.05538542143014581,0.05515647564846686,0.11757168084244528,0.09027504621565638,0.13763016192223554,0.06990418005970706,0.13075250338548144,0.08775662567561189,0.14152418464945343,0.11404372017079635
0.10157197143752027,0.0877003975573869,0.11956949018783593,0.14989763207794254,0.14353598998325953,0.12936276278997264,0.027446813091542836,0.049437356810659715,0.10604491591605675,0.08543267014782299
0.10119881658394843,0.08773019874432718,0.12701496148989014,0.1330755476218934,0.13520422924985284,0.09511579551072355,0.08204589294727548,0.15839370938170755,0.0457580665157224,0.034462781954659086
0.027079373390699872,0.0780090021050586,0.03500934086937464,0.19299151968296738,0.12903358178105573,0.01663217809074769,0.14748412232298358,0.16443210037768718,0.10436728912651848,0.10496149225290693
0.09897246557902008,0.11289755019218184,0.045996361189064756,0.07900324233933123,0.010193364227999272,0.16906879562786958,0.10023545495088791,0.1712653642265322,0.10094133643422432,0.11142606523288896
0.005180593747639998,0.11453793585478507,0.049008759865005525,0.16713018741327126,0.13741443195171532,0.07286771031780329,0.12905007843014635,0.04136742334694904,0.16535407826730023,0.1180888008053839
0.18850425993360984,0.09231016559507937,0.11754189196909488,0.06329111957951274,0.02928231843601785,0.14384012784385286,0.05050367211949931,0.14615852629247833,0.06049841477660989,0.10806950345424488
0.02964652304041894,0.01941685570742762,0.030365065010968938,0.08462652392164452,0.07214232472835995,0.23157708240396963,0.059374945399359336,0.15164628338991226,0.19057547226077814,0.13062892413716068
0.16965749091581475,0.04454207787330483,0.2074050904269169,0.06953318792504501,0.0025183384769271225,0.044841141881660516,0.20874242410037008,0.153256782900296,0.07554153069809799,0.023961934801566623
0.031637706590616675,0.047690208519063616,0.1742065320054383,0.1680940610721176,0.0831426609915912,0.013521463604052835,0.15292463712091553,0.02170204800722122,0.15025310483750332,0.15682757725147967
0.17216133961708868,0.0572357092689846,0.14927610633005656,0.1590958114527702,0.049636562822644455,0.15402581336530977,0.06754525995624827,0.10109032894766044,0.033265313687927844,0.05666775455130909
0.07011704698243641,0.13999037437853235,0.06426459715612216,0.13516319406158442,0.12800170487862025,0.09044856883967667,0.007359520744855108,0.04792008585558367,0.15110542666872204,0.1656294804338668
0.03128690969262549,0.09392740670440174,0.10714527919988587,0.17922099836564476,0.18476289019405517,0.07211598914020696,0.14542710597293432,0.024255250467260472,0.030981462262645126,0.13087670800034004
0.16406035338799801,0.1180185389858983,0.16342556842380998,0.06033173397616338,0.11619253815127675,0.05014438340048395,0.10124614049028753,0.03556963598906651,0.1593705800673759,0.03164052712763954
0.04888348597474361,0.11520305087329136,0.13692020230666097,0.21588345071689616,0.11120988315047231,0.0674573235394496,0.030065957781135747,0.07426315097963922,0.07634665244663955,0.12376684223107139
0.026235091463058267,0.0022976836876106997,0.1327807307998868,0.11307767495383016,0.04669448287592013,0.11279060417644877,0.14416252909148347,0.1417108457210553,0.09112034945638021,0.18913000777432612
0.013143962988027403,0.1442649853666465,0.19518591549805311,0.11191083833061205,0.19670427687617295,0.008776270837193588,0.033837195436711584,0.14261695829263196,0.09636183468844485,0.05719776168550609
0.10365661775646869,0.053562971422835955,0.02208436451723775,0.08681629575576989,0.10267164177269426,0.04919139159370051,0.11773604843951364,0.12301211819850034,0.1965913328534215,0.1446772176898574
0.10386236665706636,0.1445665147945929,0.051982811012416405,0.10414775767394742,0.16454478211111986,0.13684844962748086,0.037917670335539416,0.07579186262376701,0.11258501008533589,0.06775277507873395
0.13187175078633454,0.0729693967175284,0.17487733656267898,0.05529768720296805,0.04353920230730829,0.1875246246045475,0.050489991796646844,0.009545255393379833,0.17866667758948554,0.09521807703912204
0.06338454989390692,0.20641131585383032,0.12971303456578337,0.03032120901745864,0.12352722672408809,0.1472206055978219,0.04830071551925299,0.026692027727009925,0.18474827982977055,0.03968103527107706
0.1778036527395611,0.007449502248982864,0.0532657925971935,0.14396286039373352,0.008457898694413112,0.10631233999547038,0.21139121186771467,0.04244918388349435,0.01553289467944146,0.23337466289999498
0.10172697781103826,0.08981797810036928,0.13223204186135112,0.05595908218004092,0.0007488243101827458,0.10686710261824715,0.1490429457516151,0.17142031628207474,0.07469357144500124,0.11749115964007929
0.061658795620459596,0.08708059674348716,0.1682629292096963,0.08928466864978768,0.10821291360367545,0.13668577090135306,0.20189678475206913,0.030524691222360293,0.04103627955965036,0.07535656973746109
0.008363911093784395,0.04183958368483643,0.20286456660816427,0.029557824773942625,0.09304206767818962,0.17658336996958374,0.1617912878917258,0.0629383723829211,0.05013793553579951,0.17288108038105243
0.02861401703071895,0.2005678368514237,0.06937687368865612,0.08518746847714105,0.027542535206816755,0.21070241324093186,0.00825124199785956,0.1543981106504206,0.15162113849641295,0.06373836435961833
0.26386427070615426,0.08459403240597589,0.08983183483244016,0.06227406374537222,0.13658603781540118,0.03389612448103942,0.15284782231182067,0.046539084397125015,0.10575449693111877,0.023812232373552518
0.21221488756101115,0.23083003710714675,0.04712541356493901,0.008594032015219875,0.02692234627953033,0.013079280671029751,0.24676754639806653,0.10454876512037987,0.04598738912111593,0.06393030216156083
0.10190224095723313,0.06967055359642876,0.10721663788679882,0.03783528506601035,0.030914677945253443,0.059766985751665204,0.17041032625694344,0.14064191438092824,0.12675649086378843,0.15488488729495026
0.07513899781388055,0.11831083445844151,0.006682679593604468,0.13512496183450118,0.14310734490094193,0.1557830264777936,0.09207955119246386,0.15000751943226173,0.015265337550774246,0.10849974674533694
0.08434875902545248,0.03562117301112543,0.13501159820151526,0.14009179517767129,0.013317139488150775,0.1395327159834015,0.07081705879843392,0.13691601715736462,0.13209884123730636,0.1122449019195784
0.1720056044374205,0.10193487953019853,0.14933683401262182,0.14449719164141983,0.049944691518126486,0.06223181405182747,0.03904905779741463,0.11915109343642616,0.14222821256369134,0.0196206210108533
0.015377968940987648,0.1442202778694928,0.09516904501867389,0.1899453836648838,0.16780468781271285,0.046715406256200555,0.07438197671393593,0.0470680162529649,0.06071991782118235,0.15859731964896523
0.19422673239260427,0.1367322060273003,0.07223148681034025,0.11360588280312066,0.11728596809809058,0.025593766595233387,0.08718724035345554,0.1483087640077006,0.08496151666472915,0.01986643624742541
0.17018141390566507,0.13178560338834194,0.13171289960200686,0.0737165531799643,0.16623227176132943,0.04795662954914864,0.11775355191275244,0.0030229367724768797,0.1267951763146275,0.03084296361368697
0.0761785019868606,0.06447451777725903,0.10995177370154972,0.10416145640423269,0.024822246719181828,0.14381650677825106,0.13468439074574484,0.034872583742589024,0.14311694393674504,0.16392107820758606
0.05852480025745693,0.0604780507292576,0.012076509687421189,0.14913795888267173,0.09677535600563349,0.10137882954177928,0.1504592546631343,0.1326595569344803,0.10190491772966885,0.1366047655684963
0.11902048527905533,0.1504155846608816,0.12324023847133027,0.1178222930154427,0.12824362818900412,0.007440305720285611,0.030404318367591648,0.1194041268211111,0.0926026861516581,0.11140633332363958
0.08048346641532322,0.14590032463754976,0.017106160737272013,0.04981830228844998,0.14617271391420417,0.022128489774837695,0.17936195669778715,0.13571948716791155,0.1471631908748062,0.07614590749185836
0.01840921941505706,0.1893365613262306,0.11707974730453218,0.0747941519085035,0.10442115121760062,0.04875720199223963,0.1913663578324059,0.08077705126248179,0.1221890265633822,0.052869531177566376
0.1156860152241959,0.08386659897971338,0.17051394370865441,0.11442227781699248,0.10304978302767225,0.05912695143657845,0.03735390244358658,0.06958816138519452,0.0988257472707634,0.14756661870664875
0.029150288551439286,0.153916999208484,0.1584684825837787,0.0776869168205221,0.037084634087794145,0.044815991542369336,0.16779126424765164,0.15611543093046837,0.05391386936843747,0.12105612265905484
0.0662300860770914,0.22220527908843052,0.22610344953025577,0.013412267311070048,0.026560223344192405,0.08424521003099797,0.010760408268805591,0.1867148647451714,0.040149988280265614,0.12361822332371936
0.1370035363998607,0.16000504455612855,0.16199472498344392,0.03827969103511393,0.10731097905067286,0.17220266929698055,0.11967351566367654,0.08344585884025386,0.016464428937748292,0.0036195512361208142
0.0774731431759769,0.17500292712424992,0.0334308971557586,0.0811085080508147,0.011983133496686931,0.048905426337725315,0.022559005229212833,0.21707600414490463,0.27906948392266123,0.05339147136200894
0.006232837396187796,0.23310747699568468,0.16398801170412106,0.11685901277624913,0.0453172718760654,0.1222042052617629,0.019233066599411125,0.02450256548497858,0.0825079922662419,0.18604755963929753
0.02555927302671801,0.1846266480008641,0.2132087431418611,0.0949498566377721,0.10654003046813898,0.0741268035684737,0.09938461171431144,0.040211474814915125,0.060883302488681124,0.10050925613826435
0.1838335648600667,0.12158759766883004,0.09217460512945397,0.0008302905655163089,0.0948959230632948,0.11418224698316716,0.11312696942788102,0.11105166080220685,0.05928293710274222,0.1090342043968409
0.0072283542091551856,0.01980648822707137,0.09732063836194352,0.1026465114623419,0.1601665397220476,0.14684161292035866,0.13155420968525627,0.11511653879561638,0.052352636953903554,0.16696646966230555
0.2270392046067374,0.13304914727947362,0.011721204689454848,0.10019000366295058,0.1069745941285092,0.07172176492417864,0.13396686942928168,0.020348131003720214,0.10511633409818723,0.08987274617750658
0.00413303749990047,0.05305015369402992,0.019042479076206622,0.1777602603000966,0.043086877498158094,0.1885716402344373,0.19583035738817772,0.18080703986447869,0.10379467531707726,0.03392347912743732
0.06243712509623785,0.19583054646104778,0.19487319036932818,0.19803332289361475,0.018598371347980314,0.025766250093232704,0.14139225420051627,0.026765970145713785,0.13535089805640493,0.0009520713359234519
0.03994119691688963,0.04586136362829757,0.11972401427894026,0.01562739556954255,0.07816633698665743,0.11347310558070513,0.1842580097259901,0.06599766103605435,0.14019532753194938,0.1967555887449737
0.043807756803797206,0.1531939325488994,0.17234315111638426,0.009245529344952215,0.13670384457118223,0.11182430554530276,0.16537450551488714,0.04523897424644985,0.14929234693110882,0.012975653377036234
0.16234769234217447,0.04217286101966106,0.05135022382565313,0.0930963796220582,0.012850172922085972,0.195984086414861,0.04759306044596049,0.08137381537020232,0.18675431000358972,0.12647739803375346
0.17214081181653232,0.1648851502270553,0.07653465612252013,0.18856317727423952,0.11103428798686056,0.05235315693719107,0.06307798329012942,0.0036201226790928184,0.060020625165184714,0.10777002850119416
0.10516243565635944,0.11062041911943916,0.12031390007581666,0.1155878763547759,0.09075352517339474,0.05654279930650476,0.05460117220594291,0.03691623872889318,0.19961764105007462,0.10988399232879868
0.1064571625603256,0.04020659577651425,0.1010076692374491,0.16550623518578533,0.05538113208522857,0.13935731605484056,0.07351550453483939,0.055980052039487374,0.10814399265200819,0.1544443398735216
0.17170530135368428,0.16127384205358392,0.10167658056849009,0.028449653173350284,0.1354357682937442,0.08963911778832352,0.007664763062046437,0.08510804634384184,0.04371273992902715,0.17533418743390827
0.008740559832377601,0.0894559134974741,0.015801943283076124,0.02150883296428563,0.08240432725800624,0.0937023828595342,0.18348726934810639,0.16747213271882044,0.18810386282142377,0.14932277541689548
0.16349429490688297,0.10289112739580501,0.11145541715932075,0.0935273356677758,0.1506348689472185,0.02370411209102138,0.0954583899378676,0.09297837388944555,0.14034284957805726,0.02551323042660509
0.05791166355052747,0.17289193121200738,0.17001704722604577,0.12651365501099354,0.04765877663357789,0.010220614739851435,0.12571394892258653,0.09377818705858011,0.11758374708495022,0.07771042856087941
0.0032211433277942575,0.19287045776538372,0.13676187029500134,0.07439756214782718,0.02994338895130605,0.01822389307952735,0.10584766840720138,0.18263010386960588,0.12029419220504409,0.13580971995130897
0.1692845189276355,0.026529865521669534,0.07161931273735553,0.17665954371352938,0.06671414111337613,0.06221481987793108,0.14007015263052175,0.10813013560901737,0.1618569325900862,0.01692057727887741
0.18840530470728145,0.02453946384739388,0.06784536844633157,0.17520265327611484,0.11940987625891439,0.17322097711905474,0.09178714414074807,0.051892460114061595,0.05748843917076032,0.05020831291933912
0.10040205279995604,0.02856919335745981,0.008901114198128734,0.0938575766375245,0.15078577249912356,0.10932019563684704,0.12374001893379248,0.14181724404534035,0.1084878854650137,0.13411894642681385
0.13279355141948643,0.12713761374400098,0.04558984360292129,0.01797883034353668,0.04901579656984059,0.1499794342158993,0.17804892532845135,0.154366775814454,0.04455767952421409,0.10053154943719539
0.03411794152597804,0.12081592790807157,0.11930797029427137,0.04974894250957072,0.11795625768980188,0.10820723693617393,0.18422206235295907,0.18206388711515403,0.07107279395705329,0.01248697971096616
0.14999355654771587,0.16423284611609407,0.08005037376783257,0.1573074571167624,0.053976983158417896,0.07467088747950078,0.046017195782475755,0.06135765792162726,0.10386056489196656,0.10853247721760698
0.08481272971618502,0.15446070993950511,0.09835037327150106,0.1449152962099439,0.008482596880113526,0.07778485385922587,0.11027590287366006,0.1247790391342306,0.14288335256411688,0.053255145551517995
0.12644032912708578,0.11929195473346202,0.1350225405472341,0.09410639620698044,0.11164413572097692,0.11071925050641844,0.12181608795614707,0.054275833290965594,0.08831470485338755,0.03836876705734219
0.10891762765394625,0.09054642959872339,0.11049977682449462,0.1523447828611466,0.06972488192834805,0.10719201723277551,0.046788935101606616,0.11472662933326802,0.09403044580616379,0.10522847365952706
0.036619631203587084,0.0981533728034872,0.11386955485832279,0.09432331539437536,0.10206069200675945,0.05710284031975011,0.13013036778064102,0.18182003912717237,0.10668553978801718,0.07923464671788762
0.10992032576446918,0.13335233250352052,0.0763828968518208,0.10508648583012953,0.03842327979199788,0.22796102055335246,0.1418766785491639,0.10314987012351325,0.043305546285743485,0.020541563746289057
0.16022761732922294,0.08549780722315896,0.07474425293372443,0.01233675202075632,0.1672745964346963,0.09291710461961245,0.15269668059457422,0.05299176738903372,0.1654502734052088,0.035863148050012006
0.1462392199256936,0.028015668578243544,0.05844717041234882,0.12789984777345567,0.1530994378280104,0.0520959465957035,0.15062945362350263,0.12223718494619239,0.08893348371072751,0.07240258660612191
0.15360032267734777,0.1698722190434565,0.11543577672565389,0.09749833354932362,0.09723261007395342,0.050356725686281294,0.03603394889088779,0.12385605551362927,0.06863490040993457,0.08747910742953169
0.2495314772507699,0.04855605096648478,0.028870906883633144,0.024381081538527836,0.012232173651444654,0.18451357605165764,0.2515961062385179,0.1135412874224636,0.06824001787983583,0.01853732211666472
0.14398446153123118,0.051540873401505,0.12825632433850767,0.10153501028555979,0.10769852985310305,0.1278718290403652,0.02619043058003916,0.045795395907445205,0.11633856948329897,0.15078857557894482
0.07145444487005681,0.0994737597954964,0.14390061364749626,0.03401891613911839,0.031734325650078124,0.17663484052365203,0.1775827094282365,0.09580983446299966,0.009914531692461715,0.15947602379040407
0.15356121258143737,0.1831576696786105,0.08488892681351201,0.19622731986192812,0.16641014005768062,0.002406454642251151,0.054667378333269866,0.11571825670078495,0.041424169336887105,0.0015384719936384116
0.1736314474586433,0.03342838932635939,0.02253508387484512,0.12183497081152199,0.10867666018817941,0.024452984305326865,0.07612769260568178,0.15832695762152385,0.08824224563139492,0.19274356817652333
0.12942479858736483,0.12191359173048508,0.14900574899574834,0.022259536017375826,0.061227332308124105,0.1460031158011852,0.031584786341293275,0.16348740675584758,0.03854901778497059,0.13654466567760504
0.1652678839823905,0.13351834729130052,0.10796142267052743,0.07588015648550209,0.08432689815738569,0.035060284298437605,0.13199922339649273,0.10372303838629285,0.08458577188976381,0.07767697344190672
0.1486887499349759,0.10824874233698448,0.08771497434467203,0.06591500393277774,0.09970701476547077,0.13971746644268485,0.11715506405725169,0.08190464933825083,0.05156186528985109,0.09938646955708064
0.0615185549127219,0.029074632075862028,0.030901225218876407,0.1449653289971522,0.13594509727645415,0.10638170682078209,0.0019109492660977746,0.18594620857169922,0.13281975465843388,0.17053654220192055
0.08606361714951882,0.013289129580836565,0.012571650915738756,0.11027556403338701,0.13596354454232604,0.009019587470924927,0.21916876986395856,0.14739077548118418,0.2065018335743395,0.0597555273877859
0.16012968170492176,0.15944140350095745,0.0278467282255055,0.026763948181184435,0.18074760003345158,0.16960797519620036,0.02154410191742812,0.03764578984720237,0.05236756450184792,0.16390520689130042
0.1880907579710134,0.1467172320185178,0.1792255211065019,0.1288423261012299,0.017595067623502506,0.007983492405139746,0.1161180893536693,0.09981771108035022,0.09176068533670782,0.023849117003367483
0.028622762417206495,0.19242638250936842,0.13731796144319017,0.1192583255944226,0.16342414777880845,0.08733440277453691,0.029985397235693222,0.10129185375540292,0.029243239342065623,0.11109552714930504
0.12103136628151467,0.12977104499954187,0.03569400652648918,0.05753748523199353,0.08789631911594237,0.10493991363178477,0.0009146510573688765,0.1316230469821879,0.1346211333283036,0.19597103284487336
0.0993439977437634,0.01682518577907752,0.19758678230663226,0.0711593793238713,0.10815919405270938,0.030648545705823184,0.04356769252575635,0.20937925627232074,0.13703151924991047,0.08629844704013548
0.1489184241819471,0.004900656269612903,0.07705649370292487,0.034960118301077425,0.14167549467543372,0.0728873559271285,0.1463099147982824,0.11057649904630103,0.10887731877693638,0.15383772432035558
0.04775211161323352,0.04941636463466316,0.133285566160616,0.1471551880423793,0.11203744648286836,0.13294326375653476,0.04291208400672713,0.14441740316368543,0.07648626974172393,0.11359430239756844
0.13713040868769893,0.046866470029933154,0.10949209828416422,0.14418245720302134,0.15714984187070138,0.16170373942083033,0.012138649707010257,0.11337871237830513,0.07981560168734653,0.03814202073098873
0.02098282915242202,0.1952333351950556,0.13000466696489685,0.056710871876946546,0.0072276961721637,0.09562863910192727,0.17052609624491302,0.12807354000495993,0.034308865772539617,0.16130345951417538
0.13960305004550375,0.19652188661094058,0.039076040908229005,0.03214111693242933,0.07419637152479214,0.10346056698394168,0.021077601328563282,0.013785762160737045,0.173592078624915,0.2065455248799482
0.07482061800945561,0.04721213518912464,0.05752070571294071,0.10658359263266079,0.12154392686230416,0.020387470229817854,0.16280647460242842,0.12606250655652063,0.1375683357461312,0.145494234458616
0.12558277477509328,0.07281656168201571,0.17889582747179628,0.10218429105793414,0.036512436295088005,0.273236693667782,0.07520991146788371,0.021160494636687146,0.01293553927925091,0.1014654696664688
0.11153131661810539,0.12194496639830696,0.1647276323548788,0.15198549975302314,0.09328356234884028,0.03926498273787836,0.06271159108593276,0.021548667508651552,0.08779888248012974,0.14520289871425313
0.1256130820698019,0.0837384994148813,0.09786759013652656,0.14337091669434154,0.1380899975094377,0.0006054949072691687,0.1752001514646135,0.12759099760469367,0.01926103883420273,0.08866223136423197
0.16386212214214615,0.08001807863908278,0.1808298017238505,0.07651569867171694,0.1378555673456717,0.05990162316876171,0.08693425731491426,0.04523484998104859,0.0971875421288948,0.07166045888391251
0.18942497947275805,0.04473593781821058,0.1486931623673661,0.08711705679241678,0.002264597971417289,0.18975421984588922,0.12522804854612835,0.029043932475238027,0.17444068523688155,0.009297379473694153
0.04282810647011001,0.057213464281213065,0.10489246491127514,0.13964936328561114,0.0991234728968251,0.03936505500806763,0.1504492159004006,0.1327559533434041,0.07702823615219062,0.1566946677509025
0.09402856869185824,0.023587598998282718,0.044271948013747044,0.08149170653312279,0.12368447820210637,0.12009587320816266,0.17673415622747965,0.17672057157819937,0.03921757972700718,0.12016751882003407
0.18834797635948664,0.045495895192040336,0.13019586956689455,0.04355283326890707,0.14315587667337004,0.07205425831898564,0.009250027245211708,0.07506198198298249,0.1564522659264719,0.13643301546564957
0.08436584079954017,0.07284452953857047,0.12311414601618104,0.04794964294809791,0.10005151580320304,0.12399143699590745,0.09630813701292759,0.1013496311222286,0.13860572387138645,0.11141939589195712
0.1832793213673019,0.10984479757169409,0.0379298523302953,0.16274352430790154,0.04948483416353233,0.08008863670714048,0.010200626980227659,0.18896682616321778,0.1345801310491735,0.042881449359515475
0.08608013128657555,0.1476381956215817,0.15010752529997573,0.10350412266549898,0.10857512651348988,0.08624710670613561,0.028010628789579398,0.06052168530550499,0.12666637898140512,0.10264909883025314
0.0749524606962837,0.04661189314668605,0.024989390534399015,0.03590611650417737,0.03021996457413953,0.12870491166178852,0.150542834778225,0.16412948999004062,0.17345036706969202,0.17049257104456805
0.09280204827197043,0.07797921225357288,0.13678512557731595,0.04732723631608839,0.179993317018179,0.13154934975676308,0.08108092901477987,0.15354225723224377,0.023248556031201704,0.07569196852788498
0.05136893608861873,0.09987455825588216,0.1571998293847334,0.020288909621171296,0.12992261688298715,0.0866658925429946,0.05974762268888827,0.16562341931797267,0.09285288566182909,0.13645532955492248
0.15569551118324884,0.16443617712056424,0.024057909180327738,0.09146350055653035,0.1749084259934154,0.10043861833070455,0.1666086272970074,0.04954680239704189,0.023845246240406803,0.04899918170075272
