i = 0,i = 1,i = 2,i = 3,i = 4,i = 5,i = 6,i = 7,i = 8,i = 9
0.08289792691409077,0.05172545733080266,0.1643854896235893,0.17015433484083684,0.03063659340632315,0.11063614365474465,0.14861915926898975,0.03250806348713325,0.13305597022475138,0.07538086124873834
0.1612565309356479,0.07158919511030284,0.08089823230461525,0.15574666388081712,0.09607177326183526,0.04816805859695633,0.06817537657857323,0.11026174546984971,0.08498266154997142,0.12284976231143097
0.007090300851140685,0.1488216582429975,0.06836003796028847,0.08661210317039526,0.1257772504723964,0.01531621358493033,0.20810590407854057,0.06152022233953547,0.18792645377199504,0.09046985552778025
0.1487005571653489,0.030626274725602937,0.07349340578496018,0.07507871894502283,0.0486862599001456,0.05158956435900258,0.1670024483304928,0.11806790532735266,0.10073515226469934,0.1860197131973722
0.09195754937441068,0.06451016567213007,0.048558763561981404,0.147350498337427,0.11626261739675652,0.12210693566603549,0.038530395541202425,0.09976607797444657,0.1432743281326061,0.12768266834300393
0.09324411569544896,0.10893124391719694,0.12119263067797469,0.017697687456881356,0.13209826988103024,0.16423486254835076,0.049441078891843265,0.10128089163401238,0.04769492337381647,0.16418429592344483
0.23088547069055396,0.07674837168461265,0.06760952374966646,0.022253235193086578,0.09608925093213988,0.020237843418758436,0.1740967935154701,0.12398405703625844,0.0908370608376615,0.09725839294179195
0.04625990406984059,0.20755817486414377,0.1471690485890874,0.07778499675662515,0.007467449207528083,0.012907979614798478,0.24669015078387221,0.08490329863110856,0.12994888256703346,0.03931011491596231
0.24718044183691687,0.09921386363028144,0.156165549034674,0.09079684595776398,0.04863058398942745,0.0932777629896551,0.01521700357789832,0.1043466726727723,0.03078316086869267,0.11438811544191782
0.15825587586496426,0.11624489004272391,0.08244570775249596,0.061691318778167664,0.05288003515420095,0.1620469634095316,0.19306683217921145,0.005007018341548752,0.1366963447982528,0.03166501367890282
0.12327633801822217,0.12545703105167136,0.13705157572220428,0.06710183785997288,0.01803492908029121,0.17301862168847895,0.07355053417056501,0.0806267512880931,0.14989606729927044,0.05198631382123055
0.0373883483142525,0.052571347787093485,0.15098171069996252,0.09478193122526797,0.1716028700495985,0.17439090316118736,0.11602826262955855,0.09292518393892214,0.053198645606244245,0.05613079658791283
0.16779789166622242,0.05267300160783567,0.18719704721653532,0.05449704959100535,0.04614888066428538,0.12364272147581484,0.07897836389134226,0.04840461175137136,0.14155232810713522,0.09910810402845206
0.05834722490214742,0.1813164331083365,0.09753873904061,0.0039695423471431,0.1583934576125199,0.04723317740013598,0.08239718801442461,0.057919596267880825,0.18579484230168752,0.12708979900511405
0.15181092059146112,0.16784095491807757,0.06693534071781693,0.07133665036883578,0.0684878023053344,0.16816594775634117,0.09102708943162093,0.05426053757676217,0.1461728052365571,0.013961951097192893
0.15770490082849745,0.14433754711174807,0.030131197397469826,0.12227549689287577,0.047557350434760656,0.11179981647980285,0.021084061920439892,0.14907448669179807,0.1349189463477081,0.0811161958948994
0.11338027862425762,0.1587306179243851,0.16696655828836462,0.0030972876503808887,0.06928423076645983,0.1592043666455037,0.032438259461641895,0.12569498383886965,0.16174945016117132,0.009453966638965503
0.12741176107381336,0.1263147205055742,0.05199888455547788,0.03145672371142817,0.05001588961967819,0.17168355191542609,0.17743074062678502,0.15873659749671692,0.05723308461535778,0.04771804587974238
0.1561654634013766,0.14854239330068653,0.028644517106158104,0.034566300441010465,0.1163918650072578,0.11161217626127866,0.1225759144958139,0.1535347666696216,0.028412563613820906,0.09955403970297527
0.03218556348661618,0.15404269509200283,0.11050488938450746,0.0029319809089449716,0.1666559884881569,0.1413273577654611,0.1510657948806639,0.0838340562292115,0.14024514976084645,0.017206524003588696
0.05824255000085002,0.13245356535035893,0.15826433343243526,0.0955037780345121,0.14191053306872792,0.060927095795399434,0.07257546081033829,0.023161125499269367,0.1233209815644508,0.1336405764436579
0.11458472301081692,0.015398479059746088,0.20445349105354618,0.05159183158445319,0.07380641054253678,0.0801720282058977,0.1772543450995885,0.14395541435215667,0.10490041459178447,0.03388286249947348
0.0789370909502768,0.15130757589458246,0.22876708207697555,0.1929376309396822,0.15734572445872194,0.07479795706368773,0.003793256210626008,0.07355294866401778,0.009964517830155978,0.028596215911273537
0.15335231003101427,0.1390866452444956,0.12105006171916523,0.17548360942387503,0.07352946825148907,0.10633940192325525,0.010371803536885743,0.05076500432707919,0.05784775934436117,0.11217393619837965
0.028398040552472918,0.1345409869093621,0.002925599342228079,0.14649832701038495,0.13906272251978685,0.13774407745748252,0.0037347114841449515,0.1175738432990034,0.1624253361451617,0.1270963552799726
0.1112979117293281,0.09239378972539192,0.008767642686145887,0.038327471490647774,0.08023615398386623,0.1687666604015311,0.14283395911122335,0.046607844115362826,0.12134133626891579,0.1894272304875871
0.1563014262149389,0.02360156264055349,0.17105525249346565,0.07448305435686531,0.05026675386496104,0.06534447118032241,0.1587774086436555,0.11939525123911125,0.05930921489747956,0.12146560446864685
0.1260634485784643,0.08344987411533393,0.20306354074308797,0.18006830758874456,0.11446779571253354,0.06667919385520978,0.003533196549596605,0.035369242420446804,0.1871729951331464,0.00013240530343609934
0.16427798489791157,0.15166695134644848,0.06783500716459004,0.035270107290339234,0.00473701881318498,0.16411809876813077,0.12358532774196399,0.004812174719919184,0.16931187493872382,0.1143854543187878
0.14730172641536393,0.12709149893981977,0.09306410164137108,0.058698216869292975,0.017643484821233034,0.1881792391530692,0.041097908574240526,0.09963409811913307,0.09587593100592928,0.13141379446054724
0.06133614132537072,0.0238118699903274,0.22907943477365986,0.18829644003936455,0.026545410934629737,0.09725010611979458,0.22637869130833996,0.05309825055870606,0.017348197823298928,0.07685545712650825
0.05970632059457885,0.1627407709064589,0.06073385950026383,0.1575054576192578,0.08906430354677117,0.06082073134577641,0.10271879037714973,0.1275895139132793,0.13802698172869932,0.041093270467764564
0.17151648614272372,0.0009742177262274129,0.028856054578332194,0.08807706758371693,0.06965622639286505,0.16049499182982,0.14913743321463732,0.13803437893242407,0.02489770921506285,0.16835543438419046
0.048666323235622845,0.07529994627908969,0.14706399777794593,0.08053148209005957,0.10443595034258088,0.03545217906806648,0.09140851886992735,0.10849047006585405,0.15322108629082493,0.15543004598002821
0.021528313129192934,0.12253272783152833,0.14739727959703838,0.058041822539840776,0.15564302956614187,0.06353150834853137,0.08358484635880772,0.09243928412583656,0.131216392291611,0.12408479621147096
0.04720050560541162,0.07692098168026777,0.056453592252782674,0.003039449340567844,0.14429711414234472,0.050120167912177646,0.2564764656321784,0.09698080016085424,0.20286166661081562,0.06564925666259935
0.11856260997410518,0.12455653371012722,0.16390823023237758,0.030085765585233445,0.11542691188437809,0.12859992584743343,0.10301705718293173,0.14275599969441644,0.06908607221813731,0.004000893670859584
0.11694756384896104,0.04742596111094778,0.025233731764864688,0.1497732680039623,0.008236169338056765,0.1487130645399419,0.1065802992340281,0.14439349901053972,0.18292994007814123,0.06976650307055654
0.10379062837751366,0.04451382820767967,0.0033914724289061397,0.004990967288473737,0.07785905583763619,0.18387294289006115,0.17970698712930938,0.1378768604172405,0.15808709773613522,0.10591015968704426
0.15028055649260214,0.14879693679741895,0.02875112262000014,0.20629165648384234,0.03389132386185275,0.06631271897181854,0.10938472204395541,0.010271236983568648,0.2143755962904421,0.03164412945449888
0.01447477586204873,0.1356924211963515,0.16796502402122432,0.023419324657493763,0.008540516235307301,0.27494364798888987,0.00811318122096594,0.0576392013310904,0.16058115883767088,0.14863074864895745
0.07020684547346508,0.10217981137392174,0.148027240973139,0.15233152303044534,0.08261852338930233,0.14192503789188474,0.022817744190726984,0.1330100587808892,0.06933202178764135,0.07755119310858417
0.055686734029599484,0.022355783163674044,0.09263109558690032,0.02575606805612046,0.1340373791821731,0.18095945683977824,0.11101752329584157,0.13249360065742233,0.18789698897321205,0.05716537021527827
0.08794949605828394,0.11438612886970204,0.005023201301350881,0.1631992805994511,0.07248176931381707,0.13323496906373727,0.00843130712054555,0.1369942674897562,0.15340983900375021,0.12488974117960575
0.15819792722434023,0.07437383175189338,0.07527104129046884,0.14032688546248243,0.1672884793990759,0.02370659848018068,0.13804341381528717,0.05494987197841314,0.07501154717991551,0.09283040341794259
0.1963727335940458,0.18380183407006598,0.06895719362112779,0.10320068307189395,0.090460640603551,0.0024420071887757177,0.10712766928828284,0.031063041318329185,0.1974900480941217,0.019084149149806086
0.021606188954251974,0.009617541756868716,0.05740048313986707,0.014632208740644616,0.1221368735478627,0.1559723524213942,0.1990268392340891,0.13769571437667863,0.20429363042639703,0.07761816740194594
0.17565574694306266,0.16779949311599193,0.08367067958374048,0.04017762056030319,0.15442583152140707,0.08719114841800338,0.09211824116447614,0.012575984529420626,0.02499139315956776,0.16139386100402678
0.16538760357461355,0.09104805552516082,0.03161747700104568,0.04381270177080698,0.12460056656783129,0.025897505582408033,0.17130004041854904,0.1758822572891228,0.0276940656987248,0.14275972657173686
0.16520206951664929,0.11384730042325052,0.08154512861549054,0.09134914324890787,0.14030651327985294,0.1517565798058168,0.012305326217073191,0.06247842879656839,0.16590950296618537,0.015300007130205039
0.19247312879358533,0.0026665829044521874,0.12294202990711413,0.0589645579913352,0.10449853959760748,0.0820944305310208,0.2038468498660667,0.06275732908108234,0.16504542946180517,0.0047111218659306175
0.009755835038932903,0.010420035921374839,0.09637982897498303,0.18415238243585821,0.004766950204404179,0.07407507329779651,0.10859381506507815,0.18617295242676246,0.11814566735091632,0.2075374592838933
0.03836017971762744,0.131834872577531,0.1411568185295446,0.11369857258173544,0.050818453764048456,0.07414220223275782,0.06270314123952572,0.0433757846954826,0.1276925766500361,0.21621739801171094
0.06419350625377358,0.000228704834968305,0.22364787608477324,0.1996637911175803,0.02424705011363329,0.19701975715321896,0.030511233696441417,0.08463552237661098,0.0247479461928901,0.15110461217610988
0.06407456263715554,0.06539684060408889,0.1268169141132179,0.06705354387691626,0.13881010098732244,0.1416553237383564,0.14236792354087738,0.13398238025513387,0.014801768868533977,0.10504064137839729
0.02303858447256653,0.15322202506382587,0.15897252057091735,0.1437719588682692,0.09448765411811087,0.024586250691772192,0.02235191681676296,0.1457905669775171,0.14920855274913702,0.08456996967112086
0.1256030844970891,0.1130870641200217,0.011093944912692824,0.07915723345565151,0.13451418411411054,0.030491678125699848,0.12162070917076909,0.1289920520164173,0.1547556890484665,0.10068436053908164
0.08859158132967576,0.05188741211777264,0.11640126931075229,0.11520691247612057,0.15030888511678997,0.1349417862488437,0.15136924487912465,0.07433517995835531,0.09574768577388432,0.021210042788680678
0.1632674007081297,0.13747224313233827,0.13321419922765518,0.04837250987625079,0.06934284383950412,0.11519525624680955,0.00738409060612012,0.15286964996015834,0.09910597369000748,0.07377583271302637
0.027446077788983104,0.21374353337970498,0.038439763778441875,0.17922013855584357,0.044850625795307374,0.2113885762120338,0.12433577515110868,0.04957881804811188,0.0767195486526918,0.034277142637773074
0.2046815672276408,0.1712270830982467,0.0881200427011908,0.12055257934316276,0.14366712902216308,0.009985831902438779,0.03222032338887748,0.06686153349633836,0.07471121915906137,0.08797269066087994
0.011944169401068126,0.20463496073751147,0.06024658400220949,0.11461965965195568,0.14408070780984372,0.05838101594478312,0.05917998045824593,0.13238761958113002,0.13545468721295686,0.07907061520029567
0.12180911660906868,0.12201263899343932,0.08743063516734746,0.155812484586084,0.08074123204467029,0.15171314488569768,0.05454652751726676,0.07466646572454197,0.09852944581524367,0.052738308656640004
0.1373518182386411,0.23180111618597316,0.017538776770379464,0.014214428749349245,0.06929383002447217,0.1267634557499151,0.022646442075859478,0.10298028146989488,0.04900154156604614,0.22840830916946936
0.0942053354185578,0.03722952912282517,0.1506310861469161,0.13276447017178328,0.07102765458964708,0.1783290547679156,0.09740170218130247,0.1351320788616078,0.059120547621212396,0.04415854111823224
0.1302545771577577,0.16537853777355813,0.09615129817759623,0.1933011666473395,0.005842718785117544,0.17364331225017374,0.004297787413682112,0.10509022468035147,0.10365152849104232,0.022388848623381207
0.10580600073312878,0.1142402654395168,0.038339159339025056,0.09134024599286077,0.18994003763510148,0.06461008045662792,0.0491260373834348,0.11643543393437597,0.09269074141581315,0.13747199767011536
0.02063877705016465,0.021508886110160115,0.0511266727870175,0.11908369163559691,0.14524269718499822,0.19437699403353748,0.026861086973334777,0.20987080384315993,0.18556670702125985,0.02572368336077063
0.03861018284197919,0.17740103324778403,0.1275523659173104,0.06812807641075348,0.152695954091786,0.1385181612547317,0.04619623917716249,0.06740570227402515,0.018733930991624768,0.16475835379284295
0.1460127601798914,0.0037018802409710255,0.044536400706733086,0.07203417010702454,0.12971650133033868,0.090073869283858,0.13982993016717946,0.1583472006567269,0.16413806345378107,0.05160922387349584
0.0004921262441566804,0.07907320679088806,0.09717951954930426,0.1674191371921371,0.16395311970452073,0.15216367638291153,0.08070442342569994,0.05215040547567235,0.1058333204662302,0.10103106476847915
0.2573946313706997,0.14921438664733092,0.03841907323311883,0.06275608795172367,0.01497239152503781,0.09957738628769747,0.2351405817176604,0.0638114504651398,0.07207111220021475,0.006642898601376567
0.05851331870216141,0.11649698130122793,0.029746572242740865,0.043717811913268394,0.17382996255122674,0.1865620926134493,0.15206027415735854,0.003202139776358035,0.0656514946578004,0.17021935208440847
0.12564505791423708,0.13043056691020816,0.011165586226057435,0.14280219560107096,0.06286774337685497,0.13102979862196282,0.12466900994163993,0.10317971423584271,0.09569445764472004,0.07251586952740596
0.11707820069479138,0.02693719126025734,0.15661859448042945,0.17992979732889178,0.06506767262693343,0.16912660038712238,0.08568592058739648,0.01982868123959816,0.11838936811711806,0.06133797327746162
0.04046156638546573,0.05838879793363471,0.0018413832876267293,0.15461106499327726,0.15311308498226053,0.060733975839443836,0.05737898720575521,0.29370386250162256,0.025978742577914982,0.15378853429299844
0.14867334828584908,0.04374543941981933,0.09383099504338303,0.14076613723633985,0.1521015073187218,0.14464838326534046,0.11703911723568719,0.08223426071581692,0.024397335660885134,0.05256347581815719
0.09177706596665698,0.02970047392416824,0.01731078135130398,0.0974455218505417,0.11831937775341787,0.10193808073016339,0.16974713661283142,0.08870525449554333,0.14897625825970484,0.13608004905566826
0.08431911840412583,0.13981541560842503,0.031889375882206944,0.0896114057811287,0.1699909182703183,0.13907840970905486,0.10861493045677321,0.04645942198177799,0.03697572882636661,0.15324527507982252
0.14415186068502464,0.11372520857176896,0.2572133451882793,0.029899383201433684,0.020297810115810132,0.23508293518770534,0.11738267802885308,0.02186516512430308,0.035220712168056584,0.025160901728765252
0.001273023572799615,0.12709750208623077,0.08605244614429278,0.11809875576397197,0.0791983683085866,0.13962322006858133,0.1585408316124183,0.12563625105372273,0.02348175845669087,0.14099784293270504
0.19682449919500533,0.14325175038771987,0.039000609999043666,0.038987242341896336,0.08135466701251333,0.09314253644256061,0.05517343048085485,0.19340282969829728,0.1346958705482778,0.02416656389383095
0.004962117214236104,0.014956635845485029,0.09653356593802169,0.09512341758527007,0.1988803705792941,0.08985539899494802,0.2071814267648716,0.07986488299055393,0.0553298911195897,0.1573122929677297
0.055538845997614716,0.19228314422174245,0.22053581503931274,0.03152415324628748,0.13807288399372605,0.1973191754106931,0.0527424496430069,0.05677166517805531,0.03438542570567327,0.02082644156388809
0.10961988819860995,0.1373694402050029,0.011371967845801453,0.06054211262068758,0.13458123189028676,0.021209990761643826,0.022017250628032288,0.20361327378374477,0.17389974278971926,0.1257751012764713
0.043844060681554595,0.07061620998185479,0.1754730434896528,0.09376079368748745,0.14015670104287797,0.11286325112183472,0.0009454816630311703,0.0832337946398944,0.12085792297372559,0.15824874071808662
0.07266099934473784,0.07623836838071621,0.08386429672611913,0.051714969424017855,0.1613694291900795,0.10099347044661536,0.06315167485640252,0.09554349003741779,0.1628904801220268,0.131572821471867
0.11413082508514572,0.09367462495251987,0.02439262439124896,0.021396298242610797,0.13765424160353468,0.10399251451588208,0.16798980632740654,0.04286136734678641,0.17499849835562595,0.11890919917923913
0.17734972158354242,0.042978062463592655,0.17458480737988558,0.05054411716060541,0.1802675775965348,0.1048836462509504,0.047390869822361056,0.04247689990602504,0.008445054553372022,0.17107924328313062
0.1623680341832948,0.09522668369005872,0.060958869057727655,0.1593980709970932,0.06464850966886106,0.13807362762985675,0.08782503594650344,0.05317588900264253,0.15166026725342283,0.026665012570538913
0.007525522986696834,0.20021807793556737,0.20692959358176322,0.06080299971859412,0.005547353156764452,0.012510832128842823,0.08372669203731103,0.06014349802419625,0.16562326178968598,0.196972168640578
0.036213500878563315,0.09168647950670528,0.11763113877054694,0.09871917050377071,0.10602878708248795,0.08990247482355768,0.033278348038131324,0.1700024971103991,0.12316471451079242,0.13337288877504525
0.11369226728874973,0.15518308234000527,0.07077056072771937,0.01591540444634528,0.14453274170275388,0.15253901781907162,0.041721348698230916,0.14448368861902766,0.1416589604329583,0.019502927925138056
0.05615338465993872,0.19427329349466152,0.056369758990522004,0.011660528804658746,0.08402158930769213,0.23986892218405848,0.19572649289532018,0.06169763032442761,0.07495495100345013,0.02527344833527058
0.06010321854387589,0.22114507020444626,0.01855242769178836,0.06318093113394394,0.21165927368246276,0.0823972865445163,0.07917250395403806,0.07253835184969985,0.056026619767213445,0.135224316628015
0.1234965678314738,0.13648309783864976,0.07941398289063524,0.10534035078722877,0.11867130820667782,0.12719960792327778,0.1041548108148712,0.038345125131797796,0.09269860404650303,0.0741965445288847
0.16837282758333416,0.14761227450309009,0.04618713139884504,0.15678066076745553,0.007301966578327311,0.05966702408431482,0.01303718144394317,0.1641060632797937,0.16482524484691743,0.07210962551397868
0.13637610474845321,0.09544922532628786,0.18102655086536762,0.12096683761773357,0.1786144166391806,0.022399334992535595,0.08897555152456656,0.015255160905667997,0.07189020180670229,0.08904661557350474
0.06494887882786497,0.03327103419151663,0.1330295336077463,0.10003349086005146,0.004706080989491011,0.06027062655720538,0.1514544604507351,0.21171671108728146,0.22268007802718479,0.0178891054009229
0.11801275335097706,0.15290006952298965,0.2145999287323552,0.1467837863228052,0.12055151639121946,0.0006129185175594018,0.10073420074005615,0.05521821972245518,0.08432104452434493,0.006265562175237729
0.17499654228769662,0.050964922938956166,0.08368644995632464,0.11130021295542465,0.17456347905003575,0.008113966581341467,0.12076016180432762,0.09493838284943112,0.011719660477951878,0.16895622109851016
0.03214306321964479,0.13318654231639493,0.07358295210803127,0.08130068285075573,0.060158354893548247,0.16192878758758183,0.05913651485287386,0.1618463123873154,0.050683704510370686,0.18603308527348345
0.17932443961462963,0.03158032632119099,0.14332081884224376,0.048696326538759695,0.1455626541502827,0.01730525603289844,0.17388070826311916,0.12219730734851708,0.04946236758055197,0.08866979530780639
0.1960208974744478,0.19962400151567006,0.09926837201312956,0.06808611734548334,0.18741089016297396,0.028319493167599633,0.031819057858361116,0.08196372536160029,0.07686485677707532,0.030622588323659106
0.13845467340022832,0.15108040242502568,0.13450950351982932,0.0034771036373459716,0.08793918542532288,0.006378171393098941,0.1597146471475822,0.002007295435705484,0.17697919476229346,0.1394598228535677
0.0904345108507954,0.14658216954183362,0.030947925913678134,0.056034214757155025,0.1979293237749202,0.0324296201262114,0.1587391011851731,0.08599827985906701,0.14476900054300065,0.056135853448165365
0.11292009860951095,0.04341592137000584,0.13333375735044267,0.12624657207058604,0.07669672415291373,0.07502249753975007,0.1584236355072743,0.07683363759370639,0.1428743569676658,0.05423279883814413
0.04787476132325423,0.039738081111268655,0.25778372366501917,0.1929289128602481,0.025553503587718778,0.21413532474275446,0.12793223737573495,0.028036940568518607,0.04702786336323646,0.018988651402246655
0.0981297862623052,0.0025482963376527276,0.13923759774658492,0.14131650832104461,0.08189281901164074,0.06930121418413462,0.11447672785274396,0.14695496723738555,0.10568544369737176,0.100456639349136
0.10291383654704915,0.048075996287081056,0.1522446911504951,0.008940314227994434,0.10507328032706315,0.1587231551557079,0.04616935343301213,0.17274815677857852,0.05630695046229953,0.14880426563071913
0.15414389019870708,0.1541561180479019,0.02294608033601794,0.11655090271451443,0.1674958605743765,0.04034358243400061,0.05397594286864974,0.1320684782210172,0.01215601798472549,0.1461631266200892
0.029797131179928826,0.0908277939979418,0.14222158713244937,0.09658275821102208,0.12970931091503174,0.04406629750803642,0.1678183947623434,0.12621087764198602,0.149071099111548,0.02369474953971246
0.08305066367753114,0.011095297005852097,0.024900874428630048,0.011261181389465733,0.007963109108021863,0.25501331658493315,0.23428100664206075,0.15795857023771945,0.15230608699728648,0.06216989392849929
0.003485887428687076,0.1935962958777747,0.16108151757415085,0.026263733896102818,0.04372762597095039,0.15599644180789016,0.017935621921442147,0.21346294351822578,0.17102814487082502,0.01342178713395101
0.13928417801595297,0.14047893366769856,0.023068204786524223,0.09410993980467774,0.005209649939667942,0.16540231197948327,0.18868970314187147,0.16135923043849854,0.02680765835663288,0.05559018986899254
0.035271613128027006,0.08753240793047165,0.1351159078938321,0.09825856981552493,0.06470505976236397,0.17295157992174826,0.09070296826966823,0.14887160820749581,0.11243640203324985,0.05415388303761822
0.18252358286873901,0.06364131178315872,0.006134797587357048,0.09498791969161269,0.17055162867601048,0.19520290002682839,0.026933288127575335,0.0814965869087282,0.01789656400309979,0.1606314203268904
0.008712425424125984,0.14362359668860675,0.07620894364629219,0.05431480209692754,0.14467476342585006,0.12416573117602057,0.16921950144499565,0.08052425702486131,0.1473062090232682,0.051249770049051756
0.10964779764251477,0.014476279018865211,0.05758143660055789,0.12431293819438062,0.1165468790939539,0.16910273399874964,0.17483414647517453,0.02395683736976328,0.16488728832741342,0.044653663278626854
0.05932110725480372,0.016719798016649474,0.2055777831241565,0.17550294486037837,0.09025589889484371,0.08862253918601193,0.132987309158293,0.07646160758468423,0.06119224124816329,0.09335877067201584
0.09302589686247885,0.01898187436825159,0.050606767666855706,0.1253504342068445,0.15174663538806787,0.05163409943754678,0.045676627786889634,0.17862478003391657,0.10527815134235274,0.1790747329067957
0.12525516561729094,0.13358022004728257,0.15728011190989205,0.14540574702129122,0.03707849440779971,0.11961044832051228,0.012395113483635157,0.1364448193948651,0.05796260582219682,0.0749872739752341
0.04546770905347611,0.0023192175090990183,0.14696970136457888,0.01888433416149903,0.10418257245918294,0.22724511589337695,0.18759150448045503,0.03457799696482705,0.1313114360497065,0.10145041206379848
0.052968539836316914,0.12776424506310552,0.09198174045391984,0.06735359087786218,0.2425764039874145,0.006877769777284289,0.05076116163670763,0.2330217434275931,0.09431089074273777,0.03238391419705823
0.19211187899806292,0.07434760733490926,0.03253726809273928,0.00974748802398595,0.06361058991099287,0.15093905218688022,0.07830905664806855,0.1412832240144191,0.09135671954413563,0.16575711524580608
0.05264872177208604,0.034903488026206624,0.041587540232602596,0.15320645313890477,0.1548786804121155,0.08893854304634997,0.1823203891428422,0.06854692269040961,0.0609395253047651,0.16202973623371753
0.19488622638539999,0.14376333731380042,0.09008373639267744,0.01837004992518378,0.20452553030308382,0.12111505687701028,0.09503170932534628,0.07964704884936184,0.03726365173033661,0.015313652897799578
0.1724780584511944,0.10455505076216828,0.08149420035459624,0.1692481667261513,0.032672192173358344,0.05364859450575664,0.11409983728261872,0.07844113566114581,0.17428130632081873,0.01908145776219159
0.04715057634487348,0.05935195470302063,0.11162348320314135,0.10220452978939,0.11361910881290219,0.12211223934193861,0.047199361486651666,0.19408262579196936,0.17035386219388757,0.03230225833222504
0.09548215259205771,0.06732322374648203,0.03561026420362465,0.09066245597772643,0.1742639048138331,0.1804685992493761,0.07687733392882178,0.12186375093473364,0.12009981505627446,0.03734849949707003
0.15125156414744906,0.10853165624658559,0.09081793913010254,0.06811067390932349,0.038354263479772555,0.1429609681955139,0.06565717304959988,0.08679737660071477,0.11108425499568705,0.13643413024525108
0.10445300262978392,0.09862219610227917,0.08261968684154586,0.08677432212589087,0.042295114128192264,0.15295260680825876,0.07035583210980574,0.16143242170386976,0.12159287820528288,0.07890193934509086
0.09627175798473528,0.019944656774685928,0.0762361082324424,0.12806468645764868,0.03937802299064125,0.11841448554955414,0.11772024392981366,0.10465709230900594,0.15103406526735894,0.1482788805041137
0.10248481629262306,0.0827776885222461,0.07600307431126502,0.04275717514444718,0.16491767421770775,0.043437702367279965,0.16930615481235903,0.09739608790511231,0.16380596332867034,0.05711366309828914
0.06109769761672253,0.10419964320526413,0.003004900399661852,0.1677922991683578,0.12028199343177298,0.11699978178299354,0.06354127288095586,0.17047811794541787,0.07859538655634403,0.11400890701250942
0.10686526345897711,0.008420228320983695,0.09513505771309419,0.15633600184858668,0.2137323359323792,0.039330455342834116,0.04806981068070503,0.16664733911204632,0.0991102450622518,0.06635326252814192
0.08977171128683857,0.19180840785913553,0.12993880061041793,0.0901972877180001,0.07238616612262505,0.12051687756072209,0.00460125149945526,0.056775281369413975,0.07170214180165362,0.17230207417173785
0.07459862159907799,0.04760339850875376,0.23356780358224213,0.12142594629885327,0.03428714282713464,0.07945983906296604,0.044091872535209756,0.16976339999489093,0.12417623495426411,0.07102574063660741
0.05303251273826579,0.15502153934411292,0.013549521840030986,0.13684621715849762,0.13608066653429068,0.010061977892256676,0.11989159541208552,0.10972918678012335,0.062371518995923636,0.2034152633044128
0.16506295886608485,0.13049825969006476,0.03982146656544414,0.14235888882372602,0.12366417461283692,0.15114339692815093,0.013913800449122748,0.12499453290155288,0.08887443825800277,0.019668082905013807
0.0488846676269113,0.1812428444934257,0.10371020270889311,0.219545342999705,0.03173094298515082,0.04869579471146758,0.1414257431423806,0.12398467731688036,0.005506438146118459,0.09527334586906702
0.11630528686648764,0.12033336373930217,0.024102987440889727,0.12703342418156027,0.08067768857526508,0.19891012377746572,0.10226082747894735,0.016425555116707107,0.145071258517095,0.06887948430627992
0.17864638029261257,0.09184097979248723,0.09108174663740855,0.11761834020267538,0.11797761863307886,0.1530265442133846,0.10677749017221012,0.10025945931879746,0.011179865252363108,0.031591575484982065
0.028462237746545483,0.20743358454617836,0.005352178999453753,0.09920930800552286,0.04971415917413496,0.14938363116126546,0.07388178515405815,0.12616372872201603,0.03649802996253177,0.22390135652829318
0.04280605981732503,0.0835678545387353,0.1659409498091088,0.1584854943644347,0.10853728643091504,0.013601303160341782,0.12885805974123232,0.05070804757611223,0.1453515485667443,0.10214339599505047
0.1873125225484902,0.008998646564737903,0.004811237058289511,0.18897411550918447,0.16269273766906622,0.03614642876797349,0.014878894201044648,0.15852452375620812,0.13593660059984186,0.10172429332516364
0.07976263071396389,0.0361808154319476,0.18585926736856198,0.021376418594085848,0.16755205112528726,0.08010749677750019,0.17806027573709535,0.09183151242287359,0.02138424927985191,0.1378852825488323
0.13976820796816103,0.10796843556588587,0.06674152400491543,0.14346522672149456,0.12490643919889877,0.054851145557901874,0.07806023909137769,0.014325952917949147,0.01950013265980666,0.25041269631360913
0.03623239570182603,0.11627847911960693,0.13462776952258507,0.08635830767362802,0.021335358218433843,0.038699867594748125,0.13978417274444407,0.11923836003283246,0.17528518821599787,0.1321601011758977
0.09786875003073041,0.02621027287594175,0.09969518283276767,0.04217688256967522,0.147165293345062,0.13143903054724884,0.1195463808482153,0.11391671955148343,0.14674330119609102,0.07523818620278443
0.029698916520577042,0.013597524576759312,0.15238784624990453,0.036382426034392325,0.16832558303398285,0.1736773122482901,0.15855537931992664,0.11215651922551675,0.090534692297703,0.0646838004929474
0.15333984366727013,0.0515866302748493,0.1097685585100587,0.1547587151227933,0.14651538833869202,0.06230160085183583,0.03567289423702581,0.09072245348294394,0.06203961414572859,0.13329430136880244
0.038954763944985836,0.0544679254861207,0.14100463213127357,0.14014118419454288,0.10464043759636191,0.1696711529339195,0.05700647676051766,0.18683802665501897,0.10453499867258503,0.0027404016246738785
0.10548776453705083,0.1505169155575544,0.01697508691156009,0.03239816301769204,0.09623254643973629,0.16023163972976406,0.11502478698919931,0.13781029293573852,0.13299839466213437,0.05232440921957008
0.05213546259411985,0.019675075319765846,0.13923610058766028,0.07201923344849205,0.039789403263553666,0.1357830459633831,0.18567052596164946,0.16160281217828734,0.035075149615799064,0.15901319106728914
0.05598860674008083,0.08017247681951643,0.07564308993528768,0.16226819455411354,0.06113085200733412,0.10636077515186822,0.1608549246352791,0.0201174785423101,0.17195472083805644,0.10550888077615356
0.1254172063752087,0.09860107748891803,0.17488673971006086,0.13920809076186558,0.12495591169030272,0.07895044060414785,0.1477429953710474,0.036950648043715395,0.0583923738585486,0.014894516096184803
0.06281188314825005,0.046138749885717326,0.2633096366348051,0.0892142607105194,0.08528112489773211,0.07728885172484262,0.08435405143516127,0.030494018728318726,0.045968336659508356,0.21513908617514516
0.03898477776854893,0.06692298506193352,0.1642238574333363,0.08936872684260092,0.12142743562732518,0.08888507480327103,0.13633005222959144,0.08295042455556913,0.13850649349572539,0.07240017218209822
0.022734838607247843,0.05928339487431602,0.20192480175833102,0.09758014942806265,0.041719236745114914,0.16002404454702468,0.08072133026946808,0.16125927439803217,0.16213651201235685,0.012616417360045703
0.04793289710547612,0.05633165279938436,0.045158193540904855,0.06393810639806381,0.1630471032979745,0.007452418500391037,0.1926662439834001,0.10905787972314608,0.1298920199590254,0.18452348469223362
0.21483215586730747,0.10169112438635722,0.03583703850014878,0.06204259638729516,0.07402519777118731,0.1864745913832674,0.0011987661529906607,0.21416787657185396,0.08084805249972006,0.028882600479871977
0.15435467880317352,0.11391873819497313,0.002693017658857353,0.0362433759394868,0.11477259826818016,0.06238121661784247,0.14308597739263668,0.07132705371443952,0.1478833015717724,0.15334004183863784
0.049978815408002246,0.13168396656210937,0.03219730321306803,0.14862630975488428,0.04614598523738845,0.07871751386250617,0.13935361380976413,0.1500279843659906,0.12142516613978781,0.10184334164649896
0.09949213819902443,0.15484730976304076,0.14052177580519842,0.09546522095119411,0.08436731758510556,0.03729837072241263,0.07119612628259293,0.10321838306812249,0.1106099348916795,0.10298342273162904
0.15488153181900566,0.16302583142523253,0.1765738925638578,0.09009844333752891,0.021100744680916796,0.0015898152260994266,0.11970277290538243,0.1094576413308773,0.03475532904135645,0.12881399766974264
0.07773552761417266,0.19294856154968434,0.1310012616522365,0.021462831660810096,0.04804933799029356,0.06503704069302794,0.027978157885392128,0.13919149071400222,0.17380591333178766,0.12278987690859289
0.1367194481037301,0.07526029749585328,0.10070697519139137,0.028299670572809264,0.026358437400540478,0.09070244061896364,0.05452849309920517,0.23513461649499148,0.15484943133672044,0.09744018968579475
0.055462877902544845,0.11532059482644,0.12313716973781687,0.10408062213203877,0.11287553142283234,0.10064744626187283,0.13983933481756025,0.13796424598875112,0.012399811899564324,0.09827236501057864
0.04400890640966321,0.04895279077029142,0.20195819163631276,0.06878948888329792,0.18752394341267137,0.039544836826143376,0.08070616028546773,0.16047427007688275,0.06138172072975627,0.1066596909695134
0.15615677423416727,0.007924951574051728,0.1347216997297406,0.053016687672788054,0.10237935120193566,0.1632005818951161,0.11023781276623361,0.05171674737983515,0.09632635256815518,0.12431904097797668
0.05752530107861375,0.11595122305480705,0.11759769571624526,0.1485224222544585,0.1213128559193905,0.042140225477969064,0.011445155834593388,0.14521159154041624,0.09760027603350861,0.14269325308999767
0.19791801256867986,0.23516896324572384,0.107184614245986,0.0021163079226296636,0.067083129779108,0.22996898329626275,0.01594115692662827,0.012990730922343409,0.08784525767911318,0.043782843413525126
0.20474082777538186,0.21446746386995255,0.09114909901058289,0.16195272760499616,0.09574381876978819,0.032765878173693426,0.06653745123421886,0.038004436816777724,0.06334699391043644,0.03129130283417187
0.11448871110197113,0.06944861995245742,0.12702559943419853,0.0765512522585351,0.17204594946148877,0.13368490251417717,0.12685912296013208,0.08083156009740416,0.07127719790612894,0.02778708431350675
0.27256177570000845,0.09480187274817008,0.23723561535181034,0.06919620639765982,0.10681823878106207,0.02958995675755703,0.03768541380720952,0.039180590220060055,0.05659489691701078,0.05633543331945201
0.011982135773066439,0.10592113789892185,0.1942811263297108,0.14910571099289255,0.042430450869940996,0.17365110771842993,0.015672116937876106,0.12361020754098048,0.04866558919915894,0.13468041673902192
0.04529157104435079,0.05874292471568655,0.16041231451640295,0.0660251559879295,0.16438543594831628,0.10440378398750855,0.1680040759626113,0.08106615256988173,0.11493283074923498,0.03673575451807749
0.017983563130970923,0.02971317790564232,0.2525808561223782,0.14897323710519422,0.03171447651533835,0.013550575183011304,0.13022113677584898,0.04587957160537901,0.1146975560974468,0.21468584955878983
0.05071993274085315,0.06092954407037958,0.17077383173697328,0.0742761373578119,0.08032813658576565,0.1154532119714928,0.19159286261398464,0.12902771156435391,0.05629744959023321,0.0706011817681517
0.17093175468098284,0.02863607195906954,0.18154269964362876,0.00618653740012376,0.032202268226929676,0.13645697894120445,0.0859499615147053,0.15954454484433384,0.03271110223435322,0.1658380805546686
0.05050775837207777,0.002869490020739451,0.1421452483203878,0.06840633021367627,0.14579622987984972,0.1322156870092328,0.13066079169480163,0.14031713147173755,0.13489920494333513,0.05218212807416194
0.15525794932947518,0.0033804121938162323,0.01521974021997398,0.18476477776000966,0.1697519897347156,0.17621105591924094,0.0465012492292458,0.09869666007581718,0.02456130261414154,0.12565486292356395
0.1320872899246014,0.17654791724521518,0.046790254212941786,0.09410128222504438,0.05851150666493612,0.09335748938285121,0.14611666347481403,0.1355864130646935,0.093494093506959,0.023407090297943554
0.04809866936129041,0.056503275428688986,0.16704953243270335,0.14723140907362728,0.16292904131930971,0.010712560948537259,0.18033507628016512,0.05060078001605353,0.05568422288651504,0.12085543225310931
0.1725543137060316,0.12812189269023663,0.1503254107010291,0.05042999947103088,0.027559524840967114,0.0020607399615445096,0.11334358404188913,0.10218440578966247,0.19879364376292366,0.05462648503468486
0.00019389268086514167,0.023164514114495247,0.13699174045283385,0.13114815658798543,0.1829238022232138,0.1909280651451168,0.009725752903988555,0.13379194142274067,0.04969180375689531,0.1414403307118653
0.1652421493496187,0.05072403877172668,0.13205712428573124,0.17525694389457958,0.058064879827974786,0.17033937981800162,0.00019168223190539212,0.05499549435661893,0.13931161591166671,0.05381669155217649
0.14895192744421154,0.04869518749358804,0.09754849517907917,0.11579461159745978,0.1645979835087523,0.026833394941007227,0.15092507984190318,0.03498087964949145,0.09648728865273849,0.11518515169176863
0.13731990517058862,0.05474842010378455,0.05345287525718442,0.041658628422534184,0.11225826918294692,0.11212213434201512,0.1800900930052868,0.08049340733931815,0.03749070192037346,0.19036556525596773
0.0028785461420772537,0.18937414946865316,0.09960273446001053,0.1915486028748305,0.13919395528497625,0.001019261030581943,0.0298292168407,0.0022500495526298556,0.16055349910059574,0.1837499852449447
0.05155065642145443,0.11427360983071563,0.061077607026577746,0.010759400814666703,0.103930237661858,0.13752143391632013,0.011285697984701993,0.15781468816370867,0.1755627000973851,0.17622396808261165
0.11030414384510384,0.16340953723716495,0.1333075743849267,0.0617973885664365,0.08944439143099198,0.16776589363964886,0.007689717490837754,0.12804652577254652,0.10971347270682888,0.028521354925514004
0.10411090074856354,0.1084213405507832,0.1676870863215853,0.03748540727211457,0.10130828516719083,0.023972570148976996,0.184180490643089,0.01804794702990179,0.10233951850468703,0.15244645361310757
0.0653612587811389,0.14351620152375952,0.20269534532408645,0.009597857083070906,0.0627357122760762,0.042389635889524144,0.17849856655480575,0.13110742645924023,0.11029143304243226,0.05380656306586558
0.24638898843722035,0.20000935185279786,0.05677394224243761,0.0004598048371066584,0.030653964358551684,0.23151797446114783,0.06674775283518239,0.15026998306686187,0.0034682033854623413,0.013710034523231452
0.08566342400970126,0.06343278059257715,0.07939972664652077,0.00915720009458639,0.17669349973658902,0.157076913994701,0.19549308397198256,0.10201317896304421,0.019306367669073246,0.11176382432122435
0.1544161642734247,0.08123642375592226,0.061169440091714655,0.03913052416755713,0.06897665969967101,0.16398395073225852,0.05184312608222012,0.14132035822721173,0.1620388625602506,0.07588449040976936
0.10068017490879468,0.1025907775313332,0.05908733002479021,0.12219179376046824,0.15856839625361965,0.16211343293728264,0.01927354272971146,0.0028916799230076025,0.15687551867492544,0.11572735325606695
