i = 0,i = 1,i = 2,i = 3,i = 4,i = 5,i = 6,i = 7,i = 8,i = 9
0.051528975033003,0.18091973416634624,0.21580877313176994,0.021464599409637797,0.13601358661936752,0.16956057181970244,0.0007270734665545477,0.10866666805049428,0.11270006630735774,0.0026099519957666906
0.13873056671111336,0.04492423533798939,0.14044802345820676,0.0919397487812815,0.12883771804676172,0.12387841628516837,0.029711715813245006,0.053478630207847815,0.05149389257633976,0.19655705278204638
0.08304502452305934,0.0851951087111952,0.11145055249399627,0.12489364968597712,0.1335280123857495,0.12503478096884932,0.0820859200061333,0.11524557918528365,0.06884395724530513,0.07067741479445117
0.09733329368109638,0.05263153417605909,0.10957006334161432,0.04242353509364769,0.13399643113023324,0.12811916097160045,0.1410483817409435,0.09357621206176968,0.10317061584475382,0.09813077195828174
0.13894764430342307,0.16049062696080388,0.0935214491504523,0.0014114809588476732,0.1429933872060432,0.17723206454249368,0.13193291297200543,0.10509111901165878,0.045579188960524694,0.002800125933747299
0.07220418798687436,0.10477184682236769,0.0975904274535385,0.17908729259931788,0.054740384887245946,0.0882322152443182,0.10965618491534723,0.10557810597570616,0.088752494713476,0.09938685940180805
0.057715484337192216,0.1128295751771872,0.0886227304092582,0.08556002996026077,0.11689143866886594,0.12995203868851268,0.08178916536481878,0.1476797836396116,0.06948733583254049,0.10947241792175222
0.05778379543100137,0.1490187467978436,0.06564197247324928,0.11528822019421087,0.10179407219684267,0.007171592063584665,0.16937131158550964,0.06403205055111277,0.145777053235162,0.12412118547148314
0.04961768584062334,0.11432169713133113,0.11169226019542584,0.09726431785479135,0.11336657380562298,0.13548984842182654,0.10695447723144717,0.07999581046446097,0.09170580572852073,0.09959152332595
0.12260590370567089,0.1201251428888726,0.1487275696406317,0.13486247496194023,0.050807682939706625,0.037661743949381585,0.06466232326963922,0.07421546578217404,0.15400659150461438,0.09232510135736875
0.21026912860894706,0.08108343321355642,0.21803411057830138,0.033757787209894606,0.0514532137140326,0.05892797083406093,0.0020158308665326583,0.09647188862436173,0.1347027680386651,0.11328386831164738
0.04496755300203714,0.16310279586528814,0.17474829547802098,0.20093634951896316,0.18649686713006444,0.05297847251663219,0.03200492210696321,0.11422427467115295,0.0049395143019234245,0.025600955408954466
0.1774481375657078,0.06471647587256829,0.05297497014101646,0.03827977070476402,0.10501545297342083,0.11904551159972578,0.14169932115677228,0.1088967199752237,0.18341655729072365,0.00850708272007722
0.18922161553415015,0.0423414340307357,0.12545599222635873,0.06347394176971802,0.17830072935701374,0.16464632176714927,0.030081119088490066,0.05252498793112797,0.1400558425556465,0.01389801573960975
0.1226302505302684,0.05074442030984905,0.11893435638607715,0.07913443474357885,0.14673893056769996,0.11145175350726644,0.03743169263356129,0.06911157368365183,0.14853417036031952,0.11528841727772751
0.016626273784966925,0.06823016191872304,0.10927466296418856,0.18994101175833297,0.09648736347468595,0.1290380250375723,0.16457355969129772,0.047168436779459894,0.050487563591130644,0.12817294099964194
0.03570440362874927,0.13346978765554268,0.12556687996537025,0.15065786467792258,0.05068139385162536,0.08879355169091119,0.08313231208411165,0.06208443532854727,0.11805814060158996,0.15185123051562988
0.15093620013381223,0.002953350526659792,0.05050438323584374,0.05905471643998631,0.020708522080896765,0.09080857137836759,0.22365074278161523,0.026260873595003557,0.1818407768077676,0.19328186302004707
0.11140288194078223,0.049337278917775854,0.16625585908455853,0.12525146846502327,0.04289922381620678,0.18663788569613698,0.04483990562234099,0.11175437235672525,0.07646220710275511,0.085158916997695
0.16790802225026422,0.06881208813373944,0.09266502351314047,0.11709974603469252,0.08853736820630445,0.12013499698221505,0.1411366243297831,0.06865342655419925,0.05844189065604273,0.07661081333961885
0.16252987941788238,0.06607188860368723,0.012354267962314659,0.21157221208423282,0.10025163141190369,0.15674023831859604,0.0561067371637644,0.004917845687297804,0.00502884872768865,0.22442645062263228
0.06302185069842153,0.11291746219832076,0.04106077665365451,0.1942658779747005,0.06624053444699231,0.1514383472629858,0.03710560834727736,0.15849741713159338,0.12818090415094557,0.04727122113510828
0.12649045104394238,0.12417236850144654,0.0520878754171197,0.12560610503869954,0.07757688919990893,0.11479335586662273,0.03248646821013477,0.11708667752902994,0.10237101619630937,0.1273287929967861
0.12330172396708791,0.11609726424413745,0.07957963210728261,0.12742047465819173,0.10592840277352239,0.027626515680257677,0.04568174306047625,0.11369247517558614,0.135663566437702,0.1250082018957559
0.24590383509349734,0.05896448784546913,0.0016780377296125183,0.12198593224453033,0.1630768190947391,0.2522861722806783,0.017313600609316568,0.0019135803235727786,0.05278148379807398,0.08409605098050998
0.06004810063139546,0.12423183264752041,0.12066407145887457,0.19162717044244146,0.0020957600509598304,0.05588049550869956,0.08968437166428415,0.17740335854414707,0.07361107693500242,0.10475376211667518
0.015586957368898001,0.12225766994906184,0.16887988149582123,0.14955557804409264,0.14242165240928603,0.05546297371986753,0.09450960075051044,0.04571671221353785,0.16594159765509975,0.039667376393824866
0.07046875765061197,0.10811066694260472,0.12871241617176105,0.10282872824207036,0.2924380625570598,0.2432448324923753,0.01613868543807905,0.0031278776246989617,0.025746263277226466,0.009183709603512306
0.09549892370235424,0.009813279392596352,0.11853975223372157,0.16857390511438303,0.12210495708210121,0.15870580761339945,0.1698643599566316,0.12332212155901853,0.02485129385831684,0.008725599487477111
0.1169171698171834,0.1339067287102918,0.05306148907869911,0.12758214160818668,0.07491138102310915,0.0535275262454991,0.14547745446875546,0.07928122572171385,0.1465034195719031,0.06883146375465843
0.19882431934650469,0.16823079829426651,0.07121288407897779,0.004250775802786536,0.08456602264416448,0.19121150761243694,0.017899596225996777,0.10034742100132743,0.010693822663444433,0.1527628523300944
0.25216473093404196,0.03322760573995475,0.016225149235919445,0.023808570310895668,0.053077660595220025,0.036863894925117636,0.2773673976686294,0.12660277354503682,0.1137979949042722,0.06686422214091202
0.1032526006285985,0.14102460278632567,0.002978409733442465,0.09808222818541765,0.15711386235295755,0.08254735408629799,0.1343363358123867,0.1304238326923713,0.07224896707232428,0.07799180664987795
0.007751741699913975,0.007108029949004789,0.1771845249615773,0.06470242240043371,0.07106029548289887,0.20263266744884081,0.08687066840209007,0.20107358766645816,0.1157604275458613,0.06585563444292085
0.1036470385451876,0.08404614390875188,0.15390900314531428,0.10954902765488382,0.12685706729435486,0.02371862944339585,0.07097980778495294,0.0774427015614156,0.09946267886941303,0.15038790179233008
0.016556363625066618,0.034104471779272984,0.10989823535908046,0.011384700751377345,0.2855639855562213,0.006180441354702694,0.021675615061238745,0.18688295623620158,0.23681571876708798,0.09093751150975032
0.0901823878697275,0.0441504072168414,0.047448810640460866,0.05249235752449755,0.18506851033203237,0.23950819972488932,0.12579393843617911,0.045343888518804464,0.08055722405865533,0.08945427567791213
0.04799142864239074,0.1746046225758031,0.21436677174218463,0.168376433371364,0.003396832040134177,0.0796826561721259,0.007829216244635265,0.11280456002602707,0.021717134681773047,0.16923034450356206
0.12683698290106246,0.09643965596719821,0.16770983125926414,0.07000975723985184,0.12047974229206876,0.11995048674428287,0.0015985912616052565,0.1580559779063566,0.04383125552008362,0.09508771890822616
0.15781756322806978,0.0827743718582117,0.15698914094040833,0.06457492191365334,0.044863416301601615,0.012359197366875631,0.1490689569670982,0.15489680528382427,0.05369820400645472,0.1229574221338025
0.05880568593098278,0.10998231019239015,0.06768698183254716,0.14768801238705528,0.0946266393555475,0.1356672637470705,0.13232094589965157,0.12989532885976746,0.06428837613789494,0.059038455657092606
0.11910251707443283,0.013285213816142245,0.13161759781437887,0.16423023444992285,0.16744113110498876,0.02180547142566478,0.04462882160815952,0.01398760160981792,0.1217175417447994,0.20218386935169277
0.10586192379591125,0.17862630335326476,0.18088420524010262,0.10426694157354968,0.017556535602011557,0.083556377083489,0.1491586413660167,0.013444032391635106,0.13795769347361503,0.02868734612040433
0.09060606870467623,0.22970375973336205,0.18802031346079617,0.06745541517676688,0.08586577311607077,0.11843688836899013,0.11346735690469177,0.018442570587348703,0.031245016419435206,0.05675683752786201
0.06186655592280999,0.06578060375972834,0.15633368094949737,0.21563535950681395,0.0146145570337325,0.0647258094551379,0.18456228385649723,0.13800644739067067,0.08349576342508234,0.014978938700029707
0.03981188162662064,0.1575210797458972,0.00520044402298565,0.1644241535289004,0.06220344233716269,0.08348648298563272,0.09112161362451424,0.09767901161554136,0.276661017328267,0.02189087318447819
0.017499407027341193,0.0032632783027071923,0.06082223071680361,0.07582014551714478,0.23333651929501653,0.1443488439902995,0.20593186430017563,0.03442472193836118,0.008527424219039355,0.21602556469311118
0.1885965861795184,0.03613216742540343,0.0976892796151227,0.10534240046686727,0.12011403429410472,0.18374128629965522,0.09461875247720253,0.11746977424403544,0.030254475916460105,0.02604124308163042
0.054027488997131834,0.006126238905595348,0.011794375181248337,0.1672306766637145,0.04348055806369407,0.10436331425464354,0.009479789157253792,0.20108960430270845,0.1946950793953856,0.20771287507862463
0.06666702547070227,0.0660947642070539,0.041162284588228126,0.10738752304235226,0.1307210475947813,0.0751968017585253,0.13156288326456625,0.142301359503445,0.06968980636210399,0.16921650420824164
0.16384951443819837,0.15564470809098613,0.08951029106100777,0.15661591258845925,0.03850108994722296,0.20626277689584588,0.059536521361614324,0.0518385290421502,0.05015097436852158,0.028089682205993404
0.02890826154874144,0.15613665196325552,0.02064032242841042,0.1597882093713047,0.06312380241234068,0.1298441720956067,0.09932330142365152,0.06571244836244285,0.12622986015065404,0.15029297024359228
0.19428541950962833,0.00042619457742657435,0.009090648520924127,0.10236599258631429,0.037706096152878926,0.06895413494741362,0.199170452835427,0.14270603747585622,0.19236211510507173,0.05293290828905926
0.08710863489019827,0.08023279012675814,0.12862728982848376,0.09260462927438305,0.08941898564612316,0.13226909942746984,0.10556134929787095,0.1353469199995439,0.08108645692345068,0.06774384458571839
0.17657417075713155,0.07268040052751591,0.04311919013770348,0.1542999147197801,0.1642671166490228,0.03587267997824642,0.01692979497956607,0.05897668957450766,0.16161543349358304,0.11566460918294293
0.09391702679429775,0.15741060476426022,0.12167137550365781,0.001119338501872453,0.13283082119084466,0.12894670130484956,0.06872778293485847,0.0028106897890199036,0.176854508957139,0.11571115025920031
0.08447110909667481,0.13526834811344865,0.11798520726331406,0.0698191063554189,0.12223125314250861,0.08968705161278476,0.0683018214642204,0.11138465512989407,0.08899507870846753,0.1118563691132682
0.03324334482862375,0.11869692768180802,0.1421573975481427,0.08147999755225249,0.005043312747139341,0.14989408131582616,0.18020659818824378,0.036531731298243886,0.17392918323419856,0.07881742560552131
0.04623907316978067,0.13133132075478113,0.14893161463844629,0.15009604973232074,0.0048748082663575805,0.062450177236555625,0.1185499267292736,0.1622693655332682,0.06605482993870178,0.10920283400051446
0.03276470418780515,0.131834936498388,0.07535076472742297,0.12995101187651975,0.035375136739631746,0.1053182011984373,0.16861141128834378,0.06310749057107869,0.1683147656438717,0.08937157726850099
0.1243085666791004,0.07780886118960792,0.05965890983449638,0.09760424242607002,0.1010626189019349,0.16816173074295326,0.09045872011306273,0.05000075287395537,0.15957635588588878,0.07135924135293026
0.17214204117344478,0.07529547632700878,0.05167795320741389,0.1105402874223013,0.146508722493237,0.005914055367157114,0.13574921775133425,0.07563060723893814,0.12673599410170475,0.09980564491746001
0.018208331993734943,0.13022086587769577,0.15049611519470704,0.14145374368338068,0.04284647127743845,0.15114096208528593,0.14209768095939182,0.022460295675137177,0.06352092714467601,0.13755460610855227
0.027795222212037868,0.09558890725705203,0.13392923580084803,0.03828788723340058,0.22349184472142272,0.13425961119510393,0.09285712044947866,0.03875337749020891,0.18776308391377786,0.02727370972666929
0.040183286618945095,0.0067586214233106645,0.00816476073159257,0.06006982333370106,0.0032929514523431427,0.2467187091238885,0.0232398017135495,0.28015354869678305,0.0715493431275222,0.2598691537783643
0.12274374904761248,0.13689141842595506,0.08436914713510948,0.021422215290439972,0.08068775749904994,0.1165853912893416,0.16969969829237713,0.005737290921476315,0.10060658353658458,0.16125674856205352
0.04014248722905945,0.15854831318582427,0.176548070859591,0.0460194886532088,0.0918496577263959,0.10963742480770533,0.08608854986897453,0.1685908971489542,0.01735273598869479,0.10522237453159174
0.1454743614047286,0.05937496016358191,0.02950486072376589,0.06325351168580709,0.09793469355974685,0.15949926127538455,0.11454513576138979,0.07720645842319895,0.13014760041803788,0.12305915658435838
0.18022203381207444,0.18984826242268016,0.004485030407373463,0.1299067191591984,0.019709652562113406,0.09930306814046505,0.14503976407971764,0.1799549967254068,0.040175533563192554,0.011354939127778248
0.11588577953218199,0.13514910223645574,0.08688849350875745,0.12094528415906064,0.03008002986384338,0.10634736679762705,0.06756910221196513,0.08735594707522631,0.19641209345854516,0.05336680115633721
0.1314597411322433,0.11508701538377723,0.0640858930848533,0.018659990973802245,0.15086542028628136,0.12455447661847452,0.08395350383534045,0.06045635066273476,0.14218588299924906,0.10869172502324362
0.07261031476624134,0.10958448980359811,0.05310983045555467,0.05857127161124013,0.04549176796098604,0.12504334997384328,0.1511003382557288,0.07462935708611332,0.12183284915872565,0.18802643092796878
0.05906150943780371,0.21985368447551365,0.23136908414065782,0.050041019176380895,0.0011735670398853627,0.030704343935378523,0.07647220976624297,0.011235883289237197,0.14824260381570115,0.17184609492319872
0.027069288077069268,0.18297105040382633,0.15497356454112496,0.01688902888325284,0.08756264544786313,0.07610538783610911,0.15912440719558446,0.11170431158684552,0.012924734667161535,0.17067558136116298
0.07504532381018808,0.09746963648005245,0.09689354102627393,0.141292691503065,0.136273727535119,0.10277257663634495,0.1184602456552532,0.0586849480704969,0.06600949069144825,0.10709781859175815
0.07920537927609951,0.12190648972614596,0.08492192380170802,0.09988678111280505,0.11030276665972426,0.12580939851614645,0.03585740630732473,0.1475165548675842,0.06341141074122109,0.13118188899124075
0.14467839385574843,0.0018520449723314933,0.08558173931180905,0.05853838380543036,0.16056022709250078,0.08901390514603409,0.16301116898342768,0.16117387035847736,0.045169744250513705,0.09042052222372701
0.21780662682521776,0.07397722103612048,0.027301447669508688,0.07688382499084997,0.06158901644321744,0.060471992890621204,0.06084802020857737,0.1493902936693559,0.07874252478539133,0.1929890314811397
0.1522803553410659,0.12279507759019037,0.11249598108522176,0.12709068185253508,0.07358357365916385,0.14160600649125227,0.11160720814047854,0.13843982096644888,0.014069638355607405,0.0060316565180359265
0.07481490420485651,0.1270668434417628,0.10246334304986715,0.11725879113251543,0.025974046499515315,0.0994166119237458,0.1377423159995254,0.13277527341676018,0.10066086436461884,0.08182700596683247
0.1273225663438299,0.1769862934766827,0.09096797207372838,0.015706980579710667,0.03327330784428161,0.08471500379803386,0.1787086775556862,0.19113266324749922,0.0752210590918947,0.025965475988652603
0.021175139149646336,0.040389915002811035,0.1961510364407474,0.1188729887736827,0.0640592613956535,0.12859010861564918,0.04824494412374548,0.13574586979366782,0.13757633397782465,0.10919440272657195
0.031215366413885337,0.029482569737227977,0.11340649213458955,0.14366096836214887,0.14478258196099258,0.08902299464134597,0.16229431889778412,0.028018144826352443,0.16591845508009534,0.0921981079455778
0.030393848497388787,0.04034447999341972,0.1207730227553339,0.21506316046604101,0.04308204065235343,0.20760173623521783,0.07461074493569633,0.07314043047553406,0.14550939386288403,0.049481142126130896
0.003416314023928889,0.08270858145079704,0.08336992338093058,0.17723495536990458,0.014693024865572262,0.14172335965467892,0.14682293014316317,0.1127261404471652,0.18092332200884742,0.05638144865501205
0.01116103089060388,0.21513032142481328,0.06581826955843356,0.16821535097385512,0.013633927453806045,0.15965347857934775,0.13481574592524173,0.19797100117199184,0.012981853620302313,0.02061902040160433
0.08767992948668482,0.1051860238162257,0.05429447412650418,0.1747371632389422,0.01221824440594313,0.15812699391159868,0.16175670476614468,0.0424271789351413,0.07158962941889553,0.13198365789391983
0.0038392786717129225,0.08118961169269631,0.17267909257307532,0.06354514625244057,0.1467151780725411,0.09874170903308019,0.17255961773776035,0.12858325824092062,0.0659270536082099,0.06622005411756265
0.12372172249033812,0.1155955451154439,0.09085147626268376,0.04535774634900458,0.13782820131153042,0.04534685047447246,0.06814425550849136,0.1256900474905346,0.11497706982092963,0.13248708517657118
0.19788778560516182,0.16611928669329387,0.05976006849701365,0.07823523551690922,0.07683150972343963,0.1505744319585228,0.038800805247164935,0.0719229691647558,0.12895716831672446,0.030910739277013804
0.041815415597170426,0.02365501261313462,0.05702012406797689,0.15680680668685745,0.02285848179138151,0.12419744066569162,0.18337193734033033,0.18761902320529644,0.036092375224541444,0.16656338280761926
0.06670545884457083,0.06179384535786612,0.08869689665978125,0.08555535742964579,0.08165068642396325,0.1034842909193896,0.1438761503748445,0.11102257532132546,0.12865681853545605,0.1285579201331572
0.18019660288904835,0.040778848146791294,0.027187833550975992,0.12135974753866052,0.10135440623185098,0.002717361603229576,0.16246928484922865,0.10251277291390791,0.11721254567803975,0.14421059659826702
0.15599639118426137,0.161471930656438,0.15257402620174787,0.08384456791433031,0.04514219617804525,0.09006832574732122,0.04954354748513114,0.15383573288146837,0.025022891553786432,0.08250039019747014
0.03982048559098173,0.03628441234731061,0.21784020596296078,0.0789373301113779,0.05145604903878431,0.09515908084915742,0.21164698991703773,0.11073695942999526,0.02493090032682326,0.133187586425571
0.02167941000170374,0.16031579263608997,0.19748158927907034,0.19244521834518022,0.009956334049526528,0.1502651155500339,0.10172525211032481,0.04995725454933479,0.010643696487851503,0.1055303369908841
0.15023955070594333,0.0709637212259396,0.12704523656068073,0.048160330217607746,0.18664263345668766,0.1506715235720125,0.10856812118955476,0.015334704860291374,0.05311319047206971,0.08926098773921258
0.1761310092115369,0.18960789512005533,0.029137707839307837,0.029103419478015535,0.19190530168877937,0.06198539794078974,0.003841694411650767,0.09076074950082352,0.031095564110982563,0.19643126069805844
0.09684817864399914,0.15679764043081554,0.036878854679570236,0.18254452183011696,0.19502696538105443,0.03155998354054505,0.08348459114272981,0.20384378532582587,0.007585348065102574,0.00543013096024046
0.06572575307999433,0.10362257634418572,0.12423281092033954,0.11754475366083308,0.1103033686525882,0.0911202075216397,0.11200345554834139,0.11604400464639507,0.08642147257292933,0.07298159705275375
0.025603244022632744,0.11646322042331779,0.08390923531415816,0.16386302031377076,0.030111211814261043,0.10101420071791517,0.16497744055066124,0.06395339761662228,0.15278104655356317,0.09732398267309775
0.04800963243798637,0.08884252058457448,0.11720579373608664,0.10834865387550441,0.08792476511891535,0.059349032110511124,0.0883722262642811,0.13916478612299044,0.15100390720155557,0.11177868254759453
0.08588610557578809,0.16167147147053393,0.045060143231890386,0.10709139231687823,0.1545110948134454,0.05094239638575389,0.14686959675833405,0.06323597689632529,0.150655095370943,0.034076727180107715
0.12417541244971908,0.05968754982694077,0.1740966722136567,0.11511947616046392,0.04303638662242848,0.14293534490706275,0.05524991823640468,0.0739846116429247,0.1267751894762675,0.08493943846413153
0.1598166605615185,0.07882126817199046,0.17130088521947015,0.06420320814079378,0.11153684823322016,0.013804342986361793,0.03509776073027901,0.09901671194669569,0.19137465177134882,0.07502766223832157
0.16625701462419226,0.11367983266979889,0.058173867523550374,0.06351450337449877,0.14131278813973416,0.06584951900036519,0.17937163111068094,0.0040972573847158225,0.08493134460773565,0.122812241564728
0.04246180910758403,0.15235132651925934,0.19256256282688008,0.11863282291401998,0.008192689195228357,0.10329455632701608,0.10077686338826293,0.0846098122646987,0.153873750794402,0.0432438066626486
0.144322205096502,0.0753418385873052,0.07957022766285612,0.0842620672601176,0.16621764987837667,0.023456159558725088,0.06268416149209093,0.1329671778614329,0.17588285249854116,0.055295660104052256
0.07120012875683608,0.03888633006271009,0.13675292526877095,0.0290526949942772,0.03472391386280903,0.13621638830625804,0.09305424897390514,0.20983166702998954,0.06765403593826884,0.18262766680617523
0.18692210919617558,0.01951806415286068,0.03923827705613985,0.14147246799310706,0.19181701146009703,0.05124901198978912,0.047960933964982036,0.0463413166257177,0.19562292838644874,0.0798578791746821
0.03642508448167653,0.03965901231292216,0.17343602012629708,0.0709294411866656,0.20899695729378734,0.03898027855361723,0.03151813892265938,0.004757872579242123,0.21378015292853295,0.18151704161459958
0.10048798367054268,0.07070385451398042,0.07780580941044248,0.06445385482989947,0.20557555183123408,0.06255246085395297,0.0327381614237842,0.026477299428614903,0.1687673590534577,0.1904376649840912
0.1245648703931678,0.0007952949360122458,0.16126463470300778,0.10901814155170582,0.12281962639480269,0.14634540612938404,0.09792077760768693,0.04576061120004885,0.16269324114841216,0.028817395935771505
0.06456390158470142,0.12225332468119213,0.11695055182620193,0.1674135319196672,0.015544343977078498,0.16501829121803865,0.015662602402642258,0.15962206850439503,0.032372868140196645,0.14059851574588628
0.050474856089141915,0.11830786972168826,0.05793979536448624,0.15412973717940404,0.145068879109743,0.02968323592682041,0.05480979597494111,0.18795693846927505,0.18049902451041802,0.021129867654082066
0.08402259143458207,0.08347424931587544,0.1543454482841589,0.09843013934030476,0.12263875409606054,0.16251771371414225,0.15896086158371442,0.03910396433846899,0.020789593048098538,0.07571668484459414
0.11906738454107926,0.10304778718078714,0.12469057908989273,0.10287147264769021,0.05291429671255894,0.14121759308567267,0.04473769218211905,0.08051557633675757,0.13514848345352246,0.09578913476992003
0.13714102857418947,0.024848925015893683,0.07308837743441628,0.150553925148341,0.1249420640202876,0.01690285271575348,0.11996271388078593,0.15877189859280927,0.055540397258309934,0.1382478173592134
0.10078840276039122,0.015859699706322807,0.13787663416029516,0.16160304917679108,0.040328636271019534,0.038141308753835285,0.16379826097441294,0.06537118873116603,0.22929210777968884,0.04694071168607718
0.004773718859216321,0.10133403080969695,0.13018244642186813,0.0954437327859543,0.1169503009680609,0.1639427336022154,0.2042315547392779,0.007242230940500834,0.058756001193600894,0.11714324967960836
0.05957772486472117,0.02857197448651747,0.06623705703713924,0.09685475054149552,0.1660068244456735,0.061440413794781504,0.1695031039652335,0.12510700530937796,0.1006729758704014,0.1260281696846589
0.14548218187112533,0.052795400243688506,0.008894167518721267,0.028000189297928316,0.10097550123213427,0.19627296428059454,0.0701110943505689,0.15676633418273106,0.15439238177607698,0.0863097852464308
0.08926011293411192,0.09092635317623639,0.050446973824312055,0.14539347433392313,0.11821829405141798,0.01110634959800254,0.07483326162285353,0.1881962367593635,0.07956134325553033,0.15205760044424874
0.16934176560876146,0.05423843308145213,0.16021363818560422,0.01793550158963965,0.006838679634706005,0.1575223411051649,0.039973814532955315,0.1894001305297263,0.11306572339916425,0.09146997233282578
0.05255611803890235,0.12058660969221288,0.04967983540446181,0.16571458757079707,0.05343211965904284,0.005343517781010369,0.19340739960895378,0.057891271799837295,0.15822112173076974,0.14316741871401165
0.11306479581857566,0.07782028440738224,0.010761301277470011,0.014085233157231052,0.27707492368970804,0.1890048861622191,0.09754398272606839,0.13695786283662378,0.005116871231913526,0.07856985869280798
0.0426048125692184,0.09184761455645024,0.1545861906191134,0.08983874569489235,0.024973216162661023,0.022845352543065914,0.14621202169478242,0.15771617549060732,0.14217764602205793,0.127198224647151
0.22023155403454947,0.0013538853191011784,0.19140486339221507,0.03228016383263562,0.23324724027440874,0.05499942081291925,0.01773717974587103,0.06999346371272212,0.16198245010367285,0.016769778771904543
0.028644052237125652,0.17651877752228343,0.1850142943781127,0.003468394207133073,0.13911550993776484,0.10837086110896918,0.14163106682927823,0.04474709357569263,0.06378773564068489,0.10870221456295535
0.042432354873477296,0.15060928889840736,0.16523826012238604,0.07742170749140066,0.13737835155673273,0.19828303946002165,0.12332191042601354,0.006871822310333681,0.08280993248255947,0.015633332378667528
0.1439605329426368,0.07035636940402075,0.09025534000004992,0.025813566968326804,0.15183051253592472,0.09726408944660889,0.14597161816089724,0.11361109630383968,0.15624277417681168,0.004694100060883503
0.1314118144943091,0.09123193056264023,0.1905689576151783,0.1812758892392435,0.04799029234098356,0.00944573396645922,0.07390237182940085,0.052004084774730064,0.16680248624927313,0.05536643892778208
0.07518978805742123,0.11116377681988134,0.12007096485995349,0.1771189917129311,0.045675093735552744,0.04202864076654674,0.07607902378258119,0.16933972021369378,0.14550852205197987,0.037825477999458706
0.08633766485831779,0.0042601007671023575,0.13795932601571972,0.1722573769793128,0.1020181078467603,0.13259859103240043,0.09915708123265535,0.04641860615231283,0.2175396079790812,0.0014535371363371976
0.09214524291419267,0.11034570057042183,0.06620080618268283,0.12401021450083195,0.11587657336787664,0.08877580065368329,0.12395592767878703,0.10844105016356072,0.059211628047007976,0.11103705592095513
0.04316406163068031,0.19478199664206639,0.040364421974534034,0.13466899553090297,0.07112697663204338,0.08733147858553,0.06486579522661198,0.14582979690910536,0.12307479601487549,0.09479168085365024
0.13654260019281866,0.2007654912873154,0.018962941565380493,0.0816079339828034,0.161019621663762,0.05716562537446976,0.014734659385200119,0.03887329133308853,0.15162387029346613,0.1387039649216955
0.1601481222447692,0.006340089220652338,0.0925038437474751,0.03565332099900939,0.16456539512954313,0.15079585946335528,0.06644970085194665,0.14934553358026495,0.013606935829519981,0.16059119893346407
0.20768564743076146,0.07463258892801497,0.14540758497754613,0.1630217804111318,0.11805009726856741,0.05303257651262778,0.05735413055226694,0.11223439945212063,0.05332366658738367,0.015257527879579211
0.09688533203450098,0.20411350852664192,0.08164120674588196,0.08500281081846589,0.02485392670038471,0.09527688427739892,0.15581839328752256,0.05331277726204041,0.18659562312193842,0.016499537225224303
0.14428462112244222,0.08267016271925792,0.17544848895904983,0.007240473820471797,0.05868251972824376,0.12772156017543707,0.16525515671928853,0.16421156764916256,0.04946738983318283,0.02501805927346364
0.022625503012367904,0.026610842514952694,0.17552846672545652,0.009778838105938823,0.14649678303424857,0.10682970217503948,0.18292171558717762,0.11090802774027979,0.15565722666673232,0.06264289443780627
0.13166381881521047,0.11289420611355139,0.022044902861950124,0.05732662426950808,0.14833534066139417,0.04235316732825086,0.12405101376356464,0.14245424678644913,0.15077456474147774,0.06810211465864342
0.07914812114382104,0.10641696853966365,0.11830147267249293,0.1769612595190954,0.031197408578959883,0.1451465529761414,0.11438392643304969,0.046217748290262414,0.05141197278924196,0.13081456905727157
0.08283948393220998,0.054749216526480675,0.049502716674402654,0.08765265262646589,0.1595739247150947,0.16342385074337645,0.12044858482337521,0.1255354264804745,0.022550082078487854,0.13372406139963205
0.13565227431548407,0.20463937869577709,0.17091252202987645,0.16365516907967984,0.0004506597456348514,0.05713119717658396,0.07620123572357725,0.04094703338721965,0.14967336755651128,0.0007371622896555789
0.022051895341862627,0.10154231413932716,0.19241752425802094,0.1422841067803032,0.009923374762967072,0.02399299879829537,0.14893967433515892,0.1071245180916413,0.07491866784703076,0.17680492564539266
0.11677380153240602,0.18377861136442167,0.20568019939781274,0.020994014452423403,0.042280923448469905,0.15743575100018367,0.07773233948132845,0.06044257660775915,0.03824515570223696,0.09663662701295814
0.14301859446256845,0.05732352833467776,0.02372581587228797,0.05773438320905678,0.15490957130188554,0.14225757413130707,0.18018959482653799,0.04304239781161438,0.13753986864111356,0.06025867140895046
0.02998172319108576,0.09920727196573405,0.12432524288374275,0.03224959092630262,0.06523486851705035,0.07184618177090916,0.2066702535338369,0.19623279701705088,0.03924559828894144,0.13500647190534604
0.027276532573905273,0.11435885895981636,0.06420806243522229,0.13800482219589935,0.13311278763784362,0.12704888841647743,0.1193999606220106,0.1289317697331009,0.014525790672551423,0.13313252675317278
0.15669558260839742,0.18590808318520388,0.05088234452050211,0.08363283354735923,0.09997213591163275,0.04040102889771266,0.01960871792489793,0.1109671619948585,0.138678404286112,0.11325370712332374
0.11634835474961586,0.06441617947240663,0.11388135402639121,0.21132791337175164,0.08411957491042271,0.21152159522161976,0.06631939281696492,0.03480994642730857,0.03928552935865119,0.057970159644867694
0.032620119253480455,0.11299585403432613,0.16682617643036432,0.06870240567654302,0.13431898628247338,0.1252724816083947,0.04343991375618264,0.16761929085048585,0.13525375742541856,0.012951014682330843
0.17730169889729286,0.04193304224623162,0.02069168274639718,0.10820568606300561,0.04876130450893158,0.12025638896927533,0.13054613392169181,0.11919365141723894,0.1654284656572465,0.06768194557268851
0.10432075817903246,0.12773305340400026,0.11673150554048904,0.0852405822885486,0.0848781051124082,0.10401376692747785,0.14784189001268344,0.06839872896871688,0.058869593445109746,0.10197201612153346
0.004724233320163553,0.1377076205710875,0.11709623090365029,0.12262373653541997,0.1456909984884537,0.1439279619096369,0.1340879042882091,0.10661123040907543,0.08136265797507207,0.006167425599231383
0.1687452293211074,0.07096399079886974,0.03978548428490177,0.17050027464453918,0.11859343806750923,0.054377701044981644,0.09469495889270628,0.025864149845735023,0.07269070635801864,0.1837840667416313
0.012722581971676866,0.13066140162025816,0.13739131818734915,0.14085085748917509,0.10767303242199118,0.05971514491567218,0.1386151676186687,0.030736760320518676,0.1205613084973806,0.12107242695730938
0.23496752196176962,0.016492148231909035,0.2491268737880548,0.02862528097407304,0.12101895616777143,0.13971373843471555,0.08826781579490274,0.026658245707785674,0.02185444320210325,0.07327497573691484
0.15265615260106932,0.048233147973552784,0.08575052691746873,0.1428088495332873,0.18142465514765327,0.022514963972241012,0.04052765766133282,0.14930669143696831,0.1415984777038248,0.03517887705260167
0.011578999752735523,0.053572456799136865,0.11592056212535856,0.16464015554291608,0.016934345455979386,0.1910877036679615,0.07237946032066156,0.1803211159044483,0.03651879415430009,0.1570464062765021
0.20390183707182175,0.23459488984261598,0.027672251010675056,0.025124787637806588,0.024915175861983673,0.012806928619118738,0.23189328471587334,0.025117055179116513,0.12332161237969216,0.09065217768129634
0.15621076047550678,0.15821062377733577,0.09211790219169329,0.08093590514581865,0.09908948333387377,0.021978381732923317,0.004223316263820189,0.15836265059069135,0.10263642311639848,0.12623455337193829
0.12619603615931294,0.18760551455152832,0.06909885378469152,0.10699835149722456,0.027620802584883863,0.0631858871874053,0.040284381425415496,0.18449143724660055,0.016525969347881912,0.17799276621505564
0.15271409806211106,0.0891427067448752,0.010841095756385926,0.09448003297786509,0.14711455849874808,0.13231764251850675,0.12313273432158837,0.12927645757293146,0.03362450385596553,0.08735616969102242
0.1880349758681124,0.13738963288033063,0.08768481195486127,0.021826167037152074,0.07841848759943272,0.08796085593379396,0.0638497078420075,0.022717060086121663,0.11405488579167687,0.19806341500651095
0.09239833240833673,0.20474804832255852,0.021771394908866527,0.06256772537432369,0.11672941006680201,0.08287049459415838,0.08570713750909348,0.17166676848655243,0.10575231940364697,0.05578836892566131
0.038141772693916436,0.16685997540722713,0.16198630172710796,0.09367002935358464,0.07878980949404503,0.015637095401081103,0.18152514505958253,0.14643338705383532,0.04674776910967577,0.07020871469994408
0.10608604030182943,0.1304350558315536,0.07570727665535615,0.13073036049481732,0.06143958076301332,0.12296530475957837,0.13208234105385366,0.06751753856594431,0.06789515799406257,0.10514134357999116
0.019311481114258528,0.2079779217293985,0.12851135257408888,0.10477363884886591,0.005219003632608496,0.0647220664401349,0.0672630010884642,0.1402756924325989,0.16421237952293893,0.09773346261664265
0.002241673287390036,0.031509631644080494,0.07546742708589138,0.058842869666911754,0.029231669337314574,0.04863417690778765,0.24863794064918154,0.25515862586529325,0.24830369011296152,0.0019722954431877797
0.17360277564723334,0.10585231818223886,0.005889024432810389,0.1384746630118872,0.023869032449385107,0.11234219072886917,0.1437026531233077,0.031083595803053567,0.18688829825278705,0.0782954483684275
0.008499501273079493,0.026614023154567002,0.18398197517535073,0.05466384877108531,0.11865044777007193,0.025900121608338628,0.20825264210318054,0.10332768149119001,0.15302249205289023,0.11708726660024617
0.03670967420264052,0.11987597174140967,0.14683856477430532,0.03060263497061729,0.20481372797319386,0.05585654660045722,0.1682115132661789,0.14798752212316899,0.04322568875427023,0.04587815559375807
0.07981203774154992,0.11772482265079402,0.07287564303539806,0.08083364684204389,0.12206895359204384,0.07735590672769775,0.14777335690521237,0.07250816589081249,0.16066741660608885,0.06838005000835864
0.21154501319763197,0.05425153908767116,0.162340670563424,0.07488919851082654,0.01940411186313519,0.1355636164297085,0.1488856756287992,0.0827259193261352,0.02368218460653536,0.08671207078613309
0.0060051111438469635,0.047772880265695906,0.17330880989162298,0.17103928047774153,0.0776804066395218,0.11425723462568839,0.11629519165439037,0.12092168254656747,0.08051340009653216,0.09220600265839246
0.08830978425138387,0.09441107464742192,0.12851807663735865,0.16080063980575235,0.13374074147663323,0.13337228387962136,0.018035277795626796,0.03825748293149093,0.08325511970113551,0.1212995188735754
0.050152792709134586,0.16337010609427383,0.07507332343696452,0.13895585171203761,0.08753999528913262,0.0938551368868147,0.07875972864407119,0.08418668903225787,0.11406715796588009,0.11403921822943291
0.16550674881752292,0.12266461046336104,0.09006448993032339,0.017863059518013282,0.13470772713109636,0.11147239524398324,0.07528312288098031,0.18718512530665504,0.03166197667170827,0.06359074403635614
0.11345955184421755,0.1308523064155623,0.06273483648572949,0.041779166685208355,0.14613624139314557,0.07045982330271432,0.09266166599711392,0.15633473180254143,0.11163801218253858,0.07394366389122842
0.13502413864025067,0.03810504741449455,0.02562614703212076,0.13853058662447826,0.0497358404509393,0.06799617592747827,0.13878562477221246,0.10017590630439956,0.15527765342118816,0.15074287941243808
0.034764591392858334,0.023169326627078456,0.02285393837514646,0.1232646936050932,0.14820121778716772,0.15119051276949524,0.07815342212400757,0.17860243087128755,0.06493811973462782,0.17486174671323762
0.07403797500501338,0.08847970070595869,0.11002202828327473,0.05411379012971417,0.2385485930311838,0.012425609240348254,0.12828624446972534,0.07685992230083839,0.03460926084388564,0.18261687599005763
0.0014894483131437984,0.1354930670932282,0.024044703148502888,0.12845912406701723,0.1489761435151482,0.13030320560643127,0.12026161606733378,0.16737545885216829,0.13244756253593523,0.011149670801091258
0.17001473392205077,0.1124473220968895,0.1756903848943983,0.09622291213286148,0.04061163754423924,0.02957853738085157,0.12303795162714984,0.15477291690249548,0.05952300360967888,0.03810059988938484
0.15922403235501562,0.09121935325185897,0.10085103113134508,0.09585390657856452,0.11464671756896982,0.05025496133246002,0.09290850880834238,0.1449231357403958,0.03432103930742311,0.11579731392562476
0.040747580660771436,0.010971487108806462,0.17085189239085574,0.21595186906856756,0.20419484170882576,0.04987561949338379,0.0730354466280435,0.10891902506961726,0.09011914099012272,0.035333096881005645
0.029556798224150683,0.17799168154467804,0.04149188640548336,0.07518191606216611,0.108185347790284,0.037790620183575874,0.199693542123945,0.14775036499491356,0.08774695615022367,0.09461088652057958
0.04147699983360111,0.1551714344702264,0.11156688085290682,0.07857297241698925,0.18844758555945132,0.09911499628128584,0.10361763071961104,0.009813622543344924,0.19073464396403883,0.021483233358544327
0.17499954597859654,0.0039591036310371785,0.03690494197805473,0.12359359683167004,0.12425829862865477,0.2194920812334324,0.06519237619262974,0.02632994252747699,0.22503005138631357,0.00024006161213394186
0.026072006464012722,0.003401278684563145,0.16939942653599907,0.01429798100415213,0.14046721687168964,0.06514140612013213,0.05889694403611694,0.1702341936939247,0.18858507699522362,0.16350446959418577
0.04391742967551756,0.17156269639542912,0.16327479978495313,0.0791445912458513,0.09236415278742072,0.1694763174959749,0.019844145320179165,0.16467449224047684,0.09076254568984092,0.004978829364356253
0.1058783951683273,0.06450691334087842,0.08475428467941472,0.138741293303595,0.020958822407235036,0.15190468470833754,0.18691264483908407,0.025326237650305262,0.11868104386287678,0.10233568003994586
0.07668025570933608,0.0018658217325860163,0.08678984633451227,0.16322637721929648,0.12664775159392966,0.14241263020578207,0.16765349419477163,0.11370865893449701,0.00119609055913128,0.11981907351615749
0.035276964762382526,0.2617065708438702,0.01883636228630321,0.09518237365005604,0.047134422986838315,0.18018559937556144,0.14794770918887598,0.07112059477399356,0.02012531233846342,0.1224840897936552
0.08189003037672041,0.028223379852972522,0.03431554635804251,0.00965551836051584,0.32063324934209503,0.0648549163281839,0.04984209968642993,0.007836801369017916,0.23570476800617327,0.16704369031984878
0.13148142990484696,0.13955612534884249,0.14633790523392853,0.0555654090843023,0.06817276666972913,0.15766761186663836,0.021827286010063847,0.12610767611019993,0.0653615207199573,0.08792226905149111
