i = 0,i = 1,i = 2,i = 3,i = 4,i = 5,i = 6,i = 7,i = 8,i = 9
0.16422985442303464,0.09377953157544343,0.0354323354794549,0.03580687495764797,0.04265859567116198,0.13028216772554574,0.13962380617833053,0.13034941519807086,0.10747659763969422,0.12036082115161566
0.056772628684515554,0.13930151278343367,0.14500014453519233,0.13159687740367507,0.12495604394231716,0.05129394802717317,0.0035220605564132684,0.05863415970158894,0.13785692171363312,0.15106570265205768
0.13675304852713985,0.03293784047556174,0.099416811157738,0.10596347506117068,0.12136528313243172,0.06935819322452434,0.16025973237433427,0.0004925920797458089,0.1518264626494811,0.12162656131787263
0.1659535696663855,0.06315170907986883,0.08788908884627322,0.02849189227283102,0.10870139124687067,0.14664605029932248,0.10489436502703543,0.1061019230533914,0.14354732716316743,0.04462268334485392
0.013706549173897638,0.03822055270930935,0.1207447004807816,0.2096305607850807,0.1285147556532072,0.013801206529131535,0.1499389539004676,0.14546970370586937,0.1074614440781215,0.07251157298413337
0.09712375853983479,0.20029001537739868,0.1661935266778115,0.10927840248302507,0.03391780624210941,0.07090230002860445,0.08525181386418659,0.13603810155596835,0.0883501411233412,0.012654134107720013
0.09104277247293083,0.11719620422967279,0.011187127222434796,0.03258577187129934,0.1906703331542408,0.2359928188860481,0.10710642405333926,0.04499170498937031,0.15559552807235708,0.013631315048306617
0.07252765130091844,0.09836980991893335,0.09391981358987622,0.1631173661512118,0.034954218255299714,0.1484057211265694,0.12377849958047717,0.06071788429623322,0.18280268361488128,0.02140635216559951
0.1437604001989326,0.13478942033201136,0.09478418725939528,0.04538155820323546,0.18622051592180483,0.12452351423619719,0.046696972421654576,0.06580423982179137,0.009183686119703634,0.14885550548527365
0.04968031276552342,0.19626958400291608,0.037552889232149084,0.0654034884568602,0.004573936428175467,0.17030030213891173,0.22168510307732067,0.06816425329327243,0.05417146011175646,0.13219867049311446
0.12151039658729186,0.0947409233464655,0.10410567550786995,0.030643765150259683,0.007668750635803085,0.16115041009012934,0.10489603942408518,0.06645877238485441,0.15946851031387113,0.1493567565593698
0.018265271003534894,0.04604995276091772,0.1677181317482073,0.17623048132473873,0.14459756263797371,0.16409810912043254,0.15034082579151725,0.07335909129989908,0.038615636790572616,0.020724937522206055
0.06864304042364182,0.12873034465462965,0.056517786756937145,0.12149193242273561,0.1135855828302311,0.16423515311461928,0.012331099422657643,0.17938609543545245,0.06093701798030753,0.09414194695878775
0.12605267387356694,0.11736812260587644,0.14932306551464633,0.07586664721225052,0.010075961220637626,0.14511576985974162,0.07069983204766608,0.14352143133530357,0.03244325553744822,0.12953324079286277
0.07326020064540109,0.025174124842032884,0.07661383416179705,0.1582805230070535,0.14435279184077646,0.0760248903293084,0.04945175372191108,0.1888096764145105,0.011033887066289253,0.19699831797091977
0.1549160828264414,0.027287240045867273,0.17422101764706818,0.009235207623549879,0.12924978057250897,0.12523101007408557,0.05735156708142191,0.041524147262907485,0.19999153520075286,0.08099241166539636
0.021443586087744326,0.13363481515801265,0.18326914799272107,0.06546168041928578,0.17345850363882107,0.15111988963808645,0.09895614092972597,0.07026741137714061,0.03823777715892149,0.0641510475995405
0.17135062227962158,0.18225966894553314,0.2148556210719625,0.15239305836526984,0.03870218301858069,0.12152725801854647,0.06211645869603609,0.022973927882817918,0.028929432960729837,0.00489176876090212
0.1364274905604422,0.14187328850258346,0.11296073475507998,0.14372231191593726,0.1161275024079198,0.0027172732216099423,0.03711299621718067,0.135320442150018,0.0365165678015512,0.13722139246767748
0.08719874856033095,0.13872480664701747,0.014700636716590358,0.048822480143781204,0.1242509909429667,0.16996930207370925,0.1129159948772658,0.10752023894018493,0.02579995128563494,0.17009684981251852
0.13109563346363765,0.08096086929693133,0.13597375031881279,0.10066620788654196,0.1391923757073367,0.07919189874146912,0.04750371221810756,0.09034178268215803,0.13602906826111744,0.05904470142388754
0.27792225166004136,0.039515379777463035,0.054845922811454936,0.19148952405737635,0.03916105581896519,0.05328891382890952,0.055749261577406034,0.03522124443241746,0.18146350294045824,0.07134294309550791
0.14585878212826045,0.014643314998934485,0.13743127795231883,0.1350114066541916,0.05961750346571454,0.03523432555037625,0.1671371769560255,0.06291722088273002,0.10012574721557319,0.1420232441958751
0.09025165144054183,0.19273601911290786,0.17901057946440432,0.13443976924386514,0.005195084964849141,0.012619822304726882,0.019312362923478137,0.0014523842047148442,0.2227883265366767,0.1421939998038352
0.05757090370940578,0.06541074343864005,0.002644076087124644,0.21551392149405463,0.13512399468110942,0.02480234532920908,0.1967290457787067,0.122921603474408,0.159198746852336,0.020084619155005538
0.1509165234227498,0.047590600051216334,0.19293413206263693,0.0717339397219137,0.0432910606209561,0.03065022991613097,0.17237675961370472,0.11539167862192275,0.09601004942711593,0.07910502654165283
0.07236688020218299,0.1034173068910073,0.1781841921738936,0.03366184919138034,0.05848699756946943,0.12287384351549542,0.004606686444983295,0.134455598874334,0.1840369040830186,0.10790974105423502
0.19152404811960794,0.12312713524087456,0.11344272856264336,0.14646591118362795,0.03941331205588552,0.11476495714914929,0.09435284080253768,0.040486485511615926,0.011869283012698094,0.12455329836135975
0.020024586889695082,0.0056009212666596475,0.08692569689713477,0.09689399429965707,0.17424375311089702,0.086063520174796,0.1931030136879571,0.08624196517235051,0.1885467766288183,0.06235577187203458
0.11721018042289993,0.11783906565398519,0.14107442114228771,0.04294745010170957,0.07339795057485565,0.05225011667602019,0.04090892035691468,0.1350692128833661,0.1445979470797216,0.13470473510823947
0.13973554936141205,0.014160229751045358,0.13754131674630138,0.04101127831769006,0.12304828444812499,0.1381326513191851,0.14293302320939633,0.054105019668130166,0.10228973495660297,0.10704291222211168
0.13407298633966214,0.0787430886345278,0.16629430816302251,0.0429985739810285,0.16582909121398742,0.08745495056014653,0.11099620945659303,0.0489159785259766,0.04395778926637281,0.12073702385868271
0.16170627791792472,0.1288221174072187,0.08924294380480648,0.13073217837815668,0.11355866014329537,0.06997906614353089,0.05079795724162855,0.07095930254221164,0.07249920392575304,0.11170229249547393
0.09302646858871964,0.044495086233772414,0.022683122957213427,0.09432610074234075,0.18936894329004855,0.15910154916169655,0.14506956399427123,0.0379432596186011,0.15326909605888445,0.06071680935445176
0.14803849513494519,0.11033121122755762,0.14627387514964335,0.05714183129888161,0.11439048636577823,0.14804145256740264,0.06787539886029059,0.019485700508721206,0.1282412155377363,0.060180333349043484
0.11362488848133784,0.12420256993698106,0.038606493345447156,0.06569730198069766,0.13362175201468424,0.11235456273703177,0.09186792852880636,0.14343226845076748,0.11505070720248839,0.06154152732175803
0.09726553527632263,0.10887155371437764,0.0857563732380111,0.1319893754806353,0.1612406097256875,0.054725916997980885,0.10268178818558377,0.03741118917377729,0.06531142890851191,0.15474622929911191
0.1403514815245392,0.14578583582248597,0.11155838734491633,0.06786443536571289,0.038783986962733066,0.08180216001107829,0.11001109265637506,0.13728111477802601,0.08790651732124313,0.07865498821288994
0.08879675022970998,0.04373814165361954,0.08342865423845355,0.24844176453061578,0.02813482719773353,0.0138280337616359,0.23216519917858702,0.03077841112814057,0.09197412472202603,0.13871409335947812
0.1076121016870765,0.12722392821389422,0.17601341046982152,0.1775777831297902,0.09327940579098397,0.026334598428039528,0.1550526366614683,0.02399137111002378,0.10190209479054829,0.011012669718353645
0.17265507408236194,0.07191658819940648,0.06296553294454668,0.07531205690723623,0.06344273577568584,0.18254941155698173,0.09010882744892254,0.17511913881628416,0.006777815775265815,0.0991528184933087
0.11429666026013577,0.11232895822029457,0.15467366419645906,0.08553852131390885,0.084210527587425,0.030146800571952362,0.13780272508068817,0.07683639198955447,0.10862655118481856,0.09553919959476317
0.001326275056765049,0.14541379720822617,0.061922681191584186,0.15990063146131536,0.09286442168302021,0.12899803045457275,0.04940518632251727,0.09003310521272813,0.05572210918596926,0.21441376222330166
0.2633617794417539,0.062159949561491484,0.04081313001514927,0.04369417456203993,0.13079250811184923,0.23553243841744906,0.01688954585857888,0.07832445494766585,0.10023949326730776,0.028192525816714695
0.13293523488971407,0.03448486390330142,0.18097687115233585,0.20474523900908118,0.2034723469426646,0.037991855337014206,0.02636993158004518,0.11623802395541888,0.03077359698647032,0.03201203624395451
0.06292144483269153,0.16851098197127592,0.12207106184655123,0.06835235215531169,0.0977245871801864,0.06006353298247536,0.08830410216764432,0.1874236925140984,0.009764575191882265,0.1348636691578828
0.0006218682316966694,0.10088569411361197,0.047343791074141606,0.14212075030963273,0.15680418021526943,0.031875446537133895,0.08433988600235785,0.2170856054897632,0.18297657776077866,0.03594620026561388
0.1169240081583891,0.011543405261734847,0.06371862275895745,0.07753887770749573,0.12922588186137646,0.013230749273802637,0.10111766732745207,0.1977564277289922,0.08743817860607424,0.2015061813157253
0.07313399612232731,0.22247613159226676,0.20438073292947553,0.020467065187378897,0.0021171275853386472,0.14793816491496087,0.05348793691219248,0.07164592013065854,0.17980369653797154,0.024549228087429344
0.002263570022522821,0.0689985735874994,0.14446871913581844,0.08912422893514696,0.1221204845401034,0.1436424160903726,0.14792294270391765,0.15838865751890913,0.09826486450113413,0.02480554296457546
0.22096968052485053,0.21273691468757316,0.05921796593263303,0.06401600706334377,0.10132305668053897,0.027712024250275916,0.10837930844581448,0.04712840429341227,0.034256207965301974,0.12426043015625586
0.16347818997726532,0.16101202335727158,0.08304595634130464,0.15878977004061118,0.11228463037345666,0.1313565607651663,0.01742183077532606,0.16176303372545064,0.004493706328685736,0.006354298315461865
0.13431313317524957,0.09085082333018173,0.13586484733434992,0.06746350964282377,0.03751480657380977,0.129730371859537,0.039113495060501095,0.1173019224483341,0.135615480148559,0.11223161042665405
0.09293052478041466,0.10693636298933362,0.0756646417464931,0.1841408854949124,0.10544150195755082,0.22680087366859708,0.01052158063587365,0.019396525909678698,0.08285607730791142,0.0953110255092345
0.02230845724077821,0.04520346635477236,0.17516590024203635,0.15877580502427444,0.02078150995283644,0.16087798344847976,0.11733707761531813,0.07448625819500072,0.05969617437660503,0.1653673675498987
0.10424825497250546,0.17271226670473208,0.09597630353636963,0.16747100850551305,0.05668260267100743,0.0021995347328990075,0.08186338784552998,0.05548119475802,0.14260321243269336,0.12076223384072998
0.18366519290194305,0.055712151817547274,0.15131722494336702,0.18965122479604957,0.02161108963859025,0.07035479403120662,0.024834849916838164,0.1752765375275219,0.08827553005488087,0.03930140437205537
0.09996625482271153,0.06115554056737471,0.16396022878524288,0.029587267260915064,0.26772907804082463,0.007520430141533423,0.15059325882175117,0.003535103798958534,0.11559053800415264,0.1003622997565353
0.13237145844436307,0.09541475789203552,0.14573939147808082,0.18164759884300494,0.030243782740497587,0.06933545326641379,0.03458855346906857,0.11750573379837909,0.010457486022067466,0.18269578404608902
0.0934913363339314,0.12404031503343034,0.17301228494661697,0.15303410707238999,0.10757110922410144,0.14775387526318717,0.04677206559689548,0.024908638051074135,0.07692540735056774,0.05249086112780556
0.0390559167313899,0.1530308001559471,0.005289084999335387,0.06880271031472901,0.054594604769248094,0.16802159644082554,0.19799478700535825,0.1232316230001468,0.187472651535744,0.002506225047275948
0.14728549827425075,0.14885443089416436,0.05173639699767631,0.1294927231598086,0.14568805799096946,0.13129142430145674,0.09911620900756754,0.014758938224542993,0.09115667687500904,0.04061964427455421
0.1069136182555369,0.04061975399204718,0.1494788099162993,0.13924559405947115,0.029959930068838125,0.09030108683118379,0.13215648988368586,0.10254038553765468,0.11214553501859223,0.0966387964366908
0.13714647906721078,0.13468187064128292,0.14492098183120072,0.05321502366140426,0.010406248707438571,0.1723917731548558,0.12860243971036137,0.026790480309491802,0.049360282375813115,0.1424844205409407
0.09251964517156853,0.058165611066447125,0.0329192444242066,0.02520583940868782,0.10115648298241917,0.12083267539971222,0.10775539118471818,0.14008501385685626,0.1425530755048197,0.1788070210005643
0.14032278542479315,0.08707687027824831,0.05685505326779058,0.11748617561045255,0.08768525014367257,0.19051200033603424,0.09246228895878109,0.09924640968468369,0.013922464797998597,0.1144307014975453
0.07533561847853203,0.12013177681505985,0.00418834940513339,0.1992397972356802,0.1719007422354474,0.02060587946033185,0.11455846604016794,0.06799066877561032,0.10119660563423709,0.12485209591980007
0.07976809540530289,0.0806253726117895,0.16759599082006674,0.0007304008964844866,0.12777465809564356,0.18374979974208738,0.04156654348007139,0.07495740744860035,0.07264113725092342,0.17059059424903036
0.12401595603127745,0.06308955224387798,0.08674641964549341,0.22379809992123814,0.08201888414573513,0.14630826257920984,0.08229575166727453,0.09876065534486951,0.040704144655295704,0.05226227376572832
0.140434984615618,0.1215504193854541,0.1380771761855181,0.09545898176219852,0.021867713318316148,0.0574765930190181,0.13889601160767265,0.15020857084551778,0.015991523737454136,0.12003802552323253
0.11389156852513364,0.11576483680583338,0.11504423480718927,0.09156388468966542,0.12465159481594285,0.08685228285983075,0.1136903430046163,0.11658569335785958,0.022575069643006176,0.0993804914909227
0.04539197642577868,0.008711612093994264,0.09652907281606452,0.13149819933067575,0.05776524304807567,0.15999641702774295,0.1510167093443245,0.07734470741650241,0.11869502808890377,0.15305103440793744
0.16797301834968162,0.06711469859693386,0.1658396771136277,0.1900622253675812,0.08495752437494561,0.009813579133189308,0.035794457231810316,0.06678938223550471,0.14448516849424564,0.06717026910247996
0.11667837514062286,0.1004932535144175,0.008051935465605106,0.08282013517277209,0.12646543384164505,0.08858209603401669,0.12903930121682217,0.10449468023371859,0.13684532905316887,0.1065294603272111
0.026372599906534334,0.154467974404627,0.07917449055621108,0.035205248517914144,0.1394218746848855,0.17628836614420101,0.037787950530028244,0.09303047853646573,0.13511020120827263,0.12314081551086017
0.18993018165350245,0.1040694279225915,0.07200999050133916,0.1780945977185279,0.14371002256992582,0.044903236939846304,0.06195772516266489,0.149763910519026,0.029989612943767677,0.02557129406880825
0.08442959417182568,0.008556313489286024,0.15895546521271087,0.15444701166533742,0.014455037391204503,0.17864088492279892,0.02195115711641109,0.1853941208281676,0.05447769404135621,0.1386927211609017
0.0136708632452442,0.1063148569910902,0.06714334806563088,0.1254525408031916,0.07370150884287946,0.1866506096881323,0.06572584764679829,0.06086197279076882,0.1115268524460849,0.1889515994801793
0.06600623572707913,0.07477449936729179,0.14673554060968227,0.07903848434115027,0.06441857765818182,0.0035676074293756847,0.1543954800186439,0.15702444485402814,0.11199133044394019,0.1420477995506267
0.16117912028960923,0.13563788452220127,0.03858822922239589,0.05053601934779744,0.10729895644024527,0.09805387884735219,0.058984926050108924,0.15560223811015644,0.07519215682122159,0.11892659034891162
0.09927267328356196,0.11927237044755201,0.05984844963480363,0.10132653471268106,0.00391952974860994,0.04990607538167523,0.13054026927505805,0.20552847911219696,0.046853385195237886,0.18353223320862316
0.030728090511118005,0.2221910091719901,0.05237407060735154,0.21980259063066981,0.06905786139723821,0.004474700720897811,0.1812306896548094,0.034042771936149435,0.027003799890094726,0.15909441547968098
0.06732834607216484,0.007558954676853725,0.058979322707862616,0.07882285774601236,0.01635465768539792,0.0976859576931711,0.1218509258345655,0.1467366792171166,0.22856634573181298,0.17611595263504246
0.17629139104170458,0.1375869252437349,0.0024762069872292223,0.08038908179239547,0.005947507523016003,0.009292947774318005,0.23250680640634228,0.17062327011167577,0.11870063883655195,0.06618522428303182
0.15735191348785205,0.1023495720984874,0.06802961127074406,0.11069541780613901,0.05977579298583319,0.11920052929700681,0.027847050941884454,0.06871468158163384,0.18361938385596374,0.1024160466744556
0.06472516479106825,0.056962352884572375,0.0993324901926957,0.184023138182575,0.03785005300901364,0.0961691881484017,0.07752115124585889,0.19901063923463944,0.0693764458291573,0.11502937648201776
0.10785079479827014,0.004255451916934386,0.1618821647175187,0.1492018633884695,0.024556288771356394,0.06905689529948507,0.046095729459993025,0.172488775531805,0.1305213586348812,0.13409067748128653
0.04549201735059603,0.14735393336191915,0.15857343862019574,0.1732755166555009,0.05545356584889072,0.09586071680180444,0.07158132004856702,0.010312656973979917,0.10777549450179678,0.13432133983674918
0.07969079598797528,0.1559285557881475,0.1825003713931644,0.0028166677337426575,0.21785508384552332,0.09546723055521238,0.03101264701860305,0.15590888069415013,0.07741607825131658,0.0014036887321646466
0.16102568346509077,0.12495538891941645,0.10537128808482615,0.025165982965787558,0.10328415720835388,0.1155004401940943,0.03319237324871058,0.03706615799449824,0.16976121235131578,0.1246773155679063
0.09248932545141943,0.1306866056400667,0.15026742338989368,0.037445819121520715,0.10139962863254194,0.06158253569717543,0.11610264605839489,0.16821296834443486,0.05620244014638898,0.08561060751816349
0.12012847545930141,0.0641241929377047,0.03868178557194976,0.09975841071920791,0.06766095291838882,0.10720462745365149,0.01907077827913015,0.1311182417324507,0.22272171537141722,0.12953081955679796
0.11977919755324881,0.0230604778737121,0.05625535040710894,0.15995012094996677,0.09769541923295981,0.06538003472400643,0.11658211437525763,0.08997226918758167,0.17600402373887442,0.09532099195728348
0.14737114194727446,0.12631243596953162,0.07272613985688829,0.002492410504712072,0.11666235844804945,0.15049642179269448,0.10781332625040459,0.08905415759969372,0.10724913728409075,0.07982247034666048
0.11880876586201924,0.045433048637380985,0.11525981600110904,0.17684535703435325,0.08289994333674623,0.13699215239975082,0.018983420580937067,0.09627230073761335,0.13252163308171083,0.07598356232837924
0.1518437987475417,0.06636737809260555,0.09025007391527222,0.06106069721419392,0.1418539032185425,0.14232301842029046,0.0691562104235118,0.16652382785422778,0.05931177919162716,0.05130931292218691
0.1001099572263172,0.13817779468610167,0.021125650180248343,0.10733713482439337,0.27145017462624066,0.10829240338725385,0.027253458902168425,0.0043999775911813645,0.02187268652612357,0.1999807620499717
0.00084725384050135,0.08898636432922176,0.16283465723073992,0.11733627989893845,0.10884753458458322,0.07496595987323061,0.004115652637531943,0.11675342489423476,0.15737822024417522,0.16793465246684272
0.07777811072088085,0.04816852479383163,0.17695984863362588,0.11092902519957022,0.034367997960774936,0.003258254357348391,0.15969277313393798,0.1770214101229207,0.11149272752811461,0.1003313275489948
0.11456315842123344,0.16950518780192841,0.1612899242957311,0.05316870589464942,0.191335622832856,0.01601651913977662,0.041389057044859665,0.008567571389701342,0.019329102708887855,0.2248351504703762
0.1654140476880249,0.16875553867621546,0.11388757690993029,0.0005831489599271935,0.16768980076574042,0.07958563217883659,0.18950598821594586,0.10234494118507224,0.011114522801453024,0.0011188026188540538
0.18379712723738806,0.17763937993253598,0.05397735881112154,0.14792086250850178,0.04624189423692695,0.06855811690409867,0.036973631361958914,0.05438134139312864,0.14142831270576564,0.08908197490857382
0.054552099652155905,0.11839783136409011,0.08072636722311435,0.02678808799396837,0.11121574475006737,0.17452172739900632,0.13095642686671294,0.15012654991936877,0.14929792115878002,0.0034172436727357646
0.020999479863774217,0.13155643567152434,0.1517026561335846,0.14320131276947815,0.13688152752796326,0.07169428356194132,0.13270487053494875,0.06908827435565995,0.12566289081438317,0.016508268766742266
0.10504149204833274,0.11893782985516024,0.09391082988513678,0.04311004378694683,0.009941167747090094,0.10579238407452049,0.16050310734697568,0.1338902032839706,0.14595777937008447,0.08291516260178208
0.20088476082868706,0.046061612278170086,0.060395542478184856,0.09013536223184475,0.20243127998599975,0.015513775909433009,0.06896282574172918,0.0772428229621716,0.1487259791033462,0.0896460384804336
0.11442907084649517,0.1627708202393171,0.03104344870425027,0.07738909599052789,0.023741259459867936,0.18793272242498502,0.012349228881547117,0.15467903232172067,0.18051100846591192,0.05515431266537687
0.021271802493049594,0.1422067866945364,0.06511929026388036,0.0010141011128467475,0.10221156233962181,0.14771356928938723,0.13390896664166835,0.11660363762724922,0.09411653315772596,0.17583375038003446
0.0021158289485779186,0.1681015237703848,0.07517485643231393,0.07647359980257676,0.1355647477897615,0.15387251722122386,0.14167415140626344,0.18567669444520213,0.042066881746939074,0.01927919843675648
0.1938470739659256,0.06363551393071325,0.02388521179361352,0.13968805307556653,0.1097105352259045,0.11703291307498728,0.06705654560748214,0.11878428434998116,0.11397451088099891,0.05238535809482712
0.04947974870719318,0.10245853785305864,0.07106624059632187,0.011402407421302153,0.17913449875608517,0.156537379561301,0.04501297952786706,0.16264921366766777,0.07829647937648632,0.1439625145327169
0.060909262101792656,0.09963197280806292,0.04985975539334387,0.15620621884764518,0.04985596254120994,0.22583430418165903,0.14899240350350282,0.026950178447928644,0.1015242464101656,0.08023569576468942
0.13118268843503472,0.20179300444421994,0.029450414990113517,0.1063750907329477,0.06398534448449901,0.1697646939881759,0.16995887323740577,0.04744056332455694,0.06838513172614405,0.011664194636902494
0.15425386521122897,0.13684915571868492,0.054784792255728555,0.14245221498768598,0.03358676183653653,0.08677681544648715,0.06530109077497943,0.14218848768831185,0.025449712335376917,0.15835710374497994
0.11151750703125957,0.02864400457214182,0.15473226056362938,0.041659594897205124,0.10946253189384703,0.057505651262640775,0.19916341181157649,0.02391732532524266,0.09563272813894085,0.17776498450351627
0.17402093872049443,0.11241195879116675,0.15723472335814914,0.035061704817869695,0.061007013252415226,0.0039749419876655215,0.051637465877981174,0.05710923667906604,0.15718824101577053,0.19035377549942137
0.005453630508258657,0.09409955640954343,0.15908740457842602,0.004062693423258847,0.11275763842318004,0.20061991034075002,0.13563689013234842,0.13405406741173057,0.060674971961151784,0.0935532368113523
0.08725301502259326,0.09391901160040313,0.000789574314420394,0.09110942987029097,0.1380604322342767,0.10297812783442689,0.09195086202667216,0.13273818950711933,0.11855790464899969,0.14264345294079755
0.1046948184758906,0.11121625896974201,0.0036845157789875812,0.12877326593733537,0.06259967401628605,0.1897017399533632,0.06661385579039653,0.16607550660089526,0.1090995580830414,0.05754080639406204
0.016083849092465182,0.19411656303217947,0.1963696706042396,0.10947431037053997,0.16676471315755015,0.01847372462938204,0.016677654304049386,0.15691213911265176,0.11899344333938112,0.006133932357561355
0.09722167971276208,0.16392762808653755,0.05686569949451672,0.01874750208075381,0.06945316042377886,0.017309278576647297,0.12678448720759275,0.15076876133234562,0.14270442733382058,0.1562173757512447
0.14038599764860019,0.15830046311475635,0.023390030933820846,0.14231850363826648,0.1160233681239537,0.07753514311044264,0.12912868264912256,0.15632195875173638,0.017663201215037994,0.03893265081426305
0.15211594480915136,0.06647298289897832,0.10715029531771078,0.10182760847101827,0.1491898612750546,0.12754191990121588,0.11310084402427288,0.04061653739152753,0.036184253056082825,0.10579975285498765
0.18323215715480565,0.09255808172258938,0.011500592133464976,0.1978063986440747,0.017008039739875233,0.08193719526056942,0.0029719687952351535,0.19905761707059583,0.05785725477491317,0.15607069470387644
0.006197393608569745,0.12050543653819813,0.16378114234359364,0.07303168571589796,0.011673182940408986,0.13253947188964624,0.12441810396277511,0.02959391489279756,0.14755461778507298,0.19070505032303964
0.038228720046577916,0.06780445838023812,0.16466223792775572,0.13326736209621565,0.1042118659799193,0.005688477996600995,0.14904593053757942,0.12575956912833167,0.04420687303061538,0.1671245048761658
0.15864860633388114,0.05665658339695706,0.1658033257170939,0.03604615123891939,0.0017241960917191205,0.24563705928640517,0.022505311110498534,0.04566656467214306,0.1750362376494284,0.09227596450295418
0.24280797424765937,0.008608284337637804,0.09107979081772498,0.08854566493438812,0.1250452743204999,0.11189064165976066,0.019201292187280783,0.25310536484643764,0.03798275240518904,0.02173296024342172
0.06892228531141581,0.21434523509624834,0.18086661803879564,0.23163722161855385,0.16840694190430375,0.01806642818803519,0.010426901840412225,0.0478066050132069,0.0439538506947913,0.015567912294236921
0.07883042678884489,0.1353631263077813,0.007234207937168135,0.011439873672692396,0.1496399890699,0.16178768829417706,0.140417432013501,0.12303736814113875,0.034942007390945565,0.15730788038385102
0.10440480316388115,0.173190897841341,0.0006875673728091184,0.1196751218336514,0.10729497620342522,0.18328674197674247,0.06373728804294015,0.0853483614437046,0.08127330907927921,0.0811009330422257
0.1506592475206436,0.179489330792066,0.023113724175126825,0.020691737940670685,0.10040881201878477,0.09222787996332814,0.19388081674408136,0.0752497362149924,0.03017305380397457,0.13410566082633169
0.0862046946434751,0.27472210029032984,0.03382080633756681,0.003305040522878201,0.06783448555710096,0.10589398574407966,0.23230321758485478,0.03666711265128366,0.10658308376449187,0.05266547290393898
0.042400210984231544,0.15638582660833697,0.06229465844187216,0.17779415784585348,0.0004670508393863768,0.14392570292649004,0.07711379039880065,0.23701088007885665,0.0718779517660122,0.030729770110159916
0.12226973004578967,0.09930549054817289,0.12688574225611815,0.039983059604214645,0.11605837100424371,0.18475766833467147,0.13898757074179077,0.03965396525733491,0.12080120339943569,0.011297198808228085
0.10534940685848822,0.10956289682835645,0.1303401997177763,0.06589609987588645,0.1961420316242351,0.018224804006899725,0.007977058686069087,0.1537250915582301,0.14547681273390578,0.06730559811015281
0.02790242859629926,0.11729356795969073,0.10724129797081522,0.04156091610808463,0.016498592886832184,0.04267397277818709,0.19830303732429314,0.07518123371998016,0.25399426532643365,0.11935068732938389
0.09247985267833561,0.13701848122703011,0.031187293553131656,0.1187536950010071,0.0685517411666802,0.07911356745902058,0.01727139908744809,0.14765303179439526,0.1820372337460928,0.12593370428685863
0.04884062733058531,0.19901574426266555,0.11025959848067712,0.04212391916125695,0.1037351031890548,0.12392564459575954,0.13115366832336783,0.024057681888449554,0.09967381639623644,0.11721419637194694
0.02330931696689348,0.16659519061000053,0.04167911948038323,0.16109905674712,0.13190694166362327,0.201105855844162,0.03541516002643884,0.08846260587294391,0.051562569339301326,0.09886418344913343
0.12304696112847872,0.14689052635666366,0.03291766767896517,0.010930342770239274,0.16970993105759427,0.07531706671477309,0.17378072393572214,0.010336894204168771,0.25042836902321747,0.006641517130177394
0.1624775546611115,0.027242140337076236,0.24722068883405846,0.0021755446074055622,0.008434863008979455,0.19318006506582547,0.009674497357727276,0.127653471894464,0.20570563224139202,0.01623554199195997
0.14656098809045706,0.0555021451368823,0.0551484860630768,0.054255392845646025,0.08392796906786791,0.0765595965535839,0.17794106170158056,0.08851983102029942,0.13880330455290543,0.12278122496770061
0.06424673024310153,0.2576293778104015,0.03648580584786597,0.2106606480204853,0.17488213849612735,0.0012889251266206502,0.1226999681815093,0.002903136481408284,0.008059487172280416,0.12114378262019969
0.05065010877795095,0.23290664542465042,0.07903506617524693,0.044355005556776746,0.17688252885078182,0.026920593462925774,0.04892229274219059,0.2509614302484002,0.06494352389693725,0.02442280486413928
0.007611054292651874,0.1619372285815913,0.05143558756431102,0.01840925722917445,0.19391293082289174,0.09301140818515553,0.06169436863381217,0.19063047694804433,0.18295798726702792,0.03839970047533969
0.08654215675240533,0.020537065253959964,0.05884688717572352,0.03911697376338643,0.18310502329990813,0.1568026954151687,0.09661282660287525,0.1750668902456117,0.14471311639988735,0.038656365091073654
0.0721184576365341,0.11754561561398379,0.04519527110742438,0.04689547272763284,0.13917811400201485,0.1778862584570419,0.09981370594478065,0.11203019582393095,0.181927670794237,0.007409237892419645
0.06222865022263637,0.13994101434797826,0.061923202689777274,0.08423696453016832,0.01698375265737882,0.1866514105319044,0.05770039563187347,0.08727237836171221,0.12085821302470123,0.18220401800186964
0.14774829622787067,0.05883523229222646,0.12162639550486788,0.16532648565622088,0.07540637938311485,0.03761780890130005,0.1633368024118811,0.020557271426601426,0.15666573332361441,0.05287959487230219
0.12808120819752508,0.11695277689598771,0.06378139344477154,0.1595008648734582,0.1001593776558126,0.14429294715923063,0.1106193823532258,0.09497336117462862,0.04407875104233946,0.03755993720302039
0.046065917832227694,0.14282662923531772,0.10228867809175549,0.03176686358393144,0.13673540912761745,0.14737368131061357,0.054286232567734384,0.017016521496569025,0.17063251081718245,0.15100755593705076
0.09826771641107127,0.09333110074176319,0.13219488355242404,0.0959866861061188,0.11868357860062956,0.13522317935236117,0.10536791733503827,0.050017096209841606,0.07227156537224981,0.0986562763185023
0.11781770650309449,0.12780789493663716,0.02644463505587886,0.11762044700999486,0.06579229108201146,0.1568750046174834,0.14689736785624594,0.08975115322948052,0.009936253072239973,0.14105724663693336
0.09246888094290434,0.17924607701419457,0.07335959047326633,0.03867005308127643,0.06163193677756299,0.1877470880599623,0.06110155878368891,0.18209828338851383,0.09308084116350107,0.030595690315129157
0.04322442427970363,0.09946354803074632,0.08183492761527239,0.0821365685526245,0.0944561341018123,0.040495142115403324,0.018406633790243824,0.161336631359863,0.18213884401111996,0.1965071461432107
0.04783473526630226,0.12166038621055965,0.08817234527011081,0.05706655781261974,0.15489935660754964,0.10636270709052394,0.10776175599505991,0.07654757821643415,0.09367003693805313,0.14602454059278688
0.05777437098604686,0.12995493470562877,0.12154656922638254,0.09442941941939549,0.1413345828148564,0.11759047368287308,0.07786595322843692,0.14321801774301632,0.058117053467762844,0.05816862472560068
0.12293360069092361,0.04476912508569174,0.056467341444308455,0.1671917321922275,0.11134404275583046,0.07417047279874761,0.09519960014185887,0.027770180363103112,0.14005434371526618,0.16009956081204246
0.06780576756565754,0.10482822686121088,0.12335849894579975,0.17222794948081738,0.12446883353630774,0.028723271091316525,0.11539851754381036,0.05935787778460906,0.0844732264054292,0.11935783078504152
0.1402314935224175,0.14262188942864654,0.16262589217733375,0.027501891192209263,0.0647547462451983,0.14250239754525215,0.0535960883636544,0.028796589564546195,0.07793318730512605,0.15943582465561582
0.07521712943032115,0.05580816764900708,0.07365598716716239,0.14946932458352724,0.03306530627542425,0.16847821151682454,0.0907701167086109,0.12227684833633731,0.05405637793417378,0.17720253039861134
0.1390831397308517,0.04955127425477189,0.18980407709179017,0.008499572673278562,0.08734939799780869,0.05569691810974731,0.11753866759129838,0.15353066355685807,0.10863490809478606,0.09031138089880925
0.18154623689530203,0.032469336264586535,0.024671150533749735,0.19839291245361723,0.18617479082414087,0.17637738167232128,0.0763823142001023,0.06270704716011735,0.04046499273069594,0.020813837265366758
0.09090711561355827,0.06376588872630563,0.0608909765130329,0.02470433705423172,0.1794733018752624,0.03857766608960452,0.10918656373161907,0.09778281851688599,0.17660174245791463,0.15810958942158482
0.015649506737331724,0.19567614360799007,0.047313933183998215,0.0968216297416848,0.14799930847351253,0.023446870489780183,0.19850677807745323,0.06863573555402762,0.06001051219912766,0.14593958193509404
0.211498555644786,0.0058598763484789,0.18175879735718448,0.05385120682676355,0.0850508113214309,0.0053343159488839975,0.12403545749899765,0.04228706423480581,0.05705877195097399,0.23326514286769456
0.017592447030482725,0.08661546425546157,0.004101413918807693,0.16173670812151128,0.199501437050801,0.05144560102315033,0.0029405096837837137,0.09293926408299466,0.2146131989153133,0.16851395591769366
0.08269954338312285,0.15915383439270903,0.010183866370752564,0.20842812054517462,0.14227225379881264,0.1669307429800795,0.06983446127524279,0.032192080954099894,0.02470625788082237,0.10359883841918376
0.04713341814296994,0.12240319597454263,0.1406804746568711,0.17025132636019508,0.029197725526906908,0.17405257887754305,0.016450605215204826,0.11646574331334657,0.018495663221020982,0.16486926871139884
0.042360663907094726,0.13214092919760084,0.13185925010821475,0.12194643118479566,0.11064628643581242,0.08289492186918464,0.06119141803134525,0.12172334111139045,0.17049762168699203,0.02473913646756904
0.07856736712357183,0.16347275789148696,0.154131703409995,0.12253558151709229,0.1251855040773405,0.18374449296574352,0.010988005290463789,0.007662988676655071,0.0669051460482334,0.08680645299941776
0.07105249029337614,0.13345274571767193,0.019110167249600518,0.06189323691172871,0.15504935610565337,0.11086086256047789,0.025961426032191405,0.1545450691546725,0.09388754033613428,0.17418710563849335
0.02636916397503923,0.03639015799368144,0.16367137336787926,0.07478663287377246,0.0008681374366344027,0.17160340487728423,0.2242389183151794,0.20444722222941367,0.07103158506762873,0.026593403863487255
0.2038650436146204,0.17795136212114382,0.006249374534864158,0.09930068506087505,0.0856697505393423,0.046348631059462,0.1116997064823316,0.145080499934595,0.021999088855804226,0.10183585779696139
0.06555526423518787,0.14490771316275908,0.02085874175821886,0.19918469947392622,0.2012053372195011,0.19215471171938736,0.012532231819533928,0.010184297965057609,0.13663946749502656,0.01677753515140159
0.030707380785044713,0.008348622250531033,0.07148555881824879,0.13377601567895905,0.06366555057026298,0.10351348138227771,0.15580637472212,0.10180590504025777,0.17134948705953273,0.15954162369276523
0.08398440099801834,0.13457610861294844,0.045131444770967186,0.06987833910355096,0.15784744258790948,0.09321013410025468,0.13822990548572597,0.12347943937431802,0.018325156289417777,0.13533762867688906
0.14197354416597036,0.07342341627893308,0.10733225561675097,0.13641440697541815,0.12021497813438135,0.05721062629410559,0.15255829619590902,0.010613858088817112,0.06341320667031163,0.13684541157940278
0.09909406844706169,0.051050139351705416,0.22532843402564295,0.1285913077002335,0.0016485201485962311,0.03389085346061327,0.15074857465085506,0.16851997083727616,0.12049617314553533,0.020631958232480516
0.026668192977229575,0.16913950503754951,0.1878465113640764,0.07745734800035409,0.17053189359203594,0.058768780264875746,0.134116939010009,0.06575079661025295,0.0787833207029597,0.03093671244065686
0.16317525869525798,0.01743514118654688,0.1319312418686287,0.012183212354745699,0.19002288044714585,0.03892966929469356,0.04577247739458549,0.15083499505538536,0.021530693556208964,0.22818443014680148
0.010920573974278609,0.13970187855399402,0.06218448953847885,0.10021433033426144,0.02737636982271454,0.08542973030965227,0.18421714112633614,0.0997990171621029,0.13794081384806997,0.1522156553301113
0.10944314560115054,0.07421818750378356,0.1351346497535083,0.06353036790029597,0.1709945690818874,0.13394096343461784,0.10732297220694048,0.05756886522279205,0.0760246367736696,0.07182164252135416
0.15728490769538167,0.014861893525228504,0.06154994735494643,0.036497931159356,0.11204659318475917,0.12920105921099231,0.06739235971517954,0.12483408134394171,0.15069852966912667,0.1456326971410881
0.14510372937840124,0.10593552764152009,0.14124199711300361,0.10405008226016313,0.12364840032382111,0.14151418520867212,0.003278299052689368,0.09113152534096407,0.12402701875519329,0.020069234925571864
0.12691714994938647,0.08746901966272283,0.039796393397606586,0.05232171882456036,0.17883490268287475,0.13505425159461862,0.07012328392608548,0.15616547206654038,0.017792135266595368,0.13552567262900925
0.10092234816279043,0.06500313218802702,0.01817184749219049,0.12124375624477012,0.05311912921943123,0.0625135353292271,0.15237605268384047,0.09232751654586795,0.17797916740167177,0.1563435147321834
0.16154739867473092,0.0810148615384035,0.16578678595711338,0.0643144429562461,0.10197673449693279,0.03304690467237238,0.09228168822362853,0.14743705173999028,0.01203403530889773,0.14056009643168452
0.04700152642588422,0.044835496986847405,0.1856731052806089,0.12253741194017459,0.0342882981700258,0.18266384835553254,0.0907040112594106,0.03340255983496808,0.11233076078924624,0.14656298095730172
0.03334296532108874,0.1752584256352878,0.06104695706811744,0.1609924620405618,0.1752701566307499,0.14217957688459093,0.027384677763018325,0.05774962844057277,0.008398215149918283,0.15837693506609404
0.04160147280959959,0.20151607059312207,0.16987989249851781,0.09903118408533382,0.10492294678760704,0.034636981816260355,0.01556076166569667,0.02105985907271579,0.19965499855320235,0.11213583211794459
0.12752994360856343,0.034533902364158445,0.0022841948279804986,0.11195279995791903,0.03187777270618277,0.16165512518515043,0.1576128263152602,0.1447022679646942,0.04553908699005864,0.18231208008003222
0.06149717366588026,0.03382980397388517,0.0814907342093769,0.03699189166257003,0.21486514639772272,0.23389450293384326,0.13510828293992677,0.13937153540149758,0.026227142015212715,0.03672378680008469
0.2004253302167924,0.12863525024383934,0.040891566849127106,0.1469965124835377,0.046380199833250244,0.17407319529420087,0.010754757824286516,0.06681901084592966,0.07046266392142471,0.11456151248761136
0.14882413566146907,0.14624621958104406,0.05667360755621611,0.04358987681581211,0.06995725620173791,0.00849403794253381,0.08965717875272447,0.14812423033049973,0.14004594049870123,0.14838751665926153
0.09492911711668059,0.17166410260241904,0.16290122182761277,0.09328255519795899,0.08748250472142295,0.1528118401480338,0.009873588306601584,0.06000481762006499,0.02192172086576454,0.14512853159344077
0.11381615171205829,0.0981690374110485,0.1362494616901556,0.03635320554428674,0.12641093434086478,0.1383714609980267,0.05248111870983981,0.131601179192637,0.07486390641643699,0.09168354398464565
0.03593925488944401,0.14896329343060483,0.042976864463427626,0.08205294343315538,0.21019036838768576,0.11769211867421618,0.1080296129992057,0.0330836908163806,0.16283952005690375,0.058232332848976213
