i = 0,i = 1,i = 2,i = 3,i = 4,i = 5,i = 6,i = 7,i = 8,i = 9
0.034963209135581624,0.07579006294765882,0.1826886138407926,0.168629882884206,0.12944328888228476,0.1906120462903381,0.027046352253579504,0.11806555274170354,0.03686178617501404,0.03589920484884127
0.053670737310428686,0.09577090610466009,0.03629755308558423,0.18096275129214334,0.13071245012562616,0.1217197458905865,0.08610897085171323,0.05173942574409161,0.08585534835005999,0.15716211124510626
0.052365091781342944,0.0812273325649232,0.13659660266201928,0.04130047139709947,0.09024547422274656,0.1381088348823452,0.1676968548440116,0.08754177904291445,0.042954808561347806,0.16196275004124955
0.08615080352599003,0.03774492529185217,0.2000295432778091,0.017237068382054816,0.0020800499646886016,0.17580057249766218,0.20010406057567043,0.06537011533096942,0.10396213617922224,0.11152072497408116
0.15785779213949036,0.15567892688811277,0.03733793323317283,0.055713023121449726,0.13368807714758113,0.06082571246115996,0.08881614268474704,0.12935520150723895,0.03179960473695641,0.14892758608009082
0.13642341176568806,0.11556881602015243,0.013099389055148764,0.14046953666900447,0.06780834347017088,0.12020732560696169,0.14206964543903675,0.10445108964314218,0.121557942594304,0.03834449973639078
0.01765086602556711,0.0727887653972393,0.0924143328436792,0.1455213371340019,0.15108037761494553,0.080209193430566,0.019709885876307363,0.07360599136990692,0.16977913692121022,0.1772401133865765
0.15768642489907106,0.05349654166000872,0.15249762819731644,0.08326337572724293,0.145528305528606,0.04962108721841531,0.17190547694923902,0.03080754127590562,0.07076838745587051,0.08442523108832449
0.17739673580339904,0.025038828360666534,0.13305207284199785,0.11446356668429354,0.12215290751627418,0.14236427490223047,0.031794068384090005,0.07238814770036417,0.04918428860302474,0.13216510920365937
0.10941210390169759,0.13693453177959888,0.0678180710068132,0.04169625453179072,0.09780917779738167,0.11645416045886905,0.12526731787680728,0.1457194325088538,0.09432566976075751,0.06456328037743017
0.042163634296421705,0.13171982335368898,0.14670778109642565,0.04258212478505917,0.17172726018072304,0.09162868066936569,0.030457692987284773,0.12229242204955651,0.12695241284809022,0.09376816773338432
0.01733965975169818,0.14348716216999804,0.0621123617003102,0.03282030573822429,0.006176915695913045,0.12564215578962679,0.13176171682651824,0.12387063272339191,0.17163678417487419,0.18515230542944505
0.06630842969692016,0.12107236822189837,0.09095048187542004,0.06433996833103876,0.14483962060038297,0.08830128270057842,0.1611780388044662,0.023215719116683502,0.05564382517276605,0.18415026547984548
0.19423516316604908,0.022767029520723132,0.03527601528198294,0.105793004032237,0.17024954657662597,0.011205586318776346,0.040677931257244664,0.12307000629309432,0.16317276374523226,0.13355295380803436
0.08918109374841905,0.12501676172107853,0.16572560799173652,0.11457958192226601,0.06284216694855031,0.034429590285544286,0.13670270000726573,0.0465450970204898,0.0924632171025711,0.13251418325207873
0.06360143863277966,0.02965930149525344,0.1875862960083735,0.12425995287851946,0.023535033315608706,0.045350268535924415,0.1559685687301234,0.15528523024297453,0.16306318255385957,0.051690727606583324
0.18506482142326425,0.012499165917475758,0.11384216560304387,0.06379167214434317,0.19604001102961685,0.06932914643418009,0.0986181033464081,0.015621377288624182,0.22087980398734106,0.024313732825702514
0.12740809353816002,0.1471945118524622,0.10853212683647345,0.07669705858480247,0.02545119391147807,0.08621800698774318,0.0638448291502753,0.1545122168119982,0.04678487717228106,0.16335708515432606
0.030599902484223847,0.02776633617341326,0.17357780925880462,0.1895004285588794,0.0984544155256256,0.03235628450348709,0.096000607446237,0.06346879990027154,0.10756185015582251,0.1807135659932351
0.05295560975075856,0.09196680965672202,0.12979822312954742,0.0788425813635183,0.1212112354670579,0.09683292746265373,0.03597109681423292,0.13453716258570322,0.12548541409249,0.13239893967731606
0.02787819196881824,0.12417999241938142,0.028138482649268867,0.008206784128375512,0.0061014268718670205,0.19624259006294437,0.13962525373825135,0.2258953618056523,0.03379598216288608,0.2099359341925547
0.02875790679591205,0.010332694032658017,0.17230010317265199,0.00348765281284311,0.030280864474633382,0.11755172020534276,0.16278257501201335,0.09052919006443504,0.17267289176967143,0.2113044016598389
0.10348548969738365,0.06862157352789507,0.19939159959337938,0.01270831684992458,0.025132349555537087,0.0815664643395182,0.08596065822496883,0.1871387859783332,0.17982129864081953,0.05617346359224051
0.05173395861036258,0.024505490363300887,0.17860266284130413,0.12542270916674667,0.05499747207636968,0.1322897743401,0.08814290144751004,0.13360750477149766,0.1250696573636641,0.0856278690191441
0.05617418321956949,0.11625492137026601,0.09363825366560365,0.10113827841715535,0.04202225797305444,0.13006317026608766,0.12148693461431469,0.1386498733669793,0.1059464721781821,0.09462565492878754
0.009857869166942982,0.05505973826188218,0.14261835731065256,0.13140582529017217,0.14643337863457193,0.08004804086769086,0.06333505685459313,0.12387633865025605,0.14077240610632635,0.10659298885691176
0.09352306605399559,0.1118209353472276,0.061964172940596016,0.07917081979000151,0.15381878788009268,0.08020962836348747,0.12239141423445847,0.1086019157578294,0.07369134284486624,0.11480791678744492
0.08859113782886507,0.15578919763468888,0.2600666669374349,0.002490908039290045,0.14475379346303696,0.011548088291682192,0.05318830090326987,0.03085220733708861,0.01864838345206097,0.23407131611258247
0.1351271618757764,0.16582343887380932,0.09504418315404183,0.1534702635037147,0.04603439059619976,0.02454495344966115,0.20122544723496857,0.07236793479834709,0.04304438690328623,0.063317839610195
0.014169268235557161,0.09900222278922577,0.1490814779489043,0.1338365774329515,0.07646521599748415,0.1578767878029109,0.08924358667145392,0.08245334393183545,0.0567507120260661,0.14112080716361078
0.13398116213066477,0.11388295885792592,0.022742489094137733,0.06841245091375767,0.1273966904995808,0.12463073766817899,0.04783631832952359,0.16832431302542084,0.15729019652721266,0.03550268295359715
0.13429533215571213,0.17186707969154835,0.11015207323575106,0.1838926188158164,0.10627736652393745,0.11338732827166274,0.0346439762357008,0.051038179726560814,0.09241455865137896,0.002031486691931335
0.05034846130266956,0.16338534270829003,0.06825343004385986,0.03782943227093906,0.2037801792435793,0.07949011987251244,0.08472140141458463,0.1333226436186056,0.14061772541680465,0.03825126410815472
0.21149392648646434,0.07286367485318365,0.1418322930956532,0.04534668088122504,0.1482355051958594,0.20884707099124425,0.01337391759478836,0.034348512203093734,0.0022737169661722835,0.12138470173231579
0.022864198554029932,0.07618606236399106,0.050249955104131126,0.08496350160037851,0.08207434598307155,0.05549330985102953,0.170709513664961,0.17306115336563876,0.05190106078327284,0.23249689872949572
0.02884062243191994,0.13862293919624424,0.1495770088947333,0.15462742314534675,0.09089103032225652,0.04383691366239905,0.09790695040490537,0.015279545542876815,0.07269683886725598,0.207720727532062
0.00352279552563099,0.13475888626938168,0.044111973232137176,0.14953967674391716,0.0229162864925197,0.07924476381144804,0.1207417849417203,0.19748831447957033,0.09508114166240249,0.15259437684127214
0.17021010127124533,0.13481532802805402,0.0901490802687979,0.1670133710852483,0.08843969863539222,0.0048093854677898175,0.08168078504335057,0.17240027025363042,0.080110152345777,0.01037182760071447
0.16135361346973445,0.07673921191887406,0.019087615607784093,0.08450623838905628,0.049791728265859064,0.011065601813564696,0.1722192702384963,0.1359025909870111,0.10567121642515802,0.1836629128844619
0.11158731086312483,0.07507911349897939,0.20809474091427102,0.004700478075276016,0.0458905612744655,0.0834061484115694,0.07686076728823289,0.21087504294324197,0.011262546500668762,0.1722432902301701
0.03633730783395972,0.17018039337317334,0.20480602928188438,0.03890893047445173,0.038648515532515096,0.11647616254919771,0.011171628825775095,0.121855622734558,0.19777658594602857,0.06383882344845636
0.011905892672548074,0.03664125767364461,0.15921547385162416,0.13866732131829226,0.112176878349098,0.16369463400596704,0.15678294332999862,0.025169848813763274,0.10075147594562377,0.09499427403944027
0.1518909930088212,0.022088756686561423,0.10257396749902592,0.14192396173502375,0.09994906889544612,0.07760859626162682,0.13348886965113718,0.17323213501197293,0.04972633428661919,0.047517316963765495
0.14554050588318945,0.0021953745146451563,0.0032054001598079626,0.023832545535629034,0.2173020664263065,0.11083452170503748,0.088775622050039,0.19595261699959976,0.17112750094182377,0.04123384578392189
0.1409202350934472,0.15359370292092203,0.1289731012542536,0.02483518786451439,0.09217917090858307,0.15262598405596578,0.04276649072013562,0.0004017057408227186,0.14303299540048545,0.12067142604087008
0.1287466239100423,0.21754849585856856,0.05054369575608317,0.11675048446894042,0.09257451176595148,0.00018563520236152496,0.19736819984459814,0.02410208238090748,0.019562346931849776,0.15261792388069723
0.11744685176199327,0.035905206903708735,0.12271798045015903,0.010578432883498957,0.14103501089257334,0.1146583135481284,0.07611590019256467,0.1370402442485819,0.09718621037959885,0.14731584873919287
0.13487317832801252,0.031248448639235437,0.0018774390075611234,0.09050381112064615,0.13507539282786274,0.18436627262710664,0.15889299640370846,0.1143224035398519,0.09123872086851718,0.057601336637497905
0.13908102920992504,0.14487317024797686,0.0592988455870172,0.049351404887450726,0.04331861826438775,0.12212957368692397,0.07280506837783347,0.161393868189921,0.09709531474013773,0.11065310680842615
0.10472804109534165,0.10670202855670735,0.0010163479753658793,0.17282780316722604,0.04568633700832277,0.08019525665866822,0.1869121376826091,0.08789338135591189,0.015419619487065536,0.19861904701278155
0.18252449341447605,0.09363670642190666,0.10782577584558772,0.07937465341024463,0.10035453578497948,0.04920435576951149,0.06186206858794236,0.10889398817209715,0.18806741471843672,0.028256007874817687
0.018670694755717993,0.08838284641635047,0.054814255440295286,0.08563094443911855,0.0490534619409617,0.17802131844491673,0.07518307446491186,0.08601127265083224,0.1857225625009502,0.17850956894594497
0.12827699515311244,0.17175606425385517,0.03673177174439228,0.16799268005343543,0.003924717148894318,0.13270010753395747,0.083356541121866,0.1959575396977132,0.07748317472798397,0.0018204085647896436
0.11912525820802751,0.014600895432778033,0.06710306300544543,0.14000557715032674,0.21473412401350106,0.03265777606253068,0.17865544149890872,0.007082655244764716,0.16324725584611394,0.06278795353760327
0.06063454931069804,0.1729072666186192,0.1417319010381035,0.15071724584049428,0.11860780463016497,0.12882881001207416,0.04964163563157914,0.06610596183760531,0.053461172905611885,0.05736365217504944
0.16389573767767884,0.1146452233266595,0.010676663542293349,0.12516965863834686,0.0870214317839466,0.13706445832671954,0.1455479260306231,0.0722665763881918,0.023939731663479236,0.11977259262206123
0.12558708187069456,0.07089533267243658,0.10758818119463721,0.10233229433202155,0.007185115033097033,0.1957395242573327,0.019628335720980706,0.21310887665988681,0.0914532206099473,0.06648203764896549
0.13121939073145059,0.02154790868983866,0.10158957110278201,0.07341839762521125,0.06763353003134553,0.08735507595012752,0.15522693874421714,0.032903138932944366,0.09173894837653133,0.2373670998155516
0.1041821602716106,0.007932315237716826,0.056993435089051525,0.01689993951734473,0.2018469773917829,0.22610250114501246,0.09320630242294206,0.1714383070522628,0.06438528638956158,0.057012775482714495
0.07308916844216863,0.06213574176425884,0.15381699705843183,0.20371111858564694,0.13987606625581414,0.009298778667176742,0.14296150798195548,0.051680029955835816,0.033666404716869956,0.1297641865718417
0.06341435565159236,0.10449960584190063,0.0555377239806217,0.1820841390918155,0.1337361446702051,0.1402459586820241,0.1264608529882291,0.10631569504705127,0.08718554176645547,0.0005199822801047873
0.07039737475493908,0.03318259174559276,0.18406056406981414,0.18641878210763085,0.14368136054871922,0.09634050894482596,0.1267005081901707,0.013090119763807202,0.12478042470961141,0.021347765164888757
0.02313225920187423,0.13971557532818152,0.15371416954913672,0.17267602354877193,0.08475900371870189,0.004595169113670754,0.07062050407222437,0.0499246433200147,0.139775691460539,0.16108696068688486
0.09728482717887878,0.22775517890307043,0.026010322551550676,0.012675119514319724,0.04240876536020803,0.0899380343859388,0.2307610911865737,0.0031999877237043734,0.05902321925104302,0.2109434539447126
0.10494079638762238,0.06347958849726,0.05392130889341409,0.03685934251928683,0.12883034476599844,0.16751225631100553,0.16991300216424457,0.08691576708795004,0.16416527988521126,0.02346231348800668
0.10264368094502613,0.043397701700473926,0.10153593253655661,0.09409893506078659,0.0993776164399932,0.11076141187893407,0.13185354966519608,0.10561661390276722,0.13115597846289495,0.07955857940737111
0.11493514081219577,0.12708129241364863,0.15356347987122893,0.12694125439264628,0.04641822591440738,0.012605733575343135,0.08872337587037145,0.1460026667778567,0.14423839893611667,0.03949043143618509
0.12639275718569448,0.0710552960712224,0.05291674042103439,0.07874226081389973,0.08204939187433889,0.1365151421692803,0.137781385370824,0.14366975657516493,0.06703324357120678,0.10384402594733415
0.09832512311462455,0.017235543804350176,0.1551650212143301,0.08556591305292534,0.11295650921892816,0.10941438601442523,0.061623571724849356,0.1399477520683163,0.12577574054562485,0.09399043924162588
0.09633761800139143,0.040498245234038756,0.16989413217785204,0.08203870463340102,0.06585934989849401,0.06580292044047997,0.034447794648056876,0.1553347215535517,0.13686841219011386,0.15291810122262034
0.10936294080628049,0.14733455228192482,0.11888441941410838,0.11093524154564491,0.03161103954784448,0.15294053208403444,0.13275622480309868,0.0068361206384780476,0.041508683768299824,0.14783024511028597
0.1567311676759026,0.01668369240388347,0.0850981995528309,0.12889802765781733,0.030761245702081056,0.006226450000033718,0.1552931775365375,0.12249474586232557,0.1358340732107198,0.1619792203978681
0.03550520532822364,0.005175368342377657,0.1983621159572977,0.0595867001724332,0.002383782190810493,0.16024512705741226,0.21401542867477957,0.044521078244725495,0.15896725506952195,0.12123793896241802
0.13947217701811512,0.18024485732477988,0.14921934705812384,0.08270079443677204,0.05265438879066527,0.009901508431294313,0.0704929535749955,0.12168193905780574,0.0543055316608206,0.13932650264662766
0.06727396160820939,0.17233196026701017,0.00537567396209583,0.01836369681893522,0.10718525152416253,0.16555792913216247,0.1700749554433088,0.004484520673536903,0.13156759386472525,0.15778445670585353
0.12528104884827498,0.10221613978589353,0.1848776098515797,0.006226972444491255,0.12710728896781667,0.11939876304772583,0.1692110353154609,0.028051905673588732,0.04790443847542189,0.08972479758974625
0.1195832610417861,0.18198244713310463,0.1107115501857417,0.1682732472539609,0.07543371783158007,0.03748947861829713,0.013290997879991122,0.08428475035013921,0.13126496502299678,0.0776855846824024
0.13207343471772023,0.08257816480319707,0.09281068294221259,0.07418428180348799,0.1839511352890116,0.14056482673038764,0.09299220886336225,0.005974115235995888,0.17565265199582467,0.01921849761879986
0.14517521872334513,0.0861277804363471,0.11591790858857605,0.03196577607973861,0.07313613397999966,0.10739378279006845,0.11936263666732663,0.09942416166720004,0.1107051333443613,0.11079146772303701
0.142662288267938,0.18542576725194218,0.0243666062720102,0.10665433472902801,0.12816546060179518,0.07018347281097087,0.09088450409831036,0.028878093250843555,0.013763421059258473,0.20901605165790327
0.08779635487457033,0.19577156352292746,0.19308104525003283,0.16785401147872825,0.09360510630734484,0.045516067062588664,0.10040993941818496,0.09783760794708425,0.013460883984917857,0.004667420153620371
0.026948633326999417,0.03699749587025249,0.22747076296517288,0.09683073544980474,0.13236875176994387,0.16954777667452023,0.14868406736786194,0.09213143858613995,0.06040978532499538,0.008610552664308968
0.11425830985740346,0.10424047721633897,0.024145177247919473,0.0670124583914536,0.13179186782468755,0.10645715982336172,0.13328630225589191,0.1330371081043305,0.07596911669670682,0.10980202258190594
0.07258357807232549,0.10775804881295749,0.0974793922818636,0.11782400259807649,0.138309125055004,0.1324140159909385,0.05588351775160412,0.14302701814090854,0.09114387342459528,0.04357742787172647
0.14154960425314098,0.03145290466307713,0.06860593222622474,0.16234257183632608,0.15352594243931678,0.0631680179450842,0.030998919821003383,0.1582008993663883,0.07151721481359435,0.1186379926358442
0.022811228850609946,0.2550979525043069,0.009511516469161789,0.22397839018010238,0.07552427298133553,0.004273028611532937,0.13352492605282124,0.1306234179035345,0.03730698213474616,0.10734828431184866
0.15796951499514317,0.08634735147356566,0.1690122970172316,0.09797570361103149,0.0619499659532513,0.16792005266726623,0.002628433779220334,0.1106274463385818,0.04961983536055617,0.09594939880415224
0.16717593796839866,0.04349877348490744,0.005054456010154521,0.12193498371632731,0.09345707821902474,0.050767516123729504,0.1846000817648466,0.1530402351942626,0.1656186355503488,0.014852301967999632
0.10344121350841147,0.11833668465182336,0.1430511754458384,0.08517805688609398,0.06973899337595932,0.08138820765442566,0.14352335813313974,0.06562843730378806,0.14613978681878606,0.04357408622173407
0.1426708888925771,0.09686686133643939,0.048605263433867445,0.09476060301686774,0.06422467552677644,0.13252654029568375,0.06840635690280036,0.07765417223247742,0.09538078825278935,0.17890385010972107
0.024573823649138467,0.0804697988785003,0.05655425125302912,0.167654110017121,0.12202017444164866,0.1877787285942259,0.05332576446302814,0.05828110822152722,0.1486746063313288,0.10066763415045224
0.12988730170386814,0.10604932264230606,0.049436539460776086,0.11280902264695594,0.13780651673261363,0.07890617474991697,0.040184605060235676,0.12227383395955274,0.08011408431295847,0.14253259873081633
0.14663653657038053,0.12018250748146402,0.09589874456176814,0.08602892117500734,0.14387756319852926,0.043309985863040336,0.12345320932750292,0.06386281665579109,0.12181556900367861,0.054934146162837746
0.1522318672320965,0.16683348510411933,0.15883530816870078,0.0006788122676719874,0.14651707277919782,0.1275281428356829,0.03596336245320617,0.05145552458442562,0.019176988534421492,0.14077943604047738
0.08846846272990601,0.2087992304262874,0.13069882233505822,0.13689136144858768,0.1203811011255477,0.07113421945251795,0.19981455751010344,0.010820725844542368,0.008795752133679701,0.02419576699376962
0.14981776778420744,0.032081872981413774,0.18906613204705008,0.03375444143073903,0.15907216354663042,0.10349080744740302,0.020709438519131172,0.10643003161138635,0.03754551893384607,0.16803182569819242
0.09559309810610642,0.16933447004749863,0.08999964824168616,0.17431589179640122,0.12686943130845646,0.023270441339565413,0.18934306241995777,0.0378016738856047,0.0699412761911308,0.023531006663592494
0.18941624927546866,0.1136599010937175,0.043616052903147524,0.1226592184645574,0.05866590437697271,0.1729764715052844,0.07794367516788574,0.05807811261092316,0.061119013185580155,0.1018654014164629
0.15145252318585178,0.060665131860421086,0.04394310800169109,0.15197518533788498,0.027582679111393994,0.15319438435560834,0.1615484587879198,0.08531229929362426,0.14887785037898138,0.015448379686623239
0.09817710488838594,0.04027671501653994,0.09709172515757505,0.14845922424674873,0.10028854614638655,0.008755561371234698,0.15021720642449796,0.06880862162351305,0.1558001499704879,0.1321251451546301
0.1472282756427906,0.06720319186960073,0.15076200391067163,0.09652852266800654,0.07297456072126299,0.03770610598475618,0.10325353484944429,0.11922139629092475,0.12249224699489707,0.08263016106764515
0.00882890070978059,0.11516733680156348,0.17522592726862088,0.02771085361576598,0.15151455307518866,0.17899440794459648,0.01726770027529094,0.12092286666012404,0.10405621228739752,0.10031124136167165
0.10521572901793876,0.11512247496516917,0.12060916827782209,0.1625805715760829,0.052674933405316336,0.13937836761006564,0.03275843718231541,0.1360595737647485,0.07205206177799633,0.06354868242254473
0.024477182553365978,0.2126172932377536,0.06394354229882104,0.04211450885258839,0.12450747716112862,0.11631472444656311,0.0318180166647809,0.23209637756097612,0.09835161340494843,0.05375926381907392
0.16778223117338284,0.08035836105146155,0.131425805777694,0.08513455242809122,0.008797218251136616,0.043752089668394674,0.09511588235963242,0.14837216796916572,0.16717374257495937,0.07208794874608153
0.15732599230818214,0.0030301491714102417,0.07879239456104704,0.1400418133084849,0.07981905897793354,0.011800078367064168,0.15654989878030043,0.14855742907346542,0.1343765265912111,0.08970665886090122
0.17414143897597492,0.12189341815702122,0.02059907963092757,0.020715248059292323,0.08882103652211121,0.06968899223283088,0.06934846307167002,0.08672956728103087,0.1835957721209512,0.16446698394818973
0.08818493022881924,0.06800277117665816,0.05444857152109332,0.15283653921811524,0.11260248017755058,0.175951813553951,0.12682754316940192,0.1643248639458183,0.02059427146448984,0.03622621554410236
0.00852104892279328,0.04953112404356187,0.19496602401417804,0.09213264092505338,0.08187885791719841,0.081772877942938,0.1284320017176933,0.06675980007509931,0.10239731427502627,0.19360831016645802
0.14048779234622788,0.03546028367761207,0.08195226779185687,0.0808340014803049,0.14679743846578688,0.1556917631015606,0.15380572980923665,0.03531708032627052,0.060306715059436106,0.10934692794170739
0.10569553685326981,0.10476983323655369,0.13627512567032485,0.21654451852924364,0.028845440560867908,0.09998913383442885,0.0476937036580495,0.0884213053605499,0.15307290817555508,0.018692494121156915
0.12500247206842283,0.06283512484942773,0.16401774473167344,0.08553781038061012,0.06302737505215748,0.03209042773173607,0.14025800992396806,0.025256968975924332,0.16075491396236322,0.14121915232371665
0.021261162544635594,0.12067017185731017,0.007902781209586918,0.1146530295458594,0.014453147342331732,0.060687473177463425,0.10553479681129894,0.20989775098433452,0.13717282631525127,0.20776686021192783
0.12384694269939148,0.019261634243761656,0.18267009503648662,0.051979543553576826,0.0021530149645188606,0.1951604030190031,0.11337513688822393,0.07532645631177852,0.1521352785731178,0.08409149471014117
0.07871979441880389,0.12798204800863752,0.052076971164954,0.12225722490530518,0.0063957034786777,0.07055960087271788,0.17230989587655024,0.0988186254284264,0.09603768839734605,0.17484244744858105
0.04509967257081969,0.06967728378200129,0.0963158836492487,0.06287745140497869,0.12045359284570939,0.09658967123472124,0.12009608223180947,0.20315734205679692,0.047759669989971665,0.13797335023394294
0.2217115099209544,0.135152798000708,0.030438068566285392,0.14134937910015719,0.14110170618705298,0.09457067635354781,0.051230235289659906,0.05351197801505791,0.10327802099374844,0.027655627572827995
0.1841513995550378,0.1967003861088666,0.23437271192295617,0.032736731851341,0.07243030600432974,0.03278083782643282,0.040127455986177764,0.13016608100478358,0.04793974924328631,0.028594340496788394
0.0389079860935986,0.1259918684830641,0.09787160158044211,0.032275674350666084,0.10412292121423805,0.1576632099924873,0.05631148612117322,0.06883699552695662,0.16265452898022364,0.15536372765715017
0.07981492819674699,0.11694147622664311,0.09879315088461603,0.14220646731680547,0.13061862317814385,0.1470145542462617,0.006862313428105249,0.0011967561748196561,0.13094258340852932,0.14560914693932858
0.09142622121843776,0.13574089022262356,0.030751832235352647,0.08903354999962125,0.1115268417926946,0.1430013977511326,0.09554639774859885,0.139603060561019,0.029293929651288655,0.13407587881923108
0.16642478247299541,0.09054830650234617,0.06945457408598017,0.11282718871076171,0.10182894109613816,0.17144209980657069,0.050407908579210355,0.08783410664528822,0.0874844693484814,0.06174762275222772
0.14716897963903083,0.025202272016683794,0.050887173673817336,0.1257036136074929,0.07957207601929156,0.11980376410750708,0.09218326553746325,0.1437388969901739,0.1462797393272203,0.06946021908131896
0.08329252832918188,0.1932888441358586,0.03539906611712008,1.816644332557433e-05,0.19824674953338398,0.02388600940390083,0.14538184360764217,0.0789646859133312,0.009089803977378528,0.23243230253887714
0.12226831403470448,0.12274724231952307,0.08265089901036747,0.10500274709792083,0.0893388462963946,0.13024167047510923,0.11518154005076299,0.0005026638796989884,0.1418143568947029,0.09025171994081531
0.2171425194605388,0.029327334235459215,0.02536850894647194,0.14999082724188004,0.14773630677362212,0.13492670782258007,0.03578706360995516,0.0650058537409316,0.16937807854336384,0.025336799625197335
0.0007252572509295129,0.03721599984696408,0.06826473523464213,0.163810678017764,0.012001809329502199,0.19429393303642653,0.12018516350022873,0.15636326599196826,0.05580231627696338,0.1913368415146114
0.044997059264972154,0.1502104358309455,0.04240134859525762,0.1653172183501062,0.048688995055311574,0.19337853646966788,0.01722185597438897,0.032577137176112894,0.1165103528746486,0.1886970604085885
0.25854722652526285,0.026591594361869055,0.07878936465242968,0.247338920321957,0.015485992444221506,0.14909303933874476,0.17216315874000193,0.0009877326281720938,0.007487184711569622,0.043515786275771476
0.07895825511206925,0.17603594150300858,0.21239061864003864,0.13235106112515235,0.018862516644658347,0.0419677705911908,0.001664587178902481,0.02452805226290823,0.11622688548138248,0.19701431146068898
0.13282311477903883,0.16809876023638695,0.17137740886287026,0.03336799415298734,0.10718286779157726,0.06649532736246164,0.0046899693573723205,0.1718389745675738,0.0885386691839006,0.055586913705831124
0.1542610326210114,0.009062364249164635,0.10670975506333859,0.12914392478714443,0.08013949452535515,0.024655405445102193,0.19779890427000926,0.04139564777472824,0.04640552794958193,0.21042794331456416
0.11119666568950691,0.059939877665597344,0.2172021852920182,0.08273712379789751,0.09053546193461552,0.14853603829538287,0.17057106117851703,0.02676067344146277,0.03720320090161788,0.055317711803384045
0.03116501868958051,0.061521248485689906,0.18734579156979686,0.03725608838805572,0.16687428264563078,0.06331849590665226,0.06354711961072107,0.19403831835523064,0.18540943545442398,0.009524200894218291
0.07396969110098255,0.16135106057255147,0.05504065429745794,0.16988833662353603,0.06190687385270931,0.11381822787730872,0.04266502468391984,0.11210996442919954,0.10008495363444024,0.10916521292789452
0.16191483598053094,0.0450610606643605,0.09684605796852386,0.02874706158381111,0.1418188609771018,0.11275324642865159,0.05271320789687901,0.13508329187823462,0.12829677113600252,0.09676560548590395
0.02247359282836219,0.07181216240967055,0.01367019483114548,0.03615716910071013,0.09616729166927371,0.2146730386853989,0.1553785856273851,0.1982413697591659,0.1742740863016249,0.01715250878726333
0.01999386257280375,0.05233925902524403,0.15386407346583678,0.15123478169398608,0.0512076658537411,0.07682374702011047,0.09442634786100208,0.16085465594762388,0.08492447274650013,0.1543311338131516
0.034105577048793245,0.006430834714357739,0.13184263696324144,0.15049565048830318,0.04527595608685776,0.0798423305663916,0.040745564927427966,0.06460896897331356,0.2380140205871757,0.20863845964413777
0.10602195069030369,0.05118391182791383,0.03548070367343092,0.058203203212390704,0.12127154581049333,0.06471085407441311,0.1702712374003128,0.14214298830571684,0.11230397371144941,0.1384096312935752
0.12569938264168887,0.1330595113666687,0.13486485787430658,0.11927709585194886,0.07948923214794151,0.07169929694912007,0.17535280526067978,0.05733029660541066,0.042945023801780766,0.06028249750045403
0.03307257581640701,0.18952782088814185,0.08533500654572451,0.13173914226420538,0.036240554858174394,0.013237529901304184,0.12361345904078487,0.024419261475011746,0.17240675983781673,0.19040788937242947
0.13927875197051073,0.04252695032370007,0.030883695869339377,0.20373493398178272,0.04198054238149426,0.013188862343957468,0.25422596138148823,0.061708797696758994,0.1145735568172503,0.09789794723371792
0.16374846373893123,0.23577267641768399,0.18351459019609373,0.05098852394366792,0.14476603619778236,0.02418235312349603,0.012507466471528336,0.05722619182819655,0.09658302699417894,0.03071067108844098
0.08586930801671522,0.12930929834327362,0.14513800306234576,0.10174215099517955,0.08641060432072081,0.08636958045770535,0.09366404646201197,0.07662718240333542,0.08881652465592285,0.10605330128278943
0.05232245031953928,0.0013954292454436336,0.0601463336003927,0.24567380754884738,0.03594176185969261,0.12824663372221906,0.041035653006441665,0.2205037001118467,0.010964949552871027,0.20376928103270597
0.005276232797046722,0.004724220237714902,0.14348903171865696,0.12145421439024125,0.16745965822984402,0.1370455757140147,0.0572981103105967,0.03948959705350317,0.17977193000825506,0.14399142954012673
0.03105264047340281,0.1139149898901001,0.03320585713848876,0.1368337688407548,0.07217595506470358,0.13176732642570566,0.08288291362574766,0.17731541606498596,0.1352166253598303,0.0856345071162803
0.19102803133828739,0.037233365089561474,0.08041193854903855,0.06630185918074687,0.0348133089051252,0.23966785115637182,0.048595475144792476,0.0006260647255387056,0.17370385309945433,0.12761825281108324
0.09692451185780149,0.05987599517536042,0.060521144900383815,0.18678486826988908,0.04893044935468662,0.12924905381710525,0.08030198707038189,0.10402408527001705,0.16548367274854459,0.0679042315358298
0.13677769614611193,0.03776550431551851,0.18589405402965664,0.09344616455244342,0.18032025069045565,0.03659351964661906,0.0834771531227136,0.07693777346827946,0.003244482255647751,0.16554340177255372
0.05990469079176401,0.11336693265120022,0.06522704451139709,0.15255460262808235,0.05104878096499338,0.16960412721644508,0.1837611839391512,0.08290020886462092,0.07018545866125199,0.051446969771093795
0.1078881110068944,0.14281887901314688,0.1915587233507695,0.05395580199470289,0.21399355414440138,0.049611787838335995,0.09546476934748857,0.06543352345860134,0.0032711914434920184,0.07600365840216693
0.13351112759860706,0.1457358303693545,0.01924359088974975,0.07589234910761034,0.018000984277612746,0.13961667176261483,0.05714809433085943,0.132367397972684,0.1534435366600261,0.12504041703088123
0.04884322314180608,0.012928652462724656,0.13545968204935271,0.17348739471626404,0.05830466693024524,0.06567441685661854,0.18005269752237546,0.21227176449249036,0.07279073080494837,0.04018677102317454
0.06722438529783963,0.1342704347302086,0.05221281886166996,0.07912850475770196,0.17217921186264445,0.028454829317915067,0.06455684541965717,0.14100028534435857,0.22526200401566848,0.035710680392336144
0.0777056045472428,0.11577454898778067,0.024765310383416887,0.16970893830059033,0.026382518667773386,0.11803478512466617,0.20179371994909232,0.1334616870961736,0.03333417150535101,0.09903871543791287
0.07384667130731905,0.035383910149654065,0.14404151538341609,0.13448458878802572,0.06233086134014327,0.09518459255605935,0.17333095282160568,0.014047962256325004,0.17499169076372437,0.09235725463372726
0.04570518176499827,0.18319124420086397,0.03464583211305852,0.1645204262462925,0.15103534657936404,0.10775895396770097,0.03615988243444874,0.0839327246363143,0.1740556931887332,0.018994714868225376
0.22547636383378394,0.018160817227193357,0.019679543382157775,0.2527232227304157,0.04083861782885997,0.1551830814514321,0.026549420330167627,0.06469534576763995,0.1266189165999936,0.07007467084835606
0.04219657721577864,0.1219206533706898,0.15335532466326554,0.10877987962051061,0.014324600037804981,0.09520493273075441,0.231653596044558,0.15454802592585593,0.04858923392059385,0.029427176470188273
0.056994018007639605,0.16593659791725213,0.17552394309516267,0.03824976370053065,0.049512071132206015,0.155333770547512,0.17763840116940402,0.15552593321648311,0.02287702817291434,0.002408473040895274
0.1655505151474532,0.10417714856310441,0.003173318666282061,0.18021716454137546,0.03002252991431716,0.1117477508992818,0.1863971644677033,0.021415802782299872,0.036305602951159054,0.16099300206702366
0.027086919108188022,0.13497908897008082,0.07099800989930724,0.027271651941572335,0.048722323760813466,0.10237919401255391,0.08288630411640734,0.256351527501737,0.0701965931384497,0.17912838755089014
0.18187927732031348,0.19827876516961818,0.06666895435127257,0.08105868012798562,0.05012706978336997,0.13250129158519694,0.05568030724293084,0.14418941243603756,0.07431044995915781,0.015305792024117023
0.16344261065041418,0.03379498711279901,0.013637539908188797,0.09551856163088601,0.11084245059712665,0.1275007338497151,0.05543746683498836,0.0295316565373869,0.18482072009172643,0.18547327278676864
0.09076456220989826,0.0066266412286494466,0.15162308669744995,0.05197447258224251,0.18754719399421982,0.16646687759486914,0.01750509591401717,0.19013460762093448,0.04908433622435803,0.08827312593336122
0.0686286265138276,0.0037776513568555485,0.04107600817888358,0.16683769775266924,0.06203297865397744,0.08104689889337323,0.18472247838125097,0.13988479776395388,0.15854548822438966,0.09344737428081897
0.0844456620216631,0.13815945206482524,0.1441037671800637,0.031218550227314658,0.15758267232485493,0.13913295841441434,0.13196545778289057,0.11201128836058759,0.033685870279524965,0.027694321343861
0.1779932453165195,0.12644664163325947,0.04305782445017646,0.13935427780320447,0.13993009894241457,0.08752223141740806,0.14159603433275536,0.027206759440561726,0.03841741507927266,0.07847547158442773
0.15819617195603936,0.04839464455744058,0.17593278070236124,0.009163434669990896,0.039784648932095754,0.0030719755809539397,0.07792057219349038,0.17783578652528448,0.16116699219439848,0.1485329926879449
0.08605654117309888,0.015235857689674726,0.0828173832647983,0.19188107969519347,0.07084334541630372,0.1665888915300564,0.18127180589143518,0.0960014725177032,0.05001922053075084,0.05928440229098526
0.07864330985904805,0.16298502759890585,0.035093970766218466,0.15816766542901411,0.07063754874212856,0.008431734649873911,0.1299217922805327,0.10615286327408598,0.1391696330510339,0.11079645434915845
0.14794252367014513,0.04220811227243283,0.11284276637144305,0.05185878797208804,0.10394060622322511,0.15029393496750199,0.08408877229781096,0.18650682219272333,0.0766458001196887,0.04367187391294083
0.1692314923451831,0.015105080230450513,0.18540664810892724,0.10962435484556886,0.13802838138204507,0.18266852301595862,0.057496019293134755,0.005345536000943332,0.10557628114527533,0.03151768363251328
0.057028041008608546,0.0707294505762255,0.12735629316802835,0.13581719905930814,0.14367539142702046,0.12735055467621426,0.1281080086947342,0.0457961653990547,0.03694726392269847,0.1271916320681073
0.0060872169234899125,0.06163538100278983,0.08407756304241973,0.05728528468665444,0.05975781979530622,0.14755084384877198,0.12277825289251829,0.14886765574269342,0.16897997387325805,0.14298000819209797
0.15564598980818473,0.023745410195253353,0.1656291292330532,0.07897052104019124,0.014865987505972919,0.0801089511188816,0.06744440171167719,0.16323375496831039,0.05782265810093682,0.1925331963175387
0.07426341847599457,0.0921970883732146,0.13978135175488493,0.024715247224080812,0.15110397589417865,0.13031972811521264,0.11008665603181592,0.09067574268659105,0.13183725894783388,0.055019532496192944
0.1732048983571103,0.1543832534960706,0.003290481010271056,0.10269601769014815,0.11467011173853145,0.08956411480383086,0.101776890121191,0.0758809085538954,0.05592610425299847,0.12860721997595287
0.17191682467138653,0.12162605677637035,0.057761443787860405,0.10336563205870497,0.029366828757048023,0.13703137666936377,0.00038185399406633254,0.11301662200243284,0.17706321205595,0.08847014922681679
0.14465614996738468,0.10039153697301159,0.060070732938082974,0.15153429967907672,0.09982437330666236,0.06508134077195667,0.155691568018875,0.10496241460981462,0.05974390481656487,0.05804367891857048
0.05554594610823707,0.10637778164097499,0.13743428136315278,0.11742815574144698,0.14574949411167845,0.016396462849576063,0.16492772429612665,0.12052139399115111,0.11421155812743883,0.021407201770217058
0.09349417140752997,0.09071385750060265,0.09812508156616138,0.07813062632486611,0.1494373192646945,0.10570687107571053,0.12871686604831747,0.13178430694641768,0.11199114273264046,0.011899757133059205
0.11412599023673753,0.08188854598923888,0.056280227553498624,0.007259473410049301,0.046530625644775336,0.22132181343161397,0.13935868494587775,0.1552289339366946,0.001989466508792945,0.1760162383427211
0.1283654901344023,0.12911391431274014,0.1393237318668342,0.07274705563207334,0.11721778682407183,0.034834897429180445,0.14354902028839084,0.10792157480751366,0.11763107555171255,0.009295453153080798
0.1015768733560363,0.0755308231561097,0.028058741719498403,0.10554867636697268,0.16254618159209605,0.14053286950267535,0.11088358862965222,0.11106062646691588,0.1184132870348423,0.045848332175201206
0.039272082016243014,0.15316685110106762,0.10068019541204812,0.09989684003611393,0.16691763034602908,0.04801742275723698,0.02649784995953883,0.06888514904104484,0.17309176568778667,0.12357421364289087
0.16574397830808818,0.04847155160892641,0.11928076782445234,0.0615823463046693,0.07270945144729896,0.052471149850127075,0.13047166546532044,0.05302661008864772,0.15095268457955432,0.1452897945229151
0.1010353896002404,0.12368342526980611,0.15230748679893838,0.22667067967893978,0.05052793678523567,0.008546540399280631,0.2237996604613124,0.0666715546020885,0.041744109715188764,0.005013216688969486
0.11975983761383639,0.06244723140393962,0.13393476164712206,0.14638243088159475,0.0895159920659846,0.08392238401620876,0.06356585112622601,0.14335713468416153,0.03534807280870657,0.12176630375221954
0.1328229212793366,0.16021642259776464,0.03631627355235726,0.113345729851647,0.11194386999914988,0.10850079900468264,0.04533850989520388,0.14676676160150406,0.10465546345152253,0.0400932487668315
0.01680765619976392,0.0954314107098656,0.018801737216293933,0.15912024876775843,0.051357364694143474,0.02831998411434922,0.18872142305664358,0.17698420034232729,0.1066897898412869,0.15776618505756765
0.133571698556419,0.09300555417348702,0.04271471302045326,0.13630929340919645,0.11381263376691182,0.13430021233431497,0.07990788349393795,0.0994909689514383,0.03469249258672138,0.13219454970711975
0.08459346972797617,0.031419544062719025,0.06426117924606815,0.13055425955692987,0.16721997478910028,0.05950089904254299,0.01687423450838041,0.06381230394265465,0.16430022558172164,0.21746390954190675
0.14949310258637452,0.18231966392283633,0.021151845878501233,0.04147994247065828,0.03641700212690818,0.15894742424519018,0.08055623297371126,0.13405130480720442,0.1929941181452697,0.0025893628433458424
0.18295889502473114,0.009779125037869152,0.026727183020395794,0.00769377370634834,0.10641166433766157,0.18627994886461888,0.12319474239901738,0.019328343108165676,0.207552146464395,0.13007417803679708
0.06819178385099546,0.0444372118567617,0.00908291107233655,0.11214591117023874,0.02792200815139561,0.008944216840436997,0.21190194374837168,0.2072215535952877,0.2097979024201465,0.10035455729402892
0.06460516508186448,0.045856282815670286,0.13110796689363505,0.13850869695105278,0.03193318811891337,0.13236368278008415,0.18001803700820745,0.15430447013599935,0.11369621717090993,0.007606293043663249
