i = 0,i = 1,i = 2,i = 3,i = 4,i = 5,i = 6,i = 7,i = 8,i = 9
0.030674983186079325,0.04099520028662468,0.019664119106750234,0.14392767434883255,0.25003451892375883,0.09258601996614053,0.03678159136091209,0.009220344471721632,0.17059518232245952,0.2055203660267206
0.04028859256872825,0.0650515618381082,0.11891596249393535,0.2033416406909002,0.19805236384509434,0.17852127283701824,0.06707916367408133,0.03561704035049765,0.07705357465578684,0.01607882704584965
0.10144440513137286,0.08776455436041788,0.09734414076847073,0.0532532120879658,0.1500589670428767,0.14827887242764545,0.14729781599168715,0.07874088614777106,0.09142488468097688,0.04439226136081552
0.09222485004350815,0.13753827739472302,0.1579702419889891,0.06590704372006104,0.07606533105324323,0.14174244987796672,0.08884394690221559,0.039275686942907485,0.18257591668078096,0.017856255395604762
0.02308167582365672,0.0320485683005017,0.07650968715210697,0.05301083515093146,0.2555101599614223,0.06385984820939668,0.17643576858340002,0.26725730320691343,0.004877327404533195,0.0474088262071375
0.055535305365504065,0.13000307229471064,0.11457064765457883,0.14020510108117268,0.1485503579678084,0.1364242372469957,0.039795491307249894,0.11310516008819739,0.0364585162260928,0.08535211076768962
0.042560196553282074,0.13571746096265097,0.17659198401343582,0.10167213835000369,0.045002533462104075,0.05082966637880167,0.0855372016029409,0.034136764181746986,0.17918897491670474,0.1487630795783291
0.10921735923776221,0.1318252888016366,0.017483133432390826,0.13580573228170886,0.11225964770814748,0.14178914611312474,0.16463137421462615,0.14641523031465575,0.012360287870789391,0.028212800025158094
0.1400852318309367,0.07774964057611003,0.10502126600325243,0.11081840457770831,0.13565970494423885,0.08092877267028718,0.12888413194239234,0.09496293767700137,0.022600814081492147,0.10328909569658057
0.036057900257572016,0.021462533328689738,0.06890856957681943,0.1721789896330442,0.1575338051779233,0.07250347836596358,0.0249261621185048,0.18154289954811934,0.10875090375530753,0.1561347582380561
0.044175508321983,0.07496035732590393,0.14866211524892536,0.04140118866198506,0.11916605263709876,0.17564747903378236,0.05298980199045851,0.14857590405197116,0.14351559784938522,0.05090599487850674
0.05008189009832156,0.15630162694914188,0.023042784853026698,0.17058566756573149,0.09533014759036393,0.14001007342093938,0.011257751083249962,0.17766420957033185,0.07984052312260627,0.09588532574628704
0.04641563963373638,0.0862685290454747,0.11644067747646653,0.0884850153197714,0.020507809055577184,0.030241888976773046,0.1250588197201882,0.11175373483567423,0.19199761912315622,0.18283026681318207
0.060962617790071505,0.03038778325079909,0.13520969166347027,0.0881962319623224,0.08017680149591631,0.17849057175033162,0.14822066781701687,0.015963160169959287,0.09361337956011118,0.16877909454000145
0.007713655515424428,0.13496901292714208,0.12033251050357312,0.07844901547329426,0.08406629218505772,0.06881494657345293,0.07502877634269924,0.15043034160849988,0.11889673728681828,0.16129871158403813
0.159160828883141,0.057969210171084216,0.17065900714933593,0.06297142454611884,0.10310441075687665,0.06119836067246983,0.027195395513153482,0.10991154936205409,0.07470722396034504,0.17312258898542066
0.15050039357291,0.1112556347417246,0.052475723983183994,0.03783213467160722,0.1301802332250893,0.09518780734475175,0.05254369750158164,0.10838540067615238,0.1637520790979774,0.09788689518502179
0.05023365784213634,0.18445963046767436,0.21208756541946944,0.12719984007603727,0.014902560465462483,0.004533120008785318,0.08953527838936721,0.1207879215157202,0.000992687033723881,0.19526773878162348
0.10290823230482594,0.15815550331758313,0.03744634098703003,0.12381285912536814,0.047462854359899415,0.1336358948832425,0.06744912741089548,0.13422163957509123,0.08425917811266766,0.11064836992339627
0.029025409882152613,0.13638913701313943,0.05148738116865421,0.09517272621525628,0.020495383333885234,0.08102879848310181,0.15660916441465175,0.18021644256543376,0.1734347158968437,0.07614084102688122
0.03394440152421845,0.09936251783917278,0.11049248899444644,0.19518625083020466,0.06194555453580962,0.00911826440463138,0.13598482351459154,0.08892896698266953,0.12064624087349106,0.14439049050076463
0.19281947929171123,0.19835240551169148,0.12943011465508422,0.20092699874165598,0.03960200717811113,0.10967553518942096,0.0025276454450425326,0.035357804169454526,0.05074365995048581,0.04056434986734214
0.13288879004660456,0.011351344892813683,0.17593556571051386,0.05842273753475091,0.12208086713345787,0.03158616157302483,0.057326985955859236,0.049645283343317005,0.19515377225856972,0.16560849155108825
0.10511012299385437,0.0913786480371731,0.14185819689084098,0.12545930852128626,0.009790498603649955,0.030435989166907092,0.17669717630268053,0.15018117446062054,0.07680490888323491,0.09228397613975209
0.04326650399284425,0.10587176354757541,0.08875870973816043,0.02406859947984304,0.1237157911352866,0.09555910054185146,0.18172559168592287,0.15056114743161722,0.06510417540619291,0.12136861704070574
0.17755582093392266,0.023354353688308096,0.1519011063954467,0.13340046062460068,0.14493611701950007,0.08040989592205647,0.10279761841284639,0.07252616596925161,0.07138114678521226,0.04173731424885496
0.09427465785492835,0.0837013691813231,0.025467512204832732,0.04470519280442387,0.1531298196456126,0.054178189498187396,0.1871489737586111,0.023000214951537062,0.18418141979001232,0.15021265031053163
0.013595330117574089,0.11768684259573962,0.15566132834684027,0.14346222657652188,0.01880927352388054,0.03442809836252825,0.09605121250925527,0.03206118677173519,0.21340011745445803,0.17484438374146682
0.1381718813110321,0.07634030673549941,0.07733781832437123,0.06628812949321555,0.028019801889899658,0.12259491813845919,0.1293156394680584,0.1352803707026246,0.05796616117015543,0.16868497276668454
0.06526987969864682,0.03952356225576608,0.14075050416185214,0.013447695951840534,0.08377629191175148,0.10790690834692969,0.07191753548792784,0.13466958748738297,0.196140787769826,0.14659724692807646
0.04953375148831654,0.2523898379340815,0.14607246354416303,0.008978430433447485,0.028397954417437133,0.021997977497891064,0.06570002690374832,0.23650211971074628,0.007726180880358479,0.1827012571898101
0.1130215587892687,0.13530384678473842,0.11480384234658936,0.04393262096427768,0.15447684720266616,0.010290580375979269,0.1453551612516984,0.14928614008742666,0.09315166130625284,0.04037774089110264
0.1703811754139967,0.17258736463584873,0.1865013932285067,0.1418263596455178,0.05878348143748229,0.042889257862254226,0.10484466036778371,0.04627071079780581,0.005766125428751111,0.07014947118205282
0.09432427202172257,0.18003143178952166,0.00482624626913868,0.17971388686713158,0.17261110419858666,0.011112814465913518,0.09650119382883668,0.09567564864395775,0.06813115091764435,0.09707225099754663
0.03328288504453485,0.08315111578916001,0.018493407868592614,0.13109195680023347,0.06963223194092796,0.06747872720568762,0.08535847969871749,0.15712706040945226,0.18098849248125393,0.17339564276143984
0.012644674229353826,0.04995091269174014,0.10500601809099595,0.12781577820421638,0.1642866121406976,0.11708692171699894,0.14298525593398417,0.16473407060666062,0.0448017008319155,0.07068805555343681
0.11577024378457301,0.08130227821281827,0.18604043202299106,0.13012277991775212,0.031922646268401494,0.21878324173389813,0.04636104688536408,0.007778616682489326,0.1577471803295816,0.024171534162130925
0.11529864100671147,0.010785049054668504,0.07842281912930876,0.0618925339638408,0.17323373071307488,0.14321446298092055,0.12073142351810093,0.09512891915702601,0.033193231374561975,0.16809918910178595
0.01836665848340221,0.002588180517672967,0.016234979863020808,0.16505538767925906,0.19024191252065917,0.12878600572428697,0.06512434510710044,0.19810762617783367,0.05565749764749221,0.1598374062792724
0.12293684897664482,0.05289633396337202,0.16684736009296297,0.11979440877048657,0.11903301097822397,0.06576500158794436,0.017310507642056196,0.017337421622406184,0.16005191613405187,0.15802719023185108
0.018891962558848292,0.13385606363196806,0.06705718339236973,0.1577097270768527,0.05850615053083902,0.08875732572269936,0.06277203908561682,0.0731237168976539,0.20171940876536362,0.1376064223377885
0.1487683724172878,0.11206025338054525,0.033583261120761126,0.1507015004806355,0.12196292542549692,0.04387048683733214,0.07631322993393753,0.1785294141058782,0.06275067437430587,0.07145988192381983
0.06507045654079822,0.1257187934460715,0.06530138015429986,0.13421093650279034,0.03322089349444221,0.13646204927494324,0.12214015656743507,0.10155452824442988,0.10114955340044705,0.11517125237434268
0.21867609389435777,0.1970825852375467,0.07202646651160169,0.13346698828201448,0.09036941356799141,0.05154871929291434,0.0525017659241171,0.16473058159224796,0.0036429370906683285,0.01595444860654027
0.043364944959969176,0.0469626723667809,0.1329809527439105,0.06768058705342755,0.13319620106290683,0.017297341387701743,0.11576518172885325,0.16010347672352018,0.06968021608880307,0.21296842588412676
0.005718201581835121,0.19541112442393294,0.12865709450657983,0.1053485754332189,0.06963767637916574,0.0937644806472852,0.12253199821736299,0.01962093648937377,0.19014664914580343,0.0691632631754421
0.02308260635603472,0.02951542671791482,0.06960349284304106,0.12388895930224711,0.3493073879005571,0.045535318209087114,0.0513667772302379,0.008748024281019208,0.2219119961255871,0.07704001103427396
0.05102683181171215,0.1849589587334294,0.17216579838146315,0.09503043053431237,0.012603424419863262,0.10602122194076712,0.12559347084326322,0.1678663281831872,0.0024812409008612875,0.08225229425114088
0.14215123370156865,0.20020728223705492,0.06634793479075773,0.08138077305042016,0.07794965786431211,0.01479816736032601,0.12800496722859392,0.10571103684215345,0.11712846989353423,0.06632047703127886
0.16137730321480392,0.06938422232697794,0.22363119832889486,0.04308236389795551,0.10170124011723593,0.10556300283322237,0.19900464521432282,0.0327948826090531,0.008109154313139185,0.05535198714439442
0.1638091270960144,0.12328955713990535,0.10264462943166261,0.09012684417506785,0.07171655546560518,0.10093247087780556,0.03709351860452847,0.11695131935700248,0.18790856945647655,0.005527408395931386
0.08293756687884958,0.09462361642329087,0.10702411403607352,0.14669986175871905,0.06612800219206315,0.11188216558949067,0.041878969535985806,0.11013931639499433,0.06869397673408692,0.16999241045644609
0.0663148302370344,0.005675302606459042,0.09861871378821736,0.20993300693288028,0.09245353120973361,0.14053700536550237,0.12479559589127119,0.08958373509262066,0.03873549039479063,0.13335278848149054
0.021415223214663128,0.1052420942889129,0.15165772172960695,0.15250475595486507,0.13407965278776002,0.10655977029661222,0.10896242425255359,0.1448665082984826,0.04149755654365275,0.033214292632890705
0.01408112272115199,0.08404850461728174,0.2107291518566787,0.055321952000058204,0.11545281097568752,0.18122123744221577,0.03367455431402109,0.041939607038512905,0.07725043293100968,0.18628062610338236
0.1025534723391422,0.09785183054365618,0.08263572882973001,0.05560303414233099,0.062233045281887694,0.1800098567251293,0.06050770021362267,0.1808450625049,0.09451511658096903,0.08324515283863185
0.06685942446636672,0.1604765572586009,0.09636036147408164,0.10010483969226315,0.14817237470963124,0.09229524594180541,0.07473772177152005,0.050565636997295806,0.07482668597445838,0.1356011517139768
0.06574254583553225,0.07078328056511228,0.08420929138104534,0.1506695820037925,0.024327157929977913,0.1881176767545179,0.05351933786749786,0.1583232242667117,0.11096437761327274,0.09334352578253959
0.13583358488028363,0.047817111493648104,0.1995247043597714,0.02474246569804039,0.01254872732182327,0.20628838157335636,0.11473216945845091,0.062002955579922484,0.19272810676891064,0.0037817928657927873
0.14871567782602044,0.10354422475193051,0.030300394075656975,0.10092317753722185,0.09075290099748422,0.19311939236605472,0.008617536419446938,0.06616832638184951,0.07784848203251508,0.18000988761181969
0.08265979596999029,0.16880868596670684,0.06493176894028009,0.12290182914210732,0.03889259411360999,0.14789354815692207,0.10510652602942032,0.04648436572875854,0.05194716021705207,0.1703737257351525
0.01762354435090461,0.13926160120510708,0.04547612718855852,0.07988787269349322,0.23284917083025378,0.1427410960982409,0.12853549796049923,0.13494179901077993,0.01881486452487264,0.059868426137290126
0.017107021181345113,0.19871859458417362,0.1310373628171835,0.03604228852871568,0.11856672261142147,0.06803024567049765,0.08885055220460812,0.062074517945858235,0.160870419246359,0.11870227520983763
0.21628198853283068,0.1956165211767106,0.055348970271876574,0.11842744956018249,0.04766907954600984,0.06201269943471391,0.06329018418709333,0.07840108330512364,0.1193936959724277,0.043558328013031264
0.11039717627508858,0.020980159687495337,0.15068843705072532,0.1851805296219453,0.02678176305694148,0.03810056367821792,0.07513729362911961,0.16584259854985084,0.03425628915428423,0.19263518929633144
0.031205748450564133,0.11599253943373149,0.08272505049076276,0.0791753437737939,0.1098701978392538,0.07236094887751561,0.12553750486573717,0.07722942085514471,0.15798876807363724,0.14791447733985916
0.17874235891394072,0.0054557028525070075,0.1270752305782509,0.06460167277670259,0.06263919200219929,0.23984164067683764,0.20778538716876735,0.05927193756444956,0.021989852184132498,0.032597025282212456
0.037013213369654185,0.12435379038631186,0.019908460261089837,0.0783997722108638,0.1295260265264708,0.14688728125600728,0.133086837589881,0.052993204682258384,0.14743456437755414,0.13039684933990875
0.06101027589538735,0.17353737502878533,0.04961583005264717,0.17481268905955555,0.07095198410890884,0.012863720189439137,0.12463832336260622,0.10996383665917799,0.056580245444610905,0.16602572019888154
0.08328846379385654,0.047502776934656266,0.14421002731334462,0.011265254979289357,0.03959608776811768,0.1025520436179572,0.1286059706161868,0.10662931548578324,0.14902589929533275,0.1873241601954755
0.1565360768534009,0.0723914923970835,0.14113353976067827,0.02088620535427288,0.15351973612347797,0.10758918460413273,0.08473508222438353,0.009002397129895917,0.13520123187199812,0.11900505368067622
0.10321890067030363,0.08358601105804879,0.09609371377513659,0.07182120751598989,0.13020333697696526,0.14151090588266846,0.051253309483097025,0.13166802383575354,0.15917772782484318,0.03146686297719358
0.07805569240463467,0.07434785330334977,0.14547871485414174,0.013231739432883846,0.1116198354874138,0.0989366754137679,0.17088821657364664,0.021436023243881688,0.13769474761620354,0.14831050167007634
0.013161867308459084,0.02340355244469562,0.17566826733426658,0.09824762841425527,0.0735097230706482,0.22133636226621645,0.22437632209115704,0.10012840816513893,0.043414689506962284,0.02675317939820033
0.09049198056455976,0.18103250069794777,0.16506723860242067,0.043678449819937994,0.07740154348241707,0.057128439790929846,0.023513366052611256,0.24526976750101492,0.016233178048058673,0.10018353544010214
0.01024110148711882,0.1231600187401161,0.024620557112257774,0.16161723755542387,0.1683025314174677,0.08358793455604335,0.06215153185596899,0.19608146564345394,0.10431027013086971,0.0659273515012798
0.04830168600263076,0.13351203441656462,0.12817976689078925,0.12184870481456425,0.09268998931851322,0.07786624380721271,0.1140487733187312,0.12058013147232241,0.09444960098578742,0.06852306897288415
0.14013642642938376,0.10288759526832772,0.11992000746913141,0.10462870374547757,0.04306852552858675,0.07052504107484724,0.09857235961298984,0.10427965136232091,0.13141106809333492,0.08457062141559996
0.013568504006626998,0.11384480504509603,0.0932810241811281,0.15148111469393652,0.06296943660737338,0.039161398064728514,0.08753969429443365,0.15086201385136958,0.14907993382669055,0.13821207542861666
0.06649181361835371,0.06863616409407913,0.13995934238809268,0.056832032861318084,0.1509582869369164,0.12272530613779996,0.08045089743864282,0.07169180968448839,0.12794472324913936,0.11430962359116949
0.14538802518179922,0.03959185734417453,0.1487616732219387,0.12498875518324451,0.045792192619416944,0.0891513926291943,0.14247771417005647,0.01377257358255515,0.14000850475143017,0.1100673113161899
0.16754473453789318,0.058483192897459825,0.15267695263090908,0.15635578627838487,0.06845804729094881,0.0706532004794837,0.13043639572563964,0.09186478479102822,0.015071962696292619,0.08845494267196014
0.14106037671189203,0.08343771799855203,0.06160998600080014,0.10136650933199301,0.054688386785698505,0.12218645077732762,0.08921058809241589,0.07553040107862763,0.1007614377723845,0.1701481454503088
0.13318127921282893,0.11262368411711095,0.01631412875995283,0.016807438119496823,0.0775531384376168,0.23147636595919702,0.08162681093894897,0.13287616985874864,0.03870796956961076,0.15883301502648844
0.07124201626248351,0.0954000438288078,0.1488933019172796,0.08069437421814793,0.1101557341520257,0.1053966571332529,0.18249531832114926,0.031216449153526137,0.031836771445440476,0.14266933356788664
0.16259347747423322,0.05730683551125937,0.07710378045233816,0.03854064166788521,0.07692322680967977,0.1425328937686815,0.018628189249572567,0.08733654747446168,0.17451750159759435,0.1645169059942943
0.0848272027236274,0.20914434296299295,0.028835000279755538,0.01385055438440998,0.1853567206508404,0.16348922554548403,0.023458946430134218,0.11441148837243795,0.10145085311926468,0.07517566553105286
0.16930888670418248,0.02310168960912236,0.11450152964878679,0.20508974665793317,0.050859351944705235,0.021683028393488155,0.11322985885598678,0.07551440819899656,0.17173717662932808,0.054974323357470246
0.0656564118869265,0.1869713193171858,0.12469226833754059,0.13040191805304321,0.03881768419351324,0.03342152469739337,0.08656721829993043,0.12001902465072609,0.1037708311171689,0.10968179944657197
0.18391726840258216,0.1102699545585909,0.1792949874216238,0.18737264747469995,0.016332700863035506,0.06169728582800721,0.08688566298730205,0.0039362308311116385,0.07669934872030731,0.09359391291273964
0.1514702855642586,0.16449147793810648,0.07808343157101506,0.04796980193970283,0.017661882463920496,0.10560779941051877,0.016392396269599745,0.1586048112759129,0.13798334915169405,0.12173476441527109
0.13828195702541243,0.08948705456371148,0.048217221186697835,0.13704128681562036,0.0875897459589825,0.11597094800186358,0.13922640905224817,0.09426711932478052,0.0516860851125838,0.09823217295809958
0.036705962839752505,0.10740178577011789,0.06654826193512516,0.019218634594139153,0.1388690604774739,0.05172630248590136,0.037105946147698916,0.2247373713530807,0.16632419872878915,0.15136247566792127
0.22869723764446695,0.010183995326735097,0.08671777190708962,0.20245053186071235,0.07099735923099265,0.024030601940067182,0.01582569983542349,0.17418273810161577,0.15165434843655962,0.03525971571633721
0.08491627801368705,0.16015694951610976,0.0683778628503611,0.020864916136856385,0.17127007026447086,0.07146970158538793,0.08208017370071348,0.07437420520644968,0.16832467776645374,0.09816516495950996
0.0863355664141495,0.09657409215734558,0.13344263408893378,0.02705208733274436,0.13297350796543111,0.0502143932987815,0.055647359383567595,0.19200335587944858,0.19809584081243425,0.027661162667163793
0.13861966763843644,0.029096425647148108,0.13540763375001122,0.11018377827382855,0.14274887065535488,0.10727594492973817,0.09255943541142829,0.09948568885653815,0.11857360140021182,0.026048953437304276
0.07904126947439889,0.11449938820125764,0.18069767003769327,0.12062119168329365,0.1090082767817224,0.04936779609539704,0.13858893777102663,0.04157299591415074,0.14734190963484634,0.019260564406213546
0.11644372466219395,0.02377909864758388,0.12872839781621043,0.03575881152722522,0.14275511498396487,0.08177292621328507,0.1543965186779751,0.17009808246443478,0.11975767741559956,0.026509647591527265
0.1464510310017371,0.032954878285435994,0.038251688591009234,0.005385625890523347,0.035008410678252784,0.15523265750695453,0.14328315050722298,0.15767773390415973,0.16765710818896204,0.11809771544574235
0.15488285247406805,0.050483417950506655,0.05653289796510978,0.14693025044054134,0.019905480298371015,0.1446051974264162,0.06854514301608078,0.15111870352919285,0.10347496810402497,0.10352108879568835
0.25165343995294154,0.0502779332794275,0.045086166074204195,0.026203738185285458,0.029874682858096906,0.11937441697904573,0.13626225459568686,0.09114527838199528,0.21277087097059777,0.03735121872271884
0.0649383022190717,0.107680064277475,0.1317123824052853,0.13673142805381938,0.05123370052081596,0.13521165000133048,0.1755476590034666,0.021393677379964254,0.043128222534028295,0.13242291360474281
0.17052505380997127,0.16968472558874942,0.03401801416888379,0.09011669271795626,0.004736866797576989,0.04087249361540732,0.14799614684626147,0.05871450891955756,0.1345158348408322,0.14881966269480365
0.06393380370513735,0.14487131225939623,0.15274424207135745,0.07878759463113998,0.1078037719490317,0.14478169489412862,0.03268500023899864,0.1233005101188146,0.004641526764217122,0.14645054336777827
0.11458029930178742,0.14436473568210684,0.02215665590670912,0.10168149518042482,0.1356710015603415,0.032981218471405026,0.07799757282255551,0.1255144277170935,0.14056694954122498,0.10448564381635135
0.06297068552688972,0.15968939140413965,0.0758774956796285,0.10895046824257099,0.03909852674617861,0.15157894599155902,0.13156733915210617,0.0006786180314078512,0.20049812949834694,0.06909039972717253
0.13737148935477297,0.09339376577989232,0.1200257546199092,0.12887597896237615,0.028362800420902872,0.06624698413644983,0.10724685364315913,0.1526577907331045,0.057568236606064395,0.10825034574336871
0.051482597145593334,0.14891865686564723,0.1337124949556101,0.013137724866290243,0.04993571016651502,0.14345419885875665,0.11140242399871424,0.09079766093344359,0.06968642482700152,0.18747210738242812
0.2169414424457008,0.07776024151025689,0.05669886705895519,0.10130163354657602,0.028961447239483202,0.026786923000184287,0.09879262959297574,0.12881741494665755,0.059616598681570654,0.2043228019776397
0.035076720626737105,0.15929098891161916,0.16487892566745965,0.04241226512854426,0.14111308535440936,0.012469012786813534,0.14593258737272413,0.022082421427433333,0.08450278416702317,0.19224120855723623
0.14977141671099414,0.04333801922928793,0.1669963221993446,0.16664295660961362,0.05742639054720133,0.15169105561214766,0.03315869907176719,0.08360557730468013,0.012368349824431918,0.13500121289053163
0.030539899186778272,0.009433712142017747,0.2151488741906354,0.1477776608265665,0.012907691043119349,0.053327817597693714,0.1572669176013299,0.09501381474168102,0.1695572652498937,0.10902634742028426
0.16804765378586423,0.09806433714030692,0.12407393766565253,0.053093534258658606,0.1096460024660329,0.06819365605309007,0.09154146419398404,0.058368175020923285,0.1427651172744991,0.08620612214098831
0.029778357296478944,0.15896084970530736,0.1254655947155572,0.14611649456412218,0.08461039623592545,0.039194225626493225,0.14054671738484656,0.07063073020099538,0.11662682107263406,0.08806981319763965
0.08423155292509545,0.04642651281966875,0.08187383149542808,0.06110602374268826,0.10106240852638344,0.18792655589443238,0.1963294498940164,0.051318517671895686,0.09212436355691128,0.09760078347348011
0.12225128617903008,0.08264408806187915,0.16580982322440135,0.012943421028118225,0.05254191396699119,0.09401314006567064,0.1688211746594371,0.09615473144936398,0.1099237947767094,0.09489662658839884
0.19003129933397703,0.011505606826109818,0.01128924642048907,0.10114403721644587,0.13440899187356203,0.13055936829000328,0.029199222516201953,0.17769143055770187,0.08783870234349186,0.12633209462201725
0.05105440058122257,0.11898679993563466,0.17128821664336596,0.06829682201393612,0.011944276834118453,0.005735527276202436,0.08001837875690614,0.10209148104379072,0.18739625035534674,0.20318784655947617
0.15819450017983283,0.08428012469045372,0.14160886083409238,0.07949841822235783,0.11713891647333996,0.013735614383662791,0.08599366338376087,0.04159242311569043,0.10686433747828347,0.17109314123852556
0.014141350234496742,0.15530897568234914,0.06349366715158035,0.04493507950039554,0.1968607590131337,0.037776165666900584,0.14611243675052307,0.010814810909533906,0.18066604765628888,0.14989070743479804
0.1021522934139444,0.14575523721249756,0.0858996388344667,0.07838069401486186,0.02130211225756172,0.1768372616191549,0.08112174193615736,0.03142974697064161,0.18528199860880618,0.09183927513190775
0.006659329932265433,0.08150749252712242,0.14038828993151645,0.11795434396653057,0.08136710494657486,0.17360461311823883,0.08367485030806589,0.1319388281261973,0.06842644136118277,0.11447870578230544
0.06421328266978715,0.15671034803812547,0.13323992834189977,0.00829629781250294,0.010639898476543373,0.12504271721016222,0.15699933067541336,0.11152917621766686,0.09398597262042944,0.1393430479374695
0.14997057578886921,0.022604405872678715,0.12917507157021602,0.0036215008708716952,0.08068914529151679,0.18650511325962632,0.07094018754237591,0.08238440784395698,0.023092255781610845,0.2510173361782775
0.05505873177966171,0.03644569441961686,0.029642906104751093,0.10863580055734655,0.07162825179061276,0.21632802662366135,0.21738347585311185,0.08497524920558636,0.05792927595443201,0.12197258771121954
0.16978249689072844,0.13089623862106536,0.005404129361992562,0.07131491630286715,0.06734206858290233,0.11274226910349035,0.03632763102026601,0.13906991606832436,0.1185332349515107,0.14858709909685283
0.00234810896716664,0.1521792521653233,0.22532118562382913,0.04938389860851836,0.21876465859582983,0.027578963222452922,0.11454004391412477,0.08784877587857101,0.05261954845741574,0.0694155645667682
0.1214554837420855,0.048390861165965,0.1438361365107441,0.04254348465011495,0.10807591299204193,0.08388812331382617,0.1207134554116557,0.13244058971793005,0.12413395478430692,0.07452199771132975
0.039009383334546247,0.06794690509595173,0.23519677498274535,0.2703907256875649,0.1254151653105227,0.1093429806343461,0.0054168261664997745,0.03201002546203259,0.05450280992388929,0.06076840340190131
0.08881829940487931,0.10179637216045215,0.027528780885146622,0.02255481517274058,0.19727465852271922,0.12454203200693738,0.08624538353298276,0.1290836236408225,0.16115716526473892,0.06099886940858065
0.21277657079692172,0.043520949168845066,0.06230691246060307,0.02833347287935525,0.10789870456601325,0.04377957069255174,0.1754180589249033,0.045820318677594056,0.11832685168668455,0.16181859014652802
0.12855255169377816,0.08465579482316606,0.050989431963726926,0.09493706072693983,0.16191503480170275,0.06741927939127414,0.041427748899319564,0.13705747129013796,0.11764864219598943,0.11539698421396515
0.14068060841583355,0.0027066098456785,0.1485345052800919,0.036880821063788115,0.15472164369005773,0.11107970623631855,0.09960778111642339,0.1477493663549675,0.1260706519994756,0.03196830599736536
0.08449654399064455,0.10764546600997099,0.10984536175519419,0.1452974141763724,0.13973890281041765,0.14182460137482625,0.06059338104113833,0.018830164692947238,0.1130998453754093,0.07862831877307921
0.061840342721787935,0.026309276698917944,0.1465787865636421,0.16854176878165955,0.1691671199520874,0.13751661621567912,0.023326868203440973,0.02055723222036148,0.1747949270709308,0.07136706157149277
0.08215445804831047,0.1418143774853978,0.049338392945216775,0.04393534509862909,0.07893358159807772,0.11716073657134357,0.0699486041930606,0.1900561028688624,0.09704878701599495,0.1296096141751067
0.06336632355680781,0.1320843162042062,0.008803473505918605,0.13681234738749212,0.08904665012292062,0.15965977041968998,0.16308782629017474,0.09551320666284177,0.009010025950129369,0.14261605989981876
0.12497428845595825,0.005548357067627315,0.05881559872009715,0.16836333556942418,0.18597384913418674,0.027024166105474944,0.09391331811521475,0.0454581767929969,0.1230610952332821,0.16686781480573773
0.04827508902276962,0.0289541473221965,0.18725834501605018,0.17862203278694092,0.008163638905971677,0.13289328203861187,0.10608315150471716,0.03841380893737775,0.17248311693539037,0.09885338752997377
0.13021439590191772,0.02225829485581678,0.004183520068932682,0.22680354058525076,0.015763845549303983,0.1360305226836758,0.06456471315978245,0.2883107344654737,0.06609061701959706,0.04577981571024925
0.1572804059286997,0.08117972562707018,0.09185398414188634,0.06932397590120949,0.07654257200114283,0.16474624253272488,0.028827871744282696,0.09512696331546244,0.20293362733036424,0.032184631477157256
0.14851414433786606,0.04080629858106598,0.0746004860238489,0.09744988034052567,0.08317082788462458,0.05080604295606745,0.06327441502358619,0.09513046377238497,0.21186633303708222,0.134381108042948
0.1471106594208405,0.04874922790721638,0.08433553005080649,0.13776466925137382,0.14176049873774163,0.05646081528270107,0.020013998976180346,0.14220790712193407,0.07040960217541974,0.151187091075786
0.11808359242612815,0.1349315304085563,0.12273718035870988,0.14472409540936929,0.068494081152905,0.12695579543941668,0.042694514298676586,0.03407435171997367,0.1163415222284991,0.09096333655776528
0.06630199400479138,0.11675252251873831,0.12025438981216306,0.0693109433350805,0.027360666798935732,0.054677548851388647,0.1511524434227097,0.08345062301322692,0.13264980068090768,0.17808906756205803
0.15238605408237624,0.08267792769244306,0.0636041575229986,0.1503306506476065,0.05838234678042257,0.018587593936720215,0.11347255244642973,0.13569803878578532,0.08653139891336216,0.13832927919185564
0.04144978497558318,0.1446795918899004,0.025091807721626617,0.06621144919476768,0.15097331632053623,0.1809774735682918,0.15966093310335833,0.1443415712042855,0.012920283658661403,0.0736937883629889
0.1021691290045643,0.15031865867958447,0.053668386378497565,0.13517913980806123,0.09556623792814498,0.1096358887818107,0.12458634734614407,0.030138968801668112,0.09888073832509757,0.09985650494642698
0.00883051195191328,0.17903464017526474,0.14888759168590618,0.1421573716229105,0.13414761388128232,0.01903292422957272,0.031032573054713884,0.09296952629656423,0.04776200464856588,0.19614524245330625
0.007816289539680606,0.1005796181628336,0.1578741041181479,0.06619170454393242,0.2275489588670432,0.05327316908580937,0.20709939169659522,0.10942727530205432,0.034887012097621434,0.035302476586281994
0.06187173402653617,0.11040289293286545,0.11920158153336888,0.032556682592513854,0.049472544843215116,0.1532551234427607,0.08441081360658405,0.09048469973284907,0.1417095202905453,0.15663440699876152
0.01659119777401269,0.13164517253956032,0.04581470698010543,0.10008008554965346,0.03474843745540203,0.10520711180564803,0.046112074928976295,0.1112377743191255,0.20345031140250902,0.20511312724500713
0.0608841203052758,0.16431522266062126,0.03198869125814977,0.1466505755993889,0.10928863583571909,0.06439622821133857,0.10076669429791742,0.10181322382256466,0.11007672565491017,0.10981988235411436
0.17847197519332786,0.02729282074712262,0.16347627500852718,0.0945655392302627,0.07431828579551628,0.05687055424221162,0.16680945573416361,0.012962391474701091,0.08008173308306926,0.1451509694910976
0.13552738223196725,0.20932634904205147,0.20927850536972736,0.23522607189821218,0.046279827481565276,0.02447658280802953,0.026144680186466734,0.08724867484809748,0.01974840564797489,0.006743520485907747
0.11463105563173143,0.15318960620176625,0.15353219980804644,0.08659409942093013,0.17384835826760073,0.019699077996926603,0.07912928888387205,0.054699372476442645,0.042568243402769976,0.12210869790991355
0.1360320644018763,0.14127465703766123,0.027369821538566458,0.030878190761481118,0.006833116064447513,0.09950080063250391,0.14185900582545158,0.011282955248540677,0.20426964196001426,0.200699746529457
0.16966684299390128,0.10251338016259527,0.10865754916033771,0.11684894489307227,0.12434136843151669,0.016066995756352096,0.1009717020775695,0.0837892040556011,0.17441323426334276,0.0027307782057111748
0.07107276469492835,0.09370033691038432,0.17749050976556768,0.17375878780626705,0.19064309978763266,0.08829256915706643,0.02143153093928817,0.025273452894366517,0.016540741416630235,0.14179620662786852
0.04570017774060897,0.1292084455552098,0.04127426657085645,0.15214996445768958,0.07347981179742981,0.21597597271034122,0.008232278459554569,0.07521127710398244,0.17249462106974056,0.08627318453458639
0.10712497792254044,0.0941043365994938,0.11402788734278248,0.14027202803602218,0.04988372907460212,0.14547173844471073,0.06051327831648289,0.05361423837139942,0.13017909535681288,0.10480869053515295
0.22914657142431638,0.07879777121826569,0.042527587178191,0.126967034763034,0.03183291805291163,0.04725979960394096,0.09810532974548615,0.1047426091474958,0.2301712508130463,0.010449128053311997
0.048964399510901785,0.07316080971140056,0.13575635434350616,0.11554625209466528,0.13775266776334544,0.051485349902183515,0.12838880053742155,0.09733915020116372,0.09604135833807817,0.11556485759733373
0.07576551586518966,0.03827402041651499,0.17115656082698671,0.06663060099359501,0.049827208046426374,0.19764712597798068,0.18131730282607758,0.15075001629404447,0.06608644460771637,0.002545204145468175
0.021358168467765476,0.04313964273359245,0.00709672760551678,0.08417507534820279,0.06786656149932474,0.1123000683183867,0.1605290276498987,0.20867203189644787,0.09371055653404504,0.20115213994681946
0.013277494862542497,0.09382180108361415,0.13137399337782532,0.16344655932140634,0.08944329629717429,0.13091611280577597,0.16859053753526324,0.1826010888131282,0.0018745898765206818,0.02465452602674923
0.07923297829086844,0.13970128671465,0.1174879840500493,0.02400706113928094,0.1632478258245829,0.12538728566239127,0.16014408290429763,0.004451050082909087,0.09361490496765029,0.0927255403633202
0.28775004480898214,0.03003374958006117,0.12079497582470528,0.07146169189958491,0.15005416685639864,0.022469272449209852,0.10379978923980207,0.06667462778862675,0.06727477926470982,0.07968690228791928
0.03609171709222784,0.034405312514069426,0.15683477860491696,0.01471205768080434,0.09381202282123685,0.20123099519403456,0.018405681100109473,0.20418802293875438,0.13712642912696074,0.10319298292688535
0.015323068958538502,0.20140033029003024,0.11639370493858711,0.1908320542907519,0.07176133700851034,0.023784496219641658,0.14385078994603567,0.04793715519777771,0.16898836865247668,0.019728694497650242
0.00011287394193629952,0.08148031403886132,0.002014237912727403,0.017373424377670598,0.19553784266737614,0.00931832023830694,0.23568447460442235,0.2171928815606348,0.19488093175411567,0.04640469890394839
0.04363677388294566,0.15663025503801972,0.08447734851457224,0.1787078924675979,0.1267656894624251,0.047524662926187095,0.08263385906571274,0.09972664654123575,0.08184390443833801,0.09805296766296571
0.09169942686424438,0.17909024398895101,0.11670130606414203,0.03983972773887019,0.06685362626255342,0.029359664798794198,0.055329669277001364,0.1108448413864996,0.2143405576059781,0.09594093601296562
0.06783340634669842,0.21891090483035738,0.1760440002574484,0.04035963775131911,0.12710167351904797,0.029367965596513005,0.010773921100038391,0.21043851897776697,0.04118301582932295,0.07798695579148747
0.08927646406520351,0.034180164061905334,0.12170545093476424,0.14082805018942393,0.1420785149380922,0.12413993763685327,0.04233522237980744,0.06751123824730071,0.09846596485155586,0.13947899269509342
0.12731593297489627,0.001425602273924837,0.017389908667149154,0.08217780503495488,0.08067651393216134,0.18388240597349426,0.11319026236316022,0.12540734823967709,0.08948610905155224,0.17904811148902966
0.13437573223697089,0.017487191758987608,0.0972367874574405,0.06722512300611658,0.1317557104227953,0.10874569349958753,0.1341434564313919,0.17428343401077995,0.1055984240838829,0.02914844709204693
0.08311373907300723,0.15161568149719068,0.15169525895192332,0.1620163744334323,0.11987222954845224,0.10597374265881862,0.06601747013427677,0.019839772183894558,0.09299198310416842,0.04686374841483593
0.15540218211337,0.1824002535781219,0.10673236877527727,0.02503802196605543,0.0958086303841813,0.03827243944989415,0.15966494727640562,0.1501729786217614,7.827068170660158e-05,0.08642990715322638
0.15053121067697678,0.19761023759908392,0.041990139911791714,0.1778719788514418,0.07271018931250144,0.18686815497474796,0.0009305449936809359,0.038598662339311834,0.04993053367847417,0.08295834766198935
0.03985564429994866,0.13061673595954706,0.1305513493215727,0.02165062590903809,0.03492018391152503,0.12255061749167515,0.038137048560558655,0.17457787640682365,0.08993301751977119,0.21720690061953973
0.12900055859331278,0.08715272514283894,0.022453835533568757,0.08447847243730529,0.0656983770701051,0.17257380556735646,0.18858394453714594,0.04267968657435818,0.1398547916370886,0.06752380290691999
0.16893809809221685,0.15981664398935205,0.1324374234603164,0.06524696788202754,0.1084187148169038,0.035389693537579016,0.04147946728704297,0.004435297296347986,0.04765116250479332,0.23618653113342006
0.23107540244344876,0.06850209457418326,0.029703605917836433,0.019899127096732958,0.1431715416817969,0.10224152206993238,0.029132885997846764,0.22642940974101947,0.06317861025000572,0.08666580022719754
0.12014568951827588,0.0045306380480600265,0.07984789257520715,0.11575321560828726,0.13778604388606364,0.14858410795943539,0.11348562221183056,0.11339003521576697,0.11713159665035007,0.04934515832672302
0.146920428448423,0.07524336498803706,0.17270706566770586,0.13987943971699363,0.14587466692533918,0.060601647553264144,0.12123284456441936,0.07590204214077131,0.04115923657231285,0.020479263422733558
0.1637089332446909,0.07447866275347002,0.02048869804787068,0.08430782887218068,0.17763885415321984,0.11837586190495022,0.16298603532246306,0.09718542962782817,0.05757923740291781,0.043250458670408616
0.0010813768619218724,0.05360630323750239,0.09513530934702953,0.014199247636609845,0.11731832327547748,0.09440961701041085,0.17946389641413849,0.04673275837801012,0.2010970220355225,0.19695614580337686
0.02759468959308761,0.10780611175037734,0.12567209861024936,0.12014522477315534,0.06457384671266751,0.07524775410812962,0.06930915891116388,0.11004686843779049,0.15214338278441933,0.14746086431895952
0.06112540278955669,0.02458228767682751,0.14671199804323815,0.12820629805616837,0.053539571281735976,0.03976979015720489,0.13830020824591283,0.17747127098835247,0.14647831569582545,0.08381485706517774
0.03444609489219142,0.1303081006391215,0.2622958110440623,0.07029081672157764,0.03464202823974875,0.14365279134391445,0.006115439442398655,0.07203797359227075,0.10938926975446862,0.13682167433024592
0.08208627798197002,0.05213139599140463,0.14989316424878518,0.1573695297922512,0.06713114258522575,0.1492819089859924,0.13435434700379653,0.10708307212885558,0.013388170410692265,0.08728099087102655
0.016851060718185644,0.11142146393142764,0.04132862888840925,0.09494422204705706,0.12223681109032809,0.0774226314883176,0.15809346228250484,0.11133991801973199,0.15403445263728419,0.11232734889675378
0.10357035026254831,0.038662802117591696,0.09265761239742464,0.11338635534908967,0.13916361030370902,0.13998411097540878,0.14897128851390867,0.08186349938735206,0.060087473705355984,0.08165289698761123
0.15208026444423745,0.14587130244099705,0.010373414175066872,0.13662562951552842,0.1667458216403148,0.09700910388476915,0.0870533171047233,0.02458089545192289,0.04045937311783596,0.13920087822460422
0.09617827337452256,0.03759019650498987,0.1390312505131369,0.12389804527891851,0.1368528206342871,0.1809561324789859,0.1092693996460895,0.08205474257130409,0.06468436416800864,0.029484774829756928
0.11017697489334873,0.07912268590595213,0.14509386154812962,0.10279532763585812,0.05506908344354536,0.001477349524339633,0.16413538008557899,0.2142938935148079,0.013426833985961277,0.11440860946247836
0.01786975809177344,0.11023932788643133,0.06685976910233937,0.14966167373274927,0.16738675351156734,0.1403928443136768,0.06241812076763263,0.054606570538092335,0.08435949037596985,0.14620569167976774
