i = 0,i = 1,i = 2,i = 3,i = 4,i = 5,i = 6,i = 7,i = 8,i = 9
0.09693701297227479,0.051377299679104295,0.1755929668659332,0.0778905772028059,0.1313662093752048,0.15665659172313887,0.04057941409963154,0.08705268188778,0.1401174797457126,0.04242976644841405
0.06129625998878975,0.05255515060634717,0.14180049705430994,0.13180766816162395,0.13266707610763492,0.053231439377117745,0.09443114634768082,0.1308392266131275,0.12356831868472248,0.07780321705864568
0.1625175674919641,0.05798720314787452,0.013012585512078342,0.14478290738864463,0.12877318319573186,0.1614197509730037,0.016877179720242955,0.12917674628532214,0.13470403634193098,0.050748839943206905
0.015258178128554435,0.1537583506649477,0.005601210086015477,0.06342272412225873,0.1564412877902722,0.0777850337779874,0.174883343468726,0.14768157914924968,0.04428723034971663,0.16088106246227163
0.11815681704618317,0.12813752103258774,0.014487712013106982,0.009613133018610135,0.20379047153227672,0.0005863505892087968,0.13932900445990345,0.05719575382158599,0.13717560174904134,0.1915276347374956
0.15528986469314393,0.0752302203992767,0.11354455511248746,0.1475181286318366,0.06066605752261777,0.05435495115518058,0.10730724204897923,0.11114292498443853,0.12522426123296,0.049721794219079275
0.10254483069790649,0.0017084568544618191,0.10942237854465162,0.20785417603770043,0.17656500966286715,0.03344948274306932,0.08861030752192073,0.05687727041793483,0.19232338867454626,0.030644698844941233
0.07010379037937627,0.0027235866691299425,0.06288214510629637,0.2045149681587743,0.1278004362153493,0.14679408979650957,0.22640492506861662,0.011637440231371206,0.043478714333086484,0.10365990404148984
0.05512090505332797,0.012861729066900208,0.07241174860263716,0.1647633462854141,0.05100994662638616,0.10132966203106285,0.09784757085526377,0.16286710698180232,0.10889696262704672,0.17289102187015867
0.06578701468735954,0.1287151209189217,0.0776923310882722,0.008968418988565525,0.0964502768128149,0.07409188754831267,0.1358650338997808,0.09776125675242416,0.17947386311435357,0.13519479618919483
0.02164139867936983,0.11980131855704039,0.22112919253674726,0.22544904963011064,0.03849253379951745,0.007310965002370188,0.010733690430496998,0.0331102561142565,0.07285669385740207,0.2494749013926886
0.11706611012380846,0.1298880820350279,0.06871157847486031,0.03610437549368431,0.15978652907848134,0.14152850125751656,0.0723482369791302,0.021662915963012123,0.16049795774013575,0.09240571285434296
0.15477018698175907,0.05630237643368983,0.09824380293333546,0.08000741057524155,0.10690415679051468,0.03973950300376872,0.1192430444852922,0.1229278241686306,0.1213171294225651,0.10054456520520284
0.1546166418794494,0.2147605312848231,0.07390916601323369,0.1058883622201081,0.03087429956449554,0.1922877495867525,0.05666950391159335,0.04249045134708575,0.040830181275590585,0.08767311291686823
0.14243988049692324,0.08306592880198836,0.06273763569286864,0.07363651118550844,0.08286793721706028,0.20063001328633634,0.021559324258498998,0.14909195264133399,0.015800567232580682,0.168170249186901
0.08324866664201852,0.12828675481897298,0.20190515037448845,0.04402931039297801,0.09848849382915219,0.056104909771876335,0.04173384428718545,0.17319675669639625,0.04719505322662826,0.12581105996030348
0.09226964270638792,0.0737234287054835,0.11787752127731836,0.17864940780135025,0.025155928389623168,0.0792986700515933,0.11348588091511029,0.12747511535315298,0.07521887153442917,0.11684553326555093
0.02986024711048723,0.1228542827666794,0.1433168833817228,0.1735094463050848,0.16222529494890747,0.06976284542490484,0.12995466745392364,0.041820600264065984,0.02718584129719414,0.09950989104702965
0.012022541370748728,0.12287073947386429,0.09520999949644367,0.183426734588567,0.038153690986483794,0.1597359481088322,0.06122553515161555,0.09108764428638094,0.11621889433337385,0.12004827220368992
0.17757731410842062,0.06038032390250168,0.16222274533424036,0.05056977434615982,0.09908388880733596,0.11322947695485398,0.003270957105884025,0.09753856839954574,0.15847068010737386,0.07765627093368395
0.022493989172229088,0.013055347406294283,0.05411079284303983,0.19732589476446172,0.08597961340176873,0.1602460362390761,0.11713951194043719,0.17303191544917035,0.09448805100148162,0.08212884778204091
0.18623365218714788,0.08513509021297266,0.08164771949880349,0.13114544799812602,0.13437163855663042,0.1919456073994751,0.16235629227937576,0.00818301112533328,0.0047672003704682326,0.014214340371667253
0.07244391116138019,0.11098350959688849,0.12268185938089432,0.02247392000951433,0.16076580482924874,0.09023303354646384,0.08081398589638737,0.0653481054948269,0.10958171597083362,0.16467415411356212
0.06533808264750637,0.11746510912905904,0.11406647004596383,0.13539937272735703,0.024013821893626743,0.002846128638359829,0.13293899099583,0.20795181128543744,0.022092837437709966,0.17788737519914968
0.13092529725431223,0.1643001062462718,0.022535233780992443,0.1360224980589245,0.0197798380572154,0.14512111326197077,0.10972513890246376,0.1648018551151994,0.09440958232577722,0.012379336996872497
0.0800768336644442,0.04266058583766754,0.18504168779482133,0.017922863600299717,0.0004694267146491192,0.16855663717205524,0.024088437039063316,0.14036001689558594,0.1264955710006803,0.21432794028073332
0.03421116707277495,0.053958639948757846,0.181576628081884,0.0631774014735219,0.16981037474527347,0.04606313740149728,0.17506780598410926,0.028592213567285137,0.16094867333646304,0.0865939583884332
0.13364876897826594,0.025105207155076466,0.12585317072601784,0.17104115561715666,0.0020360299865658893,0.04822936089847781,0.1919302868857205,0.023351432079760644,0.19351847647351533,0.08528611119944296
0.04007498669685405,0.17020661941650114,0.08268152696019715,0.15483376606954985,0.07441636183201156,0.03646858285564388,0.03377100014895489,0.1691952201316291,0.12067450377198322,0.11767743211667499
0.06559180986047582,0.018818451300642167,0.11316074566075081,0.13174205137488093,0.2267328473005984,0.015117673510596754,0.08461272225428532,0.09605633521700935,0.03529241263059306,0.2128749508901673
0.207120572658579,0.04757062095180521,0.0064670346614781596,0.06974202663416858,0.08891859697583092,0.1829729396856241,0.13113639594785179,0.135631913561794,0.07100269676504511,0.059437202157823055
0.13534472588895974,0.12621580652878409,0.21313142752838773,0.08161135603581605,0.05208515945117338,0.0827526653356105,0.0011787730042185697,0.1288314810199998,0.16726591630868917,0.011582688898361013
0.18698618771941886,0.0657039643020483,0.08878807015324933,0.06757592964995135,0.1948549240592558,0.020370039926528825,0.022262831209115912,0.060557019705473975,0.12372779827417853,0.16917323500077913
0.0692366495043685,0.10321032845158812,0.21915341301788382,0.051867587150803036,0.05039786264065483,0.13740895435311137,0.030359025426419994,0.1908734511893338,0.027540564257256653,0.11995216400857991
0.09506812997295655,0.0935339068436802,0.1685179216307851,0.10691800859409853,0.029365237110562117,0.13988011446468998,0.026692632656795792,0.17261463466395183,0.11128444590416173,0.056124968158318224
0.004912537463506125,0.028097881596963463,0.16736247897571202,0.013171324691969827,0.04262675970813639,0.03587684459151702,0.034203608877059366,0.2949124406396626,0.10551891536544017,0.27331720809003296
0.11460052925309536,0.031431575128743935,0.13691660700220742,0.0014035340670491808,0.12585549988200725,0.14518922341735896,0.14220077330784067,0.12108231598602245,0.08202962982762477,0.09929031212804995
0.07456953010586433,0.11957177564447663,0.09870913133616963,0.11917269489490402,0.10251192263230068,0.1144804350741482,0.05024767490854135,0.11933160512396453,0.09278985383459296,0.10861537644503773
0.0807291839791005,0.011930928619579503,0.17646402636933048,0.027024774988655957,0.11579144529431255,0.032563107632185805,0.10170340339506898,0.1674692642277288,0.15793546113226367,0.12838840436177382
0.17324204686468408,0.2324393818800251,0.008552195962580712,0.1922516496392902,0.025717878586872484,0.04231750534982018,0.00668545100487445,0.04477309998113986,0.20802180828306532,0.06599898244764761
0.003655048066844535,0.13840480448828132,0.08862221600453232,0.025294485315625188,0.17644262925336085,0.09999377889793169,0.12415923345095035,0.10723748277771632,0.12408475462055314,0.11210556712420429
0.10995136974052452,0.20091171419407308,0.20100402965270114,0.0426111736457635,0.03656169933093796,0.007902427522388261,0.09322299132416849,0.20269441495288967,0.03946046054208831,0.06567971909446525
0.13590737532876648,0.11641298371399543,0.01411283957369043,0.09341618317834137,0.20105425565501017,0.10760389544932251,0.034219881489884654,0.08253384214670921,0.08981191162836077,0.12492683183591886
0.0018155334956393304,0.17017384589746784,0.042751870561831086,0.14981804515835268,0.01700507456904193,0.18415992606356413,0.011366753980360004,0.08843718327096725,0.2145438510204987,0.11992791598227716
0.10399612894786048,0.008567270043679307,0.026673592726618237,0.1316880536768921,0.14361311105539476,0.10668617480844136,0.17818155047661033,0.1130454812620297,0.043831101065091915,0.14371753593738182
0.232371006946283,0.0531024591832459,0.02574493815055865,0.11875415005460468,0.06104242912391489,0.08374413961205102,0.1417873537229838,0.06006367279780068,0.13896768552066746,0.08442216488788994
0.14910290748842947,0.15517876683571058,0.0388723535318888,0.054432746185855606,0.11461595586312903,0.043103660785760334,0.1518124519279144,0.10713486694576915,0.047700191855603986,0.13804609857993877
0.2015499801421889,0.022658690328757242,0.16139856612174872,0.019116471775349694,0.019949204180397372,0.016494731212096325,0.14974817465878357,0.2537372894449112,0.01822412159642224,0.1371227705393447
0.055681233647557296,0.014093130128572412,0.1560225826460448,0.11539511524085841,0.19111536945805746,0.03450814867474359,0.08197334651956772,0.15873088433766994,0.17157108374077382,0.020909105606154617
0.05485143089152739,0.03600564534355361,0.022831641643600357,0.14222954624786593,0.18228903446334727,0.07950738531092803,0.016408902179049768,0.20360270233527164,0.08369864503992175,0.17857506654493427
0.09206223930335482,0.12135169183734323,0.05206476339565282,0.1583505862973376,0.06464869594733007,0.1457501497066405,0.10208525183475713,0.15767263131780823,0.013091274751249979,0.0929227156085258
0.16447077648671393,0.06568277490063294,0.1047472423203904,0.18602841865756292,0.015645064504074737,0.1656985533478009,0.05961991312928805,0.019567783709561547,0.03917068982637005,0.17936878311760462
0.11441391494609353,0.1525926186567581,0.010583315013490668,0.13451769765574134,0.06719870495940244,0.08641050247272708,0.04520039690518879,0.0962771923389794,0.14778118775571164,0.14502446929590695
0.17259610122808097,0.07235673150702919,0.24813352249297171,0.034807000483865876,0.03763475609826325,0.15956078967941947,0.08637553898109439,0.011347067584926065,0.044626215503136404,0.13256227644121285
0.01871799092646318,0.2153535248530745,0.03448341911000761,0.03403117734254347,0.08071684069221877,0.05691847403751795,0.05228600411906964,0.16661087106637562,0.17144576001647024,0.16943593783625904
0.09988857495339301,0.006414895102749291,0.01050259147722963,0.135498388194632,0.10754038815315704,0.08280381750493547,0.19644633247434787,0.19250883686012954,0.007019937992917868,0.1613762372865081
0.09942983746841416,0.0949697152425561,0.10463267749238603,0.11192012674341971,0.12901278895287943,0.0836119961208186,0.09115269176214451,0.07980287327174611,0.1318232356969802,0.07364405724865518
0.022992977635979912,0.10972442643335824,0.1465178284120229,0.13349464087905702,0.06230857688272491,0.09420136091041248,0.061024234488721824,0.0626887213008113,0.20078979311699566,0.10625743993991574
0.01686768626250438,0.10217638092202537,0.008607654864527553,0.02123890943560124,0.040722593687278055,0.195896078632039,0.23455161475005265,0.08590773213086114,0.09309943608426471,0.20093191323084578
0.06274851950472934,0.06536402421472506,0.04890994177499255,0.06697502795883413,0.03833418463904525,0.16345819386958232,0.11486675489902826,0.11488006845831773,0.1709952041801261,0.15346808050061922
0.02511844505290948,0.10633811156145966,0.0838199138554011,0.20375692238804588,0.18043453099340784,0.0024413143885729837,0.04290398627470948,0.07422519023135983,0.22809174561259957,0.05286983964153417
0.11176451442786002,0.00914688152802676,0.06985114734845914,0.13197564169290746,0.07059878327381908,0.17514875529326268,0.056430968830871904,0.03960112783264047,0.16217485221302125,0.1733073275591312
0.03068324058606847,0.03165532113798856,0.12028169264636795,0.18644463870658123,0.1466281166971699,0.11720361058198173,0.06713278181915028,0.10416871848569717,0.16945380134283267,0.02634807799616195
0.03762089325007953,0.15229932683614125,0.08093370906015224,0.1406424421296829,0.016040188365332886,0.0688727600413177,0.16220488209701664,0.11513847457907836,0.13348904202941825,0.0927582816117804
0.12611341861901468,0.06450901253518773,0.12654641120735355,0.14143844496436145,0.09603577000236278,0.02506557010995932,0.13729852159312692,0.07710765623951485,0.1258175554326152,0.08006763929650353
0.24410289049034448,0.10393979008720508,0.03632547454545861,0.10093027748937153,0.07209826572576565,0.08559619225627993,0.023053077667974545,0.05663504649601973,0.011575651063043802,0.26574333417853657
0.05250815032958811,0.020493896448145137,0.2066093137520539,0.0789801278179188,0.0030063518153339644,0.008650358668125536,0.2158764411178007,0.11930197163747595,0.10353084106614849,0.1910425473474095
0.17274512849284546,0.023112429999888696,0.030325634018395407,0.12792598345822595,0.05652374534241135,0.11270451520452779,0.14003842803262032,0.17646685878314142,0.1200244523535827,0.04013282431436079
0.13946265894165344,0.04337896244593414,0.18443539712173881,0.23425990029960944,0.10768679578898299,0.019760711831359832,0.13731167014104664,0.025640660889928654,0.028998285773736258,0.0790649567660098
0.10318874991083957,0.019905736574606446,0.1710111824502285,0.13483444866561886,0.11257482189384443,0.05814660541056031,0.16149687981279484,0.14232922134283008,0.05468466144599878,0.041827692492677926
0.09926702284530418,0.060733906989619356,0.15535402553582697,0.03925967707421341,0.11340619201887504,0.12245663636161168,0.09537637995797861,0.10864637469427284,0.15417270218469503,0.05132708233760279
0.08234161705680781,0.16324025059678116,0.120216493880345,0.10993584785719616,0.06117806359126015,0.0879455652062471,0.04721219979152491,0.076549283811751,0.15512684053756723,0.0962538376705195
0.12667829071480277,0.13779893428080076,0.10693373700160899,0.026202488961597374,0.04481294573665338,0.16018513892282454,0.13419006042318,0.013572381998763625,0.19864887899771247,0.05097714296205624
0.027408460306901982,0.12591963805416917,0.05743281422647448,0.10985355503149985,0.1496435059388811,0.1472792184371398,0.04240744919784587,0.16395050996073862,0.06423391897185622,0.11187092987449289
0.09112165814499801,0.13255416821737054,0.026775232871117972,0.0872626833548526,0.13564637012788655,0.16851958349338947,0.13786569834916734,0.06187674547380852,0.15377105526587984,0.004606804701529171
0.05464177166077575,0.15521067345481132,0.15808974663174222,0.17011569617907682,0.001323768489926924,0.01872303602843348,0.11617647971505159,0.07609860054154746,0.14528314403789838,0.10433708326073608
0.08226803010840436,0.1618100735794872,0.06905375614001787,0.05357683312442113,0.18022688107672075,0.01407077180955272,0.032159705275055364,0.15461297252229586,0.11910793525209254,0.13311304111195235
0.11348710987491958,0.018117954835105272,0.25083249453785117,0.22044089910796366,0.06650303186335522,0.044909350266519744,0.03897940769617463,0.15501824523253815,0.05638552687765333,0.03532597970791911
0.10721141038808236,0.11045089723245453,0.17293577060974646,0.08724872635875965,0.13811309219379214,0.07576418023912701,0.11038634002696804,0.014732505179374484,0.12089855081476784,0.06225852695692738
0.06547408756599933,0.03415173932829115,0.13484744844170393,0.14137038283842743,0.05269837571975497,0.07185823991893923,0.13428399587803422,0.09080806996779937,0.13730805528734974,0.13719960505370069
0.06321738799353409,0.048225614350577393,0.12008695815045767,0.03186625592708274,0.1109945894935245,0.05492760876915557,0.07598786789364732,0.11437823998012892,0.18842483196704007,0.19189064547485166
0.08594703057729451,0.05407314035121934,0.12486349452467707,0.03504507448463462,0.05728566407438879,0.1488521772844542,0.1596231092014187,0.08664035701835662,0.08774177103701986,0.15992818144653628
0.009275208413010471,0.07946781572088944,0.06655675056983697,0.19453622422925865,0.08808920014856583,0.19891481538592556,0.057754800377459475,0.07450421978506894,0.14229959868946748,0.0886013666805173
0.18181033276470454,0.038405575921512454,0.09297479712665506,0.1823691598711787,0.15604417163319598,0.04535914831619824,0.028265627667054108,0.12417382695833956,0.13655124270599409,0.014046117035167413
0.201048762665763,0.2036952176300178,0.029710678608381447,0.17407868670916077,0.009172971359806529,0.0710560958626515,0.0053442869977355,0.13874052444509638,0.00015646822092416754,0.16699630750046304
0.1606045164339779,0.07089619927600678,0.13668079162916358,0.12579440263114744,0.19113114973409812,0.05866825314559323,0.008581367502355547,0.09850257411010224,0.11331651694806477,0.035824228589490414
0.09218212091775899,0.07278823416948196,0.13098957907992906,0.16281787611065823,0.06882486045289853,0.1316102109073792,0.16162164729534553,0.07437780209973362,0.018526182657250586,0.08626148630956434
0.015834132464552245,0.0860998771827864,0.02652329917812183,0.0276713825613547,0.10504290524574342,0.19933770124663433,0.14027940693215205,0.11468164365958948,0.19229427622736336,0.09223537530170213
0.08199808692333255,0.013490308650748592,0.026321992930478575,0.011511409976789292,0.13699490656753932,0.19893686054975537,0.11869746367703687,0.1357241788689339,0.1221626433964825,0.15416214845890308
0.015560403835894486,0.01926734305940632,0.08039176374660027,0.11951889368860621,0.12274384370150171,0.044667696831792274,0.25222251504376353,0.0797628857631316,0.16635378887223679,0.09951086545706692
0.09937085651024237,0.10137048335198125,0.1367075242718432,0.1042269966525249,0.09710216031858274,0.0912413283734231,0.14045087633452052,0.06348627685952286,0.07527089512668779,0.09077260220067133
0.053503986816115914,0.01182643763208893,0.10717716604723478,0.1498533008318945,0.019362732244588916,0.15603080329336705,0.16234377527124116,0.1461476207300675,0.16100424982733583,0.03274992730606555
0.046638377256824806,0.058340678569943134,0.16339946010490447,0.06800387159843804,0.09596939231477715,0.02424919972493578,0.1318028111109284,0.1320325606526625,0.15769170496744386,0.12187194369914184
0.020270905811223858,0.18032560272475048,0.17179956095119733,0.005006461996693969,0.08942606919575659,0.1416396506794014,0.1170890302522493,0.08461709976394614,0.18062323171828398,0.009202386906496966
0.13267373166475077,0.11952415077368715,0.08959293850821061,0.0744576352153614,0.12645758684301764,0.024244030528678264,0.12917111486280536,0.09401865356832897,0.08551273805999898,0.12434741997516088
0.05070131217392413,0.039221896327503336,0.1256431776091267,0.054927900635932406,0.16916814052011728,0.10494941418731278,0.044635119124062796,0.16823927106377684,0.13910535482303796,0.1034084135352058
0.13248191678818463,0.1298514207328877,0.08826954451706656,0.01580684974356098,0.10911517289515427,0.012962122688484738,0.1426620449087418,0.14563653474053156,0.08854741898989622,0.13466697399549166
0.03442563450288422,0.04895985090459073,0.020699436669418245,0.049977596551780974,0.16401323787797373,0.16040665482537947,0.12843480246075759,0.12508942335688866,0.10544538039368899,0.1625479824566375
0.01348536104389035,0.03718515864290651,0.02067254398038796,0.02048048018791272,0.14783211119442538,0.19608249796405636,0.16130895919108768,0.015826016937492082,0.1475304175251426,0.23959645333269836
0.05804849198153663,0.1438778309938601,0.1452326031001231,0.033318146223689886,0.13780549526925617,0.10828472097624732,0.06462671440802381,0.07286187425344641,0.11911029819304317,0.11683382460077343
0.027445230496523327,0.08627336695335268,0.10235480217509858,0.073367521363352,0.23381884813723028,0.07740667327242313,0.11929536576399852,0.023465290976747606,0.21016783910892498,0.04640506175234881
0.01223037875975794,0.14792501592612972,0.039432257375739195,0.07318872354267957,0.18582343436146911,0.04732422697883706,0.11235807001554456,0.07544482383910024,0.14645683591266503,0.15981623328807756
0.03544191678870623,0.07041268154168359,0.1538808289494569,0.03704932211851757,0.24415159307961443,0.1386097472073006,0.011909813634757611,0.17037406759902451,0.12984360541611642,0.00832642366482213
0.17881195451550405,0.03850259869905773,0.10838727758969026,0.09769536037904082,0.05964716878534065,0.013649705432371859,0.02661892405922325,0.11660273461584542,0.21316982594537134,0.14691444997855457
0.04659389076178261,0.09615724955099177,0.09578780601171366,0.12197622888249735,0.13931238848165597,0.06702762140092237,0.07266291643048695,0.11413319833310433,0.08504342908710037,0.16130527105974468
0.16735813985290637,0.10025808186759322,0.14165776260775173,0.03781840646597088,0.027002560979446786,0.10935572690924711,0.1763411384459334,0.13860343276784437,0.03064117785966633,0.07096357224363982
0.047492482174792315,0.1031213376503239,0.2708801608746999,0.0011806930563199958,0.2543963244459879,0.028449484256767285,0.054186782238339476,0.04939408033783606,0.13203274158789838,0.058865913377034826
0.034001464013490065,0.0016411932392112081,0.02623928453035397,0.08395751043631024,0.20176548367740488,0.07279571726698363,0.15429969611346503,0.17691923197196924,0.10852219065066564,0.1398582281001462
0.04274818582109609,0.14464181763700062,0.031199439236158436,0.10291848031101729,0.1268079632547664,0.16280251532162623,0.16931987695744122,0.03376703209876493,0.10762373571300379,0.078170953649125
0.08104111457538148,0.18066585429632903,0.011785124274639142,0.18485017520056443,0.15170324226848936,0.04035624280002646,0.12346781951407078,0.045031753128257766,0.1444389690968031,0.036659704845438366
0.11088989053608457,0.013622193494288486,0.04191890198566175,0.06752815099396668,0.21904833509808636,0.02581238124917423,0.15753071944647226,0.10517006839772874,0.167724430872212,0.0907549279263249
0.005143585248924167,0.14027055569340202,0.18424499713218812,0.19416876802284133,0.10233987332140272,0.02223788325690603,0.017932061438952693,0.11393716140634368,0.036401659455601885,0.18332345502343733
0.1924757846914704,0.06222987871559709,0.1603148232622559,0.16319438111353923,0.002831496501436023,0.04162738443732325,0.03813805056940246,0.06065699265110296,0.10295583100743022,0.17557537705044252
0.060702723061356524,0.11759477933565518,0.02506542308211768,0.12767135287833636,0.0195796523612804,0.16212772830781771,0.16682765409928016,0.09999853592804227,0.10493516563593526,0.11549698531017855
0.11141007016997853,0.0935545136952885,0.15219074281288753,0.03086334115800468,0.095538872956118,0.1710833139249457,0.05219712475765356,0.11282670029187548,0.10833065878802303,0.07200466144522503
0.1399893829969012,0.10585661605669851,0.1501340004879352,0.032938393557126786,0.15977690284953597,0.06706664598070945,0.12260281746204721,0.08904834975533178,0.07172123065351482,0.060865660200199026
0.02483819775773426,0.06705942634689901,0.061753168486290984,0.13127669165883735,0.16297507372779996,0.015673949962058894,0.09915961640520436,0.21039230548526794,0.14978950986577333,0.07708206030413377
0.07958595085257969,0.1933576212731035,0.11985738863345785,0.15817101407960063,0.12732945494650091,0.06039952983594277,0.03290619489081051,0.17453791058325424,0.03772101623740043,0.01613391866734957
0.08250962661046622,0.11527604523323966,0.21101678963606604,0.16623393332871544,0.06358392714485987,0.12908446222836803,0.0322271107455561,0.023634163457463317,0.05974710164044701,0.11668683997481838
0.10504731153873875,0.05789518487925346,0.13680673058069576,0.11300292667490448,0.03237976401299834,0.14667594100331005,0.10655954592962688,0.015242599094057296,0.1454614565138898,0.1409285397725252
0.16230746982866087,0.1500360679507998,0.11801442533801233,0.055593468301994776,0.04305037073025229,0.004138058265186783,0.1901599871148283,0.17693570971258796,0.047387355821009586,0.052377086936667254
0.06908648676722724,0.03298801796951748,0.11965902809653874,0.08025167821434476,0.1444665078607193,0.02597184364692897,0.1783445532259892,0.1746073644382183,0.16692535863098526,0.007699161149530792
0.09864716448553652,0.0780020897926976,0.13296982102213453,0.1515181115639984,0.11070002080438784,0.05396733984976858,0.145689481443365,0.13897268342117125,0.031950329129901325,0.05758295848703903
0.0856977742115193,0.10733081934196269,0.12804346636355865,0.11892616149131997,0.13531942971467584,0.16818831071860285,0.055616125329379505,0.007703176067396295,0.1230689475679868,0.07010578919359803
0.007018323590051577,0.04890354431999366,0.15429469280066038,0.12895956269160622,0.048200365094906855,0.10767553652992483,0.15369014522149468,0.12979409929525781,0.15711795043483634,0.06434578002126759
0.012680880567238543,0.15856683173161662,0.0404831971941882,0.2247207556545807,0.006987997474077977,0.04654691953518544,0.14183998959321403,0.12070895038434437,0.23135516366065453,0.016109314204899573
0.011194048493275243,0.08183875211771077,0.0814852088243986,0.22189381646421888,0.214192871133331,0.020809371911138703,0.08069185325289985,0.1145172535040588,0.04344247511296693,0.1299343491860013
0.03236033842326957,0.01142068806424605,0.13897367708903385,0.21212489321117878,0.032114456628463725,0.041168578737854955,0.16778362770266997,0.12627982087907974,0.11082517657760096,0.12694874268660253
0.0046859070646699235,0.26384514217212396,0.10125617253147629,0.017831459643914003,0.05060048026998088,0.15963767867893913,0.23212977611199034,0.06826639619891856,0.07829134336649397,0.0234556439614931
0.03066744489328729,0.25299168934516764,0.05319412608109311,0.13775076794408125,0.008036912542477516,0.08123698781065294,0.017132740863823114,0.20969639433800008,0.026536460240488814,0.1827564759409282
0.1320047776349233,0.13573926215478732,0.04479559485176021,0.16317270228407654,0.1121657243436333,0.05027310323430513,0.08144001085168248,0.07413737490895231,0.125390514892256,0.08088093484362352
0.016938052944391782,0.14330262044516748,0.14212113676547616,0.09719883902077953,0.061996409600169576,0.16346210859216845,0.09149007586006669,0.16998610405711467,0.09768045868059692,0.015824194034068723
0.09755752569939694,0.1327580175965787,0.04891435351678822,0.13024450006303012,0.09830929266242669,0.09466442922949551,0.16434648830323817,0.035232627491119176,0.06807046497040209,0.1299023004675246
0.07037258676636211,0.1033138491191229,0.0916180324531002,0.14728864789062435,0.10159056019470966,0.12876017716025526,0.1225418174602513,0.1344957091243059,0.04816285955686408,0.051855760274404215
0.09953686907797958,0.06479909760832576,0.14178699057042127,0.1228248139129341,0.0418970419448684,0.0914599218843744,0.016595270526314657,0.14845457333539722,0.16391065785655257,0.10873476328283191
0.013612363998764778,0.11547827120083337,0.07968441223321222,0.15623140771790736,0.13293351348747912,0.010136306667084889,0.11281606590894669,0.15432961437410325,0.11750236293776076,0.10727568147390758
0.1791804403025085,0.18069909916794039,0.08439795079410951,0.17103465154279243,0.11551214775989188,0.07231354706775336,0.03268660606472748,0.015324054995019973,0.09031425597977025,0.058537246325486
0.20617872439421278,0.15361679624516533,0.09391016108570947,0.011062312999818871,0.06476208874224015,0.09526716534078185,0.08768037503606041,0.10627027898286869,0.05353828998351307,0.1277138071896293
0.1192075419364516,0.042154091915215554,0.14607384989602995,0.0034441380551754495,0.21813098803688624,0.03790788932878635,0.07825582976435008,0.020346932636093964,0.11607212433141159,0.21840661409959922
0.06494930656423013,0.15492196142876322,0.10827586345045867,0.02007833990963986,0.07969513532154453,0.1547154122754694,0.010616689081872762,0.11489512629722322,0.1683153497189673,0.12353681595183086
0.0863566441475863,0.08527325500528407,0.18958021752841958,0.012580107606592146,0.12095285117278812,0.17940725895670956,0.001459258380960161,0.16241351118695577,0.14514979674685236,0.016827099267851853
0.03611180270693002,0.1127712039126038,0.07270920221612341,0.07061386472020577,0.1504152954554941,0.08121098707049759,0.15323418888069287,0.1472453123215288,0.0767287158886027,0.0989594268273211
0.18495784628758702,0.17678540551985264,0.1699672602898344,0.021253542220217626,0.05596938536391214,0.16263907328587515,0.023003216763049537,0.057301874207430416,0.013907705332411136,0.13421469072983008
0.0785381499588641,0.14001266301935947,0.15572832740685427,0.031264286089971664,0.1592983945427454,0.016830878797139636,0.15465346001246527,0.07527124413496612,0.16870983668578157,0.019692759351852624
0.06836737631127543,0.15134533471216027,0.12463789710561304,0.15368967426264418,0.061871853675659,0.11664312200601469,0.12408013767446291,0.055476111651394,0.030170371816888218,0.11371812078388834
0.14264277362032388,0.14709319303010557,0.1353716432552832,0.10945097882267661,0.06527695424065898,0.14548391398377147,0.06744307705114855,0.02892109720810846,0.10882361029464843,0.04949275849327478
0.06652823863683,0.13217095423417133,0.03922167557077919,0.10141009751176318,0.10262076284271084,0.14979137326557354,0.04586851255004549,0.15085853487263126,0.14781010103662778,0.06371974947886724
0.12061414759056846,0.15932006423173034,0.06876493972077645,0.037428619585189254,0.14073836137769713,0.021085177480525553,0.16297672032911859,0.06604812612668458,0.004460887967139008,0.21856295559057065
0.18036312721448283,0.1701496890770955,0.07229304363148283,0.19251704995325306,0.10182310841375891,0.07011273081740808,0.00795108873716274,0.04560125066515349,0.08508549647127044,0.07410341501893229
0.06188894098086835,0.034198946191864296,0.1589341887941135,0.15767228844654832,0.15994158338162737,0.02503265443030759,0.1258055481661991,0.17441345086845966,0.013970251938541714,0.08814214680147006
0.1785092326506899,0.0023332429018172846,0.09936668773330683,0.040829876559532866,0.10427232493705525,0.13357069826400028,0.024312718424261498,0.23126203763935432,0.07140294415048112,0.11414023673950048
0.12697029743750032,0.12102415882741022,0.1977280110731276,0.023608081248226602,0.16046674881976158,0.15115856505964506,0.01396714392145602,0.08290473584206084,0.054666830019846374,0.06750542775096524
0.11525308146169466,0.02039749814891056,0.02789907136931003,0.16497664366029094,0.1696240052712254,0.06827557443481849,0.13866406581430682,0.133576153608532,0.11894947721920981,0.0423844290117013
0.12216687151103492,0.06374605483327261,0.10966185148146962,0.020156209233849743,0.0945623534387172,0.16369340028577464,0.1470943138809456,0.1168387727991587,0.004574980916928524,0.15750519161884843
0.12724681153907116,0.05114781595251188,0.01483549487782908,0.10429527396448371,0.1740483413528514,0.05079794505751774,0.16079030319142482,0.09617213940094681,0.17153632935044077,0.049129545312922795
0.06775904265390245,0.1831149979049486,0.06793730165230591,0.1547852840347705,0.01480684450765084,0.14952173330593532,0.11293761823950597,0.18211467016214378,0.0011084923501222775,0.06591401518871434
0.17938377668946978,0.0344664604087581,0.012656976587433233,0.06633787232457965,0.1648465429505315,0.1784683578461337,0.09473802579348693,0.09915699419204531,0.15796691971718677,0.011978073490375062
0.16661710757363798,0.11582270393931103,0.1437903294165524,0.07995146959824023,0.16171842684605667,0.048104111925199804,0.11614559190004003,0.12286728817933554,0.03947322010063695,0.005509750520989412
0.025306617469484854,0.15237979527095724,0.013269920211104286,0.15881319744896819,0.15402361012405666,0.07355341295185529,0.007289788542991244,0.0260953309907592,0.19869392113102857,0.19057440585879448
0.15801271304678532,0.0745572426936836,0.15644837818995933,0.0676977706887512,0.18636768703714593,0.1353547131541036,0.1042605167291121,0.013604973179324813,0.07824283073602353,0.02545317454511055
0.06800406538683662,0.11300669228600263,0.012444888450099147,0.06403956022421833,0.05960840814104661,0.2348540071458733,0.21740433324704883,0.014946774724989885,0.08887897858638753,0.1268122918074971
0.10818234291919825,0.12315908354356382,0.08111698447318515,0.14159383708935958,0.06993497071351705,0.1544491872516089,0.057329423146375943,0.10643177124685452,0.15012106833974354,0.007681331276593369
0.06455544140552287,0.11639132961861132,0.226665805165213,0.0035524200059611935,0.0786850930194259,0.05643306793290291,0.19621737957129362,0.08588511591220238,0.056923087520437864,0.11469125984842886
0.01690490695080512,0.08023736701291267,0.18624035616884885,0.16633110613174604,0.10721125997869789,0.051049817100442436,0.016222909353086106,0.10325101687336337,0.1110405705075438,0.16151068992255363
0.1126434457827785,0.06252263277917389,0.003313840739182342,0.0974438146235897,0.18765303236382874,0.1564162919278868,0.10049078231472063,0.0485965128452687,0.0972351164319357,0.13368453019163506
0.09984351524220798,0.013394414213993242,0.03741309646409499,0.11677598569584188,0.14890341276724456,0.1319867325464039,0.16198844708905238,0.14043261416797162,0.03190101076390999,0.11736077104927958
0.06470456028015982,0.16303591018742858,0.22918361354102393,0.10043931537565197,0.013571376406157899,0.21548259925064692,0.15030457517649906,0.000704077696994613,0.02976231161434175,0.03281166047109552
0.16337524889699603,0.1456618492709679,0.1698684181224534,0.127404201917372,0.041439942140314386,0.10080619410016116,0.009883201924613894,0.015416814362108849,0.05016748817565994,0.1759766410893524
0.15682168691144444,0.025718915750255048,0.23470414063176498,0.12051284584597431,0.20850359127793755,0.057675023250842526,0.07122275557503782,0.049187028747133904,0.03704565007949534,0.038608361930113994
0.19596542067766634,0.07525592718504989,0.1974998953136269,0.003900293992193349,0.029623782935899377,0.017022488724132933,0.07850736332001598,0.04972977053614221,0.14079794505077595,0.2116971122644969
0.10925487769084061,0.09050773887422912,0.14228376395205283,0.036679155848241426,0.08622700151227179,0.10919271216076375,0.12988130769613995,0.03329270464134017,0.13076624678199875,0.1319144908421216
0.08042001046001321,0.07602142164257464,0.08698060898040919,0.014280874420482675,0.18321409185098045,0.004253246013729995,0.16537794911861703,0.13810556902437782,0.11412614851257669,0.13722007997623822
0.17652695319120298,0.1497371486755816,0.06505757333460667,0.028535495402331027,0.026876745947953414,0.04811281283365186,0.11468365310677972,0.19828468797475884,0.15459621803726228,0.037588711495871556
0.10099733313072844,0.12315218729590943,0.05259674844883624,0.14670509463004136,0.18804823916919783,0.0624573438901198,0.02976408008605975,0.038367887776057895,0.07962281879951225,0.17828826677353712
0.031326983147606575,0.09385401525523852,0.11361578250491028,0.1505280266159201,0.020181640020291623,0.19115842228666674,0.11767840168887124,0.12842683417605724,0.06315923793569897,0.09007065636873857
0.09615096404321356,0.13281534190967145,0.04325302690513116,0.06560772482809875,0.15660128779662724,0.17944083641962033,0.006058586528101783,0.11517981721122296,0.023193371444799157,0.1816990429135135
0.03195852640099605,0.09158252200342469,0.07420641893955852,0.04224608932640356,0.12324817369085606,0.12472344746561957,0.15783327633637603,0.12577779569771194,0.13857217522688214,0.08985157491217138
0.17977697414514612,0.08014879453271734,0.04199265874216037,0.09380152147942926,0.04459079565582906,0.1873720042339456,0.12693243360271333,0.13539166652683365,0.10401142005020375,0.005981731031021568
0.14793752517713848,0.041374408075989084,0.010239591163993787,0.14277213717351128,0.08377477605974314,0.06152606939309742,0.08665842469671259,0.17720329663377127,0.15943643947021982,0.0890773321558231
0.1203040261951282,0.09560820483595765,0.03915323623003946,0.11202992557568624,0.1612513661719399,0.14579105117849775,0.0013587557418466428,0.13994567695337232,0.1348366292660217,0.04972112785151025
0.08730856364853255,0.13965217316810488,0.0901108660903499,0.11812499094649938,0.0719345187181257,0.1103873963309852,0.15186260493174827,0.15316886590150916,0.020683060901423328,0.05676695936272162
0.22791389713949348,0.009239914332238329,0.012146107139800877,0.11128708103631149,0.03428432101475512,0.10004183104049286,0.2451577775208212,0.15134729270472702,0.07290253539401124,0.03567924267734845
0.016298731275127473,0.19977063668646522,0.05552783049527503,0.10266759005315133,0.050853402995884076,0.2349832887526552,0.20076612585248352,0.010238540475067623,0.03380067588863097,0.09509317752525964
0.14845316792769792,0.12270026792526968,0.09093878866612898,0.11270408496483741,0.02530523705565836,0.0725540226613453,0.11914703261458448,0.1345149640471356,0.036916397475190335,0.13676603666215198
0.16924579428728176,0.016536628979374052,0.2204209736452569,0.13065942438328637,0.0077184452523094286,0.1010560963398688,0.007417076539975878,0.2341930830493609,0.10190658638548206,0.010845891137803926
0.0888472198157726,0.17118685285561855,0.06331309577284043,0.00958876536691489,0.12467460441407106,0.1475836277298485,0.08450988240811222,0.03872561214725878,0.08028816435323438,0.19128217513632859
0.08439760312512039,0.16521418820714492,0.08226836147310106,0.08452894967152247,0.1113922574013499,0.08591653546058899,0.016928330276625374,0.12035598934799029,0.18867857947462513,0.0603192055619314
0.14968844034023804,0.03992499083851494,0.13509439946447163,0.1479785696747755,0.08649001146300435,0.03409207857463834,0.0038213166950626046,0.18112549681981838,0.17170268281697945,0.05008201331249688
0.05568664991651665,0.08892917591356993,0.1909954390026119,0.010448703779129312,0.11416588591946204,0.11621618456712601,0.09330090012299452,0.2225521546516694,0.00800137800215589,0.09970352812476432
0.15828478385710518,0.0719231402023438,0.04522457947816421,0.13968232455522078,0.06730059118776228,0.026368628987418968,0.1485600904127238,0.12399767152727323,0.12205269253696398,0.09660549725502367
0.02964567605981421,0.05591148488787169,0.09367012059901772,0.16012886883641567,0.15097393702018055,0.10821440238398074,0.024797114718255953,0.1898384118393707,0.0017953127829493628,0.18502467087214355
0.05174108986333371,0.05953803388333185,0.1565106350190367,0.11918757653131115,0.0900352855771236,0.14880683437233969,0.15062677093336707,0.041201598101467896,0.08827854470256767,0.09407363101612075
0.10796327206460943,0.23230182697550802,0.18482707527140202,0.020255161356679985,0.23301241348683424,0.01395985391800391,0.0007851532725718156,0.06404697065414974,0.017252856672192375,0.12559541632804846
0.10762906761755425,0.013854862597373176,0.025601847265468276,0.15281180561139168,0.13260943126292832,0.17980558030485028,0.10639098442384579,0.09853003935515416,0.07184875592443857,0.11091762563699532
0.04718732042787712,0.06438075446588065,0.13753087333155695,0.050290523506094864,0.05127660383006407,0.15778615462912685,0.026841685408427608,0.11941787480204671,0.15431715831909598,0.19097105127982908
0.10148001941095218,0.09708446155626091,0.13436677987053466,0.1696824366364795,0.03448307517379053,0.09032233866731891,0.1020787541503948,0.16120398104479197,0.05259647291779958,0.05670168057167698
0.06573888879218773,0.16613213882683653,0.1249539190718943,0.03819081518929313,0.1189623406428309,0.05287700526811595,0.16652620329947862,0.0621406503722492,0.09979301050707741,0.10468502803003629
0.08629027636286223,0.0759525584636752,0.07692590062700769,0.15281958095974216,0.0572630438210743,0.1787531940737945,0.10897043727713912,0.04196521005356104,0.087243863003053,0.13381593535809097
0.10906449816545717,0.06922628671756631,0.02375509296434914,0.17155219187220422,0.19561825805706964,0.17932483968366386,0.16716513467116334,0.012622377522669231,0.0412091296024416,0.030462190743415545
