i = 0,i = 1,i = 2,i = 3,i = 4,i = 5,i = 6,i = 7,i = 8,i = 9
0.1247486516101479,0.15381381543060063,0.15527539219879455,0.05884499562509997,0.18183944895301035,0.031055279801725923,0.018053441198279004,0.11407390471527,0.05213496976516075,0.11016010070191093
0.13187129993868538,0.0073692783726819755,0.053339672240604076,0.06227819142887305,0.13014484519445219,0.1206955218783715,0.05770920289782704,0.217693891549022,0.15521522466008603,0.06368287183939687
0.0742769671868551,0.07152834386156992,0.0669970520103631,0.12960917453582796,0.13719286750628676,0.09954631175290882,0.042608843285753456,0.14550256552774776,0.07011045632073974,0.16262741801194727
0.14567465969923152,0.14824748287981598,0.10242562177092486,0.1066697889245497,0.07278093630837992,0.11249352602005015,0.08090226681493018,0.09437986932952781,0.05868122150224813,0.07774462675034174
0.08801740345168285,0.04723658251112576,0.1399663157495109,0.1325108975322693,0.09459969431153854,0.11197830003549816,0.011405526509450967,0.14382349200004746,0.09412046915313638,0.13634131874573974
0.07035365596342301,0.14288095876865206,0.05913077332344012,0.046053854334573305,0.1420830828273738,0.13721421035958137,0.11632179216589572,0.07955651090291761,0.09291377462295797,0.11349138673118503
0.12324954954321646,0.09116767316339325,0.11601036414477128,0.02745833998047024,0.14952163144894162,0.1649730832758696,0.026079583447366918,0.039612602182456595,0.07859361945892536,0.18333355335458873
0.10304124930242661,0.045433395140211656,0.05471165414303452,0.07797827888512687,0.2063348765954375,0.12826986241418978,0.18854037629259635,0.011931415109406613,0.052175894773571055,0.13158299734399911
0.09034418399385138,0.07094289207229722,0.14934148444003137,0.13447805376647035,0.15055904515832616,0.06704452862441258,0.09455404969790622,0.09673334475638992,0.049993674595595575,0.09600874289471904
0.12048390558329852,0.14154479211601206,0.13415424708570697,0.06192934202762299,0.08395345443772971,0.06825307651474992,0.13749232684650453,0.09806513160721032,0.07512734707507955,0.07899637670608547
0.1999625421771371,0.06165273195898342,0.025606131402036336,0.14187710531693676,0.09573847701283252,0.10395975921054999,0.05500184365769781,0.09730880569245892,0.19882192363380083,0.020070679937566435
0.010647121435595592,0.0638441417428019,0.14511670247116526,0.02816494011789774,0.11596628719364582,0.03105603519487886,0.17771231571746382,0.1818697756658361,0.07865246863412602,0.16697021182658892
0.1434804331903697,0.11323257730365004,0.11508535263128483,0.03782924078068466,0.020510270913105623,0.036026972877351585,0.1843239020397447,0.21867014732277196,0.07097252185284768,0.05986858108818919
0.13440549869016122,0.03782574940095653,0.08598621764793758,0.13909755540012866,0.11768745506841126,0.07561545703567117,0.1311569072207967,0.111086416452996,0.06534409441480875,0.10179464866813222
0.13485912486868645,0.12918034410473306,0.14680647103592753,0.10611959182498029,0.010535450476822727,0.0331182790126566,0.1035160618951383,0.1340138533321878,0.09972523868037085,0.10212558476849631
0.11536419460241139,0.0571462873313939,0.13970695759884552,0.015248171778476158,0.09999991839312103,0.17453264409823377,0.018008499525396255,0.18641752315191545,0.04815445375739099,0.14542134976281557
0.11014599220860305,0.03596796671450961,0.13911981900922069,0.19925689214087547,0.0003882305127080035,0.1771276684768468,0.11536102824919651,0.12045891434086012,0.07174569945403048,0.03042778889314914
0.07500622032248651,0.060393880278239095,0.019503577550864383,0.028031223868389035,0.09939252048044894,0.1605082418400882,0.1430774295353382,0.166380300617649,0.08495784304219367,0.16274876246430298
0.029782534802656066,0.17782886318774374,0.16821159851905595,0.040119864090730685,0.11299925378083225,0.14310074655073704,0.0755132159451812,0.06275559578729681,0.08712109883191284,0.10256722850385348
0.035143544893048745,0.12772399910140417,0.1460349426391363,0.09758946477043459,0.06975593627006553,0.06937569711629511,0.13696242211885737,0.06601488999806182,0.10287923244393983,0.14851987064875663
0.04887594644198312,0.0019530231716245398,0.13742190146578287,0.1775651962516341,0.06034404587797856,0.0007114982289711472,0.19255010258008207,0.19476405615823383,0.04801391567192028,0.1378003141517893
0.14585762434320437,0.11085750692617352,0.18798255747650433,0.08430905878873185,0.048331111570476225,0.055416674115404484,0.1352820321889687,0.06289724401953414,0.1635914428368303,0.005474747734172097
0.09487541076794398,0.10785445046181266,0.01845867863573899,0.1408976842366334,0.07758759093214347,0.054964948766376136,0.07493274091936783,0.16502117538601785,0.1580700893425336,0.10733723055143216
0.08963232624273494,0.2102436479406632,0.04133801729492639,0.046666189340546824,0.00032208902282438004,0.15902619073326582,0.11405102722580565,0.0846079199106203,0.035813101862079776,0.21829949042653263
0.1927307528321194,0.20105487997697674,0.15563171048713798,0.025589200399906382,0.031005202423836496,0.10202361449181511,0.009022586215789786,0.17930958160776567,0.08394779829901819,0.019684673265634188
0.142788520621104,0.08159039024557835,0.1359555565514939,0.16902356470100716,0.05752054994787982,0.016807528205177676,0.015825889396587904,0.11062378849331078,0.024277704934987324,0.24558650690287318
0.006425937449236345,0.19400357685630348,0.008560904748657767,0.11340460583974869,0.17253866757288586,0.004557338216322729,0.13081087745408604,0.18821743178105338,0.04905156656915018,0.13242909351255544
0.0692323684416036,0.09191540343337144,0.09676000243230166,0.08604987150813702,0.03510929953883264,0.17856077754144548,0.04015899025700984,0.18824635784056082,0.13752557397218754,0.07644135503455016
0.14793266577180011,0.08401839952015774,0.10511890777219236,0.1202322240646751,0.0023210287714713266,0.10550453211934052,0.11628744029572745,0.15191143185573672,0.027840990486253176,0.13883237934264556
0.004965990114091634,0.05927986229716391,0.0635232203102313,0.2493730410419004,0.09951450813957811,0.03072180360722459,0.23301551657985362,0.035379439440855524,0.09755450812134807,0.12667211034775291
0.15000411647900166,0.06482623802909325,0.051536604263817516,0.1394352017430412,0.08490019019272262,0.10004760832454358,0.12723729331019704,0.06838620736490672,0.12358171563639637,0.09004482465628004
0.06842307706446922,0.13892408529443198,0.0895308443230964,0.07515119466440452,0.14167066294332195,0.13588561036117455,0.1413755731026132,0.11054822974048219,0.09442157245737114,0.004069150048634965
0.056952322725528325,0.1102637371064777,0.18760598067163464,0.1914702885771812,0.09586598161123391,0.19592984149954426,0.030469258269259496,0.07981303883896808,0.02646255665597278,0.025166994044199843
0.06920909077406871,0.19860383823704017,0.04695829795714252,0.19129148212689412,0.077669887061792,0.05058920775729409,0.07858646749322341,0.03027423246117511,0.11101219744667394,0.14580529868469583
0.0426631385631459,0.1787043362108659,0.081223319250962,0.11985728335076656,0.08479733758559144,0.100258286742182,0.00034453391930111765,0.08092791382628808,0.13959692281164862,0.17162692773924834
0.17689196577885138,0.13482517637353467,0.0694656886596366,0.06728194563527247,0.0966344266247948,0.12681931292937107,0.034243806677026506,0.18208769099488528,0.10221142439928574,0.009538561927341385
0.05065904804907752,0.1847279335509385,0.11813125263507529,0.1612861807331556,0.06052135813579946,0.11873084895356599,0.06635311426278605,0.09780431020685597,0.056976761660752696,0.084809191811993
0.007057132661482829,0.14214434167121318,0.14824313154791946,0.17290512127565974,0.03251959256648925,0.15851008784336715,0.015043348983164787,0.1829526543207137,0.09598664484488359,0.04463794428510637
0.061822413712944495,0.1635717776249846,0.017295808884863303,0.025567652336360616,0.15673128582825357,0.10570489619432363,0.09174317205577444,0.16121153772306737,0.0908773964144631,0.12547405922496493
0.03745278878658114,0.1657422855595747,0.06481107347095666,0.08550310849279011,0.181302312871574,0.06006184546791111,0.035247117100699825,0.03723488420755612,0.15268501541073204,0.17995956863162418
0.15034862141922384,0.12473231640659874,0.15552656625444386,0.10867556739478772,0.07106962495495431,0.04224734949855924,0.07136883935005116,0.027830866817857087,0.15917979134996374,0.08902045655356026
0.2121990600115961,0.014091132539250498,0.042803188540488535,0.1896307784817317,0.030978741818489385,0.03798847246049847,0.13059656742376466,0.03126760754051639,0.24601049615211143,0.0644339550315528
0.04898109183723153,0.173202303010631,0.08620583304315511,0.1711701366755095,0.060591022214443,0.07598915787764408,0.1508952917703933,0.14159216022580864,0.01834005966494838,0.07303294368023534
0.1433308129464768,0.06828002747435677,0.10375356526586338,0.08284466701217216,0.05166536235186722,0.1197254300705947,0.06779540940468329,0.17198149455961526,0.10764080247062136,0.08298242844374909
0.08695381857220426,0.11404209315771623,0.12958836861498368,0.06923123937188834,0.12475028956908982,0.16098604188225732,0.06980135595984895,0.02289369958991843,0.08515998454831811,0.13659310873377484
0.11458900936182259,0.1416116584834742,0.1450046272151273,0.11936191179501203,0.10899863946261831,0.07525128023508344,0.006843656245067225,0.05119412043867502,0.11458135350214158,0.12256374326097833
0.038219209594909515,0.12400264039055534,0.10187329260846616,0.13830902450095275,0.1512453358604284,0.09628281328598837,0.08664984896753736,0.1410910608468981,0.06847828784063509,0.05384848610362892
0.17488747219421022,0.14381459178104514,0.07635997354726365,0.08497454909252213,0.06690862363263761,0.09144469615220609,0.031189299460269212,0.1826159051719924,0.13792190601604548,0.009882982951807973
0.02756416547401494,0.08436328714138673,0.10050469088428214,0.15097524740085053,0.05859595290010152,0.03786439804482051,0.10533328262606831,0.2132536628904417,0.19024062247870926,0.03130469015932429
0.023521241486764464,0.11858707012143008,0.14041162061475768,0.019344692629852705,0.10596065515530052,0.15087041288400754,0.08975107776547185,0.035882813977283844,0.1889502296144435,0.1267201857506879
0.1326923617393871,0.08060190916514513,0.10490726346519505,0.039637873623202285,0.1341796142231523,0.1021604164571156,0.08634229749228271,0.11440106304482514,0.11202995502440882,0.09304724576528578
0.13826449793335902,0.0529673890084635,0.1552215015862913,0.009363070444301033,0.0038534174488955297,0.01559165958199342,0.13567397185019037,0.15605840581718106,0.18888715740513212,0.14411892892419267
0.12066216231084358,0.0652550277092703,0.07781501142492099,0.1341312052543756,0.011466120364678567,0.1392148255374167,0.07139901069617827,0.08176083571511598,0.1381037333690659,0.16019206761813407
0.1474698322221019,0.023777005869875488,0.17620941882308866,0.11705978370860509,0.13223203331530117,0.12103003592163646,0.09641245279631122,0.1507977099170463,0.007075633212372857,0.027936094213660948
0.2258851566110875,0.12824035755410268,0.06712001416424765,0.10111340703691997,0.08207082732429102,0.10898631901502116,0.029952893601080624,0.07238904169860257,0.16092382579298425,0.02331815720166244
0.2440567912546743,0.09220521749583722,0.08821968499338317,0.07164556954149112,0.0426510226628864,0.039160835120738965,0.00021787162714423912,0.12708696312418483,0.15261263658887603,0.14214340759078364
0.10454692710327733,0.16065312575365395,0.051678452183522065,0.010660486567173472,0.19410195695668558,0.14092839898487547,0.010065706831673757,0.19671569643706682,0.09524103911129875,0.035408210070772786
0.14956705918608146,0.13201127728980602,0.12473812601437931,0.07684785576150617,0.15047836715731158,0.13955202281056311,0.02019442765011776,0.08897879072964801,0.035025219513780854,0.08260685388680573
0.18488441226951013,0.24723486052040927,0.011849066106185378,0.023328880580602753,0.04239745831381296,0.01941203120818674,0.02218021365338518,0.20830129163625916,0.18890197619150423,0.051509809520144195
0.076619054657405,0.1252706167516129,0.04725884976925074,0.1112139953218894,0.13651424783922222,0.010925764975077282,0.12556460303175263,0.10921388958642708,0.08283958280654918,0.17457939526081356
0.1744066221727616,0.10130055425470606,0.0895245815424291,0.0813806500061833,0.04896555051694027,0.13469919468347388,0.05942989584009423,0.12327883316581831,0.04900440112564208,0.13800971669195114
0.048482802414624,0.1730525826404948,0.13061802382468563,0.15324846638456655,0.03233719254781887,0.12380826030679688,0.12868320349765655,0.07532148157558438,0.02054779026695329,0.11390019654081909
0.19087063412116562,0.12674094479857223,0.015580419230613648,0.15732862059975308,0.07380693227265163,0.07784972114747253,0.020434789924527668,0.13517779435280797,0.00570263934305825,0.19650750420937738
0.19031355789953125,0.18761803969713572,0.060759480530077015,0.17616219678060283,0.011926987182933464,0.006214312873697045,0.11089588268146618,0.17504064983306086,0.06261252575064165,0.01845636677085402
0.04776749373043264,0.12393426946839223,0.21054958558369058,0.0138529896997033,0.08663772475049912,0.19476570190203193,0.03867027228086691,0.18989688295279064,0.061586368283677966,0.032338711347914884
0.023778921571731317,0.19895350369933185,0.054473749269777806,0.017646862655697905,0.01948842971484995,0.18351817226276576,0.12322984073351918,0.12876246052305357,0.015454832891808865,0.23469322667746373
0.09069091408857603,0.07474475374079108,0.10448527750421521,0.11239707827687348,0.01842377721975556,0.1202757501708908,0.14576808433072858,0.14524652776762215,0.07492095492629046,0.11304688197425662
0.15912187092141467,0.14548646992804862,0.03865491980927773,0.09010725510611692,0.07273347373571758,0.03779542143848969,0.16391003404892968,0.18239926758477487,0.09128078587017685,0.0185105015570533
0.12152224496543965,0.0880546314227713,0.14248537528295668,0.06838427781302822,0.18544967777602847,0.08362582670776295,0.03199227676818576,0.04287909760324893,0.19149650579703825,0.044110085863539844
0.12029442379619101,0.1672127526553153,0.1541032211293554,0.03633927488311666,0.1762240493644588,0.13623181333602435,0.005404711985641541,0.06830745290900653,0.13432024947754204,0.001562050463348432
0.07729928390110198,0.13353298402135388,0.14488216400391504,0.053708874248323935,0.05444819408593309,0.13209204860550539,0.18929107831756248,0.06844266018637239,0.07747494122469605,0.06882777140523569
0.037042796871014506,0.045921405243224175,0.03541603188643216,0.1294691957524387,0.010968941673749226,0.2185000300459132,0.16588651164229173,0.1785292996462492,0.06189509082416954,0.11637069641451742
0.1498112092729023,0.0010688453837737317,0.16073666363431172,0.07020553556022892,0.02048228359105992,0.0882167062048934,0.0606983648243165,0.14922199869417277,0.10111658954751626,0.19844180328682456
0.010143906582624448,0.017417497258890784,0.18724589886361195,0.05890361520251728,0.11698103774739833,0.09069117418910135,0.09702747845138,0.2148786104867842,0.14984059045419834,0.0568701907634933
0.019403243847247363,0.05357968482825311,0.15309017920883575,0.07637203524400357,0.035805346950047875,0.19349896559116234,0.10538181718162755,0.07819527567472405,0.12541441753871244,0.1592590339353859
0.03518530884805022,0.12271524621040797,0.12750895124489323,0.04795876719338167,0.11704366967680191,0.08484245205632919,0.1327159505357137,0.11897844614385125,0.1511770446689078,0.06187416342166313
0.1135614039750638,0.06857843069979183,0.16438909768127985,0.15285994589399743,0.0003070032749048778,0.030901023297542175,0.1652650028742575,0.11227858088526758,0.0705897369537043,0.12126977446419067
0.13206269514054464,0.07234971704937837,0.05638561806492745,0.09195100943284867,0.17929122034354605,0.17185824181280165,0.042695812764513924,0.03329451730293295,0.041635972238356564,0.17847519585014968
0.1373748586880246,0.0794396712384001,0.07174793603195134,0.14607112100913744,0.18059820474230404,0.12714429291275298,0.04367687163009074,0.10037121749715792,0.0387305259941089,0.0748453002560719
0.03720119347520265,0.013973815884175086,0.17588547367818175,0.14986915041352655,0.09751013028982868,0.006697122490635986,0.07228746234355897,0.18342030142469185,0.20327960365303258,0.05987574634716588
0.14762767165739094,0.0434852976373173,0.02827549610162616,0.0014381398481953774,0.159030317251799,0.11865742139305181,0.06962494544366377,0.003022095778566948,0.19733432372879095,0.2315042911595978
0.10025330451748965,0.03105773099224824,0.13194575989174212,0.10196704415239899,0.09591716571679879,0.0034405912871461404,0.13781435104204773,0.14458669139319705,0.11006118969350155,0.1429561713134298
0.14238479279372232,0.1468708984175564,0.04864179127495292,0.03319211430390457,0.05115325322963546,0.12794537819919344,0.09590108451011489,0.1284614775194682,0.1414541221864184,0.08399508756503317
0.12417869143998854,0.045362993545544794,0.07966598361776772,0.1652977812086541,0.07525284567067646,0.06019746489264482,0.2276291195450179,0.03097601265167386,0.016468919138792937,0.17497018828923885
0.14620213183066486,0.04308051962346919,0.017422682196491728,0.10602068177357633,0.09217928382999056,0.10273408619737813,0.07187333525931539,0.10028527854043176,0.16207699361180017,0.15812500713688182
0.19447475668437972,0.17028018675580617,0.13139432337188434,0.010584922760417741,0.16451185764053355,0.22126497058218986,0.009707923281363173,0.044894618851039354,0.02603972473663784,0.02684671533574825
0.1690275568565596,0.12234783919796474,0.08255062256936066,0.13882703752026707,0.05545638589487945,0.09230357882112704,0.17334388921389374,0.0769467741643282,0.038089991702125355,0.05110632405949398
0.008128006080288408,0.14767207418425873,0.1556030269969782,0.11987025356814,0.03600724181245019,0.12122496945986619,0.007006912495332234,0.21634269264569153,0.06980372656530323,0.11834109619169123
0.09664309731032816,0.12526284408414498,0.10046044850785928,0.08743675888331012,0.0432585646311489,0.15753377299568844,0.04627697421136818,0.1413652913554123,0.10724980600353592,0.09451244201720382
0.08944791413566298,0.13050637584074107,0.09219058524709058,0.021927997623892165,0.08702431428804396,0.1396991940197379,0.1585639249583593,0.09971620556790985,0.1401890308213315,0.04073445749723074
0.10727714262084438,0.09825645300722705,0.1813009503279646,0.03110177035202483,0.1717259929788938,0.12312935421669895,0.06479502822204457,0.004942520537504365,0.060293367865166425,0.15717741987163103
0.1552617430706297,0.14992639331699942,0.16172682095664725,0.055140413942773636,0.11397644081224705,0.012735426100300882,0.0017871155110452414,0.055023096732637895,0.14436433964436754,0.1500582099123515
0.13549010758144467,0.046693692593763804,0.12881606485451857,0.06815480612892497,0.0336336915916729,0.11343969799118131,0.15583903246556252,0.045735257036720954,0.15206948382613894,0.12012816593007142
0.12437375797665978,0.18738877681431274,0.13038042992992657,0.0529348644593118,0.1448769970174865,0.19337057396423052,0.0005898687264523724,0.11880610091266619,0.04085315844371818,0.006425471755235242
0.14969553517949472,0.07116492004079725,0.08364046381239787,0.010651824304097876,0.13946083402809975,0.09866376277195826,0.08043186942599524,0.15000480553119105,0.11208833859199906,0.10419764631396873
0.03681811613636509,0.05539612235048812,0.05487781693421847,0.15726386655032343,0.1284791326568685,0.21707703398262038,0.15626606557370656,0.12651037127302564,0.015567620533851021,0.051743854008532875
0.15848325960255746,0.0728615503176774,0.12375168782220099,0.15997779319242492,0.02804033020614761,0.13296470581254943,0.09789844181447008,0.11154187502174463,0.08440592088636831,0.030074435323859224
0.08993661422680836,0.12071787775910121,0.012518656128132286,0.10530327172037661,0.11741869093691033,0.12305968420182964,0.12718373405229386,0.12050314321344303,0.0984751831050738,0.0848831446560309
0.14800858499510863,0.06652719815048008,0.008411673494086686,0.10838416626022766,0.14593023589034135,0.08367631334431196,0.1173221756612528,0.10908236935496324,0.18112906328361283,0.03152821956561469
0.06335687575399912,0.16148055568826952,0.11339222385115053,0.07718761935181091,0.09516553172133078,0.15707648573310234,0.1083037313973197,0.031303432838394506,0.06382942611206083,0.12890411755256195
0.05314657580291124,0.07039324711010961,0.1319156585847117,0.12092712785196502,0.007007812351483595,0.012515542945900952,0.1960214284587185,0.1775756064079464,0.18074995233930702,0.04974704814694602
0.018326473397659537,0.08420627279505494,0.18415839571626264,0.20860117643326107,0.039416405703286236,0.1839289842852471,0.1954903251268971,0.0385726513158326,0.01355009648995817,0.03374921873654063
0.019898485015162434,0.01745775303078037,0.08371713569203174,0.04418966987348393,0.0742511770002079,0.18787804940245958,0.16067342265147413,0.1368129904168855,0.12342224119889197,0.15169907571862246
0.13582011488028697,0.006149963475036612,0.021280917618149597,0.039182228907570296,0.21253969816249987,0.21853361607000538,0.0944078850834655,0.17710331337928095,0.08179315534739966,0.013189107076305242
0.05981519251304047,0.054002860972891704,0.07036837250536764,0.08154514575792018,0.09182639285302732,0.18543256907503852,0.18664937548530947,0.019368851138486066,0.11300808006217,0.13798315963674881
0.16464938354084102,0.004678365092165703,0.16757508272734659,0.16769393604112412,0.17864087220237937,0.02470187669847072,0.06001613903175185,0.04612826563816881,0.06394097861350513,0.12197510041424654
0.09614994891649156,0.09641326778417986,0.13837349521765188,0.025794060194363883,0.04543489949307877,0.14797933954620757,0.07793211356424283,0.137160994939923,0.14540879909597237,0.08935308124788836
0.035896605810719094,0.19669834656143326,0.14589578688211918,0.07382627600890858,0.02148165157371065,0.18483258875995412,0.10393235028653293,0.003755896439433403,0.1521727780571826,0.0815077196200061
0.215460684692796,0.0392841620760514,0.005397413505255903,0.03392924751606873,0.053798152962654444,0.19284630472079875,0.20194593368040728,0.1910879316470893,0.05027338219452482,0.015976787004353434
0.030231984407900495,0.08690204456634013,0.0680291023659271,0.014728037623986775,0.14926142691236297,0.09304314500428221,0.11751721558588674,0.15269663596888944,0.1662610664842506,0.12132934108017365
0.05666324215367418,0.15074168157957815,0.06123594570128019,0.16441995868413165,0.0718345979016349,0.09066124202484442,0.020089564358369887,0.20642838846618547,0.07979438010340224,0.09813099902689901
0.24908325567273967,0.15440484785630265,0.020164768700186218,0.00841137168681745,0.15532473872442545,0.10521022421829265,0.03338478314413224,0.14232677584974465,0.020120423684222326,0.11156881046313673
0.17756231266943234,0.1711917796242589,0.01730496904296998,0.0013923269204814367,0.20714818271845226,0.11987597076910668,0.019778408456889624,0.1446667706252338,0.07865329266269595,0.0624259865104789
0.06315897820063324,0.13939520902549937,0.1267763296023856,0.050425324862534954,0.062218962029359795,0.08684859567042079,0.13611627067064191,0.09845932277913357,0.17779178600491932,0.058809221154471396
0.16691987299617095,0.15078463558844094,0.02754551043830342,0.18467946814134528,0.00455835746208515,0.003435798539689914,0.008390288653478337,0.12616441430925104,0.1793051260207533,0.14821652785048173
0.08301573141739794,0.1270982646216024,0.10269056045713969,0.1159273444338969,0.11965170371730084,0.1340645017062114,0.13486076962440968,0.03203782052939621,0.14320335800941808,0.007449945483226966
0.05118830844015717,0.15877865354288226,0.03529768428461784,0.12009998379058283,0.05559784740484982,0.16636343136170761,0.07539513831737889,0.037076952435182046,0.17386997487357608,0.12633202554906553
0.11678406124461424,0.18880480708384492,0.08595298922902425,0.12313758433195686,0.013625933932651347,0.18545316895661562,0.1558869352011082,0.04580077790663679,0.07180096015190282,0.012752781961644977
0.03563101884449576,0.1275948800385837,0.056841874395996715,0.0310797640327802,0.022516545294381993,0.1574503316278784,0.06691085328787616,0.17989342379947362,0.13487490355926599,0.18720640511926756
0.14887261713100605,0.05888964189222101,0.12627954420569928,0.03483974565219317,0.08795499635393624,0.03397190871679914,0.12415175932998467,0.1504817569212284,0.09161583930808606,0.142942190488846
0.02959883839485004,0.1394676037830864,0.011785015242728158,0.1483260500377675,0.1759959196003087,0.08360074328684569,0.10372569507238656,0.14770400802624709,0.12575128391443133,0.034044842641348515
0.11275107628136728,0.11215691746242881,0.12439043063799465,0.11705424762050658,0.09955179430377963,0.05271902669852613,0.10155684052036995,0.009385426579264174,0.1398612841366954,0.13057295575906736
0.11485218539419143,0.13966102438379277,0.1090957045738739,0.01666404162132641,0.12627073797159952,0.14933118772302956,0.07802131742120759,0.04772114387295433,0.15550480838402445,0.06287784865400009
0.008983138782037412,0.20929942734394089,0.09392722334049579,0.10010529165556005,0.013936187182339656,0.12358122472351338,0.16523115833492316,0.042683524664133714,0.23423941664399878,0.008013407329057125
0.15967425881442301,0.09384105411630322,0.07639486308809167,0.16750468892841672,0.14440323788018228,0.1061993335806801,0.10757547194898454,0.002926701713909004,0.019872649678164284,0.1216077402508451
0.08649693011439263,0.03469059652343717,0.11896730737293189,0.15511294373668438,0.005526929495013602,0.07804437417994893,0.16716036126671702,0.08280302012671799,0.09925333837814689,0.17194419880600945
0.12785760890049627,0.07166384113178254,0.0049537666749721225,0.11407334811703217,0.18751360457704408,0.053441987450935244,0.11529102000982827,0.21154035618107728,0.0795927484701985,0.03407171848663341
0.03724877128815017,0.035092074850678105,0.024067367915261335,0.10292932817742241,0.048502725887139046,0.13959385526328472,0.1686642882828276,0.07584628077056872,0.15050663975029974,0.2175486678143682
0.08743652753855817,0.009873753701941755,0.021668763696818288,0.18016756423809976,0.002312413899008514,0.1574404711092405,0.022396949998803276,0.09149966263517666,0.1903975095353153,0.23680638364703765
0.03937049040266968,0.1465986128911162,0.18101371337114303,0.11286294284557992,0.11365698862960831,0.015750202118156642,0.07980411195825922,0.050907800356618904,0.09871612064062656,0.16131901678622143
0.09507709963064422,0.11883197249677742,0.013051688490096594,0.00592541069004658,0.09497356732419693,0.16536108396205665,0.1926004162579755,0.006119781960033636,0.16428795896576218,0.1437710202224102
0.0731362831416975,0.14459790301824943,0.1637338857633673,0.07324563635791981,0.03643353610442822,0.10010193244069003,0.10695505065482416,0.08176596933686643,0.17054312796892185,0.04948667521303526
0.15989549030313818,0.056711845433883176,0.1357722547919824,0.07784071845170709,0.11842001419061325,0.08988722768266853,0.12716680053572707,0.166155268951565,0.05638698169254744,0.011763397966167693
0.008393756323739957,0.07702512311200276,0.18182467286731638,0.1016621565841137,0.006365780823359094,0.028045407906414015,0.1524569430914843,0.2092571814361213,0.13221908534082472,0.10274989251462387
0.08168868139666116,0.1281891421135412,0.1373972629535937,0.012586361580425818,0.14531152616081783,0.06383567074397262,0.04968106178493147,0.08938390607162829,0.14773350939966604,0.14419287779476195
0.028544541141858424,0.0905793053397904,0.15221728885238506,0.12388127346193269,0.09373246331531038,0.06929215902134028,0.08812692746460594,0.17892198407802243,0.02660867738567579,0.14809537993907865
0.04518492128976885,0.14160185772877434,0.08424899720294445,0.126672283658034,0.1772462226717242,0.12675462336278798,0.14873311784837193,0.08242292975816576,0.05190804602035718,0.015227000459071384
0.10485231914814383,0.07903207248767927,0.12753535210348713,0.10186423437954474,0.03481421516263795,0.08961630686003805,0.11679542875456271,0.08904216176743368,0.11458566125158262,0.14186224808489
0.17044874855324704,0.1505011554348044,0.02022215388110962,0.18986214044695054,0.01543468933601743,0.21201765307146272,0.09821364774370193,0.0980006273237686,0.0009313429396358246,0.04436784126930183
0.0435459530159974,0.1617935871178517,0.04527070136447773,0.051512593785677206,0.0701344303606992,0.029723134230135485,0.25779418056794096,0.07307516140048984,0.14602244299770548,0.12112781515902514
0.1098490252067678,0.12301151351860341,0.12084015405670137,0.11350066534028114,0.09468762430110518,0.06937818691935864,0.14346218602986216,0.132555143476546,0.06147635078152268,0.031239150369251623
0.05114138470136373,0.1385123046077071,0.11623443003352696,0.07735454944984514,0.1131894273477592,0.12340499785349664,0.12408851032659408,0.12631416393373754,0.0017006296447336672,0.12805960210123582
0.08564528209181022,0.09078908250294299,0.15056055414866337,0.13166614494618145,0.13841548304049006,0.05514341213180715,0.0915454673981597,0.013686531557028613,0.03367127215402348,0.2088767700288929
0.06567776281370058,0.05061703947184776,0.04159048461649606,0.2108024715678743,0.07288504484032668,0.13867399296346447,0.01855783630094968,0.21343023469526742,0.011715586017760809,0.17604954671231232
0.16351494110170106,0.1120250463698218,0.036277831190180215,0.13571000691759144,0.04178869431503569,0.14632992710067205,0.15418554067144682,0.003792949484774554,0.06701637815393209,0.13935868469484414
0.12924291257740117,0.13475064381827334,0.023171107990294117,0.05540273887985763,0.20179239391429782,0.06996570978114408,0.048378858693267066,0.1768857619876167,0.1523677444562061,0.008042127901641983
0.148962452896427,0.1335013074373609,0.07933212018097756,0.10888746013314851,0.060252512691137045,0.07301343563998115,0.21687114180161332,0.05732465680634132,0.07984686100511808,0.04200805140789524
0.07289594726388654,0.1288596814834937,0.15486285030130417,0.030003868603842836,0.024278733782164726,0.13836219109816866,0.10498889382110724,0.07840213075587517,0.15396950190994035,0.11337620098021665
0.09205677814325004,0.22282778533573774,0.18919127487952916,0.02913571753754839,0.06250819963673056,0.08667324564528174,0.020005988106543547,0.020204632052489617,0.13041581588844736,0.1469805627744418
0.17867101214270095,0.06916134459583255,0.03123919966850858,0.08700432887952082,0.1377288447351872,0.16655954665365683,0.08357570536766674,0.16559674984702585,0.020631827260105547,0.05983144084979481
0.09076490855153481,0.1950084581664646,0.11315322088404366,0.021150241844041195,0.16993062401550962,0.029804519783591436,0.06093249856468846,0.020675457307371373,0.17075785379919187,0.12782221708356303
0.015944874300852487,0.11534522885475218,0.11162904632115189,0.0382918326653807,0.0910242376996979,0.16560116625787571,0.10460346843428792,0.17650958779131712,0.07809887052854088,0.1029516871461433
0.11175132156431612,0.08070311278281118,0.1052263504854605,0.14558917350821576,0.04923082526534033,0.09713407282143197,0.0008579012534838012,0.20414215715536915,0.07073160111431644,0.1346334840492548
0.12323294790974909,0.1688358597891443,0.035122217367575745,0.11053857226743957,0.13533702460085326,0.17319076602805042,0.0019878704245333235,0.16773446718765042,0.02621001647467356,0.05781025795033043
0.13108008650106634,0.18775184800932318,0.024425127703602202,0.15848844064152656,0.08527902045774975,0.14899348207463797,0.026984265763519734,0.08147679576286018,0.08745086592386156,0.06807006716185254
0.0605468679180893,0.010881964704767773,0.12461272729160071,0.16789896395782786,0.11182022547583788,0.09721617564595121,0.13751831228982753,0.10217038839905183,0.013436556071677819,0.17389781824536815
0.007831365649387993,0.1318592802185089,0.06685361592753342,0.1984413643756425,0.07268327618354041,0.03219785312051777,0.1670859458081228,0.18607529072024415,0.047325374947302094,0.08964663304919993
0.09784575188211057,0.13500896980384466,0.02488031192370674,0.15716131963776742,0.02165613132685478,0.1426573818954477,0.0496895932476807,0.11751056995296377,0.10233921241867,0.15125075791095363
0.06665370238149715,0.25078290587934976,0.16820246688314983,0.02837257918922077,0.10975114518264835,0.0011999410833714512,0.12431403491881914,0.11049246429963162,0.11212023451607019,0.0281105256662418
0.04105665573121487,0.14159839421050724,0.05230139421170844,0.12653243498001499,0.1135456154067077,0.14179970487811333,0.09159064189893154,0.10961575414992257,0.12147274284952135,0.06048666168335802
0.02986958851148151,0.14736052303444994,0.04298389905662115,0.12863392896155856,0.14963655048447413,0.15423325650978123,0.06969757256770456,0.04122199205929436,0.15141059682609403,0.0849520919885406
0.1706830468984437,0.04017306638198362,0.15204318038354153,0.13060917520106483,0.12084962683350153,0.03449986173093441,0.14104057865440137,0.057614747332067534,0.022040590893812544,0.13044612569024897
0.021540880518090593,0.10186181510331414,0.013372403817153516,0.09595223935008809,0.14748179799906774,0.060346329873815274,0.15124154524311237,0.133464185083112,0.15988705221055677,0.11485175080168958
0.26889446026495895,0.009695555335302513,0.26224384134018947,0.15873717775138624,0.10621646238673087,0.05137679007401125,0.019551546794421584,0.018243441964040274,0.01994575668077198,0.08509496740818692
0.03094323909732723,0.11252922456602199,0.12682121084119627,0.12958926298605764,0.024215471523941236,0.13660054059734483,0.047432916001363415,0.16564034368306846,0.13538846075578923,0.09083932994788996
0.02733413474173845,0.11440306321556351,0.15194104301711014,0.07730604745525159,0.07976373703549966,0.15588379675266065,0.012922968420951805,0.12068131123929217,0.13282666643463376,0.1269372316872983
0.1459988848523686,0.033314828989281335,0.052934261255891665,0.1661995776030208,0.16550501134868603,0.12128590665234569,0.10254636310736945,0.1104885687639935,0.07311795447575921,0.028608642951283587
0.18129243821159177,0.029264372602788323,0.08461424702290928,0.11636793575603077,0.09723119775745141,0.15423244047490708,0.02208215119566159,0.18939144870074162,0.06541605441480483,0.060107713863113275
0.09204203576252255,0.045040457112695303,0.1274085312204004,0.13639023886678373,0.11281148461476755,0.16357735904082146,0.17107181757073012,0.018111630967782278,0.08402426376380714,0.04952218107968946
0.0049466040526488534,0.08543311017491112,0.083307491952717,0.1697437586794309,0.14710562513396896,0.009497959402892076,0.17698219389407907,0.17157778637657264,0.1319095413036148,0.019495929029164655
0.1590651922732822,0.15243733880771623,0.08837120858524428,0.022500641311899727,0.0826741223255549,0.03399465193949119,0.11023561585789031,0.1419832290426175,0.0734099448750781,0.13532805498122563
0.09614157023267621,0.07844752801397717,0.167136968477777,0.006078173202075085,0.10287105055725215,0.11353936945110708,0.09408762355379842,0.18704289820061834,0.06730538145643453,0.08734943685428384
0.1208113767536993,0.09755802074775871,0.13793608421220124,0.13525076858062468,0.09899100409388367,0.012025074129251027,0.11737685606379746,0.14719582240527312,0.006288469398587356,0.12656652361492352
0.04600579434289081,0.16013773696200503,0.10398385962744645,0.021224712189910244,0.15560518682925736,0.11938085586583891,0.13856391821643596,0.11498716975036587,0.07267149602197194,0.06743927019387724
0.014960648142589817,0.09099750976125638,0.1756050507213545,0.046860673216765014,0.08479889210972676,0.1751146946409552,0.18879504082610601,0.16260178480459947,0.0566816039365228,0.0035841018401239245
0.07465870514029249,0.012429751665571502,0.10834437604314838,0.14671660529964806,0.3035069866553112,0.05576950721553159,0.001508130073790391,0.10443255200753401,0.008934756306015186,0.1836986295931574
0.07712597364319031,0.1922969238970971,0.16916539020669868,0.07262827115091915,0.11576900042226261,0.10985725233659556,0.11491232634657379,0.11755801943380018,0.019757733962290292,0.010929108600572139
0.07965225672618116,0.09105479472110306,0.1031111616733803,0.16012593035951092,0.15237417066301367,0.08708589023967427,0.15246580448666483,0.12260719336797324,0.0016432459048340428,0.04987955185766463
0.18399382473106074,0.10726929638789494,0.04475745033176388,0.07197683321949155,0.04226294600609686,0.1698929604078138,0.18686587227114032,0.023728244350324508,0.1687830863864369,0.0004694859079764785
0.11480827558749107,0.1037019661336735,0.13075147176412602,0.13622220561713938,0.054865696459549695,0.14043482426209217,0.06677867445044015,0.049906984691679236,0.12140654667705811,0.08112335435675062
0.14111540626338814,0.1421810491359324,0.15628592289119123,0.12675173181645144,0.12701257219347115,0.001088336301128559,0.09105010993653188,0.08257552454325481,0.05292795565486632,0.07901139126378412
0.1515918315730672,0.07869219610826292,0.03192924952190928,0.19501217595447212,0.1984568500680857,0.04084975036690517,0.05155918662381061,0.04312463635865023,0.15473995129634646,0.05404417212849032
0.03392771651274149,0.18199352850875053,0.05327170611998114,0.05344856124135424,0.07922316560588671,0.10662719892036064,0.20019863677298416,0.07242216481026746,0.0912266871443024,0.12766063436337122
0.055760318621527964,0.11040707161598959,0.061533654896019516,0.07557990543110582,0.053277969304357686,0.16029756458515781,0.1677501401151511,0.11120691633888435,0.06191045655870949,0.14227600253309677
0.13180002166991786,0.243639031571965,0.02322665832866482,0.07047620729529862,0.03412739483642766,0.13220509912487083,0.022391930349125025,0.2201651787712258,0.12081317082038481,0.0011553072321196256
0.05795226006282804,0.1407590217989364,0.15340950552310628,0.19881024821792687,0.07406136275413094,0.11286186444043877,0.07810646554610692,0.0636659184008034,0.08909935515973719,0.03127399809598522
0.1036046053453909,0.16649069962810722,0.021421992089824454,0.18638630218691854,0.05797567685027006,0.05868753115251956,0.035360163836049334,0.194655742629336,0.15912373623950923,0.01629355004207452
0.12207105381173122,0.11857319945782913,0.13815055909767626,0.0008312772317560246,0.12253348037027352,0.050103064047961915,0.135356242578858,0.13257258090504984,0.15665192641439124,0.023156616084472843
0.13270218498073513,0.013862958297421579,0.05155522768052916,0.1481494400188217,0.12789433487984123,0.16757848592191812,0.13294737428331557,0.043164407153152784,0.035189803585084924,0.14695578319917996
0.17302507168969167,0.0858252610220309,0.041173735148225164,0.22484192861355626,0.03482618410630445,0.02672892310790963,0.04589690163798805,0.11947519082174941,0.040879560422206446,0.20732724343033795
0.1135524391581535,0.22943966426696608,0.033465378804468066,0.039646883325950476,0.22717501342079366,0.1148211147589588,0.02371411138620061,0.09682274535982904,0.018595436437622105,0.10276721308105766
0.08431726969672376,0.012354939873984169,0.10707158126204012,0.06943697433208888,0.03158849424540165,0.1296158807208871,0.13324270605312546,0.12208162405354643,0.15701733142007604,0.1532731983421264
0.03385695575649331,0.1218572633017204,0.16155701994577623,0.08623442304543802,0.14276391248839215,0.1573774099033283,0.08242358293585299,0.0870930400272233,0.00837142522200414,0.11846496737377124
0.006070945137594541,0.11344324867000906,0.2032107845484353,0.07184466784883504,0.2023697252573327,0.10452022996656132,0.03957136236609901,0.06775503836337589,0.03533303999076285,0.15588095785099434
0.1467243764595586,0.13025029029145335,0.07903879044230516,0.09546862951820984,0.12496998770579106,0.08196814695035236,0.05483123566010438,0.14008815717978437,0.09496170277586839,0.05169868301657264
0.050035278334441956,0.06069725634862143,0.05658871814861899,0.15536342754913254,0.013574715980595436,0.1268279485852867,0.0957636845255265,0.1207366761910826,0.1784224454465624,0.1419898488901315
0.06991887549968438,0.03398066176571852,0.1530798675277289,0.13938038183162332,0.09868223434620295,0.09956260311209204,0.010541069363490934,0.17267112911899543,0.1639463345349203,0.05823684289954321
0.05969578540827224,0.13202845627027707,0.0716338645657115,0.15255974048983692,0.07420440377658313,0.09500615154237518,0.1384935900035907,0.07764963363049245,0.17360172581686711,0.0251266484959937
0.016792959545215133,0.14163648570368664,0.15822973636719126,0.11258077063050334,0.04108832807857819,0.14805051669007993,0.039583981768497666,0.16037881061175835,0.14192963341941786,0.03972877718507178
