i = 0,i = 1,i = 2,i = 3,i = 4,i = 5,i = 6,i = 7,i = 8,i = 9
0.0239693654339674,0.0625808312895992,0.15322291761341197,0.12331766692473359,0.0749676693992285,0.10666913016500237,0.02198434769396585,0.10885385363473651,0.0997144177828048,0.2247198000625497
0.1538584751087979,0.025804539999979514,0.15088424773862327,0.055352785143564925,0.03647435791523399,0.1301820700298973,0.1666273976967155,0.13492865103036,0.10076800058439091,0.04511947475243677
0.05255934687360904,0.077911972043077,0.1921529555955015,0.2044100532514339,0.08397148713178977,0.04903183381972154,0.13642944478291538,0.10948141060042821,0.04047018963704577,0.05358130626447778
0.11677128365497798,0.010421961715225045,0.11135279036656164,0.2009007294537916,0.019529562981642358,0.06213043045341279,0.007968155761549554,0.07750674757567835,0.22004675855707823,0.17337157948008253
0.07995551703060294,0.08795145642661485,0.0735342486239872,0.050777030321870024,0.09101433277888431,0.10937234890158747,0.17343403635034463,0.16109964321663775,0.11224785454888167,0.060613531800589086
0.08813373049236606,0.08892934691634592,0.06775036038189967,0.12905267465301465,0.1285180972040539,0.1642770667163188,0.013766137422175697,0.14999338432015027,0.047932883117593264,0.12164631877608155
0.0036462172359830133,0.06685944682853469,0.01439211945943338,0.08473544273056856,0.156017531822729,0.12781473729796863,0.21694229198535986,0.016234178950368765,0.21509227965039185,0.09826575403866213
0.013903878899264227,0.1654235625143088,0.1266672266025498,0.10068354285600246,0.08451230729404761,0.17756521785748308,0.0751563844490268,0.11587636319873046,0.0589917034292856,0.08121981289930123
0.0583078358928444,0.1624019768444427,0.11115634271987253,0.10963709390291149,0.12397534018164585,0.10045746113232995,0.021854611461242218,0.07857232888119826,0.05560660872140129,0.1780304002621112
0.03833845533754148,0.18177360384407143,0.04988347645151059,0.08416037675753613,0.21879026079603514,0.038926435149599495,0.10776111834494063,0.08629226249053903,0.1303538681938525,0.06372014263437357
0.1601375828237304,0.14856485813816825,0.1282428897288688,0.1128000961681011,0.13709877121256153,0.13028903331842337,0.09091286544774296,0.0654662435908401,0.01335695087529791,0.013130708696265545
0.11721727288516992,0.15200886574305703,0.0015237453228917942,0.12341329649444052,0.11557976320820003,0.13260346645001167,0.12684778392456872,0.06823082728068483,0.040708965874285484,0.12186601281669002
0.11696678202726736,0.02532996326878611,0.10065561439079121,0.021482880650012696,0.11261227246294105,0.11539003469365962,0.10952915981592577,0.18553537114743562,0.20035744479549358,0.012140476747687128
0.13388217712557485,0.1725207363972403,0.06849347608699695,0.08979930721603643,0.1376632305836409,0.10988241244276643,0.04469869992324031,0.062049754974367044,0.11954132118753252,0.06146888406260425
0.13743692819910164,0.1287212054659638,0.06123935359934492,0.14646215448058902,0.012647243841199127,0.11908090005786202,0.00724467414836867,0.12986597311930378,0.14792677487814598,0.10937479221012099
0.14995039027310103,0.1413862089157049,0.11812482159510951,0.04839574333508028,0.06385443805138989,0.08400846524810535,0.16576832077084055,0.04108482316092699,0.08804619029021404,0.09938059835952752
0.1234474744970462,0.12767972345342563,0.029924221571902793,0.025255457942918006,0.06569102127518929,0.08084404103292343,0.16699592585487763,0.10210680229734041,0.11572214952003163,0.16233318255434484
0.02216427035775274,0.035184074413877754,0.15387505331614101,0.21122760448914304,0.04504300012320527,0.01746421788086152,0.09954147982823251,0.17337894290947006,0.1751857553606446,0.06693560132067145
0.1197972147348424,0.06914448398536778,0.15850065098921157,0.16548621996126586,0.11678440522645138,0.04913136344309295,0.04676300053816633,0.09409496697701493,0.16884859298130714,0.011449101163279643
0.21402744663749976,0.07810463316841135,0.0332079764408059,0.04180828948515745,0.017743587627915704,0.11255937242196587,0.14156871647351787,0.1445051476140744,0.19280100177353388,0.02367382835711785
0.20172841055458782,0.02761762447910519,0.11037199759117813,0.05037051550528145,0.09272313207160697,0.01087520420281569,0.03495118296293779,0.2043389257692026,0.09012870237730973,0.1768943044859746
0.009493184869083958,0.08464834947305258,0.05723616977763913,0.12734533405464515,0.15444312307470923,0.08909737184977154,0.17590085236200156,0.015063936150081616,0.22393633443756875,0.06283534395144649
0.14865564534300205,0.12396129779998387,0.1868214258504377,0.017582106445916873,0.15629656985686802,0.022038752822596746,0.2125136917443314,0.022674339795214524,0.04775783419339876,0.06169833614825019
0.14986658720846818,0.04303616111868342,0.07276524828798298,0.04029944367995707,0.13259691377249927,0.14789087163269152,0.13384037732300266,0.11570533470061733,0.13071503632421244,0.03328402595188509
0.10160030578929358,0.09693849859456774,0.17275076880263826,0.0689473573147664,0.16045700873404659,0.05678288159359413,0.06490875384859066,0.09810721782990281,0.016104089733049214,0.1634031177595507
0.03555948584740156,0.22977703679345943,0.1303085466544,0.19232239846694052,0.10731528597485178,0.003989930894430858,0.04070557085041406,0.0011619657951760097,0.17388489711373567,0.08497488160919017
0.04687061073913447,0.15758909378159391,0.14989952070996385,0.134453743152389,0.09686403714329188,0.07634761254320878,0.03613472388234314,0.06362625557932212,0.10719966099112754,0.13101474147762535
0.1598172644365346,0.024638605979778593,0.05607761332139536,0.19497614488795428,0.16356961814460977,0.08754180169428542,0.005072310719921506,0.20165863583355131,0.0793705391777758,0.027277465804193275
0.03130351924252168,0.13482967238932142,0.12935998880842664,0.05365357591573527,0.14743836599397853,0.0666813504601659,0.11264011439592131,0.11966384419120621,0.14442961972924348,0.05999994887347965
0.06665089746462094,0.029672684916506445,0.1571525023992484,0.1518283704584636,0.13377271066992766,0.15208171577522214,0.06612673001892606,0.15484501971664255,0.07397088908438391,0.013898479496058193
0.039266628322008536,0.1684796920788018,0.03843879282761202,0.10444980415933268,0.18887079401731102,0.006337571165107274,0.14987547810571678,0.13725673178844675,0.07671691912836205,0.09030758840730103
0.15629492531211078,0.1559784503852081,0.0027395033230463296,0.18709969010930044,0.15890631233697516,0.17385712945903667,0.03561540154307689,0.030451392565001484,0.05121806850290928,0.04783912646333493
0.10264189389414548,0.07109722114193581,0.18438631925277163,0.16711386731727626,0.1833741514326749,0.01801637334681469,0.07477419953592185,0.09336176623431543,0.008677463257823944,0.09655674458631985
0.15062128218708776,0.14090804269249638,0.11910219079207812,0.007788713417379464,0.07597421820471077,0.00998436495992169,0.16945404368364245,0.14321559742098078,0.13077445547983102,0.05217709116187146
0.1426569654414245,0.005901116693459905,0.11916445370346812,0.11220287661551191,0.11655385026267397,0.10514530083428231,0.13400306692537073,0.0786022620806232,0.1005106036818319,0.08525950376135344
0.041768478271743056,0.1904511275290638,0.051584324824769004,0.034494054159067034,0.07040576392774507,0.15351512227058925,0.01787165136659319,0.15112361133281135,0.2283991395136317,0.060386726803986546
0.115103245322629,0.014160645338208865,0.1695250183011655,0.06766263164094063,0.030701862801907,0.004683990254438861,0.18719172289679556,0.039884552573532746,0.19607440447373264,0.17501192639664906
0.2221901368343815,0.105187396423814,0.0477939245355039,0.013143588661703544,0.06974645631508648,0.0754614452542566,0.06241429822809161,0.050609307765352204,0.18236149195022971,0.1710919540315803
0.12770459043375673,0.11664260592311415,0.12652728367747018,0.08197848625401791,0.025042396804712094,0.15150525646602328,0.14000156530189972,0.15967125045701128,0.01844161726675537,0.05248494741523928
0.14305383295048676,0.09819200849542728,0.1295729606365222,0.1190475850298748,0.01935589162123146,0.1493520869520808,0.12157705870047267,0.12386548726691794,0.0034629605114015753,0.09252012783558466
0.049936243980879216,0.02529208108921063,0.08187947428261218,0.11922364650116767,0.08348786913484399,0.09754090444536806,0.04796020566466782,0.16297742450940675,0.16685569284582225,0.1648464575460216
0.06183302947465134,0.1711082364342321,0.21258723023120904,0.16960388388987063,0.07085599037672687,0.013824194702913881,0.10666651107114283,0.03870686409616953,0.09366606921482076,0.061147990508262966
0.1343211859329043,0.16764075165714562,0.051922108391039556,0.1915487331007256,0.001382940302889098,0.11893912215507596,0.0048544788332457005,0.0735929938427108,0.11857315034722608,0.13722453543703725
0.13553884746635395,0.09246959789070283,0.07861248957915937,0.02967812009712979,0.14533976333386708,0.026229551091143714,0.1407267834751471,0.11733417942774599,0.10131415633610773,0.13275651130264238
0.017549795192964558,0.19535397417667758,0.1705434606292471,0.05727255198895602,0.06979793755862604,0.009382642687065729,0.15657148128407533,0.0583429219451834,0.16902387782489997,0.09616135671230423
0.01543005691795483,0.16592158085751996,0.045611763319939325,0.13932010359132702,0.18969507994855786,0.09418657906873962,0.10739827938111136,0.1631529614537276,0.023484790360946722,0.055798805100175784
0.04676846516560272,0.16863515614759508,0.19012847488809337,0.007091034496693981,0.14513773702112365,0.07501519221776994,0.02515171609824848,0.18060436718381,0.09820858346203101,0.06325927331903167
0.134507341334195,0.17492925344441587,0.0843780319179848,0.08047432779856346,0.07998117235026111,0.008434923038980654,0.03678864217692588,0.16959562978909115,0.22082815096853903,0.010082527181043141
0.08395704850506475,0.05448100111944914,0.01769317231802298,0.15042537330007402,0.13723391126992546,0.022410516756002394,0.0996181525923905,0.13188800764803413,0.16965341463909944,0.13263940185193707
0.1909251490356631,0.08876399952863545,0.1557891963171361,0.15802999912610338,0.02294979616982055,0.1322305396209781,0.11808197441477078,0.03386194967118985,0.05779256110794068,0.041574835007762004
0.06564145341796059,0.16368605257802207,0.07889144132193031,0.16771592242547523,0.18647164152932263,0.05130336659066492,0.13027277454028308,0.0904495965184288,0.06025831126663212,0.005309439811280244
0.08442587614163315,0.12553053568308506,0.04155572824773014,0.1396469384272371,0.10695905890637841,0.05142969464704702,0.12514349792346482,0.02807260073952802,0.14897102783702293,0.14826504144687344
0.06712930507041474,0.1825589835871615,0.12752111448834894,0.10014622056144061,0.058902959172200016,0.04971826732993949,0.09256439308647943,0.16757026300644323,0.1295854731926611,0.024303020504911
0.12770976872975034,0.09894742465169797,0.1320980862855245,0.14856001474483585,0.1369819786636423,0.12943110886424056,0.1343358577756142,0.012142491447583009,0.07726640875130109,0.0025268600858101126
0.13688558709864593,0.06676844336662915,0.14031733167212146,0.12083825001458927,0.02567568610928976,0.08071906298377246,0.15409951696893248,0.12631706977900706,0.043030724788481745,0.10534832721853069
0.23710945019090704,0.08272294306775514,0.06492385083818862,0.21799332419141265,0.07005940846508799,0.057395579433341545,0.1277548961014844,0.041607992648906356,0.09025990094173184,0.010172654121184444
0.057263506644655404,0.0185930586885762,0.0465122108039147,0.006538561509430029,0.10689163193551025,0.2293432108426049,0.10000629124075738,0.1912534172934377,0.23421262203087184,0.009385489010241525
0.048645147770004185,0.16074246375689621,0.17714021163961752,0.17289547296364585,0.08974021013226341,0.06331570935648798,0.016245885250719776,0.08141466358717625,0.11721420161705712,0.07264603392613171
0.09095962102380646,0.0965604050403953,0.08476604695075372,0.09245457169401013,0.13323842706881664,0.09957303923473661,0.09999659899195006,0.09333326352872666,0.06957729999812505,0.1395407264686794
0.1247861577252045,0.17859329566443838,0.021514922712841337,0.038051220754650304,0.08566129779639993,0.20444978885382048,0.09988137155063255,0.050528849959104484,0.09792906440753406,0.09860403057537398
0.20663179200526618,0.09872609177727926,0.0945350221439179,0.06350774454063227,0.1320731544216473,0.04206235570166856,0.1898636707404107,0.001624405995142827,0.06061311912670702,0.11036264354732794
0.018070537857095482,0.005649118292805137,0.18596460840222512,0.10369403880773324,0.20473360917479064,0.044876154113606334,0.07919729174756679,0.11954386414041623,0.1237895907439873,0.1144811867197736
0.12656593958715734,0.12959929210405594,0.08220859815988678,0.0688431060824147,0.08543333155666183,0.13077356407728163,0.08297061469932315,0.12831016906868892,0.05727197566188579,0.10802340900264379
0.2124661176132282,0.08663317028669344,0.16818014467792422,0.20046986730267474,0.030097038892167506,0.01568610594945601,0.16146627662443175,0.06817236692830798,0.05178649675045067,0.0050424149746653435
0.09953946688105747,0.1046389459936092,0.08734578902253698,0.15470433018730542,0.10042297941682356,0.11602879066517546,0.09654645898445899,0.1560818362777842,0.08364058184857223,0.0010508207226766057
0.03753917314405947,0.16406131691545456,0.015120087960590054,0.16441410442168497,0.11718444309810022,0.0168775191621342,0.07101621628530697,0.1614736191847285,0.09726502507188385,0.15504849475605723
0.17060904297662083,0.1660504609587366,0.10065132877213112,0.017586512327887212,0.07368635863399675,0.14324572566352511,0.015000397285186826,0.01356556731239437,0.16958122239289772,0.13002338367662347
0.20690833170779005,0.3149421068727837,0.060055150177735134,0.0016536008916932191,0.10538948494079267,0.14274131152223357,0.018411395277515768,0.06127492889558306,0.053856573215408314,0.034767116498464264
0.0023490991417062933,0.21188347001492341,0.00526438990386203,0.03298023286131047,0.10412627439299872,0.12744007479681335,0.13196518050478734,0.13333232561344827,0.1098754701647257,0.1407834826054245
0.02225213174083646,0.13589152932178786,0.18195673976182936,0.1383470049327176,0.01855148669284548,0.03275000284898712,0.15008244711428537,0.056599085546269245,0.08996853999720776,0.17360103204323368
0.09766633195692928,0.1306248050253138,0.17249981964819952,0.08731366632461945,0.05618960945760736,0.17239757740731051,0.00471318344886661,0.1552609488848483,0.031992933760379656,0.09134112408592548
0.16172621746972315,0.10622910352935708,0.06170370371474546,0.1170028165297724,0.1007994718474577,0.1004672635991034,0.09549445508415562,0.10143135846126777,0.0880996637149739,0.06704594604944344
0.04609398447371339,0.037222566016381436,0.06996924337318679,0.09799831945833172,0.18734486186584803,0.12108543234847415,0.16901240385257327,0.04296906404585416,0.2014678397425488,0.02683628482308817
0.18837000133241608,0.08367861092558124,0.19922177232204313,0.022440488111754597,0.06150180618533541,0.02123012701505728,0.20364616885851167,0.000343568091645773,0.1044205943609189,0.11514686279673597
0.1853426161230372,0.01642412191946949,0.09052542713073476,0.11226932861113102,0.11316632042063117,0.06669025606340268,0.043101742496405505,0.1110939066294176,0.08140077162406535,0.17998550898170523
0.06450550924264553,0.10803478939295902,0.0019093658754992893,0.13018451077600013,0.06352795973809539,0.14531656747583557,0.1420972913078183,0.12913728908309577,0.0946829988414287,0.12060371826662233
0.006075625976263126,0.09722320585788721,0.106476476793421,0.18393669390588593,0.0533931308152976,0.0212210678607207,0.12994953244760896,0.07046884677368212,0.14882739196049985,0.18242802760873353
0.048120682187940564,0.06015424008476953,0.050944483074011365,0.08061654257790365,0.1798361283780823,0.005118707467671455,0.11938608118313092,0.173840667206617,0.09823626180519147,0.18374620603468178
0.09584651856739172,0.05720916776463202,0.15919747610737514,0.06471630847913837,0.131632951841251,0.07031717362265537,0.06817282785343508,0.11175909731498272,0.09638628151980178,0.14476219692933673
0.1337733038989293,0.09963767146395215,0.100380030898897,0.06635679724831527,0.1303710008767697,0.12787513459456085,0.0010407255430881816,0.12052032937528526,0.12239396731002086,0.09765103879018149
0.08973770040222324,0.16259286670032522,0.03161061788753094,0.19013674627024651,0.058915016215244635,0.11737004416242852,0.07806573418199955,0.02427287679985557,0.15518595588993286,0.09211244149021301
0.03785003281370023,0.17148147125648186,0.03694523102818039,0.031357522291115596,0.12816497188635703,0.05475701826691755,0.1295409119867784,0.1433847561263425,0.1017196679878318,0.16479841635629464
0.013293182362793598,0.03611800901474881,0.1741218414102853,0.009631818145680907,0.07125509573265454,0.11785543940532262,0.06707202534825563,0.10767620703011603,0.2062416682490552,0.1967347133010874
0.012276235852969624,0.170202579949539,0.12463257962585492,0.1684486311831043,0.053910247792603665,0.17053128318779992,0.014986795494889366,0.1402313272135361,0.048977899689391466,0.09580242001031158
0.08379522667006614,0.1266315013356552,0.10750633601227017,0.07382528697341555,0.10792573318976453,0.1508760600903113,0.15483497629043386,0.13339480395531028,0.02884515507593566,0.03236492040683721
0.018243137484567497,0.04136686935461684,0.15742518071353345,0.14936297206051846,0.09883834759681193,0.07205052897343357,0.0410951002320146,0.16125300178837768,0.13253794315217068,0.12782691864395504
0.10986158621294785,0.09916799025655795,0.017553656230289,0.024937147882291785,0.1394071594539361,0.05886374031444028,0.15903674080867433,0.13405812094401323,0.11357884937695399,0.1435350085198956
0.029144717388440242,0.004600340023762563,0.21551512832363823,0.010586088609995038,0.0005110114271268062,0.09352433590769067,0.14515464506146125,0.22746621643741907,0.20937914305600894,0.06411837376445723
0.02729641730055779,0.04175272305106122,0.1717791263198318,0.04809168875327098,0.09379090594813107,0.07600797406814948,0.20835127157696418,0.04462605429632277,0.16521805738437445,0.12308578130133634
0.14734007604692534,0.17139728693140835,0.05486576580016273,0.003240624211638529,0.11330883758628678,0.08550975718415671,0.1767546038920826,0.08723897093637273,0.053507865530659414,0.10683621188030687
0.11707214059414804,0.09401517217758769,0.13485228675174538,0.06128084284610784,0.03428871144087281,0.17634340240789512,0.1350281028711097,0.07368551805866715,0.06478043172886512,0.10865339112300125
0.01877737471074577,0.048009086921374566,0.1387343454395604,0.16354275816252148,0.10903350773445206,0.15562098105357647,0.03421478696463377,0.14328502716474234,0.06002630794971223,0.12875582389868087
0.1306961844780776,0.002132139521995365,0.10236205895293671,0.16819741750433823,0.03646322547810403,0.11378755401531032,0.04566559384185196,0.15991069661088836,0.14478425172471884,0.09600087787177851
0.16879364751070297,0.10674466434019438,0.05647785006619659,0.040002819252491356,0.04024712109276445,0.05955017737539394,0.17426252817937368,0.028827000463126414,0.0897615001697461,0.23533269155001016
0.0816856007071941,0.0806812319081415,0.13706059996233155,0.1335544137840537,0.10396198989695302,0.055914671843085226,0.033799820928775696,0.114414130267438,0.14502373577201727,0.11390380493001001
0.033815628805580124,0.11288857458951954,0.11381223976896336,0.1595647122333438,0.07958116491327354,0.17499593743746958,0.0351993210863042,0.12942095735109965,0.02789587486596939,0.13282558894847674
0.0314335236130857,0.056117553353674667,0.1664388153832617,0.11537205284299269,0.21985996100988336,0.01934447927168249,0.2056165409979145,0.07371376581680346,0.0987378027228431,0.013365504987858195
0.0030753844208257293,0.11391093858978343,0.010826467348946895,0.04383840762252781,0.09305566520186219,0.032199695586327695,0.14557945982951342,0.22184669391385106,0.1622251708847484,0.17344211660161332
0.06769203893813114,0.06798823415492793,0.03304140965084996,0.15494261208760485,0.1171380463806606,0.1543224253246955,0.08654462196809193,0.018724537211159548,0.1429812060144919,0.15662486826938637
0.10291864170360805,0.09854076704270874,0.08698562798460671,0.06508931393675083,0.22681136002794125,0.13774378221300587,0.10890489828856871,0.007198832519903571,0.06696523322660863,0.09884154305629779
0.15569571448258063,0.18159896692281674,0.03667989557816786,0.0022899573941712057,0.04042995593036671,0.10692787830196693,0.17362558443972603,0.006753724545441272,0.15083440754482755,0.1451639148599351
0.10792396629282129,0.059437969227446416,0.16510518674657873,0.06052719356706238,0.16629213775418802,0.07181480144884078,0.02943520535639518,0.06376991221478162,0.18308235564426054,0.09261127174762503
0.1816101969269277,0.10625971423481395,0.19124774576269724,0.19381112371175965,0.0355330271933248,0.03526743025011609,0.008934507279165926,0.06484838905301794,0.02073372400246752,0.16175414158570914
0.13761098221118334,0.08161126048551805,0.0644751535869803,0.11897552172389086,0.013413518128406824,0.19597182328679447,0.15025996877836278,0.12888091132272694,0.014883139506832125,0.09391772096930444
0.09461082717740509,0.0491774557503533,0.21724979292128835,0.00693410592672979,0.08646213304343407,0.10726884907568122,0.19104278612477893,0.06178487930228075,0.1258875982312919,0.05958157244675669
0.002936507310226012,0.06959918768486688,0.12174100044064122,0.06413257990338998,0.0757760054572919,0.16954861547566852,0.06119290853560105,0.09410354140582841,0.17170735530560505,0.16926229848088098
0.22246449716981734,0.07893426316689878,0.14325978277497503,0.0909517730844897,0.004660765126118752,0.23294824991137386,0.03173110101843241,0.009038763694387133,0.024649225115230957,0.16136157893827602
0.03415936752095812,0.09724777522720111,0.13224375501199118,0.13144634636911273,0.1337334013437304,0.08240851595350976,0.030114421970224653,0.1288075997105029,0.052840144049611674,0.17699867284315743
0.13048500792768136,0.10520772045983197,0.0738263146671991,0.02414555527138062,0.13535533644543282,0.12197694513783118,0.0701443240815791,0.1043443959391901,0.10442041470365247,0.13009398536622124
0.1974472198747031,0.18683817332064798,0.003243010600271565,0.0009419922756296371,0.056145121250033556,0.15943168209285316,0.02620729775857964,0.030388604245458008,0.17572755158615652,0.16362934699566684
0.040227490647481746,0.06984806830981836,0.024439445574303744,0.13319810982517602,0.14333205349133799,0.07257167107906547,0.13801727071270617,0.11561664089658663,0.11399900950295538,0.14875023996056855
0.021217990196985045,0.048317574595617176,0.025088006744207293,0.17954416925494757,0.08004024915523633,0.19051660843008875,0.08188647648810715,0.12297728835116903,0.1274277039040138,0.12298393287962779
0.08776363133911394,0.12568216307855656,0.01882904560855964,0.08439518158863032,0.03904397398482493,0.16565961394769554,0.14970060328128823,0.14207464601373215,0.12261608444710242,0.06423505671049629
0.10749802310548354,0.05168211571254907,0.1348122514168863,0.15403800166349485,0.08151697082945246,0.15624158808900968,0.08557016733607743,0.033118958443621685,0.06743743527048088,0.1280844881329442
0.0499027630032931,0.0373565132680203,0.2749438575180564,0.07859442902340195,0.11926614454593698,0.01428280900213793,0.07983112069746238,0.2629663240027877,0.0023356186403388772,0.08052042029856446
0.11696848912849792,0.08704334015179223,0.11028675544292817,0.13988510510509042,0.11501426095941028,0.10578732592669453,0.14125254743163274,0.0400278159743221,0.08409402776578757,0.05964033211384398
0.13759252334454486,0.01225717382945476,0.05219677482825218,0.08066742715691046,0.06946098625525328,0.13645566552625427,0.14957506368228357,0.07953152141081718,0.12477491040873988,0.1574879535574897
0.0815500083639851,0.1325137331058894,0.050967017978078,0.15201643489490135,0.019259221845287628,0.09505764696468012,0.14977969269995514,0.15612298877819333,0.06496442495291821,0.09776883041611176
0.06602331527847194,0.15578684693560896,0.15823168255566528,0.06629096998101563,0.10332641277252594,0.09502639770180109,0.11552067372302727,0.05907446509083382,0.05655650224632193,0.12416273371472833
0.13351130236578918,0.09245265035310261,0.04087525780234956,0.06793730788879603,0.08172814461062766,0.11158674502499141,0.11026813176376275,0.15660481931834644,0.10538525636833693,0.09965038450389721
0.17204466984523867,0.1635768138150476,0.0517395300548181,0.0447703050228394,0.09754142949306369,0.0112680679749037,0.16507545476751906,0.088618425384882,0.0423957507573287,0.1629695528843591
0.0031340430046790015,0.04989085806326047,0.016166087491022274,0.10945712882886843,0.06309932849449816,0.2162398682663085,0.0036007606720697147,0.06454787962232862,0.22945004382968176,0.2444140017272831
0.15405243947818512,0.14425293309664972,0.19427718743749203,0.06715646554035908,0.01696578303834417,0.21576713992337795,0.052010460939275575,0.03706723768028193,0.08834640437989441,0.03010394848614013
0.05240498885131038,0.044828259251837366,0.10986952330892055,0.1698549457668951,0.1344269235115059,0.06274660542138577,0.07997441452402906,0.08547867125954935,0.11157558146972604,0.1488400866348405
0.04112604319024201,0.025193812726884784,0.10735388755287828,0.13873535719110452,0.05360079450778806,0.010446745446121791,0.19259770218333205,0.10580852562827998,0.1591952202568559,0.16594191131651248
0.05373159686386466,0.10232421856350712,0.09954811601460344,0.0648844554664407,0.15920160614642528,0.19241070753999467,0.09981272998607235,0.034311685888015246,0.14169448764386686,0.052080395887209543
0.00711304715353157,0.0707497022616138,0.18071412539891274,0.08734491529289365,0.1578733505817534,0.14479335939142707,0.1277352800053715,0.10224086434508414,0.02101865808361903,0.10041669748579324
0.2051623008888147,0.0002904539482563133,0.001809224573604653,0.13130831049135658,0.08908332718938873,0.11278400206906376,0.07357981215991907,0.18893950391583264,0.16677649433524905,0.030266570428514546
0.08631384326939273,0.1874156048570625,0.04025389547535883,0.06409047840593719,0.015519749732594762,0.1369632420721981,0.1707946105613596,0.07877761944920819,0.14223299968806835,0.07763795648881978
0.06321154044568593,0.1183774782888479,0.1399578117287979,0.10704402379789184,0.11167201298847206,0.12953455864244,0.1119448423517708,0.01987840319418451,0.06458833619389591,0.133790992368013
0.12852420119443145,0.17847810125836233,0.019313171749493742,0.09711992717521341,0.10870987004472688,0.1766166500243641,0.12048124104929628,0.04567879452211653,0.07468168246450546,0.05039636051748994
0.044167556027824,0.1411355174890564,0.12083707292170225,0.03344491882639756,0.011854696007126448,0.17919454393016815,0.1005093754109545,0.08621941026727835,0.12283760031409265,0.15979930880539972
0.06904499538587196,0.03916216600450955,0.15592659269804116,0.15331181621959603,0.12467287311680587,0.07921753705841686,0.09318205384388213,0.14485105403412785,0.1005856242775351,0.04004528736121338
0.01797323879951608,0.17043753496016711,0.09763036919492495,0.08252508450370873,0.1747064245904998,0.11664901113392098,0.05082578081434693,0.23816090156095127,0.02332147910184553,0.02777017534011845
0.11492295040573594,0.03982599128118928,0.029488383066220914,0.19447091941318645,0.03833977933359371,0.05359454072177929,0.11733480441798846,0.179180205513622,0.11108344350667286,0.12175898234001109
0.026073934391350993,0.16223563224231768,0.23486277227098135,0.15645033146060072,0.1476442366620945,0.02352996416875575,0.11691890379509376,0.007695053412328186,0.0864746352355506,0.03811453636092656
0.00018602684617413686,0.08657414642358177,0.04628268963335937,0.060113787374423765,0.1884331521230873,0.1274511232527976,0.11348300501883257,0.19916847176114427,0.05720369645196812,0.12110390111463118
0.03782717352411013,0.2074343130552847,0.047986582981760784,0.16635399865700057,0.20056225674862502,0.04951348394175214,0.06684379391326294,0.08675873202918692,0.02847162922928951,0.10824803591972736
0.03026646696877354,0.07982283853151152,0.14011938934400409,0.12665208032499153,0.09347052188982033,0.15335250190072647,0.0742536918248366,0.13635220481374505,0.02481156182905618,0.14089874257253462
0.0893735857231708,0.14918046307981697,0.1666111910417626,0.07786871752648321,0.06091865496534683,0.05459287684500814,0.11346508667688429,0.15324763873169364,0.09792556691768696,0.03681621849214659
0.18045214405651988,0.15548779316420297,0.16173691564655057,0.03830329721201545,0.0817042149470023,0.07249165627529532,0.0792085211793336,0.1350209235183419,0.03346175858122251,0.06213277541951547
0.05707079238395213,0.02436170252449754,0.010724341556518394,0.15980902031011623,0.15440406342777954,0.16093438450290062,0.17502344529772762,0.09729120374950416,0.004600739511973357,0.1557803067350303
0.1592839787718814,0.05988141115944844,0.09871033439099589,0.015515301055170136,0.1771310233393909,0.13296329712725855,0.3023519408180729,0.01674951741432642,0.027859944457158385,0.009553251466297066
0.1844865838066991,0.07453253743194486,0.0011311918875888019,0.07521916908086783,0.1398648640579885,0.1800266481869959,0.09059841595220641,0.0025425975698117444,0.13384867408596848,0.11774931793992824
0.054692958258767646,0.11774618377269837,0.08233820235057865,0.12290111209700075,0.07438388376983032,0.01961292892648293,0.022526277941968407,0.1836946306710208,0.2949418080571475,0.027162014154504834
0.10274448011459761,0.049251996713644046,0.12607277793566227,0.11836361452296087,0.18717871992469548,0.15383241107554474,0.12091769206387937,0.018893220614078943,0.055446368619905526,0.06729871841503111
0.05967463897697221,0.2480324152544951,0.036216238994789714,0.03002726832211653,0.13404908893465195,0.2326686889180079,0.11681902207572703,0.0021525930387727554,0.027120428721839167,0.11323961676262768
0.0776082062292866,0.19293206864526302,0.17623214246196983,0.10566599656594887,0.026351832121292818,0.00042553063790425863,0.01732086706481248,0.19849811056973984,0.11753452854261322,0.08743071716116904
0.044586987744913875,0.11954303799115279,0.1914857357135373,0.1065598860871327,0.07214479523660171,0.07719685774161174,0.02442992921600758,0.0880385111765357,0.13081140648556266,0.14520285260694402
0.06656512487226784,0.05735110141379219,0.13074752191855535,0.002860237295238108,0.16595247638423835,0.09185358036932936,0.05537878656978625,0.23338995120886283,0.008172800467725786,0.18772841950020383
0.13790524706781376,0.018790441809888654,0.018367754256542933,0.1846407049982787,0.181545413169062,0.1460307331907154,0.12165606308411733,0.013998140085727376,0.054495379064458456,0.1225701232733953
0.11333369708306153,0.004607367870735373,0.03850167350394592,0.23594582276986734,0.11700700030191273,0.055137367144511576,0.21115511342946336,0.08375037443807536,0.05353496519402079,0.08702661826440596
0.08626941310944436,0.1644895050148529,0.03765895760460077,0.14130763414176956,0.12859751754258233,0.028689999209028372,0.18989173068475068,0.15573446778488306,0.05453675422849614,0.01282402067959189
0.23407239458748427,0.26010880658822816,0.15267199640068624,0.017714526315494326,0.026542440451432517,0.03195067246881644,0.018909050642446856,0.14932594634325225,0.058855084705320866,0.049849081496838026
0.004611937625222922,0.03568546150994384,0.14592431372272396,0.0884676489278606,0.07608945582367847,0.03318743728916499,0.24846066071043907,0.11260512189942774,0.2525055630791664,0.00246239941237212
0.047690481822629284,0.05444747524995229,0.1316402861676874,0.15066942789375704,0.15259843389681207,0.10162299126272649,0.07954002264662197,0.14983073467591046,0.024438856705535104,0.10752128967836792
0.10978700991965476,0.056113369515611834,0.07904157054730288,0.17448882226363518,0.03850579262138786,0.23444733187103323,0.10024954731951918,0.0012089176434859608,0.06845617373249151,0.13770146456587767
0.14899512784104135,0.024578229452152902,0.06903785292442313,0.1072444100303956,0.058870590752541425,0.15267310127624775,0.15573843251668612,0.06266625663402241,0.08521961054447803,0.1349763880280112
0.1215656287780274,0.16230704724174544,0.11323149240049786,0.061248714960110646,0.014087435125666532,0.18371916791167625,0.07942556236242536,0.08884710579387851,0.0827817173569704,0.09278612806900151
0.036276847570983324,0.09646007479185909,0.23518665488522494,0.055040074660440245,0.1822525761639902,0.17181092607053638,0.027366257867558544,0.00571044970811342,0.10003665527722506,0.08985948300406862
0.20233064765410447,0.18196562211413592,0.12795391384834712,0.0443615801302814,0.07553029112700176,0.11231323842670343,0.07285213938516244,0.05997642129565645,0.06945955344006292,0.05325659257854413
0.13487182960788735,0.007500757901897297,0.05530738672232413,0.056393678469457316,0.11433783226818789,0.19227974180860433,0.024992967247529654,0.014538354412838983,0.18839328632279123,0.2113841652384818
0.21733624518579636,0.03246565576378154,0.09428390585870039,0.06053575175302829,0.007867631201370219,0.029231523293768005,0.20692137490734067,0.13482140924733527,0.11429247749717139,0.10224402529170781
0.05908238957315667,0.16771191115279369,0.07453295798394215,0.07184990637788906,0.11345682929613135,0.09583889135272394,0.08724490450098393,0.129332527710126,0.16502398837791166,0.03592569367434163
0.13346811751897383,0.052091497754423545,0.13137971283231534,0.12245266177347866,0.11879048069845599,0.005354289423589536,0.205422655768456,0.0467398215632599,0.07979684888132278,0.10450391378572449
0.13067888501503558,0.11722403055697296,0.10090577233477512,0.13676800193877803,0.1533469088908502,0.09161911539425197,0.04018223782251981,0.10787516611399564,0.11908422611260114,0.002315655820219596
0.19749039489880538,0.04045921675934047,0.2608462365424489,0.06987864880670287,0.042953819799821366,0.04548591348611031,0.05260282753872281,0.1213087092365842,0.16745938490792664,0.0015148480235371374
0.08093094713595662,0.18455422077335712,0.1175661524023012,0.047358266390591326,0.06855638709854191,0.08904900669772282,0.187777056968668,0.12343879504815729,0.0989176855082971,0.001851481976406495
0.07936911803663832,0.06991904732448412,0.057863438046792094,0.05658389439633622,0.2566378945133119,0.04348812272841599,0.2753768564916178,0.13481402367990702,0.01176745084874464,0.014180153933751898
0.1453758932295535,0.14274091200460906,0.05539890167918195,0.12062655580284967,0.04490734652778666,0.11872021918837476,0.03641734778274967,0.1099000113704787,0.14412444844082242,0.0817883639735936
0.16847043634134068,0.022230162118386937,0.04591863571589963,0.20085204716115124,0.04786675642615313,0.11913968554284136,0.02285593155881499,0.06738322955778396,0.10820240127305834,0.1970807143045696
0.16027679986570137,0.008991613807794232,0.23460694861359693,0.034504796492020866,0.15732542260651836,0.008880772673063954,0.09318328694857128,0.06831459442423399,0.16106486522522548,0.07285089934327355
0.16338723491795518,0.0280606880983603,0.01871560671650131,0.1773800056584972,0.08881221994514092,0.0445375512842681,0.14468932005544502,0.15039732621072044,0.03397655481833316,0.15004349229477829
0.030234044734035116,0.043592130451712195,0.0870301356972657,0.08197299777000788,0.03898004494083205,0.041467195571919115,0.16045453404298501,0.14400964296801264,0.2359998118453018,0.13625946197792854
0.14496108555306148,0.05486287316385966,0.0037911988396912293,0.1873816111920691,0.04424227791352692,0.08662983130091466,0.13281967887126414,0.17201972966804221,0.14904351463900412,0.02424819885856651
0.08892718360844742,0.17377106324059097,0.03748854738996344,0.05398614323593918,0.09815291740305386,0.18692097041052408,0.15610043855398167,0.06548874377519984,0.06577739985719709,0.07338659252510245
0.2046257700479122,0.18429225446666644,0.07175278916946175,0.040805075257467495,0.0302501775011675,0.13372035159165366,0.19428550648340084,0.0415426755025352,0.07731811347691059,0.02140728650282431
0.03331693904135723,0.12715116745294663,0.11917832625475074,0.18854624197012773,0.1381044801280672,0.03517843953750052,0.08264089326035125,0.14623346929942624,0.12952104435364076,0.0001289987018315551
0.08282270915227129,0.0011979696608559896,0.19167666466980243,0.060356842331457106,0.07674778844657618,0.15205996549483425,0.011722193284940022,0.13707918739422276,0.051344458483732314,0.2349922210813076
0.10641441392011851,0.14156666973199866,0.02850729658961709,0.009630543001384625,0.15933425405492546,0.1586784430362997,0.1432545290312272,0.09634115744215299,0.1408005785672438,0.01547211462503181
0.10735409522449318,0.1743317647969958,0.1125206158920294,0.0735888383565442,0.024579273840079012,0.13640340899195688,0.10320791387711442,0.1269762894013628,0.13215520657015137,0.008882593049272988
0.03779452586862539,0.10227727069274849,0.032200037682038656,0.15184337590237212,0.13854224989533998,0.14879669777133578,0.14583409897495397,0.08228995164239007,0.1485304805144317,0.011891311055763798
0.15672045596480713,0.01221711316554423,0.16168394942497227,0.12952230503923676,0.052301008467834045,0.009670687362314162,0.16707888130558285,0.15238091111570973,0.018103503501451103,0.14032118465254775
0.09536916445755211,0.1218956266250019,0.16671835983140654,0.13191441886328872,0.03479475511905403,0.05545034764758772,0.14230191300161094,0.11742265333263688,0.01908049105616138,0.11505227006569986
0.004107428600058518,0.13219299990365463,0.12835060589803507,0.07403253449539192,0.14412229830947793,0.03905291657459613,0.15680912309165007,0.12382156438443945,0.08519645456239824,0.11231407418029812
0.10354372349909906,0.19196513981888055,0.05597421709423963,0.09863651725663157,0.02178593092631565,0.1129795599075684,0.08262987250151636,0.05988772527967098,0.14055403297516492,0.13204328074091295
0.07252071257243438,0.11121647851713573,0.15216423447017338,0.02511236809504459,0.13819448272410476,0.0688478587714596,0.10501480882874586,0.10325816926374703,0.15736980401117548,0.06630108274597896
0.1384508460700313,0.13049569421631554,0.1265708882283128,0.10621652689910491,0.14369084518247427,0.021989918618382905,0.06354608866416238,0.03313121525872033,0.09037375280068989,0.14553422406180572
0.02958143999936258,0.11328495527018302,0.05898339057104284,0.18637437454541458,0.07993129863137395,0.008996621548411195,0.11443535776411895,0.14527479094034537,0.09752972172438786,0.1656080490053596
0.0196513440397452,0.1117391040226027,0.03646456451823082,0.053888607646178845,0.18124758331080418,0.11900522108638821,0.12694404072955692,0.13537794304826192,0.006145738063234344,0.20953585353499676
0.1144213681570358,0.10996582186239995,0.15336250602731635,0.04091624093030303,0.07720265491080092,0.12223625377094173,0.12188546496407784,0.018256216343339585,0.14049953421399408,0.10125393881979071
0.152204445280916,0.15018146640664978,0.0494565124230008,0.17868815315735329,0.004114833094834659,0.0289362807292566,0.10359254816437201,0.059990809576813055,0.1509106667246898,0.12192428444211414
0.11340366922806283,0.20860063227795156,0.03856643889866146,0.20594194162521917,0.07717951729508692,0.15195144027701332,0.01610146234339843,0.030242744000436635,0.04783357996245002,0.11017857409171952
0.17808609462171401,0.016923781611290697,0.005765121075542662,0.10515012717650939,0.16112704717641232,0.16193498055220212,0.09130655425515953,0.03750869806896236,0.20069356845553313,0.04150402700667385
0.047908666774248494,0.1707415021885178,0.11810206702683348,0.030029918494630256,0.02819520269156844,0.07694466554934144,0.16348733354050088,0.1699020351209245,0.036632425549314805,0.15805618306412
0.07841547431092852,0.21622556708069993,0.03981326925380339,0.08024650808631176,0.12816005101138095,0.1100496883419335,0.23806291432377968,0.03173110985551013,0.034260344668693876,0.04303507306695821
0.01355164424301208,0.19988904083517195,0.15204756532424407,0.20381597989288944,0.06404813961945928,0.06971473363074634,0.028552773736551212,0.1762450470640865,0.010994428086285694,0.08114064756755346
0.12262785473718835,0.026063248635839642,0.12088169618131892,0.13157347829128102,0.0749422441077812,0.1129585953052764,0.06059672658002481,0.0946636607857709,0.072858700023106,0.18283379535241284
0.011971077305686141,0.15009421609354034,0.09062333533877462,0.13922099330665955,0.11668543821906682,0.18127649069119903,0.09523586195820667,0.03757044009117473,0.01869610192735796,0.15862604506833416
