i = 0,i = 1,i = 2,i = 3,i = 4,i = 5,i = 6,i = 7,i = 8,i = 9
0.15675293199423831,0.0713344298427425,0.04954037998295437,0.011825107792921612,0.14670849678897485,0.05149826938765316,0.06060926155406949,0.1567982138088931,0.17084749717543932,0.12408541167211326
0.18213688524994898,0.0555976641308147,0.07408936645736898,0.042013292191691205,0.1741478538670284,0.12526776036115206,0.10510567165571554,0.15075499446121288,0.07462948397848261,0.016257027646584554
0.0026519395625537435,0.1607181902019482,0.04497100970272059,0.07623168127156744,0.1628660046849487,0.08691643044898642,0.15313034388263008,0.014694526009917155,0.166478188050702,0.13134168618402572
0.05347923690870201,0.14157068874045337,0.13828597477093205,0.09235913267030801,0.009511611402597701,0.12208039825386344,0.07356114329775418,0.13209133624172598,0.09604953027643005,0.14101094743723316
0.1370664428319328,0.17077179108611842,0.13848565998730417,0.15083724907540608,0.042869014869578885,0.07012704231577133,0.06400864198654567,0.014365340593175171,0.013349554181130228,0.19811926307303723
0.13898681754297737,0.1393283750711965,0.06333423800375214,0.17850537896563806,0.05881567988104983,0.08530765835184227,0.13237581848134786,0.0890446098511992,0.10581496936040272,0.008486454490593967
0.20918459859193791,0.03932351775754602,0.13292177910212158,0.1670462272012476,0.07635749481606076,0.06453969402222794,0.013985664097310495,0.026690213858131726,0.11342471160711298,0.15652609894630287
0.1834117983037391,0.021464623645364226,0.028064834552634237,0.16698016857180986,0.11698605661228917,0.02489382548657918,0.11740609744094857,0.008877629403641576,0.1507518036732678,0.18116316230972623
0.07934701115163283,0.13211148392631603,0.013261910097112627,0.20501572145129074,0.026006430624112696,0.03715466132297502,0.29110745815638234,0.049893735388300345,0.01034278051659276,0.1557588073652847
0.15138926494390342,0.0748413842243434,0.04382506370975481,0.05215487181850291,0.04142180710829035,0.12673250545949102,0.09432710560035781,0.17808798890504796,0.11080046730285084,0.12641954092745733
0.13904288239333648,0.024702536034651015,0.20604893294139032,0.1267339840916901,0.10701573587727611,0.04647543881487312,0.07840019722506893,0.036053855410361886,0.20623809959984368,0.02928833761150846
0.17433769173511607,0.24901052224823755,0.09863130168941732,0.004455532823792515,0.06157537133231532,0.03946781037941259,0.05018218089457763,0.13921557565089987,0.11968832626032308,0.06343568698590794
0.0803931145569556,0.04064827849374631,0.04589417574175508,0.09560078469488717,0.037880233950529606,0.28006270695351454,0.11543506510791011,0.07722880694113002,0.08029194461286161,0.14656488894670983
0.19408471257852974,0.1407751179399033,0.07794916839501244,0.0724990310345594,0.007692717658480145,0.17114108771507133,0.16734923676878716,0.04208970469098568,0.03495348913060694,0.09146573408806392
0.03367008728284502,0.08213914692554741,0.018954581076128647,0.1528254736165916,0.10905003019548612,0.03374270326631104,0.027303273410126647,0.1657429917829625,0.2175609961054497,0.15901071633855127
0.0734070571198325,0.07902184228334862,0.1484904248326803,0.03341568773390899,0.0964317390707687,0.036019501752336806,0.14344678543842293,0.13247520746743305,0.06945684951693741,0.1878349047843307
0.18911594174419744,0.14754903418604168,0.0558753060124983,0.066575850795508,0.16565612727473422,0.005765930338843104,0.19247733403201264,0.006388351081089386,0.13043680030406243,0.04015932423101261
0.05552428189610498,0.016824106324286284,0.0043907768187855375,0.0956099671206292,0.14767526648729623,0.16700383966842602,0.0917833075158267,0.17654666450311776,0.10499032396273765,0.1396514657027897
0.18505940983152483,0.12564843621327457,0.03427298758546344,0.11306291101912569,0.16295770337137475,0.13636534690696805,0.025103860636969698,0.13792619171941015,0.004487783390927546,0.07511536932496136
0.14687527015915625,0.15368455755078891,0.15881998902377376,0.0727915124842279,0.0800158850104158,0.10908478288313059,0.14339363854926873,0.04522281442591939,0.0533601791060648,0.03675137080725405
0.034277197305736834,0.05809252630486673,0.12588624983807786,0.0800913284797492,0.15824749051389023,0.015455019409068417,0.15685036830480992,0.13851869761694724,0.13971038001079034,0.09287074221606324
0.13971127160233046,0.06833017549509458,0.18033806239495445,0.07536059339468992,0.15369785500080707,0.016861262044836907,0.12589435003193236,0.0435494670084896,0.022453390940680433,0.17380357208618408
0.19731127589564257,0.006147653115002029,0.08944488558511025,0.11031848747158829,0.07561522956753819,0.030479592850309878,0.1638070724483734,0.0006324930527764597,0.15042267939070944,0.1758206306229495
0.06333385736339713,0.01783680305703709,0.004815146898899033,0.09235737421931113,0.04229655288159349,0.007983388039569283,0.24975637296179862,0.24865086400437908,0.21757698425370223,0.055392656320312955
0.0586301535146672,0.051967460299191935,0.1156421229658351,0.09704362143391553,0.002816169739901835,0.0764112356101283,0.12415698628547632,0.1706127552795165,0.13475631942032976,0.16796317545103767
0.09787858185410143,0.035989547422366215,0.022485697926012443,0.026184521628280378,0.1738886571113889,0.1866863255367701,0.13643562349115218,0.1157729750441128,0.11978519834910081,0.0848928716367149
0.15883580463133234,0.05663030083779999,0.13622387931908383,0.12712070201960918,0.08950989987842464,0.07206526468757889,0.15855571493940357,0.12805994321901784,0.030555476614157445,0.0424430138535925
0.053636740326304534,0.11773715520968014,0.08360977409508734,0.06512237973543365,0.08197810414419733,0.1629399004966646,0.022660401006889576,0.10867693600872251,0.11154922829972612,0.1920893806772942
0.18494394739559442,0.16925864116030756,0.04101775554784642,0.14555972602854014,0.108004203849209,0.11778200815064833,0.014050949408144251,0.1519407229011611,0.05657654708390474,0.010865498474643992
0.049220269844455315,0.19256398401686317,0.0009183505870194937,0.06579831882419528,0.03300254530654148,0.1090297796676242,0.12205007641386029,0.04604672123726349,0.11632534700942977,0.2650446070927475
0.12640035567969943,0.10399832840095019,0.15749217743414515,0.160207584822255,0.12323417966281304,0.07580549040703242,0.02342829941316776,0.006230012040255506,0.12472733709221524,0.0984762350474662
0.0378663524949457,0.004632303756293663,0.16718214328237382,0.012989859011726364,0.05817683311897756,0.0957692551825621,0.1836330688913936,0.17636306308130817,0.060081161875855736,0.20330595930456324
0.1076826182291472,0.17741083514777423,0.1587683875312257,0.026368083652288505,0.08692361370995165,0.006904135704239881,0.06580809164777685,0.17896348162281533,0.018920261582737383,0.17225049117204322
0.12927550228320628,0.024866618344460287,0.04951764306621416,0.04846716363173122,0.1464034970124446,0.024243803458469625,0.08250345316905668,0.14309258621662976,0.15459012016731974,0.1970396126504676
0.1692633421048366,0.09180418432982164,0.11374973797947521,0.08913886446912075,0.06380785767783494,0.05938970002210259,0.10500854869844191,0.20163532988555558,0.09167417763455983,0.014528257198250925
0.20485994325952955,0.19634219872636588,0.060881563927209774,0.06202015335530652,0.07637791197306407,0.08169792350716494,0.10555205709617704,0.1748694844671243,0.011340514680899381,0.026058249007158373
0.1109552468525453,0.14377531325869625,0.1083277207811674,0.02472411345242704,0.14325646923686966,0.11545337300204092,0.14988585444882663,0.10139736296972879,0.05136590339152744,0.05085864260617078
0.07709416040332188,0.19401464858965892,0.11908630051479274,0.07208996435506868,0.09368606942564794,0.04881688255118801,0.018020021539452875,0.12093981205565989,0.07618860583965484,0.18006353472555417
0.06641261186067227,0.1693621996029012,0.020009709607932552,0.127351546279792,0.09447883457183487,0.08476789770912219,0.1142017293743231,0.09475708879492824,0.1271228180192424,0.10153556417925122
0.1278031080203159,0.013962654401089736,0.10750328706470294,0.0333863569640387,0.015450741420599719,0.1695093545780265,0.12887183270961572,0.05765779297100317,0.21081017759884374,0.13504469427176377
0.017085667641517765,0.10415718994624833,0.06984943189132398,0.06935309023779318,0.13956555115150698,0.08333524764799026,0.1476746298522847,0.15444092639152607,0.09157612762057296,0.12296213761923575
0.15697332995131408,0.03520432120827629,0.022297514351112248,0.18161117616393435,0.07106951320190119,0.017368625333446144,0.14301472671754786,0.13944480958776734,0.05428314403937422,0.1787328394453263
0.09887676279942127,0.12478523188585501,0.09427979041830403,0.04774277544153886,0.18133402424426198,0.1612213136031714,0.06322201558185371,0.07493127479380053,0.10672064205985923,0.046886169171933965
0.20447195503781643,0.11430450913029219,0.18893343113574687,0.06498314885031718,0.10098710001746859,0.027671144055869113,0.13116823398768346,0.011491708541363199,0.016057378796739963,0.13993139044670308
0.08025959726308743,0.08669793268709765,0.20279213041835922,0.010482529040318093,0.16136323755873883,0.030727233198381942,0.019598648848029025,0.008307552406188877,0.21298816257191253,0.18678297600788643
0.013612238223508247,0.0772787368829039,0.17165361151253472,0.08450688855648195,0.18565808572369955,0.1498699673556835,0.04524940107454178,0.21676617755535119,0.05397521667123434,0.0014296764440607772
0.1619572377012118,0.04591820234139795,0.04613853688561636,0.04706393295791461,0.0779516801479648,0.11132653627482907,0.18541797337315888,0.1489577439813335,0.12863046406503814,0.04663769227153501
0.13320434611532367,0.07213678822346233,0.04419498704374627,0.10982386712013026,0.19825155605052,0.011559219773449616,0.00741943877296209,0.1080580877210558,0.11100113738682063,0.20435057179252936
0.012648273554599418,0.23513541753304704,0.12819305895626767,0.14617262905830716,0.04173771277009463,0.16174348890758686,0.010958637037394373,0.01144647496770514,0.006584706436481297,0.24537960077851645
0.10300137072213324,0.10450044429620577,0.042119263071468765,0.07150967460860266,0.007368221480263972,0.15871212879973365,0.17092957949206017,0.17956608873310817,0.030914094183964905,0.13137913461245876
0.1064571514422261,0.14599272045183986,0.07308780795276808,0.16062887309678284,0.023259996285441065,0.13849921828064438,0.05026606760607729,0.14755996692193868,0.09539559021761274,0.05885260774466893
0.11530855187740775,0.01448171389131793,0.07637531340334411,0.04116099900869124,0.1582588378513657,0.11226572251694049,0.1584010729784758,0.12293023244246772,0.04053314011985337,0.16028441591013584
0.12982524079884084,0.08263823100247245,0.06733687369677517,0.1570194213180529,0.022834736151126377,0.10783834775736352,0.11574108110154703,0.08458749298333945,0.04671927359631852,0.18545930159416388
0.001977237286457929,0.03021781869426857,0.17222819498939435,0.129030168406438,0.1412588647177373,0.01995839093681792,0.1725217199362958,0.06012278811317009,0.058061421172111966,0.21462339574730802
0.08467919720713349,0.13763780269084924,0.16424515035325815,0.010031528336757188,0.01516245097501058,0.0847700001355734,0.13168577190283723,0.10152367682533968,0.14860140789596757,0.12166301367727347
0.004431902566050319,0.037350496717717924,0.048292151965186915,0.050659297740281266,0.0789318881861765,0.2406238007298175,0.11534120850441593,0.24262245727778867,0.15336355658955086,0.028383239723014115
0.20481903743723312,0.06813918914371798,0.13121930353391528,0.13732370869457533,0.1328062279631826,0.018141785201074737,0.031934657696406146,0.10249184348234491,0.10880788008822771,0.0643163667593221
0.06344342677371592,0.09118835623166092,0.1454613410842359,0.07561277463966634,0.022292479219668235,0.06988009174794303,0.14442976147809258,0.12261211168510913,0.13368557396910719,0.13139408317080076
0.14048784149400448,0.12723790999322973,0.0376396577204986,0.1453770070583356,0.058368480884388674,0.14280286844938114,0.07947775614173673,0.07473788353943457,0.12886192675037186,0.06500866796861862
0.10460561509652709,0.17465375282566659,0.07237586432173743,0.11680396198237648,0.09883794426655086,0.10722723734428241,0.04816556371490509,0.08851408291067794,0.0315617133545182,0.157254264182758
0.0367688303090527,0.15568202809067408,0.07304197433883583,0.0381996588750564,0.16936959563819298,0.060274360445955404,0.0932871054880488,0.1201460241695081,0.08627373642607393,0.1669566862186018
0.15871018908135812,0.16531167782738956,0.0778975784625438,0.12607078764994556,0.11635235884348372,0.007408232806366641,0.10051846767588049,0.09818284562294374,0.12026849358965536,0.029279368440433284
0.046851801279180684,0.2364946375400382,0.017974253504237838,0.07662183419395092,0.08693931254301755,0.026024531085512764,0.09425486672814833,0.16086051640841748,0.0937036679757851,0.16027457874171105
0.038077694418413334,0.0782891868877934,0.10013466997596229,0.009173759469356125,0.07176825114937617,0.2714694896064245,0.17994735347099983,0.016140440702209446,0.03869111519604487,0.19630803912342004
0.10872976805318739,0.16847128999488417,0.016061286452227402,0.07263476529307501,0.03954032993340483,0.16710655315826503,0.06999687750492703,0.09146009553552024,0.1482968393014622,0.11770219477304664
0.08113696133463638,0.15394143432766738,0.1024522806186581,0.10352929299316219,0.13206532776236418,0.1074716345849546,0.0656171107292048,0.03289885391125364,0.0970949490734353,0.12379215466466337
0.1494126460603206,0.16456866185639732,0.1688943984949979,0.14889469355126425,0.04536209302606895,0.062086630150392376,0.1498647596070319,0.025543359885085746,0.07306480745608285,0.012307949912358052
0.12767949950742988,0.1561827837067001,0.1306108671874435,0.028113843253133132,0.12139419317094453,0.058063582012724234,0.11901355321069651,0.004365888540142335,0.11598305165887098,0.13859273775191489
0.051054019999908294,0.06868166075291537,0.1026405296863871,0.07330898498044555,0.2024464916230552,0.010659795993149123,0.08788720784924363,0.19909302509194635,0.10699759273491097,0.09723069128803855
0.21018055752171488,0.009476428928502418,0.10780833901746617,0.2582665211804228,0.07089090751212365,0.0976280721748514,0.04147360448517605,0.043915953963241695,0.15592471757331833,0.004434897643182554
0.19983326552162403,0.054449347041955316,0.0663039160334548,0.11068739467827421,0.09468413847977811,0.08343515002571113,0.07082029611731817,0.1457018558214768,0.11619998279422382,0.05788465348618388
0.21033110339757216,0.1623167733003844,0.0379764660150406,0.013374843475324508,0.00445931193695495,0.10453410313077002,0.11571889126482249,0.10132051268762395,0.05285383575687116,0.19711415903463578
0.10753749279317067,0.13450916715295863,0.0316145559711191,0.14642342566147265,0.11964464227942824,0.005520418928826303,0.1366567546300766,0.07830319515916383,0.12638577626585826,0.1134045711579257
0.03875462350493653,0.18451236037953417,0.01592138157142894,0.15922971782107923,0.02279878221357533,0.20047823169527756,0.19883992256717523,0.06251184369701838,0.09722118800554373,0.01973194854443078
0.1389651095299752,0.05672897802092037,0.11610438779638195,0.08036398453325498,0.12174354662564627,0.12935304752414126,0.06687218637105133,0.055032795321307795,0.07914493194173307,0.15569103233558804
0.19121466283161112,0.23210682538714472,0.1105807477244908,0.11537728446892823,0.005047524187380783,0.2426124889634458,0.06119099757759452,0.01773996709831919,0.007726739070526622,0.016402762690558386
0.1018408886136271,0.09896309730565722,0.17908589913157108,0.14439411316246922,0.07366003403624577,0.03858318154259316,0.111357495307689,0.018698399602356235,0.16481796321816225,0.06859892807962908
0.17678109048320162,0.03604170194971673,0.02224910332075653,0.2297256136624003,0.019060670647227385,0.11629839576095091,0.09166792228344336,0.008511184770769635,0.23177661708527106,0.06788770003626245
0.077149319864039,0.09649438035985763,0.15888714021092432,0.10921612167773295,0.09907703334613435,0.09502887825964206,0.06054011507569501,0.13096694938007242,0.15482590544360944,0.01781415638229284
0.15841698950736488,0.14518958597217663,0.06212350439801079,0.143716518984229,0.07100851937579686,0.0849982835582732,0.12033659454613825,0.010979346496734571,0.124435005530994,0.07879565163028181
0.13735942911847876,0.07667046125898325,0.04856530941344215,0.011005851839717397,0.057759851511613725,0.19424703487200018,0.020740010415771573,0.14548436667928416,0.09938358946759049,0.20878409542311824
0.008411345843632756,0.1403882567813507,0.16712204092006733,0.06207608573099083,0.13394668141751087,0.0016475962140583657,0.023305896861808582,0.10329711146622236,0.1726541423622083,0.18715084240215
0.0326025827700414,0.24279898195351138,0.0005430463221173366,0.0029343941896597986,0.08550811632642456,0.0730533113822422,0.04574383936752574,0.11429509040524825,0.13901877190122722,0.26350186538200204
0.1636606196936106,0.05257705373136334,0.05724443899096115,0.1862517026603155,0.14942255392876175,0.06739784638427022,0.017311498575334535,0.08961625184875659,0.1382577458342509,0.07826028835237543
0.10527340758421606,0.20046215838171055,0.11006690737455128,0.009521706279246991,0.09772864147482344,0.09849559053242966,0.005729776323075391,0.03977123694062387,0.1526428853043705,0.18030768980495224
0.10338884475838062,0.06429631587353446,0.14052044174539596,0.191640720332673,0.06216131664509563,0.13799962343129285,0.014479886153793708,0.03048338302020028,0.19143604358702832,0.06359342445260523
0.04585357306736762,0.11147216552443943,0.07060123700353405,0.07107193231897471,0.11904077485640525,0.054921951522383945,0.16847486616432572,0.07566877661087243,0.115522323070748,0.16737239986094882
0.008436013756389343,0.13394791269585477,0.03829974579252842,0.12315567555835193,0.047085318696082665,0.05509012266204447,0.12917697962407615,0.11414588157412013,0.2385494840560487,0.11211286558450342
0.00595506569785417,0.14965651121078374,0.008567141216352157,0.10305480519628929,0.14055242249254965,0.13716383206014185,0.16378698183485652,0.010764357542023989,0.13182309626740565,0.14867578648174296
0.1565026426839988,0.04500595419436038,0.03575792654437453,0.17133787465253172,0.021796846013650523,0.06608415039626012,0.14660765999372877,0.029179018593350068,0.16785934927546997,0.1598685776522752
0.06980936909592286,0.13798832251858048,0.10505291135371336,0.14765903308937314,0.08294248925609092,0.06634957793085,0.14774264914394386,0.06350100140042475,0.06364643268823963,0.11530821352286102
0.12460290239846121,0.027895552068639556,0.11465869164568146,0.12714977636774985,0.027791319238717895,0.16496169712043268,0.10749104084619639,0.14068688481461847,0.15743395066344307,0.007328184836059443
0.20766945167339745,0.09548541440815488,0.04368654746452694,0.06367463511079455,0.15358582511752641,0.1746410211122458,0.07789214441273773,0.031503016818259476,0.0026859858815238727,0.14917595800083291
0.05674927231862967,0.13056635356059104,0.09468471241272408,0.11901269510074274,0.1389558928777072,0.08397584351186195,0.13550425746441105,0.027402325845353567,0.13529327043156777,0.077855376476411
0.1857267878372881,0.05722259298870757,0.0965557715643911,0.005556589070455835,0.15536671145275233,0.14930643182725478,0.049538662772628396,0.11036689209436831,0.1849726252106017,0.005386935181551915
0.02621586679958566,0.1328934986753083,0.16240460054315217,0.07259242843037185,0.08272249881909018,0.08887616323144767,0.0785480214626659,0.16879321696863006,0.1429325916172203,0.044021113452527835
0.14939745913120414,0.0007120161348079257,0.1125726875567666,0.08703679665862775,0.08266557102887834,0.035525277850610645,0.21904338372197205,0.052746848775757894,0.12587669217802464,0.13442326696335008
0.15426576879364146,0.004198172902029303,0.1672640683458307,0.04176870876553764,0.12260304082181839,0.1479581317053354,0.10607408561446179,0.051004683816480365,0.06594565109623099,0.13891768813863395
0.10384864053489735,0.1443762824049246,0.025884845776243975,0.05101932295713376,0.1859945176308374,0.15193469600663062,0.08712195355733987,0.10473424026938355,0.03900689040478249,0.10607861045782647
0.06447860158461645,0.14548220190138003,0.13546218274581287,0.06329890847935395,0.13070767549560494,0.14421840548657386,0.07351510931086115,0.01258240012442473,0.09842350392389856,0.1318310109474735
0.05366677328774488,0.008723940440367223,0.050748295211622635,0.1068725092420612,0.17075907979942392,0.031294437222723875,0.05261879879346498,0.222305412048963,0.23666100459264597,0.06634974936098238
0.03354280501021408,0.09953427384282697,0.16514465011925664,0.10081545812014961,0.1884089696321459,0.041219749055432416,0.014233211257003716,0.03030990071134267,0.18840499090489596,0.13838599134673213
0.1654530636252427,0.014916111987341855,0.18342676928553758,0.0031466508935106543,0.0754494376267675,0.09400099086073584,0.12731533440143844,0.1404455395795792,0.03323625135132113,0.16260985038852516
0.15036408107764335,0.006156059564684885,0.1887942052973682,0.025271058498869518,0.06480225051675037,0.0013840055578028222,0.1763509166041447,0.09093451316463681,0.20642078399185862,0.08952212572624056
0.21578069906079225,0.05444647426770393,0.08088500161706887,0.09420269716918976,0.18439920679127028,0.17504073585949706,0.04841896540265303,0.025057586637833827,0.09089561151617055,0.030873021677820432
0.13193563405063036,0.057414934151400664,0.11133764604151851,0.14615630515603972,0.0033033616376478172,0.14332466817742057,0.08894664341484632,0.0009727456960337167,0.16235614358224656,0.15425191809221556
0.03686950969626946,0.11902173540503153,0.013375012335572548,0.09945735909628219,0.1438272684138577,0.13298362521903798,0.12814523888670032,0.0904906814021352,0.1629927128727072,0.07283685667240601
0.12222817574877921,0.10592688372299128,0.14104012223158824,0.0009314840796810358,0.08192728365682593,0.12292577093900382,0.1361152461565157,0.060658651110840595,0.1505759869110262,0.07767039544274795
0.08431163094737398,0.03695696068448652,0.06935585284664028,0.1571814679616444,0.17014794518812795,0.12326090094535119,0.04065559933251253,0.0677671885160422,0.09314786409981222,0.15721458947800884
0.010448712238879334,0.16966286552950527,0.10429999241889235,0.15070271774849592,0.07840386712235224,0.1756446544132843,0.09905820235346427,0.08002735499673655,0.037484452456984375,0.09426718072140529
0.05876509785330424,0.14358359754931116,0.0919333683479256,0.1242097983525309,0.0342052142512231,0.1372328863549577,0.13448321886009187,0.07265642346357014,0.0675656031473086,0.13536479181977668
0.07402072875504337,0.07061739107051646,0.059728109085139945,0.0566707294112264,0.15009582106457972,0.13371136311298149,0.12925544270556152,0.12322953268712512,0.057507422636436496,0.1451634594713896
0.08060178764719533,0.029291055487550025,0.11432061830053024,0.12782395418377906,0.13015339097666204,0.12310017323319009,0.10857953731655193,0.1186564488686185,0.07698011298655787,0.09049292099936478
0.06956078360715313,0.21857390099648233,0.1297210412716466,0.05545598277670299,0.09780405161142901,0.08959237873906607,0.04494257946861439,0.19436801581098948,0.049782091597279636,0.050199174120636195
0.17742233656409703,0.09495069691560332,0.05384144276237921,0.06717500613802041,0.017917075762293285,0.16394614997834922,0.0647217628251839,0.13931336098011002,0.10969757212697233,0.11101459594699123
0.16636479261796372,0.1522878662124384,0.03727890589055221,0.12095682723501493,0.17029112165929622,0.0358135963798029,0.10593185613325844,0.13291577127413798,0.03291283221475933,0.045246430382775794
0.08217963790071202,0.033276738008979664,0.14229739195016122,0.09840790816751564,0.08268030392913857,0.010527988321535797,0.04301374147592638,0.0679842608161061,0.21518956778894008,0.22444246164098441
0.16375308847319658,0.17342608216875666,0.05944565666644568,0.09336457249763469,0.1641183127713638,0.05060024741755241,0.08869980868899957,0.15124198619417475,0.03437134700284461,0.020978898119031256
0.10676808299628823,0.1749260049193293,0.0392049752790189,0.05768599528176279,0.12722795945056886,0.06498335291150376,0.08899871377707312,0.1715282543296633,0.07208497888240536,0.0965916821723863
0.07117676974393312,0.09562869142894596,0.12606019470183646,0.11610165058655798,0.07008680432973165,0.11110473163212815,0.043754881633840295,0.054728683417940946,0.12623092178377948,0.18512667074130584
0.1485287754005003,0.0778857447197608,0.15941676776469474,0.08338985403056515,0.11723192327316176,0.0273534094253016,0.12990256768748545,0.13690541093590622,0.020158196700872856,0.09922735006175103
0.03666702401847065,0.22836079794736724,0.026065938533101005,0.04422351440114248,0.08069303184456582,0.19201556987444432,0.11600792495555884,0.06513430787594147,0.16054923648667593,0.05028265406273216
0.0005430248549011208,0.17760914338502642,0.05745853945656605,0.04700124641042686,0.056525167505024364,0.1294832978049239,0.09830441212812766,0.08890959618082596,0.16877404834866172,0.17539152392551585
0.015214443841660246,0.06156440152093671,0.06320817508089092,0.010715758193408765,0.064513584748542,0.1853409353193074,0.1857166414935856,0.09188658531275341,0.16038995334725986,0.161449521141655
0.16096668426950092,0.0830599983518525,0.1120807990792809,0.12456660381072236,0.07600852111791888,0.046988045463792365,0.10719002398070017,0.09536073586415167,0.12779309736007233,0.06598549070200804
0.1449970573237016,0.17469299137157035,0.12130219126459378,0.10593790350487435,0.0549105805470886,0.03647087403208296,0.06853345726741157,0.11530546635871186,0.06428973657633551,0.11355974175362946
0.09339888683322459,0.173087082058128,0.15451076552898962,0.12176021722349874,0.005625011678705103,0.10827872429394908,0.020155809655501476,0.07604730847147562,0.0784294837426907,0.16870671051383698
0.1430853365987254,0.13738666641188,0.05786386181234845,0.08534001710224781,0.13864746481848922,0.01513548297887508,0.12009265405266462,0.0791554784346789,0.11124935034047509,0.1120436874496154
0.14904758012589892,0.042858167083714524,0.0734122335136442,0.029455707956811805,0.005994630814224055,0.11104185350090212,0.15984908184730456,0.1120351781392471,0.16501080670771404,0.15129476031053868
0.007676896786238615,0.061892620213640816,0.07958257371953685,0.1777953879525575,0.0509846815549995,0.1580714191448741,0.029488696881270815,0.15516590431025182,0.1622709833595123,0.11707083607711773
0.013300752203231436,0.1656904492360025,0.03196851636531999,0.15765566351448157,0.10141500125816903,0.08817876061111103,0.11829413414036927,0.028086998247778442,0.1399590678663854,0.15545065655715135
0.02282190410525009,0.1668377452124442,0.013460162216856997,0.13870463433282582,0.010530240434288943,0.0784673157141158,0.2372607188575272,0.06452496447963255,0.2400214500856782,0.027370864561380295
0.1488120893210884,0.06217084485295983,0.09956142468788433,0.07601272847109869,0.24274276426682057,0.11837905437268711,0.0880579604831673,0.09963857635507624,0.03244729748522237,0.032177259703995105
0.05053489455647994,0.1869925705469612,0.1390017495637577,0.12510810404046885,0.07879613822659898,0.06831853446813294,0.09748581438298964,0.13794560534028863,0.052897302298018846,0.06291928657630326
0.18223878494990223,0.03371516552545273,0.15675980476671425,0.06494066996475514,0.16036515072381902,0.04312356765266655,0.01369651242825611,0.08226002647866797,0.059910407493966894,0.2029899100157991
0.024419954565530075,0.05828971190860102,0.1082052847512375,0.06483156434145507,0.1865940624726968,0.17377454623752742,0.050980138266800555,0.02724821956774023,0.05167066343572514,0.25398585445268623
0.06496144830380375,0.08210061877012065,0.010931858823474796,0.00330732264493121,0.01016336485264004,0.22592792488046864,0.13086366227260682,0.2612254890066496,0.09879797138773819,0.11172033905756633
0.1323292961512372,0.08814079926592236,0.03303136190474479,0.1353728391242068,0.18610158291466145,0.11395788710344758,0.038025888386483325,0.062326251581057084,0.09053181889292905,0.12018227467531026
0.1734258287803863,0.09123794116668718,0.0038032989261046453,0.06702532171745204,0.030466642391666642,0.1107802253321293,0.05783224230193302,0.14723893134180616,0.14655070755575966,0.17163886048607518
0.06700332759782975,0.12018807310481976,0.15439143889447124,0.1893307497463339,0.2132120720498085,0.02441030509199348,0.0478753095352766,0.08378326945182397,0.006751580310621716,0.09305387421702119
0.1655761629697063,0.13651037470624844,0.04880468664693821,0.07530537590235117,0.10774899862402947,0.05087516955546888,0.10497732092252213,0.1477524747304087,0.1259123460968853,0.03653708984544122
0.03835089647609243,0.1847105062068925,0.10578650788200837,0.0621354572717284,0.14091968213979178,0.016947939972794108,0.2035954755344476,0.17573690655666774,0.018110042165670283,0.053706585793906574
0.04211720586036298,0.22749125500878306,0.030494561451945772,0.1848980547535535,0.02422797061043128,0.20543337154918426,0.08386293739798158,0.1629009171809461,0.00710696531730988,0.03146676086950152
0.03265949669051273,0.13260473011178692,0.1981638219075922,0.04746858859436053,0.2086664524192041,0.1364192029209892,0.04358732692335995,0.1151508965122421,0.061970744284523496,0.02330873963542884
0.06220963477436177,0.057824112151048525,0.11530050823250171,0.09121054509520544,0.11582763046183356,0.04475411689984113,0.1427347895921158,0.1341685599993581,0.10679975169895663,0.12917035109477729
0.13792932524299198,0.005117138991994655,0.048259587504914,0.13271304786520083,0.18954248078810948,0.2160835738576107,0.08362915771668777,0.043796348053449494,0.02457537236147448,0.11835396761756675
0.004368008766792037,0.1254846642028915,0.1539576372578654,0.09440992961639469,0.19556186042473303,0.04970339630677366,0.10632705707029706,0.13082429831930306,0.055572158189343676,0.08379098984560575
0.05462787987862815,0.06101396851057585,0.20113955406402576,0.010185856443280206,0.16471346444509277,0.13086083133037166,0.09422920227881025,0.0198332380314401,0.16053996667784973,0.10285603833992547
0.18656449357116384,0.13418543330703508,0.11530976218427182,0.07254963071852764,0.019625081505784656,0.06316366766389388,0.1812481055659486,0.024729244911299478,0.1751500607288914,0.02747451984318366
0.06604039825122496,0.2839395704372203,0.020508652831822065,0.2555685811435389,0.0796461167303491,0.08998629297149434,0.019160736368429496,0.04836319248597465,0.09595111797820918,0.04083534080173706
0.12661152854737237,0.1657714334542183,0.11814062151741424,0.08193303696914023,0.13306739381638344,0.0657907819412818,0.07346036688366572,0.046209610277977424,0.08513363460620355,0.10388159198634297
0.13949371236519303,0.06379702785835717,0.12741941648556235,0.0949242942209403,0.1537425146867048,0.07610515826065771,0.13001889625742857,0.0838915158432331,0.06334294728191592,0.06726451674000701
0.06318488587141484,0.032170977274986384,0.17076021904331792,0.1726041654220599,0.0019996303999370853,0.1061211953745347,0.0008654673372757798,0.13658016324224406,0.15918411821505427,0.15652917781917514
0.05283169163576604,0.03394799761143386,0.17593329058974647,0.09434747903022714,0.07219507728029895,0.16893673624669273,0.13330239009103034,0.14918466849116319,0.018574640697608148,0.10074602832603313
0.21165969613349306,0.20025093418211465,0.041277264786254604,0.031005946705625176,0.1664203999763372,0.04271552676709702,0.10707779236058747,0.11893273000480964,0.057403816425456534,0.023255892658224562
0.07238225676874491,0.035346459196820126,0.11293490561266618,0.07698945690908689,0.0007188350138827951,0.18800027940105293,0.16991598149356058,0.18260604363576644,0.10711827714764634,0.053987504820772816
0.19692259633504802,0.20933629360699657,0.012449335742699094,0.1188031810366241,0.013233832400492392,0.12621654321291287,0.0004964252002310353,0.04350297766368953,0.2514866520459305,0.02755216275537595
0.22853604086428883,0.06465263152013666,0.13548016855151093,0.20135994917768446,0.04405106602299617,0.07938766906374535,0.08233814357078013,0.06268408760416859,0.011393254410365776,0.09011698921432314
0.15537518676013312,0.031139971592631755,0.0730673188774202,0.07436507641927524,0.08364674878982493,0.19071902511645616,0.03974173920917592,0.18866592720476774,0.011784994892088894,0.15149401113822603
0.06396558370548591,0.04140692346519967,0.05369453649673265,0.09173475295599771,0.15751880912839128,0.16369547302524134,0.10412678629166128,0.048620931532205744,0.10837044665126007,0.16686575674782436
0.0557130621161468,0.14904411808121842,0.0761686999414534,0.11867853819890742,0.05730622245266531,0.13931716329848567,0.17866128093998135,0.14489911034547054,0.06874131938999525,0.011470485235675721
0.11962294795405788,0.01769932485307176,0.12869618287906454,0.01775724150716597,0.25087854793559666,0.00692723631074706,0.11779858139836698,0.17801646849884858,0.10594662309916937,0.056656845563911234
0.046029020517146475,0.13992173967979257,0.07189334574270119,0.09580579255478414,0.08821528914383191,0.17307157886113395,0.0695425868211634,0.16893619486740707,0.1198833833709296,0.026701068441109775
0.01589405263351252,0.1538723881518893,0.1536674710265335,0.0646761301754472,0.040682440753244245,0.15342248536198216,0.18698430965478055,0.005922678308833895,0.1714980984114119,0.053379945522364844
0.1337442019375436,0.11504561505092134,0.11603424004678306,0.12773587371605866,0.05135196597525342,0.0683480827387078,0.01377049305533569,0.13401495405000566,0.1860609114491377,0.05389366198025299
0.13684525047609625,0.07229631689181736,0.0444338009863275,0.029848490949460724,0.1616899439282995,0.15613578407029402,0.07885805827846788,0.10885260136774953,0.10869062358619898,0.10234912946528812
0.12243900849387955,0.1218527069822662,0.15401804278644868,0.0018699977377603172,0.1235992323709861,0.051199139627556706,0.1878054837321337,0.011585301724516873,0.024754011554986483,0.20087707498946528
0.012649665121316678,0.04368053022267795,0.013835919627307533,0.05816985325199711,0.2428155427926265,0.12692315901610382,0.1080145863706187,0.0534082319242135,0.06883906535322941,0.2716634463199088
0.04328657846544109,0.16488093192233666,0.09347406232334508,0.05394036738335289,0.11068980851990418,0.09191645219303753,0.12366641726636676,0.11937668488349264,0.11792727104802125,0.08084142599470182
0.06539717143622076,0.006545273274032434,0.19231590722255942,0.06301932870172053,0.16055862722274247,0.016314824672569783,0.1576045918566146,0.13074039583232358,0.15104589817215594,0.05645798160906036
0.038218712536374766,0.07393246885444447,0.22030751769320717,0.04221036099349245,0.1776912404464709,0.23108281367548955,0.021574655424153075,0.0482953483712189,0.09425750815140649,0.0524293738537424
0.13058889033928978,0.08771558008610222,0.06391190455940775,0.12445730144133753,0.1621154803168193,0.1008290769945349,0.050497440717047516,0.07785309229601457,0.18234769146927465,0.019683541780171673
0.013448630425372003,0.008991916877150832,0.13114875760968206,0.021239097383984676,0.1771334834833217,0.16541311839495712,0.168993449896633,0.11935183481179489,0.022705531157918114,0.1715741799591855
0.1518451527780698,0.10326445397917204,0.041534447352032496,0.10546416902163576,0.028469434822205392,0.050363449985268705,0.08861224886722749,0.059018068879973656,0.16679194727979346,0.2046366270346212
0.17574496106941628,0.04056840502342054,0.15112778556680626,0.03946105217807832,0.13002070101452967,0.20662888805550145,0.11363635318683935,0.013872715207221421,0.07784149458542719,0.051097644112759744
0.06434647372388813,0.0050870668971420676,0.19945995583794413,0.09693933555194659,0.0037830450482371327,0.19858445892083942,0.13493882463495227,0.003703899799536035,0.08068252752792082,0.2124744120575934
0.10067001959453027,0.07835195708473675,0.10511403890812666,0.12524478781523676,0.0642276424133091,0.03352497672762465,0.12930113033926768,0.11747763059411287,0.09530796699952869,0.1507798495235265
0.020927222206038276,0.15563929916539876,0.0163013177399244,0.08208880125005204,0.011479942646908284,0.14960384035594357,0.05862907217847495,0.14014579250423684,0.17852871302368983,0.18665599892933302
0.06902151706279061,0.11023926768930038,0.09409390379610863,0.12056700856629891,0.07044329236991508,0.13462305367434493,0.12323091619295343,0.09710837417037396,0.10362912024385591,0.07704354623405822
0.17172317669328901,0.03955957513450656,0.13205660127134924,0.021542427209500805,0.16028809842989933,0.04472137451699201,0.11809355880358587,0.11515148603561703,0.12200028751082101,0.07486341439443911
0.14640968915240188,0.07226804671586944,0.09956633099817767,0.041941871902691136,0.15099332472795723,0.09721031399160526,0.11740044540995413,0.11874568676684422,0.11661928036479534,0.0388450099697038
0.17377729677193016,0.12971767354480568,0.13531509105581274,0.1707697142319991,0.01626231175979136,0.16956183872962907,0.07066241390471904,0.0061997258139774225,0.02374959965329533,0.1039843345340401
0.05773422201700237,0.11971785223397555,0.11456498562929139,0.20863089704380416,0.004222063938203498,0.12444546399957872,0.08820394130125755,0.018101706968529054,0.19815219939928144,0.06622666746907639
0.14191954864532852,0.049513819492332245,0.061699405114634974,0.14580500580607728,0.20866597446576507,0.18159414202758514,0.0011065933896915931,0.1287956033448673,0.017116698709872875,0.06378320900384506
0.1426752437652792,0.12197991409641905,0.07579442735328698,0.08055084772157044,0.0861898592430358,0.06599245887985027,0.12109380959961788,0.047076094236833635,0.14570202515616767,0.11294531994793909
0.06979835346244391,0.1585102993193686,0.0379165443894041,0.17528185530851895,0.062110048216525014,0.058593199680206445,0.08377641887069043,0.17303317806659346,0.09795661063845833,0.08302349204779085
0.11294300852806062,0.1705450082286097,0.15062921659339268,0.02004356251794609,0.06880637318069999,0.15977512708040673,0.06195308853434957,0.08206706044911385,0.09029308384905738,0.08294447103836328
0.044070367081283694,0.13853640565308065,0.13424974832864542,0.1129884200038268,0.16178673008805747,0.1201021027601662,0.032201483539990965,0.019128456410571343,0.10760051543823826,0.1293357706961393
0.03742759878695017,0.08001522193038302,0.0056046460282082305,0.16229637086636914,0.03969486734835866,0.07191568542268802,0.11509288063848634,0.12696724503913343,0.22652548871215156,0.1344599952272715
0.008977309772346675,0.16468265843555926,0.005969376878440362,0.06260724439474828,0.1630137055831315,0.12521199391123308,0.04494120661500191,0.12463918164465784,0.13597662264814026,0.16398070011674076
0.18231768784267222,0.0020233406639659493,0.037224557566749576,0.17278732944519912,0.11399794864786418,0.1498722710926845,0.05083005816007976,0.13713651057507067,0.12527066109275334,0.028539634912960663
0.02626318595974539,0.19436849642664458,0.00566700206877854,0.11158449276246456,0.10493203532613549,0.08616516790274172,0.06315748976735558,0.15583294541384204,0.035757123518767996,0.21627206085352413
0.07477429027273338,0.06156920745071674,0.06116906446215257,0.07794750035214802,0.01995516781947345,0.016204777197729205,0.11925460382098885,0.1787919929617609,0.20215858904194844,0.18817480662034855
0.020329448707503972,0.12922581084579537,0.045304769395641147,0.10495042754190857,0.04423492306409383,0.19838645191914875,0.004102105247839848,0.23015751153016978,0.16168165566559456,0.06162689608230406
0.1337766034805542,0.16664922411163982,0.19130939859236665,0.02636171005901963,0.006126803460861373,0.051365792370550355,0.05296480877096945,0.24039635954744998,0.12883408018777928,0.002215219418809285
0.0717498772888956,0.13116324936136295,0.10096593990247535,0.11584949048398148,0.18587162291984716,0.008920554390388228,0.20911664010573527,0.06331733048028981,0.016899833072267122,0.09614546199475686
0.14844880750000147,0.004160873724709286,0.2056215123475003,0.055147946473843086,0.06779628980014077,0.1282480508015874,0.06102839447305525,0.024832750160457155,0.14534641067522433,0.15936896404348092
0.021685031300495355,0.1529634679207891,0.06718611445020149,0.07303315602951063,0.2475348515974772,0.00973554479847617,0.22810780877163295,0.12098674608053192,0.062149648011616404,0.016617631039268655
0.08391025352564734,0.08985790057471475,0.16276014892127003,0.1360879588229926,0.10154713673634669,0.024898503469447494,0.08796846118484213,0.16860404517854635,0.02462285757720226,0.11974273400899033
