i = 0,i = 1,i = 2,i = 3,i = 4,i = 5,i = 6,i = 7,i = 8,i = 9
0.09453104385604158,0.21318854147956853,0.07109763301283231,0.19348774401928764,0.07539334244661629,0.011472708001326116,0.02962000813744317,0.00471279447264371,0.20233333843331705,0.10416284614092364
0.125721097692822,0.03487324637177587,0.006129684438252419,0.16946089369054174,0.04162631586754867,0.021853197810450666,0.13999418037558045,0.13495713223021397,0.1666236665079769,0.15876058501483745
0.11351206249298988,0.038292747985612594,0.016437998709276057,0.0010075536022027848,0.1284746419935886,0.02991809894873983,0.17273070742122917,0.18048144037996086,0.19647428145341544,0.12267046701298483
0.18794675855181772,0.1289832783444677,0.04706524078907835,0.15489819483412307,0.024305398116551604,0.013127132877245798,0.05314545552887883,0.012109008592990392,0.2003600587106233,0.1780594736542232
0.11893971605028655,0.07273598547737765,0.1654828931696838,0.11493968603792448,0.13254631963828084,0.09163867790617318,0.12553200184581037,0.011426299278508963,0.008678943664206726,0.15807947693174737
0.11283998213568391,0.045014633465043724,0.137929310248292,0.10312893534190665,0.028152617698644758,0.05894092824975371,0.09822321964062046,0.1463210599495322,0.11238757469129704,0.1570617385792257
0.02932448445501843,0.06014471040075245,0.11191236964752371,0.06810483304732914,0.14801274549988386,0.17132577187314016,0.12618014141740655,0.0755382890215577,0.15037033979930947,0.059086314838078614
0.24113429908395,0.04019930427704387,0.02423649932594302,0.010376766425469022,0.15164171373382795,0.2281749349050499,0.03892932857095993,0.09849030800035617,0.048113685131547165,0.11870316054585296
0.1411857803308242,0.1105349230591964,0.06960688714925671,0.0779886212988839,0.005544628708941714,0.11014092199603304,0.1413063548144768,0.06549357500793199,0.15330700907866135,0.12489129855579396
0.011044211723146258,0.05934146728296212,0.08364554682093048,0.2870211475605061,0.09956430500487144,0.025930395761038835,0.09520491210327935,0.07730794224513733,0.2499563636102804,0.01098370788784781
0.1763496428926478,0.15142327837353273,0.05431604046191529,0.0914533369388343,0.024380405571816817,0.16734292562352918,0.14460735972029487,0.06556633630354382,0.029266628863756784,0.09529404525012837
0.19526467509302833,0.05620493113960958,0.13573123238749984,0.18426815441328717,0.024407549708027106,0.003517978431638226,0.17368790908220993,0.14399567961990792,0.01760017636286363,0.06532171376192822
0.0958949230257963,0.11663365619691791,0.1378176626980292,0.07147708687888138,0.06359227414036121,0.13553810261647792,0.09684337551264563,0.11496351687336556,0.05736479621511653,0.1098746058424083
0.18986840806865474,0.1703704768270273,0.19404266031885223,0.082699669034048,0.03600873567851179,0.09795382065999399,0.010142276918483427,0.17466904118413096,0.028074205536125274,0.016170705774172383
0.11720132035061824,0.12859145388415402,0.006956036529741808,0.03642886795463941,0.028722096869304672,0.1912183320404292,0.14818592854906062,0.14118499818652464,0.06671290356795223,0.13479806206757503
0.15529000288274986,0.09827334902899205,0.160876578690431,0.04131506618886082,0.15885735903790427,0.023921381533410797,0.09989230177415585,0.13621710663625697,0.04150151198299271,0.08385534224424562
0.1524599640422622,0.0008640775736506127,0.13907697434686403,0.14142713351268452,0.03757038159125626,0.07824524253893363,0.005180806278410658,0.1685619838244543,0.13310128444802208,0.14351215184346175
0.031472183639119564,0.11631082947225047,0.0636714097112317,0.10826218711778482,0.15291081658894132,0.10363496569174468,0.12901054632295206,0.1064663836630022,0.14124137340235993,0.04701930439061317
0.18494534212459798,0.0268938803274769,0.13547667688083007,0.15815287564788258,0.08163474067123591,0.10577697077456696,0.024925265912771666,0.16784446385920843,0.0507964559142826,0.06355332788714695
0.16519456612859684,0.11174558397315454,0.11191730632348255,0.025753505855902557,0.0400398266812593,0.1242777755658784,0.0998010758309717,0.07770094307663672,0.08764634256906698,0.15592307399505034
0.01414844918394927,0.12206437224474795,0.19189130175876243,0.18518721004891106,0.13529315993813543,0.03487244808915692,0.2403443724766021,0.057569830052124495,0.012671719752951163,0.005957136454659181
0.08047321187312009,0.13620840123054703,0.0699984687213841,0.10290818241493419,0.09381898298371535,0.11566752150621115,0.10656227374438335,0.14694908933998865,0.08119684143320981,0.06621702675250637
0.03317516657090603,0.15828637902872175,0.006153365460905026,0.06551853892533076,0.20022745403155562,0.05858780353088986,0.01811619393245124,0.216081395120226,0.17838483266791821,0.06546887073109568
0.03456906262790052,0.21335422458189615,0.04205300754314559,0.10428196741359826,0.08097066880850283,0.07111546958990218,0.029396419597072915,0.20515924791723072,0.08033241679024347,0.13876751513050736
0.058317552573352714,0.19948666291373235,0.1970684789674891,0.09121038168523148,0.16861175093972755,0.019513269129620217,0.07899351963177155,0.11323238539531962,0.015076539754928783,0.05848945900882655
0.0519043842151153,0.13106677269465414,0.13139466464175223,0.054522817617761274,0.18509260460978397,0.07524512939282527,0.016499708374843318,0.10243466596805376,0.20929706749915977,0.04254218498605099
0.04133953369160281,0.10131898803362666,0.14756383561404907,0.12929588151177332,0.01674121570941444,0.08760154094371977,0.11821347411029842,0.15996353387038537,0.14378632257047577,0.05417567394465446
0.09875983595850352,0.10620400581147796,0.09651580722351046,0.018704798694534782,0.012826108816244216,0.0840931766635935,0.02692342033619716,0.08677616300026532,0.158671587394187,0.31052509610148615
0.12656347511248442,0.2252367527234416,0.09106589835864805,0.033653515198038074,0.08051898442992544,0.011165062975369395,0.07779571845852896,0.08385728759926224,0.0299219793222635,0.24022132582203837
0.06162266835712492,0.14645992047648726,0.0732790441266606,0.015699064494500932,0.0658913364857344,0.15568140576519165,0.1309148743303582,0.11037639218095134,0.14528730373818516,0.09478799004480563
0.06614080841365186,0.11014166005917117,0.1264130952370401,0.11824518688090178,0.1258603668440769,0.12205351263301592,0.10674364745842958,0.011448451994229124,0.07780888922523586,0.1351443812542478
0.061015109131177844,0.012460353134021813,0.21012182967402707,0.12350864510068246,0.0024879590623917286,0.23145990742191186,0.007367881599825474,0.08202139991195599,0.24908543002641959,0.020471484937586215
0.08525789748522994,0.08554528995845002,0.139504391156797,0.11166186094145529,0.0619137721220789,0.115860328671125,0.046742015781669304,0.16798703512666446,0.020003510358584727,0.16552389839794546
0.14426574147935356,0.22305542192019123,0.05586325544519649,0.08632886021651545,0.16529600922586377,0.018086995261791673,0.19071662540664439,0.030971558468462317,0.01879657384524839,0.06661895873073273
0.16540686332926857,0.009058974565503745,0.09461332558860962,0.031456697000795994,0.17965620664043158,0.1761222348315877,0.07530333661394979,0.08677645509197537,0.11843338037757287,0.06317252596030479
0.111819922832843,0.05281837369871813,0.23495353966788304,0.0808654945747088,0.17882377859688653,0.1233921547982882,0.006563216230954711,0.13702115755967018,0.003701208680573892,0.07004115335947338
0.07705148162979826,0.08783942149372477,0.054870581224890226,0.19435760636521215,0.0617793647271606,0.005313697463209873,0.16211469919459975,0.13619264792648034,0.14058037836007048,0.07990012161485358
0.049868567764101646,0.12476021978612395,0.06038143161743822,0.10673608305891202,0.15263453721856063,0.11803497066820452,0.1008116459685449,0.10133560255389391,0.09374849153033346,0.09168844983388674
0.012549036592656437,0.11116433390293061,0.04395304311855062,0.053760658621533154,0.011247709367035591,0.15466280916175748,0.043093920387059885,0.15512898145061793,0.19758919826245588,0.2168503091354025
0.017374649757229473,0.11105535861461303,0.0449779509714046,0.20387658378811124,0.17203132549394873,0.10784137056110688,0.02017570359539295,0.200048206364403,0.04988070391201475,0.07273814694177543
0.027077021265885837,0.16561930424744906,0.025406692994643067,0.18233936868330206,0.0957061581263234,0.11128535861310924,0.17094423988888385,0.043060861454984695,0.011313461729159464,0.1672475329962592
0.2331894256611712,0.06538121858116908,0.07981489032648706,0.11548003546456494,0.12934360447932217,0.13200702628945882,0.014958136064568028,0.04774078440449462,0.08459637150204612,0.09748850722671812
0.18398947875326382,0.06372645338567799,0.08613117249194424,0.07130063018661266,0.18140709929844773,0.04965290769097024,0.0782753556958906,0.050913643257560266,0.04194838490525315,0.19265487433437936
0.2186014888558413,0.20480927738947016,0.1380526008050702,0.001804273072190593,0.1596145468383918,0.0023156689244662253,0.14434855115575765,0.039501915571132466,0.08415981352087111,0.006791863866808576
0.04830423859065761,0.16158562692586215,0.04476638134551473,0.08199056258263093,0.18048330335682974,0.10503444292556671,0.1218145839615524,0.032577437127151276,0.1540531989987207,0.06939022418551394
0.1047251129717838,0.1450380623758209,0.11840182443126986,0.0996791320099599,0.06066480835193959,0.09669674377028355,0.05129945331249441,0.03624931394316433,0.09970347188926343,0.18754207694402014
0.14896986243993016,0.09475104281290085,0.19399148183350728,0.06527811788466481,0.1719638830876163,0.008152099567755687,0.00555997330845034,0.08302371129099846,0.18221772904171787,0.046092098732458224
0.007823884627025575,0.1329479355587603,0.0498629542188104,0.09149963871878557,0.1228119740564226,0.1683708090548138,0.2038180254500995,0.13615483095675968,0.06818127286537377,0.01852867449314868
0.02977256434743064,0.13804574057658328,0.06338402248555759,0.2340749441046252,0.19007253242215974,0.04561614136563285,0.17304678330945825,0.06914683997076033,0.016467857197051548,0.04037257422074064
0.10536623454482695,0.17289126450163725,0.012245333756739534,0.05909680166115727,0.044998523536528535,0.2128088459703485,0.18621996138311558,0.09302343764529371,0.09206693591691012,0.021282661083442622
0.03644204835031483,0.06811813604476245,0.06404546584102637,0.14202780930815828,0.10391689432382303,0.13455722495740238,0.02902822926737499,0.1555205486675307,0.11437973398353504,0.15196390925607184
0.18949390030466703,0.044632504727130845,0.021440601815059867,0.032971359444693336,0.11344159029414133,0.19824311543613846,0.07303822665625063,0.14495911340596632,0.07702256649722582,0.10475702141872636
0.09475823605198617,0.10562460526734117,0.10717184865557457,0.11154074344896577,0.18596672351105856,0.0013390325746444962,0.14796301700521497,0.016623113484540132,0.06960792608342663,0.15940475391724754
0.08798193337222174,0.18948468857326198,0.13842220692161217,0.026557040712263225,0.1566561809353864,0.04254954453784172,0.04726660521376304,0.1688471281592178,0.0011113489445993263,0.14112332262983274
0.09745588693313338,0.026996679151678457,0.0859176244609744,0.13120266960016058,0.14927990756225257,0.09405588710579624,0.02409236790250102,0.21289316122901114,0.005344441299070956,0.17276137475542122
0.013793334743774264,0.08696655047811051,0.03737273077623851,0.07374884913115427,0.10903341345802879,0.00612384507619856,0.16837388230406078,0.09573875605163384,0.18848182228373556,0.2203668156970649
0.06475617311032844,0.16275298010242237,0.07627238760262632,0.1503388193706676,0.18858908357963244,0.12305666399912017,0.13220263821471742,0.032449944472578963,0.051689540318036416,0.01789176922986988
0.0543983029119291,0.1519916763663917,0.16240824021557587,0.1792180283430076,0.18783776019391668,0.051154424203717366,0.07054072775257791,0.04126675560421105,0.00850484861690999,0.09267923579176292
0.1758977208776602,0.09374807601983351,0.06589360518917464,0.08080279485286401,0.0875843139585169,0.154586684001389,0.004298749123646487,0.05483034655092655,0.1625177552778607,0.11983995414812806
0.019867744558182403,0.042060366079051996,0.1121758335804911,0.039540298905709,0.1273712821271974,0.13808429523101873,0.20378393395130784,0.0936365307275764,0.08966518757842751,0.13381452726103762
0.19216320899305203,0.10260367119276108,0.11554461015628453,0.012985262616527878,0.02036902471172938,0.087246565211062,0.06980239244006849,0.12594979720268842,0.1362590848054847,0.13707638267034153
0.1722464100751619,0.10035532518255644,0.09440135404384271,0.1353401219905174,0.03608295203269345,0.16512232283000608,0.11802654016950957,0.06287237589442782,0.0930159367777791,0.022536661003505525
0.09847319184407156,0.061809937034414786,0.14848210874849188,0.12280696749167497,0.022162946421348015,0.12260549109812166,0.09157467015608972,0.1730300580708957,0.019229908540847235,0.1398247205940446
0.004286359310992012,0.09297270792620609,0.05031766436085965,0.05621828713641149,0.18207085455739663,0.1962808200535114,0.014918498210506575,0.16512806149015097,0.0598168685327935,0.17798987842117164
0.020969320932901762,0.06996639541603744,0.1059972712952159,0.1677371576179236,0.09346830335602724,0.16070658054663403,0.07493414621025248,0.16276104956349127,0.022149058536774534,0.12131071652474178
0.12154239563786094,0.12312270819263042,0.16169942678317215,0.16053883713817868,0.06945972185393585,0.16134660081605548,0.09112969560680317,0.010834036722294596,0.08788088640472963,0.01244569084433918
0.23527656213045187,0.14519458947311453,0.20661896948000988,0.010318710745348358,0.08170483383164993,0.07211673277061373,0.034473832817816116,0.1151639653768438,0.001994533256897022,0.09713727011725469
0.17837970996100697,0.04206754417707318,0.1096034321437379,0.1679985840234394,0.016905002227041274,0.12162729317626765,0.12456749083354098,0.020692150376411093,0.07750309367259199,0.14065569940888958
0.0032746251377311795,0.14384144497064366,0.10075693656117063,0.15219437577247183,0.13916507160865552,0.09686847283523506,0.037336513366421215,0.16791489751343266,0.13352478820862854,0.025122874025609605
0.17062766986818415,0.18517974979345522,0.02770267922699433,0.005215502930377636,0.13052961846397448,0.17326466873975999,0.10260478924818081,0.02151704161545162,0.13785132425448662,0.045506955859135126
0.024361952063647618,0.12049981523395041,0.18870445429242777,0.06200179000687825,0.13212817938453134,0.19730149519824497,0.11946206749065146,0.1125768322462098,0.018775109916359615,0.024188304167098756
0.07984827092310194,0.13458014611281924,0.0701934122701954,0.01601236716873023,0.17492586184770856,0.16407647742885048,0.15490796604367732,0.10654054684544059,0.06617315865153806,0.03274179270793841
0.08284838580560805,0.11654769436596751,0.16877174175207607,0.01147895858922547,0.08727529547940334,0.14169424673235578,0.1019413210355894,0.09623419369690417,0.13113070720967143,0.062077455333198694
0.06675769602560397,0.13070490825435652,0.16964176798721187,0.07710005794498904,0.12606740199522307,0.1347941381100469,0.10469539196141553,0.16579345975410226,0.021322605178420405,0.0031225727886304106
0.032519499768023485,0.04840384302372138,0.06812229385723584,0.14654726824628234,0.1392229494832074,0.17918411129249442,0.0008242515696066913,0.14317320982794127,0.21298871748438236,0.02901385544710475
0.14871254806619658,0.13222868341097574,0.10351016137717092,0.04112456137594628,0.06228376886660166,0.048534103576496165,0.09323911003279776,0.09633335547493813,0.14537627198760966,0.1286574358312671
0.14358613742523205,0.04443185053908443,0.024410256937887443,0.16561660398999412,0.1401911814409793,0.07057657114919742,0.15768026735797205,0.03735045875473819,0.13036322714107398,0.08579344526384106
0.2301210094319111,0.14501186563636528,0.07850448105021532,0.08649127715282733,0.05448277854255642,0.02763273111079124,0.1396134544663031,0.05978471743226344,0.018992094390700168,0.1593655907860665
0.14306631462827485,0.13933540341497924,0.09270400140724921,0.12341797745278586,0.0434536574262764,0.09941948415256344,0.12263180730976836,0.0003447806313942453,0.11471949610577584,0.12090707747093243
0.11952515325482961,0.11347057239107597,0.13610476517839798,0.03027236452662003,0.10396593273830185,0.12800216504717168,0.06271709289033409,0.12579373305546487,0.11882164443096616,0.0613265764868377
0.20619371913557313,0.07521656001486711,0.07875112984795583,0.13874887975977257,0.07515688582996728,0.12981083600556959,0.1310351857955309,0.02428337274231356,0.06660529016402843,0.07419814070442163
0.009620958054699735,0.048000070568466224,0.13472625517208595,0.10346505701055737,0.10063181473593559,0.10516301349852994,0.12713177654733662,0.11858122983228703,0.13550773860421256,0.11717208597588895
0.00318076407289667,0.16685044191954923,0.08418214638357671,0.14438618011238943,0.14229569711283585,0.15060281344624069,0.05323244416402908,0.14279727451707314,9.339153653123959e-05,0.11237884673487794
0.137222176777337,0.06302633995908695,0.008741782947907931,0.060471335956338856,0.24299582313622434,0.18122800014169024,0.11666202222423556,0.07116828106565518,0.03783462607363132,0.08064961171789242
0.09452755559080007,0.06362690959603547,0.10402712111170057,0.13248211845865465,0.19381237096771192,0.005076407739686012,0.04371392259346765,0.042489468961179305,0.16486397498267139,0.15538014999809308
0.1029929145028733,0.16414132311275556,0.009005000502934126,0.11970784873686045,0.10437048241356095,0.09032402572567166,0.06455788865378409,0.12192931498256447,0.049228162997508984,0.17374303837148633
0.1421175669693667,0.11866730938067331,0.0003304844461489881,0.05958642859247834,0.08742509098670805,0.1361851321838353,0.10248601330910884,0.17279125219134253,0.06950245994927286,0.11090826199106524
0.10615025647133768,0.14375166008068957,0.09125282183965469,0.14371753714940996,0.05247782809738982,0.1380534811529783,0.09656197751089905,0.18239136742951656,0.023584852122720254,0.022058218145404054
0.1388163504626801,0.03851459552867426,0.12983104942502083,0.032020768426639264,0.09463923381111346,0.10667282473819537,0.13487746849714227,0.10846648537795829,0.024899078910312362,0.1912621448222638
0.07466575778693454,0.11615761292394869,0.13952228018474058,0.09337755426653735,0.14625036848858963,0.12673896203276994,0.10329178901879597,0.08909887920329505,0.049891724203110256,0.06100507189127816
0.10001165165077654,0.044424338549023556,0.06330932566250688,0.154786785617495,0.13929055400865611,0.014883671063702383,0.16474163844684309,0.05525204174727465,0.15364722268746933,0.10965277056625251
0.10930076331631212,0.1573819835042041,0.07954224273161188,0.11244727118664946,0.11379163791300886,0.010046432369368766,0.12415808143365101,0.05206584970007032,0.15053228434911975,0.09073345349600373
0.22670408847288778,0.03570901437746828,0.120101871262074,0.13351191349599106,0.2350965699759903,0.11386785956449942,0.04014979387118179,0.030428262410431183,0.0014116894198903378,0.06301893714958584
0.00763463912305779,0.03351004740352256,0.1677118014439882,0.17489252188874221,0.02021535918848906,0.24993441548386403,0.15522586508883737,0.05877449440549072,0.058003888649037064,0.07409696732497094
0.09120988527905173,0.1149309043519354,0.09907602471512598,0.17623598763610232,0.01262693779136626,0.11325186158288994,0.019368672533425123,0.15020870895538638,0.1831296360454223,0.03996138110929449
0.17028981837312934,0.11472308424912764,0.1987025850683694,0.0008350315566016095,0.16254076219358213,0.004999101787069193,0.0047823987498736495,0.18619163623367074,0.058216074326111394,0.09871950746246497
0.06451172508182784,0.21742089105692983,0.0032133610485955907,0.06150571378023274,0.056711946045788,0.17622648016324072,0.17100814266172543,0.15064921541550327,0.04475386339802003,0.053998661348136495
0.15901714172211193,0.011131845809386762,0.04848247668326699,0.11565008073711537,0.17417306659652454,0.13458875221879912,0.0069903243208554065,0.07337482653484342,0.16427672073345895,0.1123147646436375
0.05254661607488741,0.03798161980479029,0.20276816751904986,0.034641740978583774,0.13338634386412648,0.13645253497916168,0.27596379244894004,0.018079804635639327,0.042707977648815336,0.06547140204600592
0.04975964957719366,0.1828064782320492,0.3226756353420457,0.0470129275878717,0.12881860302785827,0.05008047015190707,0.040852488803966455,0.07660982725181575,0.017331564360581697,0.08405235566471057
0.129424662929902,0.018313003728314615,0.07399908309893075,0.20899697361161726,0.05284253026432768,0.013887320138026281,0.1028414402059511,0.15721955859507536,0.10011389270182129,0.14236153472603374
0.15369045309261742,0.12658268354575675,0.051305839855331103,0.15609399906471383,0.17606742159118294,0.007200244187119643,0.033114036638035554,0.008534049985304097,0.15035920299525452,0.13705206904468423
0.04344447243045028,0.05142262235664176,0.20572087541348366,0.009356257601089248,0.08397077042010177,0.07051888044954291,0.14215894935797105,0.21638911779904557,0.10081556734806156,0.07620248682361219
0.031126938055903254,0.060952661312629774,0.0822099306907331,0.16006891711054977,0.13713176426197918,0.16657354036143865,0.07436007861912261,0.03230034088860724,0.07250025598750191,0.18277557271153444
0.02819018691909134,0.17165067442469115,0.059682030751995026,0.16823267677201537,0.021057107471173613,0.0893736247726182,0.13844348754311475,0.11680973679789756,0.17004025839223502,0.036520216155168074
0.1530812984104316,0.07956947662059632,0.1481063373617841,0.1556591676228534,0.12010436839928083,0.02685868465407586,0.16345867235095268,0.025161335339123965,0.11753817801024079,0.010462481230660571
0.192284203171376,0.011621272355400267,0.14062263896399094,0.08164704099805742,0.10859025685450258,0.09512426140608533,0.13243104039868667,0.09985423928782233,0.031238230251195483,0.10658681631288318
0.13078879953483366,0.04783942420500083,0.21873808685014143,0.1108041789918739,0.040920673524308664,0.057628424057295013,0.0702395451654923,0.14957052411420085,0.13319375177061812,0.040276591786235195
0.07500730280163746,0.1674110047500103,0.03249910286645271,0.12460033793537821,0.11602613603548716,0.15670407796673497,0.0327697960109804,0.1418717152861588,0.11092601899089258,0.04218450735626749
0.09319974694164868,0.12370669046234244,0.07156592498896815,0.17353279618577838,0.06076196947431397,0.1139907522264987,0.01895320890905277,0.15689172527164527,0.048243228595100544,0.13915395694465107
0.054089663162503035,0.06056117886138482,0.12963340201231485,0.14078403898705694,0.17431398818602667,0.05530853852097034,0.09058497410420173,0.1595838625523091,0.12623609675586858,0.008904256857363783
0.06670318175964188,0.15175138751870387,0.07438974004793364,0.0612233500588446,0.11824054089846266,0.09054630066243322,0.15239486133276564,0.059485597761604427,0.09596250081958967,0.12930253914002043
0.08436123261683144,0.15342273120616487,0.09786366405819387,0.06448756275957847,0.09074096380171401,0.183615455025116,0.017840926953994033,0.1403701874071962,0.12105620728172575,0.04624106888948512
0.12241783060022508,0.14383852508913517,0.12575719541368716,0.06949103369096363,0.11642216146789275,0.12969782926552575,0.1191843542929355,0.041954783246679186,0.030816686052113927,0.10041960088084166
0.016132552862316105,0.20773384282590734,0.0594528335212794,0.1297128452750533,0.10842977945200154,0.14137514670543788,0.1620090583783085,0.009016006253200938,0.11752763352811216,0.048610301198382805
0.0605675884449092,0.10721205993526278,0.12243159756129522,0.005220790421377559,0.05025344855550035,0.11118387960505118,0.14580495385490475,0.14187744053005544,0.1299822672811526,0.12546597381049088
0.1040635818937348,0.10246442541688291,0.06494784711513141,0.11713775596511757,0.09914285255878817,0.08636370189936593,0.10956723544606128,0.16555075978024042,0.05365226019279213,0.09710957973188539
0.06454668459105684,0.08802087468970547,0.1036960246305948,0.14462945017603218,0.10985135948931568,0.08429811425234673,0.14634758934210623,0.12460733971918149,0.09503275426315029,0.038969808846510245
0.1338877150568225,0.04397672607517557,0.10247156347545057,0.03287950874615079,0.10003775189666841,0.1405195037826326,0.15786799609489907,0.10742918030894606,0.06414618812108477,0.11678386644216962
0.08939912174123668,0.12064303533281656,0.027663516401565797,0.08712180237417917,0.15450886318544452,0.14169377050345316,0.08252412691461222,0.11618692886846801,0.14485826155732506,0.03540057312089887
0.07725664569155233,0.0034405021361250143,0.14543666926058252,0.19682532211743742,0.22841329411864214,0.10031286850405999,0.12215624289968231,0.11004734366395585,0.0004057403861103155,0.01570537122185202
0.12938249989653355,0.04101103430013832,0.1008941331955551,0.10084304496979526,0.17667850623556527,0.07974145901729521,0.13332527873074992,0.028359235205146365,0.011735388482616354,0.1980294199666047
0.1626196308477717,0.19980856515999149,0.005318082772144402,0.04366888798898994,0.12211619645096129,0.13255957428121876,0.0931225288484014,0.12296596543356955,0.06482484256594792,0.052995725651003536
0.1117374742176215,0.04317637268982853,0.22174480450598785,0.037453022756106735,0.16859628881297856,0.08005163259270676,0.03491572889512279,0.20152962960546478,0.030712286907618156,0.07008275901656436
0.10020172927464951,0.0896733894119978,0.15198843610098825,0.08873654796322636,0.01601235936244373,0.06931022510714113,0.1290077907947026,0.19296321757014048,0.07439562586806518,0.08771067854664495
0.06555420716655574,0.18638200473290376,0.03484428364129326,0.13174493006274732,0.13267237680267452,0.07406750351403799,0.12335389182299841,0.04466447640895544,0.07898977280793235,0.12772655303990121
0.1887993870502278,0.005021097299916036,0.015207199715949596,0.09404909168619942,0.2027112554814599,0.059425694550830646,0.10260126358153568,0.08679170762802713,0.12054479545342206,0.12484850755243172
0.10021298852085558,0.003953349510324477,0.11403610278692515,0.0175681266700566,0.04915122205302501,0.14401976383249615,0.18264820783120975,0.058338518110466295,0.17429986483003287,0.15577185585460804
0.16260616693204705,0.04270374281724926,0.13419556286810075,0.15233946092936543,0.0539574168613297,0.024705877338380772,0.16479802451687794,0.045828996458512516,0.03274398057246753,0.18612077070566907
0.12488271685877451,0.08670514036243086,0.12285406062292772,0.12110016956688016,0.09616366315104913,0.11294629361437905,0.09421845453120828,0.041360830165786004,0.1053934283425008,0.09437524278406356
0.13443669314225978,0.02474970930842948,0.09552190892880459,0.05629472936786385,0.05302167165406022,0.1522685218736573,0.0823941338766945,0.15582900520408735,0.10310904721511194,0.142374579429031
0.17831591031014998,0.029718349520070846,0.051969514361889776,0.006000317167666308,0.11528809588225603,0.012535197257326255,0.2284668921061876,0.011853799136819018,0.16860782337977903,0.19724410087785513
0.10033778656567525,0.06511182888631106,0.049481283744031164,0.19664898125394292,0.20242696174069166,0.13420069442229765,0.000766261574487381,0.02308901138295349,0.1902157306677173,0.037721459761892256
0.12587038967949918,0.04749668350438559,0.09421472918208419,0.12500962938579643,0.07413633114194473,0.08670573000992854,0.15510312170737703,0.14065043507244776,0.0035721288737545964,0.14724082144278205
0.08745039247758539,0.10303453844165117,0.020971388905044595,0.13779763328707686,0.11993568572350996,0.11614258575156779,0.10559896911922091,0.06783422092915828,0.1207880459158065,0.12044653944937854
0.0023785644303838597,0.03749111410718777,0.08735316439370594,0.17184734697802814,0.13880207712780107,0.10070406610647112,0.07871554302274653,0.07492950232786788,0.1704697240025444,0.13730889750326336
0.08478043398006113,0.13312567934162836,0.14168202440099156,0.040694955118721086,0.11723630557311006,0.14826634094537977,0.09177793186314705,0.08167003803989205,0.13429867800211853,0.026467612734950317
0.06228115027094299,0.02626283432819929,0.0607203379816332,0.18639541072995872,0.13473077301375053,0.06011483979893695,0.15683042802665034,0.04090650897498934,0.09676090812679607,0.17499680874814263
0.20241497391911176,0.14101304244184587,0.1887924081825029,0.011815467984862707,0.14498366252443512,0.00772129826597644,0.07399953862442925,0.09082431186986563,0.03744397529802629,0.10099132088894408
0.10275861745856067,0.11453901181336405,0.04156191542942587,0.22235705892486257,0.08640733079251016,0.09027103714084407,0.05937419296824396,0.0715945326921182,0.031482522207447565,0.17965378057262288
0.1250168558287328,0.08534353903427183,0.004760459700116453,0.22315858663682414,0.13719129958567047,0.0894591463570215,0.024683916689325992,0.13966408321235452,0.09590992684178638,0.07481218611389585
0.07319588990397348,0.019705024836648915,0.10881100896836762,0.16831290253958106,0.06839882452330145,0.2023192961764533,0.0984245475051608,0.03934039061225421,0.02739402271505124,0.19409809221920785
0.08538521136493543,0.09449850720126853,0.16266485140364242,0.012285925090362193,0.05802280387112447,0.09762478927064819,0.1297497757952533,0.1454796149107406,0.05968660817744049,0.15460191291458428
0.22779725513941196,0.2210375957344957,0.02984324104339014,0.0183427658541225,0.00361444700671139,0.03526534394506109,0.023822330202019744,0.2010110601780763,0.06671022170575287,0.17255573919095835
0.14990861957445037,0.0998155299137246,0.17583147935165006,0.05009648306590058,0.060280667309248075,0.06919956356291597,0.0992352544900125,0.039643304470854554,0.17417768945918458,0.08181140880205877
0.05590969604810764,0.1380598725021895,0.15251852554114867,0.03913661915634505,0.09278531052297442,0.15221075096628242,0.011300767459022072,0.11149617421848963,0.13701934213073574,0.10956294145470467
0.14598572226930398,0.019764887463266614,0.030738737460675455,0.1844230462703806,0.12428674860449183,0.019004742259042307,0.09088271116905408,0.04794301103555756,0.16124514552234354,0.17572524794588393
0.010601551470334534,0.09962919065752451,0.13503563636531896,0.08292933252691642,0.22579741813590712,0.018018087994194628,0.22741425089461748,0.004454925100276507,0.14811560621346634,0.04800400064144338
0.11026249480774082,0.08643698236548143,0.20127248901669825,0.13452659641684991,0.12337583366237022,0.07008185886283094,0.005135934450942832,0.09436030505009434,0.16405032622381624,0.0104971791431751
0.024592710178307206,0.06654977858558069,0.009784126201825179,0.126914965562462,0.19331263106459307,0.21220832585608726,0.05330147873367734,0.19582126893587454,0.04710802148875548,0.07040669339283713
0.1216665074868364,0.014447719802664212,0.14445814065904766,0.06768390689032024,0.10648850544152098,0.12206710143824034,0.09770787328720117,0.10847425732139387,0.1333024106439217,0.08370357702885328
0.1399621065943821,0.033789408943207505,0.03773911818467721,0.03820802933603559,0.13537392495738573,0.12285397864833741,0.10866387042928594,0.13701639973288807,0.16737081576615567,0.07902234740764474
0.02877213856605887,0.08218038516208434,0.08847404400985585,0.17651756495775303,0.06148794071028011,0.17069443894431155,0.11192244554480102,0.1295518345499508,0.08901658629473012,0.06138262126017435
0.06045895266862487,0.08084526209211773,0.14571880928091452,0.038867557001440754,0.08206414571858996,0.1311929709142751,0.17254657870396098,0.01804517736000526,0.1587811322374599,0.11147941402261097
0.17935445060169225,0.009639289778164492,0.08138536251519005,0.03347352983907753,0.09265960796659724,0.051419410310754164,0.13988132390683009,0.13403103068422864,0.0793019285815586,0.19885406581590695
0.15937120466124471,0.04506998006292097,0.15538134867620085,0.08249106450794089,0.19029961852697805,0.09446893911539603,0.0005208493312082523,0.0033347426549110255,0.12359784132041686,0.14546441114278247
0.14047371116541374,0.13377064750244583,0.07024235426192409,0.0760338272573028,0.01664199573220482,0.020432487566426023,0.16392325384908735,0.08262336782405037,0.1354400684563008,0.16041828638484434
0.04343672442370739,0.11121575566654354,0.14727575789710728,0.0836399379621868,0.15649438414723774,0.04553858976914189,0.17120149475912833,0.09996883709433392,0.01053611711350945,0.1306924011671037
0.1345272799886696,0.06791042302932396,0.10214696011377244,0.153617552834073,0.01843478868624146,0.11859771726143448,0.07392597094633528,0.14015462308629809,0.1082050569217674,0.08247962713208429
0.12462727349278004,0.01894802227276857,0.19299905244026955,0.017919622709507897,0.1528293102114435,0.13101285526409268,0.052340546956044315,0.18875056173319155,0.06623265906645567,0.05434009585344626
0.05283822904195734,0.13264546091896032,0.13492742262024993,0.13750539096418812,0.02455670698732944,0.08718712506000967,0.06817970644715925,0.09723017293738781,0.1305159431480625,0.13441384187469566
0.1577572431880905,0.14963830960587296,0.012682652605643953,0.0029423505246190477,0.11182457885181266,0.22862289375568026,0.053532778931562185,0.05626236256254298,0.11946519419737844,0.1072716357767969
0.17887640309973296,0.1625610287955313,0.07392838018207225,0.03920089383122617,0.13516656568712476,0.10119057041421502,0.051030660856536285,0.1604569892338268,0.05365824366366712,0.04393026423606719
0.1677875830639922,0.0906164210072368,0.03400473361416814,0.19288991412570042,0.02521643945849835,0.20908898552263636,0.08043850096319782,0.0022749290512478516,0.012885135845402476,0.18479735734791972
0.093486356921478,0.1582772907947341,0.07356517536894656,0.153605427574016,0.14974444047778473,0.04445576248153766,0.12225202119025347,0.058789857734889296,0.01453982824786498,0.1312838392084951
0.10538903113763218,0.049585498068050744,0.12246639676064443,0.010540769164798916,0.21217875858495477,0.09405184753274946,0.008551403816941106,0.14846332249416938,0.12809805853235015,0.12067491390770899
0.07447077174772697,0.07379050366496885,0.17842219511798843,0.10497721123878896,0.007710670807656083,0.12578531096729154,0.11664524480304117,0.15780042370110275,0.07728988996802479,0.08310777798341046
0.09431816718807508,0.0036543242695369605,0.1724907223140338,0.0381376548300835,0.08539088887810264,0.09847100056460628,0.07029598438590036,0.15683839916408596,0.11740729090091273,0.16299556750466276
0.03454806072503694,0.14114589716085374,0.01167608437423899,0.1507154296862984,0.18775495819978794,0.023604004363676465,0.162440299132129,0.03292091086012985,0.15279637606171875,0.10239797943612994
0.11850127738587331,0.13513271975326113,0.2077389003207987,0.16796323128304103,0.016261155401003303,0.11741902409685674,0.10520136764225278,0.03844319436982772,0.0773324093809519,0.016006720366133532
0.10127013085270709,0.10507415005307846,0.060804303246651134,0.1793608037915157,0.046340368629908625,0.040785583744579704,0.13519962582218414,0.02496495410813108,0.09363518763344995,0.21256489211779403
0.036866266134971244,0.1465601305985044,0.06644577314251554,0.10326359367952907,0.10288101074588714,0.09155263976989839,0.0126248209836188,0.2820373015067762,0.01846765233447309,0.13930081110382606
0.10196880482860195,0.08081569407097922,0.035559263915549345,0.19228979984399572,0.263308036057819,0.0732876572850027,0.06451789934476054,0.09929717258519805,0.02222177626253511,0.06673389580555832
0.0455605304251962,0.06848641561062346,0.041945968277369496,0.1120209514191988,0.16845371053067532,0.06809870061002259,0.12763645451110783,0.14997557483632257,0.11819621410494663,0.09962547967453714
0.05907288710953786,0.17077960201432482,0.0013849456625893678,0.1632746755974781,0.19354991916404532,0.17140992557232124,0.045697216623116564,0.09346598038302249,0.015389282740275293,0.08597556513328877
0.15614767702761434,0.06051163216399114,0.16433050371006344,0.10847195380222095,0.23926148199619943,0.10938103981610735,0.07083796354986274,0.012190043270905353,0.010040782597762882,0.06882692206527234
0.20674669036424043,0.05254820241253809,0.11122786944795902,0.05478090128010205,0.06859287396303604,0.048804315815994585,0.16707781887441503,0.11808705473267192,0.010831810481319367,0.16130246262772352
0.029743769780338634,0.1489446147947788,0.16266598252347753,0.06763737085203037,0.09900563236600438,0.091802352995413,0.16657556373255383,0.011275921301517711,0.15480517181931597,0.06754361983456963
0.12865003382993911,0.18670552574974664,0.13740726128019146,0.08427914325329733,0.08477590431546639,0.06344775660818672,0.03415260647120412,0.13580902477177703,0.1379792548419624,0.006793488878228736
0.1575380062212478,0.11847816573548205,0.054854058128678024,0.17445607620907366,0.11501085541202358,0.15115917129006626,0.061625503385501955,0.12076734128128631,0.012911020342720115,0.03319980199392018
0.1487990305118204,0.13733963198956997,0.1492182784426345,0.110878978377752,0.0518662078290427,0.05382061007585029,0.048976737100537945,0.12612838346244995,0.016791341519365937,0.1561808006909763
0.03152112129278192,0.07090538719398531,0.1562310085867679,0.10011735150743446,0.05602385348658105,0.15210345000658496,0.036227186611961816,0.12097670407146913,0.14873892763667618,0.12715500960575732
0.10068255414962612,0.09282409511748563,0.1141823699242893,0.16777797771859715,0.13773735865646536,0.06356722329379473,0.07652638816866168,0.16520317346687532,0.07633041358565114,0.005168445918553481
0.036536791044606706,0.08370366190390979,0.05236546817448887,0.11864235738291636,0.08583562070617275,0.1781799641321051,0.07634660353613423,0.11815552900828004,0.10223106737455952,0.14800293673682668
0.11883278437865005,0.043457257625838026,0.1445774029480465,0.021912575110557067,0.14484308151694042,0.061480830229089505,0.08456115702153624,0.1567985571744158,0.10202569388982739,0.1215106601050989
0.12800002453173892,0.12399885543040015,0.06283892063428718,0.16188388550996388,0.004538825003338399,0.024412942264489073,0.11675413231012706,0.07521497730055415,0.13519737499524676,0.16716006201985456
0.08229810274736746,0.053974673228759595,0.16760216927964705,0.17501185434050356,0.27010600083130065,0.07514668701122251,0.022667800264289533,0.0702669817740813,0.009356168024983163,0.0735695624978451
0.11397874736527058,0.11958579057398974,0.10308250310303887,0.10301795557251109,0.08709886254230528,0.09180906811980534,0.08523015065494484,0.06442118607508299,0.12754296216980598,0.10423277382324538
0.005549445141087035,0.03822004357245519,0.13488494671660342,0.0884289517715001,0.00637178592739534,0.2082759976117069,0.05377175964901562,0.2099619215801968,0.1798574735182033,0.07467767451183625
0.07413049423374245,0.0753183198959571,0.1758431085514635,0.14880596090489337,0.08508908814426294,0.07575493292477184,0.1101749608450013,0.18244958917583687,0.04074398659411703,0.031689558729953576
0.15547605662855932,0.0697082574684825,0.15884126077449456,0.10525436140421693,0.1466001788579888,0.06856439236043642,0.12830065600099394,0.1549849472273959,0.009771180376096134,0.0024987089013356703
0.1530287271939851,0.050194012607985214,0.1479872867196474,0.06746596036327893,0.10043045596604723,0.11612265461070367,0.050069637484293564,0.13077059681211903,0.1090888344320248,0.07484183380991476
0.011797457657969395,0.041471985412905546,0.12337948660908078,0.15369820931472913,0.09539618486411239,0.026749348184947806,0.2139151104776815,0.23008851366838726,0.0833830633976756,0.02012064041251056
0.16191401320795903,0.11582529182365976,0.05185767882046161,0.01631109922995884,0.11758054484240654,0.19245442991208342,0.08641521820824709,0.15993241361217417,0.05609359772794449,0.041615712615105126
0.05947356431097235,0.15229007652003335,0.1382311425496082,0.0033110820839847574,0.10738849453350537,0.13803335559370242,0.09101596286202587,0.11643063163768944,0.037790978645227735,0.15603471126325066
0.004880272204067522,0.22931290992074504,0.10377895987767762,0.04625997897444706,0.03665843464602388,0.05204943204561853,0.04347550560445491,0.1472957416733095,0.16270604721054835,0.17358271784310775
0.011833564821642044,0.08548430410268937,0.03678174323361774,0.27040172261448714,0.014470342238890597,0.026018708242590328,0.18182150413868853,0.17271943128626535,0.01752440020590987,0.18294427911521902
0.11393734584569372,0.08322691447454622,0.12537521564553655,0.08732432826579359,0.05570024131798679,0.09664752104644483,0.08400212798090279,0.11624165122027555,0.10562605400712625,0.13191860019569357
0.11295696602546597,0.03578534597608167,0.044270985190904895,0.08691646933408043,0.11209725123012455,0.18260971800794767,0.07334823806811194,0.09798392956900766,0.08352415992002017,0.17050693667825506
