i = 0,i = 1,i = 2,i = 3,i = 4,i = 5,i = 6,i = 7,i = 8,i = 9
0.04013391862859129,0.172343958375872,0.04018907896357282,0.18130540901345032,0.12476025035151114,0.10862806434420659,0.03649433976777651,0.0474326010429002,0.11341665138981169,0.1352957281223074
0.1309836897925331,0.16920212343241117,0.014558602683672628,0.07604154765709571,0.0244695266521845,0.023793605048578803,0.20651542391059086,0.075677020035447,0.19651389805172345,0.08224456273576264
0.11457795991529737,0.09300071663699579,0.14824545765388036,0.05041784402807224,0.05462472824221805,0.15817550905109456,0.07635009026796358,0.058125732657219195,0.07020980611267014,0.1762721554345886
0.0537014155491215,0.13573562853973098,0.10795068913139005,0.21421667016237345,0.11129503744596397,0.15842224368861405,0.038808063848977954,0.089974396159078,0.007197086372599306,0.08269876910215093
0.13967351696758867,0.11820064018468389,0.10846766685668814,0.12372862422408884,0.05139184923442528,0.1321996028008244,0.06651559589155315,0.16032542067459216,0.06464615841513352,0.03485092475042181
0.031293817371625905,0.12694992245118095,0.15941808108134872,0.11209017100352964,0.12744784965269496,0.13936876175207974,0.11896451110463745,0.02353773464372346,0.1493234998315057,0.011605651107673446
0.034420340664237374,0.021781781633896928,0.08288112681388417,0.13627092685572922,0.1213510259107874,0.11580492495915978,0.171152189565624,0.11767247330406662,0.1553118604052381,0.0433533498873764
0.11798259195982062,0.15477807289564416,0.10898654366623588,0.09349906070386459,0.06380703412167835,0.04972753342568923,0.16130982321728324,0.09104563044756421,0.0554838457737077,0.1033798637885121
0.012876841144929511,0.09441921273051074,0.08401997119621007,0.1399296859165358,0.1932020516869505,0.03663329715594759,0.1189318995166033,0.08360628403073456,0.12221275500690928,0.11416800161466856
0.1714348900302171,0.10543329835566302,0.056946081778522166,0.029678609609881296,0.14188880720547908,0.06585283599239165,0.13295480813107838,0.03883176387038403,0.10529574786885053,0.15168315715753272
0.15130331410596418,0.15066134457359442,0.08204701075182945,0.11597415220478054,0.04212109795863771,0.14831103864352715,0.04865041721930255,0.01991173884605463,0.12411593210033003,0.11690395359597948
0.09057304317128084,0.1757415633732097,0.03705160791643994,0.16986839101898407,0.1707389444275444,0.001572416721574686,0.0036074322414201294,0.04139328484940241,0.09898194362118387,0.21047137265895985
0.10207220147126135,0.07919025708822817,0.1773480045861553,0.09808627976415969,0.2550633854757693,0.029854659282864217,0.10890514004259944,0.06629677075568297,0.03290081952441235,0.05028248200886716
0.052381341584571604,0.059201021057770385,0.021426609996888724,0.11243305979305576,0.21623547094182582,0.20469684313912043,0.14493561338213093,0.15013298787470503,0.03461488500166462,0.003942167228266867
0.150084496283352,0.14434482469773677,0.05297833686245431,0.1751401302332164,0.11749080612640737,0.12072783018058153,0.08695994424823124,0.13002528552438905,0.009873663878400753,0.012374681965230807
0.011894622614956841,0.1357909017571416,0.11273626801856168,0.03384594073944991,0.06348513623988986,0.1632174073386477,0.1400932804981324,0.16345010177216554,0.03454419213707109,0.1409421488839833
0.011541256195291455,0.008045272804849036,0.1887993030429599,0.21511787644416602,0.019967261479879077,0.19471875081685724,0.020915540467287216,0.1354158896645341,0.001032723818670207,0.20444612526550565
0.14019169338320783,0.10545297459632409,0.018373054664471363,0.12677655927482065,0.24828214204999513,0.05327366607787002,0.08324297862111553,0.07325786813776414,0.14646622329371528,0.004682839900715913
0.11116367817932754,0.09218063600371634,0.17179620332221676,0.005336587957098976,0.08437682357751161,0.011316735447214395,0.1997683619329039,0.15856278314900568,0.04580563746975509,0.11969255296124952
0.06933508237090132,0.004976338308663984,0.01849041480164636,0.09449011430108196,0.18332813454682756,0.011079508928897737,0.05535786314405575,0.21515680330939235,0.2049260539331141,0.14285968635541874
0.19842378568272945,0.03829745472039663,0.026101283725059397,0.11874001923158173,0.16228792750457646,0.0544389025289528,0.13049195965030255,0.02745859407161032,0.10598351412635156,0.1377765587584391
0.025887961227155563,0.15570553546014257,0.11468619003594983,0.15222243311766745,0.0645987996388216,0.0344123306158033,0.02311389351457655,0.15580368459096766,0.12541172724300226,0.14815744455591318
0.006263085823666498,0.10056856112621028,0.12992415337858368,0.13501557661897126,0.06725540253825094,0.08089989807516595,0.13784385343224376,0.15503438581639145,0.06506103378428212,0.1221340494062341
0.03888606034605435,0.11578757144786102,0.00209836992150735,0.037651763067830926,0.18415834379102805,0.09128342412636889,0.16925509494890192,0.12823383659354815,0.09106732399130144,0.14157821176559796
0.027031627831901536,0.03272874013156277,0.025809065217870842,0.028300079827261484,0.21041979576817807,0.08914230558420679,0.2620111825827206,0.1208048966071597,0.1424547337411181,0.061297572708020186
0.03293171454591446,0.08287831020712158,0.02226711742655811,0.1436643766666183,0.16209246224887994,0.151629358855109,0.10396050038943466,0.15391390564825402,0.12617774715838895,0.0204845068537211
0.07261724314726886,0.12658481511440597,0.16786636550136438,0.08694053655789243,0.06241674792249279,0.10078504257252706,0.10317281540854609,0.072291793910822,0.04579374391107537,0.1615308959536051
0.15162544275202947,0.17319109325443313,0.06625081126665525,0.1437891889385271,0.06501250360030589,0.20199349616931025,0.03670925821110707,0.11247538821138071,0.048712309544204614,0.00024050805204650785
0.14023966207450345,0.01267880818320117,0.15955254380645342,0.028580469827883374,0.05639688047164205,0.0030561385959892557,0.1981171478237168,0.1898158838452221,0.19856100533313695,0.01300146003825144
0.04911526848904626,0.15765709614724674,0.05891312078049409,0.2019471105974605,0.1004712004276485,0.17150300246251385,0.06881428858201483,0.041620997741349246,0.03482659711007595,0.11513131766215007
0.11728510675783313,0.10158097276945134,0.12492076140639385,0.12997208263420915,0.036910105268253175,0.009525426862468937,0.11915595919488466,0.16717180775821047,0.04473236604544207,0.1487454113028533
0.038605674358300354,0.09878545934036813,0.15929470774777435,0.1677818223052594,0.1247336289855625,0.13105475109537554,0.12200791649762015,0.06227352334752056,0.04773278195582935,0.0477297343663896
0.06778162131509907,0.10445559926808365,0.11741008225525075,0.06747237812358248,0.13445624219408991,0.0436481963253548,0.11687709399178302,0.08451597110405294,0.1339910235205351,0.1293917919021682
0.06864318475099068,0.12653625905128985,0.12379952214966715,0.05749203524300352,0.1668799468169538,0.10752662968984092,0.0468014376070357,0.1372768523314239,0.037185302811635124,0.12785882954815936
0.09204555099560396,0.07338710787425368,0.18513405947627282,0.006182587286923075,0.2306305940309087,0.16538660573584224,0.004114223981978593,0.06371053275169415,0.16836513498676764,0.011043602879755105
0.1895921463877642,0.07005666160415602,0.07954614962801268,0.044451940095668725,0.06085532529583756,0.17588230672880986,0.0392379327745188,0.08290472122623081,0.11817060250608194,0.13930221375291954
0.13628459099966247,0.02424311437499287,0.02268717187480299,0.04941262182469368,0.04799409078064977,0.18934294752711475,0.05255059714043923,0.16167163665364004,0.16027196587803105,0.1555412629459731
0.02278107005823338,0.04579284608603357,0.1803012323352793,0.055673823406166015,0.10515409999695854,0.21281980975768663,0.021918196764920506,0.14455229699832758,0.1185732750361152,0.0924333495602792
0.01163084293712195,0.09761223747837415,0.11701637044800839,0.13263795485003962,0.07084082647370794,0.18290150263166255,0.049523379267956906,0.15427634287225458,0.08198196008311234,0.10157858295776141
0.15356203776098715,0.04028385466274221,0.11775340325520477,0.20239171466972158,0.010079500249333802,0.11133532715041729,0.040321763235222914,0.18232950468573286,0.03057095462609976,0.11137193970453775
0.07836304553438668,0.14519497791049957,0.12809822958238626,0.07776839819211355,0.008249462092400336,0.10217750327309391,0.14501869580881402,0.1123558422120558,0.07141380936738502,0.13136003602686483
0.08876751987093824,0.047819008752290365,0.17105702632092853,0.15493815428781318,0.13524146325074915,0.03080036319071265,0.1538377674725394,0.060997993729692584,0.14051522529252042,0.01602547783181534
0.010196600211844533,0.11846644188709293,0.030537453483764777,0.24724369038294206,0.20623436116685892,0.010362929874278469,0.06224249494831882,0.13946456456345935,0.10078680276803949,0.07446466071340059
0.14085707174530945,0.02663313177434833,0.1705559884274087,0.045399396938272905,0.16503186494322836,0.17707151046505903,0.11883760792436972,0.020814904045392442,0.0753950374842725,0.05940348625233853
0.22879796189291263,0.014594983243669453,0.17031475436565963,0.02035208846986405,0.030276357606428127,0.07927376357197181,0.14653235762020117,0.058932659564463245,0.08176984064377545,0.1691552330210544
0.13842683911060738,0.09685763688303482,0.14567960744725925,0.0947841473352237,0.14088581995703228,0.04631640723886479,0.061470643184464276,0.1152960781867314,0.07976380768986621,0.08051901296691583
0.12279889507613109,0.044260313222993335,0.13007576203442767,0.14328895319160695,0.14508586011032007,0.010352903612952455,0.11732782041590623,0.1151989675280008,0.12623453552912145,0.04537598927853993
0.16373536631197716,0.021038316660284242,0.17670451035212714,0.15098568573710536,0.11262907108558554,0.016123721515572897,0.0987405578334954,0.11099872147031828,0.0962476915192608,0.052796357514272946
0.10180387724123524,0.1594667849474369,0.15176346527683143,0.0057656842772219824,0.12004792096945818,0.1455523260814417,0.05902469253501761,0.009165967604853841,0.12507080314342364,0.12233847792307949
0.08305690089645691,0.1905245807170691,0.19066661984466174,0.024632806429736507,0.0856343413420631,0.02617820972873074,0.19725836146584777,0.07323762536797954,0.11975223992885826,0.009058314278596326
0.16269599968726467,0.06127800822169899,0.006550785720592029,0.1603488089284509,0.0019291872691201183,0.1373409187212959,0.12001966109930375,0.1167371054071221,0.05669619126804923,0.17640333367710215
0.03915587200596257,0.004173221363127582,0.11739195289251436,0.11359918214387198,0.033919185857505564,0.1297903914772509,0.11182186404774513,0.10794365936199836,0.17092568666245042,0.17127898418757317
0.012872606561182236,0.1231945787955418,0.20732003888093695,0.036429502433694735,0.04074784584097284,0.22061292781781092,0.1366471217941982,0.06729008339846193,0.12157562997876843,0.03330966449843201
0.035513170914349794,0.16709127272001434,0.04322849326533197,0.13764853956720433,0.09984871589650181,0.19257487513361102,0.12188748853446747,0.026457054646146363,0.09124250908099898,0.08450788024137387
0.26584592032363874,0.032988401206998315,0.11479092348959333,0.187289309190312,0.017441292882803803,0.10336668196178829,0.01714366299663062,0.06243730358152936,0.1005430563785887,0.09815344798811691
0.00887242647866791,0.00899919330078737,0.05027909430801673,0.1344159238422873,0.21551188752862702,0.13057370788521278,0.08125332861718892,0.14803357674119905,0.08070881764654186,0.14135204365147097
0.08861887465786351,0.1788417196798147,0.08313479791433463,0.18608964354974195,0.09228489566787064,0.1163266720869194,0.06117488336811833,0.015857256399561707,0.16716577113037395,0.010505485545401016
0.15220440544827107,0.15689748743957568,0.06319912986094027,0.13920792258563797,0.0789067032119197,0.0844187060161281,0.1329481779126175,0.033833961529414876,0.09496966796863895,0.06341383802685596
0.05840778035425008,0.1349443661628071,0.12212366832379165,0.15910933677107628,0.17791071535528383,0.09646057872107573,0.05036346391378912,0.006121305794718382,0.07273323193648121,0.1218255526667266
0.27474233798870007,0.1291376076606515,0.15961023691684345,0.0795335077747026,0.08669493931897941,0.00520614761010195,0.17796688184736226,0.0033738726275335984,0.02083570329523234,0.06289876495989294
0.044922013703175646,0.08145599625575789,0.10600070164215511,0.06486958973280209,0.17545764783882456,0.11145246004842446,0.09613916242303862,0.08905765090710599,0.14022602928414035,0.09041874816457543
0.07126893932940435,0.07599434492475281,0.0939742319465986,0.006818149326492817,0.08874444097670571,0.18164196898432958,0.061885516999222595,0.1781178954211978,0.19111937652558386,0.05043513556571185
0.1833665451616621,0.18016295741520305,0.07479305174913818,0.028727460027517103,0.16833583387916698,0.05195648715817347,0.004846872226774138,0.10457575990030847,0.10756058773573626,0.09567444474632021
0.04608099555071253,0.12822094979259807,0.019692445231695624,0.1198400020681335,0.06462200629385455,0.07533315531467838,0.1665006204180511,0.11659300975807257,0.16898070032851603,0.09413611524368766
0.16199282969900075,0.00207273135777677,0.19888796896696045,0.07250816419730848,0.11587620120011531,0.08836076655075242,0.09271640507737165,0.12612210456459758,0.0017987870367995639,0.139664041349317
0.1666831956186748,0.036674279712685394,0.06533854790153346,0.13004406171551153,0.02091181795852539,0.16027280378061726,0.18948309912165637,0.11880914757843407,0.05856196110976376,0.05322108550259791
0.12340067067602514,0.13576201142179342,0.11893022830700856,0.09173357870647957,0.0871199085178617,0.11388241215935872,0.02111517599953993,0.12479363067848417,0.022190395705724352,0.1610719878277244
0.08333680990154776,0.15416392735788842,0.1752503993855904,0.03760061115868093,0.12787801374418034,0.11608370570633388,0.11413243886352391,0.06350485660502142,0.058839812477009666,0.06920942480022328
0.11732855989415109,0.08266364048787048,0.08026481782997046,0.11484399013738679,0.14811650087236844,0.05787509920620857,0.1533666920862592,0.07960826658459003,0.13169088607742493,0.03424154682377004
0.05090303861905158,0.15291691322644618,0.045766935370490064,0.015829158870599984,0.19107593842062484,0.04769051055888108,0.1620270455136139,0.1775496058809038,0.11769480183488314,0.03854605170450537
0.1578357284138422,0.17064420293066737,0.08043482662207907,0.06148418355286015,0.12223593829864973,0.06024856052458137,0.12193025749983416,0.024699854767897978,0.049747829877991166,0.15073861751159692
0.10080490093436223,0.07943020655213004,0.03775561560932298,0.09321104453678966,0.2719507595798203,0.10142550984447675,0.058163375018499025,0.050169443243172664,0.02119585686052025,0.18589328782090603
0.10189932056196026,0.14244721776135705,0.06768366164583482,0.12188282463897356,0.14544861368076295,0.1321370336350913,0.09999163464783924,0.042772804500225865,0.11965137171118907,0.026085517216765955
0.11997434189572445,0.059712069243652605,0.17286322178685778,0.08778862087326537,0.06651050331857157,0.08331408554820004,0.05341399881729815,0.12201501348730437,0.17806015341514828,0.056347991613977216
0.02934716165913688,0.08668361792891668,0.0987931341376413,0.22006147987450791,0.18448163513419066,0.08030303449501558,0.08306511888202545,0.07179660960343316,0.10897354985939967,0.036494658425732684
0.03311321144486497,0.09291770469887932,0.16688510347878402,0.05782714634427083,0.09968036347591229,0.12090816376187731,0.03590261528665471,0.04685073217968261,0.1838479100501895,0.16206704927888452
0.15364058687777052,0.042452207061087724,0.15431688234508398,0.02608785079458341,0.13068658177064724,0.1291031876831751,0.13260311574191697,0.1368659732297395,0.011795713006183433,0.08244790148981222
0.1858194941111649,0.12716043172642,0.07871446572756621,0.07836957806243895,0.07989798069273653,0.02879134268403417,0.05938860288173719,0.17220290149575615,0.18937757059862095,0.00027763201952482147
0.12266755540954236,0.02870159179427424,0.07896867610397607,0.10105071341904011,0.08912413496758408,0.1290430931923089,0.08995910498883228,0.10516983017607633,0.12327015661354603,0.13204514333481956
0.09745094905775874,0.06290573759462893,0.16741933400735584,0.04725654955028067,0.15814413153170537,0.05800899460831972,0.13837527471621608,0.16504878201138848,0.020170634693596947,0.08521961222874917
0.03891218049742284,0.05573660409223353,0.19876186726769793,0.02385253429480627,0.09935195955424676,0.028134519459602016,0.19151038058376818,0.15746009285900564,0.010894367411677878,0.1953854939795388
0.17040731869345108,0.2049361537609045,0.1734784618933319,0.01359958314189869,0.03349730168998782,0.014707221606601519,0.14326650874444247,0.005316813494810967,0.23769753671666646,0.0030931002579046925
0.2165511479865165,0.051681077376743816,0.02972221252740947,0.20417192941864756,0.005479298197493398,0.11738036772988678,0.06694894501370609,0.011189206621526076,0.13938092504895316,0.15749489007911724
0.10926182026085508,0.05542120917351646,0.012370184865129568,0.1978726775004556,0.19969669245559074,0.06866126572386332,0.11191595522457044,0.008383908453440463,0.1651854764290818,0.0712308099134965
0.15483324443600355,0.06886012089267125,0.09270947093782629,0.14103906517267512,0.011465294107056523,0.07975907619181048,0.04901801372844286,0.14005689542093955,0.09148432961105138,0.17077448950152319
0.0008619703411289675,0.0837292706668647,0.23147805448438685,0.16004029375630904,0.02319735166328869,0.1481145086679232,0.00025199123840869754,0.21074190353984293,0.11526354696216251,0.026321108679684405
0.03008132410661874,0.14986038512560315,0.033016292648038584,0.22197512166945194,0.045754403945631135,0.2502891711352482,0.17064148583968403,0.02985656810136146,0.00819677384300248,0.060328473585360226
0.10463237405820434,0.10489916762769944,0.021783812096828486,0.1256708137528882,0.11716361394787148,0.18167568781584553,0.04569981525089618,0.0760919369265038,0.1377033031608624,0.08467947536239985
0.04943051006236246,0.17077882148508075,0.08956751602593023,0.1706849817453028,0.06032879562887458,0.01908927573657934,0.14221981881655796,0.17303386377769678,0.03940189677268026,0.08546451994893473
0.11113021152930178,0.1046591382002827,0.0031945481855306743,0.12743213817803067,0.0588288003730941,0.10183042007899154,0.15224831482401638,0.10666485097875242,0.12745052916369556,0.10656104848830422
0.09598821628432372,0.1591023974679761,0.017733235734660648,0.027965720690240406,0.2180176577023067,0.15341338619633316,0.05243649800971054,0.11029145799565913,0.15135608178675647,0.013695348132033146
0.03517379548287097,0.14032529184754697,0.012132210190248117,0.10785450282493178,0.16461404937366275,0.0842161622577994,0.071144839383652,0.1712566542293562,0.11115936195708818,0.10212313245284373
0.09341139354558631,0.049996897832525866,0.12042549696132483,0.020361207889848864,0.12679442394858192,0.1622168132253245,0.1228421792748534,0.1749939311476939,0.10607970979912691,0.022877946375133573
0.05443808418959985,0.1398748276413537,0.16574564594775743,0.16156295607951418,0.09635459425421757,0.02710776829202862,0.0944987833932336,0.1571449366922339,0.05686125590257944,0.04641114760748173
0.19854165521994663,0.025594038716755366,0.02081513426271076,0.08388390277220371,0.18901805676817324,0.1682239020233962,0.027803293599788958,0.03656704980576961,0.04239624241789557,0.2071567244133599
0.10806769793220035,0.013695064484772854,0.10748302980330678,0.16922431255093676,0.12358682449933724,0.06891612948262811,0.14484225572854129,0.04230827794549906,0.1295385051721864,0.09233790240059118
0.10738590062092614,0.14671495943415447,0.028619546396792272,0.004430082778166839,0.0639676858559655,0.07285563918680728,0.19924496272086306,0.16437064537109822,0.14323725319778777,0.06917332443743829
0.022090398210125702,0.15239268164476144,0.1987522251957855,0.0665719429452846,0.10100647011920559,0.20716086077770732,0.06356099822163894,0.0322135923334232,0.06370268044964743,0.09254815010242023
0.2231521052806782,0.14615448612225532,0.1620073695035497,0.10627554469485168,0.01737674920035043,0.00043752707437647785,0.03479080267031862,0.15239952817065155,0.1541767621214454,0.0032291251615227247
0.05245952738907346,0.15998212654937038,0.017250465639757368,0.1364766053754172,0.06716396460430107,0.15915352807061486,0.14493038634347932,0.15721202343453172,0.05380913464226551,0.05156223795118911
0.07919254810631818,0.038190727288393476,0.07885309946472117,0.1289272701577108,0.09852424782362196,0.1484806011947832,0.06001158636665357,0.12379336896521577,0.09457446096901719,0.1494520896635646
0.0645413733425635,0.20314242988228845,0.11627516601113153,0.06796302413041118,0.23351931326124334,0.029162191418463008,0.00982795932134487,0.07438049064294196,0.07845336244680588,0.12273468954280613
0.12450539381048271,0.12017890787130889,0.03536675634254236,0.12912609052204224,0.02959550338504321,0.10464053291983333,0.18525467493054099,0.049138481701282405,0.10350881347265464,0.1186848450442691
0.08448597119674625,0.051918246129612045,0.13999964301849802,0.06396508701516697,0.057985132050800844,0.171637527226869,0.0745480996137193,0.10174884806095676,0.10063666192361356,0.15307478376401742
0.15996553923604137,0.022638491943456324,0.1937277631347541,0.07365380576742696,0.10539567739136026,0.031160027890655816,0.11904042404195946,0.15165494912262922,0.05814766153539991,0.0846156599363166
0.014994058105184976,0.0014950094578918176,0.043284186863707684,0.047541966601179805,0.18893403892000452,0.14029464906171651,0.20310882450563916,0.004866847936103039,0.16481548354614806,0.1906649350024245
0.2245724095912171,0.08146170302674532,0.059903299385414076,0.08774788377145734,0.07003006126888532,0.010625902548430453,0.10731788111885977,0.1606090745257341,0.11956172793305103,0.07817005683020556
0.09800245711748809,0.02453259863394156,0.16130199275729615,0.09863092150489035,0.1086475609097505,0.047819407356690075,0.0003702350643318737,0.20738227959447134,0.12824813048517023,0.12506441657596995
0.08962135092189909,0.1237526849107621,0.09259652808213592,0.1347757568462847,0.05125963662945894,0.11307411392047889,0.12833339985382763,0.08167813277728223,0.10969161764147421,0.07521677841639625
0.1267335920943429,0.01581847820042523,0.18780413092984724,0.2468084041286534,0.1382508449501471,0.010591686366234537,0.12399109885926886,0.022944117940548243,0.0873442986905547,0.039713347839977715
0.1388118512263755,0.13715396208744546,0.061258470401511264,0.16158036396283104,0.09249441428696106,0.1592292193017268,0.07167196745714631,0.04127489508961181,0.01255329608220187,0.12397156010418897
0.04253607132546548,0.03811169726212694,0.1287874689464295,0.05984316884365854,0.14606999674390392,0.09447471924194908,0.17804460151595555,0.1287513219889518,0.10237538433930692,0.08100556979225214
0.18189782469836813,0.02573341487816929,0.0780684432386662,0.031245516289150933,0.14080498531711372,0.11950519504417823,0.13824374545162676,0.059148430876233296,0.1386147130384409,0.08673773116805246
0.015185684369696272,0.054509023935409406,0.15588987466226975,0.1779532977938961,0.0519519845576491,0.1127488704758017,0.1463838010347786,0.1286768088654898,0.0315009398180889,0.12519971448692044
0.020537182659734757,0.22894318527834717,0.02651396476815579,0.02668170306824139,0.049040316149080616,0.2002523884530723,0.05373833063414972,0.09879938439500016,0.20984903975376804,0.08564450484045
0.017174092371518332,0.07833452798938725,0.14940920381268846,0.14051948882474377,0.021387225778882323,0.09490172305642795,0.17085923228833308,0.16863715312802868,0.11569241591206252,0.043084936837927634
0.14488571014173085,0.030565716554061255,0.017583967512441658,0.02218691818209877,0.11922994157029275,0.09522831147874226,0.03880910221165766,0.19745037299946092,0.15935599061807906,0.1747039687314348
0.19599841177694857,0.15192073013178883,0.08353303446294351,0.12643076165157655,0.023946403340395512,0.107347835093168,0.052705199559845546,0.19954584944639508,0.027352492079559667,0.031219282457378466
0.19675961129393083,0.17513082894944373,0.11004549907094466,0.014810177154547487,0.06762906787162841,0.12617909973584332,0.032774079424576594,0.13319859777834098,0.012856903317983216,0.13061613540276076
0.13845639824886408,0.18737059008797363,0.052733274643925805,0.03826920019310309,0.07597475080643683,0.030115948359382756,0.1492091204637064,0.13196890557041424,0.06609201780012944,0.12980979382606375
0.08748827421238572,0.04812307827346972,0.09520288443620163,0.12794300773097275,0.1056978351980466,0.11768859158015048,0.09163460535065518,0.015776228559516037,0.1521965245579455,0.1582489701006563
0.10143445586988081,0.1553133854450034,0.16448424199720302,0.05644152446140361,0.0916251761250473,0.0956674325686483,0.13957901565965336,0.05263071103006056,0.07878211519596073,0.06404194164713907
0.11291400066970747,0.05910711395156456,0.20728381760978054,0.14883420269757286,0.049634395544714556,0.22532550235658844,0.008312676755483313,0.04039498606939057,0.08460198295726762,0.06359132138793022
0.06012809878267059,0.07946148178941184,0.13170319942133496,0.14140485359427088,0.020007667590386097,0.007802155303311714,0.1953781569656327,0.13744404434466448,0.10767766399656828,0.11899267821174857
0.12556392649928902,0.11706973234179986,0.09572897854950241,0.10992546681871748,0.12525461885997788,0.006041448838466199,0.05351387425638832,0.05982747640002911,0.14765763219794792,0.1594168452378818
0.1473525859251846,0.10638272519979013,0.08730783069632397,0.1515319351850085,0.14595184581781653,0.09979889839963048,0.08445219989605822,0.016151167454406406,0.008884109035844075,0.15218670238993712
0.14698197947137934,0.032421985183992405,0.06217201491189893,0.20072723649230015,0.06733925535130622,0.10602647786659819,0.10266853422355134,0.15400181289792175,0.0701827127857316,0.0574779908153202
0.13271263480092657,0.08083980335157072,0.04300312961381278,0.07313300054483751,0.20227642611412353,0.05848747387499099,0.16854094371420256,0.10793911705507032,0.008992036472471236,0.12407543445799366
0.02808016996682323,0.16087127664852957,0.029345967755926287,0.10518131707839634,0.12209178456252712,0.12941566805822874,0.1376613532983794,0.006067500631678347,0.09405441765824425,0.18723054434126674
0.0186388665169901,0.14262525522654512,0.1294182819504668,0.16396553707203534,0.02537275784504558,0.1723052339831641,0.18589003129901324,0.008202424869750789,0.0007485050585629674,0.15283310617842577
0.14539017511113103,0.12333388842352304,0.16427969428256317,0.000130911216829006,0.03471268962325243,0.0798670424145513,0.15230296488906186,0.09053752681460461,0.12434554450113174,0.0850995627233519
0.11735311027140867,0.06364838862625416,0.011477429937220016,0.11496933803041526,0.15713216536585536,0.1528333761769139,0.1450622067053726,0.08471463774782115,0.02635021877686376,0.12645912836187506
0.06692448087221557,0.11708516507282797,0.14963547627508528,0.14878448061819444,0.1330668846285218,0.11032822775150894,0.10367724714730314,0.08079397702810044,0.021411249997795662,0.06829281060844689
0.16882092064322288,0.127068260018905,0.05982727564727604,0.1861130626538016,0.11353046989504943,0.03027641568665846,0.018936751426258794,0.09455989587082728,0.151938152244574,0.04892879591342642
0.13451175268548815,0.1369447957625388,0.0701180533224037,0.0417946402528629,0.07620213921274024,0.1255972472965204,0.13203297436282216,0.08252351286286068,0.16322271873704938,0.03705216550471361
0.13583708428635344,0.13786007081017815,0.20740960550504978,0.07613158754027152,0.02715271339049929,0.17372498129810382,0.08577540564148943,0.010959010808753823,0.13237418530861156,0.012775355410689058
0.011363953189180355,0.13602696904944567,0.16194491359881044,0.12846860562291573,0.0649188444425115,0.058282928344644325,0.1572102609893594,0.15928247463239384,0.1017598685700669,0.02074118156067178
0.02655344366860423,0.01504418647785817,0.10473207554992447,0.14557249261536478,0.030734337099501952,0.11693050472245596,0.1035140803251133,0.15254793015400644,0.040999529741712504,0.2633714196454583
0.07837700792519289,0.09535211265147006,0.101279349117218,0.14160713424406676,0.052173394011412196,0.07476846096882822,0.14259166653284028,0.15614232382272386,0.10018716389755168,0.057521386828695856
0.15386069718632642,0.13875082764751007,0.09746445849898284,0.11440385169315094,0.11779375670476994,0.08377808978385264,0.13592075943766901,0.006316644928865831,0.07689986248411775,0.07481105163475452
0.1128434772176921,0.14081621106354641,0.07235444331041947,0.14021164708133618,0.14190850520613235,0.09849129678869421,0.1447007998325156,0.09747817583560828,0.024696302580234853,0.026499141083820635
0.005173410528015815,0.05832763470921255,0.1948690017901573,0.004242747854174699,0.1346153897805663,0.06592289710175135,0.22043651612738507,0.1636365361273415,0.07757213202951507,0.07520373395188044
0.026413854863143446,0.046946554629098955,0.08245908097277604,0.12364265647790587,0.17314771710022253,0.15435639012674152,0.13506452957272483,0.12263856534427148,0.048480872335124846,0.08684977857799053
0.1731766095852007,0.07529483571188213,0.09337700072782211,0.025909962746066054,0.002203345830463263,0.14912506324480926,0.19247745207388312,0.020077666768069245,0.12878101500201233,0.13957704830979176
0.1305082755759858,0.11118828396276488,0.0896054565836271,0.057542554719789,0.11373106916599271,0.0882451158769826,0.12424010653621094,0.12123155692197567,0.041416198147938885,0.12229138250873238
0.10086901435403481,0.14326595480818377,0.14527131469676605,0.14347185896080017,0.019080548150451876,0.10233018409139204,0.04215513904595761,0.10228324755693916,0.03532878963487704,0.16594394870059756
0.028635307498017175,0.1825605886223251,0.12442286446350766,0.043711723851523096,0.13188135360268188,0.1804233877014366,0.12676400211297054,0.07846250613676556,0.0010611483547905945,0.10207711765598186
0.12483971812899324,0.014345298499561636,0.0888110815349293,0.09127018206026087,0.04094815469931216,0.01865977084137404,0.17160511110581067,0.1323220327651988,0.15138139047863672,0.16581725988592247
0.10370347391093171,0.10996003474216202,0.14327506037804053,0.033078208181712365,0.03490126024427658,0.3072977434960802,0.0033282597501240025,0.05363900817149339,0.17611165980147936,0.03470529132369978
0.08462997493941656,0.043043006412963526,0.1657851113415696,0.14265457747086088,0.06510572827267877,0.0666072799394509,0.0831827262635554,0.008350237534197955,0.1110381442682742,0.2296032135570322
0.1099511721404535,0.03886969334932829,0.11192531358696681,0.17486158846475344,0.035577836748628695,0.055551714091628485,0.05808724754537153,0.20795714873724924,0.07791501727065668,0.1293032680649632
0.0016836305383482956,0.14436747150966905,0.06415782579495506,0.13622307548459955,0.05782792823991073,0.11325633639604879,0.15411286986096887,0.10316619403499697,0.12632842117022136,0.09887624697028137
0.08602806158722562,0.09686077773215764,0.08139363633762824,0.09042446240877723,0.18641845160776274,0.11815604016313269,0.14746215090283293,0.06056878367640702,0.08338530540418142,0.04930233017989443
0.18685794713833145,0.11125470255463749,0.05188928078973304,0.08041336837621821,0.16538621602267947,0.09370054765668859,0.09707748446548344,0.034089193991689026,0.06397624028945968,0.11535501871507946
0.11003216953620233,0.011744073163162394,0.04503322519720225,0.09560086121090378,0.1508971462392897,0.13402081923307096,0.13950802765034243,0.15804523611158777,0.14939289758151258,0.005725544076725915
0.11760403670932011,0.12763351677558618,0.07809546384796766,0.07977576932789061,0.1507190415555945,0.1486562923400421,0.02843045641872704,0.15386581425876525,0.08682876161674292,0.028390847149363536
0.15110684734952923,0.0033638977181362265,0.06669956109282206,0.0922972434687726,0.12841212610869107,0.11038257350841417,0.1061572455552317,0.1112338495659081,0.15044786972129057,0.07989878591120426
0.15087142652809513,0.15074776929293626,0.10225170581724463,0.013714563026083686,0.06851858942941762,0.12284503198080861,0.09650307576930707,0.14484692760777335,0.017279263577566803,0.13242164697076664
0.2041538924230998,0.01980985598306333,0.09658605048464733,0.06016229211246584,0.1344951281059576,0.1826635955888437,0.018344991792399123,0.006224528111720466,0.1451854231452658,0.13237424225253686
0.22005781026150184,0.24053258791857754,0.07616508303156665,0.16828845450486257,0.03641543812620229,0.06915800484706502,0.019533828591701434,0.1154304142566226,0.05272960030299182,0.0016887781589082218
0.08758426905411666,0.13306195716387273,0.013157263594590626,0.048712263488552676,0.22383911701783143,0.2701655706481048,0.04333048324619153,0.06022144648338616,0.051550429866449664,0.06837719943690367
0.12114163889079552,0.11966672119383995,0.02317448925671723,0.1461313299584137,0.15055994633843178,0.0815861238619856,0.13416671772412145,0.11503543034412471,0.06323936272918382,0.04529823970238622
0.09300296338867044,0.08737390920091725,0.17562806050484575,0.09737640741513721,0.013219045206778062,0.06860319135467816,0.05803665368030194,0.13512379062843186,0.09709587500966042,0.174540103610579
0.11793166133660557,0.14896132670727208,0.04968522690559341,0.14683929557356667,0.08647021682736068,0.1239999418637076,0.09610094995610723,0.029413251801357617,0.12698144549383808,0.07361668353459107
0.09465600911155804,0.03292096472862669,0.15247531054128133,0.1118184874993162,0.0932234805978357,0.11318936644849084,0.07198019863497421,0.1693951860126135,0.13744837538665697,0.02289262103864644
0.015643383094309328,0.1559765312400582,0.12139281849480243,0.06952889744906783,0.14873852598036563,0.13849627059415706,0.03284876140611653,0.15265398158102852,0.0640321260302898,0.10068870412980481
0.05649192504870856,0.17931038694554208,0.11131465629918641,0.10475556102677887,0.041902754125767036,0.04620178996114039,0.09985642888804791,0.1304745921665681,0.049198146556372106,0.1804937589818885
0.011520043860284634,0.1617287975092189,0.13747258257331046,0.018758575720637275,0.12569150703232435,0.16480693921909592,0.058672490182947755,0.11933015028873349,0.1293062514079936,0.0727126622054536
0.12188008815066138,0.08611131028002617,0.11212621656356876,0.06676357896220092,0.020593094627945854,0.15032618635268066,0.1453028896237021,0.163783303611861,0.09932645832810716,0.03378687349924612
0.10644891776301267,0.06860256677898051,0.15928956785601578,0.13928457465817487,0.15394832942415815,0.05376570755617972,0.013601262621580287,0.08299003643313307,0.10723606209028005,0.11483297481848485
0.05164913629998678,0.10948510562730268,0.10016991133180521,0.0942814972158107,0.0623306967824321,0.1164211534542812,0.10963513146420445,0.1724409841405433,0.12268018387035079,0.06090619981328262
0.14312605377412818,0.15816448757079205,0.01682029105543904,0.014988261948478304,0.12320726300097075,0.10059430608447241,0.053785138864321264,0.07524971550259522,0.15481478309659166,0.1592496991022111
0.045219247052345965,0.041595183062095684,0.1794350648881718,0.12196618008177289,0.1574391087269849,0.09269353173112421,0.15618724594059336,0.017256886462509106,0.013125341510353898,0.1750822105440481
0.2088324089942204,0.21757394358013854,0.021881392169606006,0.05555813014609939,0.0704532882431228,0.08242512262521381,0.02066759567363164,0.21063734523436947,0.0017584206270872633,0.11021235270651059
0.1664215107399222,0.09555003660209734,0.19201758040396852,0.16786618994041616,0.0032271043416544688,0.04237816296476601,0.030910339002024924,0.062350238705838425,0.21250985725201457,0.02676898004729724
0.12020976829245236,0.10963807945867454,0.06218693947424296,0.056577942237897465,0.1768837853740841,0.05283815962008071,0.10395742225436813,0.1688007106940234,0.05765676904161661,0.09125042355255969
0.14659222918871329,0.06435533722787802,0.040920464805527614,0.16241020470227213,0.13328855359617833,0.048108696684005366,0.05093260576140435,0.11092434024050142,0.025198172671300575,0.2172693951222189
0.08002429521874306,0.013877331706320477,0.260500880497604,0.18129199612631972,0.04657679402813389,0.125251441417554,0.09697599911267504,0.03344029892919882,0.07373094650998963,0.08833001645346139
0.127192193109046,0.07908402302516426,0.1366181726010113,0.08421242234028621,0.08029447027527709,0.0460842174884852,0.1361055021962552,0.13627769255757297,0.09816167404314478,0.07596963236375705
0.21561696771699115,0.01525111929159978,0.1847028097681315,0.15742744687682197,0.0040815920041250165,0.069163517360727,0.13927545236308844,0.050393979102037974,0.14563448620443165,0.01845262931204569
0.08775828926142025,0.1383794418371628,0.14267860787107017,0.12354545660166026,0.1598486953193336,0.03957538809350065,0.14051279500291314,0.0803294309645772,0.03246822126519141,0.054903673783170445
0.07929677250159915,0.11730709229159561,0.1604842250539786,0.09469842986557718,0.07156648004238009,0.05554715151476077,0.16287938771662408,0.08447797877242061,0.019676337804354713,0.15406614443670938
0.09592145153399191,0.0016486280434623096,0.15985698503995135,0.05385900158415106,0.12658168509478945,0.06039371116917523,0.14234014000721473,0.0659170550268815,0.1569995465774037,0.13648179592297874
0.11246534408584032,0.0025871377315342513,0.12973298883027598,0.0036470303773933664,0.23522670278389662,0.052645070975708246,0.053742373166820505,0.11614665791849317,0.2300465551045963,0.06376013902544121
0.08611650987556645,0.05897503614537288,0.15249982632761103,0.02949311751792842,0.04441548182007991,0.14982714209597264,0.073737597126776,0.14044040721821002,0.13280905443575536,0.13168582743672727
0.006354156225089533,0.1760074416508212,0.0786313032380617,0.05079424895676578,0.14901608119551016,0.12027251465639652,0.06872313879517818,0.09114835183854703,0.1211224432325451,0.1379303202110849
0.12116437443944761,0.05332485562481372,0.08555123806114781,0.06917531233669631,0.19620230447994597,0.10044557307345132,0.1385071782056612,0.13078045242314984,0.018950260256211868,0.0858984510994744
0.06761199524249399,0.06634437594051859,0.033996279092786456,0.1237365816534057,0.2265077093780464,0.053988828730447046,0.05075255232280475,0.15714596290037605,0.006295106844686722,0.21362060789443424
0.01054402911996187,0.16606024887228293,0.04246291252726473,0.02186111797619733,0.10322726766497191,0.0820504342822331,0.19220014612274947,0.20177155751654405,0.15545677637513858,0.024365509542656056
0.01818216472410125,0.0010958517095165947,0.0015909969879706104,0.2136263410847677,0.020829316137584826,0.19730779485243982,0.04530098844376628,0.20117119276163375,0.12232554359722947,0.1785698097009897
0.12493717673535211,0.02528886085242654,0.03800204738755426,0.16699629522421763,0.04871492328158248,0.15695876081520654,0.07981774384559252,0.15102378195698868,0.11381894631382944,0.09444146358724999
0.08166418407108146,0.16490150361066042,0.11812297606545277,0.007112004800202023,0.11084207425937978,0.024962764177292828,0.13947889067201782,0.13003034765897406,0.05972165499746749,0.16316359968747138
0.06522502520088688,0.02085682721352105,0.08992478855793809,0.19950668956312884,0.007738142012997292,0.19869283153467535,0.0855648654804471,0.026751406806213785,0.15599750354710573,0.14974192008308582
0.20418622556749333,0.03515757719834787,0.10228618474843967,0.08045701857688206,0.027574633448239693,0.024689696596670113,0.1645969934760842,0.08970326327478091,0.07205540922100839,0.19929299789205362
0.11280856584656185,0.06850477740078013,0.08280877957798587,0.10174446751781452,0.04338620660174924,0.04128109429717091,0.06708591391964155,0.17138657197871152,0.18471424933762176,0.12627937352196267
0.16096690965520802,0.03626832181946845,0.08838959083080311,0.08702603295072041,0.11433312972381218,0.028044778423327598,0.13230321215257224,0.06672506868751338,0.1371107837181216,0.14883217203845298
0.14782464497084868,0.05026983686409384,0.17435580573324383,0.02863270178946701,0.04847865805238374,0.13328266903599076,0.1355850040522009,0.12720420560637924,0.048099037854890635,0.10626743604050135
0.04320494579328264,0.021143993520156244,0.028801156857984983,0.025735251883500912,0.0797375602203281,0.2809231606781261,0.2347060736700971,0.054428313411644995,0.13555293709680896,0.09576660686806984
0.07924052007690643,0.03271179341900208,0.13357795040320652,0.12515143820482796,0.1357911374846703,0.016583628544125074,0.1853351880050765,0.12391714003264348,0.16358328177697978,0.00410792205256193
