i = 0,i = 1,i = 2,i = 3,i = 4,i = 5,i = 6,i = 7,i = 8,i = 9
0.05670913446169658,0.09896080044017609,0.03621717581985659,0.11262232862541054,0.16815910040209905,0.16416771872015054,0.090973956915207,0.11528399380573186,0.038829003544437905,0.11807678726523389
0.03228550655985742,0.003408618130137297,0.16962794413138096,0.1951497889827054,0.024656823665341013,0.1521931345995697,0.050491859484912506,0.03093945041752476,0.22040652558528953,0.12084034844328152
0.09151509469966522,0.14337568948260646,0.15587371766906238,0.08237753928777954,0.16486649553201704,0.10229574360799666,0.10946189529798024,0.03007549717035309,0.06041374837372779,0.05974457887881137
0.07812414579006435,0.0322607172805192,0.12093203562871183,0.10237027991821293,0.235356878536726,0.06493108935463013,0.12986202920699277,0.014698946577949026,0.06635918671471878,0.15510469099147486
0.06930935566299343,0.10163722046678299,0.1291110155258921,0.12239637221640266,0.10525491792079437,0.09108276971538944,0.09325759773101722,0.1374803148434153,0.03596112920302817,0.11450930671428423
0.07673956648068131,0.09212421055802433,0.18425732324137492,0.04284242582972734,0.0894904089507416,0.015735272666897504,0.14978862601051665,0.1632480179605802,0.028300248678935543,0.15747389962252065
0.014055196136709316,0.042998292649623134,0.19107762943099937,0.17505665419974134,0.0574574166622424,0.1795127930537904,0.053767878747512286,0.08572749221370937,0.11566177626588361,0.08468487063978873
0.1589046306120411,0.09521304481014639,0.1610693784976161,0.0056069866226379815,0.1041489710474739,0.10810046446458715,0.10911627510996999,0.06315508222027216,0.07779551801843225,0.11688964859682303
0.13479007174291485,0.057479074955210804,0.08285940095608607,0.047018098143853354,0.0723871757917951,0.08196694067071879,0.14758886862996137,0.15851844963355374,0.18443446682072556,0.03295745265518036
0.16152089751394458,0.052267993595351274,0.1400045921760594,0.02739082100710095,0.16077580049008197,0.11207343312031016,0.04586113398603511,0.08327379870337703,0.16613793146576883,0.05069359794197071
0.14464150688851352,0.00030116998851466287,0.003928908897916067,0.19616003143351649,0.03934993197865335,0.01576931681677503,0.1905485960398466,0.035138633300432626,0.17586727145443928,0.19829463320139246
0.061964706678308897,0.11721044771825309,0.13041053644805034,0.14131788752203078,0.1319823433882576,0.09886831953678697,0.0771762084429571,0.08585034862751942,0.12161207112444171,0.03360713051339414
0.05333672307148496,0.13619931138468083,0.16059458512728628,0.2006695688012408,0.1702166585359576,0.012332285168599069,0.03543349254578987,0.014884704246803951,0.019023615427490224,0.1973090556906664
0.011390833865748923,0.1340754193458419,0.08082541294991942,0.047265624247500304,0.1466491993174607,0.13066593974602433,0.1357444660839339,0.13239586184929608,0.03607113206165372,0.14491611053262063
0.08409075006252484,0.02334226843317722,0.12492691599815088,0.10529392258908274,0.21031732902134762,0.012114354253939249,0.16419564215589286,0.2273674734915873,0.039990279995838734,0.00836106399845851
0.048527427976331375,0.12235438542951205,0.026973582491717274,0.19107725559634495,0.03127843039940906,0.1675848093581928,0.07703147508995974,0.1266364702252855,0.014042084154780332,0.19449407927846696
0.10946699633544524,0.10825259485603035,0.07205049304602018,0.10623832132031649,0.11336806405911595,0.11112853391209984,0.0828929441615218,0.09118094718402857,0.15066574910870448,0.0547553560167171
0.02515730157396341,0.13613151812654664,0.034342797455522475,0.12240629295740006,0.07953370983575259,0.16088593170958568,0.19113332894308047,0.1433641014580445,0.018948851266377405,0.08809616667372683
0.1405967226652552,0.0664027136720627,0.006159463554179417,0.03276058724975001,0.15885337907229347,0.14094854199339127,0.1558877251132932,0.09009988073120342,0.09797186885447054,0.11031911709410064
0.09403886822521247,0.09313145255406616,0.09286648554110463,0.026118336696645122,0.17064191553188307,0.10840759688821767,0.08722591915235743,0.1782122946864967,0.14399575817951238,0.005361372544504519
0.02189290883574909,0.11234541508078491,0.20024296116091453,0.06290782418260156,0.17449485420743727,0.1417095285597374,0.0626138807423928,0.04152640786487808,0.0098746719025927,0.17239154746291174
0.052118394609270965,0.11180870703107773,0.13972440949938938,0.1844537680405644,0.06512869421616792,0.08108666328337231,0.031894458050344646,0.08962934048524986,0.18212928042373713,0.062026284360825634
0.06160732343717003,0.18636543207879216,0.07136986005473593,0.10281313959197125,0.14996263574822527,0.06342617767884291,0.14397157749658956,0.03592403424430457,0.07611781318479867,0.10844200648456973
0.03956829066331169,0.10402280576157572,0.1407604292326583,0.11784230675619807,0.04622401488128215,0.11707112002552572,0.08923976836674598,0.11779766705269303,0.08874200992101373,0.13873158733899552
0.17608562808085795,0.024501676181925246,0.05334900009229662,0.08347585242944673,0.17398110778410927,0.1265959047166656,0.1433027350229812,0.16451428469773594,0.012893790721650701,0.041300020272330665
0.0005995527397871046,0.07649600625666723,0.15558161179416363,0.01956523549067167,0.03628002071147084,0.03478423663099582,0.1207007488347207,0.17787343442683543,0.23686101134496032,0.1412581417697273
0.03276205798467216,0.1546873372882976,0.1657422307748857,0.14119774502053709,0.07141574359663257,0.08046679381461155,0.006773327744234597,0.10439344146724999,0.149451183729991,0.09311013857888774
0.01232070302934768,0.0337435319473782,0.07737172347488577,0.15588847497983632,0.16824223912703515,0.22464040842205915,0.038751805280601466,0.20722577616857735,0.03032318838409669,0.051492149186182175
0.07548552852365804,0.14627399416852982,0.08218085037756703,0.12518757672853967,0.04957368434615088,0.10006850366779453,0.07575946636070699,0.10445620180804627,0.09674296314338092,0.14427123087562582
0.13728572316509077,0.04634301107462898,0.0656554974713304,0.011299383692646242,0.22324859053244037,0.06586413624436976,0.1999792849687093,0.056798874412592154,0.08568939575895691,0.10783610267923503
0.16672238850623802,0.05502831492352413,0.07331592294897822,0.1943941719567364,0.017426981023592563,0.14305214366167293,0.012051942060607142,0.14739063335191704,0.1338191763105513,0.05679832525618239
0.13754143916154143,0.001404743730666673,0.10413585289387742,0.15343460367968692,0.16154577298264788,0.015843018173867244,0.10425793658569063,0.1139767069146632,0.11306275559368545,0.0947971702836731
0.014967595527604868,0.08388351166620056,0.1302639368770298,0.18287009656803482,0.132087445439439,0.025222392997700457,0.0036964579940355477,0.2165544350399621,0.060092474823020305,0.1503616530669725
0.18503966710810144,0.01230205385322665,0.16629570981310499,0.1372309514397744,9.534168176791883e-05,0.08871701311568472,0.015976217629038662,0.25071749078093963,0.005299405405412406,0.13832614917294914
0.05945553603834197,0.04573634762756964,0.11551961675434297,0.15180254670576715,0.10862194416555743,0.15620103013754136,0.09255270668110502,0.14219619829835078,0.10835776507715689,0.019556308514266655
0.11522068748172935,0.012611464967848417,0.15976150486640125,0.09676147905637233,0.0711310328031079,0.06629787500599812,0.0846642313381955,0.1599435496068334,0.1065131906216715,0.1270949842518423
0.20846305403041343,0.08808295761858768,0.022384036885553283,0.23110718722888535,0.07360055968138798,0.1583505818730762,0.0015610793106734567,0.11739075382927157,0.09192682135420674,0.007132968187944277
0.1260697348002733,0.06396002346949176,0.11303151714124446,0.055788355165976834,0.05369665527899227,0.09721528684728528,0.09048971831154272,0.21093744855630883,0.13318759108672612,0.05562366934215843
0.11414467496532833,0.05587977065277093,0.08962599114858615,0.08458627053003949,0.020590191039332736,0.001000156484117875,0.07065797054012789,0.17664105903728936,0.19508975033684267,0.19178416526556447
0.03224887236401491,0.11364627414307968,0.009085743266569558,0.1900537030403497,0.1755200677135824,0.08727486250856399,0.03710595668512904,0.11189087968754573,0.1904303839665618,0.05274325662460314
0.0829613803350171,0.18255268579562434,0.09665463489397065,0.10214187238015708,0.14489193159019112,0.0755792469181375,0.06946433342034533,0.03244985992242469,0.004901727883793708,0.20840232686033852
0.10864930098137597,0.12438231870581487,0.006439873350002748,0.21256525108663613,0.020078390653867944,0.052428185908782024,0.13419755031548064,0.15325377293246334,0.09770608858805765,0.09029926747751868
0.019059294333172397,0.0038640751569229037,0.06390293187631156,0.18996986635911062,0.3353504671036118,0.004496246419724692,0.05001021051263995,0.21816774426494692,0.0875748280901405,0.02760433588341847
0.09713031913710744,0.030284443055089576,0.08809138188125966,0.08219798588944975,0.020960094282762805,0.22259279447236371,0.14945112919199843,0.07778831541085084,0.21502683623980717,0.01647670043931071
0.09338407500118467,0.15562025536399082,0.027572161477813353,0.013547657770246201,0.08947905357454622,0.055685317339588716,0.12811405565400025,0.16094060663324544,0.13833894934356192,0.13731786784182237
0.09892662682076855,0.09142114369514025,0.03839043410632667,0.07944640390606801,0.034801464916621935,0.05182151280482683,0.18911876808560654,0.15496964629787074,0.1943247280586994,0.06677927130807104
0.03731372037668846,0.16045889811454014,0.00461311024870538,0.004725407624106855,0.032903158906536646,0.12958463876354112,0.021141702223611215,0.2282641769607271,0.14541937441300745,0.23557581236853567
0.21928933451750937,0.07580184938626014,0.04284247383545192,0.0774551531791971,0.1271591043509015,0.23192299653411783,0.17358517263827314,0.017700965564084566,0.0073975303590148355,0.026845419635189476
0.11653035533017332,0.1109067810817281,0.011477969698059268,0.15707931865668753,0.011087929536437483,0.09971909443009268,0.03219538768271686,0.1467655258981139,0.1843686506873067,0.12986898699868396
0.10354100224681424,0.16740482270809745,0.05555297566675184,0.00900178017530432,0.07063723167710124,0.0944708875463582,0.026659925684428282,0.08038715995210334,0.1705553104913617,0.22178890385167938
0.11910924688570194,0.1165954657429409,0.10939532722505085,0.13091386816691297,0.05916304826849196,0.14615702908795647,0.003436248573258561,0.08742212123018797,0.13637161395907932,0.09143603086041908
0.11239038510349285,0.10126550029122047,0.13092641730174095,0.03052929747779867,0.097075834100463,0.08999275719084417,0.18847256511448185,0.12518354578370997,0.059131506334922854,0.06503219130132529
0.16928255639036036,0.004016215595449688,0.09520185472378287,0.028301921609228408,0.12516523098010465,0.007595044619431753,0.19967684330025628,0.19781918186109562,0.10813513675296063,0.06480601416732963
0.10588013805433254,0.20634940115505854,0.075789125610535,0.024142447637842485,0.058980337191708476,0.09914566257913068,0.2078526167013839,0.054676991137068025,0.10058087877534547,0.06660240115759497
0.07416406683107583,0.16708761532865438,0.07668719965383182,0.11363466351248458,0.1861875280808245,0.10590388062808152,0.006953968172951806,0.11525450411704122,0.11207429347752203,0.042052280197532425
0.06712082791390654,0.03389738647403495,0.025119432758235208,0.18194191004510266,0.1315804231000106,0.09558928834043774,0.04829169972508376,0.111212398443876,0.20748646862292916,0.09776016457638342
0.1354527666259986,0.10039398957123086,0.149385481105273,0.16357793216392746,0.1359237979021113,0.05390805397982969,0.03893318690994168,0.050437893975629824,0.03573963450999535,0.1362472632560624
0.05233957980523157,0.035796790689510624,0.1849892842257249,0.0924324914451643,0.13446161523005526,0.19029750047488952,0.09138925511634192,0.2091934306312735,0.00843611414203867,0.000663938239769921
0.12631006815402224,0.20365621263451755,0.01754328010002647,0.08041391597015153,0.0034980922162202886,0.21188969669513052,0.13247288361220733,0.030347798497586707,0.09663616467860955,0.09723188744152776
0.06690721956638995,0.10383476747603575,0.0015184930704499947,0.022839924051789938,0.11172268605463036,0.15779860321380948,0.1928503107812927,0.15617815684914735,0.04600391833478897,0.1403459206016655
0.11772842360260867,0.07654986644439252,0.052275600458860955,0.15517538170215367,0.05388295163436248,0.04347074683854823,0.12838066597918085,0.10808612987166384,0.13839806176155076,0.12605217170667807
0.07772488765093116,0.11796853940884285,0.0065144500569526646,0.1588175258274532,0.20693895151309968,0.12538628810456978,0.01568477234994424,0.10625778833709044,0.011319483719787004,0.1733873130313289
0.12440698474159755,0.04164584171943732,0.12322140544697012,0.09293307613993988,0.1444344172088778,0.09101184983173802,0.09784803165320317,0.12435093871453362,0.044711741479888135,0.1154357130638143
0.13112361166031142,0.12934260972003278,0.1193594801438601,0.11919370919915658,0.128696151417579,0.06202226777597365,0.09414978098577456,0.0323129676551892,0.11915828831908248,0.06464113312304019
0.18730018769581108,0.09478720373456322,0.0552366543507477,0.059388275736506006,0.06720083935143811,0.1387911396900155,0.007495089824021905,0.10606536464523587,0.20906664483615411,0.07466860013550639
0.08015285238025265,0.05753991942187184,0.026167117380319606,0.1322309806986537,0.19275990737498266,0.13159230827475715,0.10021049784831838,0.11418963016602192,0.13806635739350448,0.027090429061317575
0.08507662164406964,0.15073296377160783,0.03808074452245896,0.08296291817837029,0.15574871520441916,0.17608472145360002,0.0025976578336440207,0.13522977880399092,0.1568525869115866,0.016633291676252392
0.18276720214419287,0.07665580694585558,0.17859414545322147,0.005590409903475857,0.012891160621306219,0.16806014512192807,0.060546609012732996,0.0530333317934317,0.15030394473731293,0.11155724426654241
0.11129012694919756,0.164124814905212,0.09151574801519126,0.026224852209419638,0.0029770505952813747,0.1437916445404366,0.1212087750223231,0.08743381142333906,0.1608036064425015,0.09062956989709772
0.18592528989487558,0.020458424076050762,0.1613605619458477,0.08946392537255077,0.15968362607241354,0.07292165213194908,0.0859926758883561,0.04130409336298921,0.04832863803809563,0.1345611132168715
0.1523529927901983,0.1246342177369151,0.06714432363323321,0.0943404981367524,0.08004323351687409,0.0050542923198140756,0.06849715995142577,0.14723748987453963,0.14674106267435377,0.11395472936589367
0.0048732697041974525,0.007425499715319099,0.22401596964893686,0.03465161366757854,0.20016306881668156,0.1405907456929844,0.2387483037738176,0.0009090138624106171,0.10445296456432382,0.04416955055375013
0.1565497504789482,0.04658378729532439,0.07795210871569082,0.050028000542889715,0.09900499499145708,0.12146951479969853,0.17705899171560108,0.055038197964758104,0.03897683859863732,0.17733781489699463
0.0857680728846835,0.13883568610800978,0.17894443202185698,0.1696500375025319,0.11873841460213125,0.12381502500161695,0.008370950915013926,0.13897626046195094,0.0010159348370603403,0.03588518566514459
0.13163714739457186,0.0784352114706462,0.03236103186429859,0.0288493308836729,0.10498173617308804,0.11768189452668212,0.08070290400676035,0.17317409141955953,0.17245941922652872,0.07971723303419168
0.11368144186927678,0.05003380088439625,0.13689113762521615,0.028013039469586526,0.09175882556543791,0.0960533310348176,0.11156561154960247,0.1229366580957629,0.09754090917480315,0.15152524473110016
0.14838175270701842,0.09248943878039191,0.17796306069204712,0.016249188561429102,0.006482908402685956,0.15316245927442118,0.097643657557228,0.014660381014957334,0.2320572092722906,0.060909943737530295
0.017914575263212256,0.007725105272020551,0.19296261045582824,0.11825070804623299,0.09477873221952636,0.17378840164806628,0.1528467030856913,0.08318442137672905,0.009637446725002309,0.14891129590769053
0.044081721553685484,0.013775196177496047,0.01225365104015909,0.07075389731298597,0.15700132816347423,0.19205100462215235,0.19421897005535713,0.1465556024002944,0.13857115133351908,0.0307374773408763
0.15032107995406274,0.06678810266805767,0.17447950204971538,0.08439242013804417,0.07218379696271628,0.034209790660414734,0.013432673459758938,0.19630535144852296,0.1727116853521089,0.03517559730659838
0.14141040391194923,0.07176547266939555,0.09402516560816498,0.04147847080134399,0.1397858870120204,0.07755303922508142,0.1325496995373359,0.037941644325999224,0.1365541019045786,0.12693611500413077
0.12413209221171961,0.03849757749709701,0.09297426067216637,0.11496694046055768,0.10940636237873032,0.06466428131637669,0.14174570115462135,0.039381384445100476,0.14844036182403242,0.12579103803959796
0.01982280709371128,0.14888813814767668,0.08159149565805231,0.09596906625926156,0.10706043257366234,0.02628472930752827,0.15676546373139288,0.13213523678091066,0.0803931729832995,0.15108945746450456
0.0790502052381141,0.17644617557495695,0.18384868026574797,0.23845776626273418,0.017466081529522608,0.017043654155640107,0.013895122046644713,0.08348087456659092,0.1202185512682948,0.07009288909175349
0.20780640060580008,0.04138717851206536,0.09104546410958846,0.006875487680179718,0.10114783660942239,0.15480606357643803,0.24590926145190106,0.014993849595446767,0.10813117321937703,0.027897284639780986
0.14410180719902224,0.0589738618357408,0.14532892201429745,0.06928172048118814,0.13435715608999527,0.08681878821815828,0.04926368004463313,0.06772000222043487,0.14376190068295422,0.10039216121357561
0.003579741731176944,0.1428233566383905,0.01724085602901279,0.1624073867674675,0.13319117268822336,0.1604871792390878,0.14869714311308518,0.15288897078159935,0.026852520727095073,0.051831672284861526
0.14766774105429498,0.11657339409429936,0.045557435272671955,0.09377826407155872,0.16589739619128627,0.08953784974296274,0.10472590365562641,0.12526999115548695,0.063594297992226,0.047397726769586666
0.1579166528051866,0.20275589493713841,0.09745966683835731,0.11661454987224866,0.02990847542294014,0.026792239732474573,0.12600886692609292,0.024210746312526763,0.003186698715547142,0.21514620843748763
0.16468227011731684,0.036059170873469285,0.10225200377586859,0.10343852169870706,0.1603771010931033,0.08632389189814775,0.033705828252818336,0.05543097686255435,0.08766276053986172,0.17006747488815263
0.018155169656365207,0.07652732911151046,0.06817448210623521,0.08465072861546175,0.1369013906760754,0.23359329224354222,0.18963348297546959,0.10677082722153722,0.03621861143875328,0.04937468595504971
0.012177127892891907,0.11058460024174255,0.13150670832968755,0.20070188532295466,0.15779628304798038,0.11489644880698499,0.1285041366528837,0.02001943365269325,0.10754172335926968,0.016271652692911233
0.13888191741823977,0.10870771285627087,0.11871460661523961,0.1171817769925234,0.11850354559355292,0.11918893513731348,0.05419246276885186,0.10295124356261598,0.10345148075641594,0.018226318298976134
0.19904732664155328,0.07114622024931082,0.13359105751796604,0.12021025838850287,0.2112254227229775,0.08336904388999575,0.01849245915295523,0.034999959502054596,0.03530083724214082,0.09261741469254298
0.1548566028462326,0.03384217720938241,0.06346747595395948,0.056977967568771534,0.13091669925489705,0.02081972510231915,0.1547103557497258,0.18613685734534008,0.12863692022856768,0.0696352187408042
0.007422837685207173,0.0022185094097819757,0.19766900520786107,0.1810837589165439,0.14073191945573954,0.22501368530008453,0.11144303984751196,0.06545694261979919,0.04005224700128958,0.02890805455618106
0.14080191172202855,0.04766943374423396,0.12183699531017225,0.1444939225364222,0.12430335982125627,0.03614945053481093,0.07074898651357733,0.11569159505176253,0.05530654709984547,0.14299779766589038
0.019637160765622688,0.1485027498181286,0.15327109751729698,0.006274924381595237,0.1347474214364287,0.09695318040318947,0.017418274816016176,0.22465401720513972,0.17574571640762163,0.022795457248960965
0.138972658027119,0.17514803974708,0.05967662193819134,0.032118410983174514,0.07840303548699724,0.1645244824789993,0.10830989650879635,0.16661154878839454,0.07134009115450396,0.004895214886743727
0.12633182806058849,0.09011008955924417,0.11627895302308877,0.0694080216493959,0.030669873803105045,0.08842399439788633,0.18123411668552392,0.019549287158427835,0.10533915119036037,0.1726546844723791
0.15437068737261533,0.11781535990240091,0.02919968705598783,0.10686385371598711,0.0693386361334653,0.15000854253127202,0.03888361070528422,0.12760171698571243,0.11348026905362221,0.09243763654365257
0.1138935398868004,0.14362457051510646,0.13276485614008915,0.06777497931219102,0.008440681992567558,0.11149209998124011,0.06293234243243695,0.04974431285053558,0.1585353519192314,0.15079726496980148
0.12775682267149335,0.14748236625926892,0.002282701976170618,0.1502207688547314,0.080985160371105,0.13511762605573296,0.02227142585353673,0.1032138473530337,0.09749207077075796,0.13317720983416947
0.02786061217790669,0.05027965358974154,0.04173713648704319,0.0348674059202254,0.1169066252589896,0.10207448109543105,0.14491696492260878,0.17822138314143937,0.16094740384857004,0.14218833355804436
0.13564639268227646,0.13239493368959476,0.14357495549709723,0.12515301307908794,0.055253032360062564,0.09544688330238672,0.09650295380922631,0.04532393223432528,0.10378871676275994,0.0669151865831828
0.1505534073812001,0.01707179457150187,0.07116233155558331,0.11643836790378137,0.10123043648792511,0.16187038153067154,0.10304537035057273,0.1804506439254744,0.052268058302411505,0.04590920799087821
0.05503286266288534,0.1303495841024793,0.14680888691198574,0.0040075785745464654,0.06870977078911614,0.16033464311003093,0.09484280153164955,0.11939727373318906,0.12230369103005294,0.09821290755406452
0.1757624041696802,0.028576249940130378,0.08535150358536353,0.17619489312442244,0.12168745564605613,0.02992293494445692,0.08638199914117782,0.16741704149811654,0.06251893460389502,0.06618658334670106
0.14184309549206064,0.11890911005568024,0.06712099100402945,0.11918875184015242,0.03477256651833709,0.03339704719426867,0.12124926214297616,0.17060647573442841,0.14863420014616194,0.04427849987190519
0.24833400285289695,0.1918724782314266,0.13276133485926747,0.04770962094640072,0.07364175737751522,0.0035471020729116298,0.10858539073463788,0.04339373588895648,0.14637399725526987,0.0037805797807170857
0.07381432398016026,0.016408531511068577,0.10034987687995134,0.12338168943460524,0.18179598260487373,0.07306455289694631,0.04203439463516614,0.1533757467809409,0.17755789440326988,0.05821700687301759
0.02057618075739848,0.11989625691362439,0.031201229780562806,0.06992132500154939,0.08882727800727923,0.14933262930810845,0.1646355490335288,0.11493050219507878,0.1487726689716555,0.09190638003121411
0.030472275602806187,0.12072703678599374,0.13681863973979239,0.18436928444221176,0.002625203622230792,0.016368285761330734,0.12449993070231659,0.14068315762642003,0.1839184139303299,0.05951777178656778
0.09185802002871647,0.09916666361670265,0.18979839620385525,0.047090683436471256,0.06700508985560615,0.15257703959916583,0.07480325851634417,0.1190074457812111,0.1119600507399479,0.04673335222197923
0.10013758245160881,0.10121890638519729,0.030966506795956313,0.12512709863252042,0.02426490887012261,0.17093987472195693,0.09987378818019131,0.13895604230293293,0.11243806244710723,0.09607722921240615
0.17621445439279468,0.07647862636167317,0.06276034018703106,0.06995797466679808,0.05921822107362327,0.0670379677414059,0.1375415545299422,0.05716743104382598,0.12337550290709197,0.17024792709581368
0.08274106200101503,0.10376963713185146,0.04914545335382554,0.04294050224484242,0.03799858647322461,0.09296319932059209,0.10195992771404579,0.17193051663929232,0.12859686452360564,0.1879542505977051
0.061165585588792926,0.06429538832507047,0.11784100993146468,0.14543380365784278,0.07565077188255488,0.08705763867090284,0.10902278048527662,0.20526493336276583,0.011578137061370355,0.12268995103395855
0.10850698843803226,0.07435834891417571,0.09769344460066937,0.08416937766034818,0.07506002750730123,0.11335906905244639,0.1515799815751315,0.1252391435177349,0.026624574193234843,0.1434090445409257
0.12415287571535204,0.0420593433486795,0.036028317955545106,0.014374841064379907,0.04743199049872052,0.05998740754246306,0.18988085329407403,0.009075713734863874,0.20264657483722062,0.2743620820087014
0.06613010883118636,0.19232775947894248,0.08851767490896377,0.09756241535717909,0.11418563438411798,0.06518503152968488,0.008042544269255124,0.18910345610919257,0.09796120213160182,0.08098417299987595
0.18884484923786918,0.19912557556400576,0.14403927986687934,0.10286528657873639,0.002677367576425403,0.09212294253572052,0.05757747632865225,0.03806663204745038,0.02671210054276611,0.14796848972149484
0.005844171227235147,0.1934995529649443,0.07531576417772921,0.10797373938246294,0.14981820454065387,0.11450353632532836,0.08903996755249952,0.029509413567344878,0.07729970546524274,0.15719594479655905
0.21470059912978076,0.11209628693783916,0.05133096883873012,0.1466219501669012,0.023335157975411774,0.14170805530313424,0.06782755232450483,0.20422231822333906,0.012892885402791082,0.02526422569756779
0.03889119051304772,0.18248100117102595,0.13269044147088496,0.17808001878741853,0.09982521556956768,0.193406447370192,0.004159992164624882,0.07968549206375523,0.04186763699452285,0.048912563894960195
0.16821802297341096,0.11770648548111352,0.15025524677740046,0.04842375544978153,0.0002587527704903371,0.07273902830211146,0.09590867370051785,0.03303914266114032,0.13399433469645558,0.17945655718757797
0.06485938635522409,0.08976700716887769,0.006069349612625977,0.05192017319497268,0.12322809848028848,0.1682479802016201,0.07200289183255044,0.06010055905118949,0.18157701650197516,0.182227537600676
0.09833482721985622,0.012167486291377542,0.1272148865569946,0.2257628887277885,0.054046118215346994,0.051916774951334205,0.06761239493006502,0.05243753123610274,0.23040080925236753,0.08010628261876672
0.07815542315382777,0.006566922185877904,0.13408520844844138,0.11463661421698185,0.07869915201269,0.07247054529581208,0.13088159468557067,0.14189600161597932,0.11116690394759664,0.13144163443722248
0.045863494367609316,0.10651186090459697,0.14751826564509024,0.18565697269483786,0.03653715877760289,0.011399362527305276,0.13123180238086748,0.12390229161389395,0.16517772007050813,0.046201071017687875
0.1125548939593084,0.1935219317462629,0.018914593475429644,0.12040785742950631,0.0677892650823242,0.16216408586969458,0.023689676432673102,0.09056425174415514,0.11787014259555872,0.09252330166508693
0.10175159491132131,0.05145020757135668,0.0548357416310496,0.21315417864494704,0.0037862373735945212,0.07958790212235546,0.1899414996972681,0.10233493631239461,0.03770973170024178,0.16544797003547104
0.051339694857336284,0.0977877481480807,0.004840339520989738,0.14128179843100497,0.12230177450622058,0.10627043094285073,0.13155766937483335,0.13939165786893906,0.11549034403269012,0.08973854231705441
0.09681002545967635,0.14693989944142488,0.04066015390085438,0.18553984301829307,0.02052684584088098,0.1830419239045226,0.19513209514625265,0.0001423106705292098,0.05994366747235398,0.07126323514521168
0.024205042192435987,0.09631318056347364,0.12783821797364212,0.03308688688479744,0.20353286196966588,0.11578443613870179,0.043036944315864294,0.022605935890218625,0.20125070295487307,0.13234579111632697
0.012496420695584645,0.06024277837773074,0.11509082951932517,0.15013078338616637,0.15494349376072056,0.11814387273120101,0.13519119931705478,0.09719445736443134,0.15570422487836272,0.0008619399694225022
0.11089500906951259,0.16835856414138842,0.08511509871263405,0.16968380838432542,0.0669791918709928,0.0571159597001085,0.10852569407918136,0.007509818848475327,0.11395035275037244,0.11186650244300894
0.16866215131959467,0.06953676052292662,0.12196702766361206,0.06562954054030791,0.13671054371110217,0.1497962115534715,0.15618351787338883,0.012281992129887329,0.02842599822421884,0.09080625646148982
0.10921998464474271,0.014973392767837186,0.19108604488779837,0.09246295691094124,0.19278807619763766,0.04159838127483275,0.028954753076924213,0.05517565387622933,0.08811029708351761,0.18563045927953892
0.008291113835019024,0.08613971214238218,0.1542415048420521,0.06279672778368209,0.042856459277116184,0.15245345727358733,0.0743761602153256,0.07928564328280051,0.14206325887463972,0.19749596247339524
0.058856713920211336,0.1568981851745017,0.10232602456813658,0.14653242919804985,0.10913650301600823,0.060058250960893546,0.08281210408320828,0.018544162515048368,0.020860248329490846,0.24397537823445137
0.14324850196822136,0.08880417103883452,0.12096681836237566,0.14171412907503564,0.027916238362674733,0.12999837639608147,0.162147345428889,0.06075930873483778,0.032844988650719796,0.0916001219823302
0.1956379460351173,0.025271093877452046,0.16746101996204743,0.09032055889366467,0.17851949533409261,0.05401938064555491,0.034953152227955114,0.017901099755407997,0.03148657651848928,0.20442967675021864
0.12906774043136934,0.12458051189568943,0.18698733547590393,9.647708962228227e-05,0.03339037787457831,0.030752897173018136,0.09426066432383276,0.09189848799761499,0.13612732882488904,0.17283817891348166
0.22645111207240093,0.07468879759682469,0.10591505461316546,0.20981181730457035,0.1617526357078136,0.11921076755066451,0.01717074799661,0.012577910382628323,0.003956526466832949,0.06846463030848919
0.14670330651118202,0.082706420940189,0.14561789710582257,0.19068361218107868,0.12339366083985748,0.0564272378079019,0.1586926370778998,0.08350941635806264,0.001163866485014459,0.011101944692991401
0.146661180456969,0.003255181760350177,0.14720900741212833,0.10547498533665939,0.1963376984444538,0.007811522679796862,0.037495184540600135,0.18573618543868697,0.1608708356617034,0.009148218268651883
0.027837858808379468,0.060897598948835424,0.09992094421634914,0.18725456812313684,0.12222695321933309,0.053097348194459666,0.07907006985628329,0.10065144833054614,0.10140573459013451,0.1676374757125424
0.16551911571051506,0.16872163437638577,0.12331232101624391,0.07382263968339813,0.033161572039575364,0.2107183862420407,0.0435055702999727,0.024457434354084186,0.11047462137932934,0.046306704898454835
0.12057320829275749,0.17061788553569665,0.04756180455734357,0.18307851180371462,0.11733282613843554,0.053805252801191895,0.13315649815134983,0.018556339753954838,0.08055008573237601,0.07476758723317946
0.033228958489354185,0.028834519687169782,0.058569048770755916,0.14196500678257296,0.09282078721719642,0.2035788844289789,0.07672955486649745,0.10425124896919426,0.2309156483338464,0.029106342454433668
0.01264516910832502,0.09194807479738124,0.2237061346701678,0.16200641501208826,0.04681282985744249,0.08489401868062377,0.1615883018504564,0.019241873312018428,0.0015032950565548378,0.1956538876549418
0.010131698364680076,0.2206846881473359,0.13950588077692297,0.2418385087868915,0.05087968002330984,0.08783087077856432,0.12169308027638291,0.02639208165279106,0.08825245207131434,0.012791059121806973
0.09776090366579104,0.10581032931693299,0.03281031349886252,0.16869549754579102,0.13684554265258178,0.10476840152751993,0.10033898862675618,0.16905973334912514,0.023707851315330247,0.060202438501309186
0.20501763871408968,0.031398428326062156,0.13968444868779054,0.166369312211827,0.12084612101079144,0.14650911848323941,0.02222591090910701,0.00798825983511244,0.01024123943749045,0.14971952238449
0.059743925742502334,0.19064681018137256,0.031884334762249104,0.07521743257995377,0.004420793018359164,0.10001625965579566,0.1322748201208307,0.0806049831548526,0.15276390340490464,0.17242673737917952
0.08215081126280646,0.07991563857724591,0.07689889856333296,0.018553459004822623,0.12018104736096899,0.14207267901801332,0.15863940216281083,0.13757015279615817,0.10851363105679329,0.07550428019704757
0.018386531894780102,0.08351681209550513,0.08395753277481902,0.18717896886520285,0.20720442291006094,0.028039175534473628,0.17293806111729831,0.026178404537738835,0.03208696151155977,0.1605131287585615
0.07956820180857173,0.07437920992444819,0.011438839543231862,0.15291223493433512,0.020606901687650066,0.06057463919309554,0.16501094206339986,0.19733281877894118,0.22838011025849003,0.00979610180783651
0.15408104636200193,0.014945731296889938,0.10094106530942248,0.1588621758669281,0.09858321356229474,0.15700706778578452,0.1350209954295316,0.056117210293399424,0.08769160796719203,0.03674988612655514
0.09827926103149613,0.036187865076428266,0.008748494057527693,0.03584387631805003,0.19741759670528242,0.2116832221000629,0.022196221494114148,0.17337625877356747,0.038577546987838524,0.1776896574556323
0.008044982080369844,0.019092241839999663,0.17876653801808431,0.10096298950811392,0.0292386108375769,0.09525169227132059,0.04504852883233973,0.20593784267683596,0.12764676771891323,0.19000980621644595
0.08539682206541023,0.07045394288396696,0.1489844042591586,0.16040019601436312,0.11892540010149702,0.10045836269816506,0.09499715884179892,0.019157585017653935,0.0731595176481455,0.12806661046984072
0.06435420826667873,0.005385710519775613,0.12091936547170988,0.1436299739537764,0.17403495967862972,0.09654515869120033,0.156559829209543,0.0539688912996017,0.1489445795804995,0.035657323328585
0.038824092871935056,0.056924381985500344,0.08273837344029843,0.28991199509356774,0.029385916580174785,0.052004569527641244,0.08257111836748117,0.2679726930295504,0.0858810537263279,0.013785805377522872
0.10638783966834833,0.10577305721828571,0.01345124737221552,0.024422449560926277,0.06994344872403836,0.07990973901751058,0.18424462829569482,0.19797639704638847,0.03400259164680932,0.18388860144978253
0.08292086079564513,0.05294377696529827,0.12327144802287632,0.19228498945412453,0.07112086403417667,0.21279776333764303,0.06628856143288585,0.16151549659062062,0.034598861684490535,0.002257377682239012
0.17826420447505054,0.09889234066780805,0.057449222744162004,0.09182522613481318,0.09272569358035875,0.14089714939755546,0.0663515256088415,0.03226830381747121,0.1125606516039654,0.12876568196997393
0.14628420682877755,0.0054428226261165604,0.1467349240479387,0.037061561156886316,0.15939511387782046,0.07120272379788736,0.1653848469325338,0.017835372449557543,0.12734255612752152,0.12331587215496022
0.11341115742676781,0.12111313568274397,0.1324938418102688,0.03132309075316063,0.1431094661644493,0.0401145802570884,0.10412135865083479,0.11406386418494804,0.13513617131164837,0.06511333375808974
0.1337297648437848,0.06696915896230281,0.07757217473797634,0.04870076677117426,0.08506042000585066,0.131790174000776,0.13198140631715433,0.04268803943931253,0.1314564916976751,0.1500516032239931
0.10945868566478813,0.09067744110070491,0.16549481019695883,0.03144398724787197,0.07161187583740691,0.05890251632877973,0.07331264795868703,0.13950723657762593,0.09210295564819007,0.1674878434389864
0.005772579790030779,0.07315791135957721,0.019221294215739284,0.11213470690254061,0.04007289676767212,0.24631376508340513,0.22132368080050024,0.01781907953225332,0.09389946265094598,0.1702846228973354
0.1528914130979429,0.06205429720859629,0.13490068812285966,0.1381327958192289,0.03596074896809409,0.03492679140509202,0.1499415684240628,0.1246775140600325,0.15720754363270645,0.009306639261384418
0.10481200279111495,0.057879054058824674,0.19471870260737942,0.11839819387595434,0.033625706917954336,0.07402548100871845,0.15084404217244518,0.07980189835502599,0.12647328793564336,0.059421630276939384
0.055305760022714534,0.21982341476901837,0.022337063927885203,0.02754972653488565,0.0637304435135254,0.13227483981000804,0.15069429189178798,0.012555299602066604,0.11923925872021089,0.19648990120789717
0.1722678164622833,0.06581881684679308,0.00290890273609943,0.10746318810564975,0.16971223110369976,0.12376953596548258,0.06974506868514188,0.012964476006887379,0.24407734013043098,0.03127262395753173
0.04362757098796113,0.14188400281508246,0.13704703848007915,0.0804235291224699,0.09171884394361215,0.16229444816706454,0.11196823688948937,0.01804657726698902,0.09583557806047595,0.11715417426677649
0.17776078768387435,0.05761643370372913,0.0875430521177081,0.175337933477252,0.1738928548920027,0.1828714697702421,0.058941679397405244,0.00875648807556034,0.040591222685591816,0.03668807819663434
0.08350830524573466,0.2134961347716928,0.04163216893549929,0.00862348729124962,0.045722151474843126,0.1206941867776904,0.14814991304946923,0.1821732426025037,0.014047314611542468,0.14195309523977478
0.12375675571258636,0.11051513536619778,0.16041074986059728,0.1519623445130963,0.08477224636472588,0.004865767236340053,0.11101823468076666,0.16088459703272068,0.02269638474337772,0.06911778448959138
0.08658059954013395,0.0628278158408124,0.03162750703985096,0.15418487487584842,0.018641672309061875,0.15379050196129349,0.13810121073935314,0.09880425004207732,0.14634103124782663,0.10910053640374182
0.1593175550458273,0.1575614286686852,0.058976652043610925,0.12011630438206211,0.016999070984442196,0.15113323396131717,0.054794313833265614,0.12312548302830399,0.09251937179640922,0.06545658625607634
0.06438548704535754,0.10066942255415857,0.048425168307786225,0.05813214422918847,0.15500996429225058,0.06519974368214174,0.17703156852142476,0.1520085095302474,0.1301822995850956,0.04895569225234901
0.16057538303949012,0.16139228370880915,0.09188940587338869,0.07374498719882455,0.11295267902056837,0.17433124354488524,0.15857179484676545,0.04383060267294461,0.011792057036280463,0.010919563058043365
0.12118190458537856,0.06924648927290576,0.14721972414377874,0.0669656905670132,0.05366385890897985,0.1263916581521178,0.1392247463457924,0.0792087619637965,0.09590084730405751,0.1009963187561797
0.12303898687472074,0.1572073371098603,0.12404727827536223,0.1268187043902802,0.10374410860525264,0.02620089426950389,0.07595499343001028,0.07451129863656478,0.018822171753593398,0.16965422665485153
0.03903025006801392,0.1251366180702499,0.012885496202459434,0.01621520308895579,0.0983519135271761,0.11105236274331219,0.11166392741307767,0.16832072668378756,0.18525525175304883,0.13208825044991857
0.10482731250919458,0.16744235742079214,0.00551118435570854,0.07248716116721944,0.003160305303633515,0.09863363461498227,0.17956700724982713,0.18270175355618418,0.12515609262695493,0.06051319119550305
0.12625846750798186,0.0941998062937396,0.011475428275182279,0.13166896739968537,0.2452342835715178,0.0276790342933482,0.08108970701182984,0.006963613337170815,0.1752061560416403,0.1002245362679039
0.051106297032789606,0.03718319370379846,0.14715983183737052,0.1489931117821347,0.11777744629685191,0.006269579947281141,0.12807232838671018,0.15781151382482822,0.09093960778948207,0.11468708939875318
0.18314441258281194,0.05567262602642427,0.04614406351334485,0.028216202858304753,0.004128069928716262,0.04555347429075984,0.27103007793141176,0.177492761583034,0.0050585984282466275,0.18355971285694556
0.17636982328497613,0.20401570752690387,0.03794711311029327,0.11598620100177263,0.0003288623011613859,0.12409151301746568,0.09219223509235254,0.0008361797915790672,0.09705848000990845,0.15117388486358693
0.14377738611885285,0.07600376769196598,0.10321568148829596,0.07672240711430132,0.015202143807311413,0.16169318274302433,0.11482033409986124,0.09126502405135166,0.11891569757491607,0.09838437531011905
0.16369293550770206,0.0014138482395085578,0.08331744948060654,0.031596283932633085,0.14424670484369584,0.05447746006260778,0.14972456630677716,0.06555371162343117,0.1251083590971654,0.18086868090587233
0.16465234366117748,0.049446629754751927,0.16841044867826277,0.07872389443226817,0.11461291891301367,0.18609743040481108,0.006954027726626514,0.06929445871857304,0.14268807371462003,0.01911977399589535
0.035347126054551745,0.16170051215806516,0.0008908274557276078,0.09144620457595892,0.15036289774504963,0.1543620458408907,0.022451547886928696,0.032742102035517626,0.16741492391856475,0.18328181232874524
0.14087388743469176,0.17922386752106503,0.12763308975916954,0.020122979128312412,0.032460770974840375,0.10622679228935054,0.09688968942301512,0.07008145842722603,0.1139638211440411,0.11252364389828794
0.17408562568995423,0.1473191738594608,0.08187934772773793,0.10362850436730218,0.15721479722637094,0.006523443782352937,0.0585865382404805,0.19468551223574684,0.008961393896271704,0.06711566297432181
