i = 0,i = 1,i = 2,i = 3,i = 4,i = 5,i = 6,i = 7,i = 8,i = 9
0.04690658871854914,0.18927881632781038,0.0043044671186162065,0.1720526304454647,0.01088481321872355,0.06513335213027356,0.06122430179457601,0.1896443188181944,0.10744151943244099,0.1531291919953511
0.09463261237246325,0.18013783314245588,0.14182542617667004,0.007801233216833079,0.09887888496350593,0.09126050040670762,0.011679629270255143,0.1662658359447187,0.03198727065164929,0.17553077385474103
0.027309295384846336,0.17618077265246362,0.13825126636101376,0.12943751464187683,0.12591631416794233,0.19611359135734366,0.03478412973464975,0.021609497575473983,0.03676603522851013,0.11363158289587964
0.17997487395158873,0.0037940556137748232,0.0868338927676582,0.1698227160567865,0.15874575936342306,0.14994234058602343,0.08854626875869716,0.02474258051589982,0.0010408214739027301,0.13655669091224565
0.14814772856805403,0.0006385909827221033,0.0822686276427766,0.009761092668646875,0.102328250439223,0.14772310497408042,0.1558306318468901,0.09417223992406297,0.17347080735007678,0.08565892560346708
0.03494318973918955,0.04757675537950785,0.08740136616578134,0.16613580371910217,0.1473823464405721,0.021973009803033034,0.15259023865629154,0.14253019788009738,0.029016227967572198,0.17045086424885278
0.15727866049396247,0.0266463184855037,0.018587604782952846,0.17804764647199148,0.18732234473306147,0.02225978939294412,0.1173344474507296,0.15360552329354552,0.1169123998321925,0.02200526506311637
0.021786358694463166,0.23682603010392156,0.029421780271820196,0.11476271254151085,0.06314823450649544,0.05411812147883451,0.14064032207346241,0.01455418183046259,0.1307520315678474,0.19399022693118192
0.029405487124380413,0.041352350447043204,0.054439117448442056,0.12566471085202127,0.039918577360645066,0.2048304272286498,0.23037364626893725,0.21822796799417576,0.024802299898870304,0.03098541537683481
0.015644059113992928,0.17102981487561755,0.08846481023581061,0.16881154816921184,0.046972429372648145,0.08865331233762805,0.0635881019456091,0.1530468134802145,0.14379171179897413,0.0599973986702932
0.12855800952779517,0.03091396648398855,0.22970846920259078,0.021419925237835116,0.08042407387870257,0.08053700130270353,0.22383938782819784,0.066367709244378,0.02767478469919496,0.11055667259461348
0.14415814201045515,0.10132056899826582,0.180738391681249,0.07355655124713459,0.036856253009193554,0.16759886162432383,0.05233878142176112,0.0008707270950558772,0.09091991302647046,0.15164180988609052
0.1775951631581858,0.06286030875939426,0.07102900935718119,0.17126263486806614,0.14384176341488847,0.0960790320716648,0.05142353831150872,0.10719108819907773,0.08642324655478272,0.032294215305250264
0.29073151283653903,0.06630290168230478,0.16153529599209884,0.058785505785480266,0.002755282704353779,0.0008586850701775631,0.1517273069104108,0.04006441550134904,0.16138797465922522,0.06585111885806054
0.15240597997389985,0.08532773205331215,0.08696648954052057,0.05209139887215428,0.14955535524448738,0.04701768202148418,0.11262090477285475,0.13870947969783504,0.047654462486451735,0.12765051533700003
0.10000374992398832,0.10913768492496284,0.07847099829969813,0.15871072864830482,0.09005490285348372,0.14355819978904102,0.09971581870195233,0.16971151445876692,0.030140848347586652,0.02049555405221515
0.12876614873097994,0.08392074538901641,0.09510366616060353,0.14472381613351595,0.10038867988043687,0.13754489180104004,0.017589455838705078,0.09834813943126011,0.06652099225236897,0.12709346438207295
0.09716021546932585,0.09294405234992276,0.04864149178558217,0.06226951585966667,0.00995608120051069,0.1868731100706657,0.16520752266575406,0.022730878475517278,0.17535930148179682,0.13885783064125803
0.13835278945839447,0.05432054914405797,0.002411262700546816,0.09379201115980736,0.05555960785187397,0.1366064050051419,0.1436124527033614,0.14711635005631352,0.11009041376727631,0.11813815815322622
0.07735851329808507,0.061878284422459004,0.15106872195586402,0.12445805031132619,0.07501958034725593,0.08479981998095949,0.13527473301522694,0.009256931215233787,0.16208688140391805,0.1187984840496715
0.08892603651381994,0.140750105765743,0.14329944488155905,0.09561782408280248,0.1488758877343423,0.018857721797427368,0.04451261159309826,0.05493002382770853,0.17970158573575543,0.08452875806774368
0.0008315008287585883,0.01664011336046877,0.06786105970527725,0.03610901772855805,0.15343155995484595,0.15104109981224126,0.14072984971027314,0.13476959966138707,0.16569963274923463,0.13288656648895514
0.22430080908006994,0.021344847342938802,0.11664060849125589,0.0016581690831049905,0.021603784154349673,0.10912947686418543,0.10838274674067301,0.08006460746947942,0.1867579479335879,0.13011700284035493
0.1672705587438213,0.09582884765454625,0.11933186259339527,0.19266545618396566,0.07452456115224551,0.029529422800048406,0.01919214933062205,0.10661983835276947,0.09895671124041572,0.0960805919481703
0.12527014509212298,0.04951616288719387,0.05361666205197299,0.011304617849763898,0.1825366740758162,0.11868499426452928,0.11592073305809088,0.13947272301191682,0.0920843320454857,0.1115929556631074
0.03014365724919969,0.20440130310251095,0.19315817408676997,0.005290005172416636,0.1410163509631922,0.009318791891191792,0.04034900562460582,0.14315918479986145,0.09540101804830041,0.13776250906195103
0.12553509143387664,0.1234195059163145,0.18291753861206447,0.10633219745828705,0.16158730014052838,0.015456483797381017,0.04120361163948347,0.16168939949193936,0.003468239452234865,0.07839063205789025
0.17176998856829837,0.1110940343040567,0.11306249113138139,0.15943019132419758,0.16736308321148333,0.013633988475235398,0.03417684237571522,0.005023299881366846,0.058762784170804154,0.16568329655746114
0.12853172725561127,0.08176354971969307,0.11488112275790448,0.10191733783374153,0.013870829262244333,0.0884071194287021,0.15862621092023085,0.10022539833878973,0.05271097288922256,0.15906573159386
0.22014947723519995,0.03004436203599572,0.2041754508211296,0.21370753193064712,0.1740044029084796,0.018962301591352298,0.058660596552355705,0.054963867110658024,0.012117383201905448,0.013214626612276684
0.17214521187616014,0.12208959283885748,0.08222502409443581,0.07855285354377839,0.02867024426669358,0.14228157788805357,0.14986146914425924,0.049549976394124264,0.17123870639117858,0.0033853435624589426
0.13693924447450173,0.06633822646091517,0.13062011287738598,0.08151770490549447,0.13529313102523327,0.14716520966444768,0.12670496598260658,0.10905336975017188,0.043005143539375235,0.023362891319867823
0.22736806366636675,0.0483432158447529,0.033244489372386214,0.14283030441508546,0.10067522532400598,0.01547468754045049,0.025389004634797176,0.19618186232392723,0.0945704105189019,0.11592273635932603
0.12333634754649746,0.1792586715820821,0.1657784877323746,0.06696388038531775,0.12841447277024326,0.05662113386049864,0.026666315492967257,0.08082441246468108,0.14710230247414982,0.02503397569118813
0.1266395056035825,0.16268024275083348,0.018344307597980645,0.00011720072058680351,0.14918612753596683,0.16915666801575957,0.04052875258354113,0.071412906291057,0.1338267406528283,0.12810754824786366
0.09724969437586152,0.13643557469519435,0.10012383434375986,0.13358260342194778,0.10130751235968313,0.050408244776210025,0.0678666058584597,0.028477048780158835,0.1840867428312914,0.10046213855743348
0.07113130286669561,0.18166696382139655,0.1691556741765009,0.045313503857886336,0.14098836837449932,0.17814751114619984,0.059878994948612416,0.01426224734622749,0.07382725422067454,0.06562817924130705
0.03965999539106637,0.10127582495939899,0.12432135303362982,0.0481907074683162,0.08600751793525768,0.19292609316602305,0.1787708329670792,0.002201320661594693,0.07393048101508376,0.15271587340255038
0.1150375786448211,0.13629839696331958,0.17052187446680506,0.19922508709020242,0.037410643157463376,0.08463683802102452,0.008709831159774311,0.12956504666471197,0.01801030701952234,0.10058439681235531
0.18235487043550602,0.04423740707069467,0.07742422366132984,0.08764867814209733,0.04678286396586314,0.08344754756717429,0.022412703368307942,0.0941483529823809,0.20157988987956876,0.15996346292707717
0.015861154647256084,0.09709380326441872,0.08028155723861759,0.21476991761672973,0.05887840345662975,0.11562450102957567,0.19813941019399942,0.15209018102261093,0.007536803952319233,0.059724267577843056
0.10996237218118003,0.0959734410281576,0.09217017704046435,0.1792766146586454,0.08916325071401521,0.08534601473482119,0.11638033599458132,0.07007540441320458,0.04640966698179156,0.1152427222531388
0.1191398719106895,0.06063410413174915,0.13211626776920452,0.09348260171390445,0.10150432245871861,0.1268630584141993,0.07813868756220227,0.03944429962239719,0.14686715721558466,0.10180962920135032
0.029938951834734957,0.1337364655758141,0.1475917268160118,0.15245875778233053,0.1421663789444418,0.05609919251190848,0.13784942269192302,0.13792486098369536,0.05110405361330147,0.011130189245838364
0.12649395094833732,0.11363288055972448,0.1429960364831589,0.1598711924756192,0.10587937943762585,0.01739468248748544,0.029187305042820043,0.06311052952087165,0.043725008098991706,0.19770903494536546
0.04951319760436944,0.0894511608605391,0.12772450477555206,0.08742415637424618,0.11954924336264712,0.009652831752162137,0.017583795609564145,0.27001625315498295,0.19911087450484222,0.02997398200109475
0.12806444758579563,0.023227496222371642,0.1529979734753826,0.062097265590281295,0.17115403906817447,0.15776498327760888,0.17212616858403232,0.08086512948672288,0.04581964661795065,0.0058828500916794915
0.024359646767713895,0.18410686334608728,0.05035050498287823,0.16602869842290624,0.19241958488950758,0.042151867626600906,0.024539273198439907,0.06285110208152962,0.20564153948012617,0.04755091920421041
0.05420961250368679,0.21734426515117186,0.04325571275806926,0.07634850079233817,0.02270640839214403,0.07359569728677154,0.182824705888002,0.024697343349184123,0.20202941811605263,0.10298833576257964
0.1295524357325408,0.13762775393672852,0.1780807689352981,0.03177413646114983,0.050140956368096186,0.14318572086720086,0.02764399138862548,0.0744555782322112,0.09844846203331464,0.12909019604483438
0.07990649569554344,0.19251937408990452,0.13325918757761376,0.16000919044519277,0.07404243553469952,0.005615241934098145,0.10346893110521095,0.12386818674307531,0.10672352746336604,0.02058742941129541
0.18983282281249828,0.1303454614725968,0.14989674953675045,0.043037713186611745,0.03421464231534845,0.0755409020652466,0.06845639894566041,0.17355361490622584,0.0875869981626669,0.047534696596394616
0.05747884217223757,0.10675564269553019,0.1290274620499496,0.04500202892095629,0.027402794056733352,0.22762556924424682,0.02498915738163276,0.21071737562056936,0.1289151982240501,0.04208592963409383
0.16995489345573128,0.08447189162327566,0.09053787785420296,0.09926454007741395,0.04047701089286796,0.1500749568806556,0.06134562034916441,0.1481054984292507,0.051171205996158424,0.10459650444127927
0.15005952347010945,0.12192606173265647,0.1329305158194727,0.10976692483496353,0.03138286924515265,0.19296523669199891,0.025335696602752995,0.011999132710664991,0.17182321641669773,0.05181082247553061
0.1641350995586932,0.008683717056791837,0.10579408252524422,0.1561983891049101,0.12795175735718034,0.12882958661459162,0.05353311329603139,0.09393768967503707,0.13631090812692087,0.02462565668459922
0.09979378641073933,0.11152607964328849,0.10463967549798113,0.05439660260257104,0.19624153229624983,0.12196759527554588,0.11933008061628914,0.002528989774194576,0.13246968241509877,0.057105975468041796
0.12718716045891304,0.14573586677373396,0.1344968000363338,0.06379708038842517,0.0010228578536804278,0.056623276601101453,0.14152807051549282,0.07096357038144649,0.15367808351872558,0.1049672334721473
0.15664782049138357,0.14441143951952717,0.11769819958719473,0.14212456101409546,0.033280572347870435,0.06520935413636914,0.06952407248365265,0.09389540661307051,0.10072462585537975,0.07648394795145648
0.020806426008343103,0.13626018462819028,0.16070909181701884,0.0027493975687593007,0.03047488368306936,0.17762289565574566,0.1631649932936538,0.10677754179453215,0.1602956203626785,0.04113896518800908
0.09746664196403297,0.012979501297346253,0.1685023310261124,0.15724161656795063,0.0751451881489984,0.09876068047266555,0.1479551301648129,0.15739730497896232,0.0019945822172914027,0.08255702316182711
0.11361981332833748,0.17685608033143632,0.10290913016463256,0.10983142854298113,0.06741483552846514,0.0017029823804591143,0.038520825376927796,0.18183684318912974,0.03364385390832074,0.17366420724930995
0.05192004332024437,0.13432994027568676,0.13826057757151297,0.02372799080250727,0.12264089168640308,0.12108559511529657,0.09111189822068111,0.11376778580098282,0.1120840018508563,0.09107127535582867
0.17108846082444465,0.14138334135384625,0.1227838063943395,0.05388410689065929,0.07449081729332876,0.10353504985923383,0.012232494126516261,0.10589251142774792,0.16734687062983775,0.047362541200045766
0.03198466019864902,0.11536852362285126,0.13811391801054543,0.15932489081255247,0.09893241302958378,0.06903673107821899,0.07528958429827873,0.13953304070999126,0.1540710329932909,0.018345205246038273
0.14136884008602135,0.11649452609551862,0.028954686559774137,0.08022509634916355,0.09037639576249372,0.01922889979125191,0.17193918878876885,0.17896866783779974,0.05614826219889719,0.11629543653031102
0.10903974457092086,0.06948946996687552,0.046424499459825234,0.0899947122652318,0.08158945106281376,0.11172670897932288,0.07111827004790996,0.17510179186290234,0.2317535805768695,0.013761771207328194
0.11456358840191706,0.07274534247549162,0.14940889885148337,0.014356724761150212,0.1366358993676546,0.05925095777094382,0.15673545347477955,0.044793857087237945,0.15936224994893755,0.0921470278604043
0.06457471180305818,0.06493238235466046,0.1109399822931233,0.14131133974111945,0.17893621128372939,0.008850799536103933,0.07927622089205422,0.15729893370803846,0.1159659930156223,0.0779134253724904
0.015478258827783168,0.09237327881060668,0.08321746772910397,0.18081721172771914,0.018002731401724578,0.07596756133866234,0.13563663661629916,0.14368013701659735,0.1784370236572658,0.07638969287423795
0.15814403623908688,0.200687500613202,0.0842225674593062,0.08845976674147667,0.03389822557720532,0.026183005583247893,0.1819317999986935,0.08518742697777795,0.08943881617528272,0.051846854634720885
0.021160007478363142,0.04196948046217374,0.06596363030256942,0.18335976134732515,0.07586727619951458,0.01666395540414215,0.1773955065200953,0.20302964648987937,0.20987989771706994,0.004710838078867102
0.13281722088440617,0.133877412338645,0.014939710822049325,0.08118650990962197,0.04949835127212457,0.07897380749209626,0.14959271157908863,0.11057844871015936,0.12533178504402742,0.12320404194778134
0.0836158340155685,0.1614932615088958,0.11055226347904035,0.11830946972008177,0.031176314200490916,0.13037045812301884,0.0532600183630315,0.18234131806054257,0.08079536751621354,0.04808569501311613
0.10548812438750942,0.06612967174236006,0.030751147958969872,0.1636318886885598,0.17600667171538584,0.0773075034563162,0.032173939230041505,0.16386065748937662,0.09971670809039081,0.08493368724108996
0.19086925285428585,0.027107133174826013,0.13401716691693694,0.21065252158745473,0.0834255875130352,0.045418515855728786,0.04564120267012034,0.03542401878361004,0.03988599753040344,0.18755860311359873
0.08099343190782583,0.0965143843871954,0.22024586287328274,0.12526376745350465,0.0244563383488226,0.02653103716749592,0.19548373059424295,0.11661087447485746,0.03301387837534747,0.08088669441742502
0.0004934158481879177,0.06529371753832523,0.03313385479485778,0.15852200387732443,0.1634052658666248,0.15123037985999602,0.16144519274325095,0.10981535147886298,0.048974508171037545,0.10768630982153246
0.07961558738770283,0.018518065059930977,0.02274561844854257,0.14793114776131647,0.1809867652254122,0.10823941306690203,0.0375645427529676,0.15578517268471745,0.16773166345791868,0.08088202415458917
0.16132368013586273,0.1271368789055321,0.07221260745767744,0.011851085100173672,0.12359836903197984,0.04482661709827732,0.10378215431042098,0.06491851577333929,0.16809452560517935,0.12225556658155731
0.05810703409312028,0.14654920439102573,0.019570079148942415,0.08115335289451224,0.029657765393833135,0.034876266361260316,0.17693826839804408,0.1633038417144232,0.11866857418215367,0.1711756134226849
0.13523113173416024,0.06606318738106666,0.13339084363135767,0.1519436849008774,0.062391474671892475,0.12880928937288053,0.06065164460013554,0.17231321818075207,0.08885404411449759,0.000351481412379793
0.2618223424191439,0.013324359829637646,0.007606929244492571,0.07467095373500054,0.010015610232790215,0.1320425126998705,0.05006408465453501,0.09661093670780468,0.095383236074876,0.2584590344018487
0.08704579742112717,0.01892492248811156,0.010487109156404564,0.18087073194425188,0.1638869302171544,0.0281215610616595,0.10816595505950738,0.18003085714207256,0.08963645254911204,0.132829682960599
0.1578560347115699,0.10048667098679193,0.07265273941896853,0.052892757896248595,0.09950195818333622,0.10517890128788056,0.1141747226679525,0.037386892943019424,0.1250296621544871,0.1348396597497451
0.06021083950971409,0.09603726242320669,0.21981202643856873,0.09730775379839027,0.12796270311380656,0.1812035195658252,0.13610222824859664,0.05377716763192333,0.02334245978575404,0.004244039484214417
0.1414883293581755,0.20635856259472068,0.09869003604109855,0.1060290832240049,0.008130817572473737,0.09836293211973729,0.07468209320150762,0.1343521531596245,0.02413782239896855,0.10776817032968865
0.08726469758797967,0.008194959290177082,0.11474370213497852,0.08464607405973278,0.05550645601316842,0.15449908714554345,0.13460232778137357,0.08125581147783344,0.13934496773542945,0.1399419167737837
0.06564972022529357,0.0760902490809593,0.13481162283695938,0.027573967095078256,0.1802551935286706,0.027813995167045382,0.14155198785140766,0.18861644999229146,0.0074239424028691835,0.15021287181942516
0.2348743873200326,0.00457076130028604,0.1279788192303041,0.31772097195940613,0.02620058020658598,0.04078960164747246,0.15015912676670087,0.00013829118318641316,0.08163480504475934,0.015932655341266023
0.14413299000917318,0.051481553362556026,0.15858982218058992,0.14823672549460726,0.07710032082826636,0.13558914339691897,0.12071777228609103,0.018175469613732412,0.1260286021518323,0.01994760067623263
0.028488129045533297,0.1145471039766193,0.11763388744116202,0.10251044891302107,0.17899916154263817,0.06585315996916044,0.12122452337346906,0.11763455923121041,0.05062305982538628,0.10248596668180004
0.11440473537911813,0.05103612733398696,0.12350561858080332,0.03439428650903645,0.08238023882844571,0.16867177918975446,0.0441928099633573,0.10480545213060997,0.12726026837432772,0.14934868371055998
0.08595672838905036,0.036813798242853954,0.023394427846058084,0.06508611758767488,0.1842151694704696,0.02525233466267834,0.187312376253919,0.16177647404975765,0.13810183291835673,0.09209074057918161
0.18146055893434543,0.0672845401454838,0.1774116147422579,0.059835874579726514,0.17596028180871126,0.030347089883162204,0.0477689741450682,0.1485736855494598,0.04844468747782397,0.06291269273396108
0.128892302493704,0.10854720949278317,0.1203085074848183,0.00704217620829118,0.13404579641944664,0.08027285023243357,0.11940257646559131,0.06829051248875641,0.14073055828629516,0.09246751042788014
0.17617915103356221,0.14000222864041834,0.03982692544232508,0.1015830325538592,0.1621008684623597,0.16373832494608398,0.03708528755375135,0.11354289115718255,0.005246598049649355,0.060694692160808035
0.16720253023358259,0.03695241016747655,0.1032361050570571,0.06730657554583303,0.10077070763606528,0.1381742606139732,0.11649811956053913,0.025094590952151736,0.13438878734493478,0.11037591288838648
0.07130244391118379,0.053980046434749025,0.1540407734182879,0.1626551195604456,0.0383219899923096,0.09555871881750799,0.0778548648931219,0.13435446339746066,0.08887109179620215,0.12306048777873134
0.08178930044900283,0.09577853079789066,0.08283451835901103,0.09608529862767827,0.06759988444215695,0.16781213866184125,0.16620804798806713,0.11201197551365674,0.002665584582530467,0.1272147205781647
0.1811040276459343,0.017433055758175386,0.14460630526421034,0.17422815223301877,0.0788399151536404,0.01208586540509301,0.06917563031333118,0.07950349212893106,0.14715141680197869,0.09587213929568672
0.20101210893749094,0.07072643297709577,0.11919988413509024,0.21195437942724674,0.1561729984989777,0.0039613281087375616,0.027888516501882822,0.06527564899031232,0.07371841652576819,0.07009028589739777
0.03730739474934185,0.07336124298007951,0.03554416090569304,0.07695804652510149,0.1538824789528364,0.1661697014550956,0.19380405260593744,0.2156451920557093,0.036332229415586025,0.01099550035461923
0.10135770579071976,0.12396105957599639,0.04958221642843816,0.0964099438776531,0.11645095716168498,0.046048761949608205,0.114938397629606,0.09774028642724485,0.11900959238332975,0.13450107877571893
0.04044214467761659,0.2231632620496578,0.05259959217921251,0.06965320650363921,0.054101015231569106,0.17744929971849074,0.12672093320320443,0.17164962871036213,0.003551218474205516,0.08066969925204198
0.18963581865664167,0.19764022050955282,0.09123222660885731,0.043497466881052056,0.04130321968831381,0.03541432344209638,0.03791239959715438,0.20430618964111671,0.0611977929111899,0.09786034206402493
0.07119045810207154,0.03864812691689369,0.10869767213737785,0.027194199465587435,0.1470988172049995,0.13662206765660007,0.11467313986367718,0.14506600567475095,0.12482534818825544,0.08598416478978627
0.19192313121454155,0.047121453168480675,0.06909247671799125,0.09139942431464777,0.08679188078096943,0.13200568091184947,0.1277168172429155,0.08848302776753317,0.07683146650219251,0.08863464137887862
0.025237317439969972,0.09818271059530828,0.15016053664292214,0.10478476897650864,0.09655258324822102,0.16786906130548948,0.07648579086770037,0.0087947109766152,0.10079275455337396,0.17113976539389103
0.10056533480832104,0.146144819853202,0.14907104470020635,0.04703981888205046,0.11997844809236506,0.0200378459717368,0.09931130876724455,0.0364366465415208,0.135360499638628,0.1460542327447249
0.06249039317783393,0.24755923369183666,0.028131965914276816,0.003593566638742131,0.1213810167107619,0.13719708787895626,0.056869968885710304,0.13616638210321697,0.1954196973883357,0.011190687610329361
0.06561442072360257,0.06623065418152733,0.1842085967788307,0.17239200191409185,0.17377139602963135,0.01739408318191268,0.0026940321505632744,0.15267505724042102,0.16369672771342322,0.0013230300859960133
0.18621737080877288,0.059685037254293506,0.047454741333458346,0.2318284652872664,0.13904975835390304,0.04729177743163278,0.06897362166500952,0.15539858751194105,0.00032911270479102557,0.0637715276489314
0.04122138510843616,0.10118875507596184,0.13676807054104342,0.1804613792592794,0.11145181873567073,0.0014992859257829234,0.14709166426367704,0.11632865973493724,0.13468804410283747,0.02930093725237386
0.07781675946511724,0.04230752590109545,0.14696299231211304,0.026253558728574863,0.05640070344621238,0.07797696687561081,0.138054828656693,0.2201973163068868,0.1119741505873958,0.10205519772030054
0.10065675250353952,0.0399239111369888,0.14962031506946058,0.12597882231496124,0.14743288451293785,0.02450203240980156,0.11716997148081483,0.1285234241854558,0.014193426366198624,0.151998460019841
0.1222996680114321,0.14870599116267194,0.006882660624189854,0.12036714029991444,0.13728265942557158,0.15102557665839855,0.140560482997049,0.009912509732758586,0.12568551968095557,0.037277791407058475
0.18135590720884087,0.07863597876783832,0.1305995493481394,0.011221217248036172,0.14946592052707405,0.04622479109852028,0.012113881326511314,0.12773415230085913,0.08544467045956347,0.17720393171461696
0.1880691734547225,0.06743023138427044,0.019585133889750965,0.10039562112735628,0.09502151438536321,0.17952865654712138,0.04877394833009885,0.14272525815759887,0.1321657762319021,0.026304686491815287
0.13600999051741777,0.04095985287555344,0.12007693517707421,0.12537257363193324,0.11884196803954672,0.040812396901145936,0.030124289633257452,0.15788288628274175,0.1565946338405772,0.07332447310075231
0.012391825538462515,0.14622746737812808,0.07262133458549988,0.12334975788071802,0.13231244194802178,0.15140457218139555,0.20017814970804698,0.07911604794712587,0.08053119016383771,0.0018672126687636376
0.052929933934593436,0.11073336402462924,0.07201959354550465,0.052502455004413064,0.07135051128892797,0.09204218390992507,0.1758237618965369,0.03821094515264861,0.14326278756057811,0.191124463682243
0.05152089491895842,0.14792467486870498,0.18453916183685212,0.08250292262363317,0.0809829366266378,0.03523555254457557,0.18601567438702982,0.0930485037805932,0.06308848874251316,0.07514118967050182
0.05865307178259412,0.16083003358100564,0.15700576362638016,0.012740055955734832,0.10588471486811528,0.1328444559593296,0.10072483296786396,0.024893399869521753,0.16654658817570478,0.07987708321374991
0.10479216002179123,0.12060332957882629,0.14616039900592892,0.10315282913646745,0.09120209877056443,0.13618037240169456,0.06868907895982192,0.04393233876681058,0.03378075607583895,0.1515066372822557
0.22818638008974293,0.05318959371339642,0.17499134044754655,0.06454528952766585,0.07838128609778768,0.062325487014877404,0.01986912878082202,0.08077827556345941,0.23155643582694654,0.00617678293775535
0.1151393747752277,0.01705446311054757,0.16665486860999584,0.17860667394027,0.2077691599471402,0.09335127012101119,0.036857011811108946,0.02766528167510649,0.08612019983337044,0.07078169617622171
0.1633807618178347,0.17369707677580662,0.025639741053337065,0.10522691029371622,0.011948988252370134,0.13591808218727355,0.09400314854640851,0.02097136827837993,0.17340177954640812,0.09581214324846506
0.07913130339878305,0.0561010115804087,0.10620637641259986,0.04321593946921313,0.03628379857234282,0.27552189114180486,0.04581083236392845,0.256859495843928,0.03745446310922054,0.0634148881077707
0.08158004742844319,0.13249669756719565,0.06225606366258765,0.0171439847120551,0.10458087167167504,0.06044945940595447,0.1587132539374023,0.09551344515843656,0.10654363597554395,0.1807225404807061
0.06686562126539873,0.1336512864455001,0.18261950765368862,0.1379712475731067,0.012742695830962901,0.14969767420227917,0.09706410145922041,0.07823738668444599,0.04541198201214532,0.09573849687325205
0.09821040943509148,0.01422288845463716,0.10893567216104692,0.06502424537027642,0.007667577088020463,0.1636851524598564,0.10198838031460614,0.10089467759266205,0.18497271214106542,0.15439828498273764
0.09295498769042952,0.00356422544949133,0.0998526359005457,0.173927417359186,0.07825119793602249,0.11409565451160573,0.15651556753719473,0.14606070671366347,0.09790476543322395,0.03687284146863696
0.17206092804877415,0.01746001415981582,0.09732811851671455,0.13243078038379955,0.14425766891406458,0.07870281767176111,0.16579065187762942,0.16776800598898764,0.010602081750632212,0.013598932687820949
0.1077463289173694,0.1600781712201973,0.06171590266341732,0.09267862205747901,0.16388714192044507,0.1005886573709383,0.05070453368160833,0.17233116049042477,0.025471891351822495,0.06479759032629805
0.12870073434451865,0.014843817211224438,0.16986442206671104,0.027212234918326462,0.1733066615555377,0.15500702220703522,0.09304204968637035,0.03627082849820057,0.06464099383618452,0.13711123567589095
0.11138913011379468,0.1424568780011023,0.17795258402041159,0.061347613801879225,0.09601281069874627,0.10417779284703538,0.029808301996442466,0.0514285045791496,0.1467279909179553,0.07869839302348322
0.10023605803406467,0.10618035078973324,0.15324463012379438,0.13243623418023398,0.14443627290831135,0.15107006908816928,0.12048823932344888,0.009723777429603338,0.05226304265091547,0.02992132547172541
0.028858845582480894,0.20522179275851923,0.10249262976893123,0.04409178821231941,0.2136946736640245,0.19808810156003065,0.03776953875665388,0.04505532950705688,0.03195017302388926,0.09277712716609404
0.02263569216688896,0.1615172733601957,0.07194421372076273,0.1603716374649415,0.13361341704822155,0.04522209777391854,0.07985172408842046,0.09971957243968185,0.1676201668070092,0.05750420512995957
0.00023894642649968656,0.17908968287335103,0.12047994618568138,0.040617596438569874,0.06092733560453228,0.10583075393912396,0.124335799364341,0.13049762507016213,0.12513804308683346,0.11284427101090527
0.028036710241262676,0.1740588388428241,0.03331542040436303,0.17476507588031817,0.07099084782529601,0.1824060662892241,0.014521458111066268,0.039043043200661674,0.07231893846992091,0.210543600735063
0.07874387770251899,0.022463585213398692,0.009977623446117346,0.10352370179330926,0.1440851240455054,0.13290801955431564,0.08283600114802278,0.13269561593186838,0.19697418160497332,0.09579226955997033
0.06218800327689661,0.24948962274180225,0.13970464498374607,0.22363679542637607,0.007853504415651576,0.1297296466439215,0.02885632403555808,0.07106389679810796,0.007971742623275548,0.07950581905466418
0.05098626282128039,0.15156743401649525,0.08294183956814052,0.04758442942227369,0.11979697904882271,0.03699820820999378,0.0021203365535182733,0.154358566378814,0.16920851029499856,0.18443743368566287
0.12443597730220253,0.0018025980822547495,0.1304364528418614,0.07759728690293548,0.14238732464138498,0.13350103638923866,0.1539443495879053,0.08098028104627067,0.08239850357595599,0.07251618962999029
0.1469053646631398,0.04619955047192226,0.11999412780059227,0.10804616346351194,0.012196027332656172,0.1457620374842799,0.03766217450953104,0.11355278785029085,0.17401053182077642,0.0956712346032993
0.22569791086233632,0.004965514635464442,0.05182012051933756,0.06462001727312221,0.11397666678756901,0.06382721363259942,0.03923002905990109,0.21959627235183263,0.07579559234372765,0.1404706625341098
0.19143513173004922,0.12565231997161014,0.022090973467675832,0.17189826359773,0.024888886991668097,0.1627903048876759,0.05259883767282703,0.0631885358400214,0.10758130968719687,0.07787543615354547
0.08293689575875729,0.05420813400960787,0.15569586216483203,0.09206933612783687,0.1569673334639874,0.1433276527385469,0.07207640474885481,0.056349837437468325,0.09234399561765028,0.09402454793245829
0.23841985299279303,0.18705390002092157,0.16319543999305305,0.07505186489422515,0.003644777145664649,0.13717554877803517,0.03871379270333443,0.013328273753844471,0.09631991204527109,0.04709663767285732
0.1239601736964904,0.011973475295680993,0.1484221697173312,0.08317164710531402,0.04464453847351557,0.0730684910311237,0.12470623333813352,0.13415068914755135,0.13498988437939338,0.12091269781546576
0.08244045386411672,0.14639252538759648,0.1434818371810007,0.15700668177496346,0.12807853810509864,0.10192674152457507,0.16381343995558947,0.016211473887327233,0.030318082953096216,0.03033022536663595
0.1002113207000892,0.09590727524798352,0.14555794363123678,0.14034058039915875,0.14478120553958687,0.12478578886225296,0.04063725859496909,0.025981307099751407,0.05585697345569568,0.12594034646927565
0.02091622436979003,0.11011824162364242,0.16170020504845733,0.14621073673936213,0.13056436903324117,0.11022821344233963,0.059979047711223754,0.09294887563999858,0.08896922800213188,0.07836485838981312
0.20075986345896288,0.1541988945171956,0.04310182706969047,0.04379207677104921,0.0351403273753303,0.158968036878047,0.11484809061272779,0.05357105919087913,0.15382282372466516,0.04179700040145253
0.05176695061744963,0.18342277663921977,0.10341803032569272,0.05058847048776049,0.14266249317596605,0.05347179853177561,0.06955777761871888,0.05745030065963097,0.07077292678428176,0.21688847515950407
0.07569578446741801,0.08635030308950309,0.0325602229597967,0.02319109720609141,0.21894866415158976,0.15587703218125964,0.02008067425131701,0.13254642580859535,0.05638700337820578,0.19836279250622335
0.15850082183323083,0.15363475454539277,0.028535011392450117,0.19685312860967033,0.09425881454934773,0.08712220837489897,0.09360607795857775,0.03974018586938654,0.026696673926335204,0.12105232294070964
0.16145599776381014,0.019978032810143258,0.003990106619987598,0.1589028645850568,0.13692464039997007,0.06624926952149922,0.029158996556969657,0.134936580460214,0.1433435053362923,0.14506000594605695
0.18475437820485438,0.05500459594701141,0.13679079115417445,0.0567870337265533,0.13946034931365603,0.09479783494251806,0.16742380931682774,0.03065200019006589,0.03383669215361953,0.10049251505071927
0.053922836423562125,0.06874079414914186,0.17290583665106346,0.08918160500508637,0.17403702994116682,0.10577751559751555,0.153974647650988,0.07934826405110244,0.0847377105097928,0.017373760020580498
0.17862767233817306,0.05356899708381542,0.06595230986275262,0.12467093207374234,0.13679558111793735,0.16079727675341982,0.17882544646142842,0.01635368676450134,0.08294135924708915,0.0014667382971404216
0.1382457232337276,0.11443650204594466,0.029505971568048878,0.20136682318937638,0.0030812999709745703,0.10308392991824214,0.0226887269663032,0.08088533285595159,0.12418335902354502,0.18252233122788594
0.03875982406678768,0.17847443984004066,0.007652886834687423,0.1695472259956064,0.07755241130611033,0.12359900610332242,0.13626910595117975,0.08332065861773999,0.1805500032828516,0.0042744380016735565
0.16206903676530043,0.005065590206187544,0.12275695385871462,0.007060662405487546,0.2148842868793786,0.039726687027671154,0.15460830433694417,0.0857855352020711,0.128793329356,0.07924961396224488
0.09548346745585248,0.005212976097885893,0.056748917077722484,0.04742867234529895,0.18562355388418358,0.10579758130839713,0.13745346599198863,0.20039523598031683,0.10389228371933217,0.0619638461390219
0.09894263153107914,0.05139808365321556,0.13475106867521824,0.11930964067027916,0.09832703753147257,0.11378092939729428,0.14016619400696756,0.13992624912204288,0.03407902524803973,0.06931914016439089
0.11932366508720402,0.0002778228192984925,0.04996934437465768,0.07320718597677194,0.08981181819633599,0.18042026807309167,0.18559492854786458,0.06752604448506964,0.15254310688085196,0.08132581555885392
0.1045456106446295,0.142424214933438,0.06734395852346416,0.13203320027364596,0.14109472720796298,0.1528312413078878,0.063489470981522,0.03800974545391963,0.09334172094882337,0.0648861097247065
0.0013290483705790225,0.06667471373729972,0.054666549045632,0.08258714543668148,0.18264833182836412,0.09409778385593487,0.23921786693544667,0.047364199095405506,0.17135613813802694,0.06005822355662961
0.051504092619894686,0.09617742357724177,0.008084620895705894,0.044090723805167646,0.1645027906727418,0.14794942219096213,0.10558114537698035,0.17353257967215657,0.005815831933876925,0.20276136925527213
0.2074419517917035,0.2002098721247282,0.22884515166788402,0.10340355563330601,0.02755815090635245,0.04757297535547889,0.06463729395702744,0.059334285303792166,0.02588436490783634,0.03511239835189093
0.05744118991208524,0.010893456593435614,0.09851172183692634,0.16399787424592732,0.13225412334467462,0.03899745841359567,0.1399316936155065,0.16321522869454458,0.062103224741802285,0.13265402860150183
0.025204742041147185,0.10222066407309653,0.1499752056044675,0.04067642696625971,0.102806242040294,0.09278072839962143,0.1255370155660498,0.15053051446823443,0.11278836003740807,0.09748010080342139
0.04692558712479211,0.1207232032137485,0.07592713591135886,0.0013253266651856257,0.09761090505697495,0.2606714963405663,0.09070396950511277,0.14620688689341008,0.12098278659028704,0.0389227026985638
0.07617754850364788,0.024555379125258254,0.09412645155097657,0.2273840325624076,0.012569992345304646,0.11506712372557527,0.13839058926349398,0.006779810040308588,0.11969084494303145,0.18525822793999575
0.1931337223851576,0.104096598434221,0.19320076128353494,0.04936505408136017,0.033515432703574315,0.12050524338312232,0.2075998314030461,0.008663535702401172,0.08631500335411627,0.0036048172694660647
0.05787415806661673,0.12084276945335179,0.01866001989521363,0.12892413940439365,0.09187119925615449,0.13654820132755222,0.10070450629711142,0.10694439591466726,0.14800931203460155,0.08962129835033712
0.11456021793625888,0.16573278922518894,0.10579486859223346,0.030052213873094553,0.04951525448985021,0.15587957456943924,0.1226576495203693,0.14633246112276763,0.08355687125749864,0.025918099413299235
0.10539057229934869,0.026653320358756172,0.11525209212364304,0.1377234687455859,0.12687451383574996,0.09604010490544591,0.1106903701926087,0.0024192056070801173,0.118539331665742,0.16041702026603952
0.15242865389364438,0.06051438103122224,0.1400062085213202,0.18444211451554438,0.006366683976938826,0.014018201934508034,0.0972916072228213,0.06776724512544062,0.1400918330153834,0.13707307076317657
0.1623393447637813,0.017457620706886053,0.0564107690161107,0.08922747358321145,0.011341023010987536,0.21532406745268792,0.06292996294812801,0.32414643695770606,0.05263694191815825,0.00818635964234267
0.06244496780488425,0.15611271705309748,0.11782351669742497,0.15553574946987578,0.06364740342049514,0.055677029952731945,0.01743311235478304,0.15202055277472457,0.07123374896437504,0.14807120150760775
0.0002730982003487375,0.18835016011307812,0.11791106740645795,0.04094667826556169,0.17053325720963114,0.08101733414729219,0.18058797143229938,0.17107597342460443,0.03572132386782245,0.013583135932904064
0.10109344240499482,0.17290738224937158,0.003413478748252841,0.047993007309115515,0.06232629008749168,0.08195875568855625,0.09046485747846746,0.14652419675455652,0.13192858956743114,0.1613899997117623
0.06138463157693009,0.04000157552560826,0.19690108564187972,0.2338914314367268,0.15460674484483877,0.0849605027650486,0.0523859986837909,0.041087254554611895,0.12174133748616105,0.013039437484403994
0.15267613309182174,0.10332983797190684,0.1578181514116088,0.026373930011435325,0.033926792621648945,0.0629717687481134,0.16347621687886835,0.15291065910682397,0.07396444008570739,0.07255207007206532
0.05421234033746476,0.14328759415078715,0.04398738977893341,0.04868156862815549,0.12717116300405895,0.12165253722956615,0.176002996281973,0.1290614763621415,0.14359693228121517,0.012346001945704328
0.08819869451695914,0.12048262524199709,0.15776429713069948,0.037445418549207174,0.045518966468923956,0.1173127823787287,0.08266773348949366,0.13193346464256753,0.10922479139735035,0.10945122618407278
0.1295016584911077,0.0864888640562662,0.006156627955514849,0.1488741433068388,0.1752872215916573,0.11207843989084851,0.12391632485540809,0.0317547329736377,0.08608049514764138,0.09986149173107964
0.08984631853826368,0.01595514313719476,0.05827154425865057,0.16311310719276526,0.0958213449572337,0.09600484917753867,0.17154854683170145,0.15695671333147007,0.059137241484040676,0.0933451910911413
0.14508393221248503,0.13380941086465017,0.005273768935096971,0.06107539999743542,0.06860488849399517,0.23396901851074267,0.09742298448611954,0.06263976646149867,0.13185696765131794,0.060263862386658394
0.21618630197785954,0.029569141905416176,0.03350175464167449,0.1471931946123256,0.08395866689055985,0.018279731107425555,0.01079021902050696,0.2145440119259848,0.18605738584171302,0.0599195920765339
0.11907536197315031,0.15199749881647015,0.057570536167668565,0.12281928875460874,0.058457344734772786,0.16305351814716854,0.14859001569920519,0.013135200502933651,0.12090588865182969,0.044395346552192246
0.11151396243096064,0.0923078218244015,0.03125128819855991,0.13922181321774899,0.09639901539667277,0.0534653574046643,0.12518674034271104,0.060351012843717085,0.09234774556420476,0.197955242776359
0.1321072452600218,0.19195219332253044,0.17892528715471961,0.16204872174997598,0.07852147823902825,0.05758032257587293,0.06431130341078208,0.08994575035442635,0.04193071117747852,0.002676986755164013
0.08678150608103284,0.11215521934883785,0.10101675693100871,0.07642897549089743,0.009296827377837382,0.18645211654599184,0.043936578554016524,0.04377524909444164,0.1546564816387586,0.18550028893717707
0.11355336373337149,0.12803016730961025,0.10198440060146828,0.11936713136577345,0.12961457280585775,0.047183188876029326,0.07899737742648733,0.16750278979296354,0.0003034909431720176,0.11346351714526652
