i = 0,i = 1,i = 2,i = 3,i = 4,i = 5,i = 6,i = 7,i = 8,i = 9
0.12809037483019117,0.07746094576363897,0.07857401385310736,0.11902594582289291,0.10018676338421013,0.11066642006058064,0.08637762041341882,0.049897861991672364,0.10234575207268119,0.14737430180760633
0.1271414636536655,0.12075396819196939,0.12074886881827836,0.08509678782956,0.04779977426584638,0.016396096332137594,0.12584745442502182,0.10262789812660404,0.16205173949008805,0.09153594886682881
0.09504919130041872,0.10158952307096838,0.1703677152620187,0.1658050038239398,0.16539823207462065,0.001729505969795099,0.003978432625520016,0.028427557352020377,0.10932235881407319,0.15833247970662492
0.17442025021919677,0.05853627753335758,0.05442954891988036,0.16848561235216528,0.03102470195481483,0.12856152346053956,0.15888015213267317,0.04934010287938658,0.16289325002502494,0.013428580522960972
0.09828580119821606,0.09359414003461516,0.10826917673531046,0.08560907700896875,0.14626193257134193,0.0926033224725079,0.020367079076829313,0.1187032398456836,0.08886149688321231,0.1474447341733145
0.08506268345853063,0.04084000449374648,0.18260274378740313,0.001070995489730685,0.1686436025654177,0.18030256041576265,0.08506315974507016,0.12204893842756834,0.1310932446586194,0.003272066958150792
0.0752292156333531,0.12308734546870752,0.0774296521520967,0.11519022622654962,0.09386289882780106,0.14853233686687256,0.1332098710138288,0.08761288369846594,0.12156811904949491,0.024277451062829757
0.018116644301581216,0.07264262204877009,0.12530648509281106,0.0016307747878197053,0.0954357937837227,0.12449104374013976,0.1869703919533042,0.12414297361264566,0.06542936931801523,0.1858339013611903
0.11814081727704968,0.10672981210237147,0.06472832865322395,0.1109596036149837,0.10285797638536039,0.05269918738422204,0.152018597000777,0.18092142242375886,0.09136468003377862,0.019579575124474342
0.11939741011172746,0.052167704818677774,0.09764968855005621,0.08767501969284514,0.07690715533252923,0.12674465346459712,0.01787409505059824,0.20538279658009578,0.12101193477365674,0.09518954162521633
0.18019871881394042,0.05914344244951895,0.16972846961978355,0.1771499017496745,0.17394019643943515,0.015705379224230424,0.13724866038736372,0.015223656130424576,0.03204146545651714,0.039620109729111626
0.045885328042925666,0.19136439721725687,0.0430989813784284,0.1266540251984135,0.09645679652227959,0.1859477334181544,0.06145180500510443,0.062363630189919486,0.09181045284549497,0.0949668501820227
0.09918329257351552,0.0788931045061424,0.05690691748992795,0.15129386640836842,0.27068091453362897,0.018809618694881274,0.2043533889473268,0.02349591098037446,0.043024920807559305,0.053358065058274985
0.13843897202134822,0.15723503019099683,0.12496520045321918,0.028865874412852002,0.09471397682415542,0.06730546822038605,0.04475543708900291,0.14550611396937457,0.1524078745701066,0.04580605224855827
0.01085393334549803,0.0533433653556237,0.07168217462870334,0.1377336254048155,0.1280869185870011,0.0625957605758769,0.11667867390603673,0.15099083723923276,0.169492232958755,0.09854247799845683
0.0676020921428149,0.1035152060085356,0.14024292122463902,0.08921071107613995,0.1241915645475613,0.11345651179908396,0.10282954067000666,0.053857708583309155,0.03550914210765814,0.16958460184025126
0.16307870622246456,0.11439800389582165,0.10981436909338498,0.03418701088379782,0.04012688531360832,0.11202318143928348,0.021340529029278184,0.12358832096350725,0.04132885512327242,0.24011413803558138
0.1937905299933613,0.17648118417230782,0.06010319521595696,0.14353574240626427,0.056320711876963477,0.13092676577028245,0.0869122791386794,0.01786367918201487,0.049789753043797604,0.08427615920037186
0.1395753315426933,0.16712702684671418,0.0122691323200215,0.0031021345675123855,0.1941717196190948,0.15289750446803896,0.15506378337564167,0.029198106344745994,0.08957801193624512,0.05701724897929203
0.1456325080389723,0.021225415380774947,0.10159973557857466,0.041287331765904316,0.0838526080261074,0.08358878933321516,0.09556258552858009,0.09367635714530877,0.1790902569696428,0.1544844122329194
0.06216198113390071,0.08495270766785692,0.060813026480042776,0.1053352976155939,0.10808867940843075,0.06904481615279322,0.22341547659408265,0.2050321364077898,0.011497855067059042,0.06965802347245026
0.17963337742318658,0.02941944833740506,0.0789401271273944,0.03137661154018092,0.05769750959474079,0.15225629890486253,0.08172809053995196,0.054706402030767716,0.18227448794420056,0.15196764655730954
0.04238951618923892,0.17075583739195346,0.07222205206299273,0.1452318185081875,0.17242367627606286,0.055246754693381105,0.15096104866725282,0.017463274271936335,0.026332708935324432,0.14697331300367
0.2159015946960625,0.006359176855340991,0.017950437636763076,0.026141614907741424,0.10937767959343685,0.195522958092297,0.03212755636184534,0.0551648313854059,0.19608661009314374,0.14536754037796334
0.08787533781662776,0.0660973874781596,0.042734680416114994,0.03756302047717957,0.0933551539068543,0.11505752395474945,0.12636525660081077,0.16333193133162474,0.10092034389317128,0.1666993641247076
0.18440127906766157,0.11031596228483662,0.057145135248103045,0.16216160280598946,0.12259405048049331,0.056374835563862434,0.14438957680580847,0.055051716262191346,0.10678715496044087,0.0007786865206128913
0.08916442916404192,0.11053171312305038,0.15173060766256788,0.1775014965515068,0.012310352136860462,0.11493728703502125,0.08095295751442841,0.061670034604769074,0.12423214803372046,0.07696897417403335
0.15960560878037172,0.04959578018739962,0.06945698804024693,0.1784494531289293,0.17988142988090036,0.049823973432368496,0.10687990476247668,0.0516490802708122,0.06536248124448761,0.08929530027200722
0.0006057081139890431,0.21607777445478696,0.08802877840042923,0.11635040533856525,0.14234266031272264,0.04604226403547385,0.1400442529208876,0.14360155720619594,0.034217326374789775,0.0726892728421599
0.11080040866773473,0.07500916518033589,0.01605344811859042,0.1991210160432942,0.046678977671765556,0.09172211625011759,0.12734701405000612,0.15661944330473382,0.024329266568822543,0.15231914414459904
0.034463234380860075,0.1703632010972683,0.072400104751193,0.019620705563089355,0.058169678527290464,0.2976777308454047,0.03569585325668827,0.2067411440777411,0.05695276856893962,0.047915578931525114
0.0545236162822153,0.020411872610101314,0.046298630666831986,0.024441026764227148,0.1761019984924549,0.19075436578800534,0.1362854422207669,0.09411227966169136,0.06347950746825817,0.19359126004544752
0.03326200437467659,0.11280607896016231,0.09652672366311359,0.20182646350150432,0.003181220986789423,0.02388152425150518,0.16238558495803082,0.023619518633508276,0.20091948169934754,0.1415913989713619
0.011805248477575477,0.05319150674053413,0.04047687683442031,0.12509029854458095,0.05956674977319448,0.004606282946186699,0.14866705736907374,0.12637084739188403,0.21295512189728982,0.2172700100252603
0.056345846909187695,0.24422040372244946,0.05641334441239006,0.029139130378890814,0.16445833459349646,0.2303285127545392,0.002304619943348592,0.01650398952261082,0.15828457391226763,0.04200124385081931
0.046890341368129876,0.07721907718865965,0.08727453810176233,0.03578302935618821,0.10421207028052658,0.17463700931055867,0.09769470120481738,0.04609607700850787,0.18674678560096059,0.1434463705798887
0.17777649075767774,0.2502458855726938,0.09092899063347598,0.007020465326814405,0.08988189858271155,0.0995172555859973,0.03463080468838908,0.005664377794320651,0.03195290870262695,0.2123809223552925
0.0637833459035803,0.0006698968573791742,0.026713744566307904,0.2132366023096715,0.026628699789307257,0.08978745434702183,0.1579199667652346,0.13645227265508383,0.20813068438187166,0.07667733242454185
0.18494878300181306,0.02498506144322211,0.10561111012034688,0.04440999365720814,0.06753823026839885,0.10659459899330798,0.07148713922411593,0.1761816702485777,0.03741435436290726,0.18082905868010213
0.1481792079575254,0.08320621536204154,0.1292589452191005,0.04690889575539741,0.12581834169410352,0.14826261014432374,0.11498231970861704,0.019437901023338665,0.13627960396865094,0.04766595916690143
0.03816330359163182,0.16757277408403795,0.03810991332303389,0.21665601298792192,0.06436843233567133,0.21214808820369396,0.060902316062300434,0.04542782079284244,0.15492354751923806,0.0017277910996282054
0.10364787476303103,0.01063479696089567,0.05975808216847156,0.15552778062805334,0.1715110069371312,0.07756873118371618,0.037927779169435724,0.1260067458619283,0.16563462186945116,0.09178258045788557
0.09889839600992276,0.07658894426107127,0.08265511118742215,0.09068505254940946,0.14275713948892418,0.13923177181279278,0.08309193304430976,0.15550330897821923,0.1252548227156696,0.005333519952258914
0.037797047924921015,0.10983579286167676,0.15782992996817158,0.16508783170713145,0.11162077401404578,0.11748315005763929,0.09351042799474261,0.07937355094781491,0.11469530634748966,0.012766188176366789
0.046558993359147545,0.1323553732618463,0.18795827927254846,0.03295203595911415,0.19824855858568968,0.16847751878512482,0.02775019198525471,0.010201033864810425,0.09418340231390179,0.10131461261256204
0.19531409792098695,0.1321243094181023,0.09242460725401686,0.12110942879955901,0.06345924934909436,0.1754335747504357,0.09139333781659362,0.01252802481849614,0.09665032126444262,0.019563048608272456
0.21592647694958744,0.0019308561414242476,0.1644264351526525,0.10257880939076135,0.084043412876247,0.04969942122336675,0.04484634987303738,0.053200087227215934,0.0724562093400026,0.21089194182570478
0.16723294606383668,0.16691503718703835,0.18464529480358133,0.03145241881500199,0.06441716060014957,0.052241820163820334,0.015800423048069803,0.16231694411867045,0.037270414337818164,0.11770754086201324
0.19849737541508114,0.11513387603466656,0.05978434328001652,0.000873660207285498,0.03354217192541705,0.1933066115170241,0.012096196663330328,0.1996121078855045,0.06708724376468185,0.1200664133069924
0.04295879433009431,0.06244855442034877,0.14236401972467186,0.18066402579358623,0.15352290614816844,0.03339451853488895,0.05561481051914433,0.18963070559516543,0.07368414606253251,0.06571751887139926
0.0025799944175115873,0.21598189701618872,0.04605282384503942,0.03780326047123819,0.008291501011786988,0.04568382024096669,0.11991828493446614,0.19884268609849726,0.1717513661396103,0.15309436582469474
0.1516184401589143,0.14069037728704073,0.1290890531650934,0.16377994917300293,0.006949515664335883,0.0017415876771217792,0.092865883280061,0.11213512953849394,0.1624986586652243,0.038631405390711714
0.01407580235704273,0.023189349405621392,0.13358262429832995,0.10981003087356124,0.03560264520915259,0.09922953474731573,0.1445728453430649,0.17267724721432393,0.13657956773394464,0.13068035281764284
0.08942786032405836,0.009320804956142988,0.15400134434174462,0.10905630520971132,0.11647246745952129,0.03565845137545704,0.08676811684642555,0.12361479884295572,0.1419310200001797,0.13374883064380344
0.11539567850258467,0.05344729195989315,0.0005878145553942207,0.1640541789696464,0.1344737674501606,0.14935830138642092,0.11197598646235633,0.15004775132866735,0.07000128584581146,0.05065794353906487
0.07294689213600596,0.1513577604478242,0.04279588274676262,0.10779762263213254,0.05164644571495315,0.11633795039888342,0.1500989890781326,0.19925619227598262,0.03558802110049631,0.07217424346882642
0.11377506808737453,0.013543758976046453,0.07127139959543596,0.13314905034291422,0.18754454647974414,0.0376470723778439,0.07007875027570296,0.18037921711321372,0.16168725794609376,0.030923878805630283
0.05178407305430421,0.12044233177180244,0.17499886261032394,0.2294496339649562,0.020758890464251136,0.08787261151532116,0.14644824385778715,0.01632498184261664,0.05528340936214052,0.0966369615564966
0.06685140313268273,0.1466885783578165,0.15986781654274967,0.1757615282734288,0.10043485479592665,0.18044803633582732,0.01921120779511856,0.09820073425424926,0.048037005956984985,0.004498834555215423
0.07404202777992869,0.13546093361687156,0.15140452423873832,0.12274745873413619,0.025104763895766383,0.07730128229292074,0.010715614154701463,0.07383662699228609,0.1770353269911386,0.15235144130351191
0.09225243528664019,0.0953112062549328,0.12950902341040235,0.09995167582905558,0.12313394160816342,0.1418186374120617,0.04787768730893202,0.14151855904076396,0.02585527055756801,0.10277156329147981
0.17000182204607353,0.0918538417943594,0.12189318959503707,0.10305346059377214,0.14070813423060582,0.06792452731915502,0.04525854179512763,0.010684213099012872,0.13952284636121012,0.10909942316564616
0.019560373913265764,0.17792753020120902,0.19466934081672646,0.11705988075031644,0.0452170899744875,0.011704774800530103,0.016381760723211465,0.1812258980198604,0.1916453172812608,0.04460803351913217
0.13029476748578855,0.15768317097717516,0.05079187980420894,0.07067375103106176,0.08490548960316815,0.08477634125758439,0.2003496306672943,0.1516472266434017,0.03276518629969737,0.03611255623061966
0.08381121703282308,0.09665315129776,0.21177757482416693,0.08450365051429226,0.070148388312262,0.04977971677099878,0.04577268239783758,0.08070012162405679,0.09222523431145074,0.18462826291435178
0.1503731930562737,0.12926256881958725,0.06511187056746383,0.1606319192665863,0.04342420350597217,0.026877328890388307,0.01062937058558373,0.1019856877046535,0.14945938333758005,0.16224447426591104
0.09268612124554422,0.04066963069405827,0.05009727532325399,0.18775964457979125,0.0025359711841604665,0.17878879351181995,0.1618058843210457,0.04747230234881128,0.10119567500082431,0.13698870179069056
0.1872770390132438,0.24845940016663212,0.14843394455868786,0.04624175036185008,0.10692844419357964,0.05635062551851959,0.07944545327057416,0.10658873176092176,0.0005487978418413008,0.019725813314149757
0.11127998307291391,0.16309477714602386,0.09824394786672222,0.09475870088638896,0.13184363166388716,0.0237714884536562,0.09015642105621213,0.061789966947800284,0.16436784456999365,0.060693238336401764
0.13150174594346103,0.03436357639841255,0.16923781497383877,0.1284029633155079,0.08067499554294554,0.15521478040794165,0.11007701214304481,0.004719642133902985,0.024320229353101814,0.1614872397878429
0.14800809704414594,0.18175338666288282,0.1078180570112339,0.05815214013034479,0.05395918021586392,0.1785218233459184,0.006686325611309928,0.018219759059225953,0.1197827086556819,0.1270985222633924
0.03308596469147769,0.0837586732821839,0.12475007274186989,0.12829955231061818,0.049804262060953786,0.14815080855164214,0.057359686371985255,0.12881055077946266,0.1541968667859666,0.09178356242383982
0.28355181490821063,0.0006989235996414388,0.1605536275971608,0.23343212099501356,0.038027744752479005,0.009583771755108056,0.07471766064996797,0.05044554045503764,0.03119940073030579,0.11778939455707502
0.18376598323358112,0.046822358192845866,0.12557276710193851,0.1078866611942402,0.11292711555918285,0.027043076877955097,0.18804738189862566,0.0989263043535052,0.014315998831839366,0.09469235275628617
0.06060059327478109,0.0934989082721321,0.01545193379710709,0.017239417518796082,0.006094355803954061,0.11397781401430365,0.20908665114991143,0.2566259152597304,0.05263902713079034,0.1747853837784937
0.19998054060603393,0.01993324654732034,0.01193400080434375,0.06377427644238598,0.03734215950849031,0.1729317636017904,0.1748883109996368,0.050694410722009337,0.0919088983602572,0.1766123924077321
0.16107435357320044,0.09049283067554119,0.039743046930426386,0.05839010795006181,0.1757622600355488,0.011351739628736484,0.05714193369957512,0.13740152105922132,0.16825075732322592,0.10039144912446271
0.061221719778969556,0.013284451254670558,0.12996329674885462,0.1041067005286893,0.09655762718818814,0.1988142520923909,0.006736509100050148,0.139219551281017,0.06885004263876551,0.1812458493884042
0.03500085617739883,0.042223461245699576,0.115603607314495,0.07547100130803747,0.044671958714210015,0.02853398606314979,0.14689366487163083,0.22103073354032798,0.2143200673147354,0.07625066345031513
0.1048618780219258,0.08101809451956589,0.15541595604992883,0.030208728805960584,0.05404678639302856,0.03723508883590774,0.1586603531087241,0.13713808149825585,0.13626037470753027,0.10515465805917247
0.1298784677901505,0.1765117972947324,0.10767619669500653,0.06859638045120112,0.018364022069438803,0.01855085144850588,0.18114258623546226,0.14673875300038355,0.11122449840732668,0.04131644660779212
0.013190308463961535,0.12806360293083852,0.10845671514678226,0.169526950648677,0.15995372433263785,0.1125188051744837,0.03446458324453295,0.07297445768576824,0.04255141321375452,0.1582994391585635
0.07916166700436816,0.07558991923016375,0.061829652408107845,0.024245692090861297,0.2512176331875764,0.07290923375982421,0.20543018069867564,0.09688776763060294,0.12078759734488402,0.011940656644935987
0.146289830609662,0.14219395818534758,0.07967900725961087,0.02942192152437248,0.1592745398360277,0.10055401375046709,0.09217747601400747,0.10788003402796288,0.0202506844902097,0.12227853430233228
0.1467411818661235,0.09529947916050142,0.14273702012759001,0.19284797759536632,0.0028014285873660945,0.029543059771740685,0.03094052844582474,0.1318736350953355,0.1494389983861987,0.07777669096395305
0.09151093544069934,0.09347170002911084,0.04311522416772408,0.1693647366230431,0.10452296498671067,0.11377732768794106,0.10596431080690738,0.1329196476363325,0.07385007189972886,0.07150308072180221
0.11834678746996898,0.10916718203835134,0.1159070008043992,0.0015674085298423813,0.0248289544227575,0.17324271296389523,0.16443047841708225,0.08777726289325606,0.1681203136824354,0.03661189877801179
0.06728963655316328,0.06425752751103793,0.049094792841750175,0.1600718788439299,0.05426952778061572,0.03165977254126972,0.1484087763246728,0.21072831715098636,0.1873876936488802,0.026832076803694017
0.20835718838082742,0.06447703739668782,0.03382168208128746,0.1536671183858001,0.0941876473892294,0.22239619683321288,0.03737505402340293,0.019977444809583536,0.08934728793859803,0.0763933427613704
0.15177369900995794,0.026183790333208605,0.0598070105549115,0.07926491345564249,0.162386273271469,0.03985305154990809,0.10384138640514193,0.19219896937108696,0.05315409074529942,0.13153681530337405
0.10943260866026046,0.07197922359546916,0.09373334191150758,0.15047222134479774,0.010360909885656617,0.18931850371786046,0.15352624170726023,0.055679918107662305,0.029530855577103197,0.13596617549242243
0.09184667339919754,0.10511728609922066,0.10519490771445913,0.15960167691854799,0.02379532651653619,0.08122246065549003,0.12650028037427427,0.13875536171671915,0.14253057105908828,0.02543545554646683
0.16374358050563,0.10671932803208632,0.05271499660002284,0.04229836984602458,0.16382295386596665,0.1457673962437,0.12226073009832052,0.08503264660496258,0.018354636889399662,0.09928536131388686
0.161197528792793,0.003867618203334335,0.08406653982041895,0.06466922980819453,0.14549520133677452,0.18682386489295058,0.07877231063738656,0.07587813520619521,0.18587417203744547,0.013355399264506795
0.03316112116793855,0.10039312358581341,0.09020456418824871,0.027694893964592373,0.0254170502228474,0.20085941401389376,0.1052357339813946,0.1562307571020109,0.09664902263584474,0.1641543191374154
0.14602001386223434,0.04607095229649694,0.1893878046357553,0.009367568215097776,0.13975003702199607,0.11639768851993464,0.04165353583389252,0.15384290591256722,0.1445715319728609,0.01293796172916424
0.11051483006934476,0.036309261746864545,0.02391337661657262,0.16924193758052042,0.06457190008329908,0.11142914749168009,0.036939931437939645,0.14010147686018473,0.1969426676928936,0.11003547042070047
0.14060118285421697,0.009705538653403916,0.1290866394998959,0.08233611630618036,0.09359904011482595,0.17752446137448658,0.21525116398657512,0.08637137330765879,0.05345081837137932,0.01207366553137718
0.10690627369887114,0.10594358675680947,0.1313888377005621,0.102958723019002,0.10056481156588738,0.10659788814580912,0.14190787912076525,0.03540005840251903,0.07909117285360265,0.08924076873617202
0.001693311245277559,0.14386986341634675,0.03844142935885479,0.11678182205045216,0.08954716473365083,0.18832333903109022,0.07632607901512758,0.12019235024112568,0.14904962778327696,0.0757750131247974
0.11616316076611861,0.07180328466983052,0.124112645816079,0.07972021214867998,0.06385356098374491,0.09229427369182608,0.18144046622896057,0.012587645626892175,0.08299162966911801,0.17503312039875005
0.01520647245076895,0.1874276679873371,0.044319821436018626,0.12834906334115284,0.09312803939114127,0.05220272511240702,0.21396576825707891,0.011013096417560398,0.06598617523426953,0.18840117037226536
0.23438308751729892,0.0976504378653516,0.010752085673825795,0.07370712047984146,0.06729376941889383,0.05451532391312954,0.14764157667578687,0.10021046807495419,0.0543740084451331,0.15947212193578472
0.04245465379559158,0.14461043731417988,0.10181611526377803,0.12993766324923423,0.0474798486178313,0.032573540414258216,0.1427579906146107,0.13573718776862176,0.12308108625519444,0.09955147670669995
0.17625505289607074,0.14411484674789488,0.021225571512148825,0.15578469827733854,0.005110459716902443,0.11387581823288244,0.17427291637121095,0.10388194561451441,0.07715923396244048,0.028319456668596237
0.15066085417277916,0.03776841801119093,0.023737509123497216,0.21499337836087187,0.07913491764362308,0.016944503476142708,0.25345524863012553,0.0486358245119999,0.052061115097019245,0.12260823097275032
0.13668692827470508,0.11026798915571033,0.1612616772559715,0.01204030848833764,0.0075681660194474535,0.10606803565706256,0.040019369985943666,0.15615949796652903,0.19295121082677133,0.07697681636952153
0.027716180124751397,0.04526972291260688,0.16148406223066203,0.10394155658618234,0.02472433781058154,0.1675113433954139,0.0025729157846045665,0.11480034911594815,0.16941528531859035,0.18256424672065885
0.19249844932007912,0.07464442583284712,0.15456972937390143,0.013071117615984033,0.07400848341376506,0.03612169308152368,0.04749710440524768,0.19376256350954307,0.11143006515065557,0.10239636829645313
0.1637046701377513,0.10958595022545192,0.045522534420319574,0.11827572361800026,0.0576784771425694,0.02251367583605091,0.04343298405749208,0.023856639161378018,0.27230417999667295,0.14312516540431364
0.16116121144311937,0.08255515855043476,0.006310903890506487,0.205345556285842,0.051854204302652654,0.1798691679595606,0.149009387931249,0.036453086966185634,0.08743256682542028,0.04000875584502929
0.1340097210851614,0.1007043625531377,0.025940510337554575,0.11189567492195902,0.07830079874773721,0.13947228714977525,0.10156542694137395,0.06725800165649637,0.14500770912813293,0.09584550747867164
0.030307604237268186,0.04506904698283735,0.13922443887434646,0.11847231405344734,0.07383059144450288,0.16182294611039746,0.162746146820253,0.1796692881419871,0.00680922660616565,0.08204839672879441
0.147845751260161,0.06620382997744233,0.08118169078294386,0.14561575200823218,0.10142886262674795,0.0069128043556211,0.012610067573669203,0.1472492384434303,0.14533427939490617,0.145617723576846
0.15234922856865632,0.08008099548585772,0.12393606866945686,0.06178708819738866,0.026881409126472595,0.14405854006575244,0.10275294965178298,0.10625449221662889,0.16042780568161075,0.041471422336392706
0.047683790242160955,0.17476127584335654,0.08041550611588008,0.15552015571110414,0.10320339861970577,0.014938703493472866,0.045900273997770885,0.058951245421032854,0.1410341849899269,0.17759146556558913
0.04123317674989102,0.0025393770370294184,0.021714517078728103,0.162851038878229,0.13714737162681098,0.1516924387142417,0.09101133434578312,0.17140746217140948,0.17268078947070928,0.04772249392716779
0.15980075709117023,0.086697640451388,0.021399008365997174,0.09484074472306123,0.08675463283755931,0.07943169518990056,0.07306268567453553,0.09926648414369454,0.17142214970651812,0.1273242018161753
0.14837277184354225,0.11013196948478923,0.1294031381852675,0.034503238499608326,0.11418251830755807,0.1484074552240546,0.03596523604330203,0.06321850748612694,0.06959665332921884,0.14621851159653215
0.06969117968463152,0.03279642934260191,0.14715884058353915,0.019206360754930183,0.024001184653867354,0.20950667063241468,0.19177127088013365,0.1346263950578176,0.10889545822679512,0.062346210183268726
0.15398648884088492,0.0071677516532979955,0.18665667924517218,0.04021104299477303,0.035099294267410444,0.03849549000265783,0.0903687207629594,0.14869552135701442,0.12873138836804296,0.170587622507787
0.11429441970608623,0.10164905796556398,0.09822043422872002,0.13921458243925708,0.01630618401618674,0.056542173962322737,0.07041337574444907,0.14511313314963514,0.13519594877707283,0.12305069001070604
0.03947760119727602,0.22117659062463702,0.023174956900791303,0.12703935021768578,0.0532817328911733,0.1214196627684426,0.10093879700673858,0.146998562906816,0.12291071788279881,0.04358202760364038
0.01603427981848902,0.2159220265552787,0.0099650291722782,0.09685048194076004,0.08292919893282587,0.24260827806178922,0.12453723638463483,0.031027309262042245,0.10040126052728027,0.07972489934462164
0.09784584055063512,0.07734512117918939,0.06554955761474805,0.16307272912522025,0.0806512971958459,0.1411631375222717,0.05002785098991799,0.10516682125997653,0.19918472160186101,0.019992922960334187
0.040637609580775086,0.1511191872842812,0.13946923501092348,0.13979915249306182,0.1178704443934555,0.13798573133157613,0.11137954014347026,0.05351658122231674,0.08202850997878781,0.026194008561351848
0.08262493006221766,0.10094083099159933,0.0312294158039037,0.054064941761303456,0.17721489138079383,0.08826155838303688,0.027097191241024225,0.10222476908685503,0.152964396924026,0.18337707436524
0.12537629645779647,0.10872693916466199,0.06616023103502948,0.07791287085103477,0.13652657368457058,0.13419317762059305,0.07734519212986544,0.08481774264098832,0.13342579207955815,0.05551518433590171
0.09455942689389897,0.12799911250060442,0.11327147733933388,0.0088300101531545,0.16224773103689683,0.03882715725945083,0.07379938853781362,0.1217838164783629,0.1385737045117509,0.12010817528873306
0.09696203071015298,0.11120776609324866,0.09824473977336337,0.05438494227394226,0.07038665511453501,0.1402477344565425,0.11847677957074029,0.11724128281184971,0.07306635993915905,0.11978170925646624
0.01763314931726234,0.16371635434496462,0.06529848206669636,0.1615333077292041,0.03334242561722184,0.22783666714647227,0.12608678576115234,0.05559465878726324,0.08890769389393408,0.06005047533582876
0.06755153285924051,0.12325241594328412,0.06945711197918591,0.05880030658767919,0.14886298258186467,0.16906840809286747,0.1740872070335672,0.0453195730513905,0.06563893673135378,0.0779615251395665
0.07964619277610473,0.005603422535014745,0.0955605045647859,0.17746752096344803,0.16201649441619495,0.05629146158828058,0.08799291003071806,0.08597053953457388,0.11578850051061222,0.13366245308026695
0.1144441302391249,0.1451455716881104,0.02679122967970014,0.08105712655596808,0.07256759200833145,0.07043347270915622,0.16947286833389819,0.16766806441680393,0.09490950573608384,0.05751043863282289
0.15644975440846248,0.13228309758116807,0.1451160554136305,0.09273061041265461,0.08180332817917631,0.05449365554093024,0.06490689247474601,0.017563689538509685,0.0673080701151646,0.1873448463355574
0.043343804324377254,0.024347680172751473,0.19575724958572355,0.0003085690630220816,0.025374917244632502,0.10265964943377692,0.2381781878117872,0.12620734909690043,0.05059056880723157,0.19323202445979712
0.035861952358276765,0.16373379571190183,0.14433616649807232,0.01477005013688487,0.12164235840855635,0.11269152857186188,0.14691635960653915,0.06642487812443268,0.149372679781896,0.04425023080157818
0.07670308266439281,0.13054702293321985,0.14807564585591068,0.005601973197734121,0.1676672665264119,0.09545677091812692,0.04969396286084062,0.1472899346801492,0.11017318513176369,0.06879115523145014
0.17330622265253642,0.055089384712886304,0.14386490395759083,0.0889432675340593,0.12881020347243582,0.02273982908089919,0.06782398689255476,0.17083164789230287,0.06308179037225387,0.08550876343248066
0.0875904792620287,0.13758978277819786,0.052842985076201804,0.10614512338287406,0.07020091984048071,0.1381108808269479,0.04359074975747043,0.14648929217635126,0.12950626271213764,0.08793352418730974
0.11767237805610231,0.14065723938116775,0.12373805437595288,0.11134101896348618,0.04143419683606334,0.08186510262404498,0.10520454206268352,0.059771887642710915,0.20122068586832464,0.01709489418946349
0.09708763918594372,0.13168047275738506,0.12961712544995407,0.014849384117607814,0.12764061463844809,0.10538972518668098,0.07830775625208504,0.005925792801447777,0.15485017192577943,0.15465131768466794
0.07472612938788827,0.06062440127784538,0.007948651803957806,0.1657665701739928,0.2054031408057707,0.07334925828997443,0.04575680271858896,0.08799720785603209,0.15818851737796918,0.12023932030798042
0.17933263292295562,0.039565624877184215,0.14118324663274778,0.03353045982932811,0.24614416921883758,0.02631282486173435,0.011837383716284322,0.04707856291608366,0.2332312882045911,0.04178380682025317
0.11276593853920892,0.16502553755933114,0.15285023208168383,0.1295834728857256,0.015182953712949988,0.14894232580043806,0.019492804569097556,0.12487130645419851,0.09828476615317727,0.03300066224418914
0.11404059779007171,0.053942295610312635,0.016553462302740157,0.03293316813281692,0.20074632699083342,0.05071545182900231,0.237846504485461,0.013691642902002468,0.06936065539222704,0.21016989456453214
0.019941249320099736,0.11086309389905905,0.19194119290246325,0.06525160339865076,0.09468503110933951,0.04794451893322011,0.2075470026128441,0.056242482501948673,0.18570757166171156,0.019876253660663055
0.013786190183207973,0.18306721911900736,0.15996353495635424,0.14572244374418478,0.07337563956656677,0.0697699672173573,0.11177488541605957,0.04139256410395332,0.18931296010831217,0.011834595584996676
0.20505851721126261,0.10033270846702923,0.14706650408622532,0.02383476174803116,0.0381322180664222,0.08539716277822887,0.1372117445868633,0.10695877770165985,0.007198631005592025,0.14880897434868548
0.21207749930869305,0.021783631363705102,0.07603454494808526,0.10003170863648163,0.10968625673858405,0.1273784217907866,0.09528224428174026,0.1860949713245459,0.0005149947049676308,0.07111572690241057
0.16902278670790785,0.08951038169737145,0.08116850804447598,0.03607864784035774,0.2176641526543513,0.05998840907689438,0.09789502065897908,0.09161328333684378,0.07119412384317854,0.08586468613963978
0.03492784180257874,0.07576932959602578,0.06997765289497011,0.16447633632279876,0.10501905458886032,0.15413200757602052,0.10312721376765725,0.1204804784016927,0.07657281223977092,0.09551727280962487
0.07922874460402914,0.08253198813548038,0.08842516898589187,0.11430923440982732,0.057380933557840456,0.154229085054628,0.04272527268457406,0.13931202452608016,0.16922603962389332,0.07263150841775554
0.25683677662400506,0.04927340026642817,0.2601946486114501,0.06970708925387228,0.01701654052957793,0.12017286371008475,0.10295400415340397,0.03103544591679962,0.08816537326964977,0.0046438576647285295
0.09074458973506226,0.16096782889898803,0.1711921813686094,0.1402431081546907,0.14206283699152397,0.01354228378728942,0.05793259564004463,0.07856462826151743,0.06030731776784117,0.08444262939443284
0.051920238987236696,0.0787053399538873,0.007372550021887135,0.1218814836249504,0.0852734499661527,0.07081327218846804,0.12541070272585822,0.20081368335261152,0.2175498713259073,0.0402594078530406
0.14094488259406748,0.14012116940444622,0.10377603091858734,0.12990112801843673,0.1312939061234448,0.06891434202799629,0.004612641647366949,0.12598150656953666,0.06352079248749161,0.09093360020862576
0.19882153674902778,0.17124543546468318,0.009328653457700635,0.0829731851505248,0.008481708002854752,0.06501449858354053,0.1486100976054566,0.16616365357895568,0.14866985209727981,0.0006913793099762406
0.2438998668178849,0.06844291202953202,0.11169307540840347,0.13239483647959985,0.09487338618665855,0.1722408604421763,0.06438053013501917,0.00036987708533374464,0.05283392615919932,0.05887072925619269
0.16676976645738842,0.1351100377265289,0.1751468682996817,0.16214334035671907,0.04793504506371695,0.005741473252261984,0.08299656932651293,0.08449910891175025,0.06159299974480333,0.07806479086063643
0.040147973484938586,0.15375998164417082,0.1268087581547721,0.1399537672360907,0.08799329517734511,0.06348861415571751,0.09127929110963898,0.13323378372643477,0.05977445151845016,0.10356008379244137
0.010374312012743907,0.08888283092150753,0.05564404487298674,0.16283652510691393,0.10982181040455065,0.12107491993445078,0.09484191113975828,0.10597420797984736,0.06098303131052965,0.18956640631671123
0.15199928791369297,0.18307722684884462,0.03013890675026827,0.1679875586074477,0.17707176991609405,0.023172842844349544,0.049849298787003275,0.07357304838715181,0.0038133280197285573,0.1393167319254193
0.10633719152817112,0.057496169331957885,0.03788019364478583,0.1447344179253401,0.06256053246596194,0.11916929928927787,0.10587628344292153,0.0721507135682894,0.13215832758556242,0.16163687121773188
0.14827851752555304,0.16834665411223923,0.08041382927046416,0.09247997512087403,0.01714563558498468,0.038314684502509556,0.08800879318855055,0.11007655971427077,0.07331570211465244,0.18361964886590157
0.12856572328731353,0.1616617941391404,0.15213186458643269,0.10731869325625536,0.06841557936636304,0.0993782347925884,0.06792218992941017,0.03614319775574472,0.015939086774020714,0.16252363611273088
0.07024946607903299,0.13721343535878947,0.14462494685660623,0.027975961310541954,0.1276575341866472,0.017588569022477553,0.14646925341006672,0.11302706535504976,0.0730351915847703,0.14215857683601776
0.03552320638696097,0.25615718944981686,0.009364929233733239,0.02586657125459136,0.013446896726768411,0.024372633592256374,0.09042015821141594,0.12283309142624538,0.061054865503806066,0.3609604582144054
0.15704336271292624,0.019798392453129178,0.07521089071590538,0.0540465721478421,0.1357204454469081,0.03435454145298907,0.08690407009754246,0.08507866704239712,0.1823852680779323,0.16945778985242801
0.13388908323886103,0.16282322773580393,0.045864964283112375,0.1546007597815989,0.14654570493096922,0.06740517868182928,0.15090696201962703,0.08967306637762064,0.025158562892928796,0.023132490057648728
0.1566185247733505,0.05834871751958789,0.09012256873641598,0.0878122101556432,0.16860985024938033,0.11318719372382378,0.10263957185402424,0.09145485233560796,0.12326517585907058,0.00794133479309553
0.11227308792866059,0.10761694405584882,0.16453449450221705,0.03878483734813948,0.02720398819744485,0.20843235092812346,0.07801629558970255,0.03374032842481701,0.15116711400368735,0.07823055902135896
0.09153351294612115,0.002686454194865785,0.1775094166002568,0.08829826579403961,0.17065693322296,0.1561468375235736,0.04642909816465516,0.005827067226495792,0.14286266481769855,0.11804974950933357
0.07859476960907415,0.27031441148755636,0.12399444786542897,0.008101385773623956,0.00244386566704539,0.026118996768307548,0.010321921795524755,0.2677968499187998,0.015385852892586867,0.1969274982220522
0.18853082646228403,0.009335681594885844,0.00034139354803748876,0.0013676561596989536,0.008578169265554792,0.08596060519344917,0.1681453618182675,0.17648120401958445,0.15627028355792505,0.20498881838031263
0.13326069488005238,0.07473171228425336,0.03968198164504825,0.16092760213821194,0.07385025360997026,0.1379936755547882,0.0593714500517696,0.03695031668874812,0.1807608023729425,0.1024715107742156
0.10227819724757893,0.14308199039742747,0.19537288171823453,0.18470385861033564,0.03164508223528676,0.09842206613681229,0.07024062210367905,0.003268066816827818,0.11207984743997443,0.05890738729384293
0.15895682698142535,0.0571999154126865,0.12743916837717667,0.11739313691268279,0.0004864038623194909,0.12642691467036796,0.08238448479006409,0.051957732124877934,0.16334963987084064,0.1144057769975585
0.10360263934488144,0.2541626700405359,0.040128567855035366,0.23764307288136902,0.010251082312432772,0.12017881622141845,0.004348019069970007,0.06708891493019696,0.02376690141576026,0.1388293159283999
0.10288518668339626,0.10707045476621625,0.026605421544650232,0.15976198528052432,0.16219254623662316,0.1504640660526535,0.08026347313723937,0.01076560466744714,0.06321852087672175,0.13677274075452822
0.04608536650928805,0.0666810294645027,0.15877578245255614,0.0034075213845089114,0.08480344409804055,0.08279530979336949,0.08697904542184574,0.15110202156915883,0.1787927818888531,0.14057769741787635
0.061414480050638716,0.031376079675543775,0.17448435681944455,0.08517266123350818,0.14705508135094683,0.16980047822388938,0.0013880879799762597,0.13219129911915695,0.037578316687186676,0.15953915885970876
0.1645385437973748,0.15563545627078554,0.021015712198230566,0.03419721724727601,0.1306317604968082,0.13412053766082058,0.10927752817721446,0.026086510563236805,0.1739194193188618,0.05057731426939131
0.06783644316766582,0.08022791822845156,0.12848141154018608,0.09200836459821068,0.09816034700861445,0.13173193415239112,0.1348081567041203,0.13341958083374575,0.07118594160807769,0.062139902158536604
0.1704796732643234,0.11552424773121395,0.12974469526899832,0.04218895615462781,0.060050150342567964,0.08603107066003864,0.12003880584074919,0.17237939110150713,0.007989576565547208,0.09557343307042647
0.12764893223015034,0.10053009402636691,0.13826780756313078,0.06666028257848235,0.020860144780130273,0.13677714173435657,0.141182155807017,0.11716583858772418,0.05036290363447349,0.10054469905816828
0.05208656800582132,0.12817001319262789,0.11014914742148914,0.1482914595956158,0.1292917353521265,0.1020986210035105,0.012502868371719296,0.13763049334562286,0.1489713977748295,0.030807695936637156
0.09097207738269267,0.1302290907598284,0.040050757912664936,0.10996844742454419,0.12534261749348496,0.15940099692071097,0.014962280801343465,0.1395580209505524,0.13337656973285938,0.056139140621318584
0.1496826590718421,0.006851413918224823,0.09735509578895811,0.1775847069577031,0.15311107333629517,0.19485005462010865,0.12775287549288605,0.06301826925500024,0.017166318386460825,0.012627533172520885
0.13929952466775114,0.13631649731788317,0.013332112412306876,0.11571953337835503,0.17374394892369344,0.15258719948042127,0.016506129918479658,0.11327819165572393,0.04874295107893553,0.09047391116644986
0.058586106246048375,0.09276959175727198,0.022843240776428273,0.16464124170607974,0.038824293635343725,0.053779088533732956,0.21328872125588438,0.1636107742655034,0.03087444964213434,0.16078249218157287
0.14710293007985087,0.07331734019201827,0.1971441316585864,0.025140417365662172,0.016987792626816985,0.024505259141041597,0.15696637236407132,0.03923422521676712,0.14610979972691543,0.17349173162826975
0.09090621718963705,0.13539819053284566,0.13971132684802212,0.1416168028340555,0.12226405352407631,0.1873201421294937,0.07361960453331898,0.010368783246372018,0.09525608981110238,0.0035387893510763118
0.14896155621305193,0.14053164509178212,0.08098497167296408,0.09641403878341277,0.13674224591802253,0.029725615978610242,0.09365225703902746,0.039014013830192595,0.1248986098775603,0.10907504559537597
0.16921260253831652,0.01051941874512026,0.06100750634034223,0.15330729326656378,0.14096341165351967,0.10813693322020844,0.0776059966143209,0.08017563021429217,0.1674574146863473,0.031613792720968786
0.16619716570638604,0.1229182846978513,0.03473249223945228,0.030425796518785474,0.1303570442989916,0.14960095123444106,0.05888414141353043,0.003971763840840923,0.14639347073703143,0.15651888931268945
0.14331119442850349,0.06515243908376636,0.15661409071135848,0.16127665355427892,0.026900870051183724,0.09476638506956049,0.1338795070562548,0.06753045900511231,0.06307591637997906,0.08749248466000226
0.1826691581069938,0.06453687188884047,0.14631301499910235,0.13496689049869962,0.016097812898444735,0.3028140855734234,0.04149700257588536,0.09525386758754237,0.0024605643038394893,0.013390731567228432
0.04433223223266165,0.001163811678572584,0.08404725931987769,0.10209675386355535,0.1429882762603955,0.15530460252460873,0.11184766866770102,0.1913065222557768,0.08053581696545405,0.08637705623139676
