i = 0,i = 1,i = 2,i = 3,i = 4,i = 5,i = 6,i = 7,i = 8,i = 9
0.1738847242485628,0.015312795537784946,0.11177013506650083,0.14253351627605693,0.08086779476364453,0.06055701174062841,0.1440464965754285,0.003965919095575568,0.18006535691887599,0.08699624977694154
0.04533646514435106,0.0448653215713496,0.0609105759773734,0.14043305872006134,0.17169377912728057,0.01031118553740757,0.03237502423190826,0.17039838028870613,0.16062272210848383,0.16305348729307828
0.19012044162937636,0.07638509324477612,0.11510596110007253,0.11975314999116554,0.23664222939899202,0.001035061897968672,0.12486667921823033,0.05682829637328833,0.03594997510288811,0.043313112043242126
0.05051399432970463,0.11633836737577397,0.16052795865950983,0.011981496769673465,0.05948405864742374,0.1583287018392337,0.11666409267569486,0.05626532328185835,0.13228143610976975,0.13761457031135774
0.08566779620473214,0.04450585914130836,0.13619278876517044,0.021163041769984226,0.23682964971790355,0.09426817467460631,0.021190700024076678,0.21635494090592608,0.021888572420525373,0.12193847637576691
0.1047794605737596,0.14825664529920987,0.12001806067751603,0.02353736753903642,0.0322346863238604,0.08753559132201062,0.07564591614677897,0.21387623478281945,0.1911860267374575,0.002930010597551182
0.05932599759847871,0.08487775565993229,0.09053907394585708,0.13543326508440484,0.06924919756913751,0.08774739427347204,0.06408686158331192,0.14326976787641937,0.127957404649879,0.13751328175910715
0.037846245708440966,0.09596429819541355,0.010605583147082195,0.16015507111743402,0.01090166540615457,0.000704347971091399,0.22145596749308258,0.23218832645537985,0.1817796417884315,0.04839885271748946
0.0287104874209724,0.20758866192084718,0.14142710738860964,0.07450548815947598,0.04562134001865745,0.06489397583284116,0.08025422333070031,0.14795452937455908,0.014657621493231951,0.19438656506010474
0.13731005734604296,0.07862084905556635,0.06095445541478931,0.11822739787708555,0.0998024270881077,0.0920741968466944,0.12559301933122724,0.1025676825905009,0.011583306737766478,0.17326660771221897
0.09673952173812662,0.08651741535494978,0.13185786068995947,0.06323755374197003,0.09320809877457868,0.16037713776083476,0.10603185340375043,0.09765369778767291,0.0380432649528178,0.12633359579533932
0.0043460656125165606,0.01960284243065274,0.02209223601956378,0.13400031095424725,0.07606526975336479,0.017314653368304827,0.1983618398444086,0.24434680878114232,0.15035978495166655,0.1335101882841325
0.08015122545828089,0.08707643945490338,0.06428360150141516,0.13222260930219668,0.12477393495672744,0.12736970153260993,0.14477160935741676,0.11765472686182328,0.07176354508764116,0.049932606486985456
0.049027943811284294,0.12274394022159633,0.11439901137628276,0.045550973652115294,0.0851204977758836,0.117825955936214,0.17603022219465103,0.10069148901005048,0.07321539528970322,0.1153945707322191
0.07565094243090381,0.1255391849356047,0.14671028419985496,0.055091032826393486,0.053073322133804286,0.06807034801538708,0.10911898361788722,0.04110406147245219,0.18514258953484483,0.14049925083286743
0.09183550022640988,0.010047908917076227,0.13921534381534678,0.15242787658233223,0.13142424335909847,0.12835089417819426,0.04325246077589048,0.0886781544350578,0.1680277419916635,0.046739875718930374
0.1499826238591745,0.057260758392694795,0.07926821700285633,0.1204521850237703,0.17798190473138473,0.038552284595384616,0.05362390945147614,0.1589247516726807,0.10581035217551868,0.05814301309505934
0.08255934793455118,0.043101988221675464,0.05330078689405474,0.062340066337546435,0.2362977920922944,0.0848190246405458,0.1365262535794965,0.031320035579178715,0.052181721198662274,0.21755298352199445
0.0702246422193191,0.18802650302465987,0.2791018408206012,0.04957314373033098,0.1301348419755969,0.10914682175885781,0.03376491168355046,0.02887914088483222,0.0033754236678337243,0.10777273023441784
0.0028123472998165485,0.17247443382524877,0.17652188584096257,0.16877279582442045,0.03296271537868447,0.029229170453147435,0.11995879217523356,0.12721320265984062,0.0847975382843311,0.08525711825831446
0.04438280507170742,0.037087074802831965,0.14377695498008417,0.16150352542408375,0.15727302358581718,0.14600735157189473,0.11167425633229235,0.14348216523523277,0.04023198133829536,0.014580861657760418
0.03707473514796103,0.04340463366731882,0.1641479401230262,0.08888896394466322,0.13430207007738168,0.06917494266040233,0.10392642801088606,0.17778493552557087,0.06788164542964442,0.11341370541314535
0.11043107923664573,0.01380776233989341,0.003256294963005661,0.13536502046842588,0.1358903933920577,0.0801827873204662,0.1585113812298945,0.07110821283431629,0.1649618035703341,0.12648526464496054
0.07654640655285286,0.1006367377010141,0.18818514692648985,0.09693785979940182,0.10926751681204502,0.07416597483032093,0.018134301707502267,0.12280575614314987,0.17074875757102337,0.04257154195619989
0.08624007499207792,0.11760385739071645,0.12608967860736583,0.011698043360832732,0.028289459912425548,0.11526932540268657,0.12318776978394798,0.10325608591698068,0.15340747961186635,0.1349582250211001
0.04096899638791969,0.10969815613584805,0.02154420151871681,0.15858131805583112,0.17930081360809833,0.18927388436956064,0.11241882882402975,0.09347453975098104,0.020628448582060505,0.07411081276695376
0.09698677332368905,0.1389851767185505,0.08178916782793356,0.0886457236153423,0.16141443930689653,0.027134795714102003,0.0971689956324171,0.09319322369406013,0.1853761920100876,0.029305512156921124
0.07548631610729807,0.021203045195928222,0.10362688724825152,0.18685797083895192,0.1845401386781551,0.13162057577964356,0.09631912956545087,0.02366408237824302,0.03175232466844529,0.1449295295396325
0.12527464753993553,0.05708389332464049,0.030622828881589806,0.1296410256226461,0.09008981908329512,0.08401735037050319,0.04108557925003793,0.22922369989920036,0.07533965799395448,0.13762149803419704
0.1125088466312226,0.019230587464403887,0.18979867800770805,0.2047145451265773,0.10502093551115733,0.04317061052193344,0.22936187991495088,0.06238733065448067,0.016696841450947093,0.01710974471661874
0.10544361314103823,0.12766093847953894,0.15463054218588654,0.008931010489955498,0.06527216330246172,0.17966299849975184,0.06989372090546521,0.14264178049423545,0.012400697972043866,0.13346253452962284
0.17284949265568322,0.01179068414864687,0.17071673821694458,0.10400418509272126,0.0013408463288724338,0.02877410365745235,0.19757306823776088,0.0547728644320528,0.16634092788496746,0.09183708934489809
0.08434554689254306,0.1838621751217017,0.0691440693771072,0.00043483641824164165,0.17546459847985768,0.10688687908835846,0.20471726492092773,0.09128805904932256,0.061080421199837746,0.022776149452102126
0.10698700829964608,0.039611284770415464,0.07591927095125138,0.21760241464946156,0.16290124123328747,0.05933844347915349,0.06332109341158736,0.0014392279255108311,0.04278991445820968,0.2300901008214767
0.15300043052929146,0.034240219104331754,0.1920866744951393,0.15841814849991262,0.03810701625703898,0.025300447051365912,0.1594246733519742,0.1649999505267419,0.033741463312171247,0.04068097687203253
0.13788965496910066,0.1548094238924526,0.059992059665237754,0.19529894460315744,0.04223301882326968,0.04329868209111585,0.08061995620141964,0.004515362446948652,0.12322039901535661,0.15812249829194114
0.0930781757561094,0.12156037916728334,0.10790911443901069,0.021084404972437697,0.003943503379583349,0.02491183700499274,0.11138468672268674,0.21044309924118718,0.1702225287217907,0.13546227059491828
0.005594973358630835,0.13989452488946652,0.21104314273609537,0.142903113213209,0.10815959042118589,0.014137187541854446,0.12014621301452685,0.0019260816520459778,0.16985461660712053,0.08634055656586441
0.13099900576908186,0.11210115589128321,0.0008505040759784345,0.15538129324992944,0.09797395836172125,0.1259213011747377,0.038972476261565615,0.09184641331473889,0.11757561875878657,0.12837827314217698
0.173721904212185,0.00837046058840482,0.10600386008601351,0.020914829488859428,0.18952537983929693,0.1565149982569112,0.05412902883957161,0.009786451966005309,0.15291327543758979,0.1281198112851624
0.14263889534921612,0.1540779381391149,0.011913489564112638,0.143683743368681,0.0968685652197453,0.16214671653954746,0.0872811490007495,0.14955691684742084,0.0019379552776346463,0.049894630693777565
0.12093426206039788,0.022824699393451404,0.11280277415735643,0.12523957320370516,0.0014295160927504458,0.16849946702626564,0.08828957619728399,0.05945808920529207,0.15273865985547683,0.1477833828080201
0.2248814684637619,0.21469741534704115,0.06802784070792586,0.03692039662213353,0.003642443029840145,0.055495852673161164,0.08595162152213322,0.06085438032345584,0.20457488519113615,0.04495369611941102
0.1708322063889296,0.05971148661300384,0.1475397240928655,0.09170308507443414,0.10324658530753773,0.04968459129074005,0.06353282837471629,0.1135881133873906,0.1845512677684736,0.0156101117019087
0.0769314990041315,0.04922056377242365,0.22484904902463662,0.14389894915090318,0.043039386226700775,0.07379655468669362,0.1888801927334307,0.023210076439414827,0.11561237082392425,0.060561358137741016
0.15201102787517634,0.05660877271208749,0.09656578382467505,0.012441520337651661,0.15216243889737494,0.1423521217727806,0.14888293302351935,0.09404880691653784,0.07276288469069725,0.07216370994949968
0.03163426438463038,0.12619751467543877,0.136657857936429,0.1993585961734834,0.03922647242399182,0.14297757684092732,0.059820227003145585,0.07746101929206448,0.1679382812499151,0.0187281900199743
0.17323493376698254,0.15840613274420984,0.09827943582719115,0.003303353625170224,0.06497470613436744,0.17062985431044897,0.057096702700514305,0.009868640651208677,0.1355289982227738,0.12867724201713307
0.006730020971049388,0.05643310700995633,0.15781295879647206,0.08838261363850165,0.09387072176279203,0.13668186078651018,0.07738672683317327,0.11251850021155797,0.17322680078805977,0.09695668920192713
0.06057357941108603,0.2355125538026162,0.16162521875777636,0.07426842026250303,0.09346799287664213,0.02594913302994684,0.0057157080497559415,0.039608131814892755,0.06756089409986749,0.23571836789491316
0.10716625722230988,0.1596019917301339,0.014717054621595019,0.1505504728621858,0.1484430332664221,0.13202893247499692,0.0028036783752002185,0.08625219828850338,0.11326073087141637,0.08517565028723617
0.17215008087035355,0.0860843420351566,0.03788491868885644,0.1358299899965029,0.16240783109578333,0.010998910967985371,0.17400021969444673,0.16615374877277392,0.010674372817857177,0.04381558506028395
0.13223528867408504,0.1268693059322964,0.024598019716025977,0.06444430262915826,0.11389799041533939,0.1490031867873014,0.12782656403122553,0.08683392678300217,0.12193557525234514,0.05235583977922057
0.15493011649674088,0.12081694513620507,0.10606982027644596,0.16810888217000872,0.026626110527488013,0.09448628671995954,0.1670824636211212,0.10842450215640816,0.052674575924579005,0.0007802969710434173
0.07855995123046876,0.1441186433938149,0.1277400535500853,0.09793353058314756,0.0354208952282334,0.1350977212836809,0.0884882003756496,0.1020860960210848,0.13929721968948983,0.051257688644344976
0.08997189249183482,0.051542577885217336,0.055727326435978816,0.027285896146545047,0.09280872756601753,0.20745363728173236,0.13911331924954862,0.23837784733078748,0.012906937614582203,0.0848118379977558
0.1535648370118329,0.02274809978711289,0.02492962870359768,0.05430430617278276,0.16629942111692467,0.14293904625761122,0.14235015386684838,0.0634281043094154,0.10250692992521201,0.12692947284866204
0.048657700846744006,0.06368013503582844,0.15402529661733222,0.21522025165821224,0.03126265577227987,0.18338173074379543,0.20654258909552525,0.03580394336804654,0.017875251718766777,0.04355044514346915
0.018173120880844353,0.11539520544209494,0.14042322093298581,0.030961724372242358,0.1555170592052297,0.11857673032846325,0.11756913465186637,0.11503345903050193,0.039925682872572275,0.14842466228319903
0.012118111631562338,0.15548856546444878,0.18011544495410978,0.1062343785832372,0.11937953171562934,0.02895306720311386,0.1497822829927424,0.10720845829499027,0.0253536425997872,0.11536651656037875
0.15808675623274454,0.012463622871891287,0.12498186103442306,0.053566706635077864,0.12975823308728196,0.09847112661480133,0.07612384289024675,0.03392730751339882,0.2046335031271693,0.10798703999296495
0.04323404440330437,0.08170177458458482,0.10051605503944565,0.031365611374177545,0.14075339182598692,0.05271473918581417,0.1621309293091116,0.17691521723834913,0.028752599744801217,0.1819156372944245
0.059022506086323444,0.09305221331685339,0.13796990481204494,0.15044215149672846,0.0501295389516604,0.08907275259441216,0.16602345455114864,0.18855885141450845,0.016379058609648098,0.04934956816667196
0.16710353943294268,0.15076372468572244,0.12201578828367568,0.011100789399034207,0.02044203828693753,0.08222458009619846,0.006874099034603693,0.1972100519783893,0.16812065412011476,0.07414473468238131
0.08113688712098609,0.016553186966878054,0.05307724176655592,0.13234492354736724,0.18569569883855633,0.13019948263515863,0.08385350905467238,0.05286470100278236,0.15448847382385011,0.10978589524319278
0.09475691748669222,0.03814955197717038,0.17391687424386973,0.052239850614192236,0.15074744162192422,0.0059333413963906295,0.15675926807413026,0.13351389148752296,0.06063589141660769,0.13334697168149967
0.07246702439190646,0.09933146830153056,0.11314575292246856,0.15344738649930542,0.11565381054917116,0.0864855074866322,0.2194990165643219,0.05203176962372846,0.018680402934072565,0.06925786072686264
0.04502583735606653,0.10155030633620264,0.10545773567708362,0.14545230516945065,0.056012291301170004,0.1242124743411114,0.15185115224908957,0.03218942566012069,0.10428271539100133,0.13396575651870368
0.14010707455353602,0.1268807239608946,0.09362394555714451,0.03293763757434814,0.06537334175751278,0.10796587702632798,0.0779434895445467,0.10219713321555368,0.15549684489625695,0.09747393191387882
0.09328919078368417,0.06149616137211509,0.11981004662926867,0.020765192399301014,0.07426044673800906,0.20171580843612288,0.1394805842537012,0.1617812947610375,0.010736358519680389,0.11666491610707987
0.041090249364911374,0.24490816037794677,0.017796208854079495,0.025342197608941987,0.23700666230623832,0.07082862152828089,0.014230117000887646,0.021788361672273576,0.17687479561176978,0.15013462567467037
0.009299888351405014,0.12315908106727824,0.09345665584668993,0.0638742601751706,0.01528705940884744,0.15266370163933587,0.12024732804539003,0.15190297566577127,0.09014593206900881,0.17996311773110282
0.11802679318117651,0.015668082741678222,0.02735489262648237,0.1272207902778149,0.018926751695814273,0.13774182895201248,0.04681465919536209,0.15230187767982178,0.1784821218424847,0.17746220180735275
0.008708485065918724,0.19286470595890187,0.03998040601197229,0.1774217338939379,0.006027325520141629,0.20026403443302077,0.10412346840654599,0.1622477462414749,0.0030074402538764373,0.10535465421420942
0.02861649578688638,0.14014925328136849,0.05854214059946735,0.19898659083365616,0.08933240428281725,0.16013332961455545,0.02624705532254717,0.12759251054828052,0.04035744069872157,0.13004277903169958
0.09177250498314089,0.005250678420031059,0.19042649523909713,0.19139040142135547,0.030757367039872058,0.20364883579097687,0.008092668078277857,0.03723844939274445,0.10077423504799925,0.1406483645865049
0.11838051607963143,0.13607082909264498,0.007430563788135267,0.12513601309861327,0.11938695850870425,0.09955476174414668,0.12423423174909802,0.06952728050279244,0.15343782333054123,0.04684102210569241
0.05503070501090735,0.0313031923174954,0.11270260058410043,0.048752822710583475,0.06836776863351661,0.0934146244917472,0.22080985600852482,0.045285690753111875,0.26671603546344286,0.057616704026569966
0.014400304745668467,0.17809188419094305,0.11076072447666303,0.12116440596540377,0.15308621033446543,0.006675003680479525,0.1076825440654228,0.19381710742980973,0.1109284946117407,0.0033933204994035008
0.1710215060616069,0.15159727021473088,0.08567227194046681,0.16605215573579124,0.08343972459249205,0.01614160736158321,0.17507940081043963,0.09134518229732236,0.02676773588003183,0.03288314510553506
0.06802044995190365,0.05841844626009224,0.07719804274051534,0.12897866045484044,0.012064140184167925,0.15914550604502983,0.042464705182408094,0.18289469100209535,0.09248530869726568,0.17833004948168144
0.16749288622905675,0.13351993150802136,0.10754500479245524,0.05492916803953634,0.16398194924134582,0.048720245285932544,0.03532315246211289,0.1381200459855525,0.10177265593584382,0.04859496052014279
0.05593729594249933,0.15592045250725556,0.14812164362486197,0.14551925251510248,0.011221679166894259,0.100909259502769,0.01626508666573148,0.04761425445901429,0.15868439957430017,0.15980667604157142
0.09040567414025547,0.0956952794800704,0.08217468996311474,0.10675454278012676,0.10483266487784676,0.10711084432550183,0.08662548934181388,0.10772873186771788,0.10250716418351632,0.11616491904003592
0.015762109949843905,0.12744544719378836,0.16492675637692916,0.15404659742348162,0.1418339323096764,0.15529532552526845,0.10926454282821504,0.06383608107431658,0.01116831260683213,0.0564208947116483
0.19135116759271342,0.00922838137513092,0.16056991115568212,0.15582471515614163,0.03521609063367121,0.022760915139414837,0.15662049982010898,0.04235592252173055,0.015692451550486118,0.21037994505492008
0.11587790541077804,0.0678274546574856,0.12703954876534235,0.13591607794045493,0.06420831042405116,0.11323515518036593,0.10856739378866766,0.1254072695149587,0.029474497616406428,0.11244638670148918
0.1681077905579429,0.15483462880469762,0.15470298644001945,0.009214838939789848,0.07202445719301884,0.02848858588297405,0.04059854065498428,0.11022679940029054,0.20629435504910432,0.05550701707717809
0.11879310523636007,0.15177669391668702,0.15656938444343443,0.05739359224718225,0.17381554429831647,0.1063277605163751,0.04965149658533628,0.02845661514022465,0.10135731046128883,0.05585849715479477
0.16893661393768136,0.029161408847398127,0.1671701848257533,0.0007005416317678899,0.0962377137465335,0.1255510627935542,0.10285980369522894,0.13932485309139453,0.15156316368835043,0.01849465374233762
0.05770034842444428,0.17142351755899227,0.1900435889186614,0.10701814502844138,0.04725591074768001,0.022284383165953884,0.0912687698359138,0.04315591041792633,0.13169925570322258,0.13815017019876408
0.0681617806389179,0.10833451373221978,0.027404088523731805,0.11331071376113196,0.10270554610937556,0.050444467948666846,0.1669714908733984,0.16011408904710173,0.06062992456327731,0.1419233848021789
0.024292436094359156,0.10634727394315424,0.16791903290367952,0.022803879382812597,0.0028383641985413694,0.17369463328030604,0.12698209404958635,0.1470864866280511,0.16889541746806583,0.05914038205144381
0.056607579884683006,0.05271605468236926,0.01989598009244951,0.06284213073397914,0.14980748006476785,0.04198682486785411,0.18358680211363315,0.1820933305223554,0.07147309253651961,0.17899072450138898
0.12827516705455463,0.020563314837985874,0.014829648997830784,0.044499196575956274,0.09894382306343306,0.1386210613348947,0.16324604074234653,0.1083745300598411,0.1315000217787175,0.15114719555443953
0.030433626538492502,0.09824321184235672,0.0886193610270139,0.0574886489009224,0.08117156959095442,0.12254547515568717,0.16589582620633184,0.13133412143825884,0.0043222714544051705,0.21994588784557714
0.16903411017399025,0.0640706057990049,0.018954121154702932,0.009546192862835505,0.1708471367975639,0.08025162610018192,0.08110830385665223,0.1502966708639641,0.1382030854409412,0.117688146950163
0.03763345741355706,0.09498910304693495,0.1390355481133354,0.07117248104656161,0.11904642562684867,0.0777856649727683,0.2179319533462945,0.1650518142122666,0.00271468896470803,0.07463886325672489
0.14346108454031511,0.0021021661099343814,0.06886950357261082,0.08562330235125341,0.13895597078236255,0.04209399925569507,0.12441417787246119,0.14783622190449835,0.15867559599848322,0.08796797761238585
0.17455224085874682,0.16520031841107774,0.08588111549216511,0.13390887436292795,0.08349762350309937,0.039984116146320824,0.06772292244600506,0.10089074467239897,0.07868381930234267,0.06967822480491544
0.14631282230430703,0.02293119364897665,0.07005537699728863,0.07776070530786336,0.07262713776521203,0.1391715100812178,0.1578899395207134,0.07394612323431381,0.13054493839095227,0.10876025274915503
0.1748443682365994,0.19503152983986236,0.12417961722795459,0.02219578295440683,0.1092986167096078,0.04666678968815737,0.0046778012075812045,0.06889592056670098,0.03493585344594312,0.21927372012318633
0.0466315831278782,0.1234176792154025,0.10832439144487443,0.15733752304091658,0.11409193545478695,0.0629339520411145,0.13090595323512824,0.045142971181843405,0.12569777685641553,0.08551623440163961
0.03904863903887685,0.11966989910137035,0.14900382873805068,0.11263690175627276,0.156227796473541,0.03409669893443403,0.09416081207737322,0.16518891309503755,0.09194365108048068,0.03802285970456286
0.12422396252277244,0.10528013856638256,0.09264592311997699,0.04468177853734463,0.08480636645336229,0.12849360753966943,0.0889124573730321,0.0546690037064432,0.14687070949147002,0.12941605268954617
0.13298672466286085,0.028542270682091784,0.026491377840774905,0.12264841773401483,0.19638383424246553,0.016167104429073067,0.05375010469962231,0.19525213591847698,0.09543884162599972,0.13233918816462012
0.09843062884510481,0.05063437268310561,0.1463725157927497,0.0759700688480741,0.09703694800059891,0.1486164315557049,0.0633602120969898,0.1381031506655758,0.1452884667215525,0.03618720479054402
0.11587545245127118,0.01643732026611778,0.054678192466177576,0.13983898746435422,0.0953589748579945,0.1514043840304662,0.11715732344613461,0.0674044188494126,0.02486469319770268,0.2169802529703687
0.13431563382169845,0.1445427919846554,0.036744876039041,0.1331819099445772,0.06367498810334478,0.12828687632042407,0.013428808654502586,0.12103503165586389,0.08490560146791967,0.13988348200797285
0.026375697748579084,0.10926835243741576,0.018230709208199244,0.180953592229593,0.10467125189239482,0.08084090350533628,0.1167622522098927,0.1753124642296382,0.02010885870706113,0.16747591783188961
0.12921979431664082,0.1983651521859246,0.1085578705333527,0.15485606522507347,0.006463808152840527,0.07245092616492757,0.17419887097717587,0.003933709555768129,0.06745456266354456,0.08449924022475187
0.04175814027884195,0.1330875131877578,0.05868341492519399,0.0020855782639176814,0.12670215761200543,0.18012417612674,0.08463358353407066,0.12577206708607971,0.11465202825423615,0.13250134073115652
0.1484147363859588,0.05043374768349482,0.13391654159405733,0.08699155529980464,0.12368393816521209,0.1455201130133275,0.0661249838013363,0.05823481755603979,0.13086862791839224,0.05581093858237637
0.08235134414746662,0.1620389715365512,0.048416792516174485,0.1794486210893842,0.019109675808036623,0.056912774923472624,0.16770695076524725,0.09897551966365735,0.10506874631910941,0.07997060323090023
0.152231606808374,0.1169294747244808,0.1416207701419124,0.08034477820081472,0.0690715187466164,0.0017115553599713065,0.13714196290540975,0.15548746913682376,0.1266423636721186,0.018818500303478196
0.13719916772610088,0.1324651343727486,0.028147719251524837,0.11550119295321362,0.05872938530020176,0.08442034479764401,0.09074772244468578,0.1688538825369708,0.05181658488876854,0.13211886572814116
0.04864437399408013,0.08907387641111776,0.030596434959739554,0.034915242385157454,0.21263111395024584,0.11233000796006472,0.015245164125097164,0.09545756009824029,0.20941297293427985,0.15169325318197732
0.05527644435565317,0.1749388625992298,0.16704857085887767,0.10460533674298908,0.05471015918432112,0.008741399455397538,0.0697679048009401,0.040695008122486706,0.17140113576307775,0.15281517811702724
0.16880962528784832,0.13903550292250164,0.11170670708365475,0.06935014662604404,0.15922046465848108,0.12543022716935107,0.08412131499107554,0.03966285645672768,0.03655973776816383,0.06610341703615215
0.05415768464625421,0.11191597652421009,0.14040050451942296,0.11411162976995044,0.1226661369719884,0.09216669562657219,0.11099879309229883,0.028669081839609766,0.08832715700564034,0.13658634000405287
0.16269672184555448,0.06685716765087779,0.1417215307807439,0.1616681666756782,0.09373998701001211,0.03594788975405212,0.041140246334013406,0.11068186359213318,0.07656595009856886,0.10898047625836592
0.1505134082322057,0.08066709308432646,0.033134377769874115,0.1331057845364337,0.1679624556961411,0.031128726980133078,0.12398851547669931,0.07280464540665785,0.16772954076881466,0.03896545204871424
0.0018952761726802004,0.22551490165036073,0.09225500905761018,0.13198500933547402,0.07226905318500701,0.008695620097137941,0.021779458590899057,0.09817123622824163,0.1307080614933525,0.21672637418923668
0.0242439746815938,0.208957905043362,0.17742837332921077,0.11865081750438564,0.15312731739982688,0.008114117435450468,0.1157172297735351,0.12899378960016966,0.006250114221353422,0.058516361011112454
0.10902731252047375,0.0288277972814052,0.14651202040939945,0.06077188591569158,0.1251603693746635,0.1047542814670107,0.0045534741348454335,0.2026302879013935,0.11820774585388946,0.09955482514122745
0.027228272727727553,0.034162387413224256,0.0647341805355613,0.07238419970673042,0.2266797234895199,0.11527193808477643,0.01090577998599657,0.21883925466461907,0.03132740664921261,0.1984668567426319
0.12653901407618148,0.02869149128336851,0.16883766646773285,0.009326801592303965,0.006072410409046,0.14270685063178337,0.15627283456646368,0.13876241095109143,0.041462209071084985,0.1813283109509436
0.08147319228054392,0.20000407034198983,0.03846833461308648,0.03390452499310085,0.13962215645739487,0.1529487069180426,0.03802337061324327,0.1731284932166217,0.10553931429959212,0.036887836266384456
0.12038086065803538,0.1267450588276439,0.059788238919593714,0.2063440594167552,0.045167078115679174,0.19181976479158153,0.028144738758574813,0.0128809823706757,0.10755713624731324,0.10117208189414734
0.1370461604699949,0.004606955270162587,0.04602234395110122,0.16714639937965944,0.13391033483930753,0.06002481706544971,0.13514112661013952,0.12559798493527136,0.15594146490778651,0.03456241257112731
0.11310997065501946,0.12627097788478225,0.020261098354861593,0.04321222289410249,0.1644374516582253,0.03872679096611078,0.18524143886742525,0.07254205130037449,0.22618158877467703,0.010016408644421507
0.04049564296967082,0.10284303402956639,0.18133130414063858,0.016159962415725728,0.18701809300682523,0.07838245322683002,0.0005405902642872371,0.04940238373346521,0.15636905733653308,0.18745747887645778
0.12096339099813368,0.03695776201657408,0.15451468337560115,0.0959362804384055,0.002526108911441569,0.15020853141527996,0.0666037105008516,0.12301627425796717,0.1597110626839894,0.08956219540175588
0.07025867532723648,0.053015411814833206,0.14249705906417617,0.11369789618553595,0.11416694649008395,0.07042327562737036,0.19698682586910532,0.03192752056403826,0.05781780187328179,0.14920858718433852
0.010439160746049997,0.09543570896943998,0.11579706809513023,0.16310872206022564,0.13856094359605362,0.07663618002595302,0.12747746802021745,0.021763771592813733,0.1983678407241135,0.052413136170002886
0.1124971791131986,0.20912699650340433,0.008423118005998284,0.061295144428266356,0.0012326073881851758,0.1682567557335457,0.1569633947026133,0.12760854974237534,0.1251086160728267,0.02948763830958612
0.03455213330510343,0.03822133444908026,0.17026822403607766,0.15702719744302535,0.014714130663370555,0.13035669311123133,0.10698114193659483,0.13911418710857665,0.09425762632488978,0.11450733162205025
0.09420734054579066,0.15437666441408013,0.08420991979694731,0.06468426834975587,0.11426094952479876,0.09538033180958892,0.12814546548235708,0.006051250474141402,0.15081047709980014,0.10787333250273981
0.032388145030726456,0.1339120761375073,0.13545708074449578,0.131994492941782,0.02746143418629655,0.23786102681685575,0.038733560747996956,0.07145039885935224,0.011834624484555266,0.17890716005043178
0.12539064492215593,0.039230381607448364,0.10016308970025302,0.11076147106510147,0.08382739747919624,0.1157713108416652,0.0075656195137355905,0.159920353165604,0.14982735097813196,0.10754238072670821
0.05354629798705981,0.15056400100222975,0.2096124061925843,0.08872111676352606,0.06558538899665434,0.07349051650732152,0.0017051737706354404,0.1843948417249601,0.08605569069283164,0.08632456636219711
0.06867176966303211,0.15923076606291173,0.10924377885102225,0.055063704661541084,0.17028489683145928,0.1473432746574984,0.039072687619830605,0.07705030384904775,0.033506270867147435,0.1405325469365093
0.17787135290379638,0.17380705393375326,0.0013636687360905702,0.03514190983620573,0.22746787228671034,0.12806969947157434,0.03268571609130406,0.05986862273167907,0.15863917633808972,0.005084927670796393
0.17049596109936868,0.10458966420851093,0.05688461676424152,0.14882061340540526,0.03393327847584552,0.1468658652079678,0.13689490885822078,0.14307384594436662,0.03113656561361872,0.02730468042245426
0.09663300192057384,0.03415304701553908,0.19280727171011783,0.18480377706033269,0.17935726055962373,0.05299168708110375,0.018615640450672384,0.04831995681290463,0.11568900201875686,0.0766293553703753
0.14395547071097417,0.1467822953980945,0.031249179132320767,0.16010152515176437,0.05584294279156073,0.14132076159907367,0.13904754387430965,0.10294721954403284,0.02800848596115745,0.05074457583671194
0.18383014489056063,0.004424689393665615,0.046766279579466406,0.22098435881704337,0.0740979586353754,0.08014607101251575,0.10268000164062889,0.004403708677747287,0.22733250693494594,0.055334280418050774
0.12369180295708741,0.08052159293162506,0.05971418793391952,0.12927709370886697,0.13825344373479956,0.1379046939438049,0.05944736015769724,0.10600388446212788,0.014844758949909656,0.15034118122016166
0.0951108159732165,0.12132479250895939,0.1081546443764728,0.12887441937688238,0.08877324350482847,0.10524092049966932,0.1035312131101029,0.11956990535509579,0.06656104216783233,0.06285900312693989
0.062029873202530804,0.10260443080769353,0.06866602203722115,0.18972603838684007,0.12393481640151298,0.08067583906134859,0.1097244826216594,0.10888781104730151,0.12122468161858017,0.03252600481531193
0.055796312587478136,0.006565992414977611,0.18380908626352294,0.050750945475345824,0.11380334023749572,0.08654902040711761,0.04159663458276174,0.1019698996421521,0.1747644960412981,0.1843942723478503
0.18549269104517613,0.19488287497425896,0.02253352026899051,0.024526537745299025,0.07809519022357288,0.2032986002731679,0.012987375546277288,0.1523222613776185,0.01749276972528391,0.1083681788203548
0.0412997933157767,0.34450599862979553,0.1130578049041876,0.016415225940480845,0.21299350981484022,0.057451151700141964,0.06673643298023789,0.029029920085791368,0.08888639255563716,0.029623770073110667
0.17391716234061091,0.14989065375669075,0.10716319342242295,0.1070398552598532,0.01569284475779807,0.02466184260055555,0.081135671876973,0.06270330972905971,0.1794237050715645,0.09837176118447133
0.032822006261568525,0.19385118687937888,0.15696229867519204,0.06631803290214004,0.017463069485046768,0.05095428316107996,0.17689627041963865,0.09414312750506902,0.03676803788850552,0.17382168682238056
0.1535971983886299,0.1584135479241483,0.08276751642344068,0.13525590676051108,0.20979842224513073,0.10800662098413753,0.10216169460344189,0.025618857460413445,0.011295762882954958,0.013084472327191466
0.012871792689054667,0.013978424211921385,0.21947389593093566,0.07402111446381347,0.01945348874441423,0.1613798761744648,0.14961454508783217,0.11671542723549846,0.18469176526849057,0.04779967019357463
0.17234833526944093,0.1462599189494859,0.11772541436831856,0.10665803305314317,0.05407016693172539,0.13077443026152327,0.019227728350820844,0.08210252803205904,0.10595166010332188,0.06488178468016104
0.05752006233013141,0.09006037836901289,0.0035070134462517346,0.12872360595270496,0.05035606459424253,0.07929660324850504,0.111510051668335,0.146846685386283,0.14448308849175007,0.18769644651278347
0.1595088168192167,0.12201238306576288,0.021051632579651397,0.053585380183245955,0.08294402847229662,0.012304216382599584,0.19406267942099972,0.188417825999177,0.0465578802484637,0.11955515682858664
0.12957913224014792,0.054333266500641735,0.10239351324388592,0.06552834119379262,0.11225861136121244,0.025662582781632557,0.13493425544374293,0.10444725483075305,0.14529621307081597,0.12556682933337482
0.1367399848767904,0.1407129270610152,0.06058878361607644,0.13167508884889007,0.047216443311658,0.15756607800745095,0.1407922743260059,0.10797554782099467,0.06904068390410267,0.007692188227015808
0.07520843115512156,0.15541098255407487,0.08075829798167625,0.11053902118611861,0.09251303475631005,0.0067670213105232154,0.20908406434984583,0.04765767172384657,0.01777386420510316,0.20428761077737984
0.11163580857031707,0.044502617476280024,0.1839503887473193,0.13523331795377422,0.04281072973156109,0.1205120266281176,0.06109444735909841,0.05725533095151721,0.11080156434138225,0.13220376824063293
0.05898230731114212,0.19763464051946456,0.12908707486747936,0.048845164876030626,0.14789317385962705,0.13977084270132004,0.18326023376017686,0.04079301817125854,0.007630472550768315,0.04610307138273241
0.11108825129240336,0.09940509169410526,0.1824703723831926,0.06829351122754869,0.13272131864912812,0.03201772494447755,0.16903931861637084,0.1145410006397472,0.08348056351457943,0.006942847038447026
0.06669436552490149,0.042863013528563546,0.16325782582456663,0.13263952289387623,0.16238676263825932,0.10093017645753179,0.1435866452867016,0.15667318360396207,0.014279437974085917,0.016689066267551445
0.01513186969915943,0.1573773372322462,0.19647395607121113,0.10237258174216528,0.02875864358447604,0.08034504808593494,0.014822045986523343,0.026270425799444438,0.19966882569385974,0.17877926610497946
0.1918665741477549,0.04386605251316771,0.10453215443309939,0.16924869958121097,0.09680378415162422,0.1678787809884786,0.034373527279136,0.00031912178163506674,0.16075917382731664,0.030352131296576563
0.19535954103091704,0.0824293662591086,0.09563726158042575,0.13486478370766267,0.058267528095511154,0.02487842420997618,0.06399936487492924,0.10575643723616072,0.14626244841660122,0.09254484458870722
0.12656597747995085,0.15366199193863844,0.058295009492170785,0.04898399230892315,0.18012160190386373,0.011020034301283869,0.009954314477941859,0.12090599392345759,0.06071873821727723,0.22977234595649249
0.048912167303573714,0.012641681158613988,0.11436376864372833,0.08871840234853873,0.06421245845053297,0.18320030687538055,0.05361114447909327,0.11860281073531216,0.17661413135183612,0.13912312865338994
0.03383504724983065,0.1624883062020095,0.09677460227600476,0.11788247572442366,0.14300542373765118,0.15705260857398948,0.02697541702675145,0.06360551101446285,0.007998365429657987,0.19038224276521842
0.10154594442926565,0.1474844395039882,0.05924567886176842,0.1055836020097812,0.10507272460421006,0.09915362938165556,0.10467000718946962,0.15556663015744415,0.048805187654242306,0.07287215620817489
0.1334848363944319,0.027896702086677886,0.1300806495025158,0.11288161237648009,0.07248768389997533,0.17857562876317074,0.0017845320046869975,0.18918913686762986,0.11943470459283466,0.03418451351159661
0.12329466053414068,0.16873646089492578,0.19106575833079137,0.12961370557792215,0.07901233011156995,0.15184396187984409,0.024300904285856902,0.002305408412031774,0.04681428015283214,0.08301252982008521
0.12941144731067877,0.08705177938244829,0.051379894043171274,0.12722489646446342,0.005795787473056618,0.11520145105566158,0.12064005726331962,0.10440887982053709,0.14353161687977664,0.11535419030688675
0.11646516182714048,0.053375874104921,0.00785633052867759,0.0006566952719524008,0.11414463185589667,0.10604378346152948,0.12666805255403088,0.16193692113692615,0.14932501398087464,0.16352753527805067
0.060527746000522825,0.03641982424479293,0.10903852904995076,0.030507798702390117,0.0636256115714632,0.20055024691083428,0.19967003519992557,0.18541429026606077,0.0180655668811143,0.09618035117294513
0.16203726181769465,0.060960144984005295,0.11673659080698577,0.10786328686604517,0.1460531474519429,0.10854598512008373,0.034850604156892034,0.16350851441850583,0.059222489411563266,0.04022197496628131
0.07039243388228053,0.14275652924104387,0.12387188253872268,0.15872184046762577,0.053102371780165754,0.04269281539951913,0.11089634035621972,0.15511285310993006,0.07729752123335747,0.06515541199113484
0.09098785755851123,0.08070571604862312,0.0354465284886068,0.13656088417850346,0.13994277620605813,0.005852230631755939,0.1563750328053652,0.1636108702972068,0.01795324789457965,0.17256485589078988
0.13421759980189368,0.15357271433750125,0.12841863938672918,0.16170614022587187,0.1355828954765453,0.09658924489378637,0.02672527198257831,0.019793640844651864,0.015956621006877624,0.12743723204356452
0.08038323928108027,0.020354704815329024,0.1068109494340966,0.08381134484317256,0.004068109731443755,0.16522176758882015,0.14901527289166958,0.15417231703057052,0.07659981636049717,0.1595624780233203
0.038545317561976,0.1619423273573775,0.07293142367716618,0.09813599641698449,0.19737543840186317,0.16245097638425532,0.14099494568424972,0.02664185572180118,0.08778054901609914,0.013201169778227157
0.11515397293654404,0.12952594708310117,0.07332931107715755,0.141440423449942,0.009350340183968344,0.12947770809482143,0.07999441523100116,0.08992057654149192,0.1508612390056821,0.08094606639629039
0.13931485525952758,0.11326251953941924,0.060370857828877425,0.11780224223666337,0.06072497757965312,0.15711540456958248,0.07960976122060952,0.08715362945991423,0.04957984697423212,0.135065905331521
0.13761400981437333,0.1055601569841316,0.1482107104927311,0.08269540941169921,0.08526801110622885,0.04704060654644582,0.13674571283354917,0.11689527506364449,0.08449455922070898,0.05547554852648761
0.11894255120717438,0.08370628578545553,0.1264726722480865,0.053172257381953594,0.10540881090879413,0.07391414114230097,0.10650677382556344,0.10758376112663037,0.11402490088746932,0.11026784548657177
0.11565282229447527,0.05414029113864743,0.05412401560986273,0.07513794347823553,0.13884834707848936,0.16538448314032894,0.06691731971439245,0.1364074678740976,0.033574780073004504,0.15981252959846615
0.07330198400020037,0.04346851509444012,0.05193640193230475,0.07175188002151457,0.1882149843069993,0.059258633505070664,0.13346695682784437,0.19865232747671452,0.01969490344368431,0.16025341339122706
0.0975606510266749,0.05103256546088393,0.13605709008657246,0.11556671295943331,0.017038631233799267,0.14356584443043824,0.0356338615839821,0.1960574667645799,0.05346680257838271,0.15402037387525308
0.10918438911042763,0.10592282946012534,0.060915079152307025,0.11022014823099167,0.11132368694224261,0.09156172664043018,0.10030740585730687,0.07730104290563054,0.11439027648364704,0.11887341521689117
0.17572603967330347,0.16714079000705168,0.08054667467371629,0.076271952158917,0.04885662525175322,0.11036271510279269,0.08243688322998331,0.07459374868442498,0.09364909080199446,0.09041548041606294
0.16637094582987022,0.09658272875427452,0.03633974917312443,0.14767762676634383,0.1104170473630789,0.009777271036663258,0.11750883959038107,0.03173387051673136,0.007626345107270327,0.2759655758622622
0.061539468742525874,0.1604289782831987,0.16795293713119824,0.10173903890834111,0.1134348685199086,0.08867138279884411,0.016246602688906667,0.07210766492491745,0.07768031889387231,0.14019873910828706
0.08634529788708127,0.013090904063119364,0.14275174266153137,0.10220840136816646,0.08323640945843434,0.18619077848818172,0.0843757651951238,0.16844940713068987,0.02484320317355487,0.10850809057411676
0.1319271352220339,0.12754438750609629,0.08995771287934395,0.06953944043915433,0.1962619498486878,0.018446703355993323,0.011970981417436048,0.06555005957139871,0.08154217511529092,0.20725945464456483
0.175486072618759,0.17401595895261207,0.01802746967923355,0.1168276944390034,0.17267443985679565,0.10139310502155685,0.08524966072360642,0.045037559027663814,0.005375539853004507,0.10591249982776461
