i = 0,i = 1,i = 2,i = 3,i = 4,i = 5,i = 6,i = 7,i = 8,i = 9
0.1887392960608212,0.11023645333278934,0.040961800226624434,0.14735263983725935,0.14439847425475927,0.02889481943162061,0.023689250595140335,0.1727099168837437,0.1421083312623938,0.0009090181148480652
0.05532086676013492,0.12528370745302467,0.1446667454269627,0.11433617550380867,0.12197538845228348,0.14030109504536817,0.01620580625814775,0.10566329787227595,0.11950273898605794,0.05674417824193581
0.08879560788454152,0.022354780313650867,0.15951413405009665,0.08688558854345736,0.14855442498449298,0.08222239391925074,0.09136389654834502,0.08616390550042463,0.1183891446403033,0.1157561236154369
0.09541800436661224,0.06980159233085854,0.155256240329662,0.020395854022661686,0.036932839709286465,0.18383390134932634,0.14903317671071217,0.1454668804823718,0.10619175446071369,0.037669756237795116
0.026456395213567026,0.1753592966868162,0.03546822048638315,0.01910513398717342,0.04945667645891245,0.17957545442242645,0.056614579926103546,0.19326671558236203,0.1340383325330219,0.13065919470323376
0.17453528620988998,0.03735376922759114,0.018179780523379072,0.05475225040634914,0.12621895867082403,0.18199444565009015,0.07642955507771262,0.13175266818050438,0.11291521929436693,0.08586806675929248
0.0038028177724565683,0.024358733489796693,0.04337145500191118,0.18230531310163156,0.15584186774812936,0.17305163575601806,0.1809881913435898,0.060870426246944276,0.16244933372955964,0.012960225809962918
0.004819385623649326,0.11522350392253926,0.1488514199671112,0.10203236509774422,0.14441661448792578,0.07653096859840343,0.13736872779685386,0.11829105638477902,0.02632414065696602,0.12614181746402783
0.050002435525384414,0.11097815929113608,0.15506423068345693,0.007173229486296842,0.09161045413495784,0.10143553213069775,0.1535392128301124,0.05573455232071573,0.12067924866719419,0.15378294493004763
0.1523878928259041,0.1664237379492654,0.030008484950770794,0.02336441775905908,0.10763294734074838,0.01038695404148572,0.11429091093347069,0.18380978605829634,0.0839113431653592,0.12778352497564033
0.04197652789387453,0.0685693057425766,0.03290818592901706,0.08303538915951932,0.04619090996129436,0.09723766732924878,0.15190796875995602,0.16920685950848866,0.16892267306314218,0.14004451265288245
0.013708617039236506,0.21491706252783901,0.013165779151827383,0.16745593036315973,0.0201567500172578,0.002998055379713442,0.14199504786535308,0.2224919104039671,0.17437087712162272,0.02873997013002341
0.05554223276996165,0.08381476208491094,0.1268170607996048,0.1848862963998549,0.1426626101121551,0.15028497582786965,0.06179145128265698,0.0468043069428824,0.11481543840859332,0.03258086537151011
0.042227818226086886,0.19335522862764404,0.10949541878481307,0.016112308748606502,0.18295342192149536,0.05153625498453059,0.0951038321302643,0.17855713042166385,0.02686393480251706,0.10379465135237848
0.07593524097053848,0.07312138915047967,0.06975423460277214,0.07977987789324056,0.050221221633629666,0.12607786606545535,0.16339821403414037,0.16392711813923835,0.10141853198245757,0.09636630552804788
0.17343860909162984,0.00470109291856464,0.12948565368356815,0.01987413444941374,0.11088857007023858,0.14726961094069846,0.14727244022089592,0.13913983910896652,0.01809567549695187,0.10983437401907246
0.10313715327020806,0.10531862946608277,0.15837191934046882,0.039462187215546334,0.12432575280855249,0.0049475153408677424,0.05467311452052243,0.18582740604524337,0.021006508058824896,0.2029298139336832
0.047740836031408974,0.068905330808442,0.017984921154082054,0.11092236970099374,0.19563661263700108,0.1686008524979738,0.1476679149832623,0.06485555695546377,0.03639666761115823,0.1412889376202141
0.09991288617776278,0.08478634739159298,0.044986906075418026,0.15379086182991783,0.16851940792943465,0.1352710273169726,0.08618829563190174,0.04458428577290052,0.02734190570874222,0.15461807616535658
0.12427753768897909,0.0649707569414277,0.0260320653431698,0.22689496144674845,0.2346575564760796,0.04341803663209588,0.05792818120055145,0.006248123845077215,0.1547860519990028,0.060786728426868025
0.07900269520260372,0.03525119351755897,0.0913910664202865,0.08532339073640981,0.13586869419646577,0.139942629370451,0.17430212511391163,0.09123765727106191,0.15842088788806108,0.009259660283189612
0.08260027466987648,0.10003458998726186,0.07114599518863723,0.12196819534980255,0.10701092733359914,0.0037049321304992305,0.18262312897592164,0.02050640206227209,0.1538240136849741,0.15658154061715573
0.05393772044512595,0.1669894331874348,0.08290596524265131,0.03831878221469766,0.12666070238701707,0.0005517250796778641,0.10031208506635234,0.1345788113845073,0.10756334038648559,0.18818143460605016
0.057328691962270376,0.1314933358131809,0.17098861784675778,0.03273931889480157,0.008172714775601884,0.24713419612173512,0.10921419420129268,0.048674429676597915,0.009832956823952526,0.18442154388380927
0.1927834992750484,0.16993490170327621,0.13074588544395055,0.08641907815272197,0.030324226155667138,0.024353714247464204,0.012852959423871145,0.04054980538038392,0.13152185224938526,0.18051407796823132
0.12449071221193704,0.047116947274596456,0.045475211120485255,0.16270700492275472,0.10010047462347264,0.12377981396751415,0.143960556188442,0.06803220723424143,0.015356160596791619,0.16898091185976485
0.07705100359112173,0.023405747751271414,0.16878293713707673,0.023151364053314204,0.12838376725746137,0.13123249745278595,0.09687051434562044,0.18794456082840275,0.1573383385645932,0.0058392690183523225
0.11751265929028551,0.14247473014111472,0.09114627999939735,0.1458664731047156,0.17528799563325526,0.01748486092643994,0.007558066804142481,0.11019987613366253,0.19117660989251484,0.0012924480744717305
0.11581386601506007,0.12869908131057695,0.17139819304388362,0.0843306360475859,0.00945639557833924,0.1509626124742892,0.00935520487694256,0.1158049541117587,0.04408165632598214,0.17009740021558142
0.043937561718802136,0.16743832702092312,0.17826029566109716,0.14243260110686176,0.018863473751928376,0.1435052294780795,0.1193640547668159,0.0769253342598413,0.07563591485324378,0.033637207382406796
0.13553188335652133,0.099669010746274,0.13393633973894623,0.09924508885534061,0.07715122060516873,0.08948741722709491,0.08605253999563735,0.06738061900680976,0.062092420186914125,0.14945346028129283
0.17399996092816628,0.028982498033315946,0.00684176480082783,0.17341312107516754,0.11838775740543293,0.04885206618133607,0.1159592491582299,0.16760993199006874,0.0544900540644705,0.11146359636298421
0.1587607604267194,0.09896383061388143,0.09038551738344218,0.11214378517389015,0.08075008823895787,0.10969883550208498,0.10377420867696835,0.14355343474036633,0.04550784668445895,0.05646169255923027
0.08163320281306359,0.10242622893404475,0.19834167614723916,0.17810688510279893,0.0929160114579846,0.14088932038755492,0.022681367703780646,0.005175794886550128,0.1390108156169586,0.03881869695002452
0.11604396499802905,0.12556598377480974,0.042296474832560056,0.057166063435583135,0.14597931304893527,0.069662936569614,0.15082273462199322,0.12373755244373884,0.007684778251664518,0.16104019802307215
0.11820309182753334,0.14752585535065135,0.0268354001681756,0.16950563918417613,0.04499878070964152,0.033710903110150445,0.15559914978847644,0.13465005806649216,0.15243757227646818,0.016533549518234845
0.053343983171065416,0.046302746373656896,0.04975997865628935,0.180982691059474,0.17118122158660776,0.0941940486561023,0.08795454550132097,0.18444218603508797,0.1299661212017651,0.0018724777586302565
0.02032644612622331,0.018986171357652952,0.1364758417564141,0.031964269611461746,0.16522972500081243,0.18184777176021524,0.15247257886452859,0.015389729153689842,0.08767630973564736,0.18963115663335442
0.08407413582673195,0.0886928081893681,0.060487787943263475,0.19469285521612756,0.06350455521982022,0.03157103404128119,0.08477082363032765,0.27134471873595245,0.10864384286199791,0.012217438335129557
0.04471181669026775,0.030091263367743846,0.2149849463579377,0.27844467268610085,0.016630361039286678,0.018652937082880218,0.08748557009587492,0.033009108342969794,0.058879313678950544,0.21711001065798777
0.14574723808419313,0.02575980241273554,0.14059752410527254,0.13823910842540058,0.14410037190227118,0.1195600534305412,0.07588362325161847,0.02692495351278439,0.05730554567002645,0.12588177920515647
0.04423559811166988,0.1833430467415722,0.05711726434802815,0.157921049652291,0.09526858730885236,0.02967603874889023,0.1770607887927952,0.005093141246736424,0.07676792823238084,0.17351655681678363
0.10161022389352192,0.1429872040816396,0.1390528539878033,0.07219309465534594,0.10631927368714322,0.09903872832692281,0.13059050246449513,0.0798781542363874,0.02643227839720367,0.10189768626953692
0.10829220641269817,0.07980617493912724,0.0970283505589744,0.033922015154911805,0.15204008976493663,0.1478894503603727,0.11247636502310045,0.1502170517237966,0.04912779521875827,0.06920050084332371
0.01579285959107219,0.08840753301919366,0.18113207765644843,0.16034855802715275,0.15591930342624713,0.08281607127655909,0.1044110119293126,0.026102288742602352,0.0461202093326097,0.13895008699880204
0.1934933690149083,0.03786628217827347,0.18090957938574131,0.13457845808696753,0.0650552721765664,0.012513222830168834,0.12429111098925265,0.13057369507896913,0.07486191584584853,0.04585709441330395
0.16528742737197946,0.07795936722719979,0.008652171249757664,0.1634975690473802,0.04961340214539302,0.1569317065777874,0.018807040904552624,0.08768712130697279,0.10855346147842812,0.1630107326905489
0.08653234861732463,0.13043529628670916,0.04729807882540714,0.06023577812747737,0.04516224392158442,0.17005778396848195,0.09523429871913404,0.11204084826366469,0.16743785316286272,0.08556547010735394
0.031707664653604986,0.08291489669737064,0.16553562472612923,0.014232001207944297,0.09321593854209184,0.1808040877423957,0.07019852354608189,0.15784757922639017,0.1794117174777739,0.024131966180217276
0.1317099310740791,0.08582129704015644,0.12869270604455052,0.0490721923159624,0.13901862301769805,0.025859428314538108,0.12988634137424102,0.08032334821508247,0.08001806823920152,0.14959806436449044
0.003488527643867953,0.026444057796161928,0.1413261257154478,0.1757210027591388,0.10187324706727625,0.1644143059222692,0.1488066265231548,0.08542200560353357,0.09932652258934922,0.053177578379800715
0.12346859637818522,0.1000337721520011,0.10452224560368271,0.14186930126500813,0.09915772952938984,0.14265061971585571,0.08678496949584652,0.1001922917570255,0.04754267462599542,0.05377779947700979
0.0817748418223715,0.18544812566142227,0.13626750004027596,0.10457257546275363,0.093306358946396,0.08310660889622813,0.1359627653047177,0.06258669775531585,0.09949147827289499,0.017483047837624006
0.16195513038896936,0.08839942219783666,0.12306014517542817,0.0764791097586387,0.021422322974997382,0.060355117697946825,0.1549680544170128,0.08091295163036878,0.10698835261286609,0.12545939314593524
0.13291731208056115,0.08179330325603265,0.11440444231791361,0.10518634109329203,0.05517293936988946,0.15705962661786926,0.10833897711986382,0.05974821699890875,0.06523099441511676,0.1201478467305525
0.04555997545173089,0.1870848831101144,0.12729464507466692,0.060779495424026594,0.06769949153018162,0.21578482637178784,0.065469790868264,0.021025628719462706,0.12044403659006758,0.08885722685969755
0.10783710851520652,0.13437175737379364,0.09341850532803106,0.0058185917179282105,0.08848995710803713,0.11197951896445538,0.10594190116470725,0.12804084708551572,0.10083695170020109,0.12326486104212389
0.16534125961532928,0.12395626322955704,0.1388033307660951,0.04814419405431974,0.026427380541287147,0.11048729834625662,0.20306674866016194,0.12655605800272743,0.055648758343117645,0.0015687084411481922
0.033304144038121986,0.07042121173046499,0.11279367051591101,0.08074889478331103,0.006169910007087475,0.20434005749809858,0.135807639296634,0.04136184011762462,0.15194227295896937,0.163110359053777
0.14240415890318325,0.1876453044751073,0.1046896399039496,0.049605621920413435,0.16193264964288284,0.059203965053215284,0.12044204386385642,0.10932520093448962,0.0372306733813544,0.02752074192154794
0.012972399537871094,0.17901011135613695,0.07138629122225215,0.17882191869422517,0.11751427570732395,0.10348599469534264,0.10009898985195072,0.15704676418870164,0.04250085157445851,0.03716240317173708
0.0592931525154032,0.007307790175517836,0.004322872152111147,0.13733524585672305,0.1294517086764841,0.05964910444998182,0.2524801113917359,0.12275410919056773,0.08217500315364733,0.14523090243782782
0.11901130573947735,0.061520431229899364,0.13396050933044507,0.13886477045366344,0.13922399895869503,0.09284426987503815,0.0944034125067664,0.14542631343064855,0.059055392405369146,0.015689596069997553
0.020112970070129074,0.13747160700861014,0.18593717031622362,0.044984548414186844,0.054643162260170304,0.14217499226921393,0.04679414912736712,0.08811671387371621,0.1658710133090608,0.11389367335132186
0.04750382272394718,0.13556666538366074,0.1339079714006422,0.117304261618592,0.01592459762734742,0.14378156757997643,0.1364513216856337,0.0737253799831434,0.15459292666208693,0.04124148533496989
0.13696087940649124,0.09890364858245704,0.12653797478070394,0.19124985067366101,0.11387483345672239,0.006190879206304596,0.009101664364949845,0.0951786548526105,0.05414744922658884,0.1678541654495106
0.05833978178127014,0.14096713149235301,0.12814531253605496,0.06196090188119556,0.08145408257794261,0.12186090040344354,0.12361855775127374,0.1525978183688855,0.10199079542078923,0.029064717786791764
0.15012410312284383,0.041925822265120156,0.09070804137151224,0.09146580211915345,0.15778025295248668,0.091372649851656,0.10961961026877862,0.10479842223319834,0.04962529136861201,0.11258000444663877
0.04266280064026341,0.12667451317794878,0.0835172489755616,0.003998708802299675,0.2048041081100012,0.03839308017489205,0.26307281077590894,0.10029842509670571,0.05961680278203587,0.07696150146438285
0.13309798942776813,0.0821201024711306,0.13239627028782075,0.061218860334378754,0.12155068746573215,0.12373078007874479,0.10929254018923759,0.06277164267437854,0.09599151491409919,0.07782961215670951
0.16336963813789063,0.00360361747065336,0.15793819617627755,0.0722831565235002,0.04814874256572422,0.13641500352187758,0.11556564660520613,0.07058381690057157,0.1834311550770041,0.048661027021294725
0.0963957220188598,0.14082674184421234,0.1078967426055194,0.13179382180653168,0.05941533961553156,0.07206743125146658,0.15323848839393317,0.027884080019916276,0.14296439131429592,0.06751724112973327
0.14148720659185424,0.13668560569094682,0.050805078073454586,0.07820135028994903,0.1239580734406597,0.08949973465714334,0.1175164635037155,0.08507890002217319,0.10577671130681562,0.07099087642328793
0.07604807619998821,0.13074802832778748,0.1264902761138365,0.07788391874326693,0.06753629480914193,0.13686814718050755,0.1107922127935749,0.09178682033690669,0.1658022435102621,0.01604398198472766
0.17805712764876974,0.06926703217257887,0.11751499423126943,0.05101335845905921,0.1312254704947188,0.042727132541833523,0.03244054990194823,0.15845778904208022,0.06654247936660503,0.1527540661411369
0.08376443630741497,0.17758950816524957,0.059415387328855124,0.001596208569866808,0.12116276767916141,0.060636159681653055,0.15387621517731714,0.19506698217795024,0.13983075255934407,0.007061582353187587
0.004302021046250486,0.21757747376700431,0.07064873191305562,0.1473625589770455,0.0006858332932643237,0.1351127171034708,0.21934977927393973,0.021872287024615602,0.1617258739425834,0.02136272365877034
0.2119323137101029,0.024762270585395377,0.06102929468291754,0.24594627816917528,0.04472031609628009,0.05378358934887128,0.13335644505928987,0.1466148789270757,0.03634267618962182,0.04151193723127031
0.11491825600155936,0.17729878167384305,0.09818067095185927,0.005236923931461795,0.1270786054385463,0.0022440556537817527,0.14326652094076542,0.08890280973452716,0.037135165682560416,0.20573820999109543
0.13198901014234046,0.142841460682735,0.02934853344394617,0.022338760156354914,0.09172305412921695,0.1082808558120443,0.15597463037130646,0.14697401468259785,0.044139508018956976,0.12639017256050092
0.11257850259247239,0.15246969896161394,0.09153597191533779,0.07723004286848816,0.05189523533202908,0.05861607283721376,0.07813464301558193,0.19492620159179708,0.16923786787610215,0.013375763009363849
0.0795565401598841,0.09746085136310004,0.06713381012083192,0.08920225908033587,0.18110378547052497,0.1740403657553864,0.09233266040698097,0.06435445076285815,0.1241065916685698,0.030708685211527906
0.11778023916069545,0.001267378038325557,0.21853188144073976,0.071932320413406,0.0962163283666243,0.11671764408667763,0.1753893717319705,0.1677332471785429,0.024770533555261896,0.009661056027756087
0.09293029698281592,0.15363740904344267,0.07846477007413467,0.1394149122692615,0.05622355144780443,0.13062981705878865,0.12933154977290476,0.1441622004616417,0.03830918022623813,0.0368963126629674
0.06486138397791244,0.11655491726886928,0.12191742538854036,0.1428157441655271,0.0358486663318822,0.06712859600863484,0.10845920775695327,0.13567701190344447,0.06711818480314598,0.13961886239509
0.14054924517539766,0.09176474688408554,0.10919586407085617,0.14027913622520705,0.03391267694883607,0.0433379946716088,0.14991531912071812,0.07120650634289778,0.11871322631589182,0.10112528424450094
0.12338196829867898,0.13443702261657442,0.07315062729806657,0.020061680145061697,0.13435574988788537,0.06102606450399559,0.04839532590879345,0.14464320716118206,0.15713822629671426,0.10341012788304751
0.1319241248452027,0.07410422734538498,0.09367210628966686,0.1362849491181833,0.1204543976149792,0.011911059712757296,0.11819764672708244,0.1097342452725659,0.15793715741821257,0.04578008565596475
0.0428419096053316,0.09214966190526391,0.14606822449748758,0.030518717844995654,0.04435194526712419,0.15081094527894767,0.1634517095923381,0.09608623411751858,0.17092310176360556,0.06279755012738726
0.10098994014380966,0.04978936246195036,0.010013687198829693,0.08616872259795452,0.15403515764529754,0.10523096191941432,0.14807623004133347,0.12478560186136312,0.10320930704321786,0.11770102908682956
0.023810073403128584,0.048377665212330306,0.1529403738498428,0.08234172867319628,0.11093414076731334,0.10145106946893673,0.12968759396966786,0.12278141381303434,0.06794715617111294,0.15972878467143697
0.08462391388072375,0.15558609345778193,0.14168401583703616,0.09292879325741626,0.11714661204158265,0.06400447483624243,0.004756608467320008,0.07765739517024499,0.11956653700965829,0.14204555604199348
0.07493814188519772,0.14834811600301698,0.09469919241404513,0.12504449814128138,0.1382965419989334,0.06444028055920303,0.15766507370365776,0.11582058629853365,0.04128732589192173,0.0394602431042094
0.14355422841254276,0.14168886186300444,0.03704082169220466,0.1151612587951755,0.12977965201850805,0.1294723632200573,0.01114681606130481,0.038423087639447455,0.08782436357587618,0.1659085467218788
0.04825957036477407,0.011362738256353528,0.030007163922480498,0.11632784697192546,0.1670730023123984,0.16893919208144723,0.03739338140839769,0.1485103312464725,0.12990045087774982,0.1422263225580009
0.14318486003966865,0.005418803766320137,0.0685591291075874,0.09267215290401103,0.10735681164644603,0.03380706505814853,0.19086436091951725,0.07592339413047836,0.11683262105165947,0.16538080137616298
0.024281628843025475,0.11927222062908543,0.15503627479271878,0.11632117167802489,0.08394481412375282,0.14417063493566343,0.07331815325503967,0.026118053868493786,0.10948755486521938,0.14804949300897627
0.13830320684073294,0.06257769517146106,0.000695109305169846,0.15901243020166497,0.10857634331052578,0.17882156761317092,0.060375656851011435,0.11353813914659024,0.10386827439417194,0.07423157716550083
0.15582936664550914,0.15158270328952986,0.08975072818413844,0.13875512825916878,0.022391168239158505,0.10728766344634062,0.166043000733632,0.13817390500709492,0.026596709220133297,0.0035896269752943174
0.0864757003139657,0.004557337810543904,0.10377924219057835,0.15582937449709336,0.11756927874214654,0.11341781634077079,0.0536506850754875,0.152007869291293,0.08739802977725754,0.12531466596086316
0.15047072115549007,0.07264433255933958,0.01548108542306548,0.12421327725993583,0.027677473187110647,0.10115802519010306,0.10395096776420387,0.1208333733754458,0.1490428275722018,0.13452791651310378
0.12410262267989106,0.1677453252332542,0.17837060017336603,0.1907407765962482,0.17355509396834068,0.056181543309976795,0.03788392071692884,0.06794926407451288,0.0010299799573942382,0.0024408732900871788
0.18057021319449285,0.1202068831063836,0.044973028730272556,0.04396535416512766,0.0831303748997426,0.2506922818325622,0.23153659474468927,0.007158809114791086,0.013296664582777921,0.024469795629160178
0.017676482976731606,0.12694182142502414,0.022505169704503156,0.12325926389798547,0.12197170606793933,0.16194869334111023,0.16367591990844566,0.13927495912612065,0.08754133896934944,0.03520464458279033
0.09114133674444105,0.07773606136328805,0.12263263621087378,0.0730127262982643,0.1515874546510243,0.014938310835097788,0.14762139000230168,0.04597334587802965,0.16891620151484202,0.10644053650183727
0.05553005622563858,0.09617744252317631,0.26689212465345596,0.08467890642402566,0.07748687141269203,0.16866206915628656,0.05388263184556372,0.04566922373749472,0.11571356166625678,0.03530711235540957
0.014089607613273837,0.13146398765873238,0.026488639737364154,0.15266408857320432,0.04721066055811338,0.15967767813411485,0.16158667509379504,0.14284951476691088,0.03301010724274517,0.13095904062174588
0.03784337336826795,0.1850072463797023,0.1607089228279994,0.05907548207996822,0.0006466762908914279,0.19573769101750962,0.06526045409769116,0.169812850170765,0.07925019584470996,0.04665710792249491
0.007197123221969458,0.1834637028468127,0.1722115304393976,0.1673853557146287,0.1067708911087158,0.00040124984876861844,0.12330867249561678,0.06494378453833828,0.03166034073687223,0.1426573490488799
0.039708530761209476,0.03216548366712241,0.11058160311424234,0.14531437626578605,0.1513772977211809,0.14207590263605407,0.14361615908439362,0.06402774878715502,0.08154456922647632,0.08958832873637998
0.15110466005993975,0.11925688047548955,0.01420280114347999,0.03180763874150608,0.022129168013254315,0.16497628383849453,0.10036208911657703,0.1346777201932328,0.11243867143303399,0.14904408698499208
0.04427250590255727,0.08897384687342502,0.05617813435244355,0.141220474813473,0.07032125257569896,0.08873764393967165,0.14485194207258384,0.13493126540308742,0.1164282596011699,0.1140846744658894
0.0046235716836082776,0.17674682208820364,0.1485990683885109,0.020615071555042726,0.17114367933404656,0.15136592254611259,0.13711896119098058,0.0931596057857588,0.04685406417399028,0.04977323325374569
0.14579678306703128,0.011255131126819204,0.004401813598822286,0.14520672970260126,0.13231726628197185,0.15282712848233418,0.1457343069029666,0.017266464803612797,0.12551456923466803,0.11967980679917249
0.20719469889797323,0.12406066597740698,0.10683644874156785,0.14862490405729537,0.011089619467621147,0.14337778245552674,0.042371739117933155,0.007545684250288337,0.18677157742619624,0.0221268796081909
0.1414788436780566,0.05082667160671518,0.10698857490913541,0.08334604833095821,0.13975874848267164,0.09281225754157921,0.05079968121363181,0.09265504005397665,0.09970139368717838,0.14163274049609687
0.026692558868088894,0.06628689135015137,0.16403201775427867,0.0771131451993644,0.11061391921989777,0.010208173240206703,0.02482682725331629,0.20125147192275214,0.11223795094403367,0.20673704424791003
0.1303438586189653,0.02159645175424475,0.08070897527860003,0.07109369080646369,0.10761052692218193,0.07693121773929129,0.04266340337420373,0.13652650741979397,0.1722463518818417,0.16027901620441362
0.16209645499144168,0.11170983702596278,0.01917221515833028,0.027487772708690898,0.15519354814878655,0.0997042735816005,0.16354435578101328,0.05344761126464831,0.12518228428916225,0.08246164705036342
0.11040428802033993,0.07632573292872426,0.16028971018316773,0.10166274265063197,0.054178174613210194,0.16306319469051597,0.005597987912541879,0.12233166898765886,0.18524551401106826,0.02090098600214076
0.19556043528575787,0.02932493167406448,0.12725737402198758,0.12259034564511896,0.16194531935902876,0.10243825592225927,0.022264911351282363,0.02975795976087649,0.11303233246708591,0.0958281345125384
0.0613106926348013,0.07287721811594305,0.1228116826237676,0.12343157231759004,0.10955415827569541,0.12120095548063403,0.08060742663349574,0.05599186555112661,0.1260842009324709,0.12613022743447536
0.07209567453414152,0.12077489594620826,0.07426248904266948,0.03129745137211114,0.1356759862328425,0.1650985999273166,0.08827643632373636,0.09430927351265063,0.12796751301709916,0.09024168009122435
0.04930552936639349,0.028357361949662183,0.02183161777601585,0.1436649544223213,0.02463779895008411,0.1810646054706485,0.11682188523987447,0.1727039020101315,0.1927788064318242,0.06883353838304455
0.0611297083725903,0.006909384603532173,0.018558424848931887,0.18584864724124198,0.15717187632492385,0.1697578676968875,0.055381015698625684,0.11361321777578097,0.10707264523551992,0.1245572122019657
0.14553798597549777,0.16667068132853657,0.16578692939470635,0.033870266672541026,0.00911297139221942,0.10036019209373664,0.06854227327824709,0.058858772745889555,0.09925858414589021,0.15200134297273543
0.1568467129987461,0.03551601801406171,0.12099807543270512,0.16786163075652383,0.13256026145149005,0.01793638446657501,0.010150802754792833,0.1356908986969077,0.15527655598636736,0.06716265944183034
0.16947227667137985,0.01701408652930449,0.15139279796938204,0.041961958524440325,0.17721914002842418,0.13647066965402707,0.05252347858749214,0.030120979714276443,0.0943869801541791,0.12943763216709442
0.11363161640543194,0.14044452384103046,0.163136579652702,0.024272603973032356,0.14875217588961404,0.2395725007037383,0.007843898604990011,0.015607735956846412,0.08479644465750984,0.061941920315104655
0.08185291019162201,0.04500189066467667,0.2084956510640496,0.06633243935770594,0.0777155724566646,0.1435603379470298,0.08957912210320819,0.055093591091268546,0.17723006010150574,0.055138425022268955
0.07073403309521913,0.07214608768639005,0.11127973360635658,0.1375586044305604,0.12776738909682817,0.05726551988147319,0.07273522992821818,0.09679505276331897,0.11811880847410484,0.13559954103753047
0.07840999461589532,0.10649703836312231,0.029934864154549094,0.06563282304715787,0.058721992713520424,0.12378702289842947,0.19177013369706747,0.09571068298309622,0.20627159360923827,0.043263853917923464
0.11405964934570756,0.09390127275165659,0.07094683549980846,0.1381450636260229,0.0017460582835379444,0.15257520408243572,0.10239266768752686,0.11398777545586704,0.08090019206408178,0.13134528120335517
0.06496321481375504,0.06037450494628527,0.06266381698225768,0.16885260794104118,0.1693172976328152,0.04500328985285643,0.11677424286853018,0.061807078580920424,0.16789089398944593,0.0823530523920928
0.06951450458654579,0.1665496284792256,0.15094397014932204,0.017947254112647984,0.13295331148494346,0.03630898892590254,0.14015491224888038,0.20433129506491862,0.0012455606246858284,0.08005057432292767
0.14373159467338717,0.03596450621167527,0.12458704305599022,0.10276641039173917,0.17797915386145827,0.11501654410395433,0.049326497169299585,0.16449483121455694,0.05909206836879911,0.027041350949139963
0.12167492838811234,0.06350699835895912,0.06767323838158106,0.030619962683968476,0.25092979013859945,0.10927378442012091,0.07962217450951778,0.05942371249419599,0.18595261648973677,0.03132279413520824
0.052327051395355526,0.07242576959594584,0.04583930560010863,0.14599389529012327,0.021219394522542512,0.022381474226186363,0.08447008609777054,0.1862896468174117,0.154144511448052,0.21490886500650366
0.02772679452789288,0.2682175003708404,0.19279955068730864,0.24151150466542054,0.021728365335784712,0.04079607279206759,0.12468845956255252,0.027679194481881934,0.0340010522576533,0.020851505318597672
0.020779708567120327,0.11329079131925847,0.11679088849590549,0.03090535706560241,0.10536588853654093,0.20052867014004794,0.18525746497815201,0.15003437084472968,0.04059848421525006,0.036448375837392695
0.14263593126948365,0.14707528586111562,0.034014957000483154,0.12222533123723933,0.10953345196459326,0.06573401450425984,0.11207285809180614,0.08496294628460196,0.04460395008304443,0.13714127370337265
0.09187040683231196,0.0916517485045191,0.06915727860017512,0.12686741925129869,0.132806973976604,0.12741571436234797,0.13141992161548444,0.10247445032975158,0.06823309311654853,0.05810299341095873
0.1016202203383521,0.07197054331631332,0.11734539994310514,0.01382918331001902,0.058745820668033154,0.021382777534932073,0.1748019024492697,0.22131727750946395,0.0815901425606196,0.13739673236989194
0.16630218571760758,0.10681558071098105,0.12842818779418608,0.14052543063504955,0.004083125161475567,0.17795011873014993,0.09047790947025221,0.00366478598002006,0.06761555004537785,0.11413712575490029
0.01695990829983466,0.05868243651317107,0.21770625113724643,0.0324701598276564,0.21651441959946136,0.0315918963752125,0.07598376315767746,0.1571083468001227,0.1183846152280721,0.07459820306154519
0.02229462083125665,0.16734081578009657,0.004006596155328053,0.0096614708966223,0.1756601690474275,0.0773849956737277,0.15063665882864868,0.1470506236551523,0.129765905414266,0.11619814371747411
0.10974610273372644,0.15054842822724604,0.04515690957353615,0.12546459782855446,0.14836432903705643,0.10051171289588282,0.07610851484001908,0.12940479529042706,0.1140679780373249,0.0006266315362265301
0.08864862891860352,0.0611717715447795,0.16252604157955702,0.04158546226885415,0.16266735676101418,0.007294008581063017,0.17448630396934753,0.04678387719201705,0.1490140870493993,0.10582246213536461
0.04472028242829424,0.12114114087448719,0.18809414338798222,0.1040102314889006,0.10952575527763783,0.02210491443994309,0.06977101538191179,0.16017912852476937,0.16857542866030112,0.011877959535772607
0.14214727281885456,0.08747700281030574,0.02027668868703728,0.122890395300305,0.17250235596226235,0.093352271309824,0.08581965441478082,0.14942625479751992,0.09568248259492651,0.03042562130418378
0.060718998218157974,0.004108406983832141,0.19665238806082752,0.0334856274228312,0.07176978109622852,0.048243034032806616,0.049025749765199994,0.20873168350406787,0.11062238604545559,0.2166419448705926
0.016382266881133024,0.16655762873319302,0.14412643450778476,0.11546915675994855,0.009835697731202847,0.1598468890487924,0.09148709858583519,0.022108256344856487,0.10686326838385758,0.16732330302339632
0.10493779192861916,0.06124546943452878,0.12458076790066286,0.09675998460260236,0.1487398117913034,0.14660121069585544,0.003179310407777691,0.15301428130697914,0.12324512311392417,0.03769624881774718
0.1593203822033592,0.03164254911175551,0.18626985467518253,0.08233048345997274,0.04948947793737922,0.08880771336655124,0.160613264926369,0.04488565156573045,0.06366493145211195,0.13297569130158823
0.08389388837681729,0.08680047768027337,0.13480532407722948,0.1013671856987073,0.1064056248683692,0.07749610399445327,0.01627408325223869,0.16946120946313087,0.12210069736717186,0.10139540522160864
0.1045683602857896,0.0758515298276912,0.10213823926094726,0.05194263294418174,0.11413577009807273,0.08222097731694157,0.16112218826384833,0.11220899935497645,0.17330341699196386,0.022507885655587215
0.008007095055119408,0.13062887234739845,0.14507737170423235,0.067420187910246,0.0609747070175701,0.07734119932168983,0.11982614175169266,0.03222333304674663,0.1719405111509988,0.18656058069430592
0.08527475800149642,0.08736298734311959,0.15967558643523438,0.013962775046964394,0.04107146821294935,0.19137925255816685,0.09952028635964721,0.023925312429861848,0.18925239312754813,0.10857518048501197
0.0003315755699395687,0.11393183937431342,0.0394305683216997,0.1515265591644408,0.15474820812440726,0.053300253205378754,0.11073803156760738,0.12878941297898694,0.13143754739429586,0.11576600429893039
0.21330398324034577,0.20254828873096037,0.02951664203600098,0.026497473339588,0.10188153591190069,0.04614110715102035,0.185433636876722,0.10722158693050704,0.04647765012282787,0.040978095660126945
0.17171316923555155,0.11951014823681506,0.1399778391315144,0.013295366578440224,0.1630274470653771,0.054103652879353495,0.13072131820228705,0.0763973965969146,0.017167426222368228,0.11408623585137798
0.18036947261036232,0.05792990870277173,0.13264570218166244,0.025099261073338333,0.0017053672613042321,0.2244478831425409,0.0729757961025799,0.13160495861210186,0.06942248047499382,0.10379916983834453
0.14162506120753135,0.025916684874897813,0.2346430337322936,0.1629928777277631,0.056994557917966336,0.031327159376836736,0.21770785152230832,0.056039050706769046,0.004457895961709911,0.0682958269719238
0.12757566286821806,0.164013236086762,0.027579148575870863,0.06164358579875935,0.12192724479497194,0.016252303437726986,0.10974745104557723,0.14560676319951638,0.04058677348097579,0.1850678307116214
0.18054672296314372,0.12725740819322054,0.03938532792877387,0.030698156230429985,0.036670512249253606,0.03884774496038413,0.15886079961461683,0.1423011427230778,0.09375896915162381,0.1516732159854758
0.15623301886396534,0.1258555598009236,0.01818224898853853,0.11418745561044476,0.027723116882897057,0.06169283856523927,0.16870089407984512,0.03450336411965041,0.13317940391679722,0.15974209917169882
0.08991426397025563,0.16006185244869248,0.05240747630471495,0.11264225908822048,0.12156524003931755,0.07944762298333206,0.28258552854960095,0.07968332282698028,0.020284389775289405,0.0014080440135961192
0.1551907770489898,0.1715741060613846,0.12307145726309392,0.007064361175663438,0.1252702779380008,0.042714729658347175,0.12459497310025465,0.09606851902757493,0.025009032011495357,0.12944176671519533
0.09422076456087905,0.1702583675394085,0.07632740579767676,0.059131650401604965,0.1642165845117213,0.13696362728772896,0.08114156769513958,0.12146584647197575,0.06679561589775483,0.029478569836110285
0.0269435673310651,0.08532751794004162,0.021301705394143326,0.1912163151718292,0.1389389300253963,0.0035687996691412182,0.222593846727358,0.09857915061780048,0.12854161635201278,0.08298855077121199
0.04059952813276369,0.18961036096909295,0.15109700608199672,0.07271052848245907,0.11025278117799858,0.04791215464221744,0.01658315489051865,0.09301694135684481,0.25026863076646866,0.02794891349963934
0.13725448236085913,0.089525157879163,0.18248702932144048,0.02031862633998212,0.13367007567911018,0.0886628899987601,0.17058600108469363,0.0663216294235882,0.013899339491277281,0.09727476842112573
0.01748404906856029,0.07936645741598837,0.052683000822607844,0.0875428530218279,0.07616956223177367,0.14118195213994225,0.12155582777809629,0.16832212207556274,0.1781794152849121,0.07751476016072846
0.019101824934032553,0.09330905178363241,0.2107873271563378,0.1408885994227029,0.08195228843759313,0.10271798257424235,0.04745826735795981,0.007148746438355157,0.17971962984251552,0.11691628205262836
0.03169639970887968,0.02308342417887143,0.18275201771483846,0.07243032516642094,0.2320433119102968,0.052028036074566325,0.15860148514962963,0.09289661298150537,0.1222186509594883,0.032249736155503146
0.18310129679642215,0.007425890044300633,0.005407313674235457,0.06322779466716451,0.14517601331724309,0.10852658670790592,0.09305756332034769,0.1556364594666176,0.12740089226320656,0.11104018974255649
0.011990928786781251,0.14777505886417813,0.06677095680301665,0.12824223423713194,0.13153675463678205,0.051200305493113975,0.15234841692147624,0.14098823886392312,0.029224421921900057,0.1399226834716966
0.17349216794520902,0.12092780631956807,0.02209967332161112,0.16488074496118824,0.1202665450423375,0.01257602679777183,0.12256156053727107,0.07362183579390798,0.14526330701552836,0.04431033226560696
0.09643444059598263,0.06678138894864317,0.06798672288583976,0.1355435442984978,0.06501638208322794,0.10228405084696472,0.13956469535148538,0.023571806152184537,0.1779079914351712,0.12490897740200278
0.12187924776905669,0.13757655525746162,0.08918417078015203,0.02854397542432697,0.06642657450685602,0.07593141611676228,0.006292148003430399,0.19457005520510542,0.1253208358498294,0.1542750210870192
0.09190172536892877,0.01147898392589116,0.10128434684819161,0.05056499554618609,0.13931960279505845,0.07021261834141958,0.14602579675230865,0.06895841413337403,0.10909570568048649,0.21115781060815525
0.13404993328998654,0.14560471921799048,0.15311917175906853,0.09188394210329127,0.0857224413008754,0.057935533732590035,0.021402080530770837,0.0481080658207484,0.07950332538378194,0.1826707868608966
0.08290056591744303,0.15446674671113447,0.1610804135905481,0.08637823245990545,0.061492680227992876,0.08856845018960981,0.13785709361506987,0.044361904626603804,0.032912158814907215,0.14998175384678547
0.14489768041064277,0.05443792338480455,0.09287356006571264,0.16607062150375623,0.06711837358163629,0.167241923179871,0.13295406585692893,0.013892401447000241,0.13195361800134597,0.028559832568301274
0.14506285503996752,0.12410729331626665,0.004296024517848275,0.14177098194305024,0.11496167577232885,0.055737295440829344,0.1437720514952713,0.010219337219431862,0.11735778992721056,0.14271469532779538
0.061933484085425296,0.012638737110753842,0.00617558981876063,0.22651915037948211,0.04853507445323408,0.1638738628116266,0.21433101490297557,0.21431025983070476,0.017236753835418166,0.03444607277161907
0.010649761510870985,0.16587666848831126,0.12635160525999573,0.18666838443876943,0.0377424304948685,0.19251153509461644,0.06757366266919353,0.0020889781431026617,0.029588838247584827,0.18094813565268664
0.13886180677776666,0.09343350468131638,0.005470352773481781,0.07612401596945066,0.12084319922785224,0.11996315651245357,0.1188112562369578,0.12468124909902394,0.11136757975879782,0.09044387896289922
0.15103160992197787,0.05120706804967284,0.12109860408314045,0.0723141047703437,0.05331783530927478,0.12979732449478185,0.10591573603971294,0.13640948722382448,0.03710605546397901,0.14180217464329203
0.10675194904164763,0.1466442347047687,0.038900004806673646,0.1374342820658224,0.14644216809574026,0.1096476838540184,0.12155066413923139,0.10043169119932499,0.018305221859692335,0.07389210023308043
0.19061617958135837,0.02138106950662797,0.17418298724030348,0.08975247591021934,0.11470120738745317,0.08351311696778474,0.0836568405660358,0.016639280559789218,0.05912071484300901,0.1664361274374188
0.12651186646945006,0.03758708051337506,0.08675874837490047,0.036064690810021394,0.16693703862536943,0.00605215869667131,0.10624570863620543,0.10347480537162085,0.1678306599807219,0.16253724252166415
0.04856271573927645,0.06765282156063356,0.08784127174169772,0.0783441692927924,0.16547333029226735,0.09945652465855062,0.08103022423161035,0.09880912634182955,0.14663491673894016,0.12619489940240178
0.11640109586046743,0.12975838789349073,0.16611407202658612,0.07756178922418894,0.01595979516629923,0.07384907110009363,0.1386368791611853,0.08280900778000301,0.11615001095496244,0.08275989083272302
0.03523312748622242,0.21540294307997848,0.16085878061574188,0.0625762108633994,0.016274232816592165,0.2516758953441936,0.14637222778174605,0.0172185695168062,0.0697644886439443,0.024623523851375645
0.15096520839847943,0.05586943578463569,0.1686860284865002,0.17151616935767175,0.08930278244034609,0.08746218567759696,0.012446269541528268,0.10664921378472099,0.00011358753674270778,0.156989118991778
0.14624077996325263,0.06460119417254673,0.11693140251244144,0.00010650115307540998,0.15659070906651143,0.17028448484543124,0.08730773365260903,0.09787033735694127,0.02589723782383094,0.13416961945335992
0.10015539680995596,0.0701752693352628,0.16204515766349467,0.1784339473949897,0.19423045544787143,0.010070318944575395,0.017316291211354733,0.006135215198314052,0.1533151060424869,0.1081228419516943
0.1365143835047773,0.008326561074526735,0.18667088726218353,0.08266209614154765,0.05758988499502595,0.183498962938089,0.038157130721446955,0.07970372978504607,0.20052793680627914,0.026348426771077696
