i = 0,i = 1,i = 2,i = 3,i = 4,i = 5,i = 6,i = 7,i = 8,i = 9
0.06417919519589754,0.1495660166142592,0.05810889042252592,0.17114393229252242,0.15848740325496327,0.010749480157203102,0.11006094529909716,0.04754117806768551,0.06950337198406138,0.16065958671178468
0.13880549569560008,0.1244192491398442,0.10890159841789065,0.024434804982487176,0.11355617041260947,0.013159741444247523,0.137613578601772,0.07643057936273531,0.1314904130861556,0.13118836885665788
0.023024052519431643,0.10320003801119294,0.13021823759884432,0.12681632340052257,0.13569674125895073,0.13028743232709641,0.04389002882821488,0.10947115000673638,0.12115827006057939,0.07623772598843077
0.007433723299896898,0.03309187969441145,0.022048615327984116,0.2254829259994125,0.14261534934347384,0.21261503847935548,0.15213639545831192,0.011578771493532715,0.05270875804846706,0.14028854285515407
0.131274283345336,0.09429527616561173,0.10156591207392127,0.15725893461950605,0.07713400914823734,0.10744879555749837,0.1193191675236284,0.05833513326010287,0.03801169099620168,0.1153567973099562
0.1651862896288225,0.11723644648815854,0.0470253758010049,0.0028675699269387813,0.053572517234835144,0.13080817795542904,0.16238627900017072,0.18317561762483733,0.1099375768496351,0.027804149490167743
0.14671255808967784,0.0562143660472663,0.061315831409839525,0.12888639986399866,0.15138445038183626,0.1326694354853143,0.13064510120445771,0.15186529138292318,0.013544280409393185,0.026762285725293013
0.034862872263219075,0.07957766834625539,0.18624182312982734,0.13848203517841298,0.05134831380521646,0.008491240829300726,0.18259498585053263,0.045428765741885944,0.14166648841451054,0.13130580644083897
0.12640397584701538,0.12131197605532312,0.07920323364892562,0.031416352650608936,0.15565266040960143,0.10845130150970897,0.04705150214300083,0.15755346960737143,0.07575690223253272,0.09719862589591158
0.20075519576992817,0.009088263347421171,0.13485190370843125,0.12893979172127285,0.15781505668554394,0.05299609690364184,0.1379421498338136,0.013102990095447242,0.030377343160595104,0.13413120877390494
0.1366691695404313,0.12308525760660918,0.13058596274865625,0.02799091138581364,0.08528126952295374,0.008366834445077258,0.14969337322494744,0.1927704494810772,0.03753121127827164,0.10802556076616235
0.04465979474428617,0.0745361211679581,0.04876174183576451,0.13558720833638982,0.19020228544231638,0.04561565075484825,0.09668015539995646,0.0030702502356272773,0.10475767068839276,0.25612912139446026
0.19259162445370923,0.01617497116417652,0.03886826067526543,0.1831942389641184,0.03002480169489535,0.26333028098914524,0.10120221220161404,0.1343439451987196,0.01791854139779298,0.022351123260563193
0.0336287069270518,0.003455810367359971,0.14634112064924698,0.10263738344177432,0.07868855238137652,0.16804676920238543,0.16367643922513148,0.06738471289349313,0.1513985826998459,0.08474192221233437
0.1052469450320394,0.02668899933542211,0.14334384590352242,0.0747147884764316,0.20398395595012792,0.16210568725524252,0.07246744424375888,0.03705879834551727,0.07174937518995524,0.10264016026798271
0.1814968987104666,0.1145196506524357,0.05239556386336108,0.11012263123303867,0.051256895000282965,0.20011152677105642,0.04101257070775974,0.14785209887236903,0.0855698260146152,0.01566233817461452
0.1434779771350831,0.14893331213732236,0.16572090905581535,0.03263257478152135,0.09723577718732695,0.08730707027079551,0.017385584093477485,0.166966929478783,0.12461050415922961,0.015729361700645265
0.10558907481325581,0.09050602230424072,0.188824533977463,0.047137112627259614,0.17241247966163023,0.0022412573532734005,0.09631334661981657,0.17832832369657908,0.08613111747297426,0.032516731473507504
0.07705097473744742,0.05971798285947535,0.16000222454913643,0.05930443510323088,0.1560138889307201,0.19004629069414594,0.08325849963696126,0.020919113342929337,0.14608015835652918,0.047606431789424176
0.149273087941083,0.1041702163119564,0.0820231086110908,0.040087279137209254,0.11390649212392154,0.05829754072618271,0.12143417188101147,0.002200748224464945,0.1508597330994267,0.17774762194365318
0.05561726266466639,0.2454572343970368,0.19857900949641535,0.020786879552604297,0.029014423399836706,0.0001516953945541022,0.08225836815302279,0.10833227723239551,0.25189112823230775,0.007911721477160343
0.08994841902590088,0.1621419977482763,0.056033787523403475,0.20463718015789084,0.05881379139760889,0.13103808159200614,0.1262188596766782,0.008302539616154743,0.02166543222511884,0.14119991103696167
0.1028903849590913,0.17054520233655363,0.11783213408405939,0.12564176018033638,0.1575057089571336,0.007364601075821207,0.04269761840737755,0.19756479836989002,0.04347399343618968,0.03448379819354747
0.09972339169830692,0.06302712823062424,0.16836652166575222,0.11960798993448353,0.07519471848343179,0.019689543933592315,0.13957841148723368,0.11740944973767004,0.14435299861209308,0.05304984621681229
0.2143591419533202,0.018758570047522977,0.08755990520204576,0.13725705229861232,0.23921682602574187,0.0010410923370787917,0.03149770384157712,0.08382110918319009,0.10178667826863759,0.08470192084227335
0.10197909682927342,0.1355894598986432,0.10627034639807444,0.09029151396640438,0.08230565428435765,0.007806334247598691,0.17728500980155334,0.05079927863076979,0.12750028084355383,0.12017302509977142
0.08589248481902874,0.1117216229241267,0.1446965126513796,0.11784311552510224,0.11254468925467814,0.14631453108222914,0.08826313501923831,0.054312295596026676,0.027901155268105986,0.11051045786008448
0.1499913003374558,0.19392086408077294,0.08822231320374921,0.05385616944929467,0.12975312894231042,0.15589353576901996,0.15915990282575415,0.006668058710117173,0.015259219636292795,0.047275507045232715
0.15182815439556885,0.053442298620496674,0.14384644190965779,0.03965455693869335,0.011311646482695083,0.16745200830628335,0.14181158787934833,0.14108053547196225,0.07664823838576522,0.07292453160952916
0.06484072505404959,0.10070222980135947,0.1121189495520749,0.15211930649367086,0.16012009049096795,0.13216646113146005,0.095521182387069,0.054495737656811254,0.00433521178250235,0.12358010565003473
0.01670050714989128,0.07602101421270062,0.004491182927224234,0.067281257554695,0.09444315786045236,0.16798128560713182,0.022025482838656036,0.21587736808430516,0.27929788203164896,0.05588086173329437
0.03441599052815903,0.009355726462930591,0.07915976954312771,0.13489678520310372,0.0734921650708073,0.06989575355273911,0.12686130986943017,0.20657299402309326,0.07038132230252687,0.19496818344408237
0.10644251813883357,0.11126270105878332,0.13087556320521163,0.0987604510145983,0.08373159274847601,0.05199874853786291,0.14584359633743926,0.13695019777459835,0.0708183436647588,0.06331628751943787
0.17810602655392713,0.14483830881522453,0.1224724824944882,0.10300396996632871,0.08115627243104155,0.16325973874066632,0.026333091596459853,0.040466935712829805,0.02305051884714332,0.11731265484189066
0.08746693976350725,0.0630119045604793,0.1446356872734103,0.13839038714188195,0.09844843648176099,0.01718394474784005,0.06033504556903862,0.07680996077914456,0.15463421440287473,0.15908347928006228
0.17187156360063272,0.10612045772785526,0.14497392393732708,0.014955040398413093,0.16517290331565176,0.06547281338379447,0.11677459036130783,0.014378438243779774,0.14054352183150165,0.059736747199736366
0.012384082925469256,0.05668059146479567,0.06419815531215771,0.12156559571572823,0.13118253901201227,0.06237595105726558,0.20095918693327552,0.07991794134648256,0.06527239574968398,0.2054635604831294
0.19181845937176858,0.12156415054388196,0.1159167570881315,0.18528670672733838,0.05895598035347153,0.014763572696036467,0.041025753850532164,0.17889693337992166,0.029045885743663822,0.06272580024525383
0.14348220834511183,0.10457754738126433,0.09658835590489163,0.024170877460183936,0.059699701916130075,0.13860789805643936,0.006126807335084737,0.12557648317272307,0.15610947631397998,0.14506064411419098
0.0203350769450908,0.11535466141150408,0.06338222710853808,0.21991684068060818,0.039107095907621355,0.03700587793093762,0.23676424905689605,0.20726503296833118,0.0012495408641718254,0.05961939712630063
0.033729654715940444,0.1810540569913854,0.08820931673719563,0.15399083643733422,0.09068921310099586,0.14188699042886396,0.06701113561635144,0.012700268305423403,0.04509581130655317,0.18563271635995648
0.17158112371137765,0.09300033523854652,0.01333153815433453,0.17408041535543095,0.10766450352014117,0.09820853017911561,0.09573528069405035,0.04316404691782562,0.05623666014046168,0.14699756608871573
0.06705724441833667,0.09902085977885901,0.09148270224758583,0.07815278728312433,0.1671750227609452,0.05862768694616469,0.1527651643714523,0.008077147557373219,0.09281626945464454,0.1848251151815143
0.14827493305083408,0.14204611668353,0.14292702034532165,0.04872713409078927,0.10119534315032051,0.01898999237034183,0.05096881506865067,0.08449071590772972,0.13494148924646499,0.12743844008601726
0.117404562974496,0.20158518578397794,0.06461292882301724,0.1593347771926776,0.06934418344219097,0.09027264211435393,0.15583020479141685,0.10914665105082873,0.027084318207838215,0.005384545619202575
0.13132056925778618,0.14038575647749754,0.10338231456946033,0.018486163234578166,0.09573796782943433,0.028555220378983216,0.14234887125439455,0.12394565599595944,0.13301642197878175,0.08282105902312452
0.15634477503494892,0.14844230725821236,0.030706578233372278,0.1671688707403695,0.038326153372029007,0.01854113187870765,0.046656520380367446,0.15358871604381627,0.13332206759309462,0.10690287946508197
0.09271876727634536,0.11872566247527089,0.03394107302940594,0.229673892788391,0.17407787302068572,0.1021189268192778,0.00012387679763376042,0.027220385755044128,0.018986477105009978,0.2024130649329355
0.13134907698628986,0.05577139793479282,0.1516544744695055,0.02178977378328009,0.05738768094671261,0.17668364675956566,0.2198698894395056,0.08211494141936654,0.030574982657060237,0.07280413560392109
0.0008395803095805903,0.17277002027686364,0.018525392153476088,0.14607422053356478,0.1530168448869015,0.0923143891518715,0.12638859538538733,0.0036727738507694595,0.1152754271030689,0.17112275634851615
0.09177480203677195,0.15477455892471512,0.05534589514791612,0.06427166563134694,0.20173413384207037,0.02093989321255223,0.02888203084350316,0.05998663867833428,0.1871213832135677,0.13516899846922203
0.03637104320626554,0.061724354035520346,0.04306342837901154,0.1454313848713888,0.1884929179933593,0.17706649683805947,0.035035884163901354,0.05117712103678836,0.05639408962608962,0.20524327984961563
0.12118853612479254,0.09743452237741551,0.1461506458489495,0.06794571768517033,0.1304684386277475,0.09769879602232551,0.16447126825755232,0.08445932090253132,0.07780045122473749,0.012382302928778212
0.05221441050349411,0.1598928782499672,0.10688435989716512,0.06846134453529866,0.1548592867994679,0.06730806189594857,0.02883059888868285,0.1382364417027703,0.1598357089885776,0.06347690853862771
0.021921951121351327,0.07908807244411761,0.04839816547462273,0.09263443115357668,0.15334080086445537,0.14337754054235274,0.17197475623917574,0.1460039283301442,0.09202955035041299,0.051230803479790595
0.12673683747824235,0.10980837621053753,0.0061741701860874585,0.13983330686467826,0.016913537763246066,0.1265054026688746,0.13000394424569814,0.09682747320970267,0.1481115239398347,0.09908542743309809
0.09007710881237108,0.15511813239313005,0.17060217086813112,0.18382012142216125,0.0008950964469578622,0.006696192560218266,0.17165971985714434,0.10219015609853398,0.04334520174013254,0.07559609980121923
0.1358517650736853,0.11643951936608693,0.16745873474578515,0.12881759149984295,0.06806871401754036,0.08826957590989201,0.084917708217103,0.027326725735302464,0.11962953536128426,0.06322013007347756
0.15041895417287054,0.11730532474191188,0.08667659308807428,0.14818401072614515,0.007252728307253746,0.08700572598064915,0.03623878327936024,0.17631040772680898,0.0974391498678107,0.09316832210911535
0.08013738271321622,0.08675198338495231,0.04413160393575478,0.19246129440737458,0.13843170266203716,0.10659124067418414,0.10575987787646181,0.15232089893474687,0.05886578259184441,0.03454823281942777
0.06724048090758417,0.04489529935948689,0.12609083982565944,0.034643355104983335,0.14178482792545255,0.09134657773943534,0.08804173559298745,0.1615586107507278,0.13076771086119068,0.11363056193249227
0.010081639289654816,0.17669773092590338,0.19706800819751447,0.12889909058519033,0.062344260542195926,0.07070215752410516,0.0946009063240496,0.15800253377590714,0.016817013869076778,0.08478665896640239
0.09950934568350626,0.0008954955931296849,0.18137968589380685,0.21853665803935207,0.171754365354409,0.08213497923902825,0.00844022258683124,0.03849778294102628,0.07709186652695654,0.12175959814195389
0.2033235562228781,0.032963614683760044,0.08732921467014494,0.00159635304988168,0.07393284523881014,0.024674547489411086,0.2305567970623405,0.13284146156915022,0.07883753710193082,0.13394407291169252
0.11919284081617879,0.125465325442628,0.006075146368374154,0.038176101054457394,0.08855270179859168,0.08416577126735258,0.1215735548621773,0.18728263821886607,0.10548777421482547,0.1240281459565487
0.11775772357818186,0.14238073307261845,0.08574043106435855,0.06349920656890837,0.17687450710406433,0.07589432853774075,0.03601854118786587,0.0660341402719422,0.09698807496989735,0.1388123136444222
0.1107060638627962,0.11849191249672347,0.038095765715707074,0.1996640834046165,0.1024879806064274,0.011488401901156789,0.011032881868817816,0.20608787498092151,0.007748810548651353,0.19419622461418193
0.13956322658829143,0.15262870461316658,0.020354318202103854,0.037652192014617294,0.08642503436122578,0.13857361525065004,0.09806734606387997,0.17200244117685565,0.014457274734635853,0.14027584699457368
0.09520618978380334,0.18604014144039682,0.018852843839206164,0.17938405625811482,0.11865608866580604,0.07260426018260936,0.034878079612261574,0.00912156285981507,0.10678737303857994,0.17846940431940675
0.11068015136197175,0.019672776194312923,0.011588991910091575,0.2122654205652296,0.06387796949455717,0.22255407027055982,0.15845700820308212,0.08711509646187596,0.10297610094693731,0.01081241459138194
0.04867343627250681,0.09151119566359071,0.10910061353287899,0.13352352492091377,0.13407173621037335,0.13977223754275786,0.09384098770587125,0.07506006823262688,0.07464149533734027,0.09980470458114026
0.1415372330921257,0.12085685913074205,0.046771392530689376,0.04026059900578473,0.09201660543812135,0.15325995462451153,0.14598811194628214,0.08951060749245861,0.020221012722437662,0.14957762401684688
0.1787684974216245,0.14366427710661533,0.00821390318755068,0.24239958305636475,0.04494721155514613,0.013199167086790238,0.26653661303325277,0.023779170894227295,0.023198937170308277,0.05529263948811987
0.015357129205019193,0.09048006678228562,0.16320951538340012,0.15121890452142325,0.027033644401571067,0.08115983741592907,0.15956553544174165,0.0025420466420526017,0.292449412037354,0.01698390816922343
0.03508924989853921,0.05699475728082997,0.07485262541029554,0.02189764575544929,0.09048451837687692,0.17739875319589196,0.10568973083691151,0.10898957400889699,0.17464751913174417,0.1539556261045645
0.23486134756284416,0.00812296626766233,0.09154365240675606,0.02371740116989311,0.023083654735320584,0.13047312770354158,0.12471095754387229,0.048581680521005324,0.22215008272064923,0.0927551293684552
0.18371907449849806,0.16886546474683126,0.16337285112363603,0.09585118057390934,0.04150936926219267,0.04140316391022892,0.14926227442634968,0.09490025951173867,0.06031380736605205,0.0008025545805634458
0.11016027457634245,0.048933926058830436,0.07030247263362005,0.16305172677568192,0.09951918098602913,0.11671680211970496,0.10010051394985489,0.11911347430416905,0.16267683408548048,0.00942479451028668
0.12377672742351302,0.10060059123413559,0.1718399041340727,0.08293303297598607,0.13014443315764723,0.1362202982145438,0.018062383980165242,0.03570879882286965,0.16509323924587269,0.03562059081119409
0.16108990279166546,0.011451944117720514,0.010614507181832438,0.18098277643795946,0.18810955776981672,0.039654484729257616,0.1300118537819078,0.023265449921349695,0.04241542090002806,0.21240410236846227
0.07140697160304398,0.061525403279864874,0.16675206554636046,0.08239709924063869,0.07028942111571655,0.10653524466792262,0.2062931125376359,0.0885611790366993,0.047564112587115376,0.0986753903850021
0.016478881027965492,0.10897413073264402,0.05439456620980391,0.021410918286940448,0.16037482091040559,0.01467509993086324,0.19875100470741128,0.14128701366046906,0.19062415952959208,0.09302940500390487
0.11554643689783746,0.1477630392407495,0.14733344095826134,0.10523583066744895,0.13842684843340744,0.03565332705949784,0.1392862935996178,0.0662520598807592,0.01825908198418655,0.08624364127823396
0.06110593009098766,0.02848388525958152,0.13766494677061705,0.11057189954930385,0.12372320851481469,0.13531082866011207,0.132661089836924,0.07325782317589224,0.10344096632166713,0.09377942182009981
0.05300209099142686,0.14015904635406676,0.11234610102206677,0.07410699812951767,0.152538444938865,0.12126332761625676,0.09587161741524775,0.03471531676523143,0.08450938980881091,0.13148766695850997
0.17868988150776957,0.21593453445639843,0.03799297528079181,0.05812488304999573,0.025836151885560887,0.02129344005923306,0.2298522806058496,0.17300969651589418,0.0030676443931434505,0.05619851224536332
0.18170829834511856,0.13094193795765366,0.022214466530971706,0.003292181988368736,0.09104812175275427,0.03789722859888078,0.08378269680183718,0.12268490841850754,0.20004581961444443,0.1263843399914633
0.14765868819139813,0.03804131130398722,0.12419386022416384,0.1401051292907005,0.07549091440559717,0.004287278700070302,0.016864314247419975,0.0881542146991438,0.19565670956196227,0.1695475793755568
0.28797523739414027,0.07942333026000942,0.052342952529518386,0.015520623709210738,0.007469955247214096,0.11050906721313829,0.1747487804006738,0.07727054802297291,0.11500109822008797,0.07973840700303407
0.11839536476494299,0.006901543285879903,0.09015629131165077,0.12077717263466925,0.1191313112525354,0.06333923520472647,0.15495322654568375,0.16310421725178165,0.10567897418101213,0.05756266356711759
0.14609024805035345,0.18925877606663175,0.11318811052366652,0.14197435714891732,0.04945342046227039,0.03741836113677103,0.022838370437688268,0.17535755355836333,0.01449628834488603,0.1099245142704518
0.1049809646251539,0.11602966511799921,0.08945777809505027,0.16430962631697668,0.03692009835299158,0.020042313072067944,0.14669346743789383,0.1348591916025917,0.15846550164321901,0.028241393736055942
0.05492060827442438,0.09770183837085765,0.08749758295956352,0.028145038115023394,0.12235742650340951,0.048201036112995775,0.14119760057033648,0.0996178512013477,0.14444149533161832,0.17591952256042323
0.09942273954745182,0.030671174266398094,0.14593518534338698,0.10348983588523321,0.11520092236207946,0.18700635696825382,0.024879839982994676,0.10856512725396379,0.09784289396621562,0.08698592442402253
0.12320944362535552,0.004000353073435076,0.11532809023879444,0.1742685408250353,0.1118825093499492,0.07235620295412679,0.12638862782857063,0.16310372444164747,0.0074106278809761535,0.1020518797821096
0.16635625778242563,0.12308083396651835,0.008829811780650076,0.05527735932983178,0.16456220920461648,0.07960142040732084,0.08092743842617404,0.08218625243907586,0.13141022138302888,0.10776819528035797
0.0803453062244272,0.09326168789973224,0.131062352265096,0.037939454855013904,0.004951067817039873,0.09814215300274876,0.06853252436483467,0.17443539594794935,0.1695600688595344,0.14176998876362362
0.1349457196417205,0.1556856704919281,0.06926661472160091,0.03136136270071513,0.07165658939496009,0.11836270863747811,0.131876593541995,0.13699351245659738,0.024646858981577174,0.12520436943142774
0.00011406712926754387,0.04171435040463078,0.16954932625641833,0.10821774060047369,0.1890328333734037,0.045719086712672434,0.08274359411659275,0.19177648893847998,0.08229320305904987,0.08883930940901098
0.10900182229790975,0.09968351203088899,0.10372679853839463,0.05236439545662092,0.08867788888909724,0.042029199489794,0.061018256768767584,0.15783904409864513,0.14635742164702675,0.139301660782855
0.08950232642385023,0.14393160821194798,0.03098005397033135,0.0832894117789636,0.09662075680787575,0.08172105841257495,0.11269062192836016,0.10518165529725688,0.152555203590633,0.10352730357820612
0.10658863249780781,0.0709106728411643,0.05439332502069939,0.09127086868397219,0.005420728152650655,0.16617709130216593,0.23394207111191256,0.10062113569850686,0.14403068756839224,0.02664478712272798
0.07140103942868362,0.2260758568722678,0.09363599990059496,0.09104500388832061,0.23057995304175868,0.03987861859023208,0.05431546967361768,0.03636216882778676,0.051790194193527934,0.10491569558320982
0.10390531302460516,0.20090076515459893,0.04273857333086104,0.08849963236361537,0.10183532452984045,0.021202017129320558,0.16074577117079922,0.07725602698404821,0.08228639594146446,0.12063018037084658
0.01261717743343621,0.042938026270818316,0.18067892075716319,0.11479440612569518,0.08489377914316644,0.1805522133471358,0.06638392498471138,0.12596571108284937,0.12751369830776924,0.06366214254725489
0.05768746440215785,0.1617298773212323,0.14092378725690077,0.16460590096529687,0.05580302231874544,0.09928219569997382,0.11978932386098391,0.04832483625470787,0.07619840667200538,0.07565518524799578
0.08791283254309741,0.17288419228650456,0.18452562762428146,0.06936790373940252,0.05773202001329515,0.04738877201257872,0.08898970085853515,0.13994306723826694,0.1100371543781405,0.041218729305897525
0.140613036549351,0.14540942563151785,0.1394241107062957,0.07833821475285434,0.06761647575401786,0.13710203633202417,0.05183651267755383,0.12489721158105493,0.07922119787763525,0.035541778137695074
0.0656641184489425,0.015250371544922953,0.13248993688155677,0.0305170034739128,0.1538220885974367,0.10807721015003866,0.05534996018861053,0.172605476264544,0.18544186404961618,0.08078197040041883
0.15432072652505355,0.14729393697851556,0.07890216077380041,0.051023881765455865,0.15363651758060293,0.07249511695059424,0.05034324120572225,0.04775072846324939,0.17708436886161805,0.06714932089538761
0.17173243604046842,0.04806900509925944,0.031517088986354504,0.1332923995062796,0.009997255273856132,0.09090436462752398,0.017057597682328327,0.23889342999822524,0.02216993868525466,0.23636648410044964
0.12813933756662488,0.04482630260085092,0.154658038756193,0.11416613289437624,0.04856344788382564,0.15744351951592606,0.04324826631447584,0.08208095327707605,0.06387503336851372,0.16299896782213755
0.17287507696508436,0.20534692959939352,0.107518040596863,0.023855851871011344,0.03227448856022695,0.1032664930793548,0.13705010501351572,0.11670672481737149,0.060328380697856496,0.04077790879932233
0.016159264617133916,0.07075979212620977,0.10911394881858992,0.18942129948446762,0.16987782593788084,0.052834630940259295,0.11649341133030806,0.029420521089153936,0.06650095396585437,0.17941835169014222
0.1624887448982504,0.16628884459587182,0.09024773752660074,0.09122439575596188,0.11378802765583583,0.005974211398434037,0.15745898362613894,0.002030929148723579,0.14644867129159017,0.0640494541025926
0.06541151784421415,0.17559865841838368,0.0025124546419150505,0.039677451359283744,0.08919119086799154,0.025625885614727076,0.2145761320936667,0.059766251862871024,0.1682435991474695,0.1593968581494776
0.0261687220283767,0.07660442609941709,0.1438708692320063,0.21230964548426573,0.12641050262611306,0.02718101312773005,0.09849712011322384,0.04755069828227307,0.1110504854672254,0.13035651753936878
0.022170410222335457,0.05914359495028256,0.19876589694704044,0.10881052285325299,0.012343927745323016,0.16659299465116448,0.09718365544930617,0.05994779015885743,0.11224380058916462,0.1627974064332728
0.13360412479626335,0.14653358762669458,0.09724896593074023,0.056353416704869826,0.1636362664448029,0.0951126819745412,0.07856816854843862,0.015479512279261483,0.21162241569567183,0.0018408599987160459
0.04641872865459326,0.10769238483743804,0.0021058430982607568,0.18824360954159258,0.08868807715225531,0.06816463256049676,0.16770598950951068,0.0035122872993935215,0.17601097016854345,0.15145747717791572
0.1952439471485729,0.00627097746529322,0.007302799456236073,0.16454318783559904,0.04024387025901293,0.19868178979127998,0.012676211984962575,0.20096689620829283,0.08988176162705232,0.08418855822369813
0.17127094569521562,0.06782184553832558,0.15370878973100763,0.14760353735207504,0.03984203035232173,0.10774563675493136,0.017859899407914683,0.04461986387049839,0.14944215972498842,0.10008529157272164
0.05936777203256165,0.021012295488617244,0.20557253645080906,0.019865296401127924,0.11762953622181607,0.19219916911067436,0.08988054823360557,0.18490925155078344,0.00037060505884815484,0.10919298945115656
0.10875798690586048,0.1193188481728815,0.07344536834567873,0.12495464813309745,0.13911243007290305,0.12448865699576309,0.12608529324491968,0.007877376498445847,0.10663323664883659,0.06932615498161349
0.1844775102014444,0.0838006900051635,0.1157831475542537,0.07845041892825881,0.014284854874471455,0.05978808741203495,0.032602073242777994,0.09132094496217907,0.1766218408803168,0.16287043193909934
0.13241788047101746,0.0635777432124404,0.17866048903596737,0.10412415977055543,0.05790177726386371,0.01471105343409847,0.04145421397219004,0.14416830062272287,0.25748656571020245,0.005497816506941799
0.014747319356347795,0.15949693591554678,0.06264250656886002,0.042293540311584686,0.06608943330518728,0.1442293262581166,0.1734549459136613,0.19207889361966696,0.0594207830700415,0.08554631568098711
0.11908278294479874,0.05645698044857269,0.08330370927517583,0.14430607334061005,0.06841906815680873,0.018056860414558566,0.17791674420127626,0.07051013752475088,0.18431143633331482,0.07763620736013337
0.2000447941210434,0.044556126292178824,0.1303598975017464,0.19523431413294406,0.17135532351782615,0.02562564860135581,0.011328683679090899,0.006161117171258629,0.03320658022565472,0.18212751475690117
0.06630887475756658,0.041572393086157296,0.14594243774803953,0.15095207380811082,0.14233002617551654,0.09827840593715491,0.122318319848021,0.05740345550651374,0.037071019992842034,0.13782299314007748
0.06442636263842315,0.29580162629764134,0.1353935703123705,0.05968873149650567,0.1871260038273268,0.04656067270475531,0.002847093039816491,0.07121962125615863,0.0012344478321410213,0.13570187059486105
0.08241059051663566,0.047321778364883875,0.16637617666819113,0.05471721215830619,0.11791452825916204,0.1549618379932784,0.020774810415286275,0.07633743701624444,0.11458276763447153,0.16460286097354057
0.1110829429268397,0.050639571319970066,0.17688903091495753,0.08629040103714822,0.06427692450705108,0.0007095537755177545,0.19391912208469084,0.1774661395988198,0.06329436548144979,0.07543194835355538
0.09418995267890477,0.0801258385602804,0.10218741112730019,0.09012726962428326,0.11771219358967647,0.1590043366564724,0.009810996676361691,0.02495049161153924,0.15161224786427918,0.17027926161090243
0.009702296528673448,0.16302773563055659,0.18034284805096185,0.04223036245305414,0.018593230542941222,0.15611346981285468,0.060019343205058834,0.15596467008057233,0.15516636186335278,0.05883968183197411
0.1080302722264393,0.07320791563756869,0.12952988616695144,0.04902296318853461,0.0809805171021554,0.1958390778213252,0.14798825625768994,0.1297011570905559,0.00564430702430217,0.08005564748447752
0.027088522803821125,0.06226571244273076,0.08013967267077912,0.043523970086198974,0.15029903509251713,0.201776475897646,0.16841117869872202,0.20624574515643776,0.03258082026540471,0.027668866885742466
0.060233199290708625,0.16967396041607835,0.16824099732909656,0.19903931469729974,0.0755347604654943,0.08390210779901375,0.053708393090661104,0.04782641141431825,0.12308430999907519,0.01875654549825404
0.1967126467665761,0.010987695731009923,0.03960159146272282,0.12481639836274427,0.1646804715023246,0.016548385640188026,0.06353797306797825,0.057565072008433214,0.16538853945876109,0.16016122599926186
0.033296409990615256,0.16300489002244886,0.12957519382212238,0.11095358744485384,0.0918530814277179,0.1505392031162455,0.06440772725981678,0.12068262129835461,0.0012675643395944714,0.1344197212782304
0.12845990640696486,0.10805395355019691,0.023265089659523536,0.16683461532476332,0.132186455442903,0.10580688295927766,0.10254008390459295,0.10322663702380538,0.036663761420334735,0.09296261430763783
0.04692838447922169,0.008653837935295304,0.2361469286277939,0.08411916036120887,0.18245713125550084,0.10182831899456496,0.1529163565341398,0.16414452725204823,0.017577482176789266,0.005227872383437084
0.15115131766805265,0.1213748725339052,0.11770726250962617,0.005750002691882386,0.12599816630508814,0.11258905455298916,0.1575873600640565,0.04867848590283666,0.05209855350844268,0.10706492426312057
0.04233888942734565,0.058627654115942646,0.0956308533150313,0.05547468197767175,0.15381583439003013,0.04915399634454761,0.15503284982006196,0.12809104336692392,0.13167502721206223,0.13015917003038283
0.07572911806188398,0.13805116575345566,0.0775084117658582,0.1641183516754913,0.12445783783248034,0.06763128017787086,0.03788622519258721,0.13623844748680478,0.1239062780831117,0.05447288397045603
0.0271665376298828,0.20016345035589578,0.2660268957052805,0.06810203482839054,0.0855241048293477,0.12607868654253893,0.1476505747071827,0.04607526881511354,0.001497366158907636,0.03171508042745979
0.07789941807371174,0.12937121008385732,0.06891002522909632,0.09737943466967099,0.13418686866217056,0.011576179842600464,0.14709750100649324,0.09866448063326931,0.13676138724292267,0.09815349455620742
0.08756145421787034,0.182421706929101,0.05631621179648632,0.07279069746783852,0.053265815554212746,0.005316885962581062,0.28344991064278646,0.08385080787334247,0.08083769516266677,0.09418881439311415
0.22872683755880321,0.08038102145233107,0.1599233227885503,0.061729641713850744,0.17120183243511863,0.07463313449089252,0.10495048079373998,0.028518807222904143,0.03191004495456008,0.058024876589249215
0.20130472104427877,0.0027175293864474923,0.0581795604070341,0.025398004690296332,0.05255540553460723,0.10363060236970571,0.18882410031022417,0.15040149324552016,0.03097921541806235,0.18600936759382355
0.00020460778992347671,0.1257588290763912,0.03095757541493418,0.07966368110702703,0.12660214755227847,0.09902852722877746,0.12626237290266185,0.07949910021861224,0.2192245832120625,0.11279857549733141
0.057140420805028576,0.10948584019875099,0.016898023419353484,0.22444588536659033,0.08364161129238869,0.11743994631023211,0.002966101675517683,0.1424552934490893,0.10432207560216677,0.14120480188088216
0.01591233868338431,0.1291902802048234,0.07637406863816563,0.09631766345528521,0.1454408191906221,0.14857856010912726,0.14460517252449856,0.043179114737346896,0.042656610512802944,0.15774537194394375
0.07182158668130305,0.11549355797293749,0.10149313454098799,0.15513358070126795,0.021383933097761633,0.10153619803013277,0.06895538867832472,0.15722394625426533,0.14990540757812948,0.05705326646488962
0.16027232655001358,0.035686902488897734,0.13204779594516516,0.1650798860054616,0.062451070120429754,0.14871577511191447,0.048216090746090685,0.004458204763858302,0.12131778046248054,0.12175416780568823
0.043266110373148904,0.14353655691846764,0.07771332272940971,0.0981516910696061,0.14112163776826683,0.11739858049696934,0.07945326585653203,0.15678867821428535,0.06719397551192513,0.07537618106138902
0.1366935284670403,0.00937817002598082,0.2381582656917048,0.1571187283643688,0.02733584335893245,0.08356318781262496,0.1775219261125065,0.10501123555024018,0.06119823294813985,0.004020881668461178
0.12739937912688312,0.18739338932786415,0.09920667406712542,0.03683566448183705,0.049263039422041056,0.12517582385995873,0.09063416265792645,0.04751667147318867,0.0962625632286813,0.14031263235449395
0.14719470659849435,0.004209853078867299,0.12226694152012563,0.12083428796873162,0.15587875962632317,0.15543307487259855,0.027116445389840715,0.11789674417732458,0.05662463424871235,0.09254455251898173
0.005303062321608001,0.10498100760329757,0.07606095924817163,0.12836344063355376,0.16064454455959973,0.15424937373761377,0.00016397036018053437,0.16839550400331152,0.08095500037903944,0.12088313715362398
0.19501221036238012,0.11181902884903375,0.11863686338103611,0.11959881978728056,0.0443346894196826,0.1152171536914328,0.05113230869109142,0.2183970841983864,0.0011881116584544539,0.02466372996122176
0.0333427555379623,0.16824267429156414,0.02091186637835827,0.19567036094266071,0.11023034044110121,0.0664744065265601,0.023375966289796584,0.10834214597739619,0.1117676457475704,0.1616418378670301
0.17855057978664393,0.029186053971720798,0.03296215414108686,0.11039667294248962,0.08219514058999845,0.044167569206274314,0.11346732051958532,0.06485526695744866,0.1656160788395715,0.17860316304518056
0.04645791980429728,0.10008052278376173,0.16353014583482534,0.12420250976685812,0.11717931320238374,0.09493140541095986,0.12292865012960527,0.10600731084439007,0.08431313913817952,0.04036908308473919
0.08417062631179918,0.14632097191792276,0.02506346915182399,0.0545706890223199,0.14511636111917608,0.14273397751038433,0.09011753836935074,0.11424078162249714,0.1359493643720056,0.06171622060272021
0.10101203484922804,0.09738661910060835,0.145537535247056,0.06777192198577035,0.04988745473273907,0.12277680666960887,0.08690218839346177,0.0919644217492106,0.13109173792782883,0.10566927934448811
0.09775728597285795,0.06519236509503076,0.07931371472408705,0.03305506098559907,0.16231974617796258,0.19392572451623652,0.056262205045566116,0.09276377718910167,0.21075426653162277,0.00865585376193562
0.17083825060206584,0.08631740069375046,0.14577698062194977,0.08875573663334499,0.0765887670995844,0.11239990054827517,0.03643119936444836,0.16162914694808583,0.0779554658297764,0.04330715165871883
0.0070142099863383395,0.08070767184464303,0.16414471392392987,0.06224246756119353,0.1636754579060555,0.1875610796648428,0.045710002410107774,0.07248906907081841,0.1401096163067875,0.07634571132528332
0.19376072184143012,0.14919611632384583,0.10124727612594564,0.003803198944667441,0.06667953479444852,0.2501773462165221,0.06607402746872355,0.0028990084719457197,0.1008138710518685,0.0653488987606027
0.06375745928939139,0.01755467705485949,0.05657612159952743,0.1345817047964502,0.08669887221651261,0.1563570584167598,0.15537680011633517,0.13110748122167978,0.08525666108893035,0.11273316419955381
0.1425853853304378,0.013065662904165201,0.10635271449131295,0.14037949447849044,0.052951140934525964,0.14463503314674667,0.11815631395258674,0.03684729355787534,0.14239161342619996,0.10263534777765908
0.10217141764695684,0.08147906573365235,0.08177397845106738,0.014686806398205752,0.14172258428461051,0.15914966903181815,0.19707338182942488,0.20282665547720144,0.003930466502510793,0.015185974644551969
0.10554330174277117,0.003545395312663074,0.12600504200838822,0.07545136747604851,0.14023389267674033,0.13753389785245967,0.11821369713113586,0.17108284021112874,0.05109372741936833,0.07129683816929612
0.17201869007992526,0.02918875726356994,0.1292163799362931,0.0030672853735279073,0.21370887007514885,0.06869221720745827,0.16031751481386347,0.03345133072643414,0.0027978622463976804,0.18754109227738147
0.1122322988200045,0.029484650354752985,0.05446957943640529,0.0956001860466652,0.16766393878881172,0.09885447086034568,0.12000934919039304,0.1623192396939277,0.09703163210808749,0.06233465470060646
0.042772604815044774,0.1306411299261941,0.1808982593267584,0.09656093526663544,0.05519966103390685,0.15929908097557033,0.09261606657495122,0.15199912231480744,0.08010193991576571,0.00991119985036568
0.0007425906260491834,0.13243761659322542,0.1684095221816248,0.010179838339450933,0.017877604616874827,0.12055274222901877,0.1507404464510192,0.06860680430695557,0.16332233668756663,0.16713049796821475
0.07447387454377495,0.024666108213410927,0.13790819064724358,0.11420085776170158,0.07282317611824629,0.21910378517044607,0.06303442562373586,0.12219664709199489,0.16433174552111318,0.007261189308332714
0.015399257883050617,0.1579167066757471,0.14883324130261416,0.06258047494509304,0.15083533051311906,0.1518200824365217,0.050562494257071045,0.05542113539188094,0.17548521044704937,0.031146066147852914
0.12749533150827314,0.15339713259533605,0.10464618212612761,0.07339548716422316,0.11498697291626181,0.08569512670877387,0.03465447820821737,0.18375417002393118,0.1110127174525803,0.010962401296275546
0.04920563552299473,0.03847527341318293,0.1249890453132664,0.09357873316969093,0.1368236151770218,0.15110478552385623,0.11295530309930138,0.04163644809908083,0.14474022522722021,0.10649093545438457
0.12041085835399264,0.07231532112073973,0.08463115036499846,0.09038674920364566,0.1592570560304476,0.13159203563412278,0.14750705314141177,0.045106477500662906,0.10337570008633268,0.04541759856364574
0.16348857543553677,0.11268224574872217,0.013295116505799157,0.08064599187709731,0.08484032988711794,0.08063738564279696,0.1310809143876293,0.054819640832981346,0.22449410289555355,0.05401569678676537
0.06573568382606663,0.13839350178235227,0.1260207458952424,0.17871181234849487,0.07632294825102844,0.11231274860442236,0.04659603979999605,0.06923922246927856,0.17829843759961136,0.008368859423507105
0.04563717787786428,0.012611631684683844,0.07646507365224593,0.2078476006090917,0.1648111134674125,0.18092489151452176,0.014804877441859272,0.020984155053616477,0.18516701991801976,0.0907464587806846
0.14699994338192005,0.0880308384862481,0.008230640209445715,0.013004807946861884,0.08561153063430364,0.0950949617696533,0.07898151159731892,0.18146105154849762,0.11439673018134348,0.18818798424440716
0.038337873152284964,0.22959704219045352,0.006602183364932092,0.18927765386894216,0.010549732704634841,0.1724585420345437,0.13248337461666562,0.0005793171427216885,0.05087442975763689,0.16923985116718443
0.04592817055639236,0.17687330997964482,0.0122494972747967,0.0219985827116464,0.017775435518270485,0.09450107485536856,0.0797346446879009,0.195888067315678,0.20099078486102587,0.15406043223927599
0.040668455079391756,0.0309811443555335,0.18200086628665088,0.012788876880043503,0.1898040015015691,0.05566778886681378,0.12535195460937043,0.19547543874919943,0.13209473105231145,0.03516674261911605
0.06902559209966122,0.008083771814378788,0.14385142367297762,0.029708643757134653,0.013799811964250102,0.163994140325708,0.22578455441681575,0.09484353778397378,0.06788181304248968,0.18302671112261043
0.008000775048126692,0.14174893279156314,0.16686617309266674,0.1063469914515126,0.13026301840703602,0.11700846833621133,0.033855609354105615,0.03769783706527962,0.1898314217043997,0.06838077274909862
0.0028990177814034296,0.19242476284647608,0.08924969214780847,0.18214520698262432,0.06263125758111028,0.21413495472904295,0.1833479673544062,0.025897128633730004,0.03111095765416351,0.016159054289234837
0.16205447252921368,0.13292698072849884,0.0665869491213913,0.12271213748711297,0.10128917650539672,0.052724641433912874,0.12546136916637088,0.04322196228544928,0.039155663960423366,0.15386664678223022
0.17372707733480722,0.032350173347816966,0.023835050675421337,0.06188833235114788,0.11863094488503818,0.1131890962727166,0.05951423511631885,0.1321191963776818,0.13099671058277854,0.1537491830562727
0.17854377338095462,0.015428231089638866,0.136828564141018,0.11057260886514654,0.004541258051032114,0.17944921187647514,0.09429154825613591,0.13457749429889554,0.14035515494831785,0.0054121550923856235
0.20016583495792367,0.01176970834017591,0.053857561224650206,0.03292267058069827,0.21199669852640718,0.09738540747892868,0.04740168440032063,0.14543264683903293,0.07470334974865162,0.12436443790321104
0.09259645768289652,0.046272126510496704,0.1572685880207307,0.11987578362142072,0.054096079683921106,0.1277824391487439,0.09231962567071808,0.11783240414434415,0.10636689944834955,0.0855895960683786
0.18486593231541334,0.09426787124927387,0.10554613645195712,0.02228173983480435,0.16541180438961553,0.09494430256850249,0.11385184514501002,0.034010023733730264,0.08143980977679885,0.10338053453489411
