i = 0,i = 1,i = 2,i = 3,i = 4,i = 5,i = 6,i = 7,i = 8,i = 9
0.013822936247255928,0.1739254133459421,0.09650026033568747,0.1298355892781633,0.15461086632369864,0.06826862619732685,0.1636505587829552,0.07576782470728763,0.07425999188361779,0.0493579328980651
0.12454555562646727,0.14468445026476617,0.22989876225721795,0.01434916256070407,0.16764162169060337,0.04581976971388065,0.024788994209144405,0.034084252670908935,0.19778118083016272,0.01640625017614454
0.005812101380686675,0.13436752185599316,0.1624816437208842,0.08397478680208531,0.14354691371361408,0.12613728398092625,0.12349692079323817,0.09745920604258645,0.0686855577230771,0.05403806398690868
0.1782553268630374,0.045677651757197665,0.007804991784805184,0.23599542681164565,0.003656891795059358,0.09045494484620253,0.058272280970436775,0.1782917765083191,0.0460600193022385,0.15553068936105774
0.006879482778350474,0.02658170648150561,0.18554207216954494,0.16880271486439738,0.05503544075948485,0.20363094384182145,0.16745079811166558,0.045652722749843576,0.08016635879339107,0.06025775944999495
0.015347050618834006,0.10946562103921224,0.15210135166187633,0.13331350820745502,0.075246441564272,0.11891467063596105,0.15343427065942464,0.06647920519895435,0.14756635131870108,0.028131529095309304
0.07016970342238109,0.20549655930926128,0.12674854431321106,0.0028397033545522307,0.0653420496224802,0.12238668143273312,0.11120680906463191,0.09699680933140517,0.06366253735837553,0.13515060279096833
0.09390198583580212,0.13016320675227033,0.09128117397441932,0.002625244582036252,0.052834739933817654,0.17788339488495644,0.09298688275442107,0.13434152649740386,0.2030486340730887,0.020933210711784122
0.02408107141807089,0.10284629968441872,0.16018784715633289,0.16168020725851684,0.10933591050473751,0.14697813241892915,0.02630178592463736,0.007837321530785151,0.1273748069009431,0.13337661720262833
0.13948346152132154,0.18233898027432938,0.15301595159865625,0.0768773905845706,0.03309130957951272,0.11990194351125483,0.12011016524476001,0.0924685989091853,0.06795632892943093,0.014755869846978254
0.10490915363901508,0.13553484768216642,0.030584320565743412,0.041895073994786855,0.09201642253901626,0.1488187058556063,0.1987372688239756,0.12236470359154825,0.019413625337161775,0.10572587797098008
0.09304166013154219,0.0596837004245531,0.13106704883956244,0.016404403701142656,0.1541667052596349,0.1237292111102024,0.17898028476763614,0.09304131198521808,0.10206782255200324,0.04781785122850491
0.14917958715950969,0.15646148954510675,0.004264651221935723,0.032768863081278285,0.12278324837114205,0.12909298666895327,0.021584284160275417,0.11793082516710496,0.136465734179662,0.1294683304450319
0.17391331244719557,0.09489005443912803,0.1781728129499449,0.07144656794801052,0.14982931455405338,0.014968844989859165,0.09533622496209303,0.09273878614172146,0.05182933558561604,0.07687474598237805
0.01731561815634542,0.17407188463645148,0.16064337491524272,0.2206341924214018,0.008458402744820714,0.029919402831078697,0.1596875371204405,0.10009568797546209,0.0025883985383680346,0.12658550066038862
0.15115054939152525,0.08892648380886399,0.15567382287777592,0.036777681141200586,0.12252572600623388,0.030091037236755443,0.03026559876440742,0.1448617208039515,0.15532547440889438,0.08440190556039165
0.20629429746438666,0.10983279964987573,0.0769397343776521,0.2024062585436732,0.05772679509069886,0.16639082098989594,0.07683799914331328,0.00038816384515354265,0.0632914377385412,0.03989169315680964
0.14700131230303687,0.11776396104682313,0.12826559519274688,0.11342880414492079,0.04426836872304967,0.08102935006192268,0.06320754321819733,0.05858759710616392,0.11373105346975872,0.13271641473337983
0.11357478660805558,0.01071529990706037,0.03135662577927937,0.19342789410035177,0.07177954118611336,0.1443998757855092,0.04464012166344749,0.08507626800891403,0.07532058748036335,0.22970899948090548
0.04134577548991981,0.09171597603988499,0.09725235476419855,0.035886335825462704,0.1420050879202036,0.12289632019798075,0.09074008655381839,0.13052041822621793,0.10850038701878784,0.13913725796352536
0.025315381905575588,0.17039450160764372,0.22926455472248794,0.022446294715040817,0.14127694689704134,0.05685441974270073,0.032223110918902315,0.026327023923138515,0.06779215999394222,0.22810560557352694
0.03538848936548456,0.06755672855218305,0.049763958270743314,0.1518690044260191,0.16884389840358166,0.024150313766386617,0.17273621540170364,0.14785060082976717,0.14673904122348244,0.03510174976064851
0.010576072687855367,0.08304727042896475,0.14485735330116825,0.07896071804735733,0.16569327345437454,0.049121140715377716,0.038895547918584676,0.1523071507703059,0.14418158479263837,0.13235988788337302
0.08673008643636652,0.16522819124839128,0.07831598048558554,0.1185527669325891,0.1675642285156949,0.008456863876509506,0.15711397359920032,0.011005604802548958,0.0936760823823325,0.11335622172078129
0.18549192025470068,0.02618034078816334,0.19313877513944522,0.028561806795860015,0.15384151902465726,0.020401751068763147,0.14093149946442882,0.04716655367169048,0.049972258925964685,0.1543135748663262
0.1627860495867381,0.19277330584167526,0.178104170199719,0.07898365081026726,0.061247347336680115,0.020142810779871487,0.11759455942951406,0.14594987043936067,0.028171985518494445,0.014246250057679734
0.07406939324232518,0.03298645619986889,0.06432251807559251,0.05973756536287919,0.03326129840580777,0.03209223870314639,0.1886991440878245,0.1406022947929995,0.18585795886949044,0.1883711322600656
0.05610704603919163,0.08301413976097861,0.112890894809619,0.17100006607170898,0.059250315022508375,0.047680219208421144,0.11134449466575831,0.1592312654854204,0.040805234829083444,0.15867632410731008
0.08947366384263929,0.17289341635050454,0.02965004636995776,0.014543599652212915,0.1689221726180838,0.04362107458800889,0.0938907101869933,0.04241752679448818,0.15218531188019277,0.19240247771691854
0.13615083490137536,0.014222860377088177,0.17289678866798647,0.06986214676506049,0.028061914831127962,0.09328127966060747,0.06953851652221055,0.18182870330666048,0.21862701065379309,0.015529944314089954
0.012429107427019066,0.028388181504521447,0.14825003785695548,0.1571136603642238,0.12657805675995132,0.16399933070281508,0.09921567575452014,0.06463266479353688,0.058396471396670625,0.14099681343978607
0.14885186330915223,0.17745496423693732,0.17526778952439892,0.027594195433638162,0.12256570320476494,0.012583425131186193,0.082838464119092,0.12194020671487382,0.09226068377765953,0.03864270454829689
0.11798385353770634,0.07537691687334104,0.09212141943607935,0.16700369801494788,0.1630513947806866,0.005609816562463973,0.1343254877096069,0.10083438367593997,0.1062609629560566,0.0374320664531714
0.039241785390580916,0.13563233380797327,0.09075093320870274,0.12059032871350363,0.11470526922614621,0.0451960438906035,0.14957206573853515,0.08301772724436712,0.11637983288685103,0.10491367989273634
0.1078082581285698,0.010583978024447882,0.1627419024790974,0.14101606854901896,0.1006510129488352,0.02479412890168435,0.11551364972774783,0.1143362227088767,0.13067517012200333,0.09187960840971866
0.09362541197243696,0.05655206090564029,0.12568436082926904,0.02915120342419323,0.02852336888746017,0.008586269678888559,0.15130913751722133,0.15352290442655558,0.1735969788638792,0.1794483034944557
0.08634460448629827,0.08206682233442594,0.1294765320905975,0.17833922505615246,0.08334317642676689,0.06528036827012713,0.18375454606899766,0.045169655144984985,0.14244882695403413,0.0037762431676151586
0.14052645665682167,0.09275688957400197,0.0878754467313241,0.13064968119777554,0.09708278583211787,0.13351591646757355,0.07824260769067169,0.05683700109186768,0.07796323271467492,0.10454998204317106
0.0019134138724469709,0.2221966693077946,0.002568503844216009,0.1460868958898932,0.005254710382523678,0.18889886606264317,0.10566685301924936,0.06069505302300724,0.19141649439975836,0.07530254019846742
0.08935546959079467,0.0668753635276401,0.15036724416440575,0.024516674126217552,0.1251590688019617,0.08845167770097133,0.11319996857231267,0.11101210462849127,0.13890769063289268,0.0921547382543123
0.04933977680809478,0.11303998896194387,0.09286524579868803,0.07506447942043734,0.09424463467147978,0.10072339126309528,0.07938668328214636,0.07549465419552817,0.1585807583237367,0.16126038727484973
0.012109448901253563,0.08341317044112624,0.01565762432089364,0.12295062610871052,0.11365732869557064,0.19853278681337494,0.19508202029627625,0.11089934064096188,0.010004849712494343,0.137692804069338
0.05541120016914562,0.03497224960265579,0.09190413922038719,0.0817206738813342,0.2129926281952147,0.11565873174477734,0.07320828999710281,0.06051813424990425,0.16374685229765035,0.10986710064182773
0.13279749776703473,0.08043950504330609,0.08899962976857809,0.027843039738598512,0.15753895178636995,0.13516111082916415,0.1644405008387981,0.13007444103560195,0.036157667843018174,0.04654765534953013
0.0938715799776132,0.15737796047251,0.07912473914961744,0.022992033565773833,0.0947437697931662,0.1650323575599784,0.1088199931562,0.1436008006945676,0.053721160469066886,0.08071560516150653
0.059880579542859594,0.07573436300621078,0.11344827529365407,0.1429300852298108,0.12462572663009826,0.14125697719277192,0.088883179243487,0.1272241260097092,0.05123772986870742,0.07477895798269096
0.05279476582984804,0.1166204247819562,0.10518597970965038,0.15797616360185263,0.002333520779867683,0.11656532318157654,0.11549057388209026,0.08430532074370702,0.08355197691536057,0.1651759505740907
0.18575152698716219,0.06727863040434019,0.18094925070785758,0.07506608857673255,0.006636706820056215,0.06649045352766086,0.03719750721134878,0.17521925100114166,0.047531323643967074,0.15787926111973305
0.15395041781247298,0.07529621489436343,0.06967476813699648,0.08694199388555637,0.04586065707019767,0.012658673173322355,0.17005758882774996,0.15054850707308928,0.17670860170929695,0.05830257741695447
0.13537709500147518,0.07761149208799849,0.10697824798174653,0.12232239874916483,0.08825428111173099,0.07088651097012712,0.08965106438224983,0.15744313149300995,0.08273669939204069,0.06873907883045643
0.021049982758564345,0.09748160401012186,0.09926120762447435,0.15499349143744479,0.0639626788856627,0.1374566987089046,0.08523158482307276,0.15265253037682747,0.02422987204833501,0.1636803493265922
0.12688641350104302,0.11587787912888645,0.1099222931779801,0.014498663249299834,0.1067379446459999,0.07902961168307049,0.08664721253449777,0.15216853921410112,0.10583595395829044,0.10239548890683092
0.047905921664145965,0.14798334051806408,0.11252366993295351,0.04931569759988984,0.13351239628253345,0.1644077818513435,0.16945245714745083,0.0006376938378346732,0.050594308002774646,0.12366673316300962
0.0352300891554288,0.14314571327296946,0.10238170625165231,0.05070376763852716,0.12998963971434283,0.0038299156392336787,0.15940031837312477,0.2130670376070217,0.07303733743592532,0.08921447491177409
0.10528947886158738,0.09375597311260135,0.08145130765048927,0.16075987290355914,0.018356193035946898,0.16788170355232965,0.052548851643458634,0.05407084596747268,0.16434773065229213,0.10153804262026282
0.1625572487941347,0.11314878009421393,0.06084487500255183,0.14402881043404672,0.10946059068862128,0.011684618759389486,0.0616012807357841,0.14234941859744088,0.08841165830420589,0.10591271858961113
0.18662194901912946,0.029280650607346987,0.047530958794877856,0.00636055610849757,0.03183148500653216,0.1365399438785995,0.13659550129472423,0.18182374747931174,0.19141304759477185,0.05200216021620864
0.1675993209641611,0.06256324789814828,0.14246784826235814,0.022633425159750125,0.008681611830295791,0.06184660776201666,0.27820643669470824,0.014496422655739033,0.2240660813258241,0.017438997446998464
0.17709261730604392,0.08752797016196402,0.06733650623226589,0.005841458960507207,0.11095521854649623,0.06862738346943903,0.15130118861098324,0.0443478012221658,0.18164058476931105,0.10532927072082364
0.07627972670768716,0.11933934755808244,0.09447606490603097,0.048330755995362115,0.05343356514472108,0.12359671938732728,0.13423282820782886,0.13053083865946555,0.10705583211123015,0.11272432132226436
0.007248658503043941,0.036056905261736764,0.009572487256073304,0.17462698460475118,0.11317330856609477,0.06022386368890638,0.18946482842381088,0.12309775473864727,0.08338031630608571,0.20315489265084988
0.2085342722280354,0.0006843391115507333,0.0324337409241513,0.007577536108902768,0.13264579952115146,0.1119745773476633,0.02497178250859872,0.15786275029507105,0.1002896970837403,0.223025504871135
0.04232194498194388,0.05007130038155694,0.06172728577712692,0.0862721737270746,0.03852870242470552,0.15822704379570227,0.09405334569475372,0.10593360489231221,0.1810296613525513,0.18183493697227265
0.09898955255821111,0.06569281139306783,0.1985745371429026,0.14693224648685835,0.01810019925904656,0.09761683357643891,0.09977968587764792,0.044981383568589675,0.15443409999675387,0.07489865014048325
0.1876337882230682,0.049747195324549034,0.1347025665451878,0.13801705874972875,0.10935435090768077,0.04221133951801786,0.13778725386923069,0.1547767519093706,0.01580651022296777,0.029963184730198565
0.1284780811955473,0.027546891464316693,0.07115587672350722,0.08872150751646309,0.11672752288792612,0.13959420269258238,0.06473087367137757,0.10892671944688236,0.1134164720435144,0.1407018523578827
0.13363807958720803,0.08616658135565024,0.06703371929195419,0.11248986873245607,0.1333641927999095,0.14400888937313425,0.09703128357408304,0.028767876400620628,0.06474202040320824,0.13275748848177596
0.1291509499691717,0.032581615214995197,0.12868223839474316,0.03394132460448474,0.1476285040597754,0.08858147200214735,0.13852963974433133,0.13896361794968728,0.018959323081979722,0.14298131497868394
0.12872296233236208,0.11962039616062192,0.08181844543875434,0.10694814209156268,0.15110191763772207,0.15207535030156163,0.039222874349205315,0.0011336362687696321,0.06792905660602769,0.15142721881341242
0.09908143618828433,0.14666318210440257,0.23043976484287615,0.23429201075063302,0.023514582312190353,0.031440836796136844,0.006012603415898774,0.12046407930718964,0.014492666701840294,0.09359883758054803
0.17224737860532155,0.08060115577332853,0.056311746622734776,0.07422728632104772,0.1384845011871663,0.07476644023641599,0.0662986862025864,0.1412945033012075,0.011619242845691824,0.1841490589044993
0.1279135870351702,0.09340019300017392,0.06794162852231796,0.17018026617109105,0.059846764727153674,0.05761202343657096,0.0010772524741443706,0.1201294648569008,0.14439858982759562,0.15750022994888127
0.15239572985571556,0.15694984688183056,0.04675826874932526,0.0046539065518945155,0.11272404453349136,0.10858095888933011,0.1760800379719187,0.14017203412474302,0.08061975832908365,0.021065414112667293
0.04420544252671839,0.16304729181922195,0.12484969087076905,0.0991375936140546,0.1297112962653225,0.038845379029013145,0.17636986554940312,0.151912428173633,0.012789858240578053,0.0591311539112862
0.0870522160471182,0.06352374519184886,0.14266665505863446,0.07384431754960939,0.1321571818668075,0.1613700510464636,0.04451318756947722,0.19075867157744963,0.07197871240107022,0.032135261691520894
0.056902925997617725,0.11201604872720056,0.14792584597079686,0.06058042753107815,0.14082007142380706,0.15454024257383678,0.14340375520605614,0.08709119229595672,0.05109379824837293,0.04562569202527717
0.06649788101025839,0.03952484152478911,0.04548362609747491,0.1386236830865529,0.11077519751605355,0.12414069966470946,0.03199530320154656,0.15163638061115486,0.1339723529701982,0.15735003431726205
0.041637283855877935,0.1362152318756635,0.10132149700834361,0.17013585613154325,0.03892276215720542,0.08176175643145378,0.07900849344637244,0.06952991909795099,0.14578513491909462,0.13568206507649444
0.03070664822882459,0.125263922775681,0.17177633885149815,0.06972453959419567,0.03242751839116875,0.1414177257373334,0.16533675842094897,0.10158300851866327,0.03086149826735848,0.13090204121432772
0.09080981659851958,0.154138866550141,0.14571324429946114,0.11540357468826966,0.031112571156345924,0.024070178559464934,0.006145345735746475,0.17092899347317056,0.1320033518370351,0.12967405710184554
0.04883733217501647,0.015096548124730082,0.1371591266036465,0.15574593047526192,0.03192863279537562,0.14395426541776524,0.11591527032343123,0.04980645196412841,0.1492162020362223,0.15234024008442218
0.07326411051761682,0.06819590418563558,0.162891916824798,0.027595706333042324,0.19210894262733372,0.018293810629099048,0.1433238504663269,0.16163505600492625,0.07571120881855341,0.07697949359266805
0.008162577406128675,0.08898903204679852,0.1738027615596411,0.13767883615844156,0.1263514809582156,0.17287987782242817,0.021616835973895424,0.0617869091580235,0.10183154930750941,0.10690013960891799
0.18662778783820436,0.1642803669221436,0.028798804501569995,0.041696743960219065,0.12321456630541329,0.12016312504371032,0.009589710967708007,0.04675802824487134,0.16733719361890187,0.11153367259725804
0.14108739751704785,0.10522663236029028,0.1189678854983379,0.1242194540044569,0.041514861325600186,0.060222430025475615,0.14878207021011303,0.05839312730488302,0.1335339285005783,0.06805221325321702
0.11883975010679662,0.15702273772194633,0.1390280667762813,0.028928020139511276,0.030648378065615316,0.03941932275485667,0.14328769913025616,0.1199085152039351,0.14088938514008847,0.08202812496071275
0.03599778598040009,0.14614130473833525,0.1531782482874904,0.058683782821081505,0.1444280847043934,0.051642674381931146,0.12192648240114741,0.11994559061902842,0.15690181242243778,0.011154233643754594
0.14605162970985114,0.07997512331928325,0.1363278515786041,0.10123385254919122,0.06731644317947097,0.16683212291225044,0.0940909166411039,0.001285407545997913,0.14978868176135995,0.05709797080288701
0.0965183534383818,0.15056654911404577,0.11599663623561872,0.10000373993793443,0.09954639031683696,0.021503786332472078,0.0895686817475942,0.09559501547776106,0.09716251908828838,0.1335383283110666
0.1484078885616446,0.04086042678906064,0.12147996515662918,0.10286729841524737,0.14373964117239568,0.09445910984788237,0.040444475140430876,0.11071733949791733,0.11562564824176581,0.08139820717702606
0.024665820376823636,0.12275323567762735,0.23190199347228488,0.04234889408448596,0.15654716901838875,0.07844265505185831,0.004064266018343181,0.11844757141383756,0.15984618758106212,0.060982207305288194
0.16745683135375958,0.17612539506970654,0.09404221147855657,0.01377707407781138,0.08834433054152009,0.04352572480058754,0.11340129191587994,0.1427245192869561,0.09004087605849816,0.07056174541672411
0.08732051621091916,0.12901760263224885,0.1164191974419284,0.0303597830882166,0.07290560467029761,0.15649730788310043,0.04542051014189769,0.1267432157847406,0.07027289330214734,0.16504336884450332
0.05351412870426678,0.0857156411716359,0.10830710754743339,0.09016982685128049,0.14284185441082714,0.1349562649489752,0.014012342133289649,0.14696629225301908,0.15327333016590852,0.0702432118133639
0.12840407518773778,0.15536960737699607,0.03658584414204693,0.08123183891541758,0.15563990654481846,0.05836203711645301,0.06224576016028804,0.10875692844287713,0.17076288757408833,0.042641114539276576
0.1691079263414317,0.056313268105883316,0.11195516802686557,0.16763655316347886,0.08562763238565867,0.05997810022091553,0.016512181373822505,0.0945931132844491,0.044160910954144234,0.19411514614335046
0.044906312727312166,0.12192960326614076,0.019627814754561615,0.0451859644414845,0.22047524797169074,0.06310664652814184,0.15860176571280588,0.15160906431132998,0.13454155206856755,0.04001602821796505
0.08136238657259633,0.07237912969605294,0.0733620364078651,0.13332218322272243,0.09365293536860864,0.11103465592130517,0.11509323783699436,0.16598210059061752,0.08002370188580046,0.07378763249743692
0.04213782950915448,0.1360127802576298,0.09324376851485261,0.12594338301887986,0.14558933794915357,0.11902842670344167,0.056368797204866664,0.03846561461425238,0.08213635508658079,0.1610737071411884
0.0266463095085786,0.1433298479909897,0.16013114345806478,0.08453359439482719,0.15400706317615778,0.1009159843918874,0.029882749453946027,0.08801882045346243,0.18829299400370897,0.02424149316837715
0.03528542551819434,0.15197709936577922,0.08185588826094682,0.11879407774593999,0.03483090235965968,0.012696956270182821,0.1824790644997747,0.07522325402659921,0.11539867993050862,0.19145865202241472
0.12208327560562833,0.09476314927264702,0.09467491340858777,0.1150158770820385,0.12416928866401115,0.07625108822842216,0.047909492227080866,0.08908215528161464,0.1239571888871314,0.11209357134283816
0.1439431356148199,0.11573089474252789,0.06955413941344717,0.008396296201238664,0.1802200651848897,0.11231707627049324,0.07259424161323502,0.1650075070658759,0.043935847617961134,0.08830079627551136
0.012426970023683958,0.025306802567878386,0.14467488680239282,0.0834653381348614,0.18609785981986213,0.005200401810657514,0.09222333315986893,0.16246821521333596,0.1777031959640596,0.11043299650339912
0.0915189481427789,0.13411733596802064,0.10721359793204187,0.09440514533496844,0.1579890074697017,0.004773393261808169,0.15668294026569404,0.1432583698762501,0.07116420148205736,0.038877060266678636
0.10437107028103956,0.04059091286617319,0.04481729553211773,0.14950277282881394,0.1933479860741099,0.059452265023500775,0.031096555745783787,0.22485139777335034,0.01963319339548397,0.13233655047962678
0.1627179757161382,0.15479770459216466,0.04728010566194947,0.02733894160180831,0.12389204736259316,0.0549706519429418,0.11686429285609856,0.17794718259900363,0.06948604306981158,0.06470505459749055
0.06541606021296056,0.02510344340018436,0.06815390666536214,0.12307290276439961,0.13554196016464562,0.12383204513783991,0.011454993397313224,0.11145111679759871,0.062255255118788454,0.27371831634090743
0.05818894740345522,0.1229825204419676,0.08169280678417157,0.14828837430496866,0.08763404653202064,0.13995811962517965,0.11169960124379982,0.11701684348013007,0.008763145444653194,0.12377559473965352
0.015811606891922448,0.1116936320869687,0.16543119540368453,0.09888515489872089,0.12513365956569097,0.055283639696958625,0.0501921043270591,0.1399757067578371,0.1430297798625805,0.09456352050857718
0.1515937912560785,0.12307476776340621,0.11841029744134227,0.07404704042754261,0.16673304410091744,0.022236755182644608,0.11566236165041385,0.05841095498457601,0.08129804784729606,0.08853293934578232
0.12320827450268985,0.06586372323602473,0.005124677138213773,0.1459731356686046,0.08622357041901645,0.06681129191778432,0.1701662246661581,0.20342362076418025,0.1294937505867103,0.0037117311006176225
0.10243756094062406,0.034975299381866755,0.12186350010317264,0.168075581790085,0.13373309052862833,0.04993219244162162,0.08247836535222405,0.13838065036118766,0.12633329681301678,0.04179046228757315
0.16822310368904,0.10348763442200952,0.03138786186256433,0.17028060537203696,0.17739445225155348,0.1601589021894641,0.01538034896473314,0.020448222242145167,0.01689605858617364,0.13634281042027968
0.09845872613794392,0.08146487297376523,0.12782309297077835,0.13415667436899803,0.1437976841814154,0.13958968082709963,0.08289153758175181,0.015224131855456612,0.08913319931460707,0.08746039978818407
0.2360078592469186,0.0004463102906963604,0.07982269295724954,0.0011342757619932193,0.15319416837975858,0.26468049002292,0.15594805417599356,0.03627748894407716,0.02322985079287796,0.04925880942751502
0.20613676662565827,0.06492522968068558,0.15312433825114377,0.06336155885878555,0.1158253604108361,0.016449938823082925,0.08324228924211872,0.037054596268745923,0.12041137089967503,0.13946855093926808
0.026469708520869367,0.06467856108431776,0.06815697635143875,0.11899604178252172,0.11728572728536288,0.08509657068488712,0.049479983592689764,0.13231407285459168,0.1793614250833492,0.15816093275997165
0.14985432950244082,0.14950481292465997,0.007824582644444592,0.1051395805121612,0.21659672047993533,0.054953972641712805,0.1378748837094768,0.03912165043868807,0.004677610333303571,0.13445185681317684
0.11879054726357766,0.1069803659358722,0.10141863018204797,0.09179634427202829,0.1161915978537838,0.09582702828152169,0.11337638619279605,0.04363787221114919,0.09240227757666426,0.11957895023055905
0.1842659598530142,0.15906138117201268,0.2031271085430255,0.010233821374215043,0.008407256502960756,0.10625248995034003,0.10471599615049923,0.07735248461243775,0.06263838853762961,0.0839451133038651
0.1449420130954586,0.0167289659179835,0.10634186230997676,0.14495238787457165,0.09120156014251585,0.034423303775750175,0.13639856862570135,0.1098949721632677,0.1092158800111754,0.10590048608359891
0.11976226965703694,0.10427099718695326,0.17934781208805153,0.17035476998985327,0.054082577731861085,0.15119777134270249,0.09939666562359423,0.027871581651823327,0.07984740803199011,0.013868146696133798
0.058059280629502205,0.021027554603027677,0.04274157986347839,0.15460805873986466,0.0802004662139636,0.050583892086600725,0.2255136399244749,0.1411232023182115,0.0767053789387614,0.14943694668211496
0.16119992058348998,0.20579087815852887,0.1010498569266102,0.12580431315132334,0.07237280309266178,0.051135997898419126,0.030163362256774056,0.032270933039432834,0.12933993066917754,0.09087200422358224
0.00818547805322179,0.11188648260376091,0.050736812614684046,0.1190064740832352,0.1368366217887306,0.0013512820907012023,0.13699558162371675,0.14055826034831279,0.1449081497597179,0.14953485703391894
0.04686212142493813,0.089118623144968,0.10705443532500197,0.12842607087001623,0.15074031753038586,0.12168011336410953,0.03470056365259647,0.11574658008117285,0.08785135429276064,0.11781982031405025
0.066967715018083,0.021669685182377798,0.09273836168488035,0.030913037650436712,0.08174047756602407,0.10545439010259212,0.18352546460714173,0.08918632119026217,0.1370581327071123,0.19074641429108966
0.13317114866223145,0.011047864018434687,0.1672080651002559,0.21835606011604153,0.011504282548201133,0.11624247266833783,0.005984718959771927,0.186629068068928,0.01185269605607583,0.13800362380172176
0.18152893631285874,0.1281977357755214,0.025538317802448463,0.13772282796481639,0.04112595625062211,0.17646895000665666,0.04341813547543584,0.09488510755555028,0.1599547832568049,0.011159249599285407
0.11887194187962132,0.09747404622496061,0.028943184269283672,0.12970909095376126,0.1447809848918761,0.15380006166426521,0.08967155156307188,0.03807616241858672,0.03867496633397628,0.15999800980059684
0.06920538169337748,0.04559554198511549,0.06871281181062343,0.08048116360266791,0.14982013515571893,0.1381194120267231,0.05988454199658173,0.04693394608920279,0.2292790572594412,0.11196800838054805
0.09512526015252869,0.12307895180679557,0.11623671794787903,0.11486546900933751,0.058787829328307305,0.09018488560632366,0.10944676539445738,0.1267588065358314,0.09616853648188187,0.06934677773665751
0.03660177157694302,0.09678322390508882,0.042785222902098824,0.20279645404228427,0.20742773893680796,0.08626431964531157,0.189550046517598,0.047326197490743134,0.0036332342106294197,0.08683179077249505
0.15405098327686637,0.1120528174229819,0.006509768397388754,0.17538857469804223,0.16646647358888625,0.04391869632268077,0.025957164689371887,0.01599462434069612,0.14501183494086922,0.1546490623222166
0.16120584658060597,0.005480525403081385,0.038894478361815574,0.12499676543551828,0.11048083886396089,0.09402621246791319,0.09855475172201085,0.15240134930927388,0.10110517480670529,0.11285405704911475
0.14399134993867707,0.09191947984671608,0.05118853720448492,0.033996089779426746,0.0893198250131129,0.15130825188912614,0.15807376109238913,0.1500409056679063,0.038143587821535964,0.0920182117466246
0.06873442358584402,0.0020566817133299727,0.1278504906759168,0.015179788419607713,0.07894561932401138,0.1984988979093626,0.08753497172670799,0.0962545141106704,0.21459780959111185,0.11034680294343736
0.1791686821244039,0.1722104560789021,0.2523181366394981,0.10398602920121389,0.005360769531546682,0.04744717448269033,0.003098364538174277,0.07950857937420422,0.14307310198305645,0.013828706046309973
0.1681716308213854,0.12705972411272898,0.07776213780967195,0.11420241460695446,0.13642394670466004,0.012433041494989706,0.15940656287147414,0.11206316885002893,0.008432203887994124,0.08404516884011225
0.17452138667535852,0.03511447867904906,0.01328069824907049,0.2055749407292954,0.01056756923467766,0.10369355635572478,0.21843986971749968,0.08625694501263323,0.00951056889310553,0.14303998645358565
0.07410174752937206,0.07481998248838316,0.02196069782649698,0.09527143483602775,0.09748372168950924,0.1693502731714318,0.10002078604139834,0.1937419750926237,0.08791908888629678,0.0853302924384603
0.18084570201876282,0.06409958641314288,0.04297544146022846,0.05332751666565097,0.06812801811714207,0.06263035925672952,0.008295168919292658,0.18069540763459915,0.17232511517661797,0.16667768433783345
0.0020089573117749314,0.025593023977743354,0.06618874596776872,0.08977518232215215,0.09212751948072792,0.15324506846519967,0.14274063543547047,0.15368368889537412,0.11601253708129015,0.15862464106249843
0.012297573745297724,0.143078561840724,0.12841786962535123,0.051160904367881455,0.14765392928297635,0.05059481970742972,0.04829113320069872,0.13070224508421813,0.1774350801586119,0.11036788298681074
0.054500126971027775,0.1273474308680257,0.11271941006647002,0.007202468678955299,0.09751072762948258,0.08637656588720953,0.010689835751609988,0.17683643806982358,0.12888866662301823,0.1979283294543773
0.17645651002227755,0.130507186109626,0.07035454900533966,0.002823625006756772,0.09766998446865922,0.02342900979816174,0.15264291829011056,0.18851745981552895,0.03149375194126219,0.1261050055422772
0.11692249117139208,0.1485653676079764,0.10510281114962162,0.09990339703359818,0.19172210623240987,0.05710403367809292,0.012091713083631644,0.10434185687510725,0.151380079565731,0.01286614360243921
0.18286876996061138,0.013443560156667821,0.049146793076858125,0.2922158480801413,0.04369127579326935,0.18688888312741503,0.07759930309800231,0.0046653720218788304,0.10478597332263757,0.04469422136251836
0.07331582757264372,0.15296836025035848,0.02085793627907145,0.11084756284656264,0.13120153674650312,0.006357573082110588,0.17304644845386763,0.08605675727853203,0.12643888970314565,0.11890910778720476
0.10668422650417314,0.01478408014871845,0.11662027734264233,0.1452850556752056,0.1155244575419895,0.1416802602795745,0.12313855328739434,0.07518113436359128,0.09928602318798671,0.06181593166872421
0.07123050731600965,0.027681673000594802,0.2081909181188579,0.09079164628075383,0.03417363076515221,0.03685467614109943,0.12843855083277717,0.07577042111369565,0.09365345633138929,0.23321452009967006
0.1872984470338047,0.06946955189342414,0.07515336058584615,0.04994881061014294,0.06753061584041578,0.06569659033678861,0.19883778082987655,0.19273121302723328,0.016868080240915642,0.07646554960155214
0.004023836133763504,0.11893052964939288,0.1944207852856939,0.04431232848129852,0.22309730236573994,0.05011865173685417,0.09594207098827744,0.12024134109637766,0.01432856196028961,0.13458459230231243
0.1378493834021998,0.08022198376713642,0.16305450286900358,0.12478991255852633,0.14524282268556096,0.14041943170082827,0.00404425335185237,0.10978721672357446,0.00796812319804034,0.0866223697432774
0.06415143105894591,0.1660228346519406,0.06664886894161111,0.16610722581111617,0.044435513307188555,0.17117048316027725,0.12572721730775238,0.06647683761230354,0.054671840609423664,0.07458774753944075
0.08438651870654082,0.024930872506747425,0.13221243852990514,0.044992312383381264,0.12840240017262522,0.12781933325750314,0.12315474663712113,0.12749766336893686,0.1222762332876307,0.08432748114960835
0.09796299410034968,0.15434838294037986,0.06458256942397511,0.06691442340346494,0.18273123191208582,0.04350037732414982,0.03733404038596156,0.13516428511305553,0.11204393792529777,0.10541775747127988
0.13439555518468727,0.1092699782075874,0.08741850395150685,0.1557658870138356,0.007764748999432417,0.11735299284973102,0.1238398005575167,0.08410446522504611,0.05646313683079983,0.12362493117985673
0.17845232753824689,0.07500461099653176,0.11310002380593195,0.13800913239037757,0.07191193879638273,0.07892170147447748,0.16155579445054982,0.013053656896685972,0.09106909882993597,0.07892171482087985
0.09981335422440231,0.13299629605629534,0.08259158401052355,0.05796655673238258,0.0796984879081703,0.14336100245750735,0.11782341256308318,0.10885715056442449,0.07265965879840514,0.10423249668480576
0.1627978333840648,0.030383069845661016,0.14151655406874758,0.13484275179713007,0.15844975639966116,0.06194186924871182,0.05186208342389492,0.01883629826041384,0.07306216080090785,0.1663076227708069
0.06207414162145594,0.06150935482438527,0.15534408577328462,0.06381864113805462,0.13980983183761012,0.16013784065605,0.027468690636095947,0.17415994462091186,0.04785357512704795,0.10782389376510369
0.028771380561991897,0.18242367809316457,0.09833616539113406,0.031017244373858957,0.0948066508830227,0.07180962794821105,0.06151235749784501,0.22092322026199004,0.1328986032415586,0.07750107174722308
0.012644027005229987,0.018398257968541845,0.09141629391222521,0.17161114423670776,0.07306410954564253,0.30194474857635695,0.12466957243135311,0.05938337670615336,0.14369108137329045,0.0031773882444988896
0.08392347256421114,0.11785772488467385,0.13010907529483587,0.015644405240495138,0.16926048865259916,0.11718104378525024,0.17271650616210962,0.03461566779344016,0.0772657251911822,0.08142589043120273
0.035578020932232744,0.20633665006235768,0.13738182101643392,0.108265757597211,0.01077822310933545,0.18386995844617052,0.20740671599400012,0.07704365276136532,0.00413908829297245,0.029200111787920854
0.11493599239199276,0.014266088057889929,0.08046883697565169,0.17289810907701558,0.11475939587270943,0.15314296245285688,0.06163966341923046,0.15522582635600335,0.13131619902606434,0.001346926370585649
0.11393432424013909,0.10137467249433868,0.026783322200210655,0.10457683154390864,0.10711364209640523,0.04471803628278815,0.029423674026861423,0.05556006359929381,0.22573558691184406,0.1907798466042103
0.07303265152907373,0.16555676971126745,0.07978319492747138,0.07728274490991262,0.06672000552344565,0.013482633069635003,0.1462977826504498,0.1105250900198494,0.10405814817177607,0.16326097948711898
0.048198905813395185,0.14297209498387295,0.16145128545294476,0.09859500998263869,0.11857642342589808,0.10206265272756433,0.06455532424304716,0.15063286068054116,0.028618118165140056,0.0843373245249576
0.22401596693356968,0.1456303609098751,0.06103566661864846,0.007662840915024681,0.027145701553491552,0.08287911663061276,0.17604198337792776,0.10712071837769112,0.045846051315468046,0.12262159336769096
0.13157782974010845,0.07738111108419267,0.02265044905399077,0.13749947828211584,0.07671592614715336,0.10435957627116131,0.011272641064792184,0.1392891631514498,0.157478465728211,0.14177535947682463
0.053854016980282256,0.15469178889283627,0.08231961606862694,0.12748327963198455,0.1717056021232648,0.09128881794250963,0.08486941988352596,0.05044280718539487,0.06048137797201507,0.1228632733195596
0.13420986445338448,0.01513315082052305,0.15943547777620537,0.0034265900063616276,0.22684708741085666,0.07478604284856286,0.09318311424610971,0.023761101376091477,0.14895189219233032,0.1202656788695745
0.16196937613520196,0.1655642978886917,0.12281200186004987,0.14937805596653406,0.07833096057022108,0.034655575735650666,0.046158362269645585,0.04401851131001786,0.04493156927767825,0.15218128898630895
0.16918790517768373,0.024323575380478663,0.020841229972536752,0.18911979022906591,0.10201447409598086,0.008911809574767057,0.08715921940070334,0.04799192434363794,0.11437891601663239,0.23607115580851337
0.1406448596844586,0.12572342513584225,0.1299885689386058,0.04991040477918943,0.14175063274894759,0.04482701225454444,0.15556953253038625,0.05079275412895181,0.052974514990575754,0.10781829480849815
0.08943196451798589,0.14859898718925355,0.018273928508265234,0.013626685043966438,0.22305130955709143,0.08740065440006885,0.1342039637523459,0.013593026737128611,0.20139115489911463,0.07042832539477932
0.11098671426225909,0.022185285378425287,0.10315941782412717,0.022293687382020165,0.1396692539557441,0.13718786502166844,0.09352824700140665,0.14995768968552867,0.143230530714207,0.07780130877461343
0.022983051142256457,0.11232049748328503,0.03624796309829443,0.16053159999425887,0.16808660306389908,0.1458793044389232,0.07483854930117391,0.07419923407681378,0.04882879531305119,0.15608440208804417
0.16226966912652874,0.0057662793436321184,0.023676027948310144,0.08630029111707942,0.18300331301798356,0.17101926140611315,0.08323790642542979,0.10216643518364099,0.04687160777663867,0.13568920865464354
0.09202867164044096,0.12915835603905593,0.1502284815997304,0.15557843842765948,0.09975516175874267,0.12495019394423393,0.00411181506866586,0.014870708787655503,0.09605557952784434,0.13326259320597098
0.11974503749443104,0.12179056162409269,0.10096655231504623,0.05160225756566283,0.13714532939950597,0.13842465932845563,0.04102231152762492,0.08434170266974844,0.11854795100264269,0.08641363707278964
0.08417469898023569,0.09859280071059028,0.04188725715664263,0.13210292462105,0.08934677384930484,0.054619055704874055,0.12314568356839409,0.14202653577620566,0.14454610890371128,0.08955816072899143
0.1629570724102496,0.06113197375972882,0.07990389154935355,0.12184152470492624,0.17409745591916084,0.08809825373999039,0.06200829643805325,0.09438695813381444,0.01025936313961862,0.14531521020510424
0.06464031579532983,0.2013265776661171,0.007666465966467763,0.15141070767375084,0.09564570735015693,0.002601955587548051,0.19026852669736397,0.010215025436744029,0.18869227352116177,0.08753244430535963
0.025721139273077606,0.1596749282183,0.1383096999385886,0.15070743344855844,0.09385227793087793,0.0801368280469312,0.1192399790909284,0.12789287994100734,0.03546269218986364,0.06900214192186678
0.12369371330727844,0.12782418098983014,0.16991550558272764,0.033049084925889254,0.0709181596221805,0.10346985349572851,0.12875577197121418,0.08574463758868116,0.039284729584571215,0.11734436293189908
0.06362635347685527,0.14825556266543086,0.08511587537966175,0.16797400430797615,0.05742021704067374,0.16671367430206088,0.1679390370380651,0.039082731037845014,0.06712749939005495,0.03674504536137647
0.028806879402902066,0.11280220770608232,0.008895588372878033,0.018688067204450674,0.20714788727687547,0.17472123813223323,0.1540900048918255,0.049140242675551817,0.185467956433295,0.060239927903905977
0.1059539265202415,0.06897216979049255,0.04398989741342011,0.12900079544632923,0.14335666729428664,0.16119812187527352,0.14096999451060135,0.0007641852029890848,0.01736954399769374,0.18842469794867228
0.1262297550867908,0.09264111798806113,0.1226632802256865,0.15148941175955807,0.08585219604240762,0.008456324299672713,0.1362263301922421,0.15909756280604734,0.004701760357753604,0.11264226124178037
0.20401391391187687,0.20238195720122656,0.07494970017822943,0.18804822299419324,0.05168081593023602,0.0271247882400056,0.06755389384589817,0.042643930071970565,0.13406334137015996,0.007539436256203594
0.02430771530220578,0.09857182192148282,0.11891833701581878,0.11457480067683368,0.07616466907467631,0.03802145651288696,0.18084943743060894,0.17612287446502103,0.13559703404079895,0.03687185355966679
0.30292786148535117,0.07343927918320221,0.13006306948488583,0.09161767781690457,0.0011392677425324856,0.006621357129022507,0.128344678439429,0.067232553460389,0.04949276633269196,0.1491214889255911
0.1029716841250146,0.1025465138086828,0.15850318415450315,0.018297600657087652,0.007235820228516273,0.12641457634903747,0.1783862065549433,0.13459757493825694,0.0740852338550654,0.09696160532889242
0.13570099756959586,0.13011541072919527,0.011154810151507025,0.059291660263762355,0.13731541065911412,0.12429885698449851,0.1560486058669864,0.07933760968779074,0.12849246145236792,0.03824417663518174
0.05861500134746648,0.12015818136702433,0.10672211504150658,0.16855395125450412,0.15586626258543884,0.004316601860965048,0.16255023144974184,0.1376558184081979,0.03243407615446446,0.053127760530690314
