i = 0,i = 1,i = 2,i = 3,i = 4,i = 5,i = 6,i = 7,i = 8,i = 9
0.10322767149545171,0.11278826572369291,0.0866950921186577,0.1288570344131194,0.10446844283445358,0.009546725262239472,0.0438249045327319,0.1396643953883166,0.12290045400276554,0.1480270142285712
0.15934657843510083,0.04810061001589183,0.08076802173453644,0.1696415087902896,0.15171463095221296,0.12951624323691063,0.0004217341198574452,0.042778859281662196,0.06063021955093756,0.1570815938826004
0.19376225163941535,0.12865077718416784,0.02745462323780566,0.07718579252771904,0.11395776611448533,0.08678358998770999,0.1657750879818928,0.05774430787825697,0.11434764897684965,0.03433815447169733
0.152528691318854,0.1922688508433591,0.12869962468762008,0.03632565043660006,0.044944299402079696,0.08206570324246362,0.12448170942893613,0.05844164373942059,0.14666190137477725,0.033581925525889324
0.01435288122079559,0.15602676352518016,0.17753059880818076,0.1578180425256428,0.10242917415641907,0.10378661021440543,0.013345232529725483,0.05996768711892509,0.01764179971805494,0.19710121018267063
0.16641814528083282,0.004774737378374762,0.07059387546551626,0.051586175823374485,0.05569472048855582,0.11532115376050651,0.024568826625467423,0.181360759823144,0.19943357490065533,0.1302480304535725
0.16562721486995385,0.05268295323675125,0.18180124404299097,0.06385962662448715,0.11370795805987484,0.15509157287315303,0.047047766791841784,0.0022229016085294254,0.11577283328624959,0.10218592860616814
0.00694216778154183,0.011431805866233912,0.057398977626563555,0.14502921426711646,0.14331583763263378,0.12228837364124256,0.14047850504813156,0.0015191549221225931,0.2634345862785889,0.10816137693582485
0.14864812584867979,0.12885013988662533,0.13819172624852785,0.07667709397950441,0.08095857287629302,0.08284264788305577,0.02716633730102535,0.10344724234148354,0.07947504265980629,0.13374307097499852
0.07992327481945073,0.0953132494394047,0.0018678422667072227,0.15035755987479957,0.07885541293385917,0.1427178881390074,0.15230782207307628,0.219552055716974,0.03514024515283035,0.043964649583890555
0.11299877393848769,0.16466212153378504,0.0502052133344756,0.1135804675513527,0.08217882163255433,0.23126795655589966,0.020583375497662326,0.018431387765745162,0.11042726723714967,0.095664614952888
0.009350146451771077,0.14906327531490562,0.13418773386438423,0.0982701499457892,0.1671277247667539,0.010450121286178728,0.08478019385678429,0.0606441359947073,0.14933374425842857,0.1367927742602971
0.15228141365838413,0.05007880344345681,0.17156057557046003,0.05350773785434114,0.03464901230928359,0.10004213151722663,0.15424736245977202,0.015766248895820314,0.09663046957569674,0.1712362447155585
0.13441233659931076,0.07669892847397884,0.1303793485169342,0.07756692115773199,0.17391952392435864,0.025235243999056182,0.1902800023684786,0.024771310703926522,0.07968355137655878,0.08705283287966538
0.109001795374471,0.029037464417406962,0.13459110550148903,0.13004126701190252,0.13585941250504377,0.12488028926136366,0.09191826309017782,0.11837249360267726,0.016933579353533932,0.109364329881934
0.06342005673830395,0.10359665222298343,0.13719723411394075,0.1504183505689005,0.10368397820421685,0.04612971682452866,0.06734609967863689,0.14142751428786793,0.1573338626412956,0.029446534719325273
0.017505398009309905,0.07683252155711459,0.13568747820105265,0.1514984121877973,0.06761139650630883,0.023036933500756068,0.11348985454356944,0.12687605199109075,0.13240621544655098,0.1550557380564494
0.0866102347300353,0.14208149461526373,0.12405545528222994,0.09299383219783884,0.1149208106107487,0.09426523042059368,0.08786719107598381,0.11515742105516377,0.07721314151779801,0.06483518849434422
0.13606469733556475,0.13175069350790797,0.07771387331019437,0.08162594990350668,0.11148665648882754,0.021468052754717127,0.1464199846811559,0.020237978844845347,0.21275399626303979,0.06047811691024067
0.03791314943640428,0.04097804857005649,0.061062101999803955,0.15704593670379055,0.10478082837007714,0.17320201129289461,0.0952104727107837,0.12077227572241628,0.059503462415656884,0.14953171277811617
0.20103253233423293,0.032298893976089975,0.13401441943700942,0.19135611564080693,0.10639325744284943,0.09158304758525215,0.04262812577187588,0.012706580044644306,0.1465119150107158,0.041475112756523165
0.0664918166631369,0.1074506234030914,0.059985051594835255,0.12873661204733103,0.24068303899087456,0.12901509515150325,0.07948867920650848,0.03558431204592213,0.10832591969921025,0.04423885119758652
0.19669484532891307,0.10785026305625246,0.042205307931205666,0.1572669581072576,0.08693985788015654,0.13463488327640033,0.003691208450218644,0.17145560938259102,0.04746675207506646,0.0517943145119384
0.12885970099396668,0.13010733772458677,0.06553866801945846,0.16221343969602595,0.19015907857910613,0.19477717702947517,0.0358680383014302,0.01869750103121475,0.01052196188560833,0.06325709673912772
0.04455890853186759,0.09322298597974442,0.004144374375914663,0.19622079033469897,0.1043029015121313,0.11383530194345125,0.10208035224447272,0.1002057059011615,0.11224235706815588,0.12918632210840178
0.06562970371433532,0.1388091770913078,0.1071922755011263,0.11188879720205498,0.13302010482412616,0.027463073317096267,0.15048536087183478,0.0004584625577465898,0.09758458507780474,0.16746845984256717
0.16657435472602417,0.006862040882313983,0.03390412143267266,0.1558760962589913,0.1993203722970562,0.08391767711713514,0.08293294007653905,0.19809161058183017,0.04596200531406933,0.02655878131336801
0.1333246415001946,0.09162160220475508,0.07753125509493482,0.06383568084170331,0.13622389526382553,0.10809116486459354,0.05272595938688513,0.14731988289815653,0.1441983338569782,0.04512758408797315
0.10867180030440936,0.1277121574114472,0.08785578059346194,0.13393645236774765,0.17892368356964677,0.08665777774660509,0.14532887349457532,0.08403094086247166,0.004579733549043371,0.04230280010059162
0.13262210912411546,0.06335725813396467,0.08101851198724998,0.12627094802899386,0.1869071265382911,0.13214067979525834,0.06728595156877688,0.13520554934603632,0.013767764763846337,0.06142410071346701
0.01225755567904967,0.15574353803283428,0.0718375496763886,0.04935005899095067,0.10854037342915902,0.00704754011980389,0.06281177227470991,0.18641294131232017,0.1510272137556891,0.1949714567290947
8.559515715748113e-05,0.0837177755675361,0.20630999806835418,0.057186478730501866,0.0641259104247554,0.17750030897896407,0.18345156596264242,0.07809928497434765,0.032284071904572754,0.117239010231168
0.0738150308242402,0.003383708666081628,0.07820380066857756,0.026060325495702388,0.20005750273424883,0.09816482910003785,0.03415502204995081,0.13235129673107152,0.2097327663879642,0.14407571734212482
0.05125379660858562,0.1704062251645193,0.07715911610824862,0.09109542801347402,0.12996172658438515,0.0826636243112002,0.10329241969640077,0.04145199078227026,0.037157619348354314,0.21555805338256176
0.05016579577507206,0.06320782323822832,0.18072028823644606,0.12030213481471644,0.0058824638068375856,0.048545094615544106,0.05948090659106136,0.1797266950212351,0.18400249181232584,0.10796630608853311
0.021460926709773644,0.1661563683074221,0.029155778757916168,0.13099341294799371,0.06965064790826955,0.18101977102202926,0.008679572960787172,0.1602362194803443,0.09783818486125005,0.13480911704421392
0.1381552330427374,0.11066360867641142,0.14099181502522742,0.04570852944189346,0.060377092889482675,0.14679715190803672,0.08341955845448976,0.038863966377465954,0.09232531788092002,0.1426977263033354
0.12698272504406005,0.127914095790073,0.13129905476348913,0.10942818772610353,0.10677920792494634,0.05806816361215071,0.08291146136070059,0.12201316588954218,0.06038337174086561,0.07422056614806881
0.13337017730377654,0.14097226694695522,0.05299537606689776,0.1229323290605637,0.004809170226365065,0.10754560731812225,0.1255780245812614,0.023413260834838974,0.1403139592742705,0.14806982838694843
0.06435200291699474,0.0730989830557206,0.16309953924016005,0.0030289114375875547,0.16865129198469184,0.11358662118535424,0.16840837456986502,0.0497727271845954,0.1255210164669373,0.07048053195809316
0.08025167871243215,0.10942538196761029,0.02811654185682243,0.1385865874083804,0.15224026030209248,0.11556843755310792,0.013703460681549016,0.133984749449551,0.12092051279060687,0.1072023892778475
0.13734786616086703,0.0806679737113724,0.04523106503037174,0.11060633248300007,0.07118673616037217,0.14169794633961882,0.11382030856640056,0.09429349061861056,0.0757687709392164,0.12937950999017025
0.09791783436375631,0.13357585576574746,0.24847032735872987,0.04109071264501892,0.03678423807229627,0.10715867199139702,0.02449327553179814,0.05913360204951198,0.032456479293493046,0.2189190029282509
0.13507880913540687,0.06371866915180795,0.10358914116568019,0.14758056304315023,0.11934123658617661,0.002616047306278296,0.13217418046445306,0.1308311869128296,0.12482182436697241,0.040248341867244825
0.05377810394359796,0.16638317043302256,0.08305456649471078,0.06727127885853063,0.03392127787313769,0.052095364692485595,0.1986028316316671,0.045732838670264904,0.038525537560836105,0.2606350298417467
0.23752479611411653,0.08386577114382213,0.017255733679740898,0.021045991867387974,0.04080775787498142,0.2536974609349659,0.2800442600006765,0.00567210753469069,0.05695924623873164,0.0031268746108862526
0.1386322504965312,0.06670705126831547,0.14114205206089178,0.0875795395710137,0.00786889358013812,0.060347588570759385,0.10801970647690122,0.10175417359207009,0.13438064459636387,0.15356809978701536
0.20419865444933927,0.1484767749794214,0.09842171172002268,0.09663239781875405,0.005494116688198466,0.20204753493578292,0.0967472966723051,0.08514041633531642,0.00933125163105711,0.05350984476980252
0.13508289625510547,0.19484457850617268,0.12363072294290067,0.12362596361882389,0.09581681930188875,0.01413603091497167,0.13142379750693708,0.04216434131236448,0.0765032904326867,0.06277155920814873
0.12768777829560723,0.09740847572414052,0.06910388970228905,0.14294323257763517,0.07782212197205829,0.03511860253411228,0.06818342037592155,0.12308266092908678,0.14172917642672964,0.11692064146241955
0.011462773369557313,0.16771670350294027,0.2664531773492065,0.04111590746311683,0.07265849946434065,0.10056806368086528,0.01548106697787302,0.18264857354492656,0.036222047473271714,0.10567318717390194
0.1806879809489803,0.014908282276373206,0.024719091880857275,0.13464924952834534,0.17564023304088158,0.18562706446981184,0.03631028319375492,0.06433211019893906,0.06180658551053406,0.12131911895152231
0.07623295795644629,0.027935175103130785,0.006607246366928255,0.20225020908707445,0.06305427859539399,0.19905346672702165,0.09431649791174741,0.10575188757531814,0.08128482373891135,0.14351345693802772
0.17106276738479873,0.05703986496987975,0.14062585046854667,0.1604643650645995,0.007214743671479206,0.14595139586817674,0.060504999150734165,0.1447771253051366,0.09337035678217094,0.01898853133447775
0.12833436420881034,0.08533573684616691,0.047763858845706865,0.21829961136709275,0.011243403038195057,0.022174230511247197,0.14505052261047768,0.1594484459175837,0.049303708076893264,0.13304611857782622
0.018472514925480302,0.19335548456627794,0.13600752224827814,0.09170398016306112,0.041142428193076716,0.112318783610356,0.1371377368420967,0.1826089940193982,0.08434261308177579,0.002909942350199052
0.1778407690746556,0.07574774552099602,0.23829497606167052,0.11065699130176038,0.04173692098714021,0.0628527536617089,0.02007350893634245,0.024425026054375094,0.06440514805534538,0.18396616034600555
0.29066078280989954,0.11359009862739,0.1461022384620428,0.0333519430516169,0.023252432730206968,0.20108645779615042,0.05591658151779246,0.009568708073054481,0.04279661222735124,0.08367414470449518
0.027002601407547993,0.1281386907648965,0.15375770239026587,0.14086945892911615,0.12245941570108941,0.12522343515999187,0.15179291736928127,0.0210171326778798,0.04795285052611955,0.0817857950738115
0.10202679213789753,0.1469392092176167,0.04185856949935954,0.09772419502749191,0.10009183535959673,0.12096907787261807,0.10781722117405831,0.1025852369968949,0.16320446665619237,0.016783396058274017
0.19252909416053468,0.029537869470330554,0.07530685051793348,0.1600898689216897,0.08252363925402693,0.03159832602739725,0.0879250976032386,0.07724471230534828,0.14141088404243854,0.12183365769706184
0.028964011704868058,0.18371386500812498,0.03950759409759984,0.1717984356122085,0.04348439368938987,0.03261722172939759,0.07424652299722141,0.19328395124308398,0.16417849548401522,0.06820550843409064
0.1354016841685135,0.16241283108609597,0.008890027540137537,0.05269353621365755,0.05648663065486095,0.09817970552935294,0.05009061602057187,0.16937953165647704,0.13976994060025036,0.1266954965300825
0.06808919891775851,0.16801554902786206,0.11078350375367554,0.07202423908333447,0.12288983186385169,0.16493313976948853,0.1049390437964469,0.030511497643716624,0.05387108745468884,0.10394290868917676
0.013907758003582505,0.09070527136181794,0.019089947408818014,0.21442484042160134,0.03778025272522787,0.1242249283333188,0.16105836092824669,0.1380049493622033,0.13312500213199374,0.06767868932318968
0.06345732037948845,0.16368200277985226,0.09923859385551215,0.049144919139705284,0.09994669012408457,0.042707171603616645,0.08677287013348214,0.07254914272805899,0.17356062926841248,0.1489406599877872
0.08920979071951061,0.1474638273375035,0.11075484608322288,0.13654793240697527,0.09730384015621413,0.06342425744346585,0.06502451635365301,0.055187759160925914,0.11930928285086626,0.11577394748766266
0.07778603716384795,0.026515554458514428,0.060446647045947176,0.13682500875144846,0.05891426211399949,0.13364781894010075,0.18302483263990965,0.14970527091239613,0.16494282583942438,0.008191742134411649
0.08064605776469316,0.012544255882147755,0.15306372649576852,0.1350964506418938,0.06406298650450996,0.18930116501023056,0.12064655633175585,0.14916624068112155,0.0331628698525212,0.06230969083535741
0.039172759504145276,0.14381727980395254,0.16956440394535685,0.003010453688978061,0.010444809705541768,0.1111269703866008,0.10245712712660562,0.0917372085177791,0.16443661714126082,0.16423237017977912
0.1766748773127831,0.1627243939701745,0.18644741692091357,0.18956506531315184,0.13096679311727105,0.0030150046111293194,0.039775225106978805,0.005300857746273924,0.09629279073288713,0.00923757516843688
0.080080877545611,0.15463146472409903,0.07377702857182544,0.005186971085367124,0.09224147320274823,0.24085636720349735,0.03030530802875713,0.018236191467820448,0.21735940751493654,0.08732491065533785
0.04473191879057169,0.1428986793866545,0.11008555910793498,0.08575227839137185,0.004878082193679557,0.12475552626055225,0.19389963485563097,0.08882853043235767,0.11606207419471744,0.0881077163865292
0.13642436174259592,0.1521251860330438,0.18094735578191473,0.10764142281103271,0.003314557082870294,0.08317474434238992,0.018889692779445126,0.14853690401574599,0.01796790673291881,0.15097786867804266
0.09402216215501664,0.13546296467221444,0.0556741841684972,0.17826590260938655,0.057683479362501684,0.09946296373795048,0.13043257587603574,0.04761815796287762,0.13182269543044006,0.06955491402507973
0.123271517816067,0.08980826379875889,0.03164187878203573,0.12739488241891342,0.09562770255985614,0.1454454906458043,0.10542905005284894,0.1783986068735616,0.011009015550073295,0.09197359150208083
0.11210555566338247,0.1997453449707063,0.08965165316719279,0.1297856943919871,0.12972776054732113,0.028959757251548004,0.0010190149266161058,0.17612277905671733,0.013590677059893917,0.11929176296463495
0.06258316330101274,0.1515678368727995,0.07413753312315169,0.14040460303035032,0.08568367710759982,0.0933675385092949,0.07167617450399152,0.10687711981271868,0.08687751636654212,0.12682483737253858
0.11189728574699141,0.1834985049878838,0.015141951494608476,0.1369212564014595,0.17925793611510096,0.02240564537895164,0.1437113384600898,0.018960824190712544,0.06391684999619551,0.12428840722800626
0.06783105707931522,0.024189416307580727,0.017052240841560963,0.14732118835089192,0.20327598357495372,0.1416812773113063,0.20094669950627725,0.032910839278608356,0.12033716328195865,0.04445413446754691
0.04158432881548955,0.1398793840106034,0.13535882542255406,0.22013109142016707,0.11907912443957444,0.10481822009847391,0.1655456730539762,0.015739350767585456,0.055979885948779895,0.0018841160227960545
0.029849928703945802,0.17454653913056983,0.07431924708076931,0.07074188154641191,0.0240712207108632,0.07545068562413071,0.1397708336861408,0.190274219682553,0.033055159920535655,0.18792028391407975
0.023560340106739942,0.08201370685313822,0.16168708499414874,0.13261139034892858,0.0778165159657236,0.038611405304651396,0.07460590401506807,0.12772296081449905,0.12876692535088488,0.15260376624621758
0.0850724404338147,0.01814558395879854,0.16127829032319976,0.04889939269194323,0.18404106573584722,0.06188227012040659,0.1083479137391966,0.061019340662473436,0.11944938901706208,0.15186431331725805
0.21030329768564407,0.06173124013868371,0.09319253488960608,0.005844398854467702,0.005692243244369957,0.13744649221643063,0.0007621121793907945,0.08520650196436495,0.20890650574724096,0.19091467307980117
0.07099204596952614,0.19228113825504017,0.06819782077022832,0.05937876966163647,0.0908293574556867,0.02249890524377719,0.027551701765036764,0.16889477729355726,0.2176024015489865,0.08177308203652447
0.1813220171103256,0.07051793306356645,0.14457658828342326,0.0063690288604307905,0.07538500337490182,0.18495706361430725,0.16282966854258307,0.007529057538777361,0.1579455679378875,0.008568071673796876
0.07999770673816782,0.10842363368527107,0.011834880100383718,0.15627535602277975,0.15536820573468252,0.08990967325777689,0.027035039438149253,0.21525367480842625,0.12230812548886275,0.03359370472549991
0.036324333196185304,0.03805187662166771,0.08966788775574352,0.021298235965242353,0.1787123289638866,0.06986853246145285,0.14135320494543188,0.1665131961899948,0.13699242768766481,0.1212179762127303
0.023919421617505942,0.1349916232139139,0.1398936685166824,0.03653824182353087,0.03488538274001726,0.1728645745728026,0.07710185199633343,0.129673762635726,0.0797875660243118,0.1703439068591758
0.07855395043219385,0.07990018388703274,0.14087710139418064,0.054669477611592056,0.06744232494296983,0.14362303550515634,0.18188315139371788,0.01104658051198774,0.08395710215679382,0.158047092164375
0.0854576870580289,0.18576226647622798,0.014708442105050276,0.1810142830791895,0.15416763292162786,0.06858520986682566,0.0843429337611362,0.15109823255638033,0.054337288037666936,0.02052602413786633
0.0117489982467499,0.0647443274409072,0.11198771734628282,0.135989932595086,0.1543817220935085,0.1840895090235321,0.1445181828943304,0.0072201739932953885,0.11670282830895445,0.06861660805735308
0.24856618296194585,0.08950995714328223,0.05233594624340312,0.21771570778589125,0.023612364889576708,0.07038507923222535,0.10352498387889514,0.0008100451371862293,0.0915858021080998,0.10195393061949419
0.10083640328143188,0.15758763198232037,0.017134287630734022,0.035310014164977525,0.11858426790896406,0.08009312596630379,0.14328483358811636,0.16088452264959763,0.06985735106776031,0.11642756175979402
0.03373995686995273,0.13733547531538376,0.1437094365535192,0.12876713920084346,0.15176756720483445,0.10325433151894292,0.09539654158258022,0.09225340446813485,0.003157550476921211,0.11061859680888722
0.026206097192276685,0.14263720252978415,0.06622343478760874,0.010046545567455068,0.11650343463558786,0.17036047213950675,0.11799908444296207,0.017247040563325846,0.12676203602273226,0.20601465211876063
0.15197945937463725,0.11285925086739507,0.1342969165210117,0.10024730650354616,0.13336504896280182,0.10518570014538893,0.012956823374245014,0.055358614989571384,0.08752346614774206,0.10622741311366082
0.07865056381005776,0.033087093244224874,0.02064408904752074,0.03618480693721392,0.2108475005235537,0.06971904611843675,0.13586522027262532,0.18601262550837666,0.17036020182501338,0.058628852712976895
0.069079695546464,0.056611762269118474,0.14367475074271513,0.1469282233834125,0.12259368475641474,0.049392816042046955,0.11449952491053596,0.04603469992032631,0.13536679471903226,0.1158180477099337
0.12184412784198281,0.10301435996811,0.10086929629357223,0.015534356295236008,0.1818122058480845,0.11557422870809442,0.02124212513553527,0.08533657423271926,0.1332534455650678,0.12151928011159777
0.12703293588038164,0.15932533852140612,0.16704981381719725,0.05199081182366974,0.06213286335916813,0.13477083714842,0.11744064601888153,0.04835669949511409,0.036984175667119555,0.09491587826864183
0.031613085173655985,0.004311340070749438,0.07258859391294509,0.1478669008959807,0.08806450360305011,0.18767111761896021,0.0007385546286409249,0.1367375985280638,0.13283140991262363,0.19757689565533004
0.13242651469050673,0.11107321031325444,0.12965268248832673,0.12862857567408872,0.047682346548252104,0.025155714007324182,0.13288297453286826,0.09911465099539825,0.10819391693992744,0.08518941381005318
0.14079943285387916,0.1038593966196633,0.03816349104605215,0.13704551199099693,0.05561024266973772,0.10839779604678668,0.11144510876425515,0.10904842952539975,0.10273084910535797,0.0928997413778713
0.02953580594485337,0.21651145835998054,0.03228283507985766,0.07101592153903781,0.017199222440521758,0.051291894825034434,0.12393168630298168,0.1443634253778511,0.17666053527447842,0.13720721485540316
0.11651816185825375,0.17620625666677342,0.006351186748221682,0.1476204212748524,0.062280945910960395,0.19734776592718814,0.07337394007226987,0.00037670986016159053,0.031614214075032926,0.1883103976062858
0.13844488099322144,0.11163904875076612,0.15849805241381085,0.15676164416666943,0.007829192177330127,0.11825999551750033,0.16979753125105818,0.014942957903957103,0.11496382675726245,0.008862870068424098
0.17436289556262538,0.04793020829569977,0.09152254936073607,0.1273472947215346,0.161666499618352,0.03937640246461943,0.0856861533457848,0.09711467452428403,0.12271501106057531,0.052278311045788665
0.09453330333489277,0.16192470844697135,0.0488317807966581,0.04858455404830228,0.10165029831271111,0.03798524017510546,0.13371250807217563,0.1600893554436308,0.19114509844576766,0.021543152923784812
0.1190712057280775,0.13048346749347664,0.13871124069531102,0.1415942944292652,0.16096277214780977,0.029447307283384006,0.16220272451057152,0.050610197196022146,0.06137633263164388,0.005540457884438332
0.21385035413810435,0.10637038158746716,0.06412415016114295,0.18115032175255089,0.10960129083653293,0.092570092055307,0.004339724173062579,0.15758863037184054,0.022035090373523254,0.048369964550468394
0.10070996788113397,0.06370031592438986,0.1530039875139166,0.032183409866241824,0.16146426494310165,0.12797498838819718,0.13842835709410506,0.028417317573153154,0.08571282339688212,0.10840456741887858
0.15042280187538765,0.10669236371279758,0.13490523271516128,0.07995348942729238,0.055360386998227165,0.15134820007458585,0.09636399979470896,0.06570755130326188,0.039953450384883654,0.11929252371369357
0.04822213557825051,0.16772324635246885,0.08042957323390022,0.1367768297228572,0.021879018768754477,0.2537020908552867,0.09558537383776307,0.016850614256938776,0.120417819063555,0.05841329833022517
0.06863900134853483,0.04410614660191304,0.13034400878874872,0.14253478316589602,0.153695613163693,0.0003193392573710795,0.11620872427309756,0.14045317194310467,0.12338716275661174,0.0803120487010293
0.13667744687320954,0.07175819485257746,0.13499123958066536,0.004160460376038202,0.11081537008889705,0.10906488603950337,0.09308502995575643,0.20266412098907852,0.04028470256444897,0.09649854867982496
0.11241324180598862,0.07191603640339878,0.05251518784221358,0.16236666490785945,0.0073982936896995815,0.07315503917281954,0.023424429445447165,0.18740952664486984,0.13884444619426553,0.17055713389343788
0.07624640541593013,0.12490618879753503,0.0024862008084340094,0.20948718762730226,0.12009834552202557,0.04451381878094581,0.1303003372654058,0.16577935966029064,0.03106216021918859,0.095119995902942
0.08783496762064807,0.15326108303800112,0.14735050770598623,0.07543405251488347,0.15716780581700537,0.03542076187494482,0.12333985921029846,0.044773305555551694,0.038806990835109405,0.13661066582757145
0.12305530748395312,0.09283801412693848,0.16538904246304345,0.0159226300816851,0.13648861768068793,0.09747507754501951,0.11707872186520185,0.1194865688034727,0.1285695805190891,0.0036964394309086505
0.1690444480085678,0.14222279275953995,0.19895810606331027,0.019599658132721912,0.149464532009975,0.014971441228475095,0.1344348611083117,0.07300365755055951,0.08805009055563612,0.010250412582902732
0.2378383686632639,0.040064700646202545,0.12446521438687694,0.03926067207446661,0.10149180691178115,0.1514660863976004,0.05786564899734499,0.10715058664929306,0.04286977459353117,0.09752714067963923
0.06608526002529562,0.020832165228693692,0.10524304007688844,0.10495611990297238,0.1960435196388018,0.06642729367884259,0.00242336082549654,0.0456839068654784,0.17609163563455446,0.21621369812297608
0.012869748941050725,0.03942481877529991,0.11844935468669889,0.1734838695918085,0.16651898958525396,0.1528856088755749,0.019585420070218504,0.05374125543308693,0.12241314267055473,0.14062779137045298
0.08607698981849415,0.172432784407558,0.003207389166911445,0.04465670713303208,0.12110297691361839,0.1817846341799986,0.15713571914849284,0.04780263357466598,0.08002761547418064,0.10577255018304782
0.1659310302324829,0.2025630429875452,0.07274505868696064,0.030083212226229773,0.0981186687574695,0.08819615460485286,0.0150212654809239,0.003103670155506535,0.14753904991523914,0.17669884695278953
0.1425205342961564,0.14858406187425804,0.18697361816720626,0.05207279348420914,0.0189035412078007,0.12720936687849838,0.026354558196495396,0.0729603465315294,0.12418979302497239,0.10023138633887403
0.05167701645208884,0.2148312480483536,0.05792309598674432,0.10360144172278955,0.17964375313214304,0.013060046677133631,0.17065203062612422,0.03346924665167095,0.04728507907169723,0.12785704163125447
0.22426513000843393,0.015228816017783118,0.0019364908722379532,0.185370972516119,0.07235999924319617,0.023191003349953308,0.1122712739185342,0.16052383365248288,0.05400485423658182,0.15084762618467765
0.006998449149795147,0.03705411890547377,0.17621620402797686,0.14057599579659208,0.21221543069031476,0.14448020130674497,0.06700325902464732,0.07419389898545879,0.05903570044307006,0.08222674166992637
0.1482008943143268,0.008049272929660135,0.15612266574333158,0.021213278113225327,0.12898727619797973,0.18175442324518568,0.05917542887348119,0.1820021081358195,0.014928991688222292,0.09956566075876781
0.07101023436979702,0.07332316148209042,0.024561389384945644,0.15780151231968428,0.11708617959388617,0.10276744134751976,0.10823564351281358,0.1519085286432016,0.12958457269466037,0.06372133665140106
0.1752445893018171,0.07866080688955021,0.10127075376460257,0.08426989995269747,0.13424724511193312,0.036954168394876315,0.165454629430613,0.15864894844594132,0.04440522018798985,0.020843738519978942
0.10148951151874998,0.12124766529993118,0.14377936134515082,0.016753773200875063,0.12401078922790762,0.15701996336191962,0.15130009535825228,0.059006433980479944,0.02360036256357018,0.10179204414316326
0.21778713289764504,0.02649176255934438,0.06513696431834942,0.10220691994756675,0.14512924718909567,0.03953475917838326,0.1840118963059289,0.16008570176170497,0.02646745533692121,0.03314816050506049
0.16544440072536779,0.0636522153635357,0.14295020952407866,0.12287099151178513,0.05272785185693067,0.02214627277606054,0.14140271774000668,0.12015179115300184,0.029233235234282007,0.13942031411495084
0.17022628618591534,0.19261477614904315,0.011275480378003744,0.1291980490666247,0.0501183811974291,0.10310569154784575,0.15972292903354152,0.022115941942841277,0.03971044641817288,0.12191201808058237
0.05570178820988686,0.11888130699008155,0.16199958321526697,0.061730934100362345,0.03116163104081372,0.06846642074240533,0.17716115649235184,0.07671407876592828,0.1042046346536268,0.1439784657892764
0.18608288362402284,0.1456884111424616,0.056286287061367055,0.17853369709849956,0.06438008404772033,0.09586960578115691,0.09441765950961195,0.08502776013372892,0.08075382192237066,0.012959789679060233
0.08072300925119205,0.1117541148265108,0.13874496958719926,5.68700118610128e-05,0.12904745442843643,0.13101897628953593,0.09732117694871695,0.10112283955379936,0.13637351936814504,0.07383706973460327
0.12365545764328677,0.08096708460558893,0.08757478036538906,0.1613314904926325,0.12746282606774204,0.13736764620918382,0.17055025083315872,0.04882142129568616,0.060068219435907885,0.0022008230514240527
0.015960949760560755,0.045573830968795054,0.16652144281171027,0.12942661817662662,0.1101960715796438,0.1943551067734468,0.1116784367902314,0.07994931731684479,0.07196661100855636,0.07437161481358424
0.03150657533561371,0.05427581973070762,0.1371447602670566,0.05005087666667266,0.2060560762757982,0.13610771789829182,0.0038523882311160026,0.04212023530536861,0.21431735444835637,0.12456819584101857
0.2062063752830637,0.06794060839505262,0.029275737372461693,0.1029080378257936,0.06250180223235358,0.23173717673785607,0.041421866618613946,0.12944196241399045,0.11318658399716172,0.015379849123652591
0.02614444450986,0.13946737504997073,0.08800249423603493,0.02019077311473745,0.15886603741743358,0.15933772067455812,0.044747022310378165,0.11713555224011239,0.13438754441274814,0.11172103603416644
0.060469893678438774,0.044097241086385235,0.2045871303622558,0.15726034643289744,0.08297386164400224,0.03317466083193014,0.13793859209975343,0.07230697987170073,0.11782287903505399,0.08936841495758235
0.0866640324069219,0.03675539842426687,0.11671036890794463,0.18446801216618006,0.0763242949075591,0.039150527386519876,0.11811908935306414,0.05505796557409478,0.09786044757898285,0.1888898632944658
0.15034044230252094,0.22074404039301695,0.054260240035846466,0.13179326173314035,0.03681348303518475,0.05882213318434575,0.047265235382231326,0.0014548445185083975,0.11751064301138617,0.18099567640381883
0.1504892513188414,0.12940413796532343,0.14514832198433075,0.08157028840693055,0.10727585838141102,0.056698225986100935,0.04050731286999812,0.016988657531917202,0.15624289442306213,0.11567505113208444
0.14153697782117197,0.013896387504587805,0.263694242240422,0.05551276959410519,0.052870837056893244,0.030986611278864595,0.1613250948424949,0.06803790625216907,0.07184326657411892,0.14029590683517226
0.0010704256699217536,0.10287216304350665,0.08799458897434972,0.1882351138264991,0.04331020872331945,0.07591076212700472,0.12938931558804412,0.13896868698656034,0.013619485404806281,0.2186292496559879
0.0069015226760699095,0.09456854745470047,0.13252748926420202,0.017341142557262223,0.18627350652799174,0.11027868387396814,0.15628274754860091,0.09402082493998219,0.14149966736369415,0.06030586779352833
0.10325696091421159,0.09945237030534133,0.21143934991835275,0.08769390449936659,0.11181075015255279,0.009690520219897426,0.11112085564339542,0.09363659078345841,0.0345547656933247,0.137343931870099
0.0615637848940803,0.12279071932997797,0.05051792493428045,0.18738225890019233,0.2002252630490296,0.12377936164065226,0.04193281271421723,0.09379659724136294,0.038442774966678694,0.07956850232952845
0.18271099142630526,0.019409381274223394,0.06291083167889938,0.1768682650471313,0.08226627896426222,0.16619129301444238,0.01617952568954505,0.11207624143391975,0.03286977184614482,0.14851741962512646
0.08560855913290796,0.09959844330240857,0.13046694359493696,0.12571253470516117,0.11876559743106806,0.05247129269809427,0.11725177362153069,0.05484896199372462,0.09711697018140653,0.11815892333876124
0.0494740280578905,0.10038488740226893,0.04368330369913252,0.1123234245191757,0.14649179563713388,0.16801287954432062,0.13364621236901372,0.1064678075474794,0.13545553263356547,0.004060128590019234
0.1129238220177119,0.04330010593055515,0.01091355518706507,0.20805022318119018,0.15822441468924459,0.1217397435502146,0.1648949008243571,0.05118157694169184,0.09761507426559035,0.03115658341237911
0.08243774913568772,0.21936204865577894,0.21698181770713834,0.0140629524109159,0.09007027704571612,0.05748171107887784,0.14515635038935634,0.026769975696073617,0.0953300492823666,0.05234706859808863
0.0711608492153871,0.11337745030183634,0.10025092022274573,0.11442313907992928,0.09829648014922736,0.04711441492399976,0.06973560220548784,0.13691057631232814,0.12686642541043994,0.1218641421786185
0.15366395390820797,0.023294696824265052,0.035046519439696076,0.12125126513561992,0.18596018978938575,0.08407747872387088,0.1852152520346981,0.18655418526762746,0.02018287379832071,0.004753585078308112
0.0951449651170274,0.021061630811820702,0.08663813691633557,0.15522003156964514,0.13994832403886334,0.11845965271291664,0.031937015508800015,0.1359272029006589,0.05405610072725226,0.1616069396966799
0.06236964590409493,0.11168465080739845,0.10233131781608526,0.11910341719739669,0.1031751877653291,0.06703131497915481,0.11568634551889631,0.04883319367880086,0.09896033571996721,0.17082459061287666
0.11533182418938968,0.08757788398075661,0.15295959428095457,0.09297302712526291,0.15089085047742504,0.14637456335179289,0.023086788067314998,0.05811973796179018,0.05614535772207681,0.11654037284323636
0.06931131675626902,0.09206529253574375,0.1657807664278213,0.17964175530833376,0.10042018529390136,0.07031049761548108,0.011000627407084886,0.14098726261232136,0.05719675555996368,0.11328554048307994
0.16572962481513945,0.05765415102023671,0.030297190161585448,0.19372438753128887,0.10291492426770293,0.017446004604205013,0.03063545039131079,0.1602197200945564,0.13708065173538628,0.104297895378588
0.19428396462539252,0.0349006111841828,0.171149061011965,0.0015766939844862953,0.02744344225122037,0.021099187048787812,0.169643196804986,0.07670128325506449,0.178892325800623,0.12431023403329176
0.15114415317483673,0.15174725377102452,0.03530803636965427,0.1267843034365768,0.017924526674837613,0.14528754907747876,0.11161346021089809,0.11418022876598546,0.04895610853335082,0.09705437998535688
0.2198537803853407,0.08818023286951213,0.07736336071659904,0.20004401183089596,0.22574553149016718,0.029801299886949722,0.03297349747970985,0.016600457655963723,0.023253426527974012,0.08618440115688768
0.13701223799831355,0.041138863283492616,0.10145430666278663,0.08063725343266698,0.10271541089680494,0.12930311977285172,0.060404419066263454,0.14136683416175172,0.0945387822860175,0.1114287724390507
0.0061043228420721435,0.19807935830011988,0.023719868932842912,0.11737238271384172,0.18434164235569167,0.09748807872281436,0.15014573960404837,0.0047725672016358505,0.1279703107329163,0.09000572859401684
0.06492101923190077,0.10013094568461696,0.09350349437306832,0.04496483429889446,0.12384046608009662,0.1393883702394743,0.008095669869975567,0.18528958688047675,0.0821588982105278,0.15770671513096848
0.09205324842766911,0.07283074802520806,0.11606583367205271,0.10673540206491801,0.12642891057965291,0.13646089899352132,0.15628944767694655,0.07217890978078258,0.1032615678763643,0.017695032902884246
0.15051491492848493,0.16102018677828564,0.015621470674853217,0.0025897002477210944,0.13155158257301502,0.027577995936096986,0.14104432901821393,0.05713889189824062,0.15121131904170276,0.1617296089033857
0.04625897878960128,0.03442620131099588,0.09666081829555337,0.2194524737700682,0.08938432231427483,0.18683883111399732,0.078301715239374,0.00929288346237761,0.07426205081869816,0.1651217248850594
0.11403305672625608,0.0003019093087029915,0.13257608617385366,0.15848636524511683,0.12252027838382624,0.045929520045366004,0.16465173085436224,0.1656649154625767,0.055513883377836866,0.04032225442210231
0.05204907010664937,0.14186345947128215,0.07629428252534372,0.1858221105257567,0.04552633207950395,0.1170677233054255,0.09533545675351297,0.17479419141481523,0.07990273852076851,0.03134463529694198
0.1569091569668351,0.056819094807742894,0.14170115712677045,0.11122798687429399,0.032611823682409405,0.15900710022073342,0.039636435033122995,0.13085541286226496,0.08477199703876816,0.08645983538705868
0.16958918141045987,0.1527958268846758,0.051082554530541883,0.11284914800747708,0.04538085138393144,0.050604122691967755,0.06699575653784492,0.11458448427919628,0.06526955698509113,0.17084851728881378
0.013780745264697018,0.017876641962577173,0.14327733742918858,0.14651476876589584,0.0931457064691002,0.1161224571635166,0.14691052903505306,0.06461460403210041,0.13194471624305054,0.12581249363482064
0.038821729969901755,0.04890655146448839,0.1973851007838496,0.06874360650157584,0.03230830556850682,0.06359857287854657,0.17859815996220527,0.11609463954361873,0.2320564578880432,0.0234868754392638
0.0717826193341668,0.11154454810632126,0.050349097922525385,0.16221498938535645,0.09429676844173598,0.02349699827188534,0.19103251750122968,0.18366309835733827,0.05692262673632975,0.054696735943111044
0.048604130045229364,0.07083430936781039,0.047584327151067626,0.03378933459923644,0.0724847762670351,0.04142211882467422,0.22652911082387686,0.026213392791586895,0.21513711458303578,0.21740138554644747
0.11143136618850133,0.13137903841204251,0.1157950248683017,0.018261341033516967,0.11618648973360379,0.045672412679497475,0.04518578918347102,0.1578114761023593,0.10387906076112634,0.1543980010375797
0.13469372363890847,0.06195902733863752,0.1259188794156284,0.11116580502341797,0.004417560961718911,0.10060104863419357,0.08519907326817512,0.1750407380366516,0.08506227397486213,0.11594186970780626
0.21059206389248883,0.14198913246341816,0.07524834421539416,0.08859837818291927,0.01772839840370504,0.0649861773688456,0.09946109803033916,0.11336508146449045,0.1203880685793071,0.0676432573990923
0.16803984415432013,0.08686917958216503,0.19906622283974337,0.003769288568073311,0.0047001305810832296,0.09804054987290238,0.07764591207104495,0.22957346620801203,0.007541998629994423,0.1247534074926612
0.06899877996846955,0.06737977503045044,0.12126626953436712,0.1028615755297557,0.09777894729720678,0.12446666808781981,0.12140202405335263,0.08013416503095712,0.10376526074147281,0.11194653472614811
0.13510965609080425,0.1268400644026223,0.19264108683321907,0.06033250929878533,0.18589568052810967,0.09313418066257301,0.02408070845228602,0.10743031877436617,0.00672886092242505,0.06780693403480907
0.02322601455746044,0.2097336467214665,0.19030645236956342,0.03279096659670944,0.09653624181681729,0.07681621818165418,0.01077869455355557,0.20115260891344222,0.10911351032047864,0.04954564596885231
0.027562409606376806,0.11026088861582722,0.129175373093827,0.1520559235340092,0.0010349283776286734,0.1323760510505142,0.0726475740958969,0.05952533308307467,0.15357098643028497,0.16179053211256036
0.09983761836804583,0.01049660740290774,0.02757713118243791,0.15969946090097173,0.09933675444446766,0.10319747560801777,0.08123747350811639,0.10488945201107552,0.1264378344180738,0.18729019215588558
0.012043566684343495,0.16044438126366947,0.054160657402836446,0.21679301577290283,0.0030721564361066945,0.23116010595413494,0.08038646536431537,0.11158144432538211,0.11841104445869455,0.01194716233761399
0.086109604373958,0.11457472764266072,0.14210051002366716,0.03461737181277319,0.17747977398677453,0.11982397558855178,0.16228405054404413,0.06795021006262228,0.03110996231696964,0.06394981364797851
0.038315657755248214,0.16468247427792845,0.03401610023432129,0.005170992684166882,0.05401259376006516,0.11099889262598915,0.22979856979962693,0.14713072969339583,0.14184567236061355,0.07402831680864458
0.09509098326090534,0.08801476888629783,0.1140783278661118,0.061776570068197124,0.04890814257002633,0.16033660978485403,0.08148396749786109,0.2349144299291149,0.09386059982061008,0.021535600316021475
0.1103652771190007,0.09582616818105856,0.011508460244008102,0.12616673845235818,0.01739380853324507,0.08231848475654932,0.0062624112119229304,0.203673473438691,0.24438988180482804,0.10209529625833814
0.0805874262229792,0.25692675464194653,0.11491398258567723,0.15282420844119832,0.06436727167735924,0.022106968040846886,0.037403840043476015,0.17852789379516834,0.061251224343051046,0.03109043020829723
