i = 0,i = 1,i = 2,i = 3,i = 4,i = 5,i = 6,i = 7,i = 8,i = 9
0.17633008151299667,0.10709756798021534,0.15354045394613208,0.02743567471061358,0.029075407380214302,0.05041780630949296,0.10507960242465633,0.1707997164902408,0.1330800397896119,0.04714364945582594
0.049285646760700075,0.08000509810484134,0.12756226779789737,0.1705559724755467,0.03193083768453641,0.06061818394125277,0.1364928825152035,0.16231681941777826,0.034927613016912516,0.1463046782853311
0.07354799002234888,0.11961853704425181,0.15844844279942932,0.09466257342047547,0.11790608386710623,0.03649880452102595,0.10420181491405829,0.06560271580022602,0.17614024797821431,0.05337278963286377
0.10386448543507744,0.14168063103173037,0.015254025795652406,0.046402583706305206,0.15836496044317364,0.07565736679436574,0.12777396423562032,0.16280204207794466,0.12214693695760262,0.0460530035225275
0.13391742356696787,0.11045039860762135,0.09946802040420469,0.17883594173717354,0.11140240529921147,0.01551057913917671,0.003199427596706666,0.020014695091707717,0.130151795429179,0.1970493131280508
0.20508971954582136,0.1806615038733423,0.09826946726103228,0.06054974280687652,0.04321641354237225,0.0855273740126416,0.007859090846986378,0.16122822536152043,0.1332723679256163,0.02432609482379056
0.11648833209203278,0.16300937246967534,0.07593592991180041,0.22997943993698614,0.030229499359207913,0.03687362083659078,0.19498421014597045,0.07091026445683321,0.008961735045615605,0.07262759574528743
0.23637903272068608,0.10871857870077271,0.041623033176241594,0.1725320676864882,0.03564443040342723,0.06036055867112431,0.015381540205684061,0.17706210036139422,0.07886599040913801,0.07343266766504353
0.04212523641738498,0.021687443789457247,0.13342496426954856,0.06842980933576481,0.0608713570994451,0.16683002753926596,0.1582438231146854,0.18936775586414875,0.15729503299500733,0.0017245495752918672
0.11452874276403006,0.030754738001340907,0.1454950466632446,0.15555582184950392,0.08903982396195123,0.13157460161794626,0.0036295215737375385,0.1159174126022142,0.05595353928969521,0.15755075167633611
0.15010688528319485,0.11659188880451747,0.1575215543297393,0.06507677783119661,0.05046744049400744,0.11980614827787944,0.10610682232033822,0.1430985488223797,0.0041049572472626914,0.08711897658948439
0.028422819312198724,0.021601514475971653,0.2275311181849383,0.10237164635653616,0.15281036739717463,0.12681226607087862,0.15616525129236708,0.038211373025028576,0.130555459418354,0.01551818446655238
0.1963456162653651,0.10261723703376074,0.09323405949248187,0.1313841683398895,0.074211528294739,0.1812731361498199,0.047648937015841955,0.0049227727514570205,0.15135937749328593,0.017003167163358906
0.030390023117056558,0.16978226999048635,0.13354897686277029,0.1326567505283826,0.003226186469442761,0.04714476344830739,0.0719516420845027,0.11532544304371631,0.17601499040249402,0.11995895405284096
0.09645636322977517,0.06318386555069982,0.1694243399719611,0.026375016013348223,0.1428617854808395,0.05415958941199572,0.1086803315569238,0.09697037506730115,0.06992682407412212,0.17196150964303344
0.08962283097686302,0.15191121566619428,0.11327178715113856,0.13158489639317725,0.09669540154101817,0.048337573275568015,0.18000456922824645,0.08029123994288564,0.02515339684245062,0.08312708898245798
0.13986314959410412,0.024049072519593342,0.1607138745748358,0.019884441672715056,0.11524830086993967,0.09723640826886845,0.1596269246055756,0.1438959129406157,0.12509014229233467,0.014391772661417716
0.05376874076945556,0.03411440271897327,0.023166706184590765,0.1975701812200895,0.1404687853721211,0.11214872336425936,0.04046423785045456,0.1973973327601609,0.1294609025893194,0.07143998717057545
0.06735657406597448,0.15174505519305834,0.12602933007766723,0.1580181973603759,0.07400498453542398,0.13608768840562463,0.017263371786439368,0.12934711983808408,0.027664300848757973,0.11248337788859403
0.1448890104699785,0.04587802392253826,0.07958998730062647,0.14344073187179104,0.10307386731650608,0.13282886906999827,0.12859081487923768,0.014570433425042292,0.04504662639887672,0.16209163534540477
0.09520221832057284,0.08810661054543963,0.20625658109612027,0.14219180951382138,0.0035306455802341288,0.05918007186099434,0.02378662096593705,0.08494483954979985,0.10247571257526512,0.1943248899918155
0.105228221963375,0.1991978450172014,0.033888718245072336,0.13198420079407175,0.060611541354811324,0.12602802825261047,0.18713972246253852,0.04553397899818952,0.08591256713413119,0.024475175777998463
0.14530908942202497,0.023130324198069634,0.047248533277299457,0.09379958598963636,0.10250487997843542,0.07373151617774437,0.11486468807094607,0.1471146984351701,0.11533203463112288,0.13696464981955084
0.026129658137838435,0.04407661547819635,0.04877548056946854,0.03900465456210686,0.1763056208209687,0.18538869654437762,0.1871508510659297,0.11015222096496248,0.16306891545797242,0.019947286398178832
0.062359293057847896,0.15442100423068328,0.16796272535647133,0.03891148237453785,0.12949693830667477,0.09083736744798382,0.09988234635462626,0.09126049177802324,0.15607606358045367,0.008792287512697988
0.008474574247857386,0.06143987200135398,0.13998964710582618,0.1464097272851489,0.11121557273114198,0.1102855574684068,0.05617526547608782,0.12686334350918863,0.11199267066580827,0.12715376950918006
0.17434736635498696,0.11051317373768912,0.097205794245531,0.10899730340168055,0.10654799948938609,0.03002301185221509,0.04448805273499587,0.08300922854853254,0.1699756062850863,0.07489246334989644
0.11791513220720769,0.15130769262538532,0.02685965968178761,0.0079938297478967,0.1795433986349621,0.20965992668424532,0.04273942934577226,0.07891698180049202,0.030239019140812763,0.1548249301314382
0.0379730997649473,0.14178737251691598,0.0495206607647404,0.10453781332794264,0.08063909081972839,0.14911965791982326,0.1323435968619311,0.0765945001025149,0.10658917617010291,0.12089503175135308
0.13871424362936954,0.020127886483347655,0.05578337402273596,0.15196314568593397,0.15748767879223735,0.12158513206991434,0.18363894111470686,0.0915376453610618,0.04323480471407245,0.035927148126620075
0.01976519306830687,0.07362436685118032,0.14995736767615236,0.015793514541673444,0.035173387543233264,0.21131924481758596,0.15112114860017634,0.05854601295209034,0.17794068987853806,0.106759074071063
0.012534901844437677,0.11108925279124632,0.12549089834691982,0.1680905766725093,0.14648427422390345,0.019750795117966208,0.10661825094006612,0.009635264686762892,0.15136162571353998,0.14894415966264823
0.09412215113626236,0.15123574680704552,0.12971901799967986,0.0853702050878054,0.027760127590723094,0.1557561271489807,0.08338460515354106,0.0859482797482805,0.10979837003300912,0.07690536929467234
0.02020458504779568,0.0200616736593732,0.16446121306614792,0.13277745643839745,0.11988836983012373,0.048659763448079554,0.06587567587924462,0.11069011594585353,0.1612937460838052,0.15608740060117915
0.023075580367886147,0.103333631744824,0.14431175867901633,0.15266092171703263,0.1820848092090917,0.00657805731058656,0.08254310765945436,0.10084783809490826,0.13595713055692585,0.06860716466027394
0.14901103885586062,0.036457211114555625,0.20225388000213412,0.12781411254134387,0.04675973047262154,0.1237466933739166,0.07671221025592696,0.1738669635568003,0.0019286984412895704,0.06144946138555082
0.02864291431613651,0.06706872154529303,0.060747255153674795,0.1383462107049301,0.14273170734161866,0.04586762306618966,0.0908685984374183,0.14891503875404583,0.12321995064747679,0.15359198003321653
0.059222957567912314,0.11082153147795319,0.08992156158299686,0.09231097434722382,0.13801625649407184,0.046012423882685394,0.13261626708387256,0.13014666975151346,0.06961792139144862,0.131313436420322
0.12545379101011164,0.11325613435506289,0.029325845355416956,0.1943250558723659,0.15297276579482297,0.10776535540334148,0.03638426339928061,0.181181647689798,0.02658482520399576,0.03275031591580401
0.14891151662143992,0.06760584117499444,0.05298787318590152,0.15337361801311847,0.12820801204721155,0.07374178465545157,0.10379633912193596,0.12103827265812987,0.1451320516849273,0.005204690836889406
0.0874090562204742,0.12732795686535256,0.10366371693918046,0.11031799588674675,0.05472206853960406,0.10354489926596212,0.10902880236261174,0.13792670380099867,0.03675791949682421,0.12930088062224532
0.17101014503484838,0.008263294832715611,0.02389943635253901,0.17956487265240323,0.011193316048292358,0.1366905040496666,0.19083846011657166,0.15606922412273408,0.11322452478581474,0.009246222004414313
0.19525429760546043,0.002098878603006775,0.029846916488231453,0.06445069424144062,0.17058913720057098,0.10889601390808037,0.12754009612244613,0.051779404749360554,0.08498229306773832,0.16456226801366453
0.09951363789522036,0.09381318735567121,0.08206414236535538,0.016507395711879275,0.10426058891162676,0.12590810412871395,0.13366911826561653,0.10172083909088413,0.10337674720151824,0.13916623907351425
0.11524355163921575,0.147855502506321,0.12459381529738447,0.2025500731629265,0.018763234728773455,0.06542234346521585,0.10936371367233953,0.12994003284703018,0.03464863141016896,0.05161910127062431
0.05247302391064943,0.08980874654692084,0.013548901634746258,0.040747330062122965,0.21965645984266982,0.0862362702317207,0.02290778233748431,0.19278480350274013,0.2320184340581202,0.04981824787282542
0.17307934914757056,0.0021786677913323378,0.02686910218358734,0.061908214360547074,0.11487426649976142,0.15959852968181337,0.12627182612612312,0.16385337235789124,0.0499803399351176,0.12138633191625592
0.09471014374601251,0.050943424087618164,0.008477838252956817,0.13343118954033403,0.18382170144973597,0.12874026515135786,0.06350148711685433,0.12776550622243696,0.0921115506993165,0.11649689373337689
0.19681142432349225,0.05248588089039101,0.07982513337253994,0.1884841629294829,0.03162049759634945,0.010775238064119097,0.16025531139020982,0.027849924227587832,0.09552120577207099,0.1563712214337567
0.13944048736319442,0.00031708329766474893,0.0002676648630600471,0.14728160626112022,0.12313495033641529,0.1236794209151635,0.06796410564392422,0.09287338835115722,0.17576566062602575,0.12927563234227452
0.0772419675434959,0.10946428039381798,0.11035699046345238,0.09652829290853214,0.15569603906696752,0.151896258931893,0.054406723932613345,0.16861034217630125,0.061414500134846124,0.014384604448080405
0.1412307330648148,0.13804219018741595,0.0723413175543552,0.023339065009774576,0.1520762655016549,0.13996326019404592,0.01400817442564312,0.1058691493963768,0.1444418195330617,0.06868802513285703
0.15693122469497958,0.05569057978039408,0.018219790396371786,0.08441852515515062,0.060326447040511454,0.07557278033115163,0.0898760871053213,0.06679011272111264,0.20250018084429539,0.18967427193071146
0.08639363719560214,0.1160551572143692,0.07407222506525347,0.024155895162206432,0.15780541703850884,0.1566959398318069,0.03270296814763505,0.15581024435641844,0.09611978752031164,0.10018872846788798
0.07347152121968992,0.14736417425653076,0.142494832435648,0.11401981346013844,0.1843302642518977,0.06795034221936336,0.010465278462578945,0.040885241237569654,0.1605963391396759,0.0584221933169075
0.1157624302825219,0.07646721289194561,0.13977156889861947,0.006240190252892673,0.12994850296666718,0.040390947754453295,0.15539102244074982,0.05793156454965523,0.1277128325835354,0.15038372737895947
0.14334774678457818,0.04233190463972485,0.12503789832883216,0.10802576920675985,0.16195383818787434,0.060307429136306955,0.14915579695861428,0.15974181754440375,0.04354016552967359,0.006557633683232
0.0035370837283998317,0.007179548223686339,0.08105806144165172,0.0936440322343785,0.1544109938648435,0.19493865468170288,0.11560469394392366,0.022652065869305984,0.16529253773914077,0.1616823282729668
0.12664098109076644,0.11180794632946549,0.15955911746322657,0.00452623935017834,0.19669959724560118,0.021334580314621276,0.06716760259578626,0.07352193236825381,0.21053647329004474,0.028205529952055938
0.11971215455861194,0.11656761169138849,0.15012152026988568,0.1310408708834942,0.13644759532808298,0.045819825478198496,0.06772095383334656,0.001365487783209721,0.06992888063830661,0.1612750995354754
0.09841074912658075,0.1289720323779682,0.0007549373918439895,0.11799150789234415,0.05871051896862312,0.19647139856868487,0.18353774664010794,0.1295372817681267,0.03044675590191007,0.05516707136381042
0.10887719298956941,0.08734368949683344,0.26059961381960417,0.1028134636360679,0.14137400282576562,0.05449582441189398,0.03972470354389372,0.040146731352367446,0.123020458141531,0.041604319782473295
0.07404969467335447,0.1280739116833163,0.0665551906122637,0.12334729557694467,0.15991090477724235,0.0992580493829289,0.04967851684188654,0.1601840752066944,0.07343494207452776,0.06550741917084095
0.09644952682157212,0.1370870829088296,0.03767846133486821,0.2571542482979835,0.020551960348365945,0.09326108629447029,0.0012708260213138325,0.25801954072052646,0.019969174060069057,0.07855809319200113
0.01660634091903525,0.11241863800646021,0.2001737035591947,0.02355799340564242,0.035511642393837944,0.16057363575290146,0.005646353075999146,0.21142597502638416,0.23159784478494141,0.0024878730756033073
0.1021525053761631,0.08602656946962126,0.19133964219364905,0.016452520921295035,0.10624884788824397,0.14194729533776634,0.09547819243150198,0.17903487758511225,0.05024357628502066,0.031075972511626176
0.018381126072991787,0.01479962398108587,0.2261664334178648,0.027232792662247207,0.03133451405252671,0.20590805744923424,0.16552909138931018,0.23941220453294593,0.05698117734350546,0.014254979098287785
0.170686749451241,0.08530440609692885,0.19371125984779705,0.1265795256473814,0.030060520828558153,0.1068731874260534,0.06931332515384035,0.11748477173322121,0.010942431499972344,0.08904382231500622
0.06876963251753168,0.017745473194961735,0.07023512267132574,0.15587473899765122,0.15639323757107573,0.002500336138144184,0.24632236679120312,0.10008388120249774,0.10088656132914087,0.08118864958646786
0.1159316500463763,0.15965617846658176,0.047175456197219495,0.12904580816824618,0.06302465271499225,0.14487231691292035,0.12825892552099064,0.11736238392397981,0.013670401971592692,0.08100222607710049
0.16614073911285088,0.0038564393108273276,0.14268940926764953,0.12362068831686907,0.029275677034090015,0.13678952219172993,0.18627315121285276,0.02292185314958511,0.18239885281160392,0.006033667591941539
0.09489517548294767,0.10309127155530966,0.14365502663151092,0.13148341515517725,0.026952431905537196,0.12944092540019664,0.12311058775664302,0.017306317643921373,0.10382902016571555,0.1262358283030408
0.0047827761045656095,0.07682071070596977,0.11963969529199982,0.15426223740314784,0.10316045877262156,0.07613622893259973,0.12073110680300415,0.14139929775298435,0.015379141097608608,0.18768834713549842
0.09983140059291458,0.07584654180768517,0.1531774117777799,0.06128570148401339,0.09672342112465974,0.15524663822719564,0.17821791313538005,0.046853802873031175,0.06898978580779035,0.06382738316954993
0.07135821050119379,0.1653956034657938,0.01175795009119174,0.14149557706279225,0.038158220257733605,0.1318202568066568,0.13673610236457037,0.0785239745789936,0.14747972220327402,0.07727438266779997
0.05408004070940426,0.10361647497265065,0.1715879975915635,0.05163196070955705,0.18323388781442282,0.05179698435827762,0.08452432378687555,0.039022985377537615,0.0702032985390978,0.19030204614061308
0.09895408340215395,0.1518806786812547,0.1274745666046584,0.08897508199705259,0.028593620150955793,0.09111574121798992,0.11675495641567352,0.08857944873294135,0.10405512137673863,0.10361670142058119
0.20584390243673745,0.21559691780604545,0.20143414287219233,0.035469216999166525,0.026798809048965738,0.1219854687997438,0.0251326505123528,0.010972560831923411,0.1333853178951638,0.0233810127977088
0.10510055651191497,0.21107315239847668,0.09044010113895909,0.10640847572566255,0.08864936156455686,0.21692649439494963,0.13324664341293402,0.014921757278108912,0.024357459808169103,0.008875997766268177
0.10057361081694004,0.13199055863619558,0.10827745426412884,0.07521983080490165,0.07186675266799812,0.12010616626623005,0.11112878406882348,0.07143063941876054,0.12175216441130524,0.08765403864471645
0.07074579504260012,0.09949443622598009,0.0754965535673665,0.13439184354354183,0.1528859482695551,0.13533527945146545,0.13763075657682794,0.05051989157439316,0.01942275144859593,0.12407674429967386
0.014219569120833457,0.01219327579211471,0.12550771388994042,0.1562837749826625,0.1570251534910396,0.09716951710374663,0.13068880498956698,0.06710640091688376,0.15487107086980614,0.0849347188434057
0.030592737900625274,0.1542785727882607,0.0124128445251262,0.06290249841634749,0.20349459489020372,0.06310207061211483,0.06746455176076066,0.19741544932545374,0.1093608024393727,0.09897587734173476
0.07475249809866104,0.1467144479165676,0.1560676003728128,0.06802623601946517,0.1148690105295052,0.09960905681782933,0.07150918213167526,0.10521315412748951,0.025382943424393893,0.13785587056160026
0.106010444997116,0.17019636891597992,0.10793958107553456,0.015350202965533202,0.21140017923498797,0.09152354102248093,0.19402479091044925,0.02043662149707856,0.03609697801082633,0.04702129137001342
0.1697195613165089,0.08195039160996186,0.0876458203829939,0.09840286497065011,0.03541256027316427,0.11988114558775033,0.08842100783666224,0.09272037436471768,0.07439834913404246,0.1514479245235483
0.0022308984075263653,0.12399082791112989,0.053022888629231484,0.08619148301986282,0.17173179091021706,0.15129277484638606,0.0698157966211214,0.1348833998778934,0.1533195247675041,0.053520615009127276
0.10835758023397334,0.10198145872726358,0.07267083111622062,0.11433271836168554,0.09913880739194966,0.06227501475923533,0.1252045452463779,0.10436431269111018,0.0779991128373591,0.1336756186348246
0.16193378132577332,0.06703408161471523,0.08071859974174969,0.1615278305881432,0.054378566075547405,0.08116336511313613,0.09235764427437496,0.02113197061515224,0.18772215455870755,0.09203200609270028
0.10241869683905395,0.041342999321840594,0.1942734409175078,0.1978151920456454,0.06759973690140766,0.0373722538210952,0.2012350980740294,0.09992460577233732,0.010931932722203034,0.04708604358487954
0.0934237581777399,0.0792201384747568,0.13453276019177207,0.07859273241882445,0.05894115129445293,0.15934415897327367,0.05611379613260935,0.1273232899011457,0.06737371193582463,0.14513450249960058
0.0808675813336122,0.07274071614453535,0.06858467612327486,0.1503127375291604,0.1755741720839774,0.08410805729990242,0.1523491150984497,0.11544131022754126,0.0829035370040201,0.017118097155526178
0.08728059894815508,0.10295738151555303,0.11529092369466262,0.11191375375092065,0.05198495550925088,0.08866392619112363,0.08466377468571708,0.12246848076481436,0.09045279121356815,0.14432341372623453
0.03483255069641984,0.0051919771721611815,0.11768604781131453,0.09831343189573152,0.11279317553969863,0.10430806536342646,0.1341310351292265,0.14954107121596258,0.12203638552185476,0.12116625965420406
0.04141371018490698,0.14346775590360447,0.029425183507565532,0.07529485265132149,0.1924944073657767,0.020373211349473057,0.16990350083236716,0.1889589059303275,0.020427746701357132,0.1182407255733
0.08441755517473885,0.039861614230463464,0.023490886971226255,0.1649262395896115,0.11672464370119498,0.1141062501817067,0.17498912873167957,0.06826739468819536,0.17245171899808576,0.04076456773309749
0.1509571487227552,0.12730965199050054,0.02103024750300916,0.10746979646462623,0.09007236394153649,0.14542886325336382,0.12371197513867344,0.004178566399407494,0.11975334498480532,0.1100880416013223
0.0566466203802221,0.18764713947919026,0.09691125641471962,0.04050804019533363,0.004368460189447635,0.12602902636332108,0.14741494856677922,0.004386613536522255,0.15255941802215808,0.18352847685230606
0.02070793382441635,0.08242974087543789,0.15991768796077216,0.16207092275500584,0.03781841252068763,0.20511969301227503,0.05813365076977662,0.10804605255555974,0.0634080426094483,0.10234786311662043
0.1012886940608552,0.20081416939761987,0.017272211637198685,0.13453414792136273,0.015321476597894013,0.14784154668572902,0.0036219450140289712,0.046487522275193136,0.2068486637296469,0.1259696226804715
0.015139054514214866,0.14454960245746928,0.16623734580390623,0.07782807058625363,0.18027332986337044,0.032935598841810076,0.08354056335308292,0.13108241320902755,0.021378405125337428,0.1470356162455276
0.1409279725175673,0.12811142525828176,0.12266379813849929,0.05677738986044571,0.12508801598994404,0.11650932277990754,0.0024329732983943255,0.08086132037506778,0.1137601686181118,0.11286761316378041
0.06707061144298858,0.09781715464852384,0.10617144365596295,0.13523843087542045,0.07764325970450213,0.13772307209990026,0.09288313066308818,0.0815650342196117,0.07998966328610992,0.12389819940389205
0.05553547675174756,0.25412766992756614,0.02176841750792974,0.067957018808208,0.25085657247605997,0.02667562013931162,0.04679855204633074,0.21630532310831563,0.04679439150849128,0.013180957726039333
0.17136621943464841,0.024495063753833108,0.0023828828724909564,0.16688351610371824,0.17683084272511357,0.12628746472725286,0.0648526060947114,0.007956760319096066,0.16264905252669276,0.09629559144244275
0.15211863100319967,0.010023252966545347,0.11983915683376173,0.04513157776788462,0.0814073677694349,0.12148480007692268,0.14237305265092828,0.05867060426945124,0.105663808009551,0.16328774865232054
0.04705582091267836,0.10171403817959611,0.16023059512842033,0.04903515978144347,0.12747418992856754,0.11756060291421155,0.12445518635429782,0.04254638106364903,0.15697984155727887,0.07294818417985685
0.08964063728738163,0.14879282755255605,0.09526863917799613,0.09266366762704177,0.01825309782369717,0.005385095245518218,0.12456710859714473,0.13890353432347904,0.1414024066152457,0.14512298574993968
0.07478250883247124,0.15707263399889568,0.11077874861974404,0.1567268936397919,0.1305669744421312,0.028421938081877058,0.17534886267196884,0.13183533618394694,0.02511354276877414,0.009352560760399063
0.13740067911784773,0.16513930861685805,0.08654476687997043,0.09205018369040152,0.043038430883681804,0.12670598140403064,0.12699869772001077,0.03485527598095869,0.17849844413122662,0.008768231575013715
0.07966483718799397,0.1015811315039897,0.12543320460704857,0.018672761382793873,0.15680143894460813,0.1414705950938302,0.025013717174563032,0.15130664840204658,0.1146390684692329,0.08541659723389307
0.033043127270826186,0.15263699060134261,0.03108725981492449,0.10073934108128191,0.08430689950710714,0.06321738687162638,0.16609529439943543,0.17517701248314305,0.0195189945182121,0.17417769345210074
0.10630906102171625,0.013385174632871557,0.049974080766294664,0.16673607088130052,0.13345287365306605,0.15258079612696512,0.14105882710104453,0.12844538440998807,0.0026436261568197044,0.10541410524993354
0.18026180861663024,0.08774963892052218,0.11042121825898261,0.0026373303327464448,0.166037417375351,0.08369352674965598,0.13122482104624594,0.15774935757589267,0.029401266754043733,0.05082361436992931
0.01513371700695984,0.14346256525719214,0.05453016837959436,0.04737945746121224,0.18741852506320403,0.17841577132618247,0.11738624697638882,0.15679383695439103,0.06790372303973459,0.03157598853514049
0.042244415064352156,0.10419782609252844,0.09396246118179566,0.16602966498527755,0.04701407655691259,0.04675247159016818,0.15635656062831998,0.05925928679222541,0.13655258736328882,0.14763064974513126
0.046739177740699044,0.07468982807282486,0.11960813316746913,0.14584436576916848,0.09964852010491627,0.21421118008740422,0.028654948737933936,0.17623926348705085,0.013543581252611415,0.08082100157992178
0.11059822963058791,0.02544068019490988,0.1744431709750234,0.06444520561383926,0.1129791412490615,0.014898591556193781,0.05681924431796369,0.15518284325629494,0.05236905055734666,0.23282384264877887
0.0845002930887895,0.08066564768989148,0.07390403161356217,0.11389879486734682,0.030005812869258047,0.12454300774548537,0.012260776639765561,0.04963238008011042,0.23058883667028457,0.20000041873550617
0.06513180112709478,0.12566956149104,0.067082401228056,0.10264482182498853,0.09106039689285812,0.060318312300156884,0.08665169402503416,0.07548300530228726,0.14865129510691183,0.17730671070157245
0.06298659022426889,0.170217570649323,0.08692673850708137,0.188929641865654,0.03354165803303652,0.1641240670540282,0.19347535848754988,0.009793108412576596,0.006072127827836433,0.08393313893864507
0.150464168162696,0.06478161215223731,0.15783373909930348,0.12094443460927767,0.022308350676218433,0.16037607887601418,0.16359543425157527,0.11039437636925052,0.04557992731386327,0.003721878489563723
0.10361499827321666,0.018797124813807728,0.057250860060625075,0.14646178467896911,0.07863924899554688,0.24406739067700395,0.1605340626803488,0.11601293013660303,0.05009129895450464,0.0245303007293742
0.1081593639031329,0.18960510971063707,0.023337723986786407,0.019028410703166562,0.13317468857525475,0.07494287988416243,0.02887312255382424,0.21283776199883664,0.12194986770104467,0.08809107098315418
0.20215946565236184,0.08964046810563694,0.14250076400897727,0.07181019887937004,0.07592298731415076,0.17359247697822006,0.0863470912854012,0.078927205746387,0.062268182287466015,0.016831159742028857
0.10246093331273545,0.12727342902044342,0.0002265349137980948,0.17600736021307134,0.1793115613510102,0.07469629961478343,0.021500278435225378,0.1397009013166729,0.1481648449095604,0.03065785691269943
0.15345531952914393,0.04371008334039292,0.09229173436367813,0.11351371655653386,0.05836425484421437,0.07629403921571334,0.22770529552539745,0.011352395913527668,0.12450277220252423,0.09881038850887404
0.046920345808450746,0.18798854982039992,0.0050357142612820855,0.16963179879439627,0.04600550315261659,0.21815157265829418,0.10876423057857594,0.028636615039346714,0.13968614171926338,0.04917952816737405
0.20565713734340815,0.05174737915378401,0.022103078270318727,0.18053943372987766,0.04531585872932101,0.12249610807988427,0.16495108211192308,0.03478390178673255,0.06553801681270834,0.10686800398204206
0.15737822929196993,0.0352782251597689,0.07467487344247163,0.17412990721694627,0.1629466973099573,0.1612747481610634,0.10965502247129373,0.042269217792531136,0.02033039928751959,0.062062679866477996
0.0375015768037873,0.06380509296523469,0.10626496347451017,0.13228675023042397,0.21304828454249528,0.07678433883169694,0.0039800334614020876,0.12927484910886716,0.18917017297252553,0.04788393760905691
0.11373740490254144,0.08468020564489713,0.04513533888014845,0.04811640015005952,0.12134522180384014,0.2038757708915879,0.1713783858920992,0.16216005139021633,0.04913474808381619,0.0004364723607937292
0.09592154234273113,0.1117227411598476,0.09079491448558046,0.09203632021365998,0.01790994560048398,0.044392066450964336,0.1521167776818469,0.047756631725451165,0.15988244673002877,0.1874666136094056
0.1540169706862789,0.07058685325005803,0.19444553010527432,0.08902299926959424,0.05037614275950545,0.1869991573214016,0.12358727026990515,0.03515096014686806,0.05070275535207635,0.04511136083903788
0.069239278990657,0.1636059564236714,0.14024583338991672,0.06425266342635591,0.07378229868715894,0.12273277662700284,0.10331000395187936,0.0352297385961565,0.09413195530615209,0.13346949460104912
0.14726538182059506,0.1278943997098555,0.14980531779337858,0.14528127508611233,0.027528175898076157,0.00035790884802643894,0.014536389666142584,0.13812148794506043,0.13638128444096412,0.11282837879178889
0.09903254469533404,0.11253188587004775,0.09021730268216573,0.13608845219289792,0.03538299856432754,0.06313045617293889,0.03781251288448251,0.13176885339333363,0.16175631459711348,0.13227867894735842
0.15576116553082522,0.06938745734492577,0.08654161077330151,0.1743143728534909,0.03899346696192795,0.16081678525156332,0.10784974770956424,0.039129486715741714,0.03979394101709629,0.1274119658415631
0.1477492175540337,0.10387869882299117,0.13710752417932337,0.0830579569321811,0.10169095151679808,0.030771576829365682,0.12966890034205233,0.1721689479864901,0.08271986472084573,0.011186361115918721
0.015101765269973472,0.12545778276451872,0.17703063976031427,0.0731712572797123,0.05323589869509125,0.13873014432474126,0.17362235944403162,0.04179724121307073,0.0645640889810769,0.13728882226746952
0.21359487291959148,0.1821141518691925,0.04555209167732303,0.03504164886440043,0.02369808481361225,0.179141668053331,0.03269878018302313,0.1524161316111181,0.11478954207112708,0.02095302793728098
0.28799953120836097,0.04148141598421719,0.031021643043306405,0.26111464327697353,0.16324856299582652,0.0775562403481109,0.005360918134990113,0.03154233302807616,0.0802410972149752,0.020433614765163078
0.14995860032717875,0.031911159552292095,0.08097038381264995,0.11345383257870946,0.10996777949992935,0.12324102468852575,0.10441902095808399,0.08990425629162753,0.045889582475002445,0.1502843598160005
0.176756707480567,0.16319516343369408,0.0398810141313278,0.16963182639959337,0.1158248701681056,0.04218741570864225,0.07179206219398986,0.045669507058679726,0.1480466523132092,0.027014781112191185
0.15986562172146843,0.10943487108099913,0.12193895546992585,0.11185275007744931,0.07792709171594135,0.03554449872211857,0.0001433238379835677,0.061916258319157244,0.1850964319655583,0.13628019708939818
0.010785463946931487,0.03543079017705018,0.1139405964410356,0.15081971418877912,0.15684175233117187,0.021010317457012116,0.11338594619010949,0.146585844902206,0.09338054807921098,0.1578190262864932
0.09688336036847917,0.05533242240718813,0.060713915108529096,0.13343637185988338,0.12117385603066205,0.16087259308750224,0.05867355565313916,0.09443086242546046,0.1532109745080116,0.06527208855114462
0.07933060925067233,0.05409229832682547,0.13042547211458239,0.13918823598014657,0.02793608713343172,0.1390651536698245,0.12299085841580583,0.10291438112258708,0.12701543463605772,0.07704146935006637
0.11903570809662331,0.005196343825300851,0.25552962573270416,0.17423602123306603,0.017329441282302013,0.047336347779892166,0.07212012885289588,0.06788528894763185,0.12663407925868125,0.11469701499090236
0.11498269856243294,0.17567401110983902,0.08099394540925411,0.003879059873593726,0.10369667142276925,0.08589835263158321,0.09070157150341444,0.10201472950177504,0.1462122756606588,0.09594668432467943
0.048817479330577396,0.08628414689727146,0.10028958948100376,0.09473282200022672,0.18814637389082264,0.16665593367043371,0.1053841270069843,0.07928511428536186,0.04168739212894002,0.08871702130837818
0.0536606710615163,0.03579613165706236,0.18121967152521812,0.04246406495164204,0.13904615230369807,0.15843251564399802,0.1381148802416821,0.09486935590958973,0.14927783239239456,0.00711872431319863
0.20033345525237017,0.0005138728385121794,0.05171750099610294,0.15814766809969347,0.05296912854422263,0.08910873663262657,0.0900087904354731,0.03816762212517005,0.07924519686961283,0.23978802820621622
0.18964501595943134,0.04365452286456015,0.04701567569101297,0.13656946062664602,0.20154435710183835,0.09136366404728234,0.06263201636960465,0.06829356664031784,0.07066887765186082,0.08861284304744556
0.08684964649927122,0.06220570498672303,0.1518478079844463,0.11643888614639578,0.08659033389779823,0.15987347461193196,0.06423205306658816,0.13329976765181473,0.07327854523748997,0.0653837799175406
0.05087031471832879,0.13382158145363598,0.022870902481480458,0.1527174007184407,0.04819129354776495,0.177363025755473,0.1480077026482794,0.16599692253756015,0.0639979771661098,0.0361628789729269
0.11575400379644998,0.003685023782681435,0.14997373377076972,0.08692484003433185,0.06576022794411855,0.16406267938597732,0.12837921194482316,0.102129599790905,0.16017762697198637,0.023153052577956454
0.030247098546521328,0.023570937399921523,0.16639967608267694,0.07887639183932865,0.08992670902574601,0.19108913938399702,0.15659467077922146,0.07272067456607048,0.14537874634830927,0.04519595602820722
0.11570971623379245,0.1304797116098334,0.08182783934799277,0.08493566173378153,0.05651567036138129,0.11250034398981251,0.14718111306648424,0.12410959825737326,0.07315893681134153,0.07358140858820712
0.22244664255710475,0.14499630420157034,0.06847361047909634,0.12703165409064618,0.10053619680171896,0.03127834588806429,0.07843359851952351,0.018474498094929764,0.1327493241364607,0.07557982523088524
0.10518665321038007,0.07918294529886398,0.07502049385774431,0.15117376661189172,0.10064462581418092,0.0823742049761072,0.14273056175993712,0.13535765485754409,0.005852792122916845,0.12247630149043373
0.046994845124335216,0.07751002182751374,0.1297475662740249,0.12035845224574432,0.12377281052997091,0.10450442845819585,0.10487969036136291,0.130800050774496,0.04859905520042506,0.11283307920393112
0.017444343501525544,0.18590498290253843,0.18201383377445352,0.06704474764213571,0.06548156185777186,0.0047925660119683645,0.18035481076665782,0.09615331704591136,0.012651285934064787,0.18815855056297268
0.06142082386435359,0.012450373945786119,0.05564457107611675,0.15552434338910534,0.19924789432300177,0.06242978848537783,0.06717720074469766,0.0654348156642421,0.14346518329587982,0.177205005211439
0.08738921945105457,0.02664059020170539,0.1001424902823636,0.08425265970609988,0.0722355105778783,0.12960477801124973,0.17870478999678444,0.18419554874473426,0.05505438715845635,0.08178002586967337
0.05234186298685884,0.12299338407336223,0.15045577371486457,0.08961251026589223,0.03178912987557032,0.10519043817582256,0.06839206883248082,0.1347644136693357,0.12047763938221945,0.12398277902359339
0.18358453310842043,0.10973954349763766,0.15574909775049708,0.05668911577957796,0.011076183226926157,0.08026247186471654,0.09108899785121306,0.09727968868323762,0.1457622212103989,0.06876814702737453
0.15764451348653163,0.10381563097584585,0.15237749440415543,0.07159338886574708,0.060363546088639405,0.17082196665134056,0.08572751388186374,0.06924165822920099,0.03161895895827464,0.09679532845840062
0.005939007232919808,0.1587720261807181,0.10404357583833773,0.14618771523600776,0.07108178187039814,0.035541209936943395,0.17494739614704488,0.14609964465998507,0.11277139568605744,0.04461624721158772
0.16428747498473129,0.13475665765174918,0.017184740347920224,0.1397301173297154,0.08955687659196829,0.016484685146391297,0.24012010269501602,0.00692570786859227,0.03426308052502122,0.15669055685889494
0.031120554685276216,0.13954499536560858,0.12588116104323643,0.1711166624556497,0.0855507452079478,0.08530031474159402,0.05574261650139644,0.12059910586720822,0.011470816428620339,0.17367302770346224
0.04208935473307997,0.1849760073290326,0.0571965340363856,0.08484378882507794,0.13629481663580703,0.10136499255937378,0.07315935983415524,0.05190349325445812,0.1388155436794248,0.12935610911320491
0.09421948282371172,0.08264518114664428,0.029514751106609553,0.01126095323289105,0.17851754889906235,0.04209090815432833,0.10119324468654842,0.1487552932043396,0.1830784281695361,0.1287242085763287
0.1444570194528612,0.023536938142497875,0.1688111616514329,0.10907785013395266,0.10722398663722649,0.061331931013882325,0.08959324390418615,0.018232712215667145,0.12005017463873924,0.15768498220955401
0.035520200866674415,0.028316931002569996,0.14703324963872652,0.1411484521660145,0.0667635687697436,0.1524056949631838,0.09299201449794312,0.13794837263999604,0.12462866247636033,0.07324285297878762
0.15889898256144627,0.13515915561295966,0.14582516320684447,0.10310348228633272,0.09583744967066961,0.10637254941125639,0.003616051530573833,0.16688707367416078,0.08140760429280239,0.0028924877529541023
0.035020310020216494,0.04028310745513535,0.09906044830613,0.01005109377101001,0.017382962327082845,0.22916002201582136,0.09344173186220665,0.11273578758755712,0.14578154371662802,0.21708299293821212
0.029517302061668516,0.0869959715333442,0.10737472801999452,0.1489524639871596,0.09123060215667383,0.04277043780407415,0.14291286104211895,0.07404934556175316,0.1519302174092655,0.12426607042394755
0.04750059138905036,0.09294553339915812,0.1491220509788866,0.04790341736146135,0.15968163609680255,0.0687651995304073,0.1190217124844009,0.047205041663248716,0.10917168320329895,0.1586831338932852
0.1833369891507043,0.17291900561560303,0.1786874256163693,0.04824802315787861,0.22421194513792228,0.008705600999798297,0.1326311444178839,0.029291720662065073,0.008216375372109055,0.013751769869666157
0.15483978154764902,0.12739705000680673,0.04817785511777512,0.032232966426983894,0.004451220406410116,0.18912238888879995,0.20191052315680982,0.028475098957917475,0.12379296470492557,0.08960015078592211
0.15672297788569511,0.023366269219918565,0.13001139978665308,0.028706484495652784,0.22526800268788627,0.06676326545702192,0.14807550866792044,0.05677290673304556,0.10912155727546437,0.05519162779074189
0.06964522281247533,0.1387744631008995,0.14457171965100005,0.07793982518310885,0.15712919085224766,0.10405824053147965,0.0722250231435429,0.052978156575972254,0.01878434634180957,0.1638938118074642
0.12820383966904175,0.033239060907432026,0.15225659966788002,0.17654702446480142,0.03877395679194565,0.18189338978395966,0.042564853616151976,0.07115897309744622,0.09555862296324515,0.07980367903809621
0.00870215558930964,0.021664314015337784,0.0875581072130854,0.08264673806580013,0.1403122412159784,0.1532587005399369,0.07362410830215142,0.15338133204273638,0.1413697728290169,0.13748253018664694
0.027872969038599975,0.12648399109544042,0.04678032159365631,0.10109529741262123,0.14691248837497445,0.16206576712925022,0.09368397829102916,0.06789050705557666,0.102361709969034,0.12485297003981757
0.09781472315952584,0.064816286079031,0.14260821948122543,0.16643986841986433,0.021946567457611876,0.09763451744942625,0.13020580914501378,0.08001973514378542,0.07900882531887121,0.11950544834564485
0.005089093639340725,0.0785477652436964,0.002833407699541533,0.1880238162191723,0.05497971780942633,0.1795646470699588,0.1711393708192537,0.1779317582702674,0.050932199320146164,0.09095822390919667
0.007304762858006466,0.11355942926778152,0.1783520735582831,0.11591095008600572,0.15258090423786452,0.06563587759262277,0.004173193841355573,0.17705767472427344,0.019211109129901607,0.1662140247039053
0.030938988628847076,0.2161655084026381,0.1638921258006522,0.13430218807647706,0.06988118441145441,0.06389207177049142,0.12921564615929185,0.022336597540495287,0.08992833363809288,0.07944735557155978
0.0967133495243138,0.10871975551670945,0.12216174772307817,0.15564844833967423,0.07699867196031678,0.12201618735974996,0.13698151550188048,0.045834090014345776,0.12525599551434183,0.009670238545589432
0.08912307891695094,0.127191031732809,0.16368214380558016,0.05765563007164868,0.0245282400772886,0.08488851937137289,0.1054679902509361,0.055390089139200044,0.1528179663218873,0.13925531031232635
0.13661683514004913,0.12955504242208185,0.12917243831714756,0.13170686755848368,0.10312987019014144,0.11598627097865895,0.0544548826965891,0.0844553003017285,0.104156969560446,0.010765522834673703
0.09818571045512851,0.0591667160540979,0.10957867172213874,0.13868308857364436,0.13748680158229618,0.05733448130545578,0.21506611683590496,0.003155751827234725,0.02714672583958052,0.15419593580451835
0.10024052137989682,0.16643997985689948,0.0735043836402317,0.12964234116805382,0.06949562729615065,0.1364045874554067,0.10374172273887887,0.052946215396327635,0.12820322779772875,0.03938139327042548
0.12847428954878667,0.07959921030112335,0.006249125820106893,0.17412480934599928,0.008741464630237216,0.010071384379501317,0.09723160876491362,0.15051013107936637,0.1816058395526728,0.16339213657729262
0.0919943893382273,0.09752447310031462,0.13747436602083424,0.15066403948123544,0.03018002669508916,0.03574603838369204,0.13353667215454318,0.08083638764027287,0.09963354175609432,0.14241006542969684
0.11928482599538963,0.02149610092179642,0.05301806077577413,0.004726798478508745,0.07149908458087478,0.17925551087309333,0.12232357094741968,0.2972882182382853,0.11134309119312383,0.019764737995734298
0.09910735968733675,0.07378592084710123,0.014665802551248677,0.2104623920452635,0.007064952775246867,0.06309944777520315,0.2031873276355011,0.13374313996215956,0.07758184614830722,0.1173018105726318
