i = 0,i = 1,i = 2,i = 3,i = 4,i = 5,i = 6,i = 7,i = 8,i = 9
0.01086947073741663,0.18515360510988985,0.21240954263564757,0.03463431532767611,0.1380075696906792,0.1886243774335755,0.09532546930781145,0.05881008021892135,0.055966678405388756,0.020198891132993543
0.0464511776653703,0.022605410764285707,0.20829451750587824,0.04126693140254796,0.03300836826582316,0.20829792288425597,0.06578214700582206,0.07446851249701908,0.20628051277892834,0.09354449923006919
0.12721783124514233,0.14371009926887549,0.06048586602669959,0.08790884294836077,0.05252385341879788,0.09657574480821755,0.17028153953697736,0.09030027032908988,0.0584368247725093,0.11255912764532995
0.10874655411654494,0.14518244437480843,0.11248059660337369,0.008607515281668523,0.13712272630483613,0.10089767916142701,0.012558465730187813,0.13901036112540988,0.02756039862899368,0.20783325867274982
0.15595041063801449,0.10965176926488365,0.1505359600828551,0.0761445622979475,0.10961248291552678,0.10419573394208269,0.03571080102515524,0.06271314347936319,0.05923207737466553,0.13625305897950568
0.053658329937591315,0.12179148796559355,0.17382002028341095,0.1538841107647876,0.15786522503014974,0.028154751321553293,0.005165153229272938,0.003881683886131043,0.20477541283969067,0.09700382474181894
0.07381791995754314,0.047180919545524266,0.07632867039882356,0.09497601456171649,0.06594855800930893,0.1813428023521024,0.15887796824726838,0.08571964802157085,0.11573726006969676,0.1000702388364452
0.01953785865328515,0.055068267140540444,0.02642065379455106,0.181710971025661,0.17462395386017002,0.017847076333019078,0.11952603788041487,0.16493123417946243,0.07111151077951046,0.16922243635338546
0.10032817691794105,0.018651272643722974,0.13919297364547092,0.16643365986691921,0.14936443665437932,0.09268427075572241,0.027437830258623917,0.12968797793231165,0.04883504141550197,0.1273843599094066
0.058888967482583265,0.03652113339541665,0.020394877891731823,0.07373194269637924,0.10144173063565612,0.17968701316445473,0.06412355165196638,0.14661410289987845,0.16308189355387667,0.1555147866280568
0.11422255871632135,0.031210582825674325,0.10742172499478919,0.12179803931717678,0.0020322551342727086,0.10480917585738922,0.16140271901407932,0.08411769305073731,0.1116640900074206,0.16132116108213906
0.018271621269627537,0.13955711847479124,0.0827351505128803,0.033748519201192,0.13474294354179261,0.16115577937507233,0.024582564601978357,0.17622308052917524,0.07913588052120892,0.1498473419722813
0.1112381346521018,0.04579635196354701,0.05194676461887402,0.16077435336325147,0.07720547873784304,0.11916644007330053,0.028241544365431026,0.15760035234815142,0.15314074255890678,0.09488983731859287
0.11721116055863225,0.030957056583469367,0.09091948284843973,0.09770203663788923,0.09651063034508234,0.11998823450982035,0.09472735234570792,0.0923625637852639,0.12153965070579484,0.13808183167990018
0.07145069029408521,0.13149899322045214,0.13063455914893393,0.13711223864047709,0.06673907962356743,0.12288489093348885,0.0969563008120904,0.10610346093406102,0.005405456650177895,0.13121432974266609
0.18177625601617065,0.05549014248239603,0.04525168303136687,0.0026718142579617026,0.06603867556417004,0.20215228457842485,0.1576167175729565,0.16867557917632395,0.07083192424275368,0.04949492307747578
0.008469889125461129,0.14494935302144396,0.06160328143834076,0.1405276002026204,0.1406724621044383,0.08778334844156277,0.09933574597054332,0.14627836497187988,0.1452307084410906,0.02514924628261895
0.16203231247706587,0.07644683354768296,0.16111364121118202,0.010189277470470041,0.0280386452321166,0.14257514897373538,0.10523002907118813,0.059069871866792724,0.10904043013899252,0.14626381001077376
0.0842203148425045,0.08745724503609106,0.07724935515455612,0.13068117518645997,0.16346541849474555,0.16448339892884623,0.005440576446291781,0.04440175125576331,0.14833910030305944,0.0942616643516819
0.14575049324882644,0.17139445738095263,0.06460995075474361,0.08447990170935983,0.037819571144920655,0.15656006982131396,0.18750263657577165,0.09049941696050842,0.027136710754449477,0.034246791649153265
0.04862110361977208,0.10889442597182802,0.13808719775903838,0.17235183843324944,0.029538062382191078,0.11719319070349124,0.07346745274249383,0.014300296967691195,0.17436817211595748,0.12317825930428716
0.14535203730404203,0.044538471514332656,0.1300954773721335,0.06654578272872226,0.12833146966140252,0.163359181746918,0.20211618408673965,0.026607329019304515,0.059043447849630934,0.034010618716773786
0.16216140216669894,0.16833676235305564,0.0056315785108651956,0.16443999604117795,0.1060398592214157,0.09160707521533469,0.12550259975652167,0.12113762480795276,0.02202280710116759,0.03312029482580987
0.20672348075372662,0.02744266904125207,0.11889449208775006,0.18212566269158123,0.038572213154704195,0.07279149721056317,0.13909296595958745,0.12118535162896456,0.06266199812539404,0.03050966934647666
0.03393344780160931,0.18431974501184303,0.14954485599814443,0.0756961561844302,0.1509044398447873,0.009457413329762018,0.07426260226244698,0.05234048257483813,0.1534627761600651,0.11607808083207354
0.07133569510764833,0.1352461457857655,0.05799148724511127,0.07450428293554458,0.1582391579122686,0.18125153249038095,0.06315266188855226,0.0020981366967886485,0.09769596039627261,0.15848493954166726
0.18311960629088825,0.15657558708249913,0.017162692720973864,0.17316322188421432,0.14741877507458515,0.12065411869688833,0.01837993533139044,0.011676425499918217,0.032149000561718426,0.13970063685692385
0.08588677100727587,0.11567558410512818,0.18507614096171587,0.1054536984860038,0.06742366671651688,0.07372311245054342,0.0837199087218409,0.1120214831267285,0.11040859148526085,0.060611042938985685
0.11672635121894293,0.07449754476126633,0.06516697129223883,0.0067589186164959715,0.15359540033969082,0.0643265597156488,0.15065336358614204,0.08710863845823653,0.11305747986202395,0.1681087721493137
0.17543597840036923,0.1327240897811231,0.14460202078000328,0.14066040837732727,0.13190607948846264,0.011227491591230104,0.017297841668020973,0.08135259264221695,0.08915299967767532,0.07564049759357115
0.031993727523783114,0.15381516086023106,0.09404191774209379,0.137838028427609,0.09865076876751386,0.12083087113670417,0.1211279093190692,0.09088271896852733,0.005559634762700924,0.14525926249176754
0.09823032518444191,0.08809905007698607,0.11624238205079095,0.14211342660935317,0.12688803545898805,0.07087093866221075,0.006105103676303967,0.14856714915810224,0.07951674619406868,0.12336684292875423
0.12170630866203168,0.06316342281957237,0.13047137789211583,0.09916708166952574,0.10754867064582152,0.10416438804496707,0.097934527051063,0.1366909647804761,0.04524030889443653,0.09391294953999023
0.09764729090447218,0.08707245924992517,0.10906814060976947,0.012247312047175992,0.053636376634252025,0.22325513255961185,0.06831147197924799,0.0749645211540582,0.2202923636600731,0.05350493120141398
0.1516619097586505,0.09376188105048985,0.05258710659242492,0.028414304116858587,0.12592794636216142,0.15006017588336001,0.13669083493912548,0.00043922986852758917,0.15059105473287993,0.10986555669552149
0.0156834331417116,0.12485927142882236,0.009142162933685189,0.022556525160222416,0.17169879912145208,0.10475467453678405,0.11400145785093832,0.11742550657536896,0.16737909235542636,0.15249907689558861
0.12536278136401208,0.00038333519890879823,0.03800996077483261,0.1785134084525868,0.20531799214964064,0.10054170972261073,0.008600731203606476,0.15331904990761286,0.1897223179148333,0.00022871331135565357
0.0027848423133860394,0.07379771197196983,0.020790530243902487,0.0746199265544793,0.09478000014716455,0.1738075222794848,0.15517824474807873,0.1897777274897496,0.057867382576002824,0.15659611167578177
0.10312469433562396,0.11895093507868484,0.10882884820848358,0.1347624163037363,0.03853604881067743,0.10134354459306043,0.09280369858747761,0.07666592134304367,0.1418096629224008,0.08317422981681123
0.177736063458601,0.13051618336549486,0.12241784335440149,0.146652701371105,0.03369283533411759,0.04767318654080357,0.06276590208340985,0.0419205845579731,0.14066906909788235,0.0959556308362113
0.12303984916712447,0.01994574888142498,0.10214895951846562,0.23794238574799714,0.1308794851283921,0.12464050999512409,0.010826184069530793,0.025846056735040996,0.08633707736702124,0.1383937433898786
0.12455030599085412,0.08251894005308887,0.047546697926508466,0.08160757821231146,0.10178981419700057,0.0779570703211298,0.1617168783866123,0.14028439209056456,0.11516641674249951,0.06686190607943032
0.00134077397278466,0.12529515102210598,0.05210513854474823,0.09671711884792929,0.15979932534807992,0.1405234709388543,0.0494508031684293,0.1642373474527113,0.14913098260820581,0.06139988809615148
0.09342950471894182,0.006402686903326602,0.02982812675786593,0.16155471462554377,0.07799677589495385,0.22642327401192985,0.07325174518688725,0.18456527008204113,0.13414854444142169,0.012399357377088195
0.055380379499197975,0.028855679250772003,0.16712467852314586,0.1418591917599557,0.11334583985353519,0.16698874882444503,0.13173008697517385,0.0012663678269525223,0.03308201932110685,0.16036700816571495
0.17677643375646143,0.011221547417187186,0.1448336337564055,0.19018259824853473,0.029989341393729926,0.02917465843762856,0.15732589100505073,0.048926061977514056,0.08510513254764368,0.1264647014598443
0.11781613899809451,0.15352212507381469,0.005094568628074742,0.06356658742696666,0.12923157010496938,0.08195387655153005,0.19246532333133232,0.18471623337706503,0.021381244484232106,0.05025233202392058
0.11987727500012665,0.021567217299711564,0.05709751311273346,0.03183805913030164,0.16413645160973034,0.18005196254902303,0.023797060533527894,0.10536786916599822,0.1565370746484187,0.1397295169504286
0.1619608348981241,0.23625934337897228,0.02276663558275589,0.0678548622029355,0.22711704915450878,0.009571184123916034,0.09392171152887122,0.03199341188099056,0.046340027053684694,0.10221494019524091
0.2159506910899395,0.08870344472573882,0.026992053224801908,0.017984173837827033,0.13889115328774154,0.006517097070439893,0.12936634306973346,0.06378158374569168,0.20761882176921984,0.10419463817886643
0.1947319405540526,0.03412717098941903,0.15582685214942676,0.08034283514851331,0.18627352082407503,0.06046165799050338,0.1472614614798781,0.08056028765400343,0.03160698882408413,0.028807284386044275
0.02047956011613755,0.06401812396588086,0.19657824851969333,0.007409957521278741,0.13383428894168134,0.17508199524001072,0.16382567635873838,0.04680026853553202,0.05070146792275913,0.14127041287828793
0.14085337241244617,0.02747635673038323,0.1725233468879448,0.07427067919864587,0.1906865641244831,0.16331639018091013,0.1023667145621334,0.06162937249669483,0.05733823692043851,0.009538966485919944
0.12607534641058887,0.16732855891504947,0.07017543918872657,0.14576540209892802,0.11009622503024002,0.051467936053648,0.2046675120897454,0.08765196471707941,0.006031704017651565,0.030739911478342485
0.13074179010059464,0.049260492787224434,0.14557717083428073,0.09081861656102247,0.17860688900441035,0.07120974423218371,0.08561052385156644,0.10625790537974682,0.011862354989519616,0.13005451225945072
0.08412268350332115,0.006459955278514732,0.11978002556223827,0.05392288420734652,0.1912865603100954,0.1254178820750106,0.18502355189963662,0.03360758944006257,0.1141188851775298,0.08625998254624445
0.1445362534009332,0.1500998164050874,0.0201910186457022,0.03594593448481404,0.11908078137871839,0.15459911471996246,0.038014899761245786,0.12814132969973951,0.16880441645531538,0.04058643504848168
0.15678889129354118,0.07750610047271282,0.04351561547346689,0.1429369484363997,0.15458190342996914,0.0983041218275155,0.01080636100872531,0.10475585801192033,0.13308050454906536,0.07772369549668369
0.017295520340108894,0.16325887125925104,0.06230236916218327,0.06598480189610652,0.2030078525762322,0.11012770073681145,0.11760087724870424,0.12405878847359479,0.10266116894890276,0.03370204935810486
0.16650597170288056,0.0903856377166219,0.17285058671417636,0.09657112638226681,0.06259458534514822,0.04551131469219783,0.09863806273075805,0.09184656959351364,0.10206646497189593,0.07302968015054077
0.045071990752688765,0.11483170607433196,0.13241381022386625,0.11225031297986121,0.1802371437207851,0.13445556022340013,0.005534802289193335,0.14161530974154277,0.12315933432445056,0.010430029669879944
0.0641662276762765,0.07599769794749767,0.18632642774003919,0.027329575846431226,0.10757525008110198,0.036459963438942665,0.017332350114672677,0.11243858953522338,0.18900253174408918,0.18337138587572538
0.15873634489612484,0.12240138930389917,0.09003452227026731,0.06230292939885051,0.07751036890335175,0.2050983646299939,0.030936340014013346,0.11254080693899947,0.12061330302763221,0.019825630616867394
0.14921705384814737,0.052689320570819105,0.06564085035330423,0.07570961964067878,0.04492345139863659,0.03570891495130134,0.1668580057655775,0.09283835703330658,0.18448779328055157,0.13192663315767694
0.090921120500767,0.024299815860911553,0.21157284308489394,0.028872259097944674,0.19565015912987505,0.0652768271758193,0.008358662568002589,0.01430607324622876,0.22602860788792975,0.13471363144762735
0.11106621536205959,0.1417858328635955,0.15976153871487836,0.09104631522998259,0.04389806491852748,0.03523178158993606,0.11979402642129519,0.08392797844991551,0.1425081760339623,0.07098007041584739
0.04285087663281518,0.17647831157073143,0.0784151779471012,0.14000029961325441,0.09127985840413451,0.1694107121133101,0.0038893274021489024,0.11259781747447255,0.16789333064856798,0.017184288193463713
0.06923065197457683,0.006117288754800963,0.19738347801392592,0.1983334773374161,0.17199836094722867,0.13325690416987654,0.03543540274977373,0.16899410200792309,0.005991576892648601,0.013258757151829673
0.13295140384635518,0.06844861319123151,0.1582594369981655,0.04984540727445164,0.128518731249129,0.09538852350674142,0.00014305949659653374,0.1397967372522667,0.14885026244418575,0.07779782474087676
0.05854783049998795,0.1402919068147345,0.08932349417130502,0.13989191549410068,0.03396749694342486,0.10150931778940508,0.07460008801939445,0.08082763752748208,0.1389283883651552,0.14211192437501027
0.060412628008298594,0.14961726694462082,0.10428400880256414,0.08932233479461538,0.12737228506580228,0.14067471068308335,0.07148648129612283,0.1445155747986006,0.021604402257973852,0.09071030734831804
0.12488451814209506,0.20827444142867532,0.06616880399765987,0.0541470796935859,0.01034081207216246,0.04979924429758602,0.19423735999398217,0.01004474952460101,0.15507367741389694,0.12702931343575516
0.02209024606333744,0.20202865987957866,0.16039544366519082,0.021508439238702562,0.06203676266703754,0.13616740422056703,0.06283714340225166,0.06372863832190523,0.0731350988770075,0.1960721636644216
0.11655387600202419,0.1141114236842995,0.11711630409562247,0.15981402165497258,0.1406029752319642,0.018534548961863687,0.05225513004211715,0.0861625635768368,0.13059598037326633,0.06425317637703294
0.15402785029536717,0.10339999734455076,0.026359435896787423,0.1218101575650537,0.1822091292910936,0.17131971348643,0.06213518866916241,0.06148725791981237,0.0448338888475073,0.07241738068423523
0.03432378110577869,0.13268518174744742,0.14359207548221833,0.004635427976714602,0.12739645790545703,0.10565148949040176,0.03336604454179886,0.13006731979485517,0.1405444894972745,0.14773773245805366
0.021613189442974547,0.0805617870870522,0.002038787127356027,0.2114455933668423,0.06784655920531123,0.11017758949151152,0.007973978538579004,0.18924913078232608,0.22523838537967397,0.08385499957837322
0.1561223525047891,0.14922976568060864,0.047771549048874,0.08420088816032392,0.12550989432870133,0.10808515953231801,0.05429908779523982,0.14001674750070356,0.00473108988917205,0.13003346555926953
0.08990481734489948,0.23568589312810845,0.13157728472734714,0.013070817867563905,0.29858918300671594,0.019349670299228214,0.10556065554749883,0.04775952956397632,0.02894706223532726,0.02955508627933464
0.11959966978160692,0.04916354257203361,0.06661803199561188,0.10264900951063467,0.03786212957710493,0.17328150326275124,0.10376602593166415,0.11473827667575519,0.17392974452163348,0.05839206617120407
0.161109857019434,0.14320160413936692,0.14180277951066175,0.16828440284399807,0.016183573838044252,0.08281338165135742,0.16188409331405113,0.012609078490412857,0.00039631716845143486,0.1117149120242221
0.09800231882199348,0.1214090805264039,0.0655911030692206,0.020725300284316406,0.10866552906706844,0.16207234453488994,0.061789852758526345,0.08699755527183466,0.11708888031377927,0.15765803535196699
0.09428371571442608,0.13975801059633075,0.1803462257661323,0.05648952678039068,0.08909736883798786,0.0055852404399367615,0.171436381811011,0.13436385206257553,0.044357246924563214,0.0842824310666458
0.16840986127546154,0.12113779073081972,0.015475103237309705,0.11516033893047878,0.019808423255032008,0.1826725365382893,0.050418121335483616,0.11316589614223403,0.06373495598923135,0.15001697256565977
0.09068835252236719,0.10297333378681499,0.07306526087381553,0.04970275035833308,0.13669296619694907,0.1557513795058834,0.05158297849817477,0.10584545864797243,0.05952808260799687,0.17416943700169282
0.11945640847133282,0.15044840537190096,0.09326200052056251,0.07407080543942329,0.1736701603827995,0.05277657751915073,0.13361694842723704,0.04896113072709595,0.07268217938609403,0.08105538375440313
0.16820663776381714,0.042647566825051525,0.14961012483399233,0.11751435685328272,0.01798592562576006,0.08369094929798257,0.1165525035263303,0.06770344460153319,0.0874096121342827,0.1486788785379675
0.1711455326288091,0.1392637533611671,0.017716283710217374,0.20979733731147773,0.030105046428958324,0.03421552664643842,0.0275606662103089,0.13741184999435657,0.0300432583138233,0.20274074539444312
0.016888380251884334,0.13897747186492174,0.09886119312368231,0.2800850668776893,0.07818243578811507,0.01262637537099443,0.12801428466577933,0.020924460863083215,0.1595211279813953,0.06591920321245498
0.04819182451346812,0.16715931927793123,0.1273419326550923,0.17714827550093376,0.01317906345097341,0.1628048984650789,0.015449374332498567,0.16670963683211842,0.07725786990457818,0.04475780506732724
0.20124087786983327,0.16761683332268754,0.10979208399219074,0.10432139056205235,0.1329646842031269,0.08984939109221225,0.15814247808533405,0.014550440574065626,0.011740338429728398,0.009781481868768774
0.14191795684516723,0.11869169947514484,0.05013549349845153,0.18010248277231092,0.04571208018894864,0.11694771219845515,0.05314409183121547,0.07486076100605392,0.1306563751094978,0.08783134707475444
0.2279681027416,0.14525948359642998,0.08168929431934445,0.10175987866271334,0.09047112990375303,0.030083523990255233,0.09336064635912511,0.1505310517813682,0.003225431440971137,0.07565145720443935
0.09506609813391796,0.033118157791791565,0.14283494526491888,0.14569014912556197,0.06833396300665878,0.06524027059000641,0.13479617044522862,0.14763457632748506,0.05583726624899591,0.1114484030654348
0.10041072077040758,0.1344729248087537,0.08745003468536396,0.13748048962262482,0.08640123265574928,0.09592520467895127,0.03953316641353663,0.11823128265549748,0.07852112376356858,0.12157381994554688
0.04223059473142459,0.07825347378644201,0.08494332631678292,0.03400771734566419,0.15414870803280986,0.22368261766826578,0.025839727835518033,0.06916180121284254,0.08523586582748767,0.2024961672427624
0.14927224126047586,0.04339607910653802,0.06376416029279312,0.11069515459674885,0.01492864348437279,0.16112337393639328,0.15516672839482662,0.04486143051551436,0.1222652702064551,0.13452691820588195
0.06939142081900464,0.13797741587601256,0.023659783902456818,0.1531253903083943,0.14114643598396362,0.03913692866627169,0.1119477583476002,0.10193317903997011,0.14128645759674993,0.0803952294595761
0.04690657067268402,0.15555713806158597,0.10840944896642773,0.06386653328322649,0.15099590763739504,0.08526379351656098,0.05616500258220844,0.11622819366455509,0.066301044353632,0.1503063672617244
0.07615782836035784,0.0873667771263862,0.10862005734430287,0.07191993436638919,0.17294102272474204,0.10021134617670013,0.18928466174722575,0.04208514408971082,0.10755198876531225,0.04386123929887291
0.04126015673154748,0.13411229614735057,0.08863215643116064,0.052442263499278594,0.1578366929015008,0.1657363346618974,0.08730022250769702,0.04135923495061051,0.14731486853700088,0.08400577363195606
0.013548423266228729,0.16161458108764806,0.12151120338840699,0.15767185801958344,0.0999224241767272,0.12264648865570689,0.1328733452637604,0.12674488322922475,0.04344926393018423,0.020017528982529304
0.16685272335152046,0.021050025549426067,0.02004400292185762,0.17590212385178622,0.1072775219311981,0.01386409282306862,0.10472257440217651,0.19324734856335507,0.006776029274728693,0.19026355733088268
0.025181355233770197,0.03037551978975822,0.041110454689038956,0.13444494320866218,0.24402122785037011,0.08629187523524054,0.05802965239669101,0.23649491829262304,0.10364837978018196,0.04040167352366381
0.06792701137514381,0.07105099013408607,0.11227332765439578,0.06441866325137013,0.20859733547330625,0.08579120173567634,0.03482514613448136,0.12382650466452538,0.16355772887781583,0.06773209069919908
0.07579584794797238,0.1844956544135841,0.22255281128123247,0.016136440853237295,0.0962108494708249,0.09858022212653483,0.14624187631122038,0.0023147786372249746,0.1274823187841765,0.030189200173992136
0.1678038943750585,0.03528142609171489,0.17066613179692583,0.03718527217431194,0.05695630194180496,0.13932246952149963,0.06292075220493187,0.13258320619695066,0.05244642170886033,0.14483412398794146
0.07756404001010023,0.15086489167093015,0.10491415673110767,0.04794828874069906,0.11686821563913966,0.005547599485073422,0.033211356773610125,0.11875685041451864,0.22412758219327822,0.12019701834154284
0.08627635221343216,0.13929509061752318,0.09736323749926648,0.05314341368452917,0.11632226818844313,0.1552151537122105,0.1228096484272402,0.09103491409334459,0.049576020017581615,0.08896390154642882
0.013514957763613063,0.07316352895957723,0.11729618965448611,0.11053603603627278,0.07683143196065802,0.12929750509226606,0.14855265228780984,0.03735414488541466,0.13667143016222072,0.15678212319768145
0.14724599221417803,0.2282000777326074,0.071935232187263,0.09672420896530191,0.03587215619901654,0.023789956974179006,0.02914799649618845,0.0664241961138476,0.21882883377608345,0.0818313493413345
0.009180458508114218,0.17079989077469557,0.07966509380704334,0.06662808922046597,0.15115610407685134,0.057498985639193444,0.20122064048411042,0.10746182225466948,0.12403377933322855,0.03235513590162774
0.03926729365758491,0.1437960260534401,0.06036795958472052,0.1660677950700015,0.11001059303443585,0.049176646595300876,0.08736521302389302,0.0035149395349247784,0.1821781326988239,0.15825540074687458
0.11523293620212582,0.011560546956909282,0.04868451360680277,0.041459614772182456,0.15880491602397986,0.15210334811228216,0.037551753362902264,0.22091076501477314,0.03889505658682545,0.17479654936121689
0.1553458075904031,0.21478374790438745,0.04727313479946951,0.12666329946001642,0.02454848298359462,0.06986030185598047,0.05335059030432919,0.12812137689403158,0.08025458630372442,0.09979867190406326
0.1696245396832474,0.0005429743780731658,0.09848928951171056,0.09195981197742242,0.17109307520371927,0.1556186382232138,0.03127688540518761,0.11679327197977579,0.02362731205803075,0.14097420157961904
0.1275013391015928,0.03988249241139928,0.05940498709955879,0.02483994838114934,0.1386503331897868,0.14520317542919156,0.1428179483953121,0.046793737864445205,0.1338579221841192,0.14104811594344474
0.23299551468741567,0.11607942139486384,0.012358701844257369,0.10373589976427434,0.07120829200358444,0.152259268363895,0.003503933567094736,0.09629196835358421,0.07219004994170183,0.13937695007932865
0.13041617720468468,0.005468625647316277,0.13611943156610445,0.14633834859404027,0.049074438825161146,0.14954268183041358,0.13039474742427568,0.06571905857392425,0.10449938556151195,0.08242710477256787
0.043353108279237045,0.14169193005542075,0.14975984250101795,0.10079873362107461,0.07393129345745166,0.04079856848890917,0.2565565100680541,0.016431495293171172,0.09651639394172759,0.08016212429393597
0.1345532929179363,0.10164275172127345,0.09841960891113684,0.15108157733818864,0.07100771392342053,0.08997041344198238,0.01810275010122666,0.10588218765994892,0.05263395852122344,0.1767057454636628
0.06470489118609536,0.09154539921274579,0.07442626187771235,0.13005052005037562,0.12576726948353129,0.046203007397907836,0.14357272415374903,0.05871148718258047,0.11611610663678261,0.1489023328185196
0.10127834723988065,0.21844053610677935,0.0034202744518173787,0.04986916707359157,0.2091978089658189,0.23002543889709332,0.11818105318183804,0.0004437809864893963,0.030040785216215546,0.03910280788047608
0.028158587611328754,0.17175022320764957,0.17574896103373366,0.034907947378742823,0.10306132898322125,0.08443794975905847,0.1499035158014588,0.17415712270874653,0.01659949785105232,0.061274865665007644
0.0917143421187924,0.046401880359226794,0.18137686628050578,0.10833557050159939,0.17102826790739867,0.04468148732869822,0.009497219192963308,0.07948863083280956,0.15123824651046955,0.11623748896753638
0.16544289008349747,0.06546180085079564,0.13138015944422743,0.056385102053757075,0.12813179043591408,0.03360909889572511,0.10722569605868827,0.060802055268431895,0.11325706873972516,0.13830433816923796
0.05333180063958939,0.11468528954240463,0.13812612228165466,0.12216507160464563,0.10633759549083165,0.13260147963496535,0.028409030033621947,0.14346980588688987,0.1197701300871204,0.041103674798276604
0.11094114540170023,0.08307468465278126,0.13430742870983364,0.09425708074522385,0.007980338967712953,0.15936171752217543,0.1436656018567917,0.08157752211582198,0.12998691154179098,0.05484756848616787
0.050117635206797725,0.0742274611333132,0.042518374020353966,0.001174930967255384,0.03359635342065982,0.07181016390237514,0.28328045887255376,0.1229567908713449,0.2661990613953298,0.05411877021001618
0.12214602034602112,0.15163054595919534,0.04282424197177691,0.011451342078685802,0.13000745509557304,0.16315315560241586,0.06716152127156087,0.03818707024541151,0.1522401830937289,0.12119846433563079
0.21863669319288917,0.1729000742504754,0.08818793950832594,0.0922236081480015,0.11661403975371985,0.06281685817452183,0.11424977424954634,0.012132350996719877,0.06651650610333945,0.05572215562246061
0.08897193293238488,0.1626872098667616,0.01892244967401627,0.034809251996571665,0.11416851916548766,0.20417080640676816,0.001923465034282514,0.13576250887627908,0.1189043375956645,0.11967951845178373
0.06368010496018815,0.13245906169923938,0.042786147078762354,0.01124491631173656,0.02678224345546165,0.023000320339229333,0.1912745481246434,0.11216848861850166,0.18657537971457785,0.21002878969765973
0.05724447854144878,0.15628030139869456,0.004161602678325315,0.15214498994535997,0.13126269789880612,0.006496699450848028,0.09495550288060753,0.1494144035238427,0.17511718402061402,0.07292213966145293
0.10366944186340037,0.18895555986419652,0.11653321204223534,0.018401856215181693,0.1365845057983173,0.08698659792455372,0.1101754732603444,0.009051413086282614,0.037087894548615066,0.19255404539687293
0.10436249685546418,0.11729701039204529,0.12120027201265834,0.07893778072165435,0.1422321273617641,0.12229241616323276,0.12992964876084645,0.07547157514704737,0.10728415297255224,0.0009925196127349117
0.017518161940647873,0.14033586298239084,0.1985028087478019,0.20733136320535883,0.03761658856334268,0.13445978728964728,0.029151806021819788,0.14610168843799398,0.030672938220104758,0.05830899459089206
0.09634085342511181,0.06328760399706979,0.12230847993708052,0.10366200632251735,0.07570858235471215,0.07715065068357768,0.14813884414491027,0.16586478966665988,0.0733971657211982,0.07414102374716237
0.07070726010324707,0.08454318435970515,0.1210210976735585,0.1870668208632177,0.086841382435881,0.1436190696497405,0.05069939496534418,0.09048716359487236,0.08520674765882646,0.0798078786956071
0.09239059606224317,0.16096380328606608,0.008855741872473438,0.13440435489524338,0.17992121144984627,0.06384145160780899,0.11940486957269622,0.07066548590738177,0.1034440248314176,0.06610846051482303
0.12905329232308455,0.09334790524387764,0.15683903343979685,0.10948776822157458,0.04439903939349585,0.1359007103575277,0.11459811155772774,0.0990406265097593,0.033919143327454424,0.08341436962570142
0.05977148447917005,0.1725320127487306,0.0856850781437255,0.12033138251833024,0.0702856981880369,0.07995636629955166,0.03723493981273428,0.14324565593119323,0.08620020503097338,0.1447571768475541
0.05194714934439788,0.13589709691662763,0.10253349270276724,0.15405375362673293,0.010680498050076837,0.06343446753949444,0.021627878993687524,0.12853504719850076,0.16343453461077193,0.16785608101694277
0.036144243488207314,0.10781910456288331,0.055900061084889825,0.08893890911178333,0.11303122415973939,0.06895869888333667,0.28419647872912174,0.030554156546306062,0.13938346514467376,0.07507365828905875
0.11354601642406878,0.1618579309458545,0.07204195549369538,0.11116175257877638,0.04678952356221985,0.16739849369621068,0.10952740036372206,0.08280727248127416,0.09992670563014026,0.03494294882403784
0.00892066036528206,0.06647081223198997,0.21903539766788008,0.11943908125916398,0.09454689812529084,0.035273972589696945,0.25456871050631125,0.1407216216341336,0.022681566217112505,0.03834127940313871
0.16031037935467848,0.03515307155063701,0.05732544569840268,0.18792369432631806,0.07866358430964883,0.0259751970630445,0.04705413121701067,0.1608047393353161,0.11637041197145656,0.13041934517348724
0.11932604834579032,0.10736226895587951,0.13892497349058613,0.08677138421321115,0.09076486417322731,0.08465867373200694,0.08413569692300744,0.02069799616845271,0.09741625708490227,0.16994183691293627
0.01626735587472028,0.19658453151864239,0.06704581511186851,0.043431874727833254,0.01712099904280625,0.19004624032195017,0.17893954670910034,0.011093730217094854,0.21066915979962414,0.0688007466763598
0.022297872723269906,0.03041514852984649,0.10177357558093773,0.169579097697061,0.019032684892835,0.1770281513039758,0.15752049531011125,0.08613244009109008,0.048370310032418054,0.18785022383845468
0.1581244226551262,0.002045430850463671,0.14308097818520848,0.10293708478331842,0.12802118735904602,0.029747494687821983,0.17988088070422184,0.05014589839972777,0.14556974653761404,0.06044687583745138
0.18609579343195465,0.06505157521914247,0.09438725761601982,0.05172033640970416,0.1313236220933503,0.04287603693460551,0.10659841554998038,0.1380533920161802,0.08027812653576173,0.10361544419330071
0.024810595740867334,0.14058823200651613,0.09072637932708777,0.08360895028616372,0.14666301219032304,0.1518593243390942,0.08250547194269055,0.15004400665189435,0.054867326496986286,0.07432670101837655
0.020386673674095267,0.03761939577934502,0.1406074278002924,0.08529842594099853,0.1431022735208916,0.11829555910140269,0.15325064393759472,0.14012415933617658,0.08412388038707946,0.07719156052212367
0.15583802366091853,0.22852460698536867,0.11997221024203598,0.13620274738647853,0.10229090070105705,0.0377949548526772,0.025506302007403607,0.09068576968182886,0.00234037725656709,0.1008441072256645
0.057285143327089706,0.11901030213129328,0.12389530040174779,0.0008567860915688251,0.14591498692638374,0.05725803659111019,0.1516695383393844,0.1525294571325144,0.11423406863523805,0.07734638042366954
0.049441885347891734,0.09680980922913551,0.11513386149964336,0.03839614096847017,0.12687386140814663,0.06748281200131212,0.19607022279747902,0.0409695259732157,0.20086682879422477,0.06795505198048096
0.12692510697765214,0.1732348088623381,0.081843086202502,0.13169676703114916,0.012198700567286464,0.09389591837165644,0.07690706077047271,0.1764989738835272,0.0035343234659693554,0.12326525386744651
0.06986665882339875,0.018662371211351902,0.17435534991700313,0.06924412197678921,0.17510509840180566,0.03982911757181017,0.2299875602075434,0.01656660372666837,0.1930434057349069,0.013339712428722561
0.06742487253692979,0.07931601393795483,0.08637531245826516,0.0829488933392951,0.19708791344648846,0.05059637529453961,0.015251222693731536,0.08952868062496407,0.17682482471245634,0.15464589095537518
0.0009658641250377978,0.024708661872648797,0.11954773323108973,0.16454359350629721,0.07547385636159425,0.0532819439285901,0.1627331719317593,0.15464519157111192,0.10063785314166299,0.14346213033020805
0.12376978067803475,0.09126399538604021,0.07236736100237942,0.12222856814770429,0.09511844876483241,0.13283969114469726,0.10566607462132917,0.09139938003184976,0.10958059616078754,0.05576610406234533
0.19691329191996396,0.03985963468348504,0.14245342509994782,0.09788463629126594,0.08905152679567689,0.14039443715988328,0.05797884509736639,0.008830095659691166,0.1831732476602218,0.043460859632497684
0.10380088329664876,0.11531552873693689,0.08364322903114901,0.09019376572305202,0.13911856480305154,0.14166324823350132,0.00838255421768186,0.12221971275540246,0.04018111262957984,0.1554814005729963
0.19732055710951055,0.07371481514031669,0.12352231996382351,0.1384066771607115,0.01621984985555276,0.02770347264380865,0.13497304884266034,0.03647475543517011,0.09605060665988653,0.1556138971885595
0.21053455151242248,0.04788797605994377,0.1470469999393602,0.04491755863999236,0.05487567662483284,0.15867306234217393,0.09970641852572347,0.0032078412954941733,0.02703533466013487,0.20611458039992195
0.08964486587729455,0.07666994552269146,0.0792073109104874,0.08416351082853306,0.06126674395027416,0.12593400569958474,0.12262042997822914,0.14869004481162632,0.12950347908407805,0.08229966333720116
0.16008241321823738,0.0026126410987992545,0.17408707298652437,0.12990706707513008,0.0599153879475326,0.10137080254284062,0.12775807499549524,0.12402989850371947,0.014023123481130224,0.106213518150591
0.052689009438359996,0.05841093719429301,0.15470006602571484,0.06615358930190722,0.18955035481082003,0.010044689209459723,0.09083391166498171,0.002654636445404173,0.19315840731232622,0.18180439859673303
0.10299780060879042,0.1600128048142793,0.02278725117895865,0.06777293276433737,0.20253102438778844,0.10830707691115225,0.08068970228802613,0.14260518562642588,0.10634331854298923,0.005952902877252394
0.04663838997316778,0.03763831876054488,0.14940442823260214,0.1435942001527826,0.14072346681973605,0.12060267863114188,0.007202470376825496,0.2207061674268538,0.03487257373510316,0.09861730589124233
0.01689260375605712,0.12676508567876987,0.08468035675930032,0.1347966187650445,0.0899278036755048,0.08982752979642285,0.11764136076790437,0.07860796272577113,0.1351086028242529,0.12575207525097215
0.09117087711062483,0.04540633561204496,0.09063135642054732,0.055103060016481076,0.052534647021553825,0.0969355759817541,0.17774218560435875,0.07672159665584574,0.16482999475250099,0.14892437082428825
0.018107015920450602,0.14048399567436975,0.09791013581050564,0.06916400909560019,0.16533578725351566,0.11113673640479277,0.0821056641918695,0.16681144354570984,0.03312183643088404,0.11582337567230193
0.0655032020178911,0.025074773861136195,0.10574685092524247,0.09183920650798026,0.19337916130672891,0.0922828080141875,0.05859657158998183,0.1740162814013729,0.0027946904190923037,0.19076645395638642
0.026614035158536914,0.09244593586135336,0.071633561656199,0.019535738948605868,0.11028351748510058,0.1694720041799539,0.16730351983107802,0.2379578239641709,0.0656986530322927,0.03905520988270869
0.13323748716404274,0.15562308812894357,0.14698537050249816,0.1953974995484139,0.09977324894776576,0.010410639402665824,0.09239867624360873,0.10802385601524203,0.0027170073094344095,0.05543312673738487
0.048653460960964894,0.12203913738628151,0.10923782362916042,0.016393999466473474,0.11526181481811465,0.13054861593057257,0.12256405466388794,0.1779016260220103,0.07785855847679671,0.07954090864573746
0.20311651844038672,0.00833921351570897,0.035081229629139975,0.0993186902262988,0.13131692495980893,0.12273271194401539,0.0779952865351865,0.1770756870635941,0.11481715469764048,0.03020658298822034
0.16664775919821476,0.0930580066865104,0.04538836313212089,0.03745729804119115,0.0485158954076551,0.23609227390274287,0.09757766115276537,0.04828483580115541,0.18018045893668178,0.04679744774096215
0.1717686781817565,0.062447418087450926,0.08701533948908655,0.08186181158698802,0.12763102483233316,0.11796691378451557,0.10627082405695157,0.1593674573247638,0.002103816898984253,0.08356671575716966
0.0016015548051288833,0.13188494199126105,0.1649256347326958,0.006597212321570877,0.047884065233488614,0.13376550483430252,0.10623499042562026,0.18905048357980536,0.1961726616738384,0.021882950402288336
0.13303879043666558,0.10501008104350955,0.151019369906759,0.1193712343966386,0.17852807862411652,0.12631371759315388,0.01341524354046621,0.005398891606018299,0.056461632286287006,0.1114429605663854
0.11187928163018515,0.00593502747611038,0.13578402743845036,0.10359359048827328,0.1929399538985017,0.01749592964258205,0.104245605535315,0.16494928115699625,0.014312377509225009,0.14886492522436076
0.15071586729635894,0.12004257910833398,0.078237627459353,0.15260711952891842,0.07916575120365138,0.02342851853561512,0.12315965454221124,0.08037866624010655,0.07795972601193417,0.11430449007351737
0.016935451608444518,0.16450571206828388,0.08463339518259932,0.14773940875682573,0.08550408274746323,0.1033655599980045,0.10290864926546736,0.04440624204326171,0.09389582552790503,0.1561056728017446
0.07319358675473377,0.07153771858149911,0.025371807748277637,0.18992950051104254,0.0020375827260486396,0.00947448753565667,0.131430056920659,0.17775527045246045,0.03628330733119268,0.2829866814384295
0.05679700762733276,0.08432775690954247,0.0793843694174627,0.09785870887506688,0.11990566411918935,0.13610549414050313,0.03730873784552133,0.12799829317527012,0.11913926233403607,0.1411747055560752
0.1467114564862458,0.20680726344753272,0.2070903753298795,0.015216413482055149,0.000971948324651935,0.18106206115504406,0.026020526295505466,0.2046234849851308,0.0024696917926055524,0.009026778701348935
0.1411853705459146,0.03328307175424552,0.009364947250056413,0.019569615396175136,0.11971582037603662,0.0676528135018047,0.15809526007806493,0.12770587168669373,0.17807186427725363,0.1453553651337549
0.1488199066361314,0.10356799825196934,0.12999769000326947,0.05134858622219153,0.16544344371982864,0.0028141742931550896,0.12450977794259889,0.18111613958496223,0.07859450628766733,0.013787777058226258
0.0014974166300311868,0.10516442457669903,0.10877225539900522,0.15521067120725257,0.17014656312924945,0.1177041551731693,0.05113609261960439,0.008665889468190965,0.16261064552828952,0.11909188626850853
0.009516635244842116,0.11754750854450972,0.06064713431698645,0.10939950381173986,0.053920425441128246,0.11078522032961,0.1556843623478091,0.13524061314104494,0.12601193526946416,0.12124666155286543
0.20810640893226293,0.07236718981261545,0.08697549837244517,0.06906853315098518,0.020635160467388024,0.08291223024787882,0.09558820220751696,0.06659935549966137,0.11311376908602572,0.18463365222322028
0.029016365819853864,0.1728706880596638,0.16734860910489519,0.09922248576229872,0.11931585625152336,0.08363871869284735,0.12934593868706493,0.08359793949594431,0.10903330738705089,0.006610090738857623
0.02417111392416293,0.00760267616453738,0.16828482422282343,0.046272927980880084,0.08534271243584371,0.19582390946732936,0.13826402064704674,0.10031127522479623,0.10048014936563959,0.13344639056694055
0.07711767134402857,0.047007783090892236,0.19215382850776772,0.02592890480510678,0.09864738960460455,0.07112825461370101,0.20954207195686655,0.034799420419468464,0.13076996197358995,0.11290471368397405
0.12660480774837551,0.07754500960902404,0.052662491747429846,0.10249674929398433,0.17246798941702757,0.02744186789823868,0.12252696650984317,0.19823508211441723,0.08425629581851575,0.03576273984314374
0.3194617125111553,0.02040928859493819,0.031167039429962354,0.03362983123307867,0.11162016633639593,0.28054059960280675,0.029759736085404165,0.02148930777813061,0.08435852518032044,0.06756379324780759
