i = 0,i = 1,i = 2,i = 3,i = 4,i = 5,i = 6,i = 7,i = 8,i = 9
0.028097254950804368,0.04348429839134477,0.07121898194180998,0.11038710887723084,0.13889198844112585,0.21918451136131892,0.0024421652567639604,0.11497279989349321,0.23940961952273512,0.03191127136337293
0.08326971710111128,0.20869976755192995,0.034542783507049916,0.06837616841478829,0.034476449914930124,0.17014266867917263,0.09037887074136368,0.20454345542191965,0.058873272686124536,0.046696845981610086
0.18752160157803188,0.04456449256452169,0.23643875474019596,0.011705273123357627,0.0438457123925333,0.059240482975206406,0.08644528832712495,0.11265167074493995,0.21532135224305093,0.0022653713110374605
0.09536756255670005,0.15859323407159556,0.1723207090634243,0.037441061963057215,0.06614160548927762,0.02871060089735343,0.06832515096501927,0.1257824191194979,0.13820216468681393,0.10911549118726076
0.05651500021993457,0.05531253847141968,0.151364473176544,0.011397618790867297,0.1605313465667928,0.1452553574775989,0.02353999779317041,0.11534488674554165,0.12202208182585284,0.15871669893227794
0.051700935683409915,0.08804912879748716,0.13124527761654672,0.10125526586266645,0.15062843480674862,0.037326117103911975,0.04618875539119896,0.1071367565891033,0.13897368691509465,0.1474956412338322
0.11909081526315546,0.13990253393393134,0.006480887161680852,0.02872172385483031,0.09935924462128189,0.12355483142931246,0.12209208619262436,0.11460360187548457,0.0999303348302518,0.14626394083744695
0.24939130508159532,0.0748504044176143,0.1116117830190923,0.13486922133201013,0.08167265406775988,0.002534106559141329,0.0667647080443625,0.18326010472608423,0.05335948310626821,0.04168622964607178
0.12665181664160371,0.08239325486336765,0.07038718714580834,0.08070645553472457,0.15437175804695508,0.14421945978672165,0.136342758872538,0.09724358042751256,0.058979967394364646,0.04870376128640372
0.013751134330259387,0.016241017955206653,0.1634952552424671,0.12016287855264726,0.19299660297116122,0.07757044631641014,0.07787468129724082,0.20579289852723395,0.08744908948279166,0.04466599532458179
0.002732889410036663,0.10270374856438068,0.025364398293755423,0.13937328816511615,0.2227413089162367,0.14978067676524146,0.18870354266756925,0.06132572995772925,0.018385836191005617,0.08888858106892876
0.050093878728237874,0.0027763133738168337,0.20124697351406037,0.11206349728612365,0.08593634417424181,0.08110942613778183,0.1544427543555246,0.15713964605315392,0.12554418390823271,0.02964698246882648
0.03550012056516136,0.12468069355722487,0.12056472390019272,0.0337618409487098,0.0028994960958353554,0.13762578585032395,0.1614832496380938,0.05423872564485248,0.18201899064660043,0.14722637315300524
0.02588559386442706,0.11853889011022464,0.0022830579588521836,0.012800070009781242,0.1842278692941562,0.13575242745592594,0.1411390095954488,0.09497418088189873,0.09138855346697934,0.1930103473623058
0.059341096716846786,0.09108886779076528,0.17949274011465927,0.0008590317907523973,0.09093215616083748,0.08872071861624393,0.013198210852713037,0.15674590542830108,0.12486711145781744,0.1947541610710633
0.09243927648384381,0.16884741517491927,0.1182892788870067,0.004446565226904241,0.11342429174119882,0.17784228581867836,0.12579435588829363,0.05588515605579302,0.07059591495431113,0.07243545976905115
0.012658220101279786,0.12169348722546063,0.029264989483947082,0.15963384457578744,0.12292541187843388,0.15087351562123208,0.09165072685593414,0.07399255213399471,0.05182245224175099,0.18548479988217925
0.0046815845907166725,0.06800953364182727,0.1625942454571967,0.14939439263232016,0.17327258619733882,0.03539633358288186,0.11007829329031335,0.02723797748603185,0.14157442659226527,0.12776062652910808
0.01574197689440115,0.19556797772864898,0.08080696216370603,0.0043100839929420915,0.05218086169886668,0.18670498668152843,0.19518312764343576,0.16151467823562912,0.0702183474404024,0.037770997520439505
0.08252070093870205,0.06245853153256723,0.1231347634636689,0.14882700567063523,0.14517563455215035,0.1259461411886759,0.052310378723341364,0.0547699786700553,0.08146833965277116,0.12338852560743255
0.07597597896942898,0.1502172578167139,0.14899829950296123,0.04296492787546144,0.14453241268375933,0.019462043835491532,0.12973232310838162,0.022509532300401397,0.12334458848006323,0.1422626354273375
0.10923565512231777,0.17147982298537306,0.059145491589943894,0.08267351502774103,0.012765722502095641,0.14488787875051076,0.07754744202056496,0.05045936663551762,0.18495214715120872,0.10685295821472664
0.1405338502725338,0.012112739114563155,0.11289289217814727,0.029927468811484868,0.05098961858887564,0.04582000669715269,0.14075079829836967,0.17717668260308367,0.13567330856494528,0.15412263487084393
0.029064610677909615,0.02556108122700889,0.2339056697084632,0.0629025865096839,0.1504087491149816,0.10052452685256956,0.09233446520788789,0.08398775277812624,0.008658011274573038,0.21265254664879601
0.18699469170091088,0.152217624254464,0.07584424375801538,0.25183356482968383,0.0815255602406458,0.05941458241643967,0.02807041452185256,0.08919169391935504,0.008504599992714029,0.06640302436591876
0.12882360229593878,0.15096439689591695,0.15997728074464576,0.01510801565619186,0.1834313129517639,0.10802544113997292,0.00877664718883749,0.021702058678421732,0.09490719328068448,0.12828405116762623
0.0774942856626145,0.12004317860724267,0.1433394638110522,0.024411573742495328,0.06560650560717433,0.021678446032700634,0.17669630717671095,0.20225590372234614,0.1550950263107684,0.013379309326894984
0.07270508300987868,0.027098398494301075,0.08493725227287144,0.08900004339828459,0.09634594187006106,0.183999251446031,0.061058446832046386,0.15654955885335933,0.18897240870935042,0.03933361511381612
0.04649206693073436,0.09997099241632515,0.12945487372161765,0.14489846807403656,0.07412934970278426,0.03131501523928236,0.1907355520846984,0.15222088037295842,0.12901739186043365,0.0017654095971291366
0.037047598553754627,0.06159999399725024,0.09303937012419752,0.07077645385215836,0.057037623336375035,0.12727342449517762,0.10820467418412903,0.16293806245783604,0.12036974394675623,0.1617130550523653
0.10696042697232015,0.1330352856530506,0.08878206979493841,0.04345771354507089,0.13481422841788598,0.1061030799945234,0.1101077673268617,0.05517265532785735,0.10911553713396673,0.11245123583352483
0.005621621427536213,0.18512754185162403,0.03628188168374438,0.14006701692985787,0.0939034702968678,0.14986413232514964,0.08595068683382943,0.05096638718567144,0.10514001941949568,0.14707724204622352
0.07972918130363135,0.1503042912461387,0.14987245252010034,0.10916861394515974,0.10895177558711937,0.1392224019386873,0.05406518874346956,0.05959415137621719,0.018453967909410774,0.13063797543006556
0.09410252557805779,0.07079835400771725,0.21118311098256834,0.28345165339164097,0.063693186288233,0.06678336745626536,0.014949826695001752,0.05097634594916786,0.013493947622585602,0.13056768202876212
0.12230153498780857,0.08522827595551909,0.07312900712598504,0.08447944595974023,0.14503190857819634,0.1735725394704885,0.10376838716825844,0.045973573819283034,0.15771606396388482,0.008799262970835895
0.03603933486136788,0.1889245332932698,0.10464934006870424,0.03253270329853372,0.1939379602825249,0.07826313401444994,0.17350946606648043,0.16166062100707307,0.015228210735242888,0.015254696372353046
0.13807532812419337,0.021079699141320556,0.08588595937913818,0.12063653892098962,0.0946751500299669,0.10239662398431854,0.1376032332451531,0.04145857767205742,0.10076941750519551,0.1574194719976668
0.0033009073382600737,0.21539204116032173,0.05486287544614124,0.05519447212170639,0.07829386022159857,0.001443062532005176,0.096286727178166,0.10699176645126547,0.2563235820124586,0.1319107055380768
0.1420880033721772,0.111343118787143,0.12938183047012472,0.07119851064650491,0.11689666257353744,0.007898872733038976,0.03778951570363356,0.12394065885026682,0.13274010056592878,0.1267227262976445
0.17123121146288317,0.1080034091988763,0.023202712231538896,0.18182088309290578,0.017223551974758673,0.029671466395605868,0.12266401533308603,0.16219405270146042,0.007912634169868076,0.17607606343901686
0.05930996452393564,0.07543573172594648,0.1266323444678193,0.03217162729153345,0.14971234810903172,0.06968688766667692,0.159199343404082,0.09671616857946348,0.10153599236563017,0.12959959186588071
0.09540176430419106,0.15491676909651822,0.16037870782767,0.12726852098929656,0.0156336079743634,0.0173573294298066,0.06683910588713844,0.15375184728675087,0.14323870961586416,0.06521363758840074
0.13865961131381804,0.011298194817219736,0.08163532195754951,0.19506449254423144,0.012189214103879856,0.13862764935437827,0.15871958164450253,0.06479024473635553,0.1274030179179783,0.07161267161008676
0.15254788390936,0.07529574218030204,0.10190307640952755,0.1131889058132651,0.02650476466256206,0.11594883255444563,0.1229332456931171,0.01610172451874626,0.09911729581851225,0.17645852844016213
0.22231923095738906,0.06092074450014543,0.05184915648723744,0.2575637915738904,0.030309888599504297,0.03288540623978904,0.09066034827836231,0.0984970448445038,0.15471469083270786,0.0002796976864703172
0.09105868505744426,0.14909811671437312,0.046613469480928385,0.16646314296318446,0.044670136185394296,0.04605544542086918,0.11640705129143346,0.08862924353340836,0.13405357685254055,0.11695113250042401
0.12120193980498056,0.09083380815582374,0.0368890187685227,0.10293679652711402,0.06628546115982105,0.09301927462289893,0.1190060528149808,0.08034238041167496,0.17231678249595317,0.11716848523823008
0.1159858333618666,0.12163743916220043,0.11459148851251445,0.04862505895263624,0.08255796842522818,0.07846254284352489,0.11511566802974059,0.10847344402936636,0.08693686591253605,0.1276136907703863
0.08431188335762137,0.11735080294499041,0.1621788714703587,0.10949867850415902,0.020504665484102742,0.16066805230906003,0.014289229491026277,0.0575334066204251,0.13787096153573775,0.13579344828251866
0.11380002264962079,0.11156756524868292,0.06615428264303677,0.04965684324614085,0.15206901884334348,0.08030987718295277,0.09711958552572297,0.09138582190245086,0.10346212494441812,0.1344748578136305
0.14602784847781913,0.0456189909993003,0.06285965919883849,4.8002880524727525e-05,0.12345568140109714,0.05952874502627184,0.15728989116876047,0.15956990606475754,0.1341785291406141,0.11142274564201633
0.028514276396221245,0.0895839333017682,0.129106087648069,0.09741695262304359,0.13899694254157957,0.11628472257505336,0.04964120636802401,0.18114064282216807,0.060889581791025806,0.10842565393304705
0.046203527098557656,0.18641127005979252,0.1674433527560752,0.03179050843692537,0.19590526341592188,0.12423350056363974,0.12137034740508632,0.05900313949931418,0.011252558385388203,0.05638653237929877
0.11830585787249205,0.05205307136109057,0.11167691138380353,0.05576209646312408,0.013464101663136338,0.18796462061070193,0.16852900603856855,0.17523491071698769,0.04171314460304879,0.07529627928704631
0.14534425059173461,0.12206708427022209,0.061971148275859006,0.15092125205211476,0.034813567539867495,0.14893499955695338,0.12349867252459011,0.008708868895227559,0.1507416695525717,0.05299848674085926
0.1611086381993888,0.15868650444523152,0.0847638530553434,0.07411775831219564,0.12494269121861266,0.02563452544911444,0.06186380457395574,0.1466630567861128,0.13643738952566037,0.02578177843438472
0.15031748206957074,0.14560293235698532,0.026311106896043258,0.12326012185178405,0.1700701302710469,0.04315987462864641,0.0028765900351528377,0.13039707309952908,0.10001664032062008,0.10798804847062134
0.05965112701485465,0.10199069940106431,0.037192431395023824,0.02261423668087496,0.031595865418709394,0.09837252561427559,0.176436505846788,0.1988823230635577,0.06341194081074136,0.20985234475411024
0.017157536514522332,0.13842836238457762,0.15883426956885657,0.14171323368193686,0.15961699523989092,0.0684316400745727,0.016318674025547115,0.022737293437438064,0.11714242903387094,0.15961956603878708
0.07045587700565539,0.0921908397548056,0.1562831786206152,0.0693149695426975,0.07470977341729647,0.16939846984786852,0.02890060108280811,0.18284638066859688,0.1464095679118271,0.009490342147829236
0.05163151520528399,0.07043074640239831,0.1570624886208431,0.00011661860134784182,0.11984685846064352,0.05100622047679343,0.1701252819152235,0.14717508599891993,0.2308417427669704,0.0017634415515758904
0.12200277035574866,0.11632405595085737,0.1374252128052776,0.11667302482978671,0.15062355729770113,0.031234938974201217,0.1382489045029741,0.13006640425051919,0.04924131012884041,0.008159820904093748
0.11939565964887261,0.12405859349268854,0.08993258814076788,0.022188992581064673,0.23962455209397246,0.002098424778761798,0.18858540130838286,0.04416382818033988,0.03900863246238883,0.13094332731276048
0.05762925508795069,0.16170702025176284,0.0800883912852775,0.12367648223648155,0.020791573695189264,0.08009835050182909,0.17258176866046626,0.18215575143416732,0.03754219611172832,0.08372921073514702
0.037023545984783246,0.0343623724773819,0.11156341069972982,0.08645771972724296,0.10504743048096127,0.1344328353031314,0.13935678546514155,0.05454969598644751,0.1383640269267393,0.158842176948441
0.09792482619333584,0.05952696852601751,0.05489683227993703,0.03214292216186184,0.17242712740134017,0.07753436274326483,0.17358013696623167,0.030768279655316838,0.21388244830835176,0.08731609576434246
0.0006381783077446903,0.03982127307767705,0.10521362763351796,0.0607377543841306,0.2036668289390385,0.212743594171219,0.20328361923102797,0.06017718583174229,0.04238432196020033,0.0713336164637016
0.14439106805484625,0.09635249252397583,0.1999455110396811,0.056300706686571694,0.12093212070019775,0.010093455330560323,0.07428551813260252,0.016972400794560815,0.13989319065106556,0.14083353608593813
0.021705013263299922,0.1099711558060056,0.13428109108693062,0.04904997901706529,0.14361398657620764,0.06601918371452373,0.160638363128501,0.18483719930748446,0.06413005149765899,0.06575397660232292
0.0011426140108671328,0.07548453704438675,0.19025870487176075,0.05279940321629815,0.18330418186747088,0.0343176099753,0.17994144793163788,0.051175946397685426,0.04870787285728723,0.18286768182730592
0.1294887800673965,0.08957278375296036,0.15799489016949045,0.15145477231988586,0.06797122356050307,0.03302105360717317,0.16394717621382582,0.10380981287629507,0.05380933806334122,0.04893016936912862
0.022356216234732315,0.10572696988926321,0.18646721329776766,0.05378035610411456,0.036079146476343256,0.24009917123741523,0.03193000565234252,0.05634667918337219,0.11858252516804207,0.1486317167566071
0.19212804607640954,0.010462140710730712,0.02662397283773057,0.01038197932126217,0.21319384418393705,0.17372884241525693,0.19090210489289156,0.004108679748528372,0.05689678854325814,0.12157360126999489
0.12250583509959705,0.15863902423032902,0.02216029344222791,0.21006355208103702,0.1085589098928284,0.13467097007657558,0.02877349661160117,0.09242644317755223,0.002522594695900421,0.11967888069235122
0.051816821609698686,0.13996740295535562,0.04724646165731152,0.13944075237100476,0.060425686160280635,0.1344302245654811,0.22527107712195193,0.08369306612254579,0.02113220557078249,0.09657630186558744
0.03167718692384959,0.16723082953744628,0.1011750112805339,0.02206289395989658,0.13492238406390727,0.16229569153606746,0.07588831523642198,0.06108940751982203,0.060649672651846794,0.18300860729020813
0.04902264692471229,0.022811021514624646,0.08514324279500475,0.08812036579507082,0.18964214901118495,9.283980784907084e-05,0.1217750323565746,0.030097342459760177,0.19314983614449832,0.22014552319072056
0.08315497037970129,0.06297590988827725,0.13189711350572184,0.015656443293378362,0.16725763315769218,0.1605941792949202,0.06212151091385128,0.163745381759598,0.08246851951549283,0.07012833829136685
0.1185511341656739,0.16049601353528767,0.07444967199138837,0.11965006851786307,0.07280139231673108,0.22177549624317144,0.13488435524729975,0.021928689850147468,0.05026093830626773,0.025202239826169637
0.11190903948734986,0.015748099272747534,0.009196974202813308,0.1452298102460283,0.12535925228327918,0.1602341508562279,0.1278574472619792,0.06343835653657398,0.09274818169738297,0.14827868815561768
0.08180993608824748,0.14123158196277766,0.14240443974413045,0.04207244264166152,0.15238531905032177,0.12094126835731378,0.045211714990315545,0.10430770262978549,0.15585034902029007,0.013785245515156152
0.013616721039702252,0.18539692324661108,0.059167961787986126,0.08292567803480834,0.0942552596407,0.1424300518005874,0.029018804205231837,0.16354302162594336,0.10637965411777986,0.12326592450064991
0.1426332462504188,0.11216365310804462,0.03835736874189458,0.06459619050331585,0.08265115068410447,0.12283461036807769,0.08806781111294093,0.13163749207511413,0.13739420131696597,0.07966427583912274
0.1896226282915094,0.09025906977467343,0.15791587131421986,0.18265973327346202,0.01733033365018904,0.10204213328613893,0.09537746911167817,0.05487435928457389,0.017312999903479124,0.09260540211007612
0.1051773024768593,0.022747168430581773,0.129624837036935,0.12387542910786738,0.002173608752147514,0.12938845012375197,0.14846202401602868,0.11702084491356113,0.1574758572398503,0.06405447790241717
0.11195145801150432,0.1426255539865445,0.11337544841555092,0.09591045583647344,0.07457465645080784,0.20167466045616175,0.16230756350028935,0.06842807053280772,0.01901442661048278,0.010137706199377393
0.1691787838266915,0.015895970607227635,0.044116199014944756,0.13140335257069372,0.17192594939777203,0.18175808103119767,0.0409965224044797,0.0326653936076633,0.04594695547701584,0.16611279206231383
0.14420521111327167,0.09120481653147215,0.07255797574338557,0.16567522815383853,0.05775653508629091,0.17063751150515502,0.1630151847467246,0.10354991500836755,0.008024138572860154,0.023373483538633853
0.09722702926687622,0.08201330327881862,0.09165746812065564,0.11454497759992525,0.09338822590773407,0.15047489091151303,0.11180102600105393,0.15162053154850497,0.09044116363749159,0.01683138372742666
0.07803793022862039,0.09812054299910283,0.00961470443693273,0.15707211917411268,0.034569787396800014,0.09374795215048157,0.050592542813977695,0.18192509145808533,0.1373894311495895,0.15892989819229722
0.1953658584446034,0.21140567987887326,0.15568416792803955,0.10257932711133802,0.010904139505245035,0.008932567581772917,0.018450335296593203,0.016485749770455187,0.07258065037791037,0.20761152410516914
0.015850405017653196,0.025955990212153935,0.13038334011620004,0.14127515244008276,0.014955665809777287,0.1296561493194343,0.13540674415809062,0.09822041820851304,0.12829897879506197,0.1799971559230329
0.129772859576776,0.11720905686301349,0.08816683455112545,0.12156506485986016,0.06599513778184109,0.029662455582633897,0.14539433734289642,0.09524832549412145,0.13518669418072368,0.07179923376700842
0.048239350972847754,0.1498623708386387,0.15073183733339773,0.01736357072766672,0.045645061575856787,0.21683495307745895,0.10138943338948853,0.05993099204992314,0.094089059359724,0.11591337067499756
0.10316081359555034,0.15162977312925668,0.08795772805237373,0.0921832183842628,0.05879950293458948,0.13956625943194856,0.15013507972533852,0.12223217161448219,0.08789065811835449,0.006444795013843155
0.01821086635187477,0.1444842488647642,0.07007459506734018,0.09653473273711359,0.050409604316730534,0.10496708412628224,0.16053761456419513,0.09360407933690629,0.09575999338506676,0.16541718124972626
0.09698242775245391,0.23187825265924153,0.05825915107572028,0.07124789114229708,0.17866200166971039,0.11705007765745849,0.07000852932417548,0.1255475360839732,0.024826328540838303,0.025537804094131353
0.13798161512968218,0.1608363721096209,0.12440270219022724,0.02999170936441231,0.058795689229991836,0.1216231395002113,0.02178557671140772,0.16738089055416103,0.13973853194693042,0.037463773263354955
0.10557078677933997,0.14037796040631104,0.08704408308741456,0.14951941187025677,0.06615073480312318,0.11035849638149701,0.008221470810619328,0.11275796734743364,0.09093060146066514,0.12906848705333937
0.2125850374251767,0.2014331636161075,0.16952313814652917,0.06066086982539346,0.015699609874055408,0.09151979593341956,0.00949176331958116,0.1133246516814577,0.035891608697812646,0.08987036148046657
0.13566872764189852,0.024398750505205187,0.03388687177002681,0.11433495299733072,0.1537182098309269,0.18346933313075472,0.16784755275658328,0.023487949030271037,0.14057130697274423,0.02261634536425837
0.0958112759016973,0.14149567515755254,0.20322751421005728,0.10463194874897094,0.0005931491350034107,0.042861996847555546,0.11243385742808584,0.024100907821969438,0.16427563172344686,0.11056804302566091
0.24828955005198702,0.17151094348693954,0.1024556646092631,0.00226523546504382,0.08912592534580788,0.0018154009915628154,0.03540361722376355,0.23228335720264345,0.09222749482596763,0.024622810797021125
0.12573078510717567,0.03963202170529401,0.18820688981615927,0.0165660380772804,0.038837450570451605,0.2027172179199801,0.09108272526648055,0.1960180607784779,0.05890980914743092,0.04229900161126972
0.13100568437530244,0.1532554449011166,0.004609391216395171,0.061718016031527066,0.05413157686484817,0.08801032569627694,0.1016753924680776,0.13965537164336514,0.08327704006434862,0.18266175673874233
0.0047311315475700244,0.08486211468054934,0.09524616355393417,0.15478075982152045,0.16848771983946415,0.024064715267822247,0.0769920306979199,0.10602579071857186,0.0711180285099127,0.21369154536273527
0.16557289206750986,0.042538507217402384,0.13336608777585332,0.14144176152611299,0.04768060359358259,0.012883659183614827,0.1096944280078346,0.1649939979549327,0.10184719908275038,0.07998086359040649
0.04200067992772978,0.07152792544148204,0.2943168935901836,0.09909384919306709,0.09011745678831218,0.06941804809364464,0.030792290413300193,0.05804390521490876,0.12061529322546774,0.12407365811190395
0.07120900541670552,0.1643188133983692,0.18156323242288822,0.018876670766277002,0.04166970644216919,0.041432020348981066,0.07695914502772436,0.22670178870772784,0.11875005477106162,0.058519562698095995
0.08566501300860142,0.10350848477698439,0.07752517561097483,0.15307649923514605,0.10086882590467276,0.1506528253957326,0.025150123113578317,0.07625097080974033,0.1363043930731531,0.09099768907141623
0.15664334559453189,0.027314535564674624,0.028155961804455374,0.09653276682097363,0.13707139208848537,0.057071272464097385,0.1244385579028747,0.18152916102628794,0.13799991178780963,0.053243094945809456
0.06458617168722179,0.2918051104923276,0.022515787911157832,0.0200465198020835,0.02981476709623879,0.013161437294436596,0.2890850007748902,0.06604511248705748,0.06493658239050283,0.13800351006408326
0.012666885931163432,0.3133796927457843,0.023041056327509107,0.015572141767089,0.19075036317667096,0.08659419566238355,0.10752174783963128,0.15791884191916908,0.06427684944495904,0.028278225185640042
0.11005043543079344,0.13563056267494794,0.1500208241608896,0.06889715536513526,0.09401364932914526,0.1287702801781921,0.006018079988131948,0.0938871474450223,0.0972517223909345,0.11546014303680768
0.11601376886370066,0.09266937038522172,0.08391560537116441,0.11992094636388217,0.12563867393975423,0.10429773434780212,0.0528694602350489,0.2560004807958748,0.03633047000322856,0.012343489694322507
0.1968615624543018,0.015752457645766205,0.01732963780157973,0.17989867593203343,0.18524000068382673,0.0027446255340378613,0.05124014605573879,0.18917074118972735,0.15584148303609427,0.005920669666893822
0.1149034333188423,0.08909077136034402,0.004168268863801648,0.03767542558435604,0.08788685206689653,0.07428173179485818,0.15441366257405906,0.21373613983379064,0.0549149006791713,0.1689288139238804
0.031091131259638635,0.16048011873443882,0.1832151619204615,0.04565216455042445,0.05084097027169801,0.07904799885521724,0.016063601580160607,0.09186665290509727,0.15696778978554912,0.18477441013731427
0.11651890454985549,0.04283217804311005,0.13712320269471046,0.10110388731335827,0.07082230698294775,0.1703781821377526,0.02091176557781784,0.028799622903140296,0.15041320152380477,0.1610967482735025
0.04450512261145147,0.1620658788178871,0.006834806116779774,0.17964295451914958,0.1276211499296636,0.07120145598351887,0.07160759009671488,0.16882469128542976,0.07938373011774423,0.08831262052166075
0.05302900644944645,0.02564955331695614,0.13217648752361508,0.11123493406933273,0.14442316056220297,0.1681341341484409,0.10847445953337688,0.009973937997325686,0.17300284121320672,0.07390148518609665
0.08228828236904667,0.07904778858630479,0.03910047319784876,0.04553362187077293,0.04524316038665352,0.060760787390397364,0.17038434480183723,0.25616858485445465,0.0274382707053748,0.19403468583730923
0.11945308701658915,0.0028879997788980767,0.11742995556702868,0.15842520378141361,0.012129591971386026,0.17433074919952754,0.059318722787804576,0.03584344374095564,0.16792029954664286,0.1522609466097538
0.06144483578516817,0.06184952425068585,0.14335694187731932,0.12636533239667916,0.07554487626271741,0.08992961959144612,0.06292743714422272,0.11018055183663228,0.174523801952291,0.093877078902838
0.04446072493355677,0.055505730562786446,0.02305868182148555,0.16397384772578547,0.18776785754670014,0.108272649454785,0.11201205364199988,0.10728490797539117,0.18230580423206352,0.015357742105445897
0.11455012469888369,0.1509265983658978,0.054572819607831516,0.03877085238507152,0.012491614653260586,0.2294172787554931,0.06992438963987414,0.23638233878365042,0.04068005298773757,0.05228393012229965
0.10987949302332942,0.09924689081375762,0.13968381960092321,0.013903751485390968,0.06859529571058133,0.20682720015472583,0.19575833354460692,0.029605551533224885,0.02546142470656394,0.1110382394268961
0.03149508167754913,0.22204895489032012,0.07786776044415251,0.10083776589746835,0.024235365206159203,0.01400060574975431,0.25032228771992215,0.032975124963598765,0.1691770082785508,0.07704004517252462
0.15339656610453636,0.00482327179062532,0.020617352380871812,0.1097038743643396,0.12062582587798068,0.07209238601921165,0.13994407256394534,0.2334562459934757,0.0017006103612438334,0.1436397945437697
0.14129229586757594,0.040460896952304086,0.13572956640301923,0.020558043587482092,0.14189351562314373,0.08871257440903692,0.1167977525581444,0.16163101783557324,0.11528775564836587,0.037636581115354374
0.13454698184401204,0.035338559570787735,0.23457744391217075,0.06984972610693006,0.21053549041261627,0.03886919056888641,0.011889698881084024,0.002902158823508703,0.02515884815016772,0.23633190172983634
0.1514998472501105,0.11063129486761224,0.03805273408118572,0.11643891388945615,0.03625284835836657,0.0757941066005833,0.15055745280083144,0.06519131754965367,0.17373519755078398,0.08184628705141642
0.18239558859883379,0.14765260160709356,0.09183263904076254,0.14763820101653916,0.06848836078005631,0.17202018668870078,0.024721125854299846,0.013133864193246638,0.044748198560875516,0.10736923365959174
0.09631612228123558,0.14620295901905486,0.08701946195323719,0.13000189905305187,0.13669957107465977,0.14611686222106957,0.0726219299669373,0.06681837851952255,0.002310441907321775,0.1158923740039097
0.02362807497475586,0.18633520777802523,0.053783299059501896,0.19693382128971726,0.13450651781754835,0.056579791351563574,0.011255843755926673,0.19584215916861594,0.13244593588002765,0.008689348924317424
0.1258388853162135,0.0022643342905278477,0.08819018435467124,0.004418469391821077,0.1363558248754227,0.06122621703517708,0.15893062169372832,0.13840154683527114,0.13866300409385593,0.14571091211331116
0.1605263157988626,0.11815360709600922,0.15027442946146288,0.12003754365424137,0.10242106594171532,0.04187046109242515,0.012953951398392156,0.12380260120566525,0.036789276253974566,0.13317074809725138
0.08384869428038984,0.10748684433753346,0.07601371852276852,0.06392041607822413,0.09775004159609263,0.11001328085353913,0.012551501212752903,0.13366654849017562,0.19105470420685983,0.123694250421664
0.016569276220086453,0.10961092104159176,0.1376414201510834,0.07482699783699222,0.2625931937372152,0.12994717431560246,0.04779708131961128,0.17429025092664743,0.012309513961272046,0.034414170489897776
0.026013677479570837,0.12050856054057549,0.18711303451844233,0.2130238368088558,0.08754817510443322,0.14498643801225441,0.12700463765798167,0.023281978590331247,0.02882087794775215,0.041698783339802904
0.0808167241168757,0.16040346169789535,0.056960765573983344,0.12100346810446005,0.049309760973961614,0.1091776249886549,0.07235620728246409,0.046686974242277426,0.14857335784390505,0.15471165517552268
0.03671065367993126,0.10624566075156096,0.006049091650191219,0.11022780827142334,0.13600666335445005,0.19315571123655348,0.012792683594850487,0.09884036989656532,0.17377911129097934,0.12619224627349468
0.0495504049783131,0.18165988161706367,0.02890077464848598,0.007685915904942971,0.05124919509676361,0.09532515776015243,0.18722737318979213,0.18484542031191561,0.017943754481878692,0.19561212201069186
0.10540901786110021,0.09086117431344477,0.1325337225792473,0.11904927238468983,0.021940959872449164,0.12264751874995293,0.10468631229976029,0.07879011066144836,0.12064225707272527,0.10343965420518184
0.10647517571054602,0.12771634758678993,0.14002616943402293,0.1449456120013734,0.1487327471627703,0.015012419742400817,0.012731011865442033,0.0524722875023884,0.11465498941464394,0.13723323957962222
0.043621335125225855,0.15877117105242644,0.16812899641718188,0.12870602489284608,0.09697292110662781,0.12657451196689296,0.1558963969618532,0.043943925001738715,0.027451028194746947,0.04993368928046007
0.021422566973408785,0.025681654867359356,0.23122174996815398,0.10339329879517198,0.016211375349359788,0.15685296902301635,0.0433897868804363,0.09791104665689353,0.09207774814709145,0.21183780333910843
0.00961291530786895,0.11541764658274756,0.034501967263269345,0.17666713576721296,0.1169209696196351,0.17427229440010222,0.08148155367580436,0.004343053448369262,0.09644695346420569,0.19033551047078448
0.053778344952989714,0.07992218755787574,0.01648719187685329,0.20045706835309235,0.1137234121721072,0.13928822041729635,0.1281944847286085,0.07660113657218066,0.12277017702646209,0.06877777634253414
0.09851119883677137,0.044604774355069224,0.07181250943740144,0.03533289663684437,0.1618270975609551,0.07514409788855467,0.10269507853580014,0.16867363622384376,0.11471613031176832,0.12668258021299145
0.10739063751081585,0.04642243084076797,0.11809428823899709,0.031394805698669245,0.10128880533007993,0.12878594445694308,0.12732082317853394,0.13457931547989455,0.11429343880834357,0.09042951045695481
0.15812523226732542,0.02801247768509592,0.11015990942161118,0.16384416947780983,0.11574562187070982,0.017746488866653566,0.0980437179438939,0.11978645559724273,0.07962596506607977,0.10890996180357794
0.19735884314715973,0.016445617201777195,0.13317540581190676,0.107976946118035,0.010255071169249346,0.050758609315939826,0.04483227825193387,0.1720211725176056,0.1807342218878882,0.08644183457850454
0.13822351699833246,0.13130551906216056,0.020141463527287573,0.13849373410893803,0.016190167197673147,0.03169240227613509,0.14052293303778157,0.09141356420652065,0.14042844730527052,0.15158825227990047
0.06552755190797152,0.10055525615367134,0.17381740978322777,0.04121455737649491,0.060831508393522846,0.0262157056709871,0.16064444554625967,0.045489794945425766,0.1596168185761974,0.16608695164624165
0.10109981936593108,0.15004566555184515,0.028739316000165743,0.034003515249302924,0.05897071838666661,0.0921954316313089,0.09837357201616562,0.1414515243344078,0.1675315967426802,0.12758884072152593
0.07482012525929875,0.11234894704138057,0.1559659651117387,0.17329759708927628,0.13763980076587345,0.17780182359101027,0.0008574853850516287,0.022425750626697546,0.11660287565131369,0.028239629478359115
0.09866802086622639,0.10279633410583199,0.11195864785423433,0.2220720443607543,0.050076229785260405,0.03763669394800181,0.029902461964920874,0.14326573818337962,0.08714177079197073,0.11648205813941964
0.11563990300873236,0.09044928473445785,0.09207425747375884,0.028004386920275324,0.0548936693058206,0.12141502668424674,0.1485765061002331,0.13777472865740148,0.1260938324021031,0.08507840471297058
0.1303929526309714,0.1084224627760824,0.0734573163388095,0.10788639434884867,0.18799611439094885,0.058535947002559326,0.01656854583819848,0.1809725949589827,0.01337354262460832,0.12239412908999026
0.1250842806565207,0.02387497086221811,0.19580730725411494,0.0413147220322107,0.0844877468602389,0.17122404143448164,0.07678009777991193,0.1325073012033684,0.147726700412805,0.0011928315041297322
0.011464292145162964,0.1720790850271352,0.1855964756262217,0.07239584791643275,0.20197491622142105,0.10744093673381702,0.0021719819336998326,0.011446754423970574,0.0642666747785753,0.17116303519356366
0.029237220748141744,0.05115542138522623,0.11256993888058087,0.15257122107116622,0.051957526269610005,0.052659257362845206,0.17930148974770554,0.17144192296968647,0.06733302998482002,0.13177297158021772
0.10682276151383768,0.05902029216942043,0.1179846228484657,0.10195855735171797,0.07572473698539253,0.10092125885285597,0.06709606694290278,0.11674878118395876,0.14128026418820414,0.11244265796324418
0.0758261403833497,0.0026137774671103216,0.09341258257311566,0.20032768820533642,0.18365646667300956,0.0012882579904132556,0.025448344774687215,0.0327271126992138,0.19873141597743477,0.1859682132563292
0.050303670582514746,0.1353317276331542,0.12146159212567169,0.12666322253305312,0.1886273013612008,0.13172363570833773,0.09608510022267037,0.0818936621439755,0.01612422988934408,0.05178585780007762
0.18850009413629348,0.03920538124498844,0.007842516513839446,0.26636599905551894,0.10777141858854748,0.014241096096304274,0.23057041737571074,0.06934897402259683,0.07382009424332465,0.002334008722875697
0.18661498690666412,0.02951457382669669,0.010911963791628896,0.23630086123858118,0.09473928617540431,0.0622084414949702,0.08789092352405306,0.06158286491200838,0.10874091017928976,0.12149518795070334
0.14093469989088245,0.1324841312675786,0.040078669976192874,0.06701510056735589,0.008673051446496315,0.14549513866168085,0.09328408731159545,0.08254061716153563,0.14580249800057163,0.14369200571611024
0.13911980233633356,0.09761839125572917,0.16066929224513396,0.05183522827147569,0.013629983833855532,0.0018967241303660723,0.044580078346458954,0.17854912031102646,0.13729185321730236,0.1748095260523182
0.028876152189233454,0.17123749860366796,0.04402521383837127,0.138366026923257,0.05716318217864884,0.10589054760024907,0.09911660369253507,0.18764627955329807,0.12421389529044093,0.043464600130298264
0.1474502477850993,0.11717621315486386,0.025396612672108385,0.018162158347018863,0.10590649896774425,0.008545314248552325,0.005765177621526873,0.1968452373556708,0.18604493917777273,0.18870760066964273
0.194518169332954,0.03182455070617139,0.02773901917999912,0.18800014848254604,0.18936913431122288,0.022999185220456717,0.034145716286414815,0.0032388490837523577,0.11980045431679094,0.18836477307969182
0.10068371597736701,0.042541750206153965,0.08278931008923614,0.06762708852556003,0.12198622842470533,0.11814247173400738,0.06514309973623977,0.07788027141406122,0.20280767868726918,0.12039838520539987
0.13829850893787093,0.09214685457758788,0.1335512019082197,0.11733720773616978,0.0666286264157853,0.15187385840900763,0.08090640660028785,0.06552356500098051,0.12758854725913413,0.026145223154956185
0.09841981996972245,0.10675845601626958,0.04468291472905863,0.07663507663288152,0.10471617182747572,0.07375173665018657,0.09433533489260217,0.1835275467503792,0.1359966412865827,0.0811763012448415
0.1886170258279955,0.18913877690225087,0.004818116321761623,0.003478479199141984,0.1772925736406166,0.1564614726169272,0.002862184938250823,0.026072449033795984,0.10312948582297284,0.14812943569628662
0.11157020027601557,0.0675111186546312,0.16031543059182454,0.007849093034517432,0.17896174709455587,0.06402543283692759,0.20126326620317567,0.08157175399302578,0.038696416525156214,0.0882355407901702
0.10306036085424505,0.12902264581937603,0.051300352385165685,0.002032409492193368,0.055849181805793104,0.2074814875569953,0.22464631791469747,0.004691464954677627,0.13444150014501435,0.08747427907184212
0.023426373141116015,0.17066708304334505,0.017112189954773423,0.029281277444116793,0.12496214186021531,0.16100941452516795,0.16436086698183558,0.15116946606470757,0.0636118787613616,0.09439930822336069
0.1454095687133099,0.0881998356547162,0.05239583902929453,0.1511569815147976,0.06271122596993622,0.12676792570531817,0.08626906082197619,0.04993087315079174,0.052467426900273194,0.18469126253958626
0.16135233736118476,0.04732167457748881,0.12126745212150546,0.123183225341711,0.1477240998836648,0.03748526921077129,0.1803573413920814,0.10420807022602697,0.04597068668919678,0.031129843196368672
0.10426408225927823,0.16154299174408415,0.15549952908560277,0.027279200079036225,0.13859007314627114,0.037036649211550685,0.09156902424166076,0.05071141963705519,0.07132643342991915,0.1621805971655417
0.19230045175047913,0.0015377373200407948,0.004101481805917847,0.1479976970911215,0.1629900912330749,0.1360858690216069,0.12545752542156363,0.12437185959031402,0.012924154971353982,0.09223313179452716
0.15270132577494536,0.08869281979280592,0.0018833123504234596,0.11697651157934535,0.11878058775845374,0.0751711723215195,0.18665533157247527,0.004777600972895349,0.13100938633387166,0.1233519515432645
0.18480030765327102,0.0681416428694994,0.2136341512445827,0.07953941259076405,0.026099456483918468,0.10766777872202196,0.036874794305418755,0.008641794121205262,0.16251721303233196,0.11208344897698638
0.0657137966328814,0.17442187551745464,0.05815989512792658,0.155416653879843,0.16891347739151266,0.047940284136174856,0.12761929264032662,0.11248576771273974,0.04306726240629602,0.04626169455484448
0.055786196815631475,0.12268735452090089,0.10859521480401406,0.20927113302889658,0.19733846046271952,0.15338213399505174,0.0064013563481037615,0.012591632580215726,0.05902296207824473,0.07492355536622136
0.11523579934795697,0.2299352046224294,0.005397177379687187,0.1025229288977366,0.05641308488580823,0.003426798641153153,0.08150322433270052,0.20535083550685654,0.04771181167973749,0.15250313470593393
0.17734533001071207,0.124177291846024,0.1288097196388356,0.008630367049671236,0.07179226573913138,0.16575323754438057,0.0322226079357764,0.15637679459643644,0.016667682929228184,0.118224702709804
0.12157195108225927,0.1415415146505159,0.1312909733665675,0.17617975562762006,0.07940240591134688,0.09118235800582629,0.05550193667297195,0.11960985437388329,0.026874355378317,0.05684489493069176
0.06600584492312639,0.01278688782129175,0.14100956777007198,0.1729459822864492,0.09488310613920481,0.14548105583454762,0.03395774328859627,0.11577818277071489,0.02319691347034762,0.1939547156956495
0.027237331065072777,0.1037480489403019,0.15803542676021148,0.03721925989401383,0.1106538697527693,0.0386429117027432,0.16143567293461195,0.12304243037713306,0.11723918980386562,0.1227458587692769
0.13577415612830276,0.034274072121719436,0.21597421004459222,0.02900993791781298,0.03671065604481847,0.06757442351105901,0.02611608109277269,0.18811151237960505,0.12416060109523455,0.14229434966408278
0.011806141170158024,0.1506651518514948,0.03134948950176765,0.15074115682554715,0.04194576847123937,0.05404563584938021,0.073771088220257,0.1808619814689658,0.17442312080116606,0.130390465840024
0.10124661763362211,0.09257314088732213,0.09973973288057268,0.08686275976706095,0.10743895125630877,0.09137433016797011,0.1097362156632962,0.12507528369574578,0.1039230381171521,0.0820299299309491
0.03519151278549845,0.07550264460357439,0.0770702425508212,0.15480355869693013,0.19029043900072273,0.043856137729377825,0.1410173461504821,0.014733913851362555,0.08560480525012791,0.18192939938110259
0.12766139644995955,0.10317378234734544,0.13384842436041508,0.016620576048668904,0.15940808331235126,0.04452540487812888,0.053757370373324585,0.1730917751091694,0.05446157373587612,0.13345161338476075
0.03257636166476054,0.08583884405750883,0.09044424138748916,0.03862362150660092,0.19497989611463667,0.1601805147604438,0.1744996567625041,0.18781275889792623,0.017836169585457654,0.017207935262672013
