i = 0,i = 1,i = 2,i = 3,i = 4,i = 5,i = 6,i = 7,i = 8,i = 9
0.0954171590907391,0.0626599308743734,0.13478707416383,0.014014919314800737,0.05559908034675359,0.18691940997578751,0.08950221152949224,0.09748108473773252,0.04755078192479922,0.21606834804169173
0.15182592029309902,0.1755679552504216,0.06569655175589229,0.16238326831550984,0.051784024994979694,0.11768835987441952,0.09953294343935087,0.006475111165473929,0.07062599781745957,0.09841986709339365
0.07465624669425616,0.016365335507623268,0.10775070532873297,0.011764782732364722,0.16069738323628033,0.12359098679348383,0.13777437357515668,0.16868686808983904,0.05653229001359413,0.14218102802866878
0.12404175392273323,0.12648164292948694,0.07405097113320912,0.1657337654483693,0.12406375902082795,0.018368041134213604,0.10416597650354695,0.0823891348729727,0.007110588703896617,0.17359436633074374
0.01428768701146597,0.08614342406927654,0.11368876428335171,0.10859070106983434,0.14768081975431693,0.14988777510877377,0.09829952543804017,0.035765883495714766,0.084207260951451,0.16144815881777463
0.06920552794645553,0.0806696283294037,0.11606329369106844,0.079021947396853,0.15046381248242932,0.13392595269889204,0.004194778597809311,0.14805711913358172,0.06391978916163653,0.15447815056187036
0.07136528867161279,0.00893543265430394,0.20064782056477917,0.13743845179178232,0.060630097357698136,0.1494527701044133,0.043476980940869624,0.05442375995400109,0.20197432075691094,0.07165507720362863
0.17772971702258666,0.007826645030072346,0.08188663313318603,0.10295166351916264,0.14679879169997187,0.05387277527050157,0.16875196178372304,0.04788466385002102,0.1274452550080626,0.08485189368271212
0.06877812042790776,0.10399120662858309,0.07482322386885648,0.17478318199777879,0.061597667228756106,0.2102141352504867,0.0361046552762415,0.01752150476201468,0.06760651589609407,0.18457978866328092
0.0054389280370860296,0.05345062263681799,0.21632593938757125,0.030730974424203285,0.026815816660493486,0.05747949009304665,0.21067430102493553,0.1700805524854497,0.05530569644887269,0.1736976788015233
0.12640746927746538,0.08282620255890911,0.0957206262501167,0.17040579015836246,0.12366811186445223,0.07988734434388986,0.01589434631046216,0.13818911890982294,0.0720132123220599,0.09498777800445911
0.10241881363577289,0.0812507956363094,0.01637794539954996,0.11317799067431525,0.10919119611455312,0.016157415644134296,0.1372046005713108,0.18675207344146216,0.0514785242495114,0.1859906446330806
0.018996745360365785,0.07614257177300843,0.08760219329675113,0.022855797655062536,0.08517349825842106,0.08748349341864449,0.16391160290016915,0.14551430047127975,0.12890689274490622,0.1834129041213915
0.05656910018423023,0.1032717363228494,0.14751550107900205,0.09396200649447778,0.05637715283027285,0.12833771735278746,0.09427033377841866,0.05644413660168706,0.15687432762994039,0.10637798772633422
0.05707306824390402,0.140526967173105,0.08828171879118189,0.15435471816333884,0.15198074079659174,0.08398751826234474,0.09282419779101474,0.06417932473660078,0.02256872074446809,0.14422302529745018
0.10776175660399465,0.15750732209465326,0.056126959397792504,0.10242189186760398,0.10036900873984132,0.08751140049195807,0.10588010994954995,0.15444222371704427,0.020124593775052383,0.10785473336250961
0.053722857419479034,0.20628896566367053,0.06289082271320985,0.10320649469901347,0.24584033147140402,0.1150366582715111,0.08048175533322992,0.08508326567716974,0.011323642591109876,0.036125206160202455
0.060017571573204496,0.05735801914798787,0.21491228702462858,0.032242008952079716,0.0038644261460553803,0.06390412155177488,0.0654555229272072,0.18798203431944097,0.13054630209804186,0.183717706259579
0.008812143742790277,0.08244024286004276,0.1295096812517104,0.23693799090490433,0.03526632076385668,0.03075455644958404,0.13712254970589963,0.0374658724385809,0.14983136142866837,0.15185928045396263
0.1063198203454479,0.08274026160163779,0.0050178436813901025,0.17319331154896556,0.11833953567559047,0.24302110380394273,0.07445815595549897,0.04688946968888975,0.04879394872513348,0.10122654897350328
0.1052343122120248,0.08638877145303551,0.13427932107562213,0.10012936241234817,0.09389765322009663,0.1550658818451025,0.09306772459018033,0.09489802864176856,0.11969090789464024,0.017348036655181212
0.11239097941978772,0.10525617886066642,0.12884456656157237,0.06441477611922976,0.13092955228767675,0.07401542254279109,0.1368808059159799,0.02188054635997722,0.15598052229578152,0.06940664963653749
0.10689612219514083,0.08865179448325204,0.02268859036105483,0.19396562908925688,0.03835494449895415,0.13377082320440914,0.042559669492231715,0.17784664945458897,0.10367052805929826,0.09159524916181325
0.10305508299090513,0.10533141662817384,0.08656940247340654,0.10765603528728256,0.14695368899336203,0.14272055292815541,0.033190163634502355,0.1347375555823011,0.1242214588045425,0.015564642677368616
0.020859893642379276,0.15380217021063686,0.07793265445034767,0.12065741022051454,0.03291417813974163,0.16305607274677078,0.18816650374417773,0.028841156211445267,0.06413803171918497,0.1496319289148013
0.08598351839672476,0.13490898319983305,0.10902295444670902,0.12692296203344047,0.03284539327079163,0.13326380158604698,0.11320908322249422,0.04073748025995069,0.06070774913524469,0.1623980744487645
0.0639342853845636,0.056007885117011144,0.09799615484043513,0.09844658781538257,0.10885841129025553,0.0782240973237038,0.008660576179836137,0.0327653858111222,0.24053170351894645,0.21457491271874343
0.11171202065739425,0.1572275719140837,0.020364253402612255,0.12568453166316124,0.008939612473441844,0.15817425674423222,0.03413580295498558,0.00980162748497196,0.18488908919633373,0.18907123350878316
0.18631128699125216,0.13588209077928598,0.17864489864832905,0.1287898680821537,0.001214881996797529,0.05962440210484781,0.0014079857492499245,0.13670120778648223,0.15101579212031885,0.020407585741282815
0.1144234617695131,0.06367849631805461,0.12187038096468547,0.1205222336565121,0.12461840899525904,0.04525358094314123,0.119491788694245,0.13258759366986417,0.06196871988860872,0.09558533510011664
0.15807686141153598,0.12862083121816084,0.0470398910278114,0.11363853750964477,0.17327517855459562,0.13453955982181073,0.056689266547668794,0.014262646053771167,0.141632317353294,0.03222491050170661
0.010486236562632992,0.1083402301940826,0.1780636516154759,0.12716735560980483,0.12864804024254545,0.11623542463482835,0.06704693812891854,0.04755408296157052,0.0660779937684921,0.15038004628164864
0.14618522999236827,0.06033525519618949,0.13001806954166772,0.09528315354527901,0.0859580825750739,0.0858373156032331,0.11816395654610212,0.08917446636799235,0.03850373324393517,0.15054073738815887
0.1572763453921277,0.022645349222436932,0.16974795194829828,0.05272450014987543,0.08082902666580327,0.11980532003348843,0.07314842689125417,0.17318023481953349,0.11982140376959159,0.030821441107590736
0.19216602887515347,0.1422067819700604,0.06650876331593354,0.06787562251361265,0.014619002344052107,0.09120429992906685,0.0003250056972396615,0.1927733096586352,0.18939149182800774,0.0429296938682384
0.15641761996661285,0.09311907366421546,0.01737056213736925,0.11722773744681853,0.12043332281920625,0.11165208256043464,0.11862893849663349,0.05808055424031493,0.12117062540304088,0.0858994832653537
0.21479357394483145,0.2272788003103177,0.03173426853523459,0.023006853600858992,0.09085321572642693,0.038132344292157686,0.11574177582321571,0.2005795951978369,0.016003394382351478,0.041876178186768545
0.07894121314929155,0.11532376080768397,0.018828371899204183,0.13065394037527023,0.07190386442812251,0.03207332142023381,0.10893699906192854,0.03857218945021287,0.17268945220903908,0.2320768871990133
0.18883783830464848,0.023214892222631685,0.04371014757051802,0.08529770011187114,0.1795470167046936,0.013626092415164298,0.15009523641232542,0.037702038117483905,0.14776182291460083,0.13020721522606268
0.018661521637726892,0.0018313014501510753,0.041043573010726885,0.1391810185264708,0.0035585734788776643,0.013597225896864552,0.16887243641816985,0.21527519915191368,0.20160232503617556,0.19637682539292317
0.1574129606183706,0.13177192474922392,0.09649390654172231,0.013241888067391275,0.1033957422729034,0.09439870182631827,0.11633845482765762,0.07975811788372784,0.040347508515318056,0.16684079469736676
0.07077783704092971,0.15798879663237567,0.12476448917169704,0.1491728258691971,0.08590473908251736,0.06007145696133416,0.08552308128795544,0.11314289662774828,0.013462580598328314,0.139191296727917
0.09254315639519746,0.01738987252066131,0.08336436682468518,0.20313836777924033,0.030527155274374357,0.05745126698409573,0.07725465666339677,0.09542701151165393,0.17547727780215547,0.16742686824453948
0.13932808755252196,0.13966945550183454,0.06238336856070573,0.09679928205351536,0.05746737011527621,0.07021028692681462,0.13989292445559118,0.11862644983760928,0.0763280956694882,0.09929467932664286
0.16192865012702418,0.08503250809259054,0.01787367417464744,0.11260720156552861,0.08859365368999177,0.1395601001308484,0.1449038035411932,0.0307989321498341,0.09147974255256748,0.1272217339757743
0.10869602388314877,0.12658704161015222,0.2205461453564517,0.018698877168994335,0.018199206498164092,0.003386450432266997,0.04234658392291506,0.06336648554922318,0.2494167555304207,0.14875643004826286
0.026910717009219307,0.024443204298339436,0.09329986139701388,0.11631986329971152,0.174067951999858,0.1493263515467812,0.10686549536304836,0.12849306029072102,0.020157922562226448,0.16011557223308087
0.05076428192917213,0.010712627132369071,0.1201818449131234,0.08863290037073143,0.12582439439753657,0.13766113881979147,0.18069383996087454,0.060155221943452006,0.09582560508704835,0.129548145445901
0.17604912120917504,0.03883819333127578,0.018210451716308026,0.22742934778070673,0.041445598304643144,0.08676549397595754,0.05861996118373673,0.033279342378702725,0.17394621416234352,0.14541627595715081
0.02985822548806008,0.14997109234689252,0.1471204228062479,0.06441453087407956,0.037958692287959804,0.160189428049095,0.15415518777768522,0.043305574557418784,0.06105528132464349,0.15197156448791768
0.11194941984449047,0.02774497285939158,0.15637447013189426,0.07290633007087664,0.01381713235398884,0.11455773231953924,0.1032587854876207,0.21774088638689126,0.06072319579158858,0.1209270747537185
0.04407184936571829,0.03911593391911474,0.03697097595271334,0.09293923738038491,0.14136490399566026,0.10176315282835381,0.14245218896179737,0.1253492379389911,0.15816680147144285,0.11780571818582314
0.2356266281006499,0.19760299316632193,0.011198668964350405,0.07149042799472405,0.09037630101445912,0.061560610581603475,0.01823930236717445,0.014984635121508027,0.11755586716697085,0.18136456552223765
0.121473964845757,0.11961366145553276,0.03034123434766644,0.12258859968099432,0.05303614335299584,0.17279954645742943,0.1615863783922871,0.14382426480699279,0.00509019320931324,0.06964601345103118
0.0011422400607209286,0.0012123371690588585,0.11993251805465016,0.16837324883263063,0.14801025006546506,0.07853114935547234,0.20572026142954666,0.06742826383374792,0.157269081661518,0.052380649537189385
0.21503322612525377,0.011688828043767644,0.15302339639849233,0.14120518734109722,0.14357303481508196,0.07305696842751025,0.009374593808924818,0.18070021496986766,0.05700045584290838,0.015344094227096107
0.16100210136851265,0.01056542745444394,0.1899914869053066,0.093878351781516,0.15445872670582683,0.09728192415118322,0.0803580096154379,0.07083166280524486,0.09902142007661859,0.04261088913590954
0.1370522801130984,0.07840395337574771,0.17697373970614824,0.17852168770849733,0.004994681215413379,0.047671384798306675,0.0881076341153852,0.006350465025967411,0.16919753765258913,0.11272663628884645
0.1340289958915066,0.13394646443047342,0.11605013745191134,0.09723554270008473,0.05617454858360222,0.12687848661848566,0.04887916444616731,0.14480547162788268,0.023940235163920427,0.11806095308596562
0.10667954089364423,0.05609815484748001,0.1100292853026939,0.014984413331149748,0.03909042945347879,0.16019962476692828,0.06610933584250912,0.08985782047785044,0.16760751916922445,0.189343875915041
0.06540428495967074,0.13202179012861553,0.20777983358749852,0.05199530145856713,0.08821176771348582,0.12262299531263146,0.05293383177626395,0.2162691010018755,0.013655610049007389,0.04910548401238391
0.1848728812634575,0.002988455270821704,0.16207178205667966,0.02365643776471598,0.23486439053392383,0.13386433475309248,0.08762727128111172,0.05671478734319309,0.08883166040086524,0.02450799933213892
0.0196141534391735,0.17605622487372724,0.059267402080200926,0.05974149129328822,0.20309352242459025,0.09592440420813708,0.12312471450373666,0.19056716240220692,0.003307847076577644,0.06930307769836168
0.04138741464802831,0.08925073583007187,0.021915807227444406,0.21625776636090346,0.1366012913581349,0.18330321943216465,0.05923418693976542,0.028514414872374983,0.20080340112751857,0.022731762203593384
0.18417865063905428,0.15402585412952188,0.1258078003065291,0.0841174685917535,0.0697247684401965,0.10359633065997605,0.08399573239412429,0.15465888710282796,0.0046577165735890175,0.03523679116242733
0.17115610567756448,0.022676789915095755,0.17081129598789085,0.13039376062682004,2.139730540115368e-05,0.04640653848285258,0.06123722648504642,0.11982793181388711,0.09341589545485246,0.18405305825058912
0.049435091860489236,0.061484540372094984,0.04340383710722798,0.12192883867201462,0.11915988076830222,0.06975141524798069,0.12849472256515018,0.10799176229534145,0.13960378547546018,0.15874612563593848
0.1336345787274127,0.16694541230833243,0.11650554804948285,0.1550755370783331,0.18913858945103962,0.05443193365582637,0.019830324094270983,0.03603249538152666,0.10361105644957493,0.0247945248042003
0.12420407953550806,0.16220766384164714,0.11884770205365988,0.07345544149195112,0.021630678814840192,0.12755800759697453,0.0880121107576255,0.11658515239937625,0.12931603842200445,0.038183125086412924
0.1322817739547947,0.1520177732855558,0.03439515738396933,0.023585593423466576,0.10623998139591034,0.1385638409653868,0.03865116507919028,0.17475888817738364,0.009248390656813002,0.19025743567752948
0.17853119866687042,0.0255336531422392,0.14987547011412908,0.022122486312387186,0.027153730417473917,0.10222949873492816,0.15390463452826633,0.12534190957050612,0.023801341967023416,0.19150607654617602
0.08218935610430901,0.11024063382235548,0.18740402373550824,0.011987804854921324,0.049367425660289586,0.10976963781150394,0.13036732942110743,0.014499152063428899,0.17499595793143177,0.1291786785951442
0.11789770489319445,0.07761683467088733,0.06278616715916861,0.07210393429156317,0.05696481207590346,0.17718443484754134,0.005624703849630094,0.13373351600867223,0.1674506554600232,0.12863723674341604
0.14850349964575277,0.14338418201763586,0.10020764383856016,0.0760955915581142,0.024054838514051987,0.09547137884831763,0.10915727295553547,0.15565816631111132,0.1423648513333592,0.005102574977561424
0.14915204264887938,0.14028866442720278,0.09278990356738862,0.1309077298518826,0.005344257139722562,0.03903741877685913,0.08961711641186491,0.12238034152405998,0.06950559102140745,0.1609769346307326
0.03519351204819321,0.1704136221347556,0.029530134717630455,0.1452207226849579,0.17060562415387442,0.023955420606354447,0.12233200146613345,0.05595001704545608,0.16014479409341262,0.08665415104923171
0.12968021305153074,0.06813782491801913,0.13766618772194741,0.07915729242427907,0.03940636278681304,0.07923949807576294,0.05648415534510682,0.12243172563371432,0.1718258275051077,0.11597091253771892
0.14264020577654826,0.14306803120645187,0.11918430638787463,0.09773961894932569,0.03818129169880008,0.12463582393225474,0.12751891183018224,0.011272909081905475,0.07906443319785636,0.1166944679388007
0.04555782036681125,0.1090333788588965,0.017545952472786102,0.10333879448869467,0.022048684908212608,0.29260239421359885,0.27878927913544205,0.055185477720780224,0.010613606738423483,0.06528461109635417
0.06139027515614093,0.1513311343085217,0.050519730919449606,0.0072097478861259095,0.11215641086790673,0.08018534159744475,0.28957048977396943,0.003589360937406332,0.1638957511504868,0.08015175740254768
0.1813174657904504,0.009917251905568799,0.07233113336977748,0.012735111604625003,0.1364407324119473,0.07083928751620755,0.1655864955927102,0.16346173364894187,0.17885027524327246,0.008520512916498925
0.018311953838241173,0.06610694090619956,0.03378846589471654,0.17553438932379306,0.04130826947348734,0.11285325700572478,0.11591245066806831,0.0915187249771227,0.19626811148183254,0.1483974364308141
0.08295551871074254,0.188108668795758,0.010779512929249401,0.04669699198943877,0.17227326740737733,0.1695083190209786,0.012079262988067104,0.058236483999548914,0.07507408761545196,0.18428788654338749
0.12225001583772772,0.1427115460434,0.07446183563861733,0.15491352642446646,0.10143619011878767,0.0054388992662786784,0.11961118388431492,0.0737880068642595,0.1616642937394716,0.04372450218267608
0.15110812668327753,0.09834764045872887,0.17752849120037945,0.07911188974774673,0.18473126834942183,0.014086066860176905,0.11940407690003954,0.07939646185788304,0.032968088560683846,0.06331788938166227
0.07431566986637046,0.08748705381978084,0.01873806571939608,0.16196111952075365,0.06373159721305532,0.12320361539784612,0.1448832244097182,0.15778574619967148,0.0359985116000679,0.13189539625333999
0.043926239505476916,0.11078102719542612,0.05736913443737194,0.17209437251832566,0.021502324265876848,0.05303226215352377,0.07211713677992715,0.17348333753880635,0.1488052389797874,0.14688892662547784
0.0820995673491116,0.12246472493234273,0.009854711290958216,0.12568118909006507,0.04947893792418132,0.11120716716096775,0.02997273395473167,0.15605834938006538,0.17068412588677814,0.14249849303079798
0.15624243904677187,0.0592544041227641,0.009299067211461669,0.17804301585028548,0.00973399028628645,0.091400514274307,0.2146145092487292,0.0684387961341096,0.17184029162588188,0.041132972199402866
0.1367999130771332,0.022107563137306975,0.04538417764136821,0.006094221489301144,0.32305687136519035,0.16681336722678605,0.20118857774066348,0.017487614764174514,0.0070926062699827016,0.07397508728809356
0.11927982649093624,0.013879661720365644,0.14349240789228587,0.09587952273662051,0.13486908340286835,0.05295744784088209,0.07461815389687963,0.08609430449799599,0.12014886989851392,0.15878072162265175
0.03521149173706835,0.11530190003426964,0.07691811212340466,0.025673423457134727,0.06164654508856283,0.17549582225425556,0.1329964659238627,0.075491118337644,0.13724189815021978,0.1640232228935778
0.1326579540522861,0.1075028645273175,0.0725577116552062,0.1789443123151978,0.09691515249963872,0.13570062222321902,0.11529418456880046,0.04182742339851302,0.065379458291978,0.05322031646784308
0.11159659077863948,0.012071551937327984,0.028406194384260775,0.06376848808506246,0.1641096823977365,2.3901208568006043e-05,0.14446577700034072,0.14669487786983174,0.152890645907929,0.17597229043030338
0.04308866942937999,0.15049399488803905,0.0189206572914034,0.1447584044158264,0.07082273385036433,0.12934800277169495,0.17679210785930308,0.1069777339145697,0.047669815962222375,0.11112787961719671
0.17099020185170027,0.03481022983163434,0.025917951980372923,0.026374786154673025,0.08700999590703327,0.13737644555801246,0.1582261648925881,0.1435453429285056,0.05361866882628808,0.1621302120691919
0.08584638663324032,0.0010122645484163233,0.1432099251418887,0.10432291765498311,0.17330475510575508,0.1557977209983751,0.10371334746997174,0.15752388803339445,0.04381893966234844,0.03144985475162672
0.12948840789233196,0.025983201238997094,0.09562804238872563,0.0973860420649118,0.04291153497375612,0.08670449230572509,0.09124094119562812,0.10980551357447177,0.1710292446436145,0.14982257972183788
0.06734081552098266,0.124208669803727,0.09141610105852183,0.16869452132691043,0.12369869841030491,0.14587078797127634,0.04845337613820371,0.09664230619240521,0.08807343933123687,0.045601284246430944
0.15351641559383178,0.047372533437514776,0.07850102303243439,0.09336526873710636,0.14504293558465833,0.15028363017851187,0.13324543848160247,0.11473602833607117,0.07905820345142614,0.0048785231668427185
0.021412590553426054,0.08492378580504371,0.19951124805313075,0.05469553923104059,0.2647501647964277,0.033978781436046115,0.01596199114070372,0.04331449689464161,0.017589062034139392,0.2638623400554002
0.009726992420047615,0.10235310382515511,0.07353676904178826,0.09283017859335845,0.12473862552502232,0.13982752274488622,0.1424942174523564,0.14469215501527025,0.08937270659721015,0.08042772878490533
0.19585878316794575,0.004718643740799923,0.15823959274405247,0.17105590666434792,0.0741704648394989,0.11583917715567414,0.10611002187730538,0.10554517798163028,0.05032240142346314,0.018139830405282064
0.04954605963005663,0.06421798534419229,0.10987941566252105,0.18933907110970313,0.2561382618737023,0.035061619699027866,0.14432556661234522,0.10182946204379516,0.02729193987823185,0.02237061814642451
0.2080100590839637,0.1183151359936288,0.03182808940330324,0.033835259231471244,0.18719261127941317,0.059597952451015034,0.18369507611701197,0.09713401548183427,0.025014528476494064,0.05537727248186456
0.15366821996235866,0.023154525484746148,0.07088785861924272,0.09409017604926881,0.15243264140110022,0.13508560323051486,0.04005015741363766,0.1522301208670133,0.060789721771871884,0.11761097520024576
0.1419541768710496,0.021030724229226305,0.058920435962892995,0.12972219092111043,0.08883550583262337,0.04482442971800733,0.16494617186998364,0.15317094528227554,0.034584591794261745,0.162010827518569
0.0035439716299518788,0.18107328195360856,0.027743374779445256,0.20030469268776377,0.0821953996078642,0.20088295585946353,0.08281872622574371,0.09514330981717592,0.009759371428019765,0.11653491601096332
0.12788090127596508,0.10798894256972552,0.09814041999533515,0.1290633904096284,0.06244503507470145,0.09936435444567139,0.06958955320268632,0.10411740399618408,0.1356605853120508,0.06574941371805175
0.16135547261441754,0.09668026235614414,0.15872059247134493,0.050373256343944094,0.050487725317745806,0.13079674735631125,0.0070950015784669515,0.09821573424116734,0.13849189926725816,0.10778330845319972
0.16433509000075502,0.13779435747221797,0.13506800810667977,0.07103306099200585,0.09223659498927099,0.007985134319772201,0.07713099225468553,0.03451061497170193,0.11122507871742288,0.16868106817548784
0.17899051674600058,0.10537109575650994,0.1301714835254799,0.015708470211788835,0.07872660674164712,0.10521760778209273,0.07910610888539114,0.13406260095760783,0.07646314069057121,0.09618236870291065
0.07896728230944121,0.14148721194412217,0.11109114618586044,0.09846229852773958,0.1402156732801073,0.0960657018034658,0.05231471312501132,0.0788927248995538,0.08472833859854037,0.11777490932615803
0.015041075512149539,0.11000705499840857,0.0065811767403474875,0.18776430613690054,0.15891784795067523,0.1496950990440315,0.005976562495481642,0.0449765717504266,0.1758975409041817,0.14514276446739724
0.15582148270934046,0.11540616044595381,0.0002607469096952796,0.1307769878758086,0.11981450545183248,0.15358744050915865,0.03801600055801213,0.12561264431113586,0.001635185625760222,0.15906884560330248
0.05297473658379085,0.10640820760095719,0.015950348197232598,0.06185272492199823,0.16909071848792506,0.16576414128119613,0.005653935115050103,0.31342930512653405,0.06156475710242766,0.047311125582888094
0.03895312952284071,0.12591756748169827,0.08424428484989842,0.09922343437036035,0.14441195740330184,0.010302527747400397,0.17654880781220228,0.06946915822480042,0.16187349563173029,0.08905563695576708
0.10951943256844156,0.006690720673197075,0.11863797646663787,0.13022106244680354,0.0014173654743272809,0.1739507296989335,0.13962799507361645,0.027262398368187463,0.16475761142614898,0.12791470780370637
0.04021607464066467,0.013864456489024008,0.10294781016257828,0.1442516683902744,0.015879923203159944,0.061641906217393856,0.15643898545705012,0.18002063873363153,0.09028373779376392,0.19445479891245931
0.17736139910260484,0.18994659866328895,0.06854912931964464,0.07258835554399443,0.011365273606746887,0.09880989260107446,0.15648293082501682,0.1803807909387768,0.011075764481674842,0.033439864917177174
0.11198248095529224,0.037744032154897474,0.1414296230326365,0.17073492559701614,0.054457107373958015,0.18993751907828463,0.049155407766829036,0.13283268297876255,0.10708561737842566,0.00464060368389762
0.053509555053422087,0.1241633384664064,0.1649621114508376,0.04798067697073058,0.13364530669401217,0.09037571336081765,0.12653068172773263,0.0127529865140251,0.1588587576430623,0.08722087211895349
0.1543654899881335,0.0033900669394119295,0.027407067729718036,0.027837336516639905,0.140315410879868,0.06646181700605391,0.15370514511618424,0.22898104343703196,0.07903557552674978,0.11850104686020888
0.1351297785330648,0.12229842713087308,0.04718476756805463,0.041789823885380516,0.13655071338782765,0.15243296206586524,0.07157918280833488,0.15332536900966717,0.028682362359135613,0.11102661325179636
0.13282719755239775,0.04837242223524407,0.18323218926478285,0.006072716358009613,0.051926613671475136,0.07514820637847752,0.16336270962876853,0.1400217584008233,0.01925252652550642,0.17978365998451473
0.10733283220126745,0.09883467816066427,0.08703336643968751,0.034488605515368836,0.12098522054764917,0.14225440824206032,0.09225336850347371,0.13969891005092744,0.05510304589642925,0.12201556444247218
0.09136733973513952,0.20232262772128615,0.07566002834109477,0.017321039520331014,0.029734834689813402,0.17952411779348124,0.07185645005044651,0.04962101535973904,0.10034137243260498,0.1822511743560634
0.06357194546361045,0.20817076355943204,0.21704663055639406,3.918347770243858e-05,0.008290280549611225,0.16836679653303568,0.044133478586640046,0.029080364817471244,0.22407596219178946,0.03722459426431343
0.084482525787713,0.06566699793854654,0.07815501664372844,0.15215389994348286,0.10465254283015875,0.12603904617020525,0.06849856684162701,0.08505135760272485,0.15230465381221228,0.08299539242960097
0.0013578418890331906,0.10705375514487574,0.09422458136722245,0.09493611276417002,0.1740822141646401,0.052959754570984285,0.16438552964513,0.02452258197751206,0.14878891184158927,0.13768871663484308
0.038217251295258964,0.06123484524859967,0.06599750135512124,0.11703150628198859,0.07717871639096273,0.0626215224311471,0.13672991703482196,0.12550988816810113,0.16820068362733484,0.14727816816666384
0.02017935041687464,0.008153892621200847,0.1299937336222066,0.021425279309127167,0.14570883173889576,0.14441806613353803,0.08919697758512554,0.21038302267973166,0.19216227143159198,0.038378574461707726
0.08194263799672946,0.07142076607158282,0.00713608919229708,0.1855338689466389,0.1728783748909669,0.10691425670277004,0.04803250663915124,0.039787306394863775,0.1340721557826092,0.15228203738239054
0.028564840255138522,0.16122457778394095,0.043483153271062,0.026464275925035533,0.08204698420346701,0.0852092598183389,0.28320983333017974,0.1977712791860218,0.005649763455880875,0.0863760327709344
0.139068939569003,0.14990972359366128,0.08636156720178989,0.08716312799916971,0.11226780841927551,0.010852186819152851,0.0847993091641768,0.19755879406219728,0.061154063711808634,0.07086447945976503
0.1472437432338259,0.14430878415475043,0.06531160423051177,0.14718419693450546,0.08730751093463326,0.15079358978906948,0.07035718063203023,0.09582102840257124,0.08686457853596229,0.004807783152139775
0.04436584939696351,0.10746832557811718,0.021520491470377316,0.05462313014434639,0.18000035638704076,0.01728154732349123,0.15260119001775077,0.18142165294326634,0.1691650670124173,0.07155238972622913
0.17715029553819905,0.1080881886906007,0.038619873242695744,0.21371390169367596,0.029233081987615917,0.045777304534131674,0.17182445009386113,0.047668717595783686,0.13909448370611138,0.02882970291732471
0.13578852730914545,0.18153418535927615,0.13348080600205706,0.03728875556348742,0.1464940123149559,0.18046592991016053,0.013307847235738761,0.06270867489169613,0.048720608261951244,0.06021065315153132
0.150337801163281,0.15702560396950163,0.11938728500699124,0.16433885659389622,0.015928389999889686,0.10150585885123298,0.07234692359548218,0.03618308216468681,0.07062880173297374,0.11231739692206465
0.019058496877062694,0.19037655657935507,0.05034482396899254,0.10569383313124185,0.12372134374732704,0.19058948595953792,0.17578637770329336,0.014337103083288057,0.11426476362783712,0.01582721532206442
0.16682949872795397,0.013323971418853702,0.017109930609468544,0.1417368950791132,0.0510472747949426,0.1338197066088106,0.14158623632701003,0.0770774462410978,0.08958738829231186,0.16788165190043786
0.1613039726176059,0.10185330345302332,0.15857945913027008,0.009363749252010918,0.035923177655231495,0.03961263884453357,0.128186309756623,0.19573855330585418,0.02005703492978084,0.14938180105506665
0.07532961878048455,0.11875034605782621,0.10500860118119565,0.06846954706817324,0.15282161492162274,0.13054725534003211,0.006076140986426881,0.1256961318640125,0.08759251400930029,0.12970822979092586
0.15574837914378345,0.15739636368157772,0.03133446548720419,0.010045408243139976,0.1538099621523094,0.1312601119998097,0.10886139261598171,0.07677752166000758,0.06172717256317476,0.11303922245301141
0.1082694366485174,0.1432341818392053,0.08070629760256769,0.03753937314950867,0.11302989933423156,0.0990962251736084,0.004994281076599125,0.1769817705311304,0.08325629917217577,0.1528922354724556
0.01976005960870685,0.11226791902096567,0.12760802307899385,0.16559283134946698,0.1818632430542166,0.04558586813109745,0.16464150812485384,0.05136834169527124,0.12101675865576426,0.0102954472806634
0.027766380525766254,0.08388617815499785,0.05475250738136681,0.05015012285299848,0.10696044644324068,0.05293541419986206,0.20283943307688343,0.16820555807608586,0.19168449236741844,0.0608194669213801
0.03772540432009486,0.17023997441059385,0.07997568149540435,0.08047667778828035,0.13174595140856174,0.15696088908902806,0.11400293645411776,0.11895278623083101,0.047677042763694145,0.06224265603939371
0.17468493187724177,0.13551640699242573,0.052663529551605366,0.04044932756956707,0.05738940549615125,0.04267458425415759,0.2341635554570195,0.0723119530966164,0.17980460650983074,0.010341699195384664
0.16283292784369374,0.07629726844662893,0.17980203119482402,0.1645173655267916,0.07424185177767466,0.05299036599511912,0.016297453407079113,0.11416933225204105,0.1294645471842689,0.029386856371878795
0.16318480879420127,0.0779445903003974,0.15263430030686206,0.0658564767557443,0.03625560433584548,0.013825377565360427,0.17231898319573852,0.07627607011088387,0.10030004916521165,0.14140373946975518
0.13742641719914078,0.009551513836543339,0.14644955478724145,0.11296910070891102,0.11660285425065195,0.0382240151205578,0.12947581361688415,0.0879345178970106,0.2211599866936971,0.0002062258893618098
0.1455533308719569,0.15306672913907468,0.09768925439767084,0.11817265282535512,0.0432288492954937,0.01912622488172188,0.047590800288273734,0.13784979431746003,0.1878771852079082,0.049845178775084986
0.08913527880680519,0.057245857011900984,0.173165318128629,0.07329076767463863,0.015328723412480863,0.05924048024247846,0.1559245711894222,0.03946820937884015,0.14320621014783574,0.19399458400696876
0.050183256362216634,0.06261266094704104,0.16766898799363458,0.22806349505653134,0.10286763470974004,0.24213721756939283,0.0019005810608783951,0.00525217421033253,0.07534300733593084,0.06397098475430167
0.13171285211712266,0.09046003467514507,0.11273031970223463,0.11510104580626486,0.07965022927629853,0.13989054269095044,0.08067813158230158,0.060628011045009866,0.06050523967210369,0.12864359343256868
0.03620179630251547,0.17453521324453217,0.10576348944558876,0.14177951949850684,0.1251934388216969,0.10543041146853335,0.0465748547589198,0.1757532083390006,0.03822710994727293,0.05054095817343329
0.21256177694432465,0.08256662218236885,0.10739709160775805,0.026399748661389177,0.1111242488241608,0.015915393363233152,0.16599957943571647,0.11907906759841841,0.12919601368615766,0.029760457696472793
0.09572852637143266,0.23721450780823972,0.08341925444591743,0.2362908952993649,0.035575728348783864,0.11059113227018275,0.0812728313121674,0.06775217244321843,0.037345466920377685,0.014809484780315374
0.13955235139593675,0.08029809665338267,0.009288634459231391,0.013794823376441974,0.14604815755525527,0.14555849310380733,0.14453984764349811,0.07448517775243607,0.10732753575796422,0.13910688230204624
0.14151061245141716,0.14851874031396198,0.07133889431732937,0.15158406830376106,0.06541809865094189,0.027811248321673195,0.12482209049193992,0.12811472960976017,0.09818273020965182,0.04269878732956357
0.12493896638509393,0.17329268153171565,0.09137597935089783,0.04553532795654267,0.1050909514940929,0.10743783927467768,0.035604511642123936,0.11890229877894565,0.16300324873323432,0.03481819485267559
0.11358548417815022,0.16858669140042934,0.2877475781487063,0.013706297830585539,0.03996778617076373,0.044833325290692026,0.09002289448119943,0.02818088085495254,0.08585476810120451,0.1275142935433166
0.07696134958105005,0.00272367658473954,0.05981084263280073,0.13619844287505742,0.09553296607821875,0.12084159483016096,0.17255038209638615,0.13613234437751137,0.07712245539142398,0.12212594555265119
0.05591480754593768,0.07484763362271447,0.016266832684542248,0.07244524989151445,0.04286933302954923,0.03618834128961565,0.09622796527774011,0.13366938697341338,0.23750693891588723,0.23406351076908544
0.04024968643301693,0.1430385373298814,0.035290487145369885,0.09761210766364417,0.08944277328427498,0.11131650079506983,0.02845828959548221,0.2878359004679262,0.04115811519696831,0.12559760208836593
0.12986165423395546,0.1473365918312944,0.06699353482670886,0.1826251081021893,0.07670442521607931,0.24622620628829772,0.017813205245355075,0.03436743921907969,0.03252354417228675,0.06554829086475326
0.04196191647877138,0.12426035936817562,0.03959555251511107,0.17448649806559055,0.16323679785150733,0.042002488780365665,0.024875123792949417,0.1698743581378336,0.11449419790664617,0.1052127071030491
0.07828787851010742,0.030075908837795467,0.014572374879547217,0.18866492145797326,0.022825707549669127,0.1392753629477967,0.13181890641485866,0.17010787704016275,0.1144696099758525,0.10990145238623669
0.06318480801275407,0.21559448302998166,0.06769957595387903,0.17434445667534312,0.08019318902670944,0.10994081435047379,0.02440300418466113,0.21267974283477636,0.03441298242919184,0.017546943502229552
0.039580751888265826,0.04059069839380895,0.15189319238799937,0.20382408174660033,0.2144688780633772,0.03893816140367267,0.010489071233316221,0.15917189587253003,0.02008392536571152,0.12095934364471787
0.12406061429078805,0.15880625072223822,0.09136729971287477,0.07392081977019721,0.0872211802858638,0.1553989616901866,0.04296367059502825,0.13536912361114958,0.036677693944594296,0.09421438537707909
0.08653848116602136,0.012061791861802241,0.0064593587066793705,0.08080507921979475,0.15683527413681547,0.11502304608155045,0.13056011813235935,0.11404705991995687,0.16858506308007584,0.12908472769494433
0.025530998963230363,0.23406637498178115,0.0966795892899775,0.08141028010152096,0.06978032230109382,0.13069460200918123,0.19462388333912292,0.10533975157209463,0.0446913738819242,0.017182823560073193
0.13131173118993744,0.15543001140950477,0.15471603799723566,0.05327635638409785,0.0776126797505237,0.16846814435190283,0.15115376223509047,0.014407096204088922,0.018812037210581018,0.07481214326703736
0.047167570387264074,0.08570822266176623,0.10969576415554239,0.06565314483782009,0.13730672859180681,0.0789811900437399,0.05671591020751792,0.08147780195390487,0.1557447921851119,0.18154887497552583
0.09644877315192912,0.1111738889094224,0.15521396146471944,0.14351723897711094,0.02448538164249146,0.13416486193817045,0.11833109913608421,0.09077379078518649,0.10723595176052247,0.018655052234363225
0.10391526786076742,0.17392888370992976,0.05769770409939006,0.08722972528593433,0.19137594458449536,0.0530955928219378,0.00697173770594621,0.022429290112258388,0.17383197472587714,0.12952387909346366
0.1632791905066037,0.1563567137178261,0.06176670998050478,0.07446069424582254,0.010708504010551359,0.0913881072788094,0.059103066712903385,0.14992833180174817,0.1655448134815674,0.06746386826366312
0.18749661921283797,0.06883065433507382,0.1031420235379357,0.11986487537530705,0.03407183656958421,0.0541314131436472,0.11261815251674347,0.0134853838843266,0.12795852538498034,0.17840051603956353
0.15263983068869086,0.17227463294357906,0.07813089262499741,0.12080631166807955,0.003796322232064225,0.0592019466319921,0.17380319926815893,0.02888715930079714,0.11143830918673005,0.09902139545491068
0.04817487799630801,0.10050749046273928,0.09835002342764959,0.07878703950727645,0.06222212894285664,0.01720737521759376,0.17967572154372163,0.09012592173507807,0.1345595380010678,0.1903898831657087
0.12220342634672691,0.08591338709002942,0.14935932222273432,0.09687634644818995,0.030555129631876354,0.034303798830747266,0.07775944602833988,0.05072919856392523,0.17635432890565156,0.17594561593177913
0.13190382913487012,0.1098979909877335,0.07140809112604611,0.1197091270636441,0.08945351459318757,0.1279407097155812,0.08869306330061114,0.12010616533994053,0.07857762313381221,0.06230988560457371
0.10933123539119775,0.1978307604543208,0.06509253278248868,0.11183161819514777,0.04687963621015244,0.14358503607692102,0.03536703337152917,0.043882206214007034,0.19598306508985572,0.050216876214379584
0.07467357270947984,0.0755664613576431,0.116079384603604,0.11740108021934005,0.16713171111675734,0.10480666312726138,0.09766122749334054,0.0695773834043153,0.0885627419352816,0.08853977403297686
0.07350801981743273,0.05349561227281389,0.19043898234028014,0.020857631051379662,0.11738941836890124,0.048240772636773295,0.18943153882585811,0.08156895687158061,0.07910379186719464,0.14596527594778555
0.08462154747422246,0.1607515428438382,0.15045097752018516,0.10680989097517153,0.11947248821296882,0.15138484191949525,0.04557449277435477,0.05154086505572903,0.1283982042644382,0.0009951489595966664
0.12598703676285486,0.049819683816987155,0.08123232719991902,0.0939626776378053,0.14811344359801823,0.24990757938327576,0.011227096182162067,0.03595646833290481,0.10218810802275172,0.10160557906332111
0.04437748642949958,0.03744560926222168,0.12874865629533813,0.0788488542620563,0.1386884086005139,0.06064312090538227,0.14050654063761192,0.16734734302768708,0.12469801333176961,0.07869596724791962
0.15697797695418708,0.12993734895693856,0.045474036008503,0.04726981328960841,0.07126640865648871,0.18707459767229476,0.04836834809453364,0.043767534886256856,0.13279438104746275,0.13706955443372618
0.056188727317091444,0.000952010787774823,0.1708403412720939,0.05729553765693902,0.04297834973242509,0.007440444407098935,0.15826316426092857,0.17982432482790747,0.17341149583803672,0.15280560389970407
0.12435242168289903,0.028764520761421792,0.06649018276055046,0.13078528990165905,0.15967845118850107,0.10375241928687182,0.10466442310991474,0.11676981134010875,0.15826305656925116,0.006479423398822128
0.15762535404500697,0.04558556226115145,0.08621643222487994,0.12421144364611686,0.13427855738197506,0.1413433908727711,0.056321411192602776,0.06300440585601029,0.08278183320404281,0.1086316093154429
0.08001699651720036,0.15112547865299192,0.09646992709582106,0.1391090189917048,0.11594760169777875,0.06261016952621351,0.14164093615625203,0.05909430461286228,0.016368263972252488,0.13761730277692286
0.016248197995414087,0.03823222714407883,0.054225293186741644,0.2136508295308942,0.2610537662705528,0.04496100888355354,0.09100618365233097,0.1064162952616702,0.025410569166712433,0.14879562890805137
0.06248518433362386,0.2043179911691883,0.059599845361756866,0.047213099917550926,0.08078248034267774,0.14074553071929322,0.096962752200394,0.1342851176939225,0.07767127067966903,0.09593672758192376
0.08015017962145085,0.0263585372171139,0.16311302197907238,0.15879165009977925,0.13122186607550743,0.07462242384375815,0.03013527052462226,0.19641549614599055,0.03963720071622859,0.09955435377647662
