i = 0,i = 1,i = 2,i = 3,i = 4,i = 5,i = 6,i = 7,i = 8,i = 9
0.06606408736730224,0.12147485926625623,0.012661758336909124,0.17010337894781025,0.09354293540371907,0.15156363095655118,0.08137558050677093,0.16254093335201297,0.037928080309323875,0.10274475555334418
0.05553711571298813,0.15207820274403733,0.1562808113146411,0.10940675328552267,0.05442361075270049,0.01935871014427741,0.06741888046490015,0.14362130483266058,0.1581244931837516,0.08375011756452054
0.02766468590302451,0.1568664484369698,0.08283302301484194,0.1828014480236392,0.07557140198311316,0.07444333509161001,0.03139560934867991,0.16450091527905492,0.036255381837809804,0.16766775108125673
0.038215049629568405,0.18917030594877818,0.039991368307078494,0.0058188841423704556,0.16881458174472536,0.04585846647891315,0.22691092622403278,0.0138748769037849,0.0990757477167814,0.17226979290396693
0.0440230943280933,0.1391179667715277,0.11685484248665785,0.10610047105584036,0.10776677513126703,0.1398653642831002,0.048309390421477263,0.15523358650430463,0.09999198074649189,0.042736528271239665
0.2158339313226916,0.009687539638043401,0.09196755589881023,0.22247719480785363,0.06147611024306856,0.15984240174706305,0.09145854388646964,0.05395718070506924,0.09126838676344085,0.002031154987489731
0.09770427863482445,0.1640554241363373,0.14274281746643924,0.11212517706389076,0.14133284363636245,0.0049086909283826904,0.1503047342538456,0.061374725560562136,0.080219175925524,0.045232132393831184
0.15275353678942477,0.03977505612208947,0.14613287977954442,0.03635028648783996,0.12146095793301391,0.08868833672077676,0.161236640102137,0.021766391894423847,0.10295511018208858,0.12888080398866128
0.15065618491183264,0.11026326247261412,0.03997372127491333,0.05922787475516478,0.15499476568666964,0.13184492754588958,0.026164643704752164,0.10140750041983784,0.10443495415303186,0.12103216507529399
0.16550083658578468,0.108026254136274,0.041018587073001406,0.12566109375281315,0.08783412462383934,0.1674349351081792,0.15436175555884157,0.04660224662645922,0.0736006333277449,0.0299595332070626
0.05616030202409066,0.06403893985342102,0.19871801886931187,0.18816466037208796,0.08609702238559622,0.15036968317857669,0.09169021639711013,0.016402359596336916,0.020667757119729235,0.1276910402037393
0.06577815954321647,0.10527814227047105,0.03971172329228364,0.04562588003681628,0.00819906769298535,0.11310999275180876,0.04787239359451586,0.2547278730309529,0.19532005596282245,0.12437671182412734
0.0761856884392386,0.028875901166896263,0.15728712974978296,0.14697431767439834,0.04416349177145734,0.1775747284432879,0.0015867662020431622,0.16384051405227154,0.0783958302620761,0.1251156322385478
0.01790756579369621,0.15335878030970945,0.12602819888901665,0.1742565372561847,0.009686339628875582,0.10637949437999475,0.07856131589428088,0.0772555985616755,0.17068853654924,0.08587763273732626
0.028237036091511375,0.09219123131094753,0.03830646327632039,0.06997744867669005,0.01387374427401549,0.1447790240992921,0.20901647341547278,0.18435524650005647,0.11376069628250056,0.10550263607319321
0.0823659550665317,0.12365731594785409,0.051311814330587305,0.02844339416309135,0.11402316618813838,0.1876806368217772,0.1512687518464001,0.04940661341003056,0.12883714668553103,0.08300520554005818
0.08562642312493655,0.01270738430641089,0.10073055590338056,0.05279326575094183,0.018973191752381918,0.12496601826675792,0.1320238375595846,0.16896251712418148,0.12460355608713203,0.17861325012429216
0.09007533704990163,0.15132437651790476,0.06142606709996872,0.10532958472655952,0.12210035843491275,0.1027074499345524,0.10365577779251171,0.07378117436632714,0.026599162045417436,0.16300071203194388
0.1396967961611319,0.02419130526916141,0.05265780871159027,0.1562719967752596,0.14666440600805997,0.14029083505704423,0.06883636085462588,0.010728616729699452,0.04842100170821893,0.21224087272520845
0.12773987346323032,0.11377282536758015,0.12920271743453768,0.0009003870680971406,0.14966541066067626,0.1274715900865565,0.13498843646976388,0.039641208071180746,0.004192927973078391,0.17242462340529882
0.18007442716761674,0.08229308750174683,0.07099456356941453,0.12262321656959221,0.04527984584002594,0.014273506265537068,0.1637829369878615,0.05721068686148891,0.11641489102509978,0.14705283821161652
0.11612623352947095,0.0650254031391703,0.10537200773634897,0.15321474041780161,0.020798973938811333,0.15815721848156086,0.1797203024749133,0.0782700376669717,0.09672429898826183,0.026590783626689065
0.12815645158025887,0.18660043518009686,0.10623022076775807,0.04070297138986395,0.035078374562149434,0.04740865088263351,0.12035433501657526,0.10819499939840502,0.03783209326553139,0.18944146795672762
0.12948740992059873,0.05073318905902014,0.20146278841957105,0.0986840929545136,0.026823997456789296,0.11213012603149275,0.07858238470282976,0.07064028187286274,0.06316660367761834,0.1682891259047035
0.0012863048143483653,0.1676767661858363,0.032379870663573625,0.16647160563955898,0.11741731089955597,0.1156954779950331,0.10369789675211495,0.08206746777551271,0.1479127331325859,0.06539456614188009
0.16581946156030153,0.04068398587781756,0.09035330754566322,0.19667754207745344,0.0075854118433150534,0.04013806074195563,0.058359544261596716,0.23497459898311068,0.04773772610640218,0.11767036100238415
0.09098298763579532,0.1342697413291323,0.04262872253452201,0.009503234050537013,0.18867737469392032,0.1455513761833267,0.08367737200973085,0.07951904293859562,0.04066929119244098,0.18452085743199872
0.07143884855376441,0.1395781040377993,0.03102384963716894,0.022436101244470513,0.13311994190270413,0.09478279155953837,0.1080729222797997,0.13280768298471096,0.12094735695760661,0.14579240084243703
0.06241204535973925,0.01854597595768254,0.18490411815716226,0.10772105981983052,0.11770964526827689,0.15333469448655618,0.10645402521976913,0.12926039136117143,0.08487074307408844,0.034787301295723196
0.14122962902891575,0.15295805629440867,0.04048396147442906,0.06118179147964816,0.061446448578366834,0.014205881085881012,0.034409038140362606,0.11194969086283009,0.21031929758673923,0.1718162054684186
0.18654126273854377,0.046014983036373844,0.009931619319376176,0.1684989153497416,0.0667457070138382,0.06164957695128438,0.058240170267997236,0.07267363606498314,0.16994348842765009,0.15976064083021144
0.1662811732280473,0.02250321604598357,0.0990072342880187,0.13564524077655735,0.15565939537102624,0.03505637172039074,0.2065062171436656,0.07359897183776161,0.062325173720740215,0.04341700586780861
0.1261282208706987,0.20716070350544374,0.06493345441847906,0.02028182889046686,0.07310367758303835,0.08903430788156531,0.14546226972513537,0.10765479119308999,0.05141150305181122,0.11482924288027135
0.07280403376910197,0.153711201351708,0.05059165198242898,0.1278624850196873,0.07454808925585629,0.17444223944006826,0.12705139684078828,0.11422579319057065,0.09729119226860995,0.007471916881180392
0.08055309777656061,0.1252046583377,0.1121790344369826,0.15953900375411195,0.15897953382288516,0.21367547055894104,0.04520894908394002,0.05620229914498597,0.03953308918169049,0.008924863902202299
0.16059482147910542,0.1440197757565642,0.0835381368049538,0.1488046910229035,0.062219045330133824,0.09532388595666548,0.033376469429901384,0.11566746151301102,0.01829561382886933,0.13816009887789213
0.19343948329492103,0.1468830263972889,0.19015454522875702,0.038115472521584114,0.00505437524024095,0.1453755863270352,0.005348743646352015,0.09076050293109912,0.04355417068149765,0.14131409373122383
0.17606323335089977,0.1516302933800137,0.003709228669481398,0.12271645787966287,0.0765433803814877,0.018616518165151825,0.036727637462189565,0.15889233201674885,0.08129405559119003,0.17380686310317436
0.1469519207896577,0.12640720964177204,0.07219946615849077,0.09964806496359484,0.05589960981763722,0.14299865940198608,0.04799424029587603,0.1555953320623965,0.10398290894945707,0.04832258791913189
0.19892408738171044,0.0031049604052893263,0.02561790358640664,0.06168174360803322,0.053006625597494486,0.17847873761887864,0.08943075182750514,0.11793332068304486,0.13817307945859894,0.13364878983303832
0.180296036413059,0.020353605358167264,0.16896700367581258,0.18786401533145,0.18356813337289304,0.06038412465803615,0.033779349819529264,0.06153999627862774,0.10035794063774967,0.002889794454675315
0.06305861385337215,0.16013018215073582,0.043575854564124425,0.08502059144752383,0.1244854763830248,0.15821964876559252,0.022090662220595306,0.07065639386835434,0.11245076248340492,0.16031181426327182
0.09396305669800722,0.020185387807819873,0.06386934993313499,0.058134882027052893,0.04759899852882184,0.17735172337557104,0.050859282310721406,0.16157461339854076,0.04094326998308565,0.2855194359372444
0.1062859105497267,0.08818306441731552,0.09349414583675206,0.16928866313888713,0.07780906249657349,0.07188708096543003,0.01738335533738779,0.0566318001103171,0.14469452922702203,0.17434238792058823
0.04534999833317329,0.021214077807833895,0.1744268286632856,0.08702068488421562,0.11602418838976843,0.10468806421547137,0.14625547581398246,0.12920978180519116,0.12463813112393324,0.05117276896314508
0.02909669005323684,0.13180749354824634,0.005578338245146245,0.11283775139198422,0.14487331571721146,0.09543657335163659,0.12215571347619668,0.12483434988730172,0.19151188662460952,0.04186788770443033
0.15350088821425695,0.14687545328908053,0.01795072086665948,0.009263893469030372,0.047442658574303596,0.1599124659575491,0.14423844848101874,0.10969739320592684,0.15116816897253219,0.05994990896964227
0.004736950855137921,0.0625674275162327,0.06477400103062728,0.1970504096523362,0.05378455705248985,0.13274081336803642,0.1918360680523562,0.0450982002631165,0.16207974221530738,0.0853318299943595
0.008937500851098488,0.23467077033568384,0.23820779302431394,0.0619443052462128,0.03772075439209491,0.2157750335131158,0.0030334628947130283,0.10043712519365192,0.030229765488913853,0.06904348906020144
0.05918829347026209,0.05794094301490864,0.038656774293283465,0.13133710149920605,0.053798943052071405,0.06383820506489889,0.15318684936553845,0.0879940266372354,0.17717552588768398,0.1768833377149118
0.11216948445693865,0.009152745876082325,0.050137395715626684,0.11857637789612707,0.16506377573222852,0.050389505130341794,0.05731216518575438,0.15955343767643448,0.1667358208128551,0.11090929151761109
0.11568286008799561,0.08584387401256978,0.15079574209059984,0.06377494615562769,0.04996672101682073,0.05734903489750233,0.1357190101043298,0.16527624317030384,0.013809068722358167,0.16178249974189238
0.2514836047646754,0.05748321223966366,0.2250445059523559,0.10818917351291413,0.042400055923254666,0.056220358933860876,0.0746405015181924,0.06632242291448662,0.08508930762418981,0.03312685661640659
0.14127661529248614,0.08072672643918721,0.043349125408600565,0.17943954203756254,0.15372659999306562,0.10097659631565412,0.07849237909671805,0.024951748185954196,0.0702434587119594,0.12681720851881204
0.08524718802651735,0.045285532018951635,0.05730804398746648,0.1599836990231059,0.014819176143945463,0.23177275529636687,0.13419363511962762,0.010927265077044647,0.2103974001430791,0.05006530516389495
0.12834857421037565,0.16114889364847107,0.11522466314407129,0.08706670301699393,0.06652521063838483,0.029859497287978057,0.1632291196873581,0.05289304723247704,0.14099666921673476,0.05470762191715524
0.13566804255999965,0.13063036278863308,0.11375681197158276,0.02322026327028581,0.1318414865219248,0.11823689561835467,0.01425628807033414,0.046791792466443764,0.15304912335050444,0.1325489333819369
0.08326227260003094,0.027615928772082812,0.2102341078159159,0.06544355381340848,0.04944148436937347,0.13032162007190587,0.004668776331792285,0.18238512446316138,0.16436478819942732,0.08226234356290149
0.12973389546349579,0.1340389086155681,0.08179240647223132,0.12743691189907985,0.08389987003288704,0.13780062591569348,0.11225494704947603,0.0865362144166259,0.10361092176099793,0.002895298373944486
0.031264790305756525,0.07368528466736839,0.03243805660813555,0.10294289343743215,0.03663877006116964,0.15461787050859085,0.1916314590431556,0.03974704306299795,0.18537553409001375,0.15165829821537957
0.02186138388168334,0.03326383352447073,0.08598696974868546,0.1423172774589161,0.09075057277480661,0.1601667557324297,0.13968728905275,0.05831766842687011,0.09420810721517765,0.1734401421842103
0.16942827064676994,0.014067615018675534,0.037652263117314407,0.11532668067431424,0.12953014923575004,0.12320925894006016,0.04550071979483585,0.14437417358159035,0.11396122049371814,0.10694964849697135
0.10618348057599755,0.11837656802021138,0.06867514851524736,0.11730464817123155,0.1076154857053606,0.10484769825045968,0.15983821115202082,0.05072650892687908,0.08423854645716576,0.08219370422542621
0.03986859844481841,0.04122387113767868,0.15828061374129826,0.140836176832394,0.11031612217158555,0.1261950149876283,0.08928929645066043,0.02896002070574578,0.1106725836590226,0.154357701869168
0.04117216949193965,0.11350181067962488,0.19236083770892673,0.04959429946065147,0.09524658271661494,0.1619414733363594,0.03191135811404533,0.01740444750632164,0.10945024621109663,0.18741677477441934
0.0480104444877478,0.10419370785115727,0.023810628040087257,0.1538722814944459,0.021999840214556983,0.12583753612047985,0.1870578929179646,0.163108851486392,0.1260214075900724,0.04608740979709603
0.17090112122578605,0.16535639420524317,0.12486115577571238,0.09152984878997585,0.09963941771208401,0.14915452458189568,0.0014420748436372887,0.16320810019394594,0.009363151068656431,0.024544211603063137
0.14169519627360164,0.0021971285570676086,0.11845214091573938,0.1461825663083786,0.15340094903029886,0.09977295345346786,0.11614109284267538,0.10764249333942826,0.06884525805498307,0.045670221224359424
0.029554973810357522,0.14451782162292937,0.07452661900287888,0.13477996427066938,0.10151627016055623,0.016994642303994566,0.1366638954939878,0.08077575219784155,0.1469242579538671,0.13374580318291765
0.07276358970902734,0.09445029801833621,0.1216351781989347,0.05388501780074187,0.1340455902121965,0.11524334397870498,0.01967542062948099,0.046369761593117495,0.17180519405146294,0.170126605807997
0.12311207680904306,0.07036611733589253,0.014125151974774229,0.14972864376057307,0.096649557708102,0.06471367695375758,0.22184762126015803,0.056375402864680235,0.14310927163589893,0.059972479697120364
0.023615464910822642,0.15222128450618738,0.13952071489917972,0.1534364458615027,0.04191023505627605,0.0051894034873918825,0.11021546609873346,0.12335495368897038,0.07341895112132256,0.17711708036961318
0.004125340867479999,0.17212229072146512,0.04359708325204895,0.008092852490228336,0.07412819997125589,0.15659234135796213,0.20039628152331734,0.12177947153397109,0.1125694991027565,0.10659663917951467
0.08232501065132393,0.009861807644389506,0.179692599947502,0.181566081683506,0.01588674452271838,0.18991868203785423,0.023346582832493648,0.19003701989529023,0.0049165691476420565,0.1224489016372799
0.10468646695076964,0.09143720768176176,0.049619166900458735,0.15269623373193844,0.027629151812870928,0.13707429855416725,0.08960345658630517,0.15446867837944764,0.052025600044921835,0.14075973935735855
0.01477107603344839,0.12833050288247336,0.1288768626979302,0.05207715548495215,0.09972170320047156,0.09174749161225416,0.08469012121917908,0.11264102700590928,0.15940481115495397,0.12773924870842776
0.04900468367990521,0.061476995377778385,0.15577767597623765,0.10180818014527312,0.022084607554222806,0.049437375549779866,0.08652099519369869,0.1853053417165354,0.1200787362054957,0.16850540860107308
0.07414607355310171,0.07476251951002458,0.008057328950295815,0.062264684671985,0.062093503530275304,0.12421859258971372,0.15105596517575534,0.11351862593848604,0.2105414575003707,0.11934124857999169
0.01787880526176203,0.029071079866467234,0.23236407326372274,0.11752131953247356,0.04793909995312254,0.035913522898081966,0.19918843618271848,0.048774202552676935,0.14752457312382503,0.1238248873651497
0.11945083662307027,0.16030851363688928,0.10985770189933643,0.06107329010386309,0.07197360182886932,0.09789078109183952,0.12709466998787575,0.05984489038144992,0.0337752251568109,0.15873048928999559
0.10182863106320496,0.04854923461258437,0.11824442047644326,0.020199278084597583,0.16365426622694004,0.08263207947426775,0.08944853342601929,0.12187570124490167,0.03578248498599236,0.21778537040504878
0.029671523826684188,0.13301347113304626,0.047779307605016204,0.09132514627693576,0.09651000023295457,0.13160113035423257,0.17875712178571648,0.16867264924924472,0.0786749813198927,0.043994668216276504
0.026291990598005428,0.08128816236797752,0.19737364819949013,0.06028200748632341,0.010049249993267964,0.17296065651762038,0.2222257606102735,0.05542871478798709,0.056947800183125785,0.1171520092559288
0.10134424126049094,0.05319788035159811,0.0899137767817676,0.2041187321595932,0.09807500590505498,0.009988512036587913,0.10388313603288962,0.18450908408701702,0.055456585908330684,0.09951304547667003
0.02989751913871114,0.030122092296066796,0.18574724361610062,0.07243123994921999,0.19843993444394306,0.05198447018967774,0.2050391130455356,0.1355542746817997,0.03937995034851411,0.051404162290431245
0.12504562168671723,0.06974037654665448,0.19021421084626433,0.09213663566187347,0.007771336380679209,0.03567474155257116,0.07572712952843401,0.01837672123533132,0.1885429702563026,0.19677025630517228
0.14781114725465447,0.1104384333797655,0.08554270460347338,0.03134898697799391,0.16945286066186357,0.13762262521420407,0.1310393072016772,0.005601279658735112,0.129698070653361,0.05144458439427175
0.06494585022688792,0.007682289916494104,0.03112061084684172,0.05910552319218793,0.15124259826255965,0.1456183081073044,0.1323313321253994,0.14764906003439704,0.13994277605820576,0.120361651229722
0.07428719302062636,0.09911562740977138,0.05157885199642605,0.08130176752899038,0.23502962486669446,0.07489190960018671,0.2204393423450925,0.009126251298454341,0.13404840034439364,0.020181031589364243
0.16893233707065153,0.14533044085014735,0.12360141376621643,0.12661947618945812,0.13209339654412544,0.028765536738863222,0.011772454580845207,0.20681883350828062,0.044573392333417186,0.011492718417994803
0.1278738681916695,0.09182402444329234,0.185000737977755,0.05448957945639516,0.11225585060017132,0.01971870470983354,0.06826672835891533,0.07737739271365235,0.137891027130646,0.12530208641766954
0.028994828553744915,0.20828706793226454,0.13278533269630596,0.1026511439552329,0.05622379592743752,0.051771990504832825,0.09593858220510787,0.196169015697672,0.03910292038368916,0.0880753221437123
0.1481937093220956,0.07743178339735826,0.07141804983164224,0.016271793134623614,0.005698932683041388,0.0696616890931514,0.1297317136186295,0.11055312170141705,0.20928130021950922,0.16175790699853165
0.01484047237465869,0.1559869132902968,0.04174522761834396,0.10322817176605918,0.12459527570935018,0.007557421317060051,0.07319839186230358,0.1598255608352245,0.1397259392206384,0.17929662600606466
0.1673433325677536,0.13120065043763057,0.18080038096512377,0.09500634979392564,0.026470471956569392,0.009834401408140089,0.17872554099691113,0.013435678610492514,0.1150261268640141,0.08215706639943911
0.018860646772568147,0.017852205755247517,0.1672667990716454,0.07963069379576415,0.1149810365564951,0.20075499160448285,0.09268556052361132,0.1066271535915765,0.009413087516475486,0.1919278248121334
0.1574908123398406,0.0577568151032303,0.14264356293359368,0.10485227450677687,0.09739346406818161,0.1416572970564942,0.02783923715188304,0.06520610359305802,0.1287809721967008,0.07637946105024081
0.18984703341321227,0.1611082165924383,0.11474733534349127,0.052777170287080025,0.09225376538823432,0.135356909459853,0.0988270243051033,0.06691906135076718,0.06296456142136629,0.025198922438454167
0.1693877930621448,0.08984687784026589,0.1547506603106738,0.10194379274306553,0.15047009863557026,0.01768110469030405,0.094429201284395,0.09917438687420495,0.07809309350691003,0.044222991052465715
0.02270645865933865,0.052796344623720654,0.12914461122400306,0.19286435205007146,0.20558058940612367,0.20534851377740243,0.1076085306409254,0.007380094700728975,0.036618614818759256,0.03995189009892633
0.011578908956324437,0.045440540445263994,0.21039996742459555,0.13021431262286698,0.15822414058770062,0.11992275980115336,0.10307672530568047,0.14707098953314074,0.01343428514300347,0.06063737018027028
0.0661975056773639,0.03988422153376592,0.113511313441429,0.054354152471508994,0.19755206253919036,0.2080455770526385,0.016796317536550427,0.10279689946341182,0.10152554164133092,0.0993364086428103
0.14634472401381715,0.12676510605991226,0.0035841041869555724,0.2034630262118616,0.12498685089226766,0.03002822778146108,0.08971364402268577,0.08863457863701867,0.12148582180841694,0.06499391638560341
0.11863369396143862,0.11076789864153361,0.042349675991114506,0.14828236228990588,0.1316887410306078,0.042321973405995604,0.13353526203563873,0.04079226373711074,0.12932196646589442,0.10230616244076007
0.16175011554131302,0.0830328537754014,0.020224991320674308,0.19319624615401856,0.08789499676396977,0.1188053306786812,0.025496489662900593,0.06442294278771096,0.06602646587137614,0.17914956744395397
0.12207277670598424,0.021341656916313814,0.038941839832742575,0.16920750034600537,0.18241103676312956,0.06179319360560383,0.083613366437127,0.12622065475743352,0.16843488032008122,0.02596309431557874
0.018707593590128364,0.048333607852483834,0.22888774239610635,0.13012619472888534,0.15399219435548392,0.07067204532691147,0.040537176629593434,0.11629412012568242,0.19239078818588412,5.853680884074685e-05
0.0039129388275524635,0.18692212459614524,0.015526559691072608,0.08364278915806345,0.061651927257647184,0.1606667941252276,0.15483961435751548,0.07531490410452094,0.08232457351749933,0.1751977743647556
0.15593869722307502,0.09181023738558758,0.03267731701278741,0.12592812290227293,0.09272423504353652,0.0052643100369308814,0.15034813320836077,0.14213979563458407,0.11504622890673394,0.08812292264613075
0.07410173597875107,0.0664525059897874,0.16828152361869078,0.16496394315348226,0.1713763002539066,0.08285587596321431,0.08538154783323632,0.13956844746128103,0.011467987610722605,0.03555013213692753
0.15807893077090013,0.12596401512916347,0.0375043121077364,0.07193704718747937,0.09553447717607418,0.07190961621961321,0.08934852480659114,0.08873395647475929,0.14114577587844312,0.11984334424923972
0.16598470226864354,0.09588804805435165,0.08186591599475915,0.0954719260996102,0.12715243053144973,0.145474710313985,0.05886126791290292,0.008125432706033855,0.07318515294243452,0.14799041317582945
0.19979460682198252,0.20138756822205764,0.03185644420005477,0.1155607885041385,0.013554539393933031,0.1281558490212453,0.026065121046037823,0.055886675887383365,0.1662202573943672,0.06151814950879989
0.06498662568853195,0.17134749602071808,0.04338759098288746,0.20140362055505232,0.06982506850522688,0.16764165521230956,0.19303790559325917,0.03230877764662501,0.031389110362205874,0.024672149433183566
0.1263527866620638,0.09334393742968196,0.04336113648787629,0.1583764635534665,0.12732354003363713,0.0381648388215889,0.10688375252957993,0.04425900590758514,0.08693476115130193,0.17499977742321837
0.029961884337464457,0.04524558379553019,0.13774807153198187,0.18610135980063505,0.1283091457933415,0.15983436116922012,0.036486446738139576,0.11337815324159412,0.0919905657721827,0.07094442781991045
0.1433849986086692,0.09580340148945811,0.07003167792205525,0.08575619446313534,0.02826295748318048,0.04583616632460449,0.17231439608866095,0.08700178466512558,0.12610627307406796,0.14550214988104265
0.18494981195258542,0.18025574629918764,0.07332696645147382,0.042742423356065366,0.1547101237327905,0.014640641684211026,0.14273224801285259,0.12184745473125373,0.04780073333527851,0.036993850444301375
0.055704513801153537,0.018827094880725256,0.14005409551317585,0.15249488797200192,0.08790489446579716,0.13454097069475682,0.14910578651533626,0.11831938487832651,0.07469747637920444,0.06835089489952213
0.1611749461911261,0.09293632037420771,0.013918393315477723,0.09727211334531714,0.015515215697691922,0.2035118203426612,0.15379948938089333,0.11923879431168556,0.06481374253228248,0.07781916450865677
0.13257715180755922,0.04568279852485558,0.06068342545636174,0.1690878623084895,0.08769641351400176,0.0759054279050437,0.09202217795810082,0.053415715616014485,0.1505464272342483,0.1323825996753248
0.017926879176934214,0.07600023569093853,0.20209089040597006,0.13163068993370844,0.19724844916860454,0.20162212149700298,0.04256847988139862,0.09684767244047417,0.02897394340114523,0.005090638403823141
0.11756169290165251,0.16338793682584482,0.03396479814226516,0.1832634251379069,0.05227228592244015,0.15491720466753275,0.053993066413017994,0.12984786968923237,0.09058084953283801,0.0202108707672695
0.1894999895610115,0.05750263073277061,0.03976321339371547,0.15902624467986431,0.1473045880140348,0.007541893452707315,0.023503438761588936,0.18370749393582483,0.08569261393944326,0.10645789352903892
0.020768633687102266,0.02910334233593768,0.04253352875816989,0.08323515541948241,0.008481384350966662,0.08834184036375087,0.20759285002589534,0.24193995652875183,0.13744801050740446,0.1405552980225386
0.09845089149645445,0.10117144247895485,0.14050721262316404,0.1432223073661433,0.021887734034896904,0.15821977722383646,0.028078125138663156,0.0662576777369839,0.01863149678329883,0.22357333511760408
0.14390810665240383,0.04896505268903987,0.022829031789493383,0.13413021724059923,0.09897469090456062,0.14568100102632608,0.15039863823860572,0.039390320707191465,0.12501578315088882,0.09070715760089092
0.05384522077094939,0.16107200690848433,0.020169309829377254,0.01481075134928302,0.03273152499293842,0.15085167282242243,0.17840776911324355,0.08119478669744287,0.16420786841767757,0.1427090890981813
0.05157162994804082,0.08580416572076478,0.04865106736696334,0.1651185185746198,0.14806274890051424,0.00045076843710375905,0.06121221267583226,0.20420013993825492,0.13263725391951123,0.10229149451839493
0.033467717367779225,0.1432007370764666,0.19356889776840625,0.13254156972276324,0.0033870291414874014,0.08089485442937146,0.06871730863602932,0.152451979862492,0.13419499180601524,0.05757491418918906
0.015641555051083326,0.04394087481843325,0.23940082830183995,0.09115609093365469,0.05722618772556439,0.1172024660050217,0.10612711036617281,0.04870269647489619,0.14377748223588133,0.13682470808745234
0.09560490576675973,0.09517923136938654,0.16452720892103534,0.11804176835970392,0.019700061813249525,0.0029475291551931014,0.17929786530958167,0.15727599934210007,0.15735908562703976,0.010066344335950479
0.06391252786320495,0.040547946919660474,0.05101188780803138,0.1289380655696118,0.07958848007751188,0.18304255299085448,0.18973745026412936,0.03174802579174014,0.18384991658194036,0.04762314613331523
0.1711616761370535,0.1147900310864075,0.04590036812713262,0.17191931752131187,0.09971275763350629,0.05333304357987399,0.12984616718726644,0.12808966152087217,0.0516016087027541,0.033645368503821466
0.01813682975348296,0.13808405292823622,0.10755811742531796,0.1356237093183949,0.04966458445870269,0.18971661730397063,0.14589361592668454,0.06301790706630646,0.05479501555164721,0.09750955026725634
0.07041817001093588,0.1211399997777757,0.05025403336674189,0.06516844154987804,0.04118959433500106,0.011597101981580836,0.12222005819499279,0.1683554846390288,0.107793280669257,0.24186383547480803
0.18198440949441252,0.09122811488858626,0.042967795137582136,0.08634086875890495,0.12079657534541784,0.15567593910308852,0.08350810597558991,0.14366322140201718,0.03404025003017055,0.05979471986423003
0.12314701430601205,0.029581491542194274,0.05390749216706608,0.037691721504330006,0.11390953569351267,0.14117264432009552,0.04107146298017294,9.355020127805138e-05,0.24323222342896006,0.21619286385637837
0.19833385423640693,0.13921730237163893,0.1738160049283991,0.0021353058681794603,0.16480729474636108,0.008642305084498658,0.08997925092691472,0.04457002549500199,0.14429368523230898,0.03420497111029002
0.02510483367947228,0.01981429677903245,0.17544527935966328,0.13390694632413455,0.0823040115178303,0.10773942509938703,0.1675374251174359,0.1467167885312027,0.026166368907914034,0.1152646246839275
0.10511911606901214,0.13464877821848972,0.06969772113872562,0.12070829546491488,0.12798481955316968,0.061877496318058875,0.05652693321739116,0.08003521797802851,0.11708722033038071,0.1263144017118288
0.08329188865639725,0.15771093930435703,0.17962087131130564,0.023369920675003115,0.054808301542524286,0.023274422761033503,0.19546786819176837,0.1064002027571575,0.059800360195283835,0.11625522460516943
0.14892787587564754,0.08982374203369704,0.05825792607054252,0.10380369780918239,0.005519823942736041,0.21614121753152446,0.11250730406179511,0.0830723555273042,0.15141703054830105,0.03052902659926956
0.026440265570624018,0.15401016100620651,0.16168461764184514,0.07825223789142752,0.11397345226748619,0.07247289538515879,0.008731880749175818,0.19595738378094163,0.07185578037583246,0.11662132533130193
0.2281280096062852,0.14460635309928138,0.16248596848076963,0.06399459280686388,0.022779849343059377,0.06663529303154955,0.1008288600359336,0.056628548269885205,0.03631258451045475,0.1175999408159175
0.17028889950152215,0.0714786957645627,0.06863718183276261,0.23266639241563494,0.07432071801910799,0.03412396636533895,0.08842097091778832,0.027632147870658888,0.20554174205484727,0.02688928525777607
0.035911292859609215,0.08672469015781871,0.01313840910338915,0.002766882273717587,0.30603662727531966,0.09225690217179502,0.008763855064043613,0.007253469895059429,0.17607387530033805,0.2710739958989095
0.02268279198109714,0.03623005113990024,0.16751625809647921,0.054739275685055516,0.06345190654148376,0.12396778596658739,0.0969476982506729,0.15046115838893162,0.17222891384643885,0.11177416010335338
0.06495040170542697,0.13586999162811056,0.10115022128098196,0.13147135513471916,0.15093279385704284,0.0375679504814109,0.006550814973071162,0.09734318428452964,0.10035454323649706,0.17380874341820968
0.15975765269776668,0.05458532202764903,0.0774325504863583,0.008416415794692685,0.15743402552244168,0.11542010226110708,0.08282057700752386,0.12674723402094815,0.06515793660003687,0.1522281835814756
0.16662379411094314,0.20093257124636105,0.02565216077481339,0.07646902767617868,0.08213773026116089,0.144315722143782,0.12623688767423333,0.034090940008272695,0.1367498110324007,0.0067913550718540616
0.006667302690023075,0.1682481753598527,0.09598601344375465,0.09385820767586447,0.16766965970020128,0.08964751740363776,0.01065235338394502,0.17024435492250412,0.15195206513363146,0.04507435028658548
0.030235046430531626,0.1943096008081709,0.018666599965812505,0.0859699012571935,0.1363562466586626,0.13784697354896,0.00915629149464308,0.11131466822729164,0.20393166014033534,0.07221301146839873
0.009159177819776522,0.3013994924829632,0.254526236114604,0.04829359150102695,0.03311010273249448,0.1261603164149056,0.06882738891133802,0.033813374063291456,0.066655037073007,0.058055282886592924
0.08007271303969454,0.11109710295493798,0.03024486180478734,0.18608722220316815,0.011891982941994462,0.07331594293465252,0.16482960652990397,0.08049725622303029,0.12575012683340572,0.13621318453442513
0.14574122643835052,0.10335231188223702,0.032049492129720795,0.11727146812947041,0.1542635009756518,0.10432082439935238,0.13511750440150708,0.034747994969858705,0.06595353021694547,0.10718214645690574
0.04895436634200034,0.13163833830861282,0.15378135327608752,0.05732819126545676,0.10016225776589201,0.11171051111272891,0.11756156577057963,0.029412341084838423,0.18881810789594444,0.060632967177859085
0.08771673866225556,0.05585578208438028,0.06695947412522558,0.22415297097466677,0.2607336090477249,0.051067115144096474,0.0049840186558655014,0.11720655847935013,0.08059529175158003,0.05072844107485472
0.21971623726407327,0.0402293458497436,0.042737931161603765,0.06688525659013861,0.15652113567974313,0.013975369832519726,0.018247375922542934,0.12026914440171407,0.1186355482711621,0.20278265502675893
0.14310233260157226,0.021142706153116756,0.14198657812398208,0.08724353337239867,0.016977754287895466,0.13816550494644025,0.11186387590845005,0.12949910532288902,0.1145699451060511,0.09544866417720427
0.029049706278794333,0.17759432071539732,0.14200590915293557,0.02723603356862355,0.12390746819508862,0.020599460076429807,0.02900342497037551,0.0902393748344819,0.17842441371434858,0.18193988849352483
0.023552488889241215,0.04001157006384409,0.13286257468472154,0.07424879542668497,0.12801393427205435,0.14403160961842787,0.009734979199673633,0.15870762345719908,0.13502527838987602,0.15381114599827725
0.08208283687364572,0.15592830265620167,0.1605280351984939,0.0727988016154279,0.13281676762381026,0.13214088740389018,0.024286896905963837,0.13082004807092362,0.05740808114619706,0.05118934250544586
0.20252040697721455,0.1403199016792828,0.11878648868349286,0.04588204331440657,0.02749503374882293,0.13552570979424636,0.08433725946501121,0.08421506595465619,0.13431825010605603,0.026599840276810616
0.05403500321848818,0.23055079543596624,0.08907599744726356,0.19853809968672087,0.043740930108572704,0.06553804314310235,0.13005153111239798,0.060199496588158895,0.05178866988811364,0.07648143337121556
0.16695968247655543,0.10610223203719824,0.1431922786095468,0.006715396677027411,0.04857515657666451,0.002999979135175938,0.17760221045714203,0.11369349237006947,0.06298890661982234,0.17117066504079786
0.04745790458275038,0.14201994288823508,0.09766433988818571,0.142403208486573,0.029674584959863966,0.036142399551749624,0.10104233310622511,0.1457823986223582,0.08774347742783095,0.170069410486228
0.1160338907987504,0.13592992796598627,0.193145120172005,0.029651661421397784,0.10746857945254303,0.041082834009544926,0.043192057937039285,0.09562197236781748,0.1258227750818564,0.11205118079305944
0.04449927443317753,0.11469955632120003,0.16738046647866905,0.10013831455846131,0.038504098107986016,0.1273622408690043,0.08877089989162817,0.1738236376434558,0.11386552824093611,0.03095598345548172
0.2524426939072547,0.17227748434429513,0.004762217094290477,0.015759692100263824,0.107051956575419,0.23832250417707496,0.013369472896456737,0.17003198375532524,0.007084034200890172,0.018897960948729683
0.1314257139009399,0.11702329056822185,0.02935365376021995,0.06441097301363755,0.1184154183007214,0.17841921366519334,0.14322409460633134,0.16294376763550367,0.011752056002114254,0.043031818547116546
0.033207675597952305,0.1366390260718144,0.12927742502798248,0.11538591328771154,0.081969585137537,0.13008632581011034,0.1148198339672674,0.06049837943205997,0.07671543747621842,0.12140039819134606
0.17079985553474536,0.05311346216154646,0.1768165466143896,0.10770003336648928,0.04804827012933511,0.029811472947773855,0.17655343543525404,0.1961823793632598,0.002787042048977898,0.03818750239822856
0.0815237000172524,0.11354958917461291,0.1632404362783803,0.1505071942837192,0.12466235099029647,0.028144924956828198,0.06580980561951269,0.09315975690703687,0.11542216733454899,0.06398007443781202
0.16648730810217707,0.14954036957176758,0.0408429803431548,0.11179866590120467,0.06294769816223816,0.05734635583133412,0.15212867865287888,0.1302976363446842,0.030712321553395722,0.09789798553716471
0.02477795832937733,0.10613490615625769,0.16319982922127635,0.07900372354502627,0.14639969642355727,0.062379219243573404,0.058947088559616445,0.13762451723218058,0.1710288932723252,0.050504168016809306
0.2587074975334741,0.025024378093166367,0.037081946410572386,0.07828947374267756,0.11927086402267466,0.11415587690427524,0.0758878329077534,0.1182438414303936,0.14943678732897464,0.02390150162603803
0.1311481329324457,0.03144792642034862,0.14416657189907062,0.0557835400629166,0.09869978391411574,0.05375081397757902,0.2350408160028312,0.08163968614750956,0.13817009420589504,0.030152634437287825
0.0042653303327632045,0.01800415596226735,0.08740759956901885,0.007133292233761159,0.023376839591128244,0.035833245490812266,0.2195165794008685,0.14332989604876506,0.2368020812969703,0.2243309800736451
0.13331581920709776,0.13391824147537387,0.0892018859926482,0.04841473521132084,0.13562635743203819,0.064411596715923,0.050662222557497076,0.10284056866773474,0.07442653958807492,0.16718203315229144
0.0172839102332529,0.15224496704020044,0.20462945656532128,0.1771528561173571,0.07416550684732721,0.047733215725916434,0.08324070166607572,0.07708000608502691,0.09154624269632498,0.07492313702319715
0.08779391578205717,0.1605605946235855,0.17554481218111892,0.004558753627252587,0.178029477368511,0.0019350755396805547,0.08136668445497189,0.038221190289815535,0.09766564650061402,0.17432384963239295
0.08492981164220423,0.10496438753597981,0.08731506338650394,0.052388122982006916,0.1518492740386857,0.09025718017995729,0.14052341385594563,0.09990509765794345,0.16214530764287624,0.02572234107789674
0.08436662312250535,0.12057898297725032,0.16845993293481512,0.21550926204001936,0.07601135672860888,0.09294141830764005,0.0016981382920879166,0.10573977251353009,0.12155005699999358,0.013144456083549302
0.005978370187040323,0.16271333209539343,0.16664045303648817,0.0910605529181994,0.18983911190307654,0.05041833130419867,0.06899474081182215,0.09132201717370961,0.06997513516764022,0.10305795540243132
0.08451483229552606,0.08543669562097805,0.17744802777894403,0.03723035216966637,0.12011368341171182,0.01490859885446052,0.06473108798742362,0.1249967522857152,0.05126560028956164,0.23935436930601253
0.027022849505939216,0.0744160318255829,0.15918382563649586,0.1444332299745076,0.05730260287339456,0.15892085127775252,0.03235262520540201,0.1404261498238716,0.13102957280071706,0.07491226107633661
0.12091520188782677,0.13281784409216543,0.06281023592841922,0.08317044971233317,0.05861729506625884,0.10996990802769697,0.10601454691125219,0.1098546692084675,0.0982097453015882,0.1176201038639917
0.16953373520785694,0.11068694677705111,0.15321988533024183,0.14507898063098265,0.07005314184070545,0.04726523353527212,0.08045740030378101,0.039227988980653584,0.05076382730032046,0.13371286009313488
0.06842711918447815,0.12507415299917954,0.08591115908896042,0.12591675949379602,0.1682893088113255,0.007148036336243229,0.11135126582453783,0.14744423172413637,0.1212480913157227,0.03918987522162029
0.017316205136735464,0.08049298820826696,0.006848268321159325,0.018796067270905763,0.10119888590963452,0.19889370246852142,0.1622551159176657,0.08365166916170795,0.2044590707884113,0.12608802681699163
0.17943087159616608,0.06608442496936784,0.15833896554424165,0.05003603189148752,0.02622002042374228,0.10785507112147841,0.090082352106191,0.2127718634781894,0.03177572429163673,0.07740467457749911
0.12978259030851247,0.058156036810356596,0.06251915608702767,0.09815694008737792,0.023003650208008444,0.1638651101808951,0.10134962482314686,0.07745674214625477,0.17933457628690933,0.10637557306151088
0.10242796975565896,0.08210726484719266,0.17521206380980886,0.04850397749073746,0.03495280836197783,0.05807214647669438,0.11449930851688758,0.13110109377418067,0.1240069178949309,0.12911644907193082
0.033158831101280914,0.00011308708415089041,0.026955546009241292,0.03342794013351915,0.2442987755690736,0.11586376025958209,0.12448244208965975,0.18429155311474496,0.1847971091900649,0.05261095544868247
0.08152304455916848,0.012130934842137155,0.17735522380805427,0.017259709910089193,0.03923147067057549,0.07817718173681396,0.2860790007134974,0.0842687318642302,0.10090369287031914,0.1230710090251148
0.06325136701081005,0.117328988270821,0.15439956636630964,0.1005719354647373,0.04617533264071233,0.13063414741942483,0.17038227882359333,0.0370784679871504,0.16676351309174245,0.013414402924698763
0.038424363885064185,0.1455475615261665,0.05910908727147556,0.13400751350374288,0.18236261272557666,0.1474714610858088,0.04342894669029864,0.060202839241209075,0.04296410357876352,0.14648151049189423
0.12327518721676306,0.1957927281048532,0.08679482801941862,0.2025424816055796,0.0032885474626117746,0.024544646394693042,0.06897795707221323,0.15783731099535792,0.11565022035037886,0.0212960927781308
