i = 0,i = 1,i = 2,i = 3,i = 4,i = 5,i = 6,i = 7,i = 8,i = 9
0.10510371522347516,0.20963978005385459,0.0660306725399429,0.06122524156601629,0.013406090610948794,0.19300009350107272,0.005067882494910262,0.23626474758896132,0.007115097372712071,0.10314667904810604
0.03715630959120747,0.17206323994985032,0.0652098289272206,0.04431956884145504,0.12106102756439928,0.10088328994305693,0.15253996988324825,0.16804030791060343,0.13511948697008153,0.003606970418877263
0.052227985303577265,0.035190796160216496,0.02288902974542386,0.10075611563245752,0.041615154876717325,0.1363174698702107,0.17730052589731132,0.14431881783902742,0.10973929917258733,0.17964480550247078
0.0012976438854479058,0.028156872036163034,0.024784504119853917,0.1813830242795065,0.10730597349461055,0.1698884220626502,0.1026188458655136,0.12429200033586918,0.17702102825214341,0.08325168566824166
0.07803398437703317,0.1600829730391088,0.08201289148353794,0.09227021353750774,0.0553609799955444,0.1450960728567965,0.060507794805786344,0.141568185204876,0.028485173541588915,0.15658173115822027
0.006584024217223679,0.028455955223220183,0.08729035279699683,0.07870111659938181,0.040708386517224374,0.19277322237395203,0.16225454424698302,0.11829556480425474,0.15557159314538802,0.12936524007537534
0.1950853929970585,0.18529713135357564,0.1924426088110069,0.003384025032272896,0.12352669571581192,0.06778900654887518,0.005584688189338406,0.09713254591589332,0.12439479289960005,0.00536311253656715
0.07014875501250573,0.07606755179258076,0.13469489798915604,0.11784054012054244,0.12414922664493884,0.11530927152019299,0.1558678052700256,0.07828326908515992,0.04236193100701148,0.08527675155788632
0.1314122487662308,0.07039782103611357,0.13348869853323544,0.06593067614469675,0.08877572334903837,0.1095137615060468,0.12698730247620593,0.016849764876999532,0.1333553182178343,0.12328868509359836
0.1611798031701516,0.10535081191736534,0.1791727398139803,0.0037382855817050466,0.11903095739155535,0.0904592707647328,0.16183037880237983,0.07739816240589056,0.04517229130546708,0.05666729884677214
0.1282659002328623,0.15135353059130183,0.07677655155866354,0.06758492930297032,0.12685154710606766,0.034964030821490175,0.04258316435390887,0.1414892935436514,0.11127124221186298,0.11885981027722085
0.04032753969458463,0.1542522869963794,0.14460841327617496,0.013710675196486851,0.13715059682450656,0.13893097628651005,0.04296548095416131,0.16377818707580824,0.05967769825301426,0.10459814544237384
0.05732673785779136,0.04490816000106207,0.08352577782813249,0.179344904241679,0.057654960454857636,0.11667584324240342,0.09994934002524279,0.09359914995149371,0.1817603700328999,0.08525475636443769
0.16059519353012158,0.1192594115911513,0.10332898693790457,0.12533141946849766,0.05553148156306172,0.05142879655037043,0.039576727347274035,0.08588269910214094,0.15933515770490198,0.09973012620457594
0.20145395045615314,0.04627188591713425,0.06584968453311804,0.007152882523444105,0.07659676800622367,0.10652129907812685,0.17412660337110167,0.0354581929660559,0.09925973779184455,0.18730899535679793
0.17653554796780005,0.001265607311101859,0.08027708205064336,0.15070386144401438,0.03855887834691384,0.05372667939782386,0.174498627548553,0.012696824867398803,0.13777907440461543,0.17395781666113536
0.03568647439768912,0.03746714709453847,0.1503113159803738,0.11115601163881961,0.06076548122913362,0.17665199608689006,0.09533694388680722,0.12446024179566426,0.132108256607071,0.07605613128301263
0.13033348729312366,0.06621304624022607,0.12208633023681281,0.17420840011749883,0.09090316903731152,0.17646032366966433,0.0893056461991226,0.14777376678051343,0.0016579080229160623,0.0010579224028106594
0.05545332643147031,0.0925822175768984,0.06710371226319782,0.039010042513705205,0.16092381120802893,0.16368306215355652,0.0679191793863089,0.11879603322343793,0.11187590319713729,0.12265271204625873
0.12769242565025343,0.08255813832260477,0.01899195185927758,0.032599536649473335,0.1487364642058175,0.13161550234403893,0.04848027798772692,0.12395185772465885,0.18584155935240984,0.09953228590373886
0.06491084757831884,0.19067114746308714,0.07396944241085958,0.04143336712573169,0.08409530255000905,0.15068389904919172,0.027531695003107485,0.09790020286975834,0.19568443256093632,0.07311966338899979
0.005630788854469167,0.20568973479990751,0.009412180208507427,0.1264817481692779,0.19239060621575915,0.034520829648984175,0.04626846490898425,0.22213150168817836,0.11528194566262333,0.04219219984330877
0.027448326135594513,0.08830109530438757,0.18261110397662772,0.08696961023003907,0.06738133853498393,0.001932272981237949,0.1810775968796339,0.168347228781973,0.1448994846826341,0.05103194249288833
0.11306052288482651,0.1332599678047247,0.1217457233510245,0.054800067942375845,0.020561868112406807,0.11157197983111042,0.16121499055755817,0.04381177481732941,0.10423226671653961,0.13574083798210382
0.05967790050940099,0.21776308409772485,0.149687676774736,0.009192196212319634,0.018011858618621226,0.07266793985019758,0.07835764881119371,0.11126992409786464,0.09851993387849381,0.18485183714944753
0.1492890527119418,0.13913897029190406,0.1629718700828326,0.03527406625438606,0.014606667082062237,0.137936876895891,0.13248488888436225,0.041089420246726176,0.1387657637266456,0.04844242382324822
0.12821510388415389,0.12078032326130325,0.08529697685298923,0.04460858143909625,0.1057018639390881,0.11859608641844484,0.09688932967525,0.0697683357102494,0.13137766973683312,0.09876572908259192
0.16305001261068106,0.01189808157123132,0.11523328642246543,0.08067694779682248,0.061670291545682106,0.10512978696691602,0.15832245548598659,0.10514130320834071,0.13432795688716043,0.06454987750471393
0.05017018010833849,0.04496889958536665,0.1579569138430069,0.041595373449572814,0.11202897558610321,0.12011040075462366,0.15306321702784886,0.15199027759259598,0.07365972236221009,0.0944560396903335
0.15172292221391223,0.0970841020201184,0.08809299197112876,0.11275949581827223,0.02381334483392948,0.11607412936838922,0.15213697372659177,0.09636324796844664,0.04634729989176775,0.11560549218744358
0.07496291258477866,0.18257828358980385,0.08451496503053114,0.07266155677391617,0.0570347139238694,0.18676786201760023,0.023788848678404036,0.11120777790134173,0.11099007807242714,0.0954930014273276
0.22377377502633675,0.0013273798377437614,0.07460859558123789,0.09634790260165328,0.22933167536530005,0.10017348694809027,0.1061027074286752,0.021944289183148204,0.03560609004085196,0.11078409798696257
0.05052568291148982,0.1609694406491578,0.14102859097355208,0.006281338094541337,0.18505037945359595,0.06455207594955674,0.20581132578053563,0.09516032447136917,0.03873640964431496,0.05188443207188648
0.00331094743560931,0.06913353363633862,0.16885142554291882,0.08321650585698047,0.17411399602279837,0.1733352882289499,0.11922096419627845,0.05017406092731302,0.15793533122728765,0.0007079469255253218
0.15118529412269197,0.07372724601016346,0.14724072270068267,0.1539291967554907,0.0841390476088693,0.14869269495536797,0.05458566027868945,0.09861595016350487,0.07046437512054252,0.017419812283996975
0.01504304790187866,0.022179861587134603,0.1526246814975739,0.10085902012578109,0.1655082969588934,0.14796431070577834,0.16305684125665154,0.07554098934498876,0.11230210194470097,0.04492084867661879
0.11751387350442473,0.12067068268613068,0.09181682385832908,0.11492410741794717,0.09746598169660484,0.1799762155354351,0.0882753157151818,0.05265406755759898,0.11943872600368068,0.017264206024667016
0.14294006041649077,0.11612355198273897,0.1432942010355878,0.10280463834049193,0.1036655764749057,0.056645082709369715,0.04090578275873824,0.1296092149384576,0.08337433833064399,0.08063755301257555
0.13777347683195748,0.09617355341218088,0.08625921507670964,0.130030395195807,0.11763760977528266,0.10189685179239703,0.13505627649524427,0.09023674172810238,0.007527455277799555,0.09740842441451902
0.15790966458463937,0.044533990677503,0.05275742176622083,0.11041082232082447,0.2446776252151399,0.017206464146959713,0.04525937283153962,0.06422024283966092,0.03691439467829951,0.2261100009392125
0.10703905788219471,0.14769109261245494,0.15087779568248727,0.04101464392314358,0.0761580425183862,0.1124206607448123,0.030142120287225096,0.10470569862764784,0.09470100224691391,0.13524988547473418
0.20554253088767363,0.062399341454056664,0.17922992086161402,0.10217469727472425,0.07815043342840743,0.08863115505542599,0.10607572702386049,0.0485930213882055,0.06938403665369018,0.059819135972342
0.13871269734971997,0.07698092785480475,0.11426694904680379,0.20355053278820917,0.0859659544146399,0.06886733301569872,0.0969612164898787,0.05576399523008941,0.0739429447027195,0.08498744910743615
0.11898123602433207,0.08439824547072343,0.0506643722898133,0.1759188539330244,0.1248606925577937,0.02813276249954028,0.16153911479122512,0.13986569775872693,0.001091372789609441,0.11454765188521134
0.15482444613750088,0.11676245203920554,0.10210234128695532,0.16874147814640275,0.09500507321491494,0.058504803695011515,0.10478525785301122,0.08569286758968322,0.035114227663292336,0.0784670523740223
0.11358503028013382,0.24893143692394057,0.016653548932386093,0.04948778074953287,0.17063202625614543,0.0012625911613260753,0.1977645138558474,0.050950587159067105,0.12303542812055385,0.027697056561066875
0.14898534367691307,0.038012107066837546,0.1557913412113714,0.15586061677757265,0.03468183120591905,0.0475982717587281,0.08755559729669463,0.13223076987555415,0.1420536278830441,0.05723049324736542
0.22105855347432943,0.20138525611116276,0.009461241234217708,0.15353196931141602,0.08328897667903903,0.07947533362560621,0.014256182233295996,0.15020765362420954,0.08292751897839297,0.004407314728330525
0.06130188134506216,0.00017435340290421423,0.12667742408166277,0.14732555898259886,0.01465492609719027,0.10418054040247,0.17786055604645035,0.1050828706464724,0.2012505101563555,0.0614913788388335
0.11721960564034735,0.2050615536985676,0.11893887512080915,0.06946868652432399,0.09594703257317153,0.16817255314819443,0.06044958073220274,0.03341156403378792,0.13082534612985675,0.000505202398738624
0.10776820212722,0.04859329004084017,0.08532787325087562,0.18540919889205704,0.02084462105084984,0.18756371390251922,0.08308126529813559,0.06866478013261311,0.09214801001693498,0.12059904528795458
0.12374000018013133,0.021203211371650526,0.06478660087641802,0.15538270360759998,0.004811380590473456,0.1534569480254665,0.10686506778716198,0.13089897798905428,0.12755733768623906,0.11129777188580471
0.12422555919104657,0.011285845531632428,0.19688952106006335,0.028877261914944437,0.008412770944676188,0.06396978401594108,0.0809685824348971,0.056717282734133144,0.26267901399705174,0.16597437817561386
0.06873581671913156,0.05748457580355233,0.08950493034497803,0.09197967281692103,0.20540684360727995,0.20258933246796235,0.09879698755155504,0.07951745428460832,0.0940996038284707,0.011884782575540695
0.08266118385722203,0.17672839387967254,0.030368066258104377,0.020994815161825244,0.13646643079149418,0.10191275874843932,0.15151487573320058,0.08903514459254976,0.04370594285563105,0.16661238812186085
0.031557414172326125,0.11777890574172985,0.18149722431720716,0.16052621628203842,0.10327581083566151,0.16745317473532254,0.003368096114116854,0.06299551636297464,0.047510270850877834,0.12403737058774521
0.018369946731568523,0.09327453745681659,0.17067725525684269,0.13262665795726375,0.15280845055700365,0.12482637442498644,0.13235254274351055,0.039138742255134404,1.1740285063984394e-05,0.13591375233180955
0.13383241378260416,0.10730826909680045,0.0673391947166889,0.005766377671778734,0.020716144354863096,0.11036961812955254,0.1771693315597713,0.11604894102357523,0.23020095462106335,0.031248755043302157
0.14713206255351646,0.1649927021711291,0.14240936698702222,0.06980613765472485,0.06494049973119065,0.07377039944905545,0.12920525989483167,0.005676412725429011,0.10133293026209744,0.10073422857100289
0.17569618142356563,0.11763450080316035,0.037699543041397034,0.1371730780060636,0.09218483241980424,0.11519085282222646,0.10931340707213362,0.03437288679932332,0.04527969120417393,0.13545502640815157
0.05027886262182262,0.26254265207651534,0.08499566652748437,0.07359049080881745,0.007968065630681389,0.01576104835434524,0.028703017990160874,0.1938977800106672,0.2090504381854453,0.07321197779406019
0.0841422545956262,0.10733383494295204,0.007295630088736903,0.11510394193176654,0.14800419729147563,0.1739077062836235,0.12357012077375815,0.00843638304104881,0.1614282352448105,0.07077769580620168
0.023029077501048507,0.11607541511407081,0.008035715851735343,0.2029594651758772,0.04733288597519928,0.17700200157965884,0.06281512199083504,0.21918900213843226,0.10345777099235086,0.040103543680791706
0.021500585540349035,0.08800708978816187,0.07806182687897822,0.17812405538988563,0.1330223582212823,0.1447023253869647,0.021069975534177107,0.18403485887509455,0.14020275430524834,0.011274170079858262
0.06853790638178128,0.008169866673696336,0.24070141212465093,0.23233995913268868,0.07440649578469981,0.024475469381840847,0.02874612520548984,0.1209931846155028,0.07554809937226231,0.12608148132738722
0.1429737762507441,0.11361322131967776,0.12518070909096757,0.09152673055542011,0.05906007728888327,0.1117588177523848,0.10750062779066137,0.016915409344620342,0.0982129144358942,0.13325771617074633
0.035504869244103114,0.13049780097726305,0.16620310679440867,0.14572620263663438,0.1181956304051064,0.15171679349151862,0.08659213364878879,0.01389051084039565,0.03790729274258939,0.11376565921919202
0.06986394024562001,0.21091533306036744,0.003281157120458272,0.03146721071493486,0.06960395961255599,0.14960830433419414,0.19419628835391695,0.12479549485432337,0.034365853978160686,0.11190245772546827
0.02821224938595815,0.012505864391438224,0.0548762037636967,0.09007371083313935,0.21902869506162106,0.044682036698111285,0.2749546988042739,0.13185972494183132,0.05909163776286269,0.08471517835706743
0.1512736479388285,0.1755790288028627,0.16769157659351672,0.0896331095874656,0.046821813063757406,0.02176056269625953,0.16697896755178177,0.003251486937323155,0.11288292848022848,0.0641268783479761
0.1262763203075211,0.11189833425209768,0.11271820681807153,0.07635604395251486,0.10086261111678461,0.14670943288716004,0.022322520225103556,0.11087078414270674,0.1740205554350986,0.017965190862941446
0.08225866640432282,0.12589086038972983,0.12352897972620053,0.11222361122824753,0.22276988022648767,0.06650684185678643,0.08548794378929202,0.007151935403586309,0.120026781513756,0.054154499461590934
0.15894824779826647,0.22121507718601707,0.12039707783683681,0.0425422000885682,0.032320677549020585,0.04441903639734167,0.05288535362311221,0.20557596122903785,0.10099668616327466,0.02069968212852437
0.04985092424449602,0.06739604938634078,0.18905011082896309,0.17377223275406456,0.044168374694051014,0.05548898246008241,0.2095567192296029,0.008896564643498677,0.1650548925010379,0.036765149257862804
0.14871254597517033,0.06763038973519601,0.16137592994130268,0.015659760160922076,0.08689569917493593,0.15059510011541408,0.11754686302193856,0.1337583373509886,0.08032973356818894,0.03749564095594278
0.0985672846419148,0.040281642756027254,0.04728738313780189,0.023559396133970956,0.12312780708565652,0.2147387749243018,0.2303287704528243,0.02381486582960019,0.18035666354097848,0.017937411496923853
0.012559166349800664,0.15190387249343823,0.0919869927190828,0.16251558431408714,0.014304862329178549,0.2253285437205975,0.03526455652049796,0.10200125205781226,0.1277801890686719,0.07635498042683303
0.050761345887815376,0.21980667859140388,0.09523535430971102,0.1076119530558845,0.0034844514627679615,0.03811096550095862,0.12768159672615245,0.09803710615682812,0.16123806734564053,0.09803248096283747
0.13412351650960397,0.1158609068220468,0.13519578584469397,0.0819878568984262,0.016229798624446363,0.1660558621395975,0.01005159686411242,0.12142401998077014,0.07840113623699099,0.1406695200793117
0.16477666919594458,0.23828961296129375,0.11120585714563411,0.10829608228150654,0.11674557078140205,0.08057931548775726,0.003641071568463546,0.02760736676551976,0.07328847725884433,0.07556997655363405
0.07521638837955091,0.005895838221960714,0.04164439985721543,0.014495216203966613,0.18657595157104925,0.2228931640002405,0.020940548585009645,0.10385937485634071,0.11111319325324275,0.21736592507142355
0.15909582515561155,0.07853969461959123,0.05870372698644777,0.16951526657531008,0.09638408041039445,0.009243629202834348,0.062120013085601854,0.19179112048606695,0.16717932266297192,0.00742732081516993
0.05660833758301169,0.09104557052513916,0.009970021724663275,0.14277966583157814,0.11801948143284464,0.07296588754918101,0.17955517306443608,0.15440652835224472,0.012483454184891935,0.16216587975200927
0.1860421001355205,0.169063232655929,0.03933044860083818,0.05693726466435961,0.1627833090796067,0.03434926625117999,0.12778038693054158,0.003962897970384803,0.16869510075342306,0.0510559929582167
0.04518663659170982,0.21749400686579407,0.17785839755529975,0.07399804608349292,0.19023183598483626,0.0515856750219884,0.05222547815907388,0.1142684610608348,0.02419458783602632,0.05295687484094373
0.11742132767374158,0.08403855461583662,0.16098366643215295,0.09740938656183744,0.07098954696064182,0.10681931537726774,0.18431206271238385,0.12562162926844592,0.017012480695611853,0.03539202970208014
0.021305156492399783,0.17790948108251534,0.057302977383101,0.054378714269272536,0.07895673344192326,0.15299241021386015,0.10818318118819559,0.05788254891867363,0.1775268986299902,0.11356189838006851
0.14382814229204574,0.047145445173511075,0.1482565074713538,0.16594574847713342,0.03766486804680904,0.0809683596650004,0.18745864976466337,0.02796395802391727,0.019544517888709367,0.14122380319685648
0.18051336826894981,0.12167048076947262,0.18552670913882305,0.062388593936332774,0.00292283800913283,0.12970676619512195,0.1329531300753066,0.03970043525376879,0.054283001000701527,0.09033467735239024
0.1186627527931154,0.049705543858207794,0.08108467755624776,0.025437574607443936,0.17951545104408995,0.023639586932784364,0.1410952638693641,0.1300672937473912,0.08316045169735649,0.16763140389399883
0.10934324795054554,0.07764861701525529,0.05435548023475864,0.0595634731078126,0.1676511430918848,0.14769536545232947,0.018117911237395715,0.17031310393726495,0.052657960930204153,0.14265369704254896
0.09968836954967025,0.12993939698991444,0.13905337047930796,0.0601050304673268,0.10541743965872628,0.13721640769459378,0.09459501257018701,0.1382774269496777,0.06999413258279909,0.02571341305779669
0.000488027264678507,0.08018209049840631,0.15438853712981263,0.01986762591080357,0.1786116572213117,0.17003900360587387,0.05354364785388092,0.12877865870203029,0.11921486820673866,0.09488588360646356
0.13957385507477754,0.12813858747296059,0.0696195362267678,0.1219339577038199,0.08512408082485441,0.13764748904077845,0.08454372125354866,0.1449270569880805,0.03994960334672488,0.048542112067687174
0.15093081840356568,0.15094879637206352,0.052711020238397556,0.0979590050359777,0.023627750676393656,0.06692886340411476,0.05466788631731359,0.1307600098129126,0.13801505740340556,0.13345079233585536
0.08613353984951859,0.11542846555418526,0.1376801597673301,0.05250951274999163,0.13275734126060032,0.09283255287719264,0.1064474040009594,0.03348200939152681,0.1203809039077332,0.122348110640962
0.03176171073721965,0.04765374345255047,0.16388675371810196,0.16312920514582085,0.016324670978663126,0.09145437997058849,0.07777291463645299,0.12002535611265264,0.16542602964577732,0.12256523560217243
0.16970231448016304,0.1275463229393787,0.1329630438528614,0.0019651069018787543,0.11316353423088796,0.02034487660787605,0.1502055912560511,0.02817964920535497,0.14072073639409424,0.11520882413145385
0.08803636128270326,0.002020617980436504,0.050926877458843195,0.15365789889303835,0.014050193875431254,0.14233238263960132,0.16426226372771538,0.13261748402211582,0.17336206667639245,0.07873385344372243
0.05648213297863833,0.15058281457208766,0.04129918106224581,0.12215309414302626,0.17085263870688336,0.1120723566969358,0.06866037903223046,0.045166994752922976,0.07887179711107928,0.1538586109439501
0.09116451775626935,0.12276482335411186,0.1708310228768464,0.03180254790414114,0.01094040554576082,0.1684746314214883,0.02338702701608612,0.10134623594242557,0.15803379950492782,0.12125498867794267
0.0591630387489203,0.1261274165142594,0.03647619740139648,0.11078965879582431,0.10308273538250372,0.12847310946745039,0.11898118212054841,0.1362708462660048,0.08071640574775006,0.09991940955534215
0.07802338947147737,0.044316559353564586,0.21960597519439146,0.042627220141799434,0.03931116761489542,0.1059787673122193,0.06806837951060217,0.20456089157349086,0.1961183786286181,0.0013892711989413014
0.16973068882545891,0.123374014474823,0.10207916241095567,0.0008576502376671885,0.09309421082052066,0.09715782549001825,0.1780835809883673,0.05325835171859427,0.03690218810684933,0.1454623269267454
0.15572170584584852,0.02131938917551833,0.04584809175336574,0.13485225717830096,0.029461273280925043,0.1754790614138439,0.12390268852430807,0.11765903630528264,0.13525233740095055,0.06050415912165629
0.16494972464901236,0.024522605296567575,0.1750943777161787,0.14653155523270403,0.13120191579708435,0.11746212873777873,0.01036581821599269,0.0742354471583953,0.09185449967668916,0.06378192751959695
0.14485654921673427,0.08418286693517582,0.04685794907899473,0.12866666694711945,0.11012755149645828,0.06020791752597353,0.10983254010046892,0.052792929146403794,0.08226591095475154,0.18020911859791977
0.05228079960627515,0.12139214269610486,0.11408296297238713,0.053189438588752434,0.00011444424074232158,0.16250706307863966,0.055528363578874175,0.1601131413882185,0.13013001152301992,0.15066163232698596
0.14923983382928405,0.17312074074872943,0.037932123287399755,0.16633256217587483,0.16946625948987742,0.016432213442730808,0.0467987872584505,0.13497894284920472,0.0682991679803761,0.03739936893807231
0.0941014303967555,0.19903538315131214,0.12684035934630639,0.02432577241428345,0.10715841201743533,0.14232786181516682,0.1508791313251387,0.05840800100624702,0.05295953202028066,0.043964116507073984
0.1593131501253295,0.04457490783029803,0.08887155644802658,0.06131179270564543,0.10348426445327126,0.11064446066136716,0.1788671488660137,0.06116049662256685,0.043609861070660894,0.14816236121682053
0.05863597865238853,0.14297362604847835,0.18887274476520452,0.02039990901174823,0.0159323634637194,0.06566008825017218,0.13110063979544442,0.12377768364573631,0.06804041794087246,0.1846065484262356
0.029578342460540818,0.037896004264748526,0.1140734309811388,0.08307622606621635,0.11621128689152135,0.141851516309993,0.12304573520506301,0.09214401020157477,0.1308142053604765,0.13130924225872684
0.15038667826277244,0.13249256276837137,0.06430821090977953,0.1676653860103626,0.009320450053463927,0.008342325427779377,0.11937562128255695,0.15701433542391766,0.1613234769689119,0.029770952892084247
0.09209296079523932,0.18566795067534714,0.03902434944189787,0.0676166722049442,0.11393591250439203,0.10677103081100893,0.06841390784551227,0.14688624332880668,0.12141384466683594,0.058177127726015646
0.12700697676532408,0.0855105395125254,0.07267571183249061,0.03328667282736393,0.10163510462528136,0.16977503824063567,0.14207130952734207,0.09612749447926107,0.00016195214334421598,0.1717492000464317
0.06480500295434122,0.11365827450811426,0.13419719177948708,0.1718367882632078,0.12058004603810783,0.0035814718437680165,0.07276542426567757,0.11083437008779726,0.07039723374380277,0.1373441965156962
0.17114083187858384,0.1484327632553625,0.032215270005544513,0.034090423441513154,0.055808381668784685,0.19829137107874534,0.1526189848607361,0.13125132010711676,0.059587785132691334,0.016562868570921797
0.08606606588806942,0.042190448943092866,0.17651473567831202,0.13182354046201364,0.17645873748740803,0.16906905950391973,0.02705166770615466,0.0708458880605835,0.11694783637802901,0.0030320198924169875
0.14361131831981389,0.0066242734993958935,0.09450754748422699,0.025452317042609987,0.11837471107867233,0.17298088268180495,0.14370990343107676,0.09971905083409095,0.16632903069326804,0.028690964935040336
0.012073163440967828,0.1418264767457824,0.15310231592723722,0.025871360373518507,0.07605326635653963,0.054750977909668715,0.1842499690856431,0.18132389069966595,0.10372052722042042,0.0670280522405562
0.1779672714679413,0.1190806129014083,0.06895216506185754,0.09436130506180337,0.08988719210986268,0.033299258179335794,0.13972202714745324,0.06355330829473856,0.03722232664485227,0.17595453313074708
0.18265041683384678,0.04122811503486649,0.11912389468316549,0.06364415421921957,0.16305107187545684,0.03131804103510766,0.058376672193321356,0.1381424892921304,0.10819787929863545,0.09426726553424981
0.10771289694044817,0.04257523669574849,0.1211291234667293,0.13993743965121158,0.10205864745683652,0.06561039043002267,0.10831627356685132,0.03287616438256289,0.13753972893393432,0.14224409847565472
0.06967128539105871,0.16860450287992182,0.13916487771753128,0.01744668064820563,0.11795406490889021,0.1519949878484638,0.12025592203805181,0.03700368285104839,0.03061353500076574,0.1472904607160627
0.07486253211205293,0.14827513639395073,0.12201401926747636,0.08620938951187833,0.08034802611040538,0.08296414707447283,0.0025993341369760347,0.11666739849069227,0.23966609686232174,0.046393920039773405
0.04055659982814972,0.23022760878714305,0.1413850531249145,0.045847968515273486,0.011483956785432209,0.10949609574607617,0.0711111521469292,0.044632248481630624,0.19428418614218057,0.11097513044227056
0.18176011263914146,0.11629605960826991,0.08184614987975879,0.13507891272698277,0.12440870597264597,0.08870862135328744,0.11401881622161297,0.07428337747549765,0.06464913119237128,0.018950112930431834
0.1180935521036595,0.09332267067897754,0.08416235447130178,0.10115196746435505,0.053207550083039054,0.10425791710236657,0.15450012408654856,0.14777816565755897,0.06429488086620407,0.07923081748598901
0.023355933263987837,0.10594484206821449,0.0064790781185900155,0.17278839108085786,0.14203191020046682,0.10328166337438048,0.001048274895959497,0.15082630792989482,0.16007735528449335,0.13416624378315478
0.20250325481614467,0.13550952779672495,0.10279833708171833,0.07566231312577573,0.19323366993622362,0.025308802390612305,0.04288811761470571,0.06164757438636442,0.0948644582661395,0.06558394458559069
0.025858344966031444,0.10705575548168322,0.17839345333611412,0.17964309220271926,0.04152158668212535,0.024411798341709916,0.19072747894108516,0.10727093975132158,0.07429883764819695,0.07081871264901302
0.042518096298307516,0.16263460217830195,0.1534653178603853,0.024815676390000763,0.01299736628365194,0.07770909641242733,0.02339645267429371,0.11534069851191803,0.17977901379331393,0.20734367959739947
0.13977621214498676,0.04343236226737789,0.10244699852017045,0.206546890550238,0.10497134031884585,0.10498015113687902,0.014069039400979812,0.05292156040826111,0.09431408670371061,0.13654135854855054
0.10625050308780601,0.058197365748326936,0.14302029793629514,0.013703849818575262,0.1350748719603414,0.1962126858717993,0.047703376279922126,0.09120322766778079,0.01848083961400026,0.19015298201515277
0.16647470452091914,0.1157302348196822,0.029659924514699527,0.07906726056187734,0.10585195552046074,0.12435654302283722,0.15038654333200951,0.12988977745613717,0.014811237178795475,0.08377181907258163
0.07708945915865219,0.13953472584455576,0.1312908745990423,0.1169674506477342,0.14439608702129222,0.043149654394106604,0.02931363723089159,0.05562343011791621,0.16715744451498413,0.09547723647082455
0.09983257977383363,0.21970684401192697,0.11443716603990112,0.005557562238514188,0.039530151732266594,0.04244143416544679,0.10928044643771065,0.11896730299608942,0.17018078205877735,0.08006573054553326
0.1321472237117132,0.07378983623022801,0.1368122878845366,0.09522558151777889,0.08712735844064072,0.13423984674485023,0.12117862717845691,0.04571142827237706,0.11321015953139132,0.06055765048802704
0.08840256670840943,0.048495103447657624,0.06856665574890827,0.08060193749129119,0.13406702271334586,0.11360981443636275,0.13767806244080336,0.07554411991860203,0.2334349621497339,0.0195997549448857
0.09657776704750297,0.0816625476072836,0.13074389328330555,0.0955332026574581,0.03554612944094781,0.10745361015276667,0.15618091430996464,0.12138248786553087,0.13855996724273936,0.036359480392500386
0.08470557487566935,0.14294049987768362,0.12132603981078122,0.08919488692276989,0.03266351904922607,0.18217535289767145,0.1182903138866442,0.10802981506982688,0.06194707654404825,0.05872692106567898
0.12792073429346457,0.015415959311257,0.11005961591401814,0.17306437031180358,0.13706505336601366,0.017875623080483207,0.042505770981509365,0.15471163334941676,0.04254651486523569,0.178834724526798
0.025064036388815096,0.14196083557450034,0.20163098157009257,0.23909693482419261,0.19711035438258162,0.03684774909078863,0.031430059001955876,0.048917155421078606,0.051685353559509775,0.02625654018648494
0.09885243359098138,0.20351043643835617,0.2431952117328795,0.17817090357740833,0.0757584989179665,0.10797047844152084,0.07360174227045764,0.005076850275313017,0.0005055430622033233,0.013357901692913437
0.14379444561371876,0.17173795523784285,0.06602659655015627,0.16502780500864708,0.008008305310467626,0.13480444312924014,0.0461160694026544,0.17042192140490975,0.023849425166319705,0.07021303317604338
0.13475423409247722,0.06735997034546155,0.15509137172982784,0.24352415159706683,0.006806549401400256,0.16034003684834,0.10002850090517874,0.08908955596114018,0.009880654767631114,0.033124974351476315
0.033607867525384416,0.07871470976973816,0.11707634728898454,0.1554804868993557,0.09844607184273103,0.12121155997792887,0.13487868126944627,0.13067588024035423,0.06446244598390334,0.0654459492021734
0.13647108889900975,0.13145594106343206,0.12291015377772652,0.09873759613859158,0.012167754307792041,0.12200011277654112,0.03743645179956907,0.15642412999253913,0.05692655949586264,0.12547021174893602
0.12180403182637098,0.11689845287591272,0.11461332545215341,0.1222208594529861,0.0815379600657761,0.03686689093283494,0.11024613505780907,0.022492924622488995,0.17941311611740512,0.09390630359626258
0.1723512508256455,0.09033987889990075,0.08734551281191158,0.07322499931258857,0.09832383524295865,0.19713630141134725,0.10816941650292358,0.009127030268819603,0.04381509079569974,0.1201666839282048
0.19243473617447804,0.05554296527032464,0.11894100476833636,0.2010553983310466,0.013597392334561968,0.12283308995191444,0.0946499676232477,0.08381944481224617,0.011392509193116003,0.10573349154072813
0.06768637658088253,0.09795303146584786,0.08751077346065587,0.0930962751826451,0.16825171418432192,0.12554240777421144,0.129459705689358,0.09390612586749292,0.02010004982277268,0.11649353997181161
0.13189269609225193,0.1318578498329615,0.13898566932087433,0.05174589005144086,0.15934105330409884,0.07813988929866975,0.02263500610450431,0.07193760726435115,0.06216215402876451,0.15130218470208293
0.10649986366360388,0.06626815087380743,0.11390507280143103,0.052579628396110745,0.10104158694417148,0.16205235154827508,0.06319512871464777,0.07106927366835249,0.05527803816599758,0.20811090522360243
0.043499672185796236,0.10726651381059456,0.21599484914849096,0.22075363793739297,0.15231558170626094,0.06880785315197178,0.05159950673751754,0.09387685469899096,0.029309730519638116,0.016575800103345795
0.027760347080177526,0.09967951487216016,0.10601724866659124,0.11059463359718402,0.16789646281273085,0.026189779502456594,0.05205863396964368,0.18162879738286197,0.20589977243504035,0.022274809681153765
0.11345110315988932,0.03241733879572556,0.05463399434376289,0.008107552396156717,0.03548542660329038,0.10030537352482925,0.11704137218394607,0.15599510775519285,0.18299192296602498,0.19957080827118182
0.02189344994930697,0.006857645638849299,0.05268501052482291,0.18107013492285964,0.08657411835253793,0.15663356964332287,0.004889418681700252,0.23144989248943035,0.1140941734625633,0.14385258633460649
0.05109220740678542,0.0686194365195368,0.09395512741180063,0.14800283421187652,0.16699619919140848,0.19641147382265908,0.05680372916186697,0.10622879952958236,0.015079704775561887,0.09681048796892201
0.0961883161990418,0.09262964991670862,0.005745349995294972,0.1628806455265219,0.10810079172961722,0.11177768348006267,0.12929506362074913,0.10723513317391559,0.08834807397898761,0.09779929237910047
0.050661355846095456,0.11755417882126246,0.07512881791869898,0.17943350579639003,0.05490680225713537,0.16669821241521984,0.1475906404872303,0.15443806508582716,0.016529431746537305,0.037058989625603
0.16885405445109883,0.07323490697432546,0.15090270628478494,0.012543757999019899,0.06592164598927519,0.15978424369434124,0.09302979857267432,0.15875969164859632,0.08005502401257336,0.03691417037331043
0.09353476064078334,0.07342321465364637,0.055556243481809056,0.029717466499455055,0.15280581060462672,0.1302340271536893,0.18494066744542573,0.09296661345352511,0.08438292864954476,0.1024382674174946
0.10719855941598498,0.12157192760554583,0.14463256573806807,0.02510124920182113,0.13357892115137535,0.10409841016117924,0.0648073404408735,0.1154097184305028,0.09084258153462448,0.09275872632002473
0.19082614605615433,0.14067149786037636,0.004142810112732955,0.04813196728814735,0.19100629338099423,0.07198803469251679,0.1787409178779582,0.04636169803113558,0.12390009147398777,0.004230543225996315
0.02062642457598257,0.11954705738881684,0.00343658066556706,0.14953619517371605,0.11449652126073977,0.11708543160475987,0.0894510811622512,0.10678349872723425,0.15858301667833033,0.12045419276260194
0.07779074763945795,0.09659914236521913,0.09009223605506647,0.023717070339424908,0.12950898134442484,0.12126987544999418,0.09942395284620013,0.09841134005742849,0.12433675460603197,0.13884989929675176
0.10684070157863705,0.1389890127314425,0.12935049918397268,0.0642624227643259,0.15992619015290177,0.1530941051393384,0.06250584077307558,0.06146940104864328,0.053755199806160905,0.0698066268215019
0.06975033124597388,0.05715700316714028,0.28220879953068523,0.06821071862699032,0.24059894753427913,0.05458232092085512,0.02797486395820145,0.01685247988113719,0.019893337775814333,0.16277119735892312
0.02717842792089849,0.1396339030050371,0.041683241910291775,0.12415263103654889,0.09224461100074313,0.1558106179540994,0.07434436812655695,0.07639807292436257,0.12138246476140276,0.14717166136005888
0.11318020131977113,0.17238163338062718,0.06477769559305534,0.1480935186541432,0.07249586010892235,0.15771431410183598,0.03847401414054512,0.11785541951117451,0.013987557696363258,0.10103978549356209
0.11591352238971152,0.17216595667516077,0.04750177821540124,0.007426097090917102,0.12682976777531949,0.04503516360641644,0.12447989698440948,0.08489202601016026,0.10616856661686784,0.16958722463563575
0.14208944606578636,0.07986096748229196,0.11573655144967475,0.1793710920320387,0.030853187544279955,0.04468384500508496,0.07333917637881525,0.06456340798042129,0.11351445698141392,0.15598786908019283
0.10167700238258377,0.15833501672320155,0.03923033395367588,0.051824707008487986,0.17211805620531678,0.08439657598480058,0.010401439075011405,0.13629108913265614,0.08916343078070656,0.1565623487535592
0.04422185543516594,0.13542991078719754,0.08287599660290722,0.01422750210194147,0.23626562301147047,0.0345890770712732,0.04015680198211196,0.23022553278901287,0.09333558475176663,0.08867211546715262
0.0011661845877112352,0.14235536918913014,0.08015286340371153,0.03948790589503885,0.04044587235309713,0.16565708567034898,0.15269476198457296,0.06949408550948037,0.20069937294049084,0.10784649846641799
0.07735765198051583,0.1297675571172697,0.22976902789570186,0.018096162643544685,0.18138694407091205,0.04434368172314191,0.07280645144612438,0.07531636224424045,0.10553602653935476,0.0656201343391944
0.08846483567720763,0.09451607448428735,0.16788311474305853,0.13515146455604235,0.007833877424879876,0.13985475760678445,0.1013341080335498,0.1398193598995805,0.07776340379673784,0.0473790037778715
0.10130106549052323,0.049648973612870906,0.010592348111612877,0.08638781154500748,0.08397625345444876,0.15164565653673331,0.07766208718828319,0.10340544208269836,0.18413745758634778,0.15124290439147406
0.010908867951105784,0.11902718959096385,0.07909891907665992,0.059009153966308174,0.15292615299353846,0.07026021895592581,0.1591729788059002,0.11441749105007905,0.11601475713483489,0.11916427047468396
0.1317714335586547,0.013595461499591765,0.06232360913473046,0.11149003810512845,0.05187647498524958,0.21627201442902966,0.2372893133915552,0.01532163585721373,0.12895467609483904,0.031105342944007432
0.08931201879481067,0.11005006620828994,0.19626172545552326,0.1260627191551597,0.11514694492266261,0.07790306521977235,0.05810856854936264,0.08946434253169054,0.10673374854651838,0.030956800616210013
0.17955852432442382,0.12454339232405694,0.015388352764413166,0.1319088386330098,0.024305131827963688,0.134274568566416,0.10101352326332173,0.09174441642274467,0.08420969387526073,0.11305355799838948
0.1635563010716927,0.01736088338159155,0.056646104597757395,0.09544670530454542,0.16058992503650413,0.12918441406285633,0.1656235523278919,0.090205033779902,0.012323135657905155,0.10906394477935352
0.16174334732576695,0.14003962935351133,0.03281751469460469,0.14401947965853754,0.07023479383027863,0.08814999083751263,0.1215391923760566,0.054392503142581795,0.1301856168325071,0.05687793194864274
0.15198299172767768,0.1593845176900424,0.0753537111835823,0.03479596314505745,0.11913421753684726,0.1137248999197044,0.08342107335912373,0.09685532958114834,0.007221907799660382,0.1581253880571561
0.01628401080189154,0.1309385425748557,0.13732218512486127,0.03318924949385925,0.10619255032899622,0.18300080533702082,0.06296586957696795,0.08243967017113926,0.18928993619609336,0.05837718039431464
0.13896947496488962,0.08986679949006532,0.15922795455240127,0.0113509143958839,0.14933855738967486,0.02613110658418158,0.10639094915811047,0.06195693613480434,0.11752604506944885,0.13924126226053968
0.17082624330877097,0.10459895400597727,0.10229529808469627,0.03108957702656805,0.029380349485081312,0.1089252822432019,0.1471257609731684,0.024415908456232337,0.16298896183945036,0.11835366457685317
0.16180480336160255,0.0032342373824045824,0.029617598493796166,0.051982191881062005,0.1646448794412182,0.18890674587558517,0.1788469993098545,0.09539143482358396,0.12186450250820487,0.003706606922688004
0.03540124918698016,0.0719535551049703,0.07767701943145894,0.09721149122727406,0.1404369743770483,0.05536493554910121,0.05320765793081498,0.08106631342021989,0.17270775461076662,0.21497304916136548
0.11107306317982518,0.19041882054146353,0.08004585930688442,0.06488383898614414,0.006474224879034467,0.12378066397898224,0.10445468980106179,0.14449574745418406,0.15137050418678258,0.02300258768563771
0.11453844383602398,0.033047817065416776,0.18481127296254787,0.13685959095778114,0.07198241800859237,0.006576778608763169,0.14735468699289472,0.05314049697086389,0.05691672257757409,0.1947717720195421
0.035642879924769055,0.22583707367969777,0.13047628423993102,0.24778691364605246,0.00470858917603501,0.015380137301001457,0.00444590077931589,0.12822153032592018,0.03716862740914238,0.17033206351813476
0.1153480334749741,0.09471737492585984,0.11108647397109213,0.1512092635512198,0.09645714875548422,0.02796357531245554,0.021930557364649255,0.10555709746179098,0.13701226497019464,0.1387182102122796
0.15575461785781514,0.16825074588052014,0.1838535033900492,0.12486528151433565,0.06318311510962242,0.02929502433231525,0.13325645772972375,0.11440760457136222,0.0005743682561186302,0.0265592813581375
0.1135626214485231,0.008692893433764365,0.09606606579356486,0.12085572166486881,0.06957917480819005,0.14403421717183115,0.0926296279523134,0.1518481947673147,0.14597624929998929,0.056755233659640254
0.06551725332787718,0.08408726235193173,0.1383309063860012,0.0164080076634313,0.1528570054908935,0.12977744717871043,0.02858421969075709,0.15827751637282544,0.10802090861547338,0.11813947292209886
