i = 0,i = 1,i = 2,i = 3,i = 4,i = 5,i = 6,i = 7,i = 8,i = 9
0.09259329898700852,0.16202807679739387,0.16477791916958226,0.023237658078619435,0.03540143476365247,0.15304899336248512,0.12266940865679528,0.11228547599331402,0.005468529319892676,0.12848920487125626
0.1225291064609841,0.11862819270559974,0.1281243065936011,0.10227665706821956,0.11906123394535614,0.032495542867922944,0.1050525593297588,0.10940689312709823,0.14580208581914156,0.016623422082317752
0.0617204648733045,0.22581221409684388,0.050058127036854465,0.23820637261076233,0.04905463824279231,0.07796377957510532,0.015958499619059117,0.0014667490025493267,0.10722595063508884,0.17253320430763988
0.14803458090018604,0.019134693480005863,0.22948476787656083,0.08720796605083651,0.13576639259494627,0.17154891170891345,0.057843295969687625,0.011298212261271612,0.11943511142955565,0.020246067728036117
0.15619188831472203,0.04010337414141607,0.10982254884271091,0.05403907418726317,0.07640602371825515,0.15448041420119737,0.030393869855885946,0.10991545563822644,0.16195901800222134,0.10668833309810144
0.1724710564385609,0.08849706004717302,0.13004124568411388,0.012275844989868103,0.12149793734312285,0.18843470941357215,0.12247337668366201,0.009461925722284959,0.07088980818101456,0.08395703549662772
0.20267447386697826,0.10683437755275597,0.11271155154963479,0.04357743290459716,0.040511873160976423,0.21326448661614328,0.13236586934361833,0.02990883961132521,0.11553329732684725,0.0026177980671231696
0.1041788980276817,0.029989006762588064,0.1490010896963043,0.1334339110575429,0.15954661583175936,0.04510255573494888,0.16647657110000624,0.04384852219781705,0.12925483989391917,0.039167989697432314
0.08151491305304841,0.16629560305337215,0.0924915037162739,0.05236064025084272,0.1069553505396396,0.0891969012525037,0.08112876492687957,0.10350891007059343,0.15146568559431023,0.07508172754253636
0.007435794691192291,0.14155165141518986,0.0676595660219755,0.06939103636235072,0.04668113357136117,0.00412893878243309,0.13691129143517097,0.1703116449284668,0.2061005902938682,0.1498283524979915
0.1195531564956794,0.06681799097296612,0.1749335432339304,0.045174877359731656,0.07878649074388336,0.05536807911909014,0.14772577693708236,0.18135996509353935,0.11015808859947865,0.02012203144461869
0.02867683778917403,0.16369620167669907,0.22786038345795234,0.09456565703350583,0.017800000121771603,0.11148291217752164,0.05530406636284788,0.07580820753894883,0.015152187137740655,0.2096535467038381
0.1618827725160882,0.00630854184732045,0.25373496085287894,0.14927973528668792,0.005936348141455359,0.07319606267495349,0.1265591702052263,0.10223558962274848,0.036198875740010475,0.08466794311263046
0.16956643190569234,0.09988465709645299,0.09183694902661406,0.02192674060156074,0.19932345829843617,0.10343000551009233,0.013340961715405162,0.1116089899504994,0.16696657315369803,0.02211523274154884
0.146988955051543,0.05561613574051802,0.11443894654890448,0.10211420803210575,0.08794045256153804,0.14301368995699,0.10146397636231716,0.031319312012087756,0.059754789126136625,0.15734953460785928
0.2167393695869814,0.019169668888986472,0.14501190056684146,0.09314884191700631,0.22399408571787646,3.418175574442971e-05,0.21358669040950348,0.012646111716072824,0.0012583407755993627,0.07441080866538793
0.13542290547839408,0.013814101098926694,0.13325791465908907,0.0660180888313062,0.11471463183043364,0.07735109658589348,0.0858934565328614,0.10686916160904848,0.12238990672770243,0.14426873664634443
0.14185070383619325,0.14718442549491692,0.008804977343795062,0.19954520004262016,0.13001369771775126,0.041865264568443555,0.012071015269659511,0.11546240696678367,0.14525922209306352,0.05794308666677313
0.04511827242283835,0.1337369756015998,0.13222360531855123,0.1297729517471477,0.05523714153583923,0.04735032549850238,0.145536386108298,0.1877060893544242,0.005059919460824808,0.1182583329519743
0.1581133491073994,0.17088649951876447,0.16136532490924482,0.025488914974478246,0.14309522791623705,0.0046430474711540845,0.18123181733105181,0.09986125036911035,0.04622608576521535,0.00908848263734444
0.041470618799252484,0.07852606015650339,0.13944331662468698,0.019623306494395244,0.13532162503061929,0.08544341984044883,0.12650663753205874,0.10815636078083303,0.1334908259392186,0.13201782880198346
0.04723142190465999,0.013668107226884838,0.027251489853448125,0.18078534794066273,0.25874792006746034,0.035886400310872014,0.02907838202291657,0.27886318259551984,0.029586872775546568,0.09890087530202897
0.0249391315103198,0.04186818655153457,0.07989986103489964,0.19466094914948145,0.19169252855536162,0.015846318786626363,0.06594718881057338,0.19873021999118337,0.13777264489836905,0.048642970711650774
0.07834592214410292,0.13710979988596528,0.13488710984839053,0.14293935828266924,0.14292483202841114,0.12155936548132924,0.016967397666165146,0.104918190685718,0.0528264763103385,0.06752154766691007
0.10883034437514573,0.07729636365514866,0.14241912462075876,0.11340136454276455,0.05959085042001294,0.07061390454930071,0.08564156988553726,0.11835731642386135,0.10044619994509787,0.1234029615823722
0.15037193992633996,0.006955861226207504,0.005945113730643689,0.1248408541293009,0.17802523127579975,0.08630668269872982,0.015729117038971938,0.13145923337067913,0.2681648239936954,0.032201142609631854
0.12390264126514514,0.03931938553451653,0.0489432686010409,0.14360033922274215,0.03809791124957836,0.18601579959027553,0.13506141794070706,0.03097274324253409,0.16888909250301826,0.08519740085044193
0.1164849129479046,0.03421447734821143,0.03061492671948916,0.14241030766798657,0.0011853138756092708,0.1518675371870623,0.07659852621724288,0.12277576651179607,0.15896596419642017,0.16488226732827746
0.11322873337773866,0.14245688037951132,0.14807367156909063,0.01676289599329366,0.0768952765900133,0.13671190776390885,0.08227899713920657,0.10803109371878565,0.12283538884599736,0.05272515462245394
0.05561268515708581,0.06856433069034958,0.07769545317435887,0.2666517525096743,0.06590469812356406,0.18063812908767343,0.15977381563235157,0.022194437919638748,0.0029392932869015728,0.10002540441840203
0.08721471581719281,0.028004745512713675,0.24905243545056563,0.1598071432429558,0.17398894738252893,0.028747395499964207,0.06739838613976502,0.1213713312336422,0.036622793735768225,0.047792105984903584
0.12126943764394375,0.08496479589414697,0.012196813670330315,0.11405808509197175,0.1278704272182389,0.12655920442506083,0.12142047745816985,0.04703229108246104,0.10239608569005539,0.14223238182562112
0.18690867865967217,0.07624981840900266,0.05993719906976481,0.21455152666510824,0.04058264862420984,0.1855249936685424,0.1017376287071807,0.03445414306987946,0.04664938537853676,0.053403977748102925
0.3138012711301076,0.23747913269802431,0.04521797772453529,0.10819505818044695,0.09378671345593531,0.03811533813200537,0.08806841967725758,0.02001072187491134,0.04316033501300366,0.012165032113772616
0.005759780690969664,0.02766365156887286,0.03303966903138115,0.08514248937117218,0.1811184220000596,0.13025235609271918,0.1626682119284024,0.09382111756184593,0.10901841858289461,0.17151588317168254
0.09885441939622731,0.16218072644149242,0.1680254747009061,0.12081855838791829,0.1401186033550865,0.013172190682838245,0.17502283347784453,0.05398612762770454,0.056012473212588294,0.011808592717393943
0.10378398174311192,0.08991460941897463,0.07740727126446392,0.08819465702355098,0.052546769867612655,0.07728688852419717,0.1536991512134706,0.1154826463336007,0.1756205524409489,0.0660634721700684
0.21818226314493683,0.005849250260603918,0.03485615080112717,0.18245617081663024,0.05089498050762479,0.19464064857284483,0.1331084494215579,0.09311575507491111,0.05873906635574082,0.02815726504402248
0.01147309885802006,0.07464059899018533,0.22241351055786795,0.22178697932238736,0.08466661777798695,0.049210053528378386,0.07749916437455596,0.03761019375941213,0.216150261013134,0.004549521818071978
0.09850798165125564,0.0950617012650686,0.06650178261242307,0.10545526992310823,0.10275506487757116,0.10711575399958613,0.11772574315761687,0.09773074814249781,0.0794795181817939,0.12966643618907847
0.1600931932891325,0.09947327341139377,0.048810441202131544,0.2291615852329907,0.08084213999935305,0.008405269881174073,0.02849100903170447,0.04348330082550078,0.2587058438422437,0.042533943284375424
0.1503734204977472,0.09058658923315607,0.12867715973820112,0.04239376974669308,0.1527913847004136,0.016038952829889517,0.14706031739313133,0.04095437385799568,0.05950244648401566,0.17162158551875664
0.004647946335758493,0.018120321818999235,0.12859850736352496,0.18278930033588398,0.09511733669199361,0.07820736037755192,0.1092866702624427,0.11445928300883762,0.14525893081024605,0.12351434299476144
0.022074838984620683,0.22480646535254648,0.10598923698283166,0.10503761907117076,0.01823270207585976,0.060630580448433814,0.008321715697764322,0.24885081053469602,0.03625322081265554,0.169802810039421
0.06104896136937858,0.14579163955512034,0.1815264418352442,0.18231236823728866,0.0959149990571928,0.07652038214473572,0.05994512855251373,0.10113690433815563,0.05327558990309466,0.042527585007275895
0.12273840830530923,0.13315078509793993,0.11238103249597699,0.15103014974028992,0.024383000170372815,0.03930408141508371,0.0740513954024336,0.15539937698800094,0.04803646775107545,0.1395253026335173
0.056123064821745665,0.014272698362534138,0.17067825056272004,0.2359265042505427,0.17008869112965178,0.05877233388892729,0.04582829028143833,0.0489995044677666,0.08565908761378759,0.11365157462088595
0.08400485681777074,0.08092584727819913,0.1376289366101939,0.06359432907410056,0.07980059906472729,0.12611271230338247,0.14295425187936617,0.07489704309525093,0.09909833506920143,0.11098308880780734
0.08789300617363388,0.09010497182286689,0.09591390452274672,0.15641060925102518,0.07622506879597987,0.14294281911652468,0.11293166510933797,0.0637916183448219,0.17071654146893775,0.0030697953941251177
0.007756393039332416,0.06952306426111543,0.19163471431770912,0.08849027584446054,0.20533508698614145,0.08557367602101533,0.018271106901393715,0.1735891223948362,0.0051205038134320945,0.15470605642056362
0.010293934798504408,0.022751710180320434,0.15855590571129305,0.1520547494128119,0.21115525242920846,0.2548397554798381,0.10890502864570048,0.0024014082198461116,0.029282848857860477,0.04975940626461663
0.11174341392983621,0.2001809976222046,0.06711636541849707,0.06490335177608868,0.0636550014676139,0.1745338317928298,0.103742167573381,0.15875788251652537,0.03989040208355557,0.015476585819467648
0.050167278830377415,0.13282428335903287,0.16390256323441302,0.05080334616756723,0.014762170868951638,0.016029376267254695,0.07951500885247861,0.09896477320379696,0.19833992632274453,0.194691272893383
0.07715309666583957,0.19112143597944617,0.1296450362249628,0.11912611789789204,0.06166218661899918,0.030000204741865908,0.08711677693165108,0.06515998059518478,0.0694620138501587,0.169553150494
0.08160864934695809,0.1618428659604849,0.0014363691866091791,0.10928075937381264,0.15116727954752968,0.020693293393476687,0.19180741011311728,0.06662449516269486,0.05183115131009978,0.16370772660521699
0.13367133925637584,0.16038682184157707,0.14040454292323493,0.07403539863706574,0.09767861614805295,0.0954356577634119,0.08244943968514094,0.09477565308279748,0.11109899391870942,0.010063536743633715
0.2709068330784477,0.08506931492788651,0.04346670407661834,0.1910642365655278,0.07917867306397333,0.032951803061377904,0.006918552548319293,0.03646488191232874,0.16706317174178884,0.08691582902373152
0.08205539089167142,0.1258572293264443,0.13787123520825448,0.11842916353968756,0.07329567178627981,0.09622146714929039,0.14125068260420087,0.0645687827331453,0.06491768940320848,0.09553268735781736
0.02832426360563432,0.18310657756049215,0.023927181750567388,0.116717203039702,0.16071034976952403,0.06913853700440317,0.08433152719303338,0.11207601442443052,0.17611875094101714,0.04554959471119591
0.12726528036492965,0.011769126518957848,0.06052236412778785,0.15127613645413798,0.0808444000614048,0.18550173649383486,0.10173150860702966,0.0915094349817859,0.107217303144596,0.08236270924553553
0.19077833688085175,0.10033179203331594,0.017117896547767075,0.0370535895362442,0.005509231875075535,0.16493272878450901,0.19270770565805687,0.10720080705869141,0.11901292618789076,0.06535498543759749
0.05217027515015461,0.20491864046917507,0.013572620564516276,0.1103379415404696,0.12519962776668242,0.20398363690529575,0.040743632591689956,0.09786386300549575,0.07086910190853961,0.08034066009798094
0.09292644011084665,0.07779104557151603,0.13490782505106633,0.1479500117824811,0.050976096017801946,0.07173376683013988,0.16288808825471487,0.04712527855027849,0.06437290056195345,0.14932854726920108
0.054177711677871006,0.005168203525322196,0.19256861894956112,0.06372579732073731,0.16640170529117365,0.1430191742547543,0.18069845387871705,0.05312126970203905,0.1293524304256498,0.011766634974174349
0.06244053599835838,0.14151361251633898,0.025563688838960954,0.031133171480857594,0.19567835408581874,0.06018412640173601,0.0634296022378443,0.15575557971434442,0.05922056271921594,0.20508076600652467
0.10133737286216135,0.13260265295810103,0.11512301807081779,0.056607766842684065,0.029190923650553372,0.21313705541126426,0.20214556093586747,0.009017222752512937,0.11687171978004306,0.02396670673599482
0.0971509791495245,0.06871708134364447,0.1336548851382727,0.10503248276876773,0.11384068541560341,0.13262308745334278,0.025392681379900223,0.03884463030982596,0.1332420364959952,0.15150145054512298
0.06775319767445198,0.15645653967283904,0.1767523985565606,0.14020032518101788,0.17631648066544764,0.07665378941210287,0.09912768665797894,0.005073820878790428,0.06232332884176403,0.039342432459046596
0.06720092106619656,0.14664535908829518,0.01841585184721343,0.04993169442624842,0.09217651940821656,0.04279468535627961,0.05114580926324342,0.20915327151672003,0.19658889558051984,0.12594699244706692
0.02093681669694779,0.1369998602242878,0.12041694396426414,0.18434694780960761,0.08008681279396783,0.05727110924880595,0.17992232454904722,0.02124744967513579,0.17821181447952547,0.020559920558410397
0.11212685049600644,0.13899851163265617,0.03513645849932574,0.14233136036589483,0.09041234522886057,0.13005509243611993,0.11026551633702743,0.05526511551524599,0.11312662195733388,0.07228212753152898
0.11603260532297378,0.1170866357963496,0.07480185387613596,0.11047697898025854,0.07621873812753041,0.18535354264870177,0.009365017644213759,0.07846306218836566,0.1532824198033872,0.07891914561208332
0.0665243189244995,0.14158434575008552,0.04551911729341982,0.2233777758604314,0.08244490708766952,0.07103696920633909,0.14114649398891657,0.06980856991836609,0.010198332230321886,0.1483591697399504
0.01965338177035077,0.03195372803447161,0.1534924285428215,0.0500907663602361,0.05315553608356543,0.1557317388059433,0.086754327856116,0.19645464017332248,0.0632490462765045,0.18946440609666818
0.09697765290332422,0.07466951140926151,0.08523451176155672,0.04179968688753952,0.17230317117062993,0.13497620600489987,0.08708790161196778,0.18431049425090035,0.12196825290111962,0.0006726110988006572
0.10233191499744017,0.05114211659731281,0.07976512811579857,0.09903333384597886,0.17414163087345708,0.051144537892477714,0.02861243961074542,0.16995136199221414,0.23042613554597086,0.013451400528604478
0.18250744397674093,0.08825382914141768,0.12739547433362924,0.09881453187458324,0.04892251655397626,0.11819216687641068,0.10211451054891155,0.06978360471644,0.14402185870100784,0.019994063276882686
0.1427688220557151,0.15317364190746013,0.047728556687724195,0.07742531065602709,0.1457760135908786,0.13436779715303804,0.030367187555008602,0.09520883491311352,0.1130000860259398,0.06018374945509492
0.0592377332632591,0.16668407438830685,0.015059520407582268,0.06303392941453036,0.1637987683256227,0.10951454662435749,0.16993880174397533,0.16727848395882064,0.03634459283019713,0.04910954904334823
0.16771769542835618,0.02787054949991226,0.11903527692747246,0.1285349172992869,0.05477933274429916,0.016728091452864583,0.09071183140328953,0.12232552122696597,0.11376512497528318,0.15853165904226968
0.0586615086273303,0.08086475550469095,0.03958536040051944,0.1110318101108464,0.1755438537884032,0.1104242148297946,0.10035854546963452,0.03323179071311101,0.1650821560515693,0.12521600450410028
0.0627670323368239,0.001223778726370698,0.14801988941045313,0.1925606640893308,0.028849761322518146,0.07854370905115896,0.06923483486846498,0.07912300271558004,0.23422481567095918,0.10545251180834023
0.017992919561169312,0.16787234144767607,0.14642233144296057,0.04116372143230119,0.14240558996357205,0.1005420680355856,0.15138282313023238,0.024322126210143034,0.0620131582635328,0.145882920512827
0.06499696941589325,0.09904914002286275,0.05388830158783207,0.06243959639174632,0.2888957360485581,0.06404138850642317,0.1370242205060193,0.010005827659101777,0.0560847963154475,0.16357402354611597
0.14322307643577284,0.12095502768796505,0.16618084193662877,0.1458836656403261,0.11755494363030998,0.07689479921181769,0.13572723772416584,0.04087272466502192,0.01327636134690105,0.03943132172109063
0.13692926480626302,0.10239369187521666,0.1168497423623197,0.033725901704902916,0.04273728345814873,0.13002363442078224,0.15872030940723744,0.05488244545476788,0.15213257566258712,0.07160515084777433
0.020512058755548592,0.14413884185685757,0.14412661811535202,0.214608368977306,0.05660385876769409,0.2239340717657953,0.004138876928528693,0.05419764131797631,0.04342353709826486,0.09431612641667644
0.13146620171513124,0.00389341297390357,0.13269466507086938,0.1358396450295111,0.0793662015063271,0.0926647873616609,0.10563701302575786,0.012129545019389931,0.15710057706471434,0.14920795123273456
0.05032487540121773,0.04800527249643439,0.0686431499773798,0.14925111286938902,0.1264968881209409,0.02181582332035065,0.1468002587600049,0.12238131961815545,0.10688081575758888,0.1594004836785383
0.13427817476339873,0.08876897629424862,0.07757394943804158,0.07253850190116007,0.13165301640032387,0.07092018895710382,0.0729942030917498,0.1535674050815577,0.1361772929427294,0.06152829112968646
0.10535225045347184,0.020054998397690378,0.025328159973155368,0.12700558298191278,0.12665808233629874,0.00706200343262643,0.12017250791629282,0.12030266298969278,0.15572131805640646,0.19234243346245242
0.16293916887591695,0.07722140464754784,0.15288413219309194,0.0593115788627832,0.11354642461190236,0.11432331419335735,0.12864143472385722,0.15867662859089773,0.022743894734144624,0.009712018566500736
0.09222600794474323,0.009843397397045437,0.1017792798804911,0.14624989144914374,0.14226290518280527,0.022482357478510684,0.20358616692982415,0.02921351892506154,0.09316205181867697,0.15919442299369793
0.12989879836198254,0.08545991098299358,0.08861194597910307,0.07095764397835284,0.1572697940649971,0.010642399906928194,0.13541648191505312,0.09626570420120004,0.07408909014821864,0.15138823046117084
0.028374119150896358,0.014380242813929132,0.14308619658298252,0.1505092956517714,0.05055113088583519,0.13375967447343276,0.12887724111479684,0.1638327685974167,0.0466010284017914,0.14002830232714775
0.08645842902366938,0.1829464242889577,0.08032787802939972,0.019436238862870433,0.0760981251929796,0.08230751110891744,0.2284700891562163,0.06837940020629146,0.11947676973682336,0.056099134393874504
0.1148158541353027,0.00563026286295482,0.06724996848931535,0.1444715538810656,0.11278656124142239,0.0391695620951407,0.18860787675208907,0.12664222076229978,0.11686796761773492,0.08375817216267475
0.02565243432581961,0.05402232446233468,0.1575116209389735,0.09687791451809813,0.10311467483982277,0.05687428156006632,0.028856700081516376,0.12181224640324541,0.1780335960138883,0.17724420685623485
0.00854055450306416,0.0645805764365467,0.038867936469871196,0.06985014195716996,0.0733994675222207,0.2190610031018123,0.13644078499297138,0.0770751389369528,0.2442395609084323,0.06794483517095855
0.17446378970745052,0.17371656261263158,0.002475334514113371,0.10782650258558511,0.13376065584444308,0.06492419411314558,0.10465626337806795,0.09843562740332044,0.05310105025722057,0.08664001958402184
0.19072527801626435,0.11043397288373259,0.05002230389833125,0.07532929384344678,0.20323542384937673,0.009928881114846936,0.015475703860817659,0.13728002966732086,0.03428644260422389,0.17328267026163907
0.025914054690946244,0.09936239591972394,0.15173910584080957,0.12943357431798405,0.06297721597342833,0.061095261818730366,0.1945309904684025,0.1670151723296937,0.10671880578016292,0.0012134228601184734
0.11412540206094045,0.10247585112648581,0.15837805503826186,0.13385572736924317,0.09906699377104272,0.08723659690998377,0.1160029861930094,0.059794767255950634,0.0018271569797898503,0.1272364632952923
0.056241869723385414,0.1471138134931794,0.11174534411733596,0.00104003973787947,0.16819653829617873,0.05588277909505463,0.07801099283442788,0.1351227934141062,0.18470091224591295,0.061944917042539356
0.043961056828468396,0.07484105507446297,0.0011410171006515258,0.1237252007783166,0.1163733365317142,0.13484033076646784,0.16118727488051945,0.18231995915988497,0.09749122619377859,0.06411954268573554
0.08151400580049602,0.12850137307070605,0.13039024774453276,0.10244648023547998,0.028216228983379065,0.11036020087743828,0.1492346372984496,0.00019528140248856036,0.12045508787500728,0.14868645671202232
0.10237261041788628,0.20042926966750058,0.0502471421061472,0.11415743030575923,0.1558319338314728,0.00883109501631116,0.21208640965717437,0.07800491304392894,0.015631002638129582,0.062408193315689905
0.009823989612733987,0.01514318242992786,0.03526143746369961,0.1161933086437578,0.08950725147693997,0.18644075931849274,0.09156746977320585,0.15032336030858562,0.14808234730152073,0.15765689367113597
0.002234480002896458,0.009767030807723471,0.04786059225843884,0.16868149167067661,0.027974366233216537,0.18192950706496722,0.020002726051723353,0.14970882339463534,0.24018830661809493,0.1516526758976272
0.2191437455942486,0.021025594468513945,0.10983365729335806,0.20175236022254794,0.002321605403150857,0.22688797192644114,0.12673440948685358,0.02017694211809828,0.06369701569239404,0.008426697794393414
0.04176842251296218,0.2737104927987021,0.08568154485526858,0.24775581615745104,0.05637722547137794,0.013457242847097766,0.14313188384600775,0.07503741391041613,0.0048787879875754735,0.058201169613141174
0.19026604908860872,0.07521403428821377,0.0645278769154732,0.029033750813284985,0.18634224238724992,0.08112310457771568,0.15423750975407555,0.03915398477123099,0.07173657590826832,0.10836487149587898
0.07466860297585479,0.0638120668770566,0.13292513146297563,0.1511867344588215,0.11532487609064339,0.12743042358063547,0.06733929868504628,0.13275899543050762,0.04365833600142757,0.0908955344370312
0.12877588028057163,0.10506693218947394,0.002185809894099711,0.05762645327131028,0.11615341774864459,0.11507035865820567,0.1809863111804745,0.14377511474630378,0.08874307673816781,0.06161664529274822
0.037009862649328124,0.026191222562440945,0.17291912551578148,0.11203815385157233,0.04292517431490199,0.17805943610734695,0.19544417403851463,0.029778751259277248,0.05438792859123434,0.15124617110960184
0.03162397120426216,0.007543628311045137,0.11685960782742065,0.1147675087248627,0.15051981715817508,0.1343346113557168,0.10831159177281863,0.14026948191649968,0.11613744755738054,0.0796323341718187
0.1651344885952872,0.07618812062227465,0.04329240685980822,0.08043856707222247,0.16478228277227558,0.13200920810874214,0.10299635300042806,0.049619813632307344,0.1298910569247254,0.05564770241192895
0.08342187229201328,0.09247127337478657,0.05063247478304186,0.13198115294008433,0.17917440914705363,0.08519810680858267,0.10402486791557751,0.11884803056749169,0.012573951315850367,0.14167386085551786
0.10007841109495987,0.017610122105341613,0.1864001213287737,0.1928350113344565,0.02248019594439596,0.031632560752200015,0.20737165700735477,0.09555711198172988,0.11480677674430727,0.031228031706480423
0.15843827772677774,0.15310067501681382,0.08015200881828714,0.17770736887740268,0.06388150453818982,0.11498604578296774,0.10664441085381329,0.030307463225103776,0.09668945946509494,0.018092785695549125
0.022783647407075724,0.15569126867412686,0.041898328485307716,0.07182129250257344,0.13228350253608398,0.06998141724703488,0.14509118201313478,0.03813632258389194,0.13713342899474537,0.18517960955602525
0.019222603185028195,0.1270659093888387,0.13168133700593207,0.12715813418707803,0.14296207135360925,0.11864655721424901,0.07032327346330043,0.06090607285678758,0.0604967882184073,0.1415372531267694
0.05478775349764318,0.19669055066974309,0.21564347744939305,0.025309411225146607,0.10743482194810777,0.016440810807258538,0.16932912100631764,0.04368936598403437,0.08537149527778572,0.08530319213456998
0.13444965682836593,0.08950825574437657,0.21725551360101045,0.11453496161993777,0.01542703426454605,0.1245825976612889,0.08813411373309298,0.18799718260853074,0.012977725929992382,0.015132958008858265
0.190431158551197,0.03516092170128655,0.1416300175983184,0.09607443073268764,0.17222926037569836,0.001635082051697552,0.15934666057973065,0.006348725823421377,0.0788951819333543,0.11824856065260825
0.1685178844388871,0.04123205526173691,0.044856200558368864,0.010803051826190294,0.07532853513011877,0.18836182972305734,0.07353415752728237,0.10728870218055658,0.1281453397791384,0.16193224357466343
0.07886078947158645,0.08396626754852471,0.05448932293353933,0.06671336266814909,0.08008976701503018,0.12858181852348372,0.06917869041771378,0.1730305035694213,0.11563825043112097,0.14945122742143063
0.054487731003773465,0.1333146810141046,0.046093575300056255,0.1060116653696432,0.1387446196390629,0.09899081507669705,0.07936569346155534,0.12860445729322154,0.1199140436870434,0.09447271815484211
0.12860111991549814,0.08926943125574578,0.04185511404835974,0.15649306018508008,0.15469052180742915,0.1004441577358673,0.08388214162060362,0.11819263580662,0.0024150673353704522,0.12415675028942559
0.03602048525407976,0.08178430835074305,0.15363114560298255,0.026333477041159955,0.17326093032364698,0.10953729495501056,0.02061623634654924,0.14687886866604916,0.05469264324103742,0.1972446102187414
0.07416923161221729,0.15368354412935514,0.079645342237879,0.23335930065500793,0.110743160841747,0.002150199449909282,0.10669765200203503,0.07847199919812003,0.13335127050592596,0.02772829936780317
0.0931605117112153,0.0831006923277197,0.17555954824586076,0.014959813424126852,0.04924839601946352,0.13395315889998669,0.14681103873388573,0.10476777559466183,0.1376596182147495,0.06077944682833015
0.12773360039043216,0.10065666917683043,0.010133380488498722,0.12118968846939261,0.1375009425462247,0.061741172970730306,0.10878658978925317,0.0809606563673875,0.12265208315926591,0.1286452166419845
0.044031564733105266,0.06378723864086674,0.15976228672988615,0.16436317705045328,0.10817030660615744,0.032488424021681374,0.10823781774155944,0.1581437511122315,0.08903328131999122,0.07198215204406765
0.09426021869293022,0.13763449797153826,0.05095008460959478,0.14487498781218122,0.1659095607094076,0.03464127477555472,0.0888735531092469,0.1399709605812139,0.10063383615939381,0.042251025578938665
0.12541119843353646,0.13025480054152058,0.1567473314214623,0.004312759795870122,0.05916455384885142,0.11076763409939872,0.16362424425304864,0.06065674302434416,0.09696299034352333,0.09209774423844441
0.05938855888379543,0.23804884906878912,0.04417727502945532,0.027398804490843493,0.29249828098427855,0.09379005200740557,0.04682447268751553,0.05617576329411378,0.12596204179024237,0.015735901763560815
0.052332018941939264,0.022261571090043036,0.22290226171031996,0.06809115250340757,0.19834166913808102,0.07371848966728273,0.14737957431700774,0.161249826475142,0.03413394009715645,0.019589496059620265
0.09894599313600815,0.18670696607000603,0.07620644946691554,0.10433325490356155,0.2002909986577699,0.03900182988624936,0.014028639748379626,0.042892052762394245,0.08468500731345596,0.15290880805525972
0.12145772901324983,0.14923503474180527,0.18056221152292845,0.0948236262205793,0.11090503668321498,0.0396174111905231,0.16087867307275885,0.03549271502424937,0.026762410633756256,0.08026515189693464
0.16974721370406415,0.024741779734447446,0.16014203289076737,0.15622278192090244,0.09795176438294975,0.053792658899833715,0.008661274400098264,0.10493993725628244,0.14450726237293884,0.07929329443771564
0.01971412854722936,0.13567107836696982,0.19912688246783244,0.09807445583512801,0.10437367765347637,0.12018750626573199,0.21489394788689364,0.012681565639835597,0.0008076500591988729,0.09446910727770401
0.07094866557832938,0.12546190473744945,0.07755076418004232,0.1385854369931849,0.04049763783329151,0.004817737683176426,0.11030744656111799,0.15235798548285,0.14586548152580542,0.13360693942475269
0.10227367270966296,0.036577705208385644,0.09052554691698292,0.048930757452445205,0.07402301175622372,0.10366207148127377,0.1405991532465246,0.20508460478403895,0.047688669464902314,0.15063480697956003
0.12054870333550019,0.18999486599983817,0.08262295480115435,0.06714536329317826,0.04670715194554552,0.06590222377734598,0.17317921738416006,0.022928536634485415,0.1309529211399708,0.10001806168882137
0.040146323107666734,0.12287269740628312,0.14227085387321448,0.055517720231253016,0.14485162334438315,0.08245410231034334,0.10275212238207188,0.047053093691988526,0.1438888656170209,0.11819259803577475
0.0553090187215858,0.020686386784294505,0.05836312380572611,0.15802202499402299,0.04465187398438702,0.06463297367860499,0.12606581506253497,0.1229626323712359,0.18411609787262312,0.1651900527249846
0.0963501660927196,0.12960607718952297,0.09464955163300516,0.017518030504030897,0.027136279462362342,0.06403924580572795,0.15528364248150622,0.13435304869247575,0.1570137821531745,0.12405017598547453
0.03329673449972458,0.06467357180694379,0.06471574493413322,0.10459866245045409,0.1262503414737504,0.15336203173334828,0.15367010710826864,0.14314217362491774,0.14343973937799856,0.01285089299046057
0.062235533346331334,0.23028216375760274,0.0005402997405800918,0.000331505236296018,0.022018283015728973,0.18904488152619375,0.12186254446629911,0.09406394929016135,0.1108054555523446,0.16881538406846214
0.1653128470389637,0.12450643966328506,0.1301109378762082,0.020579653356727717,0.02170643949125327,0.09657073231983465,0.062046557140219005,0.0735639977562039,0.16365994328545277,0.1419424520718518
0.1442510371550226,0.15790527223736872,0.15504810728835397,0.03795659520426763,0.033377667953595425,0.03648907431105333,0.02146178566541353,0.2010624230539248,0.10743798277588013,0.1050100543551199
0.13182809401681253,0.12604920018388296,0.06157032992513042,0.18036738538909128,0.08955406453297991,0.04639855247834505,0.07019560885884794,0.08634390163179623,0.08713922322084658,0.12055363976226699
0.14132413875372823,0.05903270246699707,0.0695399754383922,0.18857122265195184,0.07660531401209426,0.0404733426286475,0.11808182421653966,0.12508611876360284,0.078557357937232,0.10272800313081444
0.0705263476430363,0.01796042253243146,0.1546067578278682,0.11157051880222256,0.0887378626687685,0.09390196654804983,0.17816484022609524,0.05173087628916353,0.14666223191601827,0.08613817554634617
0.03119666993086181,0.08081079832024117,0.09983542597970013,0.11779604831613573,0.00196875438117466,0.16728357898922783,0.147925486189278,0.06242019509981022,0.17267788825088254,0.11808515454268802
0.07602527377592878,0.18613859394295929,0.0025066159768642408,0.2356813121752236,0.07501209139326633,0.19065623018022487,0.16787548598245802,0.044586536493652525,0.00784301542775105,0.013674844651671403
0.13103159351318994,0.07262092803392349,0.02551977428561108,0.11468089622250908,0.11880516175715057,0.1213042451624316,0.1358584185677895,0.06066289267308132,0.1418242763990884,0.07769181338522518
0.046061743844503455,0.05459304392276533,0.1156576389065587,0.08519263641665183,0.13238062438036097,0.16096374579562886,0.10512111313092581,0.14262501840087752,0.08738591466634063,0.07001852053538701
0.09431219436016809,0.02293250839582071,0.03290828570578079,0.14508332291010545,0.05855751326832696,0.12906215456342823,0.09060182592629978,0.14432929711590983,0.1530365715313346,0.12917632622282557
0.04801302033467517,0.01917199647082934,0.17562818356993695,0.16253180262885192,0.06539666591491383,0.010318943359523871,0.100073455313096,0.06559532096906677,0.18313536491423818,0.17013524652486792
0.19983773200872434,0.12460877259412151,0.16251092174431628,0.011991444712826472,0.18516600772034048,0.0518851022387942,0.03863475346635861,0.018275953711414203,0.1139354194437165,0.09315389235938734
0.0808580490301016,0.1067658158704471,0.08137401665711426,0.06852243377619559,0.1830998513871545,0.1729175880396973,0.15899789177812917,0.02238523532796614,0.11294403423335587,0.012135083899838433
0.140219516574241,0.1329087958870606,0.05519687910802385,0.09574510422598423,0.10331852718983853,0.05395159576559529,0.1318342177198905,0.146335011911515,0.10916182818097991,0.03132852343687122
0.1555844830948987,0.12246416926329123,0.08285680151275165,0.029098999100484496,0.01139177317198637,0.0705979760839698,0.1062555080039841,0.11492666167762748,0.17640604188758588,0.13041758620342037
0.15150029944214838,0.07778749445762728,0.09889840577223512,0.09109045035323139,0.14484293248935964,0.09382719918515074,0.010198676077061182,0.024448743819849832,0.15653689333528972,0.15086890506804662
0.0785070213198902,0.18416770564382723,0.13371246822957142,0.09583254059105255,0.18381061771509383,0.01724309927050719,0.06321722557054348,0.097004646322275,0.02053228411286712,0.12597239122437193
0.08535425341760576,0.15539322090730642,0.13164102762959162,0.16992528011439606,0.03870522943823242,0.13921515459951544,0.05896033050909168,0.038027129328596365,0.08592506773963625,0.09685330631602804
0.07828544579957705,0.07464163310397207,0.035877274788212815,0.08303907981447468,0.14876123913554418,0.10001682084907132,0.15493498523468632,0.046456752166099236,0.08433018834852468,0.19365658075983752
0.042152053148169125,0.0758407868788879,0.10071876475632663,0.06034385446853387,0.12903390453916158,0.10929432208293076,0.09896995376607418,0.1357213926946593,0.11985056881144178,0.12807439885381486
0.036363315775212526,0.08832064355363305,0.23550362017595752,0.013868116904208548,0.13782922653880195,0.1714168514072651,0.16033523348940126,0.03439958358786076,0.02091689277668333,0.10104651579097601
0.09257412436419474,0.1589768806459505,0.04486365973866839,0.15936262944520088,0.12915710722387208,0.21006639808899344,0.017822917179194164,0.06873055859518162,0.10823616428803672,0.01020956043070755
0.12129265008069706,0.034552154061332295,0.15364567807470786,0.03019464387126032,0.14575596759976223,0.020112595946490026,0.056499078619308224,0.15892023203651573,0.17109058909998048,0.10793641060994569
0.14900481462938314,0.015522134290357693,0.1579417457709314,0.02775517918889954,0.14097976654240474,0.12360756404494067,0.13810525117624414,0.14765777437028,0.08444078820610992,0.014984981780448712
0.039531197506541174,0.0993027350640427,0.05442907234476259,0.17524593706922267,0.15629208899392072,0.010581787171012528,0.017548817159362146,0.23887228696681004,0.12378197737238096,0.0844141003519444
0.0878010271332982,0.10516774758777347,0.04046165408536773,0.14603198048175076,0.16835350032645932,0.03357312322797572,0.12727373904034364,0.1788234458705375,0.022779699252552597,0.08973408299394105
0.17696451936465796,0.14153233434640722,0.1702357377312259,0.029136260815251176,0.05581702396334682,0.025401914399789498,0.0852748688498662,0.07737467855127166,0.15839001929261298,0.07987264268557052
0.10795286987795094,0.07539134949689404,0.1346552900249891,0.10082508920238256,0.14896370796528155,0.10153294350735262,0.08190375405088064,0.05691132744292691,0.05679305288726476,0.13507061554407673
0.12106863406226491,0.14221121736600223,0.14272906287947698,0.02456805148327599,0.014985032541490055,0.09527216690141577,0.07586435769242876,0.12708058006595824,0.11322792820475364,0.1429929688029335
0.027509626687083375,0.08075635200005354,0.1890878719974251,0.01958910151487298,0.023974949011537405,0.07113768410949223,0.14557581275382375,0.18391775030538945,0.09648506592275881,0.16196578569756345
0.08607473760206004,6.107214481157952e-05,0.06264427078554821,0.10645447714539824,0.13929673794838304,0.1567284075119067,0.11102647945452279,0.10642040663723126,0.08076534221128957,0.15052806855884848
0.12031415637923086,0.03977515925443591,0.18128043260989524,0.07466990524968484,0.17981772818356698,0.151815815429955,0.04553776634932523,0.05020360058581284,0.003576018158197236,0.15300941779989588
0.11394955684092577,0.12994216940431472,0.00527771829247527,0.1078718934049382,0.1259489330417187,0.009884397764293878,0.10626081320151035,0.1828214179606922,0.06971836934251605,0.14832473074661484
0.08025588465121598,0.21297779491958088,0.0789577677004892,0.0992530127463881,0.20903950844978791,0.05922866026244155,0.004922483430557063,0.23425539888660998,0.00812638329417114,0.012983105658758149
0.0020962152114993066,0.0821610288032308,0.15128173755932237,0.1678559261247089,0.01749213604284435,0.0961464803347853,0.08746007621059894,0.1921298895723442,0.009056257629873329,0.1943202525107924
0.08295225363874541,0.08400233361301977,0.1726764604223885,0.12861465048092263,0.050020087008040844,0.18527850503920254,0.08036030012361806,0.04123729272145732,0.056823925051569926,0.118034191901035
0.02125602023050802,0.1753390430925958,0.17977443526594428,0.13606903360711864,0.05573497676478261,0.055065139221269765,0.1196818871926914,0.1428602051787888,0.08970461124684276,0.02451464819945802
0.12682134935629016,0.07025150611448645,0.1997168728129975,0.03331687934879361,0.07800006698233466,0.028654067330538418,0.12252919391015088,0.14224557022981116,0.10623927485879929,0.09222521905579784
0.2283095322026453,0.13742498585838497,2.0713731140782245e-05,0.07182212826007812,0.22868741193352138,0.06843730677237259,0.1726182473134078,0.022527138539839352,0.05227880939890441,0.01787372598970526
0.11259842248825463,0.10223153556838192,0.08668866834183257,0.15501323406590678,0.09844767106620264,0.10088961068976497,0.1356108601537216,0.020019112485733705,0.12897277844296637,0.05952810669723482
0.00025844143289289497,0.02601850545223624,0.10917212200325775,0.06881484282279894,0.12396812722624038,0.17526234629917206,0.09921013670400963,0.13647654656753383,0.09977979376726058,0.1610391377245976
0.17013948333850315,0.08288167689851587,0.06433556455070169,0.08803609593268227,0.05828525156123667,0.04278942222038172,0.19002333490928108,0.112767581625448,0.11930890025421892,0.07143268870903074
0.0005673763132333226,0.08802777845964198,0.17031284958654658,0.03579844541685238,0.08459392353051041,0.04891624720936843,0.15696856805250323,0.1459268950687277,0.1273759391292918,0.14151197723332423
0.1371874722506778,0.006512395143503876,0.1960300258903512,0.10866418544720068,0.062037172259189755,0.1274774610348849,0.0930127025600177,0.02427107684414857,0.16228367782756864,0.08252383074245688
0.054435075794623825,0.11800168668725323,0.16778883626628255,0.009589874950448288,0.09089013918575166,0.1174387545955164,0.16294738213134063,0.15586753353026075,0.09594667408381996,0.027094042774702804
0.04021136157239035,0.12281173533723398,0.13366089418675633,0.07797196523768483,0.09800428001717522,0.1168924632476687,0.12631893954813023,0.15509704425251775,0.054692158778404165,0.07433915782203851
0.14650676178103597,0.07827063516220849,0.13392733569861243,0.1633444639609259,0.09708101297601382,0.050934671881413075,0.14198183955856417,0.07079367522413878,0.11129806406485006,0.005861539692237361
0.10811400057340466,0.15253366428644977,0.021924253210935447,0.04115909955440156,0.053214442884088047,0.143864347729559,0.07401658082171855,0.10457554736515506,0.15334739514984613,0.14725066842444184
0.020260170090798984,0.12217873109835689,0.06356293273001437,0.0966452454823434,0.16180912351099214,0.10266130653892053,0.17713032714266086,0.0382149777996142,0.06393109061606099,0.15360609499023764
