i = 0,i = 1,i = 2,i = 3,i = 4,i = 5,i = 6,i = 7,i = 8,i = 9
0.18543929387620905,0.10143419261589982,0.1119178523108686,0.0587640727199592,0.09485839672588209,0.13730875487262456,0.05815928744521861,0.06775704085698397,0.030936150904312128,0.15342495767204184
0.08338219861497684,0.0353426092286935,0.0991147115290497,0.027559251157135534,0.11073342844695251,0.1378352381246793,0.1306622465880024,0.15135256424289212,0.11028017776115534,0.11373757430646277
0.10818463147263546,0.11703699048364595,0.04441524101678785,0.1760227883339562,0.04807142309962226,0.07512241238622874,0.13796197324433815,0.15105193744406414,0.056326463127924734,0.08580613939079666
0.1858667217547858,0.14374901081999777,0.070772824910737,0.10169503112439149,0.15431892495277041,0.0022844742803356725,0.0010321499417019237,0.09487243522591718,0.07810460394100137,0.16730382304836147
0.13636128649008902,0.019570323402075162,0.037961486928782644,0.16893150377435764,0.004849708893623291,0.13317584679331934,0.13746186759588144,0.1520357195437449,0.06895508681158943,0.14069716976653718
0.10822492747729111,0.1838487518578165,0.06154318474875528,0.03869858819342983,0.06162007473844207,0.125563753623526,0.047855099766480544,0.13051250911381715,0.08750523662379898,0.15462787385664256
0.045822732272364934,0.055677297294212585,0.17278278353598,0.12889053933861847,0.24153346955256177,0.13377975440528744,0.09780796446370667,0.04859085622297851,0.01187252236313282,0.06324208055115685
0.19203656415022569,0.0936519792800507,0.06434986104989765,0.006304414608792306,0.19216037981497583,0.08367048806943238,0.12748538924604064,0.1454572581047567,0.023326602740890504,0.07155706293493762
0.13007206622425746,0.1309770455729315,0.07158507226942412,0.1542285594018194,0.06635658677011261,0.08866650088927351,0.019477456950715583,0.07614761230210501,0.15151019805933177,0.11097890156002897
0.09591941041860849,0.13941265656990162,0.07738889984203044,0.1373097373212871,0.09661514208465115,0.15377127601573412,0.02221922960187406,0.08533971814595215,0.0489085221844945,0.14311540781546642
0.08005875036254254,0.11469581096289577,0.13381140794284072,0.08180975799620809,0.08720854436529239,0.07374732236307617,0.10313507305962327,0.13889687968836137,0.12981431704243412,0.05682213621672557
0.05094109888583654,0.035420737343760146,0.03953843510709543,0.10396010121128446,0.1958467394034962,0.16673551772591397,0.15243281154130417,0.18842252568734638,0.051943065834364456,0.014758967259598202
0.0157513525728667,0.05001020643991092,0.14078530635359196,0.11693507314538966,0.2049672436548243,0.04974176315117432,0.15561061063660053,0.050919146071302934,0.0731516974761307,0.14212760049820797
0.18310778928113086,0.11911775626455481,0.01250797799263247,0.17866650513644142,0.015186073863283979,0.08277966056370785,0.027272389292881744,0.17735579869184895,0.12152527496355994,0.08248077394995809
0.19900564052215994,0.09295920868175699,0.03479445199803812,0.023168511900638962,0.010388998400746856,0.22876634709590926,0.21991750544967079,0.0037408941138699536,0.06993650497012016,0.11732193686708896
0.16786788046980036,0.05364995775907883,0.1531153186904898,0.13097196106343478,0.04079200511427971,0.14699659306666182,0.036248433245521565,0.10223890153200561,0.13512743143028813,0.032991517628439326
0.16257077504489584,0.0814288254109757,0.16549130938124054,0.11290389616007274,0.11953557391323373,0.10916676321718981,0.04218291673176143,0.002603745634710571,0.09352327270819084,0.11059292179772875
0.2031029274763765,0.034753760170841294,0.2155821099805077,0.039467612483571834,0.14584795316931473,0.05730396845473155,0.12392017025574464,0.05239603839273769,0.06332007186823188,0.06430538774794223
0.06559246517853867,0.13783692001987405,0.16362761879123366,0.1760737430319746,0.08296257975214269,0.02007359201758385,0.09413048412567983,0.050580974659873434,0.07680723182468825,0.13231439059841096
0.12128293149468372,0.2106209619963847,0.0962896945185301,0.10477299435200342,0.0007376245990436816,0.1257879544792109,0.08363105599943078,0.18532886088793749,0.030310019995662418,0.041237901677113026
0.11372135029419937,0.044361978126889114,0.23941934924658964,0.0019387839954759982,0.20648099602297063,0.17658970782520253,0.020684348447633973,0.02477798817969283,0.15646141574286734,0.01556408211847854
0.2126946701605126,0.08749415610826575,0.1224496834977788,0.05020423332016934,0.13881203919197949,0.03497084252083249,0.018391421412349087,0.006401144460590577,0.16765508716223254,0.16092672216528925
0.2297437743259375,0.0009733312632415715,0.25801218795022435,0.19738567373134586,0.0988888915874152,0.021228452251624095,0.16991390528543007,0.012276790015614429,0.005026876626926933,0.006550116962239948
0.08765799619358872,0.08655881758314794,0.15640755374924262,0.0013592498778545285,0.1283189800288748,0.1696959395226275,0.012616615601348339,0.13402825770034238,0.18505477284084088,0.03830181690213231
0.14969200906174915,0.002107488834300325,0.07283465912777602,0.11735782534891122,0.1677055018917736,0.03642435470593293,0.13902428617843302,0.00957009160877571,0.13636884107800618,0.16891494216434186
0.16200214546602867,0.16246317662451815,0.06691885819110575,0.17513214493642856,0.061796531794017735,0.031950673101255565,0.044632504342036264,0.033804366990067176,0.1588525711825315,0.10244702737201063
0.13722682771904668,0.02322500615664208,0.12702729208536181,0.1484645066746322,0.1394408366651118,0.013854955519315116,0.012290200245622156,0.15947040375259244,0.09320235966837996,0.14579761151329562
0.09513805545600416,0.15951829796442232,0.1479867146083019,0.15194060654252342,0.0351739911663318,0.13184794174538034,0.08540114203062527,0.13572128048522653,0.05159044439506224,0.005681525606121938
0.036048027771909706,0.1958468693300916,0.06042839796106993,0.04922082456570179,0.11098821719211618,0.14855005618670336,0.10922305868918167,0.11100970503133711,0.09856730525436533,0.08011753801752344
0.06532321901724067,0.18716839264157326,0.023738433125033657,0.12937135766814867,0.0539981211539926,0.15945715410892775,0.13705064834379907,0.02888835314220342,0.13733106765187933,0.07767325314720165
0.11128436391627691,0.07395788929099398,0.10028518247162045,0.1668098993897947,0.13908761659723326,0.052881141333539584,0.1732573356897332,0.087662780702055,0.04469095692551733,0.05008283368323558
0.11143598683169155,0.07588648160043553,0.11201909393044412,0.0618162424710643,0.13555800780824678,0.09002297300912426,0.09238165443182166,0.0671543231968472,0.111595659824719,0.14212957689560568
0.16080153389449944,0.03188962585681535,0.07447294656361066,0.012851511183103714,0.1593272712262726,0.10229406680838267,0.14459579582548798,0.16880714330809593,0.1282574817545016,0.016702623579229945
0.07696908767237354,0.13886333328810394,0.01816670181835713,0.13258922091966943,0.1665243104356013,0.12540786361773115,0.06573368185146049,0.16905561403829308,0.09859983657478973,0.008090349783619994
0.15868000151212858,0.09569462461584692,0.0600068508600038,0.14609205844266376,0.0765692043263935,0.12746797647740968,0.0050010961457771464,0.09339713709674961,0.08007088306259158,0.15702016746043543
0.04404394958865483,0.01393522851575022,0.20831383254568028,0.1982765446066964,0.10682505707517088,0.1382124083778054,0.0668196679383741,0.10102733340066133,0.05806301570596618,0.06448296224524046
0.06067385002587169,0.03492967746724999,0.07728452751002847,0.13949131873544893,0.15992525666340182,0.04442338212215503,0.06881322693429393,0.13313866110453576,0.1530999083392656,0.12822019109774882
0.17011875311489347,0.10007716578163983,0.11718985242533177,0.08145309427460848,0.052673728789871796,0.04377259046906075,0.08360858563701207,0.14749663178342806,0.0996157922802082,0.10399380544394561
0.11840596790079991,0.14058595868482,0.06504668610911823,0.08804814842853258,0.15989627347385257,0.04160023130471863,0.17242107917750255,0.12415292794231314,0.05584546628927721,0.03399726068906532
0.057702205423945864,0.02890206354575598,0.18663345556473354,0.1808720569020409,0.019259662581310278,0.008094696335982381,0.08525350077996446,0.23771895126010084,0.047919010700256094,0.14764439690590966
0.0742736363001467,0.17161318104929002,0.1565614868083031,0.08569872447653329,0.030078568130504767,0.07404757574800881,0.05908418535896884,0.05298356631043281,0.15438584148645212,0.14127323433135952
0.20454207665813395,0.02119846740405821,0.14663269257716272,0.16494092578467986,0.08358919385196383,0.05429966325627177,0.036037612354665585,0.25169138795648655,0.0073203331182586494,0.02974764703831888
0.09792671764216264,0.06298765833053856,0.13299451485087135,0.03879000815925776,0.1315963609462375,0.13481473577857284,0.16108717966668265,0.037671790782917464,0.023317484758696213,0.17881354908406297
0.11620112264552729,0.06177499178699785,0.15768065488216756,0.18040129299787858,0.1043800613176778,0.11710150796413786,0.010590046943244752,0.06455071241018065,0.1777881797689281,0.009531429283259594
0.03690993542591039,0.1759638924002112,0.02507581107664421,0.11165827124014673,0.06967008327629245,0.1799407700712238,0.13877255143338302,0.05304339592052383,0.08436372976002976,0.12460155939563465
0.0826099909341471,0.17549958192823897,0.07285814796518826,0.03654119495072143,0.17423799235551787,0.04244316098884701,0.14935342228172743,0.16635084600355626,0.05966692881380206,0.040438733778253584
0.035152985629044946,0.09122995786630224,0.053590619441524656,0.21902415101461858,0.08946682178559201,0.010730355555817667,0.17391549347628377,0.09543766166613463,0.09073060865324248,0.14072134491143895
0.04748720824113126,0.05987277941725254,0.11855025616193361,0.19296322721126824,0.08608275400489096,0.11467896055490606,0.14762668575921778,0.17409243388799583,0.029710426297549337,0.028935268463854583
0.09267012202051347,0.003797855032503831,0.16145454679584811,0.086321515481323,0.13007765034839636,0.019018463471403946,0.17933083026447524,0.05557341054541459,0.16029550009657934,0.111460105943542
0.060052065818447034,0.10963257453997416,0.05522549418274322,0.11587863933660404,0.16232355147282948,0.16762396935435836,0.02210430914166448,0.13890693320923247,0.1380316175299532,0.03022084541419357
0.1715402986811442,0.08902024688327131,0.05420450465620024,0.12840519756079738,0.0923705843713597,0.07286064023489287,0.014696970029776034,0.14646213290141014,0.16106700492790893,0.06937241975323916
0.01914682274848173,0.08430312508435299,0.035060531431997145,0.190004971132579,0.0892519249239347,0.25058631176222596,0.09672388410843522,0.018561029597044875,0.07276752740956408,0.14359387180138433
0.01846384539636808,0.18448173246147234,0.10162515466493373,0.20995442682391402,0.09484485027779921,0.14149982437188038,0.2193192974290593,0.003071229666115041,0.008780045371373602,0.01795959353708427
0.08082787298859656,0.159556362698056,0.10509975601051699,0.13185188668252273,0.05355746572036203,0.024103203394338572,0.110003375817068,0.14175926638242167,0.03445179276989677,0.15878901753622074
0.024147284046508528,0.1310715531894981,0.048329133043363656,0.13393853622563698,0.06919836426853193,0.14057943226513334,0.14051205488295063,0.10485858787914185,0.10572966285836567,0.10163539134086937
0.05447036937245749,0.19912583737404818,0.030451936898192693,0.09363633677450893,0.007278924926139748,0.18319633357674106,0.09693875637511969,0.14186787237051604,0.16364003115169393,0.029393601180582176
0.06407639639962866,0.06279383558435614,0.1551565675613949,0.09353992864798127,0.12386664124108741,0.13020266978049275,0.006762774960578336,0.10199804351763062,0.14890202225524884,0.11270112005160103
0.005612425177068504,0.13111071433425317,0.11371648238226317,0.19808212178537063,0.12262996538684459,0.08584961097025323,0.21074294124289766,0.09801782261488137,0.002797220130375934,0.03144069597579156
0.10454606420779752,0.0054127961565623725,0.020200338050376576,0.035065033716604015,0.2289041984158004,0.0639697011038078,0.15363501366620239,0.037973140177014995,0.24145927868715164,0.10883443581868235
0.05139158277978975,0.011199262060544635,0.11062824948928408,0.08963226903722366,0.17286300609419994,0.16279499129227554,0.1627784525572948,0.06703160884035239,0.08019423830877798,0.09148633954025719
0.12882708650228536,0.15844092623027284,0.23280523932989036,0.05728105714920679,0.009595256184684067,0.12071807302638995,0.08692361393716506,0.05313986760700122,0.002424283187588168,0.14984459684551596
0.07545908066405935,0.09094222801406254,0.10670375929358292,0.03203609097086741,0.19728735585307686,0.1774985101332709,0.14639464312857625,0.028894754020309665,0.09732554503751704,0.04745803288467701
0.24433437376443023,0.07844518957810859,0.11637505422132348,0.10030663495247219,0.06974980127014861,0.030038701646684554,0.19933002542919964,0.020709898085011193,0.08424280436847754,0.05646751668414395
0.22689702843525195,0.15767000990059468,0.20602181309345882,0.04424417530432483,0.02288555482641207,0.06976873458639415,0.020123473270957332,0.10180164126546146,0.07147794746407587,0.07910962185306887
0.07805342052915508,0.15199115530962484,0.012622501681851887,0.08543910841557532,0.14136672652056834,0.11948446961543265,0.10364659559289748,0.07346861514131771,0.15457515296032412,0.07935225423325268
0.07134947285370107,0.02320673446915708,0.13109256023622368,0.18649537061332497,0.0020243453074065294,0.20690042258040636,0.064079340730768,0.08462406289566715,0.07624022547869753,0.15398746483464767
0.032812485847568615,0.015555833302084312,0.13941779424691897,0.10831174946886804,0.004298292377506451,0.22315800328584998,0.03665510235199197,0.05638401464309723,0.15926057663845383,0.22414614783766065
0.1159970438479716,0.055241228962022326,0.09791694636567598,0.10909370916912402,0.10381213164118411,0.08912965470274616,0.04536496565318529,0.1509830191478343,0.1834474137513647,0.04901388675889144
0.02902782086327282,0.08113421055799529,0.17352171036372374,0.0685147464460613,0.10522805002965079,0.08130401078438745,0.17300503006281265,0.1894297708587797,0.050364933886761415,0.04846971614655491
0.03167549545438787,0.15465430779899056,0.10300168330397955,0.21393666051425955,0.15114469762002203,0.08613178523830796,0.052084539401628285,0.08245092495836694,0.06395715841893759,0.0609627472911197
0.013365439367279406,0.18009957029201465,0.2260680363800215,0.24984992876655582,0.015425307307983064,0.060120494088057815,0.014797305615224996,0.02503996378389295,0.03064906226399716,0.18458489213497248
0.07637928562062656,0.01483830289996365,0.20370128777931937,0.013309627235348268,0.023967556725246007,0.0006667078562913981,0.15106580325419222,0.20881416416131143,0.043056855399156664,0.26420040906854453
0.19782122508568284,0.08107598085508226,0.044742159045506165,0.04161231745572904,0.150382032817909,0.14767142890437643,0.0353356947858147,0.08393185478509346,0.16803069249945635,0.049396613765349644
0.031819493359259154,0.007721504640407603,0.08127424978537533,0.20486927875324984,0.12471187167056969,0.04703779964007374,0.12208238574121105,0.16189223623608792,0.169458264141978,0.049132916031787446
0.014523045437143589,0.02846420802623387,0.02157347605556851,0.049302056493331116,0.031111987119858117,0.20692901280002315,0.11811881228142035,0.10436550852072361,0.25096298330643435,0.17464890995926333
0.12295540105444118,0.02279357008306812,0.09760006737251557,0.025683293573143993,0.08350405556856248,0.1475762795956413,0.15147288457652244,0.07028624730974867,0.11014971022296158,0.16797849064339462
0.025306810682165892,0.005932188019571212,0.12374877700794364,0.19905613055191904,0.10953168161484714,0.059330479173096126,0.032686788931013615,0.197232569873416,0.1190313592472093,0.12814321489881805
0.14930201302790536,0.15736551153008813,0.09273562111017242,0.07745962827540433,0.10911053713582373,0.11875500824100305,0.05919389040759384,0.022917866876360233,0.11755273301966038,0.09560719037598853
0.07603137388813966,0.0773232542391232,0.040971004957409955,0.10506038252432369,0.07013143595637203,0.16306390412855382,0.09879587608586306,0.011632247627607136,0.21301501363193362,0.14397550696067382
0.07388917927126698,0.09083385268094456,0.1338129380272397,0.021908835392961214,0.1430160397719086,0.12956609421288953,0.11406201337409123,0.0007583282595574711,0.15857246495589963,0.1335802540532412
0.00930114119398665,0.055598209135758275,0.11990913401745236,0.010199353836611805,0.18325351534075254,0.11695248425485154,0.19153259756293364,0.08950915480360573,0.1556526029686391,0.06809180688540835
0.19090675168981272,0.0918882621212957,0.14228367464280695,0.13928139870663486,0.055019773296129455,0.08720954367053095,0.19925524499664982,0.041521954072697806,0.017019906712176125,0.03561349009126549
0.10060655795766439,0.16633933842558146,0.1610775136320996,0.09950368797099927,0.044367343927757145,0.10538105458737357,0.07271264475158744,0.02589797834318181,0.0765384933660635,0.1475753870376919
0.13953705231460822,0.08708849761305289,0.038837862674685815,0.06733404414377256,0.17436380034235333,0.13417295477684707,0.1414166200084532,0.03837961707091007,0.0034065945406290964,0.17546295651468777
0.1311041701793775,0.01368817854390683,0.027351008921344677,0.039113423209822896,0.1768334072043026,0.08018371592882063,0.15624220382697754,0.03872228780112481,0.12164333117075912,0.21511827321356355
0.08123350448778507,0.07185653970878043,0.1730860534132526,0.13200961057138755,0.05079424896651433,0.05220948326865901,0.18519025227779126,0.13585512977975384,0.09517248398398925,0.022592693542086543
0.19273213704990566,0.058904165238050955,0.1906240988812743,0.007489926031987165,0.11596596477482482,0.18566704593747538,0.0035879990323351854,0.020797455872302993,0.06406552141852846,0.16016568576331502
0.0007283416101878372,0.16968204425090644,0.020918833243445425,0.06626714471468535,0.13966946187812956,0.0919718560041475,0.1951753816731045,0.03270092329540389,0.14581730688255642,0.13706870644743294
0.11095921899576554,0.04962849047355009,0.11770385198996847,0.1315316298835845,0.009219059980295615,0.2027576040632471,0.13403067577791744,0.14834041632049183,0.08505550521107857,0.010773547304100958
0.08833142072109758,0.15057384686764128,0.09679048608890616,0.14201912448884696,0.1451753188500381,0.06847398044231653,0.0642583811439603,0.026661866584020047,0.17704151456348352,0.04067406024968977
0.052375603475379826,0.01707641629729182,0.1405008392415257,0.02905841435525049,0.10681647836340401,0.03548978814490846,0.20388366555175894,0.08146738792285925,0.20747906187346188,0.12585234477415969
0.16088956953961567,0.03574067917707202,0.0903820172763507,0.09922776234595469,0.11541526749074217,0.09613110110625848,0.10779062812058479,0.1776869477904602,0.08996177794667701,0.026774249206284184
0.019120588313062556,0.2470521040554469,0.024960866560309544,0.06357657052114493,0.24724122585087063,0.15586952525300884,0.05262824146914835,0.16262621942873653,0.0005729579838845616,0.026351700564387088
0.1184361381712249,0.04305682050255124,0.10353032321694629,0.02420493223670868,0.15424857006902318,0.08703559858276454,0.11770787486341087,0.03757276226036489,0.1818954118650502,0.1323115682319551
0.11523996071672668,0.05458860847995597,0.14288914238740155,0.06554161466754145,0.10017682058575568,0.13985924029923055,0.14842349321431966,0.08497306553608586,0.13459743558392864,0.013710618529054024
0.035429045927242296,0.13209561753985116,0.14146505610318816,0.07964306320510314,0.14018067761802164,0.18561648859674565,0.027670777793166002,0.07276050317587661,0.1217145656420811,0.06342420439872438
0.07492938203974009,0.005216901134782105,0.1547725759843922,0.18676617405512339,0.0276020671517437,0.2705333329229966,0.04804023217017202,0.005437761246679507,0.021236556809553345,0.20546501648481696
0.15172052857246365,0.0019796318688775627,0.1495950361015998,0.07876793798938628,0.0015918869979176253,0.13370142077502664,0.14015300266997027,0.03162082171337591,0.1875849432485251,0.12328479006285702
0.10275151035209543,0.10238712771443062,0.08167770555118024,0.10063094490481153,0.05919279480519693,0.11511895913642584,0.1559498776750416,0.1643635469548207,0.05074675669169836,0.0671807762142986
0.03338061458856761,0.13154709050012872,0.03431009384936058,0.09279563220041913,0.04755142138969293,0.18201339262466554,0.026699510139044452,0.1829718124909123,0.11747418658149375,0.15125624563571502
0.04244898884928094,0.20956679014584462,0.07463943012977446,0.03846754660703739,0.09262643522440257,0.10427621392504662,0.08592865191237212,0.08804752898984132,0.0044398096879534775,0.25955860452844653
0.14242642333685154,0.1070676268550434,0.05250426306699833,0.10873509645247645,0.17520817738631655,0.014209864509475601,0.004239141591496983,0.16980727445194432,0.10580310603867688,0.11999902631071996
0.1524455728317711,0.05170161857399575,0.11528516715855658,0.10732182434111243,0.153543927237601,0.10115026415088875,0.06639361945391915,0.027038615826478467,0.07388287732930474,0.1512365130963721
0.1252899998223604,0.09735830865986668,0.14740900245674857,0.09100118138472064,0.12565633203393672,0.11646447225310395,0.07177832607614444,0.032177191577866214,0.051508723906157045,0.14135646182909536
0.08839985010108373,0.038391267963978876,0.15090673626922296,0.13119224152585868,0.09977383803471877,0.009492073436968567,0.13767108242592324,0.08084023072509071,0.11814065601821759,0.1451920234989368
0.14144686518167618,0.1694783041956869,0.10378712649216693,0.0919177607780803,0.06524443125602507,0.13389449741325748,0.010166357217135468,0.13597877877751757,0.006806515048730836,0.14127936363972324
0.022221691389192548,0.1573454861938588,0.18868834171478496,0.051395655265573374,0.15913665229745413,0.1347660192643946,0.15789011342571596,0.09141280408977659,0.00819276944590767,0.028950466913341362
0.12771567669530204,0.1038864966527927,0.2051745180579069,0.09618252376900026,0.052390359558666416,0.14789413588872238,0.08215311725810812,0.005972233284773337,0.10628686357518517,0.07234407525954266
0.041741865620180826,0.13659307493233355,0.05363904194261445,0.11628068843307604,0.11033000995326721,0.09014632947240489,0.14502625757073367,0.03787222391170772,0.16290452283858547,0.105465985325096
0.07358471588217574,0.05186916815614723,0.10933068268935554,0.08422743318071152,0.1548721318095183,0.060014435369296695,0.10973541830169993,0.11585396616707998,0.09130983509450283,0.14920221334951211
0.09119994824451617,0.05496624399541797,0.10421907344922926,0.21754892654203872,0.08496216085140275,0.0002648926872947447,0.17790885008180976,0.2083245432414067,0.015406205975449078,0.04519915493143483
0.08514180653331037,0.06129335181774282,0.007308279712135786,0.11717071430459254,0.009043557603646394,0.12405636716989919,0.0650305063426097,0.24597481423581688,0.05757203867285308,0.2274085636073933
0.01877540526456063,0.11662599984188028,0.14185875511311707,0.05205732425822532,0.1668672969584275,0.06923336650202101,0.06687425213272162,0.1586531433876218,0.038668870727964634,0.17038558581346025
0.16859835623502076,0.07437454313758661,0.21871797803214488,0.1178831384168932,0.07748361038625443,0.024064145995619807,0.06525856734655393,0.19541227456138674,0.04697360467199769,0.011233781216542088
0.10818426776161892,0.012340435985686543,0.02589721322574833,0.12509689864335677,0.07248366989450643,0.15701693208909193,0.19115899564474945,0.1063668734357835,0.11361064278498706,0.08784407053447109
0.17336226544903396,0.10451914551301608,0.03409212457584248,0.11037170434740089,0.018436790139386795,0.02193082025131593,0.10880829085135348,0.17380454953091123,0.15358219319883312,0.101092116142906
0.08486729786554853,0.10971717333131699,0.11734213102011219,0.1387298620816155,0.1501195667512178,0.05784453064756224,0.09614725470086033,0.12448027815262105,0.026751216719216382,0.09400068872992891
0.11456840980763991,0.04512271505429663,0.1853413190194772,0.16068769853059553,0.04811774349148805,0.027269848429395994,0.1697700954235996,0.13541181878662226,0.01706750981146318,0.09664284164542164
0.12253186428397299,0.03279498066831242,0.02739310911105058,0.09479836874501049,0.10271871765462,0.08068494158626958,0.11407783313253088,0.12506102481567047,0.16436681492230854,0.13557234508025415
0.06735438002101213,0.115507357631104,0.12447141876408216,0.05312133153183879,0.0779678955378432,0.09407062240180085,0.07857085550211663,0.039714439132268284,0.20566869818842082,0.14355300128951323
0.15188845514635912,0.08053303668662011,0.14760972022253555,0.07719052472561982,0.027731297526894027,0.1542029911960513,0.1412251041911516,0.0199143791044889,0.07170903987198239,0.1279954513282972
0.16599702828774357,0.22328358793259792,0.1417032948524754,0.02968383945146625,0.012580289531439338,0.02871939737048225,0.08913809994157476,0.1592940886739252,0.14228611298781538,0.007314260970479934
0.10406508711123415,0.11677195932466179,0.09083290998048095,0.13918320760346464,0.05516607649184518,0.09349593058763009,0.07549409367004535,0.07206986247387209,0.10131885289720483,0.15160201985956095
0.11648772361998777,0.04497684330778831,0.16986430639584352,0.1707735667005924,0.09468228500672811,0.02597450193803957,0.1131953311024317,0.06945566059674349,0.03631193891570241,0.15827784241614257
0.0001339533424503392,0.10951709878344608,0.06190797663211972,0.06856696230649932,0.09365934745197498,0.18292961200834904,0.14708129417205162,0.19050193239616953,0.06412348751801175,0.08157833538892766
0.031675327190412265,0.05526326610892692,0.16965827036022596,0.12195740015733045,0.08494416133924561,0.15582179884782726,0.20798015960612093,0.14269901285610603,0.020288439746744085,0.009712163787060631
0.12711394607317886,0.05161004355704021,0.17213167237064073,0.042778393190736355,0.097808058652328,0.0572490890838254,0.15093176179380297,0.021896399632701912,0.12835122930117074,0.1501294063445748
0.0444115931095787,0.11508971253086608,0.029614456321450235,0.18645953212334396,0.15078356209048802,0.03605700413756867,0.13483368197297946,0.06389158394057287,0.1510381313853823,0.08782074238776955
0.02283897229397381,0.17278406983822894,0.14068425774419288,0.04571886640909542,0.04904255301711962,0.10850680073568404,0.16156038941730597,0.1172055093288267,0.11728840313211478,0.06437017808345763
0.005553805076765236,0.20341118660176458,0.07950511267138238,0.02345194760207007,0.19702776387329266,0.0741993037309298,0.14735309992090445,0.05681367204135888,0.04181918953310069,0.17086491894843134
0.15327436576487696,0.09597681868307503,0.11944698890064077,0.01031881340348689,0.0038609472673573047,0.13704784169149892,0.05716299106305049,0.13953921125109683,0.17973377316405548,0.10363824881086124
0.18445647602831558,0.081243249321146,0.09232382224443016,0.11947896273753093,0.05630112616117499,0.0868553887639584,0.047388112596072916,0.15654637492933482,0.04314085638377679,0.13226563083425938
0.1064291867430279,0.025003145530511615,0.005292462590667431,0.11709925881616685,0.056879302853992404,0.19114052134587622,0.1141202853020809,0.18470849347967602,0.09775308510373373,0.101574258234267
0.0547719051779557,0.10252472676759511,0.08832625357327133,0.03373697156379101,0.05023269380121142,0.11201028706866555,0.16561223110196457,0.0648932531179394,0.1590474402668133,0.16884423756079256
0.006150026848703394,0.16212272560838886,0.11488253324951059,0.1363889734081418,0.1268867079990885,0.10651267201507902,0.025628582067239298,0.1278781356296179,0.09410322947040181,0.099446413703829
0.22820671372461446,0.003130326445889044,0.2328535899216095,0.054089209123666125,0.09601618856586905,0.030624680019446928,0.06248217081222392,0.007703506859767119,0.2622466040942021,0.02264701043271175
0.18646059990154987,0.08174591368445877,0.0010411610250313922,0.06588893295015642,0.14154761144957537,0.05295046794528682,0.12463732417639757,0.022680293837010722,0.17396272165010107,0.14908497338043195
0.034891495113483315,0.1777889742101687,0.14194892259273473,0.05297863092275587,0.12190089519711815,0.0729209599545627,0.1556660926066926,0.012554364705713384,0.06238579108590339,0.16696387361086718
0.0915696160355164,0.07143441852177598,0.12567121373882523,0.07085049465458897,0.10585149119714993,0.12979818032078,0.12931995864605786,0.13558435441420844,0.0971225959714073,0.04279767649969004
0.14715852991738024,0.016552668432320942,0.08578052886082689,0.09968470248714978,0.1696611856036662,0.09817408386512956,0.12944911900364,0.14361048393602444,0.03911375926978482,0.07081493862407716
0.19696084972115402,0.03929209423278593,0.08154216936820724,0.08708286864481476,0.15807553388718099,0.10493267740192831,0.014447303680946351,0.04128904976077862,0.09416938443825479,0.18220806886394897
0.13906198618336987,0.02789167912169812,0.1124279604077473,0.08619861498223498,0.09671744010569998,0.0014710850480430604,0.10474694302760783,0.054654184073784313,0.17862882923526557,0.19820127781454897
0.14292474183029644,0.23008508043408912,0.02056993223556864,0.005961970753998058,0.017676514229231867,0.10415052419572339,0.05554563448121765,0.2208728349358066,0.016582085630167394,0.1856306812739007
0.13455098291481757,0.14309348242010292,0.048755631220451734,0.029536387293160934,0.12246206465690201,0.036572600138952124,0.10980213272289,0.09273529742209122,0.1581351639957861,0.1243562572148453
0.09411119438064085,0.002297232702787576,0.01149386032358168,0.032150256880972373,0.13064451713343816,0.10941187635015244,0.03322106708501966,0.24126796674780351,0.18954458346505848,0.15585744493054524
0.12942666724691565,0.1263552376135807,0.04316834868298241,0.11175687287181178,0.10964130162482068,0.11012072772059785,0.0773981746144508,0.1326894982433623,0.08138345823541115,0.07805971314606674
0.16691811081972652,0.04347407117898207,0.16447578321013911,0.09720248696686536,0.15691225473153061,0.03543223637628092,0.042724664291643365,0.11810435476436044,0.13910299113222152,0.03565304652825007
0.15661144880544853,0.012287558090591406,0.0731568557034266,0.03074425491309197,0.15552789481700724,0.19604779546443277,0.02255119710041487,0.05543252576415945,0.13925285543831406,0.158387613903113
0.03485260993413386,0.11368604129579028,0.010964759274857638,0.03246198874773118,0.12758442512578208,0.19173736949111606,0.1251497779594813,0.14484194784296459,0.06410243838029761,0.15461864194784541
0.12474000157294203,0.08202077122645343,0.09141691130295754,0.05670983679536461,0.06629471988797692,0.08364466905456104,0.11572072833666862,0.1286767119321563,0.132073120014164,0.11870252987675556
0.15636900469720172,0.18375388390055664,0.15858004156092786,0.09660620528081185,0.008973749940285913,0.12447513032875335,0.02957489885626048,0.030990184842899338,0.0404499901606696,0.17022691043163335
0.04896277021393933,0.10821968364993184,0.16554469454074972,0.02124578248242544,0.08887027541142015,0.16128489679354846,0.07220138123521688,0.1895261408624189,0.12842197163815544,0.015722403172193866
0.15240928329209188,0.1814781511749365,0.11141054453240366,0.08557204143625341,0.08384551634553955,0.0372291799686373,0.1660935152618181,0.014354380037755304,0.10240057596603985,0.06520681198452435
0.12869516767326222,0.10561492283326032,0.1542074051505825,0.12397037661259529,0.08911276204861734,0.13083694716840027,0.040742172350482,0.06248315992466047,0.04837843589666578,0.11595865034147383
0.12960533170503244,0.12221977120845173,0.06923882986001738,0.09369515951784393,0.12769032045242357,0.10415138044714471,0.09724573971156093,0.09149435215141147,0.12866417981981065,0.03599493512630317
0.04159345914299268,0.046189582939664436,0.1620727450428199,0.11712197622527176,0.030327807304104545,0.16112800696027652,0.03945585020660209,0.12467647455681577,0.10013463408089474,0.17729946354055745
0.18145123858046064,0.10428187318651753,0.06388513320764928,0.08206312654860946,0.10004652888228346,0.0020287566813337295,0.1242738371191571,0.10570954418260378,0.049264303768892216,0.1869956578424927
0.2018465504681478,0.2019943720452293,0.001717075587000832,0.03524890780832731,0.1533971937769109,0.0776565540042533,0.02805729771165408,0.1309354168422806,0.13343471701548595,0.03571191474070979
0.13188163891590887,0.06454936584789073,0.04710503727637036,0.09335481985853057,0.17225760250677818,0.09982290531502902,0.12530498394679102,0.005576281466551437,0.08615021914957872,0.1739971457165711
0.10395200159681342,0.03645656818229713,0.06854065506544317,0.07048250156605367,0.13246437028357205,0.04833135265203597,0.06063368685746424,0.1476937646092338,0.16819883008958952,0.16324626909749707
0.14499550201836722,0.029767987772214233,0.08940137263650715,0.14922256331862518,0.056033902088055455,0.20911482758115849,0.019848025121804804,0.0662972229486516,0.005536502473803794,0.229782094040812
0.074404569461496,0.183938485112573,0.038886912481107254,0.053650083007282114,0.12018815534181816,0.11697213281561551,0.18132849181057162,0.061902812469907996,0.07933118291953072,0.08939717458009769
0.008036513736841814,0.10258608150847982,0.05991465748283499,0.16099309227616054,0.11707892067424465,0.12178523258369126,0.05999528981670478,0.09251255539835417,0.1685222873456459,0.10857536917704214
0.18186207591516687,0.03711174145367494,0.16725418410734455,0.04483635248487873,0.17657236005547144,0.08483758606004312,0.05323374441460649,0.020081846997867955,0.05753895355663287,0.17667115495431301
0.03735215807641496,0.0069822899325957975,0.1511366573121379,0.13468878447582938,0.1313014648105889,0.18448650192487304,0.10395291039598176,0.047429219740676036,0.15955584118102878,0.04311417214987362
0.13288588867176263,0.06923063459723457,0.04904429996628498,0.14953608445509092,0.14928741811090324,0.0647910852948411,0.033248262908411215,0.15628514700686866,0.12185724953282082,0.07383392945578182
0.06310080157886125,0.12012076443771569,0.09255146749003976,0.07169675275639713,0.1493262188125371,0.03263774122270608,0.13325109002067692,0.07002974971567591,0.14883702120310027,0.1184483927622899
0.11932522221993318,0.0035075136036079946,0.14853110315849638,0.0659371397990638,0.08220829802132752,0.07770015251876806,0.15192922200709424,0.10895367317645702,0.09195280891763287,0.1499548665776189
0.028311376392726156,0.20030907579114066,0.18385963888952575,0.04740758881766209,0.030740992031513908,0.08252704679275694,0.010127158126725782,0.19393015645460426,0.0900382439505945,0.13274872275274996
0.1996508099355775,0.06142764870919351,0.0058216614670765325,0.1477825240598217,0.14328404866562724,0.1151760401160056,0.10425590621049055,0.030647102129448982,0.16903817354067133,0.022916085166087067
0.13829935417853773,0.04317538012847276,0.1473356512560242,0.05717874980412015,0.1172522546503986,0.0702647033221309,0.05041977298797558,0.22001357986724146,0.015888923169834607,0.14017163063526406
0.010505903899879302,0.11145694866903182,0.14305762525758,0.012909466877626999,0.14931864960910346,0.19235881767534996,0.06630080976704636,0.17483465978451387,0.08514165232571905,0.054115466134149234
0.03723010858386501,0.17387808390997195,0.10064599066803759,0.15276257246215894,0.10992941968148304,0.06023736982140092,0.08947275120558067,0.15581096163567865,0.10438636892029012,0.015646373111533354
0.12837141322682485,0.09514524093332487,0.008603175291149729,0.13221190414117734,0.09198034155974344,0.12166313805057845,0.12702422958591295,0.10820352572793498,0.11906089139923524,0.06773614008411802
0.06611714675315528,0.08594753262522556,0.10178457411951515,0.07684586961523066,0.1879312279435912,0.09480681203168488,0.12541607835793045,0.10095563012940895,0.1496849499091824,0.010510178515075482
0.1253165992135003,0.11869753578531046,0.01777838752501891,0.1439283193423513,0.09164945130708071,0.08366231982947653,0.1137701459351685,0.12710112994529943,0.10474402775565719,0.07335208336113666
0.09156430680917786,0.12058904906331035,0.048895318917003966,0.14940924419869356,0.017811586630249808,0.11889938818310915,0.11916348019954537,0.11793796732195216,0.08736957287933285,0.12836008579762492
0.20550851381245785,0.14517111292108584,0.17346914678700087,0.018759882230404156,0.01429136208513387,0.07971725745878987,0.16694480366534925,0.08182517908372781,0.08228046539643276,0.03203227655961773
0.04895331147334862,0.18990132951693944,0.05924931814123111,0.21214562562988026,0.13785647691998962,0.0697635306646688,0.09033406093175202,0.02002037685850834,0.14281947247154697,0.028956497392134805
0.14441666582932908,0.051131129865781236,0.07319353852149177,0.1644839175363525,0.13773473148052362,0.018699087312906953,0.1433703411277809,0.10205387390141699,0.035541127802677965,0.129375586621739
0.09614799876519722,0.0349594049175016,0.05705330036934391,0.14623367162716952,0.1363756977786389,0.09915428006873961,0.24552610069044273,0.06899418005813586,0.07962650255555424,0.0359288631692764
0.19219124892445755,0.06587355241177079,0.11493758233187593,0.13113159944155178,0.18093202776122164,0.06941480843721708,0.01556021540682758,0.07919690810030255,0.11443859154361768,0.036323465641157494
0.10496679431106676,0.00860271266153027,0.004032317078186032,0.16631378961221102,0.15025783292515693,0.08455409620220365,0.10326568281836064,0.05748305181684174,0.1478897193064259,0.17263400326801717
0.1813852688466027,0.16053568666443754,0.019041150598167165,0.15039509008065866,0.012946274508215297,0.1274603305347783,0.00267003534309871,0.03721971296732969,0.12598625818044487,0.18236019227626696
0.142205829653423,0.06144478605168676,0.1624552405182339,0.07125171249998792,0.08536846743431803,0.05382275035249034,0.17807899074512687,0.10299538381351298,0.12661936038969038,0.01575747854152973
0.18629951537412304,0.07606153114240816,0.106541527518389,0.013556792191959714,0.09642797043974033,0.13865709504839893,0.005422642412280684,0.11535743259117681,0.06392394483154348,0.19775154844997989
0.1321545386246318,0.15290911477841496,0.15925780493528305,0.1266574280699373,0.15153600307216367,0.01821285365402899,0.05638679520828691,0.037461499836116255,0.01262730173651961,0.15279666008461754
0.0661755558444686,0.17176235225068948,0.10706288478702408,0.09243388365270244,0.19794732593507391,0.19020572899527793,0.0024839420274574103,0.034019755507624296,0.08854895287183412,0.04935961812784781
0.02681061344204312,0.050418441274019635,0.03732448923542307,0.06481728165171237,0.17921177341866187,0.06346293125808862,0.11440216255053422,0.10380411024148631,0.19112712300994722,0.16862107391808337
0.013795832965546772,0.17197338403806167,0.1689594132682822,0.13809089736501587,0.08878485145737436,0.014336529240929331,0.0036095822033733447,0.12688429732401302,0.1567021375656965,0.11686307457170685
0.048091256451181986,0.21143294252511802,0.23948041218914135,0.049360330470327396,0.03395526295827037,0.07342208841393555,0.07443056918522163,0.1615250056803225,0.04877471957894144,0.0595274125475398
0.17511831007826628,0.007251412217316572,0.10895651036816183,0.0821506544731844,0.2088013117561502,0.20018578304740314,0.06577889290230553,0.024647808965751816,0.059394909026880306,0.06771440716457983
0.013611874348838458,0.10366169096788798,0.06746508694946222,0.14488514499202007,0.1564525362447742,0.03233356059414396,0.1660749887298341,0.14258418760953692,0.1558735140462621,0.017057415517239917
0.09875951913973705,0.04430407835460785,0.18630482224130138,0.20550181985406496,0.11250024862697959,0.1899957987102314,0.025561939869918792,0.024089203522552116,0.054235209322245306,0.05874736035836153
0.15902936645465876,0.08269327104020055,0.1567593432189927,0.07336664840213715,0.04398679628161503,0.10618868053510733,0.0683530262253234,0.1365967718867173,0.005540542946711031,0.1674855530085367
0.05193084254833211,0.17970496454294557,0.1939697425909536,0.010139731082922007,0.1146900971223571,0.07483789221618665,0.14113090433719358,0.05319820324483177,0.17900864755620036,0.0013889747580771918
0.05533042996669095,0.00714234643829724,0.04550721535320419,0.03351793276718586,0.22189238340198006,0.150533964814648,0.1654072172676718,0.1577729313726826,0.12072173131450385,0.042173847303135385
0.04053061062027117,0.11469793796034013,0.11838173308272414,0.100823519506185,0.03341600130095643,0.052135706094715115,0.13187562343300635,0.14872877653376185,0.09041661947797174,0.168993471990068
0.09818162722243608,0.0841108246832049,0.04863240406502561,0.13914160295065717,0.022542459330750695,0.18164691629189023,0.06516427205792275,0.1459547399651478,0.05660314013678848,0.15802201329617643
