i = 0,i = 1,i = 2,i = 3,i = 4,i = 5,i = 6,i = 7,i = 8,i = 9
0.18455596364381377,0.036342336696879356,0.10820472120652137,0.1619026018771172,0.0029873100468394546,0.13799010844048237,0.014078559979064292,0.08683982521716817,0.1578733790218042,0.10922519387030982
0.05345881650785803,0.16563202951563588,0.04528668470862218,0.10795902447503734,0.16295539471414106,0.05186502455146616,0.18793468468625454,0.048831840638574445,0.16316934705518057,0.012907153147229879
0.14795322717439263,0.12319266754381797,0.18857228167107792,0.1407389803802305,0.08798688084604737,0.03780508593248142,0.11228108906512825,0.03836405066009652,0.10384928588068827,0.019256450846039254
0.025850663577364708,0.07536330884334344,0.13942075048557237,0.0956828970510635,0.14605200076782585,0.11137297489163607,0.11366339950989192,0.04046420963552568,0.1241111902923704,0.12801860494540604
0.10811866964164617,0.1648219234670369,0.07217773376314551,0.05536927962684832,0.13523568519722548,0.045054949194188156,0.13700075031378023,0.025369036694375596,0.15798751443060163,0.09886445767115205
0.09912345259281903,0.04992162145972942,0.09033995289338624,0.07341966284946931,0.04215655411514283,0.15788966857302972,0.08472467895219311,0.08947292666039915,0.22184536269415972,0.09110611920967132
0.06103746754837307,0.09825722550310206,0.07674671581812896,0.15755220379584106,0.09355884582953033,0.14811578990097,0.16699189140920892,0.13015624442331492,0.028369445608507522,0.039214170163023164
0.08457596571938311,0.11035525291021203,0.06431823327209045,0.0011652921467824745,0.1886558646077673,0.16116245255649866,0.10161356249169358,0.23022577805800337,0.0557393772559634,0.002188220981605629
0.11252924206264471,0.03147237057403745,0.17623556036245913,0.143179368429803,0.010783093852329914,4.2815519329308265e-05,0.17471448910777346,0.060423702376662766,0.16346750016886927,0.12715185754609096
0.08480169035927027,0.1924023323835766,0.049439724907328925,0.1142317087581606,0.09773302266595991,0.06469663134093948,0.01462214133452719,0.10319417197665594,0.18554172495913032,0.09333685131445064
0.1288362858072177,0.02764849639119283,0.04797470535313554,0.17397701484903824,0.22523285973621715,0.00271796185726205,0.08652749640483537,0.20752526724626347,0.0835752735236513,0.01598463883118638
0.12160114256809754,0.11271152993581783,0.11315129144402356,0.07275874289408854,0.06935037352044593,0.12281552248207084,0.13663870139733394,0.1143214585080477,0.11028466201731918,0.02636657523275504
0.0898772703915628,0.06118423108953065,0.12566833735168906,0.0165022844630047,0.11735950035955957,0.10355867281634942,0.13810959941631176,0.1375745299478059,0.06953689698946873,0.14062867717471744
0.1406533576396669,0.19067756172481828,0.0651332613295313,0.17905702917606295,0.01165112148746745,0.10295993967556576,0.16949811046147062,0.03126778542264903,0.10242938907576413,0.006672444007003748
0.13703095772258989,0.02157751478280316,0.10537202722535141,0.1010056528118196,0.058168918855849495,0.22367472829154003,0.0571843631085402,0.01832382817810655,0.10446371056893902,0.1731982984544608
0.07098388876511404,0.16220423799638134,0.07691200378347536,0.14881521088029398,0.12428862870912706,0.06319373990748443,0.08317234536390818,0.12165600968475339,0.1218798200985087,0.026894114810953527
0.142142609566574,0.16643888485111422,0.06481366687624014,0.013415732761090605,0.09862150313889262,0.09215612825131891,0.09253058144175595,0.10004581610820922,0.06481541807565004,0.16501965892915424
0.08382107237637856,0.14455556903540798,0.15071479269246535,0.1372026447147364,0.135218418067583,0.059795839412024154,0.1505420638534347,0.04707640514726563,0.007380100344857118,0.08369309435584711
0.08076472674910803,0.10910005807845953,0.14266268403429536,0.0896913680034508,0.056794321531644126,0.13296763231268946,0.14674768053908743,0.07703781883918379,0.08831003819690672,0.07592367171517475
0.07425988340422024,0.10777021203878931,0.030636490041818953,0.11456143173386575,0.10028797106049482,0.002858013938274483,0.1012381595860812,0.16777565474554115,0.16501347453468207,0.135598708916232
0.08627705308839796,0.09094597275034488,0.027627851305719004,0.13460520328802178,6.333303886153859e-05,0.1713625957350561,0.11740929212084776,0.10175490210980742,0.15021315462018425,0.11974064194275928
0.0521458150917074,0.12892629261156127,0.07589670921375823,0.07713141936593727,0.1525478136959774,0.14008541633145846,0.015064523135672712,0.1425446615059316,0.08149030503017686,0.13416704401781873
0.20557411494724567,0.0364205957292412,0.1276612474464246,0.10045320434668781,0.1444116843966491,0.036706909323469476,0.0932507375810941,0.1028235982934294,0.05206492529308624,0.10063298264267238
0.0669230825805566,0.03435576038732715,0.06069776433511171,0.03029687105994294,0.1708706075766233,0.17017859082694564,0.13875517541806384,0.08278485790540131,0.0805270313946634,0.1646102585153642
0.19037785695032075,0.09322851687131911,0.17919183984386758,0.13441254529983998,0.03331048747518963,0.023720826040500423,0.05126308102194831,0.04025248465774992,0.196317464528322,0.05792489731094238
0.146178766100687,0.15917330259158158,0.04708662226867974,0.0309172153310434,0.15496395672858954,0.10825304908308178,0.10727755694622239,0.0799879039908732,0.06737243697416566,0.0987891899850757
0.10641478425153904,0.06083789964582577,0.08636866330703998,0.12745267601534474,0.0040611873184120085,0.23436732090230794,0.0367454698850066,0.17544319056867552,0.0032255852662579575,0.16508322283959045
0.009544858523757985,0.0012113967325926445,0.047170990864630426,0.15329272816070552,0.1446616643438558,0.14689013881408455,0.08496732399470787,0.09060343940275144,0.13048393612445758,0.1911735230384562
0.013872734785070206,0.030325823574072146,0.026798068156521162,0.0665893476080991,0.17156697710184568,0.17595423009382813,0.11785848783608759,0.0972334492511146,0.15955557155322123,0.14024531004014032
0.035149715511287684,0.04563153779731395,0.061722118782069006,0.12193413303710318,0.17033789393283658,0.07508568634232088,0.08698045660699745,0.19703193737579366,0.03000000363558891,0.17612651697868872
0.16962578592527155,0.11966501497031341,0.08415867314889447,0.10427160620786222,0.06044664861305294,0.06269449835677944,0.15796290535180615,0.04625112183795271,0.08643019720258154,0.10849354838548565
0.06084367359359999,0.11817703907924478,0.01372937316304576,0.11899351423814633,0.21051904331799487,0.11497065615304052,0.008034395628803618,0.1200931487314219,0.03703320909158406,0.19760594700311815
0.15431345544301114,0.12309846478571959,0.03862068116879018,0.06549732769214163,0.08919011705727276,0.027875879796135705,0.17209164607461436,0.11076943308905937,0.11659236499033508,0.10195062990292009
0.11993350912281733,0.10204113584785622,0.12019574230612333,0.1676680584511469,0.0334024729089024,0.11476121602914184,0.06849067058117882,0.09105799884885411,0.052627761203435146,0.12982143470054383
0.12264285855666598,0.13928207640954612,0.0747766235656766,0.03500286979735693,0.013032784703058393,0.07023937969812262,0.1942783875625454,0.11978065206010992,0.17111268095163407,0.059851686695283915
0.18875921471206136,0.06742015524987338,0.1017876265923722,0.037078043991535845,0.08926593581964189,0.10125928835432634,0.07986330743541606,0.16024170817228814,0.03366227625844345,0.1406624434140413
0.01583435210624021,0.13260163395315613,0.12470835932759083,0.14754427130258632,0.09569016296102908,0.1285570693033609,0.031071863153147767,0.12513493104154302,0.06864684916829061,0.13021050768305517
0.12830599432057543,0.17918901093491293,0.07760330591081578,0.03011902099100678,0.13350081321742005,0.11665143439347242,0.09382917777588465,0.016356040555891384,0.19203695543859825,0.03240824646142251
0.004440497602443257,0.07317231870845943,0.1324778331294245,0.15623839433395154,0.1911563737243467,0.03505086349144131,0.12851034180089163,0.07991496933313488,0.06611218599579606,0.13292622188011055
0.11642238338686953,0.019828695423446906,0.20698049949236727,0.1842193595944344,0.04714216713337661,0.073321806858319,0.12409609613402355,0.010431822694129506,0.15797896004138515,0.05957820924164822
0.035517012291588906,0.15418173788037423,0.05445699498893102,0.2035316882948936,0.11068604952989217,0.03375937929042417,0.2069019998395809,0.026419884989124988,0.15497937450601576,0.019565878389174167
0.11211884867605941,0.15399260489808567,0.07730366743144834,0.07287398082657065,0.09741191918775184,0.13281600965611795,0.09463732542501858,0.03406702476705114,0.12968452651406884,0.09509409261782757
0.1355321545337886,0.06079949375554042,0.08880264860133039,0.10967966513903254,0.07355550639726469,0.10056164877146216,0.0805455239326857,0.11829356538689126,0.12608018911182953,0.10614960437017479
0.0788212819804627,0.13511752142855132,0.09117607473656973,0.048659768289448596,0.18012215910077878,0.18105228230467635,0.12780529226682574,0.023462834615544284,0.07237652762267623,0.06140625765446616
0.060398553451467975,0.17058098319440193,0.1499477023640499,0.0589259203870945,0.08378488186499573,0.07895701543107984,0.14605336587031376,0.07450745016676096,0.1568679837225521,0.01997614354728347
0.1749005954033262,0.1280357994178035,0.1823217826904947,0.07073675275147442,0.0622979010503007,0.04736655406722657,0.1598008417859745,0.035367553278733484,0.013359874386375672,0.12581234516829043
0.06670102596611532,0.0747300966932052,0.05936925468576384,0.032386743921615994,0.11171496473061623,0.15059772495823698,0.14716782938793002,0.16318918956459327,0.033263210518746096,0.1608799595731771
0.05115589510244905,0.13766327699032058,0.02710219310596708,0.16411237365946918,0.16044250343935182,0.03113937014070552,0.010296244044936849,0.1570939119361561,0.14899125263653198,0.1120029789441119
0.0235771538289684,0.1574436482738697,0.06760463296333129,0.12810026052136564,0.1625931500335567,0.1313269349185807,0.04190387508153922,0.0949894912936948,0.12464417615050116,0.06781667693459235
0.0935313130052344,0.058215296400337825,0.15002716267908636,0.1772482908984996,0.15132212871942813,0.09906084519894416,0.058498413698616324,0.07710900878935319,0.06212173852199288,0.07286580208850729
0.0566796977786471,0.04731035404954865,0.0040886116790970406,0.1365008448557023,0.17398238581836808,0.14823296560208565,0.10973898264751018,0.16099451415454585,0.019852091165909663,0.1426195522485855
0.14571245441088163,0.015397000061092708,0.08294909370015925,0.19351538523774311,0.15736914661693274,0.00905180681296848,0.046367206550362874,0.10407488783020856,0.13854668768632375,0.10701633109332698
0.08831923268839488,0.11983380483960968,0.13402283448133065,0.08136148642050982,0.013995201467521926,0.05410561972423054,0.1091981146721371,0.11900895074224303,0.13552621201686163,0.1446285429471608
0.03277594405392825,0.09565373317253563,0.023967271696277857,0.019033353940182615,0.1579034918815484,0.12577620640535891,0.16090882679348179,0.19499971930985419,0.08260509215561394,0.10637636059121852
0.08316660660131137,0.14435421188725217,0.07782013650373168,0.1475770621906775,0.1720562474144697,0.021980240639633674,0.20399262040194138,0.04665403657513225,0.008665008819391097,0.09373382896645911
0.05300618446154548,0.04910087671188285,0.18824397975771964,0.16132582838913795,0.11193414440448077,0.10398874166295842,0.10337687195207888,0.04548101482210041,0.016408425875389848,0.16713393196270582
0.053105610788051726,0.08257739518371505,0.17259047560341118,0.07643725076811116,0.17251536661213981,0.006901380820236106,0.0849102724905247,0.0944647160509114,0.1378469500888318,0.11865058159406705
0.04967163274142618,0.006449754690006158,0.14612922459678282,0.20079373441233953,0.1799448231717512,0.04433505689357721,0.03381341854231974,0.1395969824504153,0.007281965954438858,0.191983406546943
0.00358526452912295,0.05062451875719254,0.09343163668266305,0.11431108938363996,0.13700667267564418,0.034674569832180445,0.034783605564279424,0.2353666818046339,0.23823738630902697,0.05797857446161658
0.023404490676059854,0.08731503650548908,0.14074254981377932,0.11321576878991277,0.03019726469289574,0.14069591866118053,0.14801109668820547,0.11145816859781832,0.04251738586979435,0.16244231970486464
0.18969472064173112,0.12601125914115857,0.04672790102178062,0.12013774844263746,0.1182528804392117,0.09301497554303051,0.01754426613495437,0.10001558991516893,0.11494212783079678,0.07365853088952974
0.13632734409410877,0.06628754063979651,0.09587808248311872,0.07879894425737145,0.039412657749549475,0.15575827808374584,0.12860357148241974,0.12349565575321426,0.09445353638210521,0.08098438907456999
0.17630007679065418,0.10444255116589328,0.02614217865880509,0.006186206518462884,0.19399597593663,0.07946364070874283,0.1060621156504092,0.11086918365724996,0.08069350091593337,0.11584456999721918
0.1715457391843845,0.14795246885737995,0.1217339550590873,0.0018134691452049274,0.10273761431470728,0.14350836929657124,0.01949838244002888,0.16791906983575663,0.10579302645163664,0.01749790541524272
0.14030741323128815,0.10565156985665863,0.01624854132215276,0.11861180988470174,0.1296503996570571,0.1157708973696793,0.1136637392311296,0.14204571296361201,0.06216775732900622,0.05588215915471451
0.13933911439701785,0.05803294044364768,0.06064011601262287,0.21121390952502017,0.08064069985799784,0.07598982606706695,0.07849979142994344,0.017882259487268636,0.16401924572722298,0.1137420970521917
0.15438901374889868,0.03915100113557492,0.01370870522463579,0.12264992226726555,0.08958018613171334,0.11965553499213075,0.029714699966399697,0.15554435041381656,0.1884509144302313,0.08715567168933343
0.09607527203497243,0.04507429658516962,0.054026908670508474,0.20654954515199675,0.12427137796107801,0.14450617356739945,0.01067766403585941,0.10003298762559683,0.0973260204661231,0.12145975390129586
0.010568354153542736,0.1468052004960219,0.178601615596826,0.11148102190317877,0.02477777381857922,0.11157411650425587,0.12631562481265854,0.08467422801335668,0.19387330973341368,0.011328754968166656
0.15065329145344247,0.012145776846037452,0.09247160054306884,0.05076575067904963,0.1453986989939521,0.09418915626450534,0.13487804943043213,0.02905883013706936,0.1481883989215038,0.14225044673093892
0.06498547888339287,0.06770649211220282,0.13941701762063305,0.0861069216345213,0.04771050364045558,0.12212848599945195,0.1396906180319837,0.04614523038817416,0.13309557189908675,0.15301367979009783
0.14693844067085185,0.05918333302388041,0.10311370288520996,0.13248651510010945,0.13036279413825613,0.09917956508507796,0.052356748267267744,0.0415908078802115,0.16001774851771394,0.07477034443142103
0.018742862466571295,0.061256676287278565,0.09221586323897296,0.19977946713686734,0.13202117458428914,0.016136430938339715,0.15367392818761025,0.1113581919719883,0.11231858197882243,0.10249682320925983
0.002727019201207154,0.16778415481576367,0.1417650004156127,0.008998237935561816,0.03912232909601203,0.18745388121880777,0.1371502240345978,0.11227679871081918,0.15857661115183072,0.04414574341978723
0.04300418934534294,0.13836475369438636,0.08757493248069632,0.07136983348712046,0.17703875273665243,0.12341785661471583,0.09579537972603842,0.029742043647524054,0.17529915169975466,0.05839310656776862
0.11199165243638837,0.14731261053647948,0.18744685305762845,0.09201174641402164,0.10454143367827458,0.1018896805088447,0.031233485753316144,0.022510441249848342,0.16174600655134913,0.03931608981384922
0.10465342176556872,0.06393480029614747,0.07528706376877896,0.15185062180493603,0.028437312656994816,0.08970019649886217,0.09061308773122566,0.1152609977642477,0.12100709280380915,0.15925540490942922
0.09200216189464464,0.0777186763088355,0.11782210798459399,0.00908836732034964,0.13809312220359476,0.13425991660416225,0.11537275275780991,0.15215581916095083,0.09950275640843115,0.06398431935662735
0.10228583047669122,0.15201280039808032,0.01438481325755249,0.0005576541919638173,0.08822308779557163,0.15904512270213086,0.15409867924245885,0.10734842527180076,0.0824635437585902,0.13958004290515977
0.012669713101029793,0.05955225955490658,0.1284718007058998,0.14243973594952533,0.13535069692141216,0.06713176483667116,0.08509475657525531,0.13888360089670834,0.07758357079158543,0.1528221006670062
0.13113006249599446,0.07010696309604322,0.06458925937848159,0.010448289365408064,0.11242192168045909,0.00961570758638321,0.17498130706768747,0.12410540229866504,0.12203099837368482,0.180570088657193
0.022539465181723065,0.21636602151536324,0.057898865874530206,0.2139375571162602,0.012605102622169684,0.06355369729767936,0.11016860303730978,0.13793811407749534,0.11943569720805802,0.04555687606941094
0.06637643331287725,0.1603943281878185,0.14583987749122634,0.05972998067930155,0.1632459737215449,0.0806579923475543,0.029094017341929488,0.16759644994532888,0.0631754977797348,0.06388944919268393
0.04122703379034671,0.0764168897879551,0.09853207894703098,0.13901664338022746,0.08779939700788451,0.14538582501137065,0.10215547483418269,0.07660873702184902,0.09267098697391761,0.1401869332452353
0.013668877147537563,0.023255764913420324,0.08471479931619527,0.05580989587434419,0.1607828462769715,0.1098372205081929,0.19753076206557424,0.2003872174200755,0.10051912912305148,0.053493487354637
0.05990967000825021,0.01793509156508451,0.050703817663609346,0.02190854038962937,0.1546404243636474,0.17489215828112942,0.09007001441935715,0.18387299631588983,0.10612913672865303,0.13993815026474984
0.08212903313367266,0.1258858573094882,0.1038315854140936,0.11026616891029485,0.09363171604487684,0.08701035380132575,0.1545271036252582,0.06110163126384744,0.04483892125218075,0.13677762924496162
0.09538017636992693,0.0756273416102768,0.09927320425542924,0.12670353042438656,0.15738621984395748,0.17007412879305303,0.020778755231025084,0.08650396200603738,0.012598720713622483,0.15567396075228496
0.03132677282480916,0.032659841588907536,0.05148520509158837,0.21966394854761687,0.12205636818528796,0.1153839308792842,0.09951073165304773,0.04189459573396184,0.14460561820788587,0.1414129872876105
0.11862338467336866,0.05737782310077436,0.09508328790987317,0.005911866681076167,0.0808767080536759,0.09946236353952628,0.16807532015475135,0.08299556035317181,0.166596480930842,0.12499720460294034
0.09095068779341359,0.06302211717289873,0.013348260254221693,0.017418454972084798,0.16385254915325187,0.0005845393292677052,0.11792509067448771,0.221629014144959,0.1782965680740235,0.13297271843139152
0.04886741255011795,0.018304337106996884,0.21632146391317034,0.15778595154693892,0.10699768373806826,0.13061766627072913,0.024112797624609855,0.16606220511449388,0.0036121367558859703,0.12731834537898878
0.016518976278762726,0.0193502311458485,0.12626154014240917,0.18345969581135782,0.15440455611534404,0.07673206634961878,0.1078809878357524,0.07872553488800947,0.05980660478742985,0.17685980664546738
0.12388068882992842,0.05816923930475515,0.07823361730347017,0.11175323730637264,0.0543160610888837,0.1453112877210657,0.15474265360107886,0.11536442762650559,0.08991979435973924,0.06830899285820051
0.1341327095580406,0.1394264626050115,0.06760611138661464,0.17717427399886912,0.08525223215347566,0.057409462758178084,0.1710685093416834,0.09232229962279023,0.05678913808307212,0.018818800492264805
0.16534462196587915,0.14880588070320694,0.141064229005735,0.0003558870785363288,0.13986393575116218,0.1553723949393877,0.05595590051017765,0.030382773140438135,0.08657672076636018,0.07627765613911658
0.09075302817115662,0.13970356410690524,0.09323011099201245,0.05103816574586877,0.09521743062906773,0.14657589243572416,0.029680760780318578,0.13792165123918784,0.09632551242160317,0.11955388347815536
0.07804083943124125,0.16878815924007726,0.06683591287178196,0.17725860688104067,0.15029545686758922,0.16482848502038583,0.01858271694766825,0.02977380916436685,0.02118779176376242,0.12440822181208629
0.05527220231312055,0.15990297131799444,0.14654243261833083,0.11149729901018386,0.08746077389269942,0.15187344967566885,0.02451201164796095,0.16356583097534905,0.07239670369530725,0.02697632485338485
0.19571336148152682,0.031213221868989876,0.16966096829730085,0.018904062567768224,0.07067715351180212,0.1864143512753646,0.14142240212738394,0.01151806546887265,0.13807650702149932,0.036399906379491614
0.1105110611247704,0.20467691643627442,0.09242107247784942,0.019065131138874578,0.20420079391362378,0.20559461201569607,0.04527854126688769,0.023090425520926317,0.0213513537553386,0.07381009234975873
0.14185838755878152,0.10309080767724488,0.0198747803578365,0.11544708053789449,0.048789372414812085,0.03850101563885006,0.16776367212754476,0.1664885948544599,0.05345062999737603,0.14473565883519976
0.12820063318280783,0.060975499558519476,0.06397576184898675,0.07685048254775827,0.02802107187780662,0.14897375156566803,0.1619022327993709,0.182761883661219,0.13079758955238088,0.017541093405482298
0.017831226828477237,0.03322813821318755,0.09505864074519803,0.0857551208982081,0.16407545423396835,0.18527291372712892,0.13536068204361879,0.10153996036869158,0.04743120432282917,0.1344466586186923
0.011907388871641857,0.17357456065354734,0.09333683739928529,0.13349721479176496,0.12635114485600538,0.054564022879283275,0.11781142401244042,0.08618269919080228,0.07625154428004242,0.12652316306518677
0.010489907586725584,0.012161819948995095,0.16916234034863448,0.1546611435833299,0.1252452269161129,0.025493892478611006,0.18570120140809382,0.0032427086916746476,0.12790259705387994,0.18593916198394264
0.15186893086995976,0.21612832285572692,0.020314728594134513,0.06899033729266493,0.08848135241023704,0.1114841124499652,0.07887063683787668,0.1347361345840176,0.029838336333159958,0.09928710777225735
0.019576783880935405,0.15698324538155653,0.15354760868191342,0.11426850914166542,0.018190281472126372,0.015621920074318259,0.15135207700216963,0.0875071027870329,0.1396211271095288,0.14333134446875329
0.12661560018840073,0.10862938223520283,0.13598360434045376,0.1596298309526872,0.09680637777197579,0.055553598535900396,0.01769309651859775,0.10388299102429488,0.033131284622446903,0.1620742338100396
0.20194271031097713,0.09914200213665127,0.02175832377370118,0.14178007238997217,0.003193147475899083,0.11298318049265532,0.15847334430123156,0.13278912625165562,0.11604311618406171,0.011894976683195021
0.1026757671371748,0.15941079221626317,0.16195186812442514,0.09726743504462922,0.08320111152523318,0.05211188812374484,0.06592934104752322,0.11129517899073009,0.11566796835258718,0.05048864943768895
0.069525150941879,0.14765109215752784,0.1315987553599058,0.142294223337902,0.09529601318016223,0.08445845962529108,0.09722573467530687,0.12176785099514159,0.03451291020232551,0.07566980952455814
0.1425409751474555,0.1464632447952306,0.1455116234316029,0.025225596266806424,0.1158412154782654,0.10715504410843119,0.012404982860336568,0.1488518142251143,0.11692352634226895,0.039081977344488365
0.06942243203906157,0.13607075959664564,0.02928822455151739,0.1467849067759539,0.05838542028477113,0.07839647998696853,0.08538738957755636,0.1632947931392252,0.08567450993414605,0.14729508411415412
0.018307695701944276,0.025225238435301157,0.1552447913355166,0.11031383698957849,0.13384011312880295,0.048429578878768864,0.11391097615498245,0.16989938227028945,0.04166736693033108,0.1831610201744847
0.12535849769729715,0.1182469135958311,0.10443965071541737,0.10758175502409117,0.12185836948207208,0.1250756737935258,0.01627113222705072,0.13650464606846607,0.13619303903666719,0.008470322359581485
0.09808531171553782,0.02462824576034917,0.07224191033254775,0.12068757019512047,0.14133217431733067,0.11957475871940418,0.11567978515893433,0.13311637169867754,0.08763670851632643,0.08701716358577165
0.1495827379464014,0.08601093764831824,0.1861767293930639,0.07295818811529085,0.11390073437975701,0.1234546407948981,0.04017870746087944,0.012520132990406616,0.14351370152994022,0.0717034897410443
0.16726893573257554,0.041213840392104,0.17768717213974586,0.025178683806784116,0.07756749767045505,0.18072033884047053,0.138633548183374,0.06505174261974034,0.0632725912085261,0.06340564940622441
0.0803537387107746,0.19041738222618246,0.06240870005379584,0.162855964867043,0.1446985414999945,0.025424418240045977,0.02272407668817067,0.1565041780768711,0.1451274416855601,0.009485557951561748
0.11605269896387779,0.17960488432264082,0.13154631480324386,0.0596666535433647,0.07044137830620308,0.07109458516471368,0.15592475207731615,0.06178484078972213,0.06727514656488645,0.08660874546403131
0.08404552944421692,0.004878704545695677,0.03217963807448954,0.08504323066746533,0.016922381890150263,0.11945377244085113,0.3016052608551789,0.09602025965000562,0.17867256267678638,0.08117865975516006
0.035230215475623036,0.20263823529388394,0.08663837360666571,0.0022738471203403846,0.1779028644535525,0.14385307235850772,0.0037194186155553024,0.06423127149517195,0.0858263615697448,0.19768634001095464
0.10666146865038717,0.1445457656471673,0.14342932323264848,0.14610478696450693,0.06957378991076653,0.07773143022596646,0.1353159055411292,0.03624630572199356,0.08584944741861174,0.0545417766868225
0.028038378771668156,0.04804751764612838,0.10329845698209458,0.19540930017520883,0.12367817591958784,0.0072885566635668255,0.0727115009839666,0.2331201242388874,0.03939425360832791,0.14901373501056345
0.06254595031439347,0.03355333567490436,0.12395693432587462,0.08225868824746844,0.05689698816844508,0.14501628233818786,0.14473109947001886,0.16358990774043697,0.15543482092639943,0.03201599279387095
0.03216596315876223,0.11128098989963016,0.011251595848606358,0.15604800555378098,0.10431559076375137,0.031376791207741894,0.14731016546763945,0.1473270220891177,0.1373866667077838,0.12153720930318615
0.20213637451717914,0.02731755445036809,0.08331744698615245,0.022799040430079444,0.09369906644097975,0.11425463977899915,0.26993963815952615,0.040786542501690656,0.08832005742018945,0.057429639314835745
0.15578507803863392,0.15654076495350164,0.03603761799950452,0.14641961430700065,0.1428565635898031,0.09573853559007181,0.07357525345532255,0.1705252867542932,0.02149421846354431,0.001027066848324256
0.21373372717432926,0.06220650401710439,0.05125292100690146,0.06874154220306766,0.031860410408598806,0.18217884043680418,0.09195965906509146,0.036112587774987694,0.09318506702250312,0.16876874089061192
0.05121653487999599,0.21918725770076294,0.043210731903543874,0.06119523239497286,0.21420669451375426,0.1375278906018177,0.04256388452533314,0.09383724927920749,0.03610191860190007,0.10095260559871169
0.05807258011810929,0.05051950853477106,0.02159986898398236,0.05004069452332144,0.13570488634031036,0.06913710118171082,0.11422668874705173,0.15419957566296696,0.16670418324479447,0.17979491266298142
0.032049669231414564,0.10605230309987934,0.04788774596154704,0.16491456293037443,0.15612186088352709,0.049563696841251594,0.09493021419382468,0.1743770523455843,0.12754266844819734,0.04656022606439945
0.15163299042080428,0.09030992162307669,0.04576628075352298,0.09506881374213758,0.13714834728586572,0.07084870199114814,0.017152658559257822,0.12697769177145082,0.1396903292740122,0.12540426457872378
0.19936799869461314,0.006939477792415064,0.07186547263550347,0.10305635390755558,0.002022270800549601,0.10165105810505524,0.18694425505282605,0.16694161418885226,0.02113942210539359,0.140072076717236
0.12777469398535196,0.0586800679491462,0.12873972184648244,0.12796376789901456,0.10491881483085837,0.14431246557265442,0.0455869098212656,0.06325277136062073,0.061826300189818356,0.13694448654478744
0.15834025824175962,0.1621330834814404,0.07780156209925254,0.08356129614630517,0.06450681564785857,0.034903257830509044,0.13788820656391224,0.13913108179915706,0.003298572124904839,0.13843586606490044
0.08752206994934877,0.01794005103098041,0.04356899675109199,0.1352998048779624,0.17230053280174137,0.16946552948072538,0.1634536612944908,0.12890289987156478,0.04639533966637811,0.035151114275715996
0.07683620667782882,0.12838361749354701,0.15180460064669463,0.001613397485402913,0.07999938302627004,0.16608131112762775,0.04381428893819335,0.15712423292583777,0.013933131029931203,0.1804098306486665
0.038879474045877396,0.028994224900464445,0.12483566545103325,0.018201176927657024,0.2319396840567524,0.05682499388208615,0.12492515866141572,0.14275529566779666,0.14449506232586706,0.0881492640810499
0.04735688435590072,0.06858700069176515,0.15046904882507714,0.07642418198823567,0.04773438670680246,0.11837981671559346,0.1450430061387127,0.15445096574287873,0.1051525239510388,0.08640218488399527
0.002992460814934903,0.09614630882618315,0.054038859169881076,0.01669042968989852,0.048975520148064146,0.12395813162500496,0.25860994978974083,0.09855421510093017,0.2386770597829469,0.0613570650524152
0.11662588213220183,0.1762367378853698,0.1458296753153429,0.10289968975192497,0.06513861186113513,0.16999825853295225,0.16858913974581535,0.007964752293080959,0.028072516068459636,0.018644736413717066
0.1491301130894413,0.08921233701084468,0.07725483921470346,0.09355615553972264,0.12179755550705114,0.03589504632396779,0.1211608948982064,0.09843113511200906,0.11370794417487019,0.09985397912918335
0.19054951678641402,0.08356416224322955,0.21292197131426063,0.06569817007991603,0.0029160226121795773,0.0015554480974400312,0.2218419594427963,0.11822999354704589,0.085709723126504,0.017013032750213868
0.06444630421076121,0.06481739524539852,0.11561979465526084,0.020089963958841984,0.003508778709035681,0.12064608798032973,0.15660604030555772,0.2415742605019921,0.07280671345917047,0.13988466097365168
0.13516188867857737,0.01533437911173141,0.18566555078081978,0.1279818393690225,0.09152312132525436,0.11107189399325625,0.0781424733999627,0.03566379325138058,0.03842329743772484,0.18103176265227022
0.0424949514527975,0.017344060686964136,0.11122811117019388,0.07955306025826407,0.18996363166683825,0.054090181066997374,0.013894032678213217,0.2092724735449286,0.21835918590287204,0.06380031157193093
0.005071942690441732,0.07969026080739089,0.007751503466785168,0.015153270172244852,0.15150656129316667,0.18035548812737515,0.24162663851444727,0.006980761968523094,0.13534531509747338,0.17651825786215178
0.1930075328815042,0.033378349700199796,0.08362564642222704,0.12211895937243883,0.08759602334320793,0.040839777017036935,0.16484929714846405,0.026011027213721675,0.08450031161122713,0.16407307528997234
0.05235335613881783,0.11573046615238154,0.0638657901117948,0.112068686560233,0.11750757151031249,0.11733931605655064,0.14323402035504237,0.07588537768923895,0.14269141792392484,0.05932399750170345
0.062171431986584785,0.16416050675873098,0.0026026026815150903,0.1093012416407826,0.1974752847180066,0.03337069960436219,0.002564321971799128,0.0998683235260988,0.24378855559318974,0.08469703151893004
0.17461141250249954,0.06227282991382353,0.17196847124819095,0.15138197202173,0.10222775220216608,0.0057507271498147185,0.09465256432780571,0.10036916502588789,0.0625011863646763,0.07426391924340525
0.15942255018548945,0.14728445095762008,0.16925753700563723,0.04473256101492155,0.011509286203751388,0.014981756722927423,0.04871334162683669,0.1939480356344749,0.04909858829281794,0.1610518923555235
0.09895923977988384,0.05726622689811394,0.1291466471945277,0.14152253677383173,0.08317202404855636,0.03375765590813378,0.09166572471274077,0.12996888069809479,0.10173265699751742,0.13280840698859966
0.1447544197391803,0.013011332737757205,0.05282406970153076,0.08933151227544255,0.11352718190040217,0.08267661801992192,0.21677046276183265,0.04069657885631576,0.24622521892128593,0.0001826050863305634
0.13253899854889764,0.10636548020198569,0.08363240210449592,0.01849243929117722,0.06729707695301777,0.1059979278704858,0.17246162849461272,0.03298238249495549,0.1612091102162699,0.11902255382410179
0.10899017854761413,0.1389847948803523,0.1614592318136247,0.13800367181628206,0.07895231390580765,0.13208205497431263,0.1148252849705238,0.08979374102898727,0.0213577122493461,0.015551015813149516
0.11966079066511999,0.05948062147783513,0.031292508185585405,0.0620195138208117,0.12268532504026297,0.15269869461008206,0.1494904261447245,0.033915271828339665,0.15292228467920413,0.11583456354803454
0.0607653705276726,0.1237725459637619,0.16892847234723685,0.043187021879106606,0.1785906263718751,0.13670313251504454,0.02364863618201733,0.10460782504820956,0.08813791718700775,0.07165845197806768
0.07258050123567292,0.0016984702276587257,0.010458221070180358,0.04753299434639342,0.21043598392147378,0.07272389589073223,0.04584083028273902,0.17983605750359388,0.24667393219536515,0.11221911332619057
0.18248061572152088,0.08195414645451476,0.05657550511921354,0.19923466408374219,0.1011826438784633,0.12307059266563863,0.16258423623351292,0.04954162430880268,0.026536131922986955,0.016839839611604162
0.12054586809910131,0.055067264235547336,0.02470825580947999,0.10263957681904563,0.06878047725900649,0.14726976759264504,0.14550102679375082,0.09379971678122243,0.12513665709896168,0.11655138951123922
0.05358158497498319,0.20015859885593676,0.055773784560282605,0.12327840500856097,0.21508661521834255,0.10731904810764575,0.10329187085859212,0.037866720301296716,0.004191790764288844,0.0994515813500706
0.023219297240472874,0.08808405164802145,0.11068073140296886,0.15402256720391364,0.06491491613473548,0.12889821191982614,0.1592303820432077,0.14755666751116298,0.08518090125362954,0.03821227364206141
0.1686195091740806,0.1715130851119244,0.10736981057780925,0.2066288374927013,0.12550221928801572,0.015743933834800983,0.009361332431724939,0.008087712809483694,0.14838527176166397,0.03878828751779527
0.03991564934997749,0.14083955143439034,0.035213047744755664,0.10414566410520619,0.1899067840199257,0.054089215881430286,0.1795851291908873,0.13989197742459092,0.09494253028180631,0.021470450567029765
0.17491344859421773,0.0747079571843315,0.08140996544663824,0.07751081797703448,0.11762201986737489,0.04123093143544316,0.04071014872437252,0.17606206676910438,0.0514056491003306,0.16442699490115265
0.13112691941425367,0.04391901025818785,0.17455197741487172,0.07752458247768727,0.024913937195535925,0.07412621429477115,0.05751565097832467,0.14427315819665376,0.1723003219211062,0.09974822784860789
0.13931948932352514,0.045544707096412715,0.13834726888050236,0.10224562757909124,0.07377259519350098,0.10244675581709299,0.17814085290224957,0.013722585209208221,0.18798970419510352,0.01847041380331323
0.04707459979458497,0.08649731836611445,0.14458400481981862,0.16687687052393013,0.18236757704658832,0.08101158355621327,0.08450046421048683,0.08978541109261488,0.11290115616072179,0.004401014428926603
0.06787576810510891,0.18906650786844523,0.18727966237349516,0.02484295449830879,0.1558716053244428,0.009013118101874917,0.10641289105416099,0.08971821992284092,0.16867864196075108,0.0012406307905711046
0.04614077052441848,0.08872330493436056,0.14249238578332035,0.048440287972314394,0.12919496194360214,0.12277889436158122,0.18959528155944497,0.10058618978791528,0.031124207134058963,0.10092371599898362
0.15230115610335285,0.01042817483396536,0.15964263659104938,0.014456388701464462,0.1045449405910626,0.0759499094327747,0.03024412949174067,0.15344622999858587,0.15800209356507217,0.14098434069093177
0.01076761590813002,0.18504815245177159,0.044049562063075844,0.1554943988700773,0.051013325242320696,0.053780189892149034,0.12580187111911198,0.08910532356597789,0.12611623214064507,0.15882332874674063
0.013758889445549287,0.11040502642987826,0.017584491890297555,0.14918432088148256,0.15356352534068482,0.06459298583124878,0.08467685221354655,0.20292740376963753,0.04501604140218145,0.15829046279549328
0.11669782470244383,0.021330908131126945,0.15811155274739722,0.1642517730554272,0.11296761812744513,0.1334817601310202,0.06291852201186728,0.03221126836592097,0.14412294463697514,0.05390582809037599
0.1889769860991337,0.1271105982463587,0.19311620285694192,0.03877710050897465,0.006753449065967161,0.1802641646301212,0.008004974792329369,0.15049631451810572,0.03755686296588158,0.068943346316186
0.21783894011449428,0.06362500491990039,0.04341435801735954,0.012880346587496703,0.19385355455487457,0.2265051320779084,0.00254458357217115,0.03120023956220526,0.020156322789363846,0.18798151780422587
0.04987094123707156,0.13057006037588342,0.1237156888759107,0.1098408989579987,0.021934098989246045,0.14150361146597487,0.047279115087963126,0.07776158230206781,0.1461712034717036,0.1513527992361803
0.13305222522593424,0.11776162404474037,0.1892986560825056,0.04522712207598458,0.10709203359502267,0.15996696038783825,0.042325389663435485,0.009278764352755068,0.034588206100836356,0.16140901847094738
0.16376466628787767,0.04484482470614705,0.03649463469769481,0.07238557079626254,0.1543026156654379,0.10775750362691924,0.15324822287711767,0.16483538388738778,0.09736922147117656,0.004997355983978684
0.09652225188819426,0.1635999233419498,0.10297363094892549,0.028510956859493532,0.10331455614649566,0.07841622796271364,0.06248032760428844,0.14231130804754247,0.12705805366008344,0.09481276354031343
0.0828941942946044,0.15773155292201765,0.11999144938101725,0.006291908706835377,0.057816512848652454,0.1718144215860333,0.12307361543919797,0.056130363367354615,0.09571219620439939,0.1285437852498876
0.09902814887130912,0.029207727556617036,0.17884195575259398,0.042846925939950035,0.050555447867194965,0.10030505318751197,0.004514199888427514,0.15749628521631737,0.18283183637526487,0.15437241934481324
0.1978794127846671,0.19948138494677367,0.1118330733140723,0.010499202926518436,0.03392422864899182,0.016707787888748847,0.06635036472970672,0.08806457175258285,0.182649672370477,0.09261030063746112
0.1048292358160372,0.04581351956271175,0.18449870079752967,0.1390723649773775,0.14104609079339456,0.0003181880798881421,0.13813021763252734,0.0917410452726407,0.005550024009182865,0.14900061305871037
0.16164149844312095,0.1431998789137327,0.12547576662122759,0.0774955741893307,0.0545722836576398,0.1369305699515123,0.022346321026247815,0.08191763999243559,0.03599793645479708,0.16042253074995563
0.002916701011696834,0.02397185199113762,0.09528566208407872,0.1132978547302649,0.008227002950155054,0.19927134831106671,0.02893706265459535,0.039256423102948676,0.26550542831200485,0.22333066485205125
0.09947086215076681,0.05583419457808998,0.19312112677195892,0.100366548947849,0.08150914405576226,0.009563879935771206,0.049343348548437825,0.23523186493802853,0.1403882105902135,0.03517081948312203
0.07560449689347992,0.05584886296683986,0.13321337938094338,0.08832568744048505,0.06776463020722288,0.04069058110540479,0.1257217127037322,0.16759161332991934,0.21538077768325778,0.029858258288714877
0.19394372195804685,0.021396937001665062,0.13231168742770297,0.17393456174121522,0.0513199193303024,0.11138202407646955,0.003977169965728955,0.14285066382799538,0.15927562164298847,0.009607693027884983
0.04083707265614944,0.11928627316356609,0.14964421889721843,0.00012170355918117605,0.15515247485706848,0.01468537537963914,0.14466762312084314,0.11490305624011232,0.12410211148219391,0.1366000906440277
0.054442785011226395,0.05671861358655042,0.041958556320164556,0.16825909819713394,0.15911386243026168,0.1904405136684533,0.1267485603681413,0.16118087470833897,0.007016196950053334,0.03412093875967618
0.15525518556791587,0.20535491778366954,0.1321216446648444,0.17684598388520087,0.06018783139284957,0.09444225309415157,0.04546224717543112,0.03393027527783075,0.032241063835635485,0.06415859732247088
0.1263532615661308,0.08701434247729216,0.1994310952945557,0.20283352573339725,0.014408525398771662,0.043592089349764954,0.04294301544835499,0.04804904304042127,0.08125850492379039,0.15411659676752093
0.06336108220668514,0.054414222559807546,0.07028267994008275,0.11554876546764903,0.19968911018902635,0.029506244869349572,0.2042463811351179,0.18184502458551458,0.04312016145980686,0.03798632758696032
0.11559803090976366,0.07289820003268349,0.05261197242141458,0.025676551303731532,0.07904285028111808,0.04636484351917677,0.14542235876036264,0.1191762036599937,0.2259035607255804,0.1173054283861752
0.16607065523882453,0.10008051173686507,0.08347167947884483,0.008987422851571995,0.09250193155958372,0.09541905087998992,0.03732184011852861,0.10521515982276158,0.11867778410707686,0.19225396420595284
