i = 0,i = 1,i = 2,i = 3,i = 4,i = 5,i = 6,i = 7,i = 8,i = 9
0.04321478670529549,0.13359524585033847,0.07422055827527992,0.006592345294361201,0.11944271474107669,0.12626987939756093,0.13029159772738974,0.17786631572145453,0.14938978179968415,0.03911677448755881
0.08306100996877613,0.19326474935292623,0.06753080153267241,0.01714901355100623,0.14068714009034536,0.009995606464117218,0.1956033199051441,0.06295994876966524,0.16397467284160258,0.06577373752374437
0.18047432745722228,0.0872753524522883,0.003011696883910204,0.09475203044563921,0.1674772657340326,0.12397153829042046,0.1232127162818671,0.15077703863708014,0.03313747341256414,0.03591056040497558
0.08255715215810593,0.0992765238928087,0.10711354178034824,0.13730713211909085,0.24354955451832272,0.036369893773745665,0.02997384710229839,0.02811813345509251,0.1835353352024419,0.05219888599774519
0.018083625892466183,0.19587803938014986,0.05455344888526038,0.08748664808462076,0.08005013587011084,0.18320360168278502,0.18643942074678693,0.025250270782534744,0.055238447558412195,0.11381636111687318
0.1527307322933591,0.17223065886624092,0.025923095474236116,0.0023140196539768406,0.12134236080819516,0.11135092334395424,0.1512176927882909,0.11289798225249152,0.02446167284300375,0.12553086167625135
0.15826119842663627,0.059854043579423276,0.15207397547351598,0.06751257946843112,0.13698315130234467,0.028927985964274996,0.12249075265576312,0.0864926739473416,0.018507620595094053,0.1688960185871748
0.016877638838469846,0.06782747877983145,0.11834338004107847,0.08434792632431891,0.11952042249376771,0.020899042098179513,0.06323329941107372,0.21136789975639933,0.08522332492131883,0.21235958733556218
0.17616806782216266,0.06283263982056606,0.22372211570717623,0.06614902720082688,0.030235318307471518,0.12215917962895448,0.04373888174917317,0.23083534372195472,0.018386229076945666,0.025773196964768607
0.09634712010220094,0.05907933097978708,0.1815265092482919,0.0292461766266538,0.09759600465315837,0.02815769195806219,0.1619087980607184,0.15501508106707396,0.01482561090603947,0.17629767639801386
0.17217285790111006,0.06002344648969527,0.028402960884805293,0.07960026847920502,0.09639705946650261,0.1392887637764784,0.17118012320905537,0.08182513559850631,0.022726526171394073,0.1483828580232476
0.18261827987812787,0.027620707542266774,0.04863243155758219,0.15941608766706836,0.07844220749549141,0.04367575046430226,0.1698525194048889,0.14699185991621028,0.0031646109907335876,0.13958554508332835
0.010049820152658206,0.14095833169215602,0.003973596706963325,0.15048975976396822,0.06527483277972065,0.07691016384737859,0.19901519180795565,0.01453562480653534,0.17021243423185556,0.16858024421080853
0.07883633822051091,0.1505680610474721,0.03871280135903586,0.20334379396448293,0.08702446932316223,0.09259053063548031,0.033472755014714965,0.0578375032986145,0.048668648993294705,0.20894509814323142
0.15262324791990672,0.05619434153359703,0.12648064914235846,0.2063922804799464,0.05462080157606834,0.05099190219489206,0.09791270236256905,0.17005987342825707,0.07947563057903198,0.00524857078337292
0.110234369113136,0.14809235283862512,0.10210548713934214,0.027591814026428265,0.15078319556673767,0.11172428375354686,0.050367097157803783,0.01538838869746578,0.12273472760564512,0.1609782841012691
0.018187672410663082,0.10845727991003014,0.18062000153626734,0.022045747492463533,0.13043705407622685,0.07288471095480457,0.13163700838313486,0.14100663024497376,0.04073117470785367,0.1539927202835823
0.12083196059939048,0.10057234023527048,0.15003420815681007,0.10866485534125352,0.15691186029344864,0.02908965246979395,0.1623522131916979,0.11901790617470139,0.027982072752973985,0.024542930784659776
0.09532665867090073,0.06581307263993853,0.07797985536420136,0.1727800599810687,0.14754940900962227,0.05024007624883803,0.005583636823572865,0.07431479062591223,0.16121661678267707,0.14919582385326827
0.03703391124152539,0.06833572879500548,0.02507790021815656,0.055070692900666456,0.18698022127064995,0.13301715515844653,0.04128604824881279,0.12964674493860961,0.1453947284137371,0.17815686881439
0.1034504831509295,0.18553223463493107,0.012190455327002183,0.11628311376058297,0.05025910323133568,0.16400958925292194,0.05894497049781169,0.18660376768215386,0.11648856923817057,0.006237713224160429
0.07102915496384249,0.08511028436510662,0.19984774622084134,0.2231004593394768,0.13123570742512342,0.02666813926116688,0.0883234612144778,0.0519444215915066,0.06693473301789131,0.05580589260056667
0.007119648710972414,0.026010416812416247,0.14902881972581025,0.1746879386239572,0.14162912449218204,0.057107419200375875,0.1811762179303526,0.15813223463785359,0.05545697680707368,0.04965120305900609
0.010880318884972031,0.10248188959349883,0.14986064307276417,0.1864524240931033,0.1005738471149239,0.034990162477671435,0.12700147316048724,0.01639281076323543,0.25930953193423084,0.01205689890511279
0.09560659286922628,0.06997150381317771,0.17709366341506497,0.08512468401788659,0.031062407665878537,0.1864259470896662,0.16522980625918438,0.09764964236303392,0.07081653124291058,0.021019221263970825
0.09846534467633185,0.06876890527155748,0.16046756395961137,0.13248447627300264,0.0341265398522796,0.14415110110705395,0.06106458970720588,0.1261770472439603,0.0890081430007099,0.0852862889082871
0.16539665765752604,0.035509697923766105,0.12542372571478083,0.14197838459201953,0.1348487607337038,0.060251366280580115,0.061153104700829596,0.09520247552912511,0.01832006367225886,0.16191576319540985
0.08678281884888316,0.05048023557990916,0.13357777086657838,0.1184371119952415,0.1312015944028977,0.13540733230091592,0.11837670922223482,0.11767838236767854,0.01755774071337781,0.09050030370228299
0.0725070679391445,0.17135675282003932,0.03189210938252889,0.12894236491238487,0.12538668403021352,0.12072697271140323,0.11969203614282059,0.023636827500858347,0.046980482097016614,0.15887870246359026
0.01844515215676587,0.05289719737244062,0.2192999206514613,0.062282946354778004,0.0010328433645735934,0.36609368474255033,0.003946740967988622,0.09103066290614595,0.1728847412140479,0.01208611026924783
0.2167682842661603,0.0006480165355557511,0.07840056974416464,0.1668407318244316,0.017138331660713647,0.14336977722293293,0.10991404280255831,0.029828468267628194,0.055817515549457034,0.1812742621263977
0.07571348266666017,0.07992462985863512,0.0029427060801590567,0.05324944084589642,0.1268801759191655,0.09365192690935861,0.16548574856426987,0.10813540267366431,0.16910491639810998,0.12491157008408095
0.06614011754620719,0.11108151360893352,0.16214540761165147,0.15499574954789275,0.07840966674626441,0.0683794772005113,0.10512481596175349,0.13767769891436568,0.03080489074781908,0.08524066211460116
0.11277021521397793,0.09003030321928353,0.175385497545821,0.09391534440107531,0.08278607921832658,0.0778686785537624,0.1013913890363278,0.13616911114688746,0.11162078871008954,0.018062592954448446
0.04451826335035853,0.14758487965591674,0.03071833246928537,0.19324979482351948,0.14690904412362102,0.07551895726838698,0.06518236614031934,0.09859824189876558,0.156631992897588,0.041088127372238915
0.04827528688002853,0.1476963444068923,0.10284275287537373,0.0814272721169479,0.1630724689137478,0.12436639319748038,0.19587005178760025,0.10488817605093831,0.0030906072507472294,0.028470646520243746
0.05567034608116948,0.12683064119725934,0.012808919452379832,0.10308200017260995,0.1961154757877775,0.10913000300571894,0.006517436959866911,0.038116372122353886,0.19919568248108396,0.15253312273978006
0.1397741696323898,0.180570403355696,0.16262689518313897,0.020377688852434576,0.019006802268229723,0.15007553358252085,0.0269915042262786,0.06161720542301893,0.06587235539905727,0.17308744207723528
0.10704116390795998,0.021429112101609343,0.12719683116685063,0.1273010297876966,0.07432441173951818,0.12403291524245652,0.13968786096807098,0.08381571505991885,0.09410823465152302,0.10106272537439602
0.11159355522843549,0.14035553751290775,0.08819316966225182,0.08732032473785276,0.04067544963049806,0.07348796998151912,0.11288959661945021,0.16152143303845662,0.030936824337827584,0.15302613925080066
0.05573636736520726,0.10225581951609808,0.047620699468637444,0.1514457399768454,0.07536863020433453,0.16060570181604053,0.08095401339037639,0.09609294049340568,0.12362773481826507,0.1062923529507896
0.048232886231250174,0.217303431778272,0.030196489748384663,0.12427585756731141,0.2669676109900716,0.02646074139607881,0.027546064768592556,0.04755558255000505,0.12094630013786586,0.09051503483216795
0.03836342643702805,0.1457673055493479,0.11668747271992931,0.07451814610452985,0.17581690079652948,0.10641945080625324,0.13138665519268589,0.0729365743002683,0.12248582272298997,0.015618245370438013
0.11032681439866243,0.187207006496192,0.12131298319032019,0.028320046939142,0.18907136694972107,0.024793514651129746,0.07889377544634045,0.24494404445897947,0.006778338267670013,0.008352109201842652
0.17241664032213386,0.17057180345516282,0.043347116322938514,0.06342586119148876,0.08450260279549049,0.05550236607824513,0.1466126281794971,0.08305256651797885,0.010138939227906173,0.17042947590915822
0.10120508587099185,0.050781068397929126,0.1699752967711626,0.15482619538809733,0.1269717563216734,0.08979736903008384,0.12318181759896815,0.02221151551696197,0.050694912551306315,0.11035498255282525
0.14704377435898594,0.1169836677068695,0.07067521271926418,0.029954475495229414,0.11204782523885227,0.17719346516095466,0.13922990249612033,0.06594836284712777,0.10354840143467696,0.037374912541919075
0.06777870574208618,0.19477212490796036,0.1133963383428879,0.04235707372079321,0.06811020882634657,0.15622423854287307,0.14211682945419374,0.09009612970007473,0.11750759917551382,0.007640751587270307
0.07463012198923774,0.07145482680820527,0.1280840045789904,0.14480038918024762,0.134216651843661,0.05403305077764461,0.062042787010187304,0.03648515728239897,0.13312093866535704,0.16113207186407
0.16660618803801022,0.0835653838384674,0.007849746154575886,0.11437579136095193,0.13543647284716273,0.04550478751854602,0.17483494348779804,0.07769452779271085,0.04136684719571496,0.15276531176606187
0.029470255249512318,0.051445704029071955,0.14717270961584328,0.10354729298595135,0.13569171303177063,0.14083208554646712,0.07893598344881608,0.13915194556508656,0.1180758086011454,0.055676501926335116
0.08824280675161827,0.11979724368335075,0.12535004345154926,0.055986079141538754,0.11905588916905001,0.013317056926260914,0.1435327364685116,0.12862201410461185,0.09590151804172657,0.11019461226178187
0.18338093356708982,0.02045019299145444,0.056770909468073776,0.10470346418305206,0.1668327237522107,0.1419124809879423,0.08904728699450493,0.11668493175195081,0.018218467182164334,0.1019986091215569
0.12966162624706107,0.16647525810372837,0.16303790753638542,0.030592826060044744,0.1444387353986396,0.03921180642528568,0.15338079679916808,0.06932658351353196,0.02467958214005317,0.07919487777610182
0.16978738353896955,0.09604704434923664,0.1678222926759222,0.11619237784153741,0.048745838431536424,0.1215575512990077,0.03009770834843406,0.13534958037381395,0.08990820831730029,0.024492014824241917
0.10496640266551688,0.15068273216618322,0.033711129941783775,0.19471912036449507,0.030616046985070113,0.08528417084865403,0.1479188921960385,0.013270888452837507,0.19613868261301162,0.04269193376640927
0.16118709830801153,0.035193858132106196,0.01078096714012064,0.07796020396193654,0.09698111205181904,0.16140479279780875,0.05708640621780315,0.14432978467330695,0.12426076107668761,0.13081501564039963
0.08010398225953189,0.16778919449564508,0.1230871955880118,0.1085325768258951,0.09573115141332725,0.0775496450069376,0.018338425979214243,0.16075594273364072,0.0020466710594755928,0.1660652146383206
0.07808652833001344,0.06194634868260862,0.15275380160821103,0.03156395848294427,0.11511350637324057,0.15083820350266175,0.054557710781897986,0.06211264950260198,0.1571556322737315,0.13587166046208904
0.2238847402572098,0.0006080707122636209,0.060129396095514064,0.05464974705789334,0.04648463231044558,0.18928915038090818,0.12270880726376034,0.13885906518433,0.14291717726392877,0.02046921347374621
0.15228993654082357,0.041479721927332486,0.04177140526509781,0.1488253461811288,0.08700350677080348,0.1830450150314281,0.11732881036856489,0.05827900117942167,0.0064460997211770385,0.16353115701422222
0.1579742101357223,0.009078098219237924,0.10706506513492751,0.13579373930789912,0.010985182700515983,0.09381788698611294,0.1359161741090821,0.059312121676626944,0.1424479716710471,0.1476095500588282
0.13183369980351747,0.08466921390811673,0.011111443769053209,0.15659403607639216,0.13855201667408995,0.17943450099438293,0.10783142985599851,0.031623864618976774,0.043387947742629815,0.11496184655684256
0.17818016548231322,0.21349022556550706,0.09593354065754549,0.0027859788796329196,0.11417395107325062,0.12879683812160994,0.004986621255418411,0.08032124994251241,0.06250583249908363,0.1188255965231263
0.05343271783978312,0.10147280163492775,0.1339553480580616,0.03648631064201622,0.08642517080723472,0.15317260199717161,0.10777563172493856,0.07584105697738783,0.1274014578442865,0.12403690247419195
0.1512084151435807,0.09029430249130616,0.08225793005687966,0.07785248716701144,0.06464480147771971,0.02784736346754871,0.11293917936863056,0.09672198345940165,0.15248250738178343,0.14375102998613803
0.0026407015445349506,0.0657117862263224,0.16806709661167507,0.09886146160980033,0.10763747642677138,0.004190972977469883,0.1398899473254918,0.13910954558585792,0.12463584345040381,0.14925516824167237
0.06088454276992213,0.14984753155713962,0.16120006868043676,0.005362627791888783,0.1669481504157525,0.15785007298791717,0.08902049411280014,0.05792211581114045,0.14278274902079208,0.00818164685221051
0.1641286174188888,0.020524813673131276,0.07734348446471209,0.1441795299370803,0.07026483386745236,0.16081221236926493,0.04001753455427557,0.13790116045561707,0.17607143723838173,0.008756376021195859
0.16990177110048085,0.03141684005742934,0.032005250850548714,0.10361125992272895,0.17700230596108948,0.10759165591356261,0.03535736600281799,0.04431833924678473,0.16958810854535938,0.12920710239919797
0.16251177235100978,0.11303711784223665,0.12455572445505211,0.17576017401150426,0.0014463344035407955,0.18335574637694774,0.08093180539793951,0.09856559225886034,0.04539957068199555,0.014436162220913278
0.12013342006399165,0.0495713612077658,0.03839676944375422,0.17696826608644559,0.042759967879172765,0.08757944745571813,0.16379751773807313,0.15282946203218514,0.06379841747945099,0.10416537061344268
0.012436869869657693,0.0331839144875118,0.10614724549781558,0.18562946872624314,0.1497696895435122,0.029070217471035317,0.1438929063864793,0.05533762771441745,0.11814346172082121,0.16638859858250643
0.22796081298006665,0.21545493956431158,0.00880482134210132,0.017786617104619897,0.045610236668426354,0.06900320818478758,0.10847315083495752,0.05409830913345419,0.16192417154481548,0.09088373264245948
0.12556601143948695,0.06271957731080863,0.14027401567773926,0.025672230201367857,0.0038577262451029506,0.0724514596606502,0.2282632163521419,0.10862368530104746,0.20388430890937786,0.028687768902276874
0.20629372015731956,0.08546758567705125,0.0422038816583222,0.15659225071269128,0.12031670576372606,0.0899946793375322,0.044999369893242144,0.013365075343976615,0.03476456108930022,0.2060021703668386
0.07907309045488592,0.15921510595606664,0.07571598107060291,0.12312989981590126,0.07517440270296212,0.1136793867354196,0.15953045424621493,0.08341453894866842,0.11061925423474521,0.020447885834533035
0.1025142173121785,0.005013984311114248,0.13295735605765288,0.06330918272557721,0.06742162471892765,0.10555395744948784,0.25535408264865156,0.012481585505227318,0.14064532248650877,0.11474868678467405
0.03251611855364144,0.06957177175764485,0.15157997450767646,0.14798145277860783,0.03240617225388582,0.1604241831681459,0.0985911103194952,0.0836101676181144,0.09018297293517027,0.1331360761076179
0.10622747167062804,0.16570505290411539,0.07904341214211026,0.18921131509376432,0.04640292833097307,0.06261893780634675,0.11673655752860533,0.014218452671903456,0.02018528343177357,0.19965058841977978
0.011622842130577519,0.07067320328375148,0.13508184693728736,0.16198593363502017,0.0025168089939639174,0.13156834329338096,0.17380903057489777,0.13764052324969334,0.16738236257236308,0.007719105329064531
0.15936220228272543,0.025659649200149275,0.09823103615083208,0.034754926236847145,0.12027972718548915,0.09241449677226224,0.10726315985900003,0.16800930015128443,0.07684733225715992,0.11717816990425028
0.09310775592239456,0.12543740463664568,0.0973452173746214,0.005527959674979367,0.13528173828297443,0.08582473362192744,0.1313884863980169,0.06642638654537865,0.0888969331493968,0.17076338439366487
0.06411648078334946,0.11243632117944719,0.135476501782106,0.0870462493703726,0.15247288636737746,0.08662300055503727,0.0772053934383292,0.03884127156686387,0.12709218479769951,0.11868971015941739
0.16918024570379087,0.004691409151559587,0.11481067523080864,0.08988782034896722,0.1511521583120849,0.15578221774515172,0.02641041729776291,0.0512709714824029,0.14416499149082787,0.09264909323664348
0.010978435464708135,0.04033129354403692,0.20134903696387324,0.18649554476458788,0.13529182555065575,0.06003742520179005,0.031042137677660557,0.1345989364649556,0.12344307090630502,0.07643229346142681
0.13524268206603515,0.125302650087534,0.06477813852923031,0.09424996971275874,0.06163331384289538,0.06608462119184627,0.1116356230768437,0.09516428654525894,0.16863120798255785,0.07727750696503975
0.0826424749573328,0.051618172771659185,0.12093674797717167,0.05980157061519067,0.13442927795061113,0.07975716423087995,0.10424784488396993,0.13923044790537428,0.13796805723891895,0.08936824146889144
0.16844466512196715,0.13590315448917387,0.016063201254089006,0.09685343706218687,0.05112811461123037,0.17289188465787148,0.029225799397137417,0.015107669112815756,0.21612867498705915,0.098253399306469
0.02514647814147623,0.19506724278978682,0.0005909522932780564,0.01551753789403552,0.19768689150826668,0.0046669142271534075,0.12994672242842467,0.17270047945469855,0.19471215066238937,0.06396463060049068
0.14203128188776445,0.07330299870487364,0.14075786319428996,0.06258485243740744,0.08283989202228657,0.06001622583782148,0.10783593445191701,0.011585024992965622,0.14735282288399676,0.17169310358667708
0.07771496742211788,0.020235094435780768,0.04462791777013458,0.008493958671007416,0.17815664042888804,0.12301005365168356,0.11024223307712287,0.1771200335691229,0.1579515019871179,0.10244759898702402
0.11990433469925918,0.017467455229603412,0.09477285855702082,0.11031739891583987,0.12751098337374422,0.07215794586086989,0.1173744769004923,0.1388250486226563,0.07805624946861739,0.12361324837189652
0.17322208426870214,0.12985174148723744,0.056809721471489966,0.13482817378482712,0.17896963950858266,0.13663067994353087,0.005109298444994919,0.10702506875833499,0.03711537026647159,0.04043822206582843
0.011052376598626604,0.13275967476951125,0.18536120421824887,0.1008563716223537,0.11535351656699663,0.04954116216391022,0.06387447535343906,0.11885912518996618,0.05064090617905527,0.17170118733789227
0.15528225915327126,0.03798258319901199,0.00033274239953832475,0.03086350276897978,0.11015031218125021,0.20921728248587929,0.05003189940153712,0.12883473379683058,0.1581162901858608,0.11918839442784057
0.13346266912077703,0.13194386603576405,0.10234867859793965,0.030487941644903382,0.04338524522820687,0.055514188034767896,0.18959499812228972,0.05886353790402079,0.1263416371802999,0.12805723813103081
0.21068458255540057,0.0029204557420628966,0.014462635853953886,0.1704212984716009,0.029584824417083693,0.06462432483403362,0.17724074018581423,0.0893628307254686,0.17933876077233374,0.06135954644224786
0.11680094809504694,0.17566006411706947,0.045846801722803185,0.2239087422366372,0.06586151228666973,0.052075996903293315,0.12193491880390916,0.18513933760329082,0.00290514601256295,0.009866532218717161
0.014152679629600855,0.010730246653118228,0.17291512128020722,0.1083841172970683,0.1639405872020378,0.08937626292894518,0.1373392720687353,0.05498358563822319,0.14696227376157278,0.10121585354049117
0.1295823181717295,0.1689982092639957,0.14410917728331696,0.07204991357070357,0.13365600800013133,0.01364218779099674,0.04212499026758198,0.04208444361805486,0.14285125855576347,0.1109014934777258
0.11817623118867528,0.10838484703839181,0.1453783551207327,0.10642621367056158,0.09286741175553592,0.016059971803637742,0.1293420208773782,0.14439698865533201,0.13558089158124734,0.003387068308507306
0.12022213006175786,0.10694689935334015,0.19619581705482514,0.07625176250001973,0.042839741121960075,0.0666824801125283,0.122673070960449,0.08661211069989883,0.16652413187487275,0.015051856260348205
0.013415133819332266,0.17698779908604564,0.12800786178386347,0.11054090346515257,0.007410223290951294,0.05445421361467678,0.09393116450770128,0.08155001684070996,0.1878046236941876,0.14589805989737914
0.0948725125492935,0.03663108526667589,0.17042866066225923,0.11228163659573975,0.17298492349854053,0.05267803428833265,0.10253809622266837,0.043286385809893885,0.14050076098467496,0.07379790412192139
0.06801859066250272,0.13209563352381753,0.12037784817498175,0.15247766869757767,0.020999640736455345,0.15550185290803498,0.07664452286713191,0.08313316459790111,0.12911484989822677,0.06163622793337008
0.017611093137574824,0.16036975147287122,0.040496242851288916,0.07556017644672369,0.20083611506312127,0.14915335496622417,0.10894837580395474,0.13785564280203108,0.01380051624292974,0.09536873121328036
0.08423388924134324,0.19426035029867522,0.02274421218121325,0.0003293717544557536,0.10462047985200913,0.046300200045478336,0.19998522657892454,0.12213180042521926,0.09541820678655756,0.12997626283612385
0.05389125254091279,0.19535118609694993,0.19090526639838432,0.11994192392374678,0.042563753953636506,0.05690512660424263,0.140337888551981,0.08689974488901438,0.03696114248978704,0.07624271455134467
0.08121322806663024,0.051015300027073024,0.11282901863524451,0.07873391166076076,0.07084873916937039,0.15839395356544553,0.10570339875897306,0.1653218636440899,0.09315594106740395,0.08278464540500856
0.05442475631389854,0.13990597710997393,0.09974975369097272,0.028574113698043555,0.07532408558965611,0.14565789977071697,0.1408457405018868,0.08532774885043126,0.13181644024230565,0.09837348423211441
0.056466287567539145,0.052967543103122974,0.17350612679106545,0.12330081251352563,0.04094072358368828,0.12864748636113463,0.11335070356615531,0.1733724452568277,0.050478683699553516,0.08696918755738742
0.0945045153946198,0.14090295376390408,0.08806299269074261,0.12592610029145732,0.01874897201079937,0.11499579086461087,0.06657789478773277,0.12714917215837526,0.1768746499642965,0.04625695807346154
0.11316031425015272,0.1746765130090125,0.06481756588646632,0.05733800445173019,0.06632673388308702,0.06764887037263162,0.14118165307476957,0.10338890187465617,0.06252798686083254,0.14893345633666125
0.034804433348859756,0.025051676093908976,0.14217264264423957,0.1383611126969485,0.08412904163735044,0.12438185597319865,0.1397909931158487,0.050045920203716156,0.22160953710399464,0.039652787181934566
0.07923882401967935,0.15479751820159043,0.10700288325589526,0.131347760032922,0.1212935868188174,0.15616632353389925,0.05403069757392167,0.0585716865331564,0.1005486042477907,0.03700211578232764
0.0630460401726229,0.10550443659830677,0.032075559001739036,0.03099235738593077,0.19335354232910523,0.14051611994540497,0.21254071074644323,0.0026566900754888797,0.2050273603041217,0.014287183440836387
0.17132504308808272,0.05036779360660762,0.16271330895804947,0.07372742695726678,0.19095424444261636,0.1091928359102597,0.09519842477080308,0.017457358053195975,0.09213625308799683,0.03692731112512149
0.09401809434987536,0.08406928929690709,0.0326129955462733,0.20080363752186037,0.06852967449612034,0.13957179415568913,0.16604990245299373,0.10370534925488313,0.05722499268527129,0.05341427024012612
0.13864032530294276,0.11905038998079169,0.12328995471680276,0.1357558299832806,0.0031237957244333466,0.1260126494445854,0.07283888542443052,0.12428144443528598,0.052981250984767525,0.10402547400267952
0.10793027757531917,0.18093485383168778,0.08574733690991343,0.0021185666135872376,0.16288686820894405,0.031322097670283926,0.1126359006812119,0.16381778633381106,0.07194788025615248,0.08065843191908892
0.053471241909371026,0.159979461682843,0.06342426855588475,0.15362207122120008,0.13044681480170137,0.1048936241462629,0.039738738218806705,0.07180119938167512,0.1179282435665314,0.10469433651572362
0.009344181839798663,0.10533594030833474,0.0747895883768649,0.06053255721694495,0.17305725546186118,0.06399845916387292,0.08169410068349871,0.03555659462306078,0.17795307313168587,0.21773824919407722
0.06326619780395235,0.13344249964497257,0.1546620573554262,0.0097449153549298,0.010068805090953781,0.1541921690417435,0.13145408798843508,0.10941837233758941,0.1625731498194842,0.07117774556251334
0.011840685485714032,0.03533679886994909,0.1023580971851297,0.17317408077274618,0.11125721238543604,0.03497009584760329,0.10514361806082585,0.1727190049161973,0.15850704794303805,0.09469335853336033
0.043487057238771026,0.131817504405816,0.05784513605770889,0.11587103361337495,0.09824474243301752,0.09654108260881467,0.05707416133765303,0.03283936792023194,0.15091873847364665,0.21536117591096537
0.14805733959750444,0.02474092608306737,0.11660732710741419,0.15219167999894379,0.11569781452315862,0.10624523772781402,0.09943567354878426,0.026394615383487655,0.15955043794260698,0.05107894808721878
0.16641149266903202,0.0018461656970086618,0.05835243118316229,0.11080409886372654,0.14922440669576967,0.16185557925891192,0.061748661193390564,0.13960991714127718,0.09840741777241004,0.05173982952531124
0.1255028906693687,0.12117925540530286,0.05234688431055877,0.17805176238439718,0.021559115546557713,0.10794824636841702,0.09337583782978486,0.014030895679330805,0.08623837694153552,0.19976673486474653
0.14980840409572294,0.17135443860669988,0.04470732595700464,0.18349098422690568,0.09801228732534398,0.05812518707411592,0.1284003662304769,0.11045526939667846,0.013699037300265237,0.0419466997867862
0.14695962945538577,0.18383421862542884,0.08970480676098652,0.13634676964073006,0.01965198259303641,0.03341712093746712,0.11874222129815312,0.11585967748473998,0.051505825983423174,0.10397774722064929
0.1537818603400549,0.04563121423713104,0.13403743122701792,0.09302330330234723,0.1414088352517193,0.13782483570729895,0.09555005874826947,0.04839894159528929,0.13131247610049643,0.01903104349037534
0.17753516042518397,0.09876159485226563,0.08633550003336536,0.020061522920531035,0.029517950694561104,0.0649527309913403,0.1387038939654011,0.10693096546142218,0.10880268022359581,0.16839800043233366
0.13415352318844664,0.11354741625040939,0.11589070001354872,0.13197488624573434,0.10720678436994477,0.10474048741602665,0.007852720865305383,0.12534707417916235,0.09438886867297111,0.06489753879845059
0.0813369767053818,0.1743894349106695,0.07219607477554559,0.02727341063335791,0.21454854254112593,0.16390075008570668,0.02900621198495634,0.00864031613691498,0.08991596221378324,0.13879232001255823
0.051565277368740746,0.09952136839889074,0.009881949022276942,0.07221569725292878,0.12276974476790224,0.1592688778837887,0.1142344251674202,0.11734816101178021,0.18859261178927966,0.0646018873369918
0.1013812155044182,0.08785009575222172,0.13016728989647586,0.1282503783762481,0.053193410160685864,0.08886987559651342,0.05955578227968346,0.13001986943736565,0.11975145410697371,0.10096062888941394
0.06038064308042913,0.026407367102030024,0.08419603345069968,0.06199322173869499,0.06482286311026333,0.2119516705453021,0.2309856652422955,0.13399912197314737,0.09085367091358272,0.03440974284355503
0.09219076620812701,0.10681767431093497,0.03030341503426065,0.20368241871811704,0.07884404116387499,0.19979602015051548,0.015095340789030963,0.04530193029911946,0.12327402132613763,0.10469437199988169
0.09561939487099252,0.08266952289510887,0.11821920394583782,0.14693036866488837,0.08225680151826101,0.04754567160399814,0.1048815399142354,0.06267883487299958,0.12802300096914837,0.13117566074452994
0.09496327893060355,0.09666507506843264,0.16560840832228546,0.15806477229810312,0.005557609168783102,0.027807848717995645,0.15734304728134782,0.07602371142680907,0.10497666001798275,0.11298958876765672
0.15695715302808733,0.10816908647108334,0.07568515247581054,0.035521025711293404,0.13926694059993563,0.14766707140588758,0.11933189685707389,0.14439357304608447,0.05868543036618852,0.014322670038555474
0.14607696532522038,0.1323052819353322,0.05887988841357129,0.11052468201372126,0.09152854064184729,0.030743794651626234,0.11245351635480406,0.1537896341303831,0.09208559967706854,0.0716120968564255
0.08449374664001305,0.0016034465887335913,0.07286638081949708,0.17577943889260583,0.04152928984578548,0.19826582066353854,0.17047228961870772,0.0027397117069630924,0.13877128044439252,0.11347859477976313
0.12963124578273258,0.1328921754832489,0.12201833788416498,0.1093470465255267,0.09881653198163325,0.08404504761312372,0.0038534308298061835,0.13137566798015965,0.11753377831995104,0.07048673759965286
0.07231495366427633,0.03129256877216713,0.16036569397604522,0.14039877019547126,0.08462757291677873,0.12643403315464033,0.11670661513767291,0.16968303400755477,0.04859938091139954,0.049577377263993756
0.11626850528014766,0.03872579239393305,0.08921844563204326,0.1549899554930898,0.1284113099156079,0.13120518275463572,0.15697019693555797,0.022839509470062153,0.09014142755803407,0.07122967456688849
0.08226419183476544,0.17599173042098257,0.13438041912878407,0.16386630712179573,0.14136195100728266,0.0770759487942451,0.10445323326239875,0.014375932133285798,0.07607860375452014,0.030151682541939555
0.18349387285192073,0.030481026677777735,0.13628346010846398,0.05933960875120824,0.1413563587374309,0.04533343008924546,0.09599719685653743,0.1253184415961263,0.018020999387354283,0.1643756049439352
0.15858367157246206,0.0586073252620438,0.05614019633767074,0.12080360979382912,0.06056184156153648,0.13909581646888242,0.1444302033575873,0.059479040392848286,0.11980062317831104,0.08249767207482889
0.1317729001995155,0.12157118607928451,0.07244963644535778,0.06913319097250863,0.12928008070174554,0.07371725355811701,0.05641113181796436,0.10785799138133446,0.12967940692966567,0.1081272219145065
0.04453798634361908,0.0033873345705633167,0.1334529360491641,0.1297892425153423,0.15067600448049298,0.12686990558636332,0.14482286609036318,0.07101378464966118,0.03926093229870677,0.15618900741572378
0.1478107710429264,0.03459523425251856,0.15503244035784716,0.06068414726282992,0.05957091639734257,0.13677532381188734,0.1373758468044992,0.08615097408755804,0.04340644556396019,0.1385979004186306
0.17850062385958013,0.1610349878756922,0.037987398185901376,0.1177317524748631,0.15069562367906122,0.10704783974780184,0.04694484916071027,0.04057069031948956,0.09354242190745583,0.06594381278944457
0.01211567380356896,0.07232157017025408,0.17687491012729942,0.0695989136433444,0.10362576964185845,0.04941789881090926,0.09996423131787938,0.17769383378261336,0.17600842368539024,0.06237877501688252
0.0014971048216612056,0.16222702896087654,0.03880287682745631,0.12386853694455364,0.07906388258894466,0.13635655803941787,0.12929434922139532,0.07769832541932323,0.13649716449882884,0.11469417267754238
0.028800747258984957,0.09902666419996908,0.029831965625285003,0.03426950846830169,0.1515212140924206,0.07083564239125674,0.13011611758483657,0.1348628065742894,0.17486655572628737,0.14586877807836862
0.023637884054036974,0.15937318381266175,0.01878085420072221,0.05422167398066132,0.04896960296709857,0.17582496420197957,0.17161473732578317,0.09399856356965838,0.11355106131995546,0.14002747456744252
0.09797553205803046,0.1364968884559762,0.11000055115592945,0.11768101248402654,0.10714746715560516,0.1368676041950504,0.06392439792157945,0.11019765915111952,0.09531113191889681,0.02439775550378594
0.18442831190972217,0.13210284546446024,0.07081224164542359,0.027116805964027924,0.06140732807887132,0.17968996746722993,0.05641895680998363,0.1563855422713941,0.1217807556151778,0.009857244773709166
0.17364155157237607,0.19489661851440596,0.008724491807551582,0.0894518692632283,0.1262252236206752,0.0009691472727169119,0.09998008153805221,0.07882153259714578,0.06837583631793852,0.1589136474959093
0.15523555720141072,0.11379346099581684,0.05673170248918671,0.08236368660533472,0.07406735853124691,0.02089935292427386,0.21817501154336885,0.03604925846769386,0.009468069789158295,0.23321654145250936
0.10439318718972257,0.20032170266682114,0.0965768169141567,0.08169279662737705,0.03412083738717615,0.19670180357341985,0.012424718227168886,0.0699354124108448,0.016453197529905633,0.1873795274734071
0.042554774551596404,0.021004519746910148,0.13416283405628388,0.2631418458753558,0.1955946111593907,0.10991372569949001,0.01594209960192414,0.016812605909100435,0.08492030250935113,0.11595268089059746
0.08326770530631285,0.09689732907633905,0.0031616316855962315,0.2567702180667425,0.08924640542830475,0.01996389520832867,0.05397054487615159,0.1790054443771622,0.10704476373816864,0.1106720622368935
0.06974702598363809,0.04073942955907669,0.047797373292330275,0.16844600841745488,0.0766734350175648,0.09873733357147668,0.12717132885742016,0.16389999631201638,0.1032499685564134,0.10353810043260865
0.1513316989685594,0.09457276820037946,0.16060801759196286,0.03814691579149387,0.1651799062578724,0.06543023156434742,0.005039090204138773,0.16694317277586915,0.13450316281948335,0.01824503582589335
0.1801735833472846,0.11233480507531225,0.02032292912871286,0.15489128168354177,0.012036782353195587,0.032571154281570806,0.04088365874972486,0.16862264706541827,0.10846397053506521,0.16969918778017387
0.025708153846159265,0.08547316588726758,0.13895828298340834,0.09509380298738206,0.18601736879544076,0.08311251371617467,0.1104257511074576,0.08756329830355906,0.07316138440458335,0.11448627796856722
0.10186050565900565,0.06266580863816092,0.06785001236181856,0.15616078144347667,0.15378156311387137,0.016670178743738825,0.03678404307416825,0.125009074696058,0.174489751449944,0.10472828081975788
0.11157708935727116,0.04112880639334764,0.0485945019016416,0.09170759918554901,0.10686107646179413,0.09615633012701627,0.1395543930771068,0.1369159948782444,0.08808840084928295,0.13941580776874596
0.05735466188248394,0.1333862403344883,0.07214235750884544,0.06388166704686397,0.13221698919488054,0.0065650305004442185,0.16981141092271235,0.1419085022379408,0.06790551177907074,0.1548276285922696
0.12575703620504036,0.00928712622103149,0.06567144680583394,0.16371239844799465,0.020118565689911213,0.1656930418697198,0.10879818091973652,0.05526024282866969,0.12410310162734174,0.1615988593847206
0.14202999855850457,0.09013085943952756,0.17885785848801858,0.03440145603790959,0.07434721878754777,0.006155657527677664,0.17668391653709167,0.12268438070973385,0.12564361651688308,0.0490650373971057
0.091715394306394,0.0537477317422915,0.15735087133788822,0.03239388904451508,0.08076309518940884,0.012463827374995774,0.1449757101538591,0.14914536249444038,0.1730761547294606,0.10436796362674654
0.05279132095734458,0.019754529282829718,0.2551740288439293,0.00733342382675888,0.07906154349810732,0.13725862652870865,0.040943804232314085,0.09239224448262659,0.07378218950938535,0.24150828883799552
0.1585466334797555,0.18942861506897085,0.15104917544424462,0.07021107319086531,0.023322256277900962,0.0034357406549848798,0.11154401985262527,0.18304584892348358,0.08269710766425661,0.026719529442912456
0.0808389546518084,0.17050564178910582,0.04059101014901329,0.02527311952992632,0.15239313992565487,0.14932032366411568,0.1164690071923652,0.11093783453916103,0.029425781574503308,0.12424518698434603
0.03538756322578089,0.08327426392376285,0.02726985703703761,0.1777084247116741,0.0433111091611082,0.039842336250144786,0.20949011407140056,0.24028483231493034,0.08401519169916492,0.05941630760499579
0.04368559323382143,0.08710122857139334,0.007915884507905218,0.20019177447972678,0.14571874554455005,0.15131780200901115,0.0769127654696812,0.12961969797535403,0.1569087623188596,0.0006277458896972121
0.17582394523871123,0.09281041080413305,0.04101425183439165,0.10363252379996035,0.1273070035487215,0.08300945456950473,0.14631040038127066,0.15432181443634652,0.012164680187789021,0.06360551519917128
0.09299913890741553,0.14511043939395635,0.048374042507259594,0.14486836735669484,0.09751789637757273,0.09527208321861366,0.02504160358407729,0.11751505155599175,0.11728929337816907,0.11601208372024914
0.08992234041445427,0.039439199182112396,0.14274864494157075,0.18134676588693197,0.15928272824334758,0.04240042560590713,0.027682513355290234,0.1585711263589974,0.10200779848919414,0.05659845752219408
0.09986085832139834,0.04435898873280395,0.08163100102743086,0.17072136016944214,0.1121276500083656,0.062039304201876644,0.1683193274002808,0.12328055677618077,0.05248587349855174,0.08517507986366925
0.20477814050496107,0.1030426682608851,0.034043132964909524,0.11944802265614426,0.11765537896797,0.1547938884405797,0.03384554862762978,0.13335572129131165,0.013587252600793093,0.0854502456848157
0.20307772763034151,0.057181212763854995,0.018666187340300767,0.1839404903640073,0.15569951892762773,0.009396426696249327,0.16561043641244888,0.027764370723230687,0.15026267307626553,0.028400956065673243
0.05562608077632914,0.1562395278133221,0.07086004009786157,0.05553625673088956,0.14543312330420868,0.08899388259969881,0.15617939311987705,0.00957714897211627,0.1553239024747366,0.10623064411096018
0.10989517870215683,0.07646328119670773,0.047531876410484744,0.0802000741192263,0.18348761615462708,0.15543958348558715,0.07004781074703588,0.08254135598209748,0.1403473443172277,0.05404587888484924
0.08352788857361088,0.11167522876745292,0.1805468724576272,0.172956803896539,0.002366961962756351,0.09135004280040875,0.0014858408846270925,0.05436294297493028,0.29172822342563204,0.009999194256415597
0.14093473407013807,0.007500512016850021,0.002180403274948395,0.127716753854224,0.12137768888044782,0.10189479856941784,0.07004482749437872,0.21021673254749138,0.0692712343817393,0.1488623149103644
0.1355689141425623,0.06091461228991289,0.0745350970236863,0.10033684544065778,0.13605840777377867,0.100503881706286,0.10878854821616821,0.0726310464238856,0.10915471868436098,0.10150792829870099
0.15052437607495153,0.16837054868041088,0.04329683905436939,0.09353739924292809,0.12578281902595936,0.1447199646782137,0.07066145305067854,0.08161457336356273,0.0018314146277104214,0.11966061220121517
0.08500934414613279,0.07170843337230223,0.093317761215961,0.05884122699135481,0.03671328564033078,0.0728947543732427,0.10033315088493845,0.16039497017401394,0.18298760732841055,0.1377994658733127
0.182277704929072,0.14398577836892892,0.089312956521932,0.0025349711909133884,0.01364654606091633,0.03964769542637425,0.13993310247057536,0.04946235903880663,0.1793662218490446,0.15983266414343658
0.10461926467571349,0.17234830334386725,0.021661694058592258,0.18184878323345008,0.0833568508336539,0.08912271750068095,0.12492118632359732,0.08468662835222436,0.010312317197523648,0.12712225448069678
0.13663644682827286,0.03833916334832205,0.054728137456189645,0.013291963852302812,0.043722838119422076,0.07355801906238743,0.19635879410310494,0.15635492018527283,0.08844633688175803,0.19856338016296723
0.09409710060325872,0.027737240406956458,0.08261655878101211,0.1697820881217657,0.14174711486733763,0.09036172048460828,0.03856067388422367,0.02234200166922874,0.17769709805702594,0.15505840312458288
0.11415706963666407,0.12998453711193053,0.01642104963897791,0.10454923930649186,0.07077347035539511,0.13773598221365244,0.17084885115967277,0.027494384724048172,0.1427417916679925,0.08529362418517457
0.1516145430098493,0.1329821983671978,0.02207569542987997,0.11776088728667466,0.004730367733128516,0.14327336209332694,0.13638872158676235,0.1586990140288572,0.09948559002619231,0.032989620438130925
