i = 0,i = 1,i = 2,i = 3,i = 4,i = 5,i = 6,i = 7,i = 8,i = 9
0.1605879094020454,0.15680203131926532,0.11902338865256211,0.01726521331149788,0.06684432422339895,0.05964087910260213,0.18765089436577578,0.11841435246300779,0.06782326921776839,0.045947737942076336
0.12112417638170496,0.14225589298342456,0.15303496170914196,0.03403565216613916,0.15100562787335314,0.07128198038577024,0.13638986880273044,0.08604514189344772,0.08044662786022425,0.024380069944063547
0.07452168356561166,0.17075430299315647,0.16293778225358135,0.09257362449124501,0.2058975440734059,0.025339693608017168,0.0711160368803327,0.07153846466849505,0.11077267768786109,0.014548189778293547
0.16926388403508077,0.13416922533647024,0.16491967968836438,0.021481791442526182,0.015251642646923401,0.09912256677974518,0.16323274052113593,0.07530536153924464,0.1052906591068738,0.05196244890363541
0.07148859957766764,0.09221837602187011,0.17517769286908222,0.08993942293543446,0.0699545943064153,0.040118440155280946,0.04723074706180685,0.13531167449520734,0.15194589020259733,0.12661456237463764
0.10598017282446537,0.10015289658045942,0.06538612637046086,0.06882562194806868,0.05591884303326096,0.08784097864652435,0.13071274375127484,0.17053306390862263,0.14227093574023664,0.07237861719662607
0.1910879575409255,0.020785953643016514,0.004763928486615513,0.017440350920500683,0.16513332777491238,0.13680542373861151,0.08501195589654384,0.04929813827247753,0.20835912213751354,0.121313841588883
0.1749789051242054,0.1346203777785001,0.11475836510730424,0.05961866139210218,0.05067920766437034,0.12430353099201473,0.020113162784278268,0.1694676082934215,0.12502361264756393,0.026436568216239312
0.05198040296876889,0.1441204198973997,0.08309650452473095,0.03947050955955306,0.023739578286859325,0.061050331183190205,0.20955025324359192,0.1126888227714975,0.1924620773558511,0.08184110020855717
0.10222540314982498,0.09880442761631443,0.054697978842501035,0.15832395110461794,0.08803082805127442,0.14213550202966257,0.0979600529979617,0.11266318683971391,0.008995260138669357,0.13616340922945944
0.10812141174371033,0.14634820363685458,0.1021666365133259,0.135195813683327,0.01771417021215017,0.07088216318551943,0.08339499987781779,0.09174260077056533,0.1333751790826528,0.1110588212940766
0.14474574908126397,0.11055907832320101,0.06694385732942994,0.09541572346710718,0.15277189926913456,0.14437430701638254,0.10823144998451013,0.14019192053604826,0.017941872858260103,0.018824142134662238
0.001718787884864718,0.1406952699214489,0.06013229514027989,0.188779725056755,0.10440906904757014,0.17345507236698163,0.004663569620917972,0.16125717426370595,0.06919938837240738,0.09568964832506853
0.0669757520446598,0.13676212923065845,0.1332950499402221,0.12004550828528782,0.10486968039201987,0.06933500756373322,0.1236041903181954,0.13330281884035894,0.0011642616915835168,0.11064560169328094
0.20803948630883065,0.14085450217302373,0.010168701119269983,0.0855369765372552,0.0017664590850057992,0.10308777319946615,0.0124222666777391,0.016769360815657657,0.2911902886817558,0.13016418540199587
0.1197460462419288,0.05028451949415971,0.05184538782687348,0.06188019039390783,0.23053319011261159,0.06012246467876943,0.09464521234463599,0.16031418341480402,0.15671500934634985,0.01391379614595934
0.08054400555847974,0.07253051631356505,0.12433535307883015,0.06928697292653407,0.10459685741138196,0.08652806570842984,0.1383833274731492,0.03491584035083929,0.14623031763651745,0.14264874354227342
0.033028037959240794,0.016264983957165073,0.0898840679963808,0.19460207592838513,0.08054382611966718,0.051957507579823536,0.16863370281943382,0.16521161544914933,0.08519263273766733,0.1146815494530871
0.16218934787527242,0.11791289999377016,0.11123552974460713,0.16831067218180162,0.015136573654560653,0.10051915686190377,0.07664565471067505,0.15196170370223583,0.02565007058743063,0.07043839068774253
0.14504331927530997,0.2007328759754274,0.14936994574003085,0.01386723091151676,0.1150369234326351,0.017382503833086607,0.029825644781363365,0.1448668494193429,0.10521553313434123,0.07865917349694589
0.031314519771766414,0.12160346670675079,0.06297689505316124,0.19090138607298104,0.10251804995200128,0.202164149367826,0.10641014654237316,0.09529058220985705,0.08551180046073159,0.0013090038625513836
0.10107234922426481,0.143742283368306,0.20077993345985176,0.03209121464073504,0.04392947169237326,0.05251075216826729,0.15578778396468318,0.11306312911974264,0.022325030230348836,0.13469805213142724
0.16799971646023365,0.11776691341709213,0.16806948717109418,0.06479560387110762,0.05971941508151033,0.1047080024243436,0.08713163721502526,0.13361299903297003,0.05645411342262086,0.03974211190400251
0.12386110316550225,0.02532148371082036,0.16439605108102756,0.1242425507521378,0.07457592478117198,0.0272645476068815,0.17215445908335128,0.21952552754359084,0.03094878119555656,0.03770957107996009
0.1915849255086769,0.026423486536695632,0.026573508245194298,0.1074227930326588,0.18155316439902158,0.1255236063562869,0.13447526852240296,0.028864257613161224,0.12749947871507764,0.050079511070824125
0.1293139249273157,0.06331699190008741,0.14686608337607762,0.017432667642421597,0.10053493439405586,0.10233235589162985,0.15176384151335226,0.13089293864055962,0.09178116593449283,0.0657650957800074
0.08245258576346587,0.17016858166998192,0.19398620332188496,0.11934747953239723,0.16096925963906167,0.01906003768072935,0.008612991096487596,0.1213074418611427,0.017590320670101602,0.10650509876474695
0.19070973208329178,0.015334468555799993,0.11926534176702094,0.05048895862976903,0.08904817368457348,0.13525431744156044,0.15656433924762692,0.11292852992532479,0.07855276200968705,0.05185337665534553
0.1013856110681657,0.053593818369870296,0.1080077220723084,0.21481023025671206,0.006898624058888221,0.01618761396948365,0.10089836483139926,0.18049018589087093,0.11704880317246086,0.10067902630984066
0.1729597703568377,0.004369433951118154,0.13150927085598307,0.03452585469240137,0.10641086607854501,0.1877747187464748,0.005391204595980373,0.08240559232616855,0.14803284560882776,0.12662044278766332
0.07510162340837216,0.16157241653498228,0.14428762859762026,0.09462475286648452,0.04360174725686205,0.10936123953753298,0.10260773721798462,0.09738487058274975,0.10297094987768526,0.06848703411972588
0.03073042273197115,0.056512019022085344,0.09380992616797743,0.11888299547904164,0.14200257074239245,0.016215378661162867,0.13178980417314168,0.12193591983766487,0.1370361347401266,0.15108482844443616
0.17081057740848588,0.0018659227815895193,0.1867842189814388,0.04633576038161855,0.1104737396249232,0.10384744723233587,0.09658159906385952,0.07511581976769069,0.03460015111826146,0.17358476363979664
0.011731839963839566,0.20106330077728704,0.23141443846189477,0.00765195017355655,0.014257423964608234,0.05888624289117584,0.1073796434457281,0.10825212929865459,0.19124335190630415,0.06811967911695124
0.11664456765812234,0.13874909324907858,0.11472904927802495,0.10520034544860991,0.2173506629523182,0.005110743968456107,0.17945182817772923,0.023795934025271345,0.023054989449002774,0.07591278579338655
0.018832436675704306,0.16103826328029125,0.08361754470268193,0.20166533470795697,0.06693735862382262,0.10761223895244226,0.07287572162985845,0.04523376116013302,0.1296182223800937,0.1125691178870155
0.14537117113897519,0.007700292102496883,0.07861711607605555,0.13609548569160862,0.008980006868859563,0.15910246934372635,0.163804908982619,0.13342790569467494,0.03689657838351233,0.13000406571747147
0.23548645709356514,0.1580806296111255,0.14137892472283317,0.08735289435718938,0.042252779024531534,0.01139598190595372,0.18761894635603135,0.010590426790511776,0.10422992547315334,0.021613034665105037
0.02488583981613062,0.20429646083172875,0.17328919186576808,0.14276079536224698,0.06567537568472939,0.008860681331904307,0.1644684851216602,0.13540240995909092,0.034649439027129345,0.04571132099961146
0.14570480702239075,0.18913792033712076,0.18725197295182866,0.0019289412254820044,0.12169190886662429,0.15573068958407388,0.01053682163009087,0.11532768727225311,0.034743448598507615,0.037945802511627984
0.14869295339483657,0.14882415116855705,0.11477242160995775,0.13069520750624486,0.1013225611378915,0.002790314023420354,0.18768668165991287,0.06778598853975562,0.053207384566173944,0.04422233639324954
0.01581339277315964,0.04230638884544579,0.15234528441195602,0.1818488699074679,0.16377895285026228,0.022565841018060563,0.12719472467869444,0.03579631054407705,0.08461754471337955,0.17373269025749674
0.010684129270018652,0.03070511250745147,0.17373606943953018,0.07980205630925748,0.12291051461661673,0.13980016443619533,0.15894579341565257,0.021933033467551304,0.05697423326983755,0.2045088932678887
0.09015987751846521,0.08366758265367367,0.0571676450543047,0.16020067414792263,0.08506352028261926,0.14694014395044294,0.03944356988373019,0.13584654518966305,0.08134773035722376,0.12016271096195462
0.1407034983141149,0.17396100418309005,0.13583441335399718,0.0015012801878336063,0.04827183947069071,0.0916910765831309,0.10530801988475995,0.07616432278250931,0.15229346389990162,0.07427108133997175
0.08721461022345822,0.1266810809009245,0.0006310268559500236,0.10170381675433098,0.021227084674218574,0.037074538138048736,0.35844379911647734,0.09978055475146572,0.025623579572081147,0.14161990901304483
0.04122515723311442,0.09497579604837429,0.1591124549874146,0.08461680598309568,0.08683180822492717,0.08091594984424869,0.18733414248541227,0.18947953514840576,0.06303277396427387,0.01247557608073322
0.10283111457131781,0.06803328933953115,0.16298631672166086,0.1419823738506812,0.03494951334460425,0.15470032358691238,0.014368004872829793,0.15954912281617484,0.01331685622701616,0.14728308466927134
0.15245670529493513,0.07528613457407342,0.11165105914230963,0.08962102832735651,0.17501308474518248,0.1328290073170284,0.0025461745232448845,0.08338253867333953,0.05624586844551199,0.120968398957018
0.13224047999164418,0.018138716704663868,0.13844614806930847,0.07716544083713124,0.1736518508884623,0.06996783961029522,0.19642081926400312,0.034260566025251314,0.10962868393554863,0.050079454673691466
0.11457611058674556,0.08550954402375902,0.11104025206510787,0.06987280509945541,0.05194690234954405,0.09932946931974566,0.2005106718920542,0.23948007116943848,0.02642681816963458,0.0013073553245151865
0.06030454530693993,0.039649247632746375,0.1579469182076669,0.03387132589092099,0.07943259550566122,0.10157394472055359,0.1330253369820973,0.17428301201847196,0.15776366421018864,0.062149409524753244
0.11706026314670354,0.08710000446311615,0.07298245908967847,0.1277581348086783,0.0930918624305126,0.10712743061270444,0.04432167561352948,0.0837836735360133,0.1714608734929829,0.09531362280608086
0.07341170206092158,0.11731806430944101,0.1358359645340398,0.09982837201955569,0.15429954056391745,0.08984983121118986,0.061050479422419,0.10136788131060104,0.1050921307163054,0.061946033851609204
0.036780853359100696,0.20754891748299428,0.0930072506189653,0.055994405035887596,0.09191644354282447,0.14318944119159085,0.1670382015807286,0.06848881488876583,0.06989693089121947,0.06613874140792285
0.10461849761181055,0.07129425540918116,0.029025638727349416,0.11519356660203434,0.11244252364735126,0.057279257504143276,0.17923583730233536,0.09939771477322876,0.16874309235470714,0.0627696160678588
0.13009348109094482,0.09568585213785576,0.037323163343068316,0.124965917994531,0.10912504708121017,0.14078923367311874,0.07075347971189729,0.09508693347124302,0.09306394524063147,0.10311294625549944
0.1544891721450132,0.1452150449552075,0.06731602999389057,0.0030076523651553335,0.056049412521399236,0.08390188353331167,0.13696757447775826,0.037354134854775484,0.17928707483667541,0.13641202031681335
0.15695750262431596,0.1697641432467904,0.04963357830477918,0.03361462189236666,0.18078199457349486,0.00761353670500985,0.09078793401182637,0.0745415389876896,0.12563265361979914,0.1106724960339279
0.15440614037753506,0.03184839777480686,0.20237737465938013,0.05234259289628313,0.1525687828160913,0.20550398909123427,0.011442059524270298,0.07595562994806743,0.004305704989614541,0.10924932792271703
0.07662345160195416,0.13444279382221638,0.14432935196040986,0.010146571681211667,0.06490826544276783,0.12269018123235172,0.13333887203704822,0.13915886431847893,0.08265383949979016,0.09170780840377106
0.03791624556343089,0.043681059170394755,0.12927085534749244,0.2049857396636664,0.03337667034791683,0.062437126133815045,0.19193345578373505,0.07693032072563324,0.08807825195542551,0.1313902753084898
0.22955537362317127,0.010494440238106703,0.24953763029969098,0.006861194182622282,0.055912978278920965,0.06890345880928382,0.1061915282632469,0.02004823838126325,0.20676708307056052,0.045728074853133224
0.19074960727446838,0.18543175125475625,0.07576628351029917,0.08671041270082783,0.12331147358951175,0.03194830147644601,0.005619725865737304,0.045301286375950184,0.16114203918308037,0.0940191187689226
0.0663776172757084,0.19391435904655516,0.21510289714636413,0.058094436650941494,0.14717153686421514,0.20445473612323026,0.014448524981744818,0.01749930828184339,0.06686537984254122,0.016071203786855975
0.07420163970677225,0.03914313565757643,0.14362593153066938,0.07587573267956052,0.053256600204225304,0.04686600147235226,0.1576236522032917,0.14235024261110102,0.1355460173714785,0.1315110465629727
0.10582228478787556,0.12608883501388207,0.09649767066251486,0.0017661675040945603,0.10850866292044525,0.10341394067744598,0.16369796795671662,0.1220692002615965,0.15319838650821033,0.01893688370721832
0.08816830012784264,0.17222076435891145,0.014053634698161628,0.15287637812626825,0.07507771757972524,0.12066127887762175,0.10082177585712912,0.13848466911269158,0.025003334273455906,0.11263214698819239
0.019141375889406557,0.1851877667520577,0.03443731582334305,0.06970704294405283,0.059218769084214994,0.0942090408525674,0.2118342378222216,0.041585300884828334,0.23899081256322477,0.04568833738408286
0.1474950387138844,0.07458603228175448,0.010471808624716136,0.15632862102934095,0.015301113328781733,0.07281528168245967,0.17756388342363388,0.07346118120212947,0.12260527285423148,0.14937176685906775
0.0007162280630454773,0.023678660605218886,0.1570317218737795,0.10059107623727669,0.19086139943455954,0.23665629901406285,0.1538390719192138,0.0743069407508259,0.03143578814573259,0.030882813956284765
0.17424418086633664,0.15521427168841997,0.227581095547119,0.005421983750460668,0.02303931518483868,0.1721994920051848,0.025069840984297164,0.0067679435924251,0.016964687072318914,0.19349718930859905
0.017386188437704838,0.11264880768579676,0.03283527776535145,0.15823483105836011,0.16398483713084386,0.13868459336671485,0.15361521050096305,0.09807773898444938,0.034876917727696057,0.08965559734211982
0.09808637474836303,0.11083520318874622,0.10628586462037075,0.1449198013465778,0.08868700311059756,0.10254571562605949,0.1295011329728742,0.10071853849370108,0.0540910193464965,0.0643293465462134
0.18821636969666722,0.06023607120189923,0.10463991740523575,0.007027531955886348,0.1707007956718165,0.08987160589050469,0.22695484990063164,0.0016773140925431186,0.01899359993623982,0.13168194424857574
0.049582544551252924,0.04583726994743075,0.15191263371749303,0.20772301175301208,0.018874773114698963,0.12479731733286735,0.13381137293813222,0.039820099159150114,0.16565544688779696,0.06198553059816568
0.12347210467869076,0.14988889461972682,0.13565749768890611,0.07392029700671106,0.022649898884725947,0.12037104054257362,0.06562970918653185,0.026128916399753385,0.1821147845920894,0.10016685640029101
0.10338861668731307,0.10665636572301053,0.0005808046144973942,0.03248392169839901,0.11309572843638885,0.0321424820885158,0.15068473082612577,0.16763194795369304,0.15690592320150334,0.1364294787705533
0.14218026849139026,0.17640507722367638,0.15984612570777088,0.005686781707099988,0.06154329037156347,0.18156602263016614,0.061287859703843435,0.07815905621457872,0.07263700060629748,0.060688517343613316
0.07819892724378243,0.1819454754893932,0.08988016522831278,0.11831350841545804,0.05398294786860078,0.13519624627017454,0.09755343090619549,0.09123711733401069,0.09544312473556384,0.05824905650850816
0.016027484360565815,0.06855023341085739,0.03021512638859046,0.06266068515409678,0.2027225604759094,0.03690603594531272,0.24278436083390917,0.13847896140289345,0.07844046509269906,0.12321408693516567
0.049835679995726564,0.149723893476432,0.06731857945904979,0.2246597768739752,0.07059674223513306,0.02118291414750791,0.17684484844813167,0.0251275065120201,0.014413760622413343,0.20029629822961026
0.149823392496719,0.03482495887984866,0.07506088848762822,0.09731047277731042,0.07011948005240343,0.06547674856652458,0.1230811827307399,0.10507081867421972,0.09180110746413438,0.18743094987047162
0.00885866595139233,0.042435713470353804,0.024261437030771292,0.14772735501984857,0.15241966706200405,0.1935150260889621,0.09337709107551817,0.10547946750760581,0.09158543217454908,0.14034014461899483
0.1470715915748048,0.06526385465657077,0.18208668276319823,0.05682179671795401,0.04466378752413647,0.017268745978091346,0.12484962757423641,0.01493836727167468,0.1842501651909623,0.16278538074837098
0.04946492659779613,0.19485453612466364,0.14938148630580342,0.1194035100775684,0.03312251561084497,0.13937354100324778,0.1476085915583092,0.11055918220505558,0.04807758527066192,0.00815412524604885
0.09775786794257232,0.12569922693984725,0.014312581560161856,0.18332170970857448,0.06791412090124717,0.0974161240713978,0.12949513237701338,0.16306984869449412,0.1137091423570406,0.007304245447651103
0.1660993706679128,0.13356456257095084,0.008744844732668611,0.1672554655665796,0.07771764263460545,0.0400941036452413,0.031554980525264766,0.11448450182958275,0.0564080978767768,0.204076429950417
0.15692517990367758,0.12847099821198038,0.047537619358960906,0.088871468312305,0.11587894698169188,0.023054194863487833,0.15765065593601682,0.15868733383915262,0.03793472372640539,0.08498887886632167
0.012943501947569354,0.14031010366202093,0.0773704092821913,0.13792600474370517,0.13865210810449008,0.11820864271871964,0.13189845455142113,0.14267352628169544,0.05936808540812825,0.040649163300058744
0.07898862441190609,0.14384692260208032,0.04524618907977261,0.14364001343301677,0.14388586270422757,0.11496978709719541,0.078677128742466,0.1417947454065912,0.006461641947958863,0.10248908457478512
0.028121220733273545,0.09575051235768876,0.09468773148726728,0.058716836351059995,0.19857556097013207,0.061885278606688306,0.12197985982906173,0.07856499072139887,0.061481854052973704,0.20023615489045574
0.1577459426927706,0.015117108923627276,0.09924584118585368,0.16336511958348676,0.14090825957390635,0.064117388278992,0.13394766716517803,0.11179773044113427,0.028308879188323487,0.08544606296672762
0.17584358329448702,0.08264830719308058,0.1658054660033701,0.036480709913905854,0.13555414072039607,0.1050933606725362,0.007419053082198126,0.09777316363231787,0.17833960106741603,0.015042614420292115
0.012653708889356477,0.1958505485159151,0.02921560512956749,0.13667007443127813,0.10517961344260482,0.14196567087126163,0.058439198727103965,0.154995325695142,0.06556329041919327,0.09946696387857715
0.09171446456906378,0.0883527327436188,0.019945303273512467,0.08425950991917193,0.1085024803472082,0.07229823980842756,0.09086343502397469,0.1895202657249433,0.18770884416079578,0.06683472442928351
0.09461387260417496,0.025618979594283383,0.052575001052641,0.19977620770726645,0.1697022634437954,0.200346513088977,0.16864081043357063,0.0024698332443445817,0.009996873165595352,0.07625964566535132
0.1328005275883505,0.07953640652352796,0.13902694559525475,0.1124003886490211,0.04683145415578077,0.1450685484749269,0.07289836479679994,0.09296813447914998,0.08619101129284981,0.09227821844433826
0.1107528701486068,0.1413355701509312,0.1348154772275509,0.13299261587047823,0.0849520128341264,0.07072097209421276,0.03395307789693692,0.057834578866424645,0.11274536435403094,0.11989746055670125
0.06057973459259972,0.14192942298801506,0.07426279760784335,0.05372135986736456,0.09372896816695102,0.11714942148789671,0.07788381369261015,0.14896089966606796,0.12539532155913558,0.10638826037151596
0.06899385801148641,0.11669268560060016,0.1675720441963167,0.04185132528229831,0.13556471969986314,0.06573568534361711,0.12977691382988685,0.02834128764354639,0.08123208841476043,0.1642393919776246
0.16502193854361968,0.1845798693558344,0.020788072355819073,0.011474016527837224,0.05895225131388992,0.025683046844813186,0.11782455406943049,0.17453341711589304,0.2094753521883853,0.03166748168447767
0.0008475167079169526,0.20871351171164565,0.06561513424743873,0.0003832437209425527,0.1989197051422502,0.2273220704015246,0.028722047774120393,0.044492760400599324,0.01547674903107068,0.20950726086249094
0.1632009181744846,0.012917076741420126,0.022292091971804106,0.1818394900785181,0.061924178090680196,0.08302378702628621,0.12074908307705487,0.025302691528075388,0.20883836385668272,0.11991231945499378
0.16324535184800143,0.0031823823128361017,0.05293714068059345,0.14003325391689717,0.09421019594049297,0.14651845814403108,0.03774659832798357,0.15250412740204855,0.10544245388812366,0.10418003753899197
0.1276039853750464,0.11745932678047553,0.03810012702424588,0.14626516734888173,0.08088345046232238,0.09086599748073662,0.13511678214372796,0.07380581896418169,0.08333086624682301,0.10656847817355894
0.1232035298723308,0.07726002809792316,0.13285472847910207,0.040214189267327345,0.09883785096551746,0.16238101237627178,0.027102066573536428,0.14841551872498834,0.11505474656814446,0.07467632907485805
0.1164291152250442,0.1723000543697781,0.04186686081734911,0.0269820112696986,0.09018360281258286,0.10465042729867155,0.12042429407828241,0.07772029469443607,0.10538773930316685,0.14405560013099028
0.024071620769847202,0.1677480394691997,0.1111024509679826,0.1291587629936544,0.05569800742765539,0.09432679235953102,0.09816106583179898,0.08579628038540696,0.1420683565470937,0.09186862324783004
0.09469316489331499,0.10998155136989168,0.07943413921483586,0.14629632450433053,0.03673254324362685,0.1680057623570861,0.1668672354792407,0.015523465290028078,0.04984007971737538,0.1326257339302697
0.18060490373130195,0.18489157602179168,0.06449148150539737,0.19367233411145426,0.015205122495925639,0.10128802435524219,0.1056310490274882,0.11756314271526011,0.004601022076843459,0.0320513439592952
0.02006357507830592,0.19455255673396177,0.23260771403370814,0.038665765797400886,0.0018282487908121035,0.049411734647625875,0.22109890906052235,0.05110965098650797,0.06471705011397917,0.12594479475717585
0.1551468838352661,0.17751880785636348,0.07160656506593771,0.11037895151707065,0.048406964448863554,0.10636361266065206,0.14080854324922368,0.10997722840239108,0.050053374947492076,0.029739068016739794
0.08104308501157709,0.012216088174423058,0.15577434995766298,0.00903609378079362,0.026306853579078585,0.1717043420563723,0.1979965641598023,0.08850613282402486,0.23888985336481067,0.01852663709145456
0.035671577580604054,0.2433957154202297,0.2371322352016159,0.042697882733553405,0.042540472915663,0.0007250541585484561,0.004268657334807817,0.3674190659950892,0.025335934691402714,0.0008134039684857305
0.06021643228223975,0.11242769233484642,0.14890284068255585,0.12919982077531703,0.039946703599099694,0.10933011981998277,0.10595926090859152,0.04984522264290326,0.17188089129059025,0.07229101566387328
0.10299968646426201,0.07057899867616153,0.17423085632354451,0.12121197230425937,0.13607481598329918,0.14479527989080337,0.009963007564045773,0.037262069314641606,0.17225342740887706,0.030629886070105666
0.025034039853713722,0.07395155103431444,0.1464615312451417,0.1635562149480517,0.07540843206356718,0.07548731438227999,0.15424879125655117,0.002448319769163153,0.16620182577457487,0.11720197967264212
0.014501557751016565,0.09711270020488111,0.1758180197845162,0.03401520402523688,0.11270988062836647,0.15536840826272427,0.033960732129901985,0.09950097187453237,0.198003601929639,0.07900892340918524
0.1200056751507933,0.007951468603202061,0.2605954993998054,0.00525618025941078,0.14044376769432115,0.12912814558902735,0.09536560796868626,0.019480923296943467,0.13850990682496558,0.08326282521284452
0.024829842586836386,0.06666437285250135,0.17519086751799898,0.13442292588663973,0.1650764081325008,0.1392995621505636,0.07603536968437452,0.15779433391500033,0.005167427054432012,0.05551889021915237
0.20851287169274202,0.03363256414938821,0.17673938858959762,0.08103899697863509,0.13977515486532477,0.034483787423899036,0.05010254542093024,0.052699650134830175,0.13906777234196083,0.08394726840269186
0.1392756032562119,0.1228135947392701,0.11391956661637868,0.032443976526038594,0.07399073197391078,0.11251370388497292,0.033675396619590355,0.10822745670834195,0.14395205285789134,0.11918791681739321
0.09620229114454502,0.08809860221878754,0.12761643898955022,0.004947421990142776,0.002547125751141413,0.005059779006023067,0.16246246156674832,0.19271859612531225,0.15532309976381725,0.16502418344393202
0.14063670403814765,0.0779720709567944,0.037373482641572434,0.015205141286920474,0.14662836210510363,0.11329528628907098,0.09906683038660342,0.1058851998965632,0.11508380122750013,0.14885312117172364
0.15348746431260146,0.05983591519557376,0.03389551207772569,0.01580023245233057,0.20392177261984823,0.09037067242706918,0.04457125514879282,0.19654660990348474,0.19705311531319167,0.004517450549381874
0.1729598398226425,0.08748124775960214,0.05405499754443846,0.021442988735843327,0.019614748853244934,0.12399610651366175,0.12721864682474157,0.18623450008883208,0.022704281360430567,0.1842926424965627
0.02414872433527732,0.14605616648586456,0.15064755186599046,0.12949195291649782,0.13096534823104297,0.06860467059869178,0.1530249432672589,0.03193101485276072,0.0961308487030983,0.06899877874351736
0.07978961997809642,0.1964692857177606,0.1070224215228387,0.03998140171828506,0.1165573314051062,0.09619611074466661,0.20762435489015393,0.015121010961273478,0.03540442471761467,0.10583403834420427
0.043774462324876716,0.04308108891591637,0.15573551731640153,0.1253454454079842,0.09189055527516417,0.10465621854129278,0.06334367943767885,0.13367612644726956,0.12120463513019133,0.1172922712032245
0.1209181399050693,0.09192877111156991,0.03221307447663433,0.16897331407773677,0.1719171192389523,0.0008704110651725708,0.05424199234498615,0.21190286948922896,0.07167437371188462,0.07535993457876486
0.15307335308983983,0.1262687609612691,0.1515089044696785,0.07178718915181188,0.03930106569463536,0.11861093246287452,0.05248146186895794,0.07746712224276558,0.13795597107135493,0.0715452389868124
0.14540030759619507,0.026976165735455287,0.033422883830929354,0.1102191754060918,0.11424657932997212,0.1374408719693854,0.1258196905836591,0.08143866312014716,0.10745681197994568,0.11757885044821909
0.12845061651951653,0.02821793962866472,0.10587585234789648,0.10765639371782874,0.1653620777653736,0.09474035828087268,0.10876634362645712,0.012007161395075822,0.10657643017331721,0.14234682654499722
0.09467753204242155,0.08728521473356157,0.10176362632688536,0.030963465150870766,0.06031640028871136,0.1611030167440616,0.16536413521969137,0.09247085533614548,0.17215267845214363,0.033903075705507414
0.12899388439117496,0.08727772495637702,0.3054384643618219,0.020560374486079527,0.045994448119121595,0.057370447137801914,0.06123650760417894,0.13898825982631258,0.00562325806540202,0.1485166310517296
0.07588208585420952,0.16928396861501366,0.1510616626698736,0.024926539328398015,0.17267401409134256,0.18156924615843678,0.09063677036009761,0.011955462417790866,0.0013562786094287085,0.12065397189540858
0.15749177480738144,0.01787619630333594,0.022802645680295913,0.169672919952722,0.163512654920427,0.022363866728639274,0.10194245570888344,0.07066204988240787,0.17695500652210636,0.09672042949380076
0.11221754121090108,0.09612880981822604,0.006128650965758414,0.05807036364137597,0.10836233953061976,0.07594737424531635,0.16257064690963474,0.08130662902549157,0.12750191902524416,0.17176572562743198
0.12503392128098142,0.12082406907067397,0.13252619456995904,0.16652645209293035,0.037166922827261625,0.06697640023170356,0.1697928363020429,0.058502166369231556,0.009156593708945658,0.1134944435462697
0.06633523890431624,0.15608176898517626,0.1192143048111918,0.03048487728254194,0.03739878385051573,0.06554005607356456,0.1113747581107111,0.1543588012746361,0.16310850866931487,0.09610290203803136
0.10118275989765167,0.025231952260487817,0.09384113952883881,0.165181370277473,0.09249346770391094,0.04590514770514187,0.19310144734623585,0.2364324157471975,0.035984094075938486,0.010646205457124091
0.12317823050047322,0.01391947024831136,0.15631380190320945,0.0689269624272783,0.1322101262587338,0.1784379573620405,0.013650309096975295,0.16679728438989722,0.13001627650688247,0.01654958130619828
0.0952749407655823,0.08483242001385781,0.1077398584443669,0.026739834797809104,0.22178454862171978,0.09797366678500305,0.04845272899857962,0.19404316828130821,0.09712593264621142,0.026032900645561723
0.013396445234067076,0.08972637194586942,0.07695242480706163,0.04699938718721841,0.12038124086749914,0.10091856132530033,0.14424411136177573,0.1442101851926091,0.1017718634551745,0.16139940862342456
0.17220859426254775,0.03366508154316083,0.09342398691166888,0.09500646588644951,0.0555767304503241,0.20180154142145726,0.1632664021263523,0.12636123685481634,0.016926596976109973,0.04176336356711308
0.10262954471836647,0.07652189152816412,0.008157982068904491,0.21504897817605298,0.16625258050237898,0.0503833428198562,0.08568103061177126,0.10751590835710396,0.015330675078878517,0.17247806613852312
0.12383409870835395,0.1459970627754058,0.11105256779500078,0.09993059114571931,0.016353312582586967,0.1322427407654462,0.18197987269526958,0.04462659772680363,0.01380024188030467,0.13018291392510906
0.03427449662413948,0.03401827319560258,0.15323848372265822,0.15631155789726206,0.0659379354492169,0.08479210844263381,0.12020347953319101,0.09702006653927765,0.09392579245913203,0.16027780613688622
0.10594681018614623,0.050132473346654535,0.11353371226021229,0.12314462280787004,0.0008560102375199073,0.07505947424737078,0.13673593942833456,0.09465421518058759,0.1509256353527105,0.1490111069525935
0.12910159979940325,0.1467872389904338,0.16125186266611555,0.05072654092187506,0.1430183628721973,0.08338875245917042,0.08538165849620466,0.12528496398585512,0.07477286848275792,0.0002861513259869082
0.06073324996193053,0.07213998787325754,0.07188328315429642,0.0832101108427944,0.2699950164367148,0.10764926210244803,0.17450608058338515,0.1126380690938924,0.021853485120985693,0.025391454830294927
0.16198393785578388,0.010312096838090245,0.11147173935662812,0.06346279207566859,0.0018226397187104306,0.11390172586341703,0.07251078303750852,0.15454573766319635,0.14221601349798516,0.16777253409301154
0.03811221470956449,0.09000631129036427,0.11612419072712045,0.1596173340497945,0.07456371731212841,0.11448932396259577,0.10459251368714043,0.05563516077724652,0.08833654803965785,0.15852268544438716
0.03709958258667191,0.11908769877751374,0.06460186735087677,0.15178624083610143,0.11184448843514083,0.14896315290541376,0.09790439904477233,0.08689498947878185,0.14153236223299862,0.040285218351728894
0.07825511119779816,0.029233901049069803,0.025765169651269945,0.040225303241199224,0.21562197868474728,0.07103669813562427,0.08601089697006775,0.19275377131932264,0.056122003705237684,0.2049751660456634
0.21668044011800391,0.053138626701860966,0.1659706427709407,0.02517510112156022,0.08822387540763621,0.1071791078369489,0.11605324616149242,0.16674938573994388,0.015040151883665592,0.0457894222579473
0.16885492495617896,0.10900166962353436,0.11881595995876866,0.1445971330456968,0.06383242087098924,0.04842874692974117,0.03257163202360075,0.09352314052412827,0.0759383426000649,0.14443602946729694
0.1153614214096661,0.051022178835102384,0.161784231822746,0.14975579983913712,0.009631781314838212,0.09170851398602194,0.14289118274709697,0.11292067118900856,0.0040204158059416175,0.16090380305044097
0.10553984194825554,0.15198680878427695,0.052370947722764113,0.14873798938570934,0.13040022936302192,0.09739335871660003,0.09780353166350805,0.028013758289976445,0.10606247978873909,0.08169105433714868
0.04695744298982348,0.03504830985072044,0.05185524928491605,0.20401629999711776,0.0010338470070908495,0.18204549001071815,0.03296441612208839,0.09187353149546722,0.2130643470808895,0.1411410661611681
0.12846920848288615,0.11609059884283887,0.1119939467601488,0.008156391284303767,0.1467557620497881,0.13718997646851908,0.09606095457265236,0.06377890703634156,0.0483527117063041,0.14315154279621714
0.09923691126202812,0.12129913849387203,0.06093878212303,0.14396754496666808,0.11647688868102735,0.09149289292072506,0.06409873242036461,0.042988249843509616,0.21500683142439977,0.044494027864375445
0.05853355989555757,0.1358678497323857,0.03848723291295084,0.15363878496272965,0.13205143603087366,0.0025111123559577813,0.13740883363862122,0.07444756796128914,0.12210529957745256,0.14494832293218213
0.007074905957848612,0.11524429579505038,0.1439108735513297,0.1358234101423321,0.12933122228719288,0.10159257437841587,0.11586813240380131,0.1374252017056597,0.10090140490793811,0.012827978870431226
0.14151897487377152,0.1102729345361271,0.11918643405596598,0.11191652241499704,0.05741768500698643,0.030493856602040157,0.1421585695722097,0.02593053031495554,0.11327142786800326,0.14783306475494326
0.11997219768721899,0.1549039924513995,0.018678774966955632,0.07066417934917382,0.09307062544053037,0.1812711467981242,0.05914161949040263,0.20089321964397677,0.06452609168563793,0.036878152486580155
0.12509663188908068,0.13531719041138224,0.08244362708521911,0.09801919463872386,0.1300292146981757,0.09688595312103723,0.04708072422633895,0.13856569886009054,0.09236279111000367,0.054198973959947876
0.11094176389671798,0.06570247212773078,0.04045948484332966,0.1840529470518694,0.15338852368778186,0.1047319837452743,0.02645145845261736,0.12473002130813947,0.008803806078478037,0.18073753880806107
0.183727140212691,0.08969325843234016,0.13331596049451724,0.11544897091268815,0.15478252043486135,0.02884776268820288,0.06015900097781484,0.17076008221514055,0.04617013728277622,0.017095166348967617
0.19332174349183937,0.12634254977141388,0.06439657220089763,0.048926283984272,0.17956938482784732,0.02071751171779653,0.11545233270477477,0.1545504140192562,0.08952965945568768,0.007193547826214681
0.131946968411793,0.22240330908573155,0.09882873560614602,0.20540194098611844,0.07492106655406774,0.009477392552552977,0.10556120601842854,0.06002347812038249,0.0673335097992236,0.02410239286555572
0.12557427771199461,0.15451817242958057,0.09665386231393436,0.05166113329538626,0.025943366491946722,0.05913793041530952,0.04736734994473338,0.09540704098970151,0.16263661390855647,0.18110025249885664
0.10934219668502558,0.14217512662988718,0.05734075405861961,0.05784906383304096,0.030176830409515912,0.11322440016381,0.03757902109479426,0.15028395772174002,0.09721523617643635,0.20481341322713006
0.21361630636951298,0.05176955318340521,0.07455406877348324,0.014356506625849082,0.006367554356574457,0.10927170229110632,0.14079901336669595,0.12759340132120275,0.03961293233673841,0.22205896137543168
0.1341416976153762,0.0727838189091212,0.16208798035646088,0.12290023500832493,0.15550491625626814,0.02047288778682269,0.07193777074430302,0.029929033503264015,0.10941590219665152,0.1208257576234075
0.07878929406038103,0.13971105231348013,0.17402406586230237,0.061694184138993365,0.1154490675469776,0.1634476746548145,0.05779837384916673,0.13626290142197256,0.05176462953985149,0.02105875661206011
0.10283212458405774,0.08519567267398244,0.08000472367806412,0.10303153341448773,0.12515995298523766,0.13083538702742123,0.10970004171902951,0.11179349669827852,0.08276165382520416,0.06868541339423698
0.24155976438926322,0.1795907347597236,0.030974099429988314,0.03712512910496003,0.23913570286550206,0.06084289483303575,0.009476743190877157,0.01277143910580297,0.03590453418462895,0.15261895813621806
0.085658324404188,0.03366916862882629,0.1732876839382772,0.2123354804800823,0.092493157086084,0.0039222399226827315,0.09301380965110875,0.10210014366534322,0.1254098305406192,0.07811016168278842
0.0744860408990277,0.04238181265208181,0.14580396406938378,0.009648695601129518,0.10141317404451335,0.13081615494839682,0.17058325356606807,0.13453776097226827,0.06087239110083349,0.1294567521462973
0.06153821955175885,0.12128396129602166,0.026622082645870987,0.17490994355933714,0.11339771698308475,0.14926213832274235,0.09363965558693961,0.01402917392931417,0.18078288702559517,0.06453422109933524
0.18041634980310955,0.10904703768393213,0.15978083803628362,0.04994144402707502,0.04033139405123871,0.025489042796589933,0.11908660591028324,0.1243787761138181,0.004038418448348232,0.18749009312932138
0.06668239825301736,0.13448517344855201,0.055325194969127536,0.054714542410711955,0.15077606458816264,0.07922063967954353,0.09677751514025802,0.01510350704328391,0.1781213753258512,0.16879358914149195
0.09171831155041661,0.06465430127018885,0.16340793812219442,0.002519607626760619,0.0055066545724534515,0.17986994746727597,0.192654923814588,0.1563850817624345,0.0974089360389207,0.04587429777476694
0.2168959836173363,0.1389821079961087,0.03209291398238824,0.011363735640525903,0.16473627299857901,0.10647949546480741,0.032891261840985994,0.010526609519856641,0.16721555522017503,0.11881606371923678
0.1671075414831892,0.11508020902322529,0.0002622517253395734,0.13241601920170332,0.13897361862594104,0.06404424006136897,0.11190139661798106,0.0673863659920664,0.10742406020285482,0.09540429706633041
0.1300115511021227,0.14056866227052495,0.09667985849909941,0.20511874445264883,0.033912951575939036,0.21035136971818058,0.10462511725583172,0.04366746556851657,0.022102776529683135,0.01296150302745291
0.08204713005887439,0.07685238138742208,0.02769079651512158,0.12521508318701136,0.09570343239852717,0.0304123340050998,0.16445158294199333,0.16512096962435666,0.06763050933758832,0.1648757805440052
0.15530536426962882,0.03511640455213149,0.14534939402621128,0.04145004601746494,0.17036184039163235,0.07241357330639607,0.15933385870714425,0.021499711126383766,0.13945876641762833,0.0597110411853788
0.174380570693673,0.21088052876975608,0.11860159815075366,0.027901261520285152,0.06150163504270768,0.020205425351541857,0.1246714582655659,0.0665022458068965,0.07259589044961517,0.12275938594920507
0.04530475265892951,0.027276999436893847,0.03371914314628921,0.18935723846954802,0.18508218878587218,0.12931735927868218,0.15386588842727714,0.02100614760647115,0.035886440056892,0.17918384213314484
0.19349452870056927,0.008754723155235148,0.059502796213258276,0.11944003980278517,0.19451139295064945,0.05582190942360586,0.14168230174103533,0.11690642108210113,0.10256293896157687,0.0073229479691833774
0.18733618337435393,0.1284519304807198,0.024698989880789644,0.0412395081446063,0.2024345626869586,0.0677758562588179,0.018304223111749205,0.06559474540455268,0.08340914938068728,0.1807548512767648
0.09502865855091791,0.10618810125086857,0.0003183202288002705,0.1190735323734849,0.1598552877539196,0.014474089796525102,0.08100251016793117,0.19976869940310954,0.015427967356200578,0.20886283311824225
0.14646648488204195,0.15124697835044215,0.11756668702822806,0.23020576191309758,0.04487369995387293,0.026483315433931762,0.06980459664926777,0.03295538823373728,0.1382389788983263,0.042158108657054265
0.17611882207585886,0.16599256845133517,0.019529602192393306,0.12696367348608698,0.06782579696298807,0.008421299796782184,0.017645451636952903,0.21024433661025743,0.14203976247861147,0.06521868630873368
0.01825539889376376,0.15742883574874228,0.14929138960585675,0.055001728240746214,0.16493544794329704,0.17857235669866045,0.06807834532021026,0.07508719228630832,0.11369024747177592,0.01965905779063903
0.09568238142490003,0.11109046905727343,0.19829908188654669,0.03464563417804526,0.10861206745851003,0.1107763845343968,0.02311039720519994,0.10583603495887765,0.06295046788703142,0.14899708140921872
