i = 0,i = 1,i = 2,i = 3,i = 4,i = 5,i = 6,i = 7,i = 8,i = 9
0.13150566772292233,0.09721967098996996,0.14568801221555994,0.09731456826535743,0.12281158060283272,0.058929005245259965,0.06124592007953892,0.06113296023219831,0.14863111546652225,0.07552149917983814
0.10283593047432321,0.17180078163534107,0.06379640608344461,0.06917712315517846,0.10239084491289145,0.05582764778450559,0.10945053995593484,0.1584772865134608,0.07851169597213521,0.08773174351278482
0.11476637456745827,0.08821612213952046,0.06215036769388348,0.16838955606708714,0.058027339516209316,0.021704733319498033,0.10559718373209155,0.1122624055788823,0.1277996919040896,0.14108622548127978
0.1656246549583297,0.10652137655717914,0.11128241226958638,0.04333031480196721,0.06874747353862772,0.11939613327172545,0.11213951017647338,0.01627296857613049,0.17166347972648618,0.08502167612349451
0.16352385865180757,0.0976576935367681,0.09754694062195718,0.08975671794867883,0.08149236897426894,0.16097837917603683,0.1112309423549194,0.08581178554564949,0.04925634671518456,0.06274496647472913
0.1656555205842981,0.023550422927814188,0.10362720809302711,0.14622925074137424,0.07002951991439374,0.019214431402513023,0.14026473307011023,0.04341882509971404,0.16912242343790979,0.11888766472884557
0.07285978525568401,0.009571791308605557,0.17115568699770345,0.04431248775182341,0.16133792736338964,0.11900449140869532,0.06013762610627409,0.12151658144900407,0.1275201128326788,0.11258350952614156
0.09419313663103802,0.04464172612731879,0.1266629206492703,0.1845587769794396,0.04233986282004879,0.09858752241611143,0.13792928756614756,0.08898628800989752,0.1761014737203153,0.005999005080412699
0.14039575334379384,0.12714395848643756,0.0015900935502092498,0.2439071520401542,0.09722092889029041,0.02127968461529133,0.15753564766351857,0.14148984197398135,0.013419298613782013,0.05601764082254142
0.06316044379071656,0.0034496313027746416,0.11535516886910388,0.130043942668373,0.07339518319077107,0.09504106012203921,0.11370186190592647,0.0864214212247826,0.1407979555066683,0.1786333314188441
0.11805406144453993,0.011474118776819772,0.1100195309382138,0.09407243071271058,0.13330019503813567,0.14385180874349981,0.13555803073991796,0.13904189247534224,0.08930220151303994,0.025325729617780415
0.07736899376401694,0.06762806851837913,0.18709372304208388,0.0016791706520816116,0.06151167062548854,0.21240446322663514,0.13716718411408463,0.03467095858772933,0.014913107579769906,0.2055626598897309
0.14040426158896155,0.09705896132193059,0.14308014182967715,0.13781636410164155,0.09246718118117918,0.02526288486390661,0.09382047625997181,0.10520655293092673,0.04992566285831501,0.11495751306348975
0.010360913028328287,0.24672887530067056,0.05029047975607916,0.20056344815044827,0.03780024705761426,0.07823662225888545,0.01885237513032738,0.1453057916753575,0.045576420573575326,0.1662848270687139
0.03565710643174053,0.1301525981536586,0.1235016373375309,0.15922285406476075,0.10745499762710842,0.009615198465673179,0.11610335374833734,0.15614051598825512,0.0029822186376430144,0.15916951954529204
0.05390568691178682,0.23047369277634208,0.22669256999688314,0.05939327940998241,0.019474636705815902,0.13314398222239662,0.004135074437233576,0.1700684362833756,0.0669931863382143,0.03571945491796961
0.1595995063192074,0.11650957766891398,0.13697424048790238,0.05676155268516242,0.05970057841464106,0.1128628552312856,0.20727882228292904,0.08615373741163443,0.04898257212507915,0.015176557373244455
0.16434854227016654,0.1895046799999653,0.010171204980674286,0.21117746113471347,0.015886700027821134,0.06508748458302765,0.12643482995681593,0.08312290789689311,0.056226161677380475,0.07804002747254193
0.061181375990235105,0.20486213530633854,0.11505920890987169,0.101921690787393,0.15388037170912608,0.08553610512105361,0.04247786648592539,0.029545914107017054,0.08198006119671888,0.12355527038632057
0.15550332091029362,0.0011905325886644137,0.2159574466152692,0.09716827938364991,0.10667169453570402,0.17500102121487393,0.04401169913145059,0.17524186588090657,0.027459611880445583,0.0017945278587423118
0.1964072665958054,0.22404432767532936,0.06987230037452041,0.01743668286412535,0.15243471819900797,0.10018600673749573,0.18113995211697734,0.0021630067387374764,0.03694746801487453,0.01936827068312624
0.15319539730811876,0.1806192077047863,0.03741700586017611,0.13425797825501828,0.035321347299663505,0.10169661062868733,0.034200681983159,0.010844352477155383,0.15062578038328062,0.16182163809995487
0.0037390037438867836,0.0201226993338978,0.1997670923506683,0.01555887088852894,0.18095140025861378,0.16745647606799877,0.12013561846632163,0.08930167176998796,0.16276127702276688,0.04020589009732917
0.14904653829922193,0.06162486497610901,0.1687578606561095,0.09726882433999415,0.10145021140766236,0.06782299454021277,0.09628798832193182,0.13034208266773492,0.04910188858548172,0.07829674620554161
0.18377039026859796,0.052349709358502375,0.224336474178596,0.011980299105120882,0.09187897740153182,0.09735099112276654,0.052925259628908046,0.05778042093715648,0.19873339053627165,0.028894087462548255
0.043215387007127806,0.06150623154272195,0.1117189397337061,0.0795034159969462,0.03577011413560462,0.10874361126747964,0.16064939224691968,0.15206991234558073,0.1347712339555736,0.11205176176833959
0.1394604295212497,0.10520213334138795,0.05172116491979983,0.0820050725394987,0.1868951088053876,0.09241563044261307,0.1343977240770653,0.012035283929532323,0.12048200333497591,0.07538544908848976
0.030434062469798604,0.056295410936016685,0.025639914881365595,0.19426358737856858,0.19366988368007915,0.03943472217277788,0.10977639065817701,0.12358723633879327,0.19341945138167627,0.033479340102746766
0.10802767121595175,0.018312067993730263,0.1331133494444217,0.05151450425711568,0.10705628967251568,0.119099685177347,0.15845053633819173,0.12909372246009237,0.07108664433130861,0.10424552910932525
0.1533972315677915,0.1786366322745845,0.1883822637056722,0.0667955312901047,0.07181663413366904,0.07801662419252778,0.17740186805375413,0.01564090378156729,0.055543705501425594,0.01436860549890333
0.20228211383373929,0.19214031455595393,0.08244151668820669,0.061977592131658904,0.19193259546006033,0.01965664882495383,0.023603435902606593,0.045629542828220265,0.037174364111397046,0.1431618756632031
0.1929299255615161,0.12309484813185016,0.07000309653975459,0.15877012014712197,0.0849259883514495,0.10539987685542487,0.060986886603441724,0.11988775339647419,0.0562108997013292,0.02779060471163782
0.15087551366957033,0.08848663217792388,0.13132603991521566,0.11992363789329007,0.08973701909188102,0.11713991028201008,0.06428220307185642,0.13673310347032303,0.08649674671593478,0.014999193711994766
0.07895868936289464,0.12917547840368318,0.1363723742152343,0.1598026569917856,0.012182795704723824,0.006183926620962961,0.22418895063611252,0.06728594338178771,0.05764494723973519,0.12820423744308007
0.06146868657625607,0.14208796816307695,0.06988154606019764,0.042004608847723224,0.19162215201327015,0.12075166386237043,0.0940589477701796,0.037114329942995454,0.15429849098689832,0.0867116057770321
0.14415157120366998,0.15311712611236433,0.013033588347916463,0.15851458728210685,0.10255001778713414,0.019268080646219127,0.09384043686219762,0.14453657997124245,0.07476617585819893,0.09622183592895013
0.002207316054375253,0.0865783853331174,0.17578083280735302,0.08886789009501651,0.12547651994262085,0.08566583492769282,0.13141993546273298,0.13512137632576757,0.0487172324184507,0.12016467663287296
0.03409495211695726,0.16525756112893114,0.005572063797659511,0.007869290383814571,0.13014475664758074,0.16332023103399362,0.09921552399502062,0.1711339694171855,0.1849955431716974,0.03839610830715955
0.16255448337826034,0.04295074916946512,0.11536825612779468,0.08488376295998416,0.15499394128411526,0.032708262273835574,0.11798485938208968,0.086403917824953,0.11427213353383357,0.08787963406566854
0.07739922879985052,0.11399044724245887,0.14461817248238307,0.12925307563764665,0.10266257904147423,0.135270051602277,0.052913099637572215,0.09128508944118255,0.03600862872611129,0.11659962738904363
0.08370367365361271,0.1327913951820106,0.013672489002605257,0.11775023799499187,0.14557382628839974,0.09195363926251539,0.16626947201216996,0.0927028001585509,0.10465078063023502,0.05093168581490879
0.11060700591210469,0.000549210426395037,0.13178221341807497,0.11033593999788908,0.16969022212904167,0.1609739692784395,0.05813814762117124,0.1046025776734391,0.1460541814047989,0.007266532138645835
0.09061481906206215,0.025997265144073432,0.173970481011563,0.07039527484658602,0.08659687989394911,0.13439656066028677,0.06962410471652324,0.17374677010375145,0.08833013636931282,0.08632770819189196
0.014315446474030491,0.08567095121147592,0.1042517075767475,0.029363102996202622,0.07708968137120886,0.06098066813210112,0.1045343558691609,0.19959195492300563,0.3106903617575866,0.013511769688480458
0.11131104134042427,0.14744516751142744,0.09479398068965482,0.1444104332744249,0.09497233669876966,0.05581902055011507,0.13773493792338964,0.05052741392761806,0.11950828475544603,0.04347738332873004
0.07378072897503744,0.12810824286006053,0.13044905600304524,0.073571309217683,0.16260633902925598,0.03679008065722178,0.010264802572060236,0.10309772384359557,0.12282359387318292,0.15850812296885716
0.09209781564881807,0.1878168002033156,0.1263370296707562,0.04711616530726201,0.02637800979915268,0.08800745873019375,0.05257557899468553,0.09247667366554707,0.1448427046227688,0.14235176335750038
0.11717732665204714,0.04913133066344109,0.10526846217959185,0.1196905725877772,0.01582899047993392,0.11490617454184406,0.10339068107069352,0.17067322586692674,0.11691667633256364,0.08701655962518086
0.026080583117936883,0.22065898697147157,0.13943228440790534,0.09271046879519595,0.020871811968819928,0.08512962566519883,0.060673905207131944,0.1206708345244649,0.15192127180450166,0.08185022753737296
0.037500205886342695,0.018638202736077157,0.00622599959284149,0.08733206092833164,0.15327805530528427,0.10832394666694636,0.12890674542993644,0.22446104980506726,0.04719661190460108,0.1881371217445717
0.16191841578971405,0.11990378394696671,0.12308277499651943,0.05371782428687756,0.030109348038407608,0.038272840734444265,0.018530502334650114,0.13353919886308677,0.1995047020073401,0.12142060900199338
0.13257345516571234,0.07392434426759655,0.040481857191186785,0.1494650930763242,0.03950416065777704,0.10392389064919604,0.05223737146464334,0.1606773175066224,0.07690901409977037,0.17030349592117114
0.21891775847339504,0.2466932955745245,0.15473477034408645,0.04483954322771557,0.09876636283059634,0.026377551952564637,0.06344235280592635,0.08899208460216733,0.021621234824262453,0.03561504536476116
0.1035426507310692,0.03273031123243012,0.048921877624086826,0.13099051565945993,0.2029645395869653,0.12549848847647294,0.11587141823452954,0.1599115284520206,0.061440036856298126,0.018128633146667423
0.1660098779048784,0.0358380087568103,0.0832566846787068,0.16449422384742776,0.061321964091554264,0.14849442018847506,0.022689172442273687,0.10531569733835006,0.0613599249070108,0.15122002584451294
0.06833756056163098,0.05525132506080877,0.06757772194737219,0.04407352604657718,0.0760206297285544,0.15300251315099117,0.1465383807868572,0.13657440462909604,0.0795916557028524,0.1730322823852597
0.041975684191457474,0.17022560227804995,0.04189236393836476,0.0023574545627127502,0.1976360192877982,0.11760327339902985,0.15452262444482567,0.12323668639363385,0.11088658369047857,0.039663707813649196
0.14150119885889434,0.19342645012266824,0.17956623289291607,0.0506780573751702,0.0895665676652282,0.18654526034121105,0.04382773019242214,0.036041278989891005,0.0534579740067451,0.025389249554853627
0.16749077339467133,0.042318055113318154,0.1274873061018915,0.02796936180806954,0.14066803429285704,0.09088273407198794,0.02000797294198303,0.15808315209018675,0.11903829085418434,0.1060543193308503
0.0661852987053031,0.19437073451789363,0.09622892427695653,0.03922676145737874,0.005328431403806603,0.10458395131388828,0.06083766465280456,0.0810912056447609,0.1866627870821936,0.16548424094501396
0.09740017104180014,0.006826539992585406,0.018215948722150113,0.14069697530647504,0.18340531172790223,0.11841781744874204,0.18059522645079512,0.08059879124838218,0.048652940024565404,0.1251902780366022
0.16359389069836464,0.11786927961379608,0.14831376906659763,0.034109341182047115,0.0744320747997334,0.15584164510673199,0.07327498512418928,0.06108639077464881,0.12116981129370061,0.050308812340190696
0.1453275836351734,0.0595495290860655,0.1918668357114532,0.04240239511840386,0.03367842134528336,0.13426923026505477,0.04592649553602143,0.1484084545171404,0.12729413182056634,0.0712769229648378
0.03189649605405107,0.09614232454682375,0.004136151699990641,0.16050540131096494,0.16892815557963556,0.07068923745395371,0.0023277013797915486,0.1335159681204632,0.1469169359799946,0.18494162787433094
0.030025999841170513,0.14385972334045488,0.15084835505300875,0.04145529867671419,0.11865096000323011,0.10788785885418438,0.054809973824515974,0.05012811710791847,0.17940277965089174,0.12293093364791104
0.13431902511181884,0.15694785374958337,0.026548116487884205,0.137713956951442,0.08705679644889383,0.01649215105734916,0.11312011364658549,0.10552225456355371,0.059282659074621095,0.16299707290826834
0.1795109974882895,0.10658957926152643,0.029341529415753173,0.06791092363103705,0.05426686961039718,0.018941555067664637,0.20244010274499707,0.02877792792379157,0.15314795187065516,0.15907256298588823
0.08921852634607268,0.04392814290520756,0.1210480513984172,0.08244534923754568,0.08856799537165284,0.10661073932874816,0.08462668095581104,0.19135244147038152,0.0891659822950493,0.10303609069111405
0.13523359321709996,0.009216380755114969,0.02879205277295027,0.18749762525710625,0.1462168175923785,0.014251877504603442,0.014692490394559192,0.1772641738225908,0.09581111700507057,0.19102387167852597
0.10063984172052713,0.09549707494420343,0.05736871029034578,0.04205816023726147,0.10068413244516551,0.1452187083093696,0.13275775054707684,0.020775013632668305,0.1952933360043489,0.10970727186903295
0.05476411168840402,0.003292793360786059,0.14376030877188317,0.1405435084807487,0.04875970971845832,0.02615694300941497,0.09432744183318639,0.22903845612984342,0.14181753452146464,0.11753919248581031
0.07252586215114627,0.1353720548971899,0.1285475813634605,0.1328507250452851,0.02542271731168172,0.14224586184769314,0.13425626705124286,0.0531971009098999,0.06622019975638754,0.10936162966601287
0.06463986037610152,0.05052741205278389,0.11822720731195191,0.059190952461302175,0.14413675931073971,0.04673137057380107,0.175944840809591,0.09603594961447398,0.15293922183969413,0.09162642564956064
0.030982517156587182,0.15365305237513235,0.013401203928406432,0.11028037468716632,0.07625544379534728,0.09655257013745941,0.13904170582833245,0.09852655183557779,0.12214760172964093,0.15915897852634994
0.15118205428050596,0.08643626891712819,0.0843040203164312,0.1170145985779808,0.1175769454533528,0.1516669316444165,0.037702182779878274,0.1295072814065219,0.08789368553788669,0.036716031085897646
0.0912220437920966,0.2128309940507764,0.04314334468474615,0.08652232285318134,0.07455991437342699,0.22700111546673818,0.11558639094268805,0.03872289163746482,0.10306112112582427,0.007349861073057137
0.13160583932534894,0.013723484378696334,0.09747632117926361,0.06801118426691488,0.15113414405820777,0.13878264455989556,0.13664478106774294,0.14233668735017022,0.02424339937303036,0.09604151444072927
0.029994931910609313,0.11140666254914423,0.0830760410264905,0.1026650791075697,0.11921991394593573,0.13557526168578632,0.19240154601926474,0.037439282697038806,0.08174385550595051,0.10647742555221024
0.09895458964382665,0.10103901192207665,0.1513817589799063,0.13455721999830028,0.09107685285335239,0.042895679761903054,0.1328983058543047,0.060865004112210484,0.05667869019386315,0.12965288668025637
0.1451550847181566,0.08603843046840504,0.10761614232397246,0.16288778084966002,0.05910166647841527,0.008773278187246337,0.11272717120689667,0.12738095797881463,0.09964910733209077,0.09067038045634238
0.19361630656013065,0.04693708874904151,0.017594755900114768,0.1307624444004373,0.11517720115302586,0.09508697963951433,0.006754870627746448,0.12493103869638293,0.1778876069978119,0.09125170727579425
0.2794243137275291,0.0486558484750857,0.10432531227462609,0.25681000418860667,0.02714373930658512,0.011004086233601837,0.029983805218791355,0.129437864457332,0.030505404147288064,0.08270962197055413
0.19583869015073108,0.057227332731653785,0.10286811370432118,0.19910526419553143,0.0474928905893463,0.022734611609091012,0.13500219451315842,0.07338154817941794,0.049128823549493876,0.11722053077725486
0.09280973457857103,0.1305705629872924,0.037886053212877885,0.12173990376255224,0.08107893999824314,0.0569791824412417,0.15460188035314254,0.03919192703257317,0.16140060542772414,0.12374121020578187
0.005389895414278011,0.09349210564724779,0.052155740202920346,0.13631423933403058,0.01372552524422652,0.16645939351737407,0.17233279312861896,0.167100512557833,0.03628864109621236,0.15674115385725831
0.05529194439971186,0.07863868092260261,0.1635123435034165,0.06628367831168767,0.14734042507364406,0.017219460835921123,0.11735262301005953,0.13362677955599617,0.08289609176672112,0.1378379726202394
0.21401021125616848,0.042006331785218655,0.07634003651425399,0.17829763072550514,0.01370339525887185,0.10706625242484445,0.07542442758671615,0.017729284937656093,0.07524003677099632,0.20018239273976887
0.14656339175394886,0.13323913541459526,0.06090746258139301,0.11545124644539974,0.0619054400605791,0.09520448989918906,0.020720095605894346,0.1896976248192773,0.17204401578000214,0.004267097639721223
0.1195846942037125,0.11512846786609056,0.14809115736858416,0.06772954713085635,0.07298554682192869,0.019063329076635844,0.17395405128720542,0.15510480889942896,0.04469306376690821,0.08366533357864926
0.19469130850242525,0.09904279923924156,0.06983486410681193,0.002337657232897977,0.21622528307244668,0.0016316915065678272,0.10179028375687328,0.047776087674947385,0.10718900903416784,0.1594810158736203
0.2239039939005402,0.0010138740355066292,0.1294425612648468,0.12504984517305018,0.09384091967913301,0.01710866834334696,0.044108073618198955,0.15265857263522142,0.19088062593199392,0.021992865418161672
0.1614808904912475,0.13959894611735119,0.10774057273148566,0.21422509052602542,0.07239157381003541,0.0569698017514204,0.01302600594831877,0.06836037972936342,0.06852571343880708,0.09768102545594524
0.11800867085158855,0.12786543014571553,0.13899234669376254,0.044704949756289344,0.10428875316884309,0.12653798612138795,0.03730941712763418,0.09729160442875029,0.1397105573582791,0.06529028434774933
0.11881361323107717,0.07209935254108694,0.11282841134124015,0.07663827010720235,0.21036057590666996,0.13021575040738484,0.17939676168005503,0.02006439539314556,0.018090687121737857,0.0614921822704002
0.1164126100045219,0.155682094466251,0.1688155018170638,0.16013719857819916,0.08623406111866462,0.15777820508035026,0.07260892461609472,0.04469698160289451,0.02874495188175842,0.0088894708342015
0.10811572845351064,0.18543421412221225,0.08550627851404821,0.02150854542337793,0.08582835083361381,0.017002994282220248,0.22267390170265045,0.029644981512758413,0.04404646350398236,0.2002385416516256
0.12047032067653639,0.11633443973994011,0.18491575154365536,0.19842562468948727,0.10230517102661955,0.001966928380562326,0.024961253433199177,0.0400718055325966,0.08423718960964122,0.12631151536776192
0.04400922040523255,0.2021637332528148,0.04341133998148013,0.1227519852182266,0.03718268159671073,0.13226108189913557,0.023096836522101215,0.191800954573703,0.1600598837374266,0.04326228281316877
0.07074219168299402,0.15079530116105944,0.13733091142305057,0.1215957175758136,0.051927251509019855,0.09535730339239089,0.11134734186142407,0.04085412951350619,0.07317199952629248,0.14687785235444897
0.18018630660939877,0.1268714666327041,0.058960923801668896,0.2586301989712369,0.00698852250252064,0.08616286608988144,0.08692296787675174,0.1465829370541852,0.033290312095622124,0.015403498366030261
0.11320758272851689,0.1850034172189992,0.018100409428271874,0.1417806114394767,0.03463165528039189,0.04257225545450713,0.0749741307415185,0.143419618747206,0.06104630867317903,0.18526401028793285
0.027860555955486525,0.100632221368964,0.20954739100881653,0.19066096454920006,0.08953062791176417,0.11687883502263818,0.14236292432817982,0.02847415024510401,0.028793192075560886,0.06525913753428575
0.05341545827381439,0.10066692715323572,0.11046902423022621,0.16356355248328922,0.09645614429716612,0.10455653018623032,0.10756811680003797,0.1491621704929135,0.11233498245120807,0.0018070936318785782
0.09061178476645959,0.14948554262461103,0.016273966887090863,0.08717443402008784,0.0522879201112643,0.0839029507992121,0.1963103138584231,0.12333441355221393,0.19152150450881267,0.009097168871824548
0.09449200774803027,0.140137893587709,0.04631481629565373,0.06511500442930845,0.007386403787161526,0.20712219408907437,0.04555548180093749,0.13580235509094365,0.20392214676471676,0.05415169640646471
0.03771565421889587,0.07305816562203278,0.0797223717183012,0.15999785573787711,0.08298947532299229,0.1320906927579765,0.16428471138351153,0.09885082797373693,0.0998295803239098,0.0714606649407661
0.21414356694189277,0.22398164075606977,0.010428212112503821,0.11985901353148913,0.01025075260345045,0.1362360405917796,0.02714419155893804,0.041444653017286684,0.14380175312467314,0.07271017576191657
0.06859889721960576,0.009808492753568735,0.11700208822163805,0.1294213689904189,0.14445152401939457,0.14931536723890992,0.06498969164204019,0.13216737625277047,0.08207524698976805,0.10216994667188531
0.003290013214817608,0.18232103973195285,0.07046804264116942,0.19876333973587734,0.032535783577588635,0.022782085912377462,0.15787652027697402,0.09993657839093618,0.19925522674173968,0.03277136977656681
0.022991890970537894,0.21232693592711258,0.011860601774649381,0.11676475109574132,0.0550319043162914,0.08971043270994217,0.141813743770532,0.05826575416467312,0.16606089504673413,0.12517309022378603
0.16527642659675637,0.11235906754152998,0.10294705589818201,0.013211952806771367,0.06977432778075532,0.15926539012026575,0.20864034552672092,0.016921949521922244,0.0581513074450227,0.09345217676207344
0.16397646296835408,0.03829712202303977,0.21744526113078955,0.07255331828809329,0.07139323704408333,0.1378659747964961,0.0010931368829824653,0.04369652785757418,0.10793011686479961,0.14574884214378767
0.12987504068396286,0.08781805441500895,0.06700405068717241,0.05943274625622006,0.12735573529662816,0.09721903768330833,0.09191165253004467,0.113481960325586,0.14663611558527415,0.07926560653679443
0.09736131458823825,0.03657859724221785,0.12616677372177243,0.13862055903597853,0.06309254141010898,0.1797870320680524,0.06853343099716905,0.07591168751494248,0.06089949806764103,0.1530485653538791
0.0057908395810178795,0.11892878881961685,0.11783706492278279,0.09973320137687451,0.14779730579073466,0.032314899117570364,0.12390012398600238,0.12170653249196639,0.17202527085236582,0.05996597306106835
0.12455353183299966,0.10574311200408992,0.16463941941306776,0.0909858298902801,0.08095475300066454,0.04099958005765314,0.147871037041507,0.15804971536578805,0.03415553360952276,0.05204748778442709
0.16203256294072435,0.02710725771442711,0.05846484762418987,0.03846080460657203,0.027047949455717597,0.15380754050254117,0.14210056518483793,0.08549781558864375,0.14454988406207758,0.1609307723202687
0.08496034203270604,0.17333897373045906,0.07427717271668777,0.0006516811426404008,0.1423473537175305,0.21949962928281938,0.005745134481888672,0.20414287413195262,0.013080659097776916,0.08195617966553852
0.0738269157793217,0.05471071307621383,0.15955673449678948,0.09320126656665659,0.11019542577093956,0.16231451861730375,0.045206122256230295,0.17333536845977135,0.01379045094741007,0.11386248402936326
0.1335828330374597,0.025202243374066343,0.06094794662898303,0.1486567838724643,0.06960528824386175,0.18420535991187315,0.19268119183571902,0.005991545341882263,0.11875126278865962,0.06037554496503069
0.04243963213815152,0.1093354493126032,0.14129960487702067,0.09241799539167109,0.08490130691924502,0.17831926696863748,0.010461981305117357,0.1428561547118326,0.06575942600399505,0.13220918237172585
0.046478524445563274,0.17732345145397235,0.1531613404538455,0.1827521790009584,0.03218577222909773,0.05641938583743599,0.07729049392373938,0.1607657619183669,0.10988907099785868,0.0037340197391619086
0.08102643669778457,0.16790719753786937,0.15402896206268643,0.1681105937251469,0.10721267236435866,0.062332071981546444,0.022316478034701343,0.09360313783497966,0.07740112391538793,0.06606132584553857
0.16044295037585637,0.10036947690434211,0.11563441786163701,0.03470697088402932,0.03073226619999004,0.14894431163581243,0.05695337193315129,0.06927010598847004,0.18292329642733526,0.100022831789376
0.06525427059683168,0.09672041220675846,0.05290653509533142,0.15402521864752197,0.0952728127506243,0.1369980894915656,0.039278654238117466,0.18037269013024165,0.1562012785891001,0.02297003825390731
0.0168327180330451,0.14273867215884103,0.15767932044262614,0.05269831613198366,0.1672423391708232,0.13468600775740563,0.11080655548174194,0.03153104165216689,0.09983211886437376,0.08595291030699267
0.12973038181978339,0.10109571366393473,0.058319406502955196,0.09249730587783776,0.1288182327741601,0.11561362568205237,0.09961416555151975,0.11335146880644373,0.07793708006848288,0.08302261925283017
0.21225882400386292,0.01692863425561574,0.08668556023287796,0.0685798215892526,0.01287039972761645,0.22511323318864376,0.12012260633171483,0.06238864871675075,0.047541360115529355,0.1475109118381357
0.1287005091691639,0.014628245581721523,0.1360798691551352,0.02588320023569287,0.14183742472497768,0.028094263039672315,0.16620710236573394,0.1387535456180553,0.13967107781810625,0.08014476229174095
0.02296058597661689,0.15573788018504806,0.160381656387251,0.05291739705482814,0.1522528590027884,0.011800542969498468,0.12046428193684088,0.0928086700045349,0.16794662618185743,0.06272950030073572
0.011348731841268167,0.14347449929596418,0.1761727637684134,0.03394487993359072,0.10170841513587017,0.09148325271377841,0.04916377325091065,0.14131859557987642,0.17558069915285746,0.07580438932747043
0.04511960721746641,0.039030930871800956,0.03907312295592025,0.15114189647665338,0.0368833955461892,0.10420536678544055,0.10382931067889506,0.13657063595547506,0.20510156324241205,0.1390441702697472
0.13525135198327354,0.01099835209314412,0.08472762588976313,0.1491948926315538,0.04147398486399589,0.08129367986199,0.12308834844497521,0.15618954712949829,0.11191318586567892,0.10586903123612713
0.06633556335806834,0.15215195846213722,0.14706315947469062,0.00821626356330048,0.008399709037232568,0.19984854542937758,0.11104363240188644,0.14812453616817484,0.08462513034538242,0.07419150175974956
0.09471493708320972,0.032955048358371423,0.10472169274616654,0.15175666129007953,0.15155214007569756,0.030304141165024986,0.10274152433592289,0.01669826213380878,0.1777959268653489,0.1367596659463697
0.1678318614379218,0.020459454764626697,0.06118260117814639,0.12915812018585335,0.009796978944548129,0.1282018888535967,0.17370195891711182,0.06966762630347581,0.13530711320835798,0.10469239620636141
0.1543207947112386,0.1367825912001801,0.14898391116178922,0.07355919845908061,0.024136870764426863,0.1108155848490123,0.048870131054688674,0.11292563864264593,0.08691864093265786,0.10268663822427988
0.07561908214607498,0.01599868690794872,0.0949638682283492,0.17131253932292362,0.0014597982409354628,0.13067824350746657,0.000896897151375967,0.1472838245241858,0.19027841781101587,0.17150864215972375
0.16503100787214178,0.041721004188960575,0.10749004765256086,0.11339848604308972,0.04527261504532336,0.19617971149929345,0.049588625728476124,0.17844086106975915,0.010137009663379088,0.09274063123701581
0.01877993258425103,0.19080935719411368,0.192466521976396,0.053586503653345885,0.1876014661049909,0.03284644897670104,0.026634801310733938,0.03849002950365093,0.018113254692759904,0.2406716840030567
0.06686324287150805,0.06920274562682047,0.09830439346414674,0.14689924358228226,0.12532074250741,0.1330092527210067,0.06461170417752916,0.12987489868967098,0.026975798996128723,0.1389379773634972
0.0120924250428309,0.21224052424444137,0.06780459098111408,0.17425786951058614,0.12908102250894685,0.022785171482790873,0.06748178451016291,0.14857300486911498,0.12169364800858884,0.043989958841422934
0.1535347567727033,0.07534914082424232,0.0026231430003312724,0.13857916738094803,0.13419282795244164,0.08238615926307,0.12984669680786484,0.05746121274844839,0.058372114338356866,0.1676547809115931
0.12996066198917677,0.09323839010468073,0.07378056902776334,0.0955697437030751,0.15105715631833203,0.13600384408989777,0.1374823769406283,0.1411873139962796,0.0029388433739758017,0.038781100456190626
0.03195279437357844,0.20537918337545205,0.06584272615115283,0.06375381846122162,0.0068117781753107304,0.25354418929937056,0.052571002253759234,0.023480267992772346,0.2458474754380131,0.05081676447936896
0.1991299189547553,0.21450437016760726,0.018474733268390834,0.11264077720936565,0.033043293959965574,0.07444818356653395,0.05100088442307072,0.1869352452713086,0.016378849769571956,0.09344374340943022
0.09390942415041575,0.15427946109001978,0.007736016769030705,0.19711675892214076,0.08452295699757267,0.1038139943881257,0.06824869092747778,0.15764877346230882,0.08987474832703966,0.04284917496586827
0.057849005891972775,0.11206286697144698,0.1344124966999719,0.07953495941919636,0.10068233472448326,0.055041671729868374,0.1474809853369921,0.07291376840120455,0.12983333338028902,0.11018857744457475
0.13680619566185884,0.021030147925948692,0.0018119531283155483,0.018735005746362787,0.029712408716467246,0.154558883566116,0.19177818692542445,0.1798921467195278,0.16096763008258194,0.10470744152739664
0.1013154446130477,0.0286180334988477,0.05629175251819009,0.13182527241368597,0.0005415536218912842,0.07039939302093222,0.22730949560159722,0.007301503507115027,0.2061214035277107,0.1702761476769821
0.010320351166163113,0.036511086771490196,0.26875420504144565,0.018779189191713414,0.29099099620749036,0.10064869575048635,0.03878166542344032,0.07534870016606197,0.006239274524579411,0.15362583575712913
0.14091608890552748,0.07885257629563348,0.060671009179794455,0.15708694090819655,0.1775085993622406,0.006966658773863804,0.12229242111037215,0.10305142701836408,0.0798534638197732,0.07280081462623421
0.06375573102811785,0.11898078690030264,0.06757592625814597,0.14030707788959523,0.1213961282904863,0.12539471922756446,0.09853451319580128,0.020114627643353523,0.09802930400793423,0.1459111855586986
0.03208129270561528,0.05469732794744511,0.03423200676992275,0.12471139319636068,0.10335761112076007,0.1610996297705217,0.21787899106243355,0.03041765479685013,0.08517008061744111,0.15635401201264962
0.23908067045571765,0.1920440085309106,0.003299437772182701,0.2070725352388946,0.1403268579218479,0.032774607995001113,0.0038403545008244312,0.16632618783454908,0.014950945935256895,0.0002843938148150799
0.02451032284552565,0.1716650303804177,0.0373721504833453,0.150320145134609,0.17465535302120616,0.14408384309339806,0.09420082915967665,0.048875940057269945,0.13166376520594078,0.022652620618610602
0.024364278881993825,0.1686838970439715,0.0334259633933442,0.05977198295333444,0.15789179705787063,0.07672115812147158,0.17278440590826694,0.15486078014599144,0.015108880760237472,0.13638685573351791
0.08467397674649008,0.05747886400396521,0.16736332805181514,0.10665167808816833,0.06762532562028231,0.12105174808297223,0.03746665913462816,0.04147736414495599,0.12501321845953084,0.19119783766719167
0.12792730390316778,0.01908031031096209,0.12570650170783995,0.14433658624035095,0.1149688865124637,0.08003306332836692,0.10375891518775084,0.06158206414919614,0.10848380082072695,0.1141225678391746
0.07260514460149957,0.026041201726804058,0.2116730667398368,0.07840736961488781,0.14996912023097636,0.03585518295073271,0.12967041111194683,0.18343080372197895,0.08928818414201109,0.023059515159325868
0.0832699866008056,0.10546625422579804,0.09511156850549078,0.04470381962564194,0.12801368401933821,0.04163104659415878,0.0467597579366944,0.1195325107617606,0.1717613933939179,0.16374997833639365
0.041579335678109175,0.12496002164592322,0.005306610318223186,0.03409699011588375,0.11066008826952278,0.18748471287759044,0.09860906427197268,0.1433704060090954,0.15547904687277417,0.09845372394090524
0.09480000961562347,0.03412807586943745,0.0202157140778617,0.14393041637187234,0.0614490742951082,0.05470760737043285,0.19971866746051747,0.12968758205485104,0.15636587779003613,0.10499697509425926
0.11127936112662606,0.05963975679177018,0.08410338274522078,0.09295107995014085,0.1546251469297739,0.08219088210654689,0.15752083851671156,0.1006563880614668,0.08215552163954885,0.07487764213219422
0.05075715720977665,0.08186135936161383,0.01594796507759271,0.12737693614185006,0.14865669943596654,0.15223634937589675,0.06485298690821958,0.1581201167791958,0.09543139922267174,0.10475903048721623
0.041130480054246306,0.1425535015954953,0.00440623932243995,0.1773801170987528,0.11685128844133955,0.12097174114737869,0.14635410928238912,0.07897265912118268,0.08281152571711817,0.08856833821965757
0.08876555196996623,0.003485637206749158,0.05790328387580628,0.004852963214507437,0.016491397423512244,0.25163463613924936,0.3678804720450051,0.025266426049230625,0.12380315801321111,0.05991647406276254
0.05011783151183972,0.09928801955661308,0.02496620363565696,0.03416821174970698,0.14641991775175608,0.1662670281676869,0.16297744099115236,0.06879105674691137,0.04438499444571123,0.2026192954429654
0.08190272106794408,0.13898412486387285,0.1493480683020561,0.025363973913664645,0.023877819425843928,0.01711474884573908,0.14273308240478294,0.169508378239624,0.1663829626251135,0.08478412031135875
0.17032818603204597,0.155028647450999,0.055007957445096546,0.06469467088488327,0.1504079922635967,0.08092387788731076,0.03180548531269773,0.03463006768023911,0.1651727876710435,0.09200032737208733
0.024361952323359796,0.14161313996420224,0.13702857966797788,0.016590991046998065,0.12843666152952882,0.1635023957788592,0.08104948495356769,0.07369130220040986,0.09331630252287121,0.14040919001222538
0.07152623702710509,0.06250867687865538,0.1226058371150472,0.1914859310581853,0.11411954495289278,0.06429783497039095,0.12933667426143353,0.006719810641533253,0.1512597214095404,0.08613973168521606
0.12415811481689953,0.13923659946652048,0.0013412695457645184,0.03962652724006943,0.13732935515483635,0.010539446386880766,0.1312098003251998,0.14811017799851395,0.1973229034130507,0.0711258056522645
0.13687464082011247,0.1319112311526193,0.14158567603348815,0.10013031926679863,0.0765443137092293,0.11376305459425878,0.04710611985620929,0.12633543060786095,0.07673108720788632,0.049018126751536745
0.06074138727118974,0.001234519878137529,0.11868481754973208,0.1243393395233867,0.10177853950112975,0.08753648045720022,0.002716867423949788,0.2080159040254172,0.1611897627867548,0.13376238158310214
0.05479851292780587,0.061225332466737566,0.11390877961113034,0.14982681927910566,0.023225473293686908,0.2210138621732646,0.07386278475634964,0.09650900854763111,0.11106659610120076,0.0945628308430874
0.036144137952168774,0.03196168085640974,0.04074251964928029,0.2089705760741105,0.2484893037694389,0.07484039182488152,0.17309211731770377,0.04682830554807716,0.10166690462869273,0.037264062379236636
0.18965343981281121,0.037573973773386296,0.0693964181580792,0.08482176061654743,0.1342803798982681,0.13651702335841917,0.0651008022409735,0.008384137421428153,0.10935981379760946,0.16491225092247747
0.13225893544566839,0.2149208113926688,0.03541833751296173,0.0013881806359182895,0.00657647803495579,0.026486666890589244,0.22749212963883406,0.13149718360199977,0.10331473600402406,0.12064654084237983
0.1049006764246347,0.09970646245779756,0.18106268887069266,0.13174366262377638,0.021025416612897422,0.056371207790175036,0.03286889588317524,0.08415222655239757,0.19278095367603743,0.09538780910841621
0.030215517190067154,0.13094421414665233,0.1095787365332092,0.19721501399312952,0.11637090964022567,0.06369412471483987,0.11629800779653092,0.05354740651224241,0.17219089173281382,0.009945177740289161
0.07604240206818229,0.07145221768656472,0.060521481343269505,0.00014944582458802577,0.11815802601667959,0.03892898527110694,0.19847240064070942,0.14271990975512108,0.2083658257286005,0.08518930566517796
0.10526955513724903,0.04485363961068733,0.06190245445601043,0.04579778054904848,0.0999552263344884,0.10562188804841811,0.1527283512861364,0.1271648241312735,0.09470018403811906,0.16200609640856917
0.03242983695823353,0.13234141197858437,0.15207927944370034,0.0631310621207474,0.15303275957456244,0.11804580195393787,0.10721676779717067,0.03664464096667639,0.1446440459948804,0.06043439321150685
0.1547481376740911,0.02130118114091272,0.05802967246775167,0.0740814315688618,0.17502437240937613,0.06474297981578146,0.18157698730864788,0.008013136761249255,0.07779434390129633,0.18468775695203163
0.18313887055830969,0.052287004912040774,0.15861305006517937,0.21567883663853618,0.18580518459695045,0.015353375068283001,0.13482212781693742,0.01790959476336785,0.007908675676622864,0.028483279903772273
0.0586112806216158,0.14244995786448578,0.1501114574652285,0.08107017521219907,0.1250695853916394,0.14698030407481233,0.007608060514422997,0.1225436096643944,0.13143491259177942,0.03412065659942241
0.1560801162988744,0.121014706787096,0.12044968840058688,0.16671202705168056,0.01667935330619159,0.07037482355756539,0.10769724737097448,0.10508576217278309,0.08724679451578708,0.04865948053846052
0.2073502536315919,0.014386811935984633,0.17753500018083548,0.03540350316507337,0.054700148566714936,0.09623948701600778,0.02466115140504316,0.05339932390350374,0.12175555300840678,0.21456876718683818
0.07175003739565099,0.2011055114235223,0.09786157173209546,0.05891061230239877,0.03297605825441089,0.004999582449738999,0.16421258947694486,0.023015672840195355,0.16837814101229925,0.1767902231127431
0.08854775592849227,0.122212646212471,0.12808641147080646,0.1384957845701259,0.08874390337364084,0.04986710357078082,0.11840687234496648,0.108088374983564,0.048535685800149504,0.10901546174500261
0.10853294241907058,0.21384210203386272,0.047897490718479006,0.0015384136475814275,0.019372659675081408,0.16425662487192624,0.11879643776970594,0.19688514160838635,0.06696749313093933,0.061910694124966956
0.0882211545515938,0.0882470310640449,0.1824052319580749,0.10970410940674503,0.10179734832364482,0.009931258165108073,0.035832301108021596,0.15795561484503887,0.1638117348036826,0.06209421577404537
0.06249389452918147,0.16806102513113796,0.05824116504294954,0.20141025863916626,0.04202478586685564,0.23015370207201058,0.08668429199363763,0.002697841211000657,0.07156217244723478,0.07667086306682537
0.02669532613275684,0.14772823023628148,0.09177486648560253,0.10062196007934879,0.09576323771981793,0.10499553643399065,0.1289728858731497,0.10282920928242117,0.04544817454665777,0.15517057320997313
0.09918866724779954,0.06363766929804812,0.06928271416633612,0.1394458134249464,0.06474538178314042,0.08114029145828947,0.09304067769004354,0.1336544463521164,0.15023316095312972,0.10563117762615029
0.13152573877582918,0.14997588174237664,0.11491132131253562,0.04668311788328418,0.09300982804510559,0.04280216629420105,0.15242344086394446,0.13617534099519554,0.11575987539830512,0.01673328868922271
0.16116460746341027,0.006408892502964809,0.001622279764777049,0.13952494871694845,0.10734142838704071,0.030968948471555124,0.13410434717774222,0.17197769389190715,0.17380799702461774,0.0730788565990365
0.10346985549308634,0.0384702276267695,0.18077411731558604,0.11613698605730441,0.0821024313274412,0.022170877339962466,0.12702002083695224,0.1642075889676567,0.11573594162629368,0.04991195340894742
