i = 0,i = 1,i = 2,i = 3,i = 4,i = 5,i = 6,i = 7,i = 8,i = 9
0.07832965166880702,0.1006575106007682,0.030088944236602223,0.13250538827509423,0.05063402749959301,0.035499207593030116,0.16890670968341026,0.10054950682402146,0.1255152064713342,0.17731384714733933
0.12629449361642425,0.11170860485154673,4.2529546028633074e-05,0.1483758402398857,0.12819278021741157,0.09725925089266865,0.11897446444298529,0.056223456988866154,0.1505000477119755,0.06242853149220762
6.61644959992203e-05,0.14574030300601512,0.0034185754978545316,0.23858805955212434,0.06124556848535341,0.1404917766671623,0.05138926878635329,0.09903449606699673,0.20237702126884266,0.05764876617329839
0.030663861686873316,0.06451329061055316,0.11981805464849511,0.1682802575817607,0.019305960245841063,0.15578592490630705,0.04861540514951772,0.0693170731405265,0.153111957726711,0.17058821430341434
0.0008932536592973104,0.009341956700766676,0.043428064387659594,0.02250038559482507,0.13378314918589546,0.22660916361815026,0.15074198812453415,0.12915946712504656,0.06528787257689272,0.2182546990269323
0.0013844504051515657,0.07440807793581473,0.03934215771775666,0.16620386621082597,0.025128727026374212,0.1289543243250378,0.1008005357678326,0.14657296175931311,0.15364054048376738,0.16356435836812588
0.13399113532228846,0.16762797639369437,0.05429331709499423,0.07084284776474713,0.08327751644031392,0.08143880597311934,0.14179347709618503,0.09521179208941435,0.01899033099271132,0.15253280083253187
0.043361464145670825,0.016826146712292343,0.10376914595833915,0.1197280352626957,0.14491573220964438,0.16176695077000697,0.010239410790183905,0.11341853132205577,0.14113928231124828,0.14483530051786256
0.06309358922529146,0.07104845298904955,0.15830636748618837,0.0963335264350296,0.02883380615875228,0.014375120707230571,0.18392144752842846,0.16575323624229985,0.06525199515950096,0.15308245806822887
0.042373895799626686,0.10300935483789977,0.09131099405322664,0.16087598677876402,0.017154521743668567,0.08965116195157177,0.17414872809065224,0.04836652810027033,0.14254966458866822,0.1305591640556518
0.16411034783201864,0.0672167670662271,0.004870734640986443,0.09246481244700688,0.08526368204140451,0.17185775289706498,0.08677594676992512,0.20624629177838336,0.095526782293564,0.025666882233419158
0.05079416170713827,0.007128286766934975,0.04731105636243307,0.04510194422159432,0.14172963154997964,0.19203301354018576,0.04830298312579598,0.1488543329001163,0.13458543203165305,0.18415915779416864
0.0660392346001522,0.20140221013777518,0.08809122897226553,0.11569950127893086,0.029669712693801184,0.13066112178134084,0.18139345520007277,0.02884116725217416,0.05518887186912012,0.1030134962143672
0.04653016572195939,0.12769932971787076,0.09231975394369174,0.004197945366872792,0.14652932000314375,0.07152558743214846,0.09394178568381593,0.1140312718318694,0.138234864479813,0.16498997581881475
0.11736286050943097,0.14220267910794465,0.1933307858920032,0.010034412859781051,0.0719669156521116,0.12073774205811116,0.07268208840415341,0.11224362327205804,0.03313550997087235,0.1263033822735335
0.1016698577584595,0.04860264860217347,0.02767444422955261,0.0917647260057593,0.1326908521540644,0.023103393907791293,0.20127894098893445,0.20793545277246053,0.11916583367164896,0.04611384990915533
0.031118595682810564,0.1420215087136117,0.13912986009858444,0.027089302974095703,0.1600314954991987,0.022223125421502107,0.05052663900009334,0.08666585635697908,0.1942600548843961,0.1469335613687282
0.120641336829772,0.12413331552164651,0.005321410803257404,0.16080332223497562,0.0086383262137582,0.166358186719933,0.0036414717240100627,0.0886334263214404,0.14745921937937845,0.17436998425182834
0.034006674466369714,0.14296663226395778,0.18459589398325907,0.008857497468984652,0.03711069239808913,0.16663869616941346,0.08245353652949274,0.1386077410597231,0.11678776067253327,0.08797487498817716
0.039141671233845404,0.13414396315406463,0.152627024416671,0.12994684490708572,0.04109105288364074,0.09572502096643778,0.11178643655036234,0.09461924106883135,0.1552598704235678,0.04565887439549329
0.10199978417917906,0.07532577479102068,0.15647167139368015,0.13240320525326274,0.17321317441320888,0.0034427329451711943,0.13869400853968336,0.061308462421261804,0.05549236362090878,0.10164882244262326
0.09973128329978047,0.02194842739802446,0.0972393578551335,0.041773055329905696,0.10343561354238615,0.04542904905149003,0.18459462927907713,0.11188327360223467,0.16103992945076112,0.13292538119120695
0.08976462185715288,0.11949507507533563,0.0020007274318648537,0.08416220363664739,0.09950686871617351,0.14977449779614413,0.035388922763067786,0.13419360942267017,0.11293362049934912,0.17277985280159444
0.0850102500971498,0.1440995286738807,0.08276193997793886,0.0985277967381502,0.029955388351108243,0.07803103417136216,0.09048739489950212,0.10720319716446042,0.124933651112412,0.15898981881403546
0.08459766655968902,0.07652220622307865,0.19079652587551485,0.08165533124986886,0.1562463806646769,0.012580164509454789,0.009281531722622563,0.18205058074798122,0.04402653628819712,0.162243076158916
0.018001993816418413,0.1692765711960763,0.22056223854764315,0.08036114380295299,0.09214469027315562,0.05059888112705649,0.05273818245116009,0.11074687500080457,0.1238958145853339,0.08167360919939848
0.16833516168497278,0.1632650393485805,0.11569759369280146,0.05762505672778807,0.018157453549769446,0.026763282107873505,0.09924165733920286,0.16841325401601112,0.049467100554007895,0.1330344009789924
0.19981324646168896,0.09291549091299088,0.011493882348216187,0.19672054445956608,0.06468217212040703,0.09653453976532604,0.2200136507440927,0.004231874105614845,0.09071436343756978,0.02288023564452739
0.09471083691168218,0.12382198631639146,0.032189699058022866,0.16106801844431606,0.0807907546246435,0.16401141782923584,0.025212184218694027,0.11255095086457266,0.11360792308859212,0.09203622864384928
0.0375236829743053,0.2350091142446083,0.061714934285431955,0.1279335913803945,0.062621820412836,8.720136849592687e-05,0.09358144630340276,0.27416231763474086,0.013523089333142007,0.09384280206264256
0.07830611228870665,0.15708853419204388,0.03344648674074507,0.08528829350506933,0.09512360485351481,0.03827830573361223,0.16435578818579086,0.16715156703426826,0.03845524592220967,0.14250606154403922
0.0722434323913021,0.10857928051626145,0.015857675179699854,0.14440770570925,0.14563447607324145,0.004738862000363478,0.21851274673076765,0.12355867870144419,0.0739747331742125,0.09249240952345744
0.1970763539360081,0.0092012768969591,0.19360209644430126,0.05848728460563474,0.047641981694288876,0.0928548547432384,0.15354505846101718,0.01830863370681797,0.06912238573188562,0.1601600737798488
0.11597837728827246,0.0266818942801665,0.14074549867981206,0.08795989294482465,0.06632653322595013,0.13812194000399647,0.13185187099325518,0.10831684253597554,0.03723220366487351,0.1467849463828735
0.1168081404524809,0.14970174058289393,0.14224185730079306,0.07817271727243216,0.19453757271997443,0.012877062910904461,0.0903816632487317,0.16363199393164515,0.03703752264413121,0.01460972893601301
0.021446146498118938,0.13079504788561452,0.06594954955475701,0.1563198715743095,0.07970287579065528,0.13318900827718008,0.1096936144246976,0.03653735633385129,0.0907150169262161,0.17565151273459967
0.13461368118916986,0.044232709624026596,0.04105426272787624,0.03286055879457547,0.21463038583191282,0.06734684836905482,0.13717033589745464,0.11015599380340707,0.21580561187559744,0.0021296118869250226
0.14899951943412998,0.15517141813374016,0.14872316466021362,0.17380969073054514,0.14438270888337779,0.02513506155374041,0.02240274610868568,0.06469004270071614,0.0975264507101181,0.019159197084732904
0.07465078217817732,0.166670888335736,0.1799956051458734,0.00025583205834973753,0.11258685882780148,0.13977939861470262,0.06849045897097272,0.07760733917727308,0.15313809528642033,0.026824741404693393
0.07980513473389392,0.09627365058503681,0.14783942020224214,0.07661627516398228,0.0827950376914165,0.09552510693304522,0.09834227864831137,0.13873899581244856,0.1681159612103699,0.015948139019253214
0.10779131678936998,0.022803017085110965,0.1672966445205671,0.0874968506027909,0.05175989222777587,0.09377491165618754,0.13515550637660337,0.016251980570918215,0.16000354825326432,0.1576663319174118
0.11116005812991334,0.1878914994840661,0.006681689292248045,0.15515820328952964,0.095148022323079,0.19692892746121646,0.07780734900094816,0.08484814644800656,0.02949456749802035,0.0548815370729725
0.10887583669919235,0.22484864245499628,0.11760176484737994,0.04541570482962158,0.002097344676895876,0.06330162139479413,0.03383557012966933,0.11790613885438285,0.18981905580965291,0.09629832030341487
0.05834187810483483,0.1556819479495653,0.19278506628788802,0.029644137988635747,0.14798658759614866,0.10627603918995229,0.013924424613457486,0.13005043969214228,0.08091168511139467,0.08439779346598052
0.04588402193319062,0.047208075291010045,0.1566363360014354,0.21316594116974172,0.1149296921605713,0.10361707754333735,0.11361797706639445,0.06172534411755069,0.12061574077608136,0.022599793940687084
0.059141379698501625,0.10555327847943012,0.004139778661085792,0.07538196878556425,0.13629599745150048,0.14651671537178548,0.17532557379768296,0.0889930814237699,0.03372564051484764,0.1749265858158315
0.1702480795163247,0.02058424547688969,0.07461348616191761,0.13766842284743602,0.03301095104145459,0.18426256077835956,0.1731851640242758,0.11326595802432286,0.06493412062901892,0.028227011500000333
0.1533132445381915,0.016013885966425716,0.1739697310968515,0.14145734924481695,0.008776839630599439,0.0551927650548547,0.03424908860536206,0.08034490445834272,0.16686240824384377,0.1698197831607116
0.0955541873976841,0.059173134583047154,0.11552904076375053,0.1355593451207687,0.14843400210090016,0.0774996757414642,0.14906599083990385,0.0740680491763037,0.07154012947504974,0.07357644480112814
0.1445888570827126,0.11094086164849673,0.011637283449868483,0.07399536946298567,0.03605886519730992,0.13834999094315678,0.13923491529555054,0.15754994266824965,0.028628634584492826,0.1590152796671768
0.04420381948313525,0.17274524908125302,0.10525792897643792,0.017731969104352995,0.041720405992898606,0.14448555463423735,0.183600050343777,0.15988263860694285,0.053961260459550804,0.07641112331741427
0.1404083866186039,0.13756523072204765,0.12560074056775983,0.0966374469933196,0.18388372449163148,0.02239729689677882,0.055896290730550406,0.10389554015882568,0.016706039408483912,0.11700930341199878
0.02962822781891011,0.17139184921640313,0.13654498614858213,0.13151934935135418,0.03274248625724784,0.11139334958048926,0.15719490575005254,0.13780047820392313,0.0008657980970874304,0.09091856957595033
0.10833306287773507,0.20325014223041868,0.010940325720897148,0.033614117459465444,0.12896137237938954,0.0076804765504605655,0.16705480847905407,0.029230558543939522,0.15175834754229264,0.1591767882163474
0.06652988131895843,0.14933485052220002,0.056796737542928466,0.18683959248625726,0.029895316509026233,0.07974340942430347,0.10422421970631222,0.06364111666120427,0.09289135978604937,0.17010351604276025
0.21207479761040018,0.048660680323233445,0.02645449192298107,0.011266944776563691,0.24733015794987034,0.12123773099325955,0.223141437584605,0.04572105293244821,0.03973599517341739,0.024376710733221348
0.15040036518593372,0.09474388769992105,0.14680456967576805,0.0978093531098158,0.040726419680990875,0.15381379326305125,0.11457903204688343,0.11506589883706268,0.060435280416299246,0.025621400084273816
0.0934944283568202,0.09087942257731091,0.0006335478420238193,0.136999053842226,0.13608431842530394,0.030338632967159,0.13838548581180143,0.08371754914003936,0.138094842404901,0.15137271863241425
0.19177165732560789,0.17466361763737417,0.08468777598265526,0.050385775559560995,0.018506867678394323,0.2057215974899913,0.04653566027820249,0.05520090760105488,0.13209508793226338,0.04043105251489528
0.10697262814328508,0.18622095807416592,0.11357315628792537,0.04306724906794756,0.18278474456274138,0.18854890698343155,0.0790076664922379,0.03005077589697969,0.012205006727407288,0.057568907763878165
0.06660420976759426,0.05502707167215777,0.10588306789923983,0.09491530979683496,0.11549922237810578,0.06420982426733612,0.09182066608654917,0.1733144924032714,0.09971556262731344,0.13301057310159725
0.10431585608599005,0.1457326915398201,0.09051841006367325,0.13096393013315888,0.03949535592629107,0.06600318504108614,0.06658528385772812,0.16413511408624795,0.09683769608390748,0.095412477182097
0.0236832087939193,0.030012314366820624,0.08773356304802518,0.01601498460150062,0.08758553807075371,0.10271003876561206,0.1512819803892519,0.2422183812811196,0.1917845521619273,0.06697543852106981
0.11034644227911289,0.24784995172397353,0.0011525602146711935,0.1058427568567257,0.03736729743145926,0.17900864606288822,0.09948848478197451,0.0005422944892254167,0.17410899245533293,0.04429257370463625
0.1355982087397549,0.006032133593282787,0.08610139434769132,0.06768776410922946,0.19774846681209202,0.04156742409029375,0.16615254547082106,0.0974848353823348,0.0091688657717393,0.1924583616827606
0.0036961517030231366,0.0014149619080134378,0.3636512388419198,0.20317683389913385,0.058472207688388976,0.13903106497673573,0.005466762867638338,0.022646144851597896,0.13928481812415963,0.06315981513938924
0.028717436164034365,0.003883771911755216,0.18635965335386992,0.0449707452593313,0.04724048975874089,0.09096507337090431,0.20165994065781653,0.11897074581160255,0.048752609937748784,0.228479533774196
0.11202131774421692,0.04228198558501596,0.09118174868520094,0.1553851520697253,0.21336893721306796,0.012698126680199083,0.04002403814331098,0.1015540745065376,0.09506631893278339,0.13641830043994188
0.031716070667495905,0.12735850538054205,0.0003632367258154219,0.17031514137418713,0.1854657058662642,0.002182305441870057,0.17437279297693167,0.10945436516864715,0.10960166727441324,0.08917020912383311
0.1565995249095637,0.06281845702298089,0.08972044626362262,0.10177444523565429,0.13446073343895207,0.1378941987465378,0.06641606072295109,0.05200449257802589,0.1165822213389969,0.0817294197427148
0.10345292993100105,0.15884385029436565,0.01787674744832427,0.0349515979174596,0.1659069931274039,0.1812648178387562,0.19668821845472564,0.05547125623102618,0.07724996120636793,0.00829362755056965
0.18265338234510536,0.058962735107624786,0.07523182106420755,0.15398159517832802,0.049421710647514466,0.13866155821425713,0.05486326060418389,0.11230003947834881,0.014470170954329587,0.15945372640610037
0.13599565820120502,0.016602448087098255,0.07807624992955657,0.1459484237487565,0.17096940009231446,0.11105021831766863,0.04317599055386772,0.12362209606834164,0.05361277109448935,0.12094674390670179
0.007345801545092236,0.10962029474055443,0.16100005035496773,0.11203903686331629,0.11386286103120662,0.15941694766626188,0.04927530079805017,0.15408701904730415,0.08399540031086979,0.04935728764237673
0.1468821925544186,0.15177422932839144,0.15037694368024823,0.05742266539321845,0.06546621775798704,0.08492231184097333,0.009494926950857156,0.07851505886510997,0.13961911782147546,0.1155263358073205
0.0077457285576608545,0.21724479337934424,0.0528284972791744,0.2202657051247505,0.13769563916900265,0.023574694734948696,0.17636179072317737,0.06619261555898452,0.010446617796124965,0.08764391767683188
0.27791746758046265,0.02528110187667818,0.021564347531529006,0.2133415399549516,0.17906882296243892,0.19088624162038065,0.024474711776530534,0.004398808303119985,0.05978487579563171,0.003282082598276849
0.12997014496085316,0.16431916508599226,0.10655097678534309,0.15116211094847187,0.052087198751656495,0.026275749783695658,0.07368031893653182,0.029523604385555343,0.11164453242361126,0.1547861979382889
0.15197773917531388,0.16640306366119895,0.1287266583670761,0.07323517237088038,0.10387105230140721,0.054007284129497984,0.05314455550332295,0.0795601382314448,0.08222701711673999,0.10684731914311787
0.03484199975686609,0.18220998555110993,0.19014259157393457,0.03409508040153102,0.1313277488295776,0.10083535332701717,0.15563931041833517,0.04903492085589571,0.05847348495646028,0.0633995243292724
0.15836047024498942,0.025002199707309828,0.11480533996642527,0.041771611932271316,0.14578989635612333,0.14050620673365663,0.07655008084656065,0.04901693084110209,0.08552982527485584,0.16266743809670559
0.19452256211490598,0.0553338929914159,0.058406026661294276,0.10606135532556504,0.0557972973373812,0.13042225716272401,0.03683935625697214,0.08476484598875442,0.11894172216357135,0.15891068399741565
0.15602311218500292,0.02753782889083142,0.196378293871432,0.03987394862853435,0.19211040275165303,0.09424163950386644,0.04512144812011401,0.006190242939397082,0.06357472280021446,0.17894836030895417
0.021423579288147185,0.04902806494168699,0.02929463090032645,0.20021718953899215,0.24410477339064046,0.19738443732642746,0.04212141343266109,0.016680572866970576,0.05985170196839324,0.13989363634575433
0.2118938163513968,0.12447977104810333,0.03438531300450005,0.05459017323698565,0.18573271567508373,0.0210538033485653,0.11963796145180985,0.029127602431821782,0.07041416178796878,0.14868468166376472
0.12639918918355314,0.18593185094811254,0.19251499426845378,0.17356736075025353,0.06622240627181013,0.03703383180069124,0.08990131069754886,0.07667446320996814,0.0132523163231975,0.0385022765464111
0.14428033136408305,0.12762278061314034,0.12294320675331386,0.09635795649989524,0.014327201985038118,0.12720436351448527,0.12185200385966635,0.07213840801393295,0.09230342045163462,0.08097032694481017
0.16543362488982724,0.03483823081457244,0.15053812287347595,0.15451492137078468,0.10549963576540844,0.035664346450058344,0.040024907054839666,0.1690758741648065,0.0697690434665319,0.074641293149695
0.2203700316661975,0.007066016859510267,0.024927465834003182,0.16850238923482486,0.13999408276042025,0.12051055636224034,0.14108254881528093,0.005644688837942808,0.16948110198119934,0.0024211176483803355
0.007853432252322524,0.12797771287381052,0.15935640978207877,0.21644875428996554,0.20653017665963955,0.07397317705110923,0.03251374031486964,0.015271694555706664,0.050555582086910945,0.10951932013358645
0.17983840633928447,0.12119725145124718,0.03300822795381632,0.0015540619739357095,0.15309563160553052,0.04917592375237923,0.06334019801394915,0.19617390499924736,0.17915644512964582,0.023459948780964225
0.15004592717487913,0.04773521948544565,8.734586344661135e-05,0.1781553243125265,0.04830372295261265,0.055884409835017385,0.2097852520303606,0.2041706415931521,0.04086764762435124,0.06496450912820832
0.1388492741717283,0.15364230928098363,0.17043375587505125,0.06537135882385997,0.07723963989935732,0.2828038632050931,0.03174274855739997,0.06867030970343159,0.0014321275121056574,0.009814612970989199
0.10463881430277554,0.2296677831589229,0.09030009906510895,0.07990352051994438,0.002003216655050437,0.18216624790741068,0.05145973032093398,0.19594285717742163,0.013404711762322373,0.05051301913010917
0.06030663125474146,0.08000693178702939,0.07390816993283662,0.13176928729384008,0.14887912875448386,0.14514458298321248,0.13568700492716146,0.034065511637878916,0.15498533513292678,0.03524741629588887
0.10747433927079335,0.12856872309702114,0.11531290766486003,0.00034186398178305495,0.021608918459750586,0.17893568321344122,0.02986190698946264,0.13540375210210537,0.1494778699862171,0.13301403523456545
0.015556761451999787,0.20761539278595295,0.15514970264655423,0.08745469770836926,0.04903407019371399,0.07969141280222963,0.21235173247875302,0.16115758321641696,0.03169722990030322,0.00029141681570690455
0.019165588928247514,0.00017581289027680667,0.02394195012550657,0.288312538650854,0.030271804176562687,0.2677480181136401,0.0018598168079468713,0.06866524192628128,0.11579407050532152,0.18406515787536273
0.12087629339102338,0.06418578849348716,0.11178656341665422,0.02083817863959717,0.10512161112211969,0.14668359872790973,0.1191385584369276,0.08576313565298856,0.1353090882805073,0.09029718383878524
0.08800839656221626,0.10976126460159662,0.18552390498756388,0.04583698420691165,0.028008613920942473,0.12680266938327167,0.0053367555322869804,0.18747585838891037,0.05913853946865384,0.1641070129476462
0.14131171581400395,0.0060486909096083225,0.20268640668194537,0.03601380765468042,0.19482497883373415,0.10234256234250085,0.1322539188256981,0.0006525681133437629,0.063941146012815,0.11992420481167025
0.19627669294543287,0.14419324856543403,0.03194459398657419,0.13498477341331208,0.03695699572630352,0.01930090699869254,0.16052728418982393,0.10147663801400121,0.1662855736883888,0.00805329247203685
0.04098793483903058,0.15865271795162544,0.19109884127615995,0.06652919277017898,0.2227480667633429,0.01394681519466629,0.005721727369449382,0.15076391394570135,0.1494479070749452,0.00010288281489976523
0.042473075274186776,0.15331111180379664,0.09324722865797593,0.11497210076075523,0.14657142491008313,0.0033556664927299673,0.03080052310103725,0.17018675589360058,0.19628307996241592,0.04879903314341866
0.11788574840546334,0.12976806168323962,0.014292905956286054,0.022992752708817576,0.020461832371874218,0.06509249908247233,0.2228001011028027,0.20675764105055544,0.17241551989090328,0.0275329377475855
0.01826730167486021,0.14625267973647302,0.16999668791851372,0.17109125739598535,0.06687637322266565,0.12280403216501176,0.11330377282738195,0.14532094593502495,0.04158712917932774,0.004499819944755549
0.02139465732096564,0.04691949993917607,0.08789936377817284,0.12384244710577305,0.15964787004700146,0.174472892215553,0.07512945692446313,0.09782377842513595,0.09754532138162152,0.1153247128621374
0.06122225753182773,0.1820873179038183,0.06468030614560451,0.15605964189931923,0.008393112782402283,0.18225553066428926,0.02816957430961957,0.0809629437020437,0.12105566845339079,0.11511364660768462
0.08149798325767596,0.13100785330833067,0.12737406257669467,0.11635133092502457,0.10957351298237322,0.09064201757284161,0.04171112685792632,0.059955217399960035,0.12370704258618176,0.11817985253299124
0.05663158484240105,0.18332478879124192,0.07921977826790662,0.0075780311436721105,0.12236230947826106,0.16180463315814383,0.06844051220048125,0.1531238784277491,0.11661225265570639,0.050902231034436786
0.09145911076834923,0.1296115305391789,0.08072348028347016,0.06499485626130293,0.05513189865296851,0.10950066580511446,0.17864537887558127,0.1884620027835632,0.08094671546245444,0.02052436056801697
0.096027401045053,0.1244595686317813,0.08148306842010543,0.12176227204782793,0.051525951359239625,0.12926751427628336,0.01968030039301432,0.12194035006439814,0.0580385103093634,0.19581506345293365
0.16799750608047312,0.05284934896632487,0.1135771769147627,0.005341835011224515,0.1481829473338561,0.13129641437920148,0.05637743372239668,0.08142119734093899,0.09860728518683255,0.14434885506398903
0.04042327884689657,0.14722837288923957,0.13325292561788266,0.1184053082661687,0.15660792724592626,0.12396381635949677,0.03314281423422994,0.13286991708599252,0.02615596365709203,0.08794967579707501
0.023032094162573746,0.020422754071831747,0.1351148848454637,0.12396845763712627,0.10734082127332038,0.14136598455570631,0.11959178558252496,0.10491253460837811,0.1126963724560482,0.11155431080702645
0.029492937073443456,0.16385138119508927,0.18956111623818364,0.04677411574501681,0.07569418892594053,0.12687024208068584,0.031465893286924104,0.059578298151349775,0.10323522506768369,0.17347660223568284
0.10644817693680603,0.007016274371934454,0.07102939054932458,0.11474112244151148,0.1960269706411928,0.054951975128377704,0.1113614012054004,0.058277535546878055,0.11736298064661885,0.16278417253195582
0.08975197866203473,0.022244798292682576,0.08309955878008633,0.0526438086895916,0.13674118373455937,0.08903573713294288,0.07124894196881054,0.23375527780630861,0.15049488616526702,0.0709838287677163
0.13903813607035612,0.13168251629040623,0.09293654302868866,0.04401885281620911,0.016783741463091906,0.05414311942157358,0.18750974418093191,0.053735061207319815,0.19271391941947352,0.08743836610194922
0.12446654065572788,0.06916714520607749,0.16229227428551993,0.16901859512775586,0.02905842294649486,0.14633584319705956,0.16860063200024886,0.12681225373582253,0.0025658635947072897,0.001682429250585693
0.13451545354024633,0.0873377057360793,0.14139875901501014,0.1532271252556698,0.10401418900195827,0.029292651414731485,0.10066759525343406,0.08009635978337293,0.11040938014167824,0.059040780857819414
0.06334352675108687,0.055582475546800666,0.15170002508443098,0.17886192202299275,5.556287667210171e-05,0.13672839886597715,0.17809918689990217,0.028463806836183134,0.12960252336158223,0.07756257175437203
0.15042685394467414,0.13204724520273017,0.16930708614190668,0.0957365054739875,0.12075144915666776,0.10018513839616243,0.12460036959462786,0.013432324419603505,0.06773405775979409,0.025778969909845857
0.04282036328678092,0.12915162945760814,0.06655375020875523,0.10831700604957822,0.11275440128056397,0.16064413592129323,0.11646522956120277,0.03266412787826547,0.14220966989449105,0.08841968646146084
0.09798591578029506,0.036306931600207454,0.1207745336680907,0.04987193455818779,0.19068454051992254,0.12221738978691597,0.07038447452380722,0.1520918790641842,0.05821706261411882,0.10146533788427022
0.0553181062980716,0.14841892644037522,0.03229217421679499,0.032908025963071866,0.10739675216669513,0.04581618790454274,0.21443336638273353,0.20593467833847254,0.07413014520238065,0.08335163708686164
0.07437115113911386,0.09301690383471178,0.13241928126385688,0.1347155892586177,0.06250638115248217,0.07798542579743137,0.1188422747307669,0.10437650693898354,0.10218403645167178,0.099582449432364
0.05177505382624763,0.04072645602127573,0.16419359670419229,0.033519581791791084,0.04200571753880273,0.15463119025679678,0.1625712865018235,0.02720677855271818,0.14623016187295107,0.17714017693340114
0.047487999931197476,0.007042696467067211,0.06637517138532208,0.054210130639238754,0.15176500229992373,0.07498349975942191,0.16616021029054767,0.1258012934393616,0.15360128474014648,0.15257271104777315
0.07534550795831493,0.12451841220768427,0.10086034828234489,0.13156261425279533,0.04325073512537676,0.01782461542615937,0.15184252692584935,0.09051704431099099,0.1685357949641675,0.09574240054631657
0.21982089340872027,0.10998658177905835,0.19539886908878237,0.0033978021509774494,0.007435596200842341,0.09052028971674604,0.22078486040518863,0.01340712840823201,0.13254074342756034,0.006707235413891989
0.0808882243274557,0.13365032817329292,0.1298874910927281,0.026955439348579285,0.17009242250561607,0.03604586758242636,0.1596450152768333,0.12073161951179145,0.062173854739357916,0.07992973744191904
0.17880401579897967,0.10095003656835572,0.035927680289957374,0.14279064084994836,0.036874701176311746,0.1713105548474006,0.06470532758812989,0.16893014705303241,0.0363643992955824,0.06334249653230195
0.12443581786596163,0.0007309611311131182,0.11711926061180099,0.13123830301696468,0.22380042772923459,0.10420380814769895,0.137520271994313,0.012847598695442004,0.0723531510803173,0.0757503997271537
0.20057203090704123,0.16897389934418003,0.11460157087648248,0.11974523539722184,0.05711162683794478,0.0771761154618321,0.018408629508843855,0.017511948928520413,0.19743005528463434,0.028468887453298803
0.1563948619773124,0.003377525645271109,0.0561303507469073,0.07671001447343684,0.07969238111762593,0.03263261482807426,0.08164803796996428,0.13885452248083816,0.15378621917814014,0.2207734715824295
0.03870074571498911,0.09116081279683219,0.13049023612941898,0.11816028321173234,0.07868452205109581,0.11892242690735491,0.08190583962172,0.09373522620914816,0.12627298379845872,0.12196692355924989
0.020328404319619044,0.13184134937355915,0.16331231101698956,0.06670695560045532,0.026709992540485096,0.12990460915357735,0.14021442515791485,0.15146149167681236,0.12099779804773644,0.048522663112850827
0.1318001079628992,0.02264137881315516,0.10427635072995108,0.04109575154763375,0.04865033253250017,0.17894283683847081,0.15855057708440817,0.031728272321047024,0.19499058700167854,0.08732380516825616
0.06414639248307355,0.0363098635164349,0.08888116095589577,0.21215757781570982,0.06725985819974069,0.10069847030920905,0.21835741285172391,0.04644905141374223,0.12480503788752964,0.04093517456694046
0.20431538528204737,0.17431739084331285,0.04930809841258232,0.03091027957039286,0.046960320604552803,0.09600065520687341,0.1680791135212954,0.019403914162704327,0.05432519951955233,0.15637964287668632
0.15848302837659817,0.12409883757121973,0.10087198424444085,0.09195370451783284,0.05982248597223734,0.14628684392643207,0.13770628446617558,0.11924952381111985,0.021125889472537112,0.040401417641406555
0.12831064144389934,0.03888279259498845,0.058852105399749235,0.046746045423529246,0.10678890542598679,0.18240271269589006,0.10822742911782722,0.12581111243542767,0.03225159552197161,0.1717266599407303
0.0750356661097,0.18483229179299027,0.048650507561675875,0.07346324377791826,0.05645089549845194,0.11471839081045507,0.17710781929848218,0.088236938922204,0.011827179666453762,0.16967706656166853
0.09019465675537239,0.01780333077137683,0.1280022046663151,0.17910856059862318,0.1443345622014672,0.10638703810554802,0.038342847398972785,0.048695935632890666,0.1848259847910942,0.0623048790783396
0.12580988067299248,0.09237011293797412,0.14538991179443897,0.17723432666353844,0.026012547607414734,0.159262319209037,0.010664236401377281,0.12312601774757354,0.05695598580162544,0.08317466116402786
0.16363593765547677,0.12814718797137292,0.06954932039611625,0.13060975607384798,0.06358282975020851,0.04650788334693318,0.05339535183137803,0.12581989700723734,0.15890583561536453,0.05984600035206439
0.00842598751322344,0.08191721249557064,0.12679934196587303,0.140871199428201,0.023463191767994395,0.14013453489486905,0.09001249074979668,0.1305040484221497,0.13127383929290348,0.1265981534694185
0.1806938439320392,0.2014428473459713,0.07011484240238627,0.0626583272714623,0.14944143143497474,0.0005664217444476381,0.004654047649353347,0.14117915815978455,0.18509827672100065,0.00415080333858029
0.1332011335289931,0.05553673871695968,0.12238011062238906,0.10849001272705822,0.02312148589956851,0.07226866305071493,0.15029616785856734,0.12719226786474447,0.10174818529077255,0.10576523444023221
0.19452946925397588,0.19379519798019132,0.026524555135993822,0.11468680632835228,0.07384169067234463,0.03950157202683065,0.06903164094787136,0.11847837851305801,0.04082785576224062,0.1287828333791415
0.004080595717129912,0.13934347469205843,0.1224317418744719,0.1381165073070977,0.13520448063142743,0.07952008823177362,0.059769554685039694,0.16819759910270995,0.11459835145257681,0.038737606305714566
0.035890407947699945,0.050164452709474165,0.07376172477038705,0.16993246828037473,0.1649281750601121,0.035558268514829156,0.15271240511503256,0.06488389080106546,0.10400645656273727,0.14816175023828762
0.0683706561604556,0.1274847370084795,0.16389041634014834,0.089143289834671,0.0625269237742539,0.13889076391640257,0.11324940167434394,0.064630465718091,0.014369134094162886,0.15744421147899124
0.042710338569336544,0.20586518967271505,0.19013173312267748,0.0578912454632464,0.0347549230858191,0.02331939561532654,0.19780001538361938,0.009459167001133055,0.07915992984747344,0.15890806223865295
0.1425016270509337,0.1480315578021917,0.11070141507566726,0.16756303729550676,0.02380867358329625,0.00823864430679314,0.03132055905554448,0.170101589053584,0.04994492266749989,0.14778797410898267
0.045266728144048064,0.06978090936274679,0.0591743385026465,0.14452722306761015,0.0430426829849005,0.12796748030393063,0.14408754213736893,0.06910438859337606,0.0328176861774503,0.26423102072592203
0.02490431000684945,0.09009590890506934,0.010014441888482438,0.05091318059584012,0.1243582694959637,0.1561408724911563,0.13857164461137522,0.12143919515097118,0.12837445489977364,0.15518772195451866
0.02378437570671297,0.013768768018928007,0.20410938813036583,0.10068616164992303,0.06858610412942409,0.03460631197277326,0.17902554826970773,0.0844549957811428,0.13645442647955014,0.15452391986147207
0.10478365237858583,0.03817292349323905,0.16022692470263433,0.15028454573012054,0.14414673836182101,0.05334581263818932,0.04698772698852727,0.14576582441882158,0.13508592208647083,0.021199929201590306
0.14369239428111377,0.13843010409261694,0.07725531074994703,0.11572478247488177,0.08031060840030177,0.07452254859733692,0.05044699493880682,0.18824429467361312,0.054671671275940345,0.07670129051544146
0.19853324740772846,0.03968098522373592,0.08112770022249377,0.08170412322610299,0.11382673908581097,0.1917457430065275,0.04639312102078854,0.08972244658405508,0.06161534292620407,0.0956505512965526
0.16493112984970038,0.13036687811490644,0.06932639060520143,0.10481811198670009,0.08285970613729607,0.16529805118873783,0.023295709513249843,0.05508029098795201,0.12988332430062263,0.07414040731563333
0.08552122460247992,0.09033836576927017,0.0434531563117834,0.022537652245057743,0.05573492160665943,0.0702371018299147,0.16521922708645534,0.15764783054430723,0.1803509728797753,0.1289595471242968
0.05736427418979538,0.15597649598621782,0.16049554627377502,0.09490972009209472,0.14093904020258252,0.1254585570305838,0.022085592767232064,0.17414405153361714,0.004518323165656871,0.06410839875844473
0.12362723659336562,0.1487413403574784,0.09570652089125697,0.154514084879947,0.09935363395715217,0.04143906976043506,0.14877499667564742,0.04927385767991505,0.10303299138853055,0.0355362678162718
0.03665863910346791,0.062246857030208,0.148454760674681,0.0398418040421332,0.08174196608315422,0.08976876040179095,0.07336195915417652,0.16453249751499832,0.14410959703330553,0.1592831589620843
0.06126785996224005,0.16741962370396038,0.13235015280757823,0.12685740378723456,0.055624253184352934,0.08306078148924402,0.014878496269835943,0.01974544429482704,0.17613348540497728,0.1626624990957495
0.0678830843792098,0.06897187189743258,0.02305016845143798,0.16448128243326504,0.21596279871821727,0.09987320592204663,0.10114261402409089,0.005416749737032697,0.20493024641297444,0.048287978024292605
0.18664661537335434,0.10915741195603287,0.1811979611581165,0.14407393552724412,0.020272817203678056,0.1907163189775118,0.10165884726431505,0.029407826762745566,0.007978256502172466,0.028890009274828987
0.17436605363349514,0.011722886037674704,0.0486140275009185,0.18736291783659412,0.07877927027722571,0.08368466920591865,0.129041243913928,0.0867276061502198,0.059232681046375274,0.14046864439765003
0.1685520593395462,0.089794054336479,0.11958325423884564,0.016933831847305673,0.07616401070241505,0.13077388051159433,0.09215972930382475,0.020880956119165954,0.11767554466298401,0.16748267893783952
0.15643228546809723,0.10046762185145595,0.1059405986732468,0.1900669839030542,0.028056735488506977,0.11802000959171824,0.03376332462307874,0.005714794390455971,0.1735418234406451,0.08799582256974071
0.006218504438646295,0.03601733171633198,0.1560977301787651,0.059530199406255646,0.13496430120904712,0.14057139434293403,0.16297496529505592,0.15667838403726841,0.06455873747882875,0.08238845189686674
0.1370770278309254,0.03934960444694429,0.12366581546740325,0.04477663391582634,0.12336204511548317,0.04908116831130969,0.13790283958208888,0.09477425517514122,0.10503387168635414,0.1449767384685235
0.04651945822652256,0.03353165919825763,0.11007477956373807,0.09190140155036745,0.12290824925024217,0.07951525868708222,0.06155819776052963,0.1422047582666235,0.1584052971594847,0.15338094033715188
0.15422926607522483,0.09122685005743669,0.10362108251487527,0.01577529839089114,0.11187634758335042,0.04723073177087822,0.12805072583233362,0.12486670951872784,0.11192278863769367,0.11120019961858835
0.0042081396666311666,0.08422310355615506,0.15036360659631381,0.1344553983097575,0.08582903561425811,0.032146053823614684,0.05388981741807117,0.20768022863020413,0.11846064435875105,0.12874397202624333
0.12685913365149087,0.05312370485519005,0.16970803975581783,0.020987801618608148,0.024680302905455764,0.1810915795883823,0.061724457570728385,0.12327362874401043,0.10745745855823463,0.13109389275208175
0.19451150741261886,0.18950606276262233,0.053430284064901135,0.04771819697399936,0.01975872291152809,0.007668171744429775,0.14684093992989455,0.06581287760271165,0.11496483923879444,0.15978839735849992
0.09106439305965704,0.03859157252722567,0.02513969466452043,0.1680137403782743,0.15966810334562898,0.020951327347081466,0.14409536101077916,0.13083751044879047,0.1595445183096119,0.062093778908430604
0.10175641082019772,0.06804241797011912,0.0629985879530313,0.11243626836526842,0.2131810670097641,0.007082501880299981,0.048981658835256334,0.008710660748526004,0.17887114977183366,0.1979392766457033
0.07895961715324122,0.25286887456063045,0.02321926784952476,0.06305916464867851,0.07825814513182767,0.08604893547615539,0.0493656087896368,0.08573735521857184,0.03913637889207057,0.24334665227966276
0.1718934668339181,0.001554297460586532,0.12531286529357732,0.1068562173338196,0.13241382049675918,0.07972582626259192,0.1504043754781371,0.05345675556253337,0.05474144707064393,0.12364092820743283
0.13123903014737506,0.18295723173061984,0.12248175645396187,0.10451747739249401,0.05227124184426972,0.03762575070785436,0.01766647538404417,0.020976649897228663,0.0528953265682107,0.2773690598739416
0.16165876037695576,0.1931360481682854,0.17323748194910069,0.047033229383398156,0.1276343118877875,0.0309220627507347,0.04090392470302745,0.0005770621648951257,0.026604347772824943,0.19829277084299024
0.057819322124653974,0.17340557987358948,0.07247496930885129,0.1672926130028088,0.005173208973936006,0.039213645145317715,0.05373567780555655,0.05487480603305022,0.18925309496250906,0.1867570827697268
0.0386064135530963,0.15611328924259,0.20985227209499643,0.10949851079450472,0.06948054709825012,0.019151094252830864,0.19913196214562698,0.060168010658824066,0.0325183669212513,0.1054795332380291
0.1485727312842622,0.1548295441392222,0.14251446164043985,0.13327342968819492,0.09272967170360902,0.11107459268404031,0.005606851452371994,0.05382959679119364,0.061164422447728635,0.09640469816893704
0.14714951729278952,0.01117178823577257,0.1341566869595153,0.045010883048765944,0.14094026907585797,0.10912336212348113,0.14789824694810835,0.003671647572826035,0.0803920330600465,0.18048556568283675
0.17795421063326025,0.07757978001227578,0.033488724708003875,0.09973569254863432,0.1229747891126469,0.06657661800313945,0.14216149893469196,0.14446537179034072,0.020716805847711836,0.1143465084092949
0.06956316275771943,0.15177703327313277,0.10750746179874938,0.04382541301174309,0.025103175836190275,0.1565621991935075,0.1796103426966166,0.07348923505285643,0.09239398835608174,0.1001679880234026
0.045338350335749136,0.011477594462697421,0.16951390654303714,0.10661100441290777,0.18531050411846445,0.10635150666595453,0.08038923983238042,0.14701943095274067,0.006444809390805057,0.14154365328526336
0.06473572008372072,0.08254799384359376,0.14083898780358697,0.025879355510955885,0.14988707023210077,0.07314538658722484,0.11548218873780919,0.054881536638730834,0.1311164196299826,0.16148534093229433
0.07488580324265709,0.12135349845109826,0.04589091556280177,0.06841253236590591,0.09773594870073223,0.15089232138773645,0.15151183757429318,0.1301926788282586,0.09583898357470609,0.06328548031181039
0.1338725598736457,0.014338589413484504,0.025467305992942293,0.1726759791122114,0.023793114785845053,0.16945114555633473,0.10522726001282416,0.04195148575664036,0.1400005500108021,0.17322200948526958
0.12380600037140792,0.09191939060205308,0.039018561422833026,0.07748324246423904,0.05946085031656128,0.03267910282089161,0.20140180304240587,0.11550615058915989,0.09589197728569426,0.162832921084754
0.01160262213786535,0.1750976089373435,0.037462366953168645,0.14243112395608065,0.0072133478883898055,0.0765618238853471,0.05108716893193319,0.14480100252454126,0.16703043038164916,0.1867125044036814
0.15716327278326905,0.12795528994667904,0.10121559462097718,0.12864075194677507,0.05716355738110508,0.15213364929116702,0.09922656074353389,0.042089743429559165,0.06879650004729361,0.06561507980964101
