i = 0,i = 1,i = 2,i = 3,i = 4,i = 5,i = 6,i = 7,i = 8,i = 9
0.16855592226616944,0.07840387843204344,0.10492910343056185,0.10449780070303807,0.11921096359024247,0.07036262745623438,0.06875537001285313,0.18394641277179793,0.03326919194478593,0.06806872939227346
0.04210104464274732,0.08800247077356375,0.004382034387879936,0.11403956353334177,0.19751741875085022,0.14188769130531756,0.06598433328148424,0.17648698951382977,0.16619865889740468,0.003399794913581
0.16153531129182186,0.0055190987275627055,0.12230490880790072,0.19773778630973,0.05139926075129478,0.04444584066850233,0.11176739593766472,0.1217514034200725,0.13142998637951478,0.05210900770593565
0.05036210883767271,0.1416462704556319,0.02388954290132833,0.1306713754410526,0.09056755108461564,0.1263716483872214,0.15624707340953425,0.05137954262957171,0.1783903506163501,0.050474536237021236
0.12607290417723938,0.0075447136359161095,0.1842111207324508,0.16315078671929592,0.014431293640106539,0.13543152893536106,0.14524483840302396,0.13814815327715876,0.041747490486758444,0.04401716999268904
0.04875996490644764,0.08352364182483907,0.06418422732417733,0.047106381936758576,0.18777264147089542,0.02750611590059112,0.18903083937192547,0.16181313036482767,0.092441795436787,0.09786126146275063
0.040448286593098105,0.19259718328985972,0.1368311911233425,0.06444348820641309,0.06045181689885023,0.17002423289197668,0.16442142353189257,0.008424373783955282,0.015595497860511906,0.14676250582009986
0.027024174050811603,0.07598443182636783,0.18652290878981628,0.16730320048749045,0.0017055939596769187,0.0819901826163296,0.10854969108249879,0.20331582616173383,0.1053397102710686,0.04226428075420605
0.11893363838036639,0.11230425262453028,0.13776663178035572,0.10081138719030393,0.04548900941115399,0.05678105229413836,0.025054122128711047,0.13716679786793018,0.1607850759090902,0.10490803241341998
0.02766880184256354,0.11230360911428032,0.12544991461291324,0.1384568904204832,0.05714390082750544,0.03903706966429356,0.15427907556997134,0.029370357157041803,0.1472680076504175,0.16902237314053004
0.036661056961695866,0.01701004183608084,0.14489102924108108,0.11907861514185185,0.17593141643265423,0.13287315745010142,0.3188181672689726,0.02997742942477508,0.017059591042063185,0.007699495200723856
0.07796227919746204,0.07214516830070357,0.13108486485231957,0.051236156049631956,0.04007041338029096,0.15053288041573898,0.14949136549788514,0.07027174587401289,0.16493181326485917,0.0922733131670956
0.20541229818919723,0.02259802253057563,0.13090271039388446,0.1878636796967499,0.016954481499797995,0.0025064234245910765,0.055262697868204605,0.1688706353735631,0.20493821374090285,0.004690837282533326
0.0703295767202515,0.08883892796258176,0.117600893531538,0.06110922725665331,0.13132949063529747,0.10115213501420688,0.11858468390204338,0.10850266314160333,0.08062787794750252,0.12192452388832184
0.042206743042722886,0.18741859492014235,0.1285452826404582,0.0825348544942333,0.045088755795025186,0.15552832490343538,0.052704169758848056,0.1383007453623511,0.1659564412336593,0.0017160878491241664
0.10308854016214462,0.09063853352964929,0.05634170666118422,0.10812619173039474,0.109272281209073,0.0842569586892914,0.09409689661806332,0.09972346760793424,0.13302827129087375,0.12142715250139131
0.1019362396727813,0.10059495091010794,0.10143644415740052,0.15961047788618196,0.12447076094830348,0.02357193941972066,0.082416857569046,0.13595083181781978,0.13038470303316113,0.03962679458547733
0.006343559666049559,0.04749531027863343,0.12810857376466367,0.13189479797285023,0.12989443764936895,0.06325806910288201,0.02949054047247755,0.15490148112747895,0.16479853504248715,0.1438146949231085
0.12806774651186348,0.16937730701419668,0.1935626351188425,0.17285423474061026,0.08589156296808938,0.03426338177720899,0.07970048911737475,0.03861157331854403,0.023316479878786593,0.0743545895544832
0.15780175784133324,0.11469025312497773,0.059287600803338426,0.19980610283393987,0.03486056501011248,0.19103729540410758,0.008390778078381561,0.08928050121364121,0.018472834674164315,0.12637231101600357
0.13807295184381937,0.04273214560512577,0.142868976800593,0.12860829300942905,0.11844957911885425,0.11518752985303246,0.07471630065473939,0.1304797638981968,0.018767995845211553,0.09011646337099824
0.13729423021231296,0.005234648078677252,0.16026893963610314,0.13855254221512744,0.07054887505195441,0.07567512964423909,0.10147381161870264,0.03566343893366933,0.059724060307627926,0.2155643243015859
0.21394157448598164,0.0006541495290920172,0.16780363825115677,0.007941200568453467,0.11891660880407577,0.045930128529529074,0.052813524385678,0.18387367518965975,0.06591369359051039,0.14221180666586314
0.050140754301459325,0.13433158747998067,0.04926912391280828,0.13393181626894535,0.1624890648570613,0.15624929288026948,0.08338510650920106,0.06749042420793333,0.019319534968540213,0.14339329461380107
0.1463811081906451,0.1201816080086465,0.025215345541118112,0.09933187264211969,0.10176388237968574,0.042873037920979656,0.15804614198811423,0.078760307289092,0.11569639324380043,0.11175030279579846
0.05467234141536425,0.14943225661824158,0.08295374619781838,0.17011414174152883,0.13683217728236544,0.08742590994199163,0.018950335525490167,0.10588106187974354,0.1731066130887047,0.020631416308751427
0.08135185063674233,0.037444782344196625,0.1881998729823986,0.04140024302644143,0.20876731614045782,0.0667041154045494,0.0998696855365831,0.05214759161394718,0.20300860973680757,0.021105932577876133
0.1707990275371312,0.060152908808413404,0.13402211806609152,0.06785120271279277,0.03253436016364066,0.11000253385239965,0.09624446113605521,0.07425373500758288,0.1412829734966245,0.11285667921926813
0.01994984893553438,0.1561206497161442,0.10075976519479533,0.11175566327833487,0.08572877548269361,0.10379633637469136,0.13712994908707993,0.04870728675706609,0.14388460522863247,0.09216711994502778
0.07504728730984393,0.13522850345734636,0.10345133502552124,0.11272927847732679,0.11851895637845909,0.10646060453579279,0.1377951146534248,0.019981041819385047,0.0920827008977839,0.09870517744511603
0.0011098248864758312,0.12762120229827836,0.02269305029869959,0.061116517396592386,0.14682265449059081,0.1674242595936496,0.047832317115795414,0.15670800565787887,0.14011139365048428,0.12856077461155474
0.2071579119155914,0.062393352670424236,0.02166792615761267,0.15640282809748324,0.05482076625833468,0.023490936562429707,0.171772782139655,0.053101857988879723,0.09056219951096095,0.1586294386986285
0.07666694188139125,0.07745247448958852,0.13716728834268846,0.1900211426954931,0.07762956819140719,0.011752175262873685,0.24314785460431568,0.03685643821276111,0.07065376402835079,0.07865235229113017
0.03499795930823649,0.15943919469980006,0.017588425702924022,0.011476295661292463,0.06552559168186006,0.012575798486271317,0.2197993355180926,0.039260286632939026,0.22536311938813003,0.21397399292045408
0.11540877241718836,0.0016749883070921426,0.20545731094086395,0.1455767355075141,0.046136184806157686,0.18835761376078555,0.02682560541484512,0.06972532415824244,0.15103573275201831,0.04980173193529248
0.03580050764682941,0.03294088081799586,0.11197429191259341,0.20288488836577295,0.10142247259874913,0.14544987803226017,0.04073984093454817,0.1601741022811592,0.04421880447007751,0.12439433294001419
0.12081101768586099,0.20445079942465355,0.013274270179745305,0.11006862564356026,0.048335918129126194,0.1407803602806623,0.08473572879694137,0.00752150049673063,0.11880136323898821,0.15122041612373108
0.004267640004998164,0.002321818976147153,0.03908436291756466,0.09232323380018023,0.12679515648251555,0.1812044254169256,0.19912220250656507,0.15332562841895667,0.19908479935019804,0.0024707321259488184
0.04307418439718375,0.19577128661973628,0.09634524649722774,0.03475771791427514,0.15817766200460354,0.15724054013445177,0.16911586423548305,0.04555016948754172,0.09826305376308894,0.001704274946408332
0.030131407902691087,0.03624142186162956,0.12624295712626765,0.2521326317113566,0.1982276333769914,0.06950861948922289,0.21309086004856784,0.01229780194700217,0.03634116081671756,0.025785505719553275
0.027028144613896736,0.10893728572314432,0.03755931356493301,0.13374954788328278,0.19529900005597148,0.15129106573036774,0.03581778092786219,0.17913900977400551,0.0458068186074765,0.0853720331190598
0.030586088055632975,0.1081869510764497,0.1192978972861735,0.12584020515443503,0.03592242680980526,0.131791524169627,0.054267991812749654,0.11318582475520964,0.13142266005435863,0.1494984308255585
0.09499697259551891,0.0937934484589032,0.08621905281472743,0.14189154301547288,0.16657775218988116,0.07740978489450846,0.024546353349740438,0.09504597417683604,0.07459052511356433,0.14492859339084727
0.1984578955885369,0.15731703859846616,0.045694523760799265,0.05810756173095975,0.11586993626564018,0.1355495459383255,0.07547461381132918,0.06730089600163398,0.054187248372119454,0.09204073993218947
0.026558989123904322,0.24658670424157245,0.11150080915706276,0.0799559642091383,0.011011923034512743,0.01085017228516417,0.12568395285003434,0.1002595053028791,0.24332229713864106,0.044269682657090886
0.08537418421207874,0.09072837401485534,0.19518395593844928,0.05400984780431732,0.1820289714212816,0.13417247767973414,0.0022496315246018648,0.1267518590340136,0.12203534411966352,0.007465354251004626
0.11361274725100062,0.044588659650687895,0.12883883103817764,0.10265045833622903,0.06144133007280441,0.1255605882145181,0.1547260784877476,0.11282300590652374,0.04596740715902605,0.10979089388328486
0.12855046699724898,0.11941794940595785,0.023596041350170353,0.10611034160621173,0.12645242200651344,0.13855422936356854,0.05342024257685601,0.11199179718561991,0.09026861312416198,0.10163789638369114
0.024657254544030286,0.09786317438734564,0.15760102147080238,0.013310480522057619,0.1225720305924202,0.04420229703106671,0.1838907121770851,0.15458536489235788,0.004631433308455765,0.19668623107437835
0.02012948646706321,0.0012905203155727375,0.12466874145670495,0.11872505067648598,0.14443978924202003,0.14869446792906374,0.11627476456055161,0.16579542857851817,0.06665346432427476,0.09332828644974475
0.20482441787996794,0.09514551424153908,0.03199700672134318,0.08357480671198822,0.11890208890082589,0.0013547377404400313,0.06728427579191741,0.1672078885097979,0.20057346552987232,0.029135797972307923
0.012277477879885909,0.03770234391104266,0.10800356730865623,0.17293636238269083,0.012757030114932042,0.1580142548705973,0.1714256471562551,0.13011042927394234,0.003368409205024881,0.19340447789697268
0.2281105481863803,0.21274719045119245,0.06602273551385032,0.022976047308126083,0.003633691968491921,0.030841658046106283,0.07993576763150602,0.09630730823156004,0.17225048817323563,0.08717456448955106
0.15824557199624506,0.00709787486264674,0.1379992151104775,0.028719961416208046,0.14481536860986105,0.022349700848397065,0.04257999483322525,0.027014106717945293,0.2122927559225977,0.21888544968239632
0.16046901363201477,0.11350432100766623,0.052377018906264075,0.09125776315309497,0.08431236620935766,0.038449849683945596,0.17008325040348696,0.154234728660053,0.0643816487532879,0.07093003959082887
0.1577741947480138,0.06752008333135315,0.13169466693197207,0.06560828236506273,0.008163764332796832,0.13463230587731198,0.09359850766192104,0.15057208687527102,0.03025260950707694,0.16018349836922055
0.08795529146389354,0.00885268251330929,0.12683062591337174,0.14117437511075126,0.11375304122038214,0.13847033154273522,0.06767087331449557,0.120842950213263,0.15275060536229132,0.04169922334550707
0.1857051092089227,0.11674714441397409,0.13976776078572767,0.052654156101328835,0.0912048504175736,0.04608927272020931,0.14159556553299266,0.01689117909605215,0.17352140941254593,0.035823552310672996
0.12085351024737409,0.15148378405080484,0.09876465869743593,0.13515567594833316,0.14759134209786218,0.08992971343418563,0.10036772964745042,0.01501254231773599,0.13854148521070028,0.0022995583481174677
0.012483483009923869,0.22553748313966318,0.005147226191583329,0.0405423356829929,0.11171424898036536,0.058883249963748094,0.11261312904013689,0.11964210241926447,0.21362420195202295,0.09981253962029892
0.0008644283417145397,0.0864009144885655,0.028716810481137195,0.0891837701065327,0.2021595489902697,0.11805897321877432,0.010213467034424512,0.29881398091313033,0.0639009561126108,0.10168715031284042
0.16080266817722405,0.1510815090388027,0.08381362286548416,0.10750889095412355,0.004403288873070137,0.18019389070476693,0.08241573292396019,0.07344957220373968,0.07326065605869453,0.08307016820013417
0.1199295908138783,0.1429832466448201,0.06431610409291726,0.10953794464387125,0.004537092619854259,0.01803950503680194,0.07072382196393164,0.19880371215949905,0.19983480360253372,0.07129417842189252
0.25547853388886227,0.03937714736291748,0.0016157498799012752,0.037769791848065545,0.03295495714315505,0.008274829965514789,0.32100042603271084,0.009564794973067886,0.2926565781039898,0.001307190801815126
0.14735500048726496,0.16990826362135555,0.18659288969199778,0.021156292483111898,0.10417819234468935,0.1157585328862623,0.0652183838579545,0.037378902262879904,0.011472572104807855,0.14098097025967574
0.16256721890078313,0.1663322724244876,0.13356013788351118,0.06136783239895358,0.09417456198779917,0.0563913536503153,0.14541575283342847,0.0434631984813191,0.03456675239399343,0.10216091904540904
0.05139766122713891,0.15834538498299267,0.12459986867997071,0.03366294392216116,0.13945344799651632,0.07923185488767402,0.12282627683089481,0.03782002749172689,0.18060613267854525,0.07205640130237924
0.16790786470302754,0.05494393171284674,0.09963392155741388,0.05353854884764303,0.07079486290472711,0.08488390878907487,0.16497190627563077,0.11551441434822783,0.12865248889915198,0.05915815196225621
0.1003138623889307,0.14721246627604517,0.05187049043989389,0.1169058016277218,0.011524150451173326,0.10838005030791038,0.05858707199233012,0.19068346805523698,0.03099006671905731,0.18353257174170048
0.18591995769542494,0.033479404920901276,0.11667498196786777,0.15632248697621776,0.13216315672845538,0.004552941750025139,0.14722757537631437,0.07421477398557483,0.10292511806052225,0.046519602538696164
0.1324890159469155,0.10994803420189138,0.13303865240364668,0.09008085227165794,0.15153711192759944,0.13368533781501726,0.13512808595926085,0.010904321974635572,0.03732343926452996,0.06586514823484532
0.02775643778199975,0.0653575377317283,0.16962191418351813,0.14444246590996943,0.051467896442660865,0.1031028289669264,0.014410920716211317,0.1674258415410367,0.164251549331556,0.09216260739439291
0.07232547169915525,0.07367889405303293,0.07107485552497826,0.08240156573604746,0.11628168108518255,0.13813057725469374,0.056947892348689286,0.05863454718623277,0.16736811870929924,0.16315639640268856
0.20360500890238722,0.08738096565234586,0.0932092608077683,0.1659193331715348,0.17112545172015306,0.06576512145722771,0.011424413945802656,0.0020437457581505467,0.02425537435932692,0.17527132422530314
0.05883573360643333,0.15844417657659673,0.09516717075206868,0.17198577900172862,0.15589362110302446,0.05662435789832612,0.02043356831269427,0.045163402484550176,0.0681810954005256,0.16927109486405204
0.16069420233268816,0.16938731274043897,0.16379230500131564,0.11618675601991711,0.006955816179251156,0.12949595510576425,0.043391007010656596,0.0961285902010714,0.06602207107229184,0.047945984336604894
0.12889824404121034,0.06593527076772907,0.1929587969752275,0.04990838395001172,0.08244987196427363,0.05997017705107195,0.020541810430008987,0.054569709649399445,0.14146040180139594,0.20330733336967138
0.1404815138300784,0.1246107738929579,0.03904826512054977,0.134618808992741,0.14677433755757427,0.15536233135836666,0.015245481260064376,0.16288077833723974,0.011337540939974087,0.06964016871045378
0.03504231131797118,0.038982321200393015,0.07765442984670302,0.10317544317230987,0.1648655895091658,0.027850433472146215,0.1981643407454614,0.15466043181215297,0.12380212849406025,0.07580257042963634
0.029656003704428686,0.0026968105785347284,0.17640542082177357,0.036757186543473805,0.08207527935930255,0.16949900485580432,0.2014685838403682,0.05589374907030516,0.0630468140088769,0.18250114721713206
0.06353025316676446,0.014053252801114517,0.16537729050172387,0.14027551252381928,0.1675895307868527,0.020064886024095095,0.07351155931241264,0.14470085546945483,0.1594541895952743,0.051442669818488336
0.054049160948239215,0.17105255726405205,0.16580248444806092,0.18240131066134796,0.06289368369735518,0.10200111806140778,0.009670557237250457,0.02496131315963464,0.0012022093745822696,0.22596560514806938
0.16223353340895627,0.12711494446807364,0.08943000285222165,0.08444123589720401,0.03415740339931162,0.15104158297446968,0.1153312464701593,0.029747538387649142,0.1087884343844916,0.09771407775746305
0.1737819073079604,0.09264046888507269,0.0489550911638553,0.029066445834694952,0.06256264103872783,0.08193879588322983,0.1720384514661545,0.1611055928142624,0.16685936148463584,0.011051244121406267
0.05540840899770449,0.04008607283187007,0.1793348697836526,0.11909829244962881,0.16124797311859224,0.14517893090139805,0.11350418570586666,0.07457069534765126,0.07125696543529228,0.04031360542834352
0.062391455498760635,0.14157876852295312,0.11196465852163878,0.09980660444568193,0.06858418331022542,0.07350759628410711,0.1859852827456191,0.010823264792491228,0.12820973782156828,0.11714844805695437
0.11395989793286063,0.052249866476832246,0.15376104909919036,0.10847938641733254,0.08328940518650299,0.09034553604921743,0.12076998336065113,0.11778157068774044,0.11104830020431823,0.04831500458535392
0.12183537362652397,0.020612670227093077,0.13366039167779228,0.08805262274675751,0.06054026059560643,0.1615079279404893,0.0066614347796958425,0.0455074107077983,0.15693952493668695,0.2046823827615564
0.001501857586756951,0.1355746954917307,0.10466868240367196,0.13129331823848467,0.03626871414237643,0.08919457445453145,0.08262263412812194,0.06436597818204771,0.16785518998472262,0.18665435538755562
0.055096536384914664,0.1267067826182874,0.11586475744805652,0.047665663103578663,0.10182182565611442,0.14378044971386603,0.11215769845703896,0.04813164394161922,0.11754870776428811,0.131225934912236
0.029240807268341735,0.10349612458841445,0.009077199271820853,0.14228455188701092,0.29917574302510186,0.061453157584320385,0.09235744951808357,0.015585937156294749,0.1862985623577397,0.06103046734287179
0.13583737819433375,0.16810873487679656,0.07554416247419947,0.024758979575205058,0.14100808453302494,0.12230574054509631,0.06448438440242991,0.060762239917187925,0.16466140246502883,0.04252889301669709
0.024251053054544447,0.1843763456486932,0.011639531997284638,0.01659131971312584,0.15599887267026538,0.09194376616426454,0.08106223486279,0.09333061040318778,0.1793719490963316,0.16143431638951267
0.19328575955989374,0.1867369174370357,0.02215676437677676,0.001741691728371659,0.15085152721049272,0.020634215082086113,0.10228908006298651,0.07580746901559939,0.20916431152979045,0.037332263996967034
0.04439640907078912,0.014673255957771044,0.05629566908796463,0.1165822618061783,0.19301174330340373,0.0593744454883312,0.17764761415998306,0.1871955781053157,0.08447674261420553,0.06634628040605768
0.22126318295387168,0.0029715045959737693,0.1494163893085668,0.1137705627218755,0.031856130540764444,0.07455685161883932,0.15877040786592214,0.10413099217862154,0.018352194471980877,0.1249117837435839
0.1938621137111039,0.154206509353962,0.11965566485838008,0.10501802663704393,0.021231912196643287,0.171276916065564,0.07655631511408262,0.11456444965479788,0.009548278840127124,0.034079813568294995
0.0216828964118774,0.11417234229654172,0.11271755570970687,0.06448739523248757,0.011114497280350601,0.18670821337098747,0.010544189256411502,0.20644876624829747,0.08975059798766434,0.18237354620567503
0.17279068672541925,0.08417575358215994,0.014099645311429407,0.17791697039040547,0.03678352894210766,0.16324543373894643,0.108296503017866,0.02335685046702054,0.09815686364823951,0.12117776417640595
0.16702946841645955,0.024479396842059176,0.08986135261480478,0.010819312064801117,0.1089779832126289,0.1543964910396273,0.14623205243425705,0.1784911176476163,0.11612159379265709,0.003591231935088607
0.06566253695619867,0.0831867830042942,0.025374306761406524,0.10899733795560983,0.08017341323063727,0.11561560761129518,0.17414054098447057,0.018034771969601335,0.11814071000182663,0.21067399152465982
0.05809370941251247,0.12673618326733832,0.13712484420489293,0.040513972444078145,0.06177889351334949,0.06936197061762372,0.07137691060038377,0.14243042175694098,0.144427779965462,0.14815531421741798
0.20843152570159212,0.07120763601086218,0.02174709493409268,0.06940631919195236,0.07404186790071933,0.14164935855748792,0.09664028518019273,0.13759526419239632,0.12874151259192068,0.05053913573878378
0.08255890799844598,0.15157684808548375,0.04648564803901045,0.1355019660884801,0.12351027951010136,0.11078866337739442,0.07240134769606948,0.0622354460465148,0.06253874177535079,0.15240215138314878
0.15062494325907982,0.14623672716734876,0.054538134730792345,0.18340787903500275,0.15739065716532222,0.016645731459428274,0.18254172125536153,0.03239069516111333,0.02984261332019145,0.04638089744635957
0.1894990141477565,0.18109338739363337,0.00562615515461377,0.008824722714735516,0.08594035988341216,0.13072019060634654,0.1503015529572381,0.02662707150074882,0.17365823973230712,0.047709305909208015
0.1422111326065192,0.015326309936908252,0.03262396774966063,0.1274150727678762,0.0249332110257712,0.20893037389799193,0.23415791795354127,0.09327132837080247,0.03298746582855786,0.08814321986237095
0.1971563032445353,0.07679250155862112,0.09165844515214101,0.07362269052866564,0.1149178435336412,0.053069022692537306,0.10341804932157606,0.03813200584575348,0.16859917086485823,0.08263396725767064
0.10449315266952544,0.10103889386028896,0.042585856681315516,0.13649602976558592,0.09755115678856026,0.17820870759996987,0.149333122093855,0.016331250512211074,0.11786226215929634,0.05609956786939145
0.06352625921887017,0.05000507827077772,0.029977593924289364,0.21964871244812156,0.1539712809733449,0.003443632618204754,0.16530207847258782,0.053397849254113006,0.08677829944789234,0.17394921537179847
0.05483382427883213,0.01680310654507998,0.05409131911717356,0.05074164034030041,0.106655332054912,0.09523114065568461,0.11001090317936763,0.2579385758568855,0.04391171092785206,0.2097824470439122
0.16382309958223618,0.08817531447043327,0.16730857641885133,0.06982241633359064,0.10937730981506658,0.09642184122450853,0.12807642340777847,0.02221934442011213,0.06697204534004816,0.08780362898737458
0.10952640478868121,0.1692603202411775,0.039070116733244835,0.05310488660917915,0.02510815022589401,0.15905122596203436,0.14306654504534008,0.056271384011238525,0.1799556981661937,0.0655852682170167
0.058498453782479344,0.09887381908402383,0.1880504367481127,0.08808353672654318,0.09364821080887699,0.07848738431257322,0.16795522412855207,0.0825395823054714,0.04010201424043109,0.10376133786293629
0.18987252574257094,0.04895323133616559,0.17697332213972894,0.06288760580642065,0.005368448434600117,0.059407636400943264,0.21995798923955354,0.10291184133297857,0.09556911183541218,0.03809828773162612
0.09264929460014473,0.11986119466330725,0.16034860221816621,0.18457812787116307,0.007579694733140606,0.11218796964450573,0.027367846174356315,0.08435339454421234,0.13768819278723643,0.07338568276376736
0.09395416122243991,0.04967469173420781,0.056113616299527797,0.14985591476363336,0.12375204090252992,0.14682577884580503,0.037964996430347904,0.15292177137465623,0.15138167126253232,0.03755535716431968
0.07266906679366915,0.08962100270227619,0.18097499427639163,0.1440215478706029,0.05390111819277299,0.08758410320195713,0.15453261274046623,0.11234319859841131,0.08019564349298411,0.024156712130468314
0.09213222345064831,0.1309854366148283,0.024279099409904012,0.08820931518314197,0.0666335881771121,0.0900715769097832,0.0692256371188216,0.016611611049657988,0.23538492133162894,0.1864665907544736
0.13461008940866148,0.035656698002060186,0.16303417277085117,0.02202464819635352,0.12927325724795927,0.12190383405706355,0.1814981063729101,0.01915868604811769,0.17701999606374494,0.015820511832278165
0.11126649463215917,0.020427850595436902,0.1638154360623073,0.14343459548195064,0.12945279194157075,0.04539630780301735,0.13127403373775892,0.02220294510037778,0.09324962997655624,0.13947991466886497
0.08759023112749573,0.04254678848467176,0.06979811414143848,0.1855084698719295,0.17582361494306872,0.042184811585340154,0.1448480247775087,0.1457170429794699,0.07218161717751696,0.03380128491156007
0.22782035983646778,0.03983918775118855,0.08187236621307294,0.14463475346645396,0.08667560712652603,0.039173288223733234,0.05442887955801993,0.06876584313663911,0.0997311734323363,0.15705854125556196
0.1717370361566801,0.1083247012238087,0.022173324543945983,0.15597561830052595,0.09192443187719768,0.11892092453451336,0.09828770921937285,0.10435030049193747,0.11982369045998699,0.008482263192030885
0.1638758103629796,0.015225245961366698,0.1177488623227718,0.13805851656036297,0.07242940410446015,0.15593379095128643,0.015503722391403952,0.1467547715097851,0.15466097682682198,0.01980889900876138
0.01537696570424614,0.13405323746151615,0.11407194614717556,0.15548107915086817,0.20805064868114037,0.05976426889668273,0.05251521174614351,0.04631314588877886,0.040811901061903424,0.17356159526154505
0.1237974765563857,0.09327262569045021,0.11021153355148493,0.1264953830731548,0.1370469345082927,0.13152826928181827,0.02914512786636568,0.03284435545069761,0.15214421990815963,0.06351407411319046
0.05012396082780691,0.022152921892417136,0.11891153420350783,0.009073593641101708,0.03916724340492305,0.17942298804641865,0.12645408217350962,0.10363706259950232,0.1298414185720368,0.22121519463877592
0.12706747548119557,0.17906029098835247,0.026283428510739983,0.10212547346684221,0.15162308801037608,0.047217704828048296,0.10983685568251315,0.07334392804156932,0.04879535557692556,0.13464639941343742
0.07787885819929703,0.10756327478086135,0.10879696300744449,0.08738290835148847,0.11409240364004741,0.13023639966706324,0.13707570879323158,0.13196368607885844,0.0740901995318977,0.030919597949810414
0.030019976860245014,0.024793578765614274,0.11965814836072375,0.1478329973154268,0.1531640969267879,0.09849350235191877,0.13312817124732693,0.123016691899829,0.07626800415545054,0.09362483211667703
0.053032327048197395,0.018224249697624595,0.10312441507026716,0.1555203184027238,0.15270319974479768,0.17050582820532537,0.04194610422736024,0.10559549762189133,0.0358949837995495,0.16345307618226282
0.0744124233566192,0.060868946036210514,0.14376619105575683,0.1410669937442335,0.11399732356296029,0.08872885232092824,0.15855129299955423,0.06277030407577641,0.13892311919313527,0.016914553654825516
0.08495270325947808,0.03063280284573699,0.1814177902987499,0.08890365026235243,0.17711250717288665,0.020081613723565855,0.09416460741466261,0.1707515140279317,0.007807159462293458,0.14417565153234227
0.048857072929241116,0.11969673002458506,0.07481151022191605,0.1858711537344886,0.07584588277250386,0.11598589837561014,0.13680540898881854,0.0903457769066908,0.14667055702434859,0.005110009021797402
0.16574524949643432,0.1366854165206155,0.09741786564321929,0.0010771138567588973,0.159567296307465,0.04583092058571718,0.0832486818407011,0.15247146595229655,0.0638251212275975,0.09413086856919477
0.10758017221818235,0.031341524437926135,0.11531886192584548,0.14660031585889233,0.013661994751804947,0.16525140603209534,0.09938674501512144,0.11509553991849554,0.04271889604675485,0.16304454379488162
0.16759512230331045,0.061424886631820955,0.10610146664571071,0.13369229804456192,0.005393543296595324,0.06445839027209352,0.0037874943957439647,0.17240354672423922,0.15278336890692776,0.13235988277899632
0.13925857268835315,0.16535900940069087,0.007539635578113962,0.09974221008869079,0.04552255519849086,0.15807878653960597,0.1239053769106573,0.04425208181128465,0.11668037764440793,0.09966139413970457
0.026982417459286222,0.19589918001218673,0.004918827442476976,0.16608379102723406,0.027702912105141177,0.1424303786615079,0.14188447265655993,0.024552612245346092,0.11349683679927673,0.15604857159098406
0.02561139857027958,0.17731100238609912,0.19016427552168375,0.13971483348014732,0.03610825065157166,0.11657158487209383,0.1797894768170337,0.05997280663705341,0.022881190975317302,0.05187518008872036
0.16175124438404265,0.15612208515386927,0.006736863066058102,0.0678553174963421,0.19784451317152124,0.13660696551309592,0.01641232403375653,0.017117262045307564,0.03252945023695074,0.20702397489905588
0.1436825967673084,0.08023739437147136,0.1343081095810547,0.10071848691116694,0.016361813690437765,0.05659539217208202,0.04992290432719348,0.14558223789716893,0.11686501859130569,0.15572604569081075
0.08033462461551395,0.08043816705595738,0.09513591869991245,0.1591513125015171,0.13096803370404878,0.05541636933093676,0.1138431229885013,0.11491516002198447,0.05055401885347963,0.11924327222814812
0.14709971098973393,0.08966922156586189,0.13584798290944972,0.07221911069054969,0.061471809099377835,0.0805639090847027,0.14473885633018166,0.06890189283039147,0.07580469577364699,0.12368281072610406
0.1038683209379259,0.16038948462002328,0.039365676127751936,0.08072803025429558,0.1404192081845397,0.009783433495965537,0.17380867741061484,0.07894625444599192,0.15201218303509223,0.060678731487799106
0.09153500199709699,0.16145084321287226,0.07101245141440682,0.1464008044755165,0.1512997660062204,0.04481218335138875,0.03843330515207555,0.0944464824617313,0.16012918096588916,0.04047998096280215
0.03131772833712102,0.11830832252584896,0.1477514434016563,0.0424542021503588,0.1642455622241444,0.15388144405754242,0.0943203124399231,0.021165780783400857,0.09719496871768103,0.12936023536232308
0.1756825015674371,0.08859427072650639,0.12944280327423213,0.12131878113596598,0.050104722942198726,0.08937275806264337,0.05073147889989308,0.10313812334947972,0.12367364906899507,0.06794091097264847
0.05696370149301837,0.07071838201569708,0.058789073636561114,0.13434791261875376,0.09084190775046157,0.15072192857333908,0.15693713754851804,0.1575697233093618,0.10272922091014375,0.02038101214414551
0.2217007763068553,0.07275332936212611,0.06579119396964586,0.1611378120499584,0.16461068764504377,0.002384143917216724,0.05593650608398672,0.19689601120931882,0.04150607187760727,0.017283467578241028
0.09181582351080135,0.08964563672034508,0.04707390133951319,0.09410784324108462,0.09947181557956358,0.13037697861024242,0.15201198566130847,0.003227974078793758,0.15120003502538495,0.14106800623296262
0.09580331231415012,0.045973887777569285,0.1574317806846341,0.15175376556152637,0.1503901923002637,0.04108359745835688,0.14207288476937371,0.07483636603099043,0.02632681929815519,0.11432739380498025
0.13279302124509396,0.06112122300238308,0.16051144863451572,0.022885811862512744,0.08906482446636724,0.06979473256619104,0.11012368760886872,0.18677260426615505,0.10854201096884945,0.05839063537906314
0.09117483891914768,0.1364740638800423,0.14700970949184478,0.006578519563142723,0.15814252290385336,0.13196622160654806,0.10539635136933534,0.035173185797143125,0.15882313943170934,0.029261447037233164
0.0579532397000309,0.12481147760022052,0.18360876412874555,0.12977005035076725,0.09491431013001998,0.0749680081911514,0.05257713240798002,0.07943161663307646,0.042686427907804386,0.15927897295020366
0.03480580205101746,0.13289997845749776,0.047245681342957944,0.09578832138272171,0.14754721796536133,0.15234868974658036,0.04470411609422132,0.1069637773865471,0.11522273954866498,0.1224736760244299
0.1244047885987145,0.08591370047596943,0.05005363909619811,0.1488848226154394,0.0310537383067443,0.14568337850940305,0.14701479348315627,0.06087762187920632,0.13471851760909448,0.071394999426074
0.008187273274869442,0.07651599268024455,0.039158331649590795,0.07854860591059148,0.11823769294584752,0.11618131974149691,0.11472461044652632,0.1652194426212271,0.1355986067208259,0.14762812400878
0.1278332313828755,0.05229014725561931,0.09973402556458638,0.08543843331707138,0.05282675794759841,0.18799975834318203,0.1339826684503876,0.13011701449823743,0.10769451276384276,0.022083450476599025
0.16805305810010546,0.015081164341758293,0.17614326368744082,0.10741690506318192,0.10813264403239407,0.062053390040436286,0.0021039679371814514,0.09999623792595141,0.10041571652862838,0.16060365234292187
0.0041275747102695924,0.13828739500661397,0.1743246802439931,0.05334872665710855,0.15487524872433722,0.12209208763254112,0.011867801493613538,0.11819410469451834,0.0940511397438324,0.12883124109317215
0.061485438247990375,0.10742986650484863,0.08135675205087312,0.14108110909422822,0.0468958370504337,0.11873759063644294,0.11827891368799139,0.08162308013202543,0.09613940780409809,0.14697200479106806
0.02981145457972451,0.16803983364411804,0.03533498178156317,0.07550279934893123,0.16057830959399064,0.04098858946782645,0.14213270942088577,0.11743985387256192,0.06723477176234013,0.16293669652805812
0.1947686004598551,0.16118773758656318,0.07003171271601072,0.18503317377641787,0.15266827302221378,0.03595398047443701,0.030529019468190265,0.029532458442603597,0.0752536475780348,0.06504139647567367
0.011959000320496358,0.10775262859176152,0.1690073078652801,0.010279689177443539,0.1750354240301418,0.058791621417214515,0.033943041605292136,0.27521449740413567,0.1309742435191747,0.027042546069059634
0.05117058916003418,0.15299816436625743,0.12547243173281747,0.1204512726564912,0.05109526106750115,0.1286893288293134,0.07093963260253373,0.13982075238536526,0.03454643110805242,0.12481613609163386
0.168855698598421,0.16928287517025162,0.04388109016987793,0.13828454819360708,0.13385154696752125,0.05051119934796164,0.030301217180548585,0.1482877723089317,0.10584552472547709,0.010898527337402115
0.05085315676045536,0.14428374500823019,0.026892048654097937,0.16923765264634638,0.010675091841425925,0.2130547790533126,0.26153748739966765,0.011616620222522278,0.07490332314326276,0.03694609527067914
0.1394321209245981,0.12434002774411382,0.12725359498747948,0.04896651988630987,0.10746801784907727,0.09031141442093396,0.047182134326770646,0.14241053091450492,0.1601213448776597,0.012514294068552182
0.02257111968887284,0.11530649301734579,0.1458126225038271,0.03146189967502886,0.1360688780637306,0.02737735951102385,0.10874098185157752,0.09939000634390742,0.15245350695759485,0.1608171323870911
0.1147703662937617,0.0325079741448585,0.1406170624787854,0.1513322812160947,0.05151523648838232,0.17462476274588018,0.0910013861481666,0.044205688978480116,0.08834770040640307,0.1110775410991875
0.20249509774284416,0.03758758114088835,0.14114139948391244,0.1021085531722369,0.05047084678611473,0.045589571171936204,0.059231926059665346,0.015620045361619834,0.13931811136225977,0.2064368677185222
0.02024658482326065,0.00558133564354648,0.08326188685369397,0.09184690900382719,0.15739174437854095,0.2722460752119221,0.16312233679502378,0.011177385450455456,0.017147263279071435,0.17797847856065796
0.06661029902329671,0.17574353127945513,0.04319746908120996,0.09595113317923461,0.14361930245109883,0.11283576516104907,0.11078284932409875,0.19955409557202342,0.00041912983520270384,0.05128642509333085
0.11009674910693715,0.0994472983500923,0.08693302815166737,0.18398911935154524,0.19039046072831775,0.15887738291577586,0.024516182455750452,0.002961316001243918,0.024509249897232157,0.11827921304143785
0.08190831870261624,0.15651608913653473,0.1338692964403593,0.1007412614736437,0.08580252553090786,0.005675208697502256,0.08308243641195809,0.13735465510782163,0.03154353339199441,0.1835066751066618
0.02576031370160434,0.014754435414348665,0.1682132524591005,0.013189166911379713,0.14631387624742248,0.15021618061043723,0.0656371890504804,0.17365959436331158,0.09980413449914506,0.14245185674276992
0.05661199566123566,0.18187648498877,0.12258562038836965,0.05541818594063212,0.07371708135072864,0.11724793919384922,0.09454691048620464,0.09846037677808019,0.0481004162724986,0.1514349889396313
0.043528274722822405,0.04747681849848751,0.13684191437528045,0.12207862227452519,0.12137419672912711,0.13651297132358092,0.11814587105841687,0.02597115881592784,0.1229318697419857,0.12513830245984586
0.03391619168214338,0.14579840266036875,0.09611945835542283,0.06548586792663466,0.011541931160463781,0.12428690800735435,0.14829872611113748,0.14416360547701557,0.05272480508005217,0.17766410353940693
0.050966686537836876,0.20586169952349,0.04033188182186375,0.1844296761199582,0.11310073318995281,0.03656835912515023,0.025061409705774872,0.06715224116458378,0.16425280048568489,0.11227451232570469
0.1646737635831665,0.11035673431343528,0.019007497194684295,0.11944684461550692,0.14749977894885027,0.08815980804682097,0.14616964015008332,0.05758600305908947,0.018447846276509545,0.1286520838118535
0.03042681560435749,0.13057382717185242,0.039078887439280695,0.002515052298388697,0.11273916838507289,0.09767794357858048,0.15225525785119567,0.16955528062970956,0.14754606980603144,0.1176316972355305
0.09051095085792052,0.13273452242973777,0.03686819884012028,0.14079091018864798,0.1224739243747208,0.10362336676854275,0.09769557672670764,0.0856426664192597,0.07064946740653384,0.11901041598780882
0.029519579162145544,0.18205587318079314,0.04690419383655707,0.040877582136394315,0.06264418910004062,0.16046522099495242,0.09766455509547946,0.14060321259284772,0.11676867449500096,0.12249691940578865
0.0012773408336371956,0.06562950484923966,0.019607965122059548,0.11126682429231398,0.09395810013987195,0.18524614812054868,0.04916960694440341,0.14402794202530303,0.19702900321371983,0.13278756445890255
0.15903983874446032,0.15991362076929322,0.12311922257273632,0.03285455815754449,0.04491728199650344,0.16219371518455095,0.09742959946714316,0.05544896835949074,0.16320494853540138,0.0018782462128760023
0.1347797978381574,0.0006786282709395924,0.012597740663187727,0.06493632014683855,0.14290214598501486,0.01438392789581251,0.22202581711286232,0.056205566804090355,0.22527436841341072,0.126215686869686
0.09891792903013447,0.17407732365741252,0.07317114815975297,0.032340789831770564,0.02638856274242104,0.1531846790205247,0.16134180173649035,0.05941177773763696,0.19433802506591297,0.026827963017943504
0.05303250648433042,0.065829733397291,0.13555542432520484,0.05683653182930606,0.1252545526160224,0.06604573060617434,0.0654787696414742,0.18199023696985744,0.14892768386949248,0.10104883026084666
0.08744164618196208,0.15558726340596515,0.16631069689668668,0.16348528866957174,0.038904393736030225,0.04701278769903513,0.04223400793378176,0.08002805644787647,0.11157015368337753,0.10742570534571338
0.16836157590167558,0.04513725796229162,0.14349842218173064,0.036210365508128645,0.05127120887682442,0.15782154249164673,0.07176909394866761,0.1818184057413922,0.09127436791170854,0.05283775947593387
0.013809934409817495,0.1384098451417179,0.11333424256815439,0.04666592576059603,0.15724608961445666,0.13772872436160888,0.1271062285096062,0.0752034479063378,0.1423873832011625,0.048108178526542165
0.10891179036261589,0.022557844276568345,0.15503362136960483,0.1520969572509077,0.08502685875879921,0.05068045342561978,0.014189603599239934,0.0963089129469366,0.21569551025177883,0.09949844775792896
0.033162382583277514,0.03683060092316918,0.06745801484179431,0.04767051633529514,0.21058261308984638,0.1468667104654149,0.06857155367173264,0.14869275446657623,0.19257128988070582,0.04759356374218793
0.0846494759688498,0.15190331114155645,0.12028576903119816,0.11115087341829052,0.09412262525504793,0.07767082455512522,0.11068281309799931,0.1507376879067278,0.08592500120554719,0.012871618419657609
0.22334613417743607,0.057009373576395884,0.050307548216986575,0.06490498899900644,0.06732970600245333,0.05181442613307852,0.09511228823957336,0.004401750889571379,0.16072656765694127,0.22504721610855716
0.12484943280160571,0.08720860152201242,0.0514187256439634,0.15009637349993496,0.14852866288070035,0.13426972849745822,0.026851441635418593,0.10053039261940315,0.04367325911941342,0.13257338178008984
