i = 0,i = 1,i = 2,i = 3,i = 4,i = 5,i = 6,i = 7,i = 8,i = 9
0.03534878494921952,0.057735846107089345,0.10560122636050415,0.1634624257289319,0.026959642926652344,0.16799397622782147,0.08414536818179144,0.08686421743387461,0.11199535675201512,0.15989315533210002
0.04200503089047152,0.15410018102703416,0.15496288317721846,0.1721730862853346,0.08078144272133922,0.06777680563066203,0.08228106176316187,0.060218691138863835,0.056539363667677964,0.1291614536982363
0.15305778870554038,0.12680982373219385,0.1256877210993712,0.09990541098330662,0.04211047235156298,0.06343162649202626,0.006817092606079378,0.10640725254364326,0.15075443903975833,0.12501837244651784
0.12536658965700254,0.1723423396754065,0.02547236581457684,0.17960231617141464,0.15195756180576195,0.18960380036116203,0.00298457598746046,0.0036237137279460556,0.038189774148588713,0.1108569626506804
0.10908567689800301,0.14338829719683693,0.03030037466940013,0.13019311542538387,0.12587400980315785,0.12464193570848983,0.04485241116583238,0.10887992906546545,0.05125120091371683,0.13153304915371375
0.16437238682242314,0.09591872577323507,0.010650382105873355,0.05800427752132838,0.13209826551164114,0.1411247779341086,0.1622048986859051,0.16273624492972427,0.05273787805714078,0.020152162658619986
0.09556736207458366,0.06462392834778796,0.05854646200651414,0.16408074542794637,0.1105607552026729,0.029088396445701544,0.07310159104124125,0.1518302944989707,0.10716187816367269,0.14543858679090874
0.09929216981477673,0.1104023000599087,0.026338349465997748,0.07823249150471963,0.1442683222750636,0.014498377332067994,0.048414574090178596,0.20146658136522713,0.1695538281413639,0.10753300595069602
0.1758939289699072,0.020216222023047337,0.13058079119388719,0.008071840861758451,0.17217361205318713,0.12141247245804573,0.050215679572816585,0.15170368626355113,0.04188120919265418,0.12785055741114512
0.12024000152254706,0.12116199808097186,0.11475895683911515,0.016075855507425782,0.09172695432611286,0.09029695452931838,0.05074502531625286,0.13032551125189784,0.13000145565079557,0.13466728697556266
0.0822612238546714,0.045123941275611604,0.1550013005011367,0.11029412239502315,0.09822114737135015,0.08369751486900251,0.13377821989260485,0.0023235435440106143,0.13691442936517131,0.15238455693141773
0.1287701024220433,0.061995025227538886,0.1069395815023911,0.09909826640275458,0.16266625982486319,0.009881870736350785,0.1457214676834632,0.14609702217430817,0.0739697273218268,0.06486067670445993
0.09631366746629769,0.005534932262540286,0.09164943420148684,0.14221362537677812,0.14393063895137848,0.007691142552903023,0.2674814164160426,0.21847135047345037,0.008222035838663357,0.01849175646045928
0.08249748616389307,0.08280418159999055,0.14366263376818836,0.0064562343070254154,0.19064726506130464,0.04900624125401919,0.12130894879299123,0.15574324479701515,0.13133193529631348,0.03654182895925884
0.07147129701527169,0.04145967063381441,0.11769859346910506,0.014021154830737702,0.13973583656941568,0.12326601936624088,0.08078944955786024,0.10419965461248112,0.1415255533499817,0.16583277059509158
0.08763454104164721,0.0838128415090301,0.06500846873259783,0.1362699503025999,0.10188026021983126,0.03338181670505841,0.09681276576356042,0.06785977273563164,0.1638825267458994,0.16345705624414386
0.09231800313186639,0.09224438107077886,0.11255534658057297,0.02604538532897298,0.1509267990823752,0.141492469304125,0.04183474495393145,0.14131018458001707,0.12858401606767547,0.07268866989968459
0.10957664612236162,0.021745059732841115,0.16646264872105754,0.18309541383425287,0.18525968958684436,0.012090365292318881,0.12561025949578372,0.007801718249927829,0.17191717928855754,0.016441019676054637
0.1335149904646883,0.07642501646909906,0.1459637912428465,0.11960848741783393,0.09520097630967113,0.003499820052037443,0.1435112056400703,0.12300417751496967,0.03765996120754453,0.12161157368123904
0.09134311242821762,0.08724437690497742,0.11908047938232053,0.17175119077557482,0.06251523449993428,0.09451946370812073,0.05664476744339692,0.07251663245790117,0.09049373132180558,0.15389101107775086
0.003044962504418808,0.07199117146721955,0.11467436552374013,0.12536254110836487,0.09401594720554257,0.07174964781992003,0.18018598966287222,0.21925847471660145,0.04482088100848735,0.07489601898283317
0.06563525003799955,0.15909633470844284,0.0615964760342389,0.1277860109302291,0.029472697312907678,0.19175924305713118,0.137368000777912,0.12025070168819885,0.028265324174866293,0.07876996127807372
0.10784709928083948,0.09435160720283325,0.14804233742748735,0.13654654829651874,0.09892285606687784,0.0002620425840903938,0.0005571159455328717,0.15124151474637607,0.12959233033510115,0.13263654811434278
0.10627106535735265,0.05494411968251201,0.14274349631509045,0.15066897570135113,0.04878566314719233,0.10396780582047814,0.05100706765091383,0.08718066066079896,0.10725428147541229,0.1471768641888982
0.1613610031112737,0.006447324588105112,0.15579899980750603,0.01245004167525205,0.1628557714028426,0.02069574375027056,0.1491880227394405,0.07851353536508227,0.04495793542451338,0.20773162213571383
0.046470510238430025,0.17826063607205384,0.025849591030595035,0.1875139983491642,0.1288438387772647,0.1690733619865822,0.18981750010929943,0.04006995848007273,0.031077417177917562,0.0030231877786202027
0.1478413879927501,0.039899324479785565,0.11121990205072144,0.09690470776115735,0.03405451192116066,0.13933374515863226,0.09466290747933416,0.1642599684005671,0.10036318954332636,0.07146035521256515
0.16971557047409552,0.16252675773753414,0.037035035769324966,0.189272343543733,0.07544445118665079,0.00994801493735761,0.1307578379438677,0.022582347168792975,0.029190687022666466,0.1735269542159768
0.16554280727032883,0.18163279152499692,0.16203531088650103,0.005609384256139933,0.025648158335085262,0.12624545211874189,0.009833021855280621,0.18302048749450417,0.05159930872430328,0.08883327753411814
0.1272651657091744,0.25106307500660613,0.0651741861793353,0.0081425416752931,0.21772140165914677,0.08130631212337223,0.0021081277129926606,0.11702849926247927,0.04370533933340575,0.08648535133819453
0.10387763791357318,0.04556428434386611,0.09933992283400057,0.15055573108137335,0.14724006303547807,0.09067375664670042,0.12649946879730592,0.11827383584069866,0.0024090526162671663,0.11556624689073655
0.14441695768789137,0.024915055405009327,0.1487154412219477,0.10529801561070844,0.18458748467531894,0.004084772430208233,0.23534983005276292,0.023087514524595565,0.10331350819823687,0.026231420193320577
0.13505080868760544,0.07893749268914359,0.09552213270155034,0.046051634497397104,0.06717359251827004,0.047074101333498805,0.13425172609605665,0.16028421753789993,0.0687291746557666,0.1669251192828114
0.10016680561815895,0.16965265791850276,0.1652876936993033,0.0024363233789764425,0.07004244732019126,0.06176728876049565,0.0878327081847531,0.115113332623342,0.11189098294229786,0.11580975955397864
0.04039794425141101,0.034955657002088275,0.18982099085694404,0.18762018315373388,0.023179887119070694,0.031553116839634465,0.15074033521739807,0.03463548629330484,0.14389374266183294,0.16320265660458186
0.15207883439981068,0.05522006775630669,0.13335605104528386,0.14791555500512663,0.1338902242601934,0.10720870080775777,0.07342939806476365,0.04335664189502375,0.044894011084515,0.10865051568121849
0.09614646479114901,0.12903372059259915,0.008479893234485556,0.13673432258751136,0.1168507161245899,0.05343008570302934,0.09740888314294588,0.15080133765613557,0.12398990479272899,0.08712467137482513
0.07047653461659069,0.11525851674010208,0.011590262769037239,0.04566971243340275,0.15759313608247824,0.12016661884566666,0.1069535662912299,0.1451416674636313,0.1172722661148681,0.10987771864299306
0.02936954407872376,0.1162586748241754,0.24186081508967033,0.11889981939634152,0.03197480878892863,0.12392256929967627,0.038264457935776944,0.08137247764237329,0.14597194735007515,0.07210488559425852
0.07450178048795521,0.07433713515257587,0.09357690895942512,0.1642953860506222,0.01215270104519908,0.17926413408299163,0.16280930006891736,0.007388811242707712,0.14633528497252726,0.08533855793707847
0.01686000903137347,0.09863045514063995,0.15168043905116013,0.03995065884511691,0.19243384300062832,0.07822316083232402,0.1717935539301726,0.013345135771496564,0.1635567225318635,0.07352602186522444
0.0743921720318885,0.10885833702913424,0.09336329178525239,0.09614810038169756,0.042810643914705536,0.04471328588375161,0.132646099501858,0.14222387385388383,0.12575736745038188,0.13908682816744636
0.04649893559571591,0.011280650287400187,0.11611786029541805,0.081883903787039,0.26704023034162505,0.04258176784537621,0.02755371240748262,0.1885078760149434,0.07469820670999883,0.14383685671500074
0.02271977035467509,0.1958630591066029,0.24684976253091453,0.013564629246997513,0.16746255871953553,0.01697938980925963,0.05637040129210364,0.218029554061058,0.024462186069770048,0.03769868880908307
0.03158906650036048,0.17249605802777038,0.09429612975729654,0.19537111566534163,0.04783630349034056,0.02554716356135041,0.14141064683258636,0.043976849398694784,0.16156021798364018,0.08591644878261856
0.2128677453968287,0.015870175690385346,0.020557628783048003,0.18900938147700663,0.0176174427369793,0.18169700931320026,0.1707139529731344,0.05335509363863278,0.025701667116600387,0.11260990287418406
0.0008070105400726444,0.04832577725937309,0.1359943691701717,0.18918714797994365,0.012250322452144443,0.1101731613974666,0.1762979810370892,0.20773578684883745,0.06309482536237924,0.0561336179525219
0.04153729563418415,0.1453406044972803,0.11969189365587297,0.030093648882335282,0.0640689443167283,0.1312949526123904,0.219077848999716,0.13425675302398002,0.1133348690664593,0.0013031893110531361
0.018061409947021302,0.19369877713021683,0.052619017311909794,0.11273514108175048,0.019807868983350303,0.04141926356691749,0.17450742749564613,0.1909589815826927,0.0322247131752195,0.16396739972527552
0.030957857431018792,0.13743319407311358,0.07768204955500378,0.16400551251459752,0.11410254306233213,0.033180154960532775,0.11194536358332914,0.017571260675871454,0.17150107511999413,0.14162098902420656
0.1062732928254514,0.1739394707171896,0.08376972461287277,0.10866425268262801,0.004422922230671369,0.002047109830562479,0.12210627221508287,0.08267574450055994,0.09823734034594193,0.21786387003903956
0.11381345801524625,0.22148141450873854,0.15837105236267318,0.12037477219270167,0.08095378112810205,0.02714761096431673,0.15255853304966388,0.034358949351414585,0.023603574003173304,0.06733685442396996
0.11103699518498197,0.10917719558869456,0.02205594240198579,0.1291816164217631,0.14115226870040778,0.10327556834978138,0.14457520626399262,0.020534950070679688,0.07616889212078666,0.1428413648969265
0.0295839858888216,0.039013848333870255,0.024721345850697116,0.19543670810116714,0.14283115328388157,0.07362085683567601,0.18577773309225448,0.11348824107242177,0.030217717419945014,0.165308410121265
0.02410779901927015,0.014311558498547173,0.005742116379875587,0.10827337620700421,0.03924347947876761,0.14096366472376504,0.17309017539691976,0.11904147145981651,0.18517592794700077,0.19005043088903306
0.0328636950216747,0.0013504519156999645,0.11716927857511851,0.0834840272576343,0.1885283978658884,0.09418764396151748,0.06929856511006496,0.2206718428631153,0.16112618290027902,0.031319914529007384
0.015045064029632226,0.0890377685813898,0.11947878856351485,0.11742330619457765,0.09076171404580842,0.1475938224976693,0.10167917313595073,0.08586096808192968,0.05310943712545755,0.18000995774406986
0.25254166210107104,0.08707976142605271,0.0949584329257136,0.01468453820188748,0.004714743077905898,0.02492427313237998,0.10418376828812839,0.24320169770952363,0.06571056041263139,0.10800056272470582
0.025699196981157874,0.21859725069292,0.0322145504689639,0.0513848066986511,0.14191758298163498,0.028915866629570613,0.19536875251537583,0.11418681752026462,0.058453789979544826,0.1332613855319163
0.11332119844228643,0.1397109257655818,0.1663331945783142,0.08429356663939991,0.09396943389129551,0.07265335274433422,0.028917889243978895,0.05035032892438295,0.14974459560709502,0.1007055141633312
0.08676982658294398,0.13128038699927053,0.005794315764807013,0.054706399595125216,0.08126798745039437,0.09442474854574455,0.16127032188897886,0.020872880809793763,0.14165332556517,0.22195980679777183
0.14010866381175957,0.18424409478667497,0.06998680089109505,0.04536211843337881,0.06076290589406767,0.03139225865437694,0.1279820528180428,0.1459738891291196,0.12339872400692929,0.07078849157455522
0.05585925574622558,0.10178983156844922,0.1099190346206832,0.013812986845855251,0.05902580562101898,0.18493801176622032,0.06117921704211828,0.1036319692165962,0.1241622775953498,0.18568160997748315
0.10115359437788561,0.13377783607054,0.07372836517848992,0.015885881923613086,0.07276838498308763,0.15964653442017016,0.10430601007050026,0.15358800024304264,0.16165993616193775,0.02348545657073292
0.07972337771436791,0.06060674370009673,0.11747171536387455,0.05262693258090303,0.13044659860848346,0.08196555279622444,0.12798625995804427,0.06007676508748383,0.15784196351902594,0.13125409067149582
0.048805149511768446,0.22013651335994758,0.08392064214859339,0.13074689272655882,0.03257760493823946,0.12424070229883649,0.10017788962534101,0.01403192480550494,0.1691915280019151,0.07617115258329492
0.16368125425154054,0.037491286632183214,0.07980395444782733,0.1482609182408344,0.047333381566163756,0.1519091828908124,0.07327878659887575,0.14272857590295807,0.13209149702050837,0.023421162448296184
0.008162703845585002,0.10711343023331665,0.1781094792510101,0.07441002096215033,0.10382173275535443,0.11420995596449572,0.07916993284144735,0.1546371070135189,0.03932382723799442,0.14104180989512716
0.09987101009084805,0.014690647560338261,0.14659195580126486,0.15954088577496664,0.07183929511907122,0.16785003658661563,0.15439225862709277,0.16591941602811552,0.006865631799117175,0.012438862612570127
0.16976452836253128,0.13210350750902997,0.03815700919475628,0.12963147238800543,0.17332822466268857,0.1432325239992135,0.014988001529291287,0.13576710640418335,0.043585422850127606,0.019442203100172775
0.07704479212310957,0.1557336303238403,0.06631897370517172,0.04776882253795692,0.08761883761920211,0.21396642351603992,0.1306807569396388,0.02594945437520188,0.08810147187914967,0.10681683698068914
0.06758545776522178,0.1659988492664331,0.16421047166636488,0.1366133406649937,0.13293163577714343,0.06945445566636571,0.06133419445817555,0.07937262227039273,0.032379167187620454,0.09011980527728876
0.03569148279909485,0.1594672338259065,0.0352426616802931,0.15714401829070523,0.012485853783109749,0.14925599413491644,0.14933314386488594,0.13523330162399308,0.0762522788271695,0.08989403116992567
0.03086441133908316,0.007216413587368904,0.031007669659079827,0.012525595972528376,0.0322528867658356,0.09401494320622045,0.1478672124007134,0.28253803649328363,0.05215344699873263,0.309559383577154
0.1153762343680658,0.02215987396885205,0.03632010325800355,0.10899827591316504,0.10722338303458298,0.1750423604658758,0.10964247703700043,0.07512361308321083,0.1761293758775274,0.07398430299371603
0.09381089538410516,0.1335711235787572,0.14447702634312454,0.11766503300518638,0.09242185817777415,0.04634252456340187,0.11756314230419754,0.21090039160683888,0.009057288245349765,0.03419071679126455
0.057177097725465274,0.09165746253627924,0.10579380150858711,0.0947675497239304,0.14290400458313274,0.07648292248509736,0.1229932131031731,0.18193252375121727,0.1223625551841368,0.003928869398980751
0.18323535203508723,0.050517173204825024,0.0590677492796587,0.009788105901032424,0.16157496692994952,0.2037343360604503,0.003495810014262082,0.05848657015470357,0.11375715153373708,0.1563427848862941
0.1976732805178041,0.1560110288296346,0.07956057541105223,0.04914343797681578,0.05358373193679076,0.0369185478178373,0.1972028662732957,0.13399687587125375,0.07966161709374943,0.016248038271766248
0.17509371564943194,0.14057614703721455,0.12116062923490029,0.026860876750027903,0.08952440186639805,0.17111774178111508,0.09231508637721841,0.07600522748665084,0.07088394779340489,0.03646222602363789
0.08025240291037511,0.12840698533185865,0.0902268317959731,0.10197462103381297,0.04812706605940509,0.1626671852972412,0.1480523898272998,0.005571953778899323,0.15855035094383957,0.07617021302129527
0.07439771783302711,0.21451654732977693,0.08236800669323509,0.04086832680164246,0.14999087128184163,0.17469672357267807,0.005271771054109634,0.1489857163583217,0.006611394743371787,0.10229292433199541
0.1570298868208638,0.1549207171216412,0.06745269933727455,0.04652950684729544,0.12356147740629216,0.10384310838949802,0.16848458832701138,0.10842307623059645,0.052416399515586354,0.017338540003940743
0.15667910696095103,0.1302767091783804,0.049308642136113044,0.14489531638037478,0.00019564574715769228,0.14463706420789002,0.1359148480704778,0.13693632853966467,0.06716918873830312,0.03398715004068742
0.03443836414248899,0.026990740347476103,0.09636188943480922,0.224963597834612,0.08231017791148883,0.2188513081466905,0.10275732877628614,0.011817498129494487,0.20034724414607366,0.0011618511305802137
0.13834901288107346,0.07845508219711783,0.034147542645495764,0.18057269722011124,0.12885068627234958,0.03506890397217258,0.0903959225614309,0.04101580132801376,0.12877298144251173,0.14437136947972318
0.15710648820501738,0.022681927095813084,0.03606463354266698,0.10655354720874792,0.15577462675079892,0.09035164563385872,0.1708849522625254,0.09146729836355588,0.058958307240037824,0.11015657369697789
0.052461985357103835,0.16800365968794112,0.1696023602961868,0.1900357979146124,0.029752956241935656,0.1091409067664085,0.1551909866788704,0.043037756032475276,0.04806804992433957,0.03470554110012652
0.056441751620214205,0.022232285519238115,0.11977000187704957,0.08175929857146695,0.01061706518989046,0.1848757948034733,0.1549862752406681,0.16269850867443678,0.1449880900881166,0.061630928415445825
0.13462017569612061,0.07807580799534405,0.11371196853715945,0.16110601416252476,0.03616395497238193,0.08051149108085305,0.1253820085558785,0.09523137039485888,0.15809138874203565,0.01710581986284299
0.1425782593246142,0.07555346954440237,0.07138232532194994,0.10441393875832801,0.09188325208975262,0.033799069574153615,0.13296782067467364,0.12499167104322416,0.10742148409047678,0.11500870957842474
0.04144538661970672,0.2005100995734433,0.02882572994137388,0.2751159531221984,0.10623775316217017,0.14389174564349239,0.07492992818507796,0.05363100425247417,0.0007507107289165415,0.07466168877114658
0.03797079867316174,0.1585733956251385,0.0758522439902222,0.07644152213448983,0.16573666367845247,0.009901325691288218,0.20181351061144726,0.02597336016320878,0.18741575764654397,0.06032142178604705
0.1111806111798628,0.10213904153542556,0.13588775432926015,0.12661251374282048,0.08761071704744061,0.07728134513299459,0.14667097183710723,0.08423731234932907,0.04062892790143588,0.08775080494432368
0.1308387447939961,0.13321168130737296,0.05776857934526518,0.10608534837080787,0.13301594827804383,0.09047202937265302,0.08364270155026528,0.07054283026308275,0.11979224967516494,0.07462988704334803
0.1520213491998912,0.08509234091760737,0.11869867420030922,0.004541100038962037,0.0867380739143609,0.10634290036954934,0.04415257989117917,0.11617832002217612,0.13592761123681812,0.1503070502091464
0.005276292192079872,0.11736331706204496,0.056160361628136986,0.16697975743812354,0.10648566014197004,0.17425608798052472,0.10730581454690967,0.0011927285372337441,0.2231226286191853,0.04185735185379124
0.165648720656591,0.1937639207384673,0.030727901131691184,0.17096836902415033,0.0702498348333817,0.04054110720146173,0.015017165707432742,0.16264390179336657,0.04033633159515414,0.11010274731830319
0.04313401376956309,0.1507086425434573,0.07397099849646468,0.09970755942199235,0.2118932324317104,0.05582039619424777,0.09078889739642991,0.001715891193118693,0.08051345054718227,0.19174691800583368
0.17886886947238254,0.16400076477159672,0.012440433070464758,0.08981620548002772,0.031534737141707514,0.07542919140319275,0.05036868584869526,0.16519763368717516,0.15790616070126212,0.07443731842349564
0.14806050537071327,0.03424604411953804,0.12299819795054395,0.015573907662799613,0.06590196178001567,0.08346477771246234,0.13879953498832834,0.15450945700265215,0.1212683426772906,0.11517727073565598
0.10004070743050272,0.13578284666212279,0.08315675965173162,0.16943398714460955,0.16850091764986322,0.08676821451864138,0.03078170288442074,0.040427247891677204,0.07995912944515994,0.10514848672127074
0.16622918068378245,0.0017962547944497583,0.042783304288721215,0.011952538389965713,0.14568290696474948,0.17061540153331886,0.14230526969665613,0.08886716148495502,0.20750581076720356,0.022262171396197843
0.0673391489476371,0.07385060412710265,0.08558979837770521,0.18529929852505003,0.07648910063029939,0.1275798203467682,0.07010928618512668,0.1446019904689606,0.11765919903122973,0.051481753360120334
0.1677390062929189,0.06925429550194208,0.0845384335822195,0.18090498635912183,0.020435134543109634,0.059701253184443234,0.14032672899490667,0.01780313138903425,0.141260643976574,0.11803638617572994
0.03042984296749929,0.06123717025560045,0.0011696969985463413,0.07079191135676997,0.1297944025349693,0.024876247049177787,0.18376961605603137,0.12688604784039362,0.17843682688661314,0.19260823805439864
0.050735835843843675,0.11318460709215306,0.01509933465531513,0.08238905666105659,0.11094278786009566,0.07441994361944629,0.19103809742844066,0.14239912144803257,0.08376290596569225,0.13602830942592403
0.050099124765025205,0.046562237986087496,0.11537509008377846,0.046375144326990136,0.13481513404687728,0.14954315122434222,0.16314768143731295,0.13572651218645815,0.01633513000285987,0.14202079394026834
0.016614839567479067,0.18542451756680944,0.07556067310203037,0.18699903357962333,0.1429301615546837,0.1234451324859668,0.043270755825569086,0.18195453078653628,0.010158434945812773,0.03364192058548909
0.013929118298835365,0.15624445453157434,0.15731334681966735,0.16427971392797353,0.12044791681063952,0.012109988883724691,0.18460692944704962,0.10208776030574512,0.06739998313599034,0.02158078783880014
0.24157340886818537,0.047914181160964395,0.1538841900962957,0.16245691065282647,0.030496182002159283,0.12088505993247879,0.04159950155961162,0.0845835773405942,0.016917411421379133,0.09968957696550498
0.1176737462438058,0.02647631634956231,0.19606779036965213,0.12509994186012954,0.21471904068600112,0.061571542289609045,0.1217820094508817,0.0024056392249500722,0.050341805052070705,0.08386216847333744
0.15802122833906568,0.09539626522985811,0.12034795140420626,0.14043521175154142,0.10189608846053581,0.09636314052190194,0.06818950963057718,0.08794418369631875,0.023647441067603667,0.10775897989839116
0.15772937875140183,0.1521137939384829,0.07178606346222084,0.09465338185365445,0.01879399446531375,0.11414095962661179,0.1004705670302174,0.10369551935728663,0.09966164746971581,0.0869546940450946
0.05305609246618018,0.125483547026521,0.09603278366625667,0.031013748592240906,0.153340039716188,0.12269427620503254,0.1517414935624251,0.12230931679066394,0.04109828521174406,0.10323041676274762
0.07345659657782773,0.02021736874607856,0.08687170399135064,0.07227380146796702,0.14009555377748878,0.1535071644138331,0.020989548869763244,0.17346468452340608,0.14734780041185883,0.11177577722042614
0.009214850446136213,0.058526619654193146,0.07993161614636439,0.2337944335713829,0.045611162735485926,0.1538256993357919,0.08718796589899606,0.12766263883719087,0.10089980136008732,0.1033452120143713
0.1430689626855706,0.11807184743859522,0.12378457894559819,0.1533296756329244,0.022656077603351987,0.1488440506836417,0.13020276800415398,0.01111041223506308,0.06029402035270017,0.0886376064184007
0.11854894028072006,0.02185779346149975,0.10444068257317864,0.09610976687008234,0.11790881078702943,0.15891468999003489,0.05176631746455137,0.14165646593658726,0.09693617561351456,0.09186035702280183
0.18576409827230117,0.06868216686782874,0.18373687897914703,0.028014310245234087,0.020938055111295612,0.007237354063263236,0.1468184559591338,0.2462024265483597,0.0874478360853655,0.025158417868070992
0.11119330570365557,0.07265051746557209,0.1699017147986587,0.07576118637087906,0.03412390132008935,0.055892871908301014,0.0034132298615761965,0.2524888441095617,0.0403454493694314,0.18422897909227476
0.0055601076201496815,0.008504231525052128,0.034980077922997205,0.025165733322844604,0.29196476198552573,0.2256610827253632,0.021333520050802877,0.11145530819589655,0.2423432744977169,0.03303190215365113
0.053610270311423035,0.08223452015122273,0.10645426910783971,0.12990280283498462,0.14770570864449692,0.025158468475992343,0.14229154696624433,0.0730595779021335,0.1557594699305872,0.08382336567507573
0.19893772486530353,0.15565776011147361,0.008872471756892673,0.05708194528598649,0.0835702059606981,0.0049569448465141466,0.10257963741843062,0.2050665708198264,0.14698840248387013,0.03628833645100428
0.011799642057810991,0.12845871500881054,0.10803050869571032,0.11874786086830279,0.12553144442394176,0.10380883150485645,0.1271793254658948,0.08439177385337013,0.10752372537136543,0.08452817274993671
0.1707703262904385,0.18524522923082168,0.038097527690229165,0.02139237279167504,0.08234878260015835,0.04521887259122696,0.09327593833055266,0.08663594077761527,0.1012346116549995,0.17578039804228288
0.16247915842947194,0.18463975845082,0.049418503632007,0.0990261762524724,0.06496463893741103,0.077253901077753,0.08542118193883062,0.10423342659107124,0.02160182813241673,0.15096142655774603
0.19055239940589586,0.019534185169312775,0.17592214481817015,0.0922457401782904,0.06312281824450197,0.004023650785949032,0.06272376950063867,0.11448995745717386,0.046963220449389415,0.23042211399067794
0.2009960017566088,0.15677899829075714,0.12367832767893845,0.013853817279173803,0.04924582614367521,0.021043770605340496,0.1229323264027821,0.10224519193415432,0.1800449701390696,0.02918076976950015
0.16823803467860232,0.12682375487494565,0.1388341857678929,0.13541830211294842,0.048865444657273174,0.11600136017392432,0.033175915383532074,0.010975627189685023,0.10108566514737626,0.12058171001381987
0.06829532334800523,0.04342870145352657,0.05996181097735259,0.10681063497327913,0.09468513986383086,0.21730968616588456,0.005146180552820506,0.21750754448531642,0.1495431695792517,0.03731180860073254
0.07631907649107161,0.11255918969777667,0.0025806082350619724,0.08916009626238934,0.10019075598789078,0.08372849104072601,0.10099552126318227,0.1669294430344898,0.10045871722782618,0.16707810075958535
0.11112574793572183,0.18036800503424683,0.15741925370242243,0.05328131796444625,0.0016161552883911634,0.03708402092358291,0.10397953971678975,0.018012795355584883,0.17238924618526905,0.16472391789354487
0.04233874565627767,0.13552890959226901,0.15658025699996467,0.1262237173025505,0.03685116556206139,0.15456714600341104,0.1564015629784227,0.016304285172609356,0.10917056965934632,0.06603364107308728
0.07653565346360675,0.03316592271151101,0.005242054477960572,0.02161059549298332,0.10033664146337859,0.20313039389967183,0.17222616452159836,0.11419354657719696,0.14567479260914729,0.1278842347829453
0.041753400097192965,0.07646131087323016,0.1754487986651623,0.09639219211441188,0.08482688041462354,0.17453486328791498,0.12620637725783024,0.0835280422697162,0.10325252376711994,0.03759561125279778
0.12183254455529145,0.14729419768050195,0.01842536556946664,0.07746270648845419,0.14892512467677804,0.14337905728493772,0.13004359991748163,0.08059359540323895,0.09579900725895867,0.03624480116489073
0.023217411693211166,0.14029941372714005,0.052769428037116976,0.043935913646799725,0.12250171299459525,0.05338055823649784,0.14544576872930207,0.1323699762649268,0.1616346871019865,0.12444512956842352
0.1507402835279968,0.09847542351579139,0.10795629231909074,0.14439774367018854,0.12800114280376956,0.041057678850623704,0.02577863815172911,0.05114394148853811,0.10033324753840778,0.15211560813386435
0.15134614465694554,0.1484357858575271,0.0275758529711073,0.01080743050355627,0.16698453834151156,0.02934602849963306,0.05480548022237154,0.1875779977324975,0.05296588642417692,0.17015485479067324
0.06809529460756324,0.1836604547754706,0.08278059419994666,0.03259416391929974,0.010383798579361826,0.08367320799745842,0.052325666330244845,0.17886956029771653,0.09152836136131144,0.21608889793162664
0.13487608395532968,0.0623023472685431,0.16283411543857285,0.05029798632548745,0.08528203073516648,0.03516532664314281,0.15921580704334645,0.08988550964912242,0.13557135241112617,0.08456944053016256
0.056665341800068054,0.14081675648601844,0.037645625177593234,0.11697055992681822,0.04678299245222517,0.15242053030422376,0.02091567702276212,0.07972400765950927,0.16193097229520415,0.1861275368755775
0.033108986083871084,0.18251694725331852,0.002687027674254574,0.12642900903746593,0.07790802031825987,0.20772138183829408,0.06925762757267787,0.19864865268990636,0.10057258130678795,0.0011497662251636765
0.01924913873734197,0.009494394176388633,0.16052614528260845,0.1323421701413361,0.08770557880623478,0.052017137405108514,0.11882320036558154,0.13550027542850088,0.12801309914859413,0.15632886050830486
0.07003352732534893,0.03636089878047213,0.09425512432072936,0.0248104249622879,0.16946077192657066,0.12432573646859633,0.15262718476683518,0.14593815404983704,0.06644791810754011,0.11574025929178243
0.14747990308349773,0.12523889017758144,0.13221652760546357,0.13078526774919302,0.012987010542503839,0.13425076899047667,0.05340002939610191,0.08492197840319261,0.12409172346200499,0.05462790058998412
0.1653154642046538,0.11127430546084494,0.0034725632610157747,0.09037762392142107,0.10793927534270431,0.07145986775986528,0.15174429183130342,0.10284499303411886,0.05023586988063267,0.14533574530343982
0.10186714126057692,0.12842069121287894,0.10762307373029123,0.11102881400192975,0.15553190906214492,0.12580113497318154,0.0665463455641442,0.03907881717281812,0.09185509051523176,0.07224698250680267
0.10470294085811176,0.10523529691933954,0.16177842968220693,0.052856371600258245,0.06670429067591876,0.09526567671985495,0.07393544786695491,0.10375882354760112,0.068971820054939,0.16679090207481487
0.11847028152472032,0.022360230896009983,0.20059193022033492,0.051969568887991306,0.1499873492602636,0.042265701315608036,0.0766233393666718,0.13245753457627088,0.04646316333774253,0.1588109006143865
0.11090079475749282,0.07258417158237583,0.14579993987962722,0.10135429004900433,0.05543937256068917,0.1646451780131279,0.10436718426942146,0.1014846008629241,0.009629020676677211,0.13379544734865995
0.05139778323581807,0.16543099925358035,0.008780736871856033,0.13607529444139052,0.2682001217904457,0.03048809054326826,0.04775356012443814,0.09704628747626975,0.07216042363837794,0.12266670262455515
0.059517472433741794,0.18598470408740403,0.005090941704055975,0.0913803624723644,0.07065113617983969,0.09169107491318942,0.17858659739716168,0.09827816733394204,0.10392031756870752,0.1148992259095934
0.12659261897856522,0.09355871722401815,0.0837122777503247,0.023530470529886667,0.12616486919834893,0.0810178494358741,0.1343581043148553,0.10900525748881837,0.10266071075435028,0.11939912432495828
0.07815465089139181,0.02596314692182287,0.05643352779226691,0.017602337674066354,0.07938696489716701,0.11899219144601611,0.16154601058056942,0.14703328241430627,0.12467726786892393,0.19021061951346935
0.12902306458948193,0.008145378890442619,0.08035085683218542,0.17316875576433016,0.1555206373150455,0.13512759774266578,0.04305050179569938,0.07763164473183926,0.03285571792337394,0.16512584441493594
0.12353511887793299,0.14524327207418586,0.08378831065437636,0.14805149912335602,0.029311268187057506,0.12248259019294265,0.06918883824119805,0.060540604153457266,0.049348296479453845,0.1685102020160394
0.007125863634369358,0.19418727345426026,0.02376226207485957,0.20778237907411326,0.0032963330125295553,0.13295712579865304,0.07614268769954803,0.06464218071526076,0.13813116532407735,0.15197272921232868
0.13187506898213483,0.12758436684434435,0.08817950229754558,0.1178922945345065,0.0624495204025326,0.03434865225941396,0.14020161859558974,0.10337761719180184,0.1192507083621921,0.07484065052993859
0.05012154144932283,0.0008778286375779084,0.05139566835998622,0.04774253211920841,0.2241984091632602,0.06039547299783956,0.2158486247134529,0.1401318990633964,0.11289460055116558,0.09639342294479004
0.17389950218858002,0.03164519048466502,0.04220335918671805,0.12645179620168076,0.11684012403142494,0.09585119859344367,0.15988611458223803,0.06197576470033378,0.1890395235343448,0.002207426496571028
0.08205156142635844,0.09932200873015365,0.12859703216284285,0.09292387176259938,0.12282937407042646,0.13314408520143953,0.1275221959239768,0.0409333009300545,0.04100098781818712,0.13167558197396134
0.057240971671850924,0.1351260568073931,0.17138740455342913,0.0566304747152148,0.2386196401572717,0.14944776889302833,0.04508121611473571,0.0006040176168063251,0.09190625381417204,0.053956195656098015
0.07145801323207072,0.055863180278460045,0.07986780952020729,0.2415226719217073,0.05730116992826179,0.0022329398942597077,0.11486490334504411,0.09870965205990972,0.019882277658431365,0.25829738216164794
0.10940786638224956,0.11458269853189862,0.15434151372838203,0.17355597698516026,0.024730564357311018,0.00571644155768024,0.06447816731907363,0.11702592096129687,0.11130786006240273,0.12485299011454509
0.07187173492513098,0.13981414333392617,0.056889043003166356,0.006186662765466688,0.1242584656027635,0.0644011710480173,0.13275550309870895,0.13312784788566942,0.1408276717541571,0.1298677565829937
0.07176113663044745,0.16487758504943636,0.21646262624206317,0.03264597167237838,0.006000739404962558,0.08121784001795487,0.012785595617891323,0.18406927114242866,0.1946067799303581,0.03557245429207924
0.11478391437482426,0.07853205784442148,0.021209455362599747,0.15297452289691507,0.08262312311676931,0.08214984515469761,0.1482819189739257,0.08477087451272787,0.14846861517128046,0.08620567259183863
0.16740820753963367,0.07223193352259524,0.11970783030908841,0.1135951552948773,0.07207248504504993,0.10799678760796334,0.1270824045237525,0.059897385239591996,0.031549876395293296,0.1284579345221544
0.11749610112796499,0.14583854119024464,0.13336353751238553,0.048451018241612576,0.10566746388232183,0.1092977869081573,0.1293350001636103,0.03672438392667354,0.03231034706256598,0.14151581998446347
0.09873091410775645,0.09077721976204642,0.14116239771617434,0.048470896028406506,0.08721930748838655,0.13844607284454646,0.015176619766718915,0.12639953314243904,0.11784203301222446,0.13577500613130086
0.13145602322217728,0.0032417140268922004,0.12831089944530402,0.09479886591172754,0.037636013249362825,0.08545934450759159,0.07841519519625773,0.14705372373514375,0.15284763989544892,0.14078058081009412
0.14866354258969225,0.1503002242162131,0.058025672685273366,0.0021655936893138286,0.1334040791129582,0.1909690640064765,0.026303536660249916,0.15838617113397596,0.034176929619443644,0.0976051862864031
0.10326539515477372,0.10482241333798584,0.14437474441159923,0.05129376099324538,0.16399051280495305,0.10458232337852987,0.011244390331038722,0.18946357230904887,0.006674884601129865,0.1202880026776954
0.07461470111902095,0.062440326757642994,0.2051631854728361,0.015834327071191912,0.08380852711952066,0.036548320660203845,0.0035928192036468773,0.1878720481807012,0.19342644403385412,0.13669930038138126
0.11776504490480597,0.1347977315750417,0.03464698308841012,0.17390263317789828,0.12654346098348238,0.01748612943144506,0.0014687665780436733,0.17149926453247633,0.02754209200830341,0.19434789372009317
0.13848839106807592,0.04146280760884242,0.13928469377881744,0.09757914744967428,0.10548220297117125,0.14941437670486377,0.02266430860643256,0.07745683295145989,0.09364969908655504,0.13451753977410752
0.14987950681829798,0.15445590582607535,0.07641249782529912,0.07273175386019831,0.018899396599610315,0.025520403504167063,0.134615655371345,0.11207748297387674,0.14996817534627532,0.10543922187485488
0.15969698292910192,0.004592847832436844,0.08549308925644625,0.22363358065244507,0.13042755126861308,0.010593030032911507,0.06700943493603684,0.07854504859536568,0.2178764716816013,0.02213196281504157
0.15688964155301066,0.1446917143920106,0.09111849094104978,0.035740054929285156,0.08143279924130817,0.15506695719264157,0.042403171915480445,0.14305018782597892,0.051143736808856574,0.09846324520037811
0.10275706985522554,0.07692798135441602,0.08872639822663794,0.17348758507090062,0.16800366878572096,0.01194270777593014,0.1414541738045959,0.07805089233158086,0.02507267252792986,0.13357685026706215
0.10099856003707917,0.034098077144469566,0.008549292693336385,0.01744511104913537,0.11605038350993617,0.19626001777881916,0.013960645794547779,0.18798554614451043,0.09132859081224483,0.23332377503592108
0.013900230277430895,0.24401793840359293,0.19500895123296183,0.09726023389273229,0.04651330256828365,0.049732864708660444,0.027373617683794656,0.0947998760454483,0.15567470806506534,0.07571827712202972
0.09893081643890503,0.19010306198626828,0.016192390373077726,0.08858741536344719,0.12625458818183272,0.15335718415634697,0.04388404099360065,0.1074461541354899,0.03718911446881039,0.13805523390222127
0.04548181764513832,0.005935700668513918,0.18596207906763698,0.16545030005902178,0.16704966465721935,0.0023799055648667158,0.07263907132405982,0.18325414625762948,0.045277971812589704,0.12656934294332375
0.0864529745232668,0.1560226871466249,0.1696371933166571,0.1749402029629883,0.04583158434858727,0.02838466615728406,0.09895433536607173,0.0371054135194236,0.11344199111995894,0.08922895153913722
0.13466765213792928,0.09273440462779955,0.05297589554006039,0.04682061654832592,0.11682431286610045,0.169514086944599,0.0017748898680316648,0.18205217509598456,0.10591837928203435,0.09671758708913494
0.11718589773154355,0.0584933637992921,0.12199364816831505,0.09086178486611549,0.1290683730218463,0.1044207118316957,0.16291181360514756,0.034091455139367365,0.14387257103575554,0.037100380800921255
0.04847190613515974,0.012727799114565414,0.08695211545598865,0.11973235730825182,0.09886138186726118,0.11261606427170003,0.1357368501444725,0.12146702081085839,0.15949753647087295,0.10393696842086926
0.17054345843399063,0.05375459968603563,0.19629546687709695,0.10694040433469781,0.020202428895054216,0.04430452549934588,0.0480161224985429,0.03069455376984559,0.17519952409351072,0.1540489159118798
0.04058831098592868,0.17353732372406144,0.10792068637864974,0.04702394005142994,0.07212025619650772,0.15786343087530214,0.12197986704371577,0.04001111767466616,0.10135867525096816,0.13759639181877018
0.15295980446561513,0.17262558527105612,0.19163816097514177,0.0651286474923776,0.15487665229425907,0.01939339122070553,0.09461389892963243,0.029647950814423764,0.0852515231022964,0.03386438543449225
0.06799616450607503,0.15251351827482387,0.045998594201701555,0.0816635443409895,0.13587330263518732,0.050428852911402366,0.1517813426243551,0.10105747669883203,0.15121523948103532,0.06147196432559804
0.1007460237912447,0.035277270979446586,0.07023484602473389,0.1361461205631886,0.16013241438626372,0.15545641250002318,0.060663142534248315,0.1307245155341696,0.13442388489959703,0.016195368787084382
0.10228167689758823,0.03440654286986985,0.1979284991870369,0.07275714919418268,0.041689528180083424,0.1115818033787371,0.015019560817609544,0.2014607354694564,0.08767386918687368,0.13520063481856212
0.08675524345182373,0.04759011712825683,0.15102581090186395,0.08403057548410475,0.1556438467928868,0.16480647125047285,0.01552479266426377,0.0014209101008740568,0.14657773310726738,0.146624499118186
0.09407673843633127,0.03643911997199129,0.15698933134611956,0.047300743426184504,0.12402620448953634,0.11542673066539572,0.09443277510335403,0.032653273892435705,0.18755388214934804,0.11110120051930347
0.046018467025821456,0.14049181917253453,0.05378588475159957,0.06389190296836533,0.04315981052465269,0.1802530732260738,0.10982632199522281,0.1361272236500815,0.12874397154641395,0.09770152513923443
