i = 0,i = 1,i = 2,i = 3,i = 4,i = 5,i = 6,i = 7,i = 8,i = 9
0.13882147481540394,0.15202365242745142,0.04038417039017662,0.08894638872269234,0.03618573208348501,0.11330973790500369,0.1390290357470137,0.13236044224189164,0.06067505379807328,0.09826431186880848
0.12986175099232689,0.014027987198691647,0.11253092816922544,0.16606287104517062,0.1478046789823562,0.10805424564324623,0.15110109939703006,0.019490674643560097,0.04850017762856692,0.10256558629982614
0.044105912916380226,0.006167551905234558,0.011145411137543281,0.10496107541475495,0.10726681299118143,0.12947355739857005,0.2213881698683131,0.09149986375104001,0.036990184886454815,0.24700145973052756
0.14897857997292263,0.05860045613382114,0.09596048288118027,0.058162291515606965,0.10060529760716755,0.06943952498557025,0.14362398805972504,0.10043663981371946,0.17957154428368854,0.04462119474659819
0.010425365745403007,0.032562835148412225,0.1781097195053539,0.14387916919520286,0.03561320892725872,0.014748802406743243,0.16334780167836677,0.09951131250368242,0.15763348066662838,0.1641683042229485
0.24733013569355247,0.1002965121912489,0.09705152550065937,0.004992571315632768,0.1305990091999159,0.2314047586684867,0.04286805299530009,0.0949290709851838,0.03374505389141825,0.016783309558601866
0.1446554249750893,0.0738096360417882,0.09765824320775886,0.160131610333744,0.10094648996551048,0.132657584409682,0.010420572140806382,0.05548934076957657,0.13437304735793637,0.08985805079810781
0.01964219043994071,0.08305556432513679,0.05796275487068748,0.006995030172693037,0.1733749271937112,0.11037128096917145,0.044866663045632416,0.15342937588209019,0.15425168068683573,0.19605053241410084
0.009312944625513934,0.10285253233411895,0.05173208183323948,0.055427446513060044,0.12354763273667578,0.15020029321421327,0.06583303291015453,0.03176063548800664,0.11207585595926245,0.29725754438575486
0.12051468445154209,0.01930476848746587,0.1057564712207957,0.11028353395725159,0.14139112394507602,0.16449194706661754,0.1412740721797354,0.06547331680951879,0.12945218173021666,0.0020579001517802807
0.07369443840486455,0.07794783589858557,0.04685730002481224,0.06371630309530699,0.014480795565061492,0.11808675456342445,0.18068639487041846,0.14415795862186823,0.12382343245805676,0.15654878649760118
0.18043000714496923,0.0831250467305134,0.16181107248300192,0.015778062350026444,0.02271502595255542,0.07989751014308603,0.039582872813099475,0.08316862145214603,0.17312190902294317,0.16036987190765883
0.11296712404951298,0.20332845512172523,0.06530924225980263,0.15127982543994462,0.055183746231110456,0.09412337568431513,0.1452375397167813,0.007463113223712959,0.1248216223628496,0.040285955910245023
0.021255805643602396,0.05520124811757997,0.06742649111025799,0.03638668022675386,0.16609175944477098,0.18375565591982643,0.0818215936453173,0.16522132122531358,0.17556148319522313,0.04727796147135434
0.12370924194411745,0.16001964736810712,0.10945271440341382,0.06997171970962725,0.03381044733275417,0.0018058177625426546,0.16720339027388978,0.04863416009550285,0.13126740559305147,0.1541254555169934
0.002490444023947864,0.16338562184543032,0.2597822591110566,0.05136549992101789,0.10500787928051036,0.09539493962231853,0.00017053771994084173,0.028941100865259962,0.1799139124734838,0.11354780513703386
0.13770897046864702,0.05354995817515349,0.12981368022805892,0.022880617740002808,0.1181206251146619,0.03860531515103812,0.203491309600764,0.24851950369869005,0.023844717548411207,0.023465302274572507
0.0899902972057575,0.11486809561919603,0.07242150144029343,0.07145359030913255,0.11335904704596243,0.14138522550044358,0.11855262781384232,0.04057146900197176,0.1058523048154394,0.1315458412479611
0.04897199242879178,0.06244692503301326,0.14506270649318334,0.21167671646463432,0.057377628986817315,0.04256211708659851,0.07037397019231438,0.010168429768641211,0.16217588313655087,0.18918363040945496
0.13867877474514612,0.033580419756508474,0.12789400158603498,0.1730836256257723,0.00792333653372561,0.17233611133710455,0.021105707222008736,0.11503334975037892,0.058528383388557335,0.15183629005476307
0.04544037023413877,0.021854626192566135,0.1952119693577004,0.046714354745634366,0.007252163961913659,0.16925021168032245,0.06774568962472984,0.15770141504669305,0.18479394233705548,0.10403525681924584
0.16635717172365133,0.03926005956739839,0.12428304475578282,0.20454153155353788,0.05680594494436942,0.045720230366040025,0.09548352212441641,0.03174115526919423,0.08704067870522006,0.14876666099038932
0.16738765726017785,0.1534468550713088,0.09479658322408259,0.007396118236849881,0.05655128346848916,0.028707629953222704,0.17666208055650948,0.13280726702735568,0.10673415687588607,0.07551036832611784
0.12157203800477537,0.016724608637713075,0.06601069904199959,0.018151780023238813,0.08676218030216402,0.13104687572551982,0.1510324961531668,0.1751962881226643,0.13813442575985266,0.09536860822890557
0.1717897807059672,0.04839475959570028,0.20833471355547026,0.06621431356828639,0.17377544504544185,0.018421236853111967,0.05144414835541627,0.10427213296384867,0.10857508202715103,0.04877838732960614
0.16618920438135626,0.04040759702186144,0.11773334414662605,0.0417757081389234,0.07943286858167584,0.11360902920406617,0.12766053482321063,0.15089156498314374,0.10285794990925745,0.05944219880987898
0.20344321636449486,0.0429178994722587,0.09436238541713333,0.07212234216747997,0.07016337758842299,0.16697765852253874,0.05829351800392268,0.06920023479168168,0.1982889953330274,0.024230372339039723
0.13559704757898383,0.24769234176949698,0.05124366999417366,0.06927465104183875,0.11814321691914093,0.011769302291431874,0.21581105127390482,0.028331411684304402,0.10765447512239464,0.014482832324330074
0.08677305326475898,0.13081060502701253,0.05400448412513535,0.06414705491782223,0.09412600446764711,0.09962876092008192,0.16897196550727822,0.17809521054563895,0.03037933842036171,0.09306352280426317
0.02288575614513833,0.13823005127357263,0.0454238938119288,0.05390176292543775,0.112619776289547,0.11245802197084527,0.15567472019630738,0.17408656378439932,0.12467387154892523,0.06004558205389821
0.09969914394029149,0.06714224301927518,0.07200125836574518,0.17613026036912652,0.15405643342821462,0.062426643776791683,0.05010503289691474,0.05790950962335392,0.07256506378691586,0.18796441079337092
0.21883212106557776,0.2415266639542633,0.1627005564040156,0.0055705073748991765,0.049482292260223514,0.07657151913670332,0.05105532547987979,0.11015995892239883,0.0252613742372522,0.05883968116478651
0.06554913134154508,0.15098468856765024,0.05828536414973951,0.1700362308462832,0.1452709736769119,0.08901073302136758,0.2141756153275125,0.0037786862677690234,0.054800765276571545,0.04810781152464927
0.030184100960037572,0.02449640899209914,0.1540639300875058,0.12200377507918163,0.03249727316107349,0.047159395885436654,0.20120916786579826,0.14366199051984718,0.21497791322189086,0.02974604422712933
0.10593505327412328,0.04870201660599156,0.10643105419657149,0.04979007517319985,0.10772384052806343,0.031176349518194042,0.09591003535565076,0.08141298035205047,0.2099698059676763,0.1629487890284788
0.00558573272184944,0.10558898106867488,0.10029203196315793,0.21076099812701832,0.12902794071868698,0.16500996715014543,0.03837718823540982,0.057923903403263456,0.03891862084518959,0.1485146357666041
0.0578722877985075,0.18703695580693727,0.08562850285321955,0.04251729637005783,0.14240717379722806,0.0019698146995632136,0.07590760633409008,0.1484547609989719,0.04390081055330105,0.21430479078812364
0.1707118286636292,0.007543729420292981,0.15183157447016285,0.07553834454741934,0.1994689173400154,0.05692144231797716,0.04802592360457685,0.19478246758713805,0.06891456854920143,0.026261203499586737
0.13799279087087316,0.1200311695253547,0.10355863917425513,0.06648002879114613,0.17844382463003264,0.03772551825762938,0.06029037599520939,0.08467530257477696,0.10041424606161171,0.11038810411911068
0.049932552668567276,0.061792496922552974,0.13756305329206683,0.010447780121883245,0.18208596428376742,0.11837338194168012,0.07768246462952023,0.17636437922945852,0.05735319854771812,0.1284047283627855
0.19994741588315773,0.18063715301841812,0.1640348193268983,0.05335029148408613,0.04426599071722618,0.026495754008826,0.03148140826773463,0.0987114099856573,0.05952280658286382,0.14155295072513172
0.0028014096392177945,0.0777852005026702,0.1164840490091463,0.14072133421970814,0.014416392712802758,0.13564239562584796,0.1081898870258128,0.1398188638668896,0.11910086246312214,0.14503960493478227
0.14502224719930182,0.05122327275210931,0.18669029061168688,0.004598314143746348,0.13079789620191554,0.1492473148699721,0.08033213553694962,0.01594092657365288,0.1556211389457858,0.08052646316487974
0.1271869630223684,0.12613819007463037,0.05018638262214371,0.07873125871414315,0.17023323517147385,0.007106539939845044,0.04338204196158345,0.11845799773740766,0.14470248982231035,0.13387490093409396
0.02153982094991853,0.1544211347944215,0.11601363243458872,0.16974210671089843,0.12455329961952347,0.16151881984171787,0.011004697753011692,0.1365231138284888,0.030395046708982805,0.07428832735844804
0.10376761263215273,0.08391963169228144,0.1598032186702188,0.10170693524681255,0.04099695407171121,0.05416711289543733,0.10876897269589936,0.12401311880963636,0.13776127443718372,0.08509516884866641
0.17372664478521185,0.15812482001908068,0.1657906386504982,0.11991381063455366,0.06185532890703699,0.03614693256137157,0.11565125397159146,0.07192762149801382,0.07662433044327693,0.02023861852936485
0.16873885536839006,0.10956228047018324,0.16524598718057043,0.04903352641756605,0.10100699836799538,0.05853618577906201,0.013683716389693533,0.15582276484143023,0.059427633208584525,0.1189420519765245
0.08818686089714318,0.08547318859862933,0.008580168436039698,0.10055715236305354,0.26504836459328535,0.09042018368392506,0.07333947272944376,0.05861928325532302,0.12312884319811526,0.10664648224504181
0.013165267641110827,0.07283153617926215,0.23717185443459413,0.005953021424085648,0.1790418971951084,0.050867787197540634,0.021227987042008227,0.1448007855819419,0.11400159200345725,0.16093827130089075
0.1195730552651542,0.09459705584852572,0.023736426312128356,0.06404054034317212,0.10890174890240627,0.058612337991900985,0.13807454984619116,0.1440104665320922,0.08328200701552343,0.16517181194290564
0.10178990678822787,0.014495844733400149,0.14689699274077525,0.18010150660498378,0.014561583765034173,0.010146614896794586,0.159149348992736,0.06420184506152518,0.23595505832208,0.07270129809444292
0.20854353990811983,0.12486522560003252,0.06132722280119932,0.03386719314656646,0.1820140977012117,0.1282983290196605,0.02225433414970208,0.01310150363303672,0.0753247484512178,0.150403805589253
0.09638606538689846,0.06336040335364602,0.12606008342729305,0.16552728936733158,0.005495185446090682,0.10894824612693699,0.1010322997386564,0.08634419214168354,0.22336104559312855,0.023485189418334558
0.032276921484592,0.1526012875258399,0.07436518769508031,0.12967685892232175,0.042228891354702265,0.2032531200372553,0.07925965404466495,0.1820764947501855,0.08782489396613938,0.016436690219218824
0.042112184583535765,0.15373247421646027,0.06253955122344196,0.16765896339883363,0.1335743456783139,0.050184260383347626,0.14491851371264372,0.1170169611366605,0.06728529382447097,0.06097745184229178
0.1391027784007851,0.03435638660465693,0.10222358797787372,0.19011986045447835,0.019603569545850213,0.13937594688802807,0.029070366799348914,0.08083732693879422,0.06835179878684272,0.1969583776033418
0.012735808191708704,0.032434769424448666,0.22327589170201392,0.10196601052199962,0.10982457133260576,0.09751217057945838,0.053925343120550036,0.23558482861555533,0.11601523700834936,0.016725369503310238
0.08419567847962664,0.06835235304077321,0.217132373726839,0.19030645196680862,0.0005407389188014297,0.025265628520824993,0.20582785560621808,0.08058795891175095,0.07982257690457356,0.04796838392378336
0.1643656177468823,0.013143799393644746,0.12692296607780354,0.14181898557728492,0.0996218709347901,0.17710740678471695,0.13690032521845114,0.04128781527981369,0.06482394199941781,0.034007270987194874
0.04942379803313611,0.10536498815147705,0.14411431977931763,0.09187270345073838,0.12291503851388952,0.07213054205509602,0.1219142850691924,0.17433385101598858,0.06321136541200416,0.05471910851916006
0.076422524569626,0.10583795308991997,0.14108406995181175,0.04770829445555914,0.015129535570537974,0.21474198090164262,0.04798231803350314,0.14786364683714637,0.1356067395381632,0.06762293705208976
0.09615000512681603,0.11036573743302855,0.13905211818982488,0.11549913240281975,0.028732837808950418,0.12867562749725273,0.013155971182659489,0.10916078766048727,0.11693902854076806,0.1422687541573928
0.10225494774144342,0.07528124516262683,0.12125077636184893,0.10640768582709033,0.0741225419428566,0.12628256418979392,0.14384317598749852,0.02893154268756709,0.0849109194394101,0.13671460065986427
0.10219923383123662,0.17425089780923378,0.09895287884679939,0.1602819717454135,0.1020058098588006,0.03667752174263466,0.1406166752232282,0.14441490028858225,0.029905667283294097,0.010694443370776924
0.15301178828236298,0.17188733879861492,0.08623730067336335,0.17729748346672558,0.0715348895203802,0.024853668856620662,0.1032143746224386,0.11892398579939759,0.0770064769621846,0.016032693017911392
0.13686408967856767,0.09492643598302887,0.11809322621952575,0.1442786047283153,0.09285676227402336,0.006180352900163847,0.025490264421540412,0.11578066190252279,0.223272217759745,0.042257384132567063
0.09475526969870339,0.05040058647662005,0.10186860476232826,0.07725412299779356,0.20916988088018584,0.08654882377904305,0.19969630510419797,0.07459275466408183,0.07740825584435633,0.028305395792689744
0.15559446193197013,0.012810351316478348,0.05277550653083539,0.13231664662907783,0.10770069817241423,0.14329904302808477,0.1418689539336937,0.06994137801817461,0.03806780792012289,0.1456251525191481
0.02077719283790679,0.046558122867481136,0.13216103414016833,0.023938264932604467,0.2066800828594954,0.1952274514703266,0.05051454614206826,0.040918654115588454,0.21000829634286933,0.07321635429149119
0.08073845351110204,0.054790061585135545,0.12862956392475916,0.1254878908378549,0.020243362525594576,0.09307713691106824,0.15098129364774182,0.0778536792070998,0.1341255436419342,0.13407301420770987
0.11782824519676166,0.10345683058688857,0.036101693379488646,0.09061509647220846,0.07841456370661694,0.04191648549683565,0.14760229459933566,0.1757850166377901,0.06956950513249598,0.1387102687915784
0.03623377019623885,0.06724156166179499,0.10616729797498793,0.1304845633480975,0.0367174305919338,0.11929710552233315,0.13302391127592722,0.11618771872948382,0.13858639876034587,0.11606024193885683
0.187487798656516,0.04329680406884429,0.1159706639336792,0.04058962961392502,0.16887143801523824,0.06883125069419181,0.05899495899743853,0.09254529496228425,0.059760738009662265,0.16365142304822042
0.02275851692071876,0.12650538275047726,0.22607752345101345,0.055766200198859785,0.2539543418128561,0.03434379063521969,0.11021177510069641,0.024792040965078053,0.10374314180809824,0.04184728635698221
0.1470996469970468,0.1566563812771326,0.029083963366828502,0.05476824908399429,0.025554286186238992,0.04128133373154236,0.16921727249908528,0.11280030486278879,0.16526747138417466,0.09827109061116764
0.1813208574367244,0.0076000211473665905,0.09133390717418137,0.14619519882213064,0.08997883045745651,0.12356371367507743,0.03364485510459391,0.009590153300125323,0.11797124166730423,0.1988012212150396
0.02309123999712008,0.2034060714360337,0.060902459287052575,0.048904310996542744,0.1253693463629984,0.12725054594317511,0.121373837012496,0.05742921042490491,0.06897762635164678,0.16329535218802985
0.04635076389418642,0.16037739166795145,0.11945696928003201,0.1913344760690151,0.007369452908872521,0.01976966278535027,0.14480926806853708,0.09290219220873959,0.13646452114802976,0.08116530196928592
0.022196876164135508,0.03868885825738533,0.19374201196638785,0.16243887243296368,0.023016570947235696,0.18595143284552518,0.026101915166922732,0.08865656519246141,0.09856213264653822,0.1606447643804444
0.07282415367116518,0.110051933037801,0.18978970622650915,0.08764291760383278,0.08090846575221158,0.07750052879321566,0.0396838770805914,0.1806305539109038,0.07577472620749286,0.08519313771627662
0.1642242967088663,0.01598771288024303,0.10772366265695288,0.12334303369048366,0.06471674153345425,0.0726625871305889,0.10410010274485978,0.08905419346008822,0.1519868348501499,0.10620083434431304
0.1444525037745747,0.10245701951738007,0.0038954007765436118,0.1228455810569591,0.1405531077015039,0.17424026697371225,0.12457428834519615,0.009571112389098056,0.16542166118233093,0.011989058282701186
0.11198696383327474,0.047795100951088666,0.029335997855465912,0.05590715931346191,0.16528031406314173,0.1043276112545886,0.1402936522142129,0.038363003770324186,0.17883296372116184,0.12787723302327944
0.06789136717149082,0.04267809726774358,0.15151344017098,0.052859350742351985,0.14609964116278396,0.1337575824023111,0.04813710480344322,0.12313386893269292,0.14617730426487094,0.08775224308133163
0.05462611295128393,0.06373729810990875,0.15688573584928717,0.13880939654771837,0.03701088993610189,0.17176498564676837,0.18914061655672038,0.0693832448426971,0.023117940914122424,0.09552377864539156
0.10145261638833185,0.06823181624327523,0.14342900795807598,0.011650575377820792,0.0816409727903315,0.11081895269856736,0.060796652119525126,0.1213302247565631,0.1362361303798603,0.1644130512876487
0.2000801990887343,0.11283747107575111,0.12332602654054582,0.031623203473474075,0.042821486211753426,0.037394198829583995,0.034874583405869256,0.1336155948583641,0.13992488216519627,0.1435023543507277
0.020178583924871395,0.19456143228280687,0.03652394092053899,0.0506443887503052,0.04678685054952162,0.1323145373501806,0.06232512535562139,0.25640866802205997,0.04973950377383973,0.15051696907025433
0.2148003095097672,0.06001489665801044,0.09123381012738058,0.17703130380297663,0.16886656942765002,0.037744484092299975,0.013681123386833659,0.01792315002621342,0.08121726210911212,0.13748709085975605
0.05890900319057483,0.06985686155428843,0.1193213514383459,0.04566875767073647,0.18963384831693142,0.05459157344220072,0.1502792970631402,0.16080653183553084,0.030225060117397524,0.12070771537085362
0.10601036493952201,0.07701100533507495,0.01738258013763098,0.025540511965667916,0.27477026629562673,0.055064481424177074,0.049144387566115014,0.07210000736961228,0.23942312376222055,0.08355327120435235
0.08191804523929958,0.13110140879145973,0.16528580459793696,0.029887002220819206,0.15529146020254944,0.07925117719295613,0.04010424000680313,0.15334127115540575,0.015747221073593394,0.14807236951917677
0.12748146713822991,0.03832836424513853,0.11635545407523604,0.13562533152039116,0.14930167431601543,0.20703251576809642,0.11199269280618024,0.08929408937170571,0.0030957623486443536,0.02149264841036218
0.14350297360747938,0.021142664347091885,0.11727770232464974,0.009672249265079211,0.12560458559192414,0.18640333178564722,0.1441118732233102,0.002088315191860267,0.18653945274098455,0.0636568519219734
0.15600079456007385,0.04145422471859573,0.10466388818955329,0.03230910828650821,0.05609739766668597,0.10412679768054717,0.2335358955448849,0.18866808762242895,0.05123450655913534,0.0319092991715865
0.11093779587718787,0.1123298496475635,0.10794294654401339,0.1504357209074951,0.12759197531665162,0.12797438852391876,0.05435374941799294,0.018930384085760105,0.16312588509945952,0.02637730457995716
0.0875815432193465,0.12834044019168198,0.010573957842512915,0.0751242201276371,0.058626170669480636,0.12096549590489916,0.13883415438079472,0.13893546884663163,0.1101696818105646,0.13084886700645085
0.131129847465562,0.10640207851947978,0.119218919377456,0.08553204077308176,0.014557322969712643,0.06282997980965206,0.17349519651280995,0.15354671401420375,0.007103053024236991,0.14618484753380506
0.13712376205036825,0.139346372328909,0.08882661241562784,0.08377466264639578,0.051650054154327385,0.055330594492624514,0.12242889458374813,0.11826686135822162,0.16932350343400698,0.03392868253577042
0.05035913385548858,0.055247612095936365,0.06627090076532746,0.14050246236003314,0.1919810461844823,0.17512584785267118,0.058353523838894375,0.12999384279656,0.04708111207426123,0.08508451817634524
0.01184029054700226,0.2175295570342139,0.09896522553878905,0.1885724081251763,0.11719398590975387,0.07162487911625622,0.06082668463678965,0.02491675921569063,0.08838048092496785,0.12014972895136009
0.13538352625726247,0.11093136748396767,0.15491357569276967,0.11286503090874252,0.09764781516026225,0.06740593732049868,0.029499402504352415,0.07496247496099237,0.06364573779568282,0.15274513191546904
0.11745685918070778,0.09905074198721249,0.1342579198642954,0.11664842555371636,0.06396640554139987,0.09601014094972024,0.11717818949101119,0.14179777703742338,0.0261434325776228,0.08749010781689036
0.03318278944838859,0.19281790942983587,0.071672558658131,0.16198793862559982,0.018002150125847084,0.04721375675535929,0.03403695269043811,0.1738569047252318,0.09313735362210504,0.17409168591906338
0.16825003435602334,0.06716290473990531,0.18983684626375236,0.10784876946739093,0.13684980465432056,0.07503173023201964,0.12430848156411889,0.003265494977410522,0.0453296347509926,0.082116298994066
0.13590506395582502,0.05583999660632645,0.019635751294219597,0.1185141933283265,0.15281727351539076,0.08610244710458113,0.15542004571895907,0.09339370080140447,0.11079011290767865,0.07158141476728813
0.1101716185651234,0.029141862364056047,0.20748767986351524,0.032885443609226364,0.0745007830335263,0.017320314128949882,0.02412465494477056,0.16945392882237412,0.17898009779069368,0.15593361687776436
0.1713892962007511,0.1537937875417945,0.004840668482613093,0.15863992547204567,0.10730651474842602,0.0014493786802248607,0.046766849675475244,0.10183504005849638,0.051273982713572995,0.20270455642659985
0.0462593263222226,0.053506933825540816,0.00206809091603993,0.006523405879663702,0.16514843315396185,0.17339826476714595,0.23412136397803038,0.23608532098660298,0.008368399311896391,0.0745204608588954
0.18437047439302334,0.09264623690549609,0.03960854172733982,0.19089902039500042,0.012362355784262511,0.038475690011814626,0.14897885206948094,0.06471747590878989,0.2246496842739107,0.00329166853088168
0.1412535267642957,0.07924123936068342,0.10412080511845474,0.08857590393578436,0.09703055975214564,0.15107315667887442,0.1293526099928288,0.1433312064515335,0.0596054376218205,0.006415554323579015
0.1750215311754034,0.056020252219783156,0.09883748395765725,0.06753073763361975,0.10809637763866232,0.06595409569174915,0.01714801761289232,0.16846214513145805,0.10416180106724533,0.13876755787152936
0.1013590393824907,0.16348899787706614,0.011199397677673584,0.1264145715676188,0.006156005094663571,0.06903279269493795,0.11748278213812793,0.1869695271383679,0.1337012281555379,0.08419565827351551
0.18573040823028478,0.00954565248053478,0.03050119473029923,0.10727552103441584,0.008341744124067864,0.044971468619915266,0.1547364601960107,0.14524400930665696,0.08656681538589384,0.22708672589192075
0.12102325559953216,0.2042181615976168,0.024699574773777887,0.19448572117003174,0.07824213821820054,0.11991952168444907,0.12128752109425553,0.01935862651779801,0.077825852669247,0.03893962667509123
0.08051261707804744,0.08609076170591572,0.1074809945414975,0.03115416096626686,0.10399960647304655,0.09305766136281325,0.1326041687874904,0.12576640025543578,0.14229558033700018,0.09703804849248619
0.1138298878372476,0.023073992053154132,0.16859857725025362,0.1296979190560197,0.0380167738774325,0.05570792384937179,0.02448361571927318,0.24811370967600188,0.13084959805901922,0.06762800262222628
0.1454668580881731,0.0014945532073697614,0.14452570664182013,0.11720748522917178,0.14178388428451574,0.0462825956876374,0.1561989878743211,0.14888964490895165,0.06748780546145838,0.03066247861658096
0.019605799516236005,0.13497637460765347,0.04658393656445743,0.010750290554246497,0.05391911119165205,0.2044008863596086,0.17370322863668433,0.18346709854953144,0.05524763598981253,0.11734563803011767
0.04300978429187534,0.14867688149633523,0.1421443044236098,0.12319726139670022,0.02611663585249078,0.03802267750671759,0.16464598188788812,0.16530933597813974,0.07940950045380799,0.06946763671243512
0.04349882759587699,0.034750872587185365,0.006082193035322424,0.19844746961044168,0.012294786052913259,0.10827597371537048,0.2137117796929676,0.028687388175201237,0.19549146080704566,0.1587592487276753
0.02400086105098379,0.1991593890413829,0.06624827558561187,0.14117473967895675,0.11012636567168803,0.0481287071062024,0.05188528706207562,0.09723741087892257,0.16716527160817576,0.09487369231600037
0.1429495866795241,0.13802158607244375,0.03981459808777221,0.0971768394343384,0.07243279690316239,0.1331440982595308,0.12543774875524175,0.0785732587905274,0.08689705086446715,0.08555243615299211
0.11972758200193222,0.051871687396573884,0.039678900505508846,0.17723220576943124,0.12092818315865582,0.14188496749695742,0.09161446114579784,0.16114055977444194,0.09540153733678494,0.0005199154139158388
0.14816929458079134,0.044006932163178414,0.022323071878352734,0.07243596065716339,0.12955760097293298,0.12601147771397697,0.03045744426844456,0.2307892599303662,0.037849712450364524,0.15839924538442882
0.06612118334662453,0.026633930045294706,0.17841971426354658,0.055134745698632914,0.17908402642854765,0.1540326123083826,0.07092753424223756,0.07952292093114204,0.021260871164277495,0.16886246157131388
0.11323765120035177,0.08553624820630505,0.1515200769040569,0.09629371702862596,0.022217457250129007,0.10479767035801257,0.08640244524023658,0.038642546607928055,0.13153202620107762,0.16982016100327638
0.09212410425850374,0.09374852800538949,0.15357554491995987,0.09205584724021118,0.011284932588802768,0.1619440257516195,0.15834443514058105,0.10821350666415544,0.12303920336115846,0.005669872069618545
0.05065612324172175,0.1063474125907777,0.01875081378889307,0.12623199260986123,0.1054280740599293,0.15122300094859836,0.07806864910458261,0.197857445640371,0.03122220931467765,0.13421427870058728
0.07610569664628154,0.08932900101356056,0.10424250333493153,0.09154973768529967,0.10814154076796234,0.13498657657362417,0.14576869851047952,0.08067982499177741,0.057168971143066294,0.1120274493330169
0.09464433524789755,0.05530826172777318,0.025305910441627083,0.023330757794024614,0.1449776423168051,0.01574375125765642,0.11125424450850042,0.19279246609374787,0.12802470446162587,0.20861792615034197
0.04708406963745407,0.042405864960655,0.13640461898901696,0.09140178692945926,0.08904569543424284,0.18034038582382958,0.2097590099776545,0.014493522702159341,0.16396854710191608,0.0250964984436123
0.15387982884451845,0.015025183464194026,0.11887690743038394,0.15678896552474383,0.10023009689949525,0.06381881557843547,0.1486332670685432,0.012892495077067793,0.07409607292975857,0.15575836718285932
0.19125180117708657,0.14389021538762964,0.08551011484036755,0.04684336961195905,0.09292998593588199,0.1014489290108996,0.03738597683603896,0.1776742416108579,0.0061066032209281815,0.1169587623683506
0.1329857923985327,0.1256669162048097,0.08647637314778368,0.12210061732303759,0.11596732186440391,0.033698245996090566,0.13322761427571891,0.08214523354646534,0.07663839504011022,0.09109349020304736
0.18117726127707154,0.07313778915074833,0.05645002409624305,0.09761755633610443,0.13628012337382325,0.09672671608422916,0.1287258201035953,0.022064521172604896,0.14209867776102098,0.06572151064455913
0.1585191722601807,0.10920827655951684,0.10696397054165335,0.0025580277815034826,0.04733017324883102,0.15477248206311073,0.06916888360189288,0.047316744260306784,0.158440986936165,0.1457212827468392
0.1473847593273292,0.11741748469821937,0.13768133094292606,0.06931030809706283,0.03548188433628786,0.1863654029067021,0.18637737665786902,0.02110398894209865,0.07690943265077343,0.021968031440731523
0.034036183288402945,0.22451841190274413,0.056473154219503365,0.1663221201532553,0.03781247003148668,0.14444583784726636,0.02453951945166132,0.066729799356507,0.013138003809735194,0.2319844999394376
0.13869763458386203,0.07620567386663397,0.051192795268253065,0.06014944348352759,0.09813628570572383,0.1129772273125623,0.1546136899121919,0.022614620559422816,0.1356141758028535,0.149798453504969
0.01678710068225785,0.05035183776654487,0.10942925776835585,0.010921560461151723,0.10675017599004755,0.2019842305903962,0.17077776329189487,0.04963856857664102,0.12293065957492344,0.16042884529778656
0.0364375797548945,0.09288222838722085,0.12193113052785458,0.04871627062736626,0.11856482832753111,0.0990412861120066,0.18287699642105626,0.13774180439162412,0.018284270582767503,0.1435236048676781
0.23529768379286026,0.10155551451635834,0.1061600600865695,0.034286152391865776,0.010695063301240546,0.04124966677071056,0.03156950975889776,0.11441170011592831,0.08896017540983062,0.23581447385573825
0.10660630279648507,0.10135235967358597,0.11735443895868194,0.1366925595543285,0.13584413254222544,0.06300292643906154,0.02502663754913505,0.11233792406216908,0.07410997759935069,0.12767274082497682
0.18729293295064925,0.13554803328888682,0.17088929439205988,0.015488343194635516,0.04100813753216768,0.1813537027234379,0.05537541925584454,0.04360584039409854,0.039832984764314,0.12960531150390578
0.1327028742973059,0.12661606447471238,0.06460865047908163,0.09612273954401582,0.06671857084413883,0.08132033346054765,0.14914488636435766,0.14099981973956857,0.04245359339154591,0.09931246740472564
0.049712034810210526,0.07257044712451581,0.11051020723532529,0.12312006315438656,0.07746471785490779,0.1319474675383169,0.07425276081231685,0.12998636352968856,0.13428171112216664,0.09615422681816493
0.0072191348882244205,0.11567213446271758,0.15502937592539043,0.006229809903029268,0.11626463683064722,0.07934558863240895,0.11193426938047173,0.19697494299770918,0.11365017292347572,0.0976799340559255
0.0025852749671763093,0.15933263147536397,0.15527633283397338,0.07112893563072184,0.15997387145996866,0.018430858754563063,0.11245666991686988,0.04608350437152202,0.13783149208359993,0.13690042850624107
0.13792094862844523,0.11253599429831788,0.13002772238204421,0.11550253607152745,0.08748265869819563,0.03793605219611636,0.13897755772916745,0.11898628742244846,0.0934346845787858,0.027195557994951575
0.09969609021646642,0.10308868247929304,0.08384096749620469,0.07449807920260777,0.04484567776217464,0.2593073380679625,0.023958780418953916,0.0349970926823927,0.2609855271023973,0.014781764571547023
0.028741792646572926,0.1638214898994197,0.14865691442582882,0.12579692699724795,0.05307693843678278,0.05165054480375217,0.09400711022336536,0.07038192448376196,0.11614876885050579,0.14771758923276257
0.11143712489248012,0.0915558911501409,0.11479881750561462,0.10260081251507883,0.07309146807376024,0.10470313610538858,0.15962192069640738,0.1098371162914611,0.11718365113554868,0.015170061634119604
0.0015400661727421746,0.1004496482285038,0.08707923064999874,0.09949954489279897,0.111362680260698,0.065954352540573,0.12155960280076239,0.16949921467091641,0.14809409115801164,0.09496156862499493
0.05133061666580352,0.0811872702452096,0.16155246976566717,0.025190911686762425,0.16328689657631112,0.04372062954509457,0.15561139775502048,0.15252335888330112,0.10323727120631829,0.06235917767051176
0.028428213588563588,0.09809232556889468,0.05356964971134881,0.14054205580119253,0.1467077704384533,0.004955703695147702,0.19822859222150052,0.03013712824643024,0.1849090176029883,0.11442954312548036
0.14013368345432556,0.15258887911927188,0.16496433223019286,0.14755998504840379,0.032495767044876125,0.056823130446884085,0.07636801923974998,0.14122319906850914,0.022431750669972092,0.06541125367781465
0.006723442946486068,0.09105032405649224,0.1969187825817841,0.056359751249719175,0.13772531525320206,0.06194259175517976,0.06868169069453357,0.19397079893006944,0.011430166360458693,0.1751971361720749
0.09347144316737643,0.029662306217184593,0.20474606879874946,0.14037339270099697,0.08380828380813722,0.10823653211091952,0.20731674123921467,0.06943547525324997,0.01038594055099531,0.05256381615317585
0.10598548927946748,0.015860439544985613,0.020026225159668485,0.033758615341835926,0.16854146468471318,0.15953692086060903,0.042671520949104716,0.12892987988625879,0.14149561151021323,0.18319383278314366
0.24374449947345725,0.05936117345816668,0.02499627592133193,0.11722321081944896,0.09455979157027936,0.12384359852990387,0.12462359885098458,0.05864307520341624,0.07675065943672447,0.07625411673628675
0.07695384395936171,0.11505452907724771,0.014078506521264965,0.07476728944352955,0.21367586162632748,0.1798795181744827,0.03391931937202009,0.14498957888699726,0.06201719241990755,0.08466436051886103
0.1435799532557039,0.09364485588808466,0.12438056664725554,0.05760333497252902,0.09523564331214036,0.06747398885080806,0.04254805651805459,0.20118853506014137,0.10497965695199916,0.06936540854328331
0.08140429709659333,0.09921327814584578,0.15956605378711738,0.06022296173014932,0.14631417064561367,0.017028294315724064,0.15749357324177302,0.06394830223936573,0.05272933636402363,0.16207973243379414
0.15239068300955594,0.02776582223278209,0.09936982829974239,0.08504726507015584,0.1282611854716984,0.05209778413199532,0.15824687834244563,0.03655433741211769,0.08618873814000966,0.17407747788949715
0.10849490340953023,0.06745322308176954,0.04973998282850417,0.1168477820150125,0.11699054243759131,0.1525569270174526,0.06292919979085068,0.09220614807683616,0.03971980922131771,0.19306148212113505
0.013481106313276116,0.09273803466304018,0.14869196703677606,0.09261499861118162,0.09293963681810496,0.064844505439051,0.15531585759392857,0.1438512737863731,0.10424432754652334,0.09127829219174502
0.029278374721156478,0.16755925876860617,0.1065477813481237,0.11594754582868369,0.07485709873310449,0.12315840704102918,0.08962744861318124,0.16026401663284737,0.010492418153237973,0.12226765016002979
0.12983356823033582,0.11939712043634809,0.1428084559516311,0.022502863807607642,0.12861266682799857,0.153077205370847,0.15160978688622576,0.0020385935213828228,0.01386084223223177,0.13625889673539132
0.09010556514000072,0.005630715807134116,0.13319724741483613,0.11703059886342262,0.08780615397373623,0.14881800627045902,0.03895287210756377,0.14357099632170167,0.1510298828790408,0.08385796122210501
0.1056245341256437,0.07037060459791654,0.18051769657680072,0.2010403186959755,0.045276889741105594,0.02063179401911899,0.14689963733256714,0.08869549683958554,0.005074482190595572,0.13586854588069092
0.028913112846778288,0.005405945253066465,0.13626914744050286,0.01048510200747834,0.13147484918627025,0.20235543894010635,0.00968489049916981,0.19653846246452034,0.10414838170271708,0.17472466965939015
0.18603328919622053,0.05742127299987266,0.15538564972287489,0.06539466012366196,0.07585756962625789,0.21963981093574228,0.019037820569864,0.0529459133641337,0.1252655460517092,0.04301846740966278
0.08862640486867868,0.12275530562220117,0.09160486616663037,0.06455687158551991,0.0457087657040089,0.14781500776706635,0.13442713358067504,0.11092490153000367,0.06994113966821053,0.12363960350700554
0.15682274976262947,0.06982113120122996,0.02648284314330591,0.11970271403611914,0.043381990023566186,0.22303603235236424,0.018882001221322386,0.1829892264351732,0.1320216449407881,0.02685966688350134
0.04712589618473881,0.2169316481300659,0.07373843129108804,0.11407907131368576,0.16363163687341986,0.00623511026502028,0.04071776370301523,0.16124721391603342,0.0014360537136108528,0.1748571746093219
0.11322547337444079,0.010028364880895393,0.1518764267358762,0.1359448792421985,0.19272389734494985,0.00840523397157094,0.15084693549169895,0.07907714349935245,0.019856060308206473,0.13801558515081058
0.09399354918795877,0.04821999538373034,0.08508705668319817,0.1133738163078774,0.021209617497750806,0.09763145998509334,0.11698093183208874,0.13237419621805058,0.16965761943417834,0.12147175747007347
0.04169642558136969,0.12482940126197631,0.13758854598096068,0.11662022647463109,0.12656358230162865,0.08412537835467748,0.15360243444132154,0.05331379368301185,0.08864534661585222,0.0730148653045706
0.16192940128675284,0.08648057505742879,0.16644769887546174,0.058118293216347934,0.1336304225518906,0.07752068943626819,0.004826476916931703,0.08286471111586174,0.1038177079584849,0.12436402358457159
0.04263569603612947,0.11201216803218261,0.13218342543985995,0.16204466692064132,0.010935364403056966,0.047153324031861364,0.11699546082724677,0.14578451097631107,0.11671783093746949,0.11353755239524119
0.014672743164786357,0.2395778175000748,0.08377770070886191,0.10147517771811869,0.05427083711534564,0.14781175897050447,0.026108431482453707,0.1389478025797979,0.02748000717847303,0.16587772358158345
0.09494857556254753,0.045806693260796345,0.16399001591960388,0.08959927799855198,0.15600015344652635,0.07678671819566706,0.06551419431836553,0.1363849262713445,0.0010638079077121886,0.16990563711888462
0.07099569958496058,0.08431311905969263,0.083339380842966,0.17329563361469136,0.1022655913761529,0.12927540337362672,0.1631283084749431,0.057882178510867216,0.10389301365012242,0.03161167151197692
0.19649886784351842,0.054762762914899614,0.09095551226966547,0.1997929970635374,0.052870699981348836,0.028845762933307505,0.22173713040144394,0.06504324666109604,0.020558638139820975,0.06893438179136185
0.1043876965646518,0.06166257412706161,0.11328902483328271,0.09618921958629768,0.1427484052806512,0.13420408810256354,0.11170714882825508,0.08984212376573651,0.04869128023028862,0.09727843868121125
0.17825791860798001,0.017302631078973455,0.16712326002705133,0.02261708508448491,0.0912874792103809,0.06324560004007311,0.13163015150357266,0.11091743950639811,0.02650608160295676,0.19111235333812865
0.17590187456567818,0.09653613237575064,0.1376849471781065,0.08926058826389169,0.019763178653755088,0.04803567312494984,0.10793083389556869,0.0574832967454703,0.1079397220836067,0.15946375311322236
0.006174851677582102,0.0029348729344774397,0.0871544304671781,0.17622100674435787,0.05270886676604345,0.13944843599205725,0.11373111043098262,0.13024722960144328,0.21607683829673027,0.07530235708914766
0.018655161467124495,0.17205240999770421,0.05263137719404897,0.11618654603507524,0.1763944179903136,0.12742334190955606,0.1758290146155677,0.12517156821426245,0.0010971873957939938,0.0345589751805533
0.18482397961999497,0.13739401732332787,0.08641163443313064,0.11917364716063251,0.027573145014360017,0.035968225204017094,0.11890544490122669,0.1682553080294149,0.013981434167022825,0.10751316414687248
0.15604105328364024,0.03136862503353008,0.08864602768203736,0.06581949433281173,0.12181964960547617,0.13921069663537797,0.1477499406771327,0.0342945483458152,0.12199223197528812,0.09305773242889041
0.09962640768186254,0.1129686304122793,0.08419557672900463,0.10390551020588962,0.13578507174362642,0.19044409523491326,0.015417031838811837,0.1524478047222286,0.02310301218429711,0.08210685924708669
0.11277915105552012,0.042755123573531506,0.11428447744106851,0.11274706929651064,0.11239867766499707,0.12499791440522963,0.021771102690849135,0.1839880950341372,0.0006639026366253457,0.17361448620153058
0.14341812015310493,0.03890001692767409,0.00878750332090224,0.08648382605765882,0.10717797510164796,0.06607762855880733,0.0773201105551024,0.16263283552044303,0.17162090172514607,0.13758108207951328
0.07701968344008249,0.05027516788454444,0.05555705720733115,0.05206520230652659,0.13526200808689706,0.1094238860789105,0.11968881137967985,0.1891005152306942,0.02169876432867175,0.18990890405666216
0.09063208162160784,0.2186842803752439,0.12226429868407165,0.007367177404903524,0.10318345742799266,0.049951904869281076,0.07436878406665706,0.16855994868926746,0.06963891907451007,0.09534914778646471
0.031006260777221677,0.16555052034500212,0.04639293141008926,0.1922255411858945,0.052817041163846584,0.17416142775558283,0.032914558831152955,0.1059947557775999,0.08098224032602024,0.11795472242758995
