i = 0,i = 1,i = 2,i = 3,i = 4,i = 5,i = 6,i = 7,i = 8,i = 9
0.1581187284475447,0.14610357726547504,0.12158304979894546,0.08420265997156316,0.01913491814396798,0.1316477028926594,0.033109185445302766,0.05617929653038673,0.15941172733346087,0.09050915417069384
0.18955033824567932,0.00843345467472002,0.002788012941298877,0.07070612991677433,0.10429579069296568,0.14681579866047462,0.08704579996732038,0.1599029407635349,0.029136425066480728,0.20132530907075133
0.07469733603569133,0.009210633071247696,0.11746392811933934,0.14803805150293844,0.08575017524714958,0.14703060276710042,0.14777403984761273,0.13719002881235115,0.0036996719631790724,0.12914553263339024
0.14606540280164962,0.08787893897248338,0.1602237601845618,0.21797313571718913,0.05519529562724649,0.01855197817393679,0.0886084509847409,0.016721995045954775,0.17529472025593024,0.033486322236306806
0.17997478937566286,0.13103694865226637,0.013977533909774945,0.02546716432020878,0.10788295669698368,0.10295834341708023,0.09738870287400765,0.01605168679711065,0.16524217797550428,0.16001969598140053
0.10729561381607379,0.05947202405620484,0.14213301591741373,0.08535124259699986,0.060571792758747106,0.047962689720962876,0.13729953272324094,0.14627565386733193,0.08531008634873494,0.12832834819428998
0.05371898799094854,0.060058136128684034,0.09610902459333823,0.010924621090241253,0.15590204783714012,0.1498037953487691,0.07759901301746668,0.14103910664861674,0.11832746610628819,0.13651780123850718
0.17944848122075396,0.006321169203632869,0.04816881427571539,0.02628932392278804,0.12394667769455714,0.007668863949503853,0.06751511827319888,0.20977495609836597,0.10804678525476705,0.22281981010671684
0.18414743399374855,0.050274304383851116,0.16997734444983104,0.006085695572874351,0.12821797625875944,0.08762029033740043,0.12092079440303488,0.048445764138218515,0.15034894611869468,0.05396145034358701
0.06545952461027935,0.09432774665366818,0.04791761019733137,0.03422346242201555,0.21335906607956864,0.01302492305527043,0.14731937410125762,0.16317353673698162,0.06913507191209656,0.15205968423153055
0.06499364852343457,0.15472187533644294,0.18612198844404454,0.19577378336550863,0.1482200895527265,0.011831211189362862,0.032150617192174,0.023833806795572,0.045015649559971324,0.13733733004076254
0.10225689138495013,0.14319444995856812,0.1789599505042582,0.16228807692656774,0.12788735027012574,0.13480167750873875,0.03441534641184581,0.05268731774914921,0.05111425040743136,0.012394688878364807
0.01419412388063418,0.08606534052757328,0.19351153859639833,0.003958237634751875,0.19925351693298957,0.0889358069476167,0.035619679910767574,0.11198660259168701,0.2073040428008198,0.05917111017676152
0.06862870077782109,0.05555279762090571,0.10239570586403215,0.04670089704628862,0.1556039941478329,0.0685698140276675,0.14018960005355735,0.12191568903925691,0.1706508580586276,0.06979194336401018
0.11831870183661947,0.035234661858999775,0.05511237135513823,0.11544350720817335,0.16521449008050546,0.10469080060372186,0.25155082501778697,0.00050828430413004,0.006929067000297332,0.14699729073462747
0.020015320450091245,0.005609510896891726,0.028562963551346385,0.25108796123277727,0.222020833059112,0.018810947983685707,0.17339799191111288,0.15838063458663298,0.003760324783450588,0.11835351154489918
0.01005017344462012,0.1627851390293185,0.1622600196140222,0.09030716841175902,0.19860128003223748,0.02777241362415193,0.0897201710154103,0.01540405286804827,0.21697602397803004,0.026123557982402335
0.07675540031820603,0.04899860758911174,0.00045362215804881225,0.1641838618556783,0.08459770397096282,0.24464881776244377,0.22227122924393664,0.022323567896425953,0.07016098562086646,0.06560620358431957
0.024894467368516932,0.016308904205374956,0.045460948233740854,0.06344292909394082,0.16873468454007512,0.07156418089594062,0.2120506852848936,0.13747301785450453,0.03452438976351059,0.22554579275950196
0.049546555069563424,0.23656272654287405,0.09824954112024167,0.14983870617540135,0.07101621681582129,0.10959708370894089,0.13411580146543048,0.07972501735032024,0.040522365329525155,0.03082598642188131
0.038807944682043585,0.13981730118653163,0.032265822605617146,0.17018380937699715,0.023904555893810117,0.16898982391744918,0.19289039865710017,0.14625555747381136,0.07172230996504086,0.015162476241598841
0.15463037629144613,0.058358979573902514,0.10038151066278994,0.12958848397032557,0.08610784107258274,0.22351137140664987,0.12489738321292908,0.06007482377259806,0.04595856728072623,0.01649066275604983
0.036307398001407074,0.12462603369141194,0.13325937349484343,0.022773902123312807,0.08750583642509133,0.05249919197246963,0.1279648142456401,0.16832736520813324,0.19837665628765133,0.04835942855003915
0.01811974043056578,0.1430331449347523,0.05637308041161795,0.09236549596607063,0.17521560360059812,0.09883310308732748,0.03544970330793668,0.1378844170608871,0.051436915275960345,0.19128879592428363
0.12676963621835655,0.1573682458639153,0.01930187089834197,0.00512367680383505,0.12216703452743294,0.05415585953316722,0.08380569998037388,0.20797117058727832,0.05874181149452824,0.1645949940927705
0.1569233036000917,0.11385232607733912,0.14647361626193947,0.008263202577885063,0.20039949834984488,0.12060232491815359,0.15172438125163376,0.04834994816512662,0.030845981121417062,0.022565417676568725
0.09441946185560923,0.046067723462029274,0.044571213525656864,0.14455704822569201,0.059534461803957064,0.16475290477033658,0.1380328625821611,0.0696120840077935,0.14976928596895595,0.08868295379780837
0.08581122368389303,0.026570044299564992,0.19193496283034134,0.0047813465272249864,0.18637355776408512,0.09799303307413752,0.010335189425780659,0.14317368584166418,0.111167454457136,0.14185950209617215
0.07933512888725358,0.09795445983407249,0.16676185520259412,0.03447246465261542,0.1476005508155293,0.051138546704726985,0.18658703535780183,0.20007855341695063,0.009893914977371895,0.02617749015108402
0.1414849742149856,0.04310150815529615,0.1678319728279153,0.20164368250090073,0.22608382782588915,0.04279730813100734,0.04177919909191187,0.021867027702738753,0.009464959758751534,0.10394553979060356
0.16608331417916652,0.08634695932246612,0.09183233996900673,0.041260218876713016,0.1524844505359544,0.03839847655520369,0.11175124936644253,0.15991969739761747,0.13512689989977808,0.016796393897651345
0.06369997302209715,0.11600847968779726,0.04506561197419001,0.12060417120403177,0.08165305310628101,0.09805933036587504,0.12288428080309698,0.12684838848464072,0.1394476965455308,0.08572901480645938
0.06451737452634684,0.06200103418095752,0.21871575443195218,0.0007291988802031333,0.062106047302299724,0.1730915619824467,0.24218626701176357,0.023044279315918157,0.035029018592013954,0.11857946377609815
0.03318368098471311,0.18359959055986733,0.12345881907036461,0.14344963084488374,0.10388822720757428,0.020573426474762537,0.17339790846684164,0.103563055792862,0.032598961418554874,0.08228669917957598
0.1345013866750449,0.004496284915785364,0.1317497988845245,0.03977319209880141,0.006545318105895875,0.2326017652664475,0.22913409775055457,0.02806231994612031,0.14662665532434138,0.04650918103248408
0.16795918286405634,0.02330322576302713,0.1625302353065751,0.15432759993232734,0.022453941461177067,0.07954016961538025,0.15641916318231439,0.07478364747729503,0.081189378631878,0.07749345576596928
0.17226340531512133,0.18738921780216472,0.07959824948784275,0.011108121705403115,0.10856825068176698,0.1306587407273323,0.15321643105808716,0.01656974317774228,0.0724271434780475,0.06820069656649178
0.17128204627610777,0.16970738820976644,0.08706845163432467,0.10365098370787622,0.03474350353851859,0.007066731362662829,0.20187725460924485,0.02582562682737325,0.02225334682987818,0.17652466700424715
0.13058581041714978,0.08231147314744684,0.10960964777790519,0.09685734628766271,0.02849836150823408,0.09600802867846782,0.09695097868189041,0.1847215004221008,0.0018938886135370547,0.17256296446560548
0.20159078323652785,0.20003175292951167,0.14047608029012962,0.14082598094538049,0.10866821651288541,0.009427284965403198,0.0447260896179768,0.014843474571414404,0.1382439996540097,0.0011663372767608587
0.09606737816889295,0.035382286893001776,0.1422751340437532,0.05494559635993445,0.06358618558074905,0.13898108609360393,0.15423973384894565,0.18385021327930523,0.1272620093807677,0.0034103763510461363
0.14917715473300305,0.016716947993671082,0.05068707607072808,0.11249583821210862,0.09528938468298284,0.1523461222739359,0.16576369914002564,0.1629135161640291,0.03416394674643588,0.0604463139830798
0.08948463470824158,0.012764803755450546,0.1055892162852831,0.12535006427084067,0.14210793532154256,0.09410874262521965,0.02958119336667457,0.12038166226661726,0.11513802340091218,0.16549372399921794
0.12648027800952258,0.05837779602019957,0.08525869336059622,0.16767011753970815,0.1350609088702165,0.13711062542676636,0.1264735550680921,0.05965238975007804,0.01654827822990507,0.08736735772491537
0.04835865352815744,0.14517693335098297,0.12106650963749756,0.08594086468414129,0.13184541252358722,0.0010474247184276378,0.13162336939291638,0.13379027352259615,0.08250287911548142,0.11864767952621186
0.14488720495743782,0.15694599683838947,0.1072830882749291,0.08783002851107329,0.11682008948257566,0.028415222272159247,0.060438487400990074,0.14482953044457314,0.05122165527223422,0.10132869654563786
0.0570449469302113,0.22162011051153455,0.05008974319049506,0.06857541196206665,0.25742648547316455,0.17853439348095018,0.039721286985462304,0.04001536847256803,0.03274740706362094,0.054224845929926484
0.07844080199696185,0.012388233081831089,0.14257888611673708,0.12116621681992903,0.13543382026085596,0.08032823848361019,0.1076122334106436,0.15450942039945403,0.11229661353449422,0.05524553589548287
0.02549763873552457,0.08164515903723363,0.10535957130022958,0.0007772444251249038,0.020528562443145545,0.2350506763733158,0.062313738389920964,0.1832669833329087,0.0679593505823639,0.2176010753802324
0.0524949671255291,0.13641653209269808,0.022128921983041047,0.15808862196032059,0.11718809245686448,0.01225060672821825,0.10786957258056151,0.11074776316929699,0.13333176598721938,0.14948315591625033
0.11176174126385913,0.017073982882687775,0.009916935327252463,0.07280636169944693,0.20953746935273354,0.00015995563327406414,0.07492258962286714,0.21142761461638485,0.05812743507553454,0.2342659145259596
0.17940482788302983,0.15688275375425806,0.02360145843960116,0.09800350504052384,0.013909786362250253,0.1452418217151323,0.06401404355209717,0.1100492622122093,0.06931714506631162,0.13957539597458635
0.05350070546952771,0.15423562512734798,0.03134362440750355,0.07238326803063187,0.18800098339794083,0.01812816491435784,0.15016124354185872,0.18172330520406724,0.13690502507425714,0.013618054832507121
0.06853196575193639,0.06700414472062505,0.16527102873069827,0.10872134042090602,0.08480211011021072,0.1387005289769872,0.10547859258782866,0.020759219057509416,0.09525036363188154,0.14548070601141677
0.058474551644812925,0.13664609641949405,0.11297936579455832,0.09394747326999696,0.03989576589520893,0.1462914000825942,0.06347310178300218,0.13319791515899307,0.08617005176400486,0.12892427818733443
0.06321799021779918,0.09034983672591217,0.09951177070922158,0.18299882862724226,0.1260100272258264,0.048991831812609736,0.0629764853550893,0.18107011012089966,0.09724200031707997,0.04763111888831973
0.011633186357444921,0.023031097658297688,0.017258652300637355,0.09934989782513186,0.051542874014951175,0.15226480871336665,0.13732946328644516,0.19772373053531866,0.12928473817541364,0.18058155113299307
0.1433976029894761,0.06806163787787978,0.20763396558377067,0.10868131814064194,0.03887769874782164,0.10014276918281015,0.10342590133209091,0.04933386661795234,0.030473911295685725,0.14997132823187073
0.04988698528388511,0.1023139346537733,0.1779083751546948,0.06465065564782589,0.2200386838474671,0.10328173378925443,0.003753307294068528,0.012961690421645118,0.16028900317728748,0.10491563073009816
0.11755500575678712,0.08308280062172463,0.015345576638373954,0.1425028060328764,0.044477730214441374,0.13012689787464166,0.14961176892366107,0.1451950321499303,0.09851287326219706,0.07358950852536643
0.06421931676689493,0.01628476851132642,0.1494337445302208,0.19449205511987533,0.02282616380058668,0.16681678971133068,0.14272361146826545,0.0038954211746417278,0.08236498031405062,0.15694314860280728
0.17193495249760754,0.1515069430493049,0.1402940434283842,0.043334670219951,0.023181218208515937,0.16891001093559405,0.04600741817500673,0.03242038800449248,0.043900258918793476,0.1785100965623497
0.13455739961991559,0.07437507315568237,0.06759960220101738,0.05066027035854056,0.17186189147885356,0.002817071596416279,0.18596218522372937,0.15636916745056076,0.12097150960314677,0.034825829312137326
0.19469093830210074,0.19230343888928542,0.14430973511946768,0.04759464576556451,0.008017783211053177,0.1351578750542483,0.021429471990657915,0.0758618612364841,0.17174817645586776,0.008886073975270236
0.05184286009191633,0.16254613841455987,0.13619486066499023,0.1282008104110186,0.07757979165620248,0.0891115689261572,0.050623273835296384,0.03954518395764762,0.1535242700379172,0.11083124200429412
0.11763491897683533,0.03458400591440997,0.09301087055686089,0.07063041870963302,0.2123790162509265,0.04190406677063824,0.0012083707673276125,0.16913535256691,0.07158884384153272,0.18792413564492566
0.15220739844981546,0.09679539025970352,0.07122942824554553,0.12504249062390946,0.1234163529508455,0.03459509243857902,0.08159123976705525,0.1560484010074858,0.022588639628852658,0.13648556662820788
0.012012552294583836,0.15172076080931593,0.21180135758766602,0.019808824005934422,0.08453158183887059,0.06497764950363474,0.09732720679926607,0.10524666366024707,0.17851427562755412,0.0740591278729272
0.17389548979049133,0.0473891762852106,0.03839037499741683,0.18085405676759447,0.16691082619086534,0.0400431074796947,0.07525160985569482,0.1605758609043472,0.09739104978629842,0.019298447942386242
0.15876633787206815,5.6519289264380236e-05,0.15381862819282593,0.03271619281954187,0.11759034986890265,0.14238402772385725,0.12834604669620855,0.024949640208815498,0.11440358476413813,0.12696867256437755
0.17004535638675533,0.06716978058585543,0.03876083263857761,0.05209167227056277,0.2305741283117053,0.029996330175516533,0.08234660046621753,0.0030209684435063182,0.21693414746984196,0.10906018325146134
0.11411506298278756,0.14314680731730592,0.1925142856368332,0.037127604940494996,0.15011258600981922,0.05777099471023679,0.09805114661382576,0.15355421208308592,0.040175046617188744,0.013432253088421844
0.16972625120224924,0.13441246017267397,0.08930034906636487,0.09893968916932315,0.0781310309180991,0.05018813744926704,0.04294536020229011,0.15454850607698026,0.1193153638485281,0.062492851894224224
0.07718610225891974,0.12293692526657653,0.06530275867234415,0.012432273653870632,0.080655762703126,0.12706948552530886,0.1846915938058088,0.13680478295385076,0.03201756245529004,0.1609027527049047
0.006875233963465126,0.133195897953082,0.057716338497046445,0.08423546558151321,0.23232157603015605,0.018611495543362222,0.01502262579297829,0.05113621824385949,0.2525517419196094,0.1483334064749277
0.15604359094786197,0.12407043967876001,0.04013621645902723,0.11923583982843845,0.14963575220714065,0.07904454544249263,0.15713070552811736,0.005930784319664415,0.06228039622024029,0.10649172936825696
0.12209712381361965,0.0886142994193718,0.157073427633419,0.15576097608172457,0.06690737358718157,0.10074485479607025,0.14678216483111783,0.06599637470879716,0.03158144332041816,0.06444196180827999
0.1315665641190205,0.18167441300465814,0.1022554036208773,0.0143276068435697,0.048243288228392904,0.16726123170685012,0.06339419827158509,0.12365110253798864,0.030098083119778296,0.13752810854727934
0.18824702887296946,0.04927370604469387,0.1775902228024515,0.054282037768837506,0.0762298650717423,0.1648358193743195,0.009196727986211047,0.10647570259127977,0.04601983909915717,0.12784905038833783
0.15145774353116043,0.10317962500126812,0.015561255927190602,0.08487089763516785,0.03146441786823407,0.1623939077055989,0.12652451709658144,0.024213568898877807,0.17459709437581591,0.12573697196010486
0.07251988035909786,0.16302248084659626,0.12014593828163724,0.04237582858024812,0.06520357988098938,0.16514458000449425,0.07575815201693413,0.036648816696394,0.16263372984002206,0.0965470134935868
0.1997007522915032,0.09024060808308587,0.05475531074363025,0.19867988447003862,0.06926275344118453,0.1263066884592839,0.0061417287838296695,0.16553834059136285,0.0747948293005681,0.01457910383551296
0.11142240097628811,0.11218865956429248,0.1392449766506977,0.03993901326784804,0.011581182320434617,0.05195033536345691,0.1428610627139359,0.18780193267137166,0.15621860653644737,0.04679182993522716
0.08783358835045572,0.017853974019302235,0.057406195829157326,0.13860000561692215,0.11056784422719353,0.21194639103703766,0.204376126681152,0.08957085098412791,0.04071847061097545,0.041126552643675963
0.06717718892210962,0.06108556789928239,0.07220366296036744,0.1587541720337294,0.13136516632322062,0.13179348090171167,0.16328451161661733,0.008887231323056672,0.19192042740698567,0.01352859061291924
0.05140996163133937,0.1810928068896478,0.005126236306469158,0.06709915355646666,0.04315723126706003,0.16130366205415317,0.045452388837762286,0.20994490733693702,0.07004843828301693,0.16536521383714756
0.10118251002757395,0.15148338711222462,0.1509321025499367,0.14296539634251362,0.14980303772595835,0.11314950535135919,0.08156304729905002,0.014129209750730542,0.014418359444480746,0.08037344439617239
0.13798753542445746,0.08483614618561547,0.01490940252408201,0.1462593035123017,0.03204968096057753,0.1534513623384499,0.14891758694437987,0.056186901027167536,0.06402170683823274,0.1613803742447359
0.14859036786060842,0.12362121205241282,0.07079011324650822,0.059847302949768394,0.010889924394426726,0.195657537559615,0.06242154521436398,0.11645275763455008,0.08452198461425556,0.12720725447349088
0.09537346489988432,0.1392714158306668,0.055842513155756494,0.1537361273095274,0.11247740301985669,0.016653663106317836,0.06760594971159464,0.06343774349756912,0.1500845838526676,0.14551713561615906
0.09133230824712303,0.14306382336543527,0.1567745380228269,0.038898537379636555,0.11118172397022548,0.18455526179168888,0.07635024802994,0.07601327516541727,0.10114953686189106,0.020680747165815586
0.026430208748603322,0.17761889958136834,0.08148655595103564,0.013160449929620958,0.17136857993278093,0.1820975153885135,0.2008789230567217,0.04200581137933684,0.018638411570586644,0.08631464446143207
0.10637024096365308,0.03713598453748922,0.0004471033725971604,0.14638934353509636,0.1421853838702554,0.03812649039900173,0.12886789042026559,0.10714161078786753,0.13765389141913809,0.15568206069463586
0.12749222445473998,0.11576958948320101,0.16892861180015206,0.13530562042521718,0.08028356281158296,0.024031562059458847,0.11684969912140165,0.02771763255916707,0.14374021547345583,0.05988128181162332
0.05594721589648269,0.1794404892962592,0.037009952542456995,0.08352571382308038,0.04378232147778494,0.04789140915101997,0.16152528601837102,0.16415681329561582,0.1343788602914845,0.09234193820744446
0.2193463644076533,0.12036980121585004,0.12999562962997654,0.07856203976904944,0.007788089524779627,0.13592884241206643,0.04000281587179232,0.014822474449091917,0.2193442531420488,0.033839689577691456
0.1515446275507534,0.0396945694484763,0.040730179239888385,0.0589662304995816,0.12295501564454586,0.18127157402712415,0.14642885437121375,0.09793292758320703,0.1339656640454925,0.026510357589716975
0.16022034125643067,0.0553345776891799,0.17153213163115688,0.018409644637194352,0.16685370335805635,0.10876830451979236,0.14836966331253404,0.0059282214739831115,0.0630684104945743,0.10151500162709796
0.09635581790525267,0.10058852169679203,0.0412910804434028,0.0814367212462443,0.23201714520800357,0.04588294503106455,0.08364506391224323,0.01417823356850973,0.24138100949057753,0.06322346149790953
0.20951378157476547,0.07965305995682734,0.04452341062647817,0.2153275707689132,0.022973006079411936,0.15825556160368015,0.0486468775351778,0.04631529228283478,0.12607177603338157,0.048719663538529516
0.12829808210035465,0.14200168855153486,0.1337376232262616,0.011282931486634366,0.11640817768009284,0.13358392489254695,0.07143082153399004,0.14359186186761055,0.06506321594658658,0.0546016727143875
0.16304403827934671,0.1622614956437902,0.011210714888418061,0.09339043720965289,0.10595693518937689,0.10752138823840332,0.03424053012355461,0.16068864226107665,0.01562224436295733,0.14606357380342339
0.12262005519085414,0.09619817055561804,0.1551062859245017,0.007343268627260652,0.08511779516466426,0.12727879465490013,0.05975744993436443,0.11176688941292659,0.0818606314306368,0.15295065910427327
0.1226466578658171,0.14206431374597356,0.16228362088873308,0.058946583515716355,0.05163271576965871,0.15942483522743012,0.16076957822178145,0.01810748968004667,0.06656653954546049,0.057557665539382505
0.039616912423756034,0.011783221850610355,0.24581573898231235,0.22990708931483644,0.10080111370290067,0.03960469345759358,0.05969688145440754,0.17244411051281008,0.08336391066821013,0.016966327632562842
0.12284128542293403,0.17131238948380706,0.08368994097726953,0.18377654767977403,0.09246194968511291,0.06322456357498639,0.021721241165450884,0.04493562298211964,0.018359976848374236,0.19767648218017125
0.07877150608222899,0.16360381121864212,0.2773896612101851,0.12008260755532575,0.0559464805135639,0.010408725777102083,0.0531519334239385,0.05442209157216431,0.07638078019256649,0.1098424024542828
0.010223814286463325,0.09706216333765304,0.18402041715418624,0.07320555940826622,0.029176561371051485,0.07829488609429536,0.19144179260103272,0.14299209908679789,0.09109422365623246,0.10248848300402127
0.15294579023090607,0.0017502770257574144,0.12589123342010589,0.10423244971090494,0.056065494021084954,0.15903469620672817,0.08131126499298995,0.15910148691850762,0.058410520225565386,0.10125678724744959
0.15258298306181142,0.020435064336104296,0.06048722622791024,0.16115028637011483,0.11644493414575563,0.05857623885773573,0.09926778919313951,0.11504402464790556,0.14743448664316391,0.06857696651635874
0.03348863553158926,0.15071389300919513,0.05721785840483581,0.08692887673005598,0.036480457053263006,0.11784659636785108,0.17876580427477579,0.2280981572427482,0.052326268801782434,0.05813345258390335
0.1356506558596276,0.08020619497112337,0.207430191879166,0.07891606528847696,0.10368022143552395,0.0023926828695252224,0.09072948478653335,0.14648731778856985,0.12383239267200868,0.03067479244944496
0.02720585478843585,0.025812979208140043,0.057261928361556115,0.16347653638658852,0.049297251238086814,0.16468716127567487,0.003673475529187929,0.18020247298130251,0.176812580265412,0.1515697599656153
0.1409788848921477,0.014189548946813162,0.20723183750633473,0.04844042866963069,0.2062309225265563,0.038464928928738845,0.1438373073924503,0.08065347517273014,0.07095979250067198,0.049012873463926285
0.0028411377570183908,0.19220546228203614,0.16173267552279477,0.19345900289306803,0.020393836545711395,0.06008783261693032,0.044996034610094056,0.01571371587671249,0.2282599610487082,0.08031034084692634
0.1076100922003474,0.01989344654988721,0.12729851068075768,0.11509266081480865,0.11998067778729847,0.09473022847706998,0.09296204487560047,0.1510373104975813,0.1225259048828446,0.048869123233804324
0.05025234201649057,0.0802364508832256,0.04148407314057854,0.08684746240491754,0.2056457705399881,0.058140109831904825,0.0662889456199812,0.0915464019591254,0.1848566047824697,0.13470183882131856
0.17847190933069432,0.1549248440973839,0.08982568793675941,0.12969101618244178,0.048864643433744276,0.144692602494135,0.044768904032180826,0.03159459153866467,0.06223037953142743,0.11493542142256831
0.016143597626194595,0.09191189021038661,0.20327939214234556,0.07314848816090265,0.023669666682278954,0.15103247562106223,0.12340819112741036,0.10108279361460609,0.029685995575823576,0.1866375092389895
0.11212991007857814,0.07759859229818276,0.10826306786718852,0.1761980921874207,0.05788495135930337,0.07460430394506604,0.15374766167181744,0.030125257002211723,0.05159300714984016,0.15785515644039122
0.20342664397276974,0.038214041757943434,0.10825829789643114,0.05127964578054768,0.17125644157400677,0.1462785139377817,0.1177826062169826,0.07119131375911651,0.002115837265825576,0.09019665783859462
0.059345859828132265,0.13813717333631864,0.012772032821220339,0.15118635194647828,0.14811651388504823,0.08645207022637529,0.06096240171147173,0.15948980407230479,0.15218478841883631,0.0313530037538142
0.07024932339123258,0.09319536487428472,0.12024288592256255,0.06363050873914267,0.20664153870100085,0.0924629214669935,0.03218171272245482,0.0911106929685658,0.030981228478727064,0.1993038227350355
0.15886862202231083,0.15998705535584623,0.09120855957959252,0.10149217496024229,0.0901334045748752,0.07795354499490413,0.10472027438898654,0.004539663798101782,0.08743081573473833,0.1236658845904021
0.06111511426792444,0.08518112678645413,0.14328313187034641,0.14714908228983037,0.04478434362458442,0.03198136016857094,0.14642117043841027,0.16904129470217324,0.16682426161712,0.004219114234585747
0.009308210158103054,0.17886698824492614,0.0868571606550832,0.06149997745221457,0.1647355598966509,0.15440100732090611,0.06583493242390415,0.14025402945246956,0.0490402359170894,0.08920189847865288
0.0751479426617696,0.00013395219073019193,0.02566086694594365,0.09402855538535983,0.03459801622688943,0.1676983567117209,0.11399766222419322,0.16568015308079204,0.1637179567692035,0.15933653780339765
0.14182038637410316,0.11060551134661765,0.09769178205501171,0.12626504128670166,0.12701847464501753,0.05751745322092029,0.10482139229586354,0.048906051493270694,0.12719826835806883,0.05815563892442495
0.2049066451764416,0.06056651989159974,0.13006590021736777,0.18610800305377165,0.08790820420570344,0.006579004962221656,0.025193252316810515,0.11061975610543147,0.16645714849681945,0.0215955655738327
0.1008921101315108,0.03634364998435119,0.2047729954020938,0.03193450268247759,0.014406472446794065,0.06942275068063111,0.21474544499427148,0.19953386306296864,0.03503872357279989,0.0929094870421014
0.029174233760337145,0.21809046238310567,0.0038373323047492,0.19461691437831305,0.034330899032372526,0.2013224792693048,0.003599466302855162,0.11498360691035375,0.03582770251474204,0.16421690314386678
0.12780974974103032,0.1298234293646202,0.00822364607173575,0.13590629944492444,0.12472909292565335,0.1487015179689571,0.03210798831527053,0.04736082652783023,0.14029030932722422,0.1050471403127538
0.013816551480361993,0.05456564389097504,0.036136914130637646,0.1798533918651303,0.08173704602693176,0.00807027823174719,0.20674452076238392,0.1921150076496747,0.10547693741235725,0.12148370854980012
0.036032419971732045,0.15324653354394993,0.05556742756189035,0.08499612545844439,0.1699276008763382,0.1445041682893432,0.05128481543805776,0.16584116119553052,0.10015351313155058,0.03844623453316308
0.13547326120851144,0.18157682290338006,0.08658341048738265,0.024805037784410795,0.09509467831023323,0.12992389493900014,0.011441526713461153,0.1814209823106031,0.03966674833520304,0.1140136370078142
0.057588229314758904,0.14966207649468805,0.057172400716943454,0.0020989970490941554,0.21384663014729724,0.21299942549421724,0.17499341894685358,0.017406533408064445,0.08548069083599474,0.028751597592088243
0.09634833651208596,0.05165451652407188,0.1356826979288236,0.044967829282479464,0.1362344070839185,0.11822370287980881,0.10852211603171846,0.15281084546406976,0.10074053593233939,0.05481501236068422
0.12869318907401064,0.13085416368117378,0.05165741479949343,0.05828273897597025,0.12796585804426508,0.0862231766112945,0.1700799672267402,0.015419769831770656,0.13149058380946693,0.09933313794581462
0.013390603181549875,0.05299871747344179,0.06348893172734402,0.10899786078044607,0.0999171339615134,0.17658616157105636,0.0449658087277478,0.1583205264706332,0.10601765367221544,0.17531660243405203
0.10259014536506332,0.10441017391358072,0.02335442928881314,0.15178239573873745,0.1300122649270316,0.1486992815101104,0.07298464775573683,0.042434741373134514,0.1350211135524499,0.0887108065753423
0.13086896306723783,0.043277077221928785,0.12750999789016226,0.0327591501329973,0.13373257042609255,0.004483174845467842,0.14410838026513859,0.16082556704633602,0.05458636784595544,0.16784875125868354
0.05888284590831743,0.043963974151758886,0.0009834830300182453,0.12030574522012132,0.13619459013883659,0.1627241208417282,0.1817188662701085,0.03984465251621021,0.2016861938474813,0.053695528075419344
0.033583510905684046,0.22116241663157624,0.0006452565210526012,0.15022690802958974,0.10880392276545976,0.058639189253090335,0.1593641637137963,0.036299654893626694,0.1364489428301299,0.0948260344559945
0.11031621058196484,0.030461450053644007,0.1979009145993505,0.044052039773086284,0.1431736670358667,0.0885794565174412,0.13242990440777136,0.14047072171491198,0.06826270325218466,0.044352932063778265
0.11442675350285383,0.14023345701146456,0.04219414352302052,0.12656281754802018,0.1004648413520667,0.10043794287710343,0.14299866227898803,0.006355510139855835,0.13380996997560807,0.09251590179101878
0.015120341673678421,0.17601270637758937,0.04920556145235488,0.0827970875129289,0.01876886994546124,0.05885686320279153,0.09810241984521503,0.144938795817694,0.16764397127854885,0.18855338289373771
0.10277584318495252,0.16264246821613826,0.06719007057614197,0.05329840562762328,0.07839202657466991,0.04891332294798558,0.050384852631049706,0.192775869373636,0.21441655884591243,0.029210582021890502
0.19305390947006254,0.07154149806623693,0.0020765630006746995,0.052469442679571265,0.031772808964081425,0.008730623050224621,0.10761969858217883,0.1281216572085984,0.16047873184404463,0.24413506713432662
0.12104651535745797,0.1462941488190402,0.006853622072166517,0.038184172540692556,0.15748239109460177,0.08232068659700263,0.08096865788350753,0.10503832035459153,0.1470888505727123,0.11472263470822694
0.03901128616955431,0.13070637821123263,0.013538922234241522,0.18332328143074805,0.020215709564185644,0.07122499546341393,0.14680046905597294,0.09595146177393052,0.15530385365130564,0.1439236424454149
0.16313115201836415,0.004232986621447315,0.03964942881303614,0.08341903122449996,0.16569321174870033,0.14516777847235887,0.04881805800921572,0.044573726999332236,0.14048289839091085,0.1648317277021343
0.03158460241473492,0.011344269145553839,0.1746264303902792,0.11287222911239544,0.14140855485976353,0.1284668204253739,0.10672003648511487,0.09700855621225743,0.010774465752935425,0.18519403520159133
0.18693847447205808,0.048634482814994454,0.14348771424999537,0.03343694860568636,0.08470569596401856,0.11430581080796667,0.08886101246135931,0.0450554927440505,0.015713072104603334,0.23886129577526735
0.06041049365179856,0.14731158587395482,0.08272403994977076,0.12908911888450741,0.06147495306932171,0.04995366800594465,0.11070584434195622,0.13889633852641073,0.1481301000610534,0.07130385763528159
0.13108399191118203,0.12210036105211129,0.08229548022473279,0.027652633044238727,0.11237673670494212,0.1217488959269153,0.18624446841427222,0.03736859149503902,0.17243954302226114,0.006689298204305436
0.10310938718486647,0.03216195918703946,0.03485958633527852,0.052221500302073294,0.04867581268249017,0.19992989243120962,0.1456617110644403,0.17208249866885278,0.14255138359282546,0.06874626855092385
0.043039791521317816,0.12617909694318466,0.11927784804853998,0.16175833432832762,0.13034907770864504,0.17013072030438794,0.08491217224588067,0.028747343186558402,0.05934742244751968,0.07625819326563811
0.12642513791495613,0.1900357133790003,0.15867217065665562,0.008020266778968338,0.12499137461946704,0.1137682826517223,0.04978413943600811,0.06605175429458171,0.03183632028056101,0.1304148399880795
0.1519972778692833,0.139759215383216,0.057935774080046895,0.08926229769076585,0.13467641670012925,0.12661770459505708,0.12087707292754783,0.13901916690903612,0.01783627959729322,0.022018794247624412
0.126909343386355,0.11129872026187286,0.037686655339749846,0.08722819793938186,0.06759072327833279,0.13092150118365595,0.13364142446474817,0.09854974929087429,0.13848883756588526,0.06768484728914394
0.04496047165946272,0.02650507922047381,0.11348042344071055,0.28675840231197275,0.045727257334083275,0.1412536051485987,0.03281304894625935,0.16640966714338667,0.04569204599044869,0.09639999880460341
0.0454290954881693,0.10878613477236941,0.09472221444423173,0.06743526587661247,0.145082573589879,0.07049448789109068,0.09484822880209991,0.12670772760320764,0.11301096043927604,0.13348331109306372
0.024991077190189614,0.046805731464668536,0.015792125870136176,0.09980407249389583,0.09889792639962725,0.1293047476412909,0.20490089379017243,0.013444713764433402,0.19738846933759932,0.16867024204798658
0.18358856493092515,0.0017689896848141025,0.11246680018543197,0.21870100351462157,0.006046305690024474,0.08915244905594023,0.08560971044663239,0.12574585020575393,0.16599120633130382,0.010929119954552471
0.005396571541201783,0.08555197467222968,0.057837277073074816,0.1274319034547454,0.213541368952827,0.14389761044651941,0.13286815933013738,0.09387850957980959,0.12463733114523437,0.01495929380422047
0.0095988409436129,0.14983374840897357,0.06895894163276703,0.15914814181101072,0.06003181146915403,0.11033460806009528,0.16412828970287108,0.01742819946325858,0.12418764104541107,0.1363497774628458
0.18387853199878657,0.048814033742034864,0.15156706777173032,0.20334779892590496,0.09879232990354783,0.018243704754129328,0.005924820618873196,0.15884031390570455,0.04274295857760625,0.08784843980168226
0.02950972437196548,0.0520448803065874,0.21923244053600005,0.22527872427793422,0.05399792299293444,0.012401361090896885,0.07126277809652791,0.18607988707738282,0.015027351667820653,0.13516492958195017
0.054091592965443774,0.03569455726906742,0.1870365656971783,0.07999852558970652,0.1111033443894651,0.09216912526611065,0.024314913528637527,0.06974059753305917,0.1658204711110412,0.18003030665029032
0.1801963829503774,0.06495759371107086,0.09531471750650687,0.08246357556026869,0.04562354462205918,0.13115186982282193,0.09333898184306039,0.13707628123637527,0.16619488898832221,0.00368216375913723
0.009509544909730537,0.13008702725839807,0.14465957220810305,0.1274390009328208,0.13336292185866308,0.06636077333233767,0.08388858619776983,0.1288364076842655,0.13922768597579643,0.036628479642115165
0.018135117710767416,0.1410183494259357,0.1109431231309495,0.11871420103742288,0.12809790103706994,0.0910328240186384,0.08622355226080984,0.0909720670796387,0.11789847676339313,0.09696438753537458
0.03166859041637305,0.008443676071907612,0.05357457368042106,0.25677455421668405,0.019630877339041865,0.18279860501150869,0.14115495044710796,0.017414372517280754,0.2739377722583022,0.014602028041372884
0.09644888448378783,0.16635247344974474,0.04036023351020518,0.0283550342086397,0.12844047322869717,0.0885452866684591,0.09291337340534603,0.14458792566235892,0.06529382395125949,0.14870249143150172
0.04357859825559461,0.15013160330235353,0.1157707453801333,0.16274897798419494,0.14989107257213186,0.10611152134717637,0.05262051220417545,0.006453157538806169,0.037979291969266596,0.17471451944616717
0.0901822576782475,0.09606074132396877,0.14751141421321354,0.10249072316802056,0.130440710705205,0.07353304048171046,0.1212830206844439,0.14886974915092,0.01535183491481289,0.07427650767945736
0.022479733491915274,0.09910023749766092,0.004090782289053207,0.0955723150394273,0.08194899210676691,0.1287782175262737,0.09241858516630921,0.10862981036394417,0.18490224999798666,0.1820790765206625
0.005714529498109991,0.054564213970485734,0.23057086765077886,0.09824124765166041,0.035662170774793105,0.19964269663695058,0.10531410565212655,0.05045647263273972,0.123150368112974,0.09668332741938089
0.015021804104506483,0.02921010797342693,0.10275184661028502,0.1243702934541524,0.07676663599192836,0.19448503742524706,0.1132705225745064,0.23098916985339774,0.01630495778376527,0.09682962422878434
0.02538780536216292,0.14510853696505352,0.18738739241103197,0.15555742310385176,0.0710781850944377,0.06109873820197765,0.06652364912194098,0.03309496217141657,0.08217240585311741,0.1725909017150096
0.17258889394452345,0.06394681325591758,0.22842108857888907,0.10167200960674996,0.07317108283097357,0.20342695234356375,0.007648157687762097,0.07147821150588267,0.038356839045028256,0.03928995120070941
0.12443927603110569,0.12073448476687118,0.1421842153113023,0.048259256691676716,0.13251076497382827,0.1510363926976251,0.0019236424079983356,0.1097574418407615,0.11273181811969134,0.0564227071591396
0.048238532101493106,0.08120622670428239,0.2210015990844967,0.006288913564184383,0.11612413435119004,0.289583777622687,0.1451806316929107,0.01948953785590533,0.05458199311990682,0.01830465390294343
0.1342726074078672,0.08295964388078776,0.04366662215869385,0.13675714735546093,0.09976744747306142,0.0693684185571629,0.0930902431434965,0.13246366393030246,0.13967692554393749,0.0679772805492295
0.05559605883155223,0.17495769907187242,0.029651043730468767,0.07019587353573781,0.01217071025663503,0.0037860483190708277,0.16267534950717946,0.14454832878939103,0.16848493238827517,0.1779339555698173
0.20769344868219494,0.07979896555449975,0.06078808454879741,0.15409710035156138,0.0043304744022934554,0.13002239099998342,0.0816860437151763,0.059032426234076715,0.18765073276789576,0.03490033274352069
0.0791387103347581,0.056443075758053546,0.06544412151478841,0.1611154610228311,0.10579474536010627,0.059744641643406995,0.18168150718192538,0.07356166091302196,0.15388925729980232,0.06318681897130571
0.13914598834858025,0.11026845744383205,0.08578688319756039,0.11301018467466979,0.03171562020887664,0.062478957679308174,0.0869314348586674,0.1410525864682196,0.07946094336657389,0.15014894375371182
0.13237864401366312,0.011599442738762896,0.18799109822680402,0.1541090358464079,0.041815688583296665,0.010364954967115002,0.16160949167743152,0.05776509526481842,0.17447021567346332,0.06789633300823719
0.13562784451858176,0.10754665126794447,0.01593084544375937,0.1609965553669024,0.04567578774823177,0.22687965402687138,0.11177021766478751,0.01132841684590458,0.035122937148588454,0.1491210899684282
0.16402536281519192,0.002570771333272207,0.15134312073650252,0.15772691719785195,0.0022636796607600437,0.16103360988634724,0.02105561524556469,0.14281035446683468,0.11132524228089222,0.08584532637678245
0.15125775195320443,0.10188818805930075,0.05359647329940654,0.12425470131739963,0.07257829841618546,0.09397174132014538,0.06685705781990195,0.14221419359998252,0.08277543166876589,0.1106061625457074
0.0273767853468684,0.13846460017911835,0.1551442786019383,0.17171512400431352,0.01719596780750146,0.07522722242933885,0.11469763131589648,0.08344084984112095,0.09856710526547784,0.11817043520842585
0.028567317467020507,0.0673900460192266,0.05529137202664455,0.08850964534934798,0.10315307529887065,0.09814509633953597,0.08962361557960098,0.16028730627172263,0.15404887696130118,0.15498364868672876
0.11783452406850439,0.1458665126585613,0.10299197360549177,0.09687779247571386,0.1035635499975573,0.00888212514256018,0.15022785980957273,0.11806100658120414,0.09589138050127115,0.05980327515956311
0.0034444035919983735,0.09144576959679776,0.1708559226173623,0.0611464992827236,0.18663744663382192,0.19275961883624884,0.10472333213530335,0.1416682923653383,0.012159955044558829,0.03515875989584665
0.014115898599856415,0.1007838410326703,0.14237715285103267,0.11641746574140775,0.16253788950746403,0.1530916314885808,0.04705613418660517,0.10083080206571152,0.05969136967247653,0.10309781485419477
0.09275193059753417,0.007684151169315201,0.20164066553872478,0.1543623454263778,0.07529651485359065,0.003838242393487825,0.09066650522973972,0.19006268994131548,0.04006678933805622,0.143630165511858
0.09453637066979527,0.04608278911133817,0.004134182226018049,0.20324016501738873,0.13369153173920284,0.016627031397710896,0.05949026011443811,0.24073917028827715,0.02429378310819949,0.1771647163276312
