i = 0,i = 1,i = 2,i = 3,i = 4,i = 5,i = 6,i = 7,i = 8,i = 9
0.002122241339290613,0.001078358318255269,0.015747776921887502,0.19637047406376218,0.027190269191533972,0.16325840096678573,0.19186907463439778,0.18904010039247834,0.020913523837985944,0.19240978033362266
0.1305720557962217,0.033318823119191536,0.1259822513425117,0.09066107699761444,0.16619823093180722,0.07953972843428431,0.060088515137791884,0.04032025366666693,0.12982346240632137,0.14349560216758883
0.015131840447447302,0.05955594705361056,0.12106148724684815,0.08324378514458113,0.12264401158796492,0.05195943811312415,0.04205854801937037,0.1700085410021407,0.1723484599814983,0.16198794140341438
0.06272881638050201,0.03448559211468946,0.01775815328477393,0.23607814889042436,0.14381759541635122,0.07926944709596703,0.1301729495263801,0.18624056044334625,0.0016842155040191448,0.10776452134354651
0.15355769700926722,0.032487831061586744,0.12360041864542226,0.1368718008174743,0.10191304279967661,0.1608909608721123,0.040366753207268104,0.1311511574536875,0.04716035712010355,0.07199998101340137
0.032014653807330144,0.1614320067211816,0.10895514006591299,0.15898946525739366,0.08867589648768018,0.18267065433081056,0.017109718911140364,0.060530606911318334,0.045889668761642945,0.1437321887455891
0.16083845824613227,0.016489873530270982,0.05094855613102923,0.14549655874270767,0.07596510227562246,0.05925663663314388,0.1433646780102195,0.05619965144055575,0.14873595793328867,0.1427045270570296
0.03265912917850151,0.059377587064211014,0.10843935437104979,0.09516236997835467,0.1410937730493092,0.22057850117677033,0.12252766376204079,0.10720502923898116,0.10991647818543279,0.003040113995348615
0.18608573342429993,0.006930126514661705,0.0016705795085721507,0.06031308889896668,0.12831070494092756,0.16772941132614227,0.14602944303164972,0.05960027478806011,0.0837923622924582,0.15953827527426176
0.056738831241630705,0.009702829904601515,0.12438518478306969,0.18980585974004732,0.021597438969322043,0.08079789311147938,0.18955992005744385,0.06267614977562634,0.17986576294589415,0.08487012947088499
0.11782242838318085,0.10872745196548393,0.07927823760641894,0.12829834661933814,0.16579928135322564,0.014457056233688051,0.07562585123754141,0.06813594971594594,0.13421785756866367,0.10763753931651346
0.10547338647418578,0.1235868310332584,0.012401015808226694,0.025621465335513044,0.018328981578042445,0.17163327118446117,0.133972430512936,0.15350019124005507,0.10756683446267379,0.1479155923706476
0.1458036204841212,0.1338754610641161,0.09737263614255762,0.017586469747273674,0.13649733770224737,0.07082696986086152,0.06773577793486311,0.036677825416741264,0.1684589592059073,0.12516494244131074
0.05898650197390914,0.1481625549757677,0.20434333992321901,0.09002832491974423,0.08724869655025978,0.07880902749904281,0.016123059181161952,0.05207062908739493,0.18984668271794894,0.07438118317155136
0.067940435220434,0.13192827472407503,0.1284428384684802,0.028795435325005413,0.12690740899300082,0.09743533882195878,0.07681371137117407,0.10492494880350746,0.11702337221949073,0.11978823605287352
0.06597761610893915,0.08182586357979493,0.027533719372175802,0.05692619834591889,0.18150226018317683,0.147680661008476,0.10637639947659179,0.1380696814117558,0.06194234426927194,0.1321652562438988
0.09018082683557871,0.05846504008876933,0.06269389089246026,0.17542486212858577,0.15810619576584933,0.18788510485411822,0.14750703711217794,0.03295094709358937,0.04399934941178371,0.04278674581708756
0.05629060297149342,0.017039653635257106,0.1524019478371198,0.16954981545760525,0.17573610073140203,0.015474389053979175,0.034402020074282634,0.17500960115666905,0.1043095683097965,0.09978630077239496
0.1412130960209399,0.14123287109380211,0.05552059555861244,0.11035760428814899,0.10442458618326021,0.1353280102473687,0.031623647579109425,0.1378918197321939,0.10107647683003232,0.041331292466532
0.011001063947335382,0.1384808571190178,0.18760879289855537,0.1041303612310801,0.15636956229046017,0.019761814043670174,0.0994032588571493,0.0560679429014935,0.07789923690041843,0.14927710981081974
0.009974416265519027,0.08861328730173805,0.19785517237747297,0.018567627298816298,0.06111916700069465,0.09200787913987833,0.2610188628164278,0.11453746874747919,0.11263508509045479,0.04367103396151885
0.19641181339629898,0.12577934418001224,0.10373184667206646,0.009165652256815277,0.07694061957574673,0.003317439594287089,0.12896314036939308,0.02912460884416183,0.13529311241818312,0.1912724226930352
0.13039716082835337,0.15049346727311685,0.08586077438352775,0.09687969913754875,0.039998285401583455,0.039766478001124726,0.13658816732915272,0.1430134623993024,0.0342143479836856,0.14278815726260427
0.12218532274468914,0.06784446788054428,0.12186949893041854,0.10801682504798914,0.08261038494393609,0.10165737142773498,0.040817258252112014,0.13939995729540122,0.12703059472966435,0.0885683187475102
0.16470277025835353,0.1440388677736981,0.09379359657965006,0.03282335057685346,0.016342040411915542,0.15359047570431258,0.16275633315400184,0.0754103490757689,0.14061471537968412,0.015927501085761776
0.08042174532826321,0.19668551931394054,0.04925859240929776,0.042732110513224404,0.11233069103025661,0.03427801716829712,0.006857977116557562,0.22797776180216833,0.242330669946845,0.007126915371149414
0.16251791434750362,0.02590421741525627,0.06673043126312496,0.07661005937401669,0.18089795574918435,0.11067956596996725,0.12372052824268524,0.07410581604189202,0.0519227041720037,0.12691080742436586
0.18927737503921677,0.2207813081185816,0.15399530542110013,0.03430395854804788,0.055586452564539375,0.0026029831454718153,0.13792998251643168,0.06897930839030407,0.0363123917212008,0.10023093453510588
0.056458605517989986,0.09858308624015517,0.08033844816444848,0.025826320653098762,0.16359420455181667,0.07105680619155526,0.1480932470128618,0.17540458359388397,0.14128019710171288,0.03936450097247704
0.138005516039415,0.135331749020023,0.07390244189209831,0.06445381724527592,0.08581185737991945,0.17045541642007409,0.023260044431588228,0.10695102218818514,0.032350444754858355,0.16947769062856258
0.17381956458810074,0.10971583503434677,0.13433101208938045,0.13053531866789178,0.00706172657402557,0.029654538320338673,0.1533274326320404,0.1477935387313366,0.09033236859274808,0.023428664769790806
0.05308647916412042,0.0677749163593846,0.0408678174127244,0.09020768234155077,0.18354539839325543,0.0681277383797056,0.1078663178906275,0.17835068394987316,0.05332409942670705,0.15684886668205095
0.06249152986500424,0.010414068639965135,0.049557026631877055,0.11579234069675541,0.17410519846308223,0.0626741245168779,0.1006673472783443,0.08793527612944799,0.1681631586291735,0.16819992914947224
0.057101105539357745,0.198509772014617,0.019280608023082516,0.15041377625174449,0.039428158534109616,0.060486924773528156,0.19529043198348553,0.12955788148956723,0.12178303944794124,0.02814830194256652
0.027374710187825866,0.23415946156148426,0.1292158166494711,0.025048803152736977,0.15376374713711397,0.011400519469819712,0.08223542573311442,0.09307554541815492,0.1691615215670678,0.0745644491232109
0.1338800152614186,0.1640639487725032,0.0021389521800191957,0.11159319477205991,0.15542994363143497,0.06952974095247846,0.0983831326422389,0.011983027107713635,0.08057303294048523,0.17242501173964786
0.08564213722066331,0.10391535704337003,0.14060879184672312,0.07930551084022995,0.16441688205742652,0.07715053386448724,0.14907540794875454,0.09435799424438344,0.10147646427221854,0.004050920661743382
0.1545665421501736,0.04524240976348632,0.0540165029531438,0.16121973971699166,0.0448780179637267,0.16668513034841462,0.10953616796198669,0.11153372483193437,0.04608667439700256,0.1062350899131399
0.05907734854750169,0.03743720822966306,0.07662047640149641,0.07211064983054405,0.16295251670304048,0.1170334303512448,0.14669641102153114,0.09280521639466151,0.12706379169983653,0.10820295082048022
0.05255857535184653,0.049732138586118,0.11391163778943925,0.14585245051302145,0.1012894720401457,0.11496629742380965,0.1418654005899098,0.05340064382950832,0.12006606641476862,0.10635731746143269
0.11679419690661814,0.059366881167559886,0.11239149751073847,0.15656699563890522,0.02642770092974889,0.062014956960427886,0.0955169990738057,0.14316542028626428,0.12745467628790919,0.1003006752380224
0.1742051047596658,0.017726472785101477,0.10033285249400209,0.12184586653266131,0.16405172731694342,0.060206977571828295,0.06135451890252711,0.084912334581336,0.17616455853501287,0.039199586520921564
0.10873695481930276,0.13489691076840843,0.17427693075891174,0.0687517833179912,0.17873267072919613,0.17342167401305789,0.008806667641906681,0.041239900188036686,0.06303977703585209,0.04809673072733633
0.008167353299293793,0.09853076768310277,0.10220413544413752,0.10277027620485311,0.16012370932470818,0.155055124586219,0.10214921518316389,0.17466424328679317,0.06540370608963525,0.030931468898093326
0.09118781204707216,0.031014737507655876,0.0748971390406854,0.025458641995092138,0.17735145588821433,0.1823901547425344,0.07026423501505993,0.026119379295459426,0.19067232322133235,0.13064412124689403
0.1603408270229591,0.15962780222172643,0.05118883910071918,0.1293921056084413,0.0900854811832996,0.03194565168515076,0.0650230577738149,0.12229269740550984,0.02287587983860752,0.16722765815977136
0.057457221580412866,0.12649479598064814,0.09367560084062121,0.084855623839224,0.17033531952271913,0.0312253974104332,0.16123718506974352,0.15562300305038612,0.018716188451976246,0.10037966425383545
0.10421446500205431,0.13660992681485842,0.16694769624854813,0.04807311425321442,0.0446313946084366,0.06449898822746053,0.09384452685181595,0.013529527564518548,0.15795380198495818,0.16969655844413484
0.08363289933546758,0.21507991760307077,0.12097892471469184,0.06915513532425899,0.02326425402308827,0.1451039629193341,0.1409721815181502,0.06458954730000094,0.11496931086477959,0.02225386639715772
0.14684129835235574,0.04261145250701523,0.17451266192076811,0.025222877578291607,0.13950566826890287,0.08788104384065287,0.07415336737361285,0.09636041866791782,0.11064285200401294,0.10226835948647003
0.14963288610182357,0.10281615614212061,0.12915595212100817,0.13601508041956137,0.01267014100617124,0.030894970686162416,0.034879308191074064,0.12469058994536378,0.12317204672666175,0.15607286866005302
0.04277664633809966,0.10863017749372132,0.18195942331216058,0.00351414497583677,0.00575169567895653,0.08276674973034577,0.09856110525189686,0.10609041510888649,0.18308653968428015,0.186863102425816
0.09947643310602845,0.14745009785790678,0.0004991620825878947,0.03704400379800258,0.0877400097524413,0.1244249357617145,0.16385925922575548,0.13423628729647738,0.0536983456589116,0.1515714654601741
0.07411878510239826,0.12618518076903745,0.11850033190718133,0.021190984051471334,0.06853277931988795,0.08107626563184352,0.15288062695635135,0.07947337854289155,0.184690877952442,0.0933507897664954
0.07097348264368229,0.14157955351515208,0.0017028586744762427,0.14740340176380778,0.15446419066072894,0.08446976594192042,0.104331294707363,0.133251264619329,0.05555108091463288,0.10627310655890744
0.05149096193297137,0.12601311055923547,0.1027859429551936,0.12999229776527083,0.17589713119509492,0.03417411115562848,0.11093377389372545,0.1659200038120157,0.046885857152466875,0.055906809578397325
0.08396098883699142,0.12935388647003798,0.012317378441560245,0.11941313596259788,0.004644701070015831,0.12521773814117632,0.20163610954555095,0.12183840229143385,0.08018172558652284,0.12143593365411255
0.0635066198906451,0.03721445195782455,0.20760226577760588,0.10954760145176566,0.05901040743915883,0.05198836485513031,0.22109082488717624,0.07821704773892328,0.12356403291273718,0.048258383089032846
0.10006557634671809,0.18065233642094353,0.19144687978151229,0.02090023408645458,0.11408415388904206,0.07748402820479884,0.11534335452523518,0.10905429025556285,0.08719756379275076,0.003771582696981882
0.14409363028155378,0.10003300156679064,0.15434499054922002,0.08176572775058207,0.0442567247818566,0.15961595306941767,0.1728752040726996,0.04165993528625095,0.09528099611858662,0.0060738365230419535
0.09920995429096661,0.030546361225580625,0.012765650843162214,0.16917461629616665,0.17326773676598292,0.15298201111096388,0.16116403848723918,0.026272778717052442,0.025977778154713523,0.1486390741081719
0.17115325424515573,0.0895367381732767,0.07423060436867776,0.10818474333311691,0.16194799826728712,0.12822094239166026,0.042917589907428146,0.0568433612798901,0.013299597619304201,0.15366517041420316
0.008232191596319018,0.11659180232701023,0.10014484550067491,0.04597121496164056,0.10012052042638402,0.17983153940649943,0.1679193792503393,0.08733534942035523,0.062169575741089965,0.13168358136968725
0.14864271509524746,0.1119723112173571,0.0826687005737551,0.07797642366295113,0.11489685584475465,0.16873995564353705,0.03149035481294355,0.09567568118527806,0.06230738701250628,0.1056296149516696
0.07986601739919197,0.049400733200592614,0.27853161163408724,0.11766399979012311,0.08539384936861144,0.0057820867195610285,0.13045440941078418,0.0549337239004103,0.18993457415373213,0.008038994422906067
0.08268915520995178,0.19379383513580106,0.0062353614483763005,0.02324645670500922,0.11838183627825087,0.0038121261407396303,0.1906401954917756,0.059231648275108136,0.15727905798569672,0.16469032732929076
0.08221220878065617,0.13262130457507434,0.09620637489411756,0.14395530451770347,0.14792349966214607,0.069756465959384,0.02230932773673832,0.013173184163576586,0.14007679419732003,0.15176553551328348
0.15836373223656436,0.1411915607335976,0.017459868344643418,0.07335422777211871,0.08037182520694082,0.13237709303805212,0.12019224278907005,0.12979392611663398,0.06382316168536614,0.08307236207701274
0.12169363800400487,0.12306788030914473,0.02072628970099668,0.19481752596360588,0.013795264532483148,0.18847534204030963,0.01942988566042125,0.06463572812336357,0.09207603377026846,0.16128241189540174
0.07186203768929426,0.16992881967121837,0.15634730035140984,0.17255283499136376,0.013071101479567818,0.07051390754238557,0.027849121320736445,0.0032843136022892372,0.15262192809281994,0.1619686352589148
0.1130819548241764,0.1561112948110861,0.05123629359384697,0.13470527024495985,0.11994223567174192,0.1420866200781341,0.06316834703246932,0.02375078046081183,0.08670853121162783,0.10920867207114564
0.06948051951039837,0.11420082322325728,0.10798312327110215,0.0603139853774894,0.14729542375090643,0.14585950923621938,0.015600545034388024,0.08927856327028641,0.11806206798786578,0.13192543933808676
0.008293400088288622,0.10145674600817364,0.19128392140949413,0.19201191527470668,0.11732884766696136,0.0600103671580156,0.14060444606755895,0.07720880770156183,0.07423418039250243,0.03756736823273682
0.0683530588383304,0.03941995988560706,0.046511055551801045,0.0005538146869339623,0.12081880030235245,0.3220020485303383,0.27170785358313965,0.05156440672464671,0.06633937262728348,0.01272962926956702
0.059616012084433546,0.10210741690366716,0.05281349313147749,0.09910650936296708,0.17013157007523405,0.09579718424038415,0.16275715593420967,0.11473355488936558,0.013845630508174204,0.12909147287008726
0.09720234790883299,0.10028356794973499,0.20563695262305615,0.08494271234190477,0.05913239530597027,0.02678482457276069,0.004552990019537236,0.15859897958602542,0.07605979098081983,0.18680543871135769
0.12028424485236405,0.03682320526387349,0.10283495298885792,0.16601427553452736,0.05786807759605675,0.03711472818289369,0.05700602086910422,0.14783437229767835,0.1578536933243775,0.11636642909026665
0.09834629144532359,0.10161802277546715,0.11574619774549307,0.10085136206993016,0.02616362789383348,0.077937404327602,0.12874365384809922,0.11984352418142323,0.14091466884491616,0.08983524686791201
0.12414176413001958,0.12426061845122213,0.1297632855542888,0.0896292750087373,0.09178419918940778,0.10743027683314957,0.10638632751472213,0.0765675579182271,0.08078792227398077,0.06924877312624486
0.15216653500671032,0.09702069157309207,0.11319273091917732,0.19197320895241055,0.15519399789984004,0.020191070645323248,0.018623788983686385,0.029989926437145844,0.13873307497733273,0.08291497460528151
0.10720220452635544,0.19940414552696492,0.015665781005961468,0.12311968288917553,0.04959038945388392,0.09800131461009935,0.16469099555630393,0.028923135302787683,0.18802076326956316,0.02538158785890448
0.11820359415027983,0.05654281774675137,0.004921704405208389,0.09957778717776715,0.12244110299940464,0.05735546545051365,0.13987035001069298,0.11057599360732134,0.1416303288390318,0.14888085561302877
0.14413411986682226,0.09211267490299244,0.048597373096347214,0.04134357091318254,0.14195087148517846,0.0520157205486383,0.15447123323322315,0.06049654000841882,0.1423554331907893,0.12252246275440745
0.07755310376698812,0.030909499943722475,0.06110733351660692,0.022262599575752943,0.10456307937640201,0.18556306757000723,0.17814506565751362,0.09016194800604428,0.007235742024984147,0.24249856056197822
0.1403621749890766,0.07086552014993523,0.13843515330825518,0.05162499476166736,0.025446824396647614,0.08840453234395314,0.15349235555172547,0.083997196828975,0.12667344010303958,0.12069780756672488
0.026391112806501565,0.12977905261476008,0.004465867693869429,0.06961069003768322,0.18168053176924434,0.13707002262792148,0.08591881905431191,0.13846505540607648,0.14220888107414112,0.08440996691549038
0.11838803003368267,0.18448795475784976,0.07137236461639694,0.19428573511733635,0.13346129040706137,0.1048089804742668,0.00790409620502577,0.02806651331144561,0.09931872532720144,0.057906309749733244
0.007982443061366808,0.05319877038517321,0.22687717824673018,0.11697532022245491,0.006542560398009144,0.15711410806051332,0.10777066439081989,0.05248961263251133,0.1776860326852647,0.09336330991715662
0.01279487798511394,0.0034533973114757813,0.1735543389902502,0.026582648781325147,0.08550158423870385,0.10401737266510054,0.22766529961740523,0.12422219270931646,0.19885471227831253,0.04335357542299638
0.12729240210837517,0.18718018223355004,0.2542053422964549,0.20507429632966115,0.02238333888943984,0.03932030425432024,0.06717883285379771,0.03588303921555325,0.03180417385236513,0.02967808796648266
0.10068120537944858,0.10263229529687805,0.02885964635854288,0.035554889321384675,0.13213360114878367,0.09935768366930063,0.10361402748125671,0.09159382893933868,0.12392624695101764,0.1816465754540485
0.20133437922352285,0.013694792057123583,0.07025798778329122,0.23765749139273354,0.02744720531409626,0.1997646841341156,0.08627013807364779,0.09602190260493024,0.03725996854409204,0.03029145087244688
0.01762753971254139,0.10585192006929005,0.08135468930695326,0.04712341444292161,0.055573055596295745,0.2845099598164672,0.24413129512773918,0.06414131818975871,0.03279507505035179,0.0668917326876809
0.1592894690221592,0.011281127063792676,0.16431599943766495,0.17371311599671954,0.10535862442175097,0.06495920060328486,0.011370031382651552,0.1819661284290582,0.09768517210986297,0.03006113153305489
0.048266570697730965,0.03849217215708108,0.15444832312764603,0.11898292542972018,0.17634585964649582,0.09807033969861542,0.015384900983339818,0.09665740396818394,0.17862635372295296,0.07472515056823378
0.001576493625032283,0.07442377101828222,0.04658781641702822,0.10687933971006719,0.09287045812892333,0.03232309532171661,0.1974989688016065,0.20057518751783057,0.05783144396782756,0.18943342549168554
0.10425024131641825,0.12552525307418247,0.19297944383218285,0.0969410182151529,0.09844180994369302,0.0017493131413809265,0.12571400612368355,0.019322005156379118,0.12441042819935261,0.11066648099757438
0.1733140259818304,0.022828679790690098,0.07351749246458299,0.0033775099750535964,0.21883413564172172,0.13786403026565075,0.1384830330231425,0.1444614058212567,0.005747820538132407,0.08157186649793884
0.03992997028504421,0.045527233926453504,0.14364930921152544,0.044999457083940174,0.06986183537114263,0.03886219088286367,0.19732559889918141,0.10917601005915757,0.18915272677766712,0.12151566750302414
0.09413166041695903,0.03172008897723908,0.012844106748514172,0.15274817809903596,0.12749459889858772,0.1316303854676156,0.16150359385435795,0.1379471621396206,0.08309935873966298,0.0668808666584069
0.0755781220342697,0.127707726734727,0.11450573289602661,0.13311969008593444,0.13246034822960157,0.03989428139391816,0.10024927487737278,0.09946763389997582,0.057507315500927796,0.11950987434724593
0.1999512015004458,0.03139485938482766,0.0537158684773472,0.05555874021338647,0.15041067642964528,0.17602169598554007,0.07857318163369076,0.05662175159539425,0.17358635685064513,0.02416566792907729
0.03774489575745913,0.1347050114499363,0.19934224417615756,0.05837684344940641,0.13248207801066622,0.12135842445184099,0.01283128310033014,0.05469919879152493,0.18795612365547348,0.06050389715720492
0.13586909881900686,0.03279893621489389,0.10393115817184909,0.07716634940144798,0.08973334216206155,0.084444831582962,0.11555412078174064,0.11972888876719041,0.1611765218420134,0.07959675225683426
0.12887213568656528,0.04603108750399815,0.09207377315063585,0.1969683117178384,0.05323943048609982,0.04171384849371626,0.0030041929407881715,0.1628133331680866,0.10906441450398961,0.1662194723482818
0.10613480481230982,0.19487076204489925,0.025718571468923288,0.048386664894967936,0.1471394181430349,0.14052884774152172,0.10912893815524424,0.016276300527617315,0.04895931275276837,0.16285637945871292
0.03726871292145378,0.10488241762448886,0.09836877645500419,0.13164638468620532,0.16668565550617245,0.0029291343689755193,0.13895342992145426,0.14606701415977544,0.08976174726896913,0.08343672708750102
0.04898268048346296,0.12999177738282644,0.10857294649844254,0.11438442383692364,0.07923670645452552,0.026785037983530473,0.12132152361843443,0.0756351668283799,0.14889518367170285,0.14619455324177108
0.13512287264074604,0.05076117599993365,0.009566728054522515,0.039002520577902586,0.08467974121676934,0.11756015910282396,0.11170826339609333,0.050477354622345955,0.1320431944923822,0.2690779898964803
0.059659423363446235,0.01092016189640808,0.19490448637151117,0.08015958674307083,0.037397160513718206,0.13554378187057523,0.21122616154299914,0.12070224205990963,0.051452875836479846,0.09803411980188168
0.13356710909215255,0.10358702961966743,0.14106298761650488,0.07541152393851751,0.004424445857844555,0.14122646539387063,0.08181770084116713,0.14422352549392817,0.030836797183317357,0.14384241496302988
0.045693741983071946,0.06117883274066866,0.07672952133470408,0.031121609621420854,0.12616574620952722,0.148007545965606,0.13707624709006497,0.025925530959267636,0.1881273393238862,0.1599738847717824
0.05475707662085082,0.15181269974027314,0.04517367564884102,0.0807536171583951,0.12150055489278762,0.1425953878110107,0.1403661362408596,0.110483798498734,0.029669639014269413,0.12288741437397856
0.04702265323336956,0.19737487735600437,0.04671997892986815,0.014958669001811732,0.08415560820194612,0.17678268539094277,0.13583559291608713,0.27320148301311925,0.01592281635931659,0.008025635597534336
0.051767687176563826,0.13222508611061556,0.14541143272091475,0.06609793482720992,0.007474260311025056,0.1630078906991477,0.15601732500185211,0.08661367629305498,0.023527035323471397,0.16785767153614464
0.13316693091389936,0.11150189965495749,0.07835990372415345,0.1655069632860875,0.14704863546692845,0.13346330062356423,0.1402108700185543,0.025745393316224614,0.05257598290836644,0.012420120087264156
0.0187453398522128,0.16246584621467486,0.09942047915320865,0.07562443275082666,0.04975542163176739,0.11373369178482533,0.16309490738392954,0.11176491931591326,0.06918187773047942,0.13621308418216221
0.13037685403739174,0.12837519931570177,0.08064066249107989,0.12626631420723047,0.030778908991869743,0.1269199370656004,0.013854120951059994,0.17870729000647062,0.0232557792072785,0.16082493372631698
0.04864526668816195,0.138467149881337,0.03808672425818017,0.023836075575620487,0.166016273989341,0.12547331059988356,0.14279939199853525,0.2049257076164542,0.03668388596416909,0.07506621342831749
0.08558143267128113,0.05565585300834751,0.14365750053724347,0.04354352144038286,0.09282399584696405,0.058312764658958814,0.13564923069068965,0.09406559402619481,0.1374247588073072,0.15328534831263047
0.1565065823799192,0.09508889004312146,0.06255001274231495,0.09308974277699235,0.008956733313247358,0.05219269355317434,0.1385591156897927,0.16895864646724645,0.16662015892867754,0.057477424105513666
0.0945051921841275,0.002761031695038959,0.10821173549111508,0.08417679134579108,0.04111059433831421,0.21213454299389803,0.1806662460434919,0.14679805105901123,0.06355791522846078,0.06607789962075122
0.05853241389508851,0.011625991317258366,0.11917381369803401,0.08958487699661262,0.07551264638660501,0.18451244865714606,0.14241265847408047,0.07769478966737028,0.08765153177616121,0.1532988291316435
0.07912319543591993,0.052030219328338116,0.046634849190250224,0.15398889609779165,0.00999279250267544,0.11786800349798375,0.20085936887206127,0.10177080868648311,0.125852957550868,0.11187890883762855
0.04234384339481255,0.11484185128607971,0.12423795225631196,0.1088071321841735,0.07187382103045915,0.016181719830213805,0.13771589292582462,0.14830013187548627,0.14537509533528375,0.09032255988135487
0.15463335910595882,0.07845576540824684,0.14134355896492434,0.19400738497759532,0.03325602368507869,0.15399441479249543,0.055055926762898555,0.044827123225642924,0.0708942221325583,0.07353222094460063
0.07702886535053913,0.01841739722094043,0.21169130696015406,0.0051455599435126596,0.2222565701487973,0.06033879965094159,0.07166374836239993,0.035276365887301375,0.062009980719151696,0.236171405756262
0.16423703027053682,0.04593470678297569,0.14386950892676323,0.1469421589781952,0.06686148354038059,0.09746072754531748,0.11975286840888588,0.0539875398518719,0.07419865867807891,0.08675531701699418
0.10477896013908267,0.059016373682797996,0.0737593561129664,0.13765047357361207,0.13041770160244578,0.10534785354130656,0.13099251657353986,0.07999754823516719,0.17047372450746237,0.00756549203161896
0.04562334097001327,0.09365062165546238,0.0768190335158639,0.2520295388534419,0.03332970417880655,0.0018452469191172387,0.13211837730177245,0.003986452905228255,0.25621855233607244,0.10437913136422161
0.13659979946634307,0.0723015848435945,0.05387752184815849,0.07811566814230948,0.05756444429704204,0.08801911777418142,0.13526834000311386,0.12333636205535341,0.12365447271047858,0.13126268885942502
0.21371698384284635,0.005062056307494988,0.06623282707321478,0.07736760667943621,0.17649912778287946,0.1818495757361255,0.10996011139661518,0.05268798614585626,0.0037963430639980996,0.112827381971533
0.09991234708187753,0.05162313203369664,0.16133764669188805,0.10400737407111152,0.1370447520050033,0.08597913964039243,0.15013418393520606,0.027849882101995925,0.17734847592857814,0.004763066510250551
0.1131355876997133,0.018027293753930383,0.17558137136191274,0.04669070344102667,0.15981110081969765,0.17307836624228665,0.1251152058514379,0.0934752059384043,0.029229395378529446,0.06585576951306094
0.1164954339418648,0.08722703354807448,0.0788051124435872,0.0867565148405612,0.05665657361019329,0.12610353434879457,0.09876694108523282,0.1597957467621496,0.18157613611115966,0.007816973308382378
0.03143629885887098,0.11533774708998645,0.11528089609388162,0.04378063156246734,0.10619125662553176,0.17693938156738978,0.07781862984347034,0.11465162922951541,0.12237982787216288,0.0961837012567234
0.049203447229518506,0.19396149073267993,0.05839677573288596,0.0028978404988087335,0.18962716140599004,0.11612517631849059,0.080448242901035,0.1647579616912696,0.025464449951130213,0.11911745353819148
0.1250243085448304,0.0599774699926475,7.668417025438143e-05,0.1339056188736403,0.07810191841697363,0.09275796127404771,0.15087945657046894,0.17490144650695633,0.1533167160321091,0.031058419618071702
0.09096146906606682,0.09282899013971073,0.04170543811432328,0.09254333450942434,0.021901634969762284,0.20472708549098864,0.08935415599800665,0.056076378529672906,0.20385315929679856,0.10604835388524578
0.11802211695791436,0.04937670566013216,0.15678086474217026,0.0388201634168014,0.014885003435251992,0.16937699385415653,0.17651551493527948,0.1792698688517871,0.022519308762376518,0.07443345938413008
0.11470410660393458,0.10097261075330549,0.13313100279333928,0.08869099943203175,0.040087707317136664,0.12176285334384379,0.13100295834772416,0.07178411785216726,0.1376072187106532,0.060256424845863694
0.13153363687260655,0.1777509418125023,0.12031704335075595,0.08194717531572254,0.11038242674395635,0.03471405872812662,0.08505476948917598,0.07235356327825063,0.11103857367451771,0.07490781073438528
0.14301670726458757,0.06736508927630978,0.16624281592433163,0.16412105014678835,0.03598821079714287,0.07715362105252888,0.0940505987742127,0.11340186039314058,0.039889499602457155,0.0987705467685005
0.18250175082646347,0.19118772617348342,0.0021068592654972093,0.02873437745013786,0.11634767013616922,0.05159968623114792,0.16098622796182094,0.005008125302693719,0.2093827678853081,0.05214480876727811
0.08413514455821863,0.07171578629442214,0.10776057067582359,0.06735992348792966,0.04127205879133768,0.0751186865360968,0.17856684645490536,0.1572378678471907,0.1632314530781979,0.05360166227587767
0.15223354960109226,0.08359692434370868,0.13921989675539467,0.06699641331866966,0.04721205461316141,0.043447517789026675,0.11067324077174587,0.16175307735161265,0.1588216376347802,0.036045687820808005
0.12571298767014552,0.14821913457860925,0.05039449003724656,0.07915310532871188,0.11222787798830584,0.15408118053708475,0.06747562050316391,0.097704443787353,0.11695283187612847,0.04807832769325083
0.07860339310899522,0.07870020897883405,0.1818993156002781,0.13274994968830947,0.044327305498118974,0.10308470798104506,0.17261083995082574,0.07124202414028406,0.0983392243014678,0.03844303075184142
0.0034840324501742613,0.11963471478535372,0.08222379678044581,0.15325234491117054,0.1813830667073768,0.08323621794684272,0.10649496881707257,0.09881326925174577,0.014759592913863936,0.15671799543595386
0.01661255848633161,0.15674509863572011,0.06623704082841206,0.17164774136216965,0.2266727226302538,0.09284133174222423,0.02097071715949044,0.006640237468207269,0.14216613034133924,0.0994664213458516
0.09024617709476263,0.13009564785400365,0.09688935163048931,0.0014693380127258993,0.08526961915352409,0.15615106208270266,0.08569524249665876,0.06628600388763191,0.15685401500946808,0.131043542778033
0.15606975171263926,0.17305003064768143,0.02136179099371204,0.15838158183837217,0.06559148065644635,0.04611009748546662,0.13228506564272577,0.03795162474319853,0.030142212304389307,0.1790563639753685
0.12430785984809298,0.12021093715641465,0.06778557738007206,0.13654596408079903,0.06396971766898285,0.1097042239731423,0.1482858702498573,0.11817299794814173,0.10403394573948259,0.006982905955014446
0.15058879726915161,0.18378771832393212,0.12766760565565577,0.13993708806008304,0.025214538204345067,0.03877975028694989,0.00492224273957858,0.048218129852301894,0.13995610475115564,0.14092802485684663
0.21772472459113495,0.0015471676319329015,0.04658195818276458,0.0676364937417551,0.0076946445774497855,0.11560206134106549,0.14375541612451237,0.10821100214248598,0.07746622724876348,0.21378030441813534
0.036762646256236105,0.046309755969570474,0.16419041245878338,0.11260651293123931,0.09552436958440595,0.1047573652689825,0.14229765113271564,0.023508867737613452,0.09631782804316116,0.17772459061729184
0.15481612729523767,0.05076292535778698,0.12070907895671455,0.01167214427647985,0.13023307714005836,0.010267872845426617,0.12739747591432934,0.13853856130977985,0.1554442403988094,0.1001584965053773
0.0939584665820932,0.014381392016493058,0.06458135922995498,0.05916373046277224,0.1579969035263311,0.05328383495192907,0.04938748960169923,0.22164637459564693,0.1313045962479636,0.15429585278511676
0.13610196902203853,0.0037355000892717208,0.15789199512979232,0.028168355078271385,0.039233310188536576,0.06924477860115857,0.168881851098058,0.0809813400406827,0.15315671302260295,0.16260418772958718
0.021268390453971452,0.22133358161606156,0.14645390435824474,0.05563102016919205,0.053683372794790706,0.06776093267280571,0.11845876276905508,0.11627255511243312,0.0554266150156698,0.14371086503777578
0.036837542677435164,0.0950735523851857,0.0827833549783516,0.1266754279552997,0.17450021190467718,0.14992757260679404,0.013678869834892226,0.1379563500274631,0.04195949811819631,0.14060761951170492
0.13143926045854104,0.07446761972701643,0.000696444001667484,0.0825388501149691,0.0740111517550125,0.03601066393768606,0.19450768597405596,0.16712206188220677,0.12119257369486912,0.11801368845397557
0.19269184240995776,0.1856158142492055,0.02063291077601928,0.09456324662973879,0.05182029729840734,0.011629081472501034,0.07003204451423245,0.049013711065410664,0.17868939458378644,0.14531165700074083
0.150864250549544,0.1388525998562511,0.11590911338132856,0.1404161416442169,0.03961432568372882,0.09227483338959121,0.03571991626272608,0.12438034197145133,0.09280539734416432,0.06916307991699784
0.08286555087010011,0.1292939671690243,0.06712325303278185,0.18855680137014158,0.04115118400578923,0.0547147415946971,0.051465532779728214,0.2162995816170667,0.14824708777638945,0.020282299784281265
0.26874660469186307,0.039217470138557066,0.06297515718554049,0.03278120630994308,0.06664966494406308,0.11792357115409628,0.11903108637249617,0.14751799948076882,0.10842716222104107,0.03673007750163098
0.15094413605686574,0.0235483239017312,0.034349309060762,0.08171204576579122,0.05302233099668675,0.16319815267367743,0.09964565471928055,0.16916001342356113,0.06479105066418729,0.15962898273745676
0.10791160336770798,0.11505208357873493,0.1635240899987526,0.11231049670952548,0.08000484170550252,0.023522514069022307,0.10086434127122189,0.18321974822888523,0.08173076337559712,0.03185951769505007
0.014244617227913009,0.08723338891380894,0.011061129494287487,0.19234433601171255,0.07727677410599443,0.025422635455767954,0.10680542623118089,0.11637044348616159,0.25124881660420056,0.11799243246897258
0.18192243165343083,0.06906208584956461,0.03225397090624256,0.007791751143493562,0.1848398687663729,0.17067538993884146,0.13601372589680605,0.058313034821974134,0.09419360912230645,0.06493413190096746
0.05614681111417169,0.16577151369608112,0.1020882743185489,0.008032238138633671,0.11629698649994645,0.04547237944136386,0.11152112967713168,0.1453164866656069,0.17612880915506476,0.07322537129345087
0.0013405441544970293,0.19515781707954338,0.19974955517002058,0.05736180765667569,0.12491471601367181,0.08995374685269274,0.0722223853588932,0.015279838059767993,0.07759915323133672,0.1664204364229008
0.14467129576740131,0.005419802036461713,0.03843839890927101,0.09298756640474161,0.027670138599026832,0.08588838494659101,0.0991937407645338,0.09206183830808114,0.20769815820811977,0.20597067605577185
0.12147733317842677,0.10587484983940795,0.10136702967382936,0.011516191372524394,0.13958182925359686,0.13431430516652712,0.04452726246250856,0.17393945338658348,0.120808134208855,0.04659361145774046
0.07055126130892543,0.07952576994812269,0.12730246092628061,0.13774446191006207,0.07923217037186173,0.07864623996727689,0.0954361852564616,0.05772665289870455,0.14632312685087948,0.12751167056142496
0.10658245029056487,0.03902103460557426,0.10399573357734755,0.14136374143057026,0.17646112859160593,0.16038215136716022,0.04935044898720099,0.11768536897612651,0.07840884668148934,0.0267490954923602
0.07457341491554975,0.15087629841494618,0.1583413677425531,0.0907603142996771,0.061738354006009924,0.04305965939991877,0.06348230752780538,0.1009931764506475,0.11143722952036873,0.14473787772252367
0.13808229052337317,0.13968579068892584,0.1579668448814324,0.1250641402583061,0.02428916066788465,0.003806388420609741,0.1755267537752538,0.06704312105724339,0.11291282770283274,0.05562268202413813
0.07963945013196072,0.19665393494251515,0.009367631554278047,0.11443434633526642,0.18282957253418522,0.06097872212167116,0.02958740451490786,0.18806251026031737,0.04140455062541436,0.09704187697948378
0.11885751063291876,0.06807752522807743,0.09799551122914142,0.04413197780814391,0.10797366665358649,0.06948890167380412,0.18660114875243586,0.034441891394373265,0.22481207184625354,0.04761979478126538
0.10222869177404842,0.15381804018905645,0.30774187381924156,0.0856058017323772,0.0015787029481640438,0.11005227516178355,0.09960370326505877,0.027322798726754364,0.10014891505750649,0.01189919732600918
0.09279231574842509,4.719761056589461e-05,0.15415840631906516,0.0023593861529170967,0.20381613340683716,0.1303423241272752,0.008447323342123548,0.05404121664261845,0.14974569838592885,0.20424999826424334
0.15082346317778889,0.03647822318068763,0.10095356113240746,0.1041344129404003,0.027144719252529405,0.1744808640810842,0.04129837311580356,0.1471537462728261,0.09548978819904333,0.12204284864742918
0.11995806229229825,0.15599487987804647,0.048481751706747546,0.13379584921673746,0.0811000746938053,0.17127183331569273,0.03487638511771707,0.04821067383830453,0.07284027692368764,0.133470213016963
0.10397149377621717,0.11210761257286622,0.03453915916576213,0.13116626024070158,0.11573587469038939,0.003788960913263433,0.12555048577474276,0.04629119337344954,0.16467984023470797,0.1621691192578998
0.05415370208740613,0.1403794938491912,0.10049332501269123,0.07227403382818934,0.04952459067567305,0.048916648904069486,0.15352280504378263,0.09832269562679916,0.048607906391692275,0.23380479858050549
0.027939820884651877,0.12958387653512884,0.0194980290384304,0.13138220558046065,0.0321775001429513,0.2051781337833735,0.04909868158077912,0.17056357525703622,0.06316785751246581,0.17141031968472228
0.17815383645916494,0.052266311149587893,0.1614742787683719,0.11862447675149129,0.11598851893073396,0.03912649888393112,0.16030085863474197,0.10038753444665921,0.02165729038260572,0.052020395592711995
0.05944176131543862,0.02716148943152904,0.026300460870849505,0.09063756398226393,0.16995025772459332,0.24863212560802192,0.18089678392441372,0.13982135214520525,0.009960466908570593,0.04719773808911405
0.12229223645708102,0.07964599665177653,0.15097195483980513,0.15187195830873595,0.0068783902298479365,0.1253789074842066,0.0011447715199534875,0.05267463537614553,0.14669385454000106,0.16244729459244678
0.19453372341894123,0.08503416397211194,0.030886638819829997,0.03415678308186969,0.14345148983934142,0.08746642563609415,0.025408053313354332,0.16704095435827854,0.137402142738956,0.0946196248212225
0.052870091785663306,0.018094235142655044,0.06916786915207784,0.005007629285311418,0.0664314837866675,0.2174458647283612,0.15875106726037688,0.08512183894333114,0.160172925363797,0.16693699455175862
0.038825987974698446,0.008635891319183011,0.13215858180624068,0.10677160922686384,0.10345659050797647,0.12274159537317063,0.06251239022209909,0.046908871505167225,0.19470364374213547,0.1832848383224651
0.05843874719993095,0.16336127754046276,0.040707427748202095,0.06670401777424896,0.1715482558108199,0.14362511308111045,0.018170452103215048,0.14643208244369732,0.10034973014570807,0.09066289615260444
0.181350618889816,0.0348658302566005,0.1555312378467008,0.046140886224586106,0.14938478276022663,0.029018363885673203,0.12135912167155409,0.015349365363384179,0.1791726209279658,0.08782717217349262
0.10457175402097094,0.008751604967788257,0.050492661316463724,0.009734315596779853,0.12494561963193794,0.151691138749376,0.12495052946671306,0.07411646909094825,0.12914826586441286,0.22159764129460902
0.1231494270851899,0.0013733188161765312,0.09674311918571661,0.050017008914061016,0.14250560781183175,0.0945694742845344,0.12085578408956478,0.16615906368812708,0.10739787306827289,0.09722932305652512
0.02539829044186599,0.097564369003925,0.052954705268524915,0.08272334312087018,0.15162398576606256,0.07720910101477133,0.12093934329086942,0.13145228738488562,0.14325017163639375,0.11688440307183123
0.031428874591050475,0.11574945825785543,0.17811256120358074,0.01122162288488006,0.06555707908576322,0.013846902486727543,0.06612510129397793,0.18156864901113803,0.1792287245394887,0.15716102664553777
