i = 0,i = 1,i = 2,i = 3,i = 4,i = 5,i = 6,i = 7,i = 8,i = 9
0.1152051340912181,0.11263086357728344,0.13500673844296174,0.013507573189226404,0.006358427455946493,0.10605924394861346,0.005795827037378531,0.17636894254624452,0.1365370999510592,0.19253014976006824
0.16146693662079126,0.16378590681655913,0.14056179813090622,0.0010948075079741846,0.014370817301379417,0.12946218929493522,0.03619827855051116,0.02031013441536019,0.1635834107889136,0.16916572057266946
0.1112862286729047,0.18134734200990132,0.11859380507805012,0.017365534003196088,0.06089415473792409,0.042066251046935656,0.07456705634582818,0.1535436648028453,0.0800682287537391,0.16026773454867543
0.09592445184490642,0.16489143796812095,0.06516773138435288,0.14113776979741186,0.07781378127067276,0.02913161082239738,0.17864216350776016,0.07217737324667013,0.04247517619667222,0.13263850396103533
0.0627877758867778,0.013285255167721968,0.11652712981534569,0.10631830070559016,0.04296288409691493,0.10237502087846725,0.1817589188385211,0.01808250446588664,0.1878017808840304,0.16810042926074403
0.021140484842577828,0.03289023082618033,0.10534549704327188,0.05628233623115775,0.09536122951377604,0.16615498559728747,0.14767000728282956,0.18853094297944656,0.007646926512082811,0.17897735917138993
0.17466602589849187,0.03945402247998185,0.14975493417351016,0.15351102750083734,0.11316162341365905,0.08371716513394042,0.0282998219128238,0.0854661098724684,0.14024795941093243,0.03172131020335466
0.09818596455503864,0.1296810621813098,0.11109665450937066,0.13918405673027107,0.06741457214393569,0.08267249555607173,0.07457884023273002,0.11539299801184527,0.132335011282097,0.04945834479733005
0.16485745003838834,0.14626781005989004,0.04089239053492784,0.166561446543226,0.03353214578481452,0.1572043772133836,0.09509182303101163,0.007028600461426368,0.1387790715011566,0.04978488483177513
0.11145155764330386,0.10350607703545743,0.259866137925798,0.004837465025717493,0.17901973217362382,0.01429517389236996,0.10550549650652413,0.17394012735656345,0.004631169918520306,0.04294706252212156
0.06280587695092464,0.08961026281980079,0.12733499592952374,0.12329724129531869,0.12089162099744358,0.14201662505826082,0.14730825385527835,0.14619965034865537,0.00990407032819009,0.03063140241660367
0.12777955329391902,0.1570045965224904,0.009644906632241584,0.17698031444843715,0.16026965484602643,0.12771907639246916,0.008873790665100596,0.007511462255225805,0.11850003815505696,0.10571660678903289
0.13089107496918484,0.0250067195582953,0.11557898724327996,0.024215033015771617,0.31949619237628923,0.23739574331304739,0.016762743882811123,0.06379541508613756,0.02786057072118968,0.038997519833993244
0.0223799963359642,0.14102386693496763,0.08429890387104204,0.0778253655539875,0.026233241258874475,0.07986584730933742,0.16856035022496624,0.12422806340693854,0.13056722574027704,0.14501713936364471
0.08244980030478978,0.07604230881762557,0.2675758769981156,0.010021284709052706,0.22028695031206103,0.13332336280425355,0.08246617225049378,0.06776204285662372,0.04695279208795461,0.013119408859029645
0.16610428063768787,0.05532387521280799,0.1558083164465538,0.0705803189915023,0.01409379549059762,0.15794134610545046,0.032131309409526514,0.026701318256931533,0.16752424409674463,0.1537911953521973
0.07444290692748073,0.25136465558380267,0.02513441771730061,0.006950472617677763,0.011981644879107396,0.16137936454400786,0.2184239466819997,0.007031081628265514,0.02281797140404921,0.22047353801630853
0.009457115023458553,0.05492207963568241,0.12136712963448743,0.14106402384815867,0.08614275830939772,0.10131467630591712,0.12669062036189058,0.1483834364850613,0.11876160922499424,0.09189655117095197
0.13631771036810805,0.1445878846082279,0.05418918535602393,0.06146708601194469,0.23398236468653025,0.048567527990047266,0.03289903828755358,0.06175027020788575,0.19170774919038017,0.03453118329329837
0.17375718962176098,0.04403404793638453,0.008303137019141923,0.03906351482171256,0.14421087728851315,0.19168691563366252,0.017901022226607506,0.17217249305780455,0.09870834574440811,0.11016245665000411
0.16580852852429434,0.0718369657170968,0.13388929081244788,0.11789548569413451,0.010020546167094498,0.07505866327815103,0.07511469344855413,0.09734585100907715,0.1362394429976965,0.11679053235145323
0.13015912096463175,0.1290255599569333,0.01402377908788463,0.11204337189742404,0.15641759742445616,0.18658513276689045,0.031464500478191555,0.08119722961661226,0.1386666028256374,0.020417104981338596
0.13762873204827217,0.050520429756285554,0.09444513246673625,0.024042258271548628,0.07244684411693214,0.1593666257067181,0.12709624134691022,0.04327449395194366,0.1326453842383205,0.15853385809633277
0.1349323259364162,0.14517675034084643,0.12209817242717252,0.12991822371567782,0.120190230457398,0.011721951923576128,0.006218454533407603,0.11753065210939373,0.13137250731324068,0.08084073124287082
0.16142460016915985,0.0789184625637487,0.08268934982482308,0.18930592264422982,0.04365369204766942,0.07535198668466218,0.011961300701416442,0.029542570094375963,0.1803714598237745,0.14678065544614
0.12818601887113715,0.04002742286543279,0.16710166765966808,0.1789977326131199,0.0576533881875833,0.029437148169605857,0.12503213760444326,0.12745953334943627,0.03831234793062131,0.10779260274895223
0.16611863869999197,0.19022772833433216,0.06673030162059632,0.13403745707479886,0.09004342220519485,0.14715451099598045,0.0411397939328809,0.08219349854953989,0.026194738824346597,0.056159909762337916
0.13204320198432257,0.09810910368203603,0.1224127204357405,0.11236219907138573,0.0261522058237363,0.06299032937711299,0.14039446640715889,0.03053121977002502,0.09618199611310804,0.17882255733537403
0.19426336920256265,0.18133770264922855,0.15150646105111462,0.03654459980532241,0.046733352934579045,0.000638561472605177,0.020677196248265715,0.27314147872416006,0.009608533034053925,0.08554874487810775
0.14144211796966621,0.1450962549392106,0.0998043347224944,0.10056922792943158,0.065330791710775,0.0759530432835542,0.09278700259175914,0.11636324258596983,0.09583744645708274,0.06681653781005628
0.08510420877574106,0.10089598813696947,0.13819702551035187,0.04563167482605967,0.14312856469365648,0.14070869487476195,0.06796097315495615,0.05740735201549092,0.08827302627068856,0.13269249174132366
0.08090168185199689,0.1332075783411779,0.07792243850678396,0.0302239891303516,0.11677637699490467,0.12865305040089767,0.13133121511509577,0.13702696317122673,0.10469788408116848,0.05925882240639626
0.1440719358535395,0.1699635667386763,0.03525835019847355,0.041839210560223446,0.18199924884536464,0.07719430145565356,0.01174351261568828,0.08460235512833529,0.16337055576870452,0.08995696283534069
0.0638616932508322,0.1238445781748047,0.06952908727309844,0.017708070091782012,0.11606344913459231,0.07171558193006003,0.128153787925695,0.14504187733387103,0.14340001046883902,0.12068186441642527
0.14512296226067492,0.12157584131775606,0.1557799464131474,0.028849904747826213,0.16182380186616502,0.027193969269445294,0.12121495048894544,0.10847963926967248,0.10170974177517111,0.02824924259119607
0.10682533942969111,0.13790734477961364,0.15017752581102375,0.11448409814683909,0.07610237211278544,0.14517736712359852,0.042438517489482824,0.07617189733465395,0.10259967029798306,0.04811586747432855
0.07898971647198168,0.03559848205908841,0.15396074359548928,0.11637028686960567,0.00018887066460733967,0.134124742440888,0.08803454898035569,0.14162210462383168,0.09929220951817488,0.1518182947759773
0.012678734128241687,0.0691438672530822,0.07481705563867289,0.20923879017440808,0.07945613408456675,0.15576538669856496,0.10091710440707874,0.007471358850535605,0.14403096968398035,0.14648059908086863
0.15993246801352426,0.08409547918099719,0.04612802506076258,0.03416151952622768,0.01684070298431729,0.13857564728419747,0.08496612780295917,0.1624557533898627,0.11891952256898901,0.15392475418816262
0.05987874008041951,0.18705941785645386,0.1438958447841143,0.00520686951543915,0.0015370168361635173,0.1842654465618725,0.16356120765586277,0.13158320235012755,0.06112900483247837,0.06188324952706837
0.13861430522706708,0.11551198709323296,0.1939627355899419,0.034996211050156864,0.1056780542601439,0.10083511108605005,0.05499910837393295,0.05245614301673892,0.18459155900806462,0.018354785294670703
0.07095302386673284,0.10556823268791182,0.016824639502863392,0.11804804581210294,0.13161484802673248,0.032031674636432625,0.09771154977973526,0.11250316674230379,0.114024469406855,0.20072034953832985
0.08931537377613817,0.08716685801568061,0.13919543730450498,0.17944047112061373,0.023159515244191454,0.055594432436731525,0.14344137464919565,0.09688405248690363,0.10770507762876061,0.07809740733727968
0.10760754778656309,0.16035334787491623,0.13439210178267239,0.12980120967062297,0.024203811324703683,0.11507491009916046,0.11583617502630267,0.04301141602275253,0.03921569752287435,0.1305037828894316
0.08925238709193146,0.005338660577693399,0.07200956836245777,0.14274937071225657,0.03467736155815385,0.035975843750834374,0.1038904843759649,0.24004930908824587,0.15261483454377966,0.12344217993868223
0.08668336427690082,0.18926094246097366,0.06526480735621593,0.027065292120735555,0.17668554688261515,0.014385597974852605,0.1509691689971832,0.23567796806446809,0.037381776826111164,0.016625535039943826
0.16465731041008397,0.06563882812171459,0.04115997207550183,0.027961395639995074,0.1794709336893719,0.16615235775303963,0.1233318137732009,0.04250616148018847,0.033301884660837375,0.15581934239606637
0.1567382965333778,0.03318940678236427,0.002724011285648293,0.1773061578636859,0.14426614181803432,0.034855634927056484,0.11891050848591049,0.08872547546256214,0.04809085673784596,0.19519351010351438
0.12946838985319442,0.10159635056982508,0.16223310865165336,0.02711129410614214,0.16210767617286742,0.08817778605704285,0.13003624109944126,0.0409547316094664,0.023038360545657596,0.13527606133470935
0.17990931064696147,0.09365854029557305,0.026240823658321054,0.09312463949265082,0.16086341645857988,0.00601351605016602,0.12645374797016054,0.1811926257540188,0.05985723400050862,0.07268614567305995
0.08537333350524115,0.15804714910141895,0.18640109195380264,0.01972645669521811,0.03828930436840842,0.18813781086734988,0.10889679948519745,0.1271348893627548,0.07055322516458852,0.017439939496020115
0.06426545084216573,0.08073025271059497,0.027768643442110483,0.04508466831570397,0.0998933371278996,0.10780484419187186,0.13657598387585876,0.14829920102610447,0.0866855693781644,0.2028920490895257
0.08797903784765838,0.026385434007768837,0.11565473439560077,0.021423440218949187,0.07866791941663231,0.14861988470459844,0.12749496676776517,0.13142528889005797,0.12777072104254047,0.13457857270842846
0.16462780925422968,0.129664751011086,0.0013050801149512656,0.11772553444588456,0.13594432342735016,0.16166222400735888,0.0018867689332160115,0.11842927689510972,0.020762341847268738,0.14799189006354493
0.07647833556031046,0.17588820157175392,0.09605141435012286,0.18423399834563328,0.06906753589020895,0.1298666289715067,0.09658468696421543,0.068030881954791,0.0063718159032994885,0.09742650048815804
0.10239099911429174,0.1242691503303342,0.0699482012901288,0.12718120031695318,0.11915341187165994,0.1380488220249409,0.10544692558607525,0.1014611081191249,0.10246934419242493,0.00963083715406605
0.1230225869634021,0.04812016584408813,0.034980035989601956,0.12785332349339393,0.13215145290989952,0.10948251388625324,0.07484757547544237,0.12376369599234109,0.10082520598140833,0.1249534434641692
0.059900426607211475,0.08256008048756308,0.1406688269235241,0.18442592114281406,0.05826327445010531,0.002462552264810642,0.11821427312804833,0.13330924692316126,0.1108431684348456,0.1093522296379161
0.14707046497705206,0.06336584219530016,0.13734373533969613,0.13713348340991552,0.06834791995843614,0.01501580411552889,0.1149628975073627,0.05249449977280825,0.13241834897365443,0.13184700375024558
0.008820090282638386,0.06441230271663921,0.13880751499768332,0.10002280294599196,0.16940834818403705,0.1704565024290941,0.18801265689031085,0.0654727476969401,0.0692791835583054,0.025307850298359615
0.12555925663562456,0.13214031898934953,0.1940535382152397,0.11741577568152604,0.031275809905134365,0.015752759500474802,0.07704594297140091,0.15291337579218442,0.11654459691445061,0.03729862539461487
0.040293568471442935,0.2387229590180506,0.03885286611112651,0.21110850907420922,0.04838488533163357,0.006153483271575485,0.13518499053815558,0.02784427504890596,0.20328744681811756,0.05016701631678262
0.020938818002157942,0.01742935254468853,0.17676815094892234,0.014691112530376861,0.13908616538701365,0.1980804277207922,0.1224844647306484,0.20109218072523735,0.02781225286389203,0.08161707454627071
0.12253762775419969,0.007867174219582999,0.16317191578973253,0.15989370585476,0.014026419678661507,0.04792052465488054,0.08534975451670361,0.15086920328190545,0.1426857630809919,0.10567791116858179
0.1782314643940097,0.0019911727959044715,0.08260129660366525,0.12929644578370272,0.1618970007517253,0.10874941820042561,0.036778893583556946,0.10277204936578879,0.1258839828011496,0.07179827572007164
0.11033851481756275,0.02691012068693542,0.08501384329396378,0.09338955156642283,0.13089633921669544,0.10275823506433929,0.1418456792516557,0.1561558352128437,0.006873286182134111,0.14581859470744696
0.012906652203353259,0.05096056654504495,0.025490633894197208,0.21263355898944736,0.07824664801394977,0.16164327466597603,0.016673036737616432,0.20113753611247118,0.13921878557124046,0.10108930726670334
0.1913674764556067,0.11207845713389022,0.15565865243326768,0.12719187207350977,0.000229109700887803,0.03342097821896516,0.10654770279672168,0.0004489852636674412,0.1700472113556364,0.10300955456784705
0.07107133398863226,0.11596862482222461,0.152159308136618,0.16523569359980295,0.14277062308121358,0.021191829359636503,0.1746407119746527,0.0035262905070430894,0.012991134541595907,0.14044444998858038
0.007101507210364174,0.16304712962656895,0.10965551855041913,0.06715786364732532,0.17159222850127506,0.0985586973865948,0.11784660111860137,0.08723947669631082,0.011918127100053426,0.16588285016248702
0.013644366236169424,0.151135796288227,0.08391863162884514,0.1356441549221505,0.08925539895157018,0.1606391864670779,0.13223196129722012,0.1041296785663806,0.11594255854190184,0.013458267100457428
0.0114337266377333,0.15968842899816443,0.15309890175428068,0.10196585652695674,0.04317975723474915,0.12744497209876487,0.13032706994477566,0.005517131726519169,0.1533587552993749,0.11398539977868123
0.19057101988177558,0.029259343230021547,0.1470599064564112,0.06985678033007565,0.1427077123484006,0.11966277235079915,0.05089924282265852,0.05286769789997798,0.1320057067481071,0.06510981793177263
0.04449723700412162,0.0003745054772740365,0.12490178496823406,0.14412986435662134,0.16265776357396336,0.0817139160693541,0.10313138503987834,0.1771162700806493,0.08444226651058687,0.07703500691931679
0.05628008177152499,0.16232573407622117,0.14235961398585212,0.062951785230407,0.06190531805264761,0.11259447481539235,0.05441301921557732,0.15462338604878392,0.15563524954363062,0.036911337259963005
0.08285210821372525,0.23113829979927733,0.06863625063568331,0.008072002451145406,0.02888629847836648,0.03097738485007018,0.006802895641622285,0.2071922212774343,0.10793693803950127,0.22750560061317426
0.08202887969923583,0.14739750332112914,0.05683823947784311,0.08717458751929691,0.01055638842890591,0.06323678448604084,0.09843328786668086,0.17522669708333877,0.1803035648026189,0.09880406731490975
0.18105479182201265,0.1236237574223859,0.061811339203901215,0.13010359871261568,0.058292956995792684,0.09020123218920852,0.1321511284009103,0.1602806484521089,0.05233556383971178,0.010144982961352278
0.08922724330195524,0.060409696427739704,0.0992414053476006,0.061021452837329695,0.1946533042291172,0.1354874809265608,0.1313268462940649,0.16645273364645496,0.030933856323805922,0.031245980665370942
0.08977709619007805,0.06178296269051123,0.012771924783571567,0.1296400674098428,0.16482370756696627,0.05279133681650503,0.026718895397284916,0.1330576276344339,0.14860188954906,0.18003449196174634
0.10613825034997273,0.01054859573509379,0.08474466174238876,0.18590349055824307,0.020090576074703662,0.01281761329311504,0.2030994999616944,0.015186306036886995,0.29447835923481624,0.0669926470130854
0.09244905381027474,0.052663841276237466,0.0767601383772664,0.14414554718430925,0.12644267662726524,0.13020203655757756,0.04675623528569515,0.052006308653939765,0.13276705954069692,0.14580710268673758
0.09034881777306866,0.1800089119559379,0.05373716121246267,0.006817062422755189,0.18727702892863746,0.04847939619026099,0.07060503351469331,0.14826732483795704,0.19767967035903147,0.016779592805195188
0.08073283307253695,0.17968002711222691,0.17772130259875882,0.018898743519501004,0.12143737044548389,0.026431534971000464,0.1328925856367491,0.18309389630835982,0.0030643027292781484,0.0760474036061048
0.05522216738176978,0.007424316314865758,0.17916072039501682,0.12081568330665049,0.05014196789797663,0.04442369733576166,0.04146673684165472,0.1280758023327769,0.18820520815539804,0.1850637000381292
0.23406447248384574,0.06014837918586015,0.006247293443812706,0.17479018775286248,0.03932909075595153,0.02549331491973888,0.15907850498134207,0.0078028873556606464,0.05905344166795558,0.2339924274529703
0.16944896302708695,0.090577136864622,0.021804129370544267,0.23211036618408834,0.1361103064209676,0.055589094114077406,0.05441402604768466,0.08587397878605117,0.06947743994910958,0.08459455923576809
0.03699438745148194,0.14562602620417933,0.02510366333093093,0.034648942606460925,0.16964692966746966,0.1816589438572906,0.09459543176448007,0.11352841730551633,0.09020714972426233,0.10799010808792771
0.12442141641708727,0.17601550612594294,0.04024571469049159,0.0901275454632056,0.009946168570410295,0.17200785874971658,0.13296799189673245,0.06510341148537518,0.06390057654781446,0.12526381005322348
0.08873878484956349,0.17655151767426314,0.1704014057057178,0.05848607980018337,0.03807287537253516,0.1131549935898158,0.021859261706437753,0.005992986011932174,0.16182807914257752,0.16491401614697368
0.13300803328220326,0.012019643148585966,0.18635481836565213,0.005214260577976371,0.12315081369445462,0.049449478142510356,0.005031763921580813,0.1668354476235552,0.17740960787006646,0.14152613337341496
0.05206562263185116,0.15307747193976606,0.04710531673723847,0.13639377609268047,0.11208633023175157,0.05350267924057039,0.011489392304502593,0.1362758395702825,0.13836649279490704,0.15963707845644973
0.05691882449979209,0.14936256113437008,0.09386435939246374,0.027514692294726285,0.11663556514079464,0.11769727068777638,0.08825211393321179,0.13638064897990648,0.070191417758539,0.14318254617841947
0.058130777618014835,0.05961709567522938,0.04366278189987985,0.12859836720562645,0.0737430872406618,0.1396472980388789,0.15418691473572624,0.0861320028301369,0.09196836234938435,0.16431331240646113
0.14539947392009137,0.04858059195074896,0.0796858236751501,0.13721553746995982,0.0700784324638627,0.08002850994347806,0.0663941975459304,0.1311347266187474,0.16042222531959138,0.08106048109243974
0.08120236995538997,0.011483381596716557,0.17060237536714692,0.11646163619720966,0.1705418442460843,0.03962353797228386,0.14734223889429882,0.15552336888298574,0.03188133892412562,0.07533790796375857
0.12414880475430577,0.0676236500762697,0.03617728295879254,0.025655837897425204,0.08582250742419205,0.131893397075718,0.13499299813722576,0.08844730788455041,0.15255245153129643,0.15268576226022418
0.012018080276400578,0.1266865833209073,0.1576500601361227,0.11998263161408126,0.08168697394797733,0.13721715331822043,0.136712072823998,0.1324010104706309,0.019169493053318318,0.07647594103834307
0.006062917750275065,0.11887922348187649,0.15097059600451407,0.04741214501265699,0.10562616529759175,0.1504725378721922,0.15496915707996056,0.14367735093212153,0.03720132188812959,0.08472858468068187
0.13296422690593646,0.08606778890304657,0.16750366858768076,0.14851449929590912,0.17200643563845397,0.037699250250902955,0.032818583267323655,0.16028188676535574,0.008405616734294614,0.05373804365109632
0.10164701240536818,0.14719186841149848,0.12793923419677303,0.07311923909279106,0.032346837131234304,0.07596078454763969,0.0843239377686439,0.0870808260553282,0.13031983828503887,0.14007042210568424
0.03098999251056281,0.08759286321672578,0.023271536493931332,0.03317945511660411,0.12030233071574346,0.15691844640587949,0.12245118659284215,0.11089902890192928,0.13389219526491905,0.18050296478086242
0.054073286082422824,0.16262665457739647,0.17800158326866947,0.13769348430844586,0.09394056882014383,0.19675269445616922,0.06048920255917296,0.05220718066219599,0.06211212485113961,0.0021032204142436613
0.12579393214066073,0.11411269024471786,0.08588112561710332,0.06584481800682439,0.07738376568820128,0.08772667189553988,0.110859612985707,0.12648574165539186,0.11874247736505633,0.08716916440079739
0.014368443430085049,0.046953201628877055,0.20876762200214619,0.07790667155944789,0.07361706625743282,0.11995356900361989,0.11254568946310205,0.21878747595538922,0.07852648318995328,0.0485737775099467
0.07001391084110882,0.17703061117852556,0.10968808169565193,0.17707851805309818,0.17794901007543928,0.13050900268151402,0.07861369518872054,0.015667687367084925,0.002493819532341348,0.06095566338651541
0.04864703971609072,0.02825580958042378,0.07722536900390084,0.04112638689044495,0.04572982953724498,0.017149420914022776,0.19039700156667919,0.2244854300097826,0.12017774349794391,0.2068059692834662
0.004831815000254247,0.16090162961602122,0.15109637240684445,0.16335307893799117,0.15142141791193298,0.011168130600408966,0.08510574780521521,0.019011998803989138,0.14603138985554512,0.10707841906179758
0.136376642223103,0.033238746697908224,0.12273878838052772,0.1518458044643399,0.12636889380339686,0.0047888836608455145,0.1663105270310632,0.08796321847815648,0.050516832912492454,0.11985166234816652
0.15782714357055855,0.12105247113578425,0.00010318057995675745,0.17354537845458573,0.10562386127667536,0.06562842336495912,0.05306883723015938,0.059898601660401105,0.07721310364516017,0.18603899908175955
0.01807937082578125,0.09711651869563774,0.13889022570501464,0.05262064255699565,0.20164686030204784,0.11277583213164526,0.04031481274839508,0.16281956645245466,0.13548058213783443,0.04025558844419336
0.1168696288883354,0.10883974488158848,0.0205515104835947,0.1398524207839908,0.1806743755510824,0.11033456110029208,0.09059232056957882,0.10315000404283903,0.01429365726863287,0.11484177643006532
0.07178541235474026,0.11891625882737317,0.08243783072988554,0.12876041954811568,0.12646039815107005,0.09944286407460122,0.11801785815855988,0.04017603906693172,0.10026502169725526,0.11373789739146734
0.14755910092247318,0.02000054355370887,0.03641062809352372,0.009279117910749004,0.15963734063034968,0.1339477255496157,0.15763628111307343,0.046478023749506533,0.11887440622803483,0.17017683224896507
0.10547345203661948,0.06422537885763606,0.01769549124164778,0.1000423328875729,0.15618855461258457,0.19799201708285905,0.18447269524029533,0.04535974144144079,0.07939554719733288,0.049154789402011054
0.003637274911842234,0.03631049765874807,0.16644589446662675,0.06160026811353645,0.023030010710583065,0.07620636838453243,0.037225388341664584,0.20627279380601377,0.14475833227935278,0.24451317132709996
0.1232645870629719,0.09953111075344659,0.1219245932072471,0.051277119849208394,0.08910915033475465,0.10334742603962796,0.10091828384581408,0.08749425577102074,0.14199560318459606,0.0811378699513125
0.09155572262991671,0.059126303377620135,0.14656175586475984,0.12131501700727947,0.11377993980980512,0.05049208181849041,0.006505814559612034,0.06524899865259431,0.17306283870107775,0.17235152757884414
0.17037803027325457,0.0975199818479269,0.07446468137455088,0.12037134504685237,0.1526976278791543,0.11607569454581441,0.08472233978403672,0.04474241067180562,0.008025194831245785,0.13100269374535825
0.060620162520956415,0.12283603317563672,0.061963051431317515,0.0776421798567302,0.17779718437575576,0.016194821524155315,0.07587138392477961,0.03878831596726792,0.1781646427902182,0.1901222244331824
0.0009159531515738844,0.19761190913463214,0.07534373248342166,0.16436953805011134,0.033912365322561915,0.15668482482682772,0.07635650466932754,0.12266233257473842,0.08654283375673913,0.08560000603006614
0.11226714462875001,0.09059856974601913,0.07368999826115409,0.13496732302143197,0.09745928041315369,0.09628931705606954,0.19396400237083167,0.13550357518764194,0.016472800881463388,0.04878798843348436
0.06059312429123117,0.10121766335203529,0.15744955854009862,0.11342659645800275,0.07133160292190806,0.11960989388890589,0.11191345719373261,0.03388927311264693,0.17148809363755135,0.05908073660388721
0.11517895034798827,0.006533754219949581,0.1400000768486478,0.02015689770760512,0.17621821064658885,0.10810304371248243,0.1457864049079836,0.15836779136094076,0.027531054052883624,0.1021238161949298
0.07474743266146566,0.06451919866540479,0.10971024195258129,0.047470002637240064,0.07351366248980494,0.14296980381496782,0.17092224784840465,0.15491658547084858,0.08461912936515763,0.07661169509412462
0.020525518080634016,0.05105006623317206,0.24260061915564052,0.10040785070059007,0.06267437295004104,0.0066946031796567065,0.040969536653046534,0.06281016169710314,0.22183873041827276,0.1904285409318433
0.053113195001683766,0.12395861466218955,0.0851787048787341,0.14835204887613734,0.08418130465283952,0.10002564809847288,0.14840724091249383,0.03287548766933275,0.15296964553623565,0.07093810971188061
0.08657459315532344,0.004225735036338697,0.08554959461632719,0.09305271360046741,0.047771100807688864,0.0891962392066386,0.1341106714280976,0.11904891148228565,0.17200383105473047,0.16846660961210225
0.20036752694105348,0.015505674254888876,0.02697219219476919,0.07305067034728714,0.11148935066800429,0.008159651818500006,0.09526024813783183,0.1550309906319206,0.06110812159596018,0.25305557340978435
0.12021224732011046,0.08141961554227482,0.04333970837309383,0.2189729404877349,0.18371026375538105,0.004685988442548504,0.1702827774001018,0.014360278198665278,0.10519468164249482,0.05782149883759442
0.12270648993933053,0.15094813403082566,0.11328511319633375,0.05332253445265788,0.09302040817024572,0.015543853859954751,0.14562578720335917,0.15377350255767355,0.017682372870895472,0.1340918037187236
0.1763420957139246,0.03650126456768822,0.1744868539256191,0.10642693115856625,0.023099967002187978,0.10754255698753208,0.05550822172967909,0.01624565998063565,0.14891661697311026,0.1549298319610568
0.11419019705521503,0.022734411015673247,0.10958821489011852,0.04222813999885575,0.0925976644695257,0.13304946402652182,0.08266517807364746,0.0615184940445709,0.139231259270196,0.20219697715567553
0.10638180021882222,0.11097608339125595,0.10698116028233112,0.13494560130122935,0.1368333935025023,0.08090594642516741,0.08439088744586282,0.02450916941745852,0.1007128095132454,0.11336314850212491
0.21555829998175105,0.19454621038446807,0.028464533411822864,0.14216571888474433,0.01965438751657383,0.023960378237505738,0.14945545470697447,0.10279018976755647,0.03619958211443479,0.08720524499416836
0.15481596517719226,0.12263208333034142,0.09288859539070372,0.04616526303993531,0.1748905712148759,0.038154224430043134,0.14976228891808935,0.007439266901544444,0.060825804238372576,0.15242593735890192
0.2888818811870757,0.006923829473078532,0.012245316809758343,0.06892245655005509,0.07295710139799891,0.12320950462849316,0.15027745323714817,0.09006063081654586,0.1723501155183527,0.014171710381493535
0.12742707950687146,0.09969941126762882,0.10020597994894569,0.12213484202290657,0.17322081139838535,0.14090904037449303,0.049583417012260086,0.01932008501647165,0.09249580560332803,0.07500352784870912
0.18544855597468862,0.02886975410331948,0.07887618432630673,0.13456941173836307,0.17858208425864988,0.03919818674751885,0.10896254064770422,0.11611077276029685,0.1272396526448283,0.002142856798324081
0.20553562095459202,0.24890873810814185,0.03575920443806339,0.010312794503296254,0.03433062448214031,0.09016753096368922,0.06002081783150694,0.17119700297610468,0.01991511028538878,0.12385255545707655
0.04331198907142058,0.05008553016824687,0.05124937410277545,0.16295473581761025,0.149279376118217,0.16029383002142664,0.07274021197526881,0.09446539382822759,0.07562090257620724,0.13999865632059955
0.18184107542192632,0.00043298664510219985,0.20971483510557729,0.13426801474884278,0.09042708730442732,0.04282918528036127,0.018634370494345815,0.0974150770709071,0.21558510672814854,0.008852261200361537
0.0730981290610609,0.10264562671543284,0.13348510515323872,0.13697527648202118,0.0647501958372468,0.116918879620908,0.19252728722275875,0.12867444192020192,0.022891197307921416,0.028033860679209526
0.047209086389718186,0.23481300998154198,0.09179343405759369,0.08690572000086466,0.015212748523842114,0.15878053602060196,0.14228702733851908,0.01024519540543846,0.13711245279273376,0.07564078948914607
0.12263708162465724,0.12600874405127127,0.07776408193918671,0.11487483795731614,0.1184390457832536,0.08949609869007058,0.1485263596372316,0.14553300525480117,0.0037578002179464182,0.05296294484426523
0.03708606981471854,0.007386950165753177,0.07516060553200749,0.17395452434284403,0.13546879421452407,0.1047807503226294,0.14388163815725818,0.07893642140868587,0.12589715944987268,0.11744708659170645
0.17811453668939747,0.08816741035880005,0.07409858650484707,0.06920384529960087,0.12408706773407559,0.1658147351390852,0.10974936866713558,0.013970636472299658,0.14937980014160787,0.027414012993150688
0.04484561693609709,0.10015729871797549,0.2157734086982233,0.00700654351346247,0.10138062554440834,0.11781181195528619,0.15858313320870351,0.11535408269498529,0.07855847819118034,0.060529000539678086
0.056235680837321285,0.07910554722085879,0.0815503084913513,0.14840118888685894,0.05715617204017496,0.03393244022572118,0.1940119038664784,0.1489196675531626,0.058022966200767606,0.14266412467730485
0.038332852944293845,0.14404051355995792,0.05805806891267972,0.0653669477780431,0.03862201677539292,0.13898683670898287,0.1443684840699814,0.14549586692289818,0.07327267263559081,0.15345573969217927
0.19477291348330594,0.032807294799840216,0.20120677049360763,0.08169459298438,0.13133833715237658,0.10361430374922885,0.06072837242204815,0.050047352846168076,0.05040409025438869,0.09338597181465585
0.08277818977217244,0.1621689762083921,0.08206542733613738,0.000698812126707478,0.2081241625825043,0.09337662999022273,0.09737166336511517,0.10636261093252654,0.12439501033967373,0.0426585173465482
0.0955570869581092,0.1324058704567056,0.11772559982955992,0.13590612818250628,9.673500399878301e-05,0.14799952123913232,0.056285645994752595,0.08640247305193602,0.03793024712892163,0.18969069215437773
0.12008595683315107,0.0038856030814320014,0.04871072193616972,0.24973979174183272,0.0001507576761861815,0.06842524975057189,0.16448831251540044,0.03903421020418788,0.1830460841466867,0.1224333121143814
0.15117176561990314,0.16895403838368223,0.15155986676054914,0.09649161575293047,0.11512027075779334,0.02346221014012118,0.042730325119071065,0.03404134213987892,0.1409155663723102,0.07555299895376044
0.24852567500690467,0.12935184375558176,0.09700495200760276,0.0020547795135482435,0.09436822708481134,0.011496530112609366,0.04110454726036948,0.034114494794158325,0.16978491192695322,0.17219403853746088
0.22134564329784695,0.01511582112055008,0.02393527057213562,0.01769267806046454,0.14849249959215663,0.09517153589840954,0.08976707567940115,0.135114998966442,0.09355815195017858,0.15980632486241483
0.041420641141870954,0.08670030845390606,0.039620958318148526,0.15631015281815236,0.16801143726512283,0.04374285048707932,0.10393542681650582,0.1195887912262113,0.0658086698018845,0.17486076367111833
0.1164634196323144,0.012876291810286933,0.090541765109452,0.1128970290249018,0.0855764669218839,0.17867539839898738,0.01976528942151575,0.18583857318570274,0.1858478634294209,0.01151790306553429
0.10015634174290976,0.10707579275708369,0.1585833060597977,0.15500429118182635,0.059584227179830966,0.06644734089760441,0.023977121418828327,0.04295713689896232,0.11139678665209408,0.17481765521106232
0.0874552466591403,0.04796180603607327,0.0661248468336941,0.02657607743787416,0.2073776515556297,0.20893290032020093,0.11844794579593,0.044849208451669564,0.17280942434127627,0.019464892568511628
0.041014481344003206,0.09762506418701539,0.0020689227357545063,0.10806749490362116,0.12978486032714495,0.10028051373354925,0.13982072247395003,0.11132253586569917,0.1469448377215427,0.12307056670771968
0.034366226590218894,0.09411907605608441,0.18638904969472572,0.10666842328132883,0.1430144501796527,0.1578038387168276,0.015290351284335448,0.032172835252869514,0.11155866748096063,0.11861708146299622
0.143171290381114,0.03860713231270227,0.13025912506795276,0.14146071112039443,0.08102333991947554,0.1456073517737182,0.11919473275087154,0.1102243338516705,0.06914167578095438,0.02131030704114634
0.19819087140394231,0.007765205243540254,0.10841368902597778,0.16158605672343349,0.1395474882069296,0.19250941618659723,0.037160596917557964,0.07904405938678231,0.01948300160427711,0.05629961530096198
0.056715611372459424,0.08526788527998527,0.19339873424795445,0.06058190445396442,0.10703465840869053,0.1038463128244054,0.09357408542892608,0.12323358681910379,0.07821400434359084,0.09813321682091986
0.060181400709666794,0.052850248196098966,0.0894283344998245,0.16145559145784977,0.12411336389780633,0.107602047736045,0.1106145951450312,0.032486362393985925,0.15441440317670915,0.10685365278698242
0.11570113043848342,0.1538524201183105,0.03648540683550865,0.12311178929568009,0.16031753975490767,0.059827089491231646,0.1661852496976329,0.02889547640015604,0.012961798703718459,0.14266209926437068
0.1666944868871712,0.13195698271500056,0.15629746565354957,0.13977877478062695,0.12182758400484703,0.014879864417688246,0.07388467394785597,0.011625005320398476,0.0936279717220245,0.08942719055083752
0.07640820157082938,0.09302488801602447,0.06273759655441222,0.13226020647358017,0.1468669692720313,0.10758557624894352,0.06708751587072742,0.06932924538515835,0.098232864493083,0.1464669361152103
0.0149618487639279,0.011284370024483193,0.17573801310915327,0.07819933378009791,0.12542827772042459,0.06318856887099582,0.12815637453141787,0.12226808779519531,0.20150252222325962,0.07927260318104436
0.09916811458179556,0.16457046069218803,0.08093464593122994,0.16899259288240515,0.12593069099471976,0.0994360649592503,0.012115109834449899,0.15918547325606858,0.05193654586141011,0.037730301006482704
0.0602866456013148,0.04130611213889641,0.1095389291208464,0.14342344646397723,0.20014286437304482,0.14103379341307765,0.047285199745097255,0.109745680217447,0.14663344924779154,0.0006038796785071217
0.03645809242536775,0.1706816007048636,0.00493159645620691,0.10203205333960726,0.03990883745707498,0.10890117261922885,0.1616793738293679,0.1700203624422744,0.11779125515652471,0.08759565556948368
0.05435757335643541,0.21592816293311842,0.13891455726575183,0.11047419486364105,0.0821664768053724,0.04216040903400079,0.0823082140572487,0.03942606610897517,0.1976075361799258,0.03665680939553041
0.1600921230907255,0.10776476685290937,0.16954361630502668,0.1001907853224303,0.004946409201230137,0.06955776419149572,0.06168575720796738,0.09164360492786314,0.08817591586997589,0.14639925703037598
0.15820854923016545,0.15863102974992643,0.022393864803176858,0.089647746255639,0.06379417951768925,0.14327341119903444,0.1273309854835236,0.012336960639823839,0.12625383042921914,0.098129442691802
0.08982362055486005,0.10179128870175881,0.1527673224731519,0.054605523378752005,0.08008859786885061,0.20308783092699415,0.08537958310486708,0.12250658052839228,0.010617146801382269,0.09933250566099106
0.12390410738117702,0.05557172486151363,0.06067625224328199,0.15450026428193683,0.11296822034369969,0.11163401048156696,0.13656129785310211,0.08285283503723541,0.08624004118769966,0.07509124632878669
0.013393127813819185,0.0028069070787514593,0.18226306285314844,0.17971003008945313,0.06752364755892805,0.13796326721682858,0.20837668015691405,0.009037756210853736,0.07364275185930406,0.12528276916199912
0.021741590756852166,0.0961885538857743,0.14088561359436583,0.21851380272048182,0.061294271302067854,0.2534300230018031,0.06219212235859797,0.024825640541785578,0.053377621183986146,0.06755076065428518
0.046844482371208106,0.12706685681529464,0.0777418124634159,0.00542846004204714,0.17119117845673074,0.0916550109266509,0.1816531734739286,0.06438276529279953,0.149066000856839,0.08497025930108537
0.11644511909846547,0.1320287234245959,0.1613089700988223,0.10942504037207064,0.06251620135661512,0.05355749161530944,0.12881634766858352,0.16220385876497517,0.011047263513411598,0.06265098408715071
0.10831661362563309,0.09723146742371226,0.11673518510102113,0.053649000581917385,0.03451554396333537,0.13019042615544466,0.14865889037047444,0.035609041498620715,0.09162815516731439,0.18346567611252648
0.030969725631538183,0.15247067608721632,0.18556058889756827,0.169073242846837,0.026393975575395447,0.16796258834309494,0.12379597451129148,0.023981032178174606,0.0653397240357406,0.054452471893143145
0.2034015336187564,0.14196661728688773,0.02503928447962841,0.004431001897597578,0.1218465754346111,0.0608232983565194,0.05990519027522115,0.028472701546660355,0.19621010271230588,0.15790369439181207
0.12352162503998572,0.00030876609047917437,0.031222287516539535,0.2053056311532375,0.15870073174037927,0.2033409194499854,0.16580181846518982,0.021672485465413543,0.045535356876206794,0.04459037820258341
0.13288939927059906,0.13833680822022082,0.018851843936411324,0.11948628913371587,0.06609379806972736,0.13918355295036677,0.1285204694260793,0.032922510517416965,0.11818815383237338,0.10552717464308925
0.0394370228563888,0.03596754565190181,0.07848480055675387,0.1369412084645461,0.17180948853043732,0.17016445247750359,0.07703295467396738,0.13753883394772673,0.08524904090924677,0.0673746519315274
0.11017473868781145,0.1127777878215575,0.03143055000148547,0.09962404414050093,0.12599866956725048,0.07797643784185908,0.08343958944970559,0.0546446854053417,0.19354844153047435,0.11038505555401332
0.1375023939440259,0.10554750213187279,0.08732703400288239,0.04740242519780801,0.13015712646558655,0.1312781433250268,0.06808479144139533,0.09041898764414423,0.1154963001226784,0.08678529572457966
0.089056160188674,0.08474121127806603,0.04411970364136831,0.11609262785190702,0.14053294946419348,0.0496240388019105,0.14744999551062932,0.14103917525730106,0.16841528614489526,0.018928851861054932
0.14916073569879273,0.060790954999444424,0.06552226921531071,0.02573155525503849,0.07278311396128452,0.18277762322322688,0.09599026739661733,0.12983828422603774,0.013806039471669989,0.2035991565525772
0.012274282353545232,0.11380698147380908,0.07799348502165696,0.03703170272723818,0.04803853598155783,0.05604139346113267,0.05000140998818441,0.11304458822615585,0.2519088741099299,0.2398587466567899
0.13492957403954803,0.13044126936174638,0.12699945528338002,0.1364740694984746,0.10072403848942371,0.0677406074521748,0.034605856971098935,0.09669128648914894,0.05232507861543694,0.11906876379956777
0.16790191292718193,0.13778783767521263,0.04092933554551204,0.17008223453457721,0.01308782112848435,0.1457804875924136,0.0423191582291701,0.046647132574498304,0.07800562066756334,0.15745845912538656
0.09043463980900376,0.021232599917288878,0.024827294371067385,0.20591685142881205,0.21196479244861116,0.015080465516238602,0.20282881752206106,0.05318852149911071,0.1241814047989196,0.05034461268888664
0.006361479111834791,0.019146546734509627,0.060600848592367855,0.14462669409981954,0.15121659958467137,0.1512776249435388,0.02986018674392361,0.09079071270591418,0.1626007362683521,0.18351857121506815
0.01945617676645912,0.06916302711641772,0.10474233262782873,0.17899949004182406,0.006185875672074746,0.15264079618349374,0.11148195758265689,0.1086769544897653,0.0031339100211077,0.245519479498372
