i = 0,i = 1,i = 2,i = 3,i = 4,i = 5,i = 6,i = 7,i = 8,i = 9
0.17250367383900522,0.02557576026457088,0.049395681127732544,0.04041143178377696,0.009865894381004943,0.1824087662438298,0.16985848207844723,0.16045176676287445,0.15755512016967366,0.03197342334908439
0.10740573436645906,0.05385710972105227,0.04717155023187904,0.0735260175812879,0.0718192036981925,0.14548246163911688,0.12928891897664832,0.14205149632204514,0.15016477821441052,0.07923272924890823
0.05565810733606366,0.18608287144041105,0.08638343874165975,0.15223411154902913,0.0038431499398120334,0.19615475932812368,0.08177406467387592,0.0017896533070371797,0.17880432584810338,0.05727551783588426
0.16446789961545905,0.1418312497724464,0.09122054883832299,0.0018116052572186897,0.0522216177138078,0.1600683077692782,0.06545484161971957,0.1403172951932738,0.00064536497100651,0.18196126924946723
0.13111347159923953,0.10239567213476876,0.07183058074114419,0.1403537244701603,0.05931505855934619,0.13362872641810505,0.1367173648290403,0.03337358117798042,0.09846591316534178,0.09280590690487349
0.010618424794825368,0.07347835049701183,0.010402711625182238,0.2024419571685497,0.0038564748427548715,0.05662093139298322,0.13594536521648945,0.15964932577232055,0.14756865983646567,0.19941779885341698
0.023593670257753045,0.19045432863817272,0.05658910116527504,0.06614010267230658,0.1961232214073365,0.18825204250678207,0.039720413581998994,0.13013855156801243,0.07380737713852747,0.035181191063835236
0.06592014352060134,0.022045162169016343,0.04927918916853658,0.2095000355274456,0.07018080375979943,0.19377756580158015,0.09954373371804814,0.14382215657195116,0.006908118325412388,0.1390230914376091
0.16026784915857678,0.04428300612695101,0.1687320594576281,0.08897675036907221,0.06409392527083861,0.014214842956572769,0.07860084599545392,0.1212049663093311,0.1943289451903832,0.06529680916519225
0.08905367278114831,0.21706535276022504,0.2042568052501065,0.0009465093594514113,0.06648996216248039,0.025139697634633345,0.1513762756552289,0.17580068578126465,0.014594629229129118,0.05527640938633232
0.07209751645466284,0.08382122999142537,0.21662254396531858,0.004212198000849609,0.13035528135435,0.10778611481461835,0.013561828375846971,0.18302252676016004,0.1870792297463916,0.0014415305363766977
0.024837240565206753,0.08040117109603681,0.2087761143489426,0.20651110024315708,0.11084525055392834,0.07989027089385932,0.06073189418255868,0.08641917282164656,0.0715407114058174,0.07004707388884653
0.097263743619698,0.08506235950834361,0.03088247437391319,0.17502655186088215,0.09300062738377925,0.03532304241766609,0.18785819581542118,0.1804940230440899,0.05062307018401862,0.0644659117921878
0.10009814284372545,0.09992145864183864,0.13024220213858204,0.1016684332431998,0.08203817470715526,0.11056538853507458,0.12586701245722137,0.07335074144926522,0.152334828100512,0.023913617883425695
0.10377894129873322,0.14298700066642292,0.15741590622821594,0.13464755835961834,0.013013252030269247,0.17172488798045485,0.12044554559917596,0.04742101353207939,0.02658062302128402,0.08198527128374622
0.13122753208408575,0.02099633789112375,0.11076284292426773,0.0570490999119384,0.11162908183947785,0.14746174838656592,0.01283159430583363,0.11465324764518975,0.14508247334367436,0.14830604166784297
0.0745059548186545,0.18053261638861876,0.08904008221433568,0.19093120000284436,0.1985359080120579,0.029814922204260907,0.08962462806672841,0.0014259979133289524,0.03605069430441798,0.10953799607475254
0.15508249207198196,0.13474969542714768,0.13550213820266582,0.1672460129097299,0.021587255563798646,0.19572613854431534,0.05478588400108295,0.035216468477965515,0.025162814316549546,0.07494110048476256
0.1517143069305365,0.11869650142672841,0.1359031568282383,0.07455054135546796,0.10025326280979334,0.056813840771598026,0.12250774010193628,0.07798910722273063,0.10411935613039923,0.05745218642257137
0.1377978391535695,0.03668422496133956,0.11837787125661403,0.05121427008720125,0.14928496142443295,0.053837806523538,0.1320425914069756,0.018041992898890212,0.14990173898455647,0.15281670330288238
0.17438393308065822,0.09885088816711587,0.05949223020000449,0.09855887447909185,0.07954035932275906,0.13318893840098567,0.08286541664984746,0.12474343018762624,0.0008469434206937886,0.14752898609121726
0.16166516890309926,0.15262075784180815,0.061134383932257993,0.09247785579356296,0.13067606637097842,0.15044300303254102,0.1041774146824278,0.06579098253990004,0.06985260137937857,0.011161765524045733
0.021011328036497644,0.12773216690718156,0.0787682097635956,0.12728632350130487,0.14827753639572125,0.0977397759813826,0.09330217587023763,0.07927489438293904,0.1188737025229789,0.1077338866381609
0.15991388519182245,0.17782782807162656,0.08634006294231364,0.14903821196228592,0.12740719620393692,0.0025104943409170843,0.07718000177934871,0.022750979935240754,0.1555799915764184,0.04145134799608955
0.10629597568799151,0.07249091488093984,0.05267943769382357,0.08191182519614375,0.14309020195527203,0.13976339740473942,0.13595730890965205,0.09933569545597908,0.06942878877685937,0.09904645403859928
0.05062624676146549,0.053201574526684406,0.0200111158156618,0.034283494262425794,0.05791634976603375,0.16655331364287268,0.19622194919456107,0.1230832867719307,0.08826841146085067,0.20983425779751363
0.1491498508219494,0.02412288099732914,0.05582967924911955,0.14117056361071117,0.044787510411090095,0.08887380735441575,0.14894119734846595,0.10665218258707165,0.14132161434168666,0.09915071327816063
0.01035806374603756,0.11644035685435443,0.15347565526534535,0.1332044595718504,0.08283961700193603,0.18185434122748426,0.11404786518515524,0.03167554795822605,0.12410454195806617,0.05199955123154449
0.022414026629376523,0.05297161410513889,0.008407312526102847,0.2094278077821331,0.13260617778953263,0.2140054874682437,0.011254985449919321,0.13609370455930486,0.10533464946712304,0.107484234223125
0.1866630599581576,0.09608218982340715,0.07765790528714286,0.006445982112267523,0.03428673522007483,0.13219911139395546,0.2024522316929541,0.18017299509408574,0.06018919779160154,0.02385059162635339
0.13638296552032034,0.08793031274967363,0.07674873016649854,0.09342894987127617,0.001482463751467994,0.025976458200343326,0.01762095806453064,0.29373518790096786,0.1526323661965674,0.11406160757835426
0.1301037254938429,0.08889843908029095,0.0015805660245049172,0.1440230479952093,0.1013543057104297,0.14836534469418455,0.17060407410469322,0.14902488669909306,0.028071038970576813,0.037974571227174465
0.0639073054523072,0.09718021664412134,0.17096591365478225,0.03075296088271553,0.15690906983548186,0.16529192068246618,0.09063177384818627,0.16672263824847774,0.043361588604509206,0.014276612146952273
0.16807741840845367,0.09920090777900349,0.0689193001427156,0.14504016943906756,0.03949870329984198,0.09406256461617331,0.036421647871569506,0.17975304223476068,0.10148588516789318,0.06754036104052104
0.18795004720426267,0.1434602205953532,0.11659557969616281,0.07286658743212235,0.009988442209648925,0.008605347890875345,0.12026926572363728,0.1396611271731875,0.002104164433600398,0.19849921764114947
0.14630092084209756,0.001647152626622028,0.17963657200048544,0.006916301159228208,0.10786593233736888,0.1090789095842652,0.186688615862935,0.03622237514533104,0.1528571199487378,0.0727861004929289
0.02068935559994827,0.07553800027011964,0.1514730711044964,0.178987054375072,0.06717324407889863,0.05417939430189299,0.015739729876901427,0.14993432295467105,0.17360025917216912,0.1126855682658306
0.12306559830786122,0.10255883454312328,0.07286728097913175,0.10834333439050436,0.13408425978050947,0.15685977307613666,0.049057206065175066,0.12837283148660225,0.06961726802310853,0.05517361334784726
0.13563326956845856,0.026311572703584477,0.1362679875445632,0.14503657428056946,0.15366043963962958,0.14144204183663828,0.04889755517908582,0.12948257396623208,0.02350254842729634,0.059765436853942165
0.0944676930098979,0.09020520002909031,0.00866897992752972,0.1280793975372649,0.019649233047987373,0.0676364017123458,0.1935775946223874,0.10311678816272202,0.13940660802106666,0.1551921039297078
0.11295282326569527,0.10996618077353737,0.09179729257775554,0.14131599954899482,0.04665287895446551,0.11834663287811455,0.06921861653740458,0.13556380923471567,0.0889747953149151,0.08521097091440169
0.06903670342551269,0.14424495846019803,0.13553933604924948,0.018850339915278024,0.05303156460411304,0.05481346348313933,0.11591133679805686,0.1593427343354117,0.1198803656548124,0.12934919727422836
0.09580584593613263,0.1501903074847188,0.008761339151735667,0.05570745339322417,0.11163729586787556,0.13472194140721042,0.1538961842271975,0.10044427118277027,0.04361846165224483,0.1452168996968901
0.06987864611297731,0.13717896312506672,0.12092821216168116,0.15642132701664457,0.10634591267869042,0.03473041701922257,0.12166681376805752,0.013071365393131753,0.15845569166460272,0.08132265105992534
0.11493135159562601,0.16638562385326489,0.062335500721176336,0.08652792771863387,0.0054896009077733,0.15199688409937204,0.03502960759103493,0.09454136100570386,0.175819150316263,0.10694299219115183
0.055610089029819385,0.07881534407127755,0.12516250853063196,0.12406579906727423,0.06120233744556398,0.09482466831954697,0.020107758446919505,0.16496914779604757,0.16078448297844497,0.11445786431447387
0.137485948315182,0.14448178053857352,0.08702255798741036,0.10464797294964541,0.12647215099697262,0.0031609405603100988,0.08493145381472443,0.12946523731689288,0.09954118515141994,0.08279077236886886
0.06098384053821349,0.12808405306413842,0.10527686328552538,0.029437079171754973,0.11936141123375069,0.08910754586079453,0.09984632786351255,0.12237998639431767,0.12994490952053883,0.11557798306745352
0.12793231862222895,0.09817473634166225,0.12018769886662588,0.09721185871367574,0.08414247508739689,0.10092958823431358,0.02083352414841442,0.14346426961586506,0.13936492759461347,0.06775860277520376
0.1992029800533318,0.013936662755305244,0.16692166424196034,0.05280916399632577,0.10078396001685226,0.08951787911390657,0.049585807613830274,0.031409450540076704,0.15204895064323257,0.14378348102517854
0.1984639633410825,0.0941128285935734,0.07736054766922895,0.060493184310189664,0.13822513619567905,0.08228721644826162,0.09005972465929608,0.013488774912145599,0.03136548926506623,0.2141431346054768
0.1465090700773279,0.05501804079138622,0.1394062181508262,0.11438206196819072,0.14659553469890366,0.05172783410724014,0.13720550576846957,0.0421005234113279,0.0695982996438848,0.09745691138244286
0.15138504557702773,0.0428409932692434,0.1376049967070028,0.22210891030406696,0.10837782114965666,0.03441543356942173,0.0006148330547038065,0.07793496484219067,0.0705970156779081,0.15411998584877815
0.13071106752876524,0.12502997207269484,0.15008409000892942,0.0725168576034195,0.022692534414147668,0.10106390853667888,0.14892244303551777,0.04649044737830858,0.04113699499466026,0.16135168442687786
0.01709177537196906,0.1850637073358082,0.01622121183497357,0.09202913846785085,0.19263345658111902,0.024962917047924638,0.10968140472425848,0.15547672778710228,0.1341726678860234,0.07266699296297055
0.12846066152358052,0.052049046293181786,0.1784377209391541,0.0003521138134956911,0.10208792991328532,0.00887520682145755,0.19119635472078997,0.06598961349965829,0.20256804485093757,0.06998330762445924
0.1018428920447516,0.15131188586770217,0.13099752572458845,0.15327484137725966,0.00018514660946522402,0.13102856533133822,0.13631721551521594,0.1163093727190404,0.06578290072274759,0.01294965408789083
0.11261528566034663,0.16640584547864287,0.04143421210643918,0.07604937641838684,0.010998715039600366,0.14458390280492073,0.05747509016022617,0.17346676690820234,0.08633241045929997,0.13063839496393495
0.08408012205399874,0.045746209373155475,0.07522068141835275,0.12778956935661248,0.10142714603993457,0.1369640825735273,0.13852740984458264,0.134273266225518,0.037567565471050175,0.11840394764326775
0.13924372357154063,0.07347880469133135,0.13485778566486534,0.08628180879709567,0.09791720048614828,0.0821341168807365,0.08975459179431752,0.03986442150462183,0.13221378831695613,0.12425375829238668
0.14616770417668407,0.04210675671624482,0.05950583836861604,0.04793531953803471,0.033768786159341306,0.0743093862330836,0.1442457656665097,0.10279055852821013,0.11009673785599497,0.2390731467572806
0.08530290545299982,0.14795224819819855,0.031749424000955116,0.1422920617765419,0.023009616979865595,0.12148010445132186,0.029254630434579654,0.10566643727128862,0.1374326043641366,0.1758599670701123
0.17734367832766745,0.22171156720903387,0.11537053820015786,0.054761169201739464,0.04333635194681998,0.07532457840621003,0.09671383260655719,0.12984348070555576,0.02945033054635905,0.05614447284989939
0.04314965902933027,0.08920575591223984,0.15753834009783216,0.09140865861428171,0.14228544746667407,0.11968642650497029,0.1358096227895152,0.09720861070954777,0.07246908710791931,0.05123839176768947
0.08109453570596444,0.1576200637083737,0.007396641761725076,0.04614399399363459,0.0008542050318869189,0.09793058188160618,0.07777544793812526,0.21041889035562833,0.15676795302251398,0.16399768660054168
0.1479766669882685,0.04886016870931058,0.019913649027044285,0.05707229147361436,0.027095487003487594,0.14069086564422267,0.09569341022041637,0.15135215015321274,0.1338947313502464,0.17745057943017647
0.01959673568283959,0.10901775038495153,0.004603227194442327,0.12908149654435144,0.2064004654261655,0.12410624672083369,0.1951979885513751,0.003546174254432042,0.13351707570033067,0.07493283954027813
0.024904581057108705,0.09298346387304408,0.12255813924720801,0.1465187668418675,0.08225029235660831,0.08605632723935427,0.08999418462548939,0.10046425956295423,0.1551881817135534,0.09908180348281219
0.11753993739729497,0.1988518518632156,0.18930824174761315,0.00905522689913799,0.02485253482213823,0.17875761107669288,0.12827581288862522,0.09102029677331357,0.052124668914024674,0.010213817617943861
0.022292181785501138,0.22082954080894213,0.06614131762233935,0.15024672319513852,0.2080222731696936,0.023895292496202165,0.024194801954255208,0.0028721701252494816,0.14769428018092037,0.13381141866175794
0.1025397416410812,0.09642101470569879,0.040560822313623505,0.028404297043109695,0.057513636875418,0.1888047980848989,0.035254095765575116,0.15985884176139858,0.14867610566494138,0.14196664614425483
0.06617494861117597,0.12096950847889922,0.12260639221837144,0.035769876285445916,0.11993553581968687,0.07636382184648235,0.11546357476670224,0.12974109249745788,0.08635126137160781,0.1266239881041703
0.06504696645044514,0.12317733942954555,0.16100394838643453,0.08006375264682572,0.028450813153940907,0.12420032829387744,0.1502816785909591,0.08936195269518933,0.0722944059662906,0.10611881438649173
0.23994207088227873,0.19009151021931467,0.11666456735124177,0.0021124706822763157,0.06922675512151226,0.018458209495920367,0.09978986907173248,0.04763248151758297,0.03586151280820036,0.18022055284994015
0.14940249986605905,0.1540694741245799,0.0031298415031794126,0.0027529598268346694,0.07970032814239297,0.09231686445631061,0.17448405654050272,0.04442245006981692,0.12594071936000267,0.17378080611032098
0.08445969148777725,0.04622011187343946,0.14561556733707082,0.1539042678704218,0.05548501339689769,0.10553682954478805,0.12146759443184055,0.001954967010897301,0.11729909556220723,0.16805686148465981
0.0006302356629984579,0.2243089541136211,0.045781806565971854,0.21260469900434675,0.05895591260208235,0.007959041783182763,0.0662307634762505,0.1481372906769752,0.15000067520869803,0.08539062090587295
0.055166039196645686,0.21979070202240483,0.16607292584416047,0.05393226991102548,0.09755973125318569,0.07338347337896371,0.020503894794180143,0.016389722575059613,0.16035569514990988,0.13684554587446435
0.05441796409760958,0.1432648719685427,0.0228492643832287,0.010284168125741037,0.14416558780315225,0.13402584886827282,0.10910617114601533,0.13803805733090732,0.08407331376761036,0.15977475250891984
0.12308995628886078,0.11267752539651144,0.15667780413607302,0.00665770993776346,0.0019375817697525597,0.15991514428741396,0.1702510482620849,0.12336813071574841,0.06715930760666669,0.07826579159912472
0.13140472065079697,0.1101310522407571,0.1626546135862702,0.15801705404874414,0.07645078778273552,0.11468769357383778,0.0713036054126459,0.032803257446310005,0.10570658320625573,0.03684063205164678
0.07474558377059719,0.043949650476242844,0.13843385927014507,0.09972010909496468,0.09522205343292224,0.14511243279712624,0.05284608816309123,0.15026324243282796,0.0729299223697485,0.12677705819233406
0.07022920086751924,0.09618986300699497,0.0016450218273245084,0.013704357933979257,0.29600998245548155,0.045108118522194755,0.07786706348471922,0.0028780900888056645,0.08118296438668235,0.3151853374262986
0.010733060413921414,0.22519514989855216,0.0450668653546152,0.030735612708776325,0.02050035000704333,0.10710542143925615,0.16261712727755923,0.07302157365080726,0.12787198858160165,0.19715285066786734
0.0703913025816632,0.048957395811360466,0.05901833880022039,0.12577842359893565,0.13702177248680905,0.026250042900572982,0.1261278556261712,0.17908275897439685,0.020692828659083326,0.2066792805607869
0.10138590588630243,0.11892470177143831,0.14834653187540936,0.05954748941493692,0.05390250171028331,0.08289557993257624,0.13126346630276003,0.10207136738164842,0.08431198879708184,0.1173504669275632
0.12738625945452856,0.07054334635111678,0.09343641796739059,0.10726106582764157,0.0996651126286413,0.014158997695187846,0.10296087212289912,0.13264833778076848,0.09068738834970431,0.16125220182212155
0.09037699319986307,0.016193232654933627,0.13487627581305225,0.16451420870595715,0.02363185983204238,0.052030307423720674,0.10490420074879507,0.16543723588418527,0.1819343243837965,0.06610136135365398
0.033479159126885524,0.13946236458234912,0.15582766122688682,0.008621463424598921,0.10879190645567031,0.19576820384721502,0.14596341434484877,0.09061163474998798,0.09877762595129373,0.022696566290263797
0.153231407584641,0.017157419486810793,0.08995829137662399,0.02079242430309623,0.13704936566395734,0.0688075713767376,0.13542612966786988,0.14992548323637825,0.08354889357666641,0.14410301372721837
0.15934753288060527,0.11164042313166536,0.05281968751624634,0.06746447575024662,0.009181339214658302,0.19228004387377004,0.08765909596919046,0.010724382899425086,0.13471053156299706,0.17417248720119555
0.1677706343765638,0.14638954796690257,0.019499760260389954,0.003287524181549826,0.1361986621718953,0.10164676442396545,0.13643520167095247,0.05585686595860013,0.12007301481356857,0.11284202417561194
0.05264203998385686,0.14933642840781672,0.14517069414358008,0.005337431548890535,0.11512598194331636,0.16804854237321373,0.15891314958474437,0.054953941467612274,0.06480918570273336,0.08566260484423573
0.10744037847626282,0.07816972156794828,0.15003318940820395,0.11242417538558085,0.08797235112559346,0.07693922865910105,0.09313966772904086,0.015155384177694076,0.13362811609222097,0.14509778737835372
0.14459440330132675,0.08340360364345197,0.08781647717982333,0.0628843359340728,0.11443366593199336,0.10983918867197007,0.08968178900600315,0.13287987496622683,0.11555393951042245,0.058912721854709194
0.1307700375830424,0.06531320266850092,0.17969073567807126,0.10094033013964908,0.08832227002198488,0.052619439589427434,0.020311795831784142,0.08678297806848025,0.10813906258775187,0.1671101478313078
0.11836007147385662,0.09500011249205982,0.1345813258885605,0.1312154226074544,0.046157921235730495,0.14413356336143804,0.03684806748017134,0.09846836231334925,0.10292471489679712,0.09231043825058244
0.1673516538363386,0.019554213740288467,0.13999678340626096,0.09919580023511013,0.09161468431321479,0.12832949679692396,0.06687380489495948,0.12337657168811299,0.0620294790669814,0.10167751202180922
0.07636675253627134,0.027252113742322674,0.17467491138889418,0.14373726388205682,0.19762825762442585,0.01981794435374432,0.06526502208749041,0.09302886616434293,0.1213979283888717,0.0808309398315798
0.06454330221364742,0.17864566488039066,0.12742717918254323,0.036528437014641285,0.07162547647750585,0.1357311993338812,0.05564892068769499,0.19253221704772053,0.02109681980827696,0.1162207833536979
0.020291161350866376,0.20637564784950463,0.10185653545169429,0.01589484154105364,0.1533541070039511,0.01051457824015754,0.1372901920200616,0.10660028496637357,0.21933538877841952,0.028487262797917856
0.13344981515725582,0.16485748883571158,0.1575122373102835,0.09972211883162536,0.09191406349641174,0.03121229386389771,0.08170461991087449,0.13999004715993232,0.09459851988795105,0.005038795546056379
0.05880556567044947,0.17614692037179958,0.15701200938857152,0.08471517851627795,0.14452514399116315,0.14796174440789797,0.13405765268674683,0.034022975111516286,0.02890077235563142,0.03385203749994584
0.0799811941808364,0.15439111996036928,0.016251344226231847,0.03280494330641423,0.1701092332933046,0.04045112328391549,0.1803150832066204,0.06312023338223706,0.16654191780964356,0.09603380735042717
0.015314334540195752,0.04184228743990093,0.16531164957886155,0.08410136797169264,0.08696024060251614,0.1560608833220173,0.1453099139416567,0.105520342939901,0.060719582698719674,0.13885939696453836
0.08486122656771228,0.11079926329498549,0.17891717259237716,0.06479501958662032,0.19747252075244923,0.0012609328152910749,0.03610481577764946,0.14138207667919717,0.14996455355622204,0.0344424183774958
0.08112714766827685,0.055930066088353936,0.0521516654986076,0.14827192522587795,0.04289493508764842,0.07581240202442123,0.19018366736645745,0.10920095146081821,0.13478775251218536,0.10963948706735313
0.05509777591160815,0.106266098603037,0.04650214758816539,0.15286997806609737,0.059575390070738025,0.07664212408110584,0.17148136012715123,0.18717337834143175,0.11765253155358776,0.026739215657077427
0.1260436691197483,0.08501642564325462,0.1546941039498788,0.1001543957857376,0.07957417663081331,0.06863051335269066,0.1370917177213323,0.01439893300482466,0.0838155485464963,0.15058051624522364
0.035243131339468325,0.2033876459444655,0.13320393123821686,0.10133257127988973,0.0401259213421885,0.018920366061032486,0.14669242513782707,0.08596286809297952,0.15883508505226127,0.0762960545116708
0.09070613289475812,0.21846860198911244,0.0003473982591963321,0.050363440268916704,0.18125421772673808,0.00839029919701659,0.14517799890856864,0.04868529168410385,0.1499260574396687,0.10668056163192062
0.11793530174303833,0.03856812865442358,0.052500924300091414,0.004959748681726011,0.2140592074847216,0.0034626848040944405,0.14638590518384073,0.02504831167633918,0.20025544144831486,0.19682434602340995
0.15112280140689827,0.1904031227290892,0.14622525012618615,0.04259209931900524,0.13210147936720745,0.03749851698092935,0.023039422223108175,0.03902618837285645,0.1279109367313151,0.1100801827434046
0.20593749919684873,0.17465156738404927,0.052058488907794756,0.016913417443408553,0.19597690743197343,0.06689322115385175,0.106102246596567,0.02612820109307918,0.0963193843920502,0.05901906640037722
0.049465998660218724,0.019191957318705002,0.1262239191257097,0.11028130142454155,0.10852485792438929,0.03990882393923819,0.1443773651490311,0.1724710418115145,0.11457136755629503,0.11498336709035689
0.01744609249286941,0.07801107418030992,0.19761122933661712,0.04231489289026423,0.022463075440761333,0.070658016750538,0.08124452625917596,0.13714236227916127,0.10943473186164944,0.24367399850865332
0.05805897519249022,0.13463884062462073,0.07106033780416916,0.15417875481557397,0.14350895217646403,0.06878667667449617,0.061692222099589904,0.036830102515959195,0.10804892794912137,0.16319621014751534
0.17558603886934102,0.05574369223367899,0.20014406824743408,0.09078588243187603,0.06229746138027531,0.05001810163985004,0.0620105411297232,0.03420656102748029,0.13060287075885024,0.13860478228149087
0.06969708367596847,0.07238908322942748,0.16722554807640275,0.09055919844819532,0.17223157322646404,0.18241588674481746,0.005574871084118575,0.07054883163750048,0.15830032200350416,0.011057601873601199
0.13205545479279437,0.09774015625224775,0.18819803808495705,0.16907992881014902,0.11804920471023587,0.09729967843784801,0.12841839507030992,0.04538874540885711,0.007348571429397169,0.01642182700320367
0.19791201181135318,0.07553367124934898,0.22657377312746566,0.01668860097140454,0.08041758487152643,0.1077761209159252,0.16401971218506387,0.06589129595618576,0.06073838502964752,0.004448843882078903
0.12827956138152058,0.12584887239768605,0.050848664119776475,0.10949792587464978,0.08534256002550138,0.16653664710552502,0.1306589454078878,0.05234494168377783,0.06433476510517268,0.08630711689850236
2.5107085088743054e-05,0.17807277955185796,0.05650008012044652,0.08297457389334711,0.07662707486720605,0.12447066805724132,0.062482684375381674,0.16733764241920043,0.15478902890319005,0.0967203607270401
0.184743602691122,0.0858900375421862,0.007474947214718323,0.18442471777928826,0.20125261173912026,2.961541105428223e-05,0.13601680849226877,0.10184415329405153,0.07869092147936246,0.019632584356828034
0.1460617450687876,0.14811290796257687,0.08267208981715204,0.004042635080038998,0.043593902245599246,0.06466117551169613,0.029719625480690414,0.14401800453279287,0.16033211362185698,0.1767858006788089
0.13506810812908907,0.16039007787880388,0.12419564094965092,0.031586166389532905,0.15243862984277265,0.1147575253817427,0.045085824473147774,0.021277253909650056,0.09472110821537533,0.12047966483023491
0.2174879513295025,0.025152610243872987,0.07830939641980615,0.04502473132255571,0.20644047068334004,0.021402859140782975,0.11474478107683748,0.054307796125710246,0.18112701107761056,0.056002392579981235
0.0326596918161909,0.1709668794864015,0.0639171716694011,0.16002950175129899,0.07455649124377482,0.10729678143426485,0.09454671746034152,0.07682067638680627,0.15504635323147034,0.06415973552004978
0.13952788947750588,0.15463201435165144,0.018489273698496154,0.11142635192172685,0.11643670907957335,0.09112835498752236,0.06836292832340413,0.05281084153045469,0.14593238843783973,0.10125324819182546
0.16926936707015147,0.015768934737660324,0.08210145334279417,0.2281280045125937,0.013893916554558084,0.18866638605301783,0.00028080764302098785,0.01848834655930677,0.12035950100811642,0.1630432825187803
0.05051454015480494,0.13221266401372034,0.11100790507647948,0.13117845759130128,0.10897830326880552,0.13995546494667294,0.13590500439179307,0.07593540146631636,0.09448564090424444,0.019826618185861733
0.10126555519828148,0.1464587038935798,0.11097552055650038,0.09720274516127819,0.14089241397717456,0.05442554249892306,0.04481214035125338,0.031028974417894237,0.10295323850205444,0.16998516544306055
0.11502267792407804,0.11357011670762467,0.04978228018193439,0.003928883522397688,0.04782356543457055,0.004425040570554954,0.1370471386969743,0.20814657872682468,0.04261579293976944,0.2776379252952714
0.18024258962423076,0.19165858509066183,0.13600493705316596,0.08901271484644388,0.02708150560388183,0.18800250406901906,0.03808384414495292,0.019766239760770018,0.06476249969672156,0.06538458011015219
0.13140913774736912,0.08688976613111016,0.05876684299530233,0.13275576411681272,0.0931496966829982,0.018366083020823806,0.07485619218910933,0.1409535214906923,0.13871090707115338,0.12414208855462865
0.1686909874117223,0.09569770192969042,0.07969176248745567,0.20479796717442972,0.06903275295554151,0.15722715382969668,0.02848796809338266,0.17549109154187498,0.017019426024113025,0.0038631885520928905
0.1416867331162468,0.04851586455708221,0.00411513515227939,0.10241314625753345,0.03561565021846822,0.10780160574071561,0.17008483883796421,0.12269936722356369,0.09596645913513176,0.1711011997610147
0.015753695058244446,0.17000855708285814,0.021852972359529186,0.06876612608280343,0.03607090516115949,0.0845343737627419,0.15110868363635196,0.2694984883121615,0.11198937533437878,0.07041682320977131
0.18181479593024397,0.06346895277879418,0.18111996889975726,0.041100088345703036,0.17008521858589368,0.17437694543146612,0.004942105876042602,0.06330645755188817,0.08669853072977125,0.033086935870439746
0.0806415141193183,0.07517594881047189,0.1632605118745655,0.09836878054619817,0.07848990422721965,0.0692355547585259,0.004316054188621323,0.1667150736020112,0.07639676356485856,0.18739989430820936
0.07702050637687256,0.13984184588178505,0.13430008184032316,0.14565809371016447,0.11706797942237375,0.027396004767690357,0.15853012987746443,0.08946235354219592,0.009205510222885002,0.10151749435824536
0.1870810808235325,0.1605285295475077,0.09965367493374873,0.04399309197473794,0.13313997487216547,0.0007146852396877899,0.019123990212129172,0.0973403151064757,0.1729309461098764,0.08549371118013861
0.13607474998462274,0.014045624121043813,0.17949019195497248,0.07253581238325972,0.017768825506405867,0.09501842435881397,0.13302395219291555,0.1862732663533743,0.03536732429560396,0.13040182884898757
0.0670556356170236,0.16045244421374338,0.11063633963207141,0.11572630430651246,0.03884757900844242,0.1435047681347689,0.08033488685741241,0.043138385499370414,0.1438154911105754,0.09648816562007957
0.07824429391235817,0.007930032075337845,0.16498431540844288,0.1019078239587193,0.10950826600886202,0.029298235605466683,0.1682521836079697,0.11963785744953004,0.17520325605579173,0.04503373591752164
0.13613355798549992,0.12946489936610794,0.056900278432514634,0.13329040979598553,0.07338808001135248,0.052575695827028215,0.06573832683887759,0.08747817498887556,0.10431849851577633,0.16071207823798186
0.1021301490756562,0.03825719872360857,0.158498712805102,0.05490678869587352,0.18459584324666628,0.05941793745491371,0.09484190515425558,0.12604950584958613,0.06100867027085605,0.1202932887234819
0.054516108929012805,0.16602534699451305,0.050044002237765305,0.054603892089264874,0.18143073477710545,0.023435001170761745,0.10833198343092557,0.08263891646661037,0.08571243951359223,0.19326157439044864
0.11647944418010278,0.05686853299337586,0.05044546876910012,0.14037363483304321,0.09744632983631249,0.15184133125813412,0.014868851752387176,0.08753822417761117,0.14673121974411796,0.13740696245581507
0.07398809449970858,0.2019896729079554,0.13270129649763382,0.07390315412297735,0.07293985149361346,0.06528061114813762,0.04299380906558689,0.1367682627407727,0.035458374801245876,0.16397687272236824
0.1913960019173288,0.030409515184035507,0.016236743884459014,0.07286419381282534,0.01832360325160415,0.04364260397307457,0.06777678663950647,0.11514497867528575,0.2251084167987913,0.21909715586308898
0.025481466351769184,0.20253059108479246,0.20827806885353137,0.07881880839382939,0.025409507814547726,0.09537533460013663,0.050394638781168184,0.023783563946550606,0.15513701485970377,0.13479100531397087
0.15873560004875908,0.06595070882727126,0.15519271329195758,0.037456990665759395,0.11986400695449778,0.060984947690025076,0.1527825506873826,0.0921785588743368,0.14093700277777382,0.015916920182236647
0.09009693503641612,0.0403495513651731,0.07616819193608176,0.01863935939077832,0.24493387891326573,0.1300746721418144,0.09566858310836827,0.18234099420623043,0.03754148907784041,0.08418634482403144
0.07252280661733795,0.0181391721725721,0.1422855228697796,0.07815850152603351,0.09508352435024905,0.012836895271349444,0.055311666031005076,0.1907941772700617,0.19946055322884734,0.13540718066276414
0.058210904027677195,0.08082730514944207,0.10671808668900316,0.047133512660038845,0.040271132530927956,0.16205379022009017,0.20079639227090904,0.12974615161952438,0.04860050504369258,0.12564221978869455
0.11769600709847808,0.09496522692717213,0.18155039921943467,0.12745321495886247,0.0023132710851302986,0.05987374488231249,0.07692274267648959,0.1703285054813703,0.11363856061631154,0.055258327054438644
0.07316564454464633,0.14824334782278417,0.029650826543770967,0.046147280390162776,0.15094933893391263,0.14604818273070674,0.17078998344157073,0.21126447376939714,0.002964535726014234,0.0207763860970344
0.10043292376486408,0.059381983027216464,0.09231674732997182,0.1233180533861996,0.11921334859784322,0.10482122154548686,0.06805351425983926,0.08297031440091655,0.12357706067303104,0.12591483301463108
0.06990384176638957,0.14499257159762868,0.05468918259003634,0.17537688166521717,0.07108575953249888,0.10783341378696658,0.09636577735844988,0.046087485692040964,0.15381335054504558,0.07985173546572627
0.15807558566187604,0.07457976827907661,0.1148933632086086,0.10342356804009559,0.06065925123337598,0.15018298331100577,0.13354114568822778,0.04090784198552832,0.13171431299488331,0.032022179597321954
0.026378814044705694,0.15941144090030065,0.1364176394477449,0.14320046124444813,0.02190432345961778,0.016348876570266093,0.09406736632409228,0.12330428283334206,0.13134706920406872,0.14761972597141365
0.025026998344482312,0.017867594152513745,0.13809103120995814,0.15842382239127675,0.14191970098137818,0.0324518842290992,0.10733448448271203,0.16692260403212056,0.15795655836829325,0.054005321808165814
0.19420127920528718,0.04423844379422276,0.1851554510900556,0.058521609266191266,0.01708648764476086,0.17045187134988637,0.1725420772705305,0.14172610393436602,0.0032571721606667074,0.01281950428403286
0.00040569257741261114,0.14238727462529782,0.03691434043056813,0.017806358080497152,0.1734892479527514,0.08290361827488137,0.1674978056983967,0.07432557902768507,0.13089063800317446,0.17337944532933525
0.13721851934270837,0.08619860692643093,0.07603797440441434,0.20047052263813867,0.0746942806012061,0.06510876687458916,0.044838835701143366,0.030823614587706764,0.2205538465521022,0.06405503237156013
0.11714622498511416,0.11453569908385468,0.035073292441212545,0.03974735196687249,0.155110836631432,0.12289016086140282,0.18585296110249713,0.052382497758379644,0.10287213313902625,0.07438884203020815
0.11058916941080252,0.05224740121655499,0.07082190355152591,0.1303031626711764,0.1047035440480547,0.07873190159086119,0.13086128057997237,0.08503318662640239,0.12262524977949131,0.11408320052515823
0.15405073424049284,0.17142634299936732,0.050893444821729285,0.10207001492176558,0.05218878764667128,0.13156030377208347,0.04056311590682405,0.17886231515676498,0.023358414357026108,0.09502652617727507
0.018836521363897848,0.12278029940185996,0.08171036976956458,0.05511305005237864,0.1605896707324621,0.10258913894767667,0.13303499631096033,0.13736236827498763,0.0037899893567712147,0.1841935957894409
0.09766855416000489,0.17432484204093726,0.06908294785702543,0.18578504036596621,0.05241102493772797,0.16880894643669145,0.1830673844402959,0.020646006527175548,0.01823045537340725,0.02997479786076817
0.1641930135199036,0.14207057733075187,0.03582028551354942,0.14066944196533188,0.08266518372844939,0.0735807370195937,0.03840324712963794,0.18637813465203748,0.13536313114779988,0.0008562479929447604
0.1776817360166601,0.024554283433240533,0.05891611778805765,0.13563506695261604,0.08618643419224806,0.02979533105800347,0.16102754939836783,0.10092117189299125,0.16967495980065994,0.055607349467155044
0.16569931452607026,0.11804605754840276,0.012887657341053843,0.09100610407989579,0.025056105126122715,0.26691278166301935,0.15929031632082052,0.054691086325316524,0.09804076101634218,0.008369816052956133
0.1130733974877337,0.055374501970410654,0.13177464736686256,0.1250605449174759,0.019619949380559873,0.11616870942875333,0.11153721096192956,0.12333237011524625,0.1907405637805732,0.013318104590454955
0.11033295707464887,0.052295628344091266,0.007421635655189163,0.03680084299943673,0.14145219244620819,0.15441596966884552,0.07929538262063626,0.17427362101526706,0.17145782159587866,0.07225394857979839
0.09032479727265345,0.0569146649861128,0.023331396824053035,0.14596300202175852,0.16135053407730748,0.15101928123788066,0.08765826276131976,0.03253625001760133,0.0786418898086978,0.17225992099261533
0.12180191082455187,0.13838536867420145,0.12540483103068567,0.06785687564763804,0.09153418471494826,0.14728432198062805,0.08102964386344551,0.05951593485797962,0.07967800341730198,0.08750892498861947
0.003105174830348185,0.029807989349753115,0.1487136436506128,0.015446371586742697,0.0742039104641811,0.06549950024199357,0.28725260680509607,0.20425260612300697,0.13643918259426008,0.03527901435400525
0.08793054758900966,0.015878416625429936,0.17876502859702534,0.08597263690103654,0.13033644808647554,0.1749204422840527,0.09253445657678022,0.1453359504488303,0.07565338365670844,0.012672689234651287
0.08811750376921482,0.0630026492257249,0.11695025818110802,0.11840308137130652,0.061182525739748014,0.13417508099591746,0.11853978477752175,0.13059813089131075,0.05075280757696282,0.11827817747118488
0.03943335980185077,0.21178627468949465,0.21579324324387553,0.15225176722665976,0.006951134147172013,0.06971620496555554,0.08129827828824422,0.006138581763343512,0.1779180985721958,0.03871305730160824
0.12373850862927085,0.0012824532608383128,0.11722179681756542,0.06384537162765626,0.08737189882747533,0.18407430409074949,0.16138208080481917,0.05949597280345057,0.005757457910777757,0.19583015522739694
0.12427204193330388,0.02177625556646235,0.007125206074603503,0.015101130122632542,0.13206673133181634,0.04651903320191608,0.1819635604579303,0.20810715771922633,0.054070954995704155,0.20899792859640448
0.027351628350488304,0.08027381793692168,0.0017098739783009134,0.16970766638911153,0.09774764740381042,0.1640016659656705,0.058678863030913554,0.1220048630334417,0.11401769450503249,0.16450627940630896
0.1150088302625946,0.04802737760872868,0.09915328440347208,0.053941273454771406,0.12034582795604433,0.15651453346769412,0.11671237024900608,0.10117602510785345,0.04124936458915044,0.1478711129006848
0.03656427000239066,0.12179760983453243,0.09957502429182656,0.060448039585148,0.02551888999820766,0.15288113374300358,0.14837008464463022,0.07017761411973758,0.13449198177960184,0.1501753520009214
0.10824175324968537,0.0408313725478914,0.13267239330684844,0.08911331620286615,0.1483139163215735,0.09476102006039569,0.10460479100212963,0.008564401649269133,0.14593891971111647,0.1269581159482242
0.1163519874261437,0.09302230164541254,0.11280675976379068,0.09946703120934203,0.011322697868560787,0.13621203997855466,0.025914700018909373,0.15987278746471864,0.1508806582542216,0.09414903637034608
0.05004360946111368,0.14380763348222378,0.15056515885577462,0.09095933115945516,0.1089983038783438,0.1375596489170888,0.0718631284870986,0.1457033012181716,0.07962058180798766,0.020879302732742185
0.1543825305406103,0.1575799378541868,0.05176705100201287,0.0002602179391666195,0.04937451473219767,0.025869861910006498,0.1201594817083493,0.0946021151826962,0.16959669858873425,0.1764075905420395
0.10291720941257647,0.17572045272758122,0.07786126472040246,0.1288515640848304,0.0585079088934784,0.18091278825898557,0.002183241433773876,0.13621653055109434,0.06445032252953266,0.07237871738774457
0.037745156369151815,0.009669003267048344,0.036084108575502795,0.1876314578106994,0.005701787814967131,0.22053433112859763,0.22365434987521968,0.08945439876218156,0.09519683709862324,0.09432856929800841
0.01165763071467068,0.08119923183361415,0.08935809478804323,0.02288275484176374,0.1200769721669767,0.1717922755836947,0.1482756360029974,0.15176197618767046,0.19062073005009497,0.012374697830473968
0.015531076744694958,0.0011589696740611202,0.13919171921827997,0.10937568190834072,0.13812594947385232,0.0851870370667898,0.09432865518405428,0.139950511115522,0.1504362305648273,0.12671416904957752
0.12191903236896513,0.06565592962297263,0.06111071587560526,0.17491217602667625,0.14848030227091832,0.03196055668655517,0.17360140090392606,0.0038294497290817017,0.0738216536280966,0.1447087828872029
0.09072371525506963,0.05996533458786616,0.06047515275876325,0.15257161311679618,0.005538825459967795,0.1466207612813514,0.09354788905924136,0.04715761213008132,0.15744446845478274,0.18595462789608022
0.02173600762227523,0.0051465246340938985,0.23903274334504504,0.11533364450221108,0.22805444698700444,0.0032574217670923453,0.014795662104095355,0.14025201216569114,0.21911024689025707,0.013281289982234464
0.16224749959589557,0.04092030767561678,0.14963498348012447,0.012700287756489728,0.08059790125034393,0.12721489510582681,0.16171905437311976,0.14960670640663584,0.07604380259835807,0.03931456175758905
