i = 0,i = 1,i = 2,i = 3,i = 4,i = 5,i = 6,i = 7,i = 8,i = 9
0.14825995326678226,0.14328408794737033,0.1483532225504455,0.14629994223789716,0.027154532411315217,0.030954015942529473,0.1173938451236641,0.0671156981949601,0.08152614281504549,0.08965855950999035
0.11586750027713683,0.18237171582598555,0.0627566359339972,0.047210515885465786,0.041513841077455434,0.20817135184539398,0.039188210768229405,0.13360387478850266,0.04737740969713082,0.12193894390070228
0.10058657491810062,0.13120249826728003,0.0032677158240031856,0.1334329011951139,0.13447550675768394,0.15237807324489203,0.09826405174291401,0.0004528522847623827,0.11672968518674935,0.1292101405785007
0.017281589957152507,0.12191858289227368,0.011325045738201818,0.0623642352079409,0.11311291157072444,0.14179981009425585,0.17979214373950517,0.16386340350036308,0.18341369540086216,0.005128581898720447
0.016355524661603654,0.15126960574289175,0.09130400249268024,0.08902906274336815,0.14168315635548648,0.060717112958115216,0.09093016278702648,0.12051974819202961,0.09356157770098784,0.1446300463658107
0.11039949098646767,0.01697377472855687,0.13384003942968192,0.11156001949750596,0.18629471428494396,0.023475570644937372,0.1552465522852438,0.021429722936000973,0.19154035832103142,0.049239756885630044
0.0984181993709001,0.1372735476868172,0.17334901990122473,0.11344778568321069,0.07035686656027165,0.09740119163148142,0.13577277935127405,0.14294585164113943,0.01947190481311085,0.011562853360569806
0.03339150937151073,0.05834797195980577,0.13797927932832083,0.10402847816615844,0.15047447169720424,0.12890201937990486,0.09028428357177423,0.08764407827673763,0.1213896647212049,0.08755824352737837
0.03362081716137869,0.2020329278986015,0.19337265436801496,0.01651927343451526,0.16904985130341074,0.15623169322196628,0.0528833611843122,0.12324615711338545,6.161754948444643e-05,0.05298164676493066
0.14555947426390656,0.11816716263748327,0.12965547644056757,0.0518918693267992,0.0813498708866237,0.026287508570474294,0.05412310288486996,0.0950615100170561,0.15840104008597788,0.13950298488624152
0.21795935181063092,0.047528022804603456,0.020384365201807485,0.1568968103427718,0.01746640702795471,0.039531354708469385,0.07112928596275693,0.04286039699872663,0.20779536435160928,0.1784486407906693
0.06738144551962547,0.13061656832276267,0.05847086043338626,0.013145674547898648,0.09736349860940674,0.10840380550773436,0.11903693161585396,0.18031541650032454,0.12201501820386507,0.1032507807391424
0.02748057670638698,0.027833575570840395,0.029392284813085326,0.12190789727680101,0.16472970108596088,0.1327849885776794,0.16466592199595254,0.10721760651154719,0.18282179643340718,0.04116565102833929
0.09012867198690122,0.00418205180848527,0.2942905574887518,0.03504581907346539,0.01110336737773665,0.01714054774941352,0.15457844304456447,0.25072247014036175,0.07500277616223276,0.0678052951680871
0.13267233064619463,0.12463684301658438,0.11740280470383334,0.11386126359433336,0.10757606567259356,0.032538149858140165,0.07436505815655847,0.13791276946025077,0.10873193816455756,0.05030277672695369
0.17334998232226115,0.12247794549190406,0.09091820773725749,0.11062358459045317,0.05708837503811864,0.03899700485528965,0.009388311875073378,0.12776105103542865,0.12461306607560389,0.14478247097861008
0.11449685329049478,0.14505090594462489,0.05472607804414357,0.12905281841569982,0.1440524848631502,0.10130641054483659,0.009519489333595857,0.11121565932056636,0.12820810923774745,0.06237119100514035
0.05493694672812492,0.09465960225717673,0.11489203619742801,0.13832330124117137,0.07220819527054068,0.15046104849626685,0.017492706681162748,0.13607148856328183,0.09927514998483448,0.12167952458001223
0.1536503869648829,0.057245859483077415,0.09094292935088916,0.1030847653817092,0.11745663120419039,0.025824810304723594,0.09217622265485323,0.15065894990578238,0.024113595890788122,0.1848458488591037
0.010711898017716312,0.012116282376482991,0.022430728147808245,0.16446563071116008,0.3059017378772278,0.157500656240309,0.05572235412110573,0.1423633785860954,0.03371885934180288,0.09506847458029152
0.11234418036263494,0.006968958593581449,0.0480655638661093,0.05064735074036203,0.1713036620014063,0.04123908394499775,0.16464221525213424,0.21181757403054258,0.09182701470193672,0.1011443965062948
0.20271637211367005,0.22730324842077265,0.011419129533624827,0.006624335833355517,0.03483190874696406,0.15023578363846993,0.10165051097913028,0.16042693735088726,0.01042207178940724,0.09436970159371819
0.1670064521588809,0.040774012739520415,0.17541681896164593,0.1195984299462069,0.1624443526481358,0.03658968678789118,0.11017860691064557,0.03841820460397324,0.010802893150916574,0.13877054209218345
0.1076266886706347,0.13192234287473167,0.10530175152857564,0.07726410497125442,0.011646776840424904,0.10941508486693162,0.061182491630902384,0.12799105147239795,0.12747438388114926,0.14017532326299761
0.1267864182386071,0.06790149681495798,0.06756623306933188,0.17236232479763164,0.0335585446865292,0.07119225615555412,0.21570776099477254,0.20501955611248204,0.0208805830951868,0.019024826034946825
0.10162257016092814,0.04053957710006115,0.043593623456687415,0.13462830328218017,0.0825748050638398,0.08576493252618723,0.08442623076764129,0.10535695053938793,0.14818745254701593,0.17330555455607094
0.12677178382644677,0.049199517649525494,0.035759507689041306,0.08161550016320485,0.10633044866567899,0.14719818173691776,0.11334162139235354,0.1508701100800406,0.14400649378776573,0.0449068350090251
0.16246865374019637,0.11942129074015354,0.19109412662329248,0.07780078898556744,0.14608442834612526,0.0431429005258235,0.09313987831043571,0.04256234744536387,0.05367118382478955,0.07061440145825233
0.09789615229886875,0.01183027642227379,0.08932179993133907,0.12563969361731656,0.09668214518284135,0.1251505371949494,0.12719106821140333,0.1161294315342605,0.06961558955252177,0.1405433060542254
0.19854796334626654,0.18304767072196487,0.12567859286364966,0.035575234477710015,0.12335859047499856,0.06725243079697463,0.06047507240095145,0.17040043367862,0.009748851498956431,0.02591515973990792
0.17969498061878328,0.09960093008693319,0.17830477927924313,0.09815908983169641,0.06720646616000767,0.10322092374109376,0.014338547923158421,0.11782973125089355,0.03498054363937,0.10666400746882057
0.029087045002782155,0.08079715690832887,0.04844507206511019,0.15546627187478038,0.053690338133270094,0.09792941976808457,0.0638977776405465,0.22514870394051464,0.02729989589224956,0.21823831877433303
0.16091509690843053,0.04584554938041566,0.1489201500345537,0.11450860444669651,0.026083427505883022,0.08429144403604578,0.13807075682814401,0.05795475291129146,0.15534181034827518,0.06806840760026406
0.08116612447645573,0.1298193586440468,0.20173363652383566,0.11347716049605833,0.11668034955343926,0.062292497243965274,0.02477207107031904,0.020190801509842652,0.15457724040954732,0.09529076007248993
0.1369599971344581,0.05832742352371273,0.12819937065103754,0.03358141457287317,0.0867163851268055,0.10035948451714904,0.11341570524972863,0.08005468788692979,0.11508111982041944,0.14730441151688609
0.11971210482048109,0.09713062483983093,0.1167140060164449,0.05218276305286867,0.06884221731750079,0.1369022303059307,0.13492724702237183,0.05836681690370906,0.09733225190742825,0.11788973781343373
0.08266146770175052,0.16365156796608102,0.0952700978814633,0.11415614647138404,0.05277503832477319,0.10441276319581884,0.16564903297551337,0.046945250313206684,0.1353651005906373,0.039113534579371695
0.06548768021159654,0.14782619529614158,0.06309933640914567,0.0976905938231697,0.13524491880403214,0.024859640624514498,0.13948775595676824,0.10128347275132313,0.0634826309060455,0.1615377752172629
0.15204789480722095,0.1706085197692369,0.04614114103731527,0.022446688598830426,0.07251984331986663,0.03857681839329348,0.1253675649563578,0.1258490289949699,0.09269372432680138,0.1537487757961073
0.0242259540223238,0.08065393815788371,0.170062627037413,0.13313909263703805,0.012942972959173986,0.11550202149809495,0.1647886044215961,0.09512486910634703,0.14054798974559612,0.06301193041453321
0.1345846401023244,0.09070054427961571,0.1845472103429162,0.012070557231719643,0.08093684564803916,0.05879543144176167,0.13643686659285173,0.028938663852314757,0.058790207900931625,0.21419903260752507
0.023010002762512045,0.16786564388471237,0.09537784914058615,0.21439520168521226,0.17150052402829727,0.17369753882282443,0.00026621712987536504,0.1021536408013948,0.009420305413801287,0.042313076330784016
0.10896078785002415,0.10003320342635698,0.007292780008092458,0.17318274459441851,0.09974101036071802,0.05468352120827306,0.11432627820495442,0.03696098001006463,0.12733918678630596,0.17747950755079178
0.17406651714753313,0.022964951037788315,0.024032830436807474,0.11907250577619835,0.09161034410601503,0.07315564682080639,0.09633660150380781,0.06880291624488234,0.14070923776580443,0.18924844916035677
0.11128405353633479,0.16315932643934977,0.1696861652987595,0.02963383902042909,0.01547128826525494,0.13460353854214216,0.1254272983787506,0.023102728687830754,0.05871822986572182,0.16891353196542655
0.11852532447678975,0.10916541217383681,0.10119017406059984,0.10969245290484493,0.13066311782269258,0.1342396041368133,0.0931624419470864,0.06589849155470724,0.1058048585257291,0.031658122396900024
0.14503780629361274,0.11899416017634644,0.15734753762307063,0.10165926320794572,0.048329595954132804,0.08757004536100418,0.053445475806105376,0.14736684107467113,0.11874192305394773,0.021507351449163187
0.12497002653568373,0.11799280393467303,0.11515963932093996,0.18816481011632602,0.07952245389501798,0.016241162292372942,0.07468646235454694,0.15162872152902307,0.1298926945815815,0.0017412254398346794
0.14928947375681037,0.08370159609308317,0.1375074944969607,0.02752682274799618,0.1477325169858135,0.07481656941181598,0.07365811206602747,0.07336631972150046,0.12653976347231885,0.10586133124767343
0.11136909927902802,0.14320184400513328,0.03204830220669783,0.056788263208382025,0.018699643107235445,0.243274242990937,0.026143728376706716,0.11280912326081127,0.10285998588319062,0.15280576768187773
0.2270207469751116,0.0028003165531044196,0.19855739694458355,0.014087116862211322,0.007581249007436626,0.09980695866902421,0.22093362373195113,0.08350185065134219,0.1405523397261109,0.0051584008791242435
0.06280570734860899,0.16408353127246553,0.08316328337154864,0.22513825338229307,0.08710279501191079,0.02412585163621703,0.1465463997042401,0.09221816354698063,0.022846902280449246,0.09196911244528594
0.12240666673545388,0.09088259082811125,0.016430540667223242,0.1849410806885415,0.12814769033703954,0.07187833976112284,0.06276590289296084,0.1297589426920143,0.05478220035158282,0.13800604504594974
0.10851544818482112,0.0527497508249433,0.11757847924966684,0.05087773806139159,0.056992242468252,0.12913179853520262,0.12191363052851724,0.05081618972237553,0.11808864928798202,0.19333607313684786
0.05004185944783118,0.1255301588114994,0.13275048292120678,0.1670884394734703,0.11667906848394761,0.13533394276136382,0.006556018682264713,0.020890071278241187,0.13259021759054537,0.11253974054962962
0.14395454839105648,0.027771237200768576,0.14225081736463843,0.0430782049561979,0.15537088616029582,0.058824187582038105,0.17149587900020885,0.047262467482879544,0.09435873850714849,0.11563303335476789
0.017782878963547168,0.2675483270905135,0.052292855377864975,0.005565988272536088,0.2241666816355425,0.06802687814376114,0.22628252026373424,0.06423018792480806,0.020498837437970468,0.05360484488972196
0.1489621124405703,0.005038836374708487,0.06066800058337604,0.15771102384796715,0.06459757829573311,0.14128746586456278,0.018006812485211326,0.18337708311475678,0.022065557570279445,0.19828552942283448
0.008462034969116496,0.21495705976776483,0.052617810868382194,0.1971406648120557,0.12658550060982446,0.06317138282232206,0.07618694086467533,0.07457660595886556,0.14734081833225937,0.03896118099473407
0.008272084209415137,0.0401926356411025,0.07393263757036936,0.19689125025942844,0.23298782870721907,0.14717039154451597,0.16481978994514068,0.03841481806071506,0.09389980488493484,0.0034187591771589177
0.07894670986201623,0.14505371951710366,0.12416909002181657,0.1558523228468962,0.10836512016745273,0.10078075553191718,0.010016875437425524,0.17197893258086977,0.05487817198298813,0.0499583020515139
0.05178097498394641,0.1523229832856496,0.15839425425038028,0.24766552799244185,0.11286493609340834,0.06447451156308917,0.0727749175854846,0.07102946415382627,0.037008670870003174,0.0316837592217704
0.09617800422718197,0.166694088243575,0.04908637791109257,0.15846250000850148,0.07957681830322534,0.11454024046706732,0.018646264762316723,0.11267693672336057,0.08635225176174421,0.11778651759193481
0.059016787495900634,0.09717444232408066,0.14239690365659038,0.1286098226930145,0.05427792294145614,0.13034323297252817,0.009916637726909846,0.16319600916247443,0.08184309580459119,0.1332251452224539
0.04699036433979967,0.14369110358242815,0.006328133971137516,0.13922014898592336,0.03856762547836252,0.06472533078292454,0.16344931699506657,0.0687459687020785,0.16087601813411231,0.16740598902816686
0.09790665168717266,0.038551267636043766,0.05746723928586626,0.13185019817932037,0.1465224385444729,0.15087310095161105,0.15046307797459063,0.08622202255057594,0.0374272273395467,0.10271677585079982
0.11378735660932172,0.06624015637533992,0.023286931406427052,0.11991511820224017,0.14074346197879828,0.08484399357254922,0.12514865678745277,0.07882302031567652,0.12315404683434425,0.12405725791785001
0.11655031341585755,0.18143200710220617,0.18244329359591566,0.04506341311415782,7.551757165569574e-05,0.08953847389840555,0.07116830374038964,0.05863879325296609,0.0792392782317149,0.1758506060767311
0.07675768514100853,0.13523300630280358,0.052563671894863266,0.12190481879903875,0.1704384431740941,0.16581486420926012,0.024010430508357057,0.005013741473424712,0.13192613645204124,0.11633720204510867
0.1268026940761607,0.11137956744284913,0.16569746763236315,0.0015692138966536182,0.09386011920203341,0.26806784690812385,0.06330184266782389,0.06705031282200136,0.014425705453114607,0.08784522989887639
0.12767766311006304,0.013630153637767652,0.14314513490031366,0.15147846635548093,0.051083043072744354,0.05045581171310573,0.18326951923228804,0.07924587758887458,0.02325626175989615,0.17675806862946586
0.12700751224458431,0.09079565739468694,0.13287279734932927,0.10777589668033846,0.029653087407475118,0.13706073983069011,0.07349743458881511,0.047062257785143086,0.13513974518652577,0.11913487153241178
0.02326043315824498,0.08971923321185629,0.11716769307508484,0.03725428613051691,0.17315166981028887,0.08932468885014046,0.18004170338149433,0.19623721013744008,0.057215966115285476,0.0366271161296477
0.09915877927968735,0.19035744878383887,0.06710807198939159,0.0007928189264248725,0.24899364329921136,0.006956959611115038,0.003242610332540694,0.13230465991074802,0.15146196167666734,0.09962304619037483
0.010665992544248042,0.1981829894733709,0.17785318064284097,0.13417045150631585,0.004146723381537326,0.004040221603169491,0.05748053908321392,0.12081024863685871,0.14684032230468338,0.14580933082376135
0.14836098473152767,0.043209033841986426,0.15056689698454828,0.029022729905614202,0.014989369180386363,0.015599280909765343,0.22031063790563896,0.10267113303707427,0.14090123009685554,0.13436870340660292
0.11107057663565777,0.09507880453513377,0.10939595266853314,0.08081456330041843,0.06731639253189965,0.12656765752878005,0.14159609196967074,0.10915080960596978,0.04284233031189584,0.11616682091204084
0.12055884167312064,0.12079445356550515,0.07015011437680638,0.09109587576159438,0.05036822611501932,0.15304684461280785,0.0942826660385681,0.08989039007557442,0.07649396197400045,0.13331862580700324
0.011203851530074504,0.013597004522632905,0.0058623473347076275,0.038920604771621625,0.15193195390335407,0.09319086988919682,0.1019476443066392,0.19412123756450855,0.204000136833887,0.18522434934337773
0.10269410584888249,0.08703402473279775,0.011902385910204046,0.15316276507173046,0.1357925202123061,0.11924444199115299,0.11315641950888261,0.024021959785906936,0.14275064200600732,0.11024073493212924
0.1293741714686829,0.020706295595186712,0.1323407855167623,0.0675688436629843,0.17412484187470317,0.015078556587643722,0.07547294967636964,0.16987112070092075,0.006768944875904882,0.20869349004084164
0.046302452336292474,0.1613002483216471,0.1135566144851142,0.03605269795221893,0.19585968831883438,0.017189471106587244,0.028562656802761346,0.17947379704062671,0.12943067492547333,0.09227169871044437
0.1803870383658579,0.007458159578438111,0.20852122544048812,0.07817885934245804,0.05691039724718882,0.10286256585574835,0.038036396514109484,0.20343999810719424,0.05018747269419161,0.07401788685432538
0.1395773943933249,0.13064460735219066,0.06574596097549812,0.09973815642691575,0.09971676539655999,0.016299537774708817,0.10340402946479753,0.0496906277157073,0.13672401343235366,0.15845890706794316
0.0813609902745361,0.09243039220777727,0.111365614289205,0.09691706686672963,0.1390479123738424,0.14509305664801955,0.10229095097652931,0.08308240198578914,0.10592446741519955,0.04248714696237222
0.24418933197187567,0.18220881158044935,0.041020371672401044,0.059690445900787495,0.035477260147160655,0.03333039905022469,0.13441197361685436,0.07659417674517185,0.11938914128599434,0.07368808802908064
0.04401975778877725,0.10619379837582678,0.15262315164828205,0.05188979450531669,0.12783289572909642,0.08945024777189652,0.09466318563773496,0.16713393246426722,0.15877405668013422,0.007419179398667699
0.07638659125051016,0.09844348651812863,0.1363540945462285,0.05466484141200542,0.15310969610620978,0.10465879030368183,0.11608055973736,0.03449571866586613,0.08742586047780228,0.13838036098220738
0.14955060817534718,0.06029763163128256,0.1837280297767176,0.10480184906631551,0.16575654646264287,0.11950843749984759,0.023248721653940256,0.08171900053983241,0.05294047454335472,0.05844870065071929
0.13298503470529488,0.06746008385807006,0.07199675494602968,0.09079197665763106,0.10910382139929624,0.06918221439093797,0.1763449428625979,0.18305798543396926,0.09852121703831454,0.0005559687078584631
0.12562456200043792,0.10460993287866266,0.06071543205563647,0.13992421609705785,0.03974925436643839,0.1532420905628005,0.002492254649016044,0.15870943425523462,0.09110838878120756,0.12382443435350791
0.029591745869661828,0.034941015365432454,0.19889886106850427,0.0577233599245576,0.16354569772879612,0.06611894261928992,0.0990620522103616,0.062033083185525,0.19632054864006485,0.09176469338780649
0.05264897962870609,0.08976897702445134,0.0766955106685755,0.142463437625859,0.12125651459243883,0.1408359190422352,0.12987872522204452,0.13975636569094083,0.10130820735539853,0.00538736314935026
0.12140891841366352,0.15846865472403798,0.09840928645583957,0.07285881980589037,0.09028768683564223,0.19680663243246058,0.1618563815564664,0.07931673815314187,0.015399685755624965,0.005187195867232456
0.0008499367459489144,0.18642202062725616,0.1522298710843401,0.19672752132144639,0.11022155421392596,0.0358749783594711,0.06932894816019163,0.14641153562625656,0.014460356288332307,0.08747327757283085
0.1442691126682466,0.1450318436498563,0.14685368030185544,0.07763717144617403,0.0358728413874915,0.0875047226677573,0.1097650153972579,0.03083886902199134,0.10626584394908392,0.1159608995102857
0.015722314330460056,0.042498671849702026,0.2551192877751279,0.019330406144994063,0.025324726274792562,0.1261989005076625,0.043448489504896,0.19241106364455257,0.11527540329054803,0.16467073667726442
0.09247817556953664,0.015433906951369985,0.11872119852701822,0.17025774529819096,0.09325262859340708,0.018867737312799813,0.16094869148842197,0.1354458068918765,0.07040168943440596,0.1241924199329729
0.15953513848866363,0.012273617185678716,0.09209328830246392,0.13793741098045006,0.10932064151663093,0.0018625994008576792,0.10444311395462672,0.17806590597674218,0.10825030567331939,0.0962179785205667
0.2265733162313226,0.0413013324074588,0.05314617401475718,0.1391114347801245,0.012418761456175964,0.24753691601754346,0.010635845275950007,0.0985764842416551,0.031741077956946626,0.13895865761806578
0.1696436888678397,0.004209666260578918,0.015115194058546447,0.14524352640486837,0.0950344651371576,0.12410528586940556,0.13754702271657357,0.0681235894597866,0.19209775186929087,0.04887980935595229
0.13995233194733192,0.17186004428319107,0.052336160971689874,0.06130261910315525,0.06359862765990042,0.18348463378208618,0.12719242579477263,0.031585962631186494,0.11885317758170007,0.049834016244985964
0.18928973191056891,0.08667347024705029,0.04291716441127928,0.01681934884163703,0.09485077496512634,0.06524731437893788,0.2147725842274116,0.05635128513423368,0.15679489775679376,0.07628342812696132
0.13810084590485466,0.12637584505670643,0.10758144236559494,0.14621201004638407,0.04042772687602861,0.12214200682800357,0.0813374448168656,0.0990559306766282,0.10287057347852936,0.035896173950404515
0.11427997722699651,0.07199626547305661,0.007816658543368835,0.10975138479452291,0.1345877685377734,0.11746855494251189,0.19801508236862286,0.17891170947278093,0.06556391088649006,0.0016086877538760435
0.1224469806537952,0.08049835466362992,0.0890684674322554,0.11795346525547325,0.07199962702287685,0.052589578815753046,0.0640530119771534,0.03752529889844276,0.18577232871144006,0.17809288656918007
0.06603860683425229,0.029274898234863997,0.14476966076966843,0.23009964121661003,0.05369606704570778,0.03331547557705706,0.18002830975811665,0.21837666675855424,0.006920634084855021,0.03748003972031455
0.17673977247581676,0.12258115267695825,0.1728707018561483,0.0723380992422519,0.026051030073051262,0.034745545316937715,0.07757066701919624,0.11117797226693232,0.09024474908286478,0.11568030998984245
0.017573213691044202,0.03825185248840521,0.13705657955657619,0.24544042234996521,0.1632962838144951,0.01813045188210635,0.25075054616312953,0.009499523373852157,0.0983039033262535,0.02169722335417266
0.10471942904183368,0.04396295587843472,0.10436154609308657,0.12297224091364359,0.07522554178934251,0.12239897739327617,0.1363486334861521,0.14290975989293336,0.011159182239686052,0.13594173327161133
0.07849874628221376,0.1626012949535184,0.0458447609318585,0.07105558582234384,0.12088867915497703,0.1845507333996714,0.037564678544609494,0.04509138518749187,0.03902396527937106,0.21488017044394464
0.006663794446920805,0.10425341473101732,0.12618305443507996,0.0904122662174049,0.15446344972782144,0.16576014927091268,0.10508138660553934,0.08236365866056809,0.10002401602475423,0.06479480987998128
0.024529271127497282,0.11356961280404675,0.1328465486956537,0.0815463779526989,0.07818972184893491,0.10554094548143,0.14892500628133276,0.08078563963084283,0.10078091593686211,0.13328596024070083
0.028190582669493754,0.18538295935701476,0.22245134618171544,0.01961446816713137,0.15871580734342686,0.04359158513185275,0.18217177925900335,0.0874578738175242,0.05661702750387217,0.01580657056896518
0.00665170949192466,0.22356406629546613,0.03039842393862426,0.11990857981379521,0.13839090773930746,0.18421185646521396,0.05327801852991202,0.07851696609987831,0.07623938492192184,0.0888400867039562
0.16975915189613816,0.17170509232390146,0.12890885555097492,0.0351969760195432,0.030366664797511315,0.00594099816143923,0.10680781127382913,0.17027386407019304,0.15677716888129717,0.024263417025172197
0.10535181067235111,0.018024006945630337,0.184739909568261,0.031780845211973184,0.0016808904768866094,0.09709642750904146,0.021398374445613204,0.14171072117518907,0.1830906073694881,0.21512640662556592
0.16226082431895686,0.05006835570413439,0.10834492132452395,0.031365668482622594,0.14929149155364807,0.047667622452392505,0.13980611741822663,0.07096901816556123,0.08677221929383581,0.15345376128609797
0.15110550911426046,0.0017907393956929686,0.15912335753055615,0.16184512069872214,0.014814912630651073,0.09756343070909548,0.06615739380929309,0.15990798239890486,0.1278732935706069,0.059818260142217
0.1452775174809483,0.02019020708610223,0.07010050382375968,0.15468179177688468,0.11877431627387605,0.13893929723674325,0.08175747169410023,0.01784985065930078,0.17039194440926797,0.0820370995590168
0.13260846043462524,0.12525074117224338,0.07534421122144896,0.13801438536994384,0.061607411928076776,0.01834463850989658,0.1471653036165614,0.1021518871721126,0.14566594374829292,0.05384701682679824
0.1129553536361721,0.15245111615846038,0.1213752267227373,0.0779050557446579,0.05168883118330969,0.08841006071344043,0.13984751083229363,0.09495993246092799,0.07960623883276008,0.08080067371524045
0.08879375185103833,0.08415638887379406,0.10351087749270979,0.13685948942404058,0.16332129509529986,0.06131445129199426,0.1599414613123109,0.010917801344419666,0.07697482354043209,0.1142096597739604
0.11862971861031159,0.016049868647996072,0.10366806738051809,0.06246904582494023,0.1335455875724196,0.1212973141609549,0.10534313605381852,0.14384135930726383,0.1422521244680058,0.05290377797377131
0.041836346821372515,0.04805461663913418,0.14848337209879384,0.15080397814282312,0.19386711344615165,0.15593503167164904,0.17102819780650177,0.005592878289205888,0.06605305255624525,0.01834541252812277
0.20530547536080848,0.0015800630021337325,0.1940856692856389,0.2056617320142021,0.11551273609353133,0.020180472682247087,0.03129515319522587,0.04327205233105379,0.1086019709911811,0.07450467504397766
0.1444907863238066,0.13713515421811528,0.14570071945239005,0.04288883480461087,0.08315311835484578,0.15056200818360974,0.1386475188069151,0.045011613012552805,0.005746378224497169,0.10666386861865662
0.07097516476275616,0.1288835658978814,0.026635110996066386,0.1475302339132582,0.11552456748492995,0.16826484438772407,0.045490236701722406,0.06693596378348936,0.06994985797179668,0.15981045410037545
0.11719882215329502,0.06884836138056687,0.01066425302076523,0.21174817176314611,0.15034545041446062,0.1378789566998508,0.07895925295592107,0.010870250298374,0.023620976881346727,0.18986550443227343
0.18274768458699006,0.09784744787975364,0.057819611758239874,0.05401513778614637,0.0931164217753114,0.14434274419807167,0.0364305897598846,0.13696942427842757,0.04759197704856411,0.14911896092861074
0.17184931001855708,0.03828410968469365,0.1674950578214183,0.03660878706064144,0.15676873878343778,0.03589185609840792,0.036027134906021906,0.012328953214036553,0.147920148698635,0.1968259037141503
0.09344932018612166,0.10639266473460637,0.10883369312037047,0.20525959463264387,0.0009463123323005406,0.10307804169642464,0.12130515649844102,0.0567629550466424,0.16637055666152528,0.037601705090923684
0.06378408414219137,0.006569049165037687,0.2109566635128785,0.04224278529159782,0.17734577028151297,0.09770764914015052,0.012339488452834115,0.22532422064023164,0.005705731876374242,0.1580245574971911
0.02843812494376725,0.16191636382204835,0.10393504994376608,0.12018539623125582,0.04971158878025019,0.024581552429403533,0.10644623982969083,0.12576208474306405,0.1988529317913229,0.0801706674854309
0.16528501105080848,0.08718440294692555,0.10582579215789589,0.09926770329268784,0.022545207687782492,0.10575606625105337,0.10004944080099254,0.09870499741321984,0.029300207320547528,0.18608117107808642
0.09989673755901668,0.19987732028242078,0.01447898545490526,0.03035566406931131,0.24838012073387059,0.013023849962907374,0.027839103418175092,0.07293002754873235,0.2685035143159124,0.02471467665474804
0.19027851921053812,0.146068312463818,0.0870122549989457,0.08271381477430671,0.0380694912002008,0.0883424570996017,0.14069056527138216,0.06653282947545591,0.05923346004960607,0.10105829545614489
0.1461701377676743,0.055252392794275365,0.12293475856739716,0.09756415667138545,0.10936262135311542,0.008582594082359547,0.11085174517655967,0.1441306613394453,0.0948503663263019,0.11030056592148606
0.1349658654856691,0.15870512668374542,0.07854179671471781,0.04804413120229801,0.018280634485034575,0.03263984105132491,0.15347645959969125,0.14827081127835448,0.16401151547001958,0.0630638180291449
0.2079286657480397,0.11523538767071245,0.10276104373624746,0.09499902022524653,0.02626159272782243,0.12392767520774543,0.029485636368755314,0.09335327296289743,0.1362415818029235,0.06980612354960965
0.11444003216595965,0.16078891924133148,0.037586743356269235,0.1917208288163912,0.09523042576515685,0.16836925688077126,0.09879601324074626,0.073557512138827,0.036660922662643036,0.02284934573190403
0.12640964418299958,0.14251354425583,0.12059771521919947,0.05711378306217391,0.08794631055664737,0.04487048123680464,0.06318210649073704,0.17026759502983027,0.08265915006148108,0.1044396699042966
0.19923268530304208,0.021692902957037942,0.00986396007791362,0.12781044952675602,0.028998607460254504,0.14620111463226831,0.17674071706660935,0.0005542328001151699,0.13345189625894346,0.1554534339170595
0.10169614137020688,0.10093584267548071,0.08450574773417939,0.07563119025476385,0.09060155361095026,0.11135940199157399,0.09555310737851176,0.0814693796019436,0.09221027206985768,0.16603736331253194
0.020071963317580946,0.13596344248796285,0.099199363547785,0.049318369092722976,0.14728940967784723,0.05498249451142074,0.12561386427721258,0.06218119993126577,0.14714986848518352,0.1582300246710184
0.053874791324545486,0.12356290302289633,0.1398621241270068,0.1429925541889549,0.034345099708863146,0.11641048588355503,0.03307117498993906,0.057130356894556734,0.148979278688073,0.14977123117160968
0.04860936048792835,0.16264055666821414,0.1089717167923185,0.16575235756157708,0.06672831219899909,0.11798835477543092,0.1766866590385859,0.04730119966812218,0.10013892794740031,0.00518255486142377
0.025049527985074625,0.14978418953465084,0.14748657793625564,0.0007200221730319692,0.09924294140551232,0.14549044003509928,0.24839013417220157,0.06667786454917235,0.07289604121325008,0.04426226099575145
0.019750687279934436,0.16075841265660873,0.06549471097967713,0.08110623813517169,0.10765355231846883,0.03895036656132077,0.15844509097345522,0.11352981172341836,0.13400972921402862,0.12030140015791617
0.1327112803806005,0.16592821511787095,0.15139184043084222,0.19037402962458264,0.0323924028237069,0.03199643080078849,0.013938844332745497,0.013044920564858566,0.1209306140121019,0.14729142191190236
0.1663176953868458,0.06356286492747908,0.02004019559539816,0.1473980360799907,0.08848209802185723,0.05366305265352713,0.17616160791476687,0.18855507213268605,0.06923016662385668,0.026589210663592232
0.1606040922487308,0.10411000028424063,0.057228671102203976,0.15819935355397344,0.09456945713862595,0.009274981911101814,0.03689599076919907,0.08727014225270759,0.18544079739277183,0.10640651334644492
0.09013836187289173,0.07319839079696382,0.16319957757078804,0.16642806533955573,0.1395889166377181,0.15279188905060953,0.017717416555962293,0.17782958126394252,0.005528720553069109,0.013579080358499033
0.06869610091498578,0.1598474561263284,0.041615299159505945,0.04921871132218252,0.1464960957126256,0.16907206477810086,0.14527032027568362,0.12542873816095299,0.030937974650354836,0.06341723889927936
0.12358284700773176,0.050404358290323026,0.03565753791796078,0.03952250482977204,0.2472799110773373,0.16490301837645724,0.05824151283403313,0.06756250320286422,0.17404064052972318,0.03880516593379716
0.14621403471563704,0.1019643910120681,0.11000791445433124,0.15273630406216462,0.0334503230087829,0.10286372538876244,0.10956775572844325,0.027187356053296835,0.06583057356722048,0.15017762200929327
0.13701797577034355,0.07833962973892115,0.13327485471578662,0.07890402521296314,0.10064982500718993,0.14007155362822998,0.0003555822084718294,0.1615800016101713,0.017164546170798163,0.1526420059371243
0.11023528921394174,0.02217330462940559,0.13948378765529346,0.0030566977534554744,0.21335033653098648,0.06532915454260085,0.005916087743215758,0.08118735653912022,0.18855826700722078,0.1707097183847596
0.0636615767465774,0.07041569985165805,0.004420463163957031,0.1816511356541794,0.10555462505991087,0.1561722390869251,0.10510250823333746,0.14192686684052666,0.027982619670123714,0.14311226569280427
0.08568854393461672,0.18472728401105526,0.02496989321619077,0.059757209316220625,0.18360695953600442,0.1697795710690392,0.13550915702780122,0.015690530171291798,0.03891583756698507,0.10135501415079502
0.04872807816730299,0.1293459698398105,0.11492961723314288,0.14601676612366718,0.06573999340771836,0.08331517369200274,0.09926752002070054,0.15987755565919265,0.05829907159265536,0.0944802542638067
0.1768263603408254,0.18187808582423867,0.004700982906471234,0.05812217380454949,0.06518371713656318,0.09192434151144188,0.027815600861849445,0.11595343742284353,0.15935767635585146,0.11823762383536557
0.01409991439031336,0.14856787127110804,0.08234561940372191,0.17522496910956947,0.09611524977339464,0.07068563319312755,0.0266238753245437,0.15024990196156995,0.19496092495127387,0.04112604062137747
0.16318668311110673,0.023087117366717123,0.16979447421800956,0.08706521501147409,0.02833048913096478,0.133045862533478,0.0977834358759152,0.13278566596752514,0.11317760754232634,0.051743449242483114
0.06556203304975404,0.0033952896561911068,0.1390526902482599,0.15038829466890244,0.10101450702349145,0.15353493535366095,0.06454604894817663,0.12649317728363196,0.11208006170081991,0.08393296206711141
0.08571507359789252,0.04482951875829667,0.12781036238146606,0.10307403528785311,0.14601877640260766,0.16106205821412983,0.08697299295563353,0.09016541507448925,0.13160992518541217,0.02274184214221913
0.1674449107235441,0.1715697180830696,0.026257362225966356,0.1337017354865021,0.09946669881700536,0.051595094437396676,0.09365652718366692,0.11271736214617889,0.13135523939746827,0.012235351499201672
0.16595244941137197,0.20019629848078485,0.07286025627868781,0.1535639834255932,0.05767270478578644,0.024141178389207783,0.08596454880897424,0.06443640891177921,0.04989845837763091,0.12531371313018352
0.057669254210377385,0.010136258961241536,0.0881287899935928,0.1559412024859663,0.1930819769417764,0.09125437606190517,0.08900039547661742,0.04500937303669458,0.15654724618639115,0.11323112664543722
0.11509889060159688,0.17322232011356714,0.08838481808469927,0.09576247229287227,0.17012135031489858,0.012466344919137578,0.038701204869257405,0.04815236742064383,0.19351974315398726,0.06457048822933974
0.013821827461514788,0.15820979970652918,0.036721709420878296,0.1717354641719237,0.12279813351790589,0.04251643816916621,0.16479122756785097,0.03334153516179477,0.08409615955379772,0.17196770526863842
0.09508323046422308,0.1707726280353571,0.01624721377576867,0.02768532644359824,0.049808386897853274,0.14869038256640993,0.2044407428520003,0.05927136081907458,0.1334941781966342,0.09450654994908053
0.1415397613653338,0.03272540592422002,0.12097644299081098,0.0602830227069319,0.1058120229133693,0.09946293822588527,0.08071450914727633,0.12038805149852513,0.08667450421304833,0.151423341014599
0.1449579658901439,0.04189728701501303,0.14771605389312864,0.07825585138278036,0.059918048990188245,0.15059722757737296,0.006127992810637518,0.05178657378301504,0.15668198934518898,0.1620610093125314
0.025136488947217064,0.07044017207318,0.10926731159206,0.07534029254858336,0.214102137187268,0.035958064576888646,0.0794783505536539,0.2147051903354918,0.03872820658223193,0.1368437856034252
0.06421195747243258,0.040607283732804214,0.12490940928962505,0.043293326059484695,0.11740858027404875,0.0433495529576475,0.26527764223348566,0.17683589352639398,0.05229518910932237,0.07181116534475515
0.14716094319258735,0.0623240032935295,0.15777389759217403,0.12898937336953914,0.08231234227983351,0.0408685019935588,0.05253242477974685,0.15139385424601967,0.025373384362248383,0.15127127489076275
0.036660958352762264,0.0795444241425865,0.08830253460374483,0.08731257804539934,0.1557671547783173,0.08623718791768245,0.20071054575550706,0.11284397605938065,0.06739581899768908,0.08522482134693046
0.11849835521353635,0.14450507665498438,0.11582208491502075,0.1765217022982721,0.1881885999491646,0.044518261222141066,0.11074959706378273,0.03662832532275159,0.04290769125570434,0.0216603061046421
0.06204043378148487,0.09804426201539179,0.11732441730918935,0.13984095791397796,0.09540113476813931,0.09141747944794631,0.16964974026844615,0.1326675015182961,0.016240878937296515,0.07737319403983169
0.05396392074287158,0.1276656426629497,0.013424717982485809,0.16080781488014434,0.1498718783004057,0.1932229751983871,0.015856968796548056,0.1383925803241386,0.04818015434938999,0.09861334676267923
0.10503140765128384,0.19096932337639735,0.021051961222829835,0.1618542195217405,0.037197785894755,0.12879185713210348,0.1906407708347114,0.06389949846709002,0.038346916108536674,0.06221625979055205
0.09483690474646422,0.11958915749439324,0.060467730450606993,0.11517833517456819,0.08804345145853597,0.12770623469043177,0.1443571813473489,0.07962850521070827,0.05617415251127795,0.11401834691566456
0.07326475276065916,0.15937489970603871,0.18879977640294446,0.07708982466972239,0.02130535440887873,0.11271772556060258,0.03800156991146711,0.1457535671867719,0.0063717138590003875,0.17732081553391466
0.09961646414156403,0.012931892273757494,0.12838821596277739,0.14254243452460108,0.11557905159697414,0.011909229688333344,0.19293635617236507,0.10655184232638475,0.15147137065108884,0.038073142662153885
0.08713957508780765,0.07704512002380423,0.06536285760163846,0.0007441013731278375,0.1684460708163535,0.10717533903513586,0.11057054341282087,0.1257342243871423,0.160213552747532,0.09756861551463733
0.08474435551503125,0.17615906285970742,0.00937067504889286,0.15148160270223618,0.010302292811767746,0.026755990120981572,0.17437333189645848,0.059327188428995085,0.14687347991432634,0.16061202070160296
0.1474378003481722,0.1274649994699249,0.14163522340035017,0.10277764258375824,0.07063594329785268,0.031551655978644594,0.0021396550303853365,0.1278546354828123,0.1451653613790337,0.10333708302906588
0.22997231356272999,0.04146153776523217,0.06080238517825026,0.24143361420549556,0.08467573297811712,0.0139250965510118,0.00729725086059566,0.014498670309988184,0.18778060944189728,0.11815278914668194
0.10959452548636466,0.12020866243370634,0.10558013217759286,0.06385612139061084,0.021996360742411895,0.14708965870118504,0.07894118847481718,0.1316182774102296,0.11734425507611439,0.10377081810696723
0.13585401220593593,0.12216964021973124,0.1002932681894104,0.08110646544058525,0.042613279761771795,0.01605729712099443,0.18243139261819236,0.14405537447229538,0.1461002409658645,0.0293190290052187
0.10864998692249923,0.11187236913111076,0.03956353676681517,0.129559906032828,0.10878436022486536,0.13587079951798747,0.1388948493332116,0.08706023381157119,0.08560507217493943,0.05413888608417185
0.1101243463627563,0.12939714889760992,0.09103369819754484,0.2164313328488651,0.07318711069530455,0.12027325000360985,0.14224160560342147,0.010324589597745409,0.09396976361220646,0.013017154180936057
0.061654850929452776,0.23371559471899778,0.027276351845023892,0.19211211654743968,0.014089752212066776,0.09382968276607503,0.08126841392098699,0.16166372422975417,0.06793690554689613,0.06645260728330661
0.17052178089591538,0.09663833158863876,0.187461939864771,0.03461546367533621,0.1661978974714746,0.12508665404068767,0.03286658319595476,0.12324327215579987,0.04993747836739241,0.013430598744029344
0.0006583979730542204,0.08762193230607902,0.1469093466317651,0.09949477628594126,0.2168228112641386,0.016548831719840888,0.07740002475098454,0.23171115080115917,0.03942242400344059,0.08341030426359669
0.19668553003467598,0.03457818648448428,0.05476422551832407,0.16024349824427492,0.06978641832401837,0.09565531637937745,0.0764227396198674,0.06595778260715121,0.20716977830368039,0.03873652448414584
0.12468325679153781,0.19280471000304533,0.08411174185265174,0.0432651610674302,0.06689487571043082,0.13434890843646324,0.08303927273190029,0.06126249120235306,0.14087194028095146,0.06871764192323597
0.009968869331465709,0.1715948652763412,0.19860100365479483,0.1913052699970909,0.016622581448930425,0.06999865432310355,0.07094284355167484,0.06915917829247524,0.032990395237007065,0.16881633888711625
