i = 0,i = 1,i = 2,i = 3,i = 4,i = 5,i = 6,i = 7,i = 8,i = 9
0.15989279546135815,0.08103721852136357,0.04047644889605669,0.1702882857323321,0.046964452258763466,0.11537665771085531,0.10331296925033709,0.005225027957133163,0.15487018451727125,0.12255595969452909
0.11100123823743852,0.16909809395435865,0.1684701819408225,0.05695797837746947,0.17756520571669795,0.11118583004282893,0.009930502870655803,0.10001738030945029,0.05976085841646816,0.03601273013380951
0.0875571318005409,0.05775248186342403,0.10473165651970882,0.11521359084156402,0.06445155436814318,0.17683383555596063,0.14650140203822454,0.02937840449913386,0.043757994966428244,0.1738219475468717
0.15054257515871597,0.07116246822066723,0.1585270224720063,0.06258770439428012,0.017395371900581148,0.14150171164868275,0.04705729605248881,0.16296850953605185,0.09639561470179044,0.09186172591473538
0.13082687918174538,0.08472572062688574,0.06722265841188813,0.14934806112720278,0.01914689811180557,0.1277863320106055,0.04601581704782839,0.17551188295385795,0.05262178828168885,0.1467939622464917
0.05954904784391697,0.18516878811375992,0.05220407586951063,0.04039652265275878,0.11286572600804488,0.0366535293986452,0.12847188614272326,0.19864623005738746,0.01935910738156051,0.16668508653169253
0.13058966079366685,0.12414812834084177,0.16208353275437126,0.08146063066262287,0.009758399943185225,0.12941834837203117,0.03707131701394738,0.12297677010605779,0.10168965430273455,0.10080355771054114
0.18574665460433948,0.13486163632069942,0.10190803531111184,0.12507979214813614,0.04436958651774973,0.0578455093609597,0.060015457155807944,0.12976183243091413,0.12945234321494278,0.03095915293533889
0.09972944245152088,0.1233592920481586,0.18465746580350276,0.14272257498074573,0.03803748293183251,0.017725987658661818,0.13434721594665716,0.08989898045933639,0.11542192217507237,0.05409963554451182
0.19162698209461562,0.11222834577461646,0.17918482199170233,0.056202683532051094,0.1447393714222838,0.07179810516482708,0.0018877168145582002,0.014799423895352359,0.07554279595405032,0.15198975335594264
0.024472517616619553,0.11127287770803389,0.13511610260754028,0.14336732787971707,0.0578828246573332,0.08805894344008242,0.12247097986177026,0.12118401265344454,0.06472584226370424,0.1314485713117545
0.1316343878536756,0.04559420269268176,0.16188222122892282,0.13048598418985852,0.10505493813542677,0.03631231149960077,0.06480903617746019,0.11659662519479536,0.04217908396805572,0.16545120905952243
0.09043920147708534,0.05685070348660972,0.13455304793851114,0.041634234653562044,0.025321352167955478,0.09062016688280099,0.17377425226384213,0.09641708422516312,0.16462886939630814,0.1257610875081619
0.12313143798895368,0.09342563817024156,0.020186743532721783,0.08360560640565298,0.1495539303373795,0.10467002218150313,0.15414104381945065,0.1743248682293718,0.055970711414700274,0.04098999792002473
0.09947021637649249,0.14531421998542485,0.11990164691158273,0.0030757921341724756,0.08428305759007988,0.023954463451524906,0.10416284474435983,0.1385837701510495,0.10389265775309096,0.17736133090222247
0.02393721305077331,0.18113531504148458,0.034859164102053,0.14719458796679233,0.0940138298872729,0.066118606514774,0.08031380483290222,0.054261150386593585,0.13983132424473826,0.17833500397261576
0.0566581791034324,0.11747162555792266,0.015196654361055483,0.08627685151860845,0.17533106998325865,0.11976073037348221,0.16304924237276394,0.11899658895441124,0.02972281690171908,0.11753624087334583
0.16798431774769873,0.08705440832620154,0.03269970427499671,0.03438716942660913,0.15192272499089732,0.18192284693796343,0.13173516967427315,0.07650988160684814,0.081168775758504,0.05461500125600806
0.2133903576040461,0.038669088532615026,0.15564430366700857,0.21352989256545532,0.04404106411698211,0.025373993441806672,0.03838245201847578,0.09454058799571687,0.0047278195183948395,0.17170044053949873
0.13470316691565504,0.14177350295500588,0.04148894632073872,0.03159766472203766,0.15777526285874993,0.13496333684950176,0.05049082661455121,0.09344099064319179,0.17605032086676792,0.03771598125380002
0.1447795661698917,0.01667738125960708,0.03625508487827844,0.1306732579216633,0.08045235925750635,0.11837873649488559,0.08031765257009046,0.1515106120942675,0.11616571051371545,0.12478963884009404
0.052843715470863986,0.14802398410278966,0.16844174196435885,0.15175938032030623,0.13907975613008558,0.063571088514299,0.038217137440805564,0.19212868143024955,0.0036587073545043865,0.042275807271737076
0.12676969764177867,0.03131890063609243,0.024957319125046926,0.19091144763853257,0.16162381459717104,0.02060496060952834,0.0312872833616153,0.18519489228549968,0.1181849298829646,0.10914675422177028
0.03244942084742762,0.018606019465159426,0.15773562551122863,0.061519634360862684,0.0994129626073317,0.004199026055745466,0.041270539736225735,0.19903089031463797,0.1677722229964359,0.2180036581049448
0.15015893109626763,0.1036214201158955,0.14411079754072642,0.1339597470265021,0.1205087153545952,0.03538348560414783,0.14215914163704496,0.0383078290214332,0.1272149931450029,0.004574939458384319
0.060630822458475446,0.03837679491566389,0.12539710064755324,0.1432893205635524,0.09567667912289134,0.08575315176363268,0.10961737967741206,0.10660919069080152,0.10982462078317587,0.12482493937684144
0.0013841909170853603,0.03267491301438786,0.20038373623420402,0.03205625917959536,0.16445921371031763,0.1675140140206311,0.04770891502298427,0.12386892870627939,0.17069904695830723,0.05925078223620783
0.013276020400524889,0.008065173551249223,0.06807765922665975,0.12648199290536793,0.06889591448298088,0.1701443734175446,0.19314911717269967,0.03372024661757593,0.16286725114494066,0.1553222510804567
0.09753856939335019,0.034771735722118204,0.1344439246915104,0.013905897444586916,0.1392253809258709,0.11327020426752704,0.11609507511760438,0.10627279950210829,0.10766241662590662,0.13681399630941696
0.1472079522979675,0.008460879463133815,0.208424484722644,0.20890673715566593,0.007060635317001936,0.014853319429665827,0.019242633027994345,0.07900008721326393,0.17073913823844242,0.13610413313422018
0.13792898021336908,0.1581460277104771,0.14081450400966683,0.016466123067170088,0.03371282458635658,0.13197242987257918,0.015464197411685955,0.16236649789915097,0.11576088921868292,0.08736752601086138
0.04314168685860856,0.11782017109338715,0.1805526901962464,0.11729290155037686,0.08470098011681197,0.06463021343609622,0.13187575766178644,0.09029315404815133,0.10339026559665482,0.06630217944188022
0.003985876339502553,0.1993765906712292,0.023071739654700427,0.1441385306194672,0.049998723684605076,0.1578179146768178,0.20648966657792686,0.07298183457541196,0.059270131437913216,0.08286899176242579
0.18742407537083391,0.12992088535247637,0.08951210868143782,0.07948182356077658,0.018999381479847692,0.10776420067424597,0.1310433586999922,0.056017957482565946,0.09907601194532634,0.100760196752497
0.08540372293340226,0.025476408232846377,0.04365065427036086,0.18771596388574385,0.24773403310575237,0.15156720252662745,0.08431513490474465,0.044304744480592614,0.04775228783249839,0.08207984782743125
0.24056068165186467,0.0029774920133191674,0.10463089613758401,0.15934082664377278,0.22159995427592033,0.11035577039124037,0.010310252445859959,0.004500269881539917,0.10649628357205888,0.03922757298683989
0.17392402365102516,0.06131520788522799,0.034608093099172614,0.03939822479332204,0.1819687180917989,0.08424258242024901,0.14734410813446716,0.11587527747921052,0.02765171675038024,0.1336720476951463
0.13601581969399565,0.07421063496851149,0.051561569120538116,0.18123998239254058,0.1268747215448912,0.17971339441156164,0.040108506398045786,0.0016205764523397265,0.12454110539318826,0.08411368962438767
0.009760622825789204,0.00510481921529465,0.14192804995733715,0.13069436513392535,0.156015231642896,0.17745976880466868,0.09795450855133603,0.07413476361603621,0.0348447027095255,0.1721031675431912
0.18321359679151658,0.00779684355319657,0.05570696635414948,0.20337318864622067,0.06922623051712294,0.13154397141332325,0.05723564367184645,0.1288839999701083,0.12463513965477137,0.03838441942774439
0.15079687838811717,0.1309411456474694,0.023615559232664594,0.004834777925316025,0.1904652432557407,0.23938567185345497,0.03980378691740108,0.07132008540018876,0.009600544935675515,0.13923630644397167
0.010591159579524837,0.17649794892730591,0.12306508017750256,0.07290884429872181,0.1599767560486594,0.09807898467479535,0.08794399967293424,0.12504041872561802,0.0721217977374206,0.07377501015751721
0.13941515807035318,0.07128044219499298,0.06159035470439151,0.055079825859717324,0.16785857159831963,0.16821446721317465,0.1362176174101616,0.0048816532733482465,0.10096022199770277,0.09450168767783822
0.04141724364075394,0.1252266304867701,0.13043532750875725,0.10706920291410221,0.02928746192438455,0.16201861743153476,0.17359858843558162,0.012115119127390014,0.17578954634489427,0.04304226218583149
0.11873829586656434,0.005450883267160244,0.0742424924875859,0.10483446014079885,0.0634898613494887,0.21676565469297157,0.08438677083880952,0.17548754368992564,0.025859328930662454,0.13074470873603267
0.1416706800945313,0.023555820497763766,0.12667625807943952,0.12051837638681961,0.02072707656781062,0.05805281799186289,0.10777140441464673,0.13937081561970233,0.1122928668583646,0.1493638834890586
0.09747384120262556,0.09858110296257261,0.012945410460193835,0.17724010129004855,0.16036429419340864,0.01895486431749522,0.1403482696172106,0.07399152142583951,0.04645436234252373,0.17364623218808178
0.09192191631086279,0.07500444484206731,0.0482850399395975,0.16006942957720183,0.1516452564418002,0.11147345461605626,0.1251640118254175,0.10932056084414468,0.10772046749237328,0.019395418110478724
0.0922368156951768,0.1588893033188344,0.00032071670738887786,0.1948087317456008,0.042639297248334214,0.007159506672308901,0.16528074063186976,0.12071561290069717,0.17425622799373308,0.04369304708605604
0.07268072076110307,0.03662824544381952,0.1768152335779231,0.16220827793212533,0.16494673310524924,0.18948604611476938,0.027659831699838783,0.03625822747443261,0.09183990432296793,0.04147677956777093
0.06851056467657561,0.15704772026095906,0.15313023892927563,0.10923831009541043,0.07751645946192032,0.12657573638075487,0.05010269560237408,0.06912516102939327,0.16201373503090175,0.026739378532434764
0.055335073640888646,0.11071371475866351,0.23212709986002547,0.1500900237026596,0.03897208308429942,0.1949445412039172,0.17288573229134227,0.015860242276825684,0.012912951972525113,0.01615853720885313
0.12396538240430197,0.20806919893365908,0.02899907999444171,0.1435498929151284,0.0086922780936989,0.1557714836295457,0.026811855162920496,0.021083795566317728,0.1923768917223726,0.09068014157761327
0.10256235401406223,0.1516227155048739,0.17905285531119447,0.08939363906343128,0.07391203816000552,0.09685070265752568,0.09030142156023671,0.12506125691405467,0.05974107944995129,0.03150193736466424
0.1245259182190865,0.1829146257917769,0.04422203402039702,0.05836006124981101,0.1564050828528125,0.05266692382302278,0.06726891076938707,0.16723891267560376,0.10474348229577024,0.04165404830233241
0.10772483269592983,0.1026591624017283,0.10371036562405117,0.13852072317734673,0.09737991490769198,0.1054672865605118,0.16341416426659536,0.015439603611016104,0.12202244328330537,0.04366150347182324
0.08532123651076497,0.17290981567155886,0.05113524325636625,0.12267178334304185,0.038808970029696535,0.06459981744434834,0.08857452222807644,4.653658080018173e-05,0.1350303960321771,0.24090167890316957
0.1895236410922377,0.10223156396052833,0.04235773601691202,0.1554329809138113,0.0009137642436328907,0.00865711939175344,0.12139577483722813,0.13698287199905582,0.06464104369077564,0.1778635038540647
0.037331419735448595,0.03166535726635938,0.17040356208842153,0.008669824313195656,0.21794018306632632,0.025740538493027203,0.06943980613289255,0.18213548852300918,0.05263471134189079,0.20403910903942885
0.20920728566680974,0.10700714494175138,0.036099570189212685,0.1925997145858142,0.024129540152129987,0.11208078539140244,0.2613684993617581,0.004617456837303262,0.02081696379805072,0.032073039075767466
0.10132482437885582,0.16618541389582855,0.1513403781040596,0.0373840182386426,0.16338461310357827,0.13365376847293434,0.01589365993059557,0.11432296250692299,0.024477238032832853,0.09203312333574935
0.12387592642117126,0.09703847359707066,0.14808273590947627,0.11411066335956141,0.12454194072373241,0.10482818696637826,0.006209483327596486,0.1119874385021336,0.034743296781348146,0.13458185441153156
0.17312662634570442,0.1313180584837717,0.1292181054274934,0.1651170426033165,0.06422869837159113,0.01280289536317563,0.04129495276380737,0.08067517908884747,0.027931442492410294,0.17428699905988204
0.20325936385862042,0.16636291584152976,0.16007337314887654,0.0004441092001714744,0.041442723242743375,0.02430678512326465,0.053897965493473296,0.12210500572128065,0.19633049291621515,0.03177726545382455
0.025652974093455256,0.049981227857663006,0.046943301022285416,0.031254441916463,0.17815031234864276,0.13512519382277854,0.09207493126751687,0.15420252409253551,0.1439152299237534,0.14269986365490622
0.1362055411633075,0.006660846538947977,0.20494489454513537,0.16743987550202008,0.06004116977800274,0.10411178071332133,0.14455314988317236,0.054019181081651095,0.0052624827492694275,0.11676107804517222
0.018429655676292876,0.2373596468599101,0.23599458664514364,0.15542053677896953,0.043976594557028875,0.11244694311104882,0.07089546290842992,0.036581327884166716,0.0136332334413315,0.07526201213767811
0.07436478011169714,0.04781521254135416,0.07142466672347991,0.1392025324297811,0.010072299127166527,0.16399983550206607,0.07385408324341192,0.06895720231843973,0.17533484288441567,0.1749745451181878
0.03629373592685007,0.14815014272890215,0.09978462805181894,0.004515343532746574,0.18061425632677244,0.11456682864833155,0.05520644816698049,0.1516731802561855,0.1076665110626416,0.10152892529877085
0.13534926918331439,0.15147196295042886,0.08658281687227302,0.10256590502544824,0.1511532721723789,0.12051029411873379,0.04019458734058587,0.009457185386982458,0.1025483441380733,0.10016636281178125
0.16091580542718506,0.16874667443886157,0.08816940470199536,0.02344986713646042,0.07360337810790385,0.11942871482785737,0.0878370704412334,0.012122081889809434,0.08361269723850522,0.18211430579018834
0.1304158414495331,0.11558421940092013,0.0024676127997619196,0.1603672493405404,0.1284564620092688,0.08144995257265177,0.07977300602049764,0.1761709885450953,0.12328056184721911,0.002034106014511662
0.06101054695358694,0.10088750347345785,0.17824291406236445,0.16570905553206797,0.09164165007613743,0.11427992250590796,0.1515231075282831,0.08243232887148327,0.046716537526843335,0.00755643346986773
0.1715494483279293,0.02516490515141309,0.10045461719980818,0.14386362412088075,0.14914918479916234,0.10287415628335111,0.207373873416313,0.004009596425387625,0.043505303899780856,0.05205529037597375
0.005591769352380041,0.18392767509667884,0.06754193526386228,0.026854657292407488,0.13975374033734014,0.17394451565303176,0.16971301257766566,0.04710723187682797,0.03684830336996017,0.14871715917984554
0.08713651314508068,0.11985338439446516,0.05472796696828618,0.12210481612393281,0.12924431426698427,0.16604974550007381,0.03280318974746451,0.13516774979579918,0.14437798747368544,0.008534332584227922
0.14668986065796322,0.0734406961270942,0.12696319684872057,0.16463205395555086,0.14668615812651936,0.05731440347609973,0.0978694243360284,0.05661721865383957,0.05863129409664246,0.07115569372154151
0.10928648237302883,0.08761587641244287,0.012394955913980455,0.09780924101003872,0.197240828686533,0.1526211263259902,0.17982635756473803,0.029005844803810164,0.048431142837409895,0.08576814407202776
0.08557634260060804,0.07642365702194363,0.0007440528499382232,0.1300978025947958,0.06408808016511665,0.11407712929958848,0.19025570237483067,0.18510826085095908,0.006193246410101839,0.14743572583211756
0.10993810797939094,0.08389371276353874,0.1319415078253867,0.04827852319853959,0.004164709410052137,0.10334817100393658,0.07578707889769931,0.15742584093576967,0.16336236146900576,0.12185998651668059
0.1608060557409786,0.08485944450204184,0.09695731736599927,0.16349752812593943,0.09124794066139781,0.13448695918145817,0.024470176048641285,0.11007390708659454,0.013161455171902564,0.12043921611504663
0.17025309111872947,0.0036383783075441783,0.18849977545009983,0.09110235579752657,0.22264673515066055,0.01614048811320535,0.08498833553456582,0.1918985574013982,0.005225916071329208,0.02560636705494094
0.1331058790727858,0.08924108195013117,0.15474414615211488,0.10174899356113581,0.12551382582539178,0.05960938365547703,0.06878141366162518,0.05348835552555721,0.07564624187353884,0.13812067872224232
0.1138127768507334,0.11145751272200809,0.10761072914738616,0.08791047924516912,0.07658278959788348,0.08768239495744753,0.1037869486238289,0.08856446328541041,0.1031189440363096,0.11947296153382328
0.11548345556062657,0.12622381725562112,0.17775405833273944,0.06883026791476173,0.13866805050254422,0.09272736669404759,0.07988946619979949,0.1063741690358955,0.0069696985885755606,0.08707964991538883
0.028908911521833367,0.0007816312412618107,0.13689698861407237,0.014964670110159454,0.15155751585229355,0.03842083223086121,0.1581726236309166,0.13978728244686595,0.1956080122228344,0.13490153212890116
0.16393171039908766,0.017132623188743697,0.007357635611032336,0.037006748438120754,0.03155137159799708,0.16742926778341402,0.10691082239610479,0.14022430625943372,0.14611815531292643,0.18233735901313933
0.11612636210568408,0.017635945175781605,0.1578714517928301,0.0794861507438761,0.13617051587613574,0.03087038747801918,0.1590315236804682,0.16910126302364267,0.10734593116766242,0.026360468955899937
0.013521519711494007,0.11104110134314925,0.07522236017085715,0.17118825781031838,0.1036805822164261,0.20230866696345268,0.124162740483584,0.1203508165186564,0.0755098679242978,0.0030140868577642485
0.14047347557326242,0.07895405604770207,0.1442869894387124,0.16097907633004294,0.07113165912431156,0.03968138985013986,0.14500599279574972,0.05497671434528171,0.11358174274159216,0.05092890375320506
0.05954842819192558,0.112668837652147,0.16895445251694574,0.17925480133234986,0.018143302317174596,0.024368019763639125,0.017366256159334233,0.10581877773122458,0.13314426294834358,0.18073286138691588
0.008846992238806337,0.0367105186379873,0.2079704293343279,0.0005337099486707443,0.0035114821052089954,0.18391527864276197,0.24691565318021694,0.20407557232142515,0.08312977252559536,0.024390591064999297
0.16522819084828266,0.09252169246880748,0.11197244622637331,0.1727835062619992,0.0025751293913406814,0.04193765184623133,0.1736217565465742,0.014521848772816884,0.03812577284122131,0.18671200479635286
0.1732284314771568,0.07929405796727487,0.005836067236612271,0.09211263131890927,0.047611379913343264,0.019796021379792576,0.15058086657190572,0.17710298226955018,0.18667776644630085,0.06775979541915422
0.12233367577558742,0.1649368865131235,0.10386660408754339,0.04374576493349502,0.11857609288216947,0.16502634106021571,0.006383619750656916,0.10794788515600828,0.09041905852513107,0.07676407131606934
0.10493056242464008,0.1315670685252778,0.03179983379711712,0.032900719275350744,0.14222863461989368,0.06906491804392395,0.11029319052824678,0.11268721385365238,0.11170207290738371,0.15282578602451372
0.16215748121018397,0.09398095910620509,0.03446962260580244,0.111341038796151,0.04716404428511207,0.14763292668334269,0.12745769901661805,0.07741346085779631,0.06608794841587184,0.13229481902291645
0.22840784905114325,0.06546726208932188,0.16252136547621146,0.0009473989859930854,0.16477782641930977,0.02644984696295621,0.2475984665300144,0.009940392632778905,0.06088280180119631,0.03300679005107475
0.0873693439767304,0.1804105018533634,0.1051608854365147,0.004440910976139416,0.0864299704008645,0.21999752610930237,0.045327047851793825,0.016739754538147408,0.02516866592917336,0.22895539292797065
0.10453215875482824,0.07797923149007736,0.08500633317165028,0.1269071391349745,0.029359958730905935,0.17302302702100286,0.06923699354032829,0.05838816315600898,0.18063134625350086,0.09493564874672257
0.025208820123817845,0.036103382408365026,0.07580562209746831,0.028112625999182673,0.1436681690258888,0.11952126903207015,0.13828113383439836,0.180107345085085,0.1771937868584369,0.07599784553528705
0.05429837251741107,0.21890817150851893,0.1412008212043099,0.03377147502991859,0.018149326547541294,0.24568014487948078,0.05056106685738167,0.0062955639484854045,0.15056589559308894,0.08056916191386336
0.08647423402598246,0.012145848778364573,0.1556975790337326,0.04323051121219292,0.06369662559700426,0.18307682675773146,0.007182129559875049,0.12483010910871171,0.19830996721855157,0.12535616870785335
0.04490181395593923,0.18188635608059,0.09186551646008015,0.07601800861957124,0.13984227394429882,0.03856849961141182,0.0858829024092913,0.07414376800661653,0.1625369454530176,0.10435391545918325
0.021347203579470175,0.09134515725504058,0.08937744569835454,0.2096741751777747,0.043945578045061766,0.0009715994171165855,0.0625111603463394,0.22938607952831283,0.02450672161453461,0.22693487933799483
0.04330714973171687,0.12023453195499889,0.05659461474958871,0.04436330040290484,0.1994090598736221,0.15879951699635203,0.17066882400623457,0.033418168540628276,0.16618698279967642,0.007017850944277337
0.04410868773678655,0.08243375462936162,0.06921477473772715,0.09499836526511564,0.16276199445844994,0.19928511941569338,0.019157707497116136,0.05726305655865662,0.18632730226887,0.08444923743222302
0.19697917320793443,0.027542148652626785,0.13131906547256147,0.048067770684419225,0.06796388770787984,0.009157808833420057,0.10914047963361337,0.14151675941849495,0.12178084268248715,0.14653206370656285
0.08746164371967723,0.12163370389396264,0.15544168222089733,0.1267394835018969,0.06392983721979502,0.041928101506699976,0.10918090564560706,0.15064002325760908,0.13365034658779915,0.009394272446055806
0.047240018194602065,0.10569777528099403,0.1410943584843262,0.14346292236417102,0.04268890469223613,0.10380599584419771,0.10278666612745768,0.12170222498368977,0.059482070625515256,0.13203906340281002
0.13696876112034562,0.14739701719897816,0.17888218942360565,0.16477945832978802,0.0826426840029198,0.1465251984520108,0.0051193548548820874,0.09257456304307123,0.012365553426070002,0.032745220148328646
0.21969812635971492,0.10498151494624428,0.11457422387827636,0.08784069692142114,0.0029106586941646836,0.14822965701002103,0.11407755150923644,0.13070359190654657,0.02321484453378909,0.05376913424058547
0.08069063045785593,0.1644262504689349,0.04258895243757,0.05090343109682369,0.15132071683381557,0.005648446155649583,0.1620193070652087,0.18575277814888888,0.0057783626328859,0.15087112470236672
0.1618874997178099,0.029278558359375744,0.05829006499750471,0.17110429867340185,0.16270240200972716,0.04563016430257069,0.12355016789083063,0.1358100790779833,0.07329228317556472,0.03845448179523118
0.059414512657975205,0.18156785826955135,0.04398830011215908,0.1658836753843566,0.022967745746990197,0.04525022251357424,0.0813900929771256,0.16818027854677917,0.17138880243601662,0.05996851135547195
0.057045659288166344,0.07944317873608985,0.17311174251506634,0.12524578362447397,0.11773654528144853,0.02186566156477628,0.1535873838044499,0.07736592418893246,0.15232614519116613,0.042271975805430156
0.07973382419543963,0.17764650731403722,0.06357950088498959,0.19981011982264815,0.02130011822472413,0.14457660501246003,0.1579346213699551,0.10042652635287853,0.014973006527247508,0.04001917029562015
0.10219795902306644,0.07085681700553746,0.15065355908327702,0.10894840968644394,0.11298680485299535,0.14540087133158053,0.1398045211819993,0.07645752722037845,0.0019801085620586964,0.09071342205266283
0.08269190913018361,0.02559442931267304,0.2272644099878416,0.22682652201037987,0.011227212775072036,0.1908248967739181,0.10687873711830158,0.0011168933259773743,0.003670101542253856,0.1239048880233989
0.03313051136483731,0.05380858768307144,0.04578591428006055,0.2087734399743514,0.10512787865958637,0.17848942670223547,0.16988152256014685,0.03416195679953976,0.00911679326841452,0.16172396870775632
0.13994261447289216,0.11518989972144136,0.02796895513845971,0.13342370334095463,0.09548361526033192,0.11281300498338459,0.07844313063858917,0.10188725823683782,0.08486513062612121,0.10998268758098738
0.10262203482178545,0.05390140366380838,0.20500559055294124,0.22099714846434554,0.018457065367837956,0.06867331756767993,0.042940322650500504,0.04611290279080666,0.19414037676397491,0.04714983735631949
0.01632211544983329,0.022802210449213385,0.022638123092485845,0.16298278586585194,0.11338129136917266,0.11001231655650845,0.17661184659118043,0.11592148792981692,0.2035868365304458,0.05574098616549133
0.03444236558177216,0.11783385732371743,0.16906123643525822,0.09634243751463889,0.09601593615383944,0.08999434888043004,0.1551467329276241,0.07285298385777314,0.013401928843299528,0.15490817248164693
0.15919303449633246,0.15116057253459045,0.04450907242519899,0.23159229692349065,0.1101371930808938,0.0034723098226272257,0.023812057231117508,0.16050882124860438,0.000535416816818869,0.11507922542032564
0.1439936603456783,0.13311550906138625,0.03138293163630059,0.14199131320171537,0.10268172572946387,0.06638491456849899,0.04849562306075627,0.17722045085291474,0.057468585755311136,0.0972652857879744
0.046349323529218736,0.015807590119858453,0.2589274660844062,0.20856467158005124,0.20868451174217778,0.11594780003703553,0.02562248575315699,0.03421507454887862,0.03595656897685162,0.04992450762836468
0.010844804777782616,0.22087413554957033,0.06624415515156723,0.1815706072097924,0.08370821106889578,0.010836572453640036,0.10136346727591379,0.10228804204150148,0.083214535371681,0.13905546909965547
0.04680461868951546,0.11232231806635916,0.1555818916246879,0.14194993201883094,0.05576184219783115,0.19945209282000212,0.00950002967709682,0.03229498302616325,0.0897578615506664,0.15657443032884666
0.10464238648028498,0.1073444130520032,0.11854537229977183,0.1622979357781406,0.007796251754224418,0.049388912344223636,0.13889899943716544,0.09777414693158733,0.14831056133394946,0.065001020588649
0.1741143973358186,0.0019239500543960105,0.0663553091077839,0.16595240376588496,0.17688352810332172,0.1597435772979968,0.078111904149023,0.017279340413526786,0.07195421088884463,0.08768137888340355
0.12333265680742025,0.17729368734254491,0.021100928009188214,0.2132203647168183,0.1703320368619456,0.02562864029982049,0.12796399026281374,0.03356190988743232,0.00584841327385163,0.10171737253816447
0.1363954787242989,0.0963219154054102,0.07886484255184491,0.16494999097960256,0.22157457785946102,0.19232209337785947,0.010238939956826749,0.01475519442182928,0.021978124661438277,0.06259884206142864
0.1109847483702003,0.023213548721759035,0.13956428081199745,0.1301448903617023,0.07537315957067772,0.012255622454656317,0.1474338089846291,0.20166904154003523,0.1444305412900533,0.014930357894289212
0.13307936495766542,0.1202175363319991,0.12997853122139497,0.1628723784864516,0.05883455257717111,0.023264135694909586,0.07090088475967501,0.18951450395891759,0.006438969681089285,0.10489914233072635
0.06939615965907418,0.07791874896030411,0.032837768624958324,0.18913018806019735,0.18124117489457595,0.0031629375908447505,0.1289096362341588,0.011020779232176862,0.21150736406957618,0.0948752426741334
0.20413410214229563,0.1884010966318908,0.010801212671524023,0.036007295436079785,0.15602116593200274,0.030171937875217145,0.14937079490707963,0.08497186078943644,0.09739825021802807,0.04272228339644586
0.15032730828702345,0.01701831075234453,0.1499759058099352,0.14554356603900656,0.005886617683375015,0.19159801733730863,0.13453879619689188,0.057563478986657084,0.015223108021786393,0.1323248908856713
0.12557426354260276,0.16377435968666143,0.02029053406770031,0.01980758186019797,0.09568513114424043,0.11066435586181392,0.12353732979150393,0.08010060335192268,0.15457888107566498,0.10598695961769143
0.11140871710210086,0.021738244649433552,0.12137943903621493,0.025970822584011136,0.021617229563529575,0.03265172673412919,0.18999942925380256,0.14026600710222853,0.2194673217675081,0.11550106220704164
0.01187950635098772,0.1306739032853149,0.07296464559177981,0.1290890915937112,0.16558156137664848,0.014743387604839907,0.15504026952243485,0.22432595329915248,0.043044888814187325,0.05265679256094335
0.16386832996624112,0.10806337147926583,0.09170314076700929,0.08232861134484061,0.053622287430616575,0.05609993659951116,0.1823894739971018,0.1456804141061007,0.029162998584194546,0.08708143572511862
0.04110728118822534,0.04742540940465622,0.020208989284957127,0.17505274810341354,0.07367264320913786,0.08263231732644993,0.23045390342383723,0.029462754102346753,0.07499278023960688,0.22499117371736896
0.14599751791592697,0.02655273112656254,0.20860540956828616,0.042484212347272836,0.10533657360035772,0.06652523910157405,0.02620487828579969,0.002284506880381242,0.19345963707615263,0.18254929409768617
0.1910421358125381,0.0233540160040818,0.22700937232920015,0.016037234999871506,0.06627908761831304,0.005438232532862282,0.003734669986459682,0.22209748007369937,0.21529890876761842,0.029708861875355607
0.05583175732677404,0.1479791303324958,0.17225193668309982,0.004160987771152562,0.04674425425132232,0.17578461461869366,0.11479900632775937,0.06860126954489076,0.16109349199781797,0.05275355114599377
0.023064988872484034,0.1839065891413365,0.13896146905441656,0.12312291753641058,0.05990728972252932,0.19890532696187754,0.08256960957891941,0.08819492829554648,0.02699870467273457,0.07436817616374487
0.00879437933260391,0.07216959427008665,0.11869487852681768,0.13849865901665193,0.10848944019325127,0.2049850048619236,0.12330359278675412,0.0040581077466869744,0.0806997815191859,0.140306561746038
0.045009715568707476,0.007750548481102773,0.06654892680382003,0.16922589389386883,0.06535227063360588,0.07334173227730323,0.1511455537331411,0.14697866809910715,0.13521412196695307,0.13943256854239053
0.07209845672830588,0.072489121822578,0.15830934618908593,0.06251664158071678,0.03695614360440827,0.11602872263987904,0.0972923259361783,0.13820071017109356,0.13079660129520412,0.11531193003255015
0.05320434378564351,0.14292055600791934,0.07675651003055116,0.011435620561740311,0.044683913239655634,0.13809380543277497,0.1523255359423861,0.10501399717808774,0.1155355481900423,0.16003016963119893
0.05218296379369461,0.15160462442673106,0.11848169363923299,0.019736184045283416,0.18585558703064542,0.001390219524835071,0.17637080210508704,0.18977627803091968,0.05391568140448375,0.050685965999086854
0.08958029611225554,0.17555877826841365,0.03317519869769106,0.12788578098934805,0.013739255286632512,0.004430259654084647,0.17546500485670846,0.08951664813968564,0.06008866825707485,0.23056010973810562
0.010938992467665356,0.18828274162173544,0.15150444368568597,0.17642415329196628,0.053350334693863535,0.11875406138006668,0.04985524956364834,0.03760804853842584,0.06039853045457123,0.15288344430237127
0.18087339429527455,0.11287487564472541,0.12530837232491593,0.054121469204552325,0.12393034718108563,0.0010806844659897576,0.13299301530908578,0.08701617823169797,0.11738500973238368,0.06441665361028906
0.06544632746319179,0.003461832418455751,0.04734067822621784,0.1663197614909097,0.1229778024520977,0.14544149545844065,0.10947572088332833,0.153538248951002,0.16647627327209633,0.019521859384259953
0.010638835470452458,0.1275631537537061,0.11938075115808193,0.13371184020128787,0.13927281809381956,0.12388788929421092,0.07027543399465469,0.12144522324210931,0.14727128777248746,0.0065527670191894635
0.006046275513106564,0.02977482214627056,0.09055886872990096,0.12635756295175854,0.15139383947901433,0.19681010571432134,0.2029808396482379,0.1457128815236506,0.03962519359964892,0.01073961069409035
0.014166283541305832,0.012907048765059041,0.13648462446567278,0.05671865968299837,0.1434557933063285,0.20856300013323992,0.07221991153072907,0.10058329325940528,0.08259426077562465,0.17230712453963667
0.14927600787877535,0.1691356793350512,0.13040283166268438,0.026032295203973113,0.10181708287490304,0.11227176139870228,0.028707750352146937,0.039623716936573156,0.1489787396320652,0.0937541347251254
0.06401051261679144,0.057382106036676095,0.09397136068234963,0.08095819608972354,0.029341944094877104,0.11925163840968162,0.14207028751118045,0.14028284725598109,0.11709961627874957,0.15563149102398943
0.22920924595563263,0.09505681008772301,0.17331859597573673,0.028975363860709664,0.02832060649058531,0.047944607328927434,0.22135992181769157,0.07629112996137298,0.023764566500253215,0.07575915202136743
0.15565786010424024,0.14225562184190632,0.06849247900962484,0.014379293140129005,0.03357329376606464,0.1319891557557245,0.1471544281251092,0.09018081917185901,0.08533677400892684,0.1309802750764154
0.13795115395286467,0.06495793598920613,0.05422347764017681,0.10725025125362396,0.13904850044181447,0.12495897698567253,0.14038826420880038,0.08944617697071883,0.11358943296551377,0.02818582959160845
0.04154914374009199,0.15346963004653297,0.12190694452151928,0.13778350085543326,0.037383279250353334,0.08987632883800295,0.053467906991457516,0.025820164391603364,0.1551437313321831,0.18359937003282215
0.08882555075547918,0.19289801667523399,0.15039883722182168,0.01779846617238029,0.015496233204777604,0.18860955005576127,0.1704551557753732,0.09603455704075889,0.04024273735022319,0.0392408957481907
0.09664202945208981,0.11494058921438823,0.009166449340812231,0.13468914520959385,0.2079609389732872,0.11433084785152801,0.09657055753201546,0.02908438831424585,0.016138300671976205,0.18047675344006314
0.1491466404026879,0.11280670470060505,0.08112125231142525,0.05218381218310808,0.13610108209472266,0.053288809142282685,0.0940519201987694,0.1605030715937612,0.044352854675866,0.11644385269677168
0.11508851559529362,0.07014734954746296,0.2084152022300748,0.05043221913548086,0.11971511571135966,0.2168722567850149,0.0050215054457133585,0.01904576573668121,0.03349092779835964,0.16177114201455886
0.17614530341678902,0.08582929136123137,0.041074227194270826,0.02816960960309797,0.06372516592709902,0.11078544286327603,0.030299386091743433,0.06163893681465818,0.1665636953213346,0.2357689414064995
0.14850890770567376,0.12690013495227417,0.01036921796868554,0.07975187169121721,0.1741664833657294,0.13357068337555023,0.06975837982949015,0.04897347507369412,0.08776855169170043,0.12023229434598502
0.11908237495424369,0.20102234301960772,0.23258768323282666,0.011103595714754298,0.10041527366985396,0.02092217895376464,0.17160305515287294,0.013313563887694382,0.0005266779242709909,0.12942325349011066
0.07543283682763233,0.003884196089120686,0.007591958894734195,0.17117614064088701,0.1306111903919543,0.1506868533882575,0.15305160027688477,0.17239541115213577,0.02192596193358042,0.11324385040481312
0.04401594200898409,0.16477690022648114,0.17575942860954813,0.13498022285056624,0.1700257530106853,0.020963023360019897,0.12848425539058994,0.03628285663111387,0.08896773011217286,0.035743887799838475
0.05661219546133139,0.24058576750453797,0.051489037890817047,0.18875900341120894,0.0917005346936306,0.10843786821097928,0.11753085863050271,0.017668723204943098,0.09042515077683021,0.03679086021521871
0.040745010079327,0.08204150251509093,0.04749291346546911,0.18903335421468,0.15399317380084857,0.045973051023729616,0.18185031481685066,0.00687308600890104,0.153246815240685,0.09875077883441796
0.018882397239091308,0.1986707910549489,0.05517050024355664,0.03583909716269124,0.19877156680100386,0.03830596169851541,0.17094843906503782,0.1420783372020753,0.0055264357258995745,0.1358064738071799
0.16857519330003254,0.03753875925031791,0.06519201732063123,0.05556130468724462,0.11151447647626579,0.02572953835922525,0.001150977517675674,0.1475565220646793,0.2158345428579059,0.17134666816602173
0.124610886090734,0.10001687530143395,0.10500528552079975,0.10783895251548657,0.02566434347637861,0.19808737254063696,0.06825353156502295,0.057903833671752815,0.05651968294775458,0.15609923636999973
0.0353744345579041,0.10001426570098726,0.00416164060342635,0.15056687480439992,0.22289794565877838,0.058858798199352094,0.10455993240066287,0.026625314269545126,0.2166313143198012,0.08030947948514287
0.008156257260595203,0.021822245608288587,0.11528214105875148,0.07213533582974967,0.12346394358291722,0.20380743032927084,0.16957943870287093,0.09288572456920036,0.03281045965391241,0.1600570234044434
0.08893769430887749,0.04770958985533584,0.02452388543998469,0.08173566267070417,0.10405675885286159,0.06937042574964096,0.20568943324313171,0.12544764061383548,0.14444250507983195,0.10808640418579615
0.055201118766113146,0.1376604939239153,0.07081172060305406,0.16106565857780364,0.09270042543770074,0.1274308713336344,0.146540444753197,0.05943431307944948,0.117424306368472,0.03173064715666027
0.07813834029076246,0.15095932386965435,0.14671947518420678,0.10080007412590848,0.058136906762697234,0.1430849427180707,0.15499917885923375,0.01259374066395985,0.002967005347523201,0.15160101217798322
0.04309423343448902,0.05206048600739354,0.09557870556970056,0.2461759071563238,0.08566947443437599,0.18307100525585115,0.11571566964295,0.0230440952003244,0.032282280581692115,0.12330814271689952
0.021945790904144075,0.11331258480811525,0.014946018572984407,0.1399222800261022,0.0015629766819109446,0.14543445045210446,0.13980303193894744,0.24189261809224136,0.038389639924340475,0.1427906085991094
0.05016826012533544,0.13294919432229416,0.15248557789864478,0.12019129812944059,0.007386443578942998,0.019806756455508077,0.18981466054535387,0.1856401509345519,0.03584956642947604,0.10570809158045211
0.048338005241793665,0.11315414883872756,0.13587192291701572,0.13665617620108564,0.10201665158896082,0.09551925149001343,0.11454320676840421,0.013480350916853056,0.08012576319222192,0.160294522844924
0.04396815646214839,0.2209733918942868,0.02062976031020566,0.005658586253772309,0.22052265051102496,0.04498984061570692,0.08719995078200497,0.11724454371761099,0.08209990333758482,0.15671321611565414
0.2703300849947551,0.0207218486281656,0.040654042192988335,0.08139985426447119,0.06929340511559973,0.16555764256493877,0.2271399072694645,0.016341500241457276,0.07375773612579803,0.03480397860236157
0.13585836893014389,0.03027792280588261,0.0012857847943193955,0.1958655356065902,0.16966308966164634,0.0844749883509563,0.08103686153022703,0.13922793390189006,0.11476460983428612,0.04754490458405794
0.07235855022050192,0.01658464903282408,0.1410923235269365,0.15065236886872418,0.02220466496218284,0.16898351922623253,0.20573195493269683,0.059658528099179646,0.08807466846776162,0.07465877266295994
0.22111081589795012,0.09579961822391987,0.16299333148490386,0.05361677361034563,0.025966963795473804,0.037625986061947114,0.10771141827377742,0.06362018281120792,0.14902284258330875,0.08253206725716547
0.05735328928280644,0.13547846942927727,0.11279705533788345,0.05003142678942709,0.1382281479372235,0.10584985539931374,0.030289306986965636,0.10704701094744647,0.12427747400805461,0.13864796388160186
0.13357728655583728,0.12885635602269094,0.002380567507627369,0.12454311530730187,0.14385149305112274,0.1338231337932311,0.1923420858334457,0.020788234573132818,0.10957411557577836,0.010263611779831773
0.024594090658774704,0.054885070952389814,0.15907793309185628,0.10883510930379875,0.006809818307528562,0.21234389898813366,0.12179950339360579,0.20507410063644985,0.020440866008924884,0.08613960865853762
0.0400044702721454,0.13549405685101204,0.18488249343470697,0.013621794090389107,0.032815339317060294,0.1876766339390213,0.1741072852279108,0.11855067999724732,0.06259284725398004,0.05025439961652668
0.09140258452882023,0.027514580253423234,0.08026820519369278,0.06905520473856867,0.0018243728665053409,0.2516301655153582,0.13290082864424496,0.09161055067608202,0.2346034686830662,0.019190038900238248
0.260460960831777,0.1866692057453379,0.04729824568853957,0.08203554781792731,0.023754347909750697,0.1677644772495349,0.08054210605441371,0.0033437629593924736,0.0361387226145656,0.1119926231287608
