i = 0,i = 1,i = 2,i = 3,i = 4,i = 5,i = 6,i = 7,i = 8,i = 9
0.11202415146623665,0.13968810104934026,0.043524683806193454,0.015737598120344053,0.03657437552292281,0.15630957497634884,0.1658946945447006,0.163168111008362,0.0436040495935524,0.12347465991199895
0.05217645707682977,0.12341067778933043,0.19264990115800423,0.025243587570228276,0.009470138253986612,0.18211972141990415,0.08041848784356945,0.0788233350275305,0.11668935406990127,0.13899833979071521
0.08938002298867388,0.09493669854142607,0.0016952199111896944,0.1515708251291588,0.1568478015520287,0.1527017507323318,0.08431810503910435,0.03730145412581059,0.09848831163913564,0.13275981034114062
0.0877892677016535,0.10805925839427727,0.08356413403536177,0.11998666793110252,0.11673753356190504,0.12321523225450799,0.07341563087853689,0.12795190739443996,0.12698037297057388,0.032299994877641104
0.055394988908942476,0.0300119133874337,0.16921648203562092,0.027206622126619662,0.03336193713040319,0.16903239876636444,0.20365651869827653,0.006915690461037172,0.21328520030096504,0.09191824818433711
0.12765764092592746,0.09476856211108298,0.11178730634666736,0.05551470802973504,0.14494272816356663,0.1058214331692097,0.07093208530884568,0.15007064257430835,0.11546928719444285,0.023035606176213946
0.09819728977022854,0.013949483926157824,0.08502138109994688,0.08389433397024876,0.19182317628630852,0.04258258041230941,0.18362052072305896,0.17619310349801381,0.05634671259961171,0.06837141771411565
0.025821207115417983,0.126848898233804,0.1849713453382734,0.154686438627734,0.12994092041900157,0.17056735409858478,0.0803275772620265,0.05788828869787184,0.05454392989912182,0.014404040308164197
0.18052205808250826,0.14440778025045875,0.056177499236593306,0.017329705324602984,0.052320920855309094,0.013740800130998933,0.23489491770061297,0.04553014062635838,0.10515219753891711,0.14992398025364023
0.15747817334858524,0.05643131034618466,0.20863072442194194,0.05185736619120808,0.008607746642548911,0.1730853043606389,0.052440755424012796,0.07525245637708104,0.012132320706241857,0.20408384218155662
0.16768077004636436,0.02707187579862207,0.11512864062953308,0.12536441052927141,0.07107542102005207,0.027041785368949293,0.16957874112987992,0.06472114813874719,0.027776775536734067,0.20456043180184658
0.04964215034147682,0.05606178610787285,0.10558620356541758,0.06805869843791114,0.08474592789876731,0.15770254919786766,0.08640353509171057,0.16518618646068117,0.13642247843389502,0.0901904844643998
0.05856632283053389,0.18709877100512384,0.028502853861834255,0.09855644227128305,0.13633809594360635,0.015291957198487697,0.13386968344251923,0.00980748455573861,0.1450736754875203,0.18689471340335276
0.038791948013982065,0.07610907584136163,0.07350819083725732,0.10435890204793342,0.14320518387600603,0.13348535192904454,0.09091068662725514,0.12071276193927002,0.11059821863182691,0.10831968025606298
0.12337439135872254,0.1618826001266014,0.012752439785080765,0.046869008792749134,0.06015056327738345,0.15309275092982336,0.09788155349883568,0.04806602366262024,0.1725460285334887,0.1233846400346949
0.0019057136982667743,0.06278429706806338,0.05793586652993905,0.20902271223391075,0.055237974382833635,0.16797703741818468,0.16593746610807766,0.06330806486076133,0.04501686504602316,0.17087400265393957
0.03912496756280794,0.06979717625557247,0.09988036535350182,0.15020261185072967,0.1714768513653648,0.13210387628936163,0.14295607964142865,0.08052261253407456,0.06148805486014282,0.05244740428701556
0.07116022771231267,0.22497284456258737,0.002053736499676959,0.08505496580238146,0.029244255542750383,0.09943633737087144,0.026147841591795187,0.0752077760017094,0.15399530312643886,0.2327267117894765
0.14144952279812645,0.14457905111967,0.0618824790401017,0.12830095996716456,0.08210840685273613,0.1460419729165075,0.06689394370864324,0.00734325969687641,0.12626038864395492,0.0951400152562191
0.19804826480205714,0.03204298540603564,0.06190694452670214,0.15905674412723,0.07641297161041823,0.10713085945381645,0.1521636013423297,0.0077960005907071195,0.10070969133178564,0.10473193680891782
0.16998004488571394,0.16939863902532926,0.046633953212199715,0.021384520000081068,0.05796759606348522,0.10091280332514557,0.10654234817299688,0.07624643449896035,0.09203448517451088,0.15889917564157707
0.017465422867113823,0.16446907895064755,0.0314175711378714,0.009992152585042054,0.13810498594624235,0.09962312452234516,0.15081052954623747,0.16266976204961214,0.15048799940923158,0.07495937298565648
0.10016406310308822,0.02766254289044759,0.10651231832805397,0.10628743604243668,0.16654799384195368,0.15019935542656798,0.07987198323052996,0.05189706567255265,0.19522424990884468,0.015632991555524386
0.1085043712037795,0.0688048439114246,0.189024624677844,0.16345349099225315,0.18664898000473965,0.019446344534620023,0.013716061569110097,0.1024223195022575,0.08454504788080991,0.0634339157231615
0.1616128306174702,0.01177530109856681,0.03242560624899133,0.044638593500424456,0.04285110234643508,0.09197512690256962,0.20589683121487307,0.1072919313976959,0.20111216217270425,0.10042051450026916
0.163873284192575,0.003547763300074089,0.0884375581005325,0.12512817159882503,0.09817467568899053,0.1709076607674642,0.03392969247413201,0.06503682964808881,0.1668531078020883,0.08411125642722943
0.03263582603178461,0.04367258060672447,0.04849498955335453,0.0966979572405489,0.07148395329019824,0.22488309075599852,0.10750554069226545,0.20764971916320735,0.08651023014770237,0.08046611251821548
0.052648253443004465,0.21774266560137728,0.22734943618925105,0.20444963831750357,0.10845896012704898,0.004044298690501372,0.09003075207026687,0.02178900078251973,0.0520923873442371,0.02139460743428948
0.1857633216359527,0.11091703830056945,0.07565787910705157,0.050059314290998476,0.08875544996983056,0.010426981626986296,0.14236861241991638,0.19183852734089846,0.1079600897770179,0.03625278553077806
0.06827755487873692,0.1263174873299643,0.10109276541120109,0.062189067327025616,0.09273699531470041,0.10534504215532813,0.04117449323480134,0.11893010603659106,0.15023648091629416,0.1337000073953569
0.1457796474673262,0.08378268818654129,0.04040718590741981,0.06207917354730273,0.04802064755147183,0.11976229009617433,0.09716878442518506,0.09266922225486657,0.1365268836055481,0.17380347695816392
0.17363870113208216,0.04157442051312617,0.01471197235887256,0.03626206136380525,0.0381364269248105,0.2103225447572442,0.08886519949022394,0.1283142769989884,0.17526780685250937,0.0929065896083375
0.17427200573350513,0.015096876249163999,0.10688079294044402,0.12376118376719411,0.16491099798460862,0.1594562072871566,0.10837891686192021,0.00045673886587060584,0.08428682564223988,0.06249945466789675
0.1148514104726008,0.07868228919292292,0.19300584653753308,0.023914061229670807,0.07497090628470568,0.04151497712543431,0.1443696684513252,0.10799833476220184,0.11997379038041762,0.10071871556318777
0.010188801237105739,0.05772211834138939,0.14797577410190715,0.1712345709594962,0.12046358420924984,0.060098995819640524,0.016923108656364726,0.14572264770862034,0.10514002747714635,0.16453037148907984
0.1760793300311987,0.09846134486984003,0.06303174318534187,0.0034368405205477772,0.07756381792275846,0.18268835939308586,0.15786408960070955,0.07230970651563,0.03076077346884567,0.137803994492042
0.010187619745162425,0.16125140811272679,0.11973772733928252,0.06595999859763058,0.1967468994865101,0.10522927672780644,0.17263010392286166,0.028939029400900904,0.09731256710918826,0.04200536955793027
0.1430492171530357,0.10848445949133559,0.08679591201810984,0.04688777732497961,0.09759939960673326,0.08300217092560752,0.14433375580825816,0.13907039019774584,0.09974108013650222,0.05103583733769225
0.11424129528103195,0.06393937333128438,0.07371205782832466,0.0753788527495756,0.20921580371398665,0.03365467131866746,0.08354098937800945,0.10170743338733246,0.20320748245087625,0.04140204056091113
0.14836155199220824,0.057230351016804404,0.00779289574050194,0.145634386218005,0.14624881875587126,0.13345378411473324,0.061162804810372534,0.13854131509890036,0.1321665702675808,0.029407521985022087
0.06550560374701128,0.15526272869392496,0.030982042916207653,0.19575710174914354,0.08836303051964516,0.03168761442341995,0.21969949391560037,0.17233575146590754,0.026492267102599675,0.013914365466540011
0.14000904751980514,0.07874716374755442,0.10665159511290938,0.16379777414440264,0.04776225990637235,0.1388622230541302,0.045986995396269506,0.12088520116199775,0.006940617144206264,0.1503571228123524
0.03909191178514368,0.21857114319145365,0.09204581778122556,0.03927386885745902,0.22045572318659246,0.0405546009853959,0.052945338895908106,0.06951701022673146,0.10243961921026,0.12510496587983017
0.052217125619678194,0.006299214943895349,0.16881791792582776,0.1490427934948405,0.11126088823241284,0.08215478240507064,0.15400077240316207,0.11784452493300501,0.0926055325571485,0.06575644748495904
0.08030906330528428,0.058438053635955695,0.16171186604988946,0.02597052095765625,0.05877109173017643,0.10738913642516687,0.11872079489523621,0.11951447378379683,0.1421250801383983,0.12704991907843946
0.1346565668734873,0.14388294019257875,0.11265027633731862,0.08605392836190381,0.06990791181558037,0.11959977609316642,0.013757566678448616,0.07730406856978475,0.1190043226896936,0.12318264238803774
0.06733603655436478,0.16452128297283095,0.0727296226926968,0.09805874829832949,0.12101664203959382,0.1794341157371269,0.058480188806219795,0.005007340942229466,0.050217040115372105,0.1831989818412359
0.02762333356666428,0.13978865715810004,0.13765596353564014,0.1472966561132382,0.04251189077277896,0.1316827645220022,0.14268180246693932,0.0984438745715266,0.04389106928621804,0.08842398800689213
0.2207603535568398,0.032612811830741446,0.12071170289626458,0.07547221158974805,0.166206917679437,0.08093127176635104,0.04842637853570461,0.057906822754867256,0.14681911100865952,0.05015241838138662
0.043385165406489255,0.1323689407128134,0.2178968779005534,0.2084415058883721,0.10541044624245001,0.0630220691538466,0.0556833373401342,0.001684901690614523,0.09760695088530343,0.07449980477942321
0.035974732610162326,0.09089108850140049,0.1370201908771278,0.13448878647728293,0.11011462315257659,0.07132427070483574,0.11484999055584094,0.010680158156548774,0.16591966232341396,0.1287364966408104
0.10059792066669719,0.22710532977381245,0.13373424622317576,0.04360708066263472,0.032997054601041555,0.03360467278013277,0.12223146581098661,0.06872091442810015,0.16243103197824443,0.07497028307517431
0.011982763280322816,0.13053479160595763,0.08890139705352228,0.13698442147888637,0.12153753878587625,0.13811434865476668,0.12833551751818478,0.08648647643693955,0.04577892480582757,0.11134382037971594
0.049561457138663306,0.11195660901388911,0.004798278280701656,0.12400357326972822,0.0052687144134050895,0.11509786013677464,0.15412047471308138,0.19051560895375935,0.13078169969122544,0.11389572438877185
0.15097778643577803,0.06776972404070143,0.08980678443429783,0.05576037538508322,0.024945229183022697,0.18807735673183715,0.09462303788680894,0.11757241893961687,0.1227334804332715,0.08773380652958247
0.19172494780437094,0.1737569302933054,0.06552629635589284,0.07651697930354524,0.001363452895840272,0.07394020266923737,0.0769421317239598,0.08194026353374485,0.09374650235984724,0.16454229306025603
0.15620329372198005,0.09289570378653096,0.12890850536617912,0.20130106811513246,0.06692417372469792,0.14645630574602767,0.014416691536096274,0.008054677357263229,0.013703827664250594,0.17113575298184172
0.10364129446573668,0.059297430180005065,0.05984617410581872,0.10154917720576677,0.15811812272622566,0.11925208625081761,0.11054968961413954,0.12463234512388341,0.12890771761466718,0.034205962712939325
0.19109425124499527,0.08820570084006868,0.09942440511432275,0.17813322772041917,0.03586588982188599,0.06417190754312803,0.04270909807717848,0.10097003678242514,0.15470623811448064,0.04471924474109591
0.155555350606253,0.10343565893802367,0.1650270462235986,0.04403645240571575,0.07592536043840906,0.022227572152837043,0.14322242455108022,0.020363017076737926,0.15155952019901764,0.11864759740832713
0.028386707908777224,0.0867534415072999,0.07913751871966108,0.025186580464993887,0.013484713987314574,0.15926846958551286,0.16960983729522316,0.18897794551125796,0.07661392492595986,0.17258086009399964
0.1594628088702049,0.11761782060556993,0.15932060869016412,0.07789570344910177,0.0078562601189185,0.024136540448673256,0.20957103451579048,0.17655545194186786,0.039649631559312136,0.02793413980039703
0.005513031819309532,0.129000736052208,0.05051435298441189,0.2325634945489272,0.17766047480657582,0.030235020792968106,0.10613283568020436,0.0018975323993937034,0.03149148493086746,0.2349910359851339
0.013604554650926555,0.12954516130274024,0.08973283118834217,0.14125846083885266,0.15903395621641,0.01760561781213063,0.09565527708268316,0.1151914597957035,0.19861260068791986,0.03976008042429133
0.07836561501328657,0.00610185174790127,0.005177906061363761,0.20771842082598926,0.016992421953698586,0.05383651710996626,0.14996540461284266,0.06685647206216574,0.19705474032407175,0.21793065028871406
0.167120913776169,0.14383659227724982,0.06956526521716346,0.061545252497627566,0.010635962630215627,0.06051207473492079,0.05269111205451245,0.10335136474936021,0.2078141058247113,0.12292735623806987
0.1929829544482269,0.023837270124922427,0.08343374592937473,0.14743062357303374,0.0695761987268305,0.0007695691486835819,0.12530216509344821,0.1606052394616513,0.07914032385093098,0.11692190964289755
0.11377485116502341,0.193441479897249,0.039449174427948985,0.018370409684161048,0.05665542666680991,0.20894393433259065,0.0026651506010065616,0.14060704173020358,0.19641942521112762,0.029673106283879307
0.018272590061414917,0.1217891866796431,0.0658679459708429,0.1713558214589439,0.015875364019084456,0.14344653695048332,0.11634369209633191,0.15315738890884006,0.13476264454713294,0.05912882930728244
0.02680524788591538,0.0756245286158883,0.19517002587172488,0.12632301874562385,0.021223769574262502,0.15535694220961532,0.02479396960475662,0.11859993371852653,0.14355071537764655,0.11255184839604003
0.0658557882230698,0.13128815436030936,0.13216426618721,0.13555845789707874,0.11259485512730058,0.08114408607423348,0.07264691110150974,0.12905659357342428,0.05346255778468471,0.08622832967117942
0.06875229106014,0.11372396186627709,0.15018330520098547,0.026147073790976617,0.10433755584405104,0.1293559963399204,0.020753928205340832,0.22527143083044568,0.024653743625064017,0.13682071323679879
0.16373306259081413,0.011389390691554195,0.02484167746498625,0.026168323893785247,0.09100137415379059,0.21894915943546744,0.12854932798829288,0.08183730609151021,0.14396936527362134,0.10956101241617774
0.11380253919627699,0.05282083673778936,0.166185659758416,0.022867417423671245,0.15887640960810234,0.15570668423185463,0.17958342577930286,0.06541298224956472,0.0257218444107538,0.0590222006042682
0.14337274692822763,0.1567813462583402,0.0924874506046895,0.07681225332106856,0.0269096824979098,0.16949409901242182,0.0012984605283665768,0.0636709859338442,0.10596871207759666,0.16320426283753497
0.06506920904308777,0.10901686330020001,0.0495409351235114,0.17617557844902754,0.11752943703913134,0.003924959560898426,0.18070166286501993,0.2044401934305796,0.01799020775670606,0.07561095343183806
0.09076178354098856,0.19388246672043402,0.13406833876297022,0.05306869300644018,0.09193271959154997,0.04730600848551192,0.06094607587105724,0.1564195077690538,0.01704901129966741,0.15456539495232666
0.010121576532810475,0.13384228601673365,0.051448418353501287,0.07308312292213884,0.15240709657582133,0.013726958095325214,0.07138973516837611,0.15405951536268667,0.18009559740162748,0.15982569357097892
0.09556891569485534,0.09948166235985889,0.17250331920630682,0.08628631598198427,0.04672733919015097,0.10338886298452575,0.1280691281435223,0.06755234496715673,0.027570791736230844,0.17285131973540807
0.17302806967544074,0.17363755803883804,0.16700077141710215,0.03971669620131135,0.09736418260288882,0.10124716287355373,0.06793474507556103,0.014590567965049981,0.13769432020625602,0.02778592594399818
0.03458690503184238,0.11273682570343709,0.06980255958387681,0.08056192684507756,0.13715842819484098,0.03253220709628902,0.29223389757306945,0.18686626143737606,0.05236254994991612,0.0011584385842745135
0.09500941056956283,0.16625509637737376,0.06814151732237,0.06533014805594223,0.059320971244625174,0.1548071698081972,0.17173305814162376,0.056115707413078066,0.06611621333739656,0.09717070772983036
0.059666015923482446,0.16002204679506543,0.07130689845740355,0.1426549524305149,0.19608291007681158,0.017911540995375643,0.06942523449366826,0.20002480944780193,0.07730649402494484,0.005599097354931494
0.05517938212242751,0.13522014880411765,0.07197274812479242,0.10331961570155802,0.07421794607608424,0.1421637558612073,0.10447720056759377,0.020933881270213398,0.14945934659028517,0.14305597488172045
0.14771216543525623,0.029789172020777882,0.09541195437539207,0.14619911945749417,0.08351581573244983,0.04501601391384244,0.05771990149606916,0.16767822647086278,0.13905618184731436,0.08790144925054126
0.17359387789757025,0.1229697228219898,0.006830148348277753,0.15017292282122086,0.10351922326912363,0.05803990219273175,0.10930404239849525,0.07096273210246888,0.06256402377105919,0.14204340437706256
0.15015483010519032,0.1624983508623106,0.023444660515172043,0.023375061923018886,0.12205732234110928,0.19942486957727665,0.07150547975020344,0.00340266325124908,0.08984699163111501,0.1542897700433548
0.13645968134913758,0.1115888370636108,0.12025331568852067,0.07593514553307171,0.0240570026137841,0.09928037840210846,0.04194136320518991,0.11262900601987559,0.12127494116660362,0.15658032895809748
0.21511463338609194,0.15143663949783223,0.04521298043285221,0.03411142616035675,0.06056081536711932,0.09880786079611648,0.0788771768811093,0.14402453611320565,0.11084765382882929,0.06100627753648684
0.022707552061211566,0.22271783588692176,0.050413530402724026,0.06166646033889076,0.03478725445370605,0.13971662439818747,0.0961109865167262,0.09071376800775323,0.11851213301592217,0.16265385491795678
0.21621412536155332,0.009827779576776902,0.22065640670540776,0.20952284177354577,0.004122528046986412,0.09757899893156512,0.10515777596363395,0.0014631080058455288,0.11469819241227343,0.020758243222411845
0.17964224785574562,0.09407561276218665,0.007297994050748784,0.07968277732246067,0.11686222706694754,0.01227245762980672,0.1917068875766124,0.08811322203943858,0.13467387142699344,0.09567270226905973
0.074141375304879,0.1209074324007158,0.10031237083907817,0.04556646628301639,0.11976560043083148,0.16781453092592713,0.10078935053583356,0.13659452261443583,0.03632520079408662,0.09778314987119602
0.13829620636997333,0.04374142554020416,0.03458722952203859,0.14165516145790163,0.1424314594619917,0.086307990009548,0.09381427123636503,0.16195100208613183,0.15009839363507713,0.007116860680768524
0.10021143780160419,0.10737195065372475,0.15524550251612068,0.17680592114229962,0.07777502397525414,0.13371037497384014,0.10133846242498834,0.05144252113647213,0.034590339457908424,0.061508465917787684
0.17788278621922446,0.15367177462775738,0.018178368224026686,0.10793378650602334,0.07702885978625239,0.01857253825024178,0.1297897144688803,0.03463329354385197,0.15361181444042524,0.1286970639333165
0.16520506748154468,0.011228520154624083,0.13540563842869346,0.12768033319945288,0.04688251066151048,0.08850453687168215,0.10841498955838091,0.13541793802310165,0.0579474019267419,0.12331306369426792
0.049727642563338836,0.13845292294000278,0.12537492346840506,0.13217304231545898,0.10144659910655328,0.09454192124456096,0.05181888253791958,0.12990263293868065,0.14467960895158405,0.031881823933495805
0.20051320443194215,0.045186296571296226,0.07586663489907927,0.10222472902931369,0.14307756165940352,0.1236046168576376,0.05179450995134277,0.0970761048586744,0.14745145389267658,0.013204887848633681
0.16138269885866172,0.126883666630647,0.10950138375423525,0.008437361818802185,0.021325195806424318,0.08548730825433007,0.11795574043378042,0.18229209860921675,0.13344206828854308,0.0532924775453591
0.07540661411968144,0.141713889378857,0.019283596400145275,0.18450296907761793,0.04716517692875874,0.11145191669291271,0.062363132710881744,0.1153456842727878,0.16075499471941293,0.08201202569894447
0.17782330938814075,0.16313237671332242,0.039403451559114316,0.08752585250978855,0.1573310536446858,0.13502944250992088,0.09592992353335757,0.06575769396741159,0.05881205413502491,0.019254842039233097
0.11928335394924211,0.01329338248963926,0.07808090143746904,0.10961345683452452,0.13116567277095256,0.1149879729648685,0.1005860998149387,0.1366274002581041,0.05179041140893723,0.14457134807132394
0.1623560404622517,0.10352919849461747,0.1553347229036487,0.05500335779335028,0.11140125856348375,0.03166142813090973,0.11059897319087279,0.13949776761132227,0.06822771792535673,0.062389534924186564
0.06095809714636712,0.09199170988761148,0.0077551967712012945,0.22030007739575233,0.09849830354101255,0.043817982779226335,0.14761161022865418,0.13942073046839495,0.01787246811429282,0.17177382366748709
0.07722488833649044,0.08249874243142934,0.07426833357571122,0.1062059798408801,0.09384376213951329,0.1154316722293788,0.09838650284433056,0.11825232419783543,0.10738988587436762,0.12649790853006312
0.08859818772796799,0.11323280435842803,0.18019441526240412,0.10898132969012912,0.05162770990321715,0.15514081353374284,0.017241145116159574,0.14087137003548944,0.015996895222529162,0.12811532914993246
0.13009242695490658,0.12536393178750618,0.09943023916356071,0.12291705088998969,0.061759487215890314,0.11699542827153317,0.04652827347634818,0.08775780710695333,0.10438161738326197,0.10477373775004988
0.1496492832230835,0.10226208144715752,0.025102086838186412,0.1438108065674084,0.15471654335454926,0.19968147393693553,0.05652554499062697,0.06733884555656289,0.07604436728592305,0.024868966799566388
0.13736788380696494,0.12561164783141798,0.07065660353253816,0.10938433765723476,0.11494967357029304,0.13154936791179273,0.0415210566552607,0.10562032609008616,0.0036690356553969075,0.15967006728901453
0.1689568758055173,0.00040903104938612374,0.008482851787326048,0.14933441196500638,0.08588046694728908,0.12142366331231509,0.12816581080081904,0.1411506685676409,0.023650436286670885,0.17254578347802918
0.1432384834550762,0.05390655326388838,0.1217670123337033,0.03997076974901283,0.13804393682746982,0.03479165210236695,0.09110010809403526,0.19340256105916365,0.062275128385212514,0.121503794730071
0.06137241318051044,0.14826304360231715,0.11411842775882503,0.1335052370691653,0.14216860472881146,0.10980529538096818,0.11642323736502362,0.031665363890371584,0.08278639705528175,0.059891979968725556
0.10847931592253542,0.07631067155144264,0.15224342641576286,0.07505668228554198,0.15497236028836076,0.10566146646490773,0.031844384651076196,0.09750390026489283,0.09425143784757153,0.10367635430790792
0.14551539277715653,0.14058083852125927,0.01590435109820983,0.057608883289540475,0.11313276986973962,0.10489008230801902,0.08892112584475392,0.12305789207419124,0.05555847539724554,0.15483018881988458
0.19668930546428368,0.0630955568181118,0.05011641680570826,0.07053858394143508,0.22072917253692567,0.06247026841006648,0.11793802384570555,0.08192035905016382,0.12214199227383694,0.014360320853762648
0.07105582676566541,0.11584286995961417,0.1722291776627143,0.01808746563459372,0.05106997332251927,0.23344285134701068,0.10184271176245445,0.13487525928791763,0.06626432075741776,0.0352895435000925
0.11584832106736044,0.04752952125445875,0.19032535109625978,0.1236565503129207,0.16588415174987892,0.11873984409026071,0.07660012757460317,0.02542038411401388,0.08813123857110272,0.04786451016914102
0.04647413635150606,0.13139067902767337,0.08320156736817048,0.12579146734458063,0.0902999944391934,0.1360208239331973,0.09372456503805211,0.025522801750771155,0.15171863464223456,0.11585533010462085
0.19671380743320874,0.10006226071960828,0.06571035384995721,0.07358357881769576,0.14506992974213398,0.16288306642951772,0.03797462355652069,0.10706660415371184,0.06207745392072551,0.04885832137692041
0.041052401718322196,0.039523670786905656,0.1999842017563389,0.19546318856065759,0.09794254837106964,0.1334338326984387,0.07113384120491324,0.09566037592844509,0.000804080790479962,0.12500185818442883
0.0578360585744331,0.007009754999742707,0.141991224367466,0.04223752289763823,0.18026095919054186,0.08691930128797028,0.06259085745111191,0.17115741805198878,0.14276458647634704,0.10723231670276008
0.10485104861012476,0.10407839360848506,0.09746104946063879,0.12010241035604949,0.1352393465876479,0.06952119651224631,0.0354043396659125,0.039120570781336995,0.11324344927912829,0.18097819513843003
0.11751807163862305,0.09454587185818114,0.033403186374248044,0.15865714063629066,0.11448320726838064,0.03130375425083183,0.03365892257683901,0.1102507543127989,0.13856495815054126,0.16761413293326546
0.004139468092245825,0.07966272733375727,0.2690384827011658,0.026633940831323647,0.09163303224433302,0.03814590531344155,0.20803493092320124,0.0779604982862817,0.08450556402445246,0.12024545024979738
0.10864116721017372,0.11671748469793437,0.110232991749931,0.057240564636928906,0.02033796607340102,0.1327016432201701,0.09187682304094777,0.14165809736646737,0.13978808299654405,0.08080517900750157
0.1055819080468139,0.11214965733718547,0.018517863443049315,0.055447466081183984,0.14385945271619793,0.14652502699013498,0.16811436583217082,0.10355032337068872,0.11304246511837993,0.03321147106419503
0.06509509469457143,0.005835498763843041,0.16755818878000678,0.1474128854873658,0.09412732450332642,0.14012144421290434,0.0033757639690658995,0.10837539214222891,0.1683439395501686,0.09975446789651896
0.14727995291976373,0.1700141179680673,0.03764377777577089,0.15509539940575268,0.12030853809888514,0.11372529582258761,0.12139280964053402,0.005838451759379049,0.08629194018782603,0.0424097164214337
0.1056086996575953,0.032376356295780485,0.07938588764394439,0.09793326591701748,0.08724515154817838,0.1414392211874566,0.09987137858396215,0.14809794924284214,0.09696131899494279,0.11108077092828018
0.20482219985568131,0.1660694099498449,0.07146135497219228,0.10771634212292877,0.19132414764190575,0.014762093146922397,0.025379038699052784,0.005845410963897363,0.08576911065375327,0.12685089199382124
0.022443305835335083,0.12999363587769858,0.0839519533860423,0.06711351580229111,0.054401286520345614,0.13693918701763882,0.025291495058069425,0.14148501082847198,0.1708136743210359,0.16756693535307127
0.05334884014741221,0.20288448606537096,0.09776617653344946,0.03998250792897579,0.2002552040423797,0.13255208951690378,0.07087449819586217,0.006928915567922616,0.12189803789739265,0.07350924410433067
0.1083609048228556,0.07381033270895118,0.0035292745029634237,0.03129281778016379,0.18690500659647116,0.035611317185807144,0.12403113051524417,0.06523565372987036,0.19568449039885652,0.17553907175881656
0.1645602575231551,0.06001180922162157,0.12473180762272396,0.061643263622769735,0.0289878783150502,0.06343936303596788,0.09087763234756428,0.13927693222727705,0.1630954568666062,0.1033755992172639
0.11860396490270021,0.1364518569428348,0.04694875572358855,0.12938690868800073,0.06619876136383718,0.16988691088540087,0.05459998532327242,0.11537986984058615,0.038250074205942855,0.12429291212383635
0.17849313883516163,0.04635294459881334,0.13666325973518467,0.0574764427305563,0.018322787086816363,0.15655523816385175,0.15701522698499637,0.1020724524156169,0.08465839143174425,0.062390118017258446
0.098587767675313,0.16249329904349066,0.03662112555233365,0.061023523227501326,0.07787716013116183,0.1725220310499629,0.029469809783980436,0.1622386912111404,0.052030925122402434,0.14713566720271326
0.21816559279094802,0.1730928206291859,0.002078655967517362,0.03032825507863978,0.0789848874430541,0.12632473672229455,0.03589445430923524,0.1375276701416876,0.029770300555374905,0.16783262636206264
0.10368730572199092,0.11589315397098758,0.20202451264747123,0.14020977489373115,0.00485201248784689,0.08838576359145066,0.04538167950475987,0.039803495207030824,0.09146113587521214,0.1683011660995187
0.018181635120281554,0.10761797528916245,0.08967768892741716,0.15889001498954486,0.06078305167819192,0.023769628153774938,0.017607820664190588,0.08900246150805372,0.20024403091467435,0.2342256927547084
0.15845501309396584,0.0683841843048774,0.11745453083209487,0.03792729970604768,0.07368283382679375,0.16118957855904714,0.09089492334236716,0.08650250943203615,0.18419414933500344,0.021314977567766645
0.08893826812165634,0.10715434362442874,0.16368138263918655,0.06906126956682306,0.12058910320655161,0.0877562492938574,0.12367760767947954,0.026697447609867312,0.16128039350938653,0.05116393474876278
0.06598576495569147,0.08666048324083417,0.07393894977156595,0.03760042247007431,0.11054897708469849,0.015684177368188165,0.22006118633847624,0.14421829736211123,0.22228892044507223,0.023012820963287738
0.10500667961378203,0.0782206461655036,0.04618600118109687,0.16392347498098972,0.012812621059130837,0.05632373137889227,0.15728847831644632,0.09548534115956087,0.14543149940724373,0.13932152673735376
0.16665836428896674,0.10421790176732838,0.03943078834576625,0.03441196851803008,0.06702163669181871,0.13787075557967154,0.10472979827107848,0.10460076931681878,0.13465512087856563,0.10640289634195525
0.04500080831163528,0.013977089084936964,0.21978352578539698,0.01843898782030692,0.03870108106669719,0.0013782872244722103,0.23330731625519344,0.19199129247226074,0.06645691990624761,0.17096469207285275
0.05412151621346886,0.05569127078194925,0.08938779721392436,0.11690110036049833,0.07649926351670082,0.03915455379062172,0.16817751797571526,0.1369681906833948,0.1242366779950702,0.1388621114686566
0.14918877339967096,0.10808553824916395,0.17887729377445385,0.13135176251688546,0.06971924266144132,0.05062343347470849,0.11508572594485406,0.031481587904926424,0.12307577404411246,0.04251086802978279
0.005622243496643274,0.1744165442854372,0.043344845500307885,0.21188135621538673,0.07662278436970239,0.05442556883557805,0.015801231658451993,0.188497341724257,0.016043306225708168,0.2133447776885273
0.0824739669833333,0.06033269959315589,0.0028885219822768395,0.11664136507531635,0.028813390200878704,0.18745910983680586,0.10112996119580886,0.06514516337612604,0.15383203783181973,0.2012837839244784
0.12471353961325411,0.19926262987073812,0.0949369908926998,0.034684781051099574,0.07083777716256635,0.045853186568453205,0.08110192166896553,0.0517217325932745,0.07697176349213583,0.219915677086813
0.008076107871577247,0.02724570517280049,0.04001208766942615,0.17034222867848012,0.06663481152048448,0.1667249232304576,0.1988914023407057,0.1656363177821439,0.07753166731639967,0.07890474841752454
0.012199350018519278,0.18640271945280626,0.12127832552378276,0.024757681440701326,0.06643655840688548,0.028178309306703637,0.11718374035148872,0.11381911020430403,0.09755668614566806,0.2321875191491404
0.13551281983691654,0.09871401132685208,0.015316602044802794,0.04104625573404644,0.08801689057044795,0.015020920028495895,0.12477096398723453,0.18422693856310327,0.1633460313507866,0.13402856655731393
0.12116840410521326,0.04815041292742475,0.12347750188108673,0.11107994686940262,0.002387656546439137,0.1174194332009722,0.09985653332075499,0.06821278271894946,0.18579229824578553,0.12245503018397144
0.08307165785222502,0.0018747689143101293,0.14292265503607932,0.132437944536772,0.13808307516923232,0.0814236066015357,0.0724899764149318,0.1386162567220466,0.09769272548603473,0.11138733326683245
0.15151981690097407,0.03996701892895244,0.05678409452217919,0.1592195916865027,0.030446825243609314,0.1433843805448385,0.023706932819938152,0.10887668972450901,0.19246145618577437,0.09363319344272225
0.10064243469839718,0.17937300083729185,0.1598770650288013,0.011216099938326706,0.022903003817545804,0.12979548416430808,0.13550926284189868,0.0768173335218935,0.008058320098603912,0.17580799505293287
0.16087119520292992,0.13536097294742744,0.18237724161810354,0.06831255546270527,0.014468662678890836,0.09423795050035962,0.19684065757988445,0.11550766514490365,0.005905774110723147,0.026117324754072087
0.07570106875533437,0.12467892358596819,0.02129933429466744,0.16804268622550567,0.03614037915075375,0.0985574913340912,0.16638895202438078,0.11032087564652866,0.09484972181670177,0.10402056716606815
0.10363007821093069,0.14605290232853874,0.13846146656229505,0.13402579057637629,0.09281895984014057,0.059708309070627255,0.10029156087482274,0.011958871045395544,0.14179265753881617,0.07125940395205706
0.030473169514963958,0.23839022989305897,0.07079366649606547,0.041081071147863246,0.018430844956789236,0.1102111284512265,0.10872757480999964,0.08419203113057712,0.1410995885626288,0.15660069503682691
0.14231430659289235,0.1345600215403018,0.07754151210338932,0.0005084778949249189,0.10649071733826589,0.015895940473849443,0.13250657644081085,0.08809781858562173,0.14774790223852532,0.1543367267914185
0.11258388774294896,0.1329786260483869,0.15736580588456878,0.07274081609306833,0.10841920648004207,0.10166387755314225,0.13737112558833983,0.013758044286852119,0.06891020432858957,0.09420840599406126
0.12119079261568182,0.08113214099204166,0.044566160052573654,0.13041414414608712,0.13445885205888303,0.15872754939756456,0.028531203407207294,0.04882272132190425,0.1322609796440751,0.1198954563639814
0.16488417932289154,0.1759157949144741,0.07337456790018487,0.06574635198431268,0.059795259246244584,0.06936413678129809,0.1632382787022317,0.18225648910671036,0.04441584628569906,0.0010090957559531456
0.0749465497494202,0.008197821437354933,0.03960586041943717,0.08587502038968932,0.09708119782257302,0.17638349733697806,0.08807666843290687,0.06685490560288576,0.19879531932239888,0.16418315948635573
0.12025648143766314,0.08477910245427635,0.03831072097018254,0.13225048567603875,0.14264950766516005,0.07323646707358415,0.05407517585271956,0.15852425528363917,0.18389763525184546,0.012020168334890861
0.16822001177418158,0.12661704989283523,0.05601156501920286,0.09848183319446899,0.0821842704445524,0.16111014459743098,0.107074119974086,0.04477286177782794,0.1472796033301705,0.008248539995243529
0.17834997585502485,0.07345396999980097,0.03163906087942326,0.060979783081854796,0.13658096822217497,0.018607265015375383,0.07466221856809997,0.03752652059636383,0.25658175697266516,0.13161848080921665
0.14464415731832006,0.014189541032751943,0.030668484205465082,0.06014091969337219,0.0938945767980587,0.11878510675917585,0.10286448996411222,0.16106157908816038,0.12704228308879906,0.1467088620517846
0.1351521448457332,0.11739686317765993,0.08163496780162717,0.13572642011294775,0.10607749911965962,0.1561906614799705,0.026702600279230642,0.08080897879819414,0.14640214138746754,0.013907722997509569
0.059533399735640015,0.07841620198408683,0.257554841758675,0.07083999231795766,0.020420715188414165,0.07464019167401224,0.14714345688683783,0.10465357613656034,0.1628158765088653,0.023981747808950526
0.14342828280107822,0.11427919204085434,0.023252223429619478,0.18214933080447968,0.12249085185322846,0.020173340557245942,0.11902110314277571,0.08901939453965281,0.14181481187897935,0.04437146895208611
0.08934318260942264,0.153112527236739,0.018432351634557847,0.15203069916387707,0.12447582410027247,0.1543782119991527,0.14260220265199025,0.029932178143946445,0.06753462101741253,0.06815820144262913
0.0638468689346954,0.12997010298525033,0.11365571129411461,0.08630762878190953,0.1466421123928258,0.09896445125530688,0.13409104014988008,0.04249725918689066,0.11241881324435923,0.07160601177476761
0.11810788127985654,0.001438680244413951,0.09525262234632548,0.06600460894621504,0.1982870900091726,0.11888550597894373,0.1897681016006833,0.0033309674017615626,0.13633533387322905,0.07258920831939887
0.20894148281674915,0.03970813505965417,0.16868190136177136,0.04713879090396642,0.014796846696330272,0.06701966651845817,0.10177556686126214,0.15990762358414565,0.07774956840576415,0.11428041779189843
0.07211362759273064,0.08639355730495779,0.12882301092970577,0.1111309269146804,0.007412754425757583,0.07197729085385683,0.13980419676468867,0.11179012195563058,0.13751459629785168,0.13303991696013998
0.030054659395902027,0.07120002912400875,0.14492282703843787,0.15274968010763604,0.06752476562318332,0.15689509440077434,0.11040999414751701,0.14355311150909572,0.00925393608889935,0.11343590256454554
0.18627564668760604,0.015524367600407119,0.1781103345371275,0.12531240026161633,0.05784230931264037,0.12571688401818287,0.07951449352632822,0.04713189605822968,0.1558268202452818,0.02874484775258003
0.1421461840091876,0.09044874505866433,0.1317941150733967,0.045109424795429086,0.053047668484432625,0.04835495685797263,0.05982314434847885,0.14414873501823128,0.1397137665343112,0.14541325981989575
0.014063509348042857,0.18186103520964222,0.15131124414823535,0.043827221400876096,0.05198101345491404,0.09483555286446638,0.21924080565936283,0.04451275868866832,0.034510743836477877,0.163856115389314
0.03647601930511516,0.14367279977699515,0.06825872278400585,0.0910943275465011,0.10595760508329767,0.17859920538068957,0.10016149010966587,0.1087236105287549,0.12786662935226462,0.039189590132710096
0.18911067393072636,0.052889866985677214,0.20310162543610807,0.15954110215734515,0.10404432346989487,0.010323961991414577,0.07379108749063854,0.038327263448435386,0.11778089813223584,0.05108919695752399
0.08085799707738925,0.09193028565386092,0.16973383274628703,0.21672872668671703,0.03673225260771923,0.0063550770863131335,0.021575024430402875,0.06432916286537727,0.19304159934682816,0.11871604149910495
0.029698241625569433,0.15216114422604007,0.15138561384305887,0.09195055993368244,0.15798115547355743,0.005854523588750409,0.013346922245179336,0.08428161314786553,0.1508768585187625,0.16246336739753384
0.03263891367480836,0.1525750459126418,0.1965673210093609,0.1126377278108975,0.06756630641143897,0.13489797689777575,0.03874145111138421,0.059936986980177305,0.08070951268191585,0.12372875750959943
0.008826698742447786,0.17789904151157734,0.05664454214929662,0.08402615554731624,0.017958879703544376,0.022840936511144393,0.17052982823785579,0.1726421009204929,0.1951278118264358,0.09350400484988886
0.14078093023152433,0.045138650932489394,0.10221487358309965,0.04842714073906936,0.03292131588683684,0.12696262705558428,0.07481323530222914,0.2078283092051788,0.021604607474188416,0.1993083095897997
0.0825257537034843,0.06116123497130134,0.0050085547640372355,0.14317517510670275,0.09472798144531074,0.18268815103732514,0.005407760986780158,0.16983337528326592,0.05279022656267921,0.2026817861391132
0.047887324581076175,0.059232209320501376,0.09557807774990587,0.1952179875370006,0.020522019153887232,0.006969139810756037,0.2003428658192237,0.1853455192345779,0.05453243111207134,0.1343724256809998
0.0992569869255749,0.18156620607294524,0.15488985722877396,0.044946191792556815,0.07401889975252586,0.06124229774080967,0.13181178121713474,0.023399770114376026,0.07926889706723629,0.14959911208806645
0.08611960130533754,0.11893675570834895,0.06051921133653217,0.12172518531147254,0.1602549813011692,0.03348379374442872,0.1773692828596492,0.1086821481019732,0.03136275432785786,0.10154628600323069
0.07315540001143396,0.02972205226588335,0.08219521663566211,0.16997322217737024,0.08477485519578189,0.09213870608629351,0.1848676342712213,0.1172388300243437,0.12672725457417824,0.03920682875783181
0.07905305439994456,0.06519143274389072,0.07883527435212954,0.10963884180822547,0.15676472032772604,0.16051766102302972,0.06959632501458404,0.07577887382667649,0.16587870959012685,0.038745106913666665
0.09349771107833875,0.10187121591159476,0.07615506331993878,0.13036553815218538,0.09580516760148274,0.10596486179196128,0.11817540420288579,0.12186199336127587,0.11850796152868247,0.03779508305165406
0.14490041340075951,0.15568297466640849,0.09807460375863962,0.04815695291318966,0.03762464333123369,0.08727771043470796,0.12395544519378138,0.10551639457088446,0.13763781945373357,0.061173042276661684
