i = 0,i = 1,i = 2,i = 3,i = 4,i = 5,i = 6,i = 7,i = 8,i = 9
0.11370406014740858,0.1744446642905675,0.08980454805176902,0.009469246928711874,0.07198136847986387,0.047442012417883574,0.10796840297631861,0.15903948444069518,0.06905579120507052,0.15709042106171137
0.19208358916391294,0.025395216112463724,0.06937135544462168,0.004258550795249652,0.15106999245502878,0.13746821326641434,0.15651206547265617,0.05330139611399831,0.07650212236941688,0.1340374988062374
0.1411404228182101,0.08126405510078494,0.20256443001257118,0.09968947278912033,0.15591521385858717,0.13607107629394435,0.03621736442447221,0.03071024151741221,0.05759463833189962,0.05883308485299799
0.007134599828871579,0.07939412081921943,0.04677575646535081,0.06671097106898677,0.05082279261731529,0.1200390896803465,0.15885327413428987,0.1741968589909182,0.15880102366528795,0.1372715127294137
0.17426930386233025,0.06707390691733119,0.16205350442470162,0.059108406706905474,0.028241071478389924,0.16667712190766193,0.11687165140308077,0.024353310771204884,0.014462709769510034,0.18688901275888403
0.14612122133762334,0.14011502121365385,0.05574635686988057,0.13464870922532216,0.0013016840813167279,0.06114428951639531,0.1411500986909479,0.10347128814218395,0.06386236629810436,0.1524389646245718
0.061657312793447834,0.06246630639555663,0.14693174324453606,0.010476908868469666,0.1683811760780716,0.1015731519328795,0.1116826957867664,0.18927990499880729,0.12511374916072612,0.02243705074073886
0.06069725833503127,0.0341212160684202,0.19583448769771952,0.1636598251714272,0.21192396666057717,0.043474427101351854,0.0727447903273585,0.1435435444692733,0.07153987686823672,0.0024606073006043444
0.19942851902853953,0.09873430336613816,0.0007135162133894042,0.06910279426622935,0.08647990630718466,0.06031060347381917,0.14214893719193886,0.020067939518458984,0.2185373147502785,0.10447616588402343
0.0062185623242687685,0.110589264980369,0.007350954819334946,0.18335936847242723,0.08903576189720944,0.2009023221917351,0.12131542537888455,0.2212221854213158,0.05698107015484114,0.00302508435961409
0.036341415827605056,0.08054753857636802,0.14660856500936792,0.008750261247907488,0.11119085416869583,0.11166195061026953,0.11121774888066131,0.1374802402506175,0.14177338848752666,0.1144280369409807
0.09712013257972522,0.1323869619215726,0.07218867815368339,0.039067663711032714,0.16048597751073315,0.02249078166265828,0.0996892299325972,0.2883634487060117,0.04868363262273412,0.03952349319925175
0.022113759207542875,0.034720706599143614,0.12726803814865353,0.026165686485308128,0.17046195392459185,0.17095543369262936,0.05062500772739151,0.09646562353636347,0.13795309751858284,0.16327069315979276
0.1117614319532392,0.1180650740366995,0.0820463182622416,0.15102036946614894,0.020223455936338744,0.1018347918143684,0.10968298856112921,0.08213186717833598,0.0732446632280449,0.1499890395634534
0.06116599957365872,0.12503298334482885,0.044973260068199766,0.15993105184392092,0.023236280335027473,0.12101985859120945,0.09151163228429961,0.09359473896877052,0.19742823020288508,0.0821059647871997
0.005322344637480483,0.13495901239494887,0.12917115000574683,0.0456142291861513,0.05265977518541259,0.160786221820765,0.15532613879721777,0.15070120665304665,0.10074106388771635,0.06471885743151422
0.09091724481469457,0.037246755442829654,0.1175010636983588,0.13879565948111347,0.06811236959979167,0.027882018210601992,0.06570382137052333,0.15719706006823347,0.1657649382764846,0.13087906903736835
0.11056364554065082,0.10349459290455373,0.011777401406752938,0.045157564066600486,0.1453479372921917,0.11173594753687477,0.13143806918380938,0.1393676191556827,0.16186675977185846,0.03925046314102506
0.07484722012029942,0.02277949010567898,0.1393745043867205,0.16520849668448426,0.09288949261943838,0.057099238268256636,0.14725866761779785,0.11464500795496195,0.07970975971791087,0.10618812252445134
0.044517408314906554,0.10775950974599936,0.13312443953475447,0.11808113278900448,0.13794429397148544,0.10790618055232742,0.1460478006018955,0.01546583608852331,0.04508451656698205,0.14406888183412153
0.018091179570849658,0.255429922875433,0.16807065263517715,0.11025454660263861,0.050014343021712,0.03131622864365102,0.09010187188712852,0.1306612944982001,0.12152925174482702,0.024530708520382978
0.1919877393164361,0.13263743186425622,0.05782041436485531,0.04331675025248629,0.043851822250093514,0.0425816474579192,0.20727792892590155,0.040090157177404905,0.11444349071529522,0.12599261767535164
0.12226481125963128,0.07002603140001491,0.0007563875862480907,0.006805947725662233,0.06472527836907527,0.08696215971886255,0.1430089407903014,0.07795562346119261,0.21684183195455708,0.21065298773445457
0.0035235356310820355,0.06987488983074741,0.1454514507748666,0.17865028312041206,0.06453497089304465,0.010904446191989318,0.16996156956404448,0.16031415400979404,0.11872969862409892,0.0780550013599204
0.1325878229462249,0.0012349196118521346,0.07424316380737113,0.16093453187889284,0.15362312856615268,0.11432644102057439,0.09221694805245402,0.15438038920048744,0.04628577074938724,0.07016688416660324
0.08246982560098871,0.07805080008677698,0.0875748662756569,0.12621251666702518,0.1335658983405094,0.0448102743658012,0.06245415102925218,0.06707411747888262,0.21098172410523142,0.10680582604987542
0.06979130397449215,0.022525202348496528,0.1144384239144215,0.09998378401156391,0.10837409119531874,0.13459817892824147,0.02919601492529624,0.15339770740756545,0.10426555563870897,0.16342973765589505
0.0351630151624525,0.2153554299469849,0.015725438721719453,0.12374092182079041,0.20274538523866328,0.0048743792173983076,0.18802532602008468,0.08462168828141649,0.10576769605263453,0.023980719537855556
0.17029158797191296,0.026352658357653533,0.05474277092822837,0.020307603949112067,0.1401820259573624,0.15479018661478855,0.14723843899556502,0.0785650324600767,0.04238651599794176,0.1651431787673585
0.07063868239717287,0.11093222517248057,0.1297078958279132,0.119753535827488,0.015637953353906685,0.13894682311201115,0.13029451577791137,0.13775837858678514,0.042478906986900024,0.10385108295743102
0.052650975416071305,0.12568226495094925,0.08857242645516372,0.11953020607326767,0.11122856289660328,0.10610846914805162,0.030261040544173102,0.14780339162724132,0.1066009161431438,0.11156174674533474
0.17787221930122915,0.013428842152580502,0.1796874720538836,0.16202579364403125,0.13805199589124403,0.015773213511233477,0.01826629898765308,0.16542257528467896,0.040836418115235626,0.08863517105823049
0.17149873248665787,0.09188592054915849,0.06712137109181736,0.1190362031329405,0.05867942863167114,0.11061270862658569,0.09751469170052844,0.008124405429920208,0.11997282404544395,0.15555371430527634
0.0860858634095991,0.04884550295651139,0.04836813235326163,0.21036255681920898,0.2079239812085816,0.01977325449653208,0.09302442315111506,0.06975868966583691,0.13662409400958841,0.07923350192976476
0.06598114277102897,0.15655897618740364,0.010574457044951161,0.03385194033838539,0.18223698199411478,0.17925710786628035,0.1069996826277059,0.03511422264941361,0.06564652263423186,0.16377896588648427
0.0951384331497112,0.0006749400181357405,0.18558766920920072,0.13700290585561095,0.1887848686316946,0.046777946834656615,0.04583100794089056,0.10643819952072663,0.18634472258062476,0.007419306258748378
0.014875965700528999,0.17123300716922266,0.007611512824740322,0.008105823060547192,0.1734633882507238,0.14607606275396615,0.13394447814948643,0.03497309282552625,0.15124937456992338,0.15846729469533472
0.16018366250858124,0.028168542766112827,0.13047706492293928,0.16077596512522227,0.09454681496013624,0.11337871139376532,0.15784909543734352,0.08180430573717615,0.0206226794443224,0.05219315770440091
0.0718008693475645,0.08752794723288639,0.14613713330250716,0.1456470833413105,0.09864321771171165,0.10338733066249234,0.0628980534783229,0.0683075096344579,0.14412911015881066,0.07152174512993598
0.11642948411709234,0.17941273510269226,0.05211281169682714,0.00899970413839335,0.1190091603032702,0.036423683729295935,0.1427570398676556,0.1486695790775214,0.04936979992441105,0.14681600204284076
0.06173183947429335,0.07342988045243787,0.060892609580186996,0.18652010068518834,0.022664318080688757,0.14775937870612058,0.018729130245232317,0.14744310906928945,0.13967957985851015,0.1411500538480522
0.1048971010001644,0.16659410643266012,0.1364781790523025,0.18041331457270332,0.0851050084192215,0.017407656493651124,0.03408904859737318,0.0069748474030996085,0.20977229096857378,0.05826844706025062
0.024341326137266667,0.06997412535448397,0.20773955825988227,0.08152973607886888,0.2002398678603433,0.15699700725776106,0.07458382742313696,0.10623029006285159,0.03835546554614359,0.040008796019261814
0.058113763759807056,0.1186389871768997,0.05957175584357117,0.05467295440504232,0.10100571310279909,0.07798400508849,0.06098147992150286,0.18646637460889873,0.14805610069343567,0.13450886539955337
0.00541083131476486,0.08736113960682126,0.09235800745906289,0.1095399244654235,0.08388523533114658,0.05673168285407477,0.0636720255515111,0.133660814385923,0.26588866562515673,0.10149167340611528
0.12868711260324497,0.08917317710328224,0.06284321241481775,0.12394610983617481,0.04109247872895105,0.15420976574107373,0.12226901148574412,0.08789692894938461,0.11074552521994804,0.07913667791737859
0.045332499322137634,0.04354480537201805,0.17818535629921586,0.05666199835605347,0.12912866624630212,0.11473953592169592,0.06159138383897387,0.21636395047828563,0.09994947141826228,0.05450233274705524
0.10907101044148934,0.10216790910117585,0.0018310369359702846,0.14080940114357202,0.17885217398741443,0.18509745948543024,0.15105111808477323,0.019088680835994805,0.10465795792480377,0.007373252059376001
0.05952515538387259,0.10838204527945514,0.00536793951586065,0.1356583309807918,0.18388816524036913,0.07020478938295188,0.014513301809098966,0.15980113536971893,0.13275197616243947,0.12990716087544155
0.027923435156857506,0.03962054843724833,0.14341474000273702,0.11387955266526403,0.30378554559401766,0.04414479008757384,0.06633314728581811,0.0041278398304337395,0.084743314708877,0.17202708623117283
0.08368996717452229,0.08517767690667025,0.2506527704639371,0.11884319871509472,0.007284833467074429,0.03700362932790232,0.03985444493667866,0.13271277963374695,0.040828852447318646,0.2039518469270546
0.14335524439655054,0.054204475966188596,0.13958853735309038,0.12507787877091509,0.01651025421567678,0.1109736921741648,0.13416911647792298,0.10772541546181336,0.05792886981598385,0.11046651536769356
0.17620559533329183,0.008896278184788628,0.1488169570492101,0.0870758647128839,0.09745308044821187,0.02295041790153819,0.16394544896889227,0.12113618485188715,0.08203558166294682,0.09148459088634944
0.15932214459382862,0.0469230120558302,0.09386184281750568,0.10608623467918618,0.17860290222218003,0.07037553590834005,0.14422012468722084,0.09262788932936517,0.04391028388531705,0.06407002982122612
0.17024423690352178,0.07108400210974465,0.045970316851627585,0.18354603132761083,0.03469715469807484,0.19892182029928931,0.09833972228730448,0.06582089342781956,0.06001223293701638,0.07136358915799025
0.009834280602810672,0.15396570525261438,0.049920381772395474,0.07238801649683616,0.024169375160774786,0.16030550626732779,0.03197757529834892,0.15027655103281876,0.17397784282047052,0.1731847652956026
0.10735862169553918,0.08130635969447116,0.1526788920764465,0.0045624099552182456,0.08371743858687375,0.17505643323545286,0.07001695627204985,0.12596785282152198,0.08028433737449801,0.11905069828792841
0.23193682460663928,0.07546789363072112,0.0893018209179833,0.004340489792179599,0.0530268636806873,0.011585334118108824,0.0938962465373031,0.2159914597690765,0.15477384587145948,0.06967922107584161
0.010955259579877858,0.06270712058057822,0.06526216853242148,0.14538024717010084,0.19358072825927472,0.11758876977640174,0.11550849115083331,0.1783815253315708,0.08826452138435058,0.022371168234590448
0.10052862502952421,0.09397839353197293,0.16921261487074554,0.13294456543030822,0.04145403144624298,0.04210536022098353,0.18708292834159554,0.12514982079364553,0.06052447648055962,0.04701918385442194
0.1768833326480356,0.09596211497787997,0.04175206926986117,0.07652187115355863,0.03043204714324964,0.0681927593585837,0.1577898983772818,0.1513873582917558,0.03046600540878134,0.17061254337101223
0.1581312502475317,0.006194795189859005,0.10046406061088463,0.0728224080091626,0.16186806856626393,0.12074192521694496,0.037854010356811685,0.03485931842485799,0.15350640156351006,0.1535577618141735
0.1689739187666559,0.13340708457329672,0.0547056511119419,0.02700424039615227,0.07006103847590954,0.167110907247941,0.11983642670882447,0.1170393643602273,0.03545689581830905,0.10640447254074205
0.14164101385381558,0.13955203819779605,0.15944539529329882,0.1316431596770104,0.11957755312316934,0.085779597315109,0.027213191120738927,0.04192770020707098,0.11958551071879209,0.03363484049319881
0.11623145963489934,0.15187957782793507,0.10665103682753771,0.04668976872679232,0.13447171103143166,0.025370750447495264,0.01431602658349329,0.003228493924541436,0.19982540120763168,0.2013357737882422
0.028728106231236117,0.1835680155525795,0.03756060720225436,0.09990307858250333,0.03699461983151566,0.07336559288125043,0.18813885178608578,0.06429185278598991,0.14728046606231968,0.14016880908426535
0.09591901100656477,0.11303393869920846,0.05139278429569889,0.09950667900463672,0.14992319674243812,0.10238060185877498,0.09639913336729009,0.13775930289908522,0.126089911054553,0.02759544107174988
0.011320118492860931,0.19084682450847418,0.14732126836392312,0.11098251016023097,0.12111730095134231,0.05488568223176564,0.07472317123336024,0.007928262250181508,0.15442043192744798,0.12645442988041308
0.06605786203122095,0.05208962070803606,0.12116544468204088,0.15699573887722054,0.16511272001990868,0.06133140978096894,0.14664447581746054,0.08288141875526175,0.05933650594502365,0.08838480338285798
0.14454695764715003,0.20237666069910804,0.0658709930789666,0.07215760118363523,0.15160862741668207,0.026690031453046114,0.0758533381445969,0.09548849199728078,0.1570049359584923,0.008402362421041818
0.07306573549285329,0.05999053502203319,0.08740554458856348,0.1321595833305795,0.09421547803069978,0.01411222369902357,0.073041902591711,0.12522565047473674,0.13106213558926916,0.20972121118053041
0.06280138737782504,0.1182599830354431,0.197633384655842,0.2664703559273779,0.19398775072057753,0.02057003604382457,0.045838638715654655,0.011845903852910166,0.002810535790880109,0.07978202387966497
0.12295887485734623,0.09590470822980711,0.13977262282255784,0.09662554393125745,0.10078987369232877,0.10734073637763807,0.13221746166064768,0.1061715999969796,0.006171620025363619,0.09204695840607367
0.057688103576512544,0.15998963168817448,0.15667178116441954,0.02247553205605499,0.027027029601188194,0.11114407838488069,0.039720139413171894,0.1311413503714299,0.1249486813905952,0.16919367235357272
0.015731294007469157,0.20277298383417203,0.13661456299283464,0.09574090751295583,0.14040487283719738,0.009107285578447357,0.09407172751262884,0.09970608531982272,0.007501575020683671,0.19834870538378854
0.1447091214955763,0.05045768014195276,0.1480381825483539,0.14028950387937064,0.027554975120869272,0.07276380302714977,0.12628050811688343,0.15224782958529198,0.05886867793517225,0.07878971814937968
0.04954138649945129,0.11938336923994419,0.12759503436513028,0.10343850761333401,0.09561325509746979,0.07218799578643026,0.15716508735371906,0.07548981283423419,0.11468809878739665,0.08489745242289022
0.059441882353777356,0.06186619665010685,0.10429873342086932,0.03112165912455419,0.06336291108317291,0.0929039765282716,0.12828719012342868,0.19831947835069993,0.07624014902218973,0.18415782334292935
0.12282116331142086,0.07042543725202496,0.10190119390237644,0.043714903859901094,0.16469741837153434,0.042976522849357233,0.15052358752550754,0.04808283299965469,0.16068224448581106,0.09417469544241171
0.04299621995087714,0.17264653530319887,0.07970170812741721,0.11816811688172453,0.06148352928728055,0.13202892929825466,0.08604415612526214,0.015903947578180172,0.16313127007867181,0.12789558736913292
0.19660057944015277,0.012435665783602277,0.1053930272362402,0.023071385212225157,0.015459069040441756,0.17459812381351517,0.14253914746196703,0.023000800159380826,0.21349628702476653,0.09340591482770849
0.03909455611535081,0.1582640041130226,0.16015603785239724,0.054555558112303594,0.04763216151299242,0.1503650717443686,0.1473729194837715,0.12240918751140491,0.11121007562582914,0.008940427928559131
0.1362730218527563,0.12927318254234127,0.036720251982055765,0.048563259501646416,0.12282640626672958,0.1222407704495111,0.12683235481770166,0.12109616067736981,0.07522410429603377,0.08095048761385439
0.17708162651763557,0.05004135816962331,0.029561091023293858,0.057295106402544906,0.12703368729418063,0.1597660354218108,0.04079611103783645,0.10538007490814609,0.0928477336718799,0.16019717555304847
0.10420500476108001,0.1832634808223035,0.05200083401865734,0.08001756855040427,0.12914523073264497,0.10111612169724223,0.005138316139404963,0.035822322449345,0.15807578954399767,0.15121533128492
0.0585454242318896,0.1602979934617065,0.15955138407135613,0.03336479707752029,0.09341923679689804,0.09692066936715242,0.12171028997086328,0.15861547826933423,0.05516819372698853,0.06240653302629089
0.06566808136525862,0.11317890719384076,0.15375578710722115,0.08602453789884118,0.18945686180617538,0.028360653886862135,0.06785660980697399,0.11799477928896698,0.16369448505783502,0.01400929658802464
0.014673401587147585,0.28489889934099516,0.0628085625799022,0.07697956528728864,0.1371414388117679,0.035909277384493773,0.03574192108427088,0.06688581888667014,0.12617713818951515,0.15878397684794862
0.004628035165284493,0.08876375689678988,0.10122302215710201,0.18765254041206564,0.010574217309930065,0.14780531267140803,0.14853839825422546,0.21154460572578215,0.05679906731148863,0.042471044095923574
0.07457143368689023,0.08993278119814685,0.059330100970240295,0.17670488476008434,0.1452743261730016,0.14139062051635334,0.009876916379331108,0.1368817323836226,0.043190246306132905,0.1228469576261968
0.09561349150580478,0.1030902836546093,0.03182969769414525,0.18604673283936463,0.13190820338896356,0.11958955881521191,0.17344348273067242,0.022674585461122627,0.04282701766726988,0.09297694624283565
0.06734105527521428,0.09665919510415584,0.0882401902948531,0.032320388430450174,0.08253263262329874,0.09239406774150521,0.14515526537395884,0.20326370400097044,0.14453648902979682,0.047557012125796466
0.10157976720224324,0.04402846812874901,0.11673064828206259,0.140165357900628,0.12867552904432267,0.06310580836939715,0.18292013249382397,0.12154299842420445,0.0487971646446533,0.05245412550991553
0.12641981998993437,0.10015495432671173,0.09147510756976682,0.06434020504840492,0.06941700106603402,0.1935852143329078,0.05672000516111005,0.06104781431108159,0.21146961512159404,0.025370263072454838
0.1421880069174994,0.011318207103143262,0.07661702630362689,0.10200938573257796,0.12970288467828103,0.013331000467136523,0.15347723883530207,0.11426996358492963,0.0996533184542828,0.15743296792322037
0.024120244850163258,0.06629143014254117,0.029031483879785627,0.1811757458716157,0.024408347539189485,0.12430690525645405,0.17518848222428857,0.17383107185635824,0.04413277345854081,0.15751351492106322
0.04481854457384503,0.0925883353962461,0.1535802104698613,0.095201496381393,0.1355104102626751,0.06978008543642364,0.16009528657717534,0.1302635918026626,0.04784811354686108,0.07031392555285697
0.1956193305402157,0.01493598292948569,0.08860327880286716,0.13755747498068652,0.13794230520143366,0.01893217170515108,0.16840262937604655,0.1409747531783794,0.011358108177315479,0.08567396510841875
0.08024723592929853,0.13413352931579972,0.14706971945472083,0.003195535812301395,0.0997889805035318,0.04943626603064949,0.1121290820228147,0.1676211628195218,0.1658951133196298,0.04048337479173196
0.13033657277462313,0.1277208063184491,0.07708965899848275,0.1194803301763446,0.019928103706569243,0.05591612492061637,0.21214572325372597,0.032493389634692935,0.20748384612950263,0.01740544408699331
0.0967829330890442,0.09400222524504057,0.18945235079272477,0.08043681522326239,0.038670180119415906,0.18912090149387686,0.06521206599904256,0.04096771329860685,0.004577619387400898,0.2007771953515849
0.058208251911382944,0.15179394382130726,0.11813386095434576,0.10605565694755698,0.10985690664933914,0.09982287776731452,0.10783988704311034,0.004618763158234424,0.1530885003771944,0.09058135137021422
0.055671682821146755,0.11249138651103326,0.13895118359850653,0.01611575283634599,0.19177832480735607,0.04942591715163591,0.08526014305942071,0.13036131725448552,0.0004163862559817586,0.21952790570408756
0.1085148211985148,0.1138554044265622,0.07223738255204001,0.0779056314177902,0.03467430623779117,0.19831499702624453,0.05861829637132619,0.0013017073095536417,0.1788447549882934,0.15573269847188406
0.11642719007226578,0.11259254074067782,0.05395361521206564,0.12946455959685174,0.1282220073601832,0.08770302078092848,0.015115829186773498,0.07538684534817373,0.15037368119698796,0.13076071050509214
0.13775793006818385,0.09593855569702056,0.06651262068862109,0.06304777313879655,0.07963406163115241,0.11926156631403834,0.09360498080618943,0.12774575810428415,0.20255515414736883,0.013941599404344826
0.12422056957874537,0.13807293535976933,0.05936075297776363,0.14300134175217274,0.08132579730021361,0.0703844184082117,0.08948348125810049,0.1218687385108869,0.11939331440730672,0.052888650446829576
0.2543525494863675,0.11165568912812252,0.16893379459079097,0.0518895536053152,0.06805709110050119,0.09371470548857232,0.04741343486604447,0.14318587117557224,0.05762505931916207,0.003172251239551569
0.04873480266900793,0.006909499804591193,0.10081182672499432,0.1684953969178289,0.09215997870980973,0.1636533774668314,0.08958393653651624,0.11344537618937545,0.16735826670291998,0.0488475382781249
0.038106125146563426,0.08112342446880455,0.10929367361730358,0.20220817708703123,0.023071507340910704,0.022575731981728013,0.20407811047836558,0.2581573588290857,0.024630086659150244,0.03675580439105688
0.017531753729723966,0.06433698732721643,0.07986649857252345,0.1860773019406539,0.14799473433045873,0.16721475066918662,0.09857798166259421,0.095636553822748,0.06143768528535284,0.08132575265954181
0.062214448235193544,0.150086505365575,0.16538088573593268,0.1232652322302144,0.1546086104836876,0.04050884947635343,0.027920378849439532,0.10787756637739064,0.11453121934164125,0.05360630390457194
0.043745070318293874,0.13778006821799785,0.1637056875278751,0.10572322584432312,0.042209623154093504,0.030770808247864056,0.14481882432085758,0.04518095858444815,0.16096598880965424,0.12509974497459259
0.00941745948776992,0.12109438763680988,0.10722905632707247,0.07284594568252997,0.16925117072951007,0.07604591250576279,0.14779020517179958,0.25557031282392784,0.008607491356458767,0.03214805827835864
0.07252127608657574,0.15878553689470767,0.017973252747493045,0.13515827009896247,0.06818782533414004,0.1925839725184486,0.04431015508694148,0.03854602352629415,0.07444584744108693,0.1974878402653499
0.18037751565077978,0.09619788795570457,0.010075218755514679,0.13670572846224602,0.030916307082251727,0.18867480387233035,0.035783901286805225,0.17276016727837887,0.023454572076578164,0.12505389757941074
0.00660328041038894,0.19271329203606524,0.017364666616679948,0.20193904646508012,0.007734118017738067,0.1741430164944214,0.05594275288319495,0.05818221320627779,0.14106735523474093,0.14431025863541258
0.18130041364539487,0.15998292398373104,0.057960381760326654,0.19279375770941845,0.051335543770960126,0.19487130347787973,0.043390728397689905,0.022677616865491284,0.005526831451846984,0.09016049893726093
0.16863740402833877,0.12208007431493897,0.02910786065057851,0.035880099277248334,0.14292274544428998,0.022904957177145215,0.16436560256314053,0.16757143886530723,0.06271979356187832,0.08381002411713416
0.18270574208892504,0.07714852533464682,0.14809652226083647,0.08298266633238875,0.18511768820954272,0.05136289994432494,0.08752474110217265,0.03141119491817866,0.12046218308848189,0.03318783672050193
0.08014860993137556,0.19266226746810022,0.04633610916559535,0.06855503132026046,0.1708295186566275,0.08397155914525137,0.013447179522452184,0.20539115775867336,0.11100300980509575,0.027655557226568244
0.11054043602520762,0.22219857383056427,0.06790107087957213,0.05905099115362846,0.15231336168489093,0.17310938421209413,0.08305577938832484,0.08875495763532172,0.009434615175047944,0.03364083001534809
0.04909569162191777,0.17387181311680092,0.051492716068556904,0.010807669462242523,0.1701024793070615,0.07619658235803199,0.17361587599902842,0.06511779011961845,0.10475665668290511,0.12494272526383643
0.11278138526106574,0.14096813344943554,0.10664558642336723,0.14697740101525653,0.021781589046825794,0.06054829767036827,0.07318377719925087,0.15142734524293117,0.07657095687642256,0.10911552781507618
0.11499904328011709,0.1253447970531871,0.12602817897974675,0.058660250752040385,0.10557387605913413,0.13125604977665994,0.13185443536780328,0.09728912423641858,0.10520022684367765,0.003794017651215118
0.029806076856427072,0.11956802417319644,0.06399610267671699,0.17947980521045723,0.07276902233894174,0.15442221394867145,0.16128127135083928,0.09852233223369943,0.11765792182337081,0.002497229387679644
0.09974108027278987,0.196665600194638,0.02847712926229307,0.003829847397995779,0.07055305469012,0.23108008151702122,0.14808967259192085,0.03157636273357239,0.13867042168221116,0.05131674965743758
0.1348655689009859,0.11230179569510088,0.01881173532610665,0.12582787759055822,0.030392061601963543,0.07520110173837995,0.18741747749554485,0.045084408351960606,0.18953513061764005,0.08056284268175935
0.03947490471419026,0.05984023209427791,0.12883423682381362,0.16343966939721524,0.11575779059804112,0.04912906072200555,0.17599080854252677,0.055305610320818925,0.17754099391520836,0.03468669287190239
0.16313538280188197,0.0963332461661192,0.09106563224021526,0.08665801509294521,0.04221292184334163,0.1458794460941133,0.04694734308000488,0.1732300544634485,0.10156155979278805,0.05297639842514184
0.05853204216211293,0.10540255837628436,0.18772773689064975,0.017677082106139302,0.058037427832034166,0.0142699634058865,0.2109803755548501,0.07225357386554851,0.22086532469514478,0.05425391511134956
0.15521999953850044,0.07642046453307881,0.041651709223830304,0.0970675545017811,0.045465056541277395,0.014494117187079509,0.15137838118183256,0.12644291195648355,0.14764614546263646,0.14421365987349974
0.08454110810462195,0.18714162419888286,0.0005360458501726884,0.21617869382178845,0.04065652031970931,0.09896140399351892,0.18395716916469868,0.06677333601871663,0.0019068093914106415,0.11934728913647984
0.07957844334741611,0.1322461254266176,0.030994591254533622,0.13547622924206232,0.11105143373389528,0.0715888656532795,0.16907298330357343,0.036002168078092166,0.13174327790746193,0.102245882053068
0.10489959609349185,0.0909782735123637,0.11081639337363394,0.13679452011958126,0.13339151087396248,0.11761270646791198,0.0155268287604096,0.05526509616022088,0.11557270987067747,0.11914236476774692
0.15819597876204514,0.1549760703290273,0.16219232665836386,0.03592812892597469,0.08390347482040587,0.086733782302371,0.1289748909074712,0.01781042916120018,0.15889561593182908,0.012389302201311719
0.1782965969610413,0.10257016962566182,0.09356102635468012,0.07864306966723672,0.13540764000674463,0.1373215599949538,0.02111140948888093,0.032772029778698024,0.07892775819799361,0.14138873992410908
0.1405010058007103,0.17224401786961885,0.03458909837590997,0.07825140977651039,0.02079332007426922,0.07036951286685773,0.012515333253055743,0.14712717612349369,0.1637632289332453,0.15984589692632878
0.14388900539896776,0.023308735632735566,0.01150858296861889,0.051176310847372314,0.04113431498884135,0.1164418486275963,0.15183026351750523,0.14575262037582357,0.15405045422362157,0.16090786341891736
0.0832331811291098,0.17157794024761747,0.0708223100448932,0.009168425451836628,0.0991692122760858,0.09151247596727503,0.01929358110146589,0.11014815579506149,0.11641323171684613,0.22866148626980856
0.054181340228324486,0.11940209305108947,0.1543225210200861,0.1289203603152492,0.12440932171598532,0.1117567184722859,0.15035774098518503,0.07828748972475108,0.002641892837675261,0.07572052164936821
0.013788760853020268,0.13456618271718546,0.05677816892200119,0.15082574284881453,0.15147167456139737,0.0939494366604317,0.05898130156242658,0.10320803441906548,0.14867222653866902,0.08775847091698845
0.1526185654724717,0.03538585974348026,0.05688191768028635,0.06170964766897472,0.09682784414434259,0.03581763826110455,0.0994529640597428,0.17978171532766607,0.15257717603979903,0.12894667160213188
0.008490027380424403,0.10059721554688072,0.014012974354149034,0.09320543549679036,0.21132404731143553,0.15029847192119236,0.0302285732788264,0.215698763649878,0.05422287906759588,0.12192161199282744
0.061907590888862524,0.10942164871449493,0.12203982511133175,0.0880457188231847,0.15208982267839502,0.11832898973167157,0.10857174025499781,0.08720366985334549,0.0838152261824097,0.06857576776130651
0.23502823109453486,0.06629803759189384,0.06630250136466466,0.05382325012913914,0.07659685887231525,0.1123013603387945,0.21818680445064675,0.06987302784526568,0.07694650798474031,0.024643420328004925
0.15576483720545908,0.19851761892019407,0.05843753997547014,0.17762115662957004,0.015989066594647383,0.03177713924971466,0.018679268130718928,0.10776342356724626,0.061037673894267536,0.17441227583271185
0.009949410799564582,0.10187284369339143,0.10948045562744663,0.05421765461440445,0.08367323140580847,0.23356639795342782,0.027580941703318474,0.017323680946421782,0.18575615518256974,0.17657922807364673
0.23294345739746816,0.009798841653217047,0.03195712233754114,0.13516623860525148,0.04251833750015344,0.19031484095581788,0.009373488108966207,0.07275475750684272,0.2326181628085457,0.042554753126196124
0.05373542107695546,0.06802552740088916,0.14261307619019212,0.022907335037661406,0.20916856254775945,0.026801758948377878,0.14874366473722347,0.17411866399077056,0.07322711893648337,0.08065887113368712
0.01531844671532723,0.06871546498341734,0.2128192029951973,0.09632505554931148,0.05934429601545165,0.2134969731729378,0.031359848504082584,0.14994748869232988,0.008726050807105977,0.14394717256483888
0.07752570788229655,0.08546779261833787,0.21634752541998709,0.12786963844161842,0.06952564075834518,0.18254487565877925,0.15804358097441315,0.033017117687266444,0.017443545336739065,0.032214575222217136
0.1220378980182258,0.14471040919680542,0.06751510459225095,0.0606482130431184,0.13369184889109398,0.1010934749395213,0.09149228801485464,0.06540563620522247,0.0927228572397095,0.12068226985919744
0.07071432458743125,0.07634275456289409,0.11856663138610464,0.1758740559506948,0.0697050909524232,0.020750608968806455,0.10333801371054828,0.0015679960214496065,0.17175665693839406,0.19138386692125356
0.008825417919652115,0.19758433538871592,0.16983429332731792,0.1959936597861518,0.008757114006168942,0.1602139231539994,0.09737224614850976,0.05098738149110581,0.0381341976064051,0.0722974311719735
0.0860741066198384,0.14724003556120097,0.032962360082205454,0.02416259520645841,0.03678602562463753,0.19008817347382448,0.13823599709680476,0.13153448729281833,0.14883040507999823,0.06408581396221334
0.05058310795639334,0.1730709331477744,0.1544139467777014,0.1755218830884036,0.05690761097737101,0.16189172486164916,0.048218675254980324,0.022447143346809306,0.03736198700549656,0.11958298758342083
0.04700322905372004,0.07928057725922263,0.10015547143886215,0.05331906458158351,0.14665263146310753,0.09568660224478269,0.17023163738551658,0.11589210864342318,0.05685632067257593,0.1349223572572059
0.0746593759455088,0.014834027838407328,0.2036560156549341,0.07900974124345375,0.16984952449899496,0.022190905840063575,0.1448747667096829,0.13089769893609768,0.020394574866892893,0.13963336846596403
0.11814130574130353,0.0911492063223349,0.12856612265787087,0.033912297871984014,0.12367012824330681,0.13324977810488775,0.1677034010258515,0.05022131348065666,0.06779625460984336,0.08559019194196066
0.19536698307328323,0.12163434847413716,0.07443926800538052,0.2310270813482119,0.09077209893708216,0.05163247177898904,0.03569325707514868,0.06250893663982955,0.032364670337472715,0.104560884330465
0.1403783836127125,0.15914711656497318,0.10943072832745594,0.01860758822688719,0.09937320534252371,0.11957314917208287,0.1283172580471006,0.10317063167603738,0.07076058920361689,0.05124134982660983
0.009872902348064642,0.12806321148198432,0.1687355962325402,0.12863384353565974,0.06128565155604661,0.08923295302973255,0.1341910931415096,0.01571990601525933,0.09386446730471056,0.17040037535449248
0.10347328335692058,0.002185110815335389,0.008308433903125119,0.16392101093248093,0.04983246700183685,0.1553065246688664,0.03689209313065835,0.15246173987338854,0.18722932495381217,0.14039001136357568
0.05137397613864863,0.1868725120145714,0.22679020737003436,0.20656531970336525,0.028470215712034366,0.07172194965741284,0.01902381808151694,0.004869658146030097,0.014611274158668995,0.18970106901771716
0.17198414880089824,0.08463999211767192,0.03743256588494118,0.1724072651891817,0.09051484425130346,0.00354761986275746,0.07425140496870841,0.08268661896573475,0.1796464488516275,0.10288909110717534
0.015609662543548636,0.06436252579331218,0.13351649629138293,0.20057904423471282,0.00802786305341109,0.07358610517236398,0.17609443379864873,0.09423033532107689,0.08570243349539909,0.1482911002961437
0.1769791865687667,0.18208740364182416,0.01818139372805229,0.031053479431677,0.03717910267899791,0.08454241110424265,0.12010651001606279,0.14839351360702732,0.15402355961285644,0.04745343961049279
0.17320043079241665,0.08301654063061174,0.06093903011269672,0.1780403753603758,0.04316548019672399,0.07300315288989634,0.18180245226337866,0.09991741667376808,0.08966713422350496,0.01724798685662718
0.09389126322913978,0.0716404725658366,0.1169130435371648,0.12373336948221045,0.01689948224127964,0.1140147570016281,0.12081237909291777,0.005205135512500775,0.1469644649735359,0.1899256323637862
0.09474522150256805,0.1540743537942026,0.0071098036207989206,0.044530284579384766,0.09424329448125619,0.047248122607655506,0.15478161588261838,0.17554363447123256,0.15718957608228826,0.0705340929779949
0.05033107139765918,0.13460838605452313,0.15869553220838545,0.1649355880273054,0.12829807411101624,0.14093759937211273,0.13287372738888775,0.052996260593628775,0.016082837748477043,0.020240923098004356
0.05929917926322963,0.13949643452334556,0.07818004871312136,0.04158866768313289,0.06935662408960666,0.030524141336112868,0.14825722518766446,0.15079765937670273,0.16526595998363358,0.11723405984345003
0.0955214421075593,0.04543640167638586,0.04396998599145085,0.18327228060803186,0.2195607161999014,0.05105417033311803,0.058335675363431594,0.044982898534405215,0.2265954184366386,0.03127101074907727
0.09077149969095577,0.05665306460549448,0.09901608899729372,0.09640680546582767,0.012004172442914025,0.11345428586306332,0.08927676163687988,0.18417409821424147,0.10818759768997512,0.15005562539335462
0.09038829437514793,0.07284340973875413,0.12975116927943875,0.05340082306848609,0.09046146489102092,0.1110294518856078,0.09104448974624482,0.06698367814277564,0.14050813972099194,0.15358907915153192
0.14885246400457733,0.08218638326364572,0.1288302281745628,0.1373635880197459,0.01971672087097642,0.0945488325554365,0.1099835895029332,0.15004951501922673,0.01039385745096215,0.11807482113793312
0.1312350671310447,0.10038136622406722,0.10201270045658904,0.11823548047634433,0.09043291831551918,0.14676201373510045,0.1136536656722289,0.05756429886895493,0.08272042410804534,0.05700206501210586
0.005093809946106253,0.21114351332898348,0.0457688650545961,0.13314403668551034,0.03732859633700321,0.05524100891447033,0.12655050145133623,0.22141450457906733,0.01660904568569126,0.14770611801723557
0.07054035846594128,0.16351513682494462,0.04658841402721646,0.032001818358791595,0.09512390286745395,0.043898579806354865,0.15023204494635542,0.13321852342735696,0.09666765985086782,0.16821356142471716
0.05632398380498017,0.08906876070950119,0.08219483466502955,0.12633599609784038,0.22284018474687664,0.20088607210929815,0.007198399287011525,0.03887603320534939,0.14604876473323955,0.03022697064087355
0.13406283512592948,0.14022602441361287,0.11340915763089275,0.024088297707909677,0.0893891235033127,0.13232279749166398,0.10309050821079092,0.10834350651354242,0.013281713177611634,0.14178603622473354
0.15307261893910146,0.05235973805838821,0.0721506648751805,0.024925663487268594,0.08366500090291866,0.10192078107315976,0.18107053332188636,0.08418155277810212,0.12857478732019062,0.11807865924380388
0.12493591474097776,0.1737142810990001,0.08841846264553355,0.05261396914995977,0.08740641727999611,0.10418651197692062,0.11986995991449244,0.11838067749508434,0.10514895219329141,0.02532485350474388
0.03911104009143958,0.02165617679388899,0.07461041737160197,0.30045537784647086,0.1716342469496649,0.12549571580808105,0.01873668915387802,0.06812729031720355,0.010295363619511047,0.16987768204826006
0.08462374073474958,0.16165771889010397,0.006173228798406504,0.15595698947478556,0.05823601887669512,0.1271606822540667,0.17682446499294951,0.14488124869000052,0.07008114806613903,0.014404759222103427
0.1303869844181233,0.11585605145138318,0.06513039926971838,0.03125518307708341,0.028731488770333654,0.13998572090948255,0.000672678991451573,0.16848646700152922,0.17392430293681713,0.14557072317407752
0.05089010481733665,0.1238634989152867,0.17498095735847247,0.11193159233911118,0.15477064516472333,0.045978430967654554,0.10682910069685417,0.05175234150878513,0.07923981411963398,0.09976351411214182
0.2235902536900676,0.07740837563161788,0.09310862999492397,0.005357724358605709,0.005625287183021164,0.034031641587358746,0.2235802359223321,0.1616795390045936,0.06764053098209818,0.10797778164538113
0.019661322890222283,0.07292536288109058,0.1709423504400094,0.08577955559966144,0.004361674577488311,0.12183383403792994,0.013192860675029594,0.16717990418504636,0.17059204603047204,0.17353108868305012
0.14213520254193177,0.10374686215748133,0.09136861518314292,0.12724249278780475,0.06406852938678591,0.07195794737434005,0.1358956155870059,0.11393926141654578,0.039348928443022665,0.11029654512193884
0.23309449996303064,0.02720255874248651,0.0050692218173734776,0.09236822392057595,0.18641394938074518,0.10045315856603405,0.07032094694036295,0.0668807317559835,0.02412365229885668,0.1940730566145511
0.17170114969277567,0.1520378802135472,0.07211205104131051,0.09747320697792354,0.07193123310206503,0.04087574630141151,0.09768791834491752,0.15355324953912258,0.02013126033028428,0.12249630445664213
0.0998869209128825,0.12098983190773283,0.06098607324715408,0.0835504433474494,0.13833006782629179,0.12321626763976681,0.0922204036427657,0.045592197212226425,0.09002021677954168,0.14520757748418875
0.14561666219257627,0.046993559942796276,0.11145625771143947,0.06764036194843095,0.08478125568886137,0.08450118681228047,0.14878816748712947,0.10484963914757325,0.08261765157855608,0.12275525749035639
0.07350857919346944,0.08836338225824289,0.025913255117555684,0.011407024703856185,0.17908528797882672,0.02804110548059348,0.029914440131578166,0.22931482715490173,0.23882230495604953,0.0956297930249262
0.10264565210246608,0.11669463086411103,0.06539557289285824,0.14437171690836215,0.06258335409726339,0.13737489961093927,0.09741686066353525,0.12257787084199188,0.041597377190131415,0.10934206482834134
0.008913365987258018,0.052972609344198,0.15886401561144972,0.1431145379671428,0.021433656980617045,0.1915201097668312,0.03850138717706706,0.1644486168177451,0.12122770662449785,0.09900399372319307
0.007593124324938815,0.016053156650616046,0.05348648423408383,0.13685712190836846,0.40156720152956976,0.11075855719376171,0.1807774207809861,0.029499178918492984,0.02831990538490607,0.035087849074276305
