i = 0,i = 1,i = 2,i = 3,i = 4,i = 5,i = 6,i = 7,i = 8,i = 9
0.048495418506089745,0.2007731307238034,0.046348225158169915,0.028910399814942984,0.03988841467283519,0.06350519924721047,0.09820381239019373,0.18729461611342207,0.18967543034548542,0.0969053530278472
0.18501572759016102,0.042899004627994675,0.007216647844179153,0.18271715499204294,0.1549130161290904,0.06541175731556208,0.09433490079074752,0.07648384892765249,0.08602292917402983,0.10498501260853987
0.00647284552559112,0.07715615157450587,0.0010352646374432064,0.13548920487999785,0.013064249519159767,0.16864906804173815,0.18060197867474312,0.18722748738700185,0.12994637802511352,0.10035737173470562
0.13557969681824303,0.09137369938656682,0.07882400101875527,0.1109712364180563,0.10569316822908871,0.12886505849417385,0.031863801880914665,0.1778462356753694,0.004900614773049744,0.13408248730578234
0.07935704772535135,0.05555540683207778,0.04902855402239825,0.124871004105949,0.19560084148854706,0.2192420526641122,0.022497532384441313,0.030884833986102356,0.19976356843302412,0.023199158357996505
0.07984348947443862,0.08675745171962117,0.0017668632859249031,0.100173341584661,0.1194331361129034,0.13648724355730965,0.12537362837325366,0.15790165563331737,0.049345560747744634,0.14291762951082562
0.10840738144053445,0.17334636126289116,0.1468494356405078,0.002017794410166202,0.12234443895455788,0.1270039794707959,0.1010945640969352,0.0299527231038143,0.08807692330207555,0.10090639831772145
0.16493402864796133,0.2321676092705488,0.09833028094172001,0.07156021510805884,0.12663733854132758,0.09264734699634414,0.019861181475955066,0.03196557673988488,0.05299911065913967,0.10889731161905969
0.13082015986301776,0.021668449705685836,0.15996446348386248,0.016658199900125837,0.16485159446131134,0.17776556043908928,0.04150787998716003,0.0666127042666413,0.06308781251477565,0.15706317537833064
0.11309386911755373,0.12655976391123946,0.047658902723364094,0.12561942094058134,0.12183439426182725,0.07668666760026988,0.16222926054678433,0.027723350553383326,0.18626767773180547,0.01232669261319108
0.16974766372763198,0.0004890314063896732,0.07355862307232668,0.03297447716555373,0.1811591000011918,0.059751077423434384,0.07905801659538005,0.07351934017694496,0.17502863395510823,0.1547140364760385
0.14896866321088761,0.07762026184964134,0.011500005157093467,0.19440347408803638,0.12744417971445937,0.04444848564417507,0.09603595944732932,0.07603089426535613,0.14763699973930028,0.0759110768837211
0.061101801176039215,0.04083847515931917,0.2244514699341703,0.027146270008059085,0.09076459325444777,0.20694174231613494,0.05306888124326729,0.059776965392056174,0.21130588961076519,0.024603911905740836
0.017961191540238855,0.023550744186796976,0.22729091608966095,0.02881751877709014,0.034395128119307554,0.2520211764715072,0.11802573603475387,0.021252266323541522,0.03439141933821995,0.24229390311888294
0.04946162633983098,0.008303721532878651,0.12473753460506995,0.1820125545370169,0.0340246979611344,0.03513843024113495,0.11206855370072553,0.14135215547333566,0.1901037007271759,0.12279702488169707
0.07622271880884951,0.1190624378017788,0.15052038277943242,0.01233168238642022,0.14041375219189453,0.16500529472838807,0.1070897619482896,0.06345794454841663,0.1319225749199831,0.0339734498865471
0.0011830961805728393,0.2393676674291351,0.2873287106769668,0.125670529468618,0.004793794033442409,0.07587077226691426,0.019824750482559758,0.02834845752454205,0.02097062903472466,0.1966415929025241
0.060035765141236916,0.15875750871711058,0.07464829291246082,0.12516854318183968,0.10255865262186509,0.07962927332466987,0.10361704077015325,0.05556588144921191,0.15054312415999938,0.08947591772145251
0.0786154613566237,0.17119576856407892,0.14821626940224025,0.05284548480747938,0.09231231524854427,0.12435001505504234,0.1765482308973429,0.10626445381045095,0.010006788605338181,0.03964521225285901
0.0128887892073549,0.15970210195800885,0.01058786060185087,0.18208534768542192,0.06953883881531082,0.17468722076634555,0.1430282474441515,0.16900063112562247,0.026663675232078823,0.05181728716385422
0.16275515308074082,0.05920751327620406,0.008091971154602778,0.024102077161177685,0.11814385302696728,0.2183596262303045,0.09301845359590634,0.0926949886046224,0.04891987857278942,0.17470648529668475
0.1772635387921822,0.09907554652699947,0.01397319565756154,0.07238207434451248,0.12278102772709877,0.20460050806842586,0.14826310588358677,0.07355231021609412,0.04352185198089771,0.04458684080264101
0.19829448436248617,0.20535271328728327,0.1116470115702822,0.07470191436696454,0.20519696878827684,0.023773643439650192,0.09895569935932431,0.01770955508838214,0.06388239079938746,0.00048561893796287815
0.0543243129076514,0.16701515865891403,0.123743511327192,0.05409993899938195,0.14455097075127904,0.17120541397064998,0.13745093966424257,0.01965304559623746,0.054090206081866855,0.07386650204258464
0.13516327769184236,0.14291209378296266,0.13429571132877996,0.0003461286158168771,0.19218487751433447,0.006541144804179142,0.18247920176090765,0.1602674876342123,0.036084798316970076,0.009725278549994444
0.046254349090533955,0.08700807853304629,0.12119370370617438,0.19479623064448906,0.1179069222973503,0.08939062315703103,0.07030946640590165,0.02371029793338735,0.1743894004850406,0.07504092774704549
0.13348444776232507,0.06484812446284056,0.13545000648755567,0.1564425133808069,0.04496115044567725,0.004733688751261585,0.1043726065068172,0.1399437635706118,0.14351393999375156,0.07224975863835256
0.07910672187721472,0.06985533357165745,0.1596426958929507,0.22683320617799724,0.1364117699713323,0.14229154865909152,0.058332931739238196,0.07082034080084945,0.029530717710197472,0.02717473359947091
0.1975022159589156,0.05068691346694094,0.01279546575683756,0.10238895670922976,0.2081177977226507,0.13455051605337012,0.03727428198360629,0.12175238720853883,0.015793757221735292,0.11913770791817496
0.12920083937220933,0.1769267507413171,0.043370225840177364,0.02624910796504169,0.10456563154753874,0.14516871793112276,0.04447685956064052,0.1577127002600472,0.13698865240856262,0.03534051437334276
0.06670746180727569,0.09275989459049307,0.07452734132659823,0.021658986678657142,0.031992511377074394,0.21010084040572288,0.1798428391383844,0.026407721197510833,0.16390532083383588,0.13209708264444747
0.15487350174704154,0.0932934337239075,0.08324640615966698,0.12931585017053712,0.007298337139463586,0.17228088797782481,0.012405567857539407,0.08296290995140009,0.13309147347263878,0.13123163179998004
0.1313272059051569,0.19654370715293282,0.03619627088241031,0.030301665233282225,0.14367109987898227,0.10697738053830991,0.09106241823245304,0.0410827754220679,0.20053985775970093,0.022297618994703512
0.0862705314301393,0.03757740226925329,0.13930404335484653,0.15150200005006217,0.07510736282811073,0.12460325722624757,0.038183838958863375,0.08438943281068476,0.11698855162409792,0.14607357944769447
0.07287917985274497,0.12700421594690545,0.09129164361514946,0.128566084471437,0.11229092533740427,0.20451234408024357,0.010438597599303706,0.15464515972169107,0.0025986228066003413,0.09577322656851998
0.11679300875440304,0.01808476693779569,0.13667055730999209,0.15289638421414525,0.13506621058389706,0.14417924532963944,0.008852987125416571,0.13936292885317839,0.13727291997861343,0.010820990912919045
0.06293455886747067,0.16587290758264306,0.12128395799226482,0.03814564382113708,0.11095990578586325,0.15903424563485977,0.04104842774135116,0.209520257334436,0.03656147930000076,0.05463861593997347
0.03917380030395606,0.08092606061282039,0.17899403393925578,0.14506025388607185,0.06734796580778445,0.08289660390041068,0.07702981048053888,0.15901633197191298,0.09279451514299117,0.07676062395425769
0.11734183083649884,0.028259536845385628,0.12324730345574493,0.07658023023087761,0.15660685019228807,0.15765113287907384,0.06844382709165793,0.07412620677645168,0.1214060501660684,0.07633703152595313
0.04650503015686214,0.12330273488751253,0.014743294514338477,0.11726429787996244,0.15410002733440037,0.027094008022643407,0.14981040737514745,0.11335251637974651,0.14441701441447885,0.10941066903490788
0.05006248341106098,0.12334152875722958,0.12198953833714976,0.13850066133101424,0.09993743977011214,0.1251646108670179,0.15013060270603057,0.019809778337499553,0.05644894995987093,0.1146144065230141
0.15901178896675497,0.03283937549405265,0.08670647325432163,0.08279294988103741,0.12164351044066934,0.15184210469713572,0.049984582456015884,0.11460625176797792,0.14880665557888198,0.0517663074631525
0.14855175923969505,0.08467792330846108,0.13408673226387904,0.17312830462171147,0.11457426028761859,0.012317356609544227,0.020788741570219888,0.17346127820077545,0.07627857044656135,0.06213507345153386
0.0243906244381747,0.020139221079968437,0.20177574258665684,0.024264313199057193,0.19525840627304872,0.2326860009280304,0.1541370179268008,0.08012175514994113,0.046378373115862535,0.020848545302459283
0.024598629790188828,0.04685325773007953,0.11254690174575331,0.008888069029983334,0.06852264512437738,0.11523007717669315,0.22741327148170878,0.14058032950565125,0.251485762751475,0.003881055664089548
0.0990027161201703,0.029339139138417812,0.14573524183724687,0.12956361839729894,0.16938254692612717,0.011887783311409498,0.09154004228886418,0.11105594210154994,0.08126644767746545,0.1312265222014497
0.08341083267554537,0.18768576973028442,0.0204637408140625,0.05590915745939227,0.12378377732780188,0.15716156291117495,0.16065521843247763,0.08702977920435441,0.09893438431185471,0.024965777133051762
0.036246249824806676,0.09563569047567397,0.13278765246720098,0.1301976004718679,0.023396443291161827,0.15431774112034755,0.2025178981952425,0.186748829204183,0.000903807436172747,0.037248087513342916
0.14862638554507426,0.11776892574210313,0.04156905689582951,0.02412552171198093,0.11657985267538054,0.06107666113044732,0.13007436710698564,0.09396739589290386,0.08810566993214473,0.17810616336714982
0.05919383511768265,0.15333216437555572,0.095498865920378,0.09546449702491368,0.028187691737584758,0.1974594945629217,0.13151197892189823,0.007953378799748808,0.1058470403641691,0.12555105317514742
0.07349791579806181,0.16970093335431216,0.12960781850732903,0.00343118714431881,0.08691879368970361,0.1666966753654417,0.10965980676038689,0.1505661002986472,0.06942772661096705,0.04049304247083188
0.062343162381198705,0.006590525659697082,0.0669235605092774,0.05965888635669996,0.12610844326116838,0.03746243845957432,0.1719598119004948,0.18601654726545408,0.1444310340171029,0.1385055901893324
0.054925062372013535,0.033235130767883904,0.16428062904979196,0.031841469534032066,0.21150945197733553,0.09954021307115614,0.06156412876651638,0.1316865967597739,0.0840930416500736,0.12732427605142285
0.1073642305666279,0.11524900854109084,0.059436275371840416,0.11497797224756551,0.09237979597272128,0.024119572947636433,0.049501851047416695,0.10922825791075448,0.1633453237531897,0.1643977116411567
0.13051927310022884,0.1577634255343415,0.0061158089663646935,0.1606860226485315,0.07659831997893776,0.14939410202916062,0.10505864226393509,0.008877458438258316,0.07264068192075339,0.13234626511948822
0.0883136434973168,0.21870817046993643,0.15248467250707262,0.04197162799128407,0.051396808168092126,0.010085167991693499,0.2023193845007633,0.07409561561469678,0.13688477263381565,0.023740136625328624
0.12933618971858496,0.15731711061153433,0.05771718348819995,0.18495860289620336,0.07872496859407305,0.008385037777062482,0.02667072899839201,0.1972015478232844,0.13591322412204174,0.023775405970623668
0.08249052919199107,0.008140153064773142,0.004742374805652185,0.029311393129427755,0.027377622607009225,0.12893771661038797,0.05451614333636529,0.2164268438213341,0.3036534051150502,0.1444038183180091
0.09496817733259255,0.038199707447383664,0.15442407577710882,0.17319448745840124,0.12121711610807416,0.16522918780135554,0.06689556480021933,0.014491910324757688,0.02833157440419114,0.14304819854591588
0.18299434537445175,0.0303542100188779,0.06315963855132785,0.1612380937400493,0.16225168512899052,0.024253946705916508,0.018053936211830022,0.17205815185733286,0.10052977050472271,0.08510622190650051
0.1417185219748008,0.021933005076850427,0.0030932661237061693,0.13478889087050872,0.08257317012712309,0.10085665270264915,0.10360875984721461,0.1460196490653044,0.10608314434315883,0.15932493986868385
0.03823692821726561,0.15225401899484195,0.046482848366552136,0.06544572123670811,0.12455580914510464,0.17580659756121972,0.0019585268663116972,0.13496675900738433,0.05097941069213435,0.2093133799124773
0.1307482127607405,0.17194785887596298,0.018463701674883717,0.15762134912814282,0.15461252271357348,0.0870922332797032,0.05443761782630121,0.12028165228732436,0.001981493299967663,0.1028133581534001
0.11148935781834665,0.039483705860044176,0.21640855866442749,0.18048627975027737,0.003316724509840373,0.1436533053042067,0.10993892867016353,0.03743273260249286,0.016283807119689683,0.14150659970051122
0.04927531095936112,0.16373433070370186,0.04161142921129931,0.13920061205929476,0.1948913631446499,0.08679855731378072,0.08957438830433843,0.06622336059797279,0.10882784653593254,0.059862801169668634
0.15642782575398642,0.1191789156011712,0.00550015209981094,0.14140806810279738,0.1213784149819179,0.15772313168336988,0.07179303529602965,0.1182226693022887,0.08791695995057618,0.02045082722805167
0.09481722524735083,0.12661667032987836,0.1969578796119288,0.0832947721369703,0.0036287028097588842,0.01951617965406261,0.033937199543537536,0.1905032121548756,0.09572922222128144,0.1549989362903558
0.09643183574577402,0.1252354014637638,0.10935822385827416,0.10155080472359798,0.1361621019032576,0.001560078202505608,0.14381477010567098,0.13633045367201074,0.01861781373437192,0.13093851659077316
0.0805895651678729,0.043058044183242584,0.19864498636810993,0.16864108200462288,0.118174302267855,0.010144051844436692,0.060857254002925916,0.006530556978144523,0.1974663202333777,0.1158938369494119
0.006799231144350585,0.08192623257506079,0.1536899873885029,0.17955012383111482,0.1658796746844053,0.18893186806233278,0.04412844850296404,0.008538317259309626,0.06230050751648222,0.10825560903547714
0.1246577958185184,0.1651929735257163,0.023469304412707916,0.10817201425427704,0.08536525628720494,0.13888984062959894,0.09787989797536856,0.10092618268711528,0.10265579121166114,0.05279094319783149
0.1347124471707925,0.09381100594180684,0.08156755232290545,0.13404447883794524,0.03833145214499732,0.08967319578249767,0.11270456089505293,0.19022259359109633,0.10135205278041663,0.023580660532489254
0.17013205458717445,0.09369806868789453,0.13716629553977214,0.0275721627263664,0.19081247873596066,0.071829562623246,0.17332537670530457,0.06082872949889739,0.014658429547520436,0.059976841347863415
0.11833102419437715,0.05142491681676142,0.08464425123975637,0.08673249951554787,0.12966504085993336,0.09075987082374312,0.11484021349391471,0.15892409887699432,0.04547580284366701,0.11920228133530475
0.1591801588180342,0.13403422634889572,0.20556519258609782,0.048616178179001754,0.015890150567345985,0.011616933691323269,0.09042381193920425,0.02041428774455482,0.16727125414214647,0.14698780598339567
0.13894061621978301,0.031453278273364124,0.14176778968809536,0.14896551617301487,0.035195704035889355,0.16505826025577697,0.01645685673223451,0.1513126562998046,0.035565135841034996,0.13528418648100224
0.00560048556877561,0.010310056126869374,0.06128717134515998,0.1905738837874325,0.150692474614844,0.17448209240286727,0.14366372715850495,0.06364156206923835,0.17814802010142494,0.021600526824883202
0.024034709799144606,0.033211451160984486,0.11439084397138947,0.08711655551756148,0.051348114282918605,0.21620948710018179,0.029553183721929166,0.11939069758566052,0.22741633602321892,0.09732862083701097
0.09184814768690107,0.19814100286402117,0.13928443413308436,0.18625635511608465,0.18079353013167312,0.012866075565507272,0.06437630362913627,0.008626863926286008,0.07630728270019774,0.04150000424710837
0.00904455266712213,0.036610231183462696,0.14907725943019332,0.15279110352948344,0.06763470494240295,0.14266535979651657,0.08005631675537103,0.13843269239951878,0.0897963198358041,0.13389145946012512
0.034304105829881304,0.06530302759170065,0.14197264309956875,0.06666246154194286,0.03556210417654104,0.11806534915944716,0.20972203708362577,0.1300390006971296,0.046789126958367504,0.15158014386179525
0.10853646414435612,0.01896688305563022,0.1399164493872444,0.1149604771002996,0.15726894964840013,0.17462774277633666,0.10180304082320488,0.0862411429881397,0.03013726346852669,0.06754158660786154
0.15334716096936332,0.09921712829325333,0.05609416586658621,0.10437777614475165,0.05089369254426243,0.10544746130267098,0.05427062822310283,0.06357926851251065,0.1474069842519411,0.16536573389155765
0.03830089352332766,0.08697933728486199,0.0184312095308273,0.14522112834506498,0.06611688826722885,0.21231142498440336,0.18915622977073693,0.14711147987806125,0.05789616720035358,0.038475241215133994
0.004366376180243049,0.1683457898489572,0.1143604461969076,0.11269781642589509,0.09036894695188569,0.04363669215653195,0.17179795942260823,0.1218712162161736,0.03351491292570634,0.13903984367509145
0.07106464855906187,0.04787071807976149,0.14024937604435037,0.1443004957403502,0.04555918489735359,0.12635134598006303,0.09261752517699123,0.12731348056250344,0.11342267685248714,0.0912505481070777
0.16998287790160269,0.13399638611768996,0.01881875649375384,0.045634955875772286,0.05738501094668306,0.15835204496878885,0.07859336769838442,0.1454846685304856,0.04275964122859113,0.14899229023824825
0.05314963618221588,0.08180104566918217,0.140214173070683,0.03994831270635487,0.1426298860991175,0.0005582467479398347,0.13967206742712052,0.14069455979688053,0.11455461888498394,0.14677745341552195
0.0922702601180414,0.16414814532459493,0.14749339767540068,0.02293210464229714,0.14790150453475076,0.15426113615292347,0.061392279016239545,0.04145610702599317,0.15582952657422622,0.012315538935532586
0.08371024378373784,0.09606172827843736,0.11031154835147591,0.15172086509738753,0.08260405533793409,0.14538265031393005,0.11896113584263465,0.06378662999356904,0.08313784850703625,0.06432329449385701
0.1559500215476727,0.03954992209530309,0.05803107403890444,0.10976501396843054,0.10312167761223677,0.12146284870660318,0.106969540868436,0.15116493175948134,0.03834682411007033,0.11563814529286144
0.05881451420271101,0.042479424717016635,0.12115543352601885,0.07637141788270643,0.11427311594679473,0.11756860154642566,0.16749003930596784,0.145559962244636,0.1433056146256885,0.012981876002034336
0.16195231677317698,0.05303133421130826,0.16063572251518785,0.02408148468792114,0.009493218731946406,0.0585233507812846,0.08492362443682556,0.2072298836882396,0.039121523471000445,0.20100754070310914
0.026999497911234474,0.006571420387110345,0.05307109926413366,0.19577773991852032,0.1579562280581382,0.07659992226598719,0.20563165201300673,0.1977322864204716,0.0318897708487477,0.04777038291264984
0.24131757084637045,0.02324826960614342,0.009753122278746926,0.1351115359598002,0.1908677585309405,0.016975577099817108,0.05932352486762542,0.04300377802407158,0.01479470902571034,0.26560415376077395
0.06599879277607414,0.05152505964832907,0.012768044511663574,0.1725837005773318,0.05566264100041156,0.06358829425623444,0.0920896880060038,0.21741593461691486,0.2550899403992997,0.013277904207737135
0.2618535202741793,0.21285501773901402,0.007652573205938877,0.10237021403202591,0.0038321387994714427,0.0866464653544621,0.07748441112093342,0.0815245036431358,0.011198215622597,0.15458294020824206
0.0038749384732038685,0.14777701897722836,0.10745313771290464,0.08617249716903441,0.1587127751135557,0.0672238666366704,0.06065401318025863,0.10682047082203346,0.13059168417843162,0.130719597736679
0.06812342994738167,0.09368690457215101,0.09467862812137251,0.13663379756192343,0.14659652914807159,0.14799750164351086,0.10988924056232471,0.05876016355357573,0.09811570557653139,0.04551809931315713
0.14221261410181799,0.20033427931299358,0.15276586267159797,0.08584041630548585,0.012219117434152228,0.05928156779889608,0.06115384966407627,0.0766786490905662,0.07519096300414359,0.13432268061627028
0.07409185311673037,0.05909184960095531,0.051330177289785735,0.09311463283331958,0.1315678933888523,0.18104889153241654,0.1002940358078103,0.14861271870588388,0.10443996560631742,0.056407982117928496
0.004943895758459363,0.05704095412262709,0.09846554488541237,0.13732669951337395,0.13759445301509401,0.05891149697726728,0.12095025850906121,0.1112771572373116,0.15573696049832275,0.11775257948307034
0.1282348598967402,0.01473466450396596,0.18967767390302884,0.13867613049515506,0.04907422275637369,0.17077775474026358,0.02321479017193777,0.09193627151770553,0.13505178171338625,0.05862185030144324
0.0723888555498173,0.11720860937257496,0.10560266787702541,0.15922661289085652,0.05903788809319546,0.014867000134428964,0.08690695293661721,0.17518670996225694,0.039242068683756307,0.17033263449947095
0.0930998339922715,0.0558223403776557,0.10122055077866157,0.1313383035332698,0.13633818604382647,0.021171266468865864,0.09071927704812985,0.17062897061411858,0.07993956934740062,0.11972170179580015
0.1268083310581535,0.062113896672364055,0.14869171210602522,0.13614642540576086,0.02957845484110157,0.13777384089983327,0.10883175105697254,0.09207800049772795,0.08050978533112563,0.07746780213093547
0.04562487736186601,0.05259476309557799,0.06735327634556242,0.057975279872692305,0.04420492796831959,0.25431745096360897,0.052496678740900936,0.21271203822094423,0.20526848750287865,0.007452219927648853
0.04995449387611463,0.01480208492447007,0.14851874374105903,0.1920419259597808,0.0007934522173213619,0.0989758948099553,0.14372205436487348,0.07241690741616673,0.1530843345668052,0.12569010812345344
0.26948826118290387,0.14573353299393613,0.2643281153261462,0.044558577805944154,0.03273342036508845,0.02567647196647379,0.11630431698028552,0.0080746036521802,0.04452548102088767,0.04857721870615393
0.0632598868720849,0.24359231062102313,0.2222446091576737,0.07030377989980884,0.053634042007964185,0.009245282130537021,0.012520888661515933,0.201068112247856,0.03641829330420791,0.0877127950973284
0.030409463639618103,0.14823378751207764,0.10412816734982866,0.04586990465558612,0.05619493647415668,0.14584621915543372,0.09104621444131519,0.19484029499718605,0.005753911545668877,0.17767710022912886
0.04200368297691561,0.1805707296509951,0.020439690695358954,0.03754544854499016,0.16312772749809248,0.13841311451775545,0.11586590175485775,0.04890466482842712,0.20058824096351846,0.05254079856908899
0.04787595509723084,0.028720657101397484,0.048646048065491734,0.15406559459539204,0.08587845369838173,0.12582139413751375,0.10639179953027246,0.1769833728212562,0.10808487907845273,0.11753184587461109
0.08829606482219254,0.31829964537553457,0.01109006876040346,0.04035033990220489,0.08741908616020543,0.0067379893147394695,0.15683691485007742,0.004454178537997425,0.005715786885709826,0.28079992539093496
0.03329271999960796,0.012076609437080407,0.06008454131403371,0.16452088420597177,0.07158483058200837,0.07557142064624658,0.1107417526973842,0.28054475980354543,0.12147139467974528,0.07011108663437632
0.009469983446686713,0.09774855656601679,0.14860704849467776,0.18427989627819097,0.1500717263868251,0.1428767809825614,0.03712238024420633,0.17152592519664894,0.032120974567135564,0.026176727837050353
0.0956919085522396,0.13190599772430478,0.06964365406437238,0.18240104198674142,0.17013633399642972,0.0294216378110722,0.17793024609996658,0.05571003343360376,0.002901485948011312,0.08425766038325844
0.21415221999872935,0.05670898048520509,0.01713057025744977,0.04472118128623999,0.0848402282062631,0.04973152230282662,0.09114147972349093,0.2015189492725398,0.07526341530074036,0.16479145316651517
0.16999303159977308,0.08640361411335813,0.06904069239693743,0.046416451404899785,0.010864293344995772,0.07328286085461298,0.057655154721066824,0.17590829870929608,0.1926585741453831,0.11777702870967692
0.13484846100644404,0.03336426505689726,0.0992232829561847,0.0702993691646501,0.1404279760190231,0.15223941496667065,0.04964590960625955,0.1252169895831767,0.08809862692764675,0.10663570471304712
0.09740616617170247,0.07140704609441417,0.050960964624066865,0.10503218534245809,0.15624034890481683,0.11476229737853967,0.10600917918091865,0.10800836937272017,0.10219302059828357,0.08798042233207952
0.031160163815834963,0.1603314207828366,0.16731394506091823,0.04081575906580859,0.10900979178589879,0.16504849474922878,0.0015039372126478667,0.11772012285985144,0.060197673930957776,0.14689869073601705
0.14705302178542498,0.08425527686853793,0.10969248518501484,0.13809124436707002,0.15215757309937727,0.033980975476086306,0.12835247813335443,0.07853637610913869,0.05679983601969185,0.0710807329563036
0.16554836769341028,0.09041148030038768,0.13103086360297994,0.06605588222168791,0.10636752768688779,0.12154758718587468,0.023640811627998068,0.10511561870013841,0.1046240854170019,0.08565777556363328
0.09482324905308558,0.07839053938582312,0.2357639060132208,0.04320343003136858,0.16887961758176448,0.047602816665563374,0.054692235925616346,0.01847970682536187,0.06552242907323708,0.1926420694449588
0.1812638018028352,0.00875946512612509,0.07360525075311361,0.10985417703666576,0.16847916758983067,0.06128050106228348,0.18511850038917768,0.05412028928222897,0.1011545666467996,0.05636428031094006
0.002480287668996601,0.17329416584219215,0.0409474367918288,0.0665867690803714,0.1518653804309724,0.15420108451096304,0.045237771960053796,0.01395715973216253,0.151736718052535,0.19969322592992414
0.022680172775271793,0.004464301075836262,0.04403068165339823,0.04235317338968957,0.19716550689757614,0.01002002475089364,0.13320737306302485,0.11016513073963044,0.23773816991030947,0.19817546574436956
0.06878119751668176,0.12682707685831454,0.14931362390881853,0.11221022076728951,0.09590685432712855,0.09507225348083655,0.017021100607471924,0.21955408002076757,0.007611228973964469,0.10770236353872659
0.017770654387978816,0.0039046123609416537,0.14917658387139926,0.059248119423250874,0.08861771548843154,0.1543253873290475,0.16279993722089908,0.1248416509177595,0.08974456120258716,0.1495707777977047
0.08616515268287528,0.06708486728926819,0.11274648730897653,0.1344892945468206,0.04431335978053607,0.20798864708551085,0.0418866954150307,0.12935304811864246,0.1293119659100854,0.04666048186225392
0.14152408709785694,0.04530705475658996,0.04245979369550331,0.12059441962525554,0.13343582864726758,0.18981631736901014,0.15150919926739312,0.06718538696354903,0.08681749621018527,0.021350416367389085
0.1612475609674806,0.08444865059414171,0.03202387272040138,0.09107292149821238,0.17821468309360022,0.015420740225329974,0.17451101000988753,0.10315966004529756,0.01663617126849153,0.1432647295771573
0.10065486525555688,0.1493919555015094,0.08195558569240886,0.06721208712860299,0.1283588961210042,0.028904856441356656,0.030561124016772728,0.20095488941824835,0.1910956745987395,0.02091006582580029
0.03990354400468914,0.024303747509756855,0.021862354296197834,0.21527056156373028,0.19054079979610952,0.17835395559422867,0.04234332672702464,0.06409015844917355,0.10397755040582711,0.11935400165326245
0.18265340702296948,0.10259750454245355,0.06180667075687646,0.15487142754963112,0.03688717731446502,0.11227480274280845,0.10845848750665156,0.0025825676077988725,0.06260691212019218,0.17526104283615326
0.05932247236512769,0.061032143335523016,0.0895149867794673,0.07909411289829647,0.09929748922854742,0.15316369033040095,0.04646687517513417,0.20761005342805033,0.029119694961581684,0.17537848149787105
0.031152847579807155,0.14157848605388362,0.14642497958233233,0.09472236012662044,0.11643730963685603,0.07173613981244692,0.1429855485509712,0.10478043963055808,0.023351885776966584,0.12683000324955765
0.13217660229419884,0.16874374129896055,0.08481774751411696,0.1435155227216415,0.20704597643613262,0.038769592352166524,0.056752371140653866,0.06509470192686366,0.03367846905762955,0.06940527525763616
0.029423259026372044,0.16573397468338044,0.12943145663130953,0.17630719736991907,0.04516695377706151,0.0015031222737384993,0.011336806147257659,0.10869797785223546,0.1982162735022813,0.13418297873644458
0.1093272965255366,0.04821442229604811,0.03688806791112399,0.1064812134361019,0.07091432969644178,0.13797913750877958,0.1788079096823237,0.13559761673275209,0.11662279796469126,0.059167208246200954
0.12110765451492941,0.013130168810749398,0.09339976984402287,0.0684940822909255,0.14432713902389124,0.025178208684407025,0.18694607518327513,0.1512263875830942,0.02878384348495636,0.1674066705797488
0.04896414549016882,0.04730476511877231,0.1956071025822244,0.12846661513909993,0.12925457573741522,0.04761702500546906,0.07754383170104825,0.11459255600797479,0.07175828609585994,0.13889109712196737
0.13657978699809215,0.05868583243586642,0.07369290528141913,0.1567731418070286,0.03215860550335839,0.0864661842449695,0.13325622586171662,0.11554512159370861,0.08685624455434761,0.11998595171949297
0.20496152725342306,0.1813796735700147,0.22662300400459323,0.12236673323391414,0.14470356833530237,0.016431634017763756,0.006354587591501426,0.04470018927537893,0.013102501480509525,0.03937658123759896
0.13554044018096184,0.04111740231138933,0.045266962883969614,0.0623387304356331,0.10129766442844806,0.10469221919042088,0.15058568210341775,0.16370564004200985,0.09633818277207433,0.09911707565167535
0.002354291138659535,0.0546418997532005,0.16772935396602165,0.15765758522118484,0.02373853961763492,0.11207763787199526,0.1907721705111311,0.08819226516085894,0.11479318277922868,0.08804307398008465
0.10120944682700778,0.010862381750701321,0.04627475681354312,0.05878025466614786,0.23799293185063353,0.18233631373790682,0.16191054015084824,0.02358188103382948,0.12389918722849062,0.05315230594089124
0.14710440811450134,0.1408930153371498,0.006960467683721235,0.1391883809234677,0.08173201882262313,0.14739940257666556,0.05482920276106534,0.12934133221692723,0.0016352977453813393,0.15091647381849743
0.08936569106301802,0.12232578159987674,0.05244848617506041,0.04357386217260032,0.18260894378326606,0.005609183232757433,0.13434823530818346,0.1800295370628808,0.028745662798361726,0.1609446168039952
0.07843897622328125,0.05434409899971296,0.0874906408700718,0.11900909359972613,0.16949403255206472,0.09802055319566194,0.1364928385666,0.027758860838762684,0.16635288191107664,0.0625980232430419
0.14651532505042345,0.13202140607403098,0.08194307176406872,0.0050359411595925245,0.14310379856529742,0.1104119928158173,0.08310906977476837,0.11553513052705866,0.07302351624369328,0.10930074802524928
0.10496602158199193,0.08122703838473037,0.11929387905976485,0.019401717043974177,0.1338339118605568,0.09067205688283864,0.09199533695959354,0.13282210733762986,0.11761087535290106,0.10817705553601868
0.04850452427382023,0.18441857978941037,0.15665966978256546,0.03800955693864787,0.012201129932077137,0.12761209349627411,0.07559555652106108,0.1262028719958152,0.0781892150236186,0.15260680224671014
0.0692030560692139,0.06476428246600684,0.14335853095991188,0.06814133950895751,0.0445769676183091,0.11415382781770803,0.15965036703559488,0.1627204793670664,0.11499873061716323,0.05843241854006829
0.18856747048576702,0.14407838275853233,0.0027977082433727385,0.1555614595064016,0.047888845031485994,0.0043953368912995686,0.10083887714277748,0.10549156747696521,0.06979858089698437,0.1805817715664138
0.15586707054817114,0.029066568887651065,0.021287742958638067,0.14740649377338963,0.028161066044540772,0.04107782372286464,0.15603519967290524,0.03768567096951199,0.173155270030262,0.21025709339206547
0.03552353895864433,0.1142840763822962,0.13197126583437221,0.12474015589942285,0.13540776904032403,0.022844897941140186,0.09131258506999938,0.08557970972584193,0.1406807973208599,0.11765520382709883
0.15693362239179773,0.15069996786874612,0.042706928885255395,0.057346882709530506,0.21533591727196516,0.005436239464633941,0.05343746234504833,0.1149608212694569,0.09582324275375914,0.10731891503980673
0.15248154822999901,0.187053771892485,0.10989795859985628,0.15395057606073273,0.14014276164937062,0.10103110956208909,0.02744925936919692,0.08849588014884295,0.015181652895132224,0.024315481592295185
0.048433915025052066,0.11885638375347889,0.02282436811566834,0.10357755186029528,0.14821589795406995,0.12602830404768184,0.1476718411956876,0.12165727061172876,0.022904815540970413,0.13982965189536675
0.0529107255724472,0.06304567672177513,0.034237071329860404,0.13522712873277082,0.05212335147176598,0.06500147348345467,0.1305470896634373,0.1522681342846968,0.1651774081065709,0.14946194063322102
0.1125894039594333,0.06810017389689886,0.13507595010298454,0.10089741813988609,0.09154942686818894,0.12180954940354999,0.006222695449883784,0.14173595698447575,0.13772725213446935,0.08429217306022943
0.13256449900349337,0.10882627990260561,0.1236516890606696,0.09569703595842634,0.07167996443807646,0.06740909032856289,0.16991491355432492,0.1489943825950005,0.04257045949817196,0.038691685660668454
0.012950569284674593,0.1819173829242843,0.12831005747464508,0.07426313454767686,0.09889489722701422,0.0002750666274327792,0.09805635039914526,0.14156455030110032,0.16029611009005723,0.1034718811239695
0.1353127590552517,0.01034420829931218,0.1670029954301501,0.12409197479076516,0.11816050822569911,0.08046922257453311,0.03427702036274934,0.11432039020978287,0.13754443718111864,0.07847648387063787
0.24212812901366454,0.13603166470305458,0.10880587743931201,0.16073778831642774,0.014354766025352756,0.04202126693709293,0.0896730217561487,0.08721967148456201,0.004207922576119266,0.11481989174826551
0.10763495741999782,0.12132063673506024,0.09129345847481353,0.058629212797363106,0.1505295227243618,0.12131370783514661,0.1094805469297716,0.17605817126679038,0.013568825295509386,0.05017096052118548
0.003447866151870146,0.0719361540108252,0.29486240991956086,0.036215649532161456,0.04812386026547973,0.029428592932956747,0.11366107939287098,0.037130282638997564,0.29840862842409144,0.06678547673118591
0.00017163275398638717,0.21567343664944322,0.0031564468262367754,0.13156028745281134,0.013984223650163235,0.20485744775362363,0.05818617711630554,0.10662549694402183,0.22054160491697966,0.0452432459364284
0.17320199420883808,0.060833853111909746,0.10029624756218368,0.04296084293891939,0.1721191724549327,0.12978940192378605,0.07051243776609488,0.024255081228123383,0.11989619017496403,0.10613477863024791
0.05716470122635914,0.14404261157963397,0.0847142829996555,0.07120041683466226,0.10172231961884123,0.08530946099765566,0.12617024680957434,0.18185718859748726,0.12115041959549855,0.02666835174063201
0.15638087056938782,0.10749264560986176,0.2300228707672426,0.13824018164101082,0.10988243558595676,0.11819360720265598,0.026604799182677958,0.0002506347962009557,0.055185827362339415,0.05774612728266597
0.1273935977966543,0.0014174605438725533,0.15627645300422466,0.13447659516589802,0.11589894894708064,0.13642347862207707,0.061086951521060376,0.027726285011275654,0.11734150370217376,0.12195872568568285
0.13637754034663385,0.17484629293466414,0.11115532064899514,0.15867543388783706,0.08607040357604691,0.049491089481087706,0.07466941313655502,0.10894742958261733,0.05589701879468442,0.043870057610878366
0.10170341661822217,0.12474108490111255,0.011373837696282307,0.04889188764081144,0.11447725781361774,0.14405874855825704,0.1550361356205325,0.10776870389464475,0.04080126507044647,0.15114766218607306
0.04125813867999857,0.11954629617743323,0.08919991680359843,0.08416968726367563,0.03985834082578009,0.14726094319023383,0.04655079873775409,0.13020262184957598,0.15140942970396706,0.1505438267679832
0.1504960114176583,0.16361092507977598,0.10381882775867154,0.04563622017566134,0.09153939713809418,0.13740616724490665,0.023703695676235294,0.16087559975359966,0.014810737867380883,0.1081024178880161
0.03508599124195617,0.12083597871805979,0.07744074523268754,0.17482899586994632,0.025298984806068722,0.16421599561388323,0.14824941398971994,0.026725249587506314,0.15999666681307778,0.06732197812709442
0.12071618944091361,0.152716268605367,0.06196095796067092,0.10262164270476051,0.07802165769006372,0.15521395963265752,0.019257148064014715,0.12838798196550494,0.15181048999401872,0.02929370394202829
0.14944746494520403,0.06833290299826839,0.11864510108130064,0.15290142074676216,0.111916695199447,0.04401965683643215,0.08767558611737046,0.14098464901728522,0.08635609766341096,0.039720425394518956
0.019870659472803726,0.20320214099591272,0.21675411128483044,0.1280957923661204,0.09543165962547295,0.09832076367336882,0.06731823330041375,0.07564753133640104,0.050405637807659345,0.04495347013701679
0.07794401244112527,0.15362729994997298,0.02471247308102034,0.03901932914040738,0.15934251966989235,0.19423458558678094,0.0805563354197794,0.1291217453480665,0.09725039307461904,0.044191306288335765
0.06855474137216781,0.17409427460281204,0.02035032069171789,0.08117161324626863,0.1606425512525039,0.12623547814600222,0.008408963150414908,0.1054627914527273,0.19029118259844077,0.06478808348694455
0.03258533371769942,0.14402863298571628,0.13607337339522418,0.166022935425557,0.17719798875734719,0.034355547919168665,0.07345846821322409,0.051555296855616585,0.03199955664439654,0.15272286608604999
0.1391499119024799,0.018467278597216422,0.07605788930215983,0.09426289698611051,0.13324422770827737,0.15673260028117775,0.1209995816101346,0.10718571117413894,0.017259615962769256,0.13664028647553544
0.11370322073619984,0.04902774333559844,0.13594615605493804,0.01760876103040697,0.07330159688081565,0.12666101708300623,0.1917834015710996,0.12213375739044106,0.10393132625269647,0.06590301966479777
0.08743375271375722,0.15249436198609403,0.05391461749850801,0.08946788163013139,0.11210812319600302,0.07119857392103433,0.14135811857527367,0.08471517164586458,0.029196692350368605,0.17811270648296507
0.034919512504943157,0.06478478269280878,0.07068921041904806,0.1869412428614386,0.02695804079330476,0.15288668933002383,0.10225766680040145,0.11797583260165753,0.08326861996585043,0.15931840203052333
0.0891621659379006,0.10573193759977123,0.060406541906717404,0.12373053997410313,0.031295690602986655,0.18288753470605645,0.02279042971473099,0.17902730112379756,0.17036037797572745,0.03460748045820864
0.04730189544695074,0.09420048647244503,0.17029610992254465,0.0851114073772247,0.046246416607842,0.1725419794726619,0.04832552136428243,0.08541871168219257,0.15234850315908252,0.09820896849477358
0.0927148678419418,0.11106441363707162,0.07395513065671837,0.05589149915936163,0.015508136722781934,0.027641974141138108,0.052617581551355694,0.19305634332370233,0.16978648172455488,0.20776357124137354
0.0029196180976547503,0.048371582615541295,0.08542467644766806,0.19698368485341902,0.23616769770785467,0.1148756485343297,0.02822104469720515,0.047868612245393134,0.193323888000324,0.04584354680061012
0.15484884263313334,0.07446900910173358,0.0818738188268688,0.17415247991389,0.08200433345026888,0.1159270413886772,0.02398259847613033,0.011817727571287207,0.133590276957809,0.14733387168020165
0.07187116113166167,0.23980369554825923,0.06678891395261823,0.04814122243879891,0.1506610761626869,0.09074335225745934,0.15584420131411444,0.09338389822393033,0.05911576760532417,0.023646711365146702
0.07917298258182695,0.07040528608176391,0.009278612956203058,0.13327428337119288,0.015010285999843593,0.1710414358828576,0.18568752736004196,0.10641281377965163,0.066066431015008,0.16365034097161033
0.053976586998202715,0.14686618931690917,0.06604100471989645,0.12039573661034474,0.17133911080474892,0.022689546067535968,0.010554488807623812,0.11783160190191914,0.16943241777341567,0.1208733169994034
0.06758715365889999,0.13630456919062134,0.07698331107187759,0.13882274204804715,0.16372812767399147,0.037725445751546606,0.16334464813777172,0.030680689757181134,0.16192704904012842,0.022896263669934608
0.20520156067354936,0.14804777268938282,0.08030611278559184,0.06285782337672563,0.19450125900661439,0.07609329634340567,0.0380883536355427,0.11728380768625002,0.008306337344848522,0.06931367645808917
