i = 0,i = 1,i = 2,i = 3,i = 4,i = 5,i = 6,i = 7,i = 8,i = 9
0.06521914061413088,0.15544088471810746,0.029633617462124874,0.21356213311103173,0.005180034699571202,0.061895669924259177,0.22411730072787536,0.045702089708293835,0.18002211752341657,0.019227011511188878
0.08070112720229661,0.18357140501485128,0.14315200506007242,0.10412549048996052,0.07722437397651181,0.07451180044235375,0.13723930518778757,0.08257082350114392,0.05917002666746943,0.05773364245755261
0.1962420412813128,0.08198535715766225,0.06536680993981107,0.0005328284970034801,0.05137355414229413,0.03382608675688491,0.027527411552324146,0.04472875661700591,0.16594524784278747,0.3324719062129138
0.11200406417823036,0.08138052812444427,0.04451137458523489,0.07300171296367104,0.11922789884257493,0.12167074418644856,0.1465817849678885,0.07967230013531824,0.10204773061995286,0.11990186139623642
0.11714256466912924,0.20620150438665305,0.008139429481163711,0.06094223520701108,0.005473256505774751,0.005714453429227771,0.22318911660457239,0.036969790200169585,0.24929620087103777,0.0869314486452606
0.12187918394670758,0.13272906626167477,0.13896714227650084,0.15459835720860712,0.08515175854227201,0.0859921204727568,0.08165051484584172,0.024768181220001014,0.11785035001333141,0.05641332521230669
0.12848408835363703,0.08596381823784316,0.044852217536431205,0.1543927521103198,0.12243009255322411,0.14509179022219149,0.011986956652348406,0.07003058049485726,0.10911032683144749,0.12765737700770016
0.09204682314680791,0.04025565927862029,0.017198360902605438,0.11824875324659552,0.11070095989052345,0.13151211453192774,0.07019413353792728,0.15728065559388155,0.12010068835887228,0.14246185151223859
0.04283348111476869,0.05615515892252501,0.1321295748620667,0.012881185702701274,0.055386149209453096,0.05050833323716898,0.10914697888251203,0.1917821914125668,0.2652139013840938,0.0839630452721437
0.06768161078563227,0.07593747591905088,0.14600304688961174,0.09306134828987493,0.08353643508750036,0.038925462751971264,0.14012906304604156,0.06650556509840425,0.13012385668370746,0.15809613544820542
0.11069113593791104,0.1134648149982372,0.08944108051782143,0.1256199662158714,0.06822105020675057,0.08021756053628444,0.10085890643414992,0.14321240238259095,0.049083113009306234,0.11918996976107687
0.18684761058116736,0.13011234609617472,0.01630938854990062,0.08467393113896973,0.13177675439209321,0.026642954737093102,0.18538832909995973,0.010596491138229077,0.16821001267375918,0.059442181592653236
0.0674532045390407,0.08391104751909882,0.17496464674782924,0.06299420052897832,0.024492990785416027,0.04026160726059802,0.07625663509130497,0.09646051567742685,0.22329765615673702,0.14990749569357004
0.08045682058399681,0.1468748033348464,0.08936106913711378,0.06614950601437862,0.08813325844087826,0.052003297678023766,0.12740154380312543,0.13104538538336064,0.15957694109968387,0.05899737452459233
0.07849515837159497,0.2023335805193439,0.07418168043774377,0.12319832680451738,0.052977631718494,0.13485215674285533,0.003616698933886825,0.06997032724880418,0.2147453091240065,0.04562913009875317
0.04864138717720802,0.1005373938308831,0.0688578086095072,0.17489353377640632,0.14405157719355874,0.019701219613229695,0.07379930778753543,0.14280774688033274,0.18193437103980079,0.044775654091537935
0.1772918864957559,0.03677255881895272,0.009241807878848358,0.058324024027603304,0.1806352029824171,0.12347628593985244,0.13194440195139176,0.04954177544735225,0.16796889877907517,0.0648031576787512
0.02895244136800219,0.12671657249544496,0.18665656193453994,0.15291775681172703,0.008635625024514626,0.055618417647373804,0.050785112280057644,0.19544605525821876,0.07344759397588055,0.12082386320424052
0.07570042127496143,0.03317639769480611,0.18097456854988372,0.15118900903849197,0.048918105524851554,0.052750702738313435,0.18376007882252482,0.020229915994896326,0.1356274964759507,0.11767330388531988
0.11537307666564005,0.1286736328305032,0.14617854443390219,0.14261818714055494,0.1504004637328796,0.11971535012781062,0.1323006664938535,0.026617475234336226,0.02187993547302772,0.01624266786749205
0.09975129096597118,0.04249324524896379,0.14820230581651742,0.05805823590714647,0.18501534692102697,0.06274266369373627,0.06389254474292232,0.18063431526021703,0.04862003881118641,0.11059001263231223
0.09983995958770024,0.08017334535866982,0.1950286029913985,0.17469366031574127,0.02307928611117144,0.013300391107396912,0.18075047523446997,0.04907474479864137,0.15560573606457384,0.02845379843023651
0.003990039065326195,0.037115033761303894,0.17435461973620883,0.04149412051658357,0.05735919346308873,0.1461823859697536,0.1847028752554605,0.013564356250053526,0.18840546273306885,0.15283191324915232
0.14014965178662472,0.06310212795660658,0.07953812157562816,0.1009037993569481,0.05365005728406803,0.12167555503656456,0.0019994143040415295,0.13025126810435006,0.14809143306802997,0.1606385715271382
0.10837282252522867,0.14525011517167888,0.04393080742941725,0.0547063823694312,0.07318637716096683,0.049084853681346984,0.1607044682745703,0.11778061387093827,0.15806498463525206,0.08891857488116972
0.14571328438887127,0.08531338374011836,0.06621499899864529,0.10009749370512327,0.016357484253096136,0.08710733528212194,0.10504028566454025,0.16584408830883227,0.15779791174320384,0.07051373391544748
0.0955221362289521,0.11853726384230462,0.1524980863711909,0.0740210115584095,0.095520414113465,0.06255651270421068,0.015632541594721324,0.152709381646006,0.10895613519451021,0.12404651674622975
0.18799211599893018,0.10032790705824228,0.1046468956249313,0.15640210682856434,0.06839828468266322,0.03337271378129249,0.013187625474988252,0.10891685062447962,0.07695310040715679,0.1498023995187516
0.06773063342329359,0.09834299717015535,0.1253586931675401,0.17825321567209632,0.044991479379742266,0.00928307523085391,0.1439995582211114,0.14070303147931323,0.06127101665958913,0.1300662995963046
0.006412913537792611,0.08863078699853866,0.010098972268305067,0.1942135865093761,0.10202772139364008,0.009000241739233984,0.21371595163309315,0.0867515235014136,0.2084657005262924,0.08068260189231431
0.1341159892621482,0.022523584201280672,0.1440217553641245,0.018322353522042104,0.12786595082518096,0.1539060969662241,0.022632527039016016,0.1641035243474483,0.052021011315292506,0.16048720715724266
0.007157842659929712,0.09431432091358943,0.16558230168225735,0.06950734634772553,0.16488347683905202,0.14393959853930194,0.05419623974522011,0.04205230088538938,0.1362950960146936,0.12207147637284085
0.060676807969143716,0.05987716566964918,0.049443784314162936,0.13075879926810471,0.14905620377458864,0.15757264462379778,0.11905260224860169,0.15600901908973722,0.05912721287480118,0.058425760167412855
0.06614859035206229,0.08126421159454036,0.04684791104337971,0.15748952110263198,0.13175835553306986,0.1626307937847579,0.046010460435718985,0.12095907158068345,0.11959991902875916,0.06729116554439642
0.15483337599976646,0.00031923364802589134,0.0832981797027446,0.1196422123868878,0.012100955795338734,0.1422603051075182,0.23240988645747268,0.1019599192542936,0.12780292866121543,0.025373002986736514
0.14092570758468825,0.12117130312148235,0.027370749543796535,0.11807691884848985,0.018395095591922535,0.16113953912638027,0.12381229756210839,0.03068246454922693,0.1460761997458138,0.11234972432609111
0.04598698622727546,0.17349663157095568,0.1866757541559781,0.08253337148937302,0.05992166652849607,0.03474091469654175,0.06145654521039204,0.12250666676788324,0.10616607963948925,0.12651538371361537
0.0010945650066725063,0.06155947202802702,0.06508926137825802,0.08493656450945487,0.13676799605042914,0.19748276959466832,0.07280656985502638,0.0001576280712099919,0.17320375283563635,0.20690142067061754
0.20179308357550577,0.13566435908168023,0.03831174571589489,0.04227244864545874,0.12622322972604622,0.15149411674833835,0.051298983280878244,0.021990268244992433,0.13535550607491253,0.0955962589062927
0.17593956781936068,0.13423436850823195,0.06909222602349883,0.025626098414815064,0.06635315691392009,0.18412314873560034,0.07476088984750508,0.0014427972543404664,0.03629988770378199,0.23212785877894535
0.10363637705185273,0.16082110128565605,0.08016743700324473,0.021549897253332805,0.02335700568747279,0.15653777691266768,0.06753908067814679,0.15961551888173003,0.13440291893908163,0.09237288630681491
0.14170511596423654,0.10176699538180108,0.15352849298213755,0.16445580855074107,0.06154062936803346,0.11983100678638167,0.1454379858692252,0.04096378297083892,0.019481055106732557,0.051289127019871955
0.1280475410429696,0.09093849435933286,0.14411469242877958,0.14748785431632067,0.09034334239555711,0.10046896537417285,0.11912042634146709,0.028089329127678316,0.12400172802205688,0.02738762659166504
0.1628926545159247,0.1322757810997001,0.14357020043952512,0.050224006707786886,0.032460267167686165,0.09778984403734799,0.09510812676617689,0.02820124364940365,0.12319837241951048,0.13427950319693813
0.11590331174347972,0.08440661383730269,0.027416581638020226,0.1617329292029419,0.04392592118551561,0.1488416790491975,0.09389670105631275,0.08338477471834932,0.07879435274424264,0.16169713482463752
0.0919866333957358,0.1896694243348196,0.13686283830145918,0.03691581911808698,0.07815686579099307,0.06518575638283723,0.15748857869342833,0.1945131082779074,0.03587971504468252,0.013341260660049878
0.18707464059054082,0.1652549169985337,0.05591164981660149,0.0563926439457716,0.15140289990955844,0.11346340998166553,0.044172616372208186,0.08168674591368198,0.04648836930895058,0.09815210716248761
0.08200259559653926,0.10916977223171175,0.11555848571419455,0.1504182376217824,0.09559116376955791,0.16159982564069097,0.10516604756577387,0.017299127656827788,0.004383157615601748,0.15881158658731964
0.0839075666446976,0.0853184166962251,0.10155086490197386,0.17411937228351143,0.016628276747131496,0.10811274876992695,0.05060938637925414,0.1176223308046359,0.11949987528858917,0.14263116148405441
0.2041719337814684,0.012603526706120683,0.04227373805006939,0.07123420976643545,0.2158592686720926,0.012758986597847214,0.07192217684829773,0.011540496692897358,0.15358204007080817,0.20405362281396305
0.10960752091042215,0.1539107139001134,0.035105105745358654,0.18254876548184554,0.10721033097481969,0.1478427047920936,0.06431586248685947,0.07423286307368354,0.0026525100391417413,0.12257362259566207
0.02130021700456382,0.23787756546237152,0.11517711264789661,0.0002621099189394192,0.01183129951668472,0.03187847910396541,0.21978561997860455,0.12407003334545005,0.19484210017833786,0.042975462843185916
0.12846033396497147,0.11926853355988393,0.1368724642142374,0.1444338863197516,0.09491434981258501,0.104826991799577,0.1228425636425629,0.0227377930198708,0.08386384264412253,0.04177924102243743
0.09546882407148632,0.04345808366920847,0.16398445130893588,0.07671929499626642,0.10378842637795731,0.014505450586066514,0.06788587025520315,0.15000902000272986,0.14773478061684392,0.1364457981153022
0.09338743070712154,0.09090099820395241,0.030426376178522587,0.16293743106398936,0.14958124644421575,0.09941924007846127,0.15468499829303656,0.006410452725964367,0.1628733634383399,0.049378462866396286
0.16867709308180856,0.08446148323960266,0.07925001295170346,0.20606888770054838,0.059237730487362875,0.05130078987299804,0.0897918476795472,0.0017422657905887718,0.1801556141721614,0.07931427502367855
0.13642356026187172,0.12781689951771302,0.08208372423853443,0.14842135033579912,0.047617070692648075,0.04444209930153095,0.17048638035023753,0.04384575711933903,0.18726484439477556,0.011598313787550663
0.08771517803204514,0.07363709782024262,0.18547353486137153,0.0028484894469669457,0.2119106676402155,0.0795956990681643,0.11799885803757346,0.06014326347209614,0.0013933822412645883,0.1792838293800597
0.19876196296653345,0.15343584597844295,0.12799525227467398,0.09352871555908789,0.08608615080722344,0.06566529999689237,0.11753544413716581,0.12275963235096433,0.0020099122606281315,0.03222178366838782
0.16016889756107444,0.09250933344591278,0.06563090428489084,0.13788067166337975,0.04879163750413941,0.24239864937128952,0.0713131609807883,0.0054152621211164985,0.07334975689245975,0.10254172617494878
0.0028451554367869576,0.017862336680574742,0.12368035367200352,0.0165860578607484,0.05982317835207468,0.08099206764553037,0.20420354691807216,0.15574072711763368,0.2030145045711047,0.13525207174547083
0.20560610180318156,0.133190505222171,0.01795295280981442,0.059565383247507285,0.09781776477888258,0.040773151101420636,0.06553169137446253,0.0992440551988105,0.04308709730242461,0.2372312971613249
0.002841919979334497,0.022800851691093863,0.17005993244963385,0.16022454030779365,0.094373441065185,0.1153751475017847,0.10651907219431073,0.026920582722771397,0.17315193733148457,0.12773257475660765
0.03742033279572244,0.1275846613322886,0.04599642833228375,0.14904069196591926,0.18430924419011602,0.19706620572838954,0.09938865474059547,0.09094894609820321,0.06314519651103655,0.005099638305445167
0.05480703301628793,0.18027725027900793,0.15374004348085243,0.029266302585354665,0.14008607486204008,0.06202303432330905,0.006076200429771659,0.08991056083927876,0.17371575601305733,0.11009774417104015
0.09325996446536652,0.15445484373177876,0.028478796683953728,0.15045363412721025,0.06416686701785097,0.11389635153930153,0.1471234224603406,0.08104761938815798,0.04848976565914044,0.11862873492689933
0.05680781136974015,0.07266994704846622,0.18706252185663788,0.15638179938238528,0.011053462760618348,0.036210185091036164,0.18728131049666827,0.1169545607327495,0.09319515646412252,0.08238324479757564
0.07435792271293425,0.015770886761353596,0.1579239746235039,0.08545619711339092,0.21324552886225787,0.07682109149736648,0.05316258650681892,0.07076773989453017,0.11810787098449792,0.1343862010433462
0.04870373733057981,0.01519497953522832,0.10970919150058335,0.057373775390666924,0.1866750632309094,0.014454278040551818,0.16056348734979864,0.11453348542553272,0.19847155108079154,0.0943204511153577
0.07325287072520195,0.12101999202953281,0.11124702087775566,0.11850287958207943,0.20192196688570943,0.1524071135372392,0.05094395210556332,0.042249000509829285,0.0853601785235424,0.043095025223546364
0.11985554253554981,0.06678993952154125,0.1673198886283975,0.11008976495975434,0.18692195490393923,0.08202470681593613,0.04685638903025631,0.13228595656406794,0.07355820766255429,0.014297649378003168
0.072355138568477,0.17062374208191172,0.05924848047255907,0.05058159474956445,0.02381883894420113,0.029699597067296208,0.11632432442340873,0.1299591044351723,0.18176930925170917,0.1656198700057002
0.14776992051563653,0.1049072336174273,0.07994915916090174,0.09068752032910596,0.1657208264779987,0.10675033287335035,0.12680981381215448,0.10386252411246907,0.021256251008593456,0.05228641809236244
0.0777770265079155,0.18644330433619408,0.014615746913267055,0.12542699521308126,0.18776723257584155,0.1605115388273988,0.07905704575662707,0.0455511525709491,0.07725376434157835,0.04559619295714731
0.1139529088062339,0.1103077153454483,0.030454618843012222,0.1719445055310544,0.0028547241723114324,0.1487755556813015,0.10416509212494555,0.09418911634759368,0.05478728649511898,0.16856847665298003
0.06131507839025742,0.1706476892971516,0.08291164392323905,0.06511770910634235,0.13337618953822425,0.1566356611797984,0.050277698811859124,0.04901799731251976,0.03264767172525883,0.19805266071534922
0.0638836963668369,0.2048794783803501,0.01797030206833878,0.11181529757797214,0.054019519620231965,0.0986101163055359,0.0559949675824797,0.017533624820426443,0.1707862170673923,0.2045067802104357
0.12053764667331712,0.08626367095100795,0.03596488902439497,0.13071986167647073,0.07572691035769247,0.14039775603331628,0.03300154303926489,0.14174593585344067,0.13661814854659693,0.09902363784449805
0.1639518528297917,0.08715073675030945,0.021365244198443482,0.1761409376442983,0.15060717110790145,0.009162999058597066,0.10979713058804105,0.09588965505559795,0.11311864916597228,0.07281562360104714
0.10961176348204013,0.1147473195496899,0.0627988646131576,0.08725651855475884,0.07595415579593677,0.04893188470152227,0.1740546482601756,0.18097555500200543,0.02755257597199166,0.1181167140687218
0.1176369624117838,0.04351747822598491,0.22096585619131376,0.060826667238581086,0.15107046523698917,0.0786993344928596,0.14864625071545376,0.08257852419454641,0.09055327145998587,0.005505189832501671
0.10114097527498105,0.20933428049427477,0.13507055023542186,0.05911889809762816,0.11304386237346525,0.031093082880577324,0.16489203832980864,0.052959847999678324,0.12155859539793108,0.011787868916233638
0.13585290360692268,0.05392133602218582,0.03721750328637277,0.15271338038246754,0.08957809252401988,0.08567047510933895,0.1249419673600806,0.12232333570054141,0.15250201387243248,0.0452789921356378
0.15274232494019155,0.11611623274893094,0.048815201708961975,0.07392354823140246,0.09323371016869042,0.062018903170986406,0.21060980101034563,0.07275812895533634,0.14429681020708826,0.02548533885806595
0.15770672370234112,0.09674498337738037,0.14250254271792,0.13897220459737322,0.05875064922222455,0.1296403434705411,0.0026844921201991966,0.09982767358979502,0.05195801160791666,0.12121237559430878
0.08798215257222294,0.15510372444669257,0.00938798067678723,0.01155616693375505,0.07588151918025125,0.11868216181006895,0.1523589124525392,0.10782302799019541,0.12472642759082593,0.1564979263466616
0.12845545645608689,0.22239779997072015,0.10393691654148876,0.05177665848827928,0.1165981197767531,0.04933934197936769,0.09482206204794089,0.006194345111716046,0.13928156162803162,0.08719773799961564
0.07567925265035315,0.004434625736646647,0.06994626754275829,0.11591714540169411,0.13155987964588228,0.11835527766786778,0.1498215067191198,0.03209639324976876,0.14992463819567312,0.15226501319023605
0.14079027612875353,0.12011995046775518,0.17907942254719497,0.0490190091766488,0.04550236638803927,0.0779449698173076,0.11924450547556172,0.10099538412301469,0.07439368439535143,0.09291043148037284
0.10057447842882603,0.03745919270511959,0.15339783429143003,0.09158804545937978,0.18784692465407685,0.04599791381964479,0.15540909889232993,0.036318487614332165,0.0782849785193091,0.11312304561555177
0.13119619917893371,0.1325238350107042,0.16325055837941804,0.044972148262141284,0.05726346347782432,0.05253767240534738,0.11266362501229206,0.0731384175267744,0.12644401341536612,0.10601006733119857
0.0012642587370686976,0.054132818414484196,0.20291537898968373,0.0849923551653846,0.12258758862136468,0.012025749949145141,0.0594872791559088,0.21163035374225453,0.20108413706041425,0.04988008016429158
0.22528838051368816,0.037772066140187494,0.15347306210616893,0.09911163506540227,0.16813013329766335,0.016684022596686318,0.14085300437699275,0.024682052726944015,0.11077080759916218,0.023234835577104436
0.21944468724514107,0.15455600533517727,0.07140640935106532,0.05911712165795212,0.07748080680125866,0.020836945126374597,0.14546864558265038,0.06829681457513243,0.10806616124604582,0.07532640307920233
0.042156953776688814,0.18235179282624606,0.0167020487601641,0.10892196034703372,0.04792727064889291,0.06955627806804604,0.09992847090639287,0.1831244869428471,0.07280443447938248,0.17652630324430577
0.09655648097184966,0.16257850566825544,0.055785362456500495,0.08682519265211781,0.17883737976955316,0.007024667171603583,0.05947137493147516,0.08016734665186291,0.15349332174800753,0.11926036797877416
0.20206709798045475,0.05425624355756573,0.0848632464584483,0.03219323387206413,0.1881063850673061,0.02430683640145455,0.1282439327174359,0.10083710779163667,0.02841745236891214,0.15670846378472184
0.05611975012683983,0.14351181888145043,0.1123769708627933,0.005101059387422461,0.00047054600210783297,0.0807540528736427,0.1525087738582956,0.17634610988416688,0.1204120167997949,0.15239890132348613
0.00694416794787572,0.14841544674953594,0.13621288560595468,0.014218599729699589,0.09259301127084697,0.13027050207741805,0.14002380664473332,0.11323765837503101,0.07435180918950116,0.14373211240940362
0.1412426515778155,0.03846708403049829,0.08628161863142986,0.15085687499928357,0.15581994865956056,0.00597498031461099,0.06707169847993379,0.15669799755368422,0.14543345588458975,0.05215368986859343
0.018975072829554324,0.08842412071619989,0.127193258864483,0.059253050504990835,0.13188319685833028,0.14434461685570835,0.13625627720346942,0.08476010966659031,0.08256241932319,0.1263478771774837
0.1604241733680658,0.01730865136385633,0.15708638308300937,0.10788554658778479,0.033698184733825985,0.06121818526390543,0.09062722873288392,0.1672582392699942,0.19212040299697933,0.012373004599694828
0.06268287021495852,0.06861702649430386,0.01476720533920485,0.013426181510413743,0.024936738976246542,0.17578687899622567,0.2368502650517319,0.2096270567142401,0.026544775197334593,0.16676100150534015
0.11726057589087353,0.027262249838168384,0.04560383852352,0.14638258390617323,0.03246346876607633,0.06360834084462506,0.15553803111634776,0.1690674698341805,0.12410190154161656,0.11871153973841886
0.10639353638417752,0.1269100878941324,0.0970019900969699,0.12090301257667604,0.15105859569893348,0.079061317446472,0.0983869000094074,0.04397430560545942,0.02595122462528543,0.15035902966248635
0.01420907018294233,0.06571098983706623,0.21765087530661814,0.022330592937821643,0.08477287464403062,0.0534315999080801,0.09278876799795888,0.12642888501037766,0.1304650277828562,0.19221131639224817
0.013334195410792293,0.15333930903102394,0.03420177487431384,0.09458994920728599,0.15273633799983008,0.16021590666570074,0.08420987550044787,0.1566250915133495,0.14136897003290855,0.009378589764347332
0.040003088949222484,0.10239599263948172,0.04401920354635637,0.04801852632321949,0.159708112743893,0.13976707148886033,0.16717973990764443,0.06019054236125533,0.13901828909217118,0.09969943294789575
0.034449576648167245,0.1382405956137425,0.05866724751536692,0.17495892834426505,0.00914500719334244,0.09369585450554564,0.1196213768926443,0.15567061303232427,0.05628898412055692,0.15926181613404464
0.12077014134071526,0.12499745851040539,0.09344956958225388,0.1208524288721381,0.13486093588005296,0.08548954202060398,0.07753413249005328,0.1405749436509096,0.0644402949945683,0.03703055265829944
0.05266303131883906,0.13545241198648134,0.10197630484665599,0.09612248525356162,0.11757867260195165,0.08378619077516543,0.13662407628635517,0.11856738258888545,0.051439362668820335,0.10579008167328406
0.16378658392477827,0.03365365361856423,0.09086517346689861,0.14171144293961652,0.07764410638221736,0.015314736767085248,0.054806553882033905,0.21402687086413733,0.19823477202690287,0.009956106127765629
0.07483031677543037,0.13150575359567615,0.07450699081832977,0.10239727525537382,0.0772382439442245,0.11885500043545899,0.14010386850484488,0.1074433871341428,0.08416654928068973,0.08895261425582926
0.1397185853830252,0.020818234604135673,0.10798175374736947,0.14231474301401167,0.07152558934884344,0.1766376573042268,0.05787890585320312,0.11409428483466755,0.001466254919579819,0.1675639909909372
0.1898187502882262,0.004693058106595843,0.16996359796121646,0.1516805406058104,0.008308103966750033,0.046495503479156,0.0534921165836013,0.1738181079513427,0.047364105386131665,0.15436611567116953
0.07525108368462177,0.1531891028931252,0.09679846912690049,0.1656724856858241,0.09588843416525819,0.0011767857422298536,0.07246331116261952,0.14996277727073462,0.030775366948851954,0.1588221833198341
0.10785089038141274,0.07882227476474206,0.14324563080288996,0.15608182852110747,0.11157891205803397,0.10094235512269377,0.061392446883043066,0.1141476749729698,0.04695395540172126,0.07898403109138588
0.07870236012629293,0.09188611917911181,0.14135616119580258,0.11627901247006106,0.14531359425966653,0.14268014604292384,0.08936894704363539,0.018182171333186736,0.13088433813520348,0.045347150214115575
0.028645265795591054,0.012829253560668047,0.08483587830870123,0.12349853577618229,0.14945614433516025,0.009508451348881869,0.21674021860407375,0.10753736984360895,0.18897494544267632,0.07797393698445615
0.002949628730220692,0.19221281537680765,0.08966008274926046,0.14861762805275297,0.03731056526035859,0.14505418682804228,0.17285881339563933,0.1651407559501386,0.03628693551259609,0.009908588144183406
0.11290748164311705,0.1318308002345722,0.038384935348258056,0.10716660453048305,0.14862131255233846,0.054885763328212954,0.04285017687348968,0.134618215186776,0.09495978399826617,0.13377492630448637
0.0636854268870021,0.10938661382212915,0.1773132986777694,0.14223738143583606,0.04572981390415755,0.139432729760208,0.05496850089369315,0.06644153590622756,0.05738368446099769,0.14342101425197937
0.17003228159513775,0.09657831318242718,0.06328380511612831,0.09170667293627642,0.04906939216388691,0.15931956523014817,0.16668308926464617,0.051724973914212866,0.11286548526317636,0.038736421333959804
0.07015115605453054,0.08503507165133822,0.04768844754920216,0.07887703861581645,0.11950946563537164,0.027136579788818598,0.05156478176474624,0.2157524287143579,0.11297448781795885,0.19131054240785947
0.0720793256216233,0.013811955908657601,0.12704210538308655,0.12715194054485493,0.07335124814619809,0.13534019029587652,0.20635780952528154,0.17053776263702755,0.051970041377302705,0.022357620560091433
0.15602823900333979,0.10143899184545334,0.13503959997579262,0.08250508463183841,0.04738756831964468,0.024213674220445156,0.13796382515864994,0.1323895738477139,0.03358520409264208,0.14944823890448009
0.11694957446269968,0.15485881595970974,0.08370329464449917,0.1652185484053309,0.039154912533359926,0.0625314888571066,0.10871631903461619,0.02985546417777607,0.12016848603468935,0.11884309589021252
0.033785216572948265,0.06568078142023347,0.020762569375446665,0.14029693647754785,0.007274096979480915,0.14644513617508803,0.11807500361603374,0.18840348365419476,0.20010396763122118,0.0791728080978053
0.12260544016245917,0.11225630797935318,0.09275882796989916,0.06608891602870397,0.07190513555187321,0.07669985900353717,0.07042688267359681,0.027110528576441195,0.16292718835741624,0.19722091369671998
0.06770248677496113,0.14873484610491652,0.06941867599251433,0.1498829489559191,0.18129374270455392,0.10944105764720252,0.09875108569945412,0.07278990159577271,0.0370787771953165,0.06490647732938909
0.17046613905088245,0.0951506423772064,0.0411312431413988,0.12185563054546084,0.1590823976029707,0.04662819255710422,0.0367240875079368,0.10156954427340487,0.07247815368910722,0.1549139692545278
0.10491441199552475,0.14767644287618764,0.10414982266741843,0.06168598314039985,0.05214255698667904,0.13626938889844584,0.08264177264448518,0.11697160111075665,0.11968753183062336,0.07386048784947931
0.026246280163582394,0.09898865666167841,0.032715118730500266,0.011210160516165375,0.03008457764374622,0.14188362940498064,0.16901261317710103,0.15878876455531138,0.16682673553938673,0.1642434636075475
0.03714871555794098,0.07371893219510889,0.05107493003030329,0.08815160401244247,0.07517559335978326,0.21156160948564837,0.12297906968898696,0.04844763058903943,0.18631831792637496,0.10542359715437125
0.11627951514993012,0.15598663478439748,0.07012349410896893,0.04495016861331246,0.1902598283942774,0.1836853400663008,0.005257525371537105,0.07171386290155969,0.0842376359664266,0.07750599464328928
0.003464695855171981,0.07290270887761453,0.03757669053920118,0.17567367329267156,0.08269176394908732,0.07835360199048437,0.016798302537332138,0.018724806073973234,0.23298861533645462,0.280825141548009
0.049284958227823354,0.20837525289902126,0.17278180814542,0.06286650932942159,0.008745674086926253,0.08258990259831525,0.11340309122792643,0.0585393045913242,0.11921259035379153,0.12420090854003017
0.14321830709411595,0.12745357943483263,0.07513026360476222,0.06543925729943137,0.18579079252173128,0.12793553514755693,0.02691835364454163,0.041067610844236616,0.16151712987932576,0.045529170529465514
0.1401284222537328,0.18077471195583078,0.16470896352723216,0.016647972907442937,0.1225933464560227,0.021584569523140598,0.07239556224569975,0.09290712107490247,0.17555991104881544,0.012699419007180433
0.11656960347974687,0.13319575494012129,0.082941449831113,0.14304003002094504,0.1478861172771919,0.14741551298085706,0.04212823895195706,0.012826367243529558,0.024127391475647738,0.1498695337988905
0.1498564321066949,0.225712304114541,0.08249366335183601,0.03488571856780701,0.11167052084245259,0.06320199758022678,0.0969196348880833,0.01851443159201102,0.057951491802650655,0.15879380515369665
0.010902165541871551,0.14475109078609497,0.12399773839303291,0.10281918625828741,0.11964091227703082,0.09064256701747926,0.13804423886586542,0.0697262305889915,0.09352583916314983,0.10595003110819626
0.12035920112328259,0.12754487426953384,0.12865945459654968,0.04169089239200141,0.08441534067465642,0.12912249732810513,0.07782150198322328,0.06405375629510845,0.13053161208902597,0.09580086924851315
0.09312330125250642,0.010767622119426175,0.07556105395260748,0.15995516014508637,0.14426639661793805,0.10106936942722372,0.05527747800009659,0.13702980207622678,0.11918221819454965,0.10376759821433873
0.03247498360570794,0.17984237596623098,0.14752964590331308,0.022931647084698623,0.1636109619267392,0.003528321160722256,0.12469405493220675,0.1635140615228973,0.04905715321224663,0.11281679468523742
0.09882656769222728,0.15905532428665653,0.029439443387004396,0.11628785759352296,0.04527057782016313,0.0027040980464632,0.11634881615518,0.13986091266280892,0.12428708372237782,0.16791931863359577
0.09142775467469477,0.018927604987377444,0.09586133960521304,0.17181927926361532,0.05486264926691396,0.10747481091391202,0.048867388525922414,0.12490694954883545,0.11281602017386631,0.1730362030396493
0.02495074932643436,0.18247613372366867,0.000284185579230614,0.01486175684501548,0.12549246849188528,0.13912694102664094,0.17988853511849073,0.15108682967879133,0.03211539511986966,0.14971700508997282
0.16145036402749538,0.08445756364945883,0.0899036064547146,0.061762434987353634,0.08195483651795592,0.039740207843224885,0.13544835199540725,0.058837529421885026,0.14623765976366263,0.14020744533884186
0.02842265878541771,0.173450258166052,0.2049133292237319,0.08332881593056782,0.13060784376172352,0.04577840729935022,0.15807351251232185,0.09386037643812949,0.043751003334254183,0.03781379454845138
0.15743214393063062,0.08154386521927752,0.08941952216584663,0.03182325582125123,0.004229760778547294,0.17156519264379821,0.12020755636951712,0.1736808593668558,0.15613277515523283,0.013965068549042722
0.1075945734926554,0.16005862549989597,0.035320649142390394,0.07370169787581342,0.016540916432408726,0.16310059467562738,0.25141427683676837,0.10491169436913121,0.04631242193815356,0.04104454973715561
0.10237280794688293,0.025691601138859682,0.08521717641884047,0.03599707330054156,0.0563228406628752,0.13228297668405167,0.12603735508916467,0.17073918802799287,0.10142843556695008,0.163910545163841
0.1347875281588813,0.10347244908739033,0.0670233605007248,0.14231612204508884,0.05515963360531509,0.042868157003472275,0.13059046104798683,0.031608185053440714,0.14200493212183682,0.150169171375863
0.06134770802981768,0.06640226013854729,0.1243029698575558,0.115581737538833,0.025475321708176155,0.01214425349960611,0.1858788207636081,0.0646914084443373,0.20130967540676462,0.14286584461275384
0.1632862531001236,0.1698964859819331,0.0628103296970178,0.13190089403103866,0.08414564885306831,0.01156354346506194,0.09144226001132824,0.0071682407452745445,0.11171406176187089,0.16607228235328297
0.11089621499687502,0.1507318589447167,0.03966684158974367,0.15251803743041567,0.07542289169122456,0.1531092017576844,0.030669292750187923,0.13629887722430165,0.1350480953433801,0.015638688271470375
0.039707624565540216,0.16435735814137006,0.13341226666245176,0.013390157466411996,0.08986867080734909,0.12300623362980201,0.17109051827467983,0.005116454949834039,0.12111987629354162,0.13893083920901944
0.10616746742998763,0.06577657748015879,0.1590943141935934,0.0741631652823864,0.017408730220408907,0.2618066346747746,0.08089264625417567,0.12404155452444794,0.08901833235518324,0.021630577584883525
0.13658584689071973,0.04214674711259847,0.04220702657850052,0.053664578166558397,0.16138080467598376,0.1382818102686226,0.03517590305671961,0.1647142376164274,0.14976500107418844,0.07607804455968123
0.10366612545140948,0.1088256871984792,0.1180345610123775,0.13783287665357016,0.0953253090273588,0.05223135462503451,0.08850799138873966,0.05412492750804758,0.12597188026542486,0.11547928686955819
0.047339874555893044,0.14683552159446245,0.056125915335961965,0.14423614001377064,0.05830984393358658,0.09453996328275348,0.12408606580542549,0.09234735451490847,0.16232075422356815,0.07385856673966984
0.11803566721690996,0.0034998534625923353,0.04859231319431029,0.16121499187341654,0.14390381839681377,0.05982575720309144,0.1457515987358921,0.060064127432531686,0.1409297250882036,0.11818214739623835
0.11539257197927508,0.0017859083225297738,0.15103661187615233,0.1465944453536483,0.12338672321105376,0.09857956144000776,0.11229791406842943,0.09618419785644912,0.017670577720544266,0.1370714881719101
0.04919771236405472,0.08550304702095322,0.004528671182197124,0.13789254552358704,0.0904303328268449,0.067284098286931,0.21533957287358632,0.21764592194603083,0.10367300146598324,0.028505096509831594
0.08880534811714905,0.01896095347036566,0.17671532245917135,0.10592212510587905,0.1143225254229444,0.007660952574512975,0.0810228856698132,0.1785071372099638,0.04823682818932203,0.1798459217808786
0.10394310093527817,0.04295889762768604,0.06069958607654879,0.09188536792494403,0.12111659989445979,0.0631745165188516,0.19539039285370868,0.11749710858203725,0.03882215143018298,0.16451227815630282
0.1428955068787908,0.027052501469746422,0.19524019802720147,0.010693217368508272,0.15846631832036082,0.1509346873748304,0.07459715899851715,0.1513815157747311,0.022179867030198232,0.06655902875711542
0.1295060581627681,0.0982219886066909,0.06794563200284809,0.11697154928452018,0.10069437618984234,0.10643777825705322,0.09535791344655929,0.0648799111475578,0.12535300124188,0.09463179166028006
0.09501489989306676,0.06389627219298503,0.1614604987192741,0.09428046442574721,0.03859471901796501,0.037318018112187136,0.1285217377878178,0.1580536677178417,0.09475250174144402,0.12810722039167113
0.13851997867000604,0.1439659846385566,0.04368803928756689,0.000949154404492492,0.06236522014111037,0.09521929737079432,0.0532519358689054,0.12824606398782498,0.17814131480945666,0.15565301082128638
0.11853401884164613,0.08858188669102542,0.19556636908375916,0.10689558984736343,0.03121099550032257,0.017508494875575747,0.022424472912115127,0.16652233175599288,0.08922260579700804,0.16353323469519157
0.031097576778782242,0.1906468555257792,0.0134088947106466,0.1719432144449469,0.10297343066356135,0.10109664365262233,0.06406150930374856,0.12218351996650562,0.03149030266277518,0.17109805229063213
0.09307731846019869,0.020331160390742804,0.03781225059842706,0.14260483181866157,0.13444211112985402,0.1671137426691455,0.09941857974106982,0.043431923458234566,0.12399570343825903,0.13777237829540678
0.1443936757717016,0.11936812612041915,0.056749509013963514,0.09665942336110972,0.07292195408953472,0.13354288104082432,0.014104890151987398,0.036797341619965424,0.16081301200636136,0.16464918682413285
0.22467387725614352,0.13179813062988113,0.05977313581995416,0.165375866201163,0.018798173629277513,0.12524700163577662,0.01605845971090784,0.013912349450539156,0.022749254776162384,0.2216137508901947
0.0307792325766715,0.178363234276878,0.2391098307212961,0.010707526822543143,0.21194764852747444,0.07367254091440115,0.01514818956429433,0.1182590019191396,0.03209069046719711,0.08992210421010453
0.04811838654348968,0.09049888054285396,0.03168008682112659,0.13199038045583997,0.08089166886153237,0.19931978391562333,0.012714826702355719,0.10557462585821763,0.1929416936632291,0.10626966663573172
0.13689209850725387,0.18669519643913643,0.05878140433389275,0.1454956008357352,0.06552231730738643,0.1737135958244488,0.13013480160808663,0.028033827731767987,0.021284095607002465,0.05344706180528938
0.11343157264638304,0.05725095247696788,0.005600628018732662,0.15895479149297748,0.04217685536590091,0.14286393155675112,0.1910833683511433,0.12899763143477352,0.04403095669055128,0.11560931196581875
0.12467426952036512,0.032765563800730105,0.09832475651299763,0.07039673529180415,0.0891966111079469,0.16756735908009024,0.14860191354919827,0.03752411916955423,0.08540919231709147,0.14553947965022185
0.08664064355564881,0.11415469898657742,0.168274197299511,0.09741502173572324,0.16204127455902054,0.008543239467646558,0.0803123609086318,0.12335787084132639,0.08528595702613329,0.07397473561978099
0.17393223732176977,0.00948348274165898,0.13121574302809852,0.0897473094641551,0.15748824287174631,0.15869800575064572,0.00804483367503187,0.04104268823100681,0.12291583092059435,0.1074316259952927
0.13283393411332506,0.058877867683754394,0.00585512815148277,0.16395311770540846,0.11760541640129536,0.12237223646069514,0.23500842365654584,0.019229082164700664,0.03749971069189012,0.10676508297090209
0.019526167653439133,0.040352716290336495,0.19820226207719574,0.19198319142024695,0.09651133282143008,0.1292183697805395,0.1742385414189907,0.023743289080593435,0.10676291862177967,0.019461210835448155
0.19146762298403558,0.19999510553238892,0.10613428846920618,0.07205023762688151,0.00545444049243756,0.069783335470979,0.08847095636650162,0.01578140220695967,0.20325872968332148,0.04760388116728835
0.09028522212490168,0.06516807195790342,0.16488536040636392,0.030327104100110476,0.07879230210134094,0.04508829520264616,0.1194391345067059,0.11702127989747495,0.11105952392835332,0.17793370577419934
0.1390883144428107,0.1904402477347354,0.01578735865910107,0.18913226599654726,0.022934421427536468,0.08023554819677263,0.11938491165423801,0.029923870595313005,0.08878405277689644,0.12428900851604904
0.011871255362272631,0.038823194699043904,0.17817334416637082,0.06750272910298953,0.06499298919603792,0.17931655717105763,0.24123192677857605,0.05683666959086315,0.004432951076888929,0.1568183828558993
0.12693520541288433,0.13188003856802166,0.1419172466170757,0.15919916378239554,0.10805846869922663,0.006947241307999762,0.051899870785041824,0.1507823036891474,0.017624070238723668,0.10475639089948358
0.14336725868028477,0.110441483723118,0.03783580405809335,0.11814800853136284,0.022418322109500018,0.1966345254465954,0.1461923421349089,0.042732962247561644,0.09147241103580614,0.09075688203276902
0.16947453787959907,0.033484303590662054,0.06421171463277446,0.03158511928176846,0.1522206301643869,0.11984069382488015,0.17275866749266583,0.11000902794857419,0.07333474889502017,0.07308055628966863
0.0807636750361627,0.061731411300700284,0.18270364992660273,0.12414784590932172,0.03419658879059473,0.08137430689971442,0.028793753243635558,0.23997838139149247,0.08503616751607776,0.08127421998569759
0.050020821541500435,0.14921911491470322,0.06799525343062104,0.037804640467810645,0.1072204128301714,0.16288765146826323,0.1748708652794723,0.020569426026448578,0.12874426140132933,0.10066755263967986
0.07144950661604393,0.05476002546085767,0.029622579189142604,0.04397539608412529,0.002381028043445977,0.2753337293549532,0.0915909467183672,0.022345390109839745,0.2984979860810299,0.11004341234219452
0.03189728212348695,0.11882627542166263,0.07896758798482706,0.12431976861010122,0.1810132022612448,0.034866224313660696,0.08439038746768468,0.15572277227998185,0.15452370375960955,0.03547279577774059
0.057039786859868255,0.13299876579998926,0.014686174241625867,0.12058695333496884,0.057395755851202,0.07479227727066319,0.012954020360364405,0.19593050137653706,0.2111236558886256,0.12249210901615551
0.08516274791200835,0.11735475687251716,0.01730163966325736,0.11521845465775153,0.050502057123379275,0.18552915551393653,0.0570009113525603,0.18920201864508163,0.09900428194340001,0.0837239763161079
0.14762259774312889,0.1300284350387614,0.10769297586103642,0.11925480257199743,0.13693680815115764,0.05795109754140699,0.11908121783818722,0.07575187972631511,0.0542679697510915,0.05141221577691753
