i = 0,i = 1,i = 2,i = 3,i = 4,i = 5,i = 6,i = 7,i = 8,i = 9
0.10548448356821766,0.11334652094409899,0.03181250573007824,0.0519368058957514,0.11757485428365352,0.17493151723670522,0.025560405083182063,0.09886301745988046,0.13441332764419892,0.14607656215423348
0.013837782399265362,0.2069792827526869,0.1098487875412211,0.1272773516774238,0.0800272647884039,0.13091890011783705,0.020768474356685992,0.20229435064355727,0.053362731054597094,0.05468507466832155
0.09568987280881862,0.09211082421651663,0.004945431151532627,0.1337669295235111,0.04548482035503754,0.15066515174171463,0.09668091560817253,0.11303299458768855,0.10979101238819136,0.15783204761881647
0.07585628968127862,0.14348202881835492,0.024262897191878838,0.09558592790676256,0.06594556468811472,0.13547242489718295,0.14400475704322138,0.08227384996788677,0.12003098973736376,0.11308527006795545
0.12421222493358043,0.10741274892905565,0.04624812747692581,0.11119629169206457,0.08151992201857503,0.03246681344129361,0.14738901800011875,0.12128841702590638,0.11805091580161632,0.11021552068086331
0.05184255909637065,0.0611319595218065,0.1459699714965273,0.035282934190335694,0.07142067206436652,0.2395582167221084,0.1734622392336698,0.0032025797958853746,0.05388835954486165,0.16424050833406809
0.14015916423633656,0.09561482065064802,0.13286260952530482,0.01154759781335532,0.10592088239935543,0.13004851575995344,0.058473297552210195,0.07032751494361884,0.11379758813382745,0.14124800898538997
0.1399573019428151,0.06030820010237213,0.09572653854013563,0.13375905838406474,0.15087613267356598,0.13054140744408602,0.10090704436244394,0.028904979601065934,0.0652982379799687,0.09372109896948178
0.11121957130448068,0.1067438949759969,0.07502667418954258,0.1120796454437561,0.13559549147690717,0.11428383748161265,0.15227602800976062,0.11564646977101709,0.04091036725375172,0.036218020093174354
0.11515619598222102,0.054556566275445216,0.1533404312083005,0.07995125521949406,0.008459598385803038,0.1016455538004381,0.1823575868513008,0.18577484433314506,0.1088036426495179,0.009954325294334355
0.07621635149603057,0.11650846450902022,0.20004770915051692,0.05517201485580859,0.03965309478900464,0.062127282901382905,0.13159070788902436,0.08736790135906627,0.03154586765919365,0.19977060539095182
0.21379590023052006,0.24042018832618262,0.0203930108204211,0.01790284170453922,0.032388112796636635,0.07208484415454247,0.17561218343322943,0.005096163642623755,0.20408518743237183,0.018221567458932903
0.11422312718876991,0.14274452267256066,0.06257979015284006,0.014715116025824877,0.07215817104579084,0.10180057448508326,0.15415488291497373,0.09431557075338501,0.15285393285123072,0.09045431190954092
0.05437454246782291,0.014719706436025753,0.09414472459601521,0.12818874994216573,0.0220155133925131,0.22223485400126555,0.09844865730690178,0.1791234936677775,0.08855942956718234,0.0981903286223301
0.01639122148715579,0.07079422688277567,0.1583708368105028,0.15912371681152204,0.004495729869830928,0.1826869640481114,0.14036361823464186,0.15998029143479392,0.0579727754773248,0.04982061894334087
0.10899246134960285,0.12767966301097367,0.010711281396445407,0.006748662446320882,0.12849380124415183,0.052688553824822064,0.12927266236423562,0.16703804460892893,0.13553419548062828,0.1328406742738906
0.10559387699734289,0.12936316752042112,0.09999249731081551,0.1407186212707039,0.12783646417532993,0.13178221757579098,0.02484450785069148,0.010611957757242966,0.07844714378094639,0.1508095457607147
0.02183862422032578,0.032160065879972555,0.11916507003722321,0.0346147778535887,0.1236098384417406,0.16373453315378225,0.19191159689904697,0.03378851555730176,0.12624984715427356,0.15292713080274453
0.08916073380296843,0.05819681550924852,0.13244080947599873,0.10765560755944278,0.1457119303593275,0.026191935482065092,0.047967458370891294,0.085705451932262,0.15503988662476073,0.15192937088303493
0.16646850747210415,0.053165361608806014,0.13062120631368876,0.14445285983545075,0.025344470224977083,0.04823024148739694,0.10196347555966806,0.14688440838940253,0.0931209826562261,0.08974848645227958
0.038604010477127824,0.053410805736576,0.1517776792529126,0.12396319379938606,0.009851298033219175,0.21366966832453732,0.1723831248459206,0.061941193959036085,0.12499514971344035,0.04940387585784393
0.03880650841326512,0.07494161370778192,0.16406362834969382,0.028178939987243194,0.0912474837885193,0.10791224385076235,0.11583121333889392,0.16800836592723697,0.04385274122648805,0.16715726141011536
0.009683071430255732,0.12793515348917736,0.10094586119383667,0.0389168808944052,0.10946138615880528,0.13435376863823503,0.04501615438777881,0.13107758499127378,0.166555835910688,0.1360543029055441
0.0948474206490304,0.061039128077859287,0.21828802367429614,0.11851586088140259,0.025398760114276678,0.06084818625192805,0.025738405309974448,0.23839300136187408,0.08426314111257581,0.0726680725667825
0.2521503286733731,0.09517898800965516,0.21844615056597563,0.023810201155705736,0.031529058107577265,0.09393529173873097,0.08884694459081366,0.040119845593405735,0.06144014852422851,0.09454304304053414
0.1392928256791707,0.17299461013014203,0.14274668362996443,0.02384110376268081,0.07587008737319992,0.14397042973175936,0.04453154251491888,0.0741190317709741,0.0803153575511602,0.1023183278560296
0.012927574875395026,0.0582006528191553,0.11134839598912688,0.16797046927231352,0.11346237769135989,0.0442749491306241,0.18874058797563664,0.039151185549681444,0.17111250721878496,0.09281129947792209
0.1616844628653684,0.0065790727078302354,0.05585361569769961,0.013619673087886282,0.21686462372638723,0.006464024407040067,0.15623871811325046,0.13494117075465537,0.2142499010289418,0.0335047376109406
0.15216821679993026,0.1072503246971282,0.10439558145618025,0.0444462135666144,0.14559902492639035,0.1353427268896006,0.04901043328336813,0.08930330772482738,0.047035752894083606,0.12544841776187682
0.2205183451382276,0.029850952504969247,0.15164886671177968,0.13274359722616894,0.08588498361859771,0.04737074214814601,0.13348460237638882,0.018749810051714628,0.020104022192792146,0.15964407803121525
0.04698773466054651,0.007764566589685866,0.15929153726425038,0.17169532516211305,0.13215366961213806,0.15642529230308677,0.09594106983104317,0.045195646036658356,0.10096296034430578,0.08358219819617208
0.12866950459990462,0.04674209826913118,0.16543994772124668,0.05438116293539743,0.14175193995503063,0.11689712943536666,0.06855575282515666,0.02391419246289629,0.1300569108678733,0.12359136092799652
0.07796966489392114,0.062075089420774984,0.1791942597835457,0.0534322525451849,0.08407576718172832,0.11767946005728264,0.05162420865603213,0.07953072000940271,0.12273493848167359,0.171683638970454
0.12079268537731919,0.12683843688840946,0.12773834763619266,0.041223671260856846,0.1844429896137995,0.11420945579502854,0.14106483504041123,0.09514880343622872,0.011039885655506981,0.03750088929624663
0.08754135792864913,0.041818164602222804,0.1258689846659413,0.1705662172734718,0.041908584062976886,0.1679086821526015,0.06810268800899415,0.13589887381490953,0.024701374219107692,0.1356850732711252
0.15615848366375257,0.08346506908999114,0.028054647518071938,0.19913413349203887,0.10750263017588164,0.04681575341959689,0.15286697422766993,0.009380233219977071,0.10834992131868909,0.10827215387433098
0.005523059648971648,0.1009037405211474,0.0934432488306039,0.008151549717247748,0.13326100728971216,0.08102733949522405,0.15451007317175247,0.10393059781212385,0.1443168165534813,0.1749325669597356
0.05165080735160434,0.009507320247545076,0.0840680080296227,0.1720086792175084,0.20315125390176395,0.11282119713037968,0.1084436836747597,0.0174584458544809,0.07896295465426652,0.16192764993806869
0.06171078139010295,0.1638811157676167,0.07153297866723124,0.17376403866963985,0.09525007161928936,0.24988113311147955,0.11391941705242024,0.007831066460294432,0.0039285816464887675,0.05830081561543692
0.11829790688037167,0.031402929221374914,0.16821152100529593,0.05844089327250279,0.11494919667439861,0.12821821294074046,0.15661115048896843,0.1196174947727364,0.039562826933530734,0.0646878678100801
0.07579456329420378,0.1555586743600492,0.20622350673516024,0.03396462058120251,0.028903067096465264,0.08434585362211378,0.02794012691916792,0.19097353038009537,0.041131637215809425,0.1551644197957326
0.11371529700698747,0.13557917696474503,0.10868328780466278,0.14242020017023338,0.025885342394303047,0.044971428098762346,0.0386858260625472,0.16968266909814855,0.08719920486753033,0.1331775675320799
0.09866709923474881,0.022858583192506287,0.1622404477616818,0.04505505818769667,0.13680068440928625,0.14937784502383267,0.07779879150735397,0.1515418164973461,0.06753440830400183,0.08812526588154569
0.21783418698369145,0.05651395966384071,0.0025583103982368396,0.15260852081728773,0.17564288928809105,0.03351312021412627,0.04341182425177851,0.056225850028228525,0.049005259240118615,0.2126860791146003
0.16137583620517015,0.04727654694445927,0.11105362523714274,0.14250457830308166,0.14419829260343298,0.01739551031227789,0.15220822839790726,0.04879874064696711,0.07113295741331498,0.1040556839362459
0.07611868703145189,0.14754167556469816,0.03426213654108601,0.045540368001604985,0.13300236779816285,0.008785458342240968,0.17819903927158304,0.1184918194616037,0.15697639060584084,0.1010820573817276
0.0671919193436093,0.1058620154997923,0.009395444519683905,0.18264807698060467,0.030225118584900294,0.11283987076093766,0.17198471152370762,0.17956507740933178,0.12362661183091508,0.016661153546517406
0.11321581522059607,0.012399110821206082,0.09454909214018051,0.19639103787291498,0.12189755020780904,0.05886021175575702,0.15610172645006143,0.03437777740004081,0.12342761579742954,0.08878006233400443
0.1322049055646062,0.043300124999227196,0.019442012661333954,0.1916696299823987,0.11909909160522907,0.03856490750534489,0.15662753164071522,0.08371081289319789,0.08346099747883576,0.13191998566911126
0.052865982851760134,0.15940283256284968,0.12045127665384586,0.09675713976908758,0.027141074967798922,0.16421015034017042,0.1583253419589884,0.02691937622921573,0.05463170390625782,0.13929512076002526
0.10106084672072643,0.15489171064403418,0.15319033038351898,0.005358998588174402,0.0791493646548824,0.08754133429405542,0.13979424438153165,0.11974353195757553,0.013969200875669132,0.14530043749983176
0.03655473674729092,0.09564004473350521,0.005578645951580554,0.20005544658493707,0.08929585283862729,0.15275543517318632,0.14869349426812806,0.15872980412809512,0.06584105740098903,0.0468554821736603
0.2030654467588065,0.046072739375173984,0.0727791727782132,0.14406528018108922,0.12338910308696949,0.08836862790256482,0.015256595271084939,0.06231409197188089,0.19271580503167834,0.051973137642538456
0.11683811244197251,0.009010090711060558,0.10127204629504793,0.14546748977989274,0.08874141350023733,0.16215628099671628,0.024071340005019544,0.16825204107518968,0.04622225002199366,0.13796893517286982
0.16169012070350255,0.02759128925154181,0.08551252994385328,0.024533205798348272,0.14344464723562278,0.16168749664746307,0.150615905176538,0.060657074391774125,0.022955312823905463,0.1613124180274506
0.055290156601079665,0.11589744997619335,0.01961312589160967,0.06854073538014294,0.09582398957652254,0.17241208916351214,0.0606655930942458,0.03150744834607614,0.23074933079182422,0.14950008117879346
0.17820087344812785,0.13400564667263173,0.010791882864357493,0.11372476761812798,0.1928566592077315,0.02902410849473019,0.040929768796037935,0.10281652639260573,0.17081997041535701,0.026829796090292558
0.05516632964803373,0.08781461083626932,0.030550820580053116,0.041060106213307995,0.13423012909646506,0.10795905495424937,0.15290434641313935,0.1625597931513816,0.08589519791374965,0.14185961119335075
0.03280338014132249,0.08025662624350567,0.11008727454910365,0.09423742019415839,0.17231256815489485,0.117268024304545,0.11006764525260257,0.061488775607844846,0.18875535920831144,0.032722926343711066
0.03161677354689554,0.0022587300931815484,0.13075067819254152,0.2210870689796603,0.033823936486572226,0.0398178294760315,0.09383703525021685,0.18233079310545364,0.2077090635196386,0.056768091349808376
0.03700316162102682,0.1918602685490552,0.09483753302584537,0.005789069457960363,0.21618994450345502,0.06888648549388543,0.0263233336331565,0.11642804346953498,0.04493318855140565,0.19774897169467465
0.16025527986050161,0.03619073615130397,0.0970068962543334,0.0872233593467153,0.10920376647282767,0.07337259020729094,0.10172579591508134,0.15414342527676617,0.12262524184206043,0.0582529086731193
0.13367476737497266,0.14498790155749247,0.1453590092829535,0.09437136750588163,0.014274971204553547,0.08386238250935295,0.13073543419645553,0.09332735197627426,0.09747392113165221,0.06193289326041115
0.0022773891132993195,0.11320785752263772,0.11005780749785544,0.20410169702542838,0.03232979695735792,0.1717875393628551,0.05499076505975578,0.07971367206693084,0.1241831136793868,0.10735036171449275
0.052681597244755546,0.21075328581829395,0.0020493726494504455,0.0734912435906178,0.09075715742492316,0.04001131146503668,0.19050582484073766,0.06582484353854083,0.20624002765933946,0.06768533576830452
0.029322962009936605,0.14899050247656273,0.16212194499745725,0.18530281410206534,0.09409984802486557,0.19309601177389477,0.04625492862411049,0.0156368239367447,0.1179420853887479,0.0072320786656147
0.14801820978858057,0.10750679808790577,0.005057201252389154,0.06936794183444762,0.08432791318312095,0.14892370747458059,0.13107773118973776,0.025852265400333196,0.15881696177392363,0.12105127001498074
0.1095485399679397,0.08656347186864434,0.14610705529757384,0.06673138621438517,0.1658761082254704,0.06089266706175442,0.166160101576361,0.03165348919761973,0.12612247807309135,0.040344702517160116
0.10635393154389483,0.144445153447361,0.02452742311083414,0.16532547079088122,0.09733887208721463,0.17208781492446934,0.013871447866217438,0.10612740821988173,0.06483365986721397,0.10508881814203165
0.08456524163347758,0.06958775561935919,0.11342952514596862,0.12428904702482596,0.014574320348412533,0.12466182944860212,0.14621745067019945,0.06775979925926576,0.14527191968339206,0.10964311116649683
0.08910808061931169,0.03713437253390092,0.06881559185465616,0.18690141266250745,0.12050794857533824,0.02327054816490483,0.18356323532579394,0.12437323556157368,0.010392017184403355,0.15593355751760965
0.0027748197616237753,0.11787262411519986,0.05437581042102143,0.0668253976526529,0.1600155094525772,0.0652713085260893,0.07511291715821196,0.13057381599581383,0.16227899454552142,0.1648988023712882
0.07715927243192697,0.15504220656501908,0.06928558764905608,0.14520948348511176,0.02751121636316009,0.05658731231062735,0.15742195803778847,0.05899556835263274,0.1596397960341753,0.09314759877050217
0.07427307210891018,0.06816436724012744,0.05414524167244273,0.06156826725492421,0.017898570952069568,0.2093924893056543,0.1681701783185563,0.09977091370061601,0.20507942609404406,0.041537473352655424
0.03868853033027287,0.19168712417409633,0.046522880109292335,0.04167008700597043,0.10122765794964086,0.16388847823608896,0.12438831008582782,0.11454730450719179,0.13609979920990217,0.041279828391716525
0.13328629146617377,0.08511276356660537,0.12507778424909086,0.08702469489416376,0.10605396690962196,0.1161409922350472,0.20645921699642913,0.0020670029999345094,0.08976227140851636,0.04901501527441708
0.1746199815390037,0.17041202641059433,0.06988739505878024,0.029428759014380326,0.15958401053233592,0.04849086671521782,0.15779128271498358,0.020169717273568505,0.08968690335172652,0.07992905738940921
0.051974568053999026,0.10698745758987926,0.006939815873923715,0.08211524370209748,0.056079838946938326,0.04406279109354402,0.11366036383052736,0.1804886319544447,0.12697605918267105,0.23071522977197514
0.009678176493546459,0.13815237518943285,0.18568685532378643,0.006906935971577422,0.031011976376104686,0.054838796139456115,0.160000255396254,0.13432190611490216,0.13877634000274608,0.14062638299219368
0.16698740459098443,0.01908809003457266,0.04063373858958814,0.24745363085677044,0.16647487982390133,0.10621570777571417,0.19145953174001556,0.017399102243480086,0.0395282064889218,0.004759707856051576
0.15737884523569098,0.023894651224193666,0.008604761835899257,0.11401874334443254,0.11267960568952382,0.030610614431573518,0.14602355949045476,0.13103274529872325,0.12008699160617632,0.15566948184333174
0.16595227180090327,0.1684320124554547,0.022843097979946072,0.01580153633564353,0.22463280359310459,0.053456046245799305,0.06440174535917627,0.05309879683542633,0.20548330971465936,0.025898379679886653
0.17543812225971822,0.018983708937972868,0.0625166674291644,0.09228010426074143,0.02330469645790459,0.1755631705074471,0.12428079980573137,0.0035972573284936663,0.14562170163287866,0.17841377137994774
0.06484713541198184,0.16423971234692342,0.0013500037711840324,0.08257287743974667,0.17223690624571592,0.19516464401817638,0.06204770538130925,0.044331860934982883,0.16238729656235154,0.05082185788762787
0.1121355033963261,0.1656542161790278,0.07169968066606017,0.15846719759951144,0.12331671486177537,0.02114868001159621,0.08503060302795996,0.13498324766670602,0.06776497792867747,0.0597991786623592
0.14075990255755147,0.01248170982958058,0.08792292691285748,0.11694704258912826,0.07451139895634687,0.06731246692879195,0.1450767148757254,0.12017159670130137,0.15214843956533514,0.08266780108338137
0.17264677710360932,0.12422183345199987,0.05447473941053826,0.06194657835517959,0.14653752226840902,0.05448684292804325,0.027990472830463128,0.05830690647365995,0.15409557581355676,0.14529275136454095
0.026533757291719702,0.22403732131212192,0.13427467965471448,0.013119024814199687,0.0773816146923415,0.2102323169828746,0.0012016902928871122,0.0549351658818223,0.006342927464505383,0.25194150161281326
0.13752476388285678,0.08386847095139972,0.08092967058294512,0.09581691759417775,0.008123953868334139,0.14612257627191336,0.08303780620451046,0.09657802609629045,0.10238263913737904,0.16561517541019324
0.06546392508902749,0.16480034886327002,0.006965476550441944,0.1326093514692142,0.22175715927574935,0.008354943696502687,0.07161635588411101,0.07832868157053684,0.2083461718166816,0.04175758578446487
0.09929960662815542,0.1467397457588925,0.08443480005550469,0.17213369777375165,0.011062232335617306,0.062463285483907616,0.06154425140477855,0.11003876420165039,0.10769752932105486,0.1445860870366871
0.012985255640136997,0.18825972258805235,0.005626611216938045,0.1948617850299394,0.17916863476646075,0.12996304203355802,0.10177727285311276,0.08370786179467915,0.0443535860632705,0.05929622801385213
0.13161755434825653,0.05365650430755477,0.19100988543296046,0.03458118167283246,0.0049257606638881185,0.23071158008872614,0.11571259708113779,0.09026967449482537,0.0335612574960072,0.11395400441381104
0.12877828981295233,0.12086316657266277,0.1015292281674848,0.10020280336665127,0.11006858070740597,0.09638834426018929,0.07642453550137902,0.059125120542748065,0.1425207931320019,0.06409913793652472
0.09321617651550577,0.14000873497232263,0.08015340860364223,0.11670216974012516,0.012658854488717673,0.2058166642484486,0.13488424539669275,0.09615469392287028,0.07400710182284018,0.046397950288834644
0.028085223556172736,0.17634993353971512,0.01645633999120103,0.10693529529134305,0.14504326291441985,0.13148485371026536,0.03484927138033027,0.17480193181607317,0.14001303703474835,0.045980850765731
0.0549070679055613,0.028757536647123813,0.0934618682706536,0.016377464129483724,0.055871170038108695,0.11378571854330122,0.08872164066978341,0.1596050767060185,0.15208030348590823,0.2364321536040576
0.15219749032775357,0.08260667043677405,0.01272931632435687,0.037111518626145035,0.11659922034036194,0.08575423779892297,0.06558370051859388,0.19069679559637787,0.16088303504602325,0.09583801498469044
0.034587440012326914,0.18057237274296958,0.1358650855326418,0.07420005389426212,0.04353145659917913,0.08905644552213655,0.20563544513884516,0.057349621626113866,0.01627117670382082,0.1629309022277041
0.056378462133502984,0.04007471601836712,0.16874783861796527,0.14026696853552167,0.14434673541410267,0.06023571780480674,0.0201796976244552,0.16202027719568202,0.025892343660582615,0.18185724299501374
0.07791502008276184,0.18633503026646583,0.08336274854761971,0.10627721359022875,0.07479936535970415,0.03420445252019055,0.15122342337639774,0.015495843987333115,0.14951796885105723,0.12086893341824108
0.03198945763042241,0.046822500223960554,0.09932889749962764,0.13549795162495545,0.12339801207398458,0.07485447729168548,0.13282312865968202,0.12134398367822502,0.08566695838637228,0.14827463293108448
0.16609256852088103,0.14081551073052814,0.1384436205433045,0.058497833183437264,0.06656040466710197,0.01355423460453205,0.06283961873696128,0.14561233633343845,0.1469722910266553,0.06061158165315988
0.1300080809245896,0.12756335823142959,0.13512320312689668,0.002695018635537121,0.13556078206069455,0.05821318786089786,0.022850357308422355,0.1550876840407802,0.1196192699960469,0.1132790578147052
0.11885905164052947,0.08341743233065183,0.13541297707495323,0.16369222024530342,0.06035796158445886,0.017050238603407604,0.005866375290623802,0.17372252791827786,0.07297561021737474,0.16864560509441928
0.02774751895197644,0.04369065195209433,0.10465323308164383,0.1485928952944027,0.03208637971041007,0.15917224434871588,0.10492983753953998,0.13869588812721587,0.12872433465946115,0.11170701633453986
0.0804325123012565,0.10508987176437973,0.1287259583340533,0.042095266092676296,0.07621347175344295,0.02145104456718364,0.20869802762727685,0.12633474908218745,0.0947298096302157,0.11622928884732743
0.06025037644778681,0.03225528938204537,0.07306544009889535,0.2088001926892061,0.14124692921379212,0.06006805373960751,0.005236408136333138,0.15796211046193323,0.1629867112145684,0.09812848861583201
0.10870171562506661,0.05420791897750824,0.11504994084775275,0.14808573840594072,0.08482083111290246,0.19451199956042475,0.11413915522862238,0.034689139850088924,0.030574857960737865,0.11521870243095524
0.17005918695195124,0.09055535588857601,0.04749537082290737,0.10926439249629522,0.18681225368608576,0.08300944337240879,0.05716206611918967,0.06018058902266517,0.10230938109661049,0.09315196054331024
0.07656197105006232,0.05252651965599191,0.10189140950926365,0.005166084364587254,0.14422194370900854,0.17826049994349172,0.1761699467120439,0.08915146530237714,0.02099197779660041,0.15505818195657314
0.0801420769095486,0.12330999731288216,0.1306730523045181,0.009303046919292115,0.11405805490179775,0.19400337175994853,0.2158950907352423,0.00979146525794361,0.08872389890441221,0.034099944994414516
0.20191570998877117,0.16540256995231797,0.0025160823856971376,0.0855554141951102,0.04774994000841895,0.01384436213725604,0.2128843789745594,0.1070569053716252,0.0018501450072212836,0.16122449197902253
0.08513292621676473,0.1918258562375204,0.03266755131375684,0.0022100751773061066,0.18305210547561826,0.18328999417359315,0.08201355623665867,0.07719098139078812,0.014004775320112552,0.14861217845788122
0.02417119527176632,0.12019083811591262,0.19771083502204936,0.19400327350237462,0.0073831179574054395,0.13275068430167752,0.04703116904614235,0.014354543200961382,0.13707597973551994,0.12532836384619042
0.0823286065136357,0.07039020251527948,0.16766437233717804,0.11230222306531575,0.034710402741537916,0.12141887948879163,0.1445979852659298,0.10516054231124815,0.15669168737255942,0.004735098388524124
0.09977056911727464,0.15382516658743364,0.18422764425400084,0.030971539628409348,0.1066656397882086,0.038104207510141895,0.010394345501831619,0.17466106699648176,0.05566157339142451,0.1457182472247932
0.0023028387657114883,0.16774195987806859,0.08232917463419456,0.128973256278619,0.09301223586846484,0.024400386132183125,0.006065904724565778,0.22705753146100424,0.07933045439436613,0.18878625786282213
0.03823838552585099,0.18163327406036522,0.012004046754261099,0.1315872132386546,0.015281748421677446,0.1451923776572678,0.03297321685318592,0.1665245271062073,0.1309713396454968,0.14559387073703278
0.11759759511211627,0.04337590694711165,0.17254791346021794,0.09514903881596454,0.139382672026185,0.1365313701810762,0.04425999516345962,0.13802418908266922,0.07917774056577678,0.03395357864542282
0.12967644465992914,0.024341615979233778,0.020151862784150883,0.02593565357154327,0.09941550109863716,0.18230571306430368,0.004682849660158553,0.21455369896076015,0.10429950317559396,0.19463715704568946
0.033217202134921804,0.026331515030628114,0.08564351661816061,0.13102245148584207,0.18606228428090218,0.16087927906822608,0.09860076169603285,0.12599688287204286,0.001384270174145729,0.1508618366390976
0.1747740849035675,0.022997832640764992,0.10135395930036996,0.09039216474146831,0.09209766431058465,0.03475326977826158,0.06726014945776054,0.27780888495821315,0.08814835232363641,0.05041363758537278
0.08431895291421607,0.13517669973346982,0.09248909968855494,0.12106268589912612,0.1113017030106655,0.1304862120874099,0.0647570233419813,0.1198289542210711,0.07047734313914503,0.07010132596436032
0.06233524914951366,0.028339257072413374,0.08488792043317948,0.17476769488981958,0.2389683320716077,0.02637854919058836,0.13106303685863668,0.059821686170222495,0.10006749969337583,0.09337077447064274
0.055915561473794874,0.021431816153789966,0.04369443374991389,0.12122748763259888,0.09945493823194988,0.10471460361527798,0.16047815319514783,0.07536442938079017,0.18708926744798363,0.1306293091187528
0.0730268561632532,0.1256307114426538,0.030168734454663112,0.13519318543080858,0.025964296545520585,0.15725694564664403,0.02158007865637956,0.1684169251119478,0.18239952866148545,0.08036273788664379
0.0074707807066391645,0.22234483160158275,0.11119482775314772,0.10451209670985571,0.0671810316181664,0.0434800906595385,0.24012687474592787,0.03602780323081773,0.005542720248634268,0.1621189427256899
0.032549074077514104,0.1174045894760005,0.09780205958378421,0.1637905691427521,0.01872646043617465,0.1472846781162802,0.16223097225890695,0.09687645074122347,0.15320224078441416,0.010132905382949527
0.1279809086303227,0.13101784552858783,0.07398535762743895,0.11662621195103084,0.03899892999739062,0.12465884700817224,0.1356722737390962,0.09123630057086751,0.043723875735413566,0.11609944921167949
0.07877290223985768,0.009163022322524566,0.14314126965136034,0.08481453783945342,0.11026522931034587,0.10203224556918389,0.14540438217031376,0.07418034180236346,0.14599497767296415,0.1062310914216329
0.11697885752189957,0.15183386883052175,0.12596234595700123,0.13184239387028113,0.03754326389933139,0.10970197552636138,0.11047505415274934,0.08175714894740889,0.06752107865124077,0.06638401264320458
0.055919988269292495,0.1293337998084307,0.1253551986466603,0.1331790264640758,0.07642309022861613,0.08543890525325815,0.13840536999077077,0.08068507807010188,0.035455273578029634,0.13980426969076418
0.13467500571059915,0.16981746669711992,0.0036581930092784215,0.1121006581227049,0.02524213182171162,0.035134490719870876,0.16887450134885737,0.07967627672154318,0.01178379507044688,0.2590374807778678
0.17633051877366734,0.10880844949045008,0.0959635119157201,0.10145416712615653,0.1501317351822635,0.06053594337651778,0.07366496156910991,0.1262468832186965,0.07214034085475039,0.03472348849266787
0.09184920575361478,0.19497175537829528,0.05483445041265421,0.11337258640820222,0.10458564639643173,0.05200148827751451,0.09672466437965443,0.19305397490751156,0.01827152527265713,0.08033470281346437
0.12171066522761691,0.14315939289111815,0.08785365996288105,0.11223074033263485,0.10546158318112576,0.0977177481585018,0.09215538902572512,0.07368271983061671,0.09204411546602505,0.07398398592375467
0.018372099045612694,0.15181077242979735,0.10478424970248121,0.10605032723947289,0.061444209503169256,0.12681929560019173,0.1087885248158905,0.09641687839492388,0.10877301542955714,0.11674062783890322
0.1358404634685834,0.21520595116288924,0.05954979246060976,0.18128569856040233,0.04713106626195026,0.033126020881025384,0.016567333670696346,0.2063340499543172,0.052249347045666465,0.05271027653385962
0.14534942036028267,0.021007139527676175,0.18690104863386386,0.17214735943124074,0.13520189951245376,0.11740755119543426,0.06106363258895318,0.03577494332359919,0.024511049511560055,0.10063595591493614
0.06949137471705394,0.06468390321008116,0.11802618957765705,0.007682645349866093,0.16648442959711796,0.03833490364200189,0.23352531854528827,0.03424453077245374,0.09334128515933203,0.17418541942914798
0.14290889388771746,0.09003250687607219,0.15195114183092642,0.017152410457251945,0.0464597918889997,0.11409261978258135,0.13495888407220366,0.15163641828738397,0.03904487824841606,0.11176245466844723
0.11482005550952616,0.007696886721144067,0.07794435191993096,0.15127166587494914,0.19076878251450938,0.06046397651597638,0.03703524457717076,0.20149864295588754,0.05656523691682963,0.10193515649407599
0.062318505333343543,0.1362660856641252,0.1620140820918792,0.04780453213199534,0.21418432080397662,0.019450133733499634,0.03465777155748233,0.1918621458030431,0.01071877620612264,0.12072364667453245
0.1360434405023403,0.16839092524020477,0.03587012792884881,0.11081105077290837,0.11807685090425032,0.09814159978937963,0.05484263421371625,0.1365462208905781,0.12566178617127424,0.01561536358649909
0.04810595543681097,0.11270785459593878,0.12024102825286588,0.15810577948854984,0.08501736438610034,0.05010352805616233,0.16482391464791873,0.09456051622538517,0.14412085665581104,0.022213202254456905
0.11042823989081706,0.22445740661958338,0.14139471278332397,0.004996013276598454,0.09246288782906903,0.043065684965210314,0.10587965908896194,0.0898368800442179,0.10539834475291061,0.08208017074930726
0.09847368624474355,0.0357228729914681,0.09032427512283744,0.2447512747902435,0.0894007443187593,0.23685760066135464,0.05508814493097464,0.10164163951187254,0.046895832992321626,0.0008439284354246677
0.028918839160317032,0.09994484700317,0.12426806718251358,0.13475155489925644,0.08524634406723519,0.1230961885630077,0.10824150899745953,0.0687858175080943,0.14116848443060812,0.08557834818833815
0.09203045203357957,0.03128363117783125,0.07472255379856897,0.130539315516312,0.07068549382858,0.048895980667227876,0.163181120346637,0.17016713139428324,0.17334250709678262,0.045151814140197394
0.20091868257658138,0.07617577613816455,0.0198726125278409,0.057155972391047014,0.016948510204431496,0.19943945100422728,0.06750473083138626,0.15274601644214786,0.1850397079112144,0.024198539972958805
0.08935444306934662,0.047566605436075736,0.05659177635931987,0.14517573337806108,0.005104214064037907,0.11297696623315243,0.17219858930685178,0.10947636053484397,0.17494161759944638,0.08661369401886423
0.06767056236212224,0.0034670800679215343,0.13868448653488016,0.013876246762829643,0.09010826508527886,0.2737167716658448,0.10778473867803555,0.2468919868044388,0.012804626519313684,0.04499523551933461
0.11964667918042672,0.06014569694754225,0.07613674490378305,0.1864710559399659,0.20677247466436197,0.20717157697373528,0.03917719838231989,0.005869481078003739,0.028691430109426142,0.069917661820435
0.14446904386075793,0.1408651863687471,0.14137607647295483,0.11773081605080103,0.014968175106816977,0.1639471999788981,0.029537033895127567,0.1016781828219223,0.13839161008484258,0.00703667535913173
0.0005343026810125412,0.12484603681197974,0.1194581225460425,0.1878363218638124,0.0006918117188450248,0.07488914280177279,0.1842183217817304,0.12860804082680552,0.1154206073471886,0.06349729162081064
0.07545699794627266,0.16422078165446274,0.08894523094288177,0.07006113484353087,0.1896337622077211,0.13296246609904874,0.12354017207744376,0.07707678935107318,0.055552590080513595,0.02255007479705159
0.0629969206543878,0.02094133285328922,0.11860016522940563,0.15727682996808456,0.13517180208392182,0.15594574598199204,0.08914487834670012,0.05218009305334688,0.062446752263830084,0.145295479565042
0.10144266883301618,0.1611327095088182,0.1313969402035144,0.04863607353100192,0.11708595929471423,0.03605882374782711,0.13213705775479145,0.010211621601885268,0.1483676972685656,0.11353044825586558
0.0030077809453107176,0.15907008967553393,0.12658922860045146,0.1240205824475102,0.16025949580930318,0.0691193923432229,0.02781408237798565,0.11446282795487195,0.08153294275415575,0.13412357709165432
0.028007823555750735,0.197046980659814,0.1433069912323226,0.08703103009448537,0.06860480103428902,0.043174454590169775,0.06839903200427537,0.0956755207374475,0.0860274277060009,0.18272593838544468
0.12961323422166973,0.10423562603394869,0.1354091474697143,0.09620796596446082,0.04542395873523357,0.032053304920082515,0.09232795991340123,0.11608965507429019,0.11468183711328298,0.13395731055391594
0.07296821621727814,0.15787363118845485,0.06061677535984921,0.011424861806593129,0.2653972934900826,0.10269246023044289,0.02343188886486195,0.04096615289997789,0.15462344427605382,0.11000527566640553
0.0030216365971689036,0.16535312125242485,0.02530764465627767,0.1329972182707697,0.05885723181356293,0.002216517839926785,0.21815257003109323,0.17116176258632637,0.21115547061961282,0.011776826332836717
0.1761811010544682,0.10601470580590446,0.17284178074640433,0.10262276599080425,0.062185262230443565,0.15000727172788153,0.12615258358240675,0.059086858666652683,0.026284024026252642,0.018623646168781753
0.17114636207369818,0.06899457847176954,0.016207857048128684,0.18154111875936096,0.11447536718617596,0.046575831138711894,0.15240180599673714,0.026846597695743678,0.08100715445295319,0.1408033271767207
0.1264230686976699,0.08684025230185025,0.15435447691851378,0.02418735726646647,0.045536469132556,0.017356353138813285,0.017086865148216876,0.3777158953800736,0.013298605139271624,0.13720065687656824
0.13317100563391396,0.16318416442089873,0.036041597179814505,0.10672339655771229,0.17561744691712797,0.07204232047488182,0.08163082839539047,0.02404956053370672,0.003993345208563912,0.20354633467798963
0.12616323880095345,0.19989814898304217,0.15421563303710273,0.0510489875385631,0.0008864186122041212,0.12933364658113156,0.09119456267311936,0.060763421683918906,0.0823456213412946,0.10415032074867002
0.04327860284289683,0.17156194797880667,0.010832804782587442,0.08817655576215297,0.13618115569726474,0.09310855428582722,0.16218517072659142,0.14688212365468684,0.0660625260136621,0.08173055825552357
0.07839854004911408,0.03306703010699331,0.1649646075561844,0.11435113459434014,0.08627144531213685,0.11431232404782787,0.15734990689592832,0.17612313520930126,0.005424856711626616,0.06973701951654707
0.07382530195689337,0.065059746688406,0.1912663575586273,0.04322842864117123,0.06297505187957192,0.17675616512276535,0.1003175192510313,0.004207349207518431,0.17591328289273234,0.10645079680128286
0.06681081695125546,0.15281556894047496,0.11460490384285538,0.03335898696245831,0.18498156912787403,0.023668474056728016,0.017840582808131267,0.22108191189052856,0.007187859861503684,0.17764932555819032
0.007573193078902378,0.07984444178823269,0.13553855656857458,0.1689631827544443,0.16365058597717416,0.11136465974889183,0.10144456525571054,0.16134478088557383,0.001682426954445512,0.06859360698805013
0.17294305851130193,0.18446028921964394,0.09126606981841934,0.16165771112211672,0.036228812944307236,0.0042720044200289945,0.05666284865357823,0.035271470429744836,0.18148817547895804,0.07574955940190092
0.06657697964493421,0.26098057889294324,0.00020079730812743815,0.004396253235362749,0.10293578695302702,0.073202303784986,0.07448408998665373,0.12594649275866937,0.2243094703325555,0.06696724710274074
0.10721276436418144,0.1419462431668333,0.1045472017851953,0.18117828693975133,0.03138138965294381,0.032847274177898934,0.05573834550960207,0.062052379401394346,0.18675984576035307,0.09633626924184652
0.09563864549856248,0.10525484821783246,0.07323982979348112,0.04181833876314592,0.1826401526231321,0.09237193242696824,0.14185601758751962,0.16211808194921215,0.07842545414687893,0.02663669899326691
0.17156608337875517,0.12109166355792325,0.06820994238140851,0.15201899109738579,0.044172421178636095,0.013305089034162635,0.08208346951855497,0.1437170054698768,0.14265887924403386,0.06117645513926281
0.1197229114394079,0.13678236991576048,0.10588551164327946,0.12403612075134865,0.16588424193839388,0.052399413984117946,0.09838647664665544,0.018929169503859856,0.10562920605589049,0.07234457812128581
0.0470404575920345,0.003038985420037772,0.03356861944825695,0.14080803836539865,0.10055775558320552,0.1758824431428947,0.13121080804733945,0.16863391665814836,0.12304083327747782,0.07621814246520624
0.09059825661074349,0.1122111102804808,0.10611466382581303,0.047904873003728636,0.0990914508144042,0.15894421973378003,9.944867486455529e-05,0.15838692888112454,0.1789610991793904,0.04768794899567039
0.07892027129661598,0.1653448113093533,0.1412733184373721,0.1861146700184322,0.08790258263437907,0.16325787618224902,0.029332180957637878,0.12517126350812946,0.021466928254078463,0.001216097401752446
0.0027096551602161806,0.15786143768218594,0.055841119224503556,0.032698419976656304,0.11811772383603489,0.1929023099436654,0.018742559115985078,0.17425182861357466,0.13884361575980106,0.1080313306873769
0.0728498349013608,0.11383667696881983,0.0897977744497292,0.13510087907374657,0.025903169117151337,0.10759206548359487,0.15749511016661719,0.03857764317170517,0.12542738628483918,0.13341946038243588
0.05968821782352748,0.20388626257146292,0.11457223555189944,0.09223270954859127,0.018186492016308998,0.15565727041823124,0.19166305415450122,0.002944865460404779,0.08269533075986278,0.0784735616952098
0.1284101337107378,0.0798769863415979,0.05092526500783931,0.13246357888576932,0.08755554703427061,0.1394081415319156,0.11036065470311049,0.019869883540569795,0.15912120471969288,0.09200860452449629
0.09158691456821402,0.019542480192475124,0.15677818477360866,0.029961168333652886,0.1082921974443749,0.05647554786540879,0.1804592404038455,0.11509874546292148,0.07874584049970035,0.16305968045579827
0.08093242775248904,0.14179267494536726,0.08073690796128646,0.20171696051876678,0.009815479883969863,0.023441191891980996,0.06679707452939271,0.1494681098055225,0.1648600022803787,0.08043917043084578
0.16550888199453662,0.05165858973453954,0.1127442535088207,0.19413652521830785,0.13480051197337667,0.08875436947327717,0.06552353081733456,0.11211196953903228,0.07035789037843902,0.0044034773623357224
0.08901667500722057,0.15157143011690177,0.01729078816452037,0.06014376409506867,0.18066195633320073,0.07263949538683967,0.06199597580528323,0.1940892224164741,0.11430916948380071,0.05828152319069013
0.2564605108193017,0.061177687338008525,0.10370002135461104,0.05258998916550028,0.1536668418882273,0.0856063100912454,0.0005620313378175841,0.13493555393728776,0.1510723281179456,0.00022872595005484525
0.14220686528546747,0.06149972923849079,0.16397615331084894,0.02508517725585232,0.16501270612063443,0.016907148202009427,0.09686716839471086,0.1498072473548803,0.1342554292866458,0.04438237555045956
0.05998924864935402,0.15912688839258038,0.1442421791066916,0.03677264772318524,0.11529979166088164,0.1719659978543503,0.07340497013313016,0.031817961191009866,0.042874262513155,0.1645060527756617
0.17820874337645734,0.0136966444661935,0.048511723624495254,0.11234831064067365,0.025992006748883672,0.08007899146861297,0.002236304817262488,0.16602958761075273,0.16217178238864224,0.21072590485802603
0.04213682730608055,0.044802331133562655,0.1715872043694162,0.12811969060003917,0.16246381901596743,0.046273827552797346,0.10771767477159383,0.08765343454303734,0.07796564059487228,0.131279550112633
0.16504031472601283,0.12454123689612932,0.19008950829091859,0.01889730284572079,0.17269538059916403,0.020764796019572807,0.050589962563348335,0.14275213201085168,0.03288392173521753,0.08174544431306399
0.03561037668635028,0.012079270010966953,0.05784193680782887,0.2964352824247642,0.08041400277718191,0.06083257355427043,0.02110547807903881,0.03565888365101349,0.1493867741919,0.25063542181668497
0.04882830852273854,0.15061315795991384,0.10376337116055084,0.16102704197821208,0.04114510781540913,0.16226526160661336,0.06632339610316947,0.11577359282520246,0.10958724208524694,0.040673519942943354
