i = 0,i = 1,i = 2,i = 3,i = 4,i = 5,i = 6,i = 7,i = 8,i = 9
0.07098771234946896,0.018798627817181557,0.019016953440846675,0.11449769461044106,0.023531298834169594,0.07484776807183947,0.2084989463170622,0.14481800604438214,0.18541421244070028,0.1395887800739082
0.0037053680550439283,0.01003116130924294,0.2330889935516894,0.17480330018225312,0.06694381800088878,0.05583937792484851,0.16899382081674655,0.13566878503077368,0.09242807024299651,0.058497304885516604
0.13421199855231875,0.09047514023874813,0.06549295342647664,0.12527745377458646,0.049570358733600585,0.08914651561616206,0.05983378413244311,0.1363595504594752,0.1629207327970487,0.08671151226914013
0.1103170831465944,0.11330208177175104,0.15484845830032065,0.12045856775333245,0.08239745636138064,0.14546205769128853,0.016199903769084617,0.026894659458783023,0.147044324295518,0.08307540745194662
0.050318797959268975,0.013807589240868447,0.19262830489333124,0.18955009657873753,0.15645663371505633,0.08555329546590161,0.034896114274849475,0.11893055136881038,0.10748079574819311,0.05037782075498288
0.06780812347643683,0.11493529833005237,0.08003805273060224,0.13208042449259166,0.1190934881433686,0.13007310820151205,0.12524259073442268,0.04448135500537808,0.06174682228997239,0.12450073659566292
0.053906640892618984,0.14824677578827064,0.09500736066837046,0.12903042288869734,0.05819245732625438,0.09838335426150809,0.13398504418765667,0.04463873279561107,0.08664751250678766,0.15196169868422477
0.028243706624865417,0.01743516063745048,0.08524429177303743,0.2075973691433931,0.1753425265734043,0.17597468064197969,0.0653733900207991,0.1267638465138731,0.08073931311443468,0.037285714956762694
0.12273881024666641,0.15839474684072372,0.14003172415998438,0.0619429039586978,0.033716312999937284,0.029063620610624414,0.040237968792638676,0.11296030834789855,0.142481684337426,0.15843191970540274
0.10000693090209953,0.0602216641964064,0.12732645599712258,0.08601648321213393,0.1170158743453801,0.16044028186266793,0.15404524755439383,0.11328457526340541,0.032772029971935374,0.04887045669445509
0.1369619774210409,0.1681090729486491,0.15578743534349165,0.15032871113487903,0.01171920592727987,0.15654394653092438,0.04679476858266227,0.015444939506281166,0.051356490041802066,0.10695345256298955
0.06071202858009085,0.1220092329965286,0.024601434275574135,0.10487346337526769,0.12899922181847184,0.13459843639442573,0.026457560110627495,0.18352697359589454,0.1632165753967884,0.05100507345633088
0.24414901061726943,0.0909297478273816,0.06808360587816213,0.02296016060391117,0.24663088419610674,0.01572304015654239,0.0015871904045112412,0.18732191161991638,0.040007274966592773,0.0826071737296063
0.10428120724850039,0.1155535955809122,0.09933421972941046,0.10438928636088551,0.02848443431670398,0.05309779857376873,0.08596462552485237,0.12095442591357079,0.1462027036097232,0.14173770314167225
0.10640689703781372,0.12073934581346019,0.13444288442705654,0.08416377613244204,0.13241032730654095,0.07440795799033299,0.0891802335858583,0.10830491489505305,0.035575721589494506,0.11436794122194788
0.053631491659837556,0.15749629366469461,0.07144886025804414,0.11840587560820316,0.03389407858706662,0.16836752152371837,0.05547844658200403,0.13973220573099931,0.03517525064916563,0.16636997573626663
0.17214168229603696,0.00541247795717322,0.1557137190099782,0.11519620763907722,0.09073939064993004,0.03283577532561561,0.027192746987733277,0.17612525821408484,0.07536030441609039,0.14928243750428027
0.068460939677303,0.10978591539509293,0.11171585327122108,0.07449540279075353,0.08396080392441237,0.09184139249428529,0.09650829394356743,0.04780046294907167,0.16824940439460614,0.14718153115968657
0.016812476244420973,0.06612100005838169,0.14417061181320506,0.09955120303104183,0.1504804226562712,0.1282376835225944,0.15854651615761645,0.129022670810507,0.016355628058396705,0.09070178764756462
0.12830144822643905,0.06030670799701804,0.1607302106916108,0.057245981188714316,0.18439145821406824,0.022219244163126484,0.04033660261734995,0.04372820857074445,0.13195110725109624,0.17078903107983234
0.051670535914169494,0.1007084549113885,0.04238910227977765,0.13337946944926077,0.11699029487263765,0.0017218914722449544,0.1502062824597895,0.20937801363376338,0.08000921760295956,0.1135467374040086
0.09835277338743954,0.059895747866355056,0.012556944882566073,0.13505031633747755,0.0875581524640378,0.08330573971911928,0.05915093566175148,0.24754822600727247,0.18776463602860274,0.02881652764537794
0.049138727092097406,0.08664297969609648,0.045521948486071724,0.11830553543630005,0.15449592505527832,0.1710677239544982,0.012428260543521514,0.1403051002458661,0.061639170820112485,0.1604546286701577
0.007227376084094211,0.00458572502161261,0.1090127606531439,0.0076428865123114335,0.16178589847116076,0.19977021052496582,0.10472181946488608,0.21264614796512452,0.067172375159676,0.12543480014302463
0.0974609556511314,0.11599953940703465,0.1213837108384855,0.01666662957926164,0.06962880986506062,0.13620219447666368,0.12753147653873897,0.11736655194987605,0.04395613276406099,0.15380399892968674
0.018933006876251317,0.2218915344438298,0.01671316281042234,0.020126301355889897,0.23321148225036206,0.07642991688829293,0.2291716928742959,0.021945450538520733,0.1315410126144016,0.030036439347733333
0.08917745392332131,0.08887997360484867,0.011135345346036312,0.18200050435531914,0.19247764358149014,0.014249927897476446,0.24602894491197116,0.014691396921659817,0.05865005599892769,0.10270875345894934
0.060074140378890285,0.09840015420509592,0.09206768560522671,0.11728352585953347,0.14736291218374467,0.10788387774395569,0.1485080565310707,0.053763172253063554,0.08258151528275955,0.09207495995665929
0.13247788247521977,0.0974632287687389,0.08378306995406427,0.05291505329749777,0.1093254092737438,0.1468448558202384,0.06243537195572054,0.07522212216982543,0.11631057451362198,0.12322243177132931
0.17414101806892604,0.12022261667004125,0.04382434759119663,0.13291011861937377,0.0415567605277712,0.1935054971672577,0.09713806000577176,0.005401969280391666,0.07944998490593021,0.11184962716333981
0.00828562228120137,0.0369729209349254,0.15668613453539407,0.11420374966914427,0.09493851658019069,0.11575331895486338,0.05919372011962204,0.18937548578773622,0.15967472566699595,0.06491580546992656
0.10477726594986404,0.051072284977026594,0.11381093483824943,0.09500749851344109,0.07870541040835953,0.10911103140396433,0.11208286304645931,0.1312967834516936,0.12847026213835966,0.07566566527258238
0.011648850615369116,0.12788251890183458,0.09889823101178669,0.19070922802753565,0.0012519498309705925,0.06863585637146007,0.044822738503873756,0.11831987452912655,0.19248233914736423,0.14534841306067883
0.09587491036519122,0.1827957515696094,0.051639629809180236,0.18178554780734038,0.14804055935018418,0.05333044120237671,0.12791244752829656,0.1274206321506807,0.018593014518651346,0.012607065698489323
0.07006277347200994,0.13705398065094454,0.003824474853088754,0.06961607506208949,0.05836274090965673,0.045197977526504285,0.1897496044436323,0.12001139621148393,0.17115962965271395,0.134961347217876
0.17096135718689112,0.031687517748119426,0.0040588653050835375,0.07469810385977241,0.15885523602890314,0.12997482407811697,0.07755745982393303,0.13929724046851158,0.030506787279100545,0.18240260822156834
0.05607232538011948,0.16877451497193502,0.03293244555839782,0.07457296886975655,0.05961332884133842,0.12419376714428945,0.022377941521314348,0.02838812069980636,0.22505941915388017,0.20801516785916246
0.03674088269212878,0.1531026095971508,0.02687060651809931,0.1383687533371255,0.13931418076605065,0.1285306798728687,0.11725497130122982,0.08642667992090076,0.05987211019612979,0.11351852579831578
0.027382872067763346,0.1483007709709371,0.1330335861739546,0.07424084298514856,0.06991151976180603,0.07140942553828111,0.18449069002694807,0.0387057765218368,0.08247327504677657,0.17005124090654783
0.1547740673967827,0.1331965651246796,0.07866758138464187,0.09549381711746185,0.08384675692175658,0.12352830852969826,0.06423937798437251,0.008592326114055356,0.13144113349008676,0.12622006593646454
0.17078321296597992,0.018411549572881287,0.08850578239398105,0.022154505738941458,0.14426313404574312,0.170072215641264,0.19914401709401466,0.09533151999130286,0.025158803228430098,0.06617525932746145
0.03614589349547083,0.08137724468852242,0.017047297269026592,0.2178373936436326,0.052589131017146074,0.16854036072673817,0.1367460937057248,0.11860509464078144,0.09113732836391962,0.07997416244903732
0.05972492548055626,0.14557044616370288,0.1789398586602908,0.12634336914683078,0.16893742464630013,0.12897519553015005,0.009297455826921461,0.013657197501936174,0.13191266815641103,0.03664145888690053
0.03534298260538571,0.07304181537170766,0.02595596593659123,0.18032170833419014,0.1833221685366868,0.045279640385502376,0.10559929764163248,0.18124244645226517,0.08199454640605096,0.08789942832998744
0.02829828187923785,0.1885871916881914,0.1130241096647669,0.07723800437883471,0.00042935782160465806,0.18974842453758684,0.042186718265117634,0.0229432232278774,0.13539394176047626,0.20215074677630632
0.11866848296222221,0.04981006228602002,0.03999634024229731,0.19069287659486384,0.12085766826581579,0.13099330415060886,0.11999291172197336,0.07083593132462931,0.15080031954493273,0.007352102906636424
0.05854762866611864,0.1404221055896437,0.06272575574712493,0.2490072386346436,0.10219208179613014,0.009394710219059582,0.0064155043391162,0.028021208388728434,0.28118120289175197,0.0620925637276829
0.11033718715770427,0.0760677891522929,0.04738160326992593,0.02977253606474434,0.0838363985840107,0.1389676137151342,0.1513080683615631,0.1344166849273582,0.14862307863366808,0.07928904013359837
0.11301784658021631,0.12502990647135503,0.15695753912093233,0.17712206750739962,0.05598508502139805,0.11942237493296573,0.010759965676854485,0.0012837019523598294,0.18025447393019273,0.06016703880632581
0.11909539570656062,0.14373825830248693,0.1178792309258117,0.010733830076066606,0.12104038784076952,0.08789186505534581,0.15436696132465708,0.0896400183511638,0.12451112093926486,0.031102931477872964
0.1518377221633151,0.11757407559421301,0.15728211702170233,0.14861139027403789,0.0314427561165757,0.18242282980722443,0.051467884258578456,0.007218877642473594,0.14805865383758338,0.004083693284296137
0.05401710886666524,0.0450371424864198,0.11905401263917574,0.038699217542561344,0.18590235835113988,0.06053048110255343,0.0724775803519546,0.12774746359061775,0.13404545693228714,0.16248917813662506
0.016038285316395322,0.05558458139661664,0.18160869199928778,0.0635886588271533,0.10690163210723368,0.16297940909507538,0.16299196806604116,0.002973159855982087,0.19385706252517504,0.05347655081103959
0.1000231625735526,0.004152960246433645,0.19930525165272872,0.16147206607786732,0.031951632006619955,0.0654394336225293,0.02881544177802569,0.16741044005797873,0.1480857869414846,0.09334382504277941
0.028315097420138956,0.03791507772017516,0.1491667533956577,0.05416964521008318,0.259346821605436,0.02384587663738231,0.1246393005857188,0.02477651664738284,0.15580915991989563,0.14201575085812937
0.1859337236474157,0.05630002918503481,0.06641744314816797,0.22443252652759849,0.0758845505384675,0.010645449920220356,0.021695951345853132,0.02043162912985565,0.2151204045234466,0.1231382920339397
0.16611879779243824,0.1545901090974759,0.0368689715310787,0.15078105869312455,0.05375223061514446,0.014699944871100797,0.12347686822721915,0.139579608279774,0.14144695968031298,0.01868545121233122
0.07054955755852937,0.04539675850888764,0.1920218466651142,0.13418515071986567,0.07536825021988322,0.03941322027169298,0.0047791600426262725,0.2053771936903602,0.05948122940759801,0.1734276329154425
0.026230904325850412,0.15429705798325416,0.04707934000749292,0.03472053258151406,0.07740972306770165,0.14921986667004272,0.179276546474758,0.08852736953243937,0.09092988577604906,0.15230877358089756
0.1419922496728424,0.020537259718729696,0.18364767078443886,0.008092223917251845,0.07111544122150999,0.08477542258206514,0.07479058679825482,0.04744665149259938,0.204249759690582,0.16335273412172585
0.12306089389145623,0.015604576260038359,0.14764470535155866,0.14454266736278987,0.07015879770544721,0.06147413577504892,0.04632960585157293,0.1349314050839668,0.12103127783856527,0.1352219348795559
0.09250557589022794,0.08898962529506502,0.1628340627666437,0.025696706200637687,0.16323969335827468,0.06081022239669213,0.15256426329186779,0.01820473818284582,0.1577696962211644,0.07738541639658089
0.1251550140396384,0.15192615097541307,0.09793842367461002,0.06622129545457502,0.13102635926584924,0.03988951951944393,0.05222587330704485,0.11049274260445131,0.128079440811238,0.09704518034773613
0.05209495863206242,0.08702081862856548,0.007611480345253497,0.15303448448877635,0.023638649238446493,0.05500570409413277,0.21822250481840602,0.1301417116055392,0.19769869680232574,0.07553099134649202
0.00901671458697734,0.1556989276842746,0.006452855262621497,0.1590577161830286,0.08622699551047908,0.031249153329347627,0.19283802968003375,0.0631427956176206,0.11752583007903618,0.17879098206658067
0.08606984615921937,0.08171246220252389,0.1506564663456948,0.16133252951247165,0.031475532604883526,0.11590272193378588,0.03950366756176662,0.0379107517289833,0.11228094105995723,0.18315508089071378
0.08099679525100514,0.1347375494337561,0.16044423934937085,0.10263421714922236,0.1792861154141249,0.030799845119345515,0.013567935393203617,0.0784430093161809,0.04153200475242766,0.17755828882136301
0.06264347561561814,0.009186993706535753,0.006586758147120136,0.13140813812982463,0.14758906727548768,0.04850859257232924,0.19015397623104424,0.174710976055705,0.17410061035304142,0.0551114119132937
0.01839721854791039,0.12877288611522383,0.16289067408343075,0.18457050751591803,0.033333319562095086,0.08514763161900862,0.04753296860256929,0.06145667729008567,0.1511954916504701,0.12670262501328824
0.14266830217608714,0.11496168505157477,0.10419567832624176,0.032315816974299874,0.04812626428118517,0.06637431855794997,0.12840532158484647,0.15321294728549978,0.06031913428004573,0.1494205314822695
0.10453228862399441,0.07492586826730316,0.04848472942971986,0.21056976020920748,0.1899304121461548,0.03662715180467219,0.08080535171221649,0.10110642524537838,0.10368880747742673,0.04932920508392674
0.2105052578375262,0.005778360506031946,0.05090767855369925,0.09351778897192854,0.0038952731125030822,0.08678215978258823,0.069000346992802,0.1389982938254667,0.2070730440603203,0.13354179635713379
0.014143490541994135,0.19804529893428616,0.130159277470611,0.0702842114270562,0.08238017450264425,0.17639250543823987,0.15900699675196972,0.003388499507516494,0.1512284315551142,0.014971113870567897
0.1064256155989594,0.11568140455824541,0.19813253725891902,0.07297385164567957,0.13628398796185,0.11708921716695984,0.09352992759868373,0.06384180362388468,0.05165936201575191,0.04438229257106637
0.1673545059268301,0.09994100833918158,0.04996250564363615,0.14372320392709312,0.0859080915640552,0.04664210771529551,0.04654800763313203,0.06671284831116091,0.20531006218970135,0.08789765874991384
0.02365570168832698,0.1304197702515071,0.08061513756772674,0.08035041566551986,0.14627160155865299,0.0400690153861664,0.1606824779423719,0.06332480711158218,0.17143248269872563,0.10317859012942025
0.06491880800590785,0.037203283622398074,0.16571668148591667,0.1061265689190147,0.12115580573256222,0.10095558974945566,0.08211767778185661,0.09255245368374589,0.18434996108679352,0.04490316993234877
0.1256701025158771,0.0828013746416413,0.10654344179042699,0.1472684445163569,0.05733047153334367,0.1327175210748323,0.023970933825756442,0.07539098772218504,0.14941408578768886,0.09889263659189153
0.005738782970339397,0.15048558694190775,0.15993097890711935,0.07210070363086088,0.044835801994131556,0.19321169940981786,0.18582744197597764,0.0056543472331737074,0.15863917694695467,0.023575479989717044
0.15324121883627506,0.13144332309771456,0.04102615124572457,0.002177731454973133,0.03756104973032593,0.19432837141284057,0.2276183242836335,0.11302224617087185,0.014720045578831718,0.08486153818880914
0.09033235791347313,0.1454783013594603,0.008936695497593941,0.1443901541734473,0.10534306605510094,0.09557116991696225,0.1426708268385515,0.07762592500888368,0.15929227911646462,0.03035922412006235
0.04742984543471074,0.09959604385635978,0.050504349331942006,0.14155090310184767,0.17537620346873978,3.203205712990128e-05,0.14058060779696424,0.10320966596792583,0.18292491726157634,0.05879543172280376
0.12471323988667554,0.10660256880297352,0.18197165699060222,0.16075240615859057,0.0756252900704129,0.0059524524455970675,0.11451055526730679,0.09497510577488712,0.1262224664983249,0.008674258104629469
0.13027336508929227,0.14039748336140703,0.08659230077594998,0.024992493703421857,0.11842158023353233,0.12594805411076965,0.1023676577520921,0.026797474032339785,0.09998214793421797,0.14422744300697699
0.08799489506503773,0.014535459955052907,0.09447969443355093,0.16492718825432023,0.1627966794387995,0.11470390019668697,5.823363576128166e-05,0.12773600510163877,0.11611608586707033,0.11665185805208125
0.018584227550685957,0.07447512659285493,0.13816133202218384,0.07446525546001301,0.0559456257321777,0.13426954185232087,0.0807301551102962,0.12321524967833161,0.1433632862306389,0.15679019977049702
0.06405064933520513,0.014577709883789031,0.1186120553655482,0.1429823891738747,0.12069251860126695,0.10469855782431081,0.18100545561227058,0.033726177901148686,0.16236112569706287,0.05729336060552316
0.02000773043696704,0.06495875050890595,0.18851342672857915,0.14794692257002717,0.12162104483251708,0.11856660993858913,0.09413331580963939,0.051702562706354066,0.03505540912936372,0.15749422733905716
0.15183085273378455,0.1295131645411052,0.13678425409956402,0.030268848067593942,0.14303187597309458,0.07718936982716369,0.1496919643073421,0.09916503842658736,0.07308144798827862,0.009443184035486078
0.01620318143631399,0.1359339616767926,0.05653415213178359,0.17051386486895245,0.17963188860429014,0.09310432751054738,0.10853104608423099,0.18871505982969533,0.023776046723938113,0.027056471133455523
0.08351604868091779,0.12781239928217547,0.008388309269073033,0.09258826333060712,0.07414002916846246,0.07912281504892317,0.07397822333224245,0.0429497159835417,0.198296346395771,0.2192078495082858
0.0779342168914005,0.0674848461725656,0.11769395598697538,0.12340277215072919,0.11640301516886128,0.09862822271174765,0.0324977765427902,0.115646198118427,0.10522470553846172,0.1450842907180414
0.0725415426034226,0.02617088828608137,0.14194225550611247,0.15952184803480055,0.043819109300532524,0.015968816825568572,0.1208561725115215,0.22575948069342397,0.035424261833727246,0.15799562440480922
0.14095758626626542,0.16441806061866307,0.08252416981585863,0.062188540230110306,0.14623309797342665,0.09152920284934406,0.05764392258523125,0.053165569551716196,0.12700219173344687,0.07433765837593745
0.14395403291872277,0.06366575515666628,0.1606371908336945,0.045283235062366055,0.09379305950073476,0.1125933606500855,0.16485583525854508,0.0693920534016822,0.04322519285274395,0.10260028436475896
0.07176632945787613,0.13099604676919643,0.17354221163885092,0.1311335159934001,0.09107721049995578,0.15755910134268197,0.17689214407557866,0.008093300191309724,0.02819981903205144,0.03074032099909878
0.07411235324387998,0.1151867664848329,0.09649895108194116,0.08695731071618436,0.13947444819209504,0.0565682743377389,0.040467542693615646,0.1064335098141727,0.22208436206341056,0.062216481372128686
0.06268414096426593,0.19868325744721982,0.04225784096392976,0.17944699494095578,0.11364778172316797,0.0038272499061739016,0.017350133835724313,0.18169259569978563,0.16105084514909038,0.03935915936968652
0.12046891776761028,0.05354148573421981,0.07429689485222297,0.1537258674589543,0.12422108811823357,0.12893693001427486,0.0945000800673009,0.09387799663680552,0.047223040035723945,0.10920769931465397
0.019127144614038333,0.09425802222372268,0.1728399981983139,0.18573229535276425,0.05998571342975363,0.023412692171114486,0.07970617107143371,0.18169261466763667,0.04455195526623204,0.13869339300499034
0.13024868977001902,0.15133406943670066,0.04525371849830301,0.08849947669353783,0.1314233744096539,0.15081406667186487,0.011703084804795674,0.0846381668952831,0.11613784817671276,0.08994750464312912
0.20612647307807458,0.11374014633046814,0.006475842080704248,0.11541492053783534,0.1645773185588909,0.0521324443864529,0.025636851848068496,0.07687405544185624,0.03954678253520729,0.19947516520244182
0.14294078098123852,0.05148665509481711,0.1664676970986676,0.06678597993488376,0.044621523621280974,0.15804185849277708,0.13148660001542542,0.014384278026614161,0.1165285389092002,0.10725608782509516
0.14298400929664043,0.22763713981554196,0.09515814731928983,0.001581696461015396,0.049307939602685355,0.02810015394215154,0.22448641625608756,0.024409115233466675,0.07002546077059445,0.13630992130252678
0.14439510441485945,0.13445060294922354,0.18683755231506283,0.04772755684894549,0.04728161953630478,0.1334240942220927,0.046024666552852825,0.09964659533634848,0.13140435381537727,0.028807854008932487
0.11974764304689835,0.1851103238640956,0.034943954798337375,0.11703841894853541,0.1487524788183494,0.17091036150356126,0.03786557937861409,0.13460111346658615,0.04702633316672317,0.0040037930082992635
0.07320682120698241,0.12190774441875414,0.13212520531242852,0.1499495223337906,0.03396457116389685,0.13711805411105468,0.15104477137490346,0.002454721964440264,0.11869785476909879,0.07953073334465037
0.07365251111562823,0.10898008699919985,0.06168978140958788,0.004952310774317668,0.1661840993487512,0.16535580382983434,0.079157041392755,0.13708428863320832,0.12453203401764133,0.07841204247907636
0.11018353652541557,0.13809326248118034,0.13948150369507673,0.05702186382096203,0.1483696227561833,0.027154403756335745,0.09931012883376444,0.14011694828665391,0.04666299878728561,0.09360573105714237
0.02670575361891427,0.07938168326908758,0.17873738521645835,0.2070026591099545,0.039537513860982254,0.10966362196741997,0.10393092361509626,0.01159043943822464,0.1921200723325655,0.05132994757129653
0.21444974992943888,0.16559570986719818,0.007937034771560774,0.09129590822308091,0.16996894900251616,0.05592763894172762,0.0027606436215021363,0.055945416313893076,0.16235879781565082,0.07376015151343164
0.027257935557954516,0.05004777806887352,0.12648036471209986,0.13252085483162446,0.009671648514797331,0.15367486517808998,0.09253032901323843,0.13836881026484468,0.1715894176068466,0.09785799625163069
0.11225732914095277,0.12522888985743313,0.032337476237683425,0.1984326851697872,0.02304135455459968,0.07680087086710977,0.11319272335844306,0.2420010769542319,0.07472251882458719,0.0019850750351718513
0.14181867657913122,0.051135340364882445,0.15693652682358716,0.06275598062793786,0.007361939593407425,0.07720130006291483,0.13924163624559743,0.13275874811725524,0.03299210336401451,0.19779774822127189
0.15642042390054683,0.16240338087433354,0.11932388454247567,0.040650859239745867,0.08412012792899697,0.010883714474204498,0.1224753290496243,0.07685131844847348,0.06621086183882867,0.16066009970277018
0.056139396142151646,0.036792515125724845,0.1775307057578954,0.27514332237851996,0.13871784030400078,0.17546810575672056,0.03281793779160643,0.04182584423890177,0.012130765886404325,0.053433566618074455
0.08835960482881365,0.03525756231780311,0.09847696173796035,0.2730734484995042,0.033483925226918065,0.18729560829427672,0.17346094609411375,0.07139301064292393,0.002806487344342035,0.036392445013344224
0.16001665970677967,0.012267579426508655,0.16381194410033223,0.08099082461238812,0.11478545935201162,0.08874783792347483,0.12504629355167582,0.10605904250390137,0.0383818621288847,0.10989249669404308
0.17138102583164375,0.1082689319128489,0.1625160843244726,0.06435381204939442,0.07286291057097491,0.015620498305140108,0.1032158294104009,0.09603345210720172,0.14377973044661932,0.061967725041303434
0.1442602224597469,0.1369692067408993,0.07521319690155591,0.14052790320968764,0.13917856010133947,0.004178116959205635,0.13897042912107166,0.0599515581508385,0.09329858316143141,0.06745222319422367
0.14743826929510487,0.0940867157436057,0.14773629505581926,0.056433024779938924,0.04223467403816634,0.0011101533333711863,0.1673517914854531,0.11839957920568155,0.03880499250214761,0.18640450456071145
0.13832216677884243,0.009366566570468075,0.02501495977904715,0.1441578377601126,0.09586116983309834,0.12882703711698482,0.032414635338967934,0.20209754432897695,0.07347950243436141,0.15045858005914037
0.04550477030244673,0.039518662883362116,0.05046704290908405,0.09418700308616287,0.0005596620315669398,0.14329441812044022,0.16011129231127788,0.16366297385802842,0.15043523753618354,0.1522589369614473
0.005025047608327764,0.1461046242616749,0.12467078860012779,0.03174828379601221,0.14536727921996376,0.12352629760921191,0.06359322807727404,0.1285751512447967,0.10521311325296773,0.12617618632964311
0.12924982334346508,0.01531241263518218,0.12079445112573985,0.10775399921857494,0.09004257613275424,0.0780068759340433,0.11269047423595693,0.1680809982570252,0.07724534081376003,0.10082304830349814
0.05631910145472625,0.16649707586047985,0.11390810616941467,0.008556439649594431,0.10460875222531583,0.017008139110515505,0.16737573688622137,0.002361901383915441,0.16744331628964504,0.19592143097017162
0.15541077053097196,0.10552950418242696,0.02319020216306758,0.15300883394738096,0.13859087494215555,0.025939358600325875,0.10174888132346915,0.1473740835329101,0.09057695412376557,0.05863053665352638
0.07402980950648987,0.11993721546509467,0.1637525478952689,0.06098985242970771,0.18287811195468934,0.047548106752009524,0.1275965500620731,0.10126282013161764,0.004916602603081338,0.11708838319996788
0.041377576647152234,0.16944825233771543,0.002805728376809901,0.16118059765141213,0.12136961379192428,0.1999651588740778,0.15234918485111143,0.10844756610623464,0.0323932601342008,0.010663061229361592
0.22269462705625284,0.09475443536406611,0.11690439468089504,0.06912165672442311,0.07191544018021574,0.17760912959202985,0.025616114174733313,0.052102565505696315,0.0337133880498607,0.13556824867182693
0.06414340834885518,0.19828042544106958,0.027547183258223543,0.07298906169397729,0.10720489261647889,0.0850299402917594,0.022388814082373247,0.13992960446796968,0.079540728946291,0.2029459408530021
0.08551268741998516,0.13922809336506822,0.10078927577385659,0.09899452761567754,0.03734413348923347,0.1771503394213607,0.008523211512588783,0.07623225063234224,0.1566223365487325,0.11960314422115494
0.06011730166466568,0.13752300326187614,0.0897002028777427,0.15456569081370772,0.01638782141873691,0.16697469793434158,0.06373566652604572,0.09066648238949868,0.11369315109973306,0.10663598201365161
0.017406025695861183,0.19335552930461003,0.15235011409553945,0.11486962594955147,0.07831405577830267,0.029884549893210977,0.13832918000682815,0.08231234401481972,0.027895422740094468,0.16528315252118195
0.18903697736773814,0.09003276281830004,0.15604298094684438,0.07225430520679788,0.17851133066427713,0.06640959187889625,0.010942017473921397,0.07128208214040321,0.12809261864675303,0.0373953328560685
0.09460833155548136,0.07814500121356553,0.0909283970278381,0.09259879914935283,0.09284271797352157,0.11415776736289654,0.13583390772652515,0.1276791686869882,0.061005046337339844,0.11220086296649093
0.13952887003677306,0.1076733827639621,0.12306867969032706,0.15169337697412777,0.03483944564548199,0.09124000699498605,0.09886058846355686,0.02876272013922868,0.06444010158883197,0.1598928277027245
0.023261534122869035,0.033100044021165224,0.16020522089256808,0.07422947401024133,0.1791270412108069,0.16485848536460423,0.009080601829050676,0.1297315410128264,0.10861293453666386,0.11779312299920439
0.07591715316534575,0.10899664001969492,0.10605119069694001,0.15991771302336852,0.04867422764036782,0.010198290171252147,0.06297845833845163,0.13446890544662438,0.16444290829174024,0.12835451320621455
0.07664996871769389,0.12057101872616945,0.053574368644777354,0.15393581263011016,0.09225864140047721,0.09907973850013244,0.0021721192174253123,0.1774681767773937,0.184353690245624,0.03993646514019648
0.0063300296803675766,7.087940749583116e-05,0.06813945496583988,0.07450860405591442,0.14545759304412698,0.07419123025033612,0.02368496962039863,0.18373745508009298,0.20572564446765157,0.21815413942777603
0.10833112647075903,0.07969566418313094,0.13940153437388933,0.09561910266132849,0.10521646856614707,0.15324468600179914,0.1699702218600158,0.013229034629401499,0.09281304944029807,0.042479111813230545
0.04808918370149728,0.10198662007559312,0.17868124414245337,0.10962480349489033,0.09786695823117318,0.12251423913636747,0.05652639191877216,0.028822009949006595,0.0804332725415682,0.17545527680867842
0.022443351406971766,0.16685953211699772,0.0746487662963978,0.03751960741041902,0.11726415393994821,0.09027638879537614,0.14148785535844058,0.15792329865861468,0.030394822548103124,0.1611822234687311
0.18278814690811418,0.1779749212240503,0.18116661221435004,0.012092946061352814,0.13453711657538248,0.004876011893441989,0.025985833619017767,0.09492053513999146,0.1668709614479943,0.018786914916304687
0.1883274037917966,0.04595124252843346,0.02718590608281171,0.07824723559113196,0.14383863193596372,0.11684631809621274,0.03596216128958268,0.14756596211719872,0.0801183048194884,0.13595683374738
0.11983205725428465,0.028934847839880238,0.12371209013766879,0.043752291990385675,0.06279853172081257,0.0416042069744934,0.07525942948133776,0.07379283413731742,0.26113785994603667,0.16917585051778275
0.014453350602588098,0.007555057338476109,0.19463086502356725,0.234761132727077,0.13439040856228676,7.724515259141052e-05,0.14010555233196234,0.07035812393947319,0.00676839946824713,0.19689986485373073
0.13342956218429303,0.20825523013720665,0.1840382920731216,0.1081474151205409,0.031855159986200664,0.11572615186071468,0.016023448559011035,0.12426906959839461,0.07346201002948745,0.004793660451029319
0.18573185552184165,0.15135720113638088,0.08026174695361576,0.004897306680336718,0.1387886065218079,0.04916096282543751,0.0812629741685331,0.014330177507506835,0.13739377962772303,0.1568153890568164
0.17547541820987914,0.022037705571451374,0.028965668392778997,0.1783413819370401,0.07057650749908796,0.07843833245080659,0.014057007040594266,0.11786476278651815,0.06837887150784157,0.24586434460400186
0.12553035526125053,0.1240041874744313,0.1458572685502446,0.14803163277423595,0.03763103163361358,0.1435565164786528,0.1213165285436343,0.13013252871464598,0.012710891014060487,0.011229059555230654
0.20381283837884762,0.01120604047506722,0.217121088538925,0.01556416146862218,0.0438056748364555,0.18421244370931472,0.032654643789009084,0.20282105368158015,0.05050206928899918,0.03829998583317916
0.10416019990933753,0.05162186725969523,0.054382426016297246,0.10105066121983841,0.18567878968978954,0.15860605742344122,0.01958119253825948,0.11334749743684967,0.02879206930741611,0.18277923919907568
0.16034932764270096,0.06722831550773833,0.18820840247295612,0.05612823582470677,0.08939993985989,0.021157467391665057,0.01302031902650626,0.11002731447332996,0.17951984315594197,0.11496083464456455
0.08805917540418534,0.058998212785145374,0.09223437825859605,0.06185665209899562,0.08485616887959166,0.14716022351909008,0.1208297457745777,0.10889499937371191,0.09164062882982965,0.14546981507627657
0.024448332139509157,0.013494078482908598,0.1563730729314692,0.16562223431903547,0.03378651755685389,0.01711986769880095,0.09889455195388362,0.13079810633278427,0.23895437205062076,0.12050886653413395
0.04471503803735489,0.009328836325663023,0.21683450723484798,0.21214537612933482,0.0769808864843128,0.01585479040323683,0.09926218327676381,0.18422557442088286,0.060688879400655905,0.07996392828694718
0.05784332518806568,0.201521922657401,0.07995182334489023,0.08153795264242476,0.07027174392414672,0.044792194974474994,0.2214082090921343,0.10653182237080953,0.13078490048976119,0.005356105315891608
0.10058487877109473,0.24772019073042617,0.04790161331479344,0.08172615557899934,0.006028162636304092,0.030762581089021055,0.0477389598168417,0.04471854366260813,0.16054896126937843,0.23226995313053309
0.16351675227657403,0.03649079901526659,0.1049523048796003,0.0017470504252079066,0.09134952990089912,0.172731994644078,0.1688387574287703,0.09523838698172132,0.05461198114386126,0.11052244330402115
0.03421892609870796,0.2053528996191113,0.0861641132360511,0.0007284384513811712,0.17818088304619958,0.15596832048585857,0.11517135114552471,0.013655992135419012,0.1662987249413168,0.044260350840429785
0.1556746545419989,0.04878958400623074,0.05631296949471546,0.10217997165014292,0.13277135898981304,0.13108739201247904,0.12500563938766387,0.15542232672846698,0.025317760431289728,0.06743834275719923
0.14559859323636262,0.14908988253719996,0.14622371350920083,0.08458997049130317,0.1038484545055797,0.11420544920244757,0.12889106869489303,0.01009601177416954,0.010494613006367283,0.10696224304247624
0.03627581184479108,0.09478083118682497,0.14867665832726165,0.06807815808024176,0.14121733108397333,0.0033901589061844767,0.09076480736433876,0.12688474606907885,0.1360991290139824,0.1538323681233227
0.159226421596861,0.14774778678432043,0.06108573941526917,0.07755183845072369,0.09383301426506935,0.017121925255682624,0.14824444395316558,0.0005980543506813879,0.13893493975208346,0.15565583617614337
0.10509086515484832,0.17803800377824766,0.04548340870261066,0.01647035815224796,0.08139633165608964,0.1462053942102953,0.07696756724705084,0.2003400617428157,0.11763065670403618,0.032377352651757764
0.12054197870324307,0.004475743490678018,0.01181165744570023,0.06607002496100348,0.16244133595244115,0.11409447507972732,0.08189500176720421,0.1268368035615134,0.13952902194752065,0.17230395709096855
0.13811870337144957,0.008211341575980533,0.12201161325612869,0.1297869107000037,0.04565901713342394,0.15697550122947956,0.07400756927154617,0.059538488552591445,0.13121344006324945,0.13447741484614686
0.08693614044501259,0.035559435656524925,0.021886407689951672,0.11922699533724591,0.0259771400171114,0.1593656663853291,0.17368145690178016,0.1316604376274274,0.18310162944767672,0.06260469049194031
0.16329571620056216,0.08274168073609686,0.014216970040759825,0.14104662958238445,0.061415977401167374,0.04972694583806641,0.14539185084455603,0.11447851019447598,0.18929867183037496,0.03838704733155606
0.03275767014023216,0.017652071892889185,0.18376294916297356,0.14093064831139626,0.08158434008593735,0.015517263305777648,0.15768839012674452,0.1406969608660378,0.1952627434046674,0.03414696270334414
0.0014958039477749546,0.03002983713348015,0.21850419835020832,0.2029334518978672,0.14458094104204278,0.03559707046648876,0.16101283350595158,0.0901249942191094,0.0037169398912226138,0.11200392954585414
0.08664007037624279,0.20412080405905547,0.07055310311514779,0.1384439267940102,0.06561018996426123,0.15637961775026354,0.07686694252407204,0.054443135865224306,0.04985637248367328,0.09708583706804937
0.23174047878099482,0.07764645787236933,0.008730305637561341,0.19188798163024223,0.12056333170490728,0.1590784023853888,0.05938408281365912,0.036568983766110334,0.058006477918065,0.05639349749070187
0.18393891655236635,0.1506201852324385,0.03408027039512597,0.009700092898516132,0.03973234904703331,0.009794559468542244,0.09206759999383587,0.17999504179095951,0.1886583860785471,0.11141259854263506
0.08444170147906012,0.11981677274335596,0.07803963410970897,0.18392186087338802,0.08840286366256468,0.15213894931920613,0.17968804021459053,0.032746865193798054,0.055151218391409046,0.025652094012918566
0.10074589965613118,0.021128546991059347,0.1341262383239007,0.14701516965810427,0.10841242688048079,0.07056212530216414,0.10893658276903463,0.09677464947309604,0.1338530603678316,0.07844530057819725
0.20001153153105772,0.06287545276893558,0.07964541997512521,0.09146813650323078,0.009969529091881129,0.1799742250386169,0.10217566416446591,0.014084541290147388,0.0525562211670646,0.20723927846947474
0.05042972693807363,0.1732534004129747,0.05685744759488815,0.1472720954416783,0.09254772392846802,0.030923943255666966,0.04179094216063148,0.1762267016234418,0.10352415153109085,0.12717386711308612
0.1069449718930321,0.07072466295348914,0.041819412213558144,0.07406784777017562,0.15874799126376937,0.15817953765779275,0.0757093185276078,0.1762589784149226,0.040873621628598554,0.09667365767705399
0.07676058649413157,0.04643959736313525,0.13603737323801804,0.1653387222719807,0.1655704348152333,0.02601151207764572,0.11253551255305745,0.21236246538504805,0.03347677651054216,0.025467019291207555
0.12889288147047825,0.036296058602568494,0.1079780282266331,0.053149412263399386,0.04873074844109324,0.11496673266709993,0.0676244392933522,0.15807814999195294,0.13610232175924922,0.14818122728417318
0.0028115750241169664,0.09391511478422931,0.04495232018619725,0.09526958051401466,0.11890438277601945,0.12581057996656814,0.07227955808049669,0.1723865148949349,0.04835365259806364,0.22531672117535906
0.17373751042094288,0.1229571695712242,0.10021089961541209,0.14446729277314138,0.004045849407050652,0.15986091074774572,0.047630318428596746,0.08138052603842341,0.14900241329078795,0.01670710970667496
0.15319802590070866,0.13715639590172718,0.09215896516471254,0.15050077874248743,0.08116154769684349,0.028799699934255928,0.13065130878047834,0.026462283368041812,0.0949333055541493,0.10497768895659532
0.07553531742050035,0.2175869208074075,0.05371861478860094,0.06650417882474165,0.04844057289734237,0.12600494677217192,0.08602492338882206,0.17579497913919467,0.10102904024936855,0.04936050571184987
0.14859971500270894,0.04608018666373518,0.11007360695956486,0.1445046108142268,0.1432396711952836,0.10844767334375582,0.0965810003215436,0.03613944605762272,0.09584745287164305,0.07048663676991529
0.10836383331974694,0.12116410783185604,0.06968155665975419,0.10495182725154287,0.12868242396467877,0.012369231267602301,0.1980967767362047,0.039600630149308966,0.18397355028414902,0.03311606253515633
0.07821690706991835,0.15665905704583127,0.16990017023681278,0.04168403383728033,0.07886532887406109,0.15781841412949998,0.14243756245457664,0.0726123876585044,0.06419225976903126,0.03761387892448399
0.14044765735484513,0.1735323379588113,0.11029615240280534,0.1604184904772224,0.09038312402397593,0.16777806124572703,0.03258209728462445,0.10061721229868854,0.001009199879302736,0.022935667073997124
0.09120078904765654,0.19645783819511328,0.039964562445034074,0.014991827562477252,0.1812952012165097,0.1168142692859497,0.11577631318009202,0.01072278927837135,0.0979086452022493,0.13486776458654678
0.02329959431270772,0.07612075735013608,0.1192165499879774,0.03398322930347768,0.2530046249275384,0.22504020896884327,0.027010064709566305,0.16091304607733922,0.0007183087203485181,0.08069361564206541
0.065921486204833,0.03487623490530439,0.181922755040173,0.08100240262433407,0.10744977059318811,0.11144434821122122,0.09518719277637723,0.0431268613102963,0.20317657810318826,0.07589237023108435
0.043023009477845944,0.11102040021181543,0.1637522695666978,0.17404114596797107,0.028605377714859395,0.09245666343728708,0.1608084788369905,0.007240881552129798,0.15842269373924586,0.060629079495157286
0.0008658632452329307,0.026938698123190535,0.16763625750269917,0.15292521990940314,0.08727463342083193,0.029389748045153936,0.12011821703356551,0.16805750072294132,0.175771493655101,0.07102236834188057
0.1382214336321906,0.09417231087862918,0.07409602386519965,0.11410953287814735,0.058425914422241224,0.07738262698190695,0.13881859984081163,0.12199460873328759,0.04659754812580182,0.13618140064178394
0.21239410437902687,0.059100549552758314,0.056912511197964394,0.062385974148684596,0.05018471078760633,0.05568063670192736,0.009975836393809915,0.17364763010981785,0.21794109590763938,0.10177695082076488
0.1414555800888393,0.08975991857996635,0.15399393360094613,0.09833183043246982,0.10940397458743059,0.12197551563000049,0.04706476278461197,0.026948310073447803,0.18078747618102967,0.03027869804125779
