i = 0,i = 1,i = 2,i = 3,i = 4,i = 5,i = 6,i = 7,i = 8,i = 9
0.03012720908471304,0.10484038402350973,0.04510626456128647,0.13597205975843757,0.12153337849303475,0.027391349011923572,0.15218331748684324,0.18059350554949596,0.1820390046541506,0.020213527376605117
0.2007317008555809,0.059576043992483924,0.12897668661366174,0.059745867549332386,0.06887811366341393,0.15641108868258938,0.04055442798689994,0.10336550438922079,0.031089462114027314,0.1506711041527897
0.055327974842732046,0.16635251289498776,0.04348140737532046,0.12743258560192472,0.009962770141734046,0.17884288128256318,0.0338212097793852,0.15652627003419498,0.0936482732356815,0.13460411481147622
0.14882727786723213,0.15213211526865852,0.1682320648922998,0.12828642779298707,0.0259215496905279,0.07702955824810682,0.05773283935415569,0.030238248482579166,0.08591162312552408,0.1256882952779289
0.04237115576096799,0.1932851188184183,0.1474527560106615,0.06083642873478984,0.13472563378397107,0.17339686508027038,0.1152013051012147,0.037917804806030325,0.03582363993189493,0.05898929197178098
0.11689925261436102,0.07566681986704143,0.15698378581708697,0.1435969317213841,0.07356165107902744,0.16270964050613146,0.004846840512099522,0.09481965550415489,0.11292136714966172,0.05799405522905147
0.16891247539033613,0.01844583709216643,0.05872996656199753,0.2227749775299228,0.22161829442024075,0.06909617375476503,0.04773696225309482,0.144419591474146,0.019556134170939887,0.02870958735239057
0.014301417454296096,0.08331451544644922,0.09539424255478349,0.14225450195041828,0.06109174221127829,0.11614264301005989,0.19265106177610422,0.010895646711096302,0.1038570411127969,0.18009718777271744
0.0874508326029845,0.050984153012407704,0.19429733422384052,0.03606260150915937,0.08665624837660957,0.07148849273258023,0.09291327401481515,0.153647390886067,0.18409747595319398,0.04240219668834193
0.22268199193495375,0.19822178622433564,0.012797077650637081,0.00926049020235269,0.13081320122335813,0.058131061755885824,0.07065692853040434,0.21952781035037772,0.034228983950205995,0.043680668177488814
0.09526047152018267,0.16668172565890654,0.08536800972671639,0.16285237739298586,0.033370337883371744,0.10753751155566256,0.08886028267948347,0.029072213299176308,0.11815896547562717,0.11283810480788731
0.00035115906535712957,0.1408368534478066,0.09421861304911901,0.10128622460022857,0.10299643455356466,0.14932884767647106,0.1284867907084164,0.1105624817657562,0.07740754531654234,0.0945250498167379
0.010844574141851415,0.05209775707588018,0.1257350986516565,0.1860941877950694,0.13903128545755566,0.003591442028076203,0.10245875397589757,0.07630847928803837,0.11548421862057587,0.188354202965399
0.08032617582498248,0.09980329167967139,0.11969705440458663,0.16854293751745203,0.1238472845791361,0.15742776365133726,0.08953551987074046,0.15357932662388782,0.003355393703559906,0.0038852521446460083
0.1253217041816008,0.08744927405230954,0.09263892421581224,0.0614039022271381,0.05511657710129279,0.1416202782313737,0.13176932772198935,0.07535780626251523,0.136401796400535,0.09292040960543321
0.05503522612381565,0.20997401786409872,0.11291707778886828,0.1795211179029296,0.19162773906177663,0.10677363155086098,0.00539239627410222,0.09771176331620927,0.01608423330649444,0.02496279681084434
0.08599353206964039,0.12371869937355291,0.13574864853047222,0.06249908196204679,0.12893122823793232,0.023495335338239984,0.12139575309234585,0.08320504197378618,0.1435673785834321,0.09144530083855139
0.040532355841707626,0.02451379604847264,0.11304638430080816,0.15080491085804734,0.11438472862694037,0.13661643714530256,0.003909087930570818,0.12486737533115139,0.1466467082120716,0.14467821570492753
0.040843575275767624,0.018105962582934374,0.15779300711753128,0.07869683161808566,0.15410613003402457,0.1602005030031392,0.00829793907741983,0.16556584881649092,0.1729113969291852,0.043478805545421315
0.024649521408016333,0.14703995065309497,0.13232417269212374,0.17400532974548136,0.03611484421403171,0.12166562917450074,0.03242212080045578,0.11944914023103549,0.14998215100776097,0.062347140073498876
0.08365587095256011,0.07636284197018171,0.05922905867428321,0.07610619080936944,0.005121979595274919,0.21053400177070417,0.008246036735126958,0.1423842444202801,0.2072338170907874,0.13112595798143195
0.08828736656914599,0.08976152466410994,0.099851167938558,0.14780704174542042,0.0241107921242326,0.03258309027592146,0.11457519900612503,0.167146903290382,0.18554481098850126,0.05033210339760327
0.04743323965702607,0.025718471397279372,0.13701265140515462,0.1675294212271691,0.08365622383546951,0.030134727514827243,0.11485286762301017,0.04749220030255571,0.2101054521704737,0.13606474486703454
0.04222664535742013,0.1211198639041308,0.17583119919950993,0.047946782322633545,0.13243211426114856,0.06650773640319439,0.03307356812710874,0.14387067065603007,0.18072991629976445,0.056261503469059386
0.04568469522116244,0.08818087568568773,0.0317404473123478,0.11433106548560006,0.18282505383746414,0.0658821667426095,0.14618239608389516,0.05363109062680455,0.18099357276007272,0.09054863624435604
0.07998760702378116,0.10028682517699868,0.0638982137912415,0.1068015741191511,0.1314187543646833,0.018337209129951203,0.057257845376444814,0.06894064913425386,0.19512124983778198,0.17795007204571253
0.20576123928592616,0.16726564278365996,0.015970440685238473,0.0032557343745229176,0.006324313297630021,0.1539610405141012,0.17057632261336475,0.13846014839382398,0.09703286027420248,0.04139225777753013
0.14687043975100303,0.022288017731409045,0.09742928987188162,0.11294555382637612,0.10084413522673326,0.00734019173899642,0.14919360077419097,0.10350097115760824,0.1281673375740804,0.13142046234772092
0.12065489681078127,0.1745545939707906,0.0728989564818679,0.09790110420070414,0.007213062864702372,0.1666488657878323,0.06771614602772823,0.03911684388242749,0.15712823765431302,0.09616729231885263
0.021835244815674455,0.17830862205425457,0.09938329469610205,0.015764066138043344,0.08223026655758935,0.1435264959710174,0.06605752395185076,0.16051417200520296,0.17648847077220398,0.05589184303806107
0.132941677312178,0.09339021416264374,0.11123059209988015,0.17689761200669615,0.10059806695862313,0.14280221281052238,0.13830104840295665,0.028442623411237017,0.05533275231975068,0.020063200515512098
0.12690946576692827,0.03710846425724365,0.0801612186104098,0.11891057375425768,0.16820497808346305,0.15381663679396532,0.033054623173295605,0.150117530662548,0.08423336017712708,0.0474831487207616
0.07320489978742123,0.04462166865666206,0.018537895748189547,0.26647612804885795,0.2541694865780016,0.01069999314237198,0.031788758022153786,0.0902167421848921,0.13729508518555208,0.07298934264589751
0.08181200533835298,0.16868710825688493,0.11310059725892156,0.09363830897879277,0.1275291688449114,0.11009314398215979,0.033813165456767706,0.10525545343110125,0.030237841145349748,0.13583320730675788
0.12932673217581073,0.2183238545231592,0.0258372906869342,0.05655604009874274,0.06378092728141353,0.08436533295818434,0.1585819252740446,0.10525689234337444,0.0013781861163017866,0.15659281854203447
0.16524198858047495,0.10236707718774565,0.015137457002260286,0.15283182029847972,0.10075232214085741,0.1380935158330888,0.02869986775330137,0.1444829514832696,0.12269367903535588,0.029699320685166286
0.07161519624817497,0.0049905850602309145,0.14719169275847446,0.13841419658886808,0.03413626704062279,0.12119250198045922,0.14049702909583034,0.07155453950581338,0.10114467628818746,0.16926331543333842
0.20920870489649337,0.07768071166309337,0.19766814105853514,0.12794764234943665,0.04402031444861142,0.029003737798955553,0.016775196271294264,0.1357547786116129,0.0634386343256133,0.09850213857635401
0.1173057602678929,0.14512831999702935,0.12673009825046094,0.07853984132086352,0.08974167330140152,0.16425596101469278,0.1085026402346343,0.014720632171223892,0.09193462555486373,0.06314044788693708
0.126888897040194,0.014572263027766765,0.04253361687994787,0.07611244896042829,0.20628825687126373,0.07384333953567886,0.13041177064835563,0.014372312187721835,0.12257660264557611,0.19240049220306693
0.15234668917149785,0.05785863705606608,0.06008242451210673,0.09803991645747086,0.08343941293437789,0.13141940975008456,0.09827431844376304,0.14469181871709913,0.051474388285581894,0.12237298467195204
0.14899765183130434,0.1473935142570275,0.04611155655497092,0.12112606255925507,0.07627313764131544,0.022453364935904597,0.10781337970396239,0.1407391892487022,0.09536917868547723,0.09372296458208028
0.11086095812525186,0.026044135174749822,0.10388743380397414,0.014541183735651364,0.09178146176354353,0.11647010339255548,0.12259639411651364,0.1037228990261987,0.14274526043120558,0.16735017043035585
0.002438362819936616,0.120038323686945,0.18318843149140682,0.10241506080270493,0.10777912610500485,0.02959022911172233,0.14766049482586394,0.01860289130918605,0.08846165705192865,0.19982542279530066
0.10012878832756042,0.21044601523001688,0.04346602142170121,0.1840881474682611,0.018490891197500543,0.03841072035607511,0.056962969016326186,0.20039631322410464,0.056240185682535346,0.09136994807591871
0.11341748803773477,0.12955804184926062,0.028708944700140928,0.1520507913093384,0.1722978275068429,0.08221557499236128,0.10386572499968842,0.14711328988735595,0.039874034213700775,0.0308982825035761
0.10189414321012435,0.1655192812058053,0.02826694963670962,0.15512835864210053,0.007525182243171084,0.004726866814875788,0.10372651647280005,0.14351189984521784,0.1687922297785125,0.1209085721506829
0.17783565287084938,0.14139638671510502,0.018924102660441304,0.020153118297024025,0.09940337300350931,0.0023460475799529762,0.11352185907863095,0.1189697113065606,0.18762843088440848,0.11982131760351801
0.021939536405987694,0.1592491726750144,0.08702590332851906,0.027124152911081625,0.13206296715797958,0.11736910581634283,0.09014067302974167,0.10188426742952532,0.12838862368671014,0.13481559755909775
0.09061160836988547,0.07922573274834405,0.20602599022652998,0.03239889950841509,0.14390424762816784,0.001649989098751845,0.011667723423819717,0.14854754056584185,0.11854874312439877,0.16741952530584545
0.07210412681090625,0.10881200329620927,0.0161872005349871,0.14927188731881808,0.12323424772571206,0.09582026063532983,0.12321075388272867,0.08344757515857168,0.09052843573614124,0.13738350890059572
0.13529394138698972,0.06017593749564804,0.19878573641371225,0.10081320969741075,0.15771736660862504,0.06374239571308754,0.17498208739518967,0.039434444631742394,0.0042905867391651985,0.06476429391842935
0.10034133078439889,0.10955021569394885,0.160030737067681,0.1803064013321101,0.1208615519144102,0.05623485532622232,0.06941269665506898,0.0132564091148216,0.10301551206379211,0.08699029004754588
0.08831674789010205,0.03000763896329116,0.13817712606598617,0.11229434780027822,0.10692141337438266,0.14866819636163855,0.05491798591519353,0.13588310103007673,0.09679868782131955,0.08801475477773123
0.1597385615746965,0.13059995605643301,0.1566014496545878,0.05797441502018122,0.0687129169554615,0.11012201156435324,0.17895521031046166,0.052687381283259074,0.0013104381730051123,0.08329765940756088
0.0011127359142524308,0.036826753675909846,0.166458337342337,0.15659957361534485,0.1756785470429769,0.18175413794722073,0.018804443700098386,0.043012541452726,0.07432628734439017,0.1454266419647438
0.046758223731513414,0.08577079374837884,0.08656375497548831,0.09026944984646405,0.15030783625785396,0.05507938102271346,0.09459643795211703,0.14461912494635026,0.12437552320030182,0.12165947431881881
1.3069854981865802e-05,0.18539270344946368,0.16145153423825126,0.101297837692127,0.14558680660873033,0.028850778885546373,0.02041745574478362,0.16410743741694764,0.18392340301655324,0.008958973092615109
0.13509169898107237,0.09040768711802757,0.08184937316161273,0.17108916091806523,0.04777894427236591,0.08993719192732261,0.01437758741327167,0.07025843335203774,0.11797323615988348,0.1812366866963407
0.039699786378928334,0.04217594304156764,0.1921672203356249,0.07404546134209326,0.05245989664790312,0.13725971530671172,0.1464752167184882,0.09826571122872553,0.02306000825596247,0.19439104074399474
0.13531804303474243,0.026380688751704982,0.054039319442303405,0.1610127222654232,0.059983723077838315,0.09588017950206283,0.17004796781877582,0.06833341712781167,0.09115266635688048,0.13785127262245683
0.07624222846084566,0.0322298806805024,0.0542861310167286,0.13833184106136814,0.034309065946478874,0.15036925158748216,0.10413190645411285,0.1857192019686527,0.07483156063464277,0.14954893218918586
0.12782910870629838,0.19699957712298652,0.18129911720886302,0.11418668139104868,0.05608318428492367,0.09290776155520575,0.05693509448677184,0.08766113325403951,0.03244024327471999,0.05365809871514253
0.019258424390782052,0.18998680326999332,0.013126725196965065,0.007458815754821661,0.16986943660139317,0.22386935049772452,0.09571885299852044,0.10828200576506739,0.11266718335157483,0.05976240217315761
0.24787489720579325,0.003474416464497207,0.16562911885214607,0.10624248362929047,0.11561288497218009,0.020454287215801916,0.016041477651175386,0.054114460383304495,0.2379392617383984,0.03261671188741276
0.006023701765548519,0.14304508704835286,0.11040746803421952,0.12971857840924816,0.05898767194738792,0.11393034001899909,0.07804421275820242,0.10807513370224058,0.10888240336896685,0.14288540294683408
0.14332422334385705,0.05341690161590117,0.13588464922095225,0.08363592087381456,0.008970202033567983,0.08162822152987637,0.13299190011629197,0.09021562774827194,0.1378370376118976,0.13209531590556897
0.11774737924914683,0.010028239744007031,0.007052620001596429,0.12603992192760094,0.14693095510137902,0.16505095147225712,0.06257937591607274,0.08340462272152538,0.10674425656133342,0.17442167730508115
0.11183159204498179,0.08447228498840118,0.09403570189747397,0.15368109129934965,0.16578921899247553,0.047596234286448796,0.12552665910988772,0.08987730474926608,0.019846124998105154,0.10734378763361009
0.07697161681770645,0.20826536117517963,0.0376703427190836,0.06581312126281755,0.04493565543486788,0.06688499186555871,0.10459338003238684,0.18859569721560296,0.09187712944011134,0.11439270403668522
0.1682612144388203,0.04780792177913281,0.1664590570577925,0.11529460595470391,0.016223082519694353,0.04341645257870865,0.07816327579346245,0.1774080739259257,0.03839895200424218,0.14856736394751732
0.02797215899825395,0.13724421929106603,0.12862398107046621,0.03551661471777847,0.037180729562287164,0.13557517832688473,0.11164741979351595,0.1234103629689199,0.09716855307316685,0.1656607821976607
0.03838247853325034,0.08442330502894164,0.11313575564628642,0.05647703473115686,0.027172719933486536,0.13566900460792336,0.15767388272413202,0.018442049614418823,0.2231494129374667,0.14547435624293723
0.10657307243956204,0.14230075172100407,0.03811090644221263,0.06298343481326071,0.0713605354393815,0.13880338911853568,0.08031535056536297,0.18244057184286788,0.004989204088724366,0.17212278352908814
0.04859466524538197,0.07035900544682358,0.010214972042137161,0.15059806316365065,0.051372646748947516,0.14963168578224978,0.07225295989864504,0.19124989093409545,0.05477406567802092,0.20095204506004782
0.017369910083720002,0.17630635154156854,0.08715983913809701,0.035150881513171514,0.010477112905520138,0.18162677273451355,0.12692449509054984,0.11204876577643051,0.12457811421892127,0.12835775699750765
0.1315576186235541,0.035478943183085955,0.09432180622708611,0.03118706087485159,0.14584327760728502,0.07902297451022676,0.07936760489341285,0.1535591420513664,0.12810574507505054,0.12155582695408074
0.0994447478412232,0.0971559485081441,0.03696777912432199,0.10629668174826426,0.1500693132812347,0.14947551052828575,0.03902382441731451,0.0028301966552667104,0.1990521605388228,0.11968383735712185
0.0381014141644625,0.1489527470010448,0.10922664639232932,0.11012704272365792,0.10831435738417139,0.18200267351359442,0.04344372767332884,0.063872314341735,0.006951823757912138,0.18900725304776372
0.10640644623918442,0.01791449975549368,0.003104932104589611,0.2034620732869854,0.08787340032737448,0.032379557071694806,0.15231668035603937,0.14084807131821472,0.18975718809720987,0.06593715144321359
0.05154374660828484,0.05528139317909005,0.15814866622897578,0.15568837253137655,0.010094051665111936,0.009707345740243751,0.20892426379239284,0.08166598101806727,0.17245006243061145,0.09649611680584552
0.09288923140203809,0.03571454313225,0.07121433810527152,0.1454541612587837,0.14067595025988963,0.07374052716236765,0.08185158419332911,0.13218577401870277,0.0842574379352834,0.1420164525320841
0.16373334664100872,0.16544147956955993,0.04184340731773159,0.09853457683188088,0.14168081077520647,0.1814792372452392,0.027953222453474175,0.03946581563436856,0.002421623547372432,0.13744647998415804
0.041246896433810395,0.08400516857334613,0.17531034404477425,0.17485617739440937,0.15752139131005244,0.07963142094772739,0.00291367509198611,0.08565154694429876,0.1780900927461068,0.020773286513488278
0.12253224429502736,0.07866240633120564,0.08808466394655977,0.0438755048048811,0.13598631460907679,0.17889440147797156,0.10592287315128514,0.029511910483233057,0.19071505159647503,0.025814629304284645
0.05018738398492495,0.009934857376857157,0.1146897006155087,0.006282127049317172,0.1743535027030478,0.16555909845264138,0.1862213837626828,0.15359586330597164,0.10458870490465118,0.03458737784439714
0.043428947227074466,0.05030662107859552,0.08765514424056652,0.15201684926758702,0.16390630681852214,0.12561132897964014,0.08718846544427485,0.10876868985987694,0.06841295366982013,0.11270469341404239
0.14027765759891406,0.05945374624857174,0.12147468756268959,0.03644141576853011,0.09168074755172072,0.1415521266808848,0.1084118490190541,0.15238762077624454,0.07060683122397121,0.07771331756941921
0.11521380416730374,0.0457513232923082,0.11307632106039761,0.1564363709124874,0.08649764221038175,0.1527467653635863,0.005573573502367334,0.06129613569161739,0.13828067700480473,0.12512738679474544
0.12284069940826714,0.039987037303136234,0.004613860797690078,0.13186801347608,0.08356271342031292,0.15807911737075808,0.14459622161314234,0.15307119452184031,0.03924389866069286,0.12213724342808001
0.23578227004814598,0.1069839269677629,0.11026406416666118,0.06208989547264873,0.05873488879697801,0.14114032475417126,0.041025218681005615,0.13583836179180533,0.02820104618398304,0.07994000313683801
0.1031247621741871,0.1935896295181463,0.018316127762396134,0.12281664849524195,0.2461817280143125,0.07535790921958119,0.0034778433768657972,0.06523965702752495,0.10466470939827333,0.0672309850134707
0.15571314081291515,0.10285022149462555,0.2964199154798048,0.015224905142671505,0.031736093371842106,0.0011785430456893603,0.014235594123454485,0.14550078913392325,0.22026323575880757,0.016877561636266157
0.10856300426226598,0.12317918089314006,0.053574431664164604,0.04278071298099685,0.1441155155397704,0.0193447070639885,0.10913477990108568,0.1231185695082984,0.1251356305447864,0.15105346764150304
0.17491275055305336,0.0050331043757689325,0.1525270687893582,0.024411403011906762,0.016012207064257506,0.17625604663663808,0.14714722529000032,0.05330440895052577,0.05998399806394693,0.19041178726454402
0.07258780063202816,0.20224186419204762,0.1180111403875782,0.0380542303194835,0.0007538833018545751,0.19370622025440537,0.06154021291952008,0.05192872951330131,0.08607499308446319,0.17510092539531796
0.17734297508487304,0.11065004965816945,0.03369366365157909,0.1518047660374187,0.021930486980760465,0.07301817980748616,0.16684868957423532,0.007912735979430202,0.17209238332239954,0.08470606990364801
0.17375864967532356,0.10666063953356293,0.1549549742915004,0.07854695587969275,0.0005398972058635156,0.1536227479610334,0.09209680483704215,0.06499160762375103,0.16944199223347484,0.005385730758755328
0.1687994364347191,0.036192171801725834,0.0704962725274971,0.14516059915057128,0.06941477288356875,0.24045952290946498,0.06611810532990209,0.030536990514201508,0.1407248258309181,0.03209730261743128
0.08292620579809952,0.1960789547751242,0.14180690167885057,0.05989867533418267,0.15055429481015364,0.1469056333799227,0.021403061069964098,0.06963714309818904,0.12799224950684845,0.002796880548664948
0.058164251618911006,0.008809367064609544,0.1114447557886008,0.12103281195205472,0.09659481165941654,0.13344798812944494,0.11394078027965648,0.0695601384467647,0.053233183289279506,0.2337719117712616
0.009076632090630683,0.07621018417230457,0.04658948760464645,0.12354241722189024,0.13938755497066738,0.10456446400843199,0.17583258913364228,0.061395144526954985,0.16282042535881946,0.100581100912012
0.08126723372500656,0.042969873903218055,0.17893554251204954,0.013460279995261927,0.02962580784880187,0.17149642208516322,0.16851049643280364,0.02554462807476983,0.154159209259833,0.1340305061630923
0.0439115481441221,0.15685439803195297,0.039276198946743245,0.18708081281677763,0.1781231586556573,0.1617819943093177,0.03323131646311684,0.07795790374416568,0.11657584827415914,0.005206820613987484
0.13921047439277245,0.057271533489720625,0.14861605496251173,0.16377984222198674,0.030589401995461778,0.0802260836551018,0.16672492955176846,0.13934032802564955,0.03547707824297666,0.03876427346205016
0.014121549102903967,0.12358455107351485,0.1581895007568799,0.16087448414929975,0.13884990948077316,0.028337325231182875,0.13344359405890163,0.09936312021102015,0.06535208065063379,0.0778838852848898
0.02430021227615065,0.15026142416399746,0.0605565238986451,0.1640973613901987,0.1868915372145373,0.031171987596093253,0.18479602522929534,0.029782071442368652,0.059140456870999954,0.10900239991771363
0.15370504896858375,0.060421413401361534,0.009838281145369105,0.11347244532669704,0.15798742044583725,0.12503623536384473,0.034504753019711946,0.15242077579344507,0.058313036280099775,0.13430059025504967
0.09831801215004808,0.15715595399724772,0.07386714238154862,0.046097949216246235,0.018435991165967787,0.11591445981049184,0.145145169488069,0.007226111246027144,0.22786108938887725,0.10997812115547624
0.11900454199326088,0.10990004747045654,0.07303370895712097,0.02627672761823281,0.005480921626196972,0.035440047879368636,0.2773433548071589,0.049839208023328634,0.029577606562279937,0.2741038350625958
0.11317577759799198,0.17537592018749926,0.09607696407042315,0.16479000182759165,0.011131050286341752,0.014384226923716615,0.09196002438981297,0.14097036497148394,0.07742168830422859,0.11471398144091009
0.059438052260521734,0.11625282264065125,0.10516890194641569,0.1713053345852902,0.10148051550488955,0.187228710568835,0.04463633678317758,0.13155578075796984,0.049794076991012334,0.033139467961236915
0.11819042464465147,0.04267374900316141,0.11837287111341885,0.03270170747498417,0.037888809686331654,0.05909200288777724,0.24172783375906598,0.14897686356338755,0.17823071585088188,0.0221450220163398
0.07630145433325253,0.13725810583683343,0.16864770520098246,0.16770429371942513,0.00208385055022452,0.06688616082736396,0.019581494883707806,0.2176065452257502,0.1263219484964487,0.017608440926011264
0.17243298592658704,0.06434022137389807,0.07319220306022702,0.09123392592506403,0.08477358927612837,0.18675019632284764,0.12608629013622788,0.05685280562445426,0.12448692540146447,0.019850856953101147
0.08367141775427807,0.17063194032862924,0.12624107233985288,0.08393273491120322,0.05031638907842355,0.16680353666452408,0.12349997602804198,0.060512750000570624,0.0673820710847216,0.06700811180975483
0.15919970723036495,0.008808250511796005,0.11137742482006785,0.1144631959585103,0.02942106950613533,0.08251320620833316,0.09836478532838147,0.1355726940724295,0.07386601464053169,0.18641365172344956
0.08932105508947907,0.07423991721044286,0.02870579050943535,0.11972297048011947,0.03953645192234882,0.16498901110154737,0.18585357186531024,0.0005399049500671319,0.18152248589205913,0.11556884097919057
0.13989047072387695,0.035097289014109107,0.14624569158943104,0.15161061657644911,0.06953969852501558,0.13277805042491814,0.027382255875480353,0.14011232522283174,0.041378104233977246,0.11596549781391075
0.03195179270922297,0.11445422634877644,0.147625562795239,0.2093848033550618,0.10373820731887463,0.21344924475039667,0.0517897094464541,0.08209446819169179,0.04222989701840845,0.003282088065874014
0.1535197327747229,0.09740426768439739,0.13917230956468718,0.01538099706320525,0.20562530584070593,0.05164936363275836,0.06426940213937472,0.015999685539026975,0.08958992447840458,0.16738901128271672
0.015240345727665085,0.1050790693501476,0.11644316876339895,0.04706059141595519,0.09371442489408974,0.045480167529716765,0.1299680416102371,0.012338288073603884,0.25895386342589194,0.17572203920929372
0.19040274296731033,0.08139253087314331,0.076047735400635,0.13625272998428506,0.052234346522841014,0.051825638869832276,0.11364477247381888,0.08166292078457615,0.16843459893551474,0.04810198318804319
0.12424172648784054,0.13546984053074607,0.05750882109300178,0.0754583393796119,0.0695681203084263,0.1494381295467574,0.19510903828805232,0.003914552880987095,0.04214866762315596,0.14714276386142058
0.10850217538578127,0.19942638468385518,0.15117145597328582,0.028280647021173836,0.0640552092924723,0.07656065991797946,0.16917185720640984,0.02155873490455181,0.1599646717272078,0.02130820388728266
0.09846341785708249,0.023750742703150928,0.07640161567575872,0.03660066465848925,0.08142621058473268,0.1801396367795698,0.13885955198003314,0.1840543566784517,0.11939671289362452,0.060907090189106845
0.021160910714476695,0.04353235220626802,0.2038388248798745,0.10546236740705843,0.15975356391555798,0.14240086721037953,0.004686713581453005,0.05593137935349284,0.05318371195910685,0.21004930877233224
0.04430737883595401,0.15921707163745666,0.20493907333326283,0.14021487086536455,0.0071259251113723636,0.051529227049954524,0.008598442309296989,0.10175855307019864,0.14729733888253418,0.13501211890460513
0.166993069292025,0.18691577561841888,0.03525911858245211,0.007024258729748911,0.026712402157497466,0.018628626159158366,0.1951764527128716,0.13475359461121558,0.18391726067075134,0.04461944146586065
0.3168898809674966,0.23603648435479607,0.04556691112711207,0.10523882377627992,0.015549188481793689,0.06113446306434095,0.05344024301676105,0.003805171499528903,0.12852461340731378,0.03381422030457685
0.022485925471600957,0.16538918297318278,0.14965343096085007,0.21285877716909857,0.04466310520113303,0.0025230662570326686,0.11132972894648178,0.1178128860269673,0.03139327195024175,0.14189062504341107
0.2010335170975902,0.03599068452600776,0.08844362046588096,0.017673922339176567,0.09589256098962562,0.07423087455811245,0.1946801377973256,0.0768223749958079,0.10656738285217511,0.10866492437829793
0.1079868442403612,0.06733071254318142,0.18063487997127156,0.03091534197585281,0.05828540875258133,0.058893212569619456,0.18403912426777574,0.09720618096356935,0.05954616880536485,0.15516212591042233
0.04290488646254639,0.1288246900106044,0.08521510669893904,0.11453824005671337,0.039977219447233446,0.13007285502338772,0.13075651084903833,0.13693066196348935,0.08503488546428194,0.10574494402376616
0.11619320360778573,0.11597651827590957,0.08327721756269771,0.1124542314745688,0.06075465154047518,0.10147029212313405,0.128370651425983,0.12906168437572108,0.04454825501810281,0.10789329459562216
0.09472678918259138,0.1558448167831786,0.0633508165577701,0.047430526891573246,0.047129578520775525,0.010495193668141051,0.08321019696389913,0.28923046275192227,0.12122605882291224,0.08735555985723656
0.1833817493403496,0.031105962959701167,0.009875346251634332,0.1705850861930775,0.1007806115507308,0.036979988338136566,0.012691390766097184,0.08802296936724718,0.1912016484090395,0.17537524682398614
0.10853620255283368,0.0717076086687573,0.06439700197390542,0.15185503438340553,0.15888648845381206,0.23164031030544727,0.11714472533730491,0.07978103274590487,0.006739930603691346,0.009311664974937487
0.08538838609507811,0.16180321642943013,0.06343148279702548,0.08118671117478625,0.047605521288703115,0.05288502744995688,0.030998439680188363,0.13070273330621368,0.10252396692165792,0.24347451485696003
0.02485388360191671,0.09261058883902316,0.07960853463590774,0.05854498427430783,0.10100231278239596,0.1185340734106467,0.1743992646359916,0.06920797750991119,0.14673729457556098,0.13450108573433814
0.10815558251973437,0.1563165801445265,0.10389780015141956,0.12019482142443419,0.029788800448882234,0.12573697812292076,0.15846039807363668,0.09543706257885243,0.02746810433850033,0.07454387219709305
0.20333447610449154,0.0003883231543958766,0.11205601388479106,0.09514972673174737,0.11593279930998776,0.04224985203205735,0.11550337333136826,0.08517414650341204,0.08532431389004541,0.14488697505770343
0.056384459570683346,0.17579927158835096,0.15609986440548165,0.09403995003954418,0.04913403084183277,0.02335391286755853,0.03310067088987871,0.14544279705420704,0.207298003140088,0.059347039602374634
0.12823438238359797,0.05792100105349567,0.006647170000906122,0.13670653099375357,0.1734948300228323,0.14818031542067314,0.14713624012641288,0.026127212623881083,0.09679116986606019,0.07876114750838704
0.15272445509414742,0.0019573111139090963,0.15930929468104996,0.10226532744480243,0.008725357379418304,0.13273808182730723,0.10590048553003271,0.11591083527404937,0.1466497059323481,0.07381914572293524
0.11999054064515126,0.01549770866263415,0.08183569937868025,0.10317644185736863,0.1543600729392499,0.09316175799030114,0.14681343770954525,0.06596931924374738,0.05398720117671845,0.16520782039660356
0.019270202854956297,0.21207343205723597,0.09651436625994271,0.06388680677622521,0.031274775933320946,0.21683323237484645,0.051299905866130285,0.04289784830045981,0.2245922808088491,0.041357148768033175
0.061791261359329434,0.10509062149895178,0.056059089860934073,0.013862690806010358,0.00019728200761320554,0.06237433636120167,0.21183509449435922,0.13218819487551955,0.14752541965948432,0.20907600907659632
0.01206523585118699,0.04314782359083101,0.16702527749571952,0.1034334904297345,0.14002690305393714,0.15790360043462875,0.17212937344747317,0.021728494799856064,0.013368749508027697,0.16917105138860503
0.10857279621093009,0.037794713645266716,0.15710715732107344,0.050518288412444635,0.15281941840674335,0.003749184723795944,0.08116617071727343,0.12333923509752637,0.1743580106103675,0.11057502485457855
0.004046282066908816,0.060629368420901,0.14244761352872742,0.13075238490276947,0.009595186335596943,0.0636383154321051,0.2782928842482259,0.05674679592379144,0.08098510556971575,0.17286606357125817
0.05605221294242845,0.007582789317816714,0.19513705221514346,0.005508297721323064,0.18276654332866374,0.1833950526466221,0.019434030094441543,0.21865500559558,0.09112950756934673,0.04033950856863409
0.20513167123716405,0.05352324957363866,0.04558656868813264,0.1707331181063686,0.16917377166930875,0.004322301253800214,0.008708581723000304,0.1787998910326058,0.0632869241943774,0.1007339225216035
0.10328974666888517,0.00783225674459376,0.13185583012727095,0.059852982026066814,0.0879294711865877,0.1080049453901613,0.08683042977940435,0.15588452517121615,0.16386026400870815,0.0946595488971056
0.172872396463211,0.18134026081441298,0.02777977256206779,0.17514385696189363,0.08821783589144241,0.036190927974400204,0.1539351095138987,0.018322736813561624,0.11073475404448214,0.03546234896062964
0.0712829114891117,0.09741503125845008,0.020098809043435438,0.15874939600835708,0.030079137468609962,0.15396008206264564,0.08794270245581153,0.1407903094625095,0.1398743705634199,0.09980725018764905
0.09313418023004634,0.16742386431570752,0.03148306135769444,0.16013951883911634,0.040368259320457275,0.00515201377195737,0.11898615016453075,0.11838320243071021,0.15390722036149942,0.11102252920828024
0.24917381590913887,0.1714639608475061,0.06275657944217916,0.020859188080549106,0.18155008477488055,0.0065981081979344085,0.05130821897693088,0.058983689876060216,0.041326267206521425,0.15598008668829938
0.1564254261433929,0.10651321521026641,0.017045682841496053,0.04675475194545197,0.21902687358917444,0.012785981042052188,0.12836995844504312,0.07910866997591037,0.19600266092953567,0.03796677987767672
0.09564100848555039,0.09178076509258057,0.14245484058691482,0.15588396469320884,0.04929578945168325,0.18281315288299055,0.05195425336950871,0.007105860233341816,0.0644723598592087,0.15859800534501226
0.1716646946480442,0.049187405813159245,0.09943574074831843,0.03710520217609657,0.17905954865014265,0.09375764396397175,0.11117638286824139,0.006507901969029197,0.0851027307538679,0.16700274840912874
0.054482631638847555,0.012712573247650804,0.19117216826456782,0.02678515235039557,0.12161882963764843,0.17746011488826144,0.012382660757047788,0.007677144586456243,0.19343200578650968,0.20227671884261467
0.08932148036150521,0.1418941886590601,0.0819532248275735,0.010044723946815593,0.08042807251022104,0.14612787292564147,0.07459069725289912,0.13308039940587812,0.14489254523038686,0.097666794880019
0.056256195615212085,0.13005920774423055,0.09080325811811847,0.0853060885586986,0.11345073903692712,0.01594785759933433,0.19329951835636452,0.12444325478436878,0.07119220796688686,0.11924167221985864
0.10166071682338698,0.06244692410035675,0.007831866448900007,0.08430919211610771,0.13137156099300878,0.1728411232294894,0.15972490443590664,0.04952240724675987,0.1556348300492598,0.074656474556824
0.007300114859998427,0.07560194226612595,0.059485682632173804,0.016328387994330996,0.16276448139261038,0.10760142041636958,0.15894506634887556,0.11670073365037437,0.14830204382784606,0.14697012661129502
0.0959162477960467,0.15596542209819908,0.15096094545466518,0.046846509861122494,0.08752165069440027,0.0841776627643364,0.23237866472170068,0.0757541206426156,0.03934494834822396,0.031133827618689703
0.07256890596372147,0.19981269469161517,0.08161751536075018,0.06171725962311056,0.07689893436718664,0.16122591760455912,0.1081709605339925,0.12215962045963957,0.06296158562947357,0.05286660576595138
0.15211465319999473,0.13471494058851186,0.0005007361866469341,0.1304976097737048,0.17357759204893694,0.05994371851130768,0.14610125605413044,0.03970485029204848,0.048062371183307986,0.11478227216141022
0.020490886600923196,0.14087973958292163,0.12569974289411875,0.08859998075848216,0.02347294783153226,0.13952088044326916,0.0401489711684638,0.16620705983947215,0.09613739363659453,0.1588423972442224
0.0920063024436235,0.0973122593174294,0.03431917634031798,0.08239549468801212,0.12099425977674745,0.01731948554404016,0.11238026015905513,0.2466137750576214,0.024266849414661052,0.17239213725849178
0.08484096012691578,0.029008987182407263,0.0184440976189631,0.12080781132635407,0.14461021876864144,0.09335089727152306,0.08514584400870487,0.13786531601927607,0.13939733076003474,0.1465285369171797
0.16550299794558798,0.03276596235226056,0.05987660029036939,0.13966162642635743,0.06568531159600512,0.19041429094374007,0.19537497755179578,0.008695372072165211,0.11209616973594314,0.029926691085775173
0.012373937067352994,0.05525952758943894,0.08810800986598366,0.034747728002479356,0.15108864030639857,0.1708203098766563,0.028336603599773535,0.20254100700278424,0.21598080994606106,0.04074342674307125
0.19509412785249933,0.13006340914544787,0.013718019122416828,0.18241332888588294,0.18708408219121503,0.07837885962231034,0.008941721692490337,0.14219798096123135,0.04794564609102322,0.014162824435482887
0.22328651983229628,0.22258560958607435,0.19332229514670932,0.05348163569028743,0.06146010167674176,0.0671658100920489,0.06632656188419556,0.028662197546950593,0.07429176625515492,0.009417502289540972
0.0031315976010437515,0.1392130475041327,0.15213343872007362,0.158181626286083,0.07894245560615655,0.07530362901187146,0.07563246893241679,0.07223725806859078,0.14129223892786552,0.10393223934176599
0.1407422739578147,0.09293663469425235,0.15335744331588144,0.1749621377409983,0.14704081406758324,0.1871818144683382,0.03196575128855201,0.027507975691394102,0.023289999887400395,0.021015154887785117
0.1106352472351684,0.10358633767404346,0.046196934992020114,0.10989458418794562,0.13157851351870162,0.08890016272995052,0.13292913220096036,0.04929052390361086,0.08789613601813337,0.13909242753946577
0.010916148004519401,0.11758373788176762,0.11883736098043751,0.15418327904412046,0.14832892399620795,0.1609171004486725,0.010108943581766406,0.09618420054147155,0.13300246178964695,0.0499378437313896
0.1371808340364557,0.006384179807043101,0.1605390292895198,0.08217207932393965,0.09621816854230031,0.10670580864902088,0.020612199492659675,0.12304681925110549,0.1296502609487496,0.13749062065920578
0.08446409801352535,0.07282859233546321,0.15465034988198986,0.10554037306452435,0.13550684918949757,0.09387330917208997,0.14318069740502445,0.015550456265171157,0.11665482846962523,0.0777504462030888
0.16414289126152987,0.07033839475505912,0.16311427054693334,0.03242016234555501,0.030470600187307316,0.11964130927368083,0.16940835811385227,0.11217984177910686,0.0208030194429188,0.11748115229405649
0.05339277036884055,0.0358991085434556,0.16500516133082144,0.09204407680624824,0.15467275932404295,0.19241989053526795,0.20128619256572575,0.008415462859779139,0.009044129967541888,0.08782044769827656
0.13533035919145464,0.14308104984176892,0.10193860910596461,0.15877437072731526,0.00803532868232101,0.09604507513023802,0.12664691404344652,0.04469192252747531,0.05304480855799386,0.13241156219202183
0.1257097394155409,0.21358045972466244,0.1829775037790519,0.13264669442992413,0.04027435743222096,0.06577672283467506,0.00478898424917539,0.04104837723139797,0.13248456190270058,0.06071259900065086
0.08276910106808191,0.04464324450071207,0.14319047626684014,0.17710054583110482,0.024450473536598773,0.0504096087065364,0.14125526216078912,0.12711291903104746,0.16094175513459164,0.04812661376369766
0.003179866716228884,0.07393233341175656,0.062448121623210964,0.17490592068801336,0.03831281041066804,0.17142447944138722,0.1314033278555763,0.15800015794616482,0.04939376448902328,0.13699921741797072
0.04497829885218768,0.10623518850114103,0.09071500588234813,0.11022173938371942,0.09261709760023921,0.14150133596249634,0.1482225502462935,0.01038219259324335,0.12173007269460781,0.13339651828372356
0.027842260721274416,0.008705244771903013,0.18260912966183285,0.16758801249244146,0.18255777818056299,0.16517409542665926,0.11638303498147919,0.09498287419418756,0.04717395191762348,0.006983617652035585
0.07952335846287713,0.10875050785225991,0.07965907132542212,0.11655843142393532,0.13869895944867117,0.11703274919297185,0.04043361706098682,0.08262028220862272,0.07981128802893783,0.1569117349953151
0.16067395341149973,0.10751528220235987,0.17438494814253103,0.12731118442589182,0.1358293857805351,0.07887154376367152,0.09413564505448875,0.003255625569174371,0.0486820240632349,0.06934040758661306
0.1619820612165669,0.1031738470903327,0.087361212878379,0.12617874883381797,0.14254602471419847,0.11181570918172042,0.18408571774003848,0.010088159902796911,0.004652326682791949,0.06811619175935721
0.10321464418243166,0.035279310479935995,0.16394102574038175,0.195937924076745,0.12064684486091044,0.0764564171988969,0.01913162550495564,0.005988335981231499,0.10499591236455229,0.17440795960995872
0.19122083088530858,0.03856576362806106,0.000646923421021816,0.17459400298447475,0.011324580624483072,0.11775141064089333,0.10793585018537705,0.16055421431857428,0.13088029614371355,0.06652612716809239
0.07814254026747414,0.03700326887084987,0.07724542945530931,0.11992663222489251,0.07127938882291103,0.07555442134403034,0.15787122867073677,0.11705741369010567,0.14138785013581878,0.1245318265178715
0.0757956179014891,0.05866962864921907,0.15524012802028178,0.06610230839140327,0.007835871833715013,0.21538923040303648,0.06257272641701163,0.18234219590872502,0.1496120627962896,0.026440229678828937
0.021102065566704173,0.020941300886452165,0.10205257299358445,0.1324080483224082,0.10766353362260292,0.22642459754122332,0.0021092223802267307,0.022823506855256432,0.21086692753632277,0.15360822429521884
0.06685849337268011,0.15965759549843866,0.044519219927582725,0.06507493522529066,0.06295596500898808,0.047796283328671384,0.18421658078817627,0.16731489635236158,0.0731149526706749,0.12849107782713556
