i = 0,i = 1,i = 2,i = 3,i = 4,i = 5,i = 6,i = 7,i = 8,i = 9
0.03947245516872631,0.15491788622015124,0.11929602076925734,0.08568877765349464,0.19115141145874623,0.1466899403081826,0.05347596515752294,0.10848288882274319,0.04793437449308307,0.052890279948092575
0.09882716420227497,0.10170190194854445,0.008270916454320881,0.038343244096632645,0.01326100708513065,0.12470002577821278,0.1416188852286959,0.11051502998347336,0.16783558785366287,0.19492623736905137
0.09068245319353933,0.1513949004799966,0.11582860351961938,0.020934668895121453,0.07090753571741104,0.19061851489739903,0.007295982390428327,0.16972253067045434,0.12558640130875334,0.05702840892727717
0.10359506072579108,0.0817184064816952,0.035011895415775984,0.05162947542233553,0.15799429384538807,0.1143236876649911,0.1802948034453419,0.07725226683029522,0.05292361152471503,0.1452564986436708
0.14055188386150239,0.04984281308557645,0.07371519088206041,0.04888063948126669,0.05310115022522782,0.09993600666233532,0.12741136959564445,0.02878763734407373,0.1831001515999892,0.19467315726232332
0.05839926779074637,0.105451919381789,0.009603289375256157,0.1367574989938652,0.14067666324271902,0.1320593889138435,0.050945931904834006,0.09869283573894648,0.12365723916045998,0.1437559654975403
0.04384226698358943,0.09117498529606331,0.058291794839223775,0.18115025241641866,0.15773442089989614,0.2520696445538006,0.015196375558712295,0.04678786305927372,0.11107444581480129,0.04267795057822071
0.08800269856415188,0.18548884533604504,0.046792620332851226,0.07809923800798661,0.16508992548436066,0.011663121013191835,0.16284790256460654,0.1999566973994059,0.062003226275097835,5.5725022302509394e-05
0.0675738837185995,0.13780972272276404,0.02893374720532494,0.124123385880562,0.08426645943795597,0.10424681909596376,0.13267742804132154,0.1630781426422719,0.05458820705071753,0.10270220420451882
0.14777348336501966,0.07536179760407326,0.14740283134888943,0.07695436938735138,0.15560698210932625,0.0742453698744537,0.03381672937890105,0.17224341438618285,0.06920320575014989,0.04739181679565252
0.07018471348880245,0.07703570414961415,0.10324754821436943,0.15212748250743197,0.0699028032397855,0.10307601092402058,0.0882315877221464,0.07274245312494683,0.11107674719967207,0.1523749494292106
0.1778061722187814,0.16962835438208898,0.010944243171248383,0.16555670684974672,0.1442929849971119,0.09687064539078533,0.033528829620195766,0.13446926540167642,0.025397627518069624,0.041505170450295545
0.10244189144150054,0.1502578581156568,0.19818450069009308,0.12893740834968112,0.048991129863179037,0.02314452548321481,0.20341430451288814,0.015364047485118364,0.10520490964269999,0.02405942441596827
0.21759246807494984,0.004261800795248362,0.07250971369767734,0.07874050503210217,0.059050884613259656,0.027115139934751863,0.06479094222278166,0.2234590123743929,0.07324983487422844,0.1792296983806078
0.12762583830783647,0.197576135311793,0.1866595747778758,0.1074360784066907,0.03157155128946882,0.017047099397501972,0.0630885036620317,0.017063228948083962,0.18912775028768647,0.06280423961103108
0.0042133906605155425,0.022441507916136017,0.13236223335192926,0.11341100801066054,0.12476993846237032,0.0706934780979325,0.13614965146563893,0.08896381974182543,0.138027832449765,0.16896713984322642
0.0015893782417759229,0.013174452598607264,0.12790590313110986,0.27402978881429113,0.2499992721053901,0.0585198437005345,0.12407727761789017,0.035404423484656423,0.02123637722882839,0.09406328307691632
0.16262847641951494,0.049947960626058996,0.16305558939666823,0.004002343249202465,0.011264861734254979,0.14295721006079343,0.03864024867897384,0.19841008396669502,0.028386608523896614,0.20070661734394143
0.14477342561762663,0.1530652963380864,0.09622424957007958,0.05043860636770845,0.09567602701757844,0.025209516356357715,0.18460498258760008,0.0033501499902081136,0.20646420931298193,0.04019353684177264
0.028689374303949747,0.10587626716763658,0.16806611484985173,0.050091349838649143,0.11811890274074441,0.12692032307076387,0.173410735260771,0.03844009137387458,0.08681549347712965,0.10357134791662925
0.14139625142775086,0.11975493307401075,0.05804048434956784,0.20549714650354958,0.0697736997704898,0.09166422995534404,0.20979185737364664,0.03506234232890131,0.041243270075721296,0.02777578514101797
0.005260970409471381,0.1175990133848217,0.11541470517352075,0.16196359851939432,0.11700854668742536,0.0717074274794953,0.14354582361610257,0.15574458714444306,0.06368252892688636,0.048072798658439386
0.1127884568458881,0.19707309520368646,0.16814854100562748,0.022955435694425548,0.0398665291208327,0.17940551211461167,0.008304450411600299,0.12517477496408463,0.07382721416641508,0.07245599047282805
0.08923912786851308,0.14020600691498297,0.10140076293558001,0.1285308781597669,0.13986071013327533,0.04780405699307547,0.10147794009133565,0.040210232722939984,0.1422126829372713,0.0690576012432591
0.04022318590116224,0.21211654282842424,0.24870078769221887,0.034838954050912974,0.0233809451780476,0.09982717068581051,0.005408287824485145,0.20100767320103957,0.024330957890851587,0.11016549474704732
0.1560855975532805,0.13605655966239846,0.14175955065114543,0.03235110113742671,0.09107615351252753,0.049532762893982396,0.06045170767838727,0.10069086773790904,0.12286767763216187,0.10912802154078081
0.08188073644076896,0.04887794907284496,0.0595192721642709,0.09892573370694531,0.11804681774841842,0.0829477007904658,0.05258340095711842,0.13511424110991765,0.16996518381365047,0.15213896419559908
0.020458103792825234,0.23425800481009698,0.0684584735818463,0.04133648749482725,0.2886754578586081,0.03957378819353276,0.013717302097396801,0.018748484010610154,0.16861059702076822,0.10616330113948819
0.08664924311220257,0.09540648696587793,0.15594722319064427,0.011559821326030542,0.1789255342532501,0.09779119324084809,0.08226612707788751,0.13843706827234437,0.028577292008000195,0.1244400105529145
0.013209287377715137,0.051400897944600774,0.1050822884334347,0.12360462897614485,0.11847391182833338,0.07675562888848729,0.1541575263794576,0.1487650249390565,0.05174299649869836,0.15680780873407144
0.022821465653715303,0.05028052695508201,0.24851347520051992,0.04860486288373891,0.20026906448941562,0.02915056836939138,0.06833540272973777,0.003042858806278316,0.23893617735803102,0.09004559755408979
0.1555234497561183,0.09433982160364669,0.09205140014770868,0.16937365044954233,0.08856328485520233,0.14508590774921748,0.0398232011106163,0.041564145232015993,0.15793607494762746,0.015739064148304418
0.009205518381593452,0.16970975072464214,0.017366904082086774,0.18755626293878955,0.06754843343035562,0.10354754496613307,0.0509667939765672,0.0394897910249518,0.1625997848444895,0.19200921563039103
0.06666652935249683,0.061642445973627925,0.10004451067756347,0.10100334713660919,0.1177419279718245,0.10168148844098912,0.2109150224185905,0.1493980422338853,0.07258481566780069,0.018321870126612533
0.1092864158837687,0.07647815971866842,0.1198635545349129,0.06517168191108215,0.13103689584489017,0.03810752229739226,0.10085118373869484,0.11125253227525189,0.13699693643950053,0.11095511735583823
0.02741539051973892,0.17509043016687828,0.16392939988871838,0.05274475093621305,0.11720368800738987,0.12138139172506768,0.06484037466595918,0.018526346174607324,0.14915108722553236,0.1097171406898948
0.06265877511616863,0.0314523143366847,0.08093406241787122,0.10515082730789295,0.03601226102496574,0.08128143994767924,0.18250799639574175,0.13308897924230223,0.07561328810606659,0.21130005610462688
0.21957674690321977,0.19397479173244805,0.00046582512714498427,0.1665658004450277,0.041248888588372494,0.07333547128058995,0.10557448911599769,0.00868083389417985,0.0387800522632451,0.1517971006497743
0.061452971705182304,0.18456055578122996,0.007211198718148024,0.11267584824243122,0.035436522248615474,0.0039878543481267825,0.19188221410502276,0.1349728224933397,0.19651433762376272,0.07130567473414116
0.05996011769667376,0.00947583880098876,0.04855864686993794,0.08670297419484752,0.17562610835260395,0.12541312133469049,0.11357860786713317,0.06939094246514091,0.1934875374243684,0.11780610499361513
0.23559169411367434,0.011249345811131456,0.15243567959996915,0.028316723363505516,0.058237301046344336,0.10616594385589956,0.12547104489178193,0.03614566977876476,0.22985537766427666,0.01653121987465218
0.05822128268313741,0.11076231867754427,0.15720090765122915,0.10809385928643567,0.03210083661350178,0.1367397494031968,0.10164199975312352,0.02858084300247611,0.17231360506071394,0.09434459786864134
0.041737172831132034,0.01777535595020271,0.16762395904028668,0.17342995472875133,0.19067670170429737,0.059100875875314464,0.06682690381727062,0.1261458825559184,0.010699810866951678,0.1459833826298747
0.07898083300554722,0.16753595539755187,0.06607934399427863,0.018228298626892285,0.20808846535623066,0.1371982934566834,0.05999950437487975,0.1449977980630398,0.035454534315808584,0.0834369734090878
0.12127404460369776,0.0592015998645073,0.1782596064665163,0.08920621022683634,0.0403772809891865,0.028410839336437566,0.0967026299244263,0.20256118542031165,0.11563648411970846,0.06837011904837165
0.16608859669755938,0.06631713732040688,0.04508265745562664,0.21999294437851305,0.02613152145986807,0.1717693159359906,0.10456627281170067,0.1096039845336012,0.00820099428316139,0.08224657512357209
0.16892601314673167,0.13530836834746127,0.10517718653072618,0.04730836975636729,0.18921180286263084,0.20395175449087155,0.002516939050804994,0.0646717103753312,0.022361042460420946,0.060566812978654246
0.08043488720778003,0.022585494602273007,0.16233310923938085,0.07759983560959974,0.050731069982512575,0.015099672373055236,0.11501761785524846,0.14950689933648478,0.16052235313716118,0.16616906065650408
0.07156348819542117,0.06339007540025383,0.149623105967161,0.09888048535564095,0.051612232709418934,0.15456844397554093,0.10950317167999112,0.05011032590294551,0.1455191275258083,0.1052295432878182
0.1271216710497283,0.09637438234672455,0.060108047628766495,0.024290270197433354,0.07742612614317551,0.16340521205104472,0.15020134305092642,0.0007259790612017576,0.1420767904998097,0.15827017797118922
0.059569339472908316,0.10833003593902979,0.030757429328672266,0.11944423854841069,0.20728798355645578,0.029979913094812495,0.0804009024881867,0.14486860159436127,0.08678357384857806,0.13257798212858485
0.02628536363225425,0.01911781456978627,0.06365213195806785,0.145476814883127,0.044487253596486205,0.09554370012170486,0.17925701919468282,0.16642740048369467,0.11104720095510787,0.14870530060508827
0.07735552783595996,0.06723289322741832,0.04480166714175758,0.3089909938035671,0.03849959470813127,0.01858204702931278,0.15504114913039285,0.08030471769155204,0.16400396899057115,0.045187440441337004
0.10537182371462989,0.1486057731895805,0.15854935981504137,0.026357932197110464,0.05510445821920775,0.11824815778697638,0.15754433897280312,0.12585201262969578,0.09591818658437794,0.008447956890577
0.15857041868368288,0.08757299445434881,0.025803665473653165,0.10205117484062311,0.052770495514221666,0.22766989521691522,0.06351481594483374,0.09746208848352476,0.14931077604055887,0.03527367534763786
0.07868759422781965,0.12092270537990331,0.1765319502505904,0.0856971237472059,0.10108226707412053,0.1282577883692275,0.16723569852558814,0.03277351976300456,0.03400805210509215,0.07480330055744773
0.04944943071601084,0.015108576090597172,0.11175193076624358,0.04228727230707458,0.24078109750783652,0.0003303325298570492,0.04601105562325968,0.19855725100721286,0.04828525665700108,0.24743779679490677
0.0767524778683062,0.11878838815980124,0.1347430016322554,0.16410760764134436,0.08991736446196215,0.16160355266137022,0.005998707107293019,0.014492463962953606,0.10995710456102374,0.12363933194369013
0.007256056668659102,0.10341543775509968,0.09673297806173783,0.0020216315816165165,0.2024676336542623,0.04450998865831177,0.07000971567996317,0.0775976469170611,0.19321698180996688,0.2027719292133216
0.16148094323591425,0.06312045964674515,0.016395035529598652,0.18461002813217697,0.05079198851231049,0.03203146203072182,0.2514320257631846,0.11250163599693022,0.1171970232284041,0.010439397924013882
0.08681919373032819,0.005274076887014752,0.16944708928370228,0.043574684653244794,0.16366597718755865,0.021096700644136462,0.10888721903780155,0.15923705151956527,0.014898077689734304,0.2270999293669137
0.03059367798420277,0.1692450718281599,0.07524566220067821,0.19626688335073528,0.08253976524216215,0.05626395969437333,0.12830518050141188,0.005442877416553446,0.0895124242186652,0.16658449756305782
0.0893438232030157,0.03223089943438213,0.14733234146893293,0.043347645983472245,0.10465654509024487,0.1638969877490167,0.15029565997956223,0.058623921861720704,0.04652858818268804,0.16374358704696437
0.05829665277404945,0.16463626416903665,0.034620541381016626,0.06580653049329516,0.11967415143445699,0.19080053824334794,0.004932660707030468,0.1462411721141777,0.20995499277914134,0.0050364959044478155
0.005944916395334286,0.12195130275417143,0.04603175184082343,0.1401735045991956,0.07008367614110654,0.16003459939891992,0.15667872011348397,0.028360826563928136,0.11219475064917488,0.15854595154386183
0.1216019575563587,0.1506804912298072,0.06797112934540558,0.1359284562353571,0.12521370010576824,0.040671055102536,0.09449765886796078,0.061261074164142844,0.07797639774116057,0.12419807965150281
0.12202561468800467,0.1441038049448093,0.11062641831812393,0.21523956955014664,0.1693828979746003,0.079662463046868,0.1130596374848558,0.001431372561725178,0.015276572489553598,0.029191648941312404
0.20726559067120387,0.09741212804508617,0.17821999225634147,0.08903488010261415,0.12967146432866578,0.07720367209371738,0.030100552083549004,0.015484936821326952,0.04242941100780513,0.13317737258969006
0.039604464382708135,0.2266845046618993,0.13699068157085048,0.1394287117521189,0.0904906924004145,0.07144003778844507,0.022741511993466287,0.03247939008473549,0.21190969563086656,0.028230309734495317
0.21651361163221744,0.048668497133378064,0.08128059671711477,0.136739880030192,0.02963458479100939,0.1439160397653198,0.0981830542859906,0.12971357278600995,0.06831263635265433,0.04703752650611355
0.0182823334255398,0.0889603974156792,0.032618715659522825,0.14839253202619423,0.141208553828138,0.0035822120615355574,0.17906929896726634,0.09603138898072694,0.15852769836875885,0.13332686926663834
0.12834148704077455,0.10387246670139938,0.053538197802173386,0.07678373912227067,0.13058929422578164,0.005645319033966622,0.12836951986905976,0.26678844536264124,0.0978127041245069,0.008258826717425933
0.16253643186879677,0.008487198759292037,0.12087197361774053,0.02027213793584,0.027601725207139962,0.13291174740900533,0.13165768418046078,0.18751167763872784,0.06566898857101605,0.1424804348119806
0.06251213167766137,0.059201990510322364,0.08601400107291365,0.017954815351737357,0.1269107113523553,0.16958899158716217,0.12219605416944701,0.14700941528240508,0.19405605738557277,0.014555831610422974
0.0461513657559837,0.14958949863488744,0.04745653341685308,0.07037558249511189,0.11372206229589897,0.07854631181382069,0.23697103437220557,0.081207048862475,0.022926515894394824,0.1530540464583689
0.18871537465854774,0.022022018868997847,0.22059746802293068,0.007394939796147937,0.035768647047412595,0.05162087445172998,0.15422548226113794,0.1548803998784606,0.14674422154043437,0.018030573474200375
0.02328051196255217,0.03390842683254073,0.15443291490740538,0.19216628967409782,0.058768872337965905,0.2157796197931751,0.17550386544442617,0.017459544013276217,0.06852211694601316,0.06017783808854735
0.11204637350343617,0.07572993912409301,0.1492371861798347,0.1879038373462567,0.07934743837334653,0.11460294585862604,0.01063283192167575,0.1658163753422105,0.1019795942665606,0.0027034780839599822
0.05205289185204175,0.0923469049777323,0.14827594810192327,0.042075323732258946,0.05774480684011548,0.16752499151446687,0.1647268036685137,0.018172606488684736,0.14130930822427343,0.11577041459998946
0.10775088827354298,0.12555534142385644,0.05757626739885979,0.07026140560631094,0.0009122493265543636,0.10694349715915867,0.08587073503131294,0.12287439755156158,0.1595582059097854,0.16269701231905695
0.12182175933512296,0.07458238674094368,0.1305875016998574,0.09823199008804002,0.0789530417614614,0.15097294167230313,0.0981244228267762,0.02250118654555092,0.10838973330585538,0.11583503602408886
0.11228601515346652,0.11482269445687988,0.22020194010237146,0.16487514188156413,0.06514089977968299,0.00036793047425473545,0.13239458209874466,0.0724250849579451,0.0815383081864785,0.035947402908611974
0.03981910839557069,0.13964127096422504,0.10980532369536154,0.11867861707523654,0.04884601253088495,0.14482110120850933,0.12189885368009866,0.0628631393257785,0.0723577889177738,0.14126878420656103
0.126503421487496,0.08827119233041587,0.002542210135750694,0.051588862968800865,0.16597494824847167,0.013433041599329738,0.09766558913080764,0.1440913456755756,0.1426935523023997,0.16723583612095216
0.05768183124620566,0.1528589925448262,0.157888567668915,0.08931969414347388,0.09721816320756087,0.0477924773312528,0.1587979446204827,0.040455262717197564,0.15960254857028597,0.03838451794979939
0.1574505018172284,0.1941965847434336,0.07930891712161245,0.14874742236777766,0.012814095131255544,0.15437742862722612,0.012611344998255522,0.016306964796813546,0.10164475243564634,0.12254198796075089
0.13091903899584223,8.283058520409787e-05,0.1640198163288061,0.12211587338458331,0.10098236036991996,0.10660750907166508,0.10108622328210197,0.1287423595086474,0.01549530553964795,0.1299486829335819
0.23142366549697818,0.06651670577931337,0.10136279639565986,0.04124639795456765,0.0652582340669543,0.17270419364382414,0.09054760215750347,0.034434377271646346,0.17289470343922797,0.023611323794324676
0.09899385036458219,0.15065972938657082,0.1432491403177709,0.1320580767236138,0.09304158884363664,0.020526217832593754,0.18179488580399558,0.04053126370223691,0.08771252507138604,0.051432721953613376
0.1453884583555874,0.09737634856092564,0.007769551761333177,0.08167250849359552,0.16549773502247433,0.011016027747012483,0.1227429403839828,0.03200718019875387,0.15448356469022262,0.182045684786112
0.05720517859003749,0.03990843346540562,0.1596802173940725,0.00658737452744433,0.1944580073905194,0.11310942563350988,0.1029984676046114,0.1887678067959311,0.028265066690175457,0.10902002190829277
0.09263833888009439,0.1250355013865935,0.04134045827638988,0.0011417210334447121,0.16648594832144423,0.16407882770853924,0.20110168892860067,0.07674561370074626,0.06604457023602106,0.06538733152812608
0.1348704925420153,0.1621619229745013,0.1128284587206216,0.1634934763132313,0.06336241879673997,0.1142046060214022,0.03996474838521994,0.10210691815798038,0.007324094984100906,0.0996828631041871
0.08095761096223572,0.1370375846821196,0.02768428381012218,0.09281914219374993,0.054312407647680555,0.1282686751859161,0.1310119297248523,0.09730164292554246,0.14333125076567083,0.10727547210211028
0.08544892748118302,0.05603529091290039,0.1347305086660238,0.03655036601895256,0.09745814182958164,0.05393764497982464,0.09443464693066853,0.1840833118421929,0.1241434653420291,0.13317769599664345
0.1468462343341534,0.10741131460099283,0.13713936027735876,0.09502032126670694,0.056111697365197416,0.140800837345243,0.01170316635823747,0.12313895542692987,0.10800444204814723,0.07382367097703306
0.01810759219394198,0.08458909630228106,0.13566046655601713,0.13890981853791562,0.13354786471832483,0.11439126063303659,0.020493669048604776,0.08579581070273465,0.18015672863532006,0.08834769267182344
0.003284540375682538,0.10639704420754825,0.13136638795026578,0.11145508808777205,0.07976965583238682,0.1700487723904607,0.07619280120222745,0.04687872826068624,0.13652140820823408,0.1380855734847361
0.0030391243787497107,0.012586423092291021,0.041739502808069914,0.08632399736816035,0.20957136128896015,0.12279838082522984,0.0711034026946227,0.09428035851661921,0.15992661479007975,0.19863083423721725
0.10821837191431914,0.06716449837599621,0.0516135035740133,0.15247405366239455,0.10339727695702498,0.0005035076463350073,0.1420564285560201,0.14263936918800796,0.12264820637407142,0.10928478375181715
0.02497989381693363,0.15043482761786836,0.06119008709698639,0.05756826782612725,0.030006850335330768,0.10006894926245499,0.19879789062344205,0.08129983310526497,0.10797545942491606,0.18767794089067566
0.08503918136600319,0.12033741456825733,0.061335325206127084,0.05721866220485802,0.08355320230511841,0.12563054037971638,0.11934578590438566,0.10113602935961107,0.11540099744740097,0.13100286125852187
0.12093686808128641,0.06363103770582731,0.12254964056449484,0.09831812759591621,0.03593886419540046,0.1556876620417498,0.027490861074459163,0.060281966982809604,0.13587342335988314,0.17929154839817293
0.0994536998982798,0.21729604671429287,0.1877855253298435,0.17674972279481946,0.023110288279983033,0.08647441353670908,0.10281673688751192,0.01740514508240213,0.057489298892682526,0.031419122583475706
0.07581529105330537,0.008890817358299103,0.0843011345712332,0.06069308623554017,0.16374634732359572,0.12717749888236804,0.16281266042290032,0.08576162617229799,0.16501691674857125,0.06578462123188882
0.04512369277022086,0.0934969148096211,0.07296229141191382,0.16781895805974,0.14542407362439852,0.1496116711661803,0.030532271819040495,0.11728746638301944,0.030232960707866373,0.14750969924799903
0.04022442461559818,0.05601457565212072,0.09456625989108769,0.0071178255276702585,0.08092730735317302,0.18817352969769421,0.18525701529936908,0.07104992263548396,0.1458045229117659,0.130864616416037
0.18626239461418978,0.07151652671201247,0.05180932221398235,0.1640947515344634,0.10304825730493132,0.01465161724851745,0.1124256222343666,0.15966054779268146,0.06228705280811347,0.07424390753674165
0.10716532333311433,0.11472952272379353,0.11177022703454535,0.0010995950772592588,0.05296058256129023,0.10886660671247851,0.09556429804628512,0.11605680639907019,0.1459421966764013,0.14584484143576218
0.014201926337754427,0.17530835999806568,0.17630373521341916,0.1618896313566576,0.01895783560411447,0.1255095727538921,0.10253048213492953,0.12103832721836333,0.01704543800321563,0.08721469137958814
0.07967544083650811,0.12696764675598543,0.010586712272653715,0.17917836138362758,0.09800245691362688,0.19648374128833734,0.13356952314590811,0.07869154834094134,0.034500571243904855,0.06234399781850656
0.10080263617680542,0.12989152894380293,0.12019964597722707,0.04570018464373381,0.1024738077405099,0.05288021773611742,0.1514314527820898,0.09784367554464822,0.06123473435753334,0.13754211609753197
0.005350363134083461,0.16409805387895823,0.16555448165642633,0.0820176469294876,0.011685555843753586,0.11689865498499714,0.15630770698725868,0.10976307273112632,0.024541594012186526,0.163782869841722
0.07593271656227059,0.12743242829964685,0.1604681408728477,0.008789695548900387,0.18274446508987835,0.030845803224028436,0.08304896085147154,0.14298023193973086,0.024464988464087584,0.1632925691471376
0.020824886062241355,0.026249854730035115,0.0794776655673115,0.1397154321297361,0.13459862950317122,0.10704544417319543,0.12394659740206954,0.23115677686052605,0.05204402506837846,0.08494068850333528
0.12037569879119035,0.11155865875559741,0.08186968489729769,0.027075459332179117,0.1164445276349308,0.06793400598158732,0.09750648514936397,0.12564432431562866,0.12346810927000508,0.12812304587221954
0.0008367950146234711,0.17015208578373406,0.0874295374360918,0.08099023664392105,0.10858398655874794,0.10504833353602834,0.11456290588868331,0.1440842308528472,0.1368584144519499,0.05145347383337284
0.18561243878435846,0.07461420130246625,0.11020723450643932,0.18346684346426903,0.18227092988097737,0.004609712822101096,0.1303809770769546,0.00829697186489519,0.11425872286490074,0.0062819674326378356
0.14505566774238152,0.1117858368967249,0.06508412036574313,0.031059615575290318,0.10848265838387265,0.06543137709115282,0.08878100214164872,0.1385203842673953,0.1457123045940908,0.10008703294169986
0.1561841918526901,0.1751717241957317,0.17914209089404953,0.03003249236551785,0.03525885581172124,0.03062774939697502,0.15532910899949842,0.046560237086611285,0.16056409611037673,0.031129453286828087
0.08274815924015325,0.16005146758445524,0.14211641161437186,0.13736248564692302,0.04918229811915332,0.03299346500568425,0.06451691823795107,0.11019334756836473,0.1608098980835293,0.06002554889941393
0.11238241087852599,0.1950559205601997,0.1791683054763034,0.09951786581716106,0.07127343312471368,0.06575690231276411,0.016359479637725743,0.098573280521572,0.13988075302889527,0.022031648642138916
0.16072316796309918,0.18628595793508523,0.13307109039489845,0.10511516144572129,0.014913788891019068,0.00455601204297499,0.010820338522484539,0.16338108640966068,0.11520577110391812,0.10592762529113835
0.18196302028634392,0.12915721644419434,0.1316619934375444,0.0240608630112059,0.01822403523100674,0.00782033144535197,0.0743586970426917,0.11763576754478476,0.14299229484485532,0.17212578071202095
0.0568820362712233,0.017421685114509464,0.13989508628729633,0.03956366753989396,0.10411440493450785,0.19170252348639572,0.14528039133809934,0.07026730369198328,0.13349456191099118,0.10137833942509965
0.062076955815317615,0.06041548078612565,0.11141401245101354,0.0021916222259781275,0.16600517527341171,0.15255867688054825,0.11696582765202075,0.1485164734874332,0.1680735562575898,0.01178221917056138
0.1481866427351768,0.038408256400936515,0.2102854870456551,0.0974087079913053,0.08348903664186333,0.013631497378728397,0.1536843717327111,0.09604775644874107,0.09996038902334389,0.05889785460153852
0.14768038735481231,0.11628117200873596,0.0947352732410884,0.10802659958444873,0.12046768252646858,0.06663135152537708,0.11443188317188276,0.12107828676575413,0.0007651271600384827,0.10990223666139358
0.2224602303984239,0.18721279930238602,0.1449196155617375,0.006930990322299152,0.10427250990300277,0.14747363796484017,0.12004938071019679,0.001016378527633049,0.006993082359037323,0.05867137495044339
0.07219412881797548,0.12281321174784192,0.12537143565535255,0.05293355519949163,0.12484642582122964,0.06433798287448336,0.13753236955155113,0.08458814234036441,0.12932425702002834,0.08605849097168143
0.11982660062664324,0.13361268917500455,0.08743657140865603,0.12375441040881377,0.17054451793455294,0.15961715153371295,0.0821529021788798,0.09819385759186199,0.013753558047786099,0.011107741094088547
0.12779986591323994,0.056702697645447234,0.05354972322113782,0.105458406498267,0.12366423174877107,0.16093541338614853,0.15420299836666732,0.062352102779194694,0.04399815736896202,0.11133640307216455
0.045564048388958,0.14671115081292227,0.14896015051503425,0.07226881364658787,0.12425794266050351,0.0790688857672272,0.03474849874511923,0.14307309843954835,0.15477473887982618,0.05057267214427302
0.07627236210325819,0.039956817876880664,0.16723001636662818,0.14127436227045195,0.03863901350615869,0.16007309923746907,0.159670688684628,0.0005302041357870685,0.0192807315462076,0.19707270427253065
0.18403594171972315,0.0007963794901860524,0.0927565916043239,0.029289102274282924,0.11624344913744417,0.0010243541828718076,0.11805515543594106,0.1902502944873756,0.22995519911164283,0.03759353255620856
0.08305271367692703,0.1793706675127114,0.06924924246477808,0.0814754722860495,0.05349589458842668,0.12499215908639366,0.04145368914284901,0.191998018778931,0.09814147831313602,0.07677066414979747
0.1272565672988387,0.10617892681384491,0.19050252728981068,0.1301109039693617,0.06679699970851032,0.13779277621244984,0.006708837965722479,0.03192117847804945,0.03689378152773933,0.16583750073567266
0.19243267614499784,0.013488740148752492,0.18895476783865173,0.14302256766586383,0.08951396320146725,0.005686715975421856,0.0658919607380424,0.16381334004166076,0.13163938732288527,0.005555880922256553
0.05388963838517826,0.00748286477093012,0.1641632229280283,0.0011969217450600769,0.16324388537043605,0.16657270829609935,0.11240675689153273,0.029103432118304223,0.18828769921492597,0.1136528702795049
0.15020359253395166,0.15454578307283298,0.04967428209143692,0.07019292297276711,0.12558934590031276,0.11957642272165614,0.13182509178893226,0.12223490195652871,0.06435721289635052,0.011800444065231177
0.017776027969335726,0.21388134953449664,0.0004374449239518855,0.13675134820063858,0.050530712589841265,0.07649991711632108,0.20994423878830176,0.1665511024601152,0.03428639400600545,0.09334146441099238
0.1345326368390705,0.04018783998756534,0.14142118783642613,0.10928911739449161,0.14153255493570518,0.09579265961213315,0.15674546348518265,0.03128568065321845,0.10770660400255683,0.04150625525364994
0.10202500381388889,0.12920083937459548,0.11216915938907007,0.10834584852509135,0.09944431040124764,0.02137186678274305,0.13271160392059894,0.14575960679493813,0.00985226246308189,0.13911949853474456
0.07383933932709467,0.1433954419450928,0.03264709963999197,0.20371322998508476,0.14442167024843267,0.07440053063350129,0.061854412243261075,0.00959991386565023,0.13730517010763482,0.11882319200425583
0.13320173147043668,0.14058164956807068,0.028473448382377198,0.05509775489754977,0.12905173456458574,0.0992177538869373,0.10266340742245861,0.16902283222336936,0.07767847091894095,0.06501121666527376
0.018413171450043023,0.07312324478490269,0.18117454261206617,0.17911591812279384,0.13204150555090968,0.03970197752522524,0.1043090448617617,0.04151930863833775,0.14095041154623647,0.08965087490772354
0.0017411630470422707,0.14909305208950496,0.1998499896064313,0.04178691785041052,0.09571459867718207,0.060921612089864616,0.22339784554878658,0.03315240396580415,0.1362479034289156,0.05809451369605803
0.018041944038273333,0.19263604555467762,0.04311361824134642,0.19345809667874503,0.1622139720129365,0.04264440567836172,0.0451916330192736,0.1579852251595538,0.08045980579841411,0.06425525381841793
0.015285482833452085,0.12321855763932717,0.15771117230027956,0.0060027176520895675,0.0460671972129958,0.2333861062810252,0.1449623468826369,0.1531011877628035,0.03035353505094698,0.0899116963844433
0.11278736840252852,0.07307742811276575,0.032479960765809085,0.019979498595608436,0.009524406195381127,0.12392072791403348,0.12781473003339863,0.088401362498428,0.1976765434556813,0.21433797402636573
0.19492763430111812,0.01610474205470454,0.17329832732373376,0.03637381427637372,0.0819290672672234,0.12247779820056182,0.0380056488758032,0.11458354635200062,0.13481895313796818,0.08748046821051261
0.1226351668044234,0.09364125951524523,0.07963629738395225,0.067020239937915,0.13792849045129946,0.026239737979761087,0.07728135622292658,0.09787074600191212,0.15298156614797406,0.14476513955459078
0.01453910204562362,0.038426789153403765,0.12991216070447356,0.13071881798471596,0.1343670787775026,0.07376556035136465,0.11907618942333152,0.1459762491102649,0.1164985547064933,0.09671949774282602
0.03623278323580614,0.14999793218640362,0.16388072558843456,0.18379812132733445,0.08960595718664165,0.0015656075989225339,0.1863701001496725,0.12077223581764034,0.040008781236044275,0.027767755673099852
0.10190024504743243,0.12982266899929834,0.10174361746936393,0.1331423322805407,0.09801599609681592,0.029883397806109147,0.08227969269207026,0.04052620518657598,0.12448526523274259,0.15820057918905076
0.20119775431215822,0.19258174685757998,0.08697371315172606,0.0311563761522365,0.12370323443809059,0.08272580650974366,0.12904313738138556,0.026749030802332478,0.11065313388567444,0.015216066509072512
0.13871990029841377,0.022923282402063667,0.06529539249519045,0.07315153330432785,0.16689232708077612,0.14284013582154534,0.11007726098606029,0.0810126350074532,0.04272204327423345,0.1563654893299358
0.007195266882279504,0.1842578468995961,0.15198898672523142,0.16722333790215071,0.023092925159452275,0.13035628971609692,0.1761946717782414,0.062485947523990185,0.04727740927184325,0.04992731814111823
0.0031970587958699503,0.06404074681124719,0.19550372655358195,0.05889882691532457,0.12786318769901386,0.18662848802548182,0.11898653043295351,0.14629934104393325,0.006485791574827148,0.09209630214776673
0.1167099341182509,0.018341000674306156,0.11297776739849778,0.11986165255656152,0.07439117352789175,0.10452302817265513,0.16540434047462943,0.01882204133025582,0.13320761611305557,0.1357614456338961
0.14425581184443872,0.026946668298231405,0.2260661730300708,0.06995218646677627,0.1241502453769933,0.04576071620321727,0.1870513983388571,0.12181168377319312,0.011609303181565712,0.042395813486656365
0.06054872301641893,0.019498167530256242,0.03615629534535763,0.1923726806253673,0.12829196891594852,0.12107749375644493,0.23867116123188695,0.034558689894494746,0.13207220275680023,0.036752616927024424
0.06621135690637239,0.08661872409621452,0.09864781941947211,0.1622228457182307,0.113305280546381,0.13752078210290514,0.044531389126441126,0.04191546015562679,0.055739655482489464,0.19328668644586677
0.12091481828280828,0.007427553509985149,0.15641342621594814,0.01916642199700676,0.14054471247915165,0.08320571805126167,0.15091855943789997,0.03680728605307843,0.13259218435953166,0.15200931961332836
0.05677128130852847,0.11607210688638976,0.18986542074731255,0.13280861698042454,0.1794571935882229,0.03426823346280246,0.01959184584564491,0.17274323118976792,0.02325509181995365,0.07516697817095284
0.12251719272486486,0.010680592433989024,0.12600489800729575,0.046994215042993635,0.14434742565053818,0.12231047807276503,0.12873313158559457,0.11522814490749361,0.1123607867448321,0.07082313482963332
0.15116986899954707,0.03819553666716535,0.11840685529436668,0.0971910394509356,0.07848011855746886,0.14663002937670117,0.18130203241157225,0.10054075516744944,0.0055409822630139195,0.08254278181177979
0.0975859224356044,0.08099618443251928,0.18493263655190587,0.08760213352838966,0.031147785264385677,0.13422371570254402,0.12790493344933793,0.062332586015373566,0.1675432713427638,0.025730831277175712
0.14937778343041097,0.14332926482634445,0.05038764576085039,0.1673355079848216,0.1249239980274282,0.06501305952523188,0.18295320578025015,0.010306361570080566,0.026844474668439845,0.07952869842614199
0.13639763873825464,0.10879723947246475,0.08883093504146243,0.028342552371020697,0.010523075084514567,0.12691302201270524,0.0159386542390166,0.1721802599433489,0.1995871344034524,0.11248948869375977
0.0016859698241508442,0.2256861936088988,0.01116713508153707,0.04252803028713261,0.01662838102533399,0.1814599342034796,0.17245999417901187,0.21189680683108908,0.05929547024268662,0.07719208471667957
0.14602039688263604,0.028695743069731335,0.07961905005549688,0.15790750636246928,0.08460564216182757,0.0756922393320048,0.13973975727938934,0.16794414598916735,0.10738288050836961,0.012392638358907805
0.19055878866610143,0.1481187758937036,0.029318443952750826,0.10058307980114774,0.0023880208285841486,0.02064156545548729,0.020222613660913578,0.12792202231033606,0.18385345923484323,0.1763932301961321
0.07900992333342961,0.044328931069511385,0.05494884043555891,0.12922114550845776,0.12421552987783323,0.07288785455586132,0.048634346453576914,0.1613514444764289,0.08311248699807881,0.20228949729126317
0.06608766212143055,0.1459195876925057,0.1530141533622534,0.15473013368559047,0.1470404893861803,0.08713295168544133,0.13644464486476782,0.008019841438890285,0.019581217734814617,0.08202931802812556
0.0825820897951197,0.16037820815174103,0.08785066999769514,0.2564126019235496,0.02423200720897453,0.016369608909840454,0.15048351826527787,0.03471248425705564,0.1820491797048338,0.004929631785912266
0.11320780497454024,0.044510850889503135,0.12174271605289552,0.0794231437397503,0.048069080704857214,0.15273004146952476,0.11736377570931378,0.1470486568555864,0.021359570159099398,0.15454435944492934
0.006448856655615824,0.19850269077535268,0.001098850850883352,0.019984698252675723,0.16000638108789036,0.09857192450356368,0.13831072317816123,0.15448364473543497,0.050218750579534385,0.17237347938088787
0.1221454665539815,0.010263911899775406,0.14535592253157179,0.16664537685829564,0.16996561069682484,0.03990625947479053,0.0329637808812219,0.12079300600162622,0.1650861627418654,0.026874502360046876
0.06731695827012646,0.1497878618134189,0.029442245035327875,0.10358338095172472,0.06270927045403217,0.05499690815452005,0.15304564880927754,0.11043198074243243,0.16269100717169085,0.10599473859744904
0.05070503227911135,0.12375849112990447,0.1390387351309143,0.0259562884040916,0.014647466337784368,0.12325186442395714,0.07612865466694381,0.15637263394101913,0.12776613828130262,0.16237469540497113
0.14880639230953152,0.03448641432372159,0.04405233669306531,0.031204662029987385,0.09202987808980849,0.10670251559074084,0.03080899317698763,0.22963892451578663,0.10043301090707331,0.18183687236329726
0.15901521733982846,0.028362872192292662,0.08307852421103676,0.09736892910304817,0.12859901513309943,0.13445524270839426,0.08021250422166692,0.06022131449626691,0.12355927135422586,0.10512710924014065
0.02913434618613748,0.03462088073269266,0.1788930409665903,0.04578076328865287,0.020592066278993154,0.11446202039558606,0.219972802564892,0.2301086057412246,0.02425377893901933,0.10218169490621157
0.20718214885063163,0.1744227497894281,0.035547035134917346,0.12118105396834253,0.06825754948172588,0.10233256063690109,0.14318289791156147,0.019754548217510055,0.02702626440468333,0.10111319160429866
0.033834104267980565,0.1183177352220083,0.14735337517999042,0.11438477691765363,0.12159885644608251,0.1435183480900931,0.11746057329161387,0.14979847266806506,0.0057792003976577565,0.047954557518854815
0.01590196129746319,0.0948702289505414,0.0675611021158089,0.16321106731455437,0.11209629353501613,0.11165620432658128,0.06400528610025029,0.14801689296768275,0.08855664307324848,0.13412432031885307
0.10561387746228533,0.10364570239391793,0.17797050299859432,0.0609291125403952,0.10247652037544418,0.09944442874121719,0.11146342998840551,0.13750271880793274,0.03965879893155873,0.06129490776024905
0.1282589433468681,0.09003641220337041,0.17977409161700572,0.13618613878879163,0.10707978861621262,0.1423678719244417,0.08970115300056004,0.05247333674987222,0.004364595743229994,0.06975766800964758
0.15727149308642044,0.08720460453792488,0.11665525303841968,0.13957992333198366,0.08419936178420888,0.10119023104679442,0.018448145312986625,0.04723645177591389,0.08885880397752913,0.15935573210781856
0.10201337210735499,0.27147126580556935,0.1634618919715174,0.046795238788272596,0.09740736574463228,0.020838538652883768,0.15506109965575393,0.015874930214851705,0.008691996587589556,0.11838430047157439
0.06385858551915187,0.03160315692022646,0.10388910354541452,0.10157400140715828,0.013756757094959519,0.08163059909760055,0.17853300270675357,0.08511958873194499,0.17456514481980454,0.16547006015698568
0.16949073349991084,0.14628798854459907,0.08613403473058585,0.07596020792562788,0.03434011669947647,0.04778772475459473,0.14075763267041294,0.051003292651744934,0.1586417588953333,0.08959650962771395
0.006125915023651177,0.05406322990681934,0.1574412082812875,0.1559806264320143,0.17014403417306778,0.03651474906868735,0.009801611814127533,0.1408690777678731,0.14598015275838777,0.12307939477408404
0.06229571626303796,0.11128736186491073,0.11679831651422082,0.05334482391264595,0.1564100368628872,0.09501079566065465,0.06925366364736366,0.09763148235924751,0.13989620572699232,0.09807159718803923
0.14235404365917387,0.10536713713833594,0.14275667457180793,0.020517091430781294,0.09888532532318713,0.1140667549386146,0.018950473266851196,0.052067202111195185,0.011132997702527686,0.2939022998575251
0.1587864214247235,0.16399370885635822,0.05622987656408477,0.13532264877229275,0.060414795037510474,0.06525732839295388,0.04482686794768275,0.019223467734260636,0.0785257021283166,0.21741918314181632
0.011529831459575712,0.004134508035250764,0.18702788774074255,0.040185053325349204,0.20919302793589462,0.14660705764140183,0.001548984406376388,0.23734717630161847,0.09696533609342717,0.06546113706036313
0.1591732799638948,0.16003043203581008,0.08813891951142531,0.16182950073180438,0.01496967047058179,0.06693475155783336,0.020610621567842685,0.04437339557533098,0.1595191712573492,0.1244202573281274
