i = 0,i = 1,i = 2,i = 3,i = 4,i = 5,i = 6,i = 7,i = 8,i = 9
0.1003722164988254,0.13142041759929848,0.11193489325152563,0.05073222068378266,0.15132826617544126,0.1317189396001412,0.060376202731947805,0.05400312576701203,0.12505370066687835,0.08306001702514726
0.11681829625173899,0.08943569271870308,0.12641558408957165,0.13941462744324987,0.09137936854994622,0.0866957930487629,0.14228816922037282,0.09101453827431562,0.04185595400409685,0.07468197639924189
0.16915409857488806,0.18928677274045538,0.005916445203989398,0.1458129452419733,0.03484144586473237,0.08766103640758133,0.036342245797999204,0.014186443921544509,0.2010398043734392,0.11575876187339726
0.035121046695970055,0.10733206075124294,0.17210022241080608,0.08564429200788544,0.09713607460146058,0.08885838641845692,0.13000386672470152,0.011671803906490847,0.026279211541890612,0.245853034941095
0.13032311564211588,0.029104682241700992,0.10921166724890007,0.11964907526536953,0.0277287223642499,0.14675620999715014,0.11801443555898458,0.08964804109615701,0.06917143127362284,0.1603926193117491
0.08981584655755571,0.07608981824872577,0.14258180440260843,0.035539251271632856,0.034037726169062844,0.06570087561628503,0.05900956424996457,0.16458776497688085,0.1498316563147635,0.18280569219252024
0.07291761445170268,0.1348178435701454,0.07299054086905185,0.14415064118281282,0.09749819896993164,0.07312620603043121,0.08395546527752024,0.14173505587767862,0.13896299060705142,0.039845443163674145
0.11027208098318593,0.12097629235847118,0.1916084955680784,0.0007426381450158366,0.08092465640862688,0.08826628174340362,0.050679094496204495,0.14238136893254932,0.16373281610862975,0.050416275255834565
0.1337492821084684,0.005920277826591441,0.16270888644865453,0.08921576803332035,0.1897075767859756,0.14619375809360374,0.007150374087898176,0.0427450409793095,0.12158533165070308,0.1010237039854753
0.05519978166656747,0.022389812503439424,0.031181989474423015,0.14520898630741438,0.057505769460672776,0.16893915533387413,0.15132348494659673,0.05568867653059867,0.24515124855209344,0.06741109522432001
0.16275414815612493,0.1316142713046737,0.1045668004528488,0.09808239957148461,0.019948931341844223,0.05594761733510874,0.10892936170939525,0.027955524012439358,0.14694369354406345,0.14325725257201696
0.12385332061343608,0.09686699613646073,0.057437173472617765,0.04907758918195554,0.1617057288388979,0.12232101874198739,0.13191193051892947,0.043157407850624586,0.12417111636318443,0.0894977182819062
0.053405519383744327,0.1330759853873098,0.14829980441007226,0.1575179130292777,0.03861336036333154,0.13612881794319562,0.09449124918092756,0.06317217307993025,0.041807517094370444,0.13348766012784055
0.19849126298932096,0.05178009582695287,0.027573451814252078,0.08970458553424208,0.12034237599959544,0.07319395384390455,0.036670810331500096,0.14144676741256856,0.1190289559190237,0.14176774032863962
0.03900066861765,0.18178820581475796,0.13954838736432632,0.08717467920259186,0.08015249054076516,0.15582755115277547,0.11802523345374179,0.08954652635304498,0.041343359924218115,0.06759289757612816
0.18255907434749677,0.04749755715300607,0.08315096451903514,0.0644926313169894,0.05533863537194646,0.10033321715883248,0.1356152538224394,0.16256260432376335,0.11539423356673299,0.05305582841975773
0.1657533966282806,0.15388042436786603,0.09908106406052736,0.13786554840414442,0.04800963386135549,0.0098683728742195,0.004549188745546123,0.14458648440984737,0.0834795675273942,0.1529263191208189
0.008192026865761112,0.0765241168362673,0.008997700978329397,0.18567659649172583,0.11041688306623387,0.00014142738583355446,0.050241359634925764,0.20709489275719226,0.16393799633364833,0.18877699965008252
0.06980573351941581,0.10433475599168066,0.11878361759967385,0.12219965987886651,0.05580961234166781,0.09351183252705725,0.07658850960403552,0.06273469495136871,0.1356361748418009,0.1605954087444329
0.13217243476245677,0.1786537487102834,0.06269218828404258,0.1454278213609526,0.10748439700291541,0.06204990660039722,0.012925607045280877,0.1369530830856951,0.15827805582065815,0.003362757327318082
0.10788504503780527,0.16776361404291618,0.027281741399922014,0.0800246988295619,0.1962093396139082,0.09840033828307554,0.04729189582629751,0.08843544805146221,0.10935634902379925,0.07735152989125196
0.1999935231216266,0.08389374865165947,0.11955007258544158,0.022708833837947126,0.0003339965781915867,0.027972679532929517,0.20292731245525647,0.14138604338813718,0.1488627256479753,0.05237106420083533
0.11715962749825222,0.13352420842305493,0.14930150608654955,0.15612836773129565,0.032416771396483794,0.08622980598932142,0.039788523712583165,0.14753837575439233,0.11167299819568541,0.02623981521238151
0.08061260579441036,0.08955647012907159,0.013434729193647877,0.1322390529455681,0.10732273608222137,0.1587427970869482,0.07193379856322395,0.05828269045737069,0.17042958550282986,0.11744553424470801
0.09507113504997308,0.02355569009361877,0.16034677332906097,0.1494828541575895,0.1694466346618889,0.11543824161621408,0.03371699949540538,0.075745164511412,0.07095123050851958,0.10624527657631784
0.13749047867973407,0.1006050246256961,0.0759152815075262,0.07769588599497079,0.10391584504089577,0.12288329877871451,0.16861507296167766,0.04224634081952189,0.1603000979671681,0.010332673624094825
0.08098129855167852,0.09389448524058927,0.157388222357173,0.026088914036648547,0.15491395672514444,0.06788572795022961,0.13816535574096342,0.056679308535587385,0.12440121214578106,0.0996015187162049
0.10389615869667483,0.05809482775186119,0.09085976136132913,0.1711390492723095,0.07600554005186592,0.09329287876913622,0.03238989717930626,0.12430318812533706,0.13957585351652047,0.11044284527565956
0.09821136475229847,0.04501983336975619,0.06876600727605182,0.08356005285512604,0.09642666015262838,0.1124127768687749,0.1316741239276088,0.09688303930660541,0.14395004906541548,0.12309609242573463
0.020382350013566756,0.16097797254366525,0.1195545818858453,0.112763630429748,0.1695053103264436,0.03043586277494687,0.1612347702681308,0.030057316319932234,0.12782650328693668,0.06726170215078447
0.10816552536298708,0.06291704046672784,0.10311007779386132,0.11548236027246483,0.0028746442634618175,0.14026457429552688,0.11032372288121767,0.12525250555304732,0.11155183228326636,0.12005771682743882
0.0690969929620591,0.24723184129271847,0.14069031552993191,0.24500303310372362,0.12813070592557554,0.06343175803768478,0.06650480594329908,0.014540679935453132,0.002423163597005618,0.022946703672548734
0.08715584964605907,0.036180627270322514,0.10547458148984941,0.010466461819125417,0.14407342038869714,0.12211231914306371,0.1871353473513351,0.017659432109919097,0.1289608466435943,0.16078111413803411
0.06711629791155502,0.09156040987697033,0.004101972992018694,0.2312175996242637,0.10946753201101482,0.09008060227977627,0.11620856047687872,0.1648511968777167,0.00955718151109821,0.1158386464387075
0.047913507916516995,0.026849505736593907,0.19153749410805762,0.22168100015224673,0.08923887762554608,0.10731605724025106,0.06507165566509886,0.027677359188521437,0.07853435652513101,0.14418018584203626
0.11873213803140806,0.09673457061559892,0.07541535985382591,0.21818514429587016,0.03216416006752172,0.10451383561543362,0.09657480221786847,0.025538624266233875,0.06251762928648531,0.16962373574975412
0.1347605090205379,0.07404708352903316,0.15962488541592443,0.17963623562185713,0.022900956151942528,0.004469811559519165,0.1891292001905678,0.058509023949167,0.17466489180361808,0.002257402757832846
0.04156004461157853,0.054879830217680774,0.1384389772729392,0.034280297409442814,0.11166846067313008,0.22489910552505948,0.20703892369376742,0.1201962528476668,0.01884054800930751,0.048197559739427506
0.12722348222972404,0.08859853160221177,0.08990053644794102,0.05019191856994277,0.147769614684563,0.1234721874070896,0.043622967631936974,0.08850964218235056,0.019871497819128732,0.2208396214251115
0.16246499039163323,0.04895422646619038,0.12707603965369463,0.04445530225428685,0.11965245624013678,0.13105489527265532,0.0919814939639852,0.06644461097114464,0.13496915240454838,0.07294683238172471
0.1625518485541223,0.12553787447716178,0.07352331240834414,0.04500578586083028,0.04188043689211701,0.06765497039481895,0.1885926682091632,0.06498600012897066,0.11107656304500735,0.11919054002946443
0.011870079774740121,0.06459933507512386,0.1543611936986925,0.1682488786543284,0.015078884788400696,0.09332946361095379,0.011605274462044637,0.15608973074635546,0.14286440379072785,0.18195275539863268
0.12486323285572054,0.06714098296179065,0.15499585008629582,0.09829799562513451,0.08150069762902472,0.09856873989947229,0.14133115738093663,0.04879719857355508,0.12235453743053405,0.06214960755753561
0.1329149674764442,0.08385815561888835,0.06120017378474281,0.0662679127056489,0.06958743358078485,0.18952454474731845,0.193367761643871,0.0322018283591211,0.16082606785520673,0.010251154227973661
0.08300242261692706,0.029589468372972817,0.09743219618313291,0.11374229634627156,0.18995752214927103,0.05665867826908184,0.15730360534096244,0.003742788157292598,0.12137440876680852,0.14719661379727927
0.12128180523143539,0.09268314625030225,0.07295369749268753,0.11143532583748454,0.1368517812730986,0.17098221220520224,0.07503701121366002,0.11907240605164691,0.0756571619873766,0.024045452457105886
0.09888266364197458,0.11798528194468941,0.1573551255531928,0.03738318537959726,0.13962084615907638,0.0673935620804905,0.10834062400607389,0.03479324368679253,0.10518528637726474,0.133060181170848
0.19285944264204333,0.06348744232356066,0.09732921558239356,0.13089231873357854,0.16680929461397087,0.00184885667314219,0.002190859369355549,0.10320794844727116,0.16451472540358433,0.07685989621109979
0.1628614977327714,0.023481942378286352,0.024498049298722586,0.18278154961532178,0.09566746423624593,0.06566193202787618,0.04259178657169031,0.033145998232395536,0.18335381973636652,0.18595596017032337
0.15796486988912495,0.08003572123050198,0.07789291353438445,0.008161829902988676,0.005075871173034828,0.14784064375877792,0.08034671329356373,0.1513326726349304,0.1832933732837986,0.10805539129889453
0.10575200645755488,0.11177287315280147,0.08389878740560906,0.11923335630734253,0.1352915946476854,0.09460670739877153,0.06765772230888811,0.06282551942369886,0.13739294517522357,0.08156848772242449
0.20199432943236592,0.025831269162834593,0.2088329502184546,0.001630124053446502,0.1234924891374054,0.12147532833440296,0.16697077308443184,0.06394320699912327,0.018511793737974423,0.0673177358395605
0.1309616851458833,0.04765038243881756,0.12151426645105211,0.12360973542264146,0.0015437683877715163,0.10391619421120371,0.15758102078362737,0.09301324050204528,0.08158498878665228,0.13862471787030536
0.020637855559759787,0.12768467024271196,0.11969382657516194,0.10745818946158346,0.1548945582146205,0.15435755030352144,0.01308390436849979,0.12583053569800953,0.03592325017655178,0.14043565939957992
0.153255294548874,0.11357935155914842,0.0063283583709402924,0.13685134223554027,0.025490830161072286,0.06061593739526493,0.17908647993396054,0.11961157126595152,0.08559224321115882,0.11958859131808873
0.005513649641791295,0.16557205837044683,0.02713121709585299,0.11369922701845386,0.04127484209452847,0.15578740049434164,0.09046035007580559,0.17046938416422203,0.16104325677239495,0.06904861427216258
0.016287045908898047,0.06292223080884543,0.07054203101803462,0.1276633993492258,0.3071459467867567,0.05622528688210768,0.17530285755896183,0.027451308503213055,0.034925046341942705,0.1215348468420141
0.10991106721250307,0.11525050701401224,0.17178687134853707,0.034504217374542206,0.1804297998510884,0.12167420675974598,0.04045491907221689,0.07414670705678873,0.1464512203007909,0.00539048400977469
0.081366724530085,0.07636092492647474,0.13298373435119282,0.058927282045977504,0.16631575152089975,0.14903480651475653,0.0793125155795135,0.02441588805962769,0.15697049292944742,0.07431187954202502
0.02074490874980974,0.10113430052999227,0.12372993733897303,0.17594290433187393,0.11658772708962178,0.19997774181901187,0.14756408372436558,0.013716186917710472,0.07653653126536424,0.02406567823327713
0.09252314171687492,0.06948637480175576,0.09973190918672627,0.08049783562710523,0.04499097351132049,0.02096446934224643,0.19642697614395863,0.15260743925430126,0.12023575969625519,0.12253512071945571
0.08674985688334243,0.04433500900486012,0.09100174336623353,0.11806355830602629,0.11622626000643782,0.13481344213598506,0.04435736600250638,0.21218084761475434,0.02885144653232378,0.12342047014753028
0.16330273044923177,0.08365629225773677,0.15599653937555236,0.146175249866008,0.0225100057965261,0.16058059604176936,0.011450904447906446,0.09171885602181143,0.06951003502389513,0.09509879071956254
0.11954611321572454,0.09761865979216014,0.011780341501468122,0.03757320939481392,0.08261703411972797,0.09653331871551883,0.06282421310593103,0.16414501708092943,0.19781522521884543,0.1295468678548807
0.16688803097845548,0.20695593552540414,0.2299813666463041,0.028247655686771993,0.02597605709806939,0.004468140130801881,0.11302303732561791,0.04730958568019158,0.11926575292852414,0.05788443799985945
0.012805381367658481,0.10759193982483498,0.07734953213736709,0.1184559204323467,0.05083723504944611,0.03099766827528683,0.10814163777838454,0.16340792756416891,0.21923433543813559,0.11117842213237093
0.12654315546387315,0.027606683103392295,0.16468388647016138,0.14492762751984598,0.13457451585535551,0.04828691707250854,0.1135792411221179,0.08586600622678271,0.06144683185235334,0.09248513531360901
0.07999782330242765,0.09174167768717507,0.16362242874684793,0.11077066493048876,0.2228113333796938,0.014517454684321196,0.02810075479461163,0.08516291809534288,0.040921727436346936,0.16235321694274418
0.004780004361022372,0.07478285529958584,0.1219935519089437,0.12302185352520628,0.05760661385547277,0.15873962049749643,0.06750489405031992,0.11376563372263516,0.15588521214760037,0.12191976063171707
0.06427962946971907,0.06542186562923535,0.13946715335719476,0.10248038380301248,0.04898599997190358,0.13405760297195624,0.1540566437047801,0.16743881305372618,0.02432201864994325,0.09948988938852904
0.06876253458619767,0.1179336100740269,0.17106506319713255,0.09487600812654157,0.1438981418022928,0.10776132097715559,0.05382174213798959,0.009439015039013808,0.1835531362858659,0.04888942777378363
0.003991351896195607,0.21134004308425108,0.005492747730087202,0.035898013873858534,0.14833578175622084,0.14838830807172793,0.14278711951530018,0.05105779789453083,0.0898968747025844,0.16281196147524332
0.060853448336280314,0.15343883346387288,0.20738063573534565,0.05017591690888482,0.026213151452303227,0.09456943607531733,0.19962128883559999,0.055212828224765954,0.13276084475457361,0.01977361621305631
0.09995980561089664,0.07439784152664528,0.09110596220663114,0.06310693999441283,0.08819032139862146,0.07745541331063542,0.13279014567441455,0.09799054777006916,0.20301629705434604,0.07198672545332734
0.08832024168938596,0.17166919727348678,0.04257388211150427,0.15071667850216736,0.24793592981342769,0.01614289945808789,0.007092558718457112,0.005327244921653443,0.07876998011785423,0.1914513873939753
0.11084446101531774,0.06491716917217924,0.014951539833095178,0.05167745243334463,0.054288638073386845,0.12555215750081017,0.18998587464161612,0.16134383649538092,0.16793024905449888,0.05850862178037036
0.08854955861264448,0.1199925014628692,0.07448506217803692,0.1636266492972936,0.05708997135264533,0.05189575529360412,0.10104823030110281,0.1448754976639532,0.06244351614776636,0.13599325769008408
0.09785694423560044,0.10817142214223384,0.0673922770448009,0.0526141742948475,0.12958134392970283,0.08419100821166879,0.11841034905579433,0.08445080487808161,0.11022033018353215,0.1471113460237377
0.06690439525600521,0.10628001200410703,0.11825520265982459,0.0907843260937808,0.03993378686954204,0.017830707611431008,0.1891594283496375,0.10189360857634559,0.18404808039065784,0.0849104521886685
0.18951890789075132,0.14020125356966381,0.059426680811094056,0.06445791766420085,0.1327292105394126,0.15355387663187636,0.025182198298890558,0.01108392505129101,0.14373816427884756,0.08010786526397183
0.06735357458533835,0.15656880055394282,0.07688519393330849,0.06510217182715299,0.06276005170982281,0.09184795396589901,0.022388549482806185,0.19539687674736197,0.018392931233907395,0.24330389596046
0.16862447193525543,0.12406000594612183,0.12774753398694108,0.16999435132514543,0.02339188343231064,0.0068518171903358795,0.02919080305080956,0.16319841663509085,0.07468529059604934,0.11225542590193999
0.13699432820370522,0.1723829021622403,0.035499451722872485,0.019370140052443384,0.18210881040604368,0.15978614658472046,0.09706875083874707,0.053299462156994624,0.06262391387633896,0.08086609399589377
0.14131834950032382,0.0696928768244855,0.174131790764898,0.1458590528132244,0.13079071934272282,0.08166848191027633,0.08959785572790935,0.11481862087260913,0.021670852036603797,0.03045140020694692
0.2045186404151696,0.04423136358052374,0.02995839021610589,0.0344206738878202,0.00013296027315892433,0.16762005070964583,0.11835413190221877,0.04093230030697652,0.18718194446389527,0.17264954424448536
0.1303793703517775,0.15242998173792716,0.16908468367573065,0.019372868824147488,0.07267745887700075,0.08634714388349946,0.07586856816347598,0.05123510574929782,0.1023586735985763,0.140246145138567
0.1835776650278688,0.10597737238385138,0.05520555513452704,0.001648219059258782,0.15357468697331336,0.11842860736207618,0.15798372982603914,0.10638782904687737,0.11579835159344103,0.0014179835927467673
0.16778669079254108,0.10896657276463076,0.027945408724297557,0.12914611659497907,0.07484753066894576,0.10020298305391091,0.00821557160607697,0.09893558750628118,0.17149936976995864,0.1124541685183779
0.12779459790367503,0.13244915883452138,0.051551284360902234,0.04891528049609483,0.049709771967010624,0.061818552158168213,0.09283858211813087,0.11292408023288587,0.1685607624337182,0.15343792949489277
0.19303203091211737,0.06380837735820598,0.059180185097280034,0.1339580580110125,0.11095254821939211,0.08430443357824968,0.06379627949173161,0.151299991154743,0.020707838851094045,0.11896025732617373
0.07649781307770304,0.16475901174616725,0.15670283250531833,0.047496249757885585,0.04340320572398481,0.13564073563950094,0.14618832263402035,0.07663429221876047,0.02074077272829393,0.1319367639683654
0.07738877514647544,0.12604086264643616,0.11442940806096814,0.12075318307162669,0.12520558420763386,0.061251087052089564,0.14576654298558744,0.08514445920393521,0.04512304179580802,0.09889705582943929
0.11543938392141938,0.09647920021825733,0.07758672272661771,0.15874354627167872,0.12257797219643189,0.12250389827429603,0.025675384114203746,0.1469321511467395,0.054042800779180174,0.08001894035117559
0.22640491886734646,0.08510528233765627,0.0703332381157496,0.09297816617071719,0.05852374058875782,0.18561594273860335,0.14790436139425792,0.02430233470137405,0.07515359593287094,0.03367841915266632
0.11213862490811924,0.12986527146131474,0.12090623725146657,0.18011967047509136,0.002510321108814384,0.007284138917820099,0.059920896510726025,0.1630331238600973,0.07198384752667275,0.15223786797987757
0.10118254474383927,0.05145064215341147,0.09114567775486365,0.1304634304669964,0.15491840331460732,0.08540566032760197,0.06655182345891865,0.14890309335523863,0.04231480172821433,0.12766392269630827
0.06907820284151,0.2011098838236992,0.03540935193241018,0.11856199949093658,0.0044407704204642955,0.1622931695281044,0.001824193424812582,0.10376789700225188,0.22417507243619378,0.07933945909961691
0.06326809279327021,0.07593112043089079,0.11330880089906446,0.014707042869206337,0.21318102756034177,0.07753929825049731,0.09315691125404292,0.164373205690448,0.16559783337407008,0.018936666878168158
0.10379227067918205,0.06772157293000518,0.04000115483813497,0.09584972118052897,0.08114351286613052,0.14855740603415316,0.10805261190829675,0.1603266439158375,0.04157487480890961,0.1529802308388213
0.14342493951718657,0.13853555419308683,0.02302841090664461,0.08478026771381678,0.09453763363628985,0.12995629756015403,0.05934897886008887,0.14040744769676275,0.10264649544388556,0.08333397447208411
0.007267175337644088,0.165694417416675,0.15073227971352898,0.03098754744730381,0.15409062796807482,0.15875990059420308,0.027415326110378887,0.12681590921750568,0.10630105401091543,0.07193576218377008
0.11988397721834036,0.1314770447816419,0.02044693062824678,0.044195563562448324,0.12978590063860304,0.16037792034487322,0.04013875832048087,0.13214302731767488,0.08674476224484311,0.1348061149428475
0.07072697139706992,0.09894259940727097,0.02688915294459592,0.14746331077861954,0.09180749982498543,0.016650762471649847,0.19106077006300612,0.09883198698025125,0.12814290241485882,0.12948404371769207
0.21250260892801234,0.18925727928853533,0.08003598831721626,0.050847422494943215,0.13306941148508394,0.06953567761497431,0.009076434687647955,0.13713812399575492,0.07503514709325639,0.04350190609457525
0.13403483395200455,0.06582465427944505,0.09121407784027251,0.1432881141341309,0.08478100353212907,0.06200096813914811,0.11712823745778686,0.13023122173900495,0.09024537668634701,0.08125151223973104
0.08785015414799595,0.19430270782316475,0.11419178733015937,0.11302511292215157,0.010655757825765645,0.0776020938099101,0.10644298197879501,0.18338710314279943,0.07299242428152432,0.03954987673773382
0.09747813060679945,0.19319955986074044,0.21275588267397394,0.08250568103213686,0.10320915767329238,0.039009615853771495,0.03700924681520084,0.018467652039030717,0.19420547429046087,0.022159599154593108
0.09782325183699195,0.13085876617636946,0.09227335461955606,0.09950125048551146,0.03888332124491881,0.11618271536390334,0.06888759962032455,0.13769973041117323,0.13596849222767465,0.08192151801357657
0.18313855515770644,0.024175892795597103,0.004046088421758654,0.2104466231015618,0.1590978971759953,0.17132926440683596,9.534999345258193e-05,0.21694754533117416,0.0012418733036027244,0.0294809103123154
0.12416967604127907,0.09001307470257076,0.05535587003310168,0.15070252740353277,0.12379663717379658,0.0035462232821842445,0.04946318235265154,0.16628313180169704,0.1944289060796114,0.042240771129575014
0.0771834092732765,0.03413465194071757,0.17177118577001363,0.04123373997174996,0.018402309296527426,0.30156437987819856,0.03399582468396167,0.052250860800071956,0.1054167596413556,0.164046878744127
0.14835072580694675,0.14746277062310678,0.1306906882596715,0.16888215401437623,0.06484175371812989,0.026832287833587647,0.005270488130026246,0.16119825257659956,0.043928123812052175,0.1025427552255033
0.1957221334214291,0.03651833549421713,0.02123132028337409,0.1563812172720483,0.22645948597984378,0.08904677494189762,0.014222723550379826,0.04434341039500443,0.007697124346772819,0.20837747431503295
0.017542218902083136,0.1380187099702255,0.1726503324624343,0.013451366003629452,0.1814315163625487,0.08471064223221221,0.03286994402534178,0.11689764606642396,0.09639474614385313,0.14603287783124785
0.17231132233837146,0.16235138677880362,0.07503565732858541,0.031940360330673316,0.04848955073453831,0.04744394615911248,0.18196050360294366,0.0352337378540896,0.18027050725524232,0.06496302761763983
0.12618796327982754,0.1243756860993536,0.07940577967598478,0.037160912733574546,0.05440142920283106,0.11624231961682603,0.16018906269641325,0.09841273486142911,0.11623094206510409,0.08739316976865596
0.14715135443691277,0.2746415493464311,0.051318654907533096,0.05586806437328766,0.02460362715833264,0.1399149228988404,2.2783536831189716e-05,0.07182239706248378,0.21248568787398453,0.02217095840536296
0.06747972914931936,0.037890349694112715,0.10275575001871992,0.09537887906625357,0.12532899133519929,0.1943262513324386,0.10021717246769767,0.15634924224085883,0.09775599088758967,0.022517643807810538
0.022068652152565996,0.24695069654538324,0.10329788287212939,0.0015790159540116908,0.1109170719732162,0.08174883173515085,0.003369774984206036,0.18475782242526975,0.02393786006922907,0.2213723912888377
0.09721630453429693,0.16968122683765557,0.04270140312449428,0.16212392327601877,0.11665616136642126,0.08325723400680216,0.11279209317196859,0.05390784349613956,0.05212199534206591,0.10954181484413693
0.15923415092334842,0.18037134113034914,0.025989606686427337,0.18262423345322756,0.11878256510979673,0.16160839942160626,0.041836388931603095,0.07960014819167856,0.002280116933437959,0.04767304921852494
0.039992694192258274,0.09901751023947832,0.1040319097541497,0.18505012698148243,0.08363406018662492,0.13830538022551594,0.1408733390061339,0.14298826062656803,0.03068811273952226,0.03541860604826628
0.19945659770567883,0.03515154393824685,0.05351250055485592,0.17809143516175338,0.13998158555711063,0.05554978974143341,0.13944884207733158,0.04428833694245779,0.10657352355301454,0.047945844768116995
0.14407717425023409,0.1773752860835348,0.0140515664102263,0.029373057431579756,0.04880080840852568,0.1684480430261951,0.08408975460655105,0.13612576038792912,0.07376262059272762,0.12389592880249654
0.04111419798163477,0.035119309101323465,0.08844565539247075,0.18842349129775005,0.17479136439976078,0.08058912473721917,0.08903887908840226,0.08214280647163281,0.07320180662284505,0.14713336490696083
0.09074699440407556,0.07296502418842352,0.06586598850429756,0.32406820311210177,0.08469812853380591,0.0873182112183704,0.07210537895961393,0.03520753701524285,0.06357028656973429,0.10345424749433423
0.11766164547340519,0.14236142643405106,0.1725436346966236,0.06588380208697153,0.10927281281470208,0.008126312269433665,0.0696238043551995,0.13696933988442475,0.12721180702168158,0.050345414963507015
0.10857099654278694,0.23940798447707823,0.04311680312403686,0.17353824860138944,0.22872441604974558,0.02871903262237608,0.10030419631399252,0.010051208950251734,0.0028041921682102023,0.06476292115013244
0.05925886233173278,0.09201353000668755,0.07885035918602798,0.06120828401179054,0.004325972900069467,0.05130193851545074,0.17593832672050072,0.1561738134667261,0.14575561298482573,0.17517329987618827
0.17380877302536502,0.06377883173582007,0.16266190155133073,0.09686039057353654,0.11511297696082383,0.00559815450379187,0.12946022891219158,0.17463153248871874,0.03757357080334417,0.040513639445077375
0.0046075775874211,0.18244317022054857,0.1765796479447206,0.11445838576564403,0.12634196387576974,0.03133968168391387,0.04772697164860821,0.11413530440583657,0.16487711089105625,0.037490185976480975
0.023254087112137178,0.02901666681243084,0.10361884243347728,0.048481466823829665,0.18998521316777064,0.1419714996869573,0.06657597012941764,0.08187637140608427,0.21455297717664856,0.1006669052512466
0.0926559878934438,0.07242138419233235,0.0575281450325741,0.10068817312610906,0.041352423240904664,0.09934620713643921,0.1626940429854015,0.08904555496191768,0.12072294482411662,0.16354513660676095
0.04642348774559564,0.006020701575580453,0.017165126927642778,0.17907465700783104,0.05776651883778925,0.06029468110249632,0.18172512118698683,0.11166186745150161,0.16779644833204824,0.17207138983252787
0.046649608172129126,0.16013434290375925,0.08574500022069638,0.010563726353620904,0.07939460156253161,0.16169696694490276,0.13509034352980068,0.12686939750908865,0.08319170751183283,0.11066430529163773
0.11192450127814056,0.15376018624521454,0.1406186929068286,0.0904380261394414,0.02053031835276321,0.1647913285173704,0.2100432967445637,0.01490793603548637,0.0893869739748472,0.0035987398053439566
0.04429229573427644,0.17751073022256805,0.029569835185964982,0.16209526649761935,0.15834841323059703,0.1343957418742712,0.060139727581193986,0.14752615993802526,0.06937344441694386,0.016748385318539904
0.030349964654539537,0.033879188133159197,0.22674727103158418,0.12751613536583303,0.0375796006882423,0.024341416757539557,0.12661842625844374,0.061277108556508454,0.0388965279748468,0.2927943605793032
0.09879955814638865,0.060508181149202506,0.0071579558982388875,0.09896137521928582,0.06214456023291362,0.17682662731486526,0.2513304529606502,0.04668573876750419,0.09750377720339555,0.10008177310755531
0.17702121883402278,0.12349326295070444,0.16761040866229218,0.051514052052095125,0.10501835087412728,0.014473843213748104,0.10056407748056446,0.025976806367015888,0.19768312093501425,0.03664485863041556
0.13658577131898264,0.14654580937347098,0.1052037186642599,0.1373355640114211,0.17879327700354086,0.07085392998459171,0.09026085282040186,0.002589393665774491,0.005171915513813803,0.12665976764374265
0.14415352582884072,0.1233690601306531,0.13061517142114487,0.10763531787385726,0.10474579256507795,0.14204244671996094,0.12882746702396036,0.05549361333337456,0.03667617893251682,0.026441426170613416
0.056640722971746486,0.03328237039245569,0.1283954975844478,0.1168492867096128,0.18676128166503603,0.030096082120812193,0.17594355554506902,0.0333680754805055,0.18546965895944176,0.05319346857087258
0.16617783358843946,0.14694929385711358,0.05425029110900911,0.0736739775580031,0.14919563158879448,0.12522726536117204,0.008820373839994008,0.10196733837050163,0.160855991713739,0.012882003013233567
0.10295323829031076,0.1126299336828756,0.1325776593418392,0.0659728720949105,0.06668770081897282,0.07576721786729258,0.01278748571716978,0.18776041412593605,0.08411688082460637,0.15874659723608628
0.0747878996932465,0.15732128975475748,0.1466428292269035,0.037597312151564345,0.07839925706252154,0.122207327851231,0.12292844253504312,0.0754488048647215,0.10859452339540202,0.0760723134646089
0.08323943112124109,0.058220930914635004,0.08907776241500612,0.05957414509228123,0.23030098155504,0.11220915423382243,0.05740922553220759,0.16577081092123702,0.11059787597491301,0.033599682239616534
0.03977495095351259,0.07043353059400018,0.12033649932356945,0.09941317400420911,0.159603490186301,0.056582103995578885,0.07065633161662109,0.12542287509600542,0.12250211721393608,0.13527492701626614
0.11918781792700701,0.12148212718800235,0.14631954299723132,0.10457216221227802,0.05474460721977377,0.11087337934487951,0.05416371321477279,0.16900885137676974,0.06617329721834694,0.05347450130093856
0.1711083602082262,0.1326937029731331,0.014152132556824874,0.06983995497537498,0.14313139105541767,0.15866224244178787,0.10415305542677857,0.0363771792441105,0.009986621556082112,0.1598953595622643
0.15185399681265505,0.06978946229618725,0.072267358261498,0.13783839234317963,0.16551393219686608,0.12150291074069007,0.14320242185440263,0.020493906363942896,0.04197169011438588,0.07556592901619257
0.12773968104378786,0.1772624220319758,0.04083013605516426,0.0917911490417069,0.021089800369188696,0.161058113146172,0.031656473842832225,0.19678426198850918,0.022072811954924523,0.12971515052573845
0.14558823403798477,0.10269999792943123,0.12943741256790245,0.1011448344421262,0.054627990083266575,0.05460183190080416,0.13691852350602846,0.06923837445946363,0.1451401308040084,0.060602670268984186
0.0412210242591625,0.11560071611675728,0.13225381187121282,0.0742611541831866,0.030413111587345568,0.16442285870907197,0.09631227969684523,0.12904758262583396,0.1323611294818859,0.08410633146869818
0.09718633942542476,0.07987695036423653,0.05229725796145157,0.10169652487477854,0.02312218599893362,0.1655105468445382,0.05165387012872331,0.18910485146343078,0.10476464413597975,0.13478682880250298
0.02488227535738251,0.10026997451089312,0.12351661303107178,0.14782103248331727,0.12559803718457513,0.08343560662067238,0.06333897659540998,0.11554267137955126,0.07661328295185645,0.13898152988527013
0.07967101301336076,0.14433181481203794,0.13019584812723983,0.02875294895027412,0.07896830329442972,0.028063692726101805,0.13003964761824585,0.09789422809673871,0.15437282970640467,0.12770967365516653
0.04891687068815311,0.14028838136551827,0.1570028154527741,0.07948817489105661,0.10582136002763001,0.1388561856418727,0.14888516069230134,0.042939416173665416,0.029364064688160163,0.10843757037886805
0.18038910738651734,0.17653910361623557,0.011174733487508685,0.114800694198553,0.017054115137373444,0.028603541469588243,0.1353408191868096,0.18231599799093334,0.0037339120823684014,0.15004797544411239
0.1602072083054698,0.06411464467525117,0.09251502656034875,0.10990164886642173,0.11331209951619836,0.1462790054712194,0.12375210024778614,0.03355401027285583,0.10084023553255575,0.05552402055189312
0.146093984695285,0.12199091178052648,0.18115395746409496,0.08628992777691348,0.08722304722106404,0.14123774478385895,0.04641679342781917,0.05513449047890335,0.12589768834637735,0.008561454025157202
0.03815995924122975,0.12313624840657661,0.11135714830697879,0.12467613168586296,0.08263634801517722,0.04790558241559413,0.17260946191508755,0.03942292358422665,0.11637292916800195,0.14372326726126422
0.12695511421199085,0.12372580572224061,0.07191933152237558,0.06840003539977065,0.002811677309830123,0.12533076256621892,0.1720972956395321,0.12375999038454416,0.054269424628011244,0.13073056261548577
0.13174511623044163,0.12066060906834193,0.11587053115057537,0.037319903006117296,0.03909059523399911,0.09527673211974279,0.0342265686499454,0.17423886514088946,0.09647468793116044,0.15509639146878645
0.15443386774008738,0.1355703721837654,0.16236545295834534,0.0795950445317255,0.06277005972914314,0.05775155166178021,0.07656666465111613,0.08504403830221331,0.08236170551937777,0.10354124272244591
0.034166701716992084,0.1484731810762544,0.15637408222034954,0.05658599968440122,0.15375653160075384,0.05683590445760241,0.02579568297580305,0.09917404123578562,0.12268553901926842,0.1461523360127893
0.1167006603561746,0.1884528735877095,0.13186376504238242,0.10335536472445625,0.031674577813812735,0.05380900566641359,0.19357497911708083,0.023319565228103592,0.11495306042819056,0.04229614803567592
0.013309738622593624,0.1024931033711803,0.13353023561175176,0.0846242890838764,0.1445318122809388,0.12582230971882247,0.07152424737150266,0.11270776847409623,0.08157154331127565,0.12988495215396217
0.10052238156696379,0.06237309484455893,0.14296915067100538,0.14462554263928218,0.016578667121829916,0.04742438553396103,0.11665360541023033,0.16234048362235975,0.13146559874292,0.07504708984688879
0.04368799852504401,0.1788239826024632,0.10778353762657208,0.12803202720050988,0.07481703753321978,0.13168679102502776,0.1496065595181847,0.10710986384717211,0.02953087581120178,0.048921326310604606
0.11994445052087982,0.15368554723292396,0.07092818841546249,0.1319769079562847,0.011122110778339038,0.02154435982499687,0.11026435655341275,0.10964660483765196,0.15700160295371796,0.11388587092633032
0.09337689027472491,0.13572557825616638,0.05775095516609024,0.15010852548454195,0.11169939025891697,0.0978033914791722,0.0822823904495244,0.14509286844000097,0.03441496470867309,0.09174504548218902
0.08186879476265664,0.12919787983959855,0.13051654573944002,0.10585315985250052,0.11713527466668402,0.13737737393404223,0.08386258945804052,0.09193492407342174,0.005399502081388847,0.11685395559222682
0.0008124305540691506,0.14115341673123127,0.025023938469175208,0.10351295147755256,0.17227511079426208,0.1051601603146815,0.08638906152133118,0.0853453144332862,0.1670295559936665,0.1132980597107444
0.10579535290004237,0.13138090856991705,0.1115082840383248,0.1013712583828294,0.0643003898988939,0.13583680388799935,0.09736402704333828,0.13460431502502174,0.08995029675610501,0.02788836349752806
0.12770734231739497,0.09730438251947666,0.12201707850451213,0.08752340796508686,0.00953204019219977,0.14509400832536115,0.08360794612736351,0.1060552435113707,0.08511095076015518,0.1360475997770789
0.17127203900151272,0.10102987251749679,0.06980705749400888,0.011141858566196735,0.19580366915625746,0.18633925317028321,0.004577724983746315,0.06346210730122757,0.18053289329814703,0.016033524511123075
0.062097087154054986,0.03985331651974195,0.13783471825354673,0.013723989276389402,0.11828246361556834,0.11079637992381941,0.1685401215086089,0.15584408669539324,0.06391415795683426,0.12911367909604277
0.17563789456045276,0.025534685722230107,0.14794146539570696,0.10303429878022682,0.01980455643766749,0.08197039541654294,0.036456363537642554,0.17213453119567937,0.06712500161577188,0.17036080733807912
0.12119369352946842,0.07193746860936019,0.14557755038776482,0.1448315143382993,0.1220243394112897,0.09182874432202932,0.14240725638426224,0.1226525655884323,0.02945587505934085,0.008090992369752999
0.11349012421506022,0.107765392344494,0.11865345277923876,0.14730922329429064,0.031434071506230725,0.05880898513094567,0.07751082679043358,0.1639046207835018,0.03371960735687768,0.14740369579892693
0.18241160589229433,0.18468670110007954,0.08144303717852197,0.02700868852849354,0.08936037157614023,0.14310653552070682,0.03813320146339638,0.06079680678313079,0.1753167162378798,0.017736335719356733
0.13784688842636134,0.16000838267380793,0.11198814488545705,0.11023346463834491,0.14908312592508205,0.043116740994586907,0.12532724638308393,0.044557748030096773,0.009536463402137874,0.10830179464104113
0.14742505178386286,0.06773418220541622,0.04916242270683072,0.020061851935622824,0.1335522298648271,0.10415485362346309,0.17356109891135113,0.14968499854262182,0.11968629913307102,0.034977011292933145
0.1889054457966433,0.08890487897525247,0.04037483541804894,0.05617409329434108,0.04962309557710599,0.11586940374772357,0.02267875299739638,0.2513375091295753,0.05725402925795493,0.12887795580595807
0.13553657168106822,0.14579654780614423,0.14048991284667897,0.08540159802961454,0.003994374560969656,0.06370769203474931,0.024202329529802242,0.09389133535373576,0.14637675508434728,0.16060288307288986
0.0806380961092178,0.1347799336309264,0.0868364646354697,0.11187646053201288,0.1426213055843757,0.007419637784459014,0.07583217125455172,0.15276177974081515,0.10278425203606546,0.10444989869210626
0.06105725347779411,0.11369174391524108,0.0870224313330321,0.08215489401342989,0.09429408893903912,0.04110365265044288,0.19379926559548186,0.18392953549234603,0.07923440856815704,0.06371272601503612
0.13561435388822451,0.09207587831249493,0.08917884989427932,0.061698764494791766,0.09341140644758962,0.143971691338926,0.06550116576997805,0.1446110892223542,0.01882331522613276,0.15511348540522885
0.02226966902240896,0.029413916725773193,0.19331913027468328,0.14998658730196643,0.03764575555697129,0.1867068679541786,0.03022358791912328,0.16090621990542528,0.04597535670646032,0.14355290863300943
0.15800869505523854,0.2580978055748866,0.012350796992012856,0.05003648596486941,0.007483321179242261,0.2522010151079598,0.0021132319539789086,0.06020687946709423,0.02993159301772021,0.16957017568699734
0.07249354948256542,0.03251244098149396,0.07365224191338052,0.1879044390212239,0.0915024698828009,0.026945737558391407,0.21982009636305058,0.1174458803243253,0.1369006540065626,0.040822490466205445
0.2267587868931692,0.036428810405791996,0.009029231650333812,0.2435523432185429,0.11152924860413903,0.09055033845561808,0.15254112612558243,0.07317410941720877,0.02726857148057468,0.02916743374903921
0.22233656550711295,0.11384826738181476,0.007559116284886741,0.06858279543612063,0.19804325807718284,0.19251704293469374,0.003947110016772316,0.06419440362907342,0.08314936278605538,0.04582207794628734
0.1133775325656997,0.1480696363659871,0.18774642602887937,0.06877863660151655,0.00011121147318447103,0.024256741227916125,0.19072640758066622,0.008551783512663854,0.1785220970940529,0.07985952754943379
0.07289883986221254,0.005752560472977013,0.152825766563424,0.15437178106982424,0.09320610041966663,0.1837844414550146,0.12736064243525075,0.11041207003800357,0.08898789587164928,0.010399901811977521
0.18694674481742024,0.138170294371167,0.004256698736313185,0.05141491725271349,0.07984318778487853,0.10349655849807185,0.09855423903367147,0.1203753993187795,0.06102798892681266,0.1559139712601721
0.004269114146290724,0.030689062314940063,0.1722945545559578,0.040797866592402816,0.19030797683415285,0.09874074863590619,0.17040834685581185,0.09466182485379883,0.0006301839526990026,0.1972003212580398
0.2011308825693318,0.07152340122141691,0.04999288968329713,0.10341786210477734,0.021283399045447442,0.019871519401276714,0.18944255373862925,0.09059175692456158,0.24706808744415873,0.005677647867103107
