i = 0,i = 1,i = 2,i = 3,i = 4,i = 5,i = 6,i = 7,i = 8,i = 9
9.378160208441392e-05,0.06683858508966908,7.741496062708737e-10,0.00905327079122032,1.4852135865727323e-07,1.1186212463782583e-05,2.6370929093335872e-21,0.9240030270089018,1.485316835677502e-13,3.952233846763928e-15
6.802829073277366e-05,0.06599292683060545,8.685982381707322e-10,0.004750922795008284,1.6859409374727383e-07,1.304217682348227e-05,3.074537681479412e-21,0.9291749104439603,1.7317033329212127e-13,4.607836107977034e-15
0.00018517618729424134,0.06660082369063362,1.1722822200177693e-09,0.020288562219363832,4.6182865945451116e-07,1.6288129392786762e-05,3.839656669324173e-21,0.9129086867721519,2.1626491330856772e-13,5.754526512215266e-15
2.0030167819936814e-05,0.06257056702103758,8.251121474234039e-10,0.002031931276529954,5.1471713548731565e-08,1.2903219985424814e-05,3.0423218502230366e-21,0.9353645160176255,1.7135580804768482e-13,4.5595540217472415e-15
1.5383903450651965e-05,0.10783823744525182,1.4994880027841141e-09,0.0014747791505005333,7.552029542929953e-08,3.115609385172167e-05,7.344671226314808e-21,0.8906403663867372,4.136814363265741e-13,1.1007521823574838e-14
2.5088133819465926e-86,0.9899687637387119,9.860242388880701e-08,1.1950105296771277e-82,5.855918460234376e-76,0.010031137658864308,7.502925022181216e-147,4.88921191523739e-84,1.0437832789813632e-143,7.317837454975711e-105
2.187325570890016e-05,0.10384728428015062,3.193115174806912e-09,0.0026048429916770946,1.7020864062250117e-07,7.467553365176747e-05,1.7603766544014623e-20,0.8934511505360381,9.915149642734253e-13,2.6382915353573424e-14
1.2502296181139149e-05,0.0011235860799496857,1.6014529341994309e-09,0.0021057518194828755,3.584678839668129e-08,1.9677550581719558e-05,4.6468687387124855e-21,0.9967384448052946,2.6173034505335223e-13,6.9643023853070384e-15
1.7806177150811753e-05,0.12867319281510803,1.119402445730042e-09,0.0016268945297441195,4.869051666755936e-08,2.420039630588948e-05,5.7119762157900565e-21,0.8696578562714419,3.2172148383303894e-13,8.560587844044021e-15
1.735262851884619e-05,0.006180243900582602,2.289227280225275e-09,0.0018046100707486132,4.538522108775791e-08,3.538456139848828e-05,8.35031970494708e-21,0.9919623611638204,4.703236051129196e-13,1.2514696379167306e-14
6.730397215325144e-06,0.00453534891238426,4.2424587100467735e-10,0.0006674750925922808,1.8388089680011114e-08,5.268212983527382e-06,1.242237423004029e-21,0.9947851585724174,6.996781007718492e-14,1.861751986445637e-15
9.5569025071168e-06,0.003857589971837423,9.715996596477951e-10,0.0009745253113713012,2.8128653117752014e-08,1.2963398970122952e-05,3.058448188096503e-21,0.9951453353148845,1.7226410828619074e-13,4.583722800069087e-15
8.439516282148968e-06,0.027030892749875236,6.012106726114749e-10,0.0007821370302949104,2.5989559850566257e-08,9.318583645522177e-06,2.197323477717685e-21,0.9721691855290047,1.237620996737827e-13,3.2931476848250728e-15
1.9760665501062082e-05,0.09351071079009064,1.1825886624266642e-09,0.0019441921467886817,1.0786520497318428e-07,2.0628856846542073e-05,4.862872041715806e-21,0.9045045984926983,2.7389652020463344e-13,7.288028169771301e-15
0.00020925284594836382,0.09554291148379668,8.783488167553881e-10,0.010300016931443005,1.7075991499054993e-07,1.3483338178104963e-05,3.178972404936823e-21,0.8939341637621863,1.7905251712576172e-13,4.764353266468197e-15
1.0092404731829322e-05,0.045082740677805856,4.08208458159288e-10,0.0009313383159182479,2.4092229230559495e-08,6.067004808953355e-06,1.430177930260179e-21,0.9539697370962148,8.055337566441416e-14,2.1434200255721735e-15
8.698356634052971e-06,0.0002597140104210209,1.929426310625545e-09,0.002230483107214007,4.074586690519341e-08,1.703937535273423e-05,4.029611852268615e-21,0.997484022474852,2.2696395354134403e-13,6.039214261179118e-15
1.3465398717843886e-05,0.009697342533830106,5.378611508321234e-10,0.0020349504574625576,3.762307652570398e-08,6.4607011120528375e-06,1.5232856103953528e-21,0.9882477427478518,8.579757484862537e-14,2.282961313229093e-15
1.2614209311816762e-05,0.05489319208257984,6.175658396372923e-10,0.0009319362212727797,3.2873412029260665e-08,1.0125208788684825e-05,2.3870488890914e-21,0.9441520987869312,1.3444819824254242e-13,3.577490802277631e-15
3.7496657719216453e-05,0.02348983118747655,5.463341399013058e-10,0.007069133167326216,9.002787422834567e-08,7.021138576269686e-06,1.6553890852489757e-21,0.9693964272745976,9.32381740981655e-14,2.4809458985084586e-15
9.641762880333593e-06,0.04054483761771761,3.3456684882515113e-10,0.0007285000921741039,2.1947879581584813e-08,4.910329877836623e-06,1.157506602530184e-21,0.958712087914837,6.519542933432056e-14,1.7347651528114978e-15
6.812581796046491e-06,0.03548981818617477,1.5004860545341508e-10,0.00047240088838351323,1.3531334716623139e-08,2.117493542763079e-06,4.991718259883518e-22,0.9640288371686909,2.8115365766279108e-14,7.481131292582253e-16
0.0022721558936746574,0.09229508834195438,2.2660627352342e-09,0.027233512668750827,6.565165597942126e-06,3.55183447839226e-05,8.37624388354396e-21,0.8781571573186913,4.717837591382783e-13,1.2553548514496882e-14
1.7187735122533078e-05,0.05437938291868642,5.827962280678696e-10,0.0016857508657692575,3.682843185095544e-08,8.746770674869166e-06,2.0618843772460895e-21,0.9439088942983995,1.1613362456826958e-13,3.0901639214803738e-15
2.4492108549791936e-05,0.06733808206017527,8.395483593663566e-10,0.0023911634329648363,4.442931230801281e-08,1.3571766201148207e-05,3.199277982878696e-21,0.9302326453630632,1.8019620898801333e-13,4.794785500795924e-15
1.5928112870700864e-05,0.10923811691085154,1.1630551209441656e-09,0.0018743393446269553,8.923917945646202e-08,2.1495780304533983e-05,5.0672024708104326e-21,0.8888500294488187,2.854052321383471e-13,7.594259874842606e-15
2.7830058121677772e-05,0.012531194721951014,1.2758536357733393e-09,0.003459770512314296,5.6557812715301e-08,1.7326294441155163e-05,4.085381245653934e-21,0.9839638205792695,2.3010511017600767e-13,6.122796123790392e-15
1.4829841044384711e-05,0.07706996576091993,5.483570021771876e-10,0.0014877953084749076,3.494074889132978e-08,8.945872054718019e-06,2.1097923592340015e-21,0.9214184277282782,1.188319948785936e-13,3.1619640133604223e-15
8.350021736869091e-05,0.09092834930777448,1.3012013706592622e-09,0.008136261891129856,2.2625712435136588e-07,2.1648696609257064e-05,5.1043793719791905e-21,0.900830012328497,2.8749918480089373e-13,7.649977257880689e-15
0.00027823777626798227,0.014419567258906474,1.7091936729137146e-08,0.01592571606209935,3.7540753824578565e-06,0.000329066038502709,7.775681111163352e-20,0.9690436416924081,4.379576472865464e-12,1.1653479452005439e-13
3.7112027643862846e-05,0.0019997379093174114,2.054845367320288e-09,0.007832982445337339,1.0256220198691212e-07,2.0553994128644755e-05,4.851377373249267e-21,0.990109509006245,2.7324909423706534e-13,7.27080115496663e-15
2.5486115443655615e-05,0.09808265670226618,8.144484824054152e-09,0.0029993760251497952,2.199599276873356e-07,0.0003133563543392219,7.389019923103671e-20,0.8985788966941161,4.161793333310483e-12,1.1073986570001253e-13
1.5602587164820367e-05,0.00035484878101756583,5.682742535417326e-09,0.004653114373245365,8.286032859216468e-08,7.03544343868751e-05,1.6698155714393714e-20,0.9949059912801488,9.405073184887281e-13,2.5025670666647455e-14
1.648393301353315e-05,0.10287850790304653,9.710496789560198e-10,0.0013801849509551276,6.073653515006613e-08,1.767709309519573e-05,4.167070244477333e-21,0.8957070844120638,2.3470616327850446e-13,6.245224060233468e-15
0.0004972284488236306,0.09848656976006713,5.128331684060844e-09,0.014576037880138509,8.146072574971823e-07,0.00011465259785945243,2.7039004859834117e-20,0.8863246915759587,1.5229455508625553e-12,4.0523587024518635e-14
0.00017488248930954198,0.1242767177218383,2.9129675849664533e-09,0.009576952197329472,2.841876977733051e-07,6.46832266987051e-05,1.5249254585134607e-20,0.8659064772632767,8.588993768382223e-13,2.28541879931502e-14
0.0006517084242219517,0.044002532787693824,2.1173260770677193e-09,0.04036168492571981,4.249166307712988e-06,2.7270155850817442e-05,6.430096912492183e-21,0.9149525524225081,3.621689309977291e-13,9.636841508046105e-15
1.2058627001034582e-05,0.0156937546447918,8.414765995212458e-10,0.0011954691694786956,2.8318742459556568e-08,1.2205977484681419e-05,2.8783624691179353e-21,0.9830864824208579,1.621209559803296e-13,4.313826729184722e-15
4.289075517806679e-05,0.105938256593077,9.052331230794248e-10,0.003773312936315022,2.3671756448845309e-07,1.4485466117612411e-05,3.415696342289196e-21,0.8902308166263171,1.9238576178768228e-13,5.119133432109568e-15
1.4336172572857222e-05,0.09970846132714785,2.518060423310512e-10,0.0018071590886641691,4.544328817466463e-08,3.701181361599684e-06,8.724982374830825e-22,0.8984662965351087,4.914261142102452e-14,1.3076206273906247e-15
0.0018602105275693501,0.08766055093809932,7.113389106614472e-09,0.022362164977625956,1.4440591808022483e-05,0.00013153259254181207,3.103076667544127e-20,0.8879710932571722,1.7477776380905374e-12,4.650607502472897e-14
0.00025107156356434396,0.09443651950230009,7.364959697419981e-09,0.013498563135501483,2.96258193881451e-06,0.0001583510781879041,3.7330887225002945e-20,0.891652524771389,2.1026257773049992e-12,5.594811931631171e-14
0.00047886890251450255,0.09499619991784038,4.318292282070445e-09,0.015384221140503557,7.81951564182847e-07,7.996814479074499e-05,1.886095096968037e-20,0.8890599556234039,1.062324649701808e-12,2.82670685244189e-14
8.128302207591766e-05,0.059697632040711296,7.775788939602994e-10,0.002894191516846329,9.725217149916606e-08,1.1484013431664959e-05,2.70907504171131e-21,0.9373153113770277,1.525860069009238e-13,4.060114096481991e-15
1.168382671433612e-05,0.01763158215809198,9.93369204939498e-10,0.0009376069536189607,2.9569770153209327e-08,1.5392794201556517e-05,3.629663894085326e-21,0.981403703704024,2.044372752559139e-13,5.439808698202097e-15
1.2903313974759029e-05,0.000971187198494285,2.621175913194339e-09,0.001836841212414694,5.8833788421461077e-08,3.581452178773815e-05,8.463814135077147e-21,0.997143192297875,4.767160680670418e-13,1.268479144092254e-14
5.9469279189622785e-05,0.006910377353186898,7.618249761382713e-09,0.007111431235879648,2.138676211788143e-07,0.00019005377317245453,4.489073055336782e-20,0.9857284468701047,2.5284265719970884e-12,6.727812006360819e-14
6.719768373082336e-06,0.06477852972026038,2.2267520466615153e-10,0.0005147099330545333,1.5841457077878548e-08,3.517496039135312e-06,8.291810785469543e-22,0.9346965070180927,4.670281473346465e-14,1.2427008413041377e-15
0.0001695375264564821,0.09846077065577606,2.347040021121045e-09,0.012319478793822997,3.7948612249664944e-07,3.976500502513957e-05,9.374015479393555e-21,0.8890100661852148,5.279822701755461e-13,1.4048917467463276e-14
6.980511289174296e-05,0.060598222620298306,4.2900559279017114e-09,0.002782774068164142,1.8555908212760788e-07,8.642457772055672e-05,2.0403230668922302e-20,0.9364625837706073,1.1491920480712933e-12,3.057849740490679e-14
4.6703971025086095e-06,0.0013914972602315351,2.3115495116925123e-10,0.0005352647344410019,1.3359113685700438e-08,2.5253338315168233e-06,5.954956941240957e-22,0.9980660286840904,3.354071360005434e-14,8.924745551963245e-16
1.5521551684388483e-05,0.0001579101732172129,1.0623051243007832e-08,0.009777642216798454,1.4427985295238215e-07,0.00020255269603257546,4.869040876730045e-20,0.9898462184565476,2.7424397380815666e-12,7.297273731060411e-14
8.724882863404027e-06,0.0004599945893203834,1.7907073855033664e-09,0.001944542227584491,4.703371599132545e-08,2.0187220356842746e-05,4.771270261116722e-21,0.9975665022551756,2.6873713934889527e-13,7.150744005272328e-15
9.152560983044461e-06,0.09179151894728343,2.514902456885159e-10,0.0009563878166955118,2.221691704565154e-08,3.930523778888937e-06,9.268056323156759e-22,0.9072389876827982,5.220142241532562e-14,1.3890115968837132e-15
4.684442309845608e-05,0.12316279603807,7.650326818182565e-10,0.004632839119087577,7.865481946864154e-08,1.3083047233018749e-05,3.0845502727989174e-21,0.8721443579524805,1.7373428271510204e-13,4.622842016453866e-15
3.747361552807717e-05,0.13586667688625634,7.216991005466955e-10,0.00357101507919863,5.729634281088723e-08,1.2780096607981038e-05,3.0131230030882704e-21,0.8605119963041928,1.6971121148100977e-13,4.5157933486048854e-15
0.00013053638123395334,0.07245191342585225,1.570643563231999e-09,0.013423403011885772,3.482634386439631e-07,2.3249236321381284e-05,5.4806429634700414e-21,0.9139705481103075,3.086918642544791e-13,8.213886765142066e-15
1.1989449935266292e-05,0.06995889460431308,3.1681149771798315e-10,0.001112476604405248,3.3105289281651525e-08,4.744507593717459e-06,1.118412170760171e-21,0.9289118614115873,6.29934736317936e-14,1.676173967684123e-15
7.780776927184249e-06,0.056516102904796216,2.695042133084249e-10,0.0006248691410832057,1.6109189055584803e-08,4.144352247945331e-06,9.769783382837095e-22,0.9428470864461956,5.502735109717228e-14,1.464205878927566e-15
2.2759214179991847e-05,0.10275452016336249,3.689764493951361e-09,0.0026488132121512283,1.7564228840619348e-07,9.208173015982216e-05,2.170712478520927e-20,0.8944816463468385,1.2226326111466938e-12,3.253265323955922e-14
1.7356211792022015e-05,0.08525956150340037,2.0385608767112774e-09,0.0015630979792515569,8.762415627346104e-08,4.259264477275349e-05,1.0040460276778368e-20,0.9131173019974855,5.655191227460467e-13,1.504772419840324e-14
2.127184756649932e-05,0.03576494418980106,1.5014018868023164e-09,0.0013359595581318915,4.589297419928803e-08,2.560017090428033e-05,6.035681394561142e-21,0.9628521768388713,3.399538620105653e-13,9.045727843845745e-15
5.79006438456523e-06,0.00011208344629280267,1.4203117512572984e-09,0.0024973459733115605,3.7747707170165396e-08,1.198964775348504e-05,2.8387329125713354e-21,0.9973727517000743,1.5988885989648622e-13,4.254433642381049e-15
1.574497016633975e-05,0.014057021429429958,1.298705643861322e-09,0.0016141104680130458,3.516676820271485e-08,2.0340876950660372e-05,4.797876881834189e-21,0.9842927457896887,2.7023573128769814e-13,7.190619536785369e-15
2.7978914125846567e-05,0.0071414686169649615,9.04426034837493e-10,0.003706029524785653,7.666957868187705e-08,9.799450905801494e-06,2.3110816449471863e-21,0.9891146459190795,1.3016941738420188e-13,3.463638027181768e-15
2.1388702296861578e-05,0.0009628675781092166,2.859315756638655e-10,0.005247575120215686,5.6718592754621714e-08,2.7046675963570387e-06,6.379739251205061e-22,0.9937654069272206,3.5933258489767466e-14,9.56137034422254e-16
1.8966240948980594e-05,0.06679354018699939,1.536008645744339e-09,0.0015847710211589362,4.820434284290381e-08,2.8061067573595236e-05,6.616348823993941e-21,0.9315746117425849,3.7265938808843096e-13,9.915979150059042e-15
1.2501611861259847e-05,0.05454448620799963,4.0214232619167515e-10,0.0014290091347074888,2.8930459930586215e-08,6.002480734134966e-06,1.4150973093802359e-21,0.9440079712320134,7.970397441614621e-14,2.1208185566959116e-15
1.8897051225087366e-05,0.06765147422977416,1.3145799894304787e-09,0.0016054220462500795,4.4828935398981436e-08,2.4288016113824337e-05,5.727544431902054e-21,0.9306998725127902,3.2259834842476424e-13,8.583920287500837e-15
0.0003328434572899912,0.08295819394351996,9.439758189008465e-09,0.014563689278590683,5.069893473253036e-06,0.0002154972868990239,5.080603975124601e-20,0.9019246966975312,2.8616005877355774e-12,7.614344480086432e-14
1.2490124287655821e-05,0.055431964752791704,4.0752074385716997e-10,0.0010392499706987275,2.699436376709105e-08,6.2149135839102735e-06,1.4650435354905317e-21,0.9435100528366688,8.251714684086252e-14,2.1956733993835184e-15
2.231531496288044e-05,0.002206928449050001,5.953538671806067e-10,0.005263897538242873,5.3888920969231136e-08,6.4299061489219224e-06,1.5164414016389815e-21,0.9925003743072328,8.541208147288336e-14,2.2727038198274514e-15
2.761354935715508e-05,0.11393302778064959,2.845888109817738e-09,0.0029549892114162472,1.855627447612566e-07,6.525888407810806e-05,1.5387024973869113e-20,0.8830189221649761,8.666591594899309e-13,2.3060665686931672e-14
1.8741452850920888e-05,0.11628624174615781,3.1125275976134134e-09,0.0021612250539474816,1.1284022582498797e-07,8.485003259830996e-05,2.00028470560855e-20,0.8814488257605355,1.1266408318939329e-12,2.997843764840756e-14
9.840725832901645e-06,0.1556539212081093,4.181642822650567e-10,0.0008452378898814499,1.5975644257991647e-08,8.241609320309699e-06,1.9433498138617915e-21,0.8434827421729352,1.0945728100209601e-13,2.9125150981617754e-15
1.6773074580227573e-05,0.08030031050842562,2.2131646366022827e-09,0.0017192515250379686,5.6727914226062085e-08,5.6954505095902255e-05,1.3428969963084436e-20,0.917906651445005,7.563736226204985e-13,2.012611219330113e-14
2.3045901171061456e-05,0.1323382587561709,6.153900782381813e-10,0.0027355007128303474,1.0278348406934077e-07,9.976206889945225e-06,2.351831014871933e-21,0.8648931150239276,1.3246458585678617e-13,3.5247093703099333e-15
1.4475255226274727e-05,0.019199510305105374,1.606262779514809e-09,0.002069574738302383,9.366645422217405e-08,2.595401565012207e-05,6.119700612343372e-21,0.978690390412645,3.4468616242062805e-13,9.171647914588984e-15
3.166802077411503e-05,0.19498702138644664,1.9039894086111185e-09,0.0027098183758057495,5.1741098301339506e-08,5.972429509261968e-05,1.4084169013627547e-20,0.8022117142759787,7.932770694436687e-13,2.110806400272007e-14
1.5312656047809832e-05,0.12527765048416742,9.75971200452289e-10,0.0016085192012684324,6.814176343177613e-08,1.8747924645192358e-05,4.4194306560144324e-21,0.8730797006158809,2.489201170763235e-13,6.6234386807907625e-15
1.2807856328992648e-05,0.1053187775443541,1.1109478074580224e-09,0.0013755344939919275,6.339200327947971e-08,2.1332603329336975e-05,5.02921283799676e-21,0.8932714829987539,2.832655031587127e-13,7.537324536477435e-15
2.3743872635760255e-05,0.13485740178513259,8.896354951319557e-10,0.00229767425897053,8.420070913503087e-08,1.6557579397422524e-05,3.903528265298517e-21,0.8628045374132933,2.1986241858451119e-13,5.850251289675427e-15
2.228075684616356e-05,0.11271320156300803,2.8662631304388823e-09,0.002486381925487382,1.0124702882701875e-07,7.405958337570841e-05,1.746620941930508e-20,0.8847039720569808,9.837671935234775e-13,2.6176757437433727e-14
1.5222345023125722e-05,0.16029261693923338,8.42869984566619e-10,0.001446923834557785,3.745425859866843e-08,1.812293825950101e-05,4.275608632906911e-21,0.8382270756455503,2.4081948203078593e-13,6.407891383445924e-15
1.9407462098035442e-89,0.0006548923506593215,5.027548584824695e-10,9.244259349201697e-86,4.529970877228209e-79,0.9993451071465858,5.80404800294084e-150,3.782154368955488e-87,8.074408631253543e-147,5.660869559649399e-108
0.0001677493396580041,0.08142399294102971,7.239592067220704e-09,0.00480706154443011,2.6244568669942575e-07,0.00020513459973005345,4.858570493209265e-20,0.9133957918870639,2.736542396655228e-12,7.281580904513687e-14
7.977142900419348e-05,0.06412002817282819,2.139676643730693e-09,0.003098508780165325,1.2769715666800032e-07,3.643680397761196e-05,8.600492340803756e-21,0.9326651249766941,4.844143345806746e-13,1.2889631854717438e-14
0.0014201951721346537,0.09322894058535894,3.3519244560388965e-09,0.027047515988891654,2.6590812576368396e-05,5.341695011515319e-05,1.25946362435688e-20,0.8782233371382704,7.093805904639908e-13,1.8875689309365944e-14
4.880747459010513e-06,0.0002567499351911597,5.222497583641561e-10,0.0013413087503924986,1.9474988691034952e-08,5.428476421701607e-06,1.2822567561947123e-21,0.9983916120932228,7.222185994762349e-14,1.9217292979481916e-15
6.103400778826368e-06,0.000811121526310906,6.4625149516641e-10,0.0010032943162084128,2.8098373478050166e-08,7.333528823609632e-06,1.730428795717758e-21,0.998172118483153,9.746471253178987e-14,2.593408598424051e-15
1.2470085582081233e-05,0.0027797777112934796,2.325047724885251e-09,0.001549567214227567,5.246499959013141e-08,3.801803589297514e-05,8.978921834672212e-21,0.9956201121624373,5.057290063582481e-13,1.3456787645791676e-14
8.362142519213366e-06,0.003294087356648832,3.333836184035748e-10,0.0007305704886390344,2.2277717823013848e-08,3.765967433141217e-06,8.880148856991278e-22,0.995963191433607,5.001657148437279e-14,1.3308755966546545e-15
9.789441946464983e-06,0.10255370993134237,4.78178469047463e-10,0.0007669947124346828,1.7508296538533564e-08,9.006118754874959e-06,2.1233411472692977e-21,0.8966604818089237,1.195951171353311e-13,3.182269691186e-15
1.4306042776921731e-05,0.00031011204991407133,7.031156692061594e-09,0.0034709523556942295,7.611277402151478e-08,0.00011265685853051256,2.6822770546431552e-20,0.9960918895476023,1.5107663643850408e-12,4.019951894475978e-14
1.1854445734625098e-05,0.0011684258589861685,1.8045997435204987e-10,0.003353582834985068,2.9462542448770956e-08,1.912805073525895e-06,4.510615308372561e-22,0.9954641944121921,2.540560036103496e-14,6.760098120778418e-16
5.648830720188205e-05,0.10624012085880329,1.3646055838491914e-09,0.002311579225503633,6.064495103506554e-08,2.835608089828393e-05,6.691041813719257e-21,0.8913633935176493,3.768663977859357e-13,1.0027921726968518e-14
0.00013260316999531453,0.10689923839362996,2.315444240693387e-09,0.010089212311248857,4.8645498837532e-07,4.376676951922776e-05,1.0317407635223297e-20,0.8828346905845775,5.811179123111371e-13,1.5462787199379884e-14
0.000371563994598396,0.08138836353699481,3.764526455300876e-09,0.014279753509539705,8.965081884119881e-07,6.968402450349513e-05,1.6438564863121645e-20,0.9038897346606982,9.25886117197406e-13,2.4636617727142605e-14
0.0016818995634405797,0.08161422817937085,6.0929184125308474e-09,0.024265894473489674,0.00010388160837944864,0.00010947331333193474,2.5822871275585404e-20,0.892224616767576,1.4544480140999151e-12,3.870095786308618e-14
3.882231490662851e-05,0.19762920407455145,1.7404449456250676e-09,0.003021879082307901,4.4880227397018125e-08,5.29678290877001e-05,1.2488892802148457e-20,0.7992570800777519,7.034246942892011e-13,1.8717210038143127e-14
9.721942812240286e-05,0.09575691768806427,1.961763128650583e-09,0.0033687671705944756,1.0179549082248326e-07,4.082784780735127e-05,9.637008522332978e-21,0.9007361641076003,5.427950965426959e-13,1.444306720921786e-14
4.20882105936996e-05,0.060882692863062304,1.515566749557918e-09,0.002060480190437283,7.991375566546488e-08,2.5148658836327048e-05,5.93261656488908e-21,0.9369895086474048,3.341488361036767e-13,8.891263583951942e-15
1.5818263432780157e-05,0.22747686301811998,7.222031366994445e-10,0.0013387341064962843,2.7099622005595877e-08,1.661399714357221e-05,3.916395327998069e-21,0.7711519427927558,2.205871433221464e-13,5.8695352263240584e-15
1.60947393392289e-05,0.00044117050109496425,6.502412807687008e-09,0.0028887690914470177,9.227659149372632e-08,8.886268105657411e-05,2.108340510484048e-20,0.9965650042068389,1.1875022091371564e-12,3.159788226422923e-14
7.840428029461644e-06,0.07221453158697475,3.3062304304594825e-10,0.000610167338051625,1.6701940603440844e-08,5.591298830048577e-06,1.3181641787694812e-21,0.9271618523154741,7.424431046705729e-14,1.975544036616409e-15
0.00019338417313948824,0.06383301734788391,1.6181374478148467e-09,0.0057018238659745,2.2084613159089647e-07,2.504044219884789e-05,5.9095160043720755e-21,0.9302465117061925,3.328477195843543e-13,8.856642427963516e-15
1.7990047482194387e-05,0.056842225563507535,1.1445311789559817e-09,0.001324364535364802,4.522049332367663e-08,1.954725513427597e-05,4.608155607659158e-21,0.9417958262332203,2.59549865742153e-13,6.906282648305917e-15
1.956869235551987e-05,0.07729681684061507,9.578775015697903e-10,0.0014191785541700864,4.379120401150521e-08,1.6679084751813854e-05,3.932240552869165e-21,0.9212477120787985,2.214796101624745e-13,5.893282873905419e-15
0.0001137445241764728,0.08483349454439924,2.736542340164029e-09,0.010329761177993491,2.0446876251069261e-07,5.02297703271124e-05,1.1840846587739026e-20,0.9046725627771143,6.66924124029492e-13,1.7745978393432028e-14
4.28530345475596e-05,0.07610374589576706,1.6651368728099898e-09,0.002481299726343736,9.328832156045335e-08,2.8855246571612816e-05,6.8024845144828e-21,0.9213431511429182,3.8314329913516274e-13,1.0194942205963563e-14
9.811246652848637e-86,0.9607909637912943,4.736249482086379e-07,4.67334204440368e-82,2.290081072022604e-75,0.039208562583757635,2.9341779081763853e-146,1.912029981330102e-83,4.081935817107054e-143,2.86179549076358e-104
5.092617330627126e-05,0.053257435652100414,3.80174093166865e-10,0.0020317957747563852,5.989291325248936e-08,5.355338208868609e-06,1.2630299509151316e-21,0.9446544267884677,7.113892891106417e-14,1.8929138730356187e-15
1.5134362909455277e-05,0.00028720667464264294,8.439458311156292e-09,0.0035283268065765577,8.939924100079043e-08,0.00014361472482634835,3.42336212886948e-20,0.9960256195903662,1.928175297333024e-12,5.130622562051647e-14
1.0650624090937142e-05,0.012397666412861203,9.818576547824577e-10,0.0011260485369930543,4.6848083203565344e-08,1.4873617401234985e-05,3.507020856884545e-21,0.9864507129785097,1.975295259164132e-13,5.2560023923058394e-15
1.819349817035136e-05,0.00016371107694138244,1.283324181819159e-08,0.010621693074229095,1.9730846185016862e-07,0.0013731733245325238,3.438571982494314e-19,0.9878230188645404,1.9367420983843422e-11,5.15341721380048e-13
1.6174983460094243e-05,0.10754533416752603,2.123263857838914e-09,0.0017375046533087066,9.744148125566276e-08,4.774935577443949e-05,1.1255914425242043e-20,0.8906531372745349,6.339783910090355e-13,1.6869335425400127e-14
4.13452386677872e-05,0.11733301160420184,1.4291078726766403e-09,0.004346442581981484,1.614990951097094e-07,2.7483699351060157e-05,6.479733287978612e-21,0.87825155394722,3.6496465137430687e-13,9.71123185718193e-15
1.0911218122432984e-05,0.13258087327485474,8.715829008025427e-10,0.001134971244123048,4.350180000314833e-08,1.7641306003145992e-05,4.1594643645308715e-21,0.8662555585832733,2.342777695084778e-13,6.2338250017168176e-15
3.850041293383769e-05,0.19033702243470446,3.475701933549503e-09,0.0025668237735257705,3.861975886777562e-08,0.00024543759368531785,5.786014788484601e-20,0.8068121736863443,3.2589163406871583e-12,8.671548726364508e-14
1.683554778032919e-05,0.08840883385325522,1.2613290584402295e-09,0.0013537107382698718,4.2511244920515234e-08,2.6406125728055775e-05,6.2326018160890885e-21,0.9101941699620321,3.5104521250036514e-13,9.340854070196509e-15
0.0018308861760113029,0.08344081964548954,3.922031070560399e-09,0.012425263233185482,1.1669428591733768e-06,7.343844096704848e-05,1.7355131578413816e-20,0.9022284216384528,9.775108425736537e-13,2.6010283769682078e-14
1.4528671308328256e-05,0.12215566482556688,7.52453421930202e-10,0.001781042086458817,7.360452471764456e-08,1.3146374871002406e-05,3.0992868811270858e-21,0.8760355436846377,1.7456430779452607e-13,4.644927898645401e-15
5.592935965980325e-05,0.1079868107999419,1.7295681018009615e-09,0.0064089225605863534,3.840876630402915e-07,3.003567922366231e-05,7.080796618695001e-21,0.8855179157829477,3.9881895667472767e-13,1.0612050660156262e-14
2.4557142733851514e-05,0.002194694450077429,1.3352908572022357e-09,0.006917858121307911,2.0782857153454516e-07,1.4759108534967986e-05,3.4819294165293745e-21,0.9908479220132821,1.9611627503657573e-13,5.218397612604565e-15
0.00038067609484513005,0.07774686447882327,1.7021579957708998e-09,0.007401338592614727,3.9121141098952247e-07,2.7447665619699522e-05,6.479765130654808e-21,0.9144432802541537,3.649664448915545e-13,9.711279555915626e-15
4.462967124327078e-05,0.08028333370316539,6.330016664858504e-10,0.005258904539533652,8.50454060071969e-08,9.727811420984643e-06,2.2932650304158914e-21,0.9144033185960965,1.2916591396078474e-13,3.4369360521332287e-15
9.262033888821313e-06,0.006551790367572283,6.856582449336554e-10,0.0008587349496443282,2.5759346715338955e-08,8.668908045784468e-06,2.0440617898085328e-21,0.9925715172957256,1.1512978473117606e-13,3.063453117211751e-15
4.158512298804971e-05,0.09062706843931409,2.9917233025694983e-09,0.004185934674086247,3.1824186373459245e-07,6.128371507212067e-05,1.4446930000536574e-20,0.9050838068141172,8.137092279587954e-13,2.1651737694266244e-14
1.7593128662448645e-05,0.03604213546332319,1.107817584772816e-09,0.002134948969389645,3.9026872728102965e-08,1.7861465045883208e-05,4.211212945051423e-21,0.9617874208386448,2.3719245778849023e-13,6.311381142225813e-15
1.0909283543081269e-05,0.0004834980964269603,3.65549115537059e-09,0.0021097634448406684,6.02106906755309e-08,5.330931248985249e-05,1.2626666498070415e-20,0.9973424559957877,7.111846632798766e-13,1.8923694226662833e-14
2.9489480119352917e-05,0.08337406444418294,8.781910536327479e-10,0.0029991148167299395,5.982102163319968e-08,1.5207712537385557e-05,3.5856758701819526e-21,0.9135820628470103,2.019596927496328e-13,5.373883302582891e-15
1.0645052326534452e-05,0.0010139264016622053,5.737660312261381e-10,0.0018705931666933,3.550294381882317e-08,6.468480405531422e-06,1.5260291925493412e-21,0.9970983308221144,8.595210443464513e-14,2.287073137225641e-15
2.227902635195114e-05,0.034261741487981896,1.0013486411876502e-09,0.0022339847709586243,3.140956584241978e-08,1.9579516199680467e-05,4.617147761956632e-21,0.9634623827873264,2.600563400304694e-13,6.919758995067986e-15
2.0705679437163214e-05,0.010787755410257822,9.264459007672988e-10,0.0034578755015102726,1.1535572317928213e-07,1.199381298994941e-05,2.8279805160647416e-21,0.9857215533134722,1.592832416570096e-13,4.2383187610645915e-15
1.8813040041782018e-05,0.06669248440847365,7.276305184444512e-10,0.0015293434215284483,4.221575939487955e-08,1.1729758925673547e-05,2.765245951380361e-21,0.9317475864274806,1.5574977855089804e-13,4.1442979863995366e-15
1.162518075947166e-05,0.0012561884442526137,7.917943513215964e-10,0.0015392204539175934,3.243118723512847e-08,8.457872250774786e-06,1.995362191873717e-21,0.9971844748257224,1.1238682742290698e-13,2.9904665956511764e-15
1.3884102616573677e-05,0.00015489158874655766,7.91817586152397e-09,0.008731032049296024,1.200456083279657e-07,0.00011145889521141173,2.663690681452579e-20,0.9909886053988051,1.5002977711482578e-12,3.992096310303208e-14
1.343390763780941e-05,0.04089693239990235,2.037309127677788e-10,0.0014257988309308387,2.5053414678280964e-08,2.779717558407931e-06,6.55257203266424e-22,0.9576610298867868,3.690672225821749e-14,9.82039628257078e-16
1.853561658901471e-05,0.007396431587851948,2.937649366954682e-09,0.0015196954461508011,5.727196492931042e-08,4.611096844281877e-05,1.0879945886910317e-20,0.9910191661707219,6.128023301806285e-13,1.6305869239409766e-14
3.0684343884881216e-05,0.09339667460938884,3.354686369312021e-09,0.002289424577120653,6.612236464385941e-08,9.958048626507952e-05,2.3496736245204714e-20,0.9041835665049309,1.323430729487574e-12,3.5214760165756315e-14
9.841282987078267e-06,0.07770165909844756,4.820580730092797e-10,0.0008117881276055702,1.963613707613201e-08,8.421868471431093e-06,1.9855961484860444e-21,0.9214682695041784,1.118367645588903e-13,2.97583009220899e-15
2.044240161984059e-05,0.10573321414575283,1.0756795862814368e-09,0.002316760206934601,1.0665075146000783e-07,1.8684977925814118e-05,4.404580105228076e-21,0.8919107905410812,2.4808367430580936e-13,6.601182059614006e-15
4.6569175200362757e-05,0.13279976231805682,1.2314174376121476e-09,0.004153718251542458,6.71970120962906e-08,2.4995550079210525e-05,5.893505722668269e-21,0.8629748862763508,3.31945956078909e-13,8.8326475901525e-15
3.476994944220826e-05,0.09235444695870536,8.885161847388401e-10,0.0015694383833163021,4.7050968985812267e-08,1.6295724919303746e-05,3.843725420773119e-21,0.9060250010439094,2.1649408175461458e-13,5.760624343973977e-15
1.758113184886545e-05,0.05623649444286824,4.798402112202089e-10,0.0017504190898274378,3.718193904735501e-08,7.143357900802225e-06,1.6839454572808171e-21,0.9419883243156781,9.484658387585748e-14,2.5237435953520706e-15
1.653414759701667e-05,0.00035132177856489103,9.796940183494154e-09,0.0037427595722129853,9.513085122750156e-08,0.00017692778691243578,4.21897541739223e-20,0.9957123517844816,2.3762967146599717e-12,6.323015097867117e-14
2.0753909534242944e-05,0.025464341425759995,5.316043376912657e-10,0.002303636735934787,3.2452037011405795e-08,7.552793184666475e-06,1.780552165474377e-21,0.9722036821518418,1.0028786239533615e-13,2.6685288793095568e-15
9.868089709861455e-06,0.0015800893008849162,4.050386743819955e-10,0.0013290761325673204,2.876505890899323e-08,4.489560862653549e-06,1.0588581756692016e-21,0.9970764477458165,5.963915300081819e-14,1.5869199003743673e-15
1.7643085827374694e-05,0.00020946222845897087,1.2718912725665876e-08,0.00628792426883745,1.540514897815468e-07,0.00041271185774368436,9.976368606114322e-20,0.9930720917829613,5.619092219331234e-12,1.4951669940654135e-13
1.5735739703298198e-05,0.04482047696265141,5.819129203643314e-10,0.001065828517301798,4.1481303868877067e-08,8.71899357621515e-06,2.055319269667567e-21,0.9540891977234316,1.1576385129157937e-13,3.0803247573233917e-15
1.7726015751651576e-05,0.01634346375759072,3.9598151087073407e-10,0.0025243653317458562,3.614917558820876e-08,4.9413376876096465e-06,1.1649062828940264e-21,0.981109467012,6.561220910576514e-14,1.7458551026969664e-15
9.813530534164434e-06,0.00022988214110975273,3.2068080891605506e-09,0.0028687256024091845,5.241347758537146e-08,2.9474426635343647e-05,6.981776232467019e-21,0.9968620486786222,3.932417301147028e-13,1.0463648703957073e-14
1.0061767204164607e-05,0.00028096384347348085,1.8379092948965437e-09,0.0019854365469415534,4.8664161902339176e-08,1.8248977143639744e-05,4.316694336249711e-21,0.9977052383629164,2.4313359417391315e-13,6.469467178737529e-15
3.8097601132655605e-06,0.0002385021612353899,3.1572587728797794e-10,0.0007434729876946268,1.3117403737622666e-08,2.939268096881919e-06,6.936900243444544e-22,0.9990112623896902,3.9071413384678967e-14,1.0396392530648278e-15
5.688066930868792e-05,0.009916846630277448,2.139695330043347e-09,0.0051800858467495325,1.6199287368899765e-07,2.6215254618980497e-05,6.1825920989473385e-21,0.9848198074661191,3.4822846402142016e-13,9.265904151348231e-15
2.0986471272044503e-05,0.04886008585146482,1.3343228743656986e-09,0.0013799748388996116,6.08380019000163e-08,2.1581769719914717e-05,5.087487386371036e-21,0.9497173088960246,2.8654776021525515e-13,7.624661364210979e-15
1.1656089483300603e-05,0.058988595922587844,7.16596381339976e-10,0.0010327589781414033,2.863827098531099e-08,1.2025715508250026e-05,2.8352538679663907e-21,0.939954933939248,1.5969290610346043e-13,4.249219474932206e-15
3.692035394467595e-05,0.005029466161805507,9.451096741469273e-09,0.006170968509170107,4.1660116266335374e-07,0.00017502126769700365,4.133865996991179e-20,0.988587197652733,2.328359664396324e-12,6.195460285348754e-14
3.4021024788230995e-06,0.001765349617921176,1.3596870709489352e-10,0.0004718249749109663,7.360035788464144e-09,1.6316051167111448e-06,3.847159526192465e-22,0.9977577842035456,2.1668750439795475e-14,5.765771256381312e-16
9.128848301489286e-05,0.10629241188294238,2.950900022144802e-09,0.00810388495237213,3.440709006501127e-07,5.732956741207049e-05,1.351499678014712e-20,0.8854547380916763,7.61218999152873e-13,2.0255041326078363e-14
2.054548959843306e-05,0.005807251241943461,3.393588901456939e-09,0.001997515329113772,5.6882229476000266e-08,6.656441983594278e-05,1.5741654882372104e-20,0.9921080632427798,8.866333429132329e-13,2.35921540131279e-14
2.054548959843306e-05,0.005807251241943461,3.393588901456939e-09,0.001997515329113772,5.6882229476000266e-08,6.656441983594278e-05,1.5741654882372104e-20,0.9921080632427798,8.866333429132329e-13,2.35921540131279e-14
1.059009031379693e-05,0.034055300921765674,1.0463143189057674e-10,0.0010570975962000333,1.8507677615970296e-08,1.3810879881159834e-06,3.2556474393593596e-22,0.9648756116914046,1.8337116359118015e-14,4.879266925598515e-16
9.56407856653548e-06,0.0001607448704023581,3.2098373731720733e-09,0.004681481081392488,5.8590451390145287e-08,2.7284392647000056e-05,6.4687967268494535e-21,0.9951208637763288,3.6434866027191803e-13,9.694841818257324e-15
2.0780511841623434e-05,0.019618096893425762,5.125059727220958e-10,0.003105199010183481,4.298821928973351e-08,6.510255110741095e-06,1.5348170514785996e-21,0.9772493698286245,8.644707201024842e-14,2.3002435668234203e-15
3.55911143745641e-05,0.060103023580134855,1.6508838342283592e-09,0.0022140781142302975,7.45407394606536e-08,2.7150785149302025e-05,6.402287784126575e-21,0.9376200802141175,3.6060260900325935e-13,9.595163940356672e-15
2.5158065879541594e-05,0.05159535308488534,5.219662029461223e-10,0.0012178387083429652,4.190543492630946e-08,7.827173656003028e-06,1.8458261266621008e-21,0.9471537805397283,1.0396435453581806e-13,2.7663555424390706e-15
8.915602555305506e-05,0.08086034230224494,2.9868910380246934e-09,0.002960729597201405,1.589133326715608e-07,5.963148441648927e-05,1.4080777768970996e-20,0.9160299786895462,7.930860609951948e-13,2.110298252449142e-14
1.728529512534982e-05,0.0003209912163411723,5.3713810800097086e-09,0.004078045310430215,1.1072717321528305e-07,6.324855612716473e-05,1.501567516244095e-20,0.9955203135225534,8.457432439554804e-13,2.250412206444524e-14
3.733287187021171e-05,0.0008147199757923859,1.1214614232058062e-08,0.004940800326378758,1.640972776556604e-07,0.00016862968174507297,4.009211404235821e-20,0.9940383418300034,2.258149182117136e-12,6.008639693092899e-14
8.724227193410777e-06,0.001132588844437029,9.425695885448417e-10,0.0009755674384390197,2.663495417440355e-08,1.0780488756695157e-05,2.543882409748112e-21,0.997872311423503,1.4328169318367975e-13,3.8125386264142774e-15
7.606950044758565e-05,0.07214675073689604,5.107896529814655e-10,0.004149126027142164,7.522264192531772e-08,7.703764613401649e-06,1.8164190127238374e-21,0.9236202742373641,1.0230802755141131e-13,2.7222828075492667e-15
4.811694297059911e-05,0.07940975450270284,4.923023661768352e-10,0.003522554832243026,9.855551889819847e-08,7.0290609162349266e-06,1.656967661495619e-21,0.9170124456132505,9.332708586337752e-14,2.4833117180805896e-15
2.3733050612816372e-05,0.023801482362747216,3.0736503993971422e-09,0.0017242336082030326,6.609003980008947e-08,5.279171861785792e-05,1.2449402641418564e-20,0.974397690095409,7.012004496469365e-13,1.8658027542223642e-14
5.1298113201840414e-05,0.08602484345245107,2.240855396818751e-09,0.0038394453107817293,2.5641431022428217e-07,4.167605747295301e-05,9.826662003152766e-21,0.9100424784103585,5.534771437150009e-13,1.4727302667100342e-14
2.3101311660931785e-91,1.0250789516340695e-05,8.026372241828128e-12,1.1003732235654256e-87,5.392166606904599e-81,0.9999897492024572,6.908740624283772e-152,4.502017130608744e-89,9.611222184851643e-149,6.738310826461964e-110
1.5356503713995943e-05,0.0026605728254735445,2.7428572213080904e-09,0.0014452351766121967,5.8804693857829945e-08,3.8634223626993696e-05,9.119667587300408e-21,0.995840139722495,5.136563734848341e-13,1.366772488186693e-14
1.314847078943952e-05,0.0038940300286376597,1.0883258280371208e-09,0.00121137993071651,5.594146440111585e-08,1.3337440915412003e-05,3.1455421013521725e-21,0.994868047098969,1.7716958792085972e-13,4.714251166038774e-15
1.1478779351188378e-05,0.06288650504899675,7.044001699926864e-10,0.0008204741003040734,2.8058384623422892e-08,1.2334458054859087e-05,2.908067324604582e-21,0.9362691788503401,1.6379405296193136e-13,4.358345643741333e-15
1.828743736130191e-05,0.1048644465958608,3.6612758215995584e-09,0.0018681505256004066,1.0330266058847648e-07,0.00010671440338365202,2.515667584745962e-20,0.8931422940724028,1.4169252069474788e-12,3.7702525126724805e-14
2.8635448516304293e-05,0.08409660091720367,3.961941603417351e-09,0.001845619150511312,7.608457697654012e-08,0.00011455646209908592,2.7054682424311145e-20,0.9139145079735866,1.5238285744659678e-12,4.0547085737917274e-14
1.0727251630053095e-05,0.05573159125869922,3.6878678513998246e-10,0.0009231499001945294,2.108243032666302e-08,5.7504561644102274e-06,1.3555433772816085e-21,0.9433287596820162,7.634965733103797e-14,2.0315645629196336e-15
1.2571820488787865e-05,0.053424830377863775,4.0584116440583806e-10,0.0009754118729047707,2.7954176382803656e-08,6.226477701909194e-06,1.4677713798581995e-21,0.9455809310909382,8.267079000991848e-14,2.19976164430708e-15
