i = 0,i = 1,i = 2,i = 3,i = 4,i = 5,i = 6,i = 7,i = 8,i = 9
2.2225777097946472e-15,3.8511241139816134e-05,1.3526274545551549e-11,3.2258681787447444e-10,2.466801020028271e-07,4.134526955440134e-08,0.023675993590102553,0.027511934745608306,0.948773272061567,9.53548510991167e-14
1.992627321300565e-15,2.969530732160919e-05,1.0371725631322779e-11,2.8396302230962696e-10,1.860413465143338e-07,3.750875204792644e-08,0.023180560585971153,0.022030954486511246,0.9547585657756724,8.823989125212055e-14
2.7506222314021956e-15,3.3988480297329944e-05,1.1972277621814061e-11,3.4383730977762897e-10,2.4430369284479957e-07,4.937329246273236e-08,0.019648096086077094,0.023909936278614933,0.956407685122093,1.200532465823367e-13
3.6210439487998635e-15,0.00010494917868997173,3.632049979563502e-11,5.654056796482403e-10,4.837768069649188e-07,7.040624725032264e-08,0.059341824148663,0.07995216915055396,0.8606005027371453,1.6382092438247669e-13
9.067009440814008e-15,6.075315426531686e-05,2.1762649807256764e-11,1.0945690919296525e-09,2.2180032914077814e-07,1.5800314189804058e-07,0.0718987335936585,0.04938679035128324,0.8786533419805695,4.1163465597414607e-13
4.8128163360161095e-90,1.6611841996420025e-118,1.3687056496002378e-75,0.013519094313025774,4.8642254840701995e-111,0.986478430887115,4.53868753117371e-09,1.9453258914467716e-97,4.378597966968752e-81,2.47026117167708e-06
2.1284838761571722e-14,5.766737484720052e-05,2.1000462910333467e-11,1.7231650079749403e-09,2.294501512300576e-07,3.0853384622019627e-07,0.06690727247547448,0.04505216914320436,0.8879823512773103,9.795503887367399e-13
1.2743440084072073e-14,0.00035019454538616577,1.369886004750049e-10,9.287873971358586e-10,1.5801068854723742e-06,1.8818386569597553e-07,0.2374619344146417,0.33611037516650083,0.4260757265163766,5.548103754085092e-13
4.7080115380647265e-15,6.64798782781285e-05,2.2707224303134448e-11,6.456194387190577e-10,2.740543204222243e-07,7.503588038128632e-08,0.03549321358316605,0.048744966550159585,0.9156949902296546,2.0943073735285575e-13
1.2238741719778623e-14,0.00020337782507538646,7.11915348440634e-11,1.1915824687465277e-09,9.807041769696061e-07,1.7426529926290654e-07,0.13158026329576203,0.2162647017730802,0.651950500873259,5.609775010650379e-13
1.690881251789121e-15,0.0002560765747271033,7.948781293666487e-11,2.7995312843488317e-10,1.058116686620399e-06,3.651638060618326e-08,0.14059260430576578,0.3137359394091705,0.5454142847177499,7.692469287745807e-14
4.1125968991574204e-15,0.00026047154394406695,8.722269703653058e-11,5.863620392788469e-10,1.2304878429440856e-06,7.98435995629371e-08,0.14147130237461422,0.33214002265108034,0.5261268924251393,1.9079840803354637e-13
2.3231300168741536e-15,0.00010383569164403584,3.4175789934826e-11,3.843302571531468e-10,3.6118866715031897e-07,4.7618916806149483e-08,0.07894823238641432,0.09391593252694347,0.8270315901687998,1.0598688176251326e-13
5.445910996933433e-15,5.676674658954128e-05,2.0112837116375483e-11,6.599319153941072e-10,2.2457158516165183e-07,1.0200107820981797e-07,0.050063757561060504,0.042199583637928674,0.9076795648014624,2.4518309906671474e-13
2.009917339382454e-15,2.9969539695596065e-05,1.0322895233278077e-11,2.5270309360407306e-10,1.953656371007067e-07,3.317192435560471e-08,0.01478511787048639,0.02130209520351098,0.9638825885856337,8.396894732361991e-14
2.128277692954165e-15,0.00013511915900252968,4.652110898527902e-11,4.3074808337809547e-10,4.990707689592474e-07,4.784765060427002e-08,0.11308312152866624,0.11886079380762621,0.7679204181089171,9.698856243777314e-14
8.358059313228742e-15,0.00024166761982186597,1.3368245072103698e-10,4.4130962128350463e-10,1.0368746715024084e-06,1.472188693945782e-07,0.6096573730085159,0.28636403256847165,0.10373574213426552,3.836457678948877e-13
2.331806592376899e-15,0.00013014949813294245,4.4360876462669876e-11,3.665269512142482e-10,7.778878296727774e-07,4.910273155068859e-08,0.06004546413085117,0.09885835767261712,0.8409652012968447,1.0266140942518972e-13
2.5125138126401577e-15,0.00012661657474584718,4.202839980987472e-11,4.858837305417938e-10,4.6989095989447375e-07,5.3381899847462134e-08,0.08862882352700764,0.1235126847989709,0.7877313512983852,1.1598120474298814e-13
9.028520698024447e-16,2.813495371216499e-05,9.554944683893467e-12,1.3406548433160806e-10,2.2081731642635837e-07,1.7927830951538826e-08,0.012437541778603697,0.01899775240834287,0.9685363319705341,3.846567980123144e-14
1.5321347921152874e-15,0.00013779130871970546,4.5631223953357376e-11,3.10881808393599e-10,4.837929924699815e-07,3.4916200845695175e-08,0.11217410496119891,0.12494254979136407,0.7627450348729394,7.003335832281035e-14
6.520072108328703e-16,0.00010280225914566972,3.254105596640588e-11,1.2987461548350084e-10,3.2640293673815636e-07,1.525369935923862e-08,0.07729098103320603,0.07303000921623717,0.8495758656723292,2.933901666917051e-14
3.57708529312447e-15,1.9973096094628104e-05,6.960409993255142e-12,3.2262975543692564e-10,1.4934471740357229e-07,5.033188668620872e-08,0.010674270215547,0.014319634571899763,0.974985922110107,1.537659250128648e-13
2.8171071018681866e-15,9.80133652247183e-05,3.4103452449031997e-11,4.681031167766284e-10,4.425605770980456e-07,5.646602334635345e-08,0.07765661163228361,0.07820489633802295,0.8440399791355322,1.267534934183329e-13
4.464255446131332e-15,9.860668648885514e-05,3.425668617165961e-11,5.931636209299769e-10,4.3366539499570466e-07,7.510113154060377e-08,0.07268608764489104,0.07795421503718512,0.8492605812372886,1.9494069722260483e-13
6.764902378057953e-15,5.530051348630709e-05,1.988626053224424e-11,7.845311595712983e-10,2.04792508595913e-07,1.2341519379611214e-07,0.060473347342608216,0.04072418363053834,0.8987468395009401,3.002746506337623e-13
6.1556310841727034e-15,0.00012937136720288044,4.416539087839116e-11,6.104150993004845e-10,6.703250161140731e-07,9.164892178850021e-08,0.06743453757082246,0.10314610020884885,0.8292892282243415,2.5979966816732984e-13
2.0929980759572325e-15,9.432089186995893e-05,3.176804382492302e-11,3.6622196323820716e-10,4.1024364278216756e-07,4.2238576188687126e-08,0.04191100654344898,0.06647675813799404,0.8915174615463822,9.356088157116617e-14
2.9259401603445582e-15,2.9747217284801888e-05,1.0401586609494522e-11,3.858871764024863e-10,2.0117552918731944e-07,4.966150421860643e-08,0.01713444668201041,0.022124043300166835,0.960711511567086,1.2686903577595196e-13
6.069642995590886e-14,6.02398958453935e-05,2.15390877074155e-11,1.8797664589717028e-09,4.5253900145982754e-07,3.9794196819386125e-07,0.039731776793964564,0.04961760098495383,0.9105895299400231,2.8772419095324377e-12
1.4150235368784556e-14,0.00020831921844494954,7.737260918849444e-11,1.0207733996837697e-09,1.3514909439239164e-06,2.0525937525720725e-07,0.13585198965078377,0.16079721301342925,0.7031409202682585,6.041460096606688e-13
7.069446455034744e-14,6.424831252627976e-05,2.3530857943669455e-11,3.3615650961066347e-09,2.6383818626200216e-07,6.794407230511504e-07,0.07480351956022319,0.052419864763005794,0.8727114206965989,3.569859502280044e-12
4.438478831861451e-14,0.0002776481488860159,1.4205319009204254e-10,1.2048322389969944e-09,1.2559939867118119e-06,5.654996536726709e-07,0.5337537168178733,0.27303077701668393,0.19293603517381724,2.1693290197961384e-12
3.889257534807817e-15,4.7605381006158815e-05,1.671663883861693e-11,5.851076977696342e-10,2.0238989364475662e-07,7.497240566668115e-08,0.04781727257039112,0.039935763168042857,0.9121990809162535,1.787871390406528e-13
1.468226181133833e-14,3.273747416717381e-05,1.1455032238769107e-11,9.462904244356e-10,2.3568462582074885e-07,1.3388731817069765e-07,0.01918935717698855,0.026776948787965254,0.9540005860305565,6.182734015180714e-13
9.958294038514561e-15,3.45411775400392e-05,1.2073199574961324e-11,7.834422204525095e-10,2.1413073606109233e-07,1.0512636214490044e-07,0.02073253989734229,0.028126756392888867,0.9511058424792044,4.0076146757599356e-13
2.9958805046918007e-15,2.2057754358063563e-05,7.641949413923624e-12,2.651747302051923e-10,1.7645015784280015e-07,4.4509546697344114e-08,0.01121776572708742,0.015584970577450128,0.9731749847084522,1.2787110214194983e-13
3.549326116949978e-15,0.00016231879110740772,5.348383165216356e-11,5.256665800681838e-10,7.241502678785009e-07,6.482495657579445e-08,0.09470585646861866,0.16285738007233383,0.742273655113401,1.6049804040855212e-13
2.862813988153542e-15,3.0115839608307855e-05,1.0619338128634964e-11,3.2306261990385153e-10,1.372360699975056e-07,5.1124997548394606e-08,0.02290286689151172,0.019977873228895337,0.9570889553451093,1.2293040255331757e-13
7.634520157644347e-16,2.9767299150424082e-05,1.0276560816920722e-11,1.1861079312363903e-10,1.2084973370779924e-07,1.6540470015055023e-08,0.019388320973078577,0.017559461788131406,0.963022312420515,3.292796728101602e-14
1.4285108950158353e-14,2.8455095628776115e-05,9.950001396061382e-12,7.96192418373985e-10,2.3236787196652152e-07,1.339496561021624e-07,0.015212741278801638,0.02224708101278983,0.9625113554884375,6.576638034364932e-13
1.993037935170758e-14,3.2091450301566564e-05,1.1332023285819875e-11,1.1187127345766604e-09,2.3061174653067462e-07,1.9009943134103242e-07,0.019834656152067833,0.026093671712290396,0.9540391588431668,9.308683893742458e-13
1.192256759755341e-14,3.778020466495788e-05,1.3158310187120622e-11,7.172540476241711e-10,2.6016064735344264e-07,1.1807560874570437e-07,0.020275090550255805,0.02870479425427663,0.9509819560236101,5.121278196327302e-13
1.77607812359358e-15,4.017575059179362e-05,1.3584086435841448e-11,2.4134746475805864e-10,2.4289480960023555e-07,3.142279975228463e-08,0.023231133148743584,0.027288075817769288,0.9494403407102736,7.913771777046518e-14
3.453369848630602e-15,0.00014924036649181555,4.859173192177828e-11,6.245971405825165e-10,6.924821923026634e-07,6.692454792358291e-08,0.09665518367129751,0.21225849599363178,0.690936319888485,1.6118585727738828e-13
2.2422977162693633e-14,0.00028007154588500247,1.1326257637579521e-10,1.3910426471038175e-09,1.1692998052309181e-06,3.445688314574319e-07,0.2937974819479245,0.2844409322388977,0.42147999889330806,1.0202360130867776e-12
5.908491530607809e-14,0.00010088436913914355,3.672971005305356e-11,2.334453499507391e-09,5.79653741995961e-07,4.4331646456653594e-07,0.07256712236756621,0.0889635291320872,0.8383674387873715,2.387038976889178e-12
1.0613429777415408e-15,0.00010139776062754842,3.2761896726630373e-11,2.0926653368033804e-10,2.733010753707308e-07,2.3757922893777382e-08,0.0778603076845798,0.08226019554045702,0.8397778017132608,4.708714310551038e-14
6.674409314338656e-15,3.896381150600879e-05,1.359672228680522e-11,5.58442866085224e-10,2.528315905003995e-07,8.693005731972567e-08,0.021210189860130006,0.029268923375492598,0.9494815826188916,2.855699512362203e-13
1.3770608391552507e-14,7.33964338849578e-05,2.5193491446949762e-11,1.2983519278491673e-09,4.369869102032518e-07,1.7072087679323766e-07,0.048653739409034454,0.06389815114379299,0.8873741039812492,6.922120493901542e-13
1.1993996316093433e-15,0.00039886554688294343,1.213535581325409e-10,1.8574081738322962e-10,1.8211068178593843e-06,2.692275118023689e-08,0.1675775688676214,0.4130150476537299,0.41900666959504757,5.3492651137260905e-14
2.0950047088721362e-14,4.957953490420821e-05,3.352833744139687e-11,1.85247928274186e-10,1.6281424072025193e-07,2.154744670531601e-07,0.9340312095193788,0.04566409237629673,0.020254740060696632,1.2184885267341728e-12
1.8052782987709396e-14,0.00027723941587577867,1.2237749606761059e-10,9.691577970084293e-10,1.017507869231492e-06,2.9687599072757675e-07,0.454016705514426,0.24466544967244752,0.30103928992103396,8.03388504771313e-13
8.563441309066725e-16,6.529093117877823e-05,2.1551454240943e-11,1.556571147817302e-10,2.3247704662738887e-07,1.87021988210504e-08,0.02910259787909202,0.03934390674433729,0.9314879530888993,3.7613580518596183e-14
2.137938005689476e-15,3.5478681358851306e-05,1.2231159596352211e-11,3.0713356357757036e-10,2.0617844362759308e-07,3.660071505776052e-08,0.017972436879722224,0.026427460189931005,0.9555643811503726,8.966010206375449e-14
2.433581844061202e-15,4.370789384647164e-05,1.4989079780724307e-11,3.5101028696435614e-10,2.3497742044004938e-07,4.0438995132446496e-08,0.021550212992115084,0.03348488160768394,0.944920921723836,1.0112448433706532e-13
4.286953815045469e-15,3.99372577685307e-05,1.414151780300449e-11,5.354990299163941e-10,2.7759129421693866e-07,7.312920629771387e-08,0.02387106268787735,0.030080805323638306,0.946007843460383,1.8753239348769545e-13
1.489765655057086e-15,6.908396376154155e-05,2.347556561768847e-11,2.2549088644600268e-10,2.3207393167069504e-07,3.114136213877028e-08,0.05206909616908399,0.044148533399493796,0.9037130230033334,6.533097782992353e-14
1.099814074173568e-15,0.00010297545214300246,3.3775672682040175e-11,2.382989111565699e-10,3.8614802712800837e-07,2.499750052733754e-08,0.07774167591191024,0.09835174042554679,0.8238031967927467,5.001662440868931e-14
2.4840205679823742e-14,5.7254833268231085e-05,2.0857156751792835e-11,1.951917245274751e-09,2.3293420062676404e-07,3.449556369422344e-07,0.06709343527589397,0.045622163685431996,0.8872265663416087,1.1604246508349557e-12
1.1386343704757533e-14,7.253847243269912e-05,2.5872713407548682e-11,1.3095218805363178e-09,2.7374797378668845e-07,1.9398872147897963e-07,0.08349110183152479,0.06130938314696081,0.8551265074764384,5.420107977964806e-13
5.4780455143707895e-15,0.00010576726924922618,3.523319098811671e-11,8.373356020078755e-10,5.225252753122459e-07,9.00110259109101e-08,0.07639199542090498,0.12675577117511624,0.7967458527256028,2.511737466767242e-13
2.003141009370139e-15,6.082099975925049e-05,4.459385414224213e-11,7.744050101189033e-11,1.9797156088525376e-07,3.572013993087122e-08,0.9240803379427871,0.05915335999483493,0.016705247248790824,9.074116604884799e-14
6.2306549527421344e-15,0.00016069277816257088,5.403929059598943e-11,7.450984006166867e-10,7.253364902809121e-07,9.63730025382441e-08,0.09256363297171234,0.1543883504883271,0.7528865012528846,2.76607552999902e-13
3.918377874146966e-15,0.00011763872022412681,4.102975755737367e-11,4.908406946961072e-10,7.711090869370256e-07,7.445789906586084e-08,0.06721329298948235,0.08563202218837501,0.8470362000028857,1.7249595656518715e-13
2.2057127196503264e-15,0.00019324894487723971,6.559063846100313e-11,2.552534021267773e-10,2.1485217043053276e-06,4.4517748226439754e-08,0.06099917319880793,0.10874061417103802,0.8300647703248843,9.367007055825033e-14
7.056315013505588e-15,0.00010939953129749508,3.8097854358264116e-11,1.1246670820622608e-09,5.110760983170671e-07,1.2345295491692286e-07,0.08578352409190473,0.10933116685457654,0.8047752738300571,3.3884565707861877e-13
1.9319190553730545e-15,9.470602920017294e-05,3.302370534455383e-11,3.729685861280793e-10,4.188088165391093e-07,4.232514738706259e-08,0.06654918556975137,0.07136187480922286,0.8619937720517811,8.642374633111482e-14
6.575754004108632e-15,0.00012854018919750235,4.4089670072362035e-11,9.236567213598176e-10,5.241382456139994e-07,1.0849334039411128e-07,0.0873608318728015,0.11571667201986116,0.7967933223184974,3.0348306136276064e-13
2.751622172832056e-14,3.452962663023422e-05,1.2214549582433406e-11,1.3735460387110425e-09,2.5211053139982604e-07,2.3120206637682146e-07,0.023006400146566325,0.028460480302976963,0.9484981052241326,1.3080281189997194e-12
2.04590625441214e-15,0.0001202212287353061,4.007445113996281e-11,3.2569530622916945e-10,4.0477239330920217e-07,4.12228631731622e-08,0.08710093511880225,0.08970163805043811,0.823076759240905,9.118665092420555e-14
4.204058561790234e-15,0.00016153035049863823,5.6147701956899204e-11,4.100914466786189e-10,9.738865195959627e-07,7.236422297807652e-08,0.07816445801067137,0.10657084153826253,0.8151021233834068,1.7475762071483784e-13
1.7027273768297993e-14,5.217944974967614e-05,1.8822200799460232e-11,1.37936048551736e-09,2.1667707210590323e-07,2.3328413335265385e-07,0.05116802080354368,0.04023146029889455,0.9085478880876564,7.504359195162851e-13
2.3480710053590322e-14,6.119309465207491e-05,2.2243284609814154e-11,2.0694242926467992e-09,2.3745065781930996e-07,3.2525447852179127e-07,0.07139137950858981,0.050180987761530675,0.8783658748373259,1.0742592907077203e-12
2.51517211157708e-15,0.00010551842677908416,3.482643589798402e-11,4.582469292130206e-10,3.3616832408622126e-07,4.357432806072526e-08,0.06050713451016934,0.10024536910339535,0.839141597723822,1.0620154214440892e-13
1.5697777283712176e-14,7.538814013417015e-05,2.6682606585724263e-11,1.5256170244941636e-09,2.764516466134269e-07,1.968742892204026e-07,0.07252382281080545,0.06680809455954868,0.8605922196106003,6.601490846334956e-13
1.9151491460473565e-15,3.055066935450773e-05,1.0725575057033804e-11,2.6311706552737817e-10,1.3716320462050616e-07,3.786154388414102e-08,0.02055036250451261,0.020635779741288177,0.9587831317861691,8.254982480705875e-14
8.81203111635718e-15,6.510618223436338e-05,2.348816699321858e-11,9.144356635289508e-10,2.5635975273956257e-07,1.5707688989245521e-07,0.07015141553834837,0.04994970017430342,0.8798333637301523,3.8614087454570776e-13
1.5226020370902984e-14,6.566231901431621e-05,2.280919150967854e-11,1.275212311806144e-09,2.8068556227509767e-07,1.3960636748754242e-07,0.04299921977639484,0.05792503148844135,0.89900966482561,5.730314346368108e-13
5.278576662659691e-15,4.756550726205338e-05,1.6995075665681957e-11,7.090258286093497e-10,1.8292305308218563e-07,9.720945930819526e-08,0.05249315313776088,0.037031293172623124,0.9104277073235832,2.3200464653431284e-13
6.6234357700393186e-15,6.50374932356034e-05,2.326002423420889e-11,8.5500515925493e-10,2.262131189517329e-07,1.2528040436845754e-07,0.07303507788551461,0.04992772455021137,0.8769718076989427,3.0057196243051423e-13
4.294613155826906e-15,3.978962182103304e-05,1.4096482305579295e-11,5.226291055138571e-10,1.6306174031451232e-07,7.236286879103035e-08,0.03682422616027391,0.029435047044520667,0.9337007012118645,1.8075970387262962e-13
2.0165667751700004e-14,6.714277279841866e-05,2.410270088016458e-11,1.6064993102292041e-09,2.677270067331633e-07,2.496111250223706e-07,0.0641191885697416,0.05321481400154596,0.8825983356862571,9.028071651595453e-13
4.140892546257143e-15,6.359628065898171e-05,2.1803722093658098e-11,5.942046949530631e-10,2.4422078670240063e-07,6.661757365358118e-08,0.03789405178088939,0.0485970485388855,0.9134449919450156,1.776215206772007e-13
3.1146158533667314e-90,1.0750359627997218e-118,8.857583620916386e-76,0.0032726824901000632,3.1478853023459313e-111,0.9966523421910524,2.9372132644036355e-09,1.2589183626484027e-97,2.8336112769117242e-81,7.49723816343747e-05
2.356885367609493e-14,5.05395845926541e-05,1.734913792836542e-11,1.2350781973304132e-09,3.3784753751185284e-07,1.7015212306493878e-07,0.027003966962646134,0.03888209464145743,0.9340628895580309,1.1614560915182604e-12
6.705495984668033e-15,6.692766820957962e-05,2.2809009177972804e-11,6.720205528719941e-10,3.8563685327521585e-07,9.16158573551604e-08,0.03926107172687264,0.05038244022180779,0.910289082435253,3.100021373108902e-13
5.372386260643042e-15,2.174815595241177e-05,7.601051332272438e-12,4.388448646120572e-10,1.7390669196025842e-07,7.107108024358434e-08,0.011422446600092352,0.016393294342324612,0.9721622654771693,2.3786773357380073e-13
6.052802721821367e-15,0.00048059848258034124,2.294185447325998e-10,4.916910935738555e-10,2.069160010612665e-06,1.1581148705337551e-07,0.3607844622468772,0.3921080352087194,0.24662471836894817,2.615197518698522e-13
6.8308499931240834e-15,0.00023869268752503946,9.127793712563677e-11,6.670191907477659e-10,8.887304198179311e-07,1.3545309648686206e-07,0.28854012972576915,0.2015434067804022,0.5096767458641828,3.006331467147114e-13
1.815510111686159e-14,0.0001851339383255249,6.855208485056812e-11,1.5109249093254993e-09,7.686429227094465e-07,2.8352083496482685e-07,0.16698324818830435,0.17159506477885728,0.6612354993504196,8.40401055346622e-13
1.5335743015516338e-15,0.00022689875897777514,7.021269073374014e-11,2.3571868213869533e-10,1.1836084468354245e-06,3.321941329520248e-08,0.11767731548652867,0.20068880839656758,0.6814057602240641,6.882541131869122e-14
2.5021578955885664e-15,0.00011992175657720923,3.945251733580384e-11,4.981503025791442e-10,3.9341741191890747e-07,4.654754124756192e-08,0.0797255494384313,0.13518099474824777,0.7849730935540754,1.0983653992006915e-13
4.588598931257991e-14,0.00023188772824032886,1.2870579130820516e-10,9.28662924667339e-10,8.888953744806633e-07,5.352931693492394e-07,0.6345180516180545,0.2407019144038713,0.12454672100144466,2.4307471697828244e-12
1.1920793518694623e-15,8.83884732533342e-05,3.014384682314966e-11,1.6662259670530128e-10,8.19617091591812e-07,2.5259056548680017e-08,0.04566242681693882,0.05656623059865053,0.8976821090381913,5.0314927502601545e-14
5.281395003505796e-15,5.645353623056263e-05,1.9035185027490574e-11,5.834447202404178e-10,2.791199702608568e-07,6.666731400966809e-08,0.03335179050127383,0.04638326005425322,0.9202081495182507,2.2227451795487236e-13
6.187550824022322e-15,2.866279898959665e-05,1.009183362766532e-11,6.058718541055253e-10,1.818543840112323e-07,8.504155077135054e-08,0.0185028030323445,0.022383971223525537,0.9590842954329736,2.6219787334188397e-13
1.1241320468650767e-14,3.714970835064477e-05,1.3040442234793613e-11,7.419333199495146e-10,2.382246937029456e-07,1.194319227805436e-07,0.0244807596324986,0.0275294038311889,0.9479523284158791,4.814209980985972e-13
1.2469920526242898e-14,2.760577420639942e-05,9.693034491230527e-12,7.712446918375263e-10,2.1766364320111835e-07,1.281123534855661e-07,0.01618198628117924,0.021339197042272936,0.9624508643448284,5.66191113022349e-13
1.3828318549213428e-14,7.104906793074395e-05,2.4442657174657607e-11,1.189722925839452e-09,3.1648278242744646e-07,1.219382159191144e-07,0.04196690480298235,0.06543478275813162,0.892526823735271,5.065946753784272e-13
6.32140933767623e-15,4.6502893012721106e-05,1.5835508656432736e-11,6.293321541974155e-10,2.671479236056028e-07,7.49304658606876e-08,0.027302115088370833,0.03715607371117887,0.9354949655836029,2.710261847198962e-13
5.0678745379143875e-15,7.46371890891634e-05,2.549920742387376e-11,6.937509116983671e-10,4.1259573863316806e-07,8.33034550966647e-08,0.04904656046295319,0.06344162898867223,0.8874366767405998,2.3671079443742855e-13
5.802921097425328e-15,6.655945412656426e-05,2.3008989508347995e-11,7.229864554471019e-10,2.3355883200574427e-07,7.91960255993202e-08,0.054846039392108116,0.05819405295966745,0.8868930346930093,2.298485783182516e-13
4.0853851668214177e-14,0.0002539168536149681,1.2468316762408092e-10,1.1778998421290142e-09,1.0674091191047726e-06,5.346523383678597e-07,0.5361995396545399,0.2790627225198357,0.18448221760584643,2.081683871709187e-12
1.5799462479290678e-15,0.0001335183476186241,4.298475808878422e-11,3.230052727408232e-10,3.7552280123882773e-07,3.337913455173499e-08,0.0894136887510133,0.13196473316229612,0.7784876504710742,7.038299727928685e-14
3.904310461906924e-15,4.178184668433308e-05,1.4379364218932748e-11,4.207536602582923e-10,2.7390025221139263e-07,5.8076585844296284e-08,0.0242273011908111,0.028858001222020896,0.9468725833283347,1.7417809788336637e-13
5.04602141644167e-15,0.00012512827825699366,4.259199280466138e-11,7.858498679210487e-10,5.186955167844858e-07,9.254557745370292e-08,0.10129312622035314,0.12373281545344375,0.7748483179781671,2.3783530332221214e-13
3.09525310079156e-15,6.664030960628332e-05,2.2773827365930604e-11,5.888180009983361e-10,3.7421152201613876e-07,5.999306844694114e-08,0.04747106119782854,0.06771961342806973,0.8847422502481647,1.454235826950664e-13
1.126354664918271e-14,5.675441751769183e-05,1.997571152717742e-11,9.076449352359885e-10,3.4270311208756947e-07,1.3118983575984563e-07,0.035899465288497086,0.04465812909500597,0.919385176377924,4.754215285876852e-13
4.820138456133972e-15,5.1117365005603784e-05,1.7638817354866792e-11,6.580481286640411e-10,3.204255656140648e-07,7.91520332857739e-08,0.03734085175553331,0.04704334216103656,0.9155642884649066,2.271893094581255e-13
7.814655145008554e-90,2.6972942132433463e-118,2.222391610211443e-75,0.003429466125245556,7.89812908942962e-111,0.9965672451477826,7.369547287788069e-09,3.1586601118663563e-97,7.10960708690169e-81,3.2813574245564737e-06
8.169162646505436e-16,3.364995020176184e-05,1.1216557480924187e-11,1.2302052466118172e-10,1.8231229147143074e-07,1.6058807415777626e-08,0.019098265220815248,0.02063038783737089,0.9602374984862393,3.594867973083133e-14
4.397923760373144e-14,0.0001769414204044923,9.964164512301161e-11,7.686402231134096e-10,6.665823703136132e-07,5.096036480470444e-07,0.7110228352543864,0.19398780788490577,0.09481123838352878,2.4304462556131647e-12
5.124011696508043e-15,8.03267266049035e-05,2.8226017925419368e-11,6.559398169372298e-10,2.99246576012971e-07,9.857015776030219e-08,0.08784618667887656,0.0678523895616954,0.84422069853169,2.283988750642803e-13
2.9385869857349046e-14,2.2566125978649567e-05,1.5319708472052777e-11,1.0912594226390658e-10,6.724432746642401e-08,2.0790330484962206e-07,0.9700792630992741,0.02011614412076135,0.009781751379249486,2.628876508852498e-12
1.4145467255182315e-14,6.218524411581307e-05,2.2514955334661465e-11,1.4945243253893978e-09,2.2956997314992736e-07,2.3417115015672315e-07,0.07616152995413376,0.050196700102121225,0.8735791194408016,6.509667822462838e-13
5.0276150209174424e-15,3.4705690039657196e-05,1.2274467233171668e-11,5.957166863241211e-10,1.7852594119441025e-07,8.007904697458194e-08,0.02595180612947116,0.02640352778325604,0.9476097011840343,2.1446632872621568e-13
5.3808078252950446e-15,6.407952081289725e-05,2.2721997926827777e-11,7.801656130420908e-10,2.1544491893943726e-07,1.0087733477315431e-07,0.06675876911183672,0.050552936224198305,0.8826238980177662,2.3912301600047857e-13
5.541990110294951e-14,9.567003748679699e-05,3.291318988709621e-11,2.4213341416749764e-09,3.8650905749048677e-07,2.2165632864544721e-07,0.06631891763020874,0.1024213186339964,0.831163483076918,1.7011418200977535e-12
5.318557993457181e-15,0.00010776069452995828,3.605892615111704e-11,7.933429824215997e-10,4.3704515686070815e-07,8.711610415246994e-08,0.05485882536602791,0.08762960351046906,0.8574032854380563,2.485102945536646e-13
8.085890598892517e-15,3.0118800930184888e-05,1.0372759400429572e-11,5.128590301274164e-10,2.115872784938726e-07,8.092986158250635e-08,0.015213044590451912,0.020384546759077707,0.9643719968088069,3.5327389919607364e-13
3.715302127123059e-15,4.665826831272292e-05,1.6632715665042425e-11,4.961521676195618e-10,1.762227138122989e-07,7.308975201758086e-08,0.04336825600567228,0.03272414500841634,0.9238606908921814,1.6291331160281633e-13
5.283361373802058e-15,3.242069872386632e-05,1.1507317474382628e-11,5.403084908253415e-10,1.7471062381162786e-07,8.575352542228408e-08,0.02274936504746954,0.023531867310509602,0.9536860859270961,2.3048143973851686e-13
9.521974245961464e-15,0.00011110842612146382,4.0926116196536874e-11,7.707314446546036e-10,6.05629687047745e-07,1.651259184067812e-07,0.08678598267973647,0.07883948027468328,0.8342626570517853,4.0103025138725626e-13
3.697878576493379e-15,3.244275705672315e-05,1.1108597891255733e-11,3.2138476473209787e-10,1.9449438975670766e-07,4.976577383515226e-08,0.017392955512297262,0.020519640485544187,0.9620547166522811,1.600021323712313e-13
1.7891068092064665e-15,3.80438163076438e-05,1.3278319006639375e-11,2.8689809503192044e-10,2.328698007226198e-07,3.445976109924852e-08,0.02217972060393972,0.02761551384373008,0.9501664541062057,7.676817690604327e-14
2.569510603369199e-15,0.0002044861165091956,6.669492654191766e-11,4.3166468492573363e-10,1.0074289048072863e-06,5.439232605101429e-08,0.13721697773759464,0.2729395160712584,0.5896379577549254,1.1923820308688214e-13
1.3241199637381066e-14,4.3337850017019366e-05,1.5585011842411347e-11,1.1825215910302165e-09,2.1192389612674528e-07,1.913000676292067e-07,0.043067314791676733,0.033975661384796435,0.922913281550825,6.0126554259759e-13
5.773419657417544e-15,0.00010719331093575214,3.746235064131142e-11,8.746644909406199e-10,4.954206189665807e-07,9.725181241517908e-08,0.07155852563189746,0.09908905718655321,0.829244630285802,2.475898129344192e-13
3.505760217812816e-14,0.000256946791372058,1.1791808871546473e-10,1.3209604889210563e-09,9.29236358717251e-07,4.988334895141938e-07,0.4927124181994338,0.25050502033964317,0.2565241851591427,1.6464097676480742e-12
3.3118243082416526e-15,5.6195807482288404e-05,1.9632674614843853e-11,5.460777046982031e-10,3.101297811735808e-07,5.931321149165661e-08,0.037150663349384216,0.04553805400183684,0.9172547168324462,1.4390081506000367e-13
5.274730594443212e-15,0.00018931473260284438,6.9370888683948e-11,6.001884131220936e-10,1.2462159100925527e-06,1.0233335791711357e-07,0.1471696532900527,0.16610223789037945,0.6865374448679055,2.2699754783912107e-13
5.253055855064839e-15,9.022347537957333e-05,3.0160446571854574e-11,6.207370448475089e-10,3.9192918559330264e-07,6.822969534496399e-08,0.043338203684867446,0.0837851700356694,0.8727859419940954,2.0443563968088573e-13
3.671450489589997e-15,5.79509092664483e-05,2.0352451205535363e-11,3.904387789213147e-10,2.784832020750714e-07,6.756461269563585e-08,0.038811422168697644,0.03988556960444884,0.9212447108588209,1.5638531588633745e-13
2.497696692179616e-15,6.718852884219666e-05,2.3161300079388063e-11,4.747297809808793e-10,3.68866405791686e-07,5.0926144160009297e-08,0.05080514235884884,0.06177335055305822,0.8873538982686922,1.1516449959807255e-13
5.330369389430647e-15,0.00025070125724121854,9.095384524860326e-11,5.962421031822686e-10,1.8731983500707665e-06,1.0102429941539376e-07,0.174504996824905,0.2648750133050727,0.5603673137026914,2.389474563730297e-13
1.7832049892994046e-14,6.495893479783765e-05,4.328783001198203e-11,2.1787902118935614e-10,2.2221198300342317e-07,2.0708674157628026e-07,0.9127427755327189,0.06063613089119707,0.026555705080434096,9.430073657908578e-13
8.874573155174682e-16,6.748843135357633e-05,2.30557996768957e-11,1.602842201348858e-10,3.094578449610513e-07,1.9924683107721395e-08,0.04590866835108502,0.042138699126629514,0.9118848145250239,3.9087900136308115e-14
1.1739814285304071e-14,0.00016364707303973596,5.689394315099565e-11,1.4560698988408738e-09,9.765815382873719e-07,1.9158682698680528e-07,0.11545649038846476,0.21700817151846327,0.6673705213381039,5.874175428747809e-13
2.2339365138263944e-14,0.0001034280935952416,3.563328767376999e-11,1.682780909187555e-09,4.4428209156645193e-07,2.066237520675758e-07,0.07046599157107024,0.09480788251245183,0.8346220451976063,9.962685351646295e-13
2.291578015329994e-15,0.00012036916448873475,4.0141508583370834e-11,4.820806635748201e-10,4.365162786292448e-07,4.629342427492935e-08,0.08372565813343569,0.12985023135460544,0.7863032580154397,1.0323215092484227e-13
5.438358717071583e-15,5.243361478315069e-05,1.868494439038209e-11,6.09898664997942e-10,2.0508429804665236e-07,9.723643613993142e-08,0.04784329597372107,0.037387606189014155,0.91471636127292,2.382685685161658e-13
5.232074952308101e-15,5.2778471394770666e-05,1.825268839680942e-11,6.527209650905275e-10,2.854637967240715e-07,7.223719374135146e-08,0.02867041622410771,0.043690884008262994,0.927585562924052,2.1327381499262395e-13
3.1092877785308397e-15,5.7951846295809596e-05,1.9364043576083307e-11,4.2638297597803333e-10,2.713891501088619e-07,4.853999931375071e-08,0.03623646607328407,0.048593639631968076,0.9151116220734172,1.3534228953764182e-13
1.9902195201811445e-15,7.584021714230292e-05,2.6264068102921244e-11,3.465357651416793e-10,3.7223829786681235e-07,4.125349180825772e-08,0.05716106183053077,0.05806826568427375,0.8846944184033727,8.908550385537302e-14
6.608290867961591e-14,0.00022039247568031125,1.175838724442557e-10,1.1321080335314216e-09,8.694852879486261e-07,7.208898450957253e-07,0.6285230618418725,0.23275693734228167,0.13849801671151238,3.7622348989970405e-12
2.196475017406758e-15,8.324315477532762e-05,2.7858657959559488e-11,3.3111502654691254e-10,4.313222759351095e-07,3.935999412693966e-08,0.038932378794236396,0.06862596125742772,0.8923579457522233,9.136401335000665e-14
2.9399023761609953e-15,0.00015717316817068602,5.432894931160522e-11,3.578188658367213e-10,9.246490670759242e-07,5.8196343674390315e-08,0.11105976264522685,0.12247431702735027,0.7663077639015627,1.2789967970913577e-13
6.046821257824692e-14,9.353751303566074e-05,5.731685905094449e-11,4.527548068045691e-10,3.1355775393018475e-07,5.403511033138728e-07,0.8639885468137788,0.08910220414270535,0.046814857107453214,4.037775866619982e-12
2.273293003112626e-15,0.0001147915157191286,3.8403236446552147e-11,4.1791685899895384e-10,4.750245365738838e-07,4.946007035391456e-08,0.08455274714977208,0.10275703523635485,0.8125749011571198,1.0488202385266275e-13
1.501528463693054e-15,7.87131349713489e-05,2.660743040733748e-11,2.4285105429284587e-10,4.7322243983881943e-07,3.084539056007292e-08,0.036842116223146974,0.05736912781391019,0.9057095384906168,6.432719457832748e-14
1.0208861488348841e-14,0.00017309572089003287,1.0417955215070896e-10,3.666811941835441e-10,6.68384571253948e-07,1.623125114850856e-07,0.7389249564621064,0.19337013879205822,0.06753097785650496,4.865795054051476e-13
1.3434553826383828e-14,0.0002818029249015532,1.3798612942226406e-10,6.583391086729681e-10,1.1603646713281465e-06,2.1848778361268675e-07,0.5373434458384784,0.2828803822030556,0.17949298938416552,6.052690801780969e-13
1.838375700686031e-15,0.00042541578614528494,2.0000670484841465e-10,1.8008502865293305e-10,1.8647917970282e-06,3.7713737836468086e-08,0.4022555222262135,0.47156504823422135,0.12575211086771057,8.092704422861927e-14
6.512163319700108e-15,7.026371265205563e-05,2.4654672748227896e-11,7.20220745026137e-10,5.72301359161996e-07,1.0604290625370619e-07,0.049684254353288645,0.06113109526313715,0.8891137075814805,2.943260185032401e-13
5.132098300329171e-15,0.00011392260123908772,3.9041742677806915e-11,8.573700051410653e-10,5.322332616348205e-07,1.0079089769437278e-07,0.10030662887952319,0.11689922983858009,0.7826795847598325,2.489698750848302e-13
3.4999282446327142e-15,0.00013315967220178113,4.589325141207248e-11,7.103606682990944e-10,5.114956018580883e-07,7.268202686195498e-08,0.10694872947065655,0.1355034520763941,0.757414073846699,1.6241788111309703e-13
7.086070449835646e-14,0.00010688346039322468,4.0090141758667573e-11,2.6419189616675376e-09,5.378660566113813e-07,7.276436282760382e-07,0.10462156419926101,0.08756483795259437,0.8077054461927291,3.257426159713106e-12
9.885698630827568e-16,0.00034257480178165653,1.0321532787356619e-10,1.74679692375379e-10,1.376267339406167e-06,2.175125361945488e-08,0.10973325042736758,0.33104251867470114,0.558880257799618,4.2625125468788707e-14
1.167565313178579e-14,4.35064557879331e-05,1.5369670316396663e-11,8.150562110344976e-10,2.3508054500068353e-07,1.3586496244852962e-07,0.029451810605151344,0.03284300052692566,0.937661310635696,4.94046541550381e-13
1.9835423233250813e-14,0.00020456151756358403,7.170608409918313e-11,1.6030250608642417e-09,1.0732543001668706e-06,2.390955336141306e-07,0.09993980777548905,0.18794923626940097,0.7119050804120187,9.42845642515188e-13
1.9835423233250813e-14,0.00020456151756358403,7.170608409918313e-11,1.6030250608642417e-09,1.0732543001668706e-06,2.390955336141306e-07,0.09993980777548905,0.18794923626940097,0.7119050804120187,9.42845642515188e-13
3.978605890365196e-16,5.182386648997792e-05,1.711606443563599e-11,7.183425776017042e-11,2.173569469482033e-07,9.260523369894394e-09,0.0255181921251945,0.02612712488226236,0.9483026324196148,1.7368951476049475e-14
8.287876246390656e-15,0.00011843728799980485,7.79075212109946e-11,2.515640872150283e-10,4.6376520680397107e-07,1.3177360861413828e-07,0.8356235345635639,0.12128263700464292,0.042974795275107315,3.9081241343181266e-13
1.942769554654169e-15,8.812686568509272e-05,2.957672010222126e-11,2.635812011517113e-10,4.900349420630746e-07,3.674501361767893e-08,0.041274636816888664,0.059371550394838664,0.8992651588493887,8.327943378080162e-14
6.597040311561762e-15,8.810548504185471e-05,3.049045530562246e-11,8.399491280555557e-10,4.589075975526485e-07,1.0613211582242927e-07,0.06579250224949956,0.07731558654528624,0.8568032398097037,3.089906170165052e-13
1.6942572964634243e-15,7.376111066796332e-05,2.4343671385467028e-11,2.7770415811562627e-10,3.455270409935365e-07,3.333221345583739e-08,0.04601955131967962,0.05641549015721306,0.897490818251059,7.642080487050544e-14
7.460197483348042e-15,4.5333119629031346e-05,1.542092737801615e-11,7.059041756826618e-10,2.8897792501963616e-07,9.214754965791076e-08,0.0262807076929226,0.03681253679928615,0.9368610405409977,3.5737509868483486e-13
4.611891158285484e-14,0.000273932230207053,1.3529350147335253e-10,1.163920611828494e-09,1.1235353031307029e-06,5.689424309175037e-07,0.5419099571935283,0.24239053239222144,0.2154238844048596,2.189412873450083e-12
9.83373984945474e-14,0.0003003280988860826,1.2815067309627207e-10,2.300837684042416e-09,1.6411274233003368e-06,8.7958052282642e-07,0.2956603151883275,0.2711846725965931,0.43285216097407403,5.086473270272416e-12
4.77229188936403e-15,0.00027327265899150413,1.007465344357804e-10,5.564273609519409e-10,1.731273846861044e-06,9.342899581818035e-08,0.20172147995317777,0.4333649312103994,0.36463849081718863,2.2135945841336954e-13
1.293191120408407e-15,3.104429752380371e-05,1.0658200545614298e-11,1.9579600037277194e-10,1.824744821550716e-07,2.3772193182036858e-08,0.019648901990615517,0.021835629812466253,0.9584842174462087,5.496398143649246e-14
1.0145344862130055e-15,3.3151710282244616e-05,1.1234107632240583e-11,1.5509333157922877e-10,1.9798274881755016e-07,2.0651545106580666e-08,0.014631125301529884,0.02238167370194995,0.9629538304855714,4.4120091553876055e-14
9.946904643124885e-15,9.989812134119977e-05,3.425609256139359e-11,1.423296126438971e-09,6.490381427269499e-07,1.5901432532204027e-07,0.06730304177595586,0.12429082738094208,0.8083054232112262,5.045872188827583e-13
7.679311182362608e-15,3.85249256117932e-05,1.3664944059374303e-11,7.826848921593543e-10,2.0224110722491534e-07,1.1675839143700073e-07,0.03473293727195294,0.030148402761231638,0.9350798152449985,3.4907908373641413e-13
4.131675511720555e-91,1.426082692322169e-119,1.1749975940049975e-76,0.003730438595323587,4.175808905406074e-112,0.9962230392546801,3.8963432170314895e-10,1.6700108183766105e-98,3.758910528210449e-82,4.652176036182074e-05
1.4438969810123943e-14,0.00020870711710121393,7.608434006854442e-11,1.346773939524222e-09,1.0915460093405432e-06,2.4039919713848195e-07,0.18436288604356132,0.2560508519438272,0.559376221526722,7.09079181440175e-13
5.3407341948139996e-15,0.00016287518706187447,5.6275966925895005e-11,6.475727196753012e-10,7.524429774565991e-07,1.0539860284034179e-07,0.13654475222394646,0.15430782273646512,0.7089836913068479,2.442798184703582e-13
2.7456299603624504e-15,0.00012423627920490565,4.102696814644639e-11,5.673015643551996e-10,4.6912907905194484e-07,5.7005464405245327e-08,0.09466356603317087,0.14576130410091498,0.7594503668437053,1.2937155960810272e-13
2.718901125837282e-14,6.847584551996312e-05,2.479856645078428e-11,2.42173449501757e-09,2.626120623945512e-07,3.698698097072978e-07,0.0817119400686862,0.05899529650135784,0.8592236526546968,1.306904244722816e-12
1.6874607423945206e-14,8.830723952681919e-05,3.014499060475189e-11,2.0302036600650706e-09,4.855757286681867e-07,2.02717533701998e-07,0.05260767158360026,0.090208647304782,0.857094683517561,9.021797068965954e-13
2.0364221279889972e-15,0.00012729230598133756,4.309657643337581e-11,3.9947782043664854e-10,4.484341744478564e-07,4.28733792378854e-08,0.09165837488302739,0.11414520507030035,0.7940686359904708,9.005212287267673e-14
1.8011342254886044e-15,0.0001170224039800022,3.889748328361805e-11,3.425472726653636e-10,4.397354063506289e-07,3.875592943714301e-08,0.07143230011303377,0.10004201131211816,0.8284081872980051,8.055312158118903e-14
8.313639234365481e-15,5.523713788939818e-05,1.9782675722215336e-11,9.123770379115272e-10,2.2381730214736328e-07,1.439316623400875e-07,0.059923159396597744,0.04337917569387872,0.8966420590901298,3.7173588135144326e-13
1.0612867053209674e-14,7.389425774172132e-05,2.5716051138743684e-11,1.0080293128026016e-09,3.7233908733205034e-07,1.266637325611838e-07,0.04859931488366436,0.06003867245132075,0.8912876183702411,4.56331113599897e-13
