i = 0,i = 1,i = 2,i = 3,i = 4,i = 5,i = 6,i = 7,i = 8,i = 9
1.7053152120018735e-10,3.2530799563382123e-07,0.01956384063972427,3.001789607892616e-17,3.5800369315720964e-10,0.9804282807723056,3.2805726770144545e-12,6.793282082504385e-09,7.545954505426191e-06,3.7112256104783345e-13
1.787195675778675e-10,3.5140219293301044e-07,0.021734060866289272,3.242238038765538e-17,3.8668191306521095e-10,0.978257468951292,3.5433521044581386e-12,7.338252371350298e-09,8.110872654402285e-06,3.7408239700300436e-13
1.736704282602288e-10,4.067064002220338e-07,0.0246783041209052,3.752429674751554e-17,4.475312164495359e-10,0.9753130667354186,4.100926405296894e-12,8.498309941296974e-09,8.213313269645531e-06,3.939393029894346e-13
2.0875856642547723e-10,3.6086699083968665e-07,0.02162132038362126,3.3298978589641667e-17,3.9713262837009963e-10,0.9783696895950212,3.639153092094687e-12,7.525534704964481e-09,8.621018874284967e-06,4.272856794286282e-13
3.0422397677037065e-10,6.390014352640723e-07,0.03269863737244962,5.897749204199397e-17,7.033701836932346e-10,0.9672903291884725,6.445486662740893e-12,1.3292502103954248e-08,1.0380130506140004e-05,5.946465335131336e-13
8.400298544711513e-09,2.479050454045802e-77,0.9997004712243661,2.43003235707524e-58,6.715982333521621e-63,1.9032433139818238e-66,8.187983961820621e-76,4.3957027600135926e-58,0.0002995203607693634,1.4566269847787103e-11
3.4206419027351803e-10,1.0718011615771468e-06,0.04706140424601022,9.892543303915634e-17,1.1797922460754716e-09,0.9529249077602863,1.0811286425221808e-11,2.2272036440939085e-08,1.2592387166820097e-05,6.708366700823391e-13
1.971639735699758e-10,4.624529182242239e-07,0.021333400559834764,4.2678050490303465e-17,5.08981754384885e-10,0.9786586237222555,4.664165867453537e-12,9.616883639763977e-09,7.5029368401873014e-06,4.57557064470806e-13
3.2701984100518707e-10,5.407717597985573e-07,0.02780655397753239,4.990760800728577e-17,5.952020474415063e-10,0.9721795541961147,5.454264171986784e-12,1.1250846686048583e-08,1.3338875509601813e-05,5.607092138730678e-13
2.959826741386991e-10,6.47279719292453e-07,0.029532911337853848,5.974167889228493e-17,7.124778156804131e-10,0.9704538553066021,6.5290025268875365e-12,1.3440854807814198e-08,1.2571619427879593e-05,5.524434309262886e-13
1.4249585989284505e-10,2.076986838394302e-07,0.013357766490404321,1.9165216538516533e-17,2.2856900778900842e-10,0.9866369778637761,2.094513405157689e-12,4.330931956578067e-09,5.0432427343966855e-06,3.100912434035353e-13
2.172763997333489e-10,3.524144436381239e-07,0.020442517019207528,3.252154277144325e-17,3.8785611667403386e-10,0.9795489991951679,3.5541892855272577e-12,7.337881388230206e-09,8.123424175984098e-06,4.368024858984053e-13
2.066934694320708e-10,2.926723446937749e-07,0.018059621455341044,2.700690505263389e-17,3.2208991564768734e-10,0.9819329438768714,2.951509811556874e-12,6.098507989773742e-09,7.135364794868375e-06,4.0504369328837654e-13
2.137825344137654e-10,4.871863793537521e-07,0.028112658687086015,4.4954568090844e-17,5.36141120182755e-10,0.9718789058778998,4.912960168090509e-12,1.0158151609736365e-08,7.937335159149918e-06,4.873362028984241e-13
1.6869334346087904e-10,3.6547603341363787e-07,0.020447409439150365,3.372653944123399e-17,4.0223266414540403e-10,0.9795446971171797,3.685880031964752e-12,7.627916450715579e-09,7.519764721522326e-06,3.8676425762031737e-13
1.7951068715005943e-10,2.307522267464975e-07,0.014900773139758069,2.1293740797840846e-17,2.5395420812998077e-10,0.9850924755426068,2.3271339226843372e-12,4.8129296042028085e-09,6.515316335109441e-06,3.517167599991549e-13
1.393751226698028e-10,4.239048713111873e-07,0.01905108459992567,3.912203908729761e-17,4.665702272762606e-10,0.9809435789277032,4.2755392362365625e-12,8.819423594607393e-09,4.903137432788497e-06,4.223635031672757e-13
1.4715057560770383e-10,2.35504846941156e-07,0.015114742636386218,2.1730665259548724e-17,2.59166727781255e-10,0.984879405089468,2.374884186577414e-12,4.9158250624618445e-09,5.611444451163878e-06,3.3033472465452564e-13
2.0183313075308286e-10,3.0444928956158763e-07,0.019032385899501136,2.8094900870677025e-17,3.350653953053239e-10,0.9809596055733772,3.070413859437382e-12,6.346077562537599e-09,7.697191376769063e-06,4.0894381273208394e-13
1.3628734814612192e-10,2.3542085091643138e-07,0.015302586258598313,2.172119979266283e-17,2.5905590448391456e-10,0.9846914041564597,2.3738497320953286e-12,4.9190136466821904e-09,5.768847050356092e-06,3.100250023320117e-13
1.4754872975468625e-10,1.991416630414251e-07,0.013131205008405467,1.8376311267402528e-17,2.191604265822728e-10,0.9868632769698124,2.008296134165798e-12,4.1541820926240334e-09,5.314356910282838e-06,3.091099525750966e-13
9.037750507997128e-11,1.1765639615775069e-07,0.008074336218393841,1.0856388574368861e-17,1.2947653657855643e-10,0.991922418976873,1.1864646222966122e-12,2.4559170123256064e-09,3.1244711764488884e-06,2.0312481234678998e-13
1.966631035279838e-10,6.499774302392431e-07,0.034279949810657226,5.997299854009638e-17,7.152615962676647e-10,0.9657095603221866,6.5542828130619e-12,1.3573121331454242e-08,9.82539766664971e-06,4.590641402319936e-13
1.9336826641807788e-10,2.8855425054771224e-07,0.017608984467014713,2.6626396828444603e-17,3.175537720771054e-10,0.982382953892412,2.909925122591475e-12,6.018207337812732e-09,7.766553908691865e-06,3.742663510330979e-13
2.1754060319050985e-10,3.7994677092796816e-07,0.020570404542672276,3.5061545993315147e-17,4.181522180583174e-10,0.9794200448395856,3.831779198754209e-12,7.916708147513318e-09,9.162114316893203e-06,4.2187370574151234e-13
2.455875427109246e-10,5.150966856390291e-07,0.028535971120629253,4.753183565986701e-17,5.668770720690269e-10,0.9714548955737163,5.1946225978773655e-12,1.0734926096390537e-08,8.60665586382171e-06,5.196644638417382e-13
1.912553702320465e-10,4.262438353370049e-07,0.021654866355478784,3.933363280068199e-17,4.691020359837082e-10,0.9783367198751292,4.29866372693303e-12,8.87890523718472e-09,7.9779815717898e-06,4.2351092659104653e-13
2.0083686716668618e-10,2.8791353264617284e-07,0.01782527796911441,2.6567309235394494e-17,3.168486339448383e-10,0.9821664599155082,2.9034676029811478e-12,6.0050483269271074e-09,7.967675811890304e-06,3.9559897056681695e-13
2.199409552808844e-10,4.778757600380489e-07,0.027772646293690813,4.409347760616476e-17,5.258754848843929e-10,0.972215876563301,4.8188539759133085e-12,9.977782881184317e-09,1.0988538377345584e-05,4.529551923589639e-13
2.7846154460772313e-10,2.306519738983547e-06,0.06686621918384521,2.1286786239922328e-16,2.5386883240773697e-09,0.933115111063908,2.3263738761579004e-11,4.7868598585408214e-08,1.6312522894359125e-05,6.00972198812028e-13
1.7031654026390097e-10,4.768854591777358e-07,0.022954354213878352,4.400708667009436e-17,5.248375488689526e-10,0.9770381611857051,4.809412549394059e-12,9.935834567655556e-09,6.997078744960376e-06,4.1410670768371636e-13
4.3905123895121247e-10,2.4762976594568887e-06,0.06971435998807368,2.287046249685092e-16,2.727420679546233e-09,0.9302659799055166,2.4994494610824023e-11,5.102375076186486e-08,1.712959274311131e-05,7.898412309060228e-13
1.9889870464390627e-10,9.610419739348505e-07,0.03039210533740982,8.870561631195872e-17,1.0578817587909449e-09,0.9695992093279548,9.694390979921713e-12,1.9915467825503606e-08,7.703110149593442e-06,5.688094311905814e-13
2.5940427148881447e-10,4.4236669598273523e-07,0.025910135984762873,4.082180858488674e-17,4.868495300374606e-10,0.9740796187579758,4.461302334086704e-12,9.217308451413877e-09,9.792922053596319e-06,4.88088489282299e-13
2.8488473461791825e-10,1.2990921978231817e-06,0.04867022294026924,1.1991085654027612e-16,1.4300724913512723e-09,0.9513113812027386,1.3104725201876121e-11,2.7021886739836807e-08,1.7068014263305496e-05,5.822971872686816e-13
2.8090689549008666e-10,9.464518719536671e-07,0.03839900108523073,8.736317833745787e-17,1.0419036058430638e-09,0.961584998360924,9.547679650434635e-12,1.9691348084375893e-08,1.5033077696124916e-05,5.707554746718324e-13
1.7392743076047076e-10,5.476539085761966e-07,0.030486827663658376,5.0526931203873185e-17,6.026074202697933e-10,0.9695042949464966,5.521948292184651e-12,1.1441879072246982e-08,8.317511578970284e-06,4.215397415763279e-13
2.2844005356360025e-10,3.459515821427265e-07,0.01968307605996157,3.1924777400628214e-17,3.8074035008120595e-10,0.980307639542564,3.4889704519268588e-12,7.204376896039875e-09,8.930628420395713e-06,4.2544353485647664e-13
1.7014314467171613e-10,3.9592423437482825e-07,0.02290516265154092,3.6532984780555867e-17,4.357043967704155e-10,0.9770879744637181,3.9925886661060875e-12,8.26375442422385e-09,6.458086502847339e-06,4.091472211328216e-13
1.0655914830288648e-10,1.703611629861441e-07,0.011449507841881689,1.5717961217972423e-17,1.8745893531815693e-10,0.9885464501165537,1.717772424330566e-12,3.5593006993970156e-09,3.867825107472988e-06,2.575633011774572e-13
2.527707364267698e-10,1.3969189690346166e-06,0.05637833999689979,1.2889962948129e-16,1.5372994183038252e-09,0.9436052834909832,1.4087083295061481e-11,2.9108034189562684e-08,1.4948680401307983e-05,5.549953830020351e-13
2.7977808593526633e-10,1.5524707789731124e-06,0.06215454070945588,1.4324991123750622e-16,1.708452414798139e-09,0.9378272684941537,1.565538581995541e-11,3.2339294216715706e-08,1.6603981839530082e-05,5.918350608826364e-13
2.3997081681505725e-10,1.0636930268202688e-06,0.04321223236249329,9.815887612894851e-17,1.1706677680440459e-09,0.9567739215718422,1.072751154966998e-11,2.2144506770096877e-08,1.275880623156339e-05,5.332113537766727e-13
1.6574992451186637e-10,3.318783332867911e-07,0.019143771142880805,3.062517729305848e-17,3.6524280107959905e-10,0.9808489340886813,3.346940757674602e-12,6.921481885532988e-09,6.95543392502537e-06,3.578879771328435e-13
2.7218363556658465e-10,3.876614805694099e-07,0.022376824162736227,3.577808902405751e-17,4.2669195935943826e-10,0.9776121781643704,3.910088200191187e-12,8.067658158866722e-09,1.060124048932563e-05,4.793537108986607e-13
2.1211232156524293e-10,6.418506698914865e-07,0.027925873946600413,5.924098467125511e-17,7.065051973840517e-10,0.9720657461864735,6.474283042537698e-12,1.3334404726522824e-08,7.723756217210242e-06,5.423400320113749e-13
3.3258068072525757e-10,1.6925693057255248e-06,0.04816512738669538,1.5629305145594998e-16,1.8639083698820995e-09,0.9518161339509327,1.7080834440300383e-11,3.5008281458146627e-08,1.7008870544173458e-05,6.707074471008474e-13
1.2574766078737702e-10,1.6129179701341106e-07,0.010563253565426221,1.488373063469273e-17,1.775070762897072e-10,0.9894323912074889,1.6266016752610544e-12,3.3646590166154557e-09,4.190265470550688e-06,2.76982752720321e-13
2.1903852017890784e-10,7.028577611752933e-07,0.034441576483728496,6.485313010886272e-17,7.734621959777244e-10,0.9655467271375815,7.0876188681415986e-12,1.4657641998358488e-08,1.0977863208306878e-05,4.900607152964457e-13
2.8814343557752246e-10,1.0930565702799376e-06,0.04568813131683467,1.0089747195396842e-16,1.2032879064489135e-09,0.9542963947592318,1.102680509404605e-11,2.2678807064193234e-08,1.4356685522391671e-05,5.757969873273682e-13
8.739792121707144e-11,1.3500504422864356e-07,0.008981813902459482,1.2456968583127296e-17,1.4856545718675013e-10,0.9910150488887443,1.3613875760358235e-12,2.817446297897764e-09,2.9991487631918375e-06,2.1801280581829886e-13
1.5333413378781245e-10,1.8050199175147557e-06,0.030542241659904976,1.6666744874230717e-16,1.9875096250339274e-09,0.9694503209103995,1.8214623578997756e-11,3.709164183141767e-08,5.593158484100125e-06,5.934855344761655e-13
1.6219902297085212e-10,4.7188381742533256e-07,0.021457480323892837,4.354598481231147e-17,5.193336869726626e-10,0.9785365568549153,4.759020004573527e-12,9.817226507642041e-09,5.480433398142165e-06,4.583235840779982e-13
1.3176589978192292e-10,1.7447647827454484e-07,0.011570094351377807,1.6098838785182893e-17,1.920000058986292e-10,0.9884249862649225,1.7593974779372742e-12,3.642158721284845e-09,4.740939251700894e-06,2.858094008916299e-13
2.05362479297353e-10,3.6239421745463625e-07,0.020593598244434023,3.344209951624308e-17,3.988400478255742e-10,0.979396792782199,3.6547943806724404e-12,7.560995661999929e-09,9.238409874678726e-06,4.219894413849465e-13
2.1633726490122493e-10,3.6251327817910497e-07,0.019891253979677132,3.3455347768216626e-17,3.9899618314045774e-10,0.9800988687454405,3.6562422449071595e-12,7.558895600801978e-09,9.50658328495938e-06,4.339639316010047e-13
2.0976622926060804e-10,5.039824497728616e-07,0.028867518506166374,4.65043847581139e-17,5.54628226738161e-10,0.9711217452533252,5.082335337504844e-12,1.0523558437789753e-08,1.0220964570667671e-05,4.5281323276004185e-13
1.2048418062744394e-10,1.9972250491344972e-07,0.012811184447788828,1.8427847774411932e-17,2.1977692565284893e-10,0.9871843240936456,2.0139284163726177e-12,4.168812587536949e-09,4.287224685508085e-06,2.8726833008975554e-13
1.6219812107891607e-10,1.7841991232078702e-07,0.011836548661262731,1.6464132589859376e-17,1.9635529668909414e-10,0.9881574546727204,1.7993194254640438e-12,3.721595088154142e-09,5.814163856717792e-06,2.99940397635686e-13
3.6811556845730917e-10,1.2073046783138061e-06,0.05066862040570473,1.1143945978633423e-16,1.3290291937672973e-09,0.9493162828022491,1.2178909726378474e-11,2.5067512177600104e-08,1.3862709837957965e-05,6.938762513915037e-13
3.0693957803829337e-10,7.51484398259282e-07,0.03801863974047422,6.935449477120997e-17,8.271280919719935e-10,0.9619692120255243,7.579560534764911e-12,1.5625389445240974e-08,1.137998196142995e-05,6.048716302188044e-13
2.8385489181275067e-10,5.283950255041098e-07,0.026849559104732357,4.877419057476737e-17,5.816792441793035e-10,0.9731379230276633,5.3303961217790865e-12,1.0983372268585195e-08,1.1977617820989108e-05,5.20991437358562e-13
9.686053594908529e-11,3.4194645347664986e-07,0.01474604838039286,3.155397798190734e-17,3.763153437924215e-10,0.9852503621590614,3.4484468113250034e-12,7.1179739553335915e-09,3.2399191415117663e-06,3.5254910196963657e-13
2.694838089701225e-10,4.692612467939732e-07,0.023600256588771486,4.3307271255080276e-17,5.164865278871216e-10,0.9763881575899498,4.732931660927783e-12,9.759363282110489e-09,1.1106009476909156e-05,4.884739797774232e-13
1.505373876409356e-10,3.070660080571206e-07,0.0182887033319938,2.833470181435346e-17,3.3792755756781203e-10,0.9817050701802774,3.096621040490877e-12,6.407462041395707e-09,5.912522344507257e-06,3.526460250651605e-13
6.685132028740933e-11,1.3622951184033524e-07,0.008761219982642862,1.2569221540068876e-17,1.499052700563659e-10,0.9912361571670547,1.3736553906968285e-12,2.8462739982361874e-09,2.4835561964308117e-06,1.9003428722964086e-13
3.4484005892041456e-10,5.764086911589259e-07,0.0305996026577077,5.319759529044975e-17,6.344383671062091e-10,0.9693841998985236,5.813817766466094e-12,1.1988185693699591e-08,1.5608061243763255e-05,5.556680064159415e-13
1.7977970484366884e-10,2.281899665019254e-07,0.01479264853988859,2.1056153931090622e-17,2.5112188827589995e-10,0.9852002165005969,2.3011687125576785e-12,4.762045286059999e-09,6.9015739561790485e-06,3.435843217880624e-13
2.928117061843385e-10,5.315268296154309e-07,0.027486364557970704,4.9053560912015155e-17,5.85017777360205e-10,0.9725004851174552,5.3609277333154106e-12,1.1056601731312632e-08,1.2606857428391923e-05,5.239245817815234e-13
2.8901938942602875e-10,1.8482233248475999e-06,0.06734010053102157,1.7054383063596798e-16,2.0339673078191267e-09,0.932639878683292,1.8638262631863574e-11,3.847430869365881e-08,1.8131745831069928e-05,5.969286563921511e-13
1.488682825628579e-10,2.3401543265065908e-07,0.014434220518082852,2.1593185115551377e-17,2.5752647680498466e-10,0.9855600020865722,2.359859362517307e-12,4.8806537782095584e-09,5.538090179871131e-06,3.237747031609186e-13
1.0939655639299221e-10,2.3573165910074762e-07,0.013508690153400518,2.175020240904068e-17,2.594006761445492e-10,0.9864868819971274,2.3770193475717208e-12,4.920002530066058e-09,4.186826351906214e-06,2.8419838254444614e-13
3.1261599010521787e-10,9.887603779063461e-07,0.042824450826500694,9.126666449200232e-17,1.0884507247390937e-09,0.9571627002437342,9.974280834106807e-12,2.0552271405208837e-08,1.1838205431698344e-05,6.431673629907011e-13
4.194880395850789e-10,1.1620084494521757e-06,0.04770949262111168,1.07273119108556e-16,1.2793295971413809e-09,0.9522741442474142,1.1723581896554965e-11,2.4102559287298117e-08,1.5175309191863701e-05,7.323201625326942e-13
2.972058236229841e-10,2.9053308327432656e-07,0.015473609580960286,2.6816757453388494e-17,3.198179468604705e-10,0.9845155690596002,2.9307291056551994e-12,6.046070222507143e-09,1.0524159879259877e-05,4.5224245774240377e-13
4.238351494595265e-10,8.992521902123995e-07,0.0353803775869064,8.303060184244946e-17,9.902037166169159e-10,0.9646037508194991,9.074184366425924e-12,1.8631808886019147e-08,1.495228577279919e-05,7.096796660365994e-13
1.6698127462292374e-10,3.159231992202001e-07,0.019763362671601222,2.914968084396179e-17,3.4765007640179725e-10,0.9802299709581496,3.185687839992438e-12,6.596968797937068e-09,6.343331874360443e-06,3.894965461757379e-13
2.5431879504341697e-10,5.493952506700102e-07,0.029708438231992335,5.069895777096694e-17,6.0464711464972e-10,0.9702823863557313,5.540748596054438e-12,1.1446183966670029e-08,8.613705792205366e-06,5.42602273789345e-13
4.4492473718037277e-10,9.76960322821921e-07,0.03252082346916172,9.022522055353992e-17,1.0759954054239846e-09,0.967457138608476,9.860464300892858e-12,2.0214234775194276e-08,2.1039216331503366e-05,6.923342277484789e-13
2.679722479346116e-10,4.736078928462991e-07,0.026299704374849207,4.370738422597109e-17,5.212630192984877e-10,0.9736904583721192,4.776658898342775e-12,9.867823048977466e-09,9.35298278309018e-06,5.208410897988323e-13
2.6770967563649904e-10,5.104102383711205e-07,0.028541928348805957,4.71011851410601e-17,5.617382953519872e-10,0.9714484342975992,5.147557995802523e-12,1.0630907826695277e-08,9.115477312906983e-06,5.403237525075084e-13
2.271905328790277e-10,4.4022011488672576e-07,0.023475637129365224,4.06273490327718e-17,4.845299955529957e-10,0.9765156208081296,4.440050387264713e-12,9.17470215425676e-09,8.291951052260256e-06,4.754514457405538e-13
3.740816947010974e-10,1.0679072329330417e-06,0.043227279721676504,9.857026180019162e-17,1.175548381726929e-09,0.9567566614568531,1.077247074321498e-11,2.215763060691313e-08,1.4967195530700432e-05,6.732604411388942e-13
3.207280722752882e-10,4.661025947373898e-07,0.02391369128704835,4.30190439539072e-17,5.1304837179022e-10,0.9760735355838597,4.701432096234892e-12,9.698745590478534e-09,1.229648873048114e-05,5.433645861703435e-13
2.3239729684342612e-09,1.9865991980863796e-77,0.9998884613493286,1.9473183064956028e-58,5.381885268354383e-63,1.5251733320509894e-66,6.561480967824003e-76,3.522517891403814e-58,0.0001115363207225097,5.975915946059095e-12
3.4142062448289666e-10,1.8581694204121337e-06,0.052953825639148175,1.715896154613794e-16,2.0462715724120425e-09,0.9470247024765281,1.8752553524627587e-11,3.8330726002461166e-08,1.9572977109107243e-05,6.233155653275413e-13
2.391937383348601e-10,6.698184246509915e-07,0.0313178646121778,6.181931718445948e-17,7.372590237318215e-10,0.9686705182550818,6.756061858301087e-12,1.3929531696263709e-08,1.093240108635704e-05,4.886313007320217e-13
2.1440999386852065e-10,8.218175477871562e-07,0.042305757762325764,7.582483746869683e-17,9.04320515504135e-10,0.9576819387969413,8.286686361616971e-12,1.716256467478579e-08,1.1463333107853794e-05,4.95190751041782e-13
1.0765607842919856e-10,2.1259462393542673e-07,0.011676275195742434,1.9616781890577854e-17,2.3395400245672553e-10,0.9883199073634376,2.1438637308843135e-12,4.4321593113780496e-09,3.6000699814914086e-06,3.0121283193354503e-13
1.3441121337077787e-10,2.602363107775621e-07,0.015025694615398546,2.401294176291658e-17,2.863840066060227e-10,0.9849696894019812,2.624307860704071e-12,5.424934332590123e-09,4.3498976090681605e-06,3.466983583386832e-13
2.9434688726353777e-10,6.71614598985015e-07,0.03114274555815879,6.198687357690377e-17,7.392530519949714e-10,0.9688460272629148,6.774373631014323e-12,1.394856422207033e-08,1.0540574794828016e-05,5.939162317789211e-13
1.0080587370569747e-10,1.6953254713165903e-07,0.011097309186313695,1.5643044386229827e-17,1.8656332733806012e-10,0.9888989269111147,1.7095849713338213e-12,3.5375397678593924e-09,3.590543158219034e-06,2.478478230011676e-13
2.941987265949608e-10,2.9537961462030294e-07,0.01641731246910792,2.7263400295836484e-17,3.251447660716981e-10,0.9835718313808655,2.9795414645206e-12,6.147386445339586e-09,1.055400025130134e-05,4.5093911214206413e-13
2.0410441459965776e-10,1.2670333133053149e-06,0.03262414181793419,1.169751187696242e-16,1.3949744520925322e-09,0.9673668716956086,1.2783886554680028e-11,2.6143628985302125e-08,7.691697033318132e-06,6.189000978676279e-13
6.739654262509659e-11,1.0759068887212403e-07,0.00719142513135003,9.926835809029462e-18,1.1839139240717174e-10,0.992805965534801,1.0848763766495503e-12,2.248326074366107e-09,2.4993077921430446e-06,1.6916286402861664e-13
2.7664604069791664e-10,5.881096124178542e-07,0.02534819412849587,5.429324886386326e-17,6.474943731481247e-10,0.9746391083062587,5.933558704408876e-12,1.2214150014106957e-08,1.2096310897842214e-05,5.11226424875955e-13
2.4983816747532706e-10,7.366514579792402e-07,0.03682762092945747,6.797791001824213e-17,8.107269374120079e-10,0.9631588072597562,7.42911740332082e-12,1.5366398194679073e-08,1.281872441146661e-05,5.243603343353966e-13
2.4328759111104756e-10,9.780321511567113e-07,0.04127916058680128,9.025095982015781e-17,1.0763576599368755e-09,0.9587071356267555,9.86327729185818e-12,2.0371663783546773e-08,1.270405259971289e-05,5.200583064150194e-13
2.4794777433763473e-10,1.2507819649617055e-06,0.05382172923542167,1.1540888758275409e-16,1.376410874550788e-09,0.9461625419786618,1.2612717500822514e-11,2.6086341920995797e-08,1.4450280096452497e-05,5.415479685011671e-13
4.421472419636338e-10,9.091538492421305e-07,0.029761946903499,8.396815796146032e-17,1.0013737231410197e-09,0.9702143369896605,9.176647270871298e-12,1.8809260753746062e-08,2.2786690360694306e-05,6.720826893592937e-13
2.849370343227722e-10,7.208462996539267e-07,0.03021161288437182,6.65451625950577e-17,7.936099849140125e-10,0.9697739469149831,7.272536402311092e-12,1.4971337428269768e-08,1.3703296660427622e-05,5.280474418576566e-13
2.476543954384126e-10,5.340513217030139e-07,0.027780865848761046,4.929043099833095e-17,5.878399064816235e-10,0.972207749416744,5.386814608065508e-12,1.111353203491809e-08,1.083872827838306e-05,4.81670234483342e-13
3.287713949027779e-10,4.733804491915664e-07,0.02093816605712321,4.3702991050439204e-17,5.211986991906724e-10,0.9790496782431017,4.776178776507123e-12,9.833971385033497e-09,1.1671630056224084e-05,5.520173940028621e-13
1.9871848445021796e-10,1.089284370144578e-06,0.03400163558539656,1.0055169973299927e-16,1.19914495961616e-09,0.9659895996370664,1.0989016606790119e-11,2.254658494927934e-08,7.651537142884877e-06,5.86479154270651e-13
1.8450472715650723e-10,2.1569124095548307e-07,0.013358002894485903,1.990521222820742e-17,2.3739301813989415e-10,0.9866354424677816,2.1753854827285766e-12,4.495411745424363e-09,6.334026652202921e-06,3.544159418262106e-13
2.0664633866966306e-10,5.318441150022914e-07,0.02733123362580799,4.9079703682401035e-17,5.853334975165957e-10,0.9726586746771335,5.363784804612705e-12,1.1083983549660784e-08,9.547971180697298e-06,4.3559868722727726e-13
2.517568732616872e-10,4.6025307899976633e-07,0.025750107247201774,4.247364716629482e-17,5.065471215562167e-10,0.9742388891530837,4.641827195388956e-12,9.581332264722002e-09,1.0533001877396822e-05,4.800149895051437e-13
2.957985633691433e-10,4.1222460935303244e-07,0.02446664918070201,3.804193594141437e-17,4.5369444111300444e-10,0.9755193225712583,4.157497756708978e-12,8.587024791285641e-09,1.3606682277680625e-05,4.774391021327888e-13
2.617205754249176e-10,8.137249863132472e-07,0.03573304979132577,7.509289952246293e-17,8.955773533592262e-10,0.9642522604215598,8.206694888806014e-12,1.6943374202661793e-08,1.3857952720927809e-05,5.283622403551847e-13
2.7076130500970203e-10,5.712069773639705e-07,0.03094819433677199,5.271164552154944e-17,6.286492191351335e-10,0.9690376749222307,5.7607096640060635e-12,1.1895443169786352e-08,1.3546732913709124e-05,4.918579708352914e-13
4.679026122616905e-09,3.4535156322687836e-77,0.9998652357131621,3.3852295012319466e-58,9.355900738932436e-63,2.6513702156083015e-66,1.1406516782570962e-75,6.1235656465721564e-58,0.00013475959616281372,1.1648917261570106e-11
1.1874223410721978e-10,2.0851462461168823e-07,0.012997458581755814,1.9240295783519222e-17,2.294653113618985e-10,0.9869977174437095,2.1027186076439128e-12,4.352140182616554e-09,4.610757187063131e-06,2.7246504175708917e-13
1.9548147648565245e-10,1.4535276602931978e-06,0.03400545125163521,1.3420872106072572e-16,1.6004733120901502e-09,0.9659856896149179,1.4667299187155237e-11,2.994595133663653e-08,7.373848588539226e-06,6.246584071431958e-13
2.1769801448062126e-10,3.914565839704512e-07,0.0223811764499743,3.61256039482907e-17,4.308398704004419e-10,0.9776113216521236,3.948067143161702e-12,8.153846947497989e-09,7.1016345176548095e-06,4.674540249285554e-13
1.6849122859306427e-10,5.723339594720316e-06,0.03660852342680316,5.293186873484546e-16,6.310595288575481e-09,0.9633794262796511,5.784777218509248e-11,1.1365277093724757e-07,6.20676356223685e-06,6.831794289563825e-13
3.420269961106432e-10,8.257642636105402e-07,0.039683926275602494,7.621798850278223e-17,9.089793535535394e-10,0.9603034944925173,8.329652741540455e-12,1.716456092338381e-08,1.1735043063893133e-05,6.557974607458728e-13
2.583131513102797e-10,5.704095150560942e-07,0.030462509456240155,5.2637381148059813e-17,6.277686662897082e-10,0.9695253953127452,5.752593515257013e-12,1.1895333233602778e-08,1.1512033816084157e-05,5.157154035823907e-13
2.944631385082866e-10,4.612476962046025e-07,0.02547709244836658,4.256829229936842e-17,5.076753034997011e-10,0.974512790435615,4.652170697942567e-12,9.603214070719107e-09,9.645457768290891e-06,5.490939365232755e-13
7.704176498497056e-10,2.296005620691313e-06,0.036738409395888884,2.1248496831648688e-16,2.5336751666443343e-09,0.9632062779619288,2.3221893190270045e-11,4.650839190265501e-08,5.296680001045539e-05,8.443949075242373e-13
3.397498499479757e-10,5.566525895530922e-07,0.028829498259156722,5.1373075717231e-17,6.126770981216331e-10,0.9711554011982843,5.614421077423785e-12,1.157342875003089e-08,1.45313579397258e-05,5.594866909250183e-13
2.3629687012854957e-10,1.0101255559161548e-06,0.040625539010627286,9.322441713409035e-17,1.1118013581282965e-09,0.9593614057409792,1.018823819755028e-11,2.1016642183546296e-08,1.202274739325444e-05,5.153044583647284e-13
2.097107691984965e-10,3.821968373620044e-07,0.022943722620625877,3.526609067500785e-17,4.205946151887928e-10,0.9770484986898667,3.854133320202475e-12,7.973292258169185e-09,7.38788476387986e-06,4.5420615763760355e-13
2.227168054158007e-10,5.99265408814792e-07,0.03332254703511817,5.5291940413254797e-17,6.594340354096752e-10,0.9666669680683982,6.042702942747941e-12,1.250893130717245e-08,9.87223345559608e-06,4.942950845872408e-13
1.4695843286518248e-10,3.8170181973670216e-07,0.021466521179305746,3.521760376026863e-17,4.2001864147859615e-10,0.9785275456643253,3.8488343204510365e-12,7.969157501877277e-09,5.542914180462471e-06,3.8524773344342974e-13
1.8882266485155691e-10,5.6732797624563e-07,0.027723302251083177,5.235221629971868e-17,6.243630727551847e-10,0.9722677543483172,5.72142863927687e-12,1.1823153918199388e-08,8.363430131529404e-06,4.308378827850084e-13
1.799744495229957e-10,2.971220097455548e-07,0.018329692198122607,2.7416540106615976e-17,3.269792204004125e-10,0.9816620319438527,2.9962776916917423e-12,6.204365877636122e-09,7.972021327179735e-06,3.718564934109323e-13
1.8323544674546755e-10,2.790872980891368e-07,0.017455085028543305,2.5753891267238594e-17,3.0714592792761373e-10,0.9825378380283539,2.814571407625881e-12,5.816545806658129e-09,6.7915456867804655e-06,3.7604670201490975e-13
2.954461056512201e-10,9.185885471538448e-07,0.0441647279911276,8.476786216449552e-17,1.0109633308166946e-09,0.9558212937183124,9.26404474381369e-12,1.9132761873156416e-08,1.3039252991880786e-05,5.856601453411929e-13
3.036276997667827e-10,4.4069765381711673e-07,0.022849086277910075,4.0677350276652625e-17,4.851210302121633e-10,0.9771383413737669,4.445514884256506e-12,9.17328734182836e-09,1.212168366755017e-05,5.199827757806086e-13
2.1309104436818806e-10,8.237876386900628e-07,0.029388176505257532,7.604141715001348e-17,9.068522666898508e-10,0.9706036507852639,8.310355747318284e-12,1.7074130663689658e-08,7.330718860010203e-06,5.956460712131018e-13
2.6129778402712323e-10,3.9391604979107317e-07,0.022429361957684996,3.6352215785155e-17,4.335450171866728e-10,0.9775581371922002,3.972832923112672e-12,8.213689276347454e-09,1.209802110144967e-05,4.58644970740857e-13
1.3114311357207737e-10,2.2771910920796454e-07,0.013599628561719264,2.1012404197938715e-17,2.505998863265324e-10,0.9863953094515543,2.2963874254137028e-12,4.751265024810176e-09,4.829132004312132e-06,3.0808623500577904e-13
3.005929008469692e-10,4.5259665475062874e-07,0.020032239463938117,4.1782787159633484e-17,4.982993842748119e-10,0.9799551500927174,4.566325015271106e-12,9.405147810035404e-09,1.2147637557762922e-05,5.253985086408143e-13
1.5300619103356916e-10,3.378548982099965e-07,0.020210008278833715,3.117233909925408e-17,3.7177317844229555e-10,0.9797839716184904,3.4067385557693215e-12,7.053001216174904e-09,5.674666209178017e-06,3.812153942781779e-13
2.4415464849905794e-10,3.3434716829775863e-07,0.020731297625963076,3.085304376704608e-17,3.6796077443582035e-10,0.9792577062996196,3.3718436534204354e-12,6.971354067197159e-09,1.0654139986595354e-05,4.210042254368441e-13
1.4807420596115578e-10,2.73340629347466e-07,0.015896303312147076,2.5222370529131957e-17,3.008078927911455e-10,0.9840977504709431,2.7564829792698176e-12,5.6983572356313985e-09,5.666725947587904e-06,3.368709969504412e-13
1.460892774340237e-10,1.2610823013542628e-06,0.02768568413984067,1.164097863460728e-16,1.3882392654957007e-09,0.9723077229402078,1.2722102944938742e-11,2.6043885433754258e-08,5.3042461617234e-06,5.522452339695481e-13
1.0158799857379976e-10,1.4124999654867547e-07,0.009568735298297895,1.3032741463585873e-17,1.5543327851219173e-10,0.990427311072844,1.4243121986185915e-12,2.95024482680449e-09,3.8091699459058086e-06,2.2512004275562998e-13
3.29313313038171e-10,7.348354589081901e-07,0.03621242759247767,6.782569802804885e-17,8.088838996048631e-10,0.9637718732499034,7.412482575591765e-12,1.5257349822479806e-08,1.4947918610212112e-05,5.90204507928188e-13
4.045690371724873e-10,1.241965882218268e-06,0.04113031511222988,1.146691371946834e-16,1.3675060976676803e-09,0.9588479373461485,1.2531872213586089e-11,2.5655042462728223e-08,2.04781354212464e-05,6.687905156470996e-13
2.6969386752365006e-10,2.799708210598977e-07,0.016614040505981094,2.5838889419029388e-17,3.0815768264859417e-10,0.9833757417670063,2.823860619098785e-12,5.831220402562791e-09,9.931343868563378e-06,4.2722308469041045e-13
2.094657619149114e-10,4.6851988059551155e-07,0.026323880295585293,4.3231733544682036e-17,5.155950069915437e-10,0.9736679413891304,4.724676354821356e-12,9.769891362913075e-09,7.699295253064162e-06,4.738692751717694e-13
2.922919042252684e-10,5.454578995060923e-07,0.025863151486113903,5.0347140273477964e-17,6.00445300586821e-10,0.9741220044855403,5.502299434478802e-12,1.1354379377922783e-08,1.4286317297485041e-05,5.296820362836333e-13
2.302324747841021e-10,4.169143250492967e-07,0.021018731236718706,3.8482118689768177e-17,4.58938332137961e-10,0.9789715461783101,4.205604107302788e-12,8.673841257132722e-09,9.296302982809003e-06,4.4573245027280164e-13
1.7617567101922664e-10,2.515456439028917e-07,0.015958199045874324,2.3210482778095266e-17,2.7681555955927083e-10,0.9840343874261731,2.5366093423503618e-12,5.249218523522478e-09,7.156277219395378e-06,3.4293083258579577e-13
2.1600722780342514e-10,1.6531520317140001e-06,0.03726312239608587,1.5264648141868547e-16,1.8203383404541346e-09,0.9627268472359038,1.66823109174242e-11,3.401887910028292e-08,8.341143421993368e-06,6.492721073534906e-13
1.6748302720778368e-10,2.5615620089208035e-07,0.014537418141344408,2.364067695657033e-17,2.8194338936631706e-10,0.9854558893305833,2.5836240708374932e-12,5.340975501599883e-09,6.430578528170117e-06,3.57792812224849e-13
1.0815273432285812e-10,1.8841622708662359e-07,0.011670949229968995,1.7384900163783117e-17,2.0733776560221533e-10,0.9883249653338407,1.8999475622505647e-12,3.9317898449186254e-09,3.89277052262073e-06,2.6022518904825773e-13
1.7658330043052178e-10,2.738351987543299e-06,0.03644112941354827,2.529411532305217e-16,3.0161700468619923e-09,0.9635494917427252,2.76432376224515e-11,5.581739801576273e-08,6.581453295958157e-06,6.480161540775125e-13
1.6484447000457465e-10,2.773252134721047e-07,0.017837769334448007,2.5590644083195918e-17,3.0520044124186475e-10,0.9821556025554631,2.7967305753152797e-12,5.784573721159035e-09,6.344527095951276e-06,3.6414476910395997e-13
1.2911849143979782e-10,1.9897589717313832e-07,0.0126120699774303,1.8360876172132018e-17,2.1897741317903797e-10,0.9873828229731838,2.0066092753200236e-12,4.153982790868457e-09,4.903569109787389e-06,2.9354578084957267e-13
1.472867523481164e-10,5.828543248099282e-07,0.022427870686846853,5.379125372602556e-17,6.415109609712474e-10,0.9775662582693433,5.8786970523706325e-12,1.2108058035419811e-08,5.2752862818592165e-06,4.6896282395231e-13
1.3281754130741227e-10,4.349205657252848e-07,0.01888362046494107,4.0139170642873103e-17,4.78699327842279e-10,0.9811113327331784,4.386698724579372e-12,9.044812602940285e-09,4.602220187753183e-06,4.10938251344326e-13
7.961883746751654e-11,1.5232080464289929e-07,0.00902929366806244,1.4054723101336775e-17,1.676202430900436e-10,0.9909678715218022,1.536001739644304e-12,3.176940879185067e-09,2.6790633896090336e-06,2.2502667997666723e-13
2.189397653026858e-10,5.249742189634006e-07,0.02885727749562273,4.844180600001285e-17,5.777304016464556e-10,0.9711316178669982,5.294070736268564e-12,1.094732927330134e-08,1.0567913420158908e-05,4.4610336295310137e-13
2.4187938765086436e-10,4.814089149447741e-07,0.028181402461238715,4.442570192851419e-17,5.298280140050721e-10,0.9718078277607829,4.855161851165002e-12,1.0026109692432558e-08,1.0277565910595777e-05,4.804455213939512e-13
2.791967572970847e-10,3.4782452882400055e-07,0.020807651864976327,3.210027154999962e-17,3.828321307937431e-10,0.9791813370369363,3.5081497207831895e-12,7.244939585839908e-09,1.0655362613278963e-05,4.68726162196093e-13
2.9544042372257996e-10,1.6359920335218349e-06,0.05538365722607165,1.5099924704293177e-16,1.8008239520889433e-09,0.9446020043734734,1.650228924378664e-11,3.395222075358343e-08,1.2666342774492787e-05,6.592565811065768e-13
8.898588852778091e-11,1.047339012009659e-07,0.006819309644693895,9.664673718073775e-18,1.152633838182967e-10,0.9931776670613232,1.056225407962678e-12,2.1854132883682346e-09,2.916169164625132e-06,1.982392701478553e-13
2.480300465676516e-10,8.899085879145984e-07,0.03896838940795455,8.212025124691681e-17,9.793895253494637e-10,0.9610189871393668,8.974694683631857e-12,1.853231011491379e-08,1.171377484415775e-05,5.419858566332314e-13
3.71393540559385e-10,9.258691797351817e-07,0.03675208982300787,8.54659225670209e-17,1.0192440939063322e-09,0.9632300064600748,9.340333824627853e-12,1.917459464959732e-08,1.6957272527935017e-05,6.367372870410739e-13
3.71393540559385e-10,9.258691797351817e-07,0.03675208982300787,8.54659225670209e-17,1.0192440939063322e-09,0.9632300064600748,9.340333824627853e-12,1.917459464959732e-08,1.6957272527935017e-05,6.367372870410739e-13
6.23093312533565e-11,8.957422144429783e-08,0.006281199553604001,8.264553495625449e-18,9.856632217564034e-11,0.993716462542368,9.032101490959136e-13,1.8717448711037935e-09,2.246296128712512e-06,1.5427085899831682e-13
1.3126231831947848e-10,5.570104183826429e-07,0.020512170861435454,5.1405926390137035e-17,6.130638437940773e-10,0.979482609224314,5.618011238173138e-12,1.1575311324931609e-08,4.650578129382975e-06,4.472920374198077e-13
1.3551443937513035e-10,2.3712314211057392e-07,0.014505433706864067,2.1878919571241946e-17,2.609357554713093e-10,0.9854889486721383,2.391086489552354e-12,4.949524849039015e-09,5.3751491800759175e-06,3.094545805676079e-13
2.562577440907575e-10,5.643388212430015e-07,0.02897465317609527,5.2082501465978277e-17,6.211412433327209e-10,0.9710133306941063,5.691952252821041e-12,1.1743155650325483e-08,1.1439164239081977e-05,4.911134765976132e-13
1.549627473913661e-10,2.6293401192335006e-07,0.01587613577813705,2.4264163388165586e-17,2.8937904638340754e-10,0.9841176501853888,2.6517631756369644e-12,5.48204218387078e-09,5.945173090037794e-06,3.362609166280366e-13
2.823965528489162e-10,8.86755683955931e-07,0.038581012662461486,8.184914865188525e-17,9.761256260854914e-10,0.9614040573851813,8.945066628987723e-12,1.8413913249407783e-08,1.4023514750717443e-05,5.419683172514751e-13
1.6460674755086814e-10,9.063904581575875e-07,0.028052728524576378,8.36657731989502e-17,9.977728256936208e-10,0.9719403542463461,9.143600490924427e-12,1.878068742589428e-08,5.990885886537936e-06,5.22263534567724e-13
2.3114762044535988e-10,1.603983825189007e-06,0.04059708736550613,1.481044173107498e-16,1.7661932205000974e-09,0.959391423944841,1.6185921316234378e-11,3.3075309258900464e-08,9.849616393244011e-06,5.984644117682423e-13
1.7545111994563012e-10,3.1254122455549036e-07,0.017889689889794242,2.8841887982173624e-17,3.4397217840896896e-10,0.9821035404365198,3.152050010903801e-12,6.508726022142647e-09,6.450100769849811e-06,3.9014751658967156e-13
1.5292919367722704e-10,2.5884061510211963e-07,0.015357539676226339,2.3885720500579285e-17,2.8486784121665867e-10,0.9846358009748639,2.610404201214621e-12,5.402309074781806e-09,6.3946652524419425e-06,3.257232632188121e-13
1.2650986900226276e-10,2.4033344130900797e-07,0.015583410963303212,2.2175344747092427e-17,2.6447143965200504e-10,0.984411191390665,2.423481975490428e-12,5.020270535337136e-09,5.151898603030565e-06,3.1222679296532815e-13
3.7658184785721197e-10,7.979420040455709e-07,0.039601625652011196,7.365287428979726e-17,8.783785227953438e-10,0.9603783761095379,8.049318520286716e-12,1.6566484608355027e-08,1.9182466343431648e-05,6.091031598381548e-13
2.6296400375725346e-10,7.241269680813948e-07,0.03701483787319802,6.682113145249264e-17,7.969256817645396e-10,0.9629726043227561,7.302696280073131e-12,1.508852839690399e-08,1.1817520830537355e-05,5.265172057310038e-13
1.909947804165346e-09,6.801616271466602e-78,0.9999300488274326,6.667128372921739e-59,1.8426222283622361e-63,5.2218100974154764e-67,2.2464861436901503e-76,1.2060215784735583e-58,6.994925691998582e-05,5.699392006761767e-12
2.565328750427693e-10,6.621789537496932e-07,0.03256280709885238,6.111312471729763e-17,7.288345160203852e-10,0.9674261828131218,6.678884041702203e-12,1.3757798300977891e-08,1.033315868095256e-05,5.465792868845218e-13
1.6193703195609486e-10,3.559876132652476e-07,0.02121986858966344,3.284898341415571e-17,3.9176426057026633e-10,0.9787738381928343,3.5899743664198373e-12,7.420490231262433e-09,5.929251710210181e-06,3.975938251284552e-13
2.615169089052462e-10,3.446691003300957e-07,0.020908051276089534,3.1808440386641286e-17,3.793513804789936e-10,0.979081508038656,3.476256301733928e-12,7.1774820765790255e-09,1.008819387088901e-05,4.565807480678638e-13
4.3955535246130434e-10,1.3158229418944122e-06,0.05150289414524811,1.2148660977695007e-16,1.4488215461589945e-09,0.9484797086737342,1.3276934898499037e-11,2.7243644721555976e-08,1.605221202151768e-05,7.553638617925869e-13
4.872764843315688e-10,1.3022675680379817e-06,0.05092409976383879,1.202292960600621e-16,1.4338081320379555e-09,0.9490450881353558,1.3139526570206713e-11,2.6917831984617716e-08,2.9480980479338333e-05,7.017722657784309e-13
1.771693534433798e-10,2.227312649155479e-07,0.013704345918272211,2.0555083084743503e-17,2.45143911576923e-10,0.9862890842725371,2.246408067789651e-12,4.643959009278748e-09,6.342009058021012e-06,3.4908391459555e-13
