i = 0,i = 1,i = 2,i = 3,i = 4,i = 5,i = 6,i = 7,i = 8,i = 9
4.81086120334109e-12,0.0001245631502497134,1.023341875161058e-07,0.8102189518112377,6.356061812505137e-05,1.3510889257232756e-12,0.000766993388317842,0.18519959591352297,0.00016913834825268127,0.0034570944299445756
4.3278563270544e-12,0.00014267650832606774,1.0706707503778293e-07,0.8081044517339884,6.914259232566097e-05,1.3767180263425193e-12,0.0008206162694805616,0.18696088691709126,0.0001634579528431457,0.0037386609531655287
6.805886050960526e-12,0.00017191369539006253,1.0607522022873233e-07,0.8108877550228871,8.081397910398954e-05,1.4425873470541862e-12,0.0009524390858122228,0.18349667752135912,0.00017495572373153092,0.004235338888247259
1.8949402526753902e-12,0.00013628077605013192,1.1475837277967957e-07,0.7900671225744609,7.207703470121221e-05,1.5778990553120035e-12,0.0008560912028385895,0.20482960309423542,0.00012547299335871363,0.0039132375625093715
1.9016221847395704e-12,0.00018827981653926656,1.6180634464291674e-07,0.7800475794257895,0.00011310985468582257,2.172207834348422e-12,0.001258023895668221,0.21223859893922264,0.00014195344723784908,0.006012292810438169
1.5816965687160827e-19,6.314256297254825e-81,1.5573963660540926e-05,3.266361794823763e-74,0.01470127722163673,3.335036608293974e-10,0.16030403302729762,3.79449652496076e-24,1.733820766104103e-24,0.8249791154539015
2.4092396036646667e-12,0.00029886427803164564,2.0056483621690527e-07,0.7809327512191064,0.00018081995295239628,2.6475248932454843e-12,0.0018333335158911414,0.2079931994125515,0.00015520806179474832,0.008605622989779118
8.418910763310772e-13,0.0001532433717684025,1.0997923128163231e-07,0.768810288177563,7.472925140911764e-05,1.6398557060039398e-12,0.0009425769699191765,0.22617549360867906,0.00010148879808464667,0.0037420698408636003
1.9666753479910788e-12,0.0001561454908856351,1.8788589573251767e-07,0.7872727544710919,9.645705224466381e-05,2.375872426027966e-12,0.001073522860414147,0.20624592156949073,0.00013564812272356312,0.005019362542911131
1.282307435074796e-12,0.0001939759867535269,1.713938957853432e-07,0.774951122243025,0.00011039172427441116,2.3319945117909526e-12,0.0012437210114655578,0.2181476544342303,0.00010775805037805657,0.0052452051523631475
8.600392928511101e-13,7.998634215359756e-05,6.79291437783214e-08,0.7712227854811189,3.9732612983857946e-05,9.755898097466984e-13,0.0005120982260698254,0.22571807440493555,8.961805661950412e-05,0.002337636945139287
9.35506275113918e-13,0.00012091218591530546,1.1144972146007377e-07,0.7701081217515428,6.375965794734767e-05,1.547910004201597e-12,0.0007987674997699681,0.22525984735956286,9.459220736489573e-05,0.003553887885691934
1.1902375178373025e-12,0.00010388619231090497,9.893716009896076e-08,0.776035904594708,5.538873015939601e-05,1.3705098194178386e-12,0.000677622089616644,0.21981803180359064,0.00010909492108696814,0.003199972728806653
2.144424019307592e-12,0.0001756213478939175,1.1138759287507103e-07,0.7882973712399164,9.164575737277251e-05,1.6095381070781784e-12,0.001064847815024399,0.20518932371660484,0.0001486887786162797,0.005032389953224546
6.122971875885233e-12,0.00012733461370341046,9.872524572219769e-08,0.8123370671148932,6.768414908472856e-05,1.3780475957527416e-12,0.0008003987401539786,0.18291993121089759,0.00017547670618677056,0.0035720087323337004
1.308387659991886e-12,8.841892447443531e-05,9.371727724940226e-08,0.782250814055908,4.760008913602031e-05,1.2465862278048435e-12,0.0005944062363755129,0.21413255011328633,0.00010724222190443984,0.0027788746390830297
4.718897771227769e-13,0.00014518381502243123,8.368085512823042e-08,0.7448654997931122,6.228742477002427e-05,1.3125322226797585e-12,0.0009339051849569199,0.2506056070736434,8.139333616571877e-05,0.003306039689689722
1.475092209167648e-12,9.500131216725242e-05,7.747197444351494e-08,0.793183190799273,4.641818485494649e-05,1.093673461353853e-12,0.0005929764547575807,0.20327391639017714,0.00012214484835437164,0.0026862745358724456
1.3055479803876473e-12,0.00010802070677058046,1.0126533715860225e-07,0.7812980598572781,5.96378974341849e-05,1.3906900423661533e-12,0.0007292651300196477,0.21425479985417398,0.0001051352044762262,0.0034449800818140658
3.6729235535362736e-12,9.643423457988519e-05,7.504271983528965e-08,0.8160512603003921,4.5197979887766686e-05,1.0278300944923606e-12,0.0005697573219637242,0.1804610498180746,0.00017720874441384867,0.0025990165532674132
1.1751775376858281e-12,7.698448468317819e-05,7.399750889218039e-08,0.7821796875547762,4.07674556017392e-05,1.022514751275762e-12,0.0005152995569062045,0.21466618745486538,0.00010034298892907385,0.0024206565045317447
1.030869787543702e-12,4.8386142734277204e-05,4.437048751427567e-08,0.7894821761543196,2.45058359983906e-05,6.30802936163925e-13,0.00031705858712506807,0.20853320756028376,9.883351988232136e-05,0.0014957878275073744
1.1944697663024468e-11,0.00023640075168556584,1.2509786618867777e-07,0.810823924152383,0.00011861734691738069,1.7377035198164886e-12,0.0013054463208395197,0.1816241424417835,0.00018580715221992107,0.005705536722622378
1.857508589742769e-12,0.00011294338350437526,1.0788142033494598e-07,0.7903782855612862,5.8908163288768424e-05,1.4204233963781306e-12,0.000707398982729758,0.20539687056565567,0.0001231663497045036,0.0032223191091325706
2.2178400313660896e-12,0.00013896840741617298,1.2254026553698384e-07,0.7905349880253257,7.446552736305516e-05,1.6538395653151356e-12,0.0008504823223573479,0.20449374261008085,0.00013016944444299656,0.003777061118876405
2.2005565077101005e-12,0.000179553078990697,1.29267361026859e-07,0.7855602512047959,9.605230647918832e-05,1.7954139764127512e-12,0.001096879426941211,0.20770442505529146,0.00015778198643837221,0.005204927669706163
1.9255034621209027e-12,0.00015383060296801762,1.030784125705554e-07,0.7905770974213702,7.756937774511203e-05,1.5175117771179585e-12,0.0008982952365377573,0.20431300654747142,0.00012931412696795246,0.003850783605083971
1.7204951181173708e-12,0.00010516062710981684,1.0745759496802155e-07,0.7919826429568774,5.678647638267725e-05,1.4451070709242006e-12,0.0006900885161415348,0.203821582406831,0.00012547003448353238,0.003218161521413568
5.044668200083164e-12,0.00017942792916368584,1.4085991385416352e-07,0.807578776255886,9.158821119606371e-05,1.7851998665335548e-12,0.0010517485213466832,0.18615194738091514,0.00017002792852968056,0.004776342906218969
3.4564334528878022e-12,0.0006106573176013926,2.114128817587495e-07,0.7931066571838755,0.00032488365978927463,2.7631636390771295e-12,0.002825672216641988,0.1921069882740856,0.00015086796739930322,0.010874061961505749
1.361299997062356e-12,0.00017400879434639738,9.983710926479016e-08,0.7886089360182352,8.084120089602136e-05,1.4689195186635242e-12,0.0009980370720041425,0.20604399404758109,0.0001256810577919095,0.003968401969205924
2.3986389191585153e-12,0.00044579582945247044,2.886948338462495e-07,0.774819152880924,0.0003352121724586338,3.6112459227811e-12,0.0028073025136251535,0.208549895043761,0.00014840530504984115,0.01289394755388519
5.795596350077514e-13,0.00025936473082262046,1.4070888329901885e-07,0.7557060705598647,0.00010990243765123358,2.122513542656557e-12,0.0016259509059873656,0.23709542889762455,9.34785567173108e-05,0.005109663199746853
1.9704724698260862e-12,0.00015085265535404,1.452840494113706e-07,0.7874750229944038,8.401618868343344e-05,1.8669495794823193e-12,0.000971640817286233,0.20656814183992891,0.00013753002820762137,0.004612650188249219
6.347806486767949e-12,0.0003447229543908898,2.1275900569384712e-07,0.8008764744376593,0.0002127744347794622,2.6995933143546085e-12,0.0019853097366900503,0.1880795688234574,0.00016250059497118028,0.00833843624999874
5.549779437052418e-12,0.0002532107970073422,1.941519069441415e-07,0.8014008113389492,0.00015596176692865563,2.5120870791290126e-12,0.0015610071622540142,0.1897040854535881,0.0001668128356680982,0.006757916485635967
9.976639631947237e-12,0.00022463957416557481,1.0467101659446788e-07,0.8120413735300825,0.00010129045581563806,1.5030201414051963e-12,0.0011556896108424048,0.1812774816865495,0.00018732733913485528,0.005012093120913248
1.3145218094285073e-12,0.0001222059886488572,1.2006893494347698e-07,0.7788234152633408,6.566218157605464e-05,1.6262057086048596e-12,0.0007817519665623809,0.21658932687083898,0.00010639657795779927,0.00351112107919949
3.753205543960789e-12,0.00014356814817351638,9.160394149320693e-08,0.8024575537877242,7.312310623305661e-05,1.3210352730403563e-12,0.0008686504317961624,0.19223778020832424,0.0001905664331448697,0.004028666275588176
2.6790995708620426e-12,7.267958032365079e-05,5.341726294197129e-08,0.8101693303930048,3.422032733183728e-05,7.740279659913223e-13,0.0004339349744545004,0.18704357370469918,0.00019628363356006856,0.002049923965909948
7.505411249240835e-12,0.00045228799421777885,1.8449490431563876e-07,0.8015395303837758,0.0002455943503545476,2.4894067431454266e-12,0.0022436201407512826,0.18611740086972187,0.00016342372618150886,0.009237958030097951
5.7725507544944856e-12,0.0005113355895814879,2.0797202140937325e-07,0.7974165245946016,0.0002754630221459819,2.7158526206341075e-12,0.002438225653458382,0.1888919322332283,0.00016230904513268594,0.010304001881341882
6.131557132295476e-12,0.00033611109992285834,1.5868388434092398e-07,0.8010065414559566,0.0001840647516550032,2.2464565240312286e-12,0.0017733922351587214,0.18917104669401305,0.00016221900427895887,0.0073664660667524745
2.969870810965768e-12,0.00011611882484268031,9.467703853775725e-08,0.8038656758091197,6.24941744017177e-05,1.2959720742286918e-12,0.0007435708683655766,0.19174192323381203,0.0001420001459720726,0.00332812226218184
1.165922103305049e-12,0.00012368716797932355,1.4347041631922504e-07,0.7745990830138836,7.186223537658005e-05,1.8571083497346905e-12,0.0008626347662594591,0.2202732600839909,9.801742421253383e-05,0.003971311834858261
7.693401027704456e-13,0.00018627170523061187,1.1920663244546531e-07,0.7645044432072677,9.263978241621117e-05,1.7930035212181425e-12,0.001219344459684354,0.22909531836175615,0.00010138144952772269,0.004800481824922438
2.0988961094209555e-12,0.00034533896796517415,2.4518556227466444e-07,0.7876214530045335,0.00021554172476716558,3.1477548532101015e-12,0.0021234900452180984,0.20113426356720687,0.0001426456866078428,0.008417021812892465
1.0539944303174496e-12,5.996306815387872e-05,5.832014358893704e-08,0.7819859943607796,3.1941658543631876e-05,8.317715547498018e-13,0.00040693417593522864,0.21545996509683166,0.00010515318144214342,0.001949990136284243
5.6333546721234006e-12,0.0002582586158565999,1.3677052258904165e-07,0.8031681011986425,0.00013044073762255516,1.9376007296348018e-12,0.0013745394641826816,0.18897670532653793,0.00016551023132492748,0.005926307647739236
2.2939417737376493e-12,0.00028014130146802597,1.8308252765180787e-07,0.7868300311133384,0.00018443294507177542,2.4455573642980972e-12,0.0018346149207183967,0.20281424976758805,0.00012344018290027438,0.0079329066816479
6.361559773212511e-13,5.521620002954962e-05,4.089580610153755e-08,0.7697050775299276,2.5728382214573808e-05,6.129489156614173e-13,0.0003464397838775425,0.22822307519828328,8.185284340818334e-05,0.0015625691652041305
4.1533154413940597e-13,0.0003293541312062084,1.1501608899826067e-07,0.7351857651344963,0.00011528647594795693,1.922785448258459e-12,0.0021194326223532233,0.25705123446334077,8.310626396486604e-05,0.005115705890263722
6.085869120911664e-13,0.00016107503511318604,9.058847270342965e-08,0.755563124688874,7.007802780367007e-05,1.4141214203535876e-12,0.0009750348277719536,0.23942063768729177,9.953646257261723e-05,0.003710422680077371
1.5274327133169247e-12,6.827556588614078e-05,6.488067381869176e-08,0.7974793491470555,3.4830949317232534e-05,9.121043191016965e-13,0.0004403021296074792,0.19975098139635664,0.00013429628244538794,0.0020918996462182047
3.860886113285851e-12,0.00012456752540159795,1.2199624902528569e-07,0.8072639718285847,6.780396601009885e-05,1.599319071980747e-12,0.00079825880313086,0.18793171252322793,0.00016606416681436625,0.003647499185121229
3.2520410176271253e-12,0.00011846781284953957,1.2670974891804206e-07,0.804219851182676,6.692779902478734e-05,1.666897070242748e-12,0.0007833752950461033,0.19108119578380672,0.0001578361503377945,0.0035722192615910402
5.074195644493252e-12,0.00019267414914253536,1.3503363706923335e-07,0.8059388571824108,9.815778267346077e-05,1.7724345131037537e-12,0.001128351963573788,0.18746909902678377,0.00016470344016381388,0.00500802141476835
1.7085956403202308e-12,8.193737877408469e-05,5.860950378773928e-08,0.7940365992583515,3.9958923962155395e-05,8.688777916556058e-13,0.0004980804226910632,0.20287300713232306,0.00013934682453248763,0.0023310114472843463
1.168020513096331e-12,6.787016161215325e-05,8.349977526331256e-08,0.7842875129705503,3.649055786659098e-05,1.0786325396357628e-12,0.00045894751911654887,0.21287782206772846,0.00010141201605966582,0.002169861205044117
2.421801076576178e-12,0.0003192345638121577,2.241527707047529e-07,0.7802968535879612,0.00019994156801401874,2.867116651585783e-12,0.0019740943084655222,0.20779982977541203,0.00015335803051928884,0.00925646400775631
1.8319614203141897e-12,0.0002298910948708364,1.6555499895333992e-07,0.778153753059233,0.00013531060214541917,2.2570158191220857e-12,0.001459839139569915,0.21298447068080686,0.0001318737386649749,0.006904696125621166
1.5153659504674676e-12,0.0001509991074185361,1.5838588718722405e-07,0.7809477500928999,9.370048811815213e-05,2.075022065348175e-12,0.0010656403641381685,0.21282482843623451,0.0001074923185066017,0.004809430803206672
3.2712212692576556e-13,0.00012679432057032455,5.866303599104679e-08,0.7200273992795295,4.750556665750655e-05,9.756629332031087e-13,0.0007731985770497765,0.2763801830395365,7.275401011890234e-05,0.0025721065421985974
1.4588384298907677e-12,0.0001519917355622151,1.482341821162898e-07,0.7795065623459724,8.498036916970986e-05,2.0033166677599935e-12,0.0009668822035582766,0.21494668862495492,0.00011227621147100845,0.004230470271667202
1.75259098568052e-12,0.00012027255260225764,8.273194697014927e-08,0.7950359764173076,5.850035086619409e-05,1.185655410928341e-12,0.0007346824634116235,0.20071394081243107,0.000129112795367417,0.0032074318731288116
1.0042042281042989e-12,5.702832074077356e-05,3.3154522744245725e-08,0.8140033462466738,2.4586915556253178e-05,5.14095380994139e-13,0.0003349484374096774,0.18399393521582574,0.00013530057952105255,0.0014508211282315737
1.7159638527503647e-12,0.00018478974380473634,2.1516530676556458e-07,0.7804489792085122,0.00011206084891915339,2.589442806924808e-12,0.0012277015238689882,0.21235874752293504,0.0001142346777315667,0.005553271304616058
1.6905832659543716e-12,9.035354740679386e-05,9.927053315689654e-08,0.7925547341047161,4.7223699026057577e-05,1.27113450252244e-12,0.000586779028302399,0.20386410791627954,0.00012471403177187284,0.0027319883990024173
1.7052281726565498e-12,0.00017229425202255793,1.6404190919875064e-07,0.780926630032703,0.00010118089754291964,2.1746337078193267e-12,0.0011168551408573125,0.2125380077127709,0.00011560990256274421,0.0050292580157516595
5.760858625645918e-12,0.0005905457114810935,2.2247207010965723e-07,0.7960757501058788,0.00032092028416901344,2.8025740354976596e-12,0.002684494523228661,0.18902132631275553,0.0001592451393478685,0.011147495442505454
1.4901835147465713e-12,9.209677909855159e-05,7.390438257221936e-08,0.7864493943579776,4.6959453878314465e-05,1.0666874217459358e-12,0.0005733733607850219,0.2100806623288338,0.00011526510620777192,0.002642174706279576
1.4287314220416995e-12,9.725136607126828e-05,5.6048320543196395e-08,0.7997251824217203,4.262926899633279e-05,8.597154297939653e-13,0.0005439570008788289,0.19712835085550903,0.0001417007119813474,0.002320872324233884
2.642943382108617e-12,0.00026410472411697204,1.8296391491480556e-07,0.7852190057436187,0.0001627474853079806,2.477816073001591e-12,0.0016815990016687617,0.20470991677443823,0.00015959966142456257,0.007802843640389124
2.2063319388546616e-12,0.0002827787638273811,2.527503969616195e-07,0.7783697047837809,0.00018847350919255315,3.128074733001897e-12,0.0018733580129373841,0.21025677920103045,0.0001488641761547073,0.008879788797345259
1.4503292502116028e-12,8.529585553907409e-05,1.5308800314761774e-07,0.7828634109977668,5.316658041097473e-05,1.858515964849053e-12,0.000625574847690456,0.2133446838074186,0.00011640413276302501,0.0029113106870991457
1.8807129106772248e-12,0.00020247665201046015,2.3445340216775664e-07,0.7777232896526057,0.0001397038329964354,2.9994137645950694e-12,0.001445610743167909,0.21367640408495217,0.00013672170187113176,0.006675558874113873
3.1012573038279295e-12,0.00012160189953748002,8.827474128014138e-08,0.8033648222371977,6.0619801316645874e-05,1.2554530990814467e-12,0.0007378162191286722,0.19203775933635278,0.00018585381359654944,0.003491438413772033
1.8333043491152677e-12,0.00018507019115523554,1.3421489274246545e-07,0.7828444161498328,9.709346846165324e-05,1.853453271017986e-12,0.0011373550116235455,0.21026077153170578,0.00015442009167049718,0.005320739336970986
2.7341645998333627e-12,0.00019359714009838376,2.968748194994625e-07,0.7884455228500621,0.00014430587545624388,3.5422852684540924e-12,0.0014019587340750636,0.20350191393630532,0.0001459017390725579,0.006166502843834506
2.166193867955247e-12,0.0001541550883140973,1.4520235828419076e-07,0.7872412197292102,8.713669963806153e-05,1.889616693172181e-12,0.0010046338529309533,0.20655302140890427,0.00015603310637956887,0.004803654908208557
1.8191718786140023e-12,0.00017116033562408845,1.3707484433316298e-07,0.7805741002882122,9.511799190137952e-05,1.88645080951531e-12,0.0010895738905043288,0.2126971737218803,0.00014259290894910585,0.005230143784378605
2.8094264795900887e-12,0.0001401704328023048,1.240984601873987e-07,0.7948853026845738,7.896215069237052e-05,1.668983244814092e-12,0.0009134577048807769,0.19953775701112708,0.00017252021768642933,0.004271705695298568
2.3451452558496642e-12,0.00028153940538954054,2.2406334866274518e-07,0.7813223555111398,0.00017827471930071404,2.9085260078439607e-12,0.0017465820392982426,0.2083480756963885,0.00014662866433704435,0.007976319895543918
1.9539764781727988e-12,0.0001334238505460774,1.77973633719308e-07,0.7878257195679446,8.260625118415357e-05,2.2347143748578586e-12,0.0009344560252643198,0.20650164523648243,0.00013920287978657177,0.004382768210969349
1.2462159055175557e-19,4.974991268012366e-81,6.922656362470551e-06,2.5735606289029314e-74,0.04294198779107964,1.1297328056589705e-10,0.19899295631622127,2.989677040254168e-24,1.3660742873894012e-24,0.7580581331233633
3.272508608221531e-12,0.0003318973386298362,2.635381702416807e-07,0.7906309284830754,0.0002624269791337604,3.275208182934864e-12,0.0022354880671717954,0.19726413882438393,0.00013792159214331168,0.009136935170744114
2.5985032665186693e-12,0.00019762462280460382,1.4525006853631547e-07,0.7925609922651411,0.00011867082525555003,1.9953651687457187e-12,0.001269863148558479,0.2002442031082212,0.00013066391360710402,0.005477836861749699
1.004357043027809e-11,0.0003112680943511701,1.4311470855761232e-07,0.8079155055001149,0.00015290780883207234,1.9811096295828605e-12,0.001608679752944294,0.182888788033954,0.0001766772987672811,0.0069460303843029625
4.4131780147327806e-13,8.049905557451762e-05,5.771854110611627e-08,0.751608648877854,3.512416032628977e-05,8.854408948396798e-13,0.0005032937711464904,0.24566785386001114,8.67833056005803e-05,0.0020177392496192933
6.855369170114844e-13,9.86067012397441e-05,6.693412687422888e-08,0.7635363479506857,4.497559155521309e-05,1.0118046041952674e-12,0.0006051671846111869,0.23300357813401176,0.00010499679964538903,0.002606260702426812
1.051521391042339e-12,0.00019097761886912042,1.6780670299693003e-07,0.7703039794347614,0.00010545935446840654,2.302108843675741e-12,0.0012663514783981303,0.22259791577924545,0.00011360536750059194,0.005421543156700395
8.734553676857522e-13,6.746934578214864e-05,4.8008581135884114e-08,0.7813770131258013,3.2180814670785266e-05,7.156691583412876e-13,0.00042330495894677675,0.21609065283502696,9.261028257189085e-05,0.0019167206270297543
1.2951877289638381e-12,8.956468363813346e-05,1.522642211916259e-07,0.7784183530178175,5.535649469295534e-05,1.8491107712109878e-12,0.0006562126130163688,0.21760789731488958,0.00010570772592263722,0.003066755882657343
5.274795770385969e-13,0.00027677005252547325,1.4493466107141476e-07,0.7472976720675157,0.00012062954308987023,2.2728887448293086e-12,0.0018488532772337584,0.2449043560737998,8.79198535082182e-05,0.005463654194865824
1.1573365379361484e-12,4.507547200716025e-05,3.390676172855864e-08,0.8240967496264163,1.9774733856360348e-05,4.81300076994534e-13,0.00026696811318893833,0.17421223639725772,0.00016671160651289722,0.001192450142360346
2.5662647934531772e-12,0.00014500382725307943,1.683159764089508e-07,0.793526000019652,9.66007381087245e-05,2.1919696982609374e-12,0.0010412699488869602,0.20047843548951752,0.0001346631321523207,0.00457785852369475
5.9142440992989325e-12,0.0002460159122155498,1.6654029556629676e-07,0.8041049760470163,0.00013267124378694105,2.1394624837937406e-12,0.0014182235347303107,0.18758377383079694,0.0001751009024589225,0.0063390719806456965
6.2238608309228165e-12,0.0003176581535281227,1.614125906890547e-07,0.8011133064528317,0.00016983896911343792,2.1594987458769973e-12,0.0016756682134665935,0.18948378953011302,0.00016676636475150005,0.007072810895221602
8.098239228715305e-12,0.00043123423005522537,1.7884749568474623e-07,0.8026608962432229,0.0002233098418083282,2.3579283658795394e-12,0.0021129340476647397,0.18556813668181937,0.00016753746772405775,0.008835772629753642
2.877472591949434e-12,0.00017869617156247966,3.0580015855243377e-07,0.7904396471870984,0.00013448452302752137,3.5959079712286948e-12,0.0013093355673736023,0.20213512311132653,0.0001429213595375233,0.0056594862734420555
3.130475028231032e-12,0.00017742153659961902,1.884285632218243e-07,0.7962500335463512,0.00011800366383298283,2.3787077268588065e-12,0.0012345082912447315,0.1967216384119088,0.0001407402200136209,0.005357465895976665
2.0799104944114475e-12,0.00016228102129394001,1.4924218337280136e-07,0.7897364016982501,9.822523820349162e-05,1.966585386882293e-12,0.001105039107386949,0.20386003617220333,0.00012158083828878005,0.004916286678143663
2.101254539962641e-12,0.00011971851369251671,1.7572644326809068e-07,0.7864695084545004,7.880874526633346e-05,2.243822654628425e-12,0.0008701720419542433,0.20833902476507,0.0001426635517227608,0.003979928197005648
5.984028466137622e-13,0.0002738013771919531,1.285985835364833e-07,0.7543884239220358,0.00012010057965654343,1.9969478788412715e-12,0.0017591664816847552,0.2377024941290879,9.09709540262914e-05,0.00566491395513781
1.1096122692702963e-12,7.403794822248427e-05,8.749790259112776e-08,0.7779138841794464,4.190757107658548e-05,1.1872414054535043e-12,0.0005199844625637824,0.21887654180774646,0.00010123693141451715,0.002472319599330345
3.8952762329788196e-12,0.00017406825788097546,1.283245914946332e-07,0.8023251272992475,9.691588076000794e-05,1.718163971035267e-12,0.0010843204554013054,0.19145334443563397,0.00014964757738248382,0.004716447763488721
1.5615648545887324e-12,0.0001592343540124071,1.359728462992504e-07,0.7802636315673086,8.960801725508587e-05,1.8447565378263174e-12,0.0010217316190400797,0.2137000637358723,0.00010966124676600561,0.00465593348349301
1.8098944380503156e-12,0.00013940527027392596,1.9034738698000746e-07,0.7888797049354732,8.091085253873965e-05,2.1724703308781653e-12,0.0009352033747580837,0.2055185748192404,0.00011686787060964014,0.004329142525736718
4.4609261627345e-12,0.0002737313629486867,1.7272454348425222e-07,0.7980018452473241,0.00014864495014627903,2.2928696728513502e-12,0.001496764089733801,0.1935910908351541,0.00015454489733274059,0.006333205886063227
2.54125054222304e-12,0.00019557903570918813,1.793059002807718e-07,0.7936980391097501,0.00011004274596717067,2.2034856991615186e-12,0.0011995844784024854,0.1993099981313807,0.00012919143801226222,0.005357385750133003
2.350558558230306e-19,9.38361344773587e-81,1.0007425725539422e-05,4.8541387964255405e-74,0.014773953596805459,1.8622851988890485e-10,0.16664997961803385,5.638999581706693e-24,2.5766302618807963e-24,0.8185660591732066
2.6908430574604195e-12,7.854484447125929e-05,6.314995527347109e-08,0.8092730803552314,4.026120151765053e-05,8.922570571856269e-13,0.0005003783934197094,0.18768142147929642,0.0001463959801659355,0.0022798545923592996
5.094479586718904e-13,0.00029707539470823956,1.390010054841227e-07,0.7452637207715163,0.00012557959984828152,2.208084775836074e-12,0.0019930266859576728,0.2465795836784627,8.622553548988154e-05,0.0056546493302939635
1.3447102325944213e-12,0.0001301946767626424,1.0747994366830774e-07,0.7777517123506996,6.981508175818735e-05,1.5162355664366837e-12,0.0008511555442238525,0.2170847569571075,0.00012867686421888608,0.003983581042424694
4.24729874894777e-13,0.0004231888936716146,1.339884983604589e-07,0.734114298721019,0.00014687018222092095,2.2600828638452597e-12,0.0028870817315886166,0.256267738081202,8.4573446052423e-05,0.006076114953062269
2.002989479249835e-12,0.00023291706981228754,1.8758202218085852e-07,0.7784679438639359,0.0001428870630862776,2.4847380112460195e-12,0.001529217543602798,0.21215513299099836,0.00014564189191151858,0.0073260719901428245
3.725714363742088e-12,0.00019039611154328417,1.595995198680739e-07,0.7996881602845008,0.0001040861431117355,2.0178792415938855e-12,0.0011629929432584603,0.19329930097693238,0.0001719325793997689,0.005382971355990236
1.7019365035825981e-12,0.0001437233533519554,1.4902040882969132e-07,0.7801655384667704,8.438816057370127e-05,1.9735305698554208e-12,0.0009759095002037401,0.21377340741864076,0.00014004691981912317,0.004716837156555997
2.5120033750122293e-12,0.00022565733131951738,6.99246903148961e-07,0.7811745204446232,0.00022848168579338947,6.677265381802811e-12,0.001794100645154917,0.20913746663648944,0.00013025462293616788,0.007308819377590857
1.64339792882107e-12,0.00016346054795976563,1.9355180743079913e-07,0.7814109951044584,0.0001019085356961321,2.4488553891461156e-12,0.0011242647359631583,0.21188293462739122,0.00011740961409380882,0.0051988332785378455
6.054951220851532e-12,0.00027255279588777606,1.5660063775444475e-07,0.8026616211256564,0.0001637013125176189,2.149322363609814e-12,0.0016343948148451306,0.18824658011105447,0.0001643186300905551,0.006856674601106047
2.2564989309513776e-12,0.00014103627747076613,1.0880743248493996e-07,0.7910187331902,7.303030439986771e-05,1.5120485478053692e-12,0.0008683402397245248,0.2035780203555377,0.00016643968097330227,0.00415429114049284
4.435660976553388e-12,0.00022694219067920755,1.3373220360425172e-07,0.8011582077894281,0.0001126623821251907,1.8299163207511014e-12,0.001256962166987345,0.19130585973052933,0.0001794051966044548,0.005759826805177278
1.5137602978009274e-12,0.00015472223517593739,8.034748580272157e-08,0.7960768724327868,6.583257674695993e-05,1.1898590728771413e-12,0.0008460864704202989,0.19907250570653945,0.00016397364812403964,0.003619926580017308
5.029077102574402e-12,0.00018140983467649833,1.1076914166046196e-07,0.8045927740216373,9.902716578344331e-05,1.5814537943146932e-12,0.0010944515758428161,0.18911732494521424,0.00016629867666373736,0.004748603004429846
3.8526588689949345e-12,0.00011378154638770686,1.0705809115552518e-07,0.8093816940611703,5.835166456044084e-05,1.3729567006110703e-12,0.0007080906208203441,0.1863240867931819,0.000165636362811107,0.0032482518877512546
9.97109690393534e-13,0.00010347248265093623,9.234996850053402e-08,0.7733267271769534,5.341939353216729e-05,1.2826979928782545e-12,0.0006746823801226303,0.22268557466438993,9.339181351528464e-05,0.0030626397365872953
3.269242196715819e-12,0.0002991690218256026,1.8913944963357765e-07,0.7910700476096841,0.00016435321676817608,2.3856258509193137e-12,0.0016952019563931315,0.19884042442902938,0.00016187799587517553,0.007768736625319881
1.7886029671610452e-12,0.00013534488683944628,1.7905594279154325e-07,0.7852955866544872,8.116770562399095e-05,2.196564420713401e-12,0.0009431683417524216,0.2091779661426303,0.00012516189385083966,0.004241425314887751
6.142029754870865e-13,0.00021409240794025532,1.3018872961702774e-07,0.7526674878184917,0.00010108877774736948,2.0002535783548e-12,0.0014213576686579223,0.24045667917802907,9.68759739368814e-05,0.00504228798385273
2.6562239568608537e-12,0.00013478664246059977,1.6682915444191876e-07,0.7985255798263591,7.572342765751718e-05,1.937203662462886e-12,0.0008823660413910589,0.19619644565143401,0.00014324790414354055,0.004041683672806374
8.558887937789311e-13,8.661819429144429e-05,7.155141581055187e-08,0.7888192568732673,3.984047384785309e-05,9.898619800217744e-13,0.0005320774998076299,0.2081108682597019,0.00011712238790323042,0.0022941447579192587
1.9599236304881447e-12,0.00011636068487931157,1.6778712201315952e-07,0.7902419012170538,7.410224344536593e-05,2.197179897179995e-12,0.0008345967756590527,0.2049006903906261,0.00013387299273715303,0.003698307904320166
2.125603825536583e-12,0.00013524355269490143,7.865748756717633e-08,0.7977734656181,6.20057279740336e-05,1.1714540481359601e-12,0.0007674779028087643,0.1976069645110622,0.0001697991238521053,0.0034849649027234217
1.877395183070175e-12,0.00012236464230675647,1.4926232066550426e-07,0.792012129193673,6.705882886925311e-05,1.7674701258030088e-12,0.0007977161389271905,0.20318651093323875,0.00012102374747551066,0.003693047249543912
8.575502563523878e-13,0.00010498204040514492,8.199477191924055e-08,0.7796169180958252,4.89375947743988e-05,1.1616489069242293e-12,0.0006393825794516344,0.21679556878018005,9.958768586864455e-05,0.0026945412267037885
4.087753576959316e-13,0.0002917334011584488,1.064995768671185e-07,0.7356617419653961,0.00010147856479784763,1.7690647761519157e-12,0.0018064990792542117,0.2573989089969473,8.277773685408897e-05,0.004656753753837287
1.9146587661377327e-12,6.180359651258042e-05,5.3938057961731404e-08,0.8061236113878534,2.9871983157757e-05,7.445803715771551e-13,0.00038169613207976195,0.19149769088977947,0.00013704376542642206,0.0017682283044735572
1.2453721461771012e-12,0.00021312764597473192,2.0511883477500633e-07,0.7746703256134579,0.00012709764453012058,2.613538495624153e-12,0.0014440142972493141,0.21719017011656996,0.0001027119083484353,0.006252347651175933
2.1094091063219527e-12,0.00027332073289185264,2.538394042741482e-07,0.7802646735691852,0.00019627890408032534,3.2993834412867226e-12,0.0017805458094082623,0.20972491595222376,0.00012414550453479625,0.007635865682862743
1.2946101951145536e-12,9.186092539552046e-05,1.4428719014088752e-07,0.7795987750336014,5.4519042005777563e-05,1.7408384283559489e-12,0.0006565220614121618,0.2164143766340186,0.00010505142948491478,0.003078750583855969
2.465149435805894e-12,0.0001711924768476325,1.100806005209065e-07,0.7904914097355993,8.80463947297535e-05,1.5845277094062752e-12,0.0010157812467322808,0.20332209574737692,0.00016203917781620062,0.0047493251362476455
3.2890202092472966e-12,0.00015595691861991815,1.8995837375376879e-07,0.799029211766611,9.606924130044358e-05,2.3399208997185325e-12,0.001053656319348553,0.194809710559617,0.00015121574204267368,0.004703989488457491
2.083550106693933e-12,0.00011812444125797434,1.2937986886506166e-07,0.7925393445799217,7.3122656370996e-05,1.73066171731918e-12,0.0008357972973603129,0.2025364645206505,0.00012669164113972086,0.003770325479615784
2.005047813143188e-12,0.00010129403291116602,9.896903406194885e-08,0.7960320299932403,5.157001500697418e-05,1.2815219712193239e-12,0.0006288353794712131,0.2001668440753016,0.00012916951311095585,0.0028901580186373008
5.622845709495012e-13,0.0003250387667813459,1.5713140731099161e-07,0.7495267013596987,0.00014164222140703416,2.4448836551173158e-12,0.0021621615721979927,0.24157062387633996,8.991132420457404e-05,0.006183763744955997
1.9143052366340273e-12,8.669220785711661e-05,8.879237600770597e-08,0.7981497615276801,4.7488437650598884e-05,1.2326459642179078e-12,0.0005846193861165223,0.1983607591044077,0.00013344360944813632,0.0026371469313166717
9.64090569798876e-13,7.558532488539608e-05,5.48607037604128e-08,0.7902052132603945,3.438539180484666e-05,7.97647926074107e-13,0.0004503512039249685,0.2071383246260008,0.00011674226884496893,0.0019793430616789967
4.636976568839142e-13,0.0003803484511092689,1.328099251242122e-07,0.7402084571103366,0.00014072021056891484,2.1962766885210144e-12,0.0024978106402588096,0.25069095740720315,8.629433012005377e-05,0.005995279037818186
1.3962367114531418e-12,0.00010488284531983735,8.348361588512984e-08,0.7859990743437317,5.519698002338666e-05,1.1808238127752542e-12,0.0006850668784091731,0.20984143615806672,0.00010756677703061165,0.003206692531225647
1.868280498520559e-12,7.758149038468737e-05,6.828950954859283e-08,0.8029379564834751,3.89474113494576e-05,9.577218581223352e-13,0.0004973419231188409,0.1940489185916673,0.0001367057334787378,0.0022624800741902207
4.572947749464344e-13,0.00019014756215725892,9.282105044039681e-08,0.7410431691763533,7.623417638260344e-05,1.4883120860956244e-12,0.0011796976185229928,0.2535890239066286,8.133461230021378e-05,0.0038403001246590076
4.861193749210225e-13,0.00013880346489077286,7.697400219190052e-08,0.7493875203553958,6.084215439559117e-05,1.2267803572097898e-12,0.0008955834397790834,0.2462051868491705,8.593505304744585e-05,0.003226051707605764
4.021126395620695e-13,6.29031647535716e-05,4.020202065347959e-08,0.7425926593672452,2.6938275607813547e-05,6.292757430726495e-13,0.0003821085645570247,0.2552934693909595,7.285413624514951e-05,0.0015690268975797552
2.3490884299215113e-12,0.0001976136401991839,1.42252188896083e-07,0.7980744352646886,9.686178784026435e-05,1.8028341744365592e-12,0.0011314396830437094,0.1955210399822392,0.00013535817681271632,0.004843109208835489
1.561551734790936e-12,0.00016940283739087222,1.3289395518484643e-07,0.7813463918463578,9.455329600073831e-05,1.795867078736907e-12,0.0010945351138465461,0.21216264822159941,0.00010837776646660337,0.00502395802102564
1.3695783623534329e-12,0.00011813155380010972,1.5285638364173997e-07,0.7781270114459229,6.904991059035924e-05,1.892075595205318e-12,0.0008245994166550284,0.21690455095619532,0.00010700443991854218,0.0038494994172722312
1.816176079558907e-12,0.0004348075181263831,1.9824552594986946e-07,0.7819566704061203,0.00022289014181534265,2.6914499752965234e-12,0.0023431106464562226,0.20546768744134514,0.0001458090075653449,0.009428826588537687
6.562957317923827e-13,4.0669967533208573e-05,4.2494980665044906e-08,0.7757931504269276,2.0384351948458936e-05,6.016661057895912e-13,0.00027156297320379277,0.2225458979765083,8.725224829827597e-05,0.0012410395593415566
4.5544974933305645e-12,0.00029239720372676485,1.5394298488366166e-07,0.7971990925799124,0.00015639557581603844,2.163032757072408e-12,0.0015759895187248318,0.1937747490551826,0.00016686847497843153,0.0068343536419563896
1.3052538830902617e-12,0.00022330486531462867,2.4375571268682865e-07,0.7759442788538518,0.00014210841617700082,3.1056974921850215e-12,0.0015408105652695964,0.2156125043063063,0.00011143733070480954,0.00642531190225242
1.3052538830902617e-12,0.00022330486531462867,2.4375571268682865e-07,0.7759442788538518,0.00014210841617700082,3.1056974921850215e-12,0.0015408105652695964,0.2156125043063063,0.00011143733070480954,0.00642531190225242
1.7337390268144155e-12,4.070124428793258e-05,3.189927054316454e-08,0.8187056055416765,1.9176225405944416e-05,4.650985134163803e-13,0.00025142242394822907,0.17966005991497427,0.00014890500601297358,0.001174097742224783
4.052631902099213e-13,0.00018406893996612497,8.745438501543768e-08,0.7364343916388074,7.008784684579898e-05,1.4106400982444444e-12,0.0011410201848385273,0.25855445040750613,7.97838297568959e-05,0.003536109696078141
2.1447386568402566e-12,9.807482342903496e-05,7.073369377581402e-08,0.8007712832867862,4.647264527706489e-05,1.0236746080340647e-12,0.0005744239572162372,0.19580015193637454,0.00013986336861180425,0.0025696592454429712
2.0976237336374994e-12,0.0001843617838096918,1.543473935085686e-07,0.7873106615154254,0.00010704104722942016,2.0491895987233116e-12,0.0011761143583562915,0.20592688315970448,0.00012150697579030787,0.005173276808144103
1.6839600800023918e-12,9.180981056236862e-05,8.133351433959108e-08,0.7935409771548475,5.0381845680087763e-05,1.1398301721022883e-12,0.0006174220433378348,0.20275265502714018,0.00011628372047602704,0.0028303890616178462
2.7837154528549137e-12,0.00023046042372059484,1.8905248886788514e-07,0.7929712146455629,0.00015028079290961178,2.460952572659897e-12,0.0015252343897640024,0.19838102401653884,0.00013278850412169448,0.006608808169648763
5.567742233745351e-13,0.00023024362961713375,1.0614610903275711e-07,0.754901340393366,9.870704723256267e-05,1.7010258283751583e-12,0.0014745217676388218,0.23849446133303157,9.458879210904022e-05,0.004706030888638021
8.518329203865251e-13,0.0003178400277711215,1.6424483909436826e-07,0.770124398115121,0.00016230172443501033,2.446096128271452e-12,0.0020749691480864713,0.2205235088972453,0.00010531502996123056,0.006691502809242798
7.079013478711954e-13,0.00010975110191577913,9.537070444999106e-08,0.7656548649710813,5.417666258219056e-05,1.3555101366384702e-12,0.0007154421703573029,0.23035367732983966,8.731794685539677e-05,0.0030246744446005155
4.1838373629099425e-12,9.309684108712885e-05,8.779360041606637e-08,0.8121496947256049,4.923719593697036e-05,1.1549933386309823e-12,0.0005993169011432912,0.18422236545736106,0.00016611167527359096,0.002720089404653679
3.1618481125790075e-12,9.533268698148721e-05,6.686869380189501e-08,0.812151368032535,4.690418297323047e-05,9.800809759913495e-13,0.0005870621059879795,0.18424967680493443,0.00015920063489979972,0.0027103886788523083
1.6053523317003748e-12,0.00022827911484514488,2.644143775465163e-07,0.7800103138725988,0.00014525020588641326,3.0912474066697805e-12,0.0015537839699381428,0.21108636590843377,0.00010950888692943607,0.006866233622294001
3.363793742677923e-12,0.00024328393340568557,1.6633244258960815e-07,0.7949525069290397,0.00013221040983226373,2.120809930766888e-12,0.0014153777980584316,0.19667231231859478,0.00015761473713522521,0.006426527536006771
3.739720769428401e-20,1.49292575189102e-81,3.6817222916727084e-06,7.722897850385704e-75,0.04256509689705895,7.469652226060767e-11,0.18268439460539426,8.971605381361807e-25,4.0993991200604083e-25,0.7747468267005586
9.929481817845472e-13,0.0002037807070854316,1.473195805910771e-07,0.770524495039478,0.00010796646449833472,2.0659615592255457e-12,0.0013138464024355248,0.22223689469971988,0.00010047678668152274,0.005512392577461919
1.0561886777323749e-12,0.0001307606716032846,8.006400957519046e-08,0.7779742526376241,6.340042015252376e-05,1.19170464164956e-12,0.0008091253610620193,0.21728885804675088,0.00010668106830511432,0.003626841728244685
1.2531335046260972e-12,0.00011455061018752049,1.3606594095064653e-07,0.7768381245116044,6.696374027645635e-05,1.7492296884873673e-12,0.00079987263544211,0.21829884454862208,0.00010070092985129135,0.0037808069550728254
1.9927140150339052e-12,0.00029783522704713845,2.624674559629269e-07,0.7749894830196936,0.0002087482324585703,3.280636882836493e-12,0.0020230539088413055,0.2127542434896996,0.00013839131832250418,0.00958798233120808
1.886094712310028e-12,0.0002862265443207393,3.8159139415940614e-07,0.7791885485611312,0.00022136957764391863,4.1339450326226056e-12,0.002036419326455096,0.20907842598523657,0.00011598238973027464,0.009072646018068021
1.3372989914300732e-12,7.973274024239025e-05,9.086238947962062e-08,0.7844091373996792,4.4499294534485724e-05,1.2187474673477915e-12,0.0005528212203358188,0.2122279723372053,0.0001094894811194574,0.002576256661937579
1.3586843142884157e-12,8.421604716096754e-05,7.834742955200065e-08,0.7877325005058186,4.522625345290422e-05,1.0999256815184899e-12,0.0005661583570680293,0.20880577002857129,0.00011001689639493736,0.0026560335616451713
2.097231004429656e-12,0.00020195544603665265,1.5520749718140941e-07,0.7840177953296952,0.00010967871604239822,2.063363394287497e-12,0.00123502752793245,0.2084726546581486,0.00015170278173946695,0.005811030328747383
