i = 0,i = 1,i = 2,i = 3,i = 4,i = 5,i = 6,i = 7,i = 8,i = 9
3.563250166036748e-08,1.987527467363958e-67,1.2392649146737683e-08,0.9159942848645105,6.31806414588216e-85,1.0926561353387745e-64,8.271220549857721e-12,2.0003098517387393e-08,0.08400564709896904,8.68892494735055e-41
3.87757693241459e-08,2.1674329109662926e-67,1.3867043970914148e-08,0.9129132809398418,6.889957692782657e-85,1.191560321550425e-64,9.325194897872907e-12,2.0713907533651882e-08,0.08708664569411202,9.475422202230622e-41
4.452860887013556e-08,2.4838998116679795e-67,1.495648973451211e-08,0.916918611121836,7.895960483442775e-85,1.3655400558491228e-64,1.0284313767062587e-11,2.570297654171764e-08,0.08308130367980458,1.0858928691408649e-40
4.170558745669121e-08,2.295199074941466e-67,1.495746095338257e-08,0.8766433447312588,7.29610796387253e-85,1.2618006001118727e-64,9.84440239551005e-12,2.249585743582878e-08,0.12335657609999082,1.0033980827366782e-40
6.637317554626045e-08,3.941892001247628e-67,2.2469693658194277e-08,0.9007492404517891,1.2530708092831435e-84,2.167080732584077e-64,1.4187091171696501e-11,3.127639830873293e-08,0.09925063941475631,1.7232870645470212e-40
1.9859220902277753e-81,8.261277397245119e-61,0.5646626803560646,4.970284484067349e-51,2.5999555043219083e-78,4.3660739998678404e-58,0.00033737648517693017,0.43499994315875845,1.7016219444216825e-21,3.615729979421882e-34
1.0540341266347672e-07,6.607898041586777e-67,3.0621889049884605e-08,0.9076444884949008,2.100555810258355e-84,3.632734870531829e-64,2.0176516777692513e-11,4.977537285563828e-08,0.09235532568424835,2.888791782044751e-40
5.415126658590176e-08,2.9563746437922692e-67,1.2763208913209117e-08,0.8246429317589401,9.397890064640117e-85,1.625286163810319e-64,9.305893406277497e-12,2.3315496170759566e-08,0.17535697800178227,1.2924459066837785e-40
5.880800924449807e-08,3.407645884990332e-67,1.9765733381657476e-08,0.8892194980127253,1.0832416477934264e-84,1.873375459930076e-64,1.2875983886071426e-11,2.723919462480119e-08,0.11078039616146164,1.4897293158468309e-40
7.254443276952922e-08,4.0832026839309676e-67,1.9195186008392873e-08,0.8280928255870448,1.297991444210311e-84,2.2447671982849242e-64,1.3770213657550437e-11,2.8086727575383817e-08,0.1719070545728388,1.7850642191401543e-40
2.404060192491161e-08,1.2891306753999118e-67,8.924464472017671e-09,0.7903049036920026,4.097961126747815e-85,7.087079624601696e-65,5.7141620659883405e-12,1.2494153337812355e-08,0.20969505084306353,5.635725729482959e-41
3.986116013500129e-08,2.182896641496619e-67,1.3350413392954161e-08,0.7968240405101322,6.939114669493435e-85,1.2000616078554624e-64,8.827196056842332e-12,1.884319112783523e-08,0.20317588742627604,9.543025390709957e-41
3.371847144570652e-08,1.852820954526159e-67,1.2835643985275863e-08,0.8604570870276204,5.889851503313702e-85,1.018600354908466e-64,8.071930360018197e-12,1.6877159323281404e-08,0.13954284953303298,8.100025020589129e-41
5.267207867569755e-08,3.001773428385362e-67,1.8438259953671807e-08,0.9074700628561226,9.542206275567592e-85,1.6502444405320776e-64,1.1783941722598944e-11,2.7442624239015498e-08,0.0925298385791305,1.3122930101078882e-40
3.9415854422702005e-08,2.224445080207208e-67,1.2776116641822959e-08,0.9180792571491986,7.071191184281384e-85,1.2229031319180621e-64,8.640193972676411e-12,2.0272831156251365e-08,0.08192067037735883,9.724663768827422e-41
2.697550341779305e-08,1.4719910572988563e-67,1.0766815849073594e-08,0.8476729349933676,4.679247997771709e-85,8.092366451944366e-65,6.768338501104485e-12,1.5253641008664866e-08,0.15232701200390397,6.435141164113946e-41
4.742844843303139e-08,2.6162431083173096e-67,9.423431209700934e-09,0.7367083826959746,8.316660801419744e-85,1.438296642829346e-64,7.069023692525516e-12,2.4280842912866816e-08,0.2632915361642336,1.1437497285178122e-40
2.746572712123635e-08,1.4800248687650348e-67,9.957836981265117e-09,0.8851010107454573,4.704786329700555e-85,8.136532852322812e-65,6.441949035723104e-12,1.6151895696849136e-08,0.11489893567264098,6.470262784326508e-41
3.509181538065717e-08,1.9451474032944574e-67,1.3850208875841352e-08,0.8413082815415976,6.183344013610063e-85,1.069357419833219e-64,8.710162035543093e-12,1.730504824979285e-08,0.15869165220261972,8.503650931262519e-41
2.5945534769336382e-08,1.4142815367701007e-67,9.424028318225123e-09,0.9253476507309305,4.4957977267611825e-85,7.77510461426604e-65,6.175780286267184e-12,1.5165467609743536e-08,0.07465229872786307,6.182850968956548e-41
2.346329859330667e-08,1.276835836078652e-67,9.519632963126559e-09,0.832982672829512,4.058877599717087e-85,7.019487946811216e-65,5.939455102947718e-12,1.2920599812646952e-08,0.16701728126101714,5.581976064204696e-41
1.4531638637551465e-08,7.824150476196025e-68,6.015346915696869e-09,0.8579559380899032,2.4871849776850717e-85,4.301377546730457e-65,3.716756264128696e-12,8.436716915109523e-09,0.14204403292267756,3.4205039870271714e-41
6.706751657448517e-08,3.943752767232358e-67,1.9675621274770734e-08,0.9198391231372882,1.2536623200443803e-84,2.1681037007709468e-64,1.3990901612695247e-11,3.381320040743002e-08,0.08016075629238252,1.7241005403983681e-40
3.3721325209559414e-08,1.8396643258923864e-67,1.232571901734972e-08,0.8726093533013843,5.848028471925879e-85,1.0113674128570376e-64,8.130057598727906e-12,1.836403810292069e-08,0.12739058227940317,8.042507848808539e-41
4.406638965926651e-08,2.4206497502347722e-67,1.4217679244887228e-08,0.8760515052249597,7.694897629254399e-85,1.330767923730008e-64,9.768143950561645e-12,2.1012957451588747e-08,0.1239484154682457,1.0582416771079135e-40
5.4595696740340125e-08,3.133651323172367e-67,1.8757220727895488e-08,0.9129383716672325,9.961427147917739e-85,1.722745169815431e-64,1.1955365132164136e-11,2.888467861577554e-08,0.08706152608321602,1.3699464085556918e-40
4.957589812822073e-08,2.701022604075927e-67,1.3998339097690076e-08,0.8779656774999499,8.586162632842937e-85,1.4849047213151454e-64,9.863269059571437e-12,2.183628410394816e-08,0.12203423707966546,1.180812998727499e-40
3.338602627897186e-08,1.8365064428034232e-67,1.2658069688550077e-08,0.8824061976145917,5.837990015477411e-85,1.0096313461165792e-64,8.100490665526612e-12,1.8433598386740307e-08,0.11759373789961336,8.028702450089245e-41
5.129842486311055e-08,2.9346528394099635e-67,1.7447651165360187e-08,0.9150156986614355,9.328839570644315e-85,1.6133444607553e-64,1.1920282434789056e-11,2.6464835039228577e-08,0.08498420611573326,1.2829497295945026e-40
2.0576629526096379e-07,1.4812856880520553e-66,3.5238919162978323e-08,0.8985412513554678,4.70879429299292e-84,8.143464288250805e-64,2.945140231723745e-11,6.225098476333884e-08,0.10145844535888167,6.475774740431257e-40
5.516353030952483e-08,3.0226835663812605e-67,1.3295218964288465e-08,0.8770597473441604,9.608676598784081e-85,1.661739924718921e-64,9.702022243227333e-12,2.679333575389804e-08,0.12294015739405251,1.3214343489154508e-40
2.0733078172575e-07,1.568833116047545e-66,4.580702099543398e-08,0.9001599580770057,4.987094983154508e-84,8.62476196037442e-64,3.174439325701131e-11,7.820998770000762e-08,0.09983971054345944,6.858508083077983e-40
1.0542850906723041e-07,6.309352417477233e-67,1.4534633947828408e-08,0.8059751340697224,2.005652447433477e-84,3.468607474448855e-64,1.1910194497001314e-11,4.8372710706273084e-08,0.1940246975825136,2.7582758237074194e-40
4.793000902146909e-08,2.7460881985310206e-67,1.781594857419209e-08,0.8980303820261495,8.72941968021206e-85,1.509679824594274e-64,1.1409864666045807e-11,2.4256409523574153e-08,0.10196952796007332,1.2005144405620306e-40
1.2478619914714225e-07,8.142822562561628e-67,2.897352631756637e-08,0.905589950907315,2.5884862535778936e-84,4.476569596171865e-64,2.2366770416521307e-11,4.32894201200057e-08,0.09440985202117289,3.5598186826333004e-40
9.388685558818404e-08,5.857045528510605e-67,2.3803955370014112e-08,0.9095815723976304,1.86187058856409e-84,3.21994882424119e-64,1.7497093131018717e-11,3.424779297119718e-08,0.0904182756462688,2.560539657745746e-40
5.806798756737974e-08,3.299124889425682e-67,1.7093953969041746e-08,0.9213527471461668,1.04874438310597e-84,1.8137153377109587e-64,1.2134251504166214e-11,3.0515541350012274e-08,0.07864714716421616,1.4422869131049156e-40
4.0014455334285344e-08,2.180435079949043e-67,1.356076322592248e-08,0.8322012646574186,6.931289719140798e-85,1.1987083484053978e-64,9.062646572912467e-12,1.890911164239198e-08,0.16779866284918857,9.53226411878221e-41
4.120892446440052e-08,2.3405093689803215e-67,1.3916850329453768e-08,0.9273365770289187,7.44014287604708e-85,1.2867102285766411e-64,8.982073778546739e-12,2.3147860603366435e-08,0.07266334468846375,1.0232065005175984e-40
1.8674033019736737e-08,1.012443077489259e-67,7.282385026531689e-09,0.9363394555878287,3.218411022070224e-85,5.56597158260722e-65,4.575426399754782e-12,1.1415647054187675e-08,0.06366050703553071,4.426123441421535e-41
1.3628101372295093e-07,8.797673698325476e-67,3.1359707537243074e-08,0.9062303193367774,2.7966540172791506e-84,4.8365782616998606e-64,2.4793661370611972e-11,5.500581369194279e-08,0.09376945799189397,3.846101637901632e-40
1.4833736911297522e-07,9.815013441343678e-67,3.514692254244415e-08,0.907151298515246,3.120051699076685e-84,5.3958673936418306e-64,2.7734945815956724e-11,5.6978364617990036e-08,0.09284846099436293,4.290854669907068e-40
1.0934459466350662e-07,6.655588823649392e-67,2.537562895219356e-08,0.9044878585058445,2.115716024403145e-84,3.658953187750325e-64,1.9475001663566908e-11,4.2993682471003575e-08,0.09551196376077446,2.909640883897522e-40
3.729202066359131e-08,2.0811533657626537e-67,1.2578606444416193e-08,0.8944443041678447,6.615687419780029e-85,1.1441275811385249e-64,8.38108794215443e-12,1.9860662318342986e-08,0.10555562609248477,9.098231695394382e-41
4.2933723477046256e-08,2.3992846209468825e-67,1.5616550188615165e-08,0.8044041581874907,7.626980954117836e-85,1.3190223051249577e-64,1.0117803608624605e-11,1.9124354127284806e-08,0.195595764127764,1.048901428587015e-40
7.15450264721619e-08,4.136071977502103e-67,1.5928237893860646e-08,0.8412639066751233,1.314797832731468e-84,2.2738324358426944e-64,1.1483454955729203e-11,2.932898315250204e-08,0.15873597651114574,1.8081772241879935e-40
1.5719609504765712e-07,1.0749591917744567e-66,2.790487898724795e-08,0.8944762697215318,3.4171407637673485e-84,5.909657981678014e-64,2.1908289880947255e-11,4.516816917208756e-08,0.1055234999874167,4.699426746127312e-40
1.9297890113829075e-08,1.0545074179780308e-67,7.913219607173673e-09,0.8712456649170707,3.3521275144590164e-85,5.797223026769622e-65,4.8293798814335144e-12,1.0190960086626935e-08,0.12875429767603014,4.610017200611434e-41
7.542662209811855e-08,4.36149478387304e-67,2.0808194087606536e-08,0.9088384517378217,1.3864565028119024e-84,2.3977600878983246e-64,1.522887573773727e-11,3.412001446722393e-08,0.09116141789211883,1.9067258922260757e-40
1.1258849800354102e-07,6.997020621328068e-67,3.001747385746781e-08,0.862309321148254,2.224252285390712e-84,3.8466575363237555e-64,2.1619058325265658e-11,4.014753659896572e-08,0.13769049607661848,3.0589055010353017e-40
1.6103871775432526e-08,8.537899233411768e-68,5.891531653197222e-09,0.7906516811405933,2.7140754486939407e-85,4.693765562226191e-65,3.759394028940418e-12,8.920737557618925e-09,0.20934828793950638,3.7325353669475495e-41
1.711910764953298e-07,1.1991912516369654e-66,1.2219504888725914e-08,0.7530040406156034,3.8120566258497068e-84,6.592631800372348e-64,1.0813235889378141e-11,9.246380929963817e-08,0.2469956834991926,5.242535237418632e-40
5.5348004355271276e-08,3.0773098054865947e-67,1.1810613764216021e-08,0.8502638632011866,9.782325561318192e-85,1.6917710544965086e-64,8.601787485368913e-12,2.7238009837858014e-08,0.14973604239358362,1.3453154423612579e-40
2.0490594845467476e-08,1.1127811197283736e-67,8.23130171840774e-09,0.9064518815740863,3.5373712364816263e-85,6.1175864873605e-65,5.116920817034252e-12,1.1937521929518877e-08,0.09354807776137837,4.864773841325722e-41
3.93961316158187e-08,2.2264662737840186e-67,1.3496929311028424e-08,0.9150049136929417,7.077616268150274e-85,1.22401429621575e-64,8.998408006574682e-12,1.9749981305721748e-08,0.08499501365501774,9.733499872771315e-41
3.966226834722526e-08,2.2446655110633057e-67,1.334064908539797e-08,0.9100366096120617,7.135469027633978e-85,1.2340194451247477e-64,8.891143356196527e-12,1.9039379608795892e-08,0.08996331833675036,9.813061946461032e-41
5.42932385281946e-08,3.095048518753243e-67,1.7741459002331786e-08,0.9113181492897736,9.838714381158121e-85,1.7015230273381847e-64,1.2260357432066383e-11,2.9858674466055644e-08,0.08868174880459388,1.3530703212631784e-40
2.336133096957065e-08,1.2641950532212273e-67,8.816039751996443e-09,0.907019213580066,4.0186943679083196e-85,6.949994421959613e-65,5.588736263893359e-12,1.2996869224008147e-08,0.09298074124010522,5.526714028671881e-41
2.1129823164387692e-08,1.1514900361945781e-67,8.774835239303005e-09,0.8436436549309445,3.660421318187134e-85,6.330391270004388e-65,5.4769426218730895e-12,1.1742329502272556e-08,0.1563563034165905,5.033998607016229e-41
1.1659494603762929e-07,7.480416311626222e-67,3.3169798443011195e-08,0.9058764448249476,2.377916827355377e-84,4.112407457003408e-64,2.204377365338718e-11,5.298643561534112e-08,0.09412335240182869,3.2702328382340186e-40
7.958167617356905e-08,4.72524747420881e-67,2.6338423098626455e-08,0.8872350251165789,1.5020882547507423e-84,2.597735492197269e-64,1.707089557555616e-11,3.51909410559208e-08,0.11276483375530993,2.0657485914150463e-40
5.761386522168251e-08,3.3181961192583084e-67,1.8785625496625833e-08,0.8323471224370275,1.0548068529536546e-84,1.824199870190257e-64,1.2589760785296617e-11,2.2375032568304587e-08,0.1676527787758594,1.4506243317011543e-40
3.998167055404192e-08,2.1874780660788533e-67,6.968096864207916e-09,0.720700796077711,6.953678359739418e-85,1.2025802757785825e-64,5.331297093403914e-12,2.248088861339782e-08,0.2792991344863017,9.563054122388204e-41
5.378529628176307e-08,2.968114449764467e-67,1.6067238141761122e-08,0.8421835084093792,9.435209220430668e-85,1.6317401984004534e-64,1.1153047519896135e-11,2.2662074872791846e-08,0.15781639906485836,1.2975782278548751e-40
3.525536794166058e-08,1.9136069253408708e-67,1.141348902964383e-08,0.8861596977372046,6.0830813675965e-85,1.05201783720435e-64,7.628510132548471e-12,2.0312433421442473e-08,0.1138402352738767,8.365764612586504e-41
1.590926251040498e-08,8.45042692944957e-68,5.175303762482071e-09,0.920325859931095,2.686269260528187e-85,4.645677094939107e-65,3.4224040580528136e-12,9.629680974763343e-09,0.07967410935123533,3.6942948748497273e-41
6.408249941324654e-08,3.647648856562645e-67,2.1799107707587048e-08,0.8450722368857378,1.1595351428265958e-84,2.0053186525118783e-64,1.4853280386348156e-11,2.9358529277191403e-08,0.15492764785927238,1.5946520322055004e-40
2.6667190673259285e-08,1.453714866561275e-67,1.050381102230342e-08,0.883747322086614,4.62115061430482e-85,7.991891906218842e-65,6.690475308742916e-12,1.5725816460425116e-08,0.11625262500987721,6.355242671011397e-41
6.023470954289547e-08,3.3843544141660955e-67,1.956893482908718e-08,0.8478198484044572,1.07583762399321e-84,1.860570822552702e-64,1.3336487124376656e-11,2.6222844812164908e-08,0.1521800455557173,1.4795469236420273e-40
1.7158491372027268e-07,1.1802138631754748e-66,3.7944133095536375e-08,0.9040868298303625,3.751730235603615e-84,6.488302374612729e-64,3.090302048414334e-11,5.831330049052574e-08,0.09591290229638716,5.15957130019199e-40
2.8026001617612806e-08,1.5154620902827027e-67,1.0330858475705351e-08,0.8652816873486657,4.8174361634145063e-85,8.331351279471362e-65,6.692546320177457e-12,1.4489696111994857e-08,0.1347182597980856,6.625184597064036e-41
2.7744403568184185e-08,1.4781541953096812e-67,8.182807872317249e-09,0.906623618395664,4.698839727663099e-85,8.126248703490802e-65,5.626918866821163e-12,1.4483709533352863e-08,0.09337633118778806,6.462084713068894e-41
9.679705215462075e-08,6.058895661323215e-67,2.746219271273749e-08,0.9103261932084915,1.926035844536946e-84,3.330917245889804e-64,1.8188546998334215e-11,4.3818909023238406e-08,0.08967363869516612,2.648782999456522e-40
1.1202552297119408e-07,7.20873844782905e-67,3.2575172169912845e-08,0.9029626820545318,2.291554339355987e-84,3.963050786674005e-64,2.1336475383433267e-11,4.773993562145284e-08,0.09703712558350093,3.151462727775068e-40
3.3103426987494494e-08,1.8622076698419437e-67,1.1711918090154496e-08,0.8644577207439105,5.919690522123802e-85,1.0237607626255345e-64,7.537571993949154e-12,1.4458173822622371e-08,0.1355422199750329,8.141061165357066e-41
9.051546669170797e-08,5.60649544573343e-67,2.498371512315102e-08,0.8907535997289506,1.7822243184754665e-84,3.082207288764847e-64,1.6608409427257896e-11,3.17723507322906e-08,0.1092462529829083,2.4510060336549707e-40
3.3500853575701e-08,1.873542467092873e-67,1.2385609964880938e-08,0.9288077361187446,5.955722213402475e-85,1.0299921410403824e-64,7.863345924749795e-12,1.9387284317404793e-08,0.07119219859964425,8.190613790024632e-41
5.748616322734611e-08,3.312059860344168e-67,1.8651660871057447e-08,0.9133539470057105,1.0528562244430109e-84,1.8208264219936112e-64,1.1921042725275061e-11,3.0096551754134364e-08,0.08664594674799261,1.4479417276094895e-40
9.705024238307893e-08,6.136055770438062e-67,2.2907995080016345e-08,0.892937119707749,1.9505639341807806e-84,3.3733365170758094e-64,1.644781678927199e-11,2.8454981020091092e-08,0.10706273186258465,2.6825152828104466e-40
4.958669098652119e-08,2.8752560471363517e-67,1.7677551730583794e-08,0.9130586931808262,9.140025705273165e-85,1.580690688385914e-64,1.1161143004536859e-11,2.5101594909927786e-08,0.08694121444217495,1.2569830811504798e-40
5.487409062472041e-08,3.1516731879989764e-67,1.960054908363608e-08,0.9026626789260407,1.0018716065868619e-84,1.732652807066431e-64,1.2300180866499534e-11,2.813698849405478e-08,0.09733721845003097,1.3778250735533326e-40
4.565273349189772e-08,2.64212070018853e-67,1.523588517388635e-08,0.920221963103752,8.398921946519876e-85,1.452523017050671e-64,9.818776224032099e-12,2.2300731663316483e-08,0.07977795369707895,1.1550627019121076e-40
1.0825843461165971e-07,6.685960224387516e-67,2.922498793453414e-08,0.8975626163393639,2.125370656161178e-84,3.6756500625861514e-64,2.013710313214357e-11,4.323201051650583e-08,0.1024372029250661,2.922918427272028e-40
5.0585290498871144e-08,2.9215825174444285e-67,1.711700972850744e-08,0.8951210060498855,9.287290895749719e-85,1.6061589663553472e-64,1.1069335887526221e-11,2.2770147775250057e-08,0.10487890346659712,1.2772357433245733e-40
1.3478227425129965e-81,9.087196316956033e-61,0.30237489659637173,3.373275566725329e-51,2.8422929887350847e-78,4.689999625803066e-58,0.000277017243892038,0.6973480861597362,1.1548714660743201e-21,3.980034070920225e-34
1.7115303944664408e-07,1.1885014650034755e-66,3.3398153871616125e-08,0.8787870083042594,3.778075330614697e-84,6.533864003990461e-64,2.589211606623567e-11,5.371856195152225e-08,0.12121273340009321,5.195802422256698e-40
7.311143777988586e-08,4.2410206846472183e-67,2.0491598777930024e-08,0.8724592418967707,1.348159518275853e-84,2.3315286692990662e-64,1.4464628668049557e-11,3.183608093182518e-08,0.12754063264964713,1.854057920413783e-40
8.422641848246423e-08,5.047977500287132e-67,2.3821914623286616e-08,0.9158756642008533,1.6046794913523386e-84,2.7751584203544408e-64,1.7501236062501725e-11,4.1494410302287556e-08,0.08412418623890197,2.2068373069622174e-40
2.6381714848110088e-08,1.4174562134596957e-67,6.941995654844645e-09,0.8392536991794143,4.5058895676522684e-85,7.792557605580944e-65,4.831846193895764e-12,1.4623579290311874e-08,0.1607462528684639,6.196729784691649e-41
3.057061932311256e-08,1.6591125204418075e-67,9.16523692857956e-09,0.8767879040032738,5.274080233613204e-85,9.121078850208161e-65,6.100081689417805e-12,1.6369514456852776e-08,0.1232120398852554,7.253184877212373e-41
7.323316750396675e-08,4.2590922571913e-67,1.9380477871539965e-08,0.8649087411487408,1.3539042114398625e-84,2.341463633690627e-64,1.3369024042569973e-11,3.1890666028186686e-08,0.1350911343335787,1.8619583162621173e-40
2.0191316550935438e-08,1.0793917600041481e-67,7.372609651657892e-09,0.8259578365052954,3.4312312610641397e-85,5.93402631344202e-65,4.714503516528097e-12,1.0896639258402019e-08,0.17404212502942457,4.718804718660632e-41
3.3490585081339034e-08,1.879174957217556e-67,1.2387686033207927e-08,0.8364809358519432,5.973627089935321e-85,1.0330886390727502e-64,7.92112325432123e-12,1.4971569200601825e-08,0.16351900329029556,8.215237491967712e-41
1.2982042626106272e-07,8.186374531384449e-67,1.4767897678891318e-08,0.7691063143756521,2.6023307984820697e-84,4.500512573927766e-64,1.2383583455406174e-11,5.448650321084341e-08,0.23089348653713707,3.5788584088571977e-40
1.1976457512098095e-08,6.395943793268438e-68,4.247959973185128e-09,0.938771070326497,2.0331786011954996e-85,3.516211645751791e-65,2.7644863151137687e-12,7.138259868436298e-09,0.06122890630806136,2.796131198171024e-41
6.254563596224085e-08,3.705556628311038e-67,1.7433453806058556e-08,0.880506824695342,1.1779431911408513e-84,2.0371538261754643e-64,1.2062218236108335e-11,2.3574819617981527e-08,0.11949307173868647,1.619967721716822e-40
7.50169210477189e-08,4.510453004616708e-67,2.2362458942702406e-08,0.9162041808870897,1.4338081801682502e-84,2.479650837323078e-64,1.5827646457406044e-11,3.334355158174681e-08,0.08379568837415102,1.9718463407021516e-40
1.0048700069567698e-07,6.099093590153266e-67,2.4538866577976375e-08,0.9069069879552221,1.938814188335974e-84,3.3530163183732254e-64,1.84714176397266e-11,3.98385542510111e-08,0.09309284716188496,2.6663564313903463e-40
1.2327886869679408e-07,7.840930293396347e-67,3.008498504204717e-08,0.9089114462319214,2.49251904039206e-84,4.310602360231078e-64,2.335798354884616e-11,5.086236734312799e-08,0.09108834951849945,3.4278396628695392e-40
9.186400518622902e-08,5.7379720860094e-67,2.108390533112288e-08,0.8876537661731237,1.8240188526687663e-84,3.154487425774376e-64,1.540817833819528e-11,2.583748054369614e-08,0.11234609502607697,2.508484014636177e-40
7.511375837318054e-08,4.5324123308302746e-67,2.0132447315443773e-08,0.8862701755614508,1.440788734344021e-84,2.4917231195476764e-64,1.4261586956747885e-11,2.845847478563652e-08,0.11372970071960704,1.9814463558212946e-40
5.862294948129535e-08,3.372520357534484e-67,1.8845913451120732e-08,0.8623403212605121,1.072075747484218e-84,1.8540649730503414e-64,1.2765925160504136e-11,2.7227142791360693e-08,0.13765957403071613,1.4743733986677462e-40
5.0378289626581035e-08,2.954531976621091e-67,1.5038421477429976e-08,0.8965570716231048,9.392032490554634e-85,1.6242731455637605e-64,1.0002769443522468e-11,1.8692983370743692e-08,0.10344284425719803,1.2916403431373006e-40
1.1492547226379827e-07,7.067271364590224e-67,1.622103014822897e-08,0.7909659465610587,2.2465839869402196e-84,3.885278338751866e-64,1.3105741497105798e-11,4.335444433371899e-08,0.20903387892488876,3.0896171991488385e-40
2.5227546183883987e-08,1.3906454540618964e-67,1.00578930394453e-08,0.8405094960636665,4.4206620171119116e-85,7.645163714275629e-65,6.232668743307543e-12,1.2446823184220701e-08,0.15949045619783841,6.079520498272115e-41
5.79610979791522e-08,3.322498460355079e-67,1.729825310221858e-08,0.895851004563405,1.0561745053495693e-84,1.8265651101544326e-64,1.2035629357850266e-11,2.883514212475772e-08,0.10414889133006618,1.4525051972238497e-40
5.23741054287756e-08,2.9233827455038187e-67,1.825922300825048e-08,0.8362358771099473,9.293013561998718e-85,1.6071486534245334e-64,1.221787831194784e-11,2.342823005473749e-08,0.16376402881627627,1.2780227536553993e-40
4.61430381699678e-08,2.6125166018656543e-67,1.7464356010736355e-08,0.8618027429818607,8.3048147730311e-85,1.436247971701706e-64,1.1557308956630946e-11,2.269796623806892e-08,0.13819717070122178,1.142120602107942e-40
8.77249539918104e-08,5.117587015173028e-67,2.245673463618087e-08,0.8983291733332043,1.6268073556175871e-84,2.813426703317548e-64,1.6882530147948963e-11,3.5058843788831774e-08,0.10167068140938103,2.237268677617297e-40
6.286346299216836e-08,3.6170469597163994e-67,2.077899582418881e-08,0.8774160244402714,1.1498072396687757e-84,1.9884950609434043e-64,1.459862654444723e-11,2.8484479955076237e-08,0.12258386341819102,1.5812737222545821e-40
2.962749010224338e-81,1.2324799423057621e-60,0.45183027850089674,7.41504689844855e-51,3.8788105711506316e-78,6.513639928437987e-58,0.00027591893545694324,0.5478938025636464,2.53860851662772e-21,5.394219879261214e-34
2.3907902769692374e-08,1.3093239059242664e-67,8.653358721551054e-09,0.905654085753886,4.162152504155377e-85,7.198093221077974e-65,5.5979615281410485e-12,1.3604974467142188e-08,0.09434586807428011,5.724004994726709e-41
1.4295471535386307e-07,9.37433639896738e-67,1.4820410607448596e-08,0.7594403238431807,2.9799668012793326e-84,5.153602327139867e-64,1.2613853330043452e-11,5.616833946933606e-08,0.24055946220073995,4.098202753890709e-40
4.269006158089307e-08,2.409080327411298e-67,1.4769501242940543e-08,0.8956795917734411,7.658120097003993e-85,1.324407558382623e-64,9.304338234616552e-12,2.1211929904099508e-08,0.10432032954576184,1.0531838427761618e-40
3.3378991140055e-07,3.8837404639672104e-66,1.3963516547873743e-08,0.7598353975703592,1.2345852714099675e-83,2.1351115472358596e-63,1.2941837471902967e-11,1.868219529392569e-07,0.24016406784131802,1.6978648074311106e-39
8.360762708132043e-08,5.095549767680564e-67,2.703988101259587e-08,0.9027018423558633,1.6198020313872388e-84,2.80131158336373e-64,1.7172582363084957e-11,3.9306639444127316e-08,0.09729800767281667,2.227634597452247e-40
5.915572120490884e-08,3.472759818919431e-67,1.9454899581448396e-08,0.917111323477217,1.103940431488749e-84,1.9091722680607507e-64,1.3039815296653138e-11,2.816601295398502e-08,0.08288856973310933,1.5181953418126037e-40
4.938413065266057e-08,2.8488960047634057e-67,1.8017985275787593e-08,0.9017830717401132,9.056230919372001e-85,1.5661990838674666e-64,1.116986389982953e-11,2.434957772851533e-08,0.09821683649702334,1.2454591936295047e-40
1.92762593943683e-07,1.4649227632762415e-66,2.7121980898094872e-08,0.8627926452124112,4.656778907019437e-84,8.053508046427931e-64,2.1785522427651123e-11,2.9706214051357302e-08,0.13720710517501458,6.40424052134207e-40
6.194246849568191e-08,3.54835333283021e-67,2.1011334190819228e-08,0.8562718693368458,1.1279705230343202e-84,1.9507302933573662e-64,1.3879068329478496e-11,2.743186356668601e-08,0.1437280202636088,1.5512427527119556e-40
1.0177672036027633e-07,6.294850197072509e-67,2.4039837954155417e-08,0.9043314249560941,2.0010424000112755e-84,3.460634784580939e-64,1.770516712862351e-11,4.294543767148119e-08,0.09566840626420485,2.7519358507140554e-40
4.0786160387039274e-08,2.3007765693896118e-67,1.4982310857593143e-08,0.9202603416272942,7.313838017054347e-85,1.2648668639138351e-64,9.405111083731301e-12,2.295452077851081e-08,0.07973957964030874,1.0058364103296285e-40
6.245567149605697e-08,3.6263357862691595e-67,2.0155488080443425e-08,0.920351164959828,1.1527600241190027e-84,1.9936016536771555e-64,1.3677565148005183e-11,3.296309535506554e-08,0.0796487194522395,1.5853345424490788e-40
4.136344895442978e-08,2.2901700097644894e-67,1.1744152815455853e-08,0.9225846933386804,7.28012128851649e-85,1.2590358388641045e-64,8.034658281830914e-12,2.3119424415355843e-08,0.07741523042625856,1.001199513378739e-40
6.083502812089133e-08,3.504659594086523e-67,1.6988100140926845e-08,0.9074849494008513,1.114080911509999e-84,1.92670937666659e-64,1.1838062284167901e-11,2.94886863752064e-08,0.09251494327549595,1.5321410485671286e-40
3.2813760588521266e-08,1.8252223878029764e-67,1.1962442292734496e-08,0.9161255930230411,5.802119626519697e-85,1.0034278635835348e-64,7.880769003143555e-12,1.817471823809814e-08,0.08387434401815694,7.979371656623181e-41
3.1626340096756816e-08,1.715900959510692e-67,1.1574766175448026e-08,0.7914018025561461,5.454602519052408e-85,9.433276982731207e-65,7.49070454764563e-12,1.5965735233632403e-08,0.2085981382695219,7.501448356861872e-41
9.239496576442075e-08,5.670101049834652e-67,2.7636259610579657e-08,0.9102043545468689,1.802443625798152e-84,3.117174882775161e-64,1.903255070819721e-11,4.216573245487504e-08,0.08979548323714052,2.478812659190537e-40
4.889156606324377e-08,2.7606309879077437e-67,1.5859345525444677e-08,0.8739646954072884,8.775649117364973e-85,1.5176748175180658e-64,1.0552713000241016e-11,2.2773911819363015e-08,0.12603521705733567,1.2068721491972258e-40
9.009429683413596e-08,5.3795396949101996e-67,1.5315568124360336e-08,0.831258635025885,1.7100783473870864e-84,2.9574368905391973e-64,1.1653485723717789e-11,3.878031595241767e-08,0.16874122077228057,2.3517872043480196e-40
4.3618022040600083e-08,2.46974431710513e-67,1.542338639698113e-08,0.8972585724692365,7.850962200836202e-85,1.3577579807649647e-64,1.0271950566723051e-11,2.1690753534677315e-08,0.1027413467883297,1.0797044751755546e-40
2.643680473531968e-08,1.4424992159820612e-67,8.297012691273751e-09,0.8955470195465823,4.585497673170248e-85,7.930233138637394e-65,5.5966751484720984e-12,1.3957474129575492e-08,0.10445293175652946,6.30621092291297e-41
4.955073914448535e-08,2.8472076065057843e-67,1.3980581289724109e-08,0.8860251356624862,9.050863743989215e-85,1.5652708759582034e-64,9.563144750447871e-12,1.815255941528784e-08,0.1139747826440709,1.2447210722207393e-40
3.658712016537617e-08,2.0128115509267754e-67,1.1977262790406667e-08,0.9233954246474412,6.398438613376485e-85,1.1065562245123707e-64,7.847541308993523e-12,2.042972015285311e-08,0.07660450635060823,8.799460025756907e-41
3.807313391008899e-08,2.1214692735472423e-67,1.46551729168595e-08,0.8719966316690916,6.743845895909336e-85,1.1662915133185455e-64,9.601370040225663e-12,2.0132200454376593e-08,0.1280032954607999,9.274481786362533e-41
3.220295989587447e-08,1.7394542817493588e-67,9.760556871022095e-09,0.8385117168269742,5.529475145064412e-85,9.56276290166456e-65,6.75123707275148e-12,1.6592816405684904e-08,0.16148822460994133,7.604417021473065e-41
1.3107575890280038e-07,8.397448141195227e-67,1.1493258077396478e-08,0.7594546543881544,2.6694280652210345e-84,4.61655166196801e-64,9.957641988926865e-12,6.887739698654737e-08,0.24054513415547396,3.6711340017296133e-40
1.6886424473143564e-08,9.062868911069761e-68,6.669214251278156e-09,0.9065117479701785,2.88095576368578e-85,4.982371052504322e-65,4.246046038900024e-12,1.0375483402069767e-08,0.09348821809445335,3.9620377111267166e-41
7.913615626048073e-08,4.6077186097499456e-67,2.3542981544904992e-08,0.8166233343886092,1.4647275180144276e-84,2.533123235542171e-64,1.6541044290620047e-11,3.0886989230386586e-08,0.18337653202872264,2.0143681954608297e-40
1.2886699347036434e-07,7.962792021760413e-67,2.9065534180860557e-08,0.8591220095184853,2.531257132286377e-84,4.377596636962552e-64,2.1855387889794006e-11,3.595252557668742e-08,0.14087779657460606,3.4811142680811155e-40
3.1946681998713336e-08,1.777378322714782e-67,1.238340141287432e-08,0.8357503487520954,5.650030220365283e-85,9.771252780260642e-65,7.863478259979326e-12,1.5679525395347443e-08,0.16424959123043212,7.770210526750178e-41
5.0292220680943394e-08,2.8507386370388334e-67,1.6938707937778263e-08,0.9148909872986329,9.062088382528911e-85,1.5672120829298596e-64,1.0969170647418789e-11,2.659566760824814e-08,0.08510891886380167,1.2462647419205173e-40
5.8336108329610274e-08,3.405814516308842e-67,1.7522603486077364e-08,0.9006489321539567,1.082659482012354e-84,1.8723686531016137e-64,1.2140388632633514e-11,2.4074162258087865e-08,0.09935096790102896,1.4889286916901495e-40
4.583255837045386e-08,2.6341822178859303e-67,1.466426507948763e-08,0.875712549415051,8.373686652300122e-85,1.4481587848397232e-64,9.767278011938523e-12,1.9588029671093615e-08,0.12428737049032886,1.1515922151864758e-40
2.9414859497799024e-08,1.6031733683504567e-67,1.1136427922820745e-08,0.8858926874798064,5.096257709405195e-85,8.81354972801027e-65,7.279524939445765e-12,1.6514476178035345e-08,0.11410725544715059,7.008634247285825e-41
1.6144021723750189e-07,1.0747489074336514e-66,1.654971513441588e-08,0.7778781234747714,3.4164723000726836e-84,5.908501929855238e-64,1.4162977646841546e-11,6.388089091881745e-08,0.22212163464024243,4.698507440666198e-40
2.9088496951087565e-08,1.6025085729021872e-67,9.820630133151444e-09,0.8948120657497222,5.0941444202280496e-85,8.809894971851048e-65,6.432872024123017e-12,1.4332414768328664e-08,0.10518788100230313,7.005727943926399e-41
2.226194917752774e-08,1.1943783939929125e-67,7.3508120708510705e-09,0.8921069972631663,3.796757243164719e-85,6.566172802850863e-65,4.882661621544355e-12,1.2123723590308758e-08,0.10789296099546608,5.221494743871682e-41
2.286489852694227e-07,1.829069036577027e-66,1.4620074187871299e-08,0.7699702914921186,5.814347570082844e-84,1.0055425837333063e-63,1.3119389087353934e-11,9.909768946619804e-08,0.23002936612801303,7.996188150002702e-40
3.2284659630276284e-08,1.7763204842660927e-67,1.266086653118939e-08,0.8502561915127917,5.64666750398297e-85,9.765437244676167e-65,8.001745417934648e-12,1.6707102782265253e-08,0.14974374682657776,7.765585947196936e-41
2.2793921324528938e-08,1.2349147563709567e-67,8.288687109816776e-09,0.9041669664056317,3.925616512760063e-85,6.789024088098408e-65,5.336586014719726e-12,1.3147504490694162e-08,0.09583298935891867,5.39870860185603e-41
6.451500848176561e-08,3.615995621597162e-67,1.0368652793376436e-08,0.7273985174650416,1.1494730343918464e-84,1.9879170809832966e-64,8.177034583932771e-12,3.199585049899846e-08,0.27260137564726955,1.5808141060650026e-40
5.026109564068762e-08,2.819469056626341e-67,9.846717501605614e-09,0.7956569577590122,8.962686880861625e-85,1.550021427983845e-64,7.322213795569035e-12,2.3801416251960336e-08,0.20434295832443608,1.2325945390276918e-40
1.781189292503527e-08,9.389459084120144e-68,5.141716981983342e-09,0.726096409650152,2.9847740855268235e-85,5.1619161215333e-65,3.518246847477086e-12,9.73859992100299e-09,0.27390355765411994,4.104813977053781e-41
5.8196459167332204e-08,3.2898563994020514e-67,1.755218655598855e-08,0.8884873783585763,1.0457980633460502e-84,1.8086199251161943e-64,1.2501241191456188e-11,2.7886384899691823e-08,0.11151251799389174,1.4382349834831623e-40
5.4175342748882776e-08,3.050377193687523e-67,1.9718839439300523e-08,0.8352455285992811,9.696710659508375e-85,1.6769646762168746e-64,1.3018638495775834e-11,2.4977042253318943e-08,0.16475437251647584,1.3335412431916418e-40
3.941127421152303e-08,2.194739173493192e-67,1.519949835798994e-08,0.8353440925334084,6.976760376550374e-85,1.206572116744762e-64,9.694677561225915e-12,2.0149028589115057e-08,0.16465583269709588,9.59479769242375e-41
1.5528922462295374e-07,1.0332491676320315e-66,2.9801572209143433e-08,0.9015556853774774,3.2845505921167146e-84,5.6803544146445746e-64,2.247964188207004e-11,6.30211926028725e-08,0.09844406648805347,4.517081960821588e-40
1.2797578723151268e-08,6.826708869292346e-68,4.802588918894735e-09,0.8379829280817407,2.1701126273568828e-85,3.753027544367498e-65,3.0270320809008475e-12,7.1645018322275795e-09,0.16201704715056264,2.984449874363995e-41
9.223809026827182e-08,5.50684552794243e-67,2.36517071667465e-08,0.9097876746229583,1.7505470419057773e-84,3.027424099174642e-64,1.7274358585462922e-11,3.8481710189880984e-08,0.09021217098825962,2.407441822799359e-40
9.925113003899442e-08,5.892169414783033e-67,2.3712294074826366e-08,0.8397834998408374,1.8730359671646788e-84,3.239258408869679e-64,1.7213050637866533e-11,3.646042180868148e-08,0.16021634071810353,2.5758948574444543e-40
9.925113003899442e-08,5.892169414783033e-67,2.3712294074826366e-08,0.8397834998408374,1.8730359671646788e-84,3.239258408869679e-64,1.7213050637866533e-11,3.646042180868148e-08,0.16021634071810353,2.5758948574444543e-40
1.0765196274831649e-08,5.742904631122416e-68,4.3454190989804095e-09,0.9277392839219962,1.825586837863347e-85,3.1571991244900267e-65,2.7164907394307683e-12,6.86194222685067e-09,0.07226069410272996,2.51064038806951e-41
6.280740416872854e-08,3.537886427660801e-67,9.261846449443807e-09,0.7336295820685989,1.1246432443247132e-84,1.9449760442518017e-64,7.418868399872181e-12,3.496687513874312e-08,0.2663703108878564,1.5466669088586558e-40
2.785970033303885e-08,1.492405305920502e-67,9.514256637146189e-09,0.8990763699842573,4.744141959943013e-85,8.204595109766924e-65,6.3401300780810305e-12,1.5252309988758764e-08,0.10092357738313562,6.524386659858109e-41
6.293902539236111e-08,3.5740702321588326e-67,1.9626023015847378e-08,0.8594369148513634,1.1361455556947204e-84,1.964868325809606e-64,1.3651402307963715e-11,2.861895338356948e-08,0.14056297395098336,1.5624854757341102e-40
3.032122344888908e-08,1.6774163920776097e-67,1.1072872017693314e-08,0.8658212991029086,5.332265610676884e-85,9.221705573469694e-65,7.119457187730628e-12,1.5718143932791283e-08,0.1341786437777327,7.333204383609618e-41
9.200039209880035e-08,5.6141758752754824e-67,2.509237065303795e-08,0.8776296240316606,1.7846658166339285e-84,3.086429654794481e-64,1.7999902070361515e-11,3.684655728658485e-08,0.12237022201101969,2.4543637067915754e-40
9.909958192659209e-08,5.998755605713496e-67,1.3443073962486162e-08,0.8220585920129388,1.9069181852684136e-84,3.2978548596734615e-64,1.073964086211397e-11,4.4305606462475185e-08,0.17794125112805897,2.622491416668214e-40
1.5894352067550166e-07,1.047496308901517e-66,1.993853991358167e-08,0.8341166484459573,3.3298402064310476e-84,5.758678999208874e-64,1.6515115430926887e-11,5.720564744643726e-08,0.1658831154498194,4.579366554739197e-40
3.508138362143148e-08,1.9179172751731118e-67,1.0686891189621926e-08,0.7764710520038929,6.096783350174586e-85,1.0543874800228722e-64,7.324062669004267e-12,1.7114245256246908e-08,0.22352888510626295,8.384608279808288e-41
2.861270662141929e-08,1.592976520886073e-67,1.0049281504681447e-08,0.9155846226902496,5.063843396937254e-85,8.757491896729834e-65,6.6187398059994594e-12,1.5115164039069804e-08,0.08441532352597951,6.96405642696764e-41
2.691000875889245e-08,1.4781704245713886e-67,1.0013153071466766e-08,0.9182274706949141,4.6988913181533913e-85,8.126337924911223e-65,6.4600999363489575e-12,1.5555855879935817e-08,0.081772476819608,6.462155662949709e-41
8.503188315835799e-08,5.028895356896653e-67,2.682122971080063e-08,0.8363187346423246,1.5986135522414757e-84,2.764667888075823e-64,1.8934230993016094e-11,3.4019319544026e-08,0.16368111946630867,2.198495117257822e-40
7.509782321340336e-08,4.4764807252100545e-67,2.33451447017717e-08,0.9071325218575355,1.423008880837925e-84,2.4609743560494103e-64,1.6074458271996897e-11,3.4873540901957956e-08,0.09286734480988099,1.9569945919388338e-40
5.505871480678449e-82,3.7121301980384116e-61,0.5262727264069482,1.3779869676834252e-51,1.1610799708892667e-78,1.9158702676255443e-58,0.0005166238827914358,0.4732106497102603,4.717663286384705e-22,1.6258485179105004e-34
7.272433579405901e-08,4.186019022438809e-67,1.979264129944585e-08,0.8226785469172,1.3306752804140351e-84,2.3012911482319695e-64,1.4006609078240293e-11,2.916907318626654e-08,0.17732133138274303,1.8300127022844332e-40
4.0882441772070836e-08,2.2557414239209182e-67,1.3529173647039247e-08,0.858761653634244,7.170677762636473e-85,1.240108500162764e-64,8.834791234571878e-12,1.9442742837457443e-08,0.141238272502563,9.86148279956795e-41
3.8803012639013405e-08,2.1707846952466837e-67,1.5376106839382498e-08,0.8181213699237706,6.900612533248714e-85,1.1934029867303727e-64,9.732762970863074e-12,1.8375014226431483e-08,0.181878557512363,9.49007528377553e-41
1.2601776970291968e-07,8.271846542000634e-67,3.613168522208386e-08,0.8929004646478526,2.629501122143901e-84,4.547501366954803e-64,2.3746345768484783e-11,4.928410323269179e-08,0.10709932389484306,3.6162244275682833e-40
1.3064607657211647e-07,8.358218030492143e-67,3.678518564360596e-08,0.8464667500538352,2.656957376893851e-84,4.594984653786436e-64,2.6751873614670915e-11,4.3188573367737643e-08,0.15353303929957726,3.6539836733355403e-40
2.5990205205516973e-08,1.427573487931987e-67,1.0008705669808926e-08,0.8558140456562708,4.538050929015597e-85,7.84817797916862e-65,6.3130038380664035e-12,1.3648233810292753e-08,0.14418590469027173,6.240959733713726e-41
2.6737116177529596e-08,1.4666625922890994e-67,1.0481071667436478e-08,0.862379907352151,4.662309573380834e-85,8.063072869438206e-65,6.580765708857736e-12,1.4058641165669849e-08,0.13762004136443917,6.411846576585171e-41
