i = 0,i = 1,i = 2,i = 3,i = 4,i = 5,i = 6,i = 7,i = 8,i = 9
1.0537809298285555e-06,1.0351727505529705e-76,1.6303126471844747e-08,0.9912048913575257,3.438323640574842e-84,3.197674524557965e-103,8.306863261732886e-17,8.648400971343092e-08,0.008793952074408334,1.8803100053579684e-72
1.0506651802906372e-06,1.2595265298413644e-76,2.1065788519476674e-08,0.9894812170519622,4.183514144060881e-84,3.890708961694734e-103,1.0800516495140852e-16,8.549823346259065e-08,0.010517625718835232,2.287831026086628e-72
9.47027940980783e-07,1.5119358677546006e-76,2.1621551328742138e-08,0.9906627847786377,5.021891113687762e-84,4.670407721321614e-103,1.2403206494046988e-16,1.1702702330940692e-07,0.009336129544846543,2.746312765748449e-72
2.5675823583396144e-06,1.4601844153461228e-76,2.5400547956921848e-08,0.9773953444959387,4.849998797013951e-84,4.510546190106594e-103,1.2570590133709813e-16,1.3061282170460247e-07,0.022601931908333338,2.6523103166852507e-72
2.463891817394382e-06,3.2490477330526973e-76,5.434420226887084e-08,0.9854579157513595,1.0791703726690735e-83,1.0036389732540383e-102,2.0060382597101182e-16,2.0344626910196215e-07,0.014539362566351476,5.90164004711405e-72
4.66188119883711e-104,4.124807784044281e-71,0.3336462291596272,3.8234803048871645e-71,4.2390430339747814e-83,1.566118023775903e-107,1.4923229066710968e-09,0.6663537693480499,1.0289410071593002e-46,7.412178248170439e-67
1.821676393056525e-06,7.459291983176367e-76,8.740188698126542e-08,0.9864588332499307,2.4776019223849636e-83,2.304193955366485e-102,3.6801569883569697e-16,3.8885860490305975e-07,0.013538868813183811,1.3549218081098725e-71
1.6130765620632996e-06,2.71830352796537e-76,1.843496448272186e-08,0.8966705091385371,9.028838208375025e-84,8.396907604791241e-103,1.532446791845981e-16,1.6953377050367605e-07,0.10332768981616579,4.937584879917685e-72
2.8525720762051386e-06,2.7315932747265104e-76,4.003276373846439e-08,0.9809912781846738,9.072980068215975e-84,8.437959965021192e-103,1.8705662762777478e-16,1.685662378200432e-07,0.019005660644248135,4.961724661215348e-72
2.506302978909375e-06,4.111459136961155e-76,3.363292092712345e-08,0.888791643191438,1.3656200996712388e-83,1.2700400135145385e-102,2.557811087204465e-16,1.9013854171347084e-07,0.11120562673412013,7.468142633892592e-72
4.197828959118594e-06,6.773710127739557e-77,1.3457176141624047e-08,0.9401804153287421,2.2498860846334055e-84,2.0924160050235696e-103,6.033264176527126e-17,5.957939947582573e-08,0.05981531380572302,1.2303912482027365e-72
3.4913395182712554e-06,1.5428920227946687e-76,2.246132132185868e-08,0.8993722492384627,5.124711903395285e-84,4.766032058705895e-103,1.2115599408645451e-16,1.0459428665381148e-07,0.10062413236641084,2.802542190275089e-72
4.339216069081272e-06,1.058838699552225e-76,2.2712831348838388e-08,0.9735728757494098,3.5169300295831585e-84,3.2707792330947577e-103,9.018578308007711e-17,8.577909855310964e-08,0.026422676542591037,1.9232973431388548e-72
1.938294615785987e-06,2.0873430616318808e-76,3.769327482760232e-08,0.9885636490873014,6.9331046349171785e-84,6.447854938827956e-103,1.5089844000207385e-16,1.514303886765739e-07,0.0114342234944191,3.7914947445287517e-72
1.0559563823202406e-06,1.2677042561383724e-76,1.66302043642192e-08,0.9913441240972546,4.210676441018692e-84,3.915970162817717e-103,9.037765169265052e-17,9.03460910403952e-08,0.008654712970067514,2.302685223677445e-72
4.844808316327957e-06,7.186299635700166e-77,1.6610537077229225e-08,0.9728126566166856,2.386927584065873e-84,2.2198659362549298e-103,6.682344878935488e-17,7.805571836288533e-08,0.02718240390874269,1.3053348921027173e-72
7.744988442366886e-07,2.116262701762075e-76,9.529913048974165e-09,0.6170232357138955,7.029161145565711e-84,6.537188430705817e-103,9.530190677757545e-17,1.5900043251206992e-07,0.38297582125691465,3.8440249996568045e-72
1.8555997180930446e-06,6.613456137595923e-77,1.2437031170483746e-08,0.9856346579638274,2.196657762837554e-84,2.0429131465424785e-103,5.72905072539685e-17,7.399958622787142e-08,0.014363399999837139,1.2012823694281897e-72
5.539688132294271e-06,1.2066715929544576e-76,2.5297891995855803e-08,0.9643599040681526,4.007956606517255e-84,3.7274387393187136e-103,1.065091766126397e-16,8.52663924691055e-08,0.035634445679430644,2.191824184129162e-72
8.670851730096711e-07,5.713220791501622e-77,1.0208094923284716e-08,0.9941715282938188,1.8976448231225486e-84,1.7648281959122913e-103,4.915343510457226e-17,5.3937720755808895e-08,0.005827540475192295,1.0377616886979645e-72
5.752418488817039e-06,6.02115865624891e-77,1.4587464631440645e-08,0.9705224130254055,1.999926306056016e-84,1.85995097273608e-103,5.658513359506077e-17,5.908486141798459e-08,0.02947176088377963,1.0936961834770818e-72
4.646473591994701e-06,2.629984193424265e-77,7.122886343932239e-09,0.9866511770555735,8.735485764823644e-85,8.124086970808033e-104,2.5384972318996106e-17,2.9886388259243154e-08,0.013344139461559996,4.777159744774314e-73
9.004714301888149e-07,3.2263589630903267e-76,3.185928119748603e-08,0.9906145911996881,1.0716343035351525e-83,9.966303554495732e-103,2.0567464124182915e-16,1.529032366538747e-07,0.009384323566363855,5.860427678312109e-72
2.303975477765313e-06,1.0334540838722768e-76,1.922355600525353e-08,0.9754796021993464,3.432615093595277e-84,3.1923655201834543e-103,9.343022262428419e-17,1.018796203213462e-07,0.024517972721999185,1.877188182305867e-72
2.0952529608138285e-06,1.6828411436703155e-76,2.306548836181082e-08,0.9708057793041952,5.589552550067408e-84,5.198338394357877e-103,1.3457401803473775e-16,1.3011465128031004e-07,0.0291919722627043,3.056748777613252e-72
1.8316197091094635e-06,2.181312917330841e-76,3.9881745958204533e-08,0.9897983441720789,7.245225270027161e-84,6.73813017403333e-103,1.5088845048308363e-16,1.7923211269151784e-07,0.010199605094352903,3.962183607598624e-72
1.718566607948833e-06,2.0438200815090937e-76,2.1131851676841055e-08,0.970331579243291,6.7885431678726585e-84,6.313411364364531e-103,1.4097375825224106e-16,1.3128253724785125e-07,0.029666549775711783,3.7124386691595363e-72
3.0242503210439704e-06,9.943806845681433e-77,1.9812235554523282e-08,0.983239222307958,3.3028328978475055e-84,3.071666812189096e-103,8.722010236343802e-17,9.625797189825868e-08,0.016757637371513413,1.8062144210513672e-72
1.139488911556991e-06,2.0263012151877604e-76,2.712400174859661e-08,0.9900262100819452,6.730354298240481e-84,6.259295148008429e-103,1.5759106836446994e-16,1.19733843296064e-07,0.009972503571298044,3.6806170243095007e-72
1.1333068814202354e-06,3.169944063212893e-75,6.872669667087292e-08,0.9779143889869089,1.0528961089849551e-82,9.792036517378308e-102,9.016400728000975e-16,3.0952977887379276e-07,0.02208409944973296,5.757954443159672e-71
1.0897320018765085e-06,2.5051069622912355e-76,1.884068349082437e-08,0.9660149432603811,8.320706361342569e-84,7.738338079641687e-103,1.4538315375964174e-16,1.7018700409136113e-07,0.03398377797992941,4.550330061501252e-72
1.9783155832152443e-06,3.173340775407735e-75,1.6184029693801444e-07,0.9815909137503568,1.0540243260708005e-82,9.802529046327607e-102,8.351642970207515e-16,7.376577686050082e-07,0.018406208435993575,5.7641243041049794e-71
9.357106147421248e-07,1.0086710628848273e-75,1.8695899650906847e-08,0.7972906808962719,3.350298352838247e-83,3.1158101483280606e-102,2.7531642270081924e-16,4.6880811261729967e-07,0.20270789588910082,1.832171770986302e-71
2.0934873081520366e-06,1.8313402233355612e-76,3.5249981628300074e-08,0.9853381165014845,6.082791862968444e-84,5.657055766615026e-103,1.437930685275573e-16,1.3262381191711101e-07,0.014659622137413742,3.3264856936322026e-72
1.1931608663664883e-06,1.1385405302581983e-75,5.1897163611004424e-08,0.9834952921050862,3.781659456209829e-83,3.516980182137302e-102,4.93906672682623e-16,2.246856830438772e-07,0.016503238151200274,2.0680694593307986e-71
1.259862059599529e-06,6.581709452588632e-76,3.9812083164111875e-08,0.9860130590636784,2.18611310954059e-83,2.033106516119415e-102,3.1435103117901207e-16,1.8650590032805316e-07,0.013985454756278215,1.1955158334153092e-71
8.161179260504223e-07,2.399010357792587e-76,2.555910849307968e-08,0.9911285892281645,7.968306761142934e-84,7.410603014005345e-103,1.6424791883773599e-16,1.347683097734065e-07,0.008870434326490999,4.357613911596078e-72
3.245905431067296e-06,1.4708232674279292e-76,2.2641392647873472e-08,0.937553489982023,4.8853357169646665e-84,4.543409870351615e-103,1.2167405264779484e-16,1.1152791121726318e-07,0.06244312994324195,2.6716349559826603e-72
1.0639522502360862e-06,1.2897208821202405e-76,2.2512881960784922e-08,0.993658410952483,4.283804607847573e-84,3.983980071290803e-103,8.937027632146706e-17,1.0584069221362226e-07,0.0063403967416925285,2.342676695724808e-72
1.042891653541863e-06,3.3026139394663684e-77,7.897535697589597e-09,0.9962408506658633,1.0969623744146418e-84,1.020185708427922e-103,2.957378627051543e-17,3.9235721904142015e-08,0.003758059309225556,5.998938854308204e-73
1.0820991205644303e-06,1.2699795802192342e-75,5.981298123325169e-08,0.9838920220594304,4.218233924127686e-83,3.922998695827881e-102,6.037147493864059e-16,2.8008583080812965e-07,0.016106555942636536,2.3068181711805457e-71
1.1603586344146207e-06,1.5215709752829165e-75,7.036308504596141e-08,0.9844946929950659,5.053894098673984e-83,4.700170809529081e-102,7.202585402624142e-16,2.9604836966548675e-07,0.015503780234844357,2.7638141818922912e-71
1.1737951400885438e-06,8.23931406372127e-76,4.5976029984057256e-08,0.9827373798963274,2.736686056726334e-83,2.5451447275171964e-102,4.116281825335692e-16,2.5034938619778665e-07,0.01726114998311595,1.4966066932331766e-71
1.3610061895518558e-06,1.1955602561487297e-76,1.9610526060556944e-08,0.9834507378184542,3.9710503297657485e-84,3.693115541940805e-103,9.244016218147949e-17,9.102856507987e-08,0.01654779053626501,2.171641313436756e-72
5.05439846014335e-06,1.7214482605490067e-76,2.829075059623193e-08,0.9075224800540551,5.71778598993291e-84,5.317596744274525e-103,1.400109701799528e-16,1.0290466588758792e-07,0.09247233435206807,3.126875573460853e-72
1.6972243638605368e-06,4.720898665466278e-76,2.5537228583324045e-08,0.9357430637814818,1.5680452830274082e-83,1.458297408574295e-102,2.1131095634373327e-16,2.0200472515932157e-07,0.06425501145220053,8.575141675836738e-72
1.373578753535724e-06,1.931866995818546e-75,4.8191093243743066e-08,0.9761163353051839,6.4166912803886755e-83,5.967585481808127e-102,5.284295238613584e-16,2.9339825692604063e-07,0.023881949526711774,3.509084681100843e-71
8.55035664917009e-06,4.2452850584033966e-77,1.0705801222682291e-08,0.9867500364215226,1.410070345214388e-84,1.31137917545565e-103,3.7813546062402684e-17,3.92363649123117e-08,0.013241363279662048,7.711226910337925e-73
1.1671559793095127e-06,4.073654697152394e-76,3.480015625546125e-08,0.9860357735070351,1.3530633646679544e-83,1.2583621274779243e-102,2.624830605617888e-16,1.930860033043762e-07,0.01396283145082582,7.39947383790526e-72
2.1530217508006773e-06,9.418118832302994e-76,7.165473844589961e-08,0.9482344113445416,3.1282257587974904e-83,2.9092804696827103e-102,5.022394818744883e-16,2.1803694027908682e-07,0.05176314594202852,1.710727321847471e-71
2.777437359830839e-06,3.628623529345161e-77,7.253065144895219e-09,0.9668597385476346,1.2052463762235756e-84,1.1208908863569334e-103,3.1838231942577376e-17,3.6265652950992104e-08,0.033137440496287335,6.59110967156e-73
3.744424267551721e-07,1.9017687253991381e-75,7.960563607848697e-09,0.3840638859157731,6.316719952252204e-83,5.874611171479748e-102,1.6812187050474897e-16,7.544896787242772e-07,0.6159349771915577,3.4544135366147165e-71
1.1887070193919347e-06,3.099602985793209e-76,1.7239112966713497e-08,0.9469803983293279,1.0295323381296645e-83,9.574751169425773e-103,1.4405368201293491e-16,2.2901020859737872e-07,0.05301816671433117,5.630185400177002e-72
2.8142985170251085e-06,4.184660149835346e-77,1.0173328851949796e-08,0.992372255752129,1.3899337973555044e-84,1.2926519895267161e-103,3.835611392314719e-17,4.7437606614837974e-08,0.007624872338418522,7.601106525026851e-73
1.3599355709287716e-06,1.2939983002163248e-76,1.8236758226274587e-08,0.9908539945697425,4.298012041102104e-84,3.9971931228026653e-103,9.727998289343361e-17,9.18861710516014e-08,0.009144535371756997,2.350446289774565e-72
1.60873218662278e-06,1.3386123841055296e-76,1.8025109145454062e-08,0.9895075171868953,4.446197606513192e-84,4.1350071440979467e-103,9.707877799049657e-17,9.34383490186098e-08,0.010490762617459659,2.4314842694469814e-72
1.1098997865069984e-06,2.1612207285734162e-76,2.742019372995753e-08,0.9888557092332375,7.17848911651207e-84,6.676064900292394e-103,1.639860414676548e-16,1.4857199635265912e-07,0.011143004874785544,3.925687724636147e-72
2.0555264793576805e-06,5.410475058135679e-77,1.2069337381377917e-08,0.9908359094028268,1.797087905298037e-84,1.671309281461948e-103,4.739048148450643e-17,5.5327375462745766e-08,0.009161967673980668,9.82770303808502e-73
5.48401670857116e-06,4.970648713952826e-77,1.2344744575470166e-08,0.97653637471247,1.6509996976878882e-84,1.5354458233800306e-103,4.814510453531751e-17,5.3008208529215836e-08,0.023458075917868436,9.02879302509901e-73
1.836337418199457e-06,9.198832636629054e-76,9.788914115515085e-08,0.985475913458234,3.0553899050489576e-83,2.8415424152256925e-102,4.2983541081546606e-16,4.158753669836219e-07,0.014521736439839249,1.6708957065405244e-71
2.6928185998015906e-06,4.635204615377319e-76,6.967330807627553e-08,0.9778896525266625,1.5395820262308888e-83,1.4318263021112154e-102,2.9771963729474347e-16,2.2963847948991917e-07,0.022107355342949758,8.419485163727194e-72
3.5422709088603634e-06,2.869498521490575e-76,3.496119246855928e-08,0.9251739806772741,9.531031992259477e-84,8.863952722408559e-103,1.9742432327229307e-16,1.2043151012214151e-07,0.07482232165911441,5.212218711742966e-72
6.178823449244814e-07,2.24864134433584e-76,7.987041235147552e-09,0.6998891723947217,7.468856467941082e-84,6.94610936948398e-103,8.734005035971526e-17,2.0428153866248204e-07,0.30010999745435346,4.084480407697823e-72
2.7549458913055335e-06,2.441371849486355e-76,2.75406521038581e-08,0.9321433997424745,8.109010347344265e-84,7.541458721653246e-103,1.7582598276361988e-16,1.4749315644113465e-07,0.0678536702778256,4.434560234450048e-72
1.3243788635709873e-06,1.019656988192008e-76,1.556285797867757e-08,0.9816411991179552,3.386788075618423e-84,3.1497459464493917e-103,7.87440459473715e-17,1.0010111724172453e-07,0.01835736083920605,1.852126841540635e-72
5.397911605064857e-07,2.7490686577706296e-77,4.319672932216199e-09,0.9941269126967396,9.131024508254222e-85,8.491941860446104e-104,2.1343537776511993e-17,2.990367856565518e-08,0.005872513288748316,4.9934673221072305e-73
3.2276432187546904e-06,3.2420653541856656e-76,4.505893784226754e-08,0.9381761726097342,1.0768511773161103e-83,1.001482098953397e-102,2.6340143217009185e-16,2.0500365593700986e-07,0.061820349684452935,5.888957104254642e-72
2.5793825236701628e-06,6.570168417152911e-77,1.4572906279331224e-08,0.9851329609015015,2.182279757575504e-84,2.0295414613997932e-103,6.163893429259776e-17,7.651032728572097e-08,0.01486436863274137,1.193419494964516e-72
3.414950520877159e-06,2.9727322173407254e-76,3.904942665822011e-08,0.9434431465564515,9.873922448713122e-84,9.182844191605033e-103,2.293416171279312e-16,1.741298867717678e-07,0.05655322531371427,5.399734612923158e-72
1.1743140528131102e-06,2.1065303613004667e-75,7.767765138550454e-08,0.9822361451699037,6.996835201640513e-83,6.507124987534826e-102,9.042204828743877e-16,2.826896217358902e-07,0.01776232014876937,3.8263469675257074e-71
3.1714193516088094e-06,8.088881594181601e-77,1.6034604910521584e-08,0.9755113399606605,2.6867199504844527e-84,2.498675761322291e-103,7.205379711511027e-17,7.305622813018437e-08,0.024485399529154937,1.4692818165442325e-72
8.796045363465623e-07,7.571517622147385e-77,9.319803731111433e-09,0.9876948150844419,2.514877639635688e-84,2.338860736012341e-103,5.4850719217320954e-17,6.716518578973546e-08,0.012304228826032028,1.375306714078676e-72
1.7030582521544613e-06,6.454299822842219e-76,6.830572308048117e-08,0.9876493777790293,2.1437940336414263e-83,1.993749362735516e-102,3.044731682318838e-16,3.095573643801509e-07,0.012348541299631094,1.1723728747677638e-71
2.172269404672905e-06,8.729729025355509e-76,9.29787728680999e-08,0.9845523016431104,2.8995772606705895e-83,2.6966351360931732e-102,4.0174623457621713e-16,3.883715611124838e-07,0.015445044737150724,1.585686719600323e-71
6.1948405502522315e-06,1.1142406765878873e-76,1.7305137071824208e-08,0.9740847166859462,3.7009475544596057e-84,3.4419173262124985e-103,8.223360972269567e-17,7.934104321526665e-08,0.025908991827323237,2.023930683497863e-72
2.9084136906290167e-06,6.169168637751925e-76,5.427696036196944e-08,0.9784336158813013,2.04908778351676e-83,1.905671626315849e-102,2.7953285822745657e-16,2.3054635718893496e-07,0.021563190881690158,1.1205810342388797e-71
1.2088243735945733e-06,8.926717109276616e-77,1.779176335062245e-08,0.9945281265091581,2.965006802309478e-84,2.7574852480440084e-103,7.051367259144685e-17,8.474417717063049e-08,0.00547056213052766,1.6214680580228513e-72
1.629996615642871e-06,2.3335573344607934e-76,3.733290291199012e-08,0.990006518774307,7.75090471172791e-84,7.208416987420339e-103,1.4649861845325236e-16,1.8303401619427715e-07,0.009991630862158062,4.2387236349867326e-72
2.3105901820488426e-06,7.581857926771228e-76,3.9629512738900696e-08,0.9769213164374987,2.5183121691690352e-83,2.342054881980167e-102,2.9733174360244965e-16,1.9918192274637962e-07,0.023076134160883412,1.3771849492072836e-71
1.8921456474380051e-06,1.8793753235139716e-76,3.467153064495608e-08,0.9901850181501255,6.242340325225187e-84,5.805437392815138e-103,1.3019692953227657e-16,1.4027830869553537e-07,0.009812914754387555,3.413737680728645e-72
2.5285847586879595e-06,2.2594526839940112e-76,4.457116668737829e-08,0.9869434525895218,7.504766304935068e-84,6.979505868167715e-103,1.6091163111950566e-16,1.7779524433289572e-07,0.013053796459308414,4.1041183571316003e-72
1.4674499497049654e-06,1.639172814992206e-76,2.5582745191158352e-08,0.9917895224667047,5.444508308168528e-84,5.063445834570711e-103,1.0597264473225773e-16,1.126720000831297e-07,0.00820887182860036,2.977428688008066e-72
2.1043378717646266e-06,8.152520789341902e-76,7.278316739179766e-08,0.9807563943243726,2.7078576928631935e-83,2.518334067920755e-102,4.053754697410658e-16,3.417636119232943e-07,0.019241086790976,1.480841376562492e-71
2.9372247852098253e-06,2.113308262873233e-76,3.086254341584765e-08,0.984162256033474,7.019347984360775e-84,6.52806209506361e-103,1.4220617968513228e-16,1.3447061861392006e-07,0.01583464140857887,3.838658493438456e-72
3.887856002884736e-104,6.979146777925337e-71,0.15888064639062904,3.188657158182233e-71,3.539239986619459e-83,1.3060919128849952e-107,2.567630197558712e-09,0.8411193510417408,8.581030491073925e-47,1.2470525830818665e-66
1.6593834643593938e-06,2.191547996635496e-75,7.920643938148109e-08,0.9605788215542992,7.279221059732363e-83,6.769746590068086e-102,7.007419400552692e-16,3.3496753144945133e-07,0.03941910488826489,3.9807748253561385e-71
1.809936298218981e-06,4.072714855083005e-76,4.1666671119228526e-08,0.961625532967847,1.3527511963652369e-83,1.2580718079113796e-102,2.535938987284064e-16,1.8808880164351174e-07,0.03837242734038179,7.397766688595557e-72
9.524850339140378e-07,4.892704709804427e-76,4.0745208722579024e-08,0.9891214349137324,1.6251106166662571e-83,1.5113687254971659e-102,3.068613460538039e-16,1.9747598483981073e-07,0.010877374380040014,8.887213862800149e-72
1.0086086987316888e-06,9.484410319824963e-77,8.437229966939571e-09,0.9629922382383201,3.1502444594050856e-84,2.929758076027238e-103,5.835237776721344e-17,9.615708776890444e-08,0.03700664855866339,1.722768649943775e-72
1.366079750080639e-06,9.658318591136491e-77,1.2328354358736969e-08,0.9792017476446819,3.208008047194902e-84,2.983478776121568e-103,6.50352771321914e-17,9.094544177392267e-08,0.02079678300177156,1.754357721660249e-72
2.121015075333486e-06,4.330036410906861e-76,3.6367575305345496e-08,0.9612116548482159,1.4382204852492462e-83,1.337559080276115e-102,2.3092512567627076e-16,2.3139853969979553e-07,0.03878595637059366,7.865171086317015e-72
2.4609976495923683e-06,4.80916720416655e-77,9.696975935434703e-09,0.9689840120028459,1.5973636555570184e-84,1.4855637810103e-103,4.163035679403396e-17,4.294827698328519e-08,0.03101347435425155,8.735474544324425e-73
7.818757416476474e-06,1.1615338676437212e-76,1.9835885021419795e-08,0.9580089026029656,3.8580317674652447e-84,3.588007176571783e-103,9.178657301485263e-17,8.360265928229472e-08,0.04198317520107349,2.1098350509380687e-72
6.75704703302185e-07,1.1328732908804018e-75,1.329166972715859e-08,0.5192564211276951,3.7628357351264984e-83,3.4994739379154832e-102,2.209292690416144e-16,4.1418768023445997e-07,0.48074247568825135,2.0577753640707203e-71
4.071737034745937e-07,1.6432552820140382e-77,3.0083313732595186e-09,0.9967268014444368,5.458068211929069e-85,5.0760566773368937e-104,1.389962127428305e-17,1.7373789961466598e-08,0.003272770999738473,2.984844168741687e-73
2.074738187342543e-06,3.2977356411722056e-76,3.0223705328318125e-08,0.9704716740416559,1.0953420488852427e-83,1.0186787898802586e-102,1.7860254811446266e-16,1.3529613832891906e-07,0.029526085700312933,5.990077808568028e-72
1.1141161628416291e-06,4.124705802820982e-76,3.80455555148669e-08,0.9893705214808304,1.3700199763449925e-83,1.2741319417393368e-102,2.5362365065054864e-16,1.6020859651987385e-07,0.010628166148854708,7.492204162116321e-72
1.1240944519210095e-06,7.15239410576921e-76,4.645615546584029e-08,0.9836234237657125,2.3756658709802495e-83,2.2093924332339186e-102,3.749546038420217e-16,2.06918534988163e-07,0.016375198765144875,1.2991762188636773e-71
1.0394304098133592e-06,1.0487398544773466e-75,5.7594697799095515e-08,0.985198314301889,3.4833867415233544e-83,3.2395836480041084e-102,5.382686864425152e-16,2.398127136417672e-07,0.014800348860289353,1.904953584160742e-71
2.3399328421390614e-06,6.990292877620617e-76,3.3629088290438027e-08,0.9724708921206299,2.3218239895540053e-83,2.1593189583116484e-102,2.7625371819498337e-16,1.7827846038391628e-07,0.027526556038978946,1.2697318038125857e-71
1.697636456482477e-06,4.495180722648408e-76,3.671260566378323e-08,0.9729180611386015,1.4930731261117587e-83,1.3885725713334786e-102,2.3522166073296015e-16,1.614526351246151e-07,0.027080043059701017,8.165142759189691e-72
2.253698602883816e-06,2.76859394736109e-76,3.6928063682686184e-08,0.9589839204598483,9.195877707637694e-84,8.552255968477521e-103,1.9582732489862894e-16,1.560539609133008e-07,0.041013632859524286,5.028933477253645e-72
2.8622240232896716e-06,2.2544594471397355e-76,2.3585128092198832e-08,0.9826236956071532,7.48818128150794e-84,6.964081634603339e-103,1.2449592701364997e-16,1.1130660874090397e-07,0.017373307277086608,4.095048534523536e-72
1.0696707361431742e-06,1.1499512148512488e-75,2.1028560588629967e-08,0.7430092589363052,3.8195600158704954e-83,3.552228072319374e-102,2.979468799745536e-16,3.130016852429723e-07,0.25698933736271246,2.088796071769965e-71
1.0991086977081704e-05,7.097712681388249e-77,1.5607407450579116e-08,0.9729234279933398,2.3575034498723785e-84,2.1925012044398706e-103,6.146315047018426e-17,5.837493674119216e-08,0.027065506937338987,1.2892437675587314e-72
1.2730554064125387e-06,2.5809127579420988e-76,3.082784340885833e-08,0.9807170387673239,8.572495117508838e-84,7.972504078927436e-103,1.7373952899568725e-16,1.472542859376149e-07,0.01928151009514012,4.68802533598592e-72
3.611325747710256e-06,2.374757809382349e-76,3.662224538451319e-08,0.9347935922193629,7.887751983692928e-84,7.335686285212397e-103,1.9834889202304608e-16,1.3876525325980134e-07,0.0652026210673907,4.3135610620530066e-72
2.669701445143715e-06,1.8320336115968637e-76,3.1493824783811885e-08,0.9660570314003153,6.085094950303055e-84,5.659197660301476e-103,1.624854315797766e-16,1.2774213504072542e-07,0.03394013966227968,3.327745178954462e-72
1.3551395454933267e-06,5.516815752465093e-76,3.8919468478212875e-08,0.9793900177436888,1.8324089396927938e-83,1.7041581879849733e-102,3.3317309269688354e-16,2.1516449767636344e-07,0.020608373032799367,1.0020862557998481e-71
1.7474396158360652e-06,3.1220365060659585e-76,3.9055451912067405e-08,0.9692684834240367,1.0369836261445302e-83,9.644048874793315e-103,2.4910537005013286e-16,1.6070360149759373e-07,0.030729569377293632,5.670934127963471e-72
7.30474830322033e-104,6.463202594936023e-71,0.294267342043953,5.99104955237551e-71,6.642198951236554e-83,2.4539660040400646e-107,9.314312580805516e-10,0.7057326570246157,1.6122579610213133e-46,1.1614216272820447e-66
1.2256319828371237e-06,5.465350132153442e-77,1.1048641293339391e-08,0.989904639110063,1.8153146470831905e-84,1.6882603291132794e-103,4.5646382813454945e-17,5.18171134997425e-08,0.010094072392199376,9.927379300491697e-73
5.345112915272766e-07,1.1924151174881237e-75,1.0813059241452093e-08,0.41790645115577074,3.960603759757149e-83,3.6834001299326665e-102,1.9333617205449852e-16,3.3237898604265837e-07,0.5820926711408924,2.1659284160593704e-71
2.3198675874183316e-06,1.464031977158724e-76,2.6545661021521323e-08,0.9856781992806639,4.862778463723466e-84,4.522431404804569e-103,1.014447998789192e-16,1.1123190622007028e-07,0.014319343074181392,2.6592991105542955e-72
4.38732790366556e-07,1.4908799693045412e-74,1.0236834460360277e-08,0.42567596625416326,4.951954000896e-82,4.605365524229905e-101,2.6853254027263756e-16,2.029589569427196e-06,0.5743215551866422,2.70806637981306e-70
2.328617568626098e-06,4.897686272482516e-76,7.419885347888066e-08,0.9855395143397333,1.626765241434338e-83,1.5129075426713724e-102,2.7475392027600183e-16,2.884484071772481e-07,0.014457794395437235,8.896262480183987e-72
1.3109898625503797e-06,2.6433348880341986e-76,3.40199571191246e-08,0.9903913610101964,8.779830062788314e-84,8.165327600467704e-103,1.774513060053273e-16,1.3946494454367757e-07,0.00960715451503919,4.801410233052841e-72
3.083716225185426e-06,1.912952249239088e-76,3.762828867410439e-08,0.9873781341657943,6.353865998053054e-84,5.90915735641235e-103,1.3407144340921336e-16,1.4735620125529306e-07,0.012618597133490507,3.474727529385667e-72
2.8621496303364973e-06,3.4371762087119346e-75,4.473120990313402e-08,0.925006613793957,1.1416571976921372e-82,1.0617523300476865e-101,5.405531629554768e-16,2.438947717373588e-07,0.07499023543043033,6.243360648710111e-71
3.915923177580008e-06,3.1364071726589233e-76,4.591695969412439e-08,0.9575201174944028,1.0417568393740148e-83,9.688440223426376e-103,2.3341072419455896e-16,1.7658292476390315e-07,0.0424757440825349,5.697037315246928e-72
1.1507540641674504e-06,7.341109276862112e-76,4.803088729567722e-08,0.9829422523219963,2.4383475667413913e-83,2.267687021714828e-102,3.3775099382735307e-16,2.2296939075929325e-07,0.017056325923660926,1.3334548476412677e-71
1.6743391151116054e-06,1.2784887208072788e-76,2.68126436404159e-08,0.9925391562397848,4.246497012804645e-84,3.9492836439872477e-103,9.736178858424419e-17,1.2081784984438036e-07,0.007459021790606593,2.3222743568038167e-72
1.1258364582882474e-06,2.7795602249512005e-76,3.6483458037914396e-08,0.9912423337529933,9.232302170575926e-84,8.586131074309275e-103,1.9278814272313528e-16,1.6973297890185178e-07,0.008756334194111395,5.048852859272932e-72
7.554472619652479e-07,1.3886328190682752e-76,1.5365701879976028e-08,0.9918797720578896,4.612340353172983e-84,4.2895215191162583e-103,8.724597666986985e-17,1.1055969311178408e-07,0.008119346569453473,2.522342461263338e-72
1.1331403291112233e-06,2.7942353621195144e-76,3.057468397710367e-08,0.9856847836258886,9.281045601107244e-84,8.631462940166878e-103,1.679891600317497e-16,1.4847584770285165e-07,0.014313904183250327,5.075509093445287e-72
1.2034497497409687e-06,9.122598303416107e-77,1.5450445518877715e-08,0.9916764897352541,3.0300686907908035e-84,2.8179934389720684e-103,7.68144253743378e-17,7.709610262441884e-08,0.008322214268447812,1.6570483386093715e-72
3.89587584632285e-06,1.0272274738692883e-76,1.890197873026853e-08,0.9134527389359096,3.4119334244125455e-84,3.1731313661060033e-103,8.983719874788861e-17,8.13555123692213e-08,0.08654326493075294,1.8658780342346127e-72
1.3733795813672697e-06,5.95965819954722e-76,6.414261849523691e-08,0.9869453135396049,1.979498945108714e-83,1.840953327798207e-102,3.4750264866019503e-16,2.3742718566928672e-07,0.013053011511009465,1.0825251085035085e-71
2.7949780422297925e-06,1.9289422122268933e-76,2.496875686870316e-08,0.9732686175533649,6.406976619177419e-84,5.958550752120859e-103,1.3481924402154451e-16,1.4357979773192993e-07,0.026728418920038275,3.5037720414008954e-72
1.32440975928285e-06,7.836652412957687e-76,2.339139465353996e-08,0.9077859026680118,2.6029420925199976e-83,2.4207615362116526e-102,2.4756759162387164e-16,3.7508638368057553e-07,0.0922123744444502,1.4234663666258276e-71
1.7847650369935653e-06,1.585052380155905e-76,2.3753774480810255e-08,0.9848769417450984,5.264747422426082e-84,4.896266457368602e-103,1.2648533331341988e-16,1.0928572222862032e-07,0.015121140450367911,2.8791231684098534e-72
9.082557266233201e-07,7.377012154058999e-77,9.393253153253472e-09,0.9859940117123972,2.4502726982100047e-84,2.278777510303278e-103,5.354357993109781e-17,5.9736112426047e-08,0.014005010902510493,1.339976323325242e-72
2.593048621766558e-06,2.1834894312193535e-76,1.9397857773006076e-08,0.977637450180263,7.252454555335258e-84,6.744853479887279e-103,1.214151575939593e-16,1.052377053774367e-07,0.02235983213555209,3.96613707414726e-72
1.0355093365852234e-06,1.0437902897395101e-76,1.661461162058944e-08,0.9929888326111078,3.466946774919163e-84,3.224294318700013e-103,7.562410282908051e-17,9.389305684352869e-08,0.0070100213718871955,1.8959630885224537e-72
2.334682283250908e-06,1.2774108689462648e-76,2.4258138464845093e-08,0.9751591278237649,4.242916930607947e-84,3.945954132622724e-103,1.1758529945565076e-16,1.0538414540920655e-07,0.024838407851668,2.320316523546058e-72
1.2983247767994856e-06,1.0864887615577642e-76,1.2903075892851253e-08,0.9486003726991544,3.608769639741194e-84,3.356190966383072e-103,8.178948087868343e-17,8.960586441006204e-08,0.05139822646712856,1.9735215093082324e-72
4.7057772486043393e-07,1.353074416185256e-75,9.555583424374036e-09,0.5003613820208532,4.494233209038385e-83,4.179680723005407e-102,1.8292104153244606e-16,6.443467746281519e-07,0.4996374934990636,2.457753414961864e-71
1.4624044515846788e-06,2.986571587201168e-77,7.105701040013845e-09,0.9922935295767897,9.919889880271186e-85,9.225594351339273e-104,2.8831155367530135e-17,3.775452659253107e-08,0.007704963158531062,5.424872741416724e-73
2.7562941639493485e-06,4.847948512823716e-76,4.4804294261037154e-08,0.8705665893659105,1.6102448572981903e-83,1.4975434242781317e-102,3.2393222857349e-16,1.8281682940986474e-07,0.12943042671880148,8.805917745857689e-72
2.7706029524561166e-06,1.2247447147310227e-75,6.174151356032806e-08,0.9360476915202349,4.067986434224906e-83,3.783267064642465e-102,5.543142205804805e-16,2.6203209092919544e-07,0.06394921410320736,2.2246525904858543e-71
6.655594182622133e-06,1.0301839073763123e-76,2.0156332790333255e-08,0.9603200709004778,3.4217532107366716e-84,3.182263863173677e-103,8.881478310022337e-17,8.698389970395093e-08,0.03967316636510729,1.8712481635202455e-72
1.6123653262379915e-06,1.8945616498371924e-76,3.2314460134326014e-08,0.9903269155709192,6.292781669225715e-84,5.852348334761251e-103,1.339062237422819e-16,1.5327217282718446e-07,0.00967128647712151,3.4413224498552764e-72
1.762378271702384e-06,2.7540981955255757e-76,2.6519990979329566e-08,0.9842042750820125,9.147730105029983e-84,8.507478228400826e-103,1.710668165534881e-16,1.3624289245435834e-07,0.015793799776831978,5.002603082450512e-72
2.364774038272499e-06,1.879078400030745e-76,2.462956671721318e-08,0.9725358660570954,6.241354094635871e-84,5.804520188746976e-103,1.2357430314288845e-16,1.0251514826511449e-07,0.027461642024150947,3.413198342539886e-72
1.92611759711885e-06,8.042157741604666e-77,1.6083378527335297e-08,0.9830723358454476,2.6712006348138857e-84,2.4842426463668723e-103,7.511146971044514e-17,8.06823564858862e-08,0.016925641271220218,1.4607947956636736e-72
7.399795368344162e-07,1.8372337283255241e-75,1.604041003645747e-08,0.5561895927245313,6.102367124703269e-83,5.6752609509735705e-102,2.9168196372956735e-16,5.09189471793818e-07,0.4438091420660498,3.3371907826072872e-71
1.968401544947686e-06,7.745336388417181e-77,1.1533643828376879e-08,0.9868787640942042,2.5726114983488105e-84,2.3925537877753545e-103,5.73595113795083e-17,6.46526102553543e-08,0.013119191317996751,1.406879527907236e-72
9.916644930741696e-07,5.285541670116975e-77,8.357767231470437e-09,0.9858617949366125,1.7555913124547305e-84,1.6327170453428349e-103,4.1923822137142104e-17,4.9727962641301795e-08,0.014137155313164382,9.600771350239343e-73
5.522826008717606e-07,4.646923749609696e-75,1.2686333099205639e-08,0.5069096190346725,1.543474533665685e-82,1.4354463719946944e-101,2.8524214142046834e-16,9.238349986395008e-07,0.49308889216139473,8.440772050712483e-71
3.931019694879454e-06,1.0194282255529798e-76,2.191454525386377e-08,0.9703928141791389,3.386028241098598e-84,3.149039292934217e-103,9.146161968403171e-17,7.670638547126541e-08,0.0296031561802355,1.8517113121724332e-72
1.456969892393438e-06,4.648938818781387e-77,8.739532275735255e-09,0.9911917556813098,1.5441438383751368e-84,1.4360688319031586e-103,3.904904252909384e-17,5.108671844252624e-08,0.00880672752254703,8.444432265611876e-73
3.9856669237473105e-07,2.1163503591750223e-76,5.987453881226785e-09,0.3341543791917832,7.029452299438384e-84,6.537459206647437e-103,7.524780894290106e-17,1.3895122291330874e-07,0.6658450773028476,3.844184222463356e-72
9.764884403887692e-07,2.9600552535621634e-76,1.3122990513519428e-08,0.857818908001611,9.831815945979877e-84,9.143684733338962e-103,1.2265185308849669e-16,1.8054432992309953e-07,0.14217992184262804,5.376707903789193e-72
1.1206556865447257e-06,5.759814570363667e-77,6.572613096354358e-09,0.901948625226421,1.913120934842018e-84,1.779221130771759e-103,4.104269309101579e-17,5.8424683089882084e-08,0.09805018912059607,1.0462250827097311e-72
1.1689978404122797e-06,2.6197670468919258e-76,2.810448933550193e-08,0.9764977167692884,8.701549538775773e-84,8.092525949555603e-103,1.9225818402859313e-16,1.3459913754945415e-07,0.023500951529244075,4.758601100489382e-72
3.447107606632498e-06,2.4964141801855116e-76,4.173533766164468e-08,0.9364389811615262,8.291833307834821e-84,7.711485858239841e-103,2.133759118435972e-16,1.3608168263504675e-07,0.06355739391384661,4.534540305483178e-72
5.4566147098511574e-06,1.416944299353064e-76,2.8005056467483237e-08,0.9530630078705148,4.706376862452098e-84,4.376976390016632e-103,1.243158462983392e-16,1.2207362525450537e-07,0.04693138543609359,2.5737680417933e-72
1.2552768834581025e-06,1.7203651963525048e-75,6.074643883263613e-08,0.981563110515258,5.7141885949772356e-83,5.314251131875277e-102,5.346519882836646e-16,4.40962750383025e-07,0.018435132498668537,3.1249082724050266e-71
3.698761711331062e-06,2.1469459286113768e-77,4.428456810943914e-09,0.9857405330351432,7.131075404986396e-85,6.631969686080667e-104,1.862424941775623e-17,2.513222007766087e-08,0.014255738642468492,3.899758671558999e-73
1.255219097459866e-06,5.935703527981183e-76,4.437450680990051e-08,0.9858996826998218,1.9715424070812474e-83,1.833553669821318e-102,3.2136609505853846e-16,2.353071097715997e-07,0.014098782399463746,1.078173930538611e-71
2.4787545598101064e-06,7.452692844184457e-76,4.6373664975860075e-08,0.9126227432166641,2.4754100200584e-83,2.3021554648220635e-102,3.7207572901456857e-16,2.615934029446392e-07,0.08737447006170766,1.35372312633752e-71
2.4787545598101064e-06,7.452692844184457e-76,4.6373664975860075e-08,0.9126227432166641,2.4754100200584e-83,2.3021554648220635e-102,3.7207572901456857e-16,2.615934029446392e-07,0.08737447006170766,1.35372312633752e-71
1.1356323580831848e-06,1.3325483663350636e-77,3.468610088291123e-09,0.9965258108939257,4.4260559870144923e-85,4.116275241494512e-104,1.2874133236500084e-17,1.828357679230636e-08,0.003473031721529452,2.420469457397123e-73
4.3250848173079546e-07,2.8871103241346825e-76,6.843586015052453e-09,0.44937398287438435,9.589529549649802e-84,8.918356021390803e-103,9.183942762286194e-17,2.3632068177593268e-07,0.550625341452866,5.24420916812468e-72
1.3962314146509631e-06,7.101334504055412e-77,1.1825743188075899e-08,0.9871122448920897,2.3587064373439694e-84,2.1936199945228847e-103,6.034306742578541e-17,7.083468207141802e-08,0.012886276216070504,1.2899016432026814e-72
2.2175123264365773e-06,3.117323906356605e-76,3.842347337403838e-08,0.9513183808618763,1.0354183373576511e-83,9.629491536390628e-103,2.308363695464838e-16,1.810288199636329e-07,0.04867918217350382,5.662374060689664e-72
2.530308480254873e-06,8.921779145314375e-77,1.736036274965835e-08,0.9753902225828774,2.963366658843703e-84,2.7559598986222024e-103,7.313225569158011e-17,7.092973653100715e-08,0.024607158818543088,1.6205711156488036e-72
1.7303722597142697e-06,6.347371743566201e-76,5.4523017508522e-08,0.9654352560643517,2.108277899487044e-83,1.960719011532956e-102,3.5467896955223586e-16,2.13854155089451e-07,0.03456274518621585,1.1529502289138224e-71
9.331622974050223e-07,9.898184526895619e-76,1.8790991754038225e-08,0.8658956307120437,3.2876794563436307e-83,3.057573963777589e-102,2.3976282247701127e-16,4.2032658275437384e-07,0.1341029970080842,1.7979274851332059e-71
1.1382396300918352e-06,2.146747412277312e-75,3.037335445338231e-08,0.8664530724135964,7.130416033491068e-83,6.6313564641582314e-102,4.374348834890927e-16,4.7093441607869135e-07,0.13354528803900256,3.899398082228406e-71
1.849601595919642e-06,1.3256527947466254e-76,1.508855943090666e-08,0.8606889009819728,4.403152363638453e-84,4.0949746483434315e-103,9.629781019491151e-17,9.713969931243786e-08,0.1393091371881723,2.407944193141976e-72
1.0918037314653878e-06,7.44744580363898e-77,1.2401142891588862e-08,0.9913257096997925,2.4736672168846374e-84,2.3005346408704455e-103,5.875542402881368e-17,5.8817921195465084e-08,0.008673127277412106,1.3527700426294236e-72
1.2355063328905302e-06,6.358678957914452e-77,1.2114320037202626e-08,0.9931671814048934,2.112033587837792e-84,1.9642118383336812e-103,5.4042221988592716e-17,6.008680834961623e-08,0.006831510887645259,1.1550040956003617e-72
2.6966885460646965e-06,5.423056377257231e-76,5.458025351086217e-08,0.9136930003685129,1.8012667872230236e-83,1.6751956824147197e-102,3.88836311245574e-16,2.1669489945320273e-07,0.08630403166778788,9.850556016210863e-72
1.3281212629089941e-06,4.1065210945150274e-76,4.9122964267270544e-08,0.9858492900162358,1.3639799301370607e-83,1.268514639848864e-102,2.666941172226153e-16,1.8284112663870982e-07,0.014149149898410094,7.459173067592302e-72
8.224177601337333e-105,1.4763340659960363e-71,0.28399545121114467,6.745127072404012e-72,7.486732585290183e-84,2.7628420001323466e-108,7.69327678975814e-09,0.7160045410955785,1.8151885951722355e-47,2.6379531324879202e-67
2.2020497083668467e-06,4.4292843862806364e-76,3.5803692914203416e-08,0.8966637230530087,1.4711856748588602e-83,1.3682170281690783e-102,2.6630660400965554e-16,1.7459334317946157e-07,0.10333386450024672,8.045447239265541e-72
2.233242651690225e-06,1.532429849521816e-76,2.302003425348335e-08,0.968385726397288,5.089961821656154e-84,4.73371414372191e-103,1.1211330225587492e-16,9.00514947507291e-08,0.031611927288531176,2.783538474158891e-72
6.611722645977685e-06,1.4736269597233066e-76,2.996469752422173e-08,0.9391489379363991,4.894648173745376e-84,4.552070545995211e-103,1.3072965079579255e-16,1.000034680026584e-07,0.06084432037278942,2.67672764285268e-72
2.5797335283380662e-06,1.127467182628087e-75,1.1102346357539552e-07,0.9792483575746282,3.7448793604078716e-83,3.482774334273295e-102,4.964948671702573e-16,4.023452799636651e-07,0.020748549323099486,2.047955592992467e-71
3.0647843965211917e-06,1.2683790460071717e-75,9.045475847927066e-08,0.92297215254103,4.2129177538402215e-83,3.918054605604428e-102,7.232023804972616e-16,2.93097496959117e-07,0.07702439912231711,2.3039109264803245e-71
5.227727795193454e-06,6.905922886889736e-77,1.4229939280894889e-08,0.9766884139207669,2.29380051873427e-84,2.1332568570968314e-103,5.941873059360779e-17,6.628235170172486e-08,0.02330627783914668,1.2544066575856892e-72
