i = 0,i = 1,i = 2,i = 3,i = 4,i = 5,i = 6,i = 7,i = 8,i = 9
9.117543629582834e-12,9.33145501021611e-07,5.339920884400203e-11,7.084955763275527e-06,1.2073158764149671e-18,3.4890719618421116e-12,6.480224450133179e-06,0.47474222066778193,7.310867147769568e-14,0.5252432809404246
9.443829085551627e-12,1.015753681525836e-06,5.817166646378669e-11,7.881918571511177e-06,1.3195298210327964e-18,3.828557290494298e-12,7.168356222597179e-06,0.447269254935347,7.938133341202132e-14,0.552714678964654
9.022671899472774e-12,1.1572085854957398e-06,5.7366377046918596e-11,8.718394058966444e-06,1.48608423582413e-18,4.311869049055612e-12,6.276862556459502e-06,0.4868569461723249,7.753047075642843e-14,0.5131269012916958
1.020093735310501e-11,1.170902410894549e-06,7.210459710954796e-11,9.049023068521686e-06,1.534415223887071e-18,4.437865474568157e-12,8.235707249094765e-06,0.3990311179128753,9.679452113520046e-14,0.6009504263675559
1.3783974371964956e-11,1.74832283802788e-06,6.026036016942865e-11,1.1993381290822326e-05,2.4000051831839167e-18,6.765948389298794e-12,1.0083323641205483e-05,0.5135524969932639,9.277107835676317e-14,0.4864236778980629
3.140559049505771e-48,1.7254816041475757e-94,5.59918766428379e-06,0.9999938402193275,1.4599337596019657e-85,5.533001993054913e-07,9.522225697719414e-69,4.5565821474816816e-69,7.292808808416196e-09,3.5306049233002774e-75
1.320736266780228e-11,2.704639185993884e-06,6.430137594514998e-11,1.600700560165011e-05,3.751304022167275e-18,1.039348877492974e-11,8.845289402814341e-06,0.5624083048915506,1.0139671224433677e-13,0.43756413808625527
1.1632345106342331e-11,1.7039030181507355e-06,5.0035849880324883e-11,1.0513135444430529e-05,2.2571697380004784e-18,3.33463994584276e-12,1.0771757926328684e-05,0.27160192742118705,7.991300151208959e-14,0.7283750837173413
1.0602745921379681e-11,1.559854860557742e-06,9.419465058210522e-11,1.0723989031210128e-05,2.089566539740419e-18,5.9180495946024575e-12,8.517330759474597e-06,0.4350663265373034,1.3356620505591625e-13,0.5649128721771963
1.1142697508425474e-11,2.265592880337166e-06,9.578152191839007e-11,1.43319391097466e-05,3.084595165145751e-18,6.220585004487532e-12,9.63989981040413e-06,0.3435365373747819,1.420257479938419e-13,0.6564372250801307
1.1093692518681022e-11,8.061253760882198e-07,4.6367163764506567e-11,6.653719312992731e-06,1.0652477933999008e-18,2.6546333774599514e-12,1.0366853816780553e-05,0.29840987309719375,6.546527252586243e-14,0.7015723001441193
1.1363948751533741e-11,1.3174203629677684e-06,6.753481394445132e-11,1.0064555204370765e-05,1.7693894960633623e-18,3.864749571885753e-12,1.0322370109440707e-05,0.3064800270944548,9.893566506205216e-14,0.6934982684770059
1.2249761923247854e-11,9.835752730105773e-07,5.732318876771401e-11,7.88406198824784e-06,1.3104168060602166e-18,3.5699694617143966e-12,1.080582093232161e-05,0.3796949808701446,8.171584324799745e-14,0.6202853455984372
1.237399738392874e-11,1.3392172510703057e-06,4.883327616232893e-11,9.9174519060848e-06,1.781142303211311e-18,5.092567637265939e-12,8.947681708202001e-06,0.5062683875740174,7.093800796750022e-14,0.4937114080087464
8.744848418557888e-12,1.0084339761675522e-06,5.08915587032839e-11,7.2480597883848125e-06,1.3107202803440688e-18,3.765995069774585e-12,6.171738594513327e-06,0.4814476387008299,6.957157192360524e-14,0.5185379330033391
1.0706815959185622e-11,8.198339381316519e-07,5.998536110873322e-11,6.809126782704676e-06,1.0809354732411544e-18,3.1358722623892557e-12,9.470348336728473e-06,0.3528854065233967,8.190330839548652e-14,0.6470974940936357
1.1772458180727944e-11,1.5798287821441888e-06,2.794226354427562e-11,9.32701540352547e-06,2.123183581127878e-18,1.957568158119264e-12,1.3905066702664234e-05,0.16511210194484233,4.810757651329642e-14,0.834863086102549
1.1003463070918066e-11,8.317335487691785e-07,4.678037492235097e-11,6.7142240892498015e-06,1.0798194108586254e-18,2.832641520220808e-12,8.048900259211106e-06,0.40793710241870734,6.580230814844581e-14,0.5920473026627132
1.0402882347223375e-11,1.0308840367220052e-06,7.000652307303728e-11,8.43857032833241e-06,1.3787861284019108e-18,3.990806052099504e-12,9.564827709000474e-06,0.3365731738214609,9.233010779229598e-14,0.6634077918119725
9.01441089622463e-12,6.5241563542303e-07,3.9023574989195975e-11,5.243058694908893e-06,8.355995302600607e-19,2.29087145108188e-12,5.93318772621696e-06,0.5011992849369697,5.3406037452144094e-14,0.4987888863505914
1.010230184728153e-11,7.114998905886856e-07,4.9668170567162124e-11,6.022379720866757e-06,9.403252116600139e-19,2.730054336792738e-12,9.6462564656903e-06,0.3150919781410616,6.695108317309413e-14,0.6848916416602938
8.987214956996427e-12,4.0495688650940564e-07,2.754614588423485e-11,3.5073009430000106e-06,5.300329097907108e-19,1.5403994008209338e-12,9.54478742584411e-06,0.2728788450105868,3.75344415389758e-14,0.7271076979060466
8.9591494209519e-12,1.752462959334942e-06,6.23468741313103e-11,1.1668446217970357e-05,2.2858595928859896e-18,6.544562302759306e-12,6.117065057507753e-06,0.5080184816638836,8.610414142006043e-14,0.4919619802839449
1.0126779972870396e-11,9.607096722297633e-07,6.658028689541227e-11,7.551652111243555e-06,1.2555088474767488e-18,3.642522298209722e-12,8.549525015949688e-06,0.3832208760359572,9.066414277564304e-14,0.6167620619968032
9.864047985563284e-12,1.2072583481874092e-06,7.458370820227726e-11,8.628512751460634e-06,1.5776915651187136e-18,4.551242226499905e-12,8.257941031989055e-06,0.3991939411646657,1.0091095425778807e-13,0.6007879650341027
1.3113958823489683e-11,1.296444360932469e-06,4.603150655607347e-11,9.252912914436247e-06,1.7223564117374464e-18,4.8991948936840344e-12,9.059012489775025e-06,0.558288774295209,6.950339528219822e-14,0.4416916172709117
1.0287249186377721e-11,1.3987078157621367e-06,6.088378476682435e-11,9.394269879833007e-06,1.8238427907020128e-18,4.5033669925521166e-12,8.096045415749798e-06,0.40143249348412996,8.517454195083729e-14,0.598548617416999
9.848180784832883e-12,9.052194672081204e-07,6.626993508785541e-11,7.191528466694656e-06,1.1836050936710815e-18,3.4199366121933847e-12,8.104090715410314e-06,0.38857212646489836,8.850559269451775e-14,0.6114116726168257
9.228812668771132e-12,1.316970674762456e-06,7.72744508828759e-11,9.690574216731488e-06,1.7080891186612127e-18,4.9396072192799594e-12,6.503298090773131e-06,0.4860124705446068,1.0292018123016411e-13,0.5139700185208651
1.040049312382102e-11,6.845333390382338e-06,1.0618592287478666e-10,2.791624379120791e-05,9.751482492168301e-18,1.528647898494737e-11,7.558100715761304e-06,0.438907029060185,1.5534501802236002e-13,0.5610506511298893
1.1281957367852218e-11,1.7341708581269495e-06,4.878876697495085e-11,1.0804690953139922e-05,2.263508416576802e-18,3.9205009444698915e-12,8.92170709830708e-06,0.34267893366947727,7.531789488659632e-14,0.6572996056975465
1.3195571908103182e-11,6.047146364991391e-06,8.724222035476716e-11,2.5872538855036572e-05,9.341549997448054e-18,2.4287370530298506e-11,8.926564677043545e-06,0.5464163110698979,1.4228717041277891e-13,0.4535428425553375
1.1439459320683098e-11,3.2588051135774887e-06,3.611742633568324e-11,1.4096833655900739e-05,4.488450866829766e-18,2.5313890807873724e-12,1.305735832046293e-05,0.1772927337112396,6.522070862053476e-14,0.822676853241517
1.2345495468879246e-11,1.3077399631554018e-06,6.600002496016034e-11,9.973080271042887e-06,1.756199128667236e-18,5.04921464305057e-12,9.584609382540814e-06,0.4626230120469394,9.76201441704629e-14,0.5373561224399516
9.449691593112332e-12,3.646528782601643e-06,1.1919721133962124e-10,1.8893101336491007e-05,4.9713174165362496e-18,1.3975637402717594e-11,6.725766939869509e-06,0.4779118929500103,1.6130067530431014e-13,0.5220588415101469
9.542285952309378e-12,2.549028735954503e-06,9.821983664081132e-11,1.4239966229833393e-05,3.4261513937636533e-18,9.660278391824465e-12,6.705018883463343e-06,0.49908092823515743,1.355364836244134e-13,0.5008955776334354
9.0598533340187e-12,1.4931250839368468e-06,5.2091298918877866e-11,1.0320578272866238e-05,1.9234859864390963e-18,5.2314525435957425e-12,6.009790655447449e-06,0.5188033541753574,7.240623269122261e-14,0.48117882226417535
1.0696782188466774e-11,1.2216845643507487e-06,7.813876462824382e-11,9.192626097492227e-06,1.620335688144553e-18,4.235641399203188e-12,9.337017625962085e-06,0.35294725245280634,1.0872735744912961e-13,0.647032996125726
1.0474514855346733e-11,9.211273765899909e-07,3.278443760361943e-11,6.693218584086226e-06,1.2052350570696403e-18,3.433773012974828e-12,6.988500327453242e-06,0.5767975407463253,4.80967752832869e-14,0.42318785636064565
9.622675058653377e-12,3.7706785523793026e-07,2.032938184434705e-11,3.126889732187184e-06,4.839836053033975e-19,1.402868508260289e-12,6.722355660193305e-06,0.5577638785884684,2.8417832535121242e-14,0.4422258950669008
9.395223019928506e-12,4.054297332913196e-06,1.0550271952356579e-10,2.165205877644851e-05,5.472428263662485e-18,1.5510590009212544e-11,6.6194951936371176e-06,0.47569725968732424,1.4345821882288475e-13,0.5242704143308209
9.893030580038266e-12,4.3926705038950755e-06,1.1309994631546872e-10,2.348526849867287e-05,5.980612400959382e-18,1.702673596957762e-11,6.8512535235347455e-06,0.49418736872811914,1.5524332494970945e-13,0.5057779019391798
9.371623231681495e-12,3.05888600805735e-06,8.777620056282378e-11,1.664148556509241e-05,4.062582163067694e-18,1.1484405004981658e-11,6.7574587742499e-06,0.47355541951815905,1.2030997533168133e-13,0.526418122542741
9.029519918866837e-12,1.0384552141441924e-06,5.2634065390921374e-11,7.677345195566153e-06,1.3684680438877494e-18,3.920534142424021e-12,7.513046469242119e-06,0.3830926090110078,7.373631948234695e-14,0.6168911620764554
1.1038412853074743e-11,1.3981262899756784e-06,9.786888487242604e-11,1.0875887617855278e-05,1.903160027017645e-18,4.9724307717087e-12,9.82934402105622e-06,0.3370537625668278,1.3506818906007913e-13,0.6629241339612285
1.3490739403937474e-11,2.2994562403694942e-06,4.754217881837103e-11,1.3609273393409214e-05,3.168353903378357e-18,3.666436978575513e-12,1.2641994988833404e-05,0.26927662781559053,7.849485499429477e-14,0.730694821395009
1.1585165650262384e-11,5.053570252217061e-06,9.79901998014723e-11,2.1161833581881434e-05,7.17272472232731e-18,9.570960468763661e-12,8.506563645505913e-06,0.4253055077941675,1.548565559486894e-13,0.5746597701190518
1.0743116337113932e-11,5.21793309904795e-07,3.460862272108229e-11,4.398746790072693e-06,6.886544846411866e-19,1.9928942212522284e-12,1.0883292176565196e-05,0.3241432452156552,4.720369397595577e-14,0.6758409509046764
9.365554379524125e-12,1.98861073805927e-06,7.532116725572692e-11,1.267480322186494e-05,2.587000101648564e-18,7.43246416006881e-12,6.653158366863828e-06,0.4856373789769692,1.0202074947922877e-13,0.5143413043584828
1.0068055886518868e-11,3.410911111138362e-06,1.1535802432805872e-10,2.027099883129518e-05,4.894971844635495e-18,1.3677883770450743e-11,8.411421666347045e-06,0.38097764719854804,1.5770321973171184e-13,0.6189902593305815
1.1163756883085388e-11,5.626978062012543e-07,2.801544250152221e-11,4.711970837235151e-06,7.36563492118723e-19,1.7288238480136442e-12,1.0560579275521232e-05,0.2580389161830747,4.036518003176134e-14,0.741945248528058
8.52927275280138e-12,4.221435392010854e-06,1.7512948387238935e-11,1.0442680047055646e-05,6.209095069804128e-18,1.3039263023842356e-12,1.7662461673519894e-05,0.09155522654607637,3.262951175924384e-14,0.9084124468494323
1.5584985876518703e-11,1.7528593840475273e-06,3.230632436776978e-11,1.0405229263079507e-05,2.3401303652204517e-18,2.5087886468308735e-12,1.6076253934335605e-05,0.23379715019532016,5.4942668736180726e-14,0.7661746154116434
9.798326838483587e-12,5.038628102783408e-07,3.507959495255469e-11,4.207189449835609e-06,6.531498383349049e-19,1.8922375614248306e-12,8.209757655764862e-06,0.3960353581417816,4.7556461464423494e-14,0.6039517210014849
9.114086779143759e-12,9.804590617900124e-07,6.442696217632116e-11,7.207945872459591e-06,1.2745098358600476e-18,3.672987607616696e-12,6.48568835628829e-06,0.48374342405784365,8.642468187207259e-14,0.5162419017715653
9.250134240134955e-12,9.998885432462335e-07,6.819926155276648e-11,7.2054181206493416e-06,1.3055966042048973e-18,3.752976152036211e-12,6.729286591904279e-06,0.4704758947145172,9.150078567593136e-14,0.5295091706109332
9.491381111217626e-12,1.4666276366273515e-06,7.273695447618844e-11,1.062610587101314e-05,1.9053227210561786e-18,5.506571790514473e-12,6.567701667725301e-06,0.48678051005180034,9.92899293723219e-14,0.5132008294251901
1.0783129625587893e-11,5.789108205899517e-07,2.993197428144559e-11,4.6911786432972304e-06,7.51821379372238e-19,2.1748711864874836e-12,9.27515630672693e-06,0.41760656207442715,4.154335225432059e-14,0.5823788926368708
9.983520413748217e-12,6.26969847490105e-07,5.521098728176043e-11,5.3428321100118455e-06,8.261415787017678e-19,2.4033497373914795e-12,9.576011113176234e-06,0.3160136917940734,7.459167614795487e-14,0.6839707623251835
1.3165363605394968e-11,3.075381109382985e-06,7.135331436406369e-11,1.7639043437618904e-05,4.319906142416231e-18,1.1918892224513045e-11,8.880618340218644e-06,0.5549378354406191,1.1340872999563117e-13,0.4450325694199427
1.3073091390376129e-11,2.209166419323842e-06,7.441010203456618e-11,1.5110111061177327e-05,3.0573547895901368e-18,8.654021638389957e-12,1.0178196723672811e-05,0.4664608235590484,1.1086198507365271e-13,0.5335116788704993
1.0656669973575209e-11,1.7977116022874647e-06,1.0570086037958531e-10,1.273987231763314e-05,2.4889149897683784e-18,6.728412723161374e-12,9.242252074496185e-06,0.35776213275849233,1.4428853711560333e-13,0.6422140872822829
1.0108095593134002e-11,9.870950213306549e-07,1.3374191847856684e-11,5.466662204090819e-06,1.3085352925535297e-18,9.688661356555036e-13,2.2254839534331455e-05,0.09180376085702904,2.3517950739573173e-14,0.9081675305217366
1.0659076246611687e-11,1.6000879298147107e-06,9.081286665442987e-11,1.0907638595182355e-05,2.133126800685601e-18,5.2605713228279675e-12,9.1435318744864e-06,0.36475430038722045,1.282929203334795e-13,0.6352240482475193
1.0863818722410655e-11,1.089044109964546e-06,4.636751812875778e-11,8.18294555867802e-06,1.4206254963981453e-18,3.5155450405049265e-12,8.071740423362666e-06,0.4037434677182615,6.731559135549396e-14,0.5962391884908324
1.0594614888954648e-11,5.171592931770916e-07,1.972424011849093e-11,4.076936738261755e-06,6.641906225790447e-19,1.453246683696409e-12,7.496340752174219e-06,0.31676829217619423,2.904174075039742e-14,0.683219617355221
1.0785228653076114e-11,1.9420013634725764e-06,1.396419682524726e-10,1.4015223688365762e-05,2.6367801276383557e-18,7.600903171150342e-12,9.125898322288757e-06,0.38165913552615616,1.9083119803084129e-13,0.6183157811922508
1.0243431038660893e-11,7.518234174060047e-07,5.927015556336954e-11,6.1866008643657174e-06,9.786345159731455e-19,2.8418484347072843e-12,8.363100670310187e-06,0.39287908184443165,8.06883522649642e-14,0.6071056165581802
1.0355859217684691e-11,1.7415337461816614e-06,1.1030167941413441e-10,1.2239174594141634e-05,2.3391146727317155e-18,6.71442402292558e-12,9.016468653188132e-06,0.3736921925092881,1.4664546075139256e-13,0.6262848101861997
9.849902738301859e-12,5.277141043861558e-06,1.2817009580790856e-10,2.618105192237391e-05,7.292768948446878e-18,2.066821530071704e-11,6.984226847577373e-06,0.4793371842591419,1.7301888615853713e-13,0.520624373162183
9.878863468364533e-12,7.603565872892954e-07,4.609036823608013e-11,6.057404538323496e-06,9.948635382898858e-19,2.882093411852157e-12,9.258611128395492e-06,0.3455483291303113,6.207718009230926e-14,0.6544355944385212
1.0987476988435063e-11,7.993458586629197e-07,2.976511074740877e-11,5.7758369353795695e-06,1.0243352052175377e-18,2.2369302694887286e-12,8.183448610154081e-06,0.3746158591670913,4.3699502279175004e-14,0.6253693821584714
1.242984935857549e-11,2.4668103931842103e-06,6.101743829351946e-11,1.4466868516500723e-05,3.406727393598762e-18,9.423322152766559e-12,8.319344143436407e-06,0.560832336860483,9.468836043818944e-14,0.4391424100334988
1.3439378030655585e-11,2.962665601826974e-06,7.805045722012915e-11,1.7013003964257184e-05,4.191644452255573e-18,1.1547185031170828e-11,9.178399716709267e-06,0.548930183774014,1.2531980604967717e-13,0.4510406620535408
1.0081346005393858e-11,8.923946043427653e-07,9.022970575623443e-11,6.492063192220664e-06,1.1893070593276874e-18,3.4044612862837934e-12,9.100717151525552e-06,0.3711823997664477,1.2159896753456943e-13,0.6288011149547671
1.2928506698010635e-11,2.4558976154354948e-06,8.686291279984573e-11,1.4011005636737293e-05,3.456338341168582e-18,9.038845823314786e-12,9.551793563240108e-06,0.49919099570047754,1.3518843778625557e-13,0.5007829854937416
1.039196024993859e-11,7.167402225280722e-07,3.287022816040007e-11,5.599732992529204e-06,9.299947557415634e-19,2.6786383174614966e-12,6.7285228640022785e-06,0.5848535729900045,4.702993408420852e-14,0.41513338196792865
1.4764848990757524e-11,1.433441936376482e-06,4.449968377381014e-11,9.96406912839407e-06,1.9142356280909222e-18,4.670459266416401e-12,9.358096587124511e-06,0.5632385690733628,6.97922275987246e-14,0.43674067525498045
1.0350514556144768e-11,2.610105731311559e-06,1.3749248520086237e-10,1.29927477713629e-05,3.616876687190411e-18,9.952927066373105e-12,7.876982334583454e-06,0.476616276937443,1.9698641498955634e-13,0.5233602430687269
1.3048593852866375e-11,1.2062575589249996e-06,5.1086962526299124e-11,8.73331604424257e-06,1.6135360129582794e-18,4.594385832573386e-12,9.1394978806611e-06,0.5466204712892179,7.776743782778675e-14,0.4533604495704905
1.3701152564511758e-11,1.3938933724168414e-06,5.391186915222336e-11,1.0161770752669382e-05,1.8708790982088814e-18,5.3248306263244535e-12,1.0133106598982479e-05,0.513471461173575,8.114215943337393e-14,0.48650684998268184
1.1460469987349481e-11,1.0521887918970333e-06,4.3088023917684575e-11,7.3296047539922295e-06,1.3957436646560696e-18,3.960467337927636e-12,7.9092443026735e-06,0.5636541654082023,6.444953008548742e-14,0.4363295434953757
1.2143552829697825e-11,2.8801981617729336e-06,8.605318607077476e-11,1.620952449976484e-05,3.967692861468993e-18,1.1016432586823667e-11,8.871269305633534e-06,0.5113353240179018,1.3159892396514182e-13,0.48863671488078625
1.0817948620799855e-11,1.3013570666540628e-06,8.350143989826754e-11,8.988685496959554e-06,1.7381334331232427e-18,4.93026809829467e-12,8.57763036576058e-06,0.4533963752118189,1.193912409187476e-13,0.5465847570158827
2.317761187979774e-48,1.2734211424222997e-94,1.7168054476667301e-06,0.9999921086120657,1.0774444140954251e-85,6.172069303315593e-06,7.027489309214189e-69,3.362799133783702e-69,2.513183271113158e-09,2.6056185960278194e-75
9.617243684559e-12,5.336329126964549e-06,1.3950578029121683e-10,2.2868072257035088e-05,7.924259157674104e-18,2.095934646307493e-11,7.698972342913235e-06,0.41017602453388463,2.0103179170576264e-13,0.589788071922105
9.59000389429454e-12,2.122717877755559e-06,8.413140637770815e-11,1.3406304935499304e-05,2.8849675165319632e-18,8.133852764347171e-12,8.039986538879807e-06,0.3845364467058921,1.1799453878291215e-13,0.6154399841827825
9.204370421485923e-12,2.296561649808163e-06,7.654316041528426e-11,1.494899597640942e-05,3.009368511323598e-18,8.657573107648224e-12,6.24608491346036e-06,0.5020189507020549,1.0442693494005141e-13,0.49795755756089594
1.3182789984846242e-11,7.875961646836703e-07,2.1971171412573847e-11,5.467999622968679e-06,1.0256383812420752e-18,1.4025799333253463e-12,1.425274399662467e-05,0.1769170187826253,3.657816982090819e-14,0.8230624728409972
1.7750603830549977e-11,1.0007934316178214e-06,3.0540542538558764e-11,7.3374648063140655e-06,1.3199462799693038e-18,2.295291432900203e-12,1.5526050000586117e-05,0.3051944356295556,4.9041908400054774e-14,0.6947817000115704
1.4097963439361448e-11,2.307761412967365e-06,6.548825348913762e-11,1.450355915875078e-05,3.1780906357493783e-18,5.05395925429381e-12,1.1746271554097924e-05,0.35717263378895936,1.07860636611274e-13,0.6427988085341668
1.0614620030535381e-11,6.647324943475411e-07,3.253637531061717e-11,5.4999226318047144e-06,8.74384090894215e-19,2.175918884616743e-12,9.753269364832371e-06,0.2894490853863957,4.616245544341776e-14,0.7105349966437402
1.031543946059815e-11,9.751809726711483e-07,9.8338686807529e-11,7.3863681615215005e-06,1.3096820625852717e-18,3.766377387771808e-12,9.632468822730122e-06,0.3443636197782714,1.3176243068050612e-13,0.6556183860912195
1.0784674368640115e-11,3.9313372022317e-06,3.308537105338794e-11,1.4588150141134168e-05,5.669464109433174e-18,2.3597207350375447e-12,1.403856691299217e-05,0.15492642669963386,6.057469916657045e-14,0.8450410151998193
1.0988910159357124e-11,3.7412894485353944e-07,1.8703217160006296e-11,3.0615230493489525e-06,4.789672595768912e-19,1.1242708955274275e-12,7.245969017275288e-06,0.3672353135967914,2.743933027144349e-14,0.6327540047513532
9.577626185410578e-12,1.759891897079333e-06,8.87719964505411e-11,1.0662149933919598e-05,2.40923151552638e-18,6.744235805837534e-12,8.035144170551301e-06,0.39741694797845967,1.2616532943560736e-13,0.6025625947303187
9.609125617578319e-12,1.9480885148808305e-06,8.102601533987446e-11,1.2672169061511318e-05,2.567918402352529e-18,7.350350775552258e-12,6.565303748308061e-06,0.517713910961301,1.118396795054018e-13,0.4822649033792769
9.41744827830504e-12,2.755881629388866e-06,8.406816531435969e-11,1.5381216792751164e-05,3.648647307192462e-18,1.028770314166713e-11,6.9264948260309524e-06,0.474552989685068,1.16501398873611e-13,0.5254219466177941
9.380406477386583e-12,3.5874760847849704e-06,1.0000454151014629e-10,2.0099105703870365e-05,4.79835804681073e-18,1.3640642952296677e-11,6.612142297171481e-06,0.48041478704425344,1.3587436597678968e-13,0.5195549141084993
9.799739532040753e-12,2.4962187087821274e-06,1.6813404600723164e-10,1.2307620274529552e-05,3.438498228361444e-18,9.499820946322587e-12,7.617916542938637e-06,0.45439887982768024,2.277252850465911e-13,0.5455786982291322
9.476380579263444e-12,2.1425748532107013e-06,9.936101021156542e-11,1.2550594206837204e-05,2.9399990198556743e-18,8.209927454412298e-12,7.693639467153313e-06,0.4092039775177608,1.411717761020175e-13,0.5907736355565235
1.0021463269367978e-11,1.7629991026325522e-06,8.858193711664757e-11,1.2322884288846105e-05,2.4016532680708876e-18,6.84390950424771e-12,8.461401424556264e-06,0.3749054565806102,1.242942468815505e-13,0.6250719960290021
1.1144494133956285e-11,1.272606927051617e-06,7.37536836024003e-11,7.951684105906818e-06,1.7202965596418655e-18,4.840268996529827e-12,8.894904626547936e-06,0.47537739473230917,1.0820833851821814e-13,0.5246044859821847
1.1514011906189405e-11,3.591305582799661e-06,3.8568778967271864e-11,1.5952662624980204e-05,5.161619864784519e-18,2.908890091349073e-12,1.3279835847994437e-05,0.1853909339254108,6.740545237565896e-14,0.8145762422174743
1.0314788993794307e-11,7.164024019426682e-07,5.664334714657996e-11,5.844103626101621e-06,9.528581368554277e-19,2.752996222328481e-12,1.0166744906735378e-05,0.32116993340541167,7.571891775871774e-14,0.6788133392738668
9.165158388616332e-12,1.6252655023796433e-06,6.942821901947939e-11,1.0833861635458164e-05,2.1536517849305695e-18,6.112926667837572e-12,7.277531121844354e-06,0.41288864927867097,9.76328908824625e-14,0.5870916139782654
1.041641079649482e-11,1.5540426936626426e-06,9.506906919159108e-11,1.168124679144057e-05,2.0947986520013e-18,6.051357943970066e-12,9.372334098343977e-06,0.3533568001032706,1.2586018281404514e-13,0.6466205921614833
1.0367982024090628e-11,1.3820711119768433e-06,1.2645203388856118e-10,1.0845195803567982e-05,1.855784841432289e-18,5.388140276404592e-12,8.702463417768942e-06,0.3749043697102323,1.7027805566969682e-13,0.625074700417056
9.517806381772649e-12,2.3898903527959026e-06,1.0164563524386462e-10,1.4072047883216262e-05,3.1271672657172893e-18,8.939865497261168e-12,7.06709554536899e-06,0.46224281915786714,1.359560366086635e-13,0.5377336516881123
1.0112108391452042e-11,1.8423678533989846e-06,1.1360555851583179e-10,1.3281475745768185e-05,2.480896884133027e-18,7.182766833640441e-12,8.194892556341865e-06,0.39761422605704577,1.548362296664532e-13,0.6023624550757435
4.6912607696040283e-48,2.5774659958980254e-94,1.931820808001692e-06,0.9999976693630632,2.1807996170997114e-85,3.9567359672026845e-07,1.4223978327061336e-68,6.806468127170812e-69,3.1425320996835734e-09,5.273898089022062e-75
8.608877358692002e-12,6.390254306219272e-07,3.418954796320122e-11,5.022515151186347e-06,8.338359331120403e-19,2.400477336984832e-12,7.389024035942112e-06,0.36692007326719445,4.773914912117978e-14,0.6330668761229412
1.0595450015644575e-11,4.306894460001043e-06,3.1005771002251075e-11,1.4943537184473286e-05,6.398420806750717e-18,2.2596024044324763e-12,1.4577122033594768e-05,0.14563955172032803,5.6709792602759345e-14,0.8543266206820763
1.5308795735522945e-11,1.2166997047177216e-06,4.579437683828026e-11,9.05589830714615e-06,1.6384646903145844e-18,4.02213593380948e-12,1.1340176164313236e-05,0.46609940364472235,7.04742467829601e-14,0.5338789835159057
7.772261045784396e-12,9.3945412748183e-06,1.6615711531591504e-11,1.1379649083590887e-05,1.7710560517939067e-17,1.2451849328362745e-12,1.9377696614595748e-05,0.08193507282318997,3.143899891421523e-14,0.9180247752641724
1.3992136387839122e-11,2.176899327136094e-06,6.381061830351944e-11,1.4129292500358903e-05,3.018408865319561e-18,8.441625959611445e-12,9.773274565667238e-06,0.5380872149749419,1.000483617377919e-13,0.4618867054723206
1.0308855744715316e-11,1.44769064827078e-06,6.755387722903686e-11,1.0012940995956564e-05,1.906541112384876e-18,5.449981324043001e-12,7.09137268084578e-06,0.5336635543916193,9.642827478003644e-14,0.4663178935206465
1.3658736040569776e-11,1.2524846188804401e-06,5.737614801160333e-11,9.143578287311948e-06,1.685698223558448e-18,4.7917154739034504e-12,1.0269080419259635e-05,0.5069950612595598,8.67328816802503e-14,0.49298427352120155
1.0069221581860167e-11,5.882174042577805e-06,4.1301429829531717e-10,1.7463686447651605e-05,9.316394342317277e-18,2.3539785197884714e-11,8.33626042624442e-06,0.4250642063140033,5.633335245251028e-13,0.5749041111178936
1.0256435173499116e-11,1.7499530452303258e-06,1.2204578925395399e-10,1.2291398254913947e-05,2.3695126133851223e-18,6.7448305770070705e-12,8.991075767361485e-06,0.3737438888229163,1.6462175454379147e-13,0.6262330786108045
9.058137397523337e-12,2.8725524054650506e-06,7.93133898774563e-11,1.5351570537615486e-05,3.871591431636631e-18,1.0674705226334317e-11,6.8256849977020635e-06,0.45039350402236,1.1229280776529211e-13,0.5495814460705406
1.2407282146896094e-11,9.110425532069613e-07,3.85412789288685e-11,6.918089777627459e-06,1.1946967231888143e-18,3.421750179376425e-12,8.376752532962247e-06,0.5735924726407656,5.705508430364039e-14,0.42639132141994324
1.019392951900549e-11,1.501978514749591e-06,5.5707041982374e-11,1.0522331951905373e-05,1.9592808207620506e-18,5.6198484463613654e-12,6.753126393886855e-06,0.5541866488324506,7.966418835794637e-14,0.4457945736590884
1.4473711148089127e-11,1.2038515593205164e-06,3.285805307169228e-11,8.363630452939499e-06,1.5560683988509907e-18,2.920098892557289e-12,9.276545096980592e-06,0.4507106082841007,5.120643537981818e-14,0.549270547638487
9.024477912405906e-12,1.609845055710422e-06,5.440116606212328e-11,1.0164182809382462e-05,2.122797672284293e-18,5.9681414846654145e-12,7.017802963508417e-06,0.4429852655069315,7.736779631030779e-14,0.5569959425927686
9.118903468046388e-12,8.338626225819347e-07,5.7796021087503916e-11,6.505373848633358e-06,1.0771614469750956e-18,3.1221097559519326e-12,6.523493221310195e-06,0.4721428798652117,7.744087527394313e-14,0.5278432573349813
1.1215540412096405e-11,1.077041515568755e-06,6.253963253804216e-11,8.746437480010562e-06,1.4377585758316355e-18,3.5814759785960267e-12,1.0068481100161668e-05,0.3173860929030245,8.840767652407512e-14,0.6825940150594546
1.1469341358361313e-11,2.435490631351524e-06,7.437910375039669e-11,1.5337219510968256e-05,3.292848773995664e-18,9.309011688560838e-12,7.975149471582752e-06,0.5289787586254194,1.112422255463335e-13,0.470995493419698
1.1148333838750637e-11,1.4342664859010851e-06,9.521820251750252e-11,1.0023496418022153e-05,1.910403612906449e-18,5.162429112885206e-12,8.413670470589181e-06,0.435698571079065,1.3642656906241022e-13,0.564281557375895
1.4466569298805058e-11,2.88259176069129e-06,3.8420513210971375e-11,1.4209957913967136e-05,4.033555803992905e-18,2.9686510560609806e-12,1.582143220923824e-05,0.21968518317279795,6.797664164888237e-14,0.7802819027893945
9.792464737447795e-12,1.180281579235005e-06,9.719517915665563e-11,8.767280946014863e-06,1.5481286097710556e-18,4.466975735506193e-12,7.491107390884863e-06,0.4358278966634091,1.2994037075005205e-13,0.5641546645550901
1.3305591773432649e-11,8.511086460093464e-07,3.430677042699748e-11,6.4113187839597425e-06,1.111003017217856e-18,2.097816761431307e-12,1.0501189246838511e-05,0.3068428526858567,5.396851608886721e-14,0.6931393836477023
1.0192036922677383e-11,1.335213993633839e-06,8.821648870575499e-11,8.294653304250718e-06,1.7838055583269268e-18,4.572692114548243e-12,7.869936065937638e-06,0.4345019242710034,1.240364534657856e-13,0.5654805758225275
1.2323000575323079e-11,8.982178774234572e-07,3.177262096932102e-11,6.6920941069609075e-06,1.1632373826550422e-18,2.8731101579975236e-12,7.7339089823178e-06,0.54487915134425,4.704463194694262e-14,0.45510552438776736
1.022882232043344e-11,1.1163607907023424e-06,9.621913767200881e-11,8.963882307655441e-06,1.47753768770339e-18,4.2956980103679525e-12,8.511902699660774e-06,0.37992931714873646,1.299022091189925e-13,0.6200520905945921
1.1572425954998546e-11,1.0793469550987394e-06,4.395412160833291e-11,8.045030625826514e-06,1.4211315351753982e-18,2.6878230130722223e-12,1.0098886917828655e-05,0.28133173481586166,6.819034100060808e-14,0.718649041861357
8.813496708258609e-12,3.144872254959279e-06,1.73485366579952e-11,9.62804901247391e-06,4.428304406324775e-18,1.2772567864678524e-12,1.7664416375864037e-05,0.09374627871390562,3.208995863642262e-14,0.9062232839209797
9.00015315879635e-12,4.4766678416940073e-07,3.07201331510801e-11,3.7783536781545357e-06,5.766627220790339e-19,1.6783984467136004e-12,7.5825014783062535e-06,0.37087745445369125,4.174834320370633e-14,0.6291107369829277
1.1358545679181084e-11,2.600594330081291e-06,1.1886126303988195e-10,1.7893497809319923e-05,3.6625919707562045e-18,7.424338807148357e-12,9.757981644562339e-06,0.33806031951777327,1.756351641458085e-13,0.6619094282706229
1.0357923475215252e-11,3.713274942554861e-06,1.6391675063587844e-10,1.8619081316170986e-05,5.263502748477349e-18,1.458682073729465e-11,8.764862395571358e-06,0.40039171771947324,2.1956204511759435e-13,0.5995771848727913
1.0422245402425572e-11,9.557032638887844e-07,9.462363045088388e-11,7.562395530002202e-06,1.276590010033825e-18,3.68854047187941e-12,9.533487274094899e-06,0.3447538366997363,1.273568741455732e-13,0.655228111605334
1.2056994354242813e-11,1.1890256655700623e-06,4.272181165174563e-11,8.549740542033181e-06,1.5649822317547662e-18,4.4673545693251134e-12,8.395675274868476e-06,0.5476115510630721,6.281873644512792e-14,0.4523703144361364
9.50316115884303e-12,1.5409976113859362e-06,1.0688233799133226e-10,9.952068277909255e-06,2.039142998496169e-18,5.813196237649831e-12,7.037196512451408e-06,0.46272994169466974,1.4269635729289732e-13,0.5372515279205873
9.759572626963043e-12,1.298410149891631e-06,7.150520604837279e-11,8.919020048573779e-06,1.758788501653881e-18,4.9925009346326714e-12,8.473998435299954e-06,0.3762432355028838,1.0089443733731034e-13,0.6237380729821242
9.804463148249767e-12,8.149448408110013e-07,6.051082413685981e-11,6.578101002895337e-06,1.0597051410857448e-18,3.080983643127858e-12,8.1671444495283e-06,0.3866233449967536,8.174960821793302e-14,0.6133610947394751
1.1111557539884486e-11,5.085072454643408e-06,3.661554294324401e-11,1.713792626511808e-05,7.602439867806656e-18,2.6831091530167246e-12,1.388409533407816e-05,0.16580388955472897,6.707169398695431e-14,0.8341600033007399
1.0065967496881014e-11,8.179529969441963e-07,5.029676187395056e-11,6.083744393630438e-06,1.0706965810012852e-18,2.9081015772766254e-12,7.42364651482537e-06,0.43118073577012916,6.99020034626817e-14,0.5688049388226246
1.2416459974648456e-11,7.01466852080315e-07,2.9906649144157154e-11,5.456433997580056e-06,9.126996066016351e-19,1.9981198675872507e-12,1.0160682058152537e-05,0.32641659386072897,4.5158043516729565e-14,0.6735670875119969
9.436501907807065e-12,6.435277636132268e-06,2.2583686246957256e-11,1.3765453288621942e-05,1.0361041142422736e-17,1.7123846672095626e-12,1.6756517102062372e-05,0.11161721923561144,4.205939262822114e-14,0.8883458234825871
1.0191008231091093e-11,9.525746248551811e-07,5.685656705248005e-11,7.900122963503131e-06,1.26692265511335e-18,3.672957309655685e-12,9.229495535301661e-06,0.33576189302190107,7.568785142635077e-14,0.6642200247141791
1.0205154290664526e-11,6.576400429562606e-07,3.900904237127088e-11,5.2655880233798065e-06,8.521222140096408e-19,2.3287425007833334e-12,7.1935040377363825e-06,0.4393560873705021,5.445348211510378e-14,0.5606307958457964
1.0950241947174694e-11,1.9864636970382646e-06,2.601739134353557e-11,1.0184531978432704e-05,2.6922411555021774e-18,1.858079589527491e-12,1.464578595173355e-05,0.14428202056518405,4.580709543636377e-14,0.8556911626143172
1.2126693106928584e-11,1.5326220038646288e-06,2.5322088635482707e-11,8.79918683114657e-06,2.077052026905994e-18,1.9096054466432714e-12,1.4977255921290877e-05,0.1662253166088295,4.33956757599267e-14,0.8337493742870123
1.1512215638653016e-11,6.177091867956061e-07,1.9778000244738216e-11,4.6260355627424365e-06,8.064223612502418e-19,1.3005570445596573e-12,1.335308619025152e-05,0.1664355841856958,3.140692849408275e-14,0.8335458189507422
1.0444805625306481e-11,1.7677192548866343e-06,7.962793478644066e-11,1.2486452373261914e-05,2.337417154963346e-18,5.465741956327451e-12,7.91133611392134e-06,0.40069212237267765,1.1506196286077117e-13,0.5992857120239267
1.055786816567777e-11,1.6561771407014835e-06,9.364399394374986e-11,1.2899913519832714e-05,2.2520441960464065e-18,6.5164524872614715e-12,9.359943658276677e-06,0.35141769929283645,1.2439585580866063e-13,0.6485583845620019
1.0935336385255536e-11,1.2096766995977796e-06,9.895652351797887e-11,9.583463965993022e-06,1.6205179709257138e-18,4.68360552652745e-12,9.596633236327596e-06,0.36205078894376685,1.3481970400318162e-13,0.637928821167621
1.3667338442933208e-11,4.971279723809718e-06,6.95261934552506e-11,2.2975973617969e-05,6.976322922720546e-18,8.62217091765997e-12,9.533831781863775e-06,0.4519876779554875,1.137415121131919e-13,0.5479748408674595
1.1380323695859657e-11,4.37534205498087e-07,2.8201273709241135e-11,3.622794468360204e-06,5.698457250679336e-19,1.4184820739612003e-12,9.677328668671201e-06,0.29385538778201675,4.0606655709954884e-14,0.7061308745196
1.0068424548465248e-11,2.3993948208001574e-06,7.173121200238911e-11,1.3941651961988944e-05,3.1683519199886887e-18,8.970510019406576e-12,7.079647273334243e-06,0.5139408401889478,1.0185355782579677e-13,0.48603573902612396
1.0900911555304427e-11,3.0761760080915893e-06,1.1423268362441261e-10,1.732829244941728e-05,4.301241594096953e-18,7.347373116036744e-12,9.424525200484761e-06,0.33995578611151134,1.7816315164414425e-13,0.6600143847621717
1.0900911555304427e-11,3.0761760080915893e-06,1.1423268362441261e-10,1.732829244941728e-05,4.301241594096953e-18,7.347373116036744e-12,9.424525200484761e-06,0.33995578611151134,1.7816315164414425e-13,0.6600143847621717
7.945486811383532e-12,2.6515750778736226e-07,1.6684868470692306e-11,2.292226868131235e-06,3.404523122885842e-19,9.90722679102364e-13,6.715981507267512e-06,0.3482910190289676,2.2661410722676157e-14,0.6516997075795055
1.0281843891489961e-11,1.7671396781943137e-06,2.0203334602618516e-11,8.55339683866587e-06,2.3726573457436484e-18,1.4309914379289165e-12,1.5747385156924725e-05,0.11742432770478957,3.630518573384594e-14,0.8825496043415842
9.68577244779398e-12,7.521524250815567e-07,4.143726390665189e-11,5.821242811207035e-06,9.666988307337164e-19,2.6448549240128213e-12,7.295505979378235e-06,0.42570446513274646,5.683805177117745e-14,0.5742816659122132
1.02232638509401e-11,1.8752549751383824e-06,9.503138376188782e-11,1.2967803712275792e-05,2.533856446054533e-18,7.2638590899996885e-12,8.605822351659352e-06,0.38241196776171843,1.3184542871123296e-13,0.6175645832445922
9.419554719705733e-12,8.778339955614017e-07,4.9582980753550086e-11,6.8719469200393525e-06,1.1672246168259274e-18,3.3573151677389526e-12,8.57716454707851e-06,0.3354984871609866,6.849497684764507e-14,0.6644851858311225
9.808946932784846e-12,2.729803266685304e-06,1.0524846600823743e-10,1.645010183861367e-05,3.818209955124989e-18,1.069674701003722e-11,8.021292824315497e-06,0.39632356594418416,1.4997364192992434e-13,0.6036492327319821
1.183448534214638e-11,2.955740224854646e-06,2.8882510349831092e-11,1.2576850049239068e-05,4.137512890926415e-18,2.3245993160223152e-12,1.4477018259189513e-05,0.17034999203803078,5.1111515358585214e-14,0.8296199983103432
1.1207652373036762e-11,5.269229437219121e-06,5.221531182207302e-11,1.9654084493276865e-05,7.787815946797504e-18,4.356125476874062e-12,1.0923764039210612e-05,0.23742901313988565,9.09191876945582e-14,0.7625351397142746
1.192781454982968e-11,1.249109097320611e-06,4.9353580999976104e-11,9.349494486282157e-06,1.6789347359414685e-18,2.934304258777484e-12,1.1249446561209584e-05,0.2573161587226722,7.810577084280177e-14,0.7426619931628892
8.742011675291853e-12,7.411527829379482e-07,4.5438088058311375e-11,5.619656463565352e-06,9.645835530236018e-19,2.7782172359919886e-12,6.740422683253168e-06,0.4330845748342497,6.263694914569225e-14,0.5669023238767996
9.15171209076834e-12,6.952315475059486e-07,3.716085114035018e-11,5.64266111431628e-06,9.007857009626975e-19,2.6123338267972084e-12,6.588620817682442e-06,0.44888034498321755,5.017656868356694e-14,0.5511067284543278
1.1115356443068274e-11,2.746488760379301e-06,1.644150150249969e-10,1.9134253206888562e-05,3.879328566078404e-18,9.613042311130527e-12,9.086618421028334e-06,0.3737192280540816,2.3455585885706447e-13,0.6262498044001522
1.0920410724368617e-11,2.0247129982644354e-06,7.399215863471263e-11,1.3485528663009505e-05,2.72029773367277e-18,7.744986855920589e-12,7.995158754503444e-06,0.4900055685209223,1.0827140618298421e-13,0.509970925985896
6.7744099238454364e-49,3.721986919618528e-95,1.0079815118769638e-06,0.99999170602763,3.1491812741941444e-86,7.284581369669486e-06,2.0540120165509372e-69,9.828872768233595e-70,1.4094885070149974e-09,7.615766700309898e-76
1.222141662145619e-11,2.3845629818735394e-06,7.33562764145555e-11,1.603818219980542e-05,3.330323333462246e-18,5.343319019035674e-12,1.0948372279719356e-05,0.30802933229990104,1.146472834079296e-13,0.6919412964916019
1.266041016345497e-11,1.2823295252063745e-06,4.608248369901871e-11,9.85560246814589e-06,1.7223041333526278e-18,3.754934463557531e-12,1.0825445819698728e-05,0.34054561466234445,6.771329028566575e-14,0.6594324218972769
1.0545063222067516e-11,1.1882379888403563e-06,9.634115922722206e-11,9.614011855146891e-06,1.6076673500572245e-18,4.652853813960293e-12,9.924994048008161e-06,0.3303690536793961,1.2752339458569197e-13,0.6696102189650454
1.360727253747545e-11,3.53565585296976e-06,9.004307451229019e-11,2.0005792681540933e-05,5.155115952201211e-18,1.4144330921203224e-11,9.789226830954413e-06,0.5117006006067191,1.4351794083521255e-13,0.4882660685999773
1.0469172171298788e-11,4.026965889514297e-06,2.6345249318650345e-10,2.363489065399867e-05,5.929439582833809e-18,1.664689990948583e-11,8.808755521402562e-06,0.3808747443096552,3.5017240680844757e-13,0.6190887847873612
1.0368092565942773e-11,7.650626681300416e-07,5.693087429134121e-11,6.151113409494204e-06,1.0106928331842568e-18,2.9213662262662236e-12,9.189305044007884e-06,0.35334439388018574,7.73597489457517e-14,0.646639500568395
1.0090195776493874e-11,7.674457309793172e-07,5.129620926943881e-11,6.315637021934019e-06,1.013382779122902e-18,2.9347430772335902e-12,8.966218335519002e-06,0.34399162259124944,6.842798817703093e-14,0.6559923280432726
1.3435637896670323e-11,1.607928228516183e-06,5.524404112791326e-11,1.113767955955439e-05,2.1585236323879215e-18,5.7880178264282806e-12,9.093320775274367e-06,0.5470914063401953,8.529944456579868e-14,0.45288675465668843
