i = 0,i = 1,i = 2,i = 3,i = 4,i = 5,i = 6,i = 7,i = 8,i = 9
2.3045377232259512e-29,0.05414555606082969,9.777924202122939e-10,0.00487644996248651,0.9401842508473928,7.980702541435808e-06,8.269160541330903e-17,2.6616414522942356e-18,4.0718129476150826e-44,0.0007857614489573243
2.758866786036415e-29,0.05531269126080142,1.0666338719465073e-09,0.005941732068919189,0.9380860049739513,9.769725140900538e-06,9.899387334793954e-17,3.18637188060138e-18,4.87455223097985e-44,0.0006498009045534469
3.1033728815044e-29,0.05584307823848738,1.040396780103322e-09,0.006563540857693933,0.9367479244012784,1.0760653165067816e-05,1.1135547097484034e-16,3.584261528934864e-18,5.483248875830267e-44,0.0008346948089782071
2.639700996253619e-29,0.048166599822145044,1.0940137466121908e-09,0.0056037679378802855,0.9456919528236091,9.136910694486885e-06,9.471796122832098e-17,3.0487405445704463e-18,4.664002062562063e-44,0.0005285414116574104
4.114857370746899e-29,0.04546842015088811,2.0905088033104956e-09,0.007398574417364797,0.946746553697853,1.2851338455221314e-05,1.4764952922350018e-16,4.7524823906666804e-18,7.270408008918419e-44,0.0003735983049300444
1.12786350518479e-40,5.822711084407533e-33,3.818177212607777e-19,0.998265403461235,4.622165916332538e-66,0.0017345965387649822,4.780722406834657e-28,1.4526519888787814e-84,2.1443448951907425e-79,1.7438698791524347e-58
6.837249385428219e-29,0.04567457213215987,1.9437249286308844e-09,0.010479126574489647,0.9434168234196868,1.9439930047683556e-05,2.453344192370724e-16,7.896727487044379e-18,1.2080514149574754e-43,0.00041003599989086124
3.636883426143611e-29,0.04448533577604273,8.071075033623153e-10,0.006077995229192464,0.9489956216879405,8.778163798131328e-06,1.3049894129812734e-16,4.200443145983869e-18,6.425891350916418e-44,0.00043226833591850756
4.305056842444375e-29,0.05185972137922158,3.356364075551704e-09,0.007942748420238285,0.9396868279795041,1.4198899658651847e-05,1.544743543202518e-16,4.972154558742894e-18,7.606465285691144e-44,0.0004964999650130412
5.377072400958668e-29,0.047976519396782,1.1814478978095143e-09,0.008962855365758114,0.942587299054341,1.5384927702747898e-05,1.929405446793842e-16,6.210286188912893e-18,9.500574801543642e-44,0.0004579400739680051
1.7400895764788088e-29,0.0456251586372612,7.814153774007105e-10,0.003916242814809845,0.9500739576635732,5.750376287850541e-06,6.243803381098864e-17,2.0097282421473375e-18,3.0745078269312275e-44,0.0003788897266524861
2.9723928041509927e-29,0.04641311460659755,1.0140292030068049e-09,0.006082814693207409,0.94709353192984,9.078792615727563e-06,1.0665563705495726e-16,3.4329852014549544e-18,5.25182442594074e-44,0.0004014589637099654
2.3492555698224024e-29,0.04785399901252364,1.4605847709979592e-09,0.0050907389166751915,0.9466676257982133,7.94579000796217e-06,8.429616104766341e-17,2.713288632099059e-18,4.15082346019025e-44,0.00037968902199529675
3.369147003576294e-29,0.04857948656259675,1.8810433507845645e-09,0.006756491591196647,0.9442105501974978,1.1041733618139139e-05,1.2089194173672895e-16,3.8912191513353485e-18,5.95283655082762e-44,0.00044242803404712306
2.8620706461427435e-29,0.058655614114493396,1.4094260147331911e-09,0.005705852413580882,0.9348025086987108,9.772939723724617e-06,1.026970418068206e-16,3.305567877840799e-18,5.056899783631998e-44,0.0008262504240649389
1.4227200507284617e-29,0.04103000998115871,6.725469666977328e-10,0.003229871352402813,0.9553464777607507,4.992555833631952e-06,5.105015516825673e-17,1.6431801588078208e-18,2.513757906847572e-44,0.0003886476773073841
2.2450420943481162e-29,0.02921667055597504,3.000954288075124e-10,0.0035381564689099263,0.9669736704173986,3.956105759809043e-06,8.055678086932786e-17,2.592926572752195e-18,3.9666920508947814e-44,0.0002675461518611712
1.6735197630588212e-29,0.04715783141993979,7.560909634940572e-10,0.003750924207810967,0.9485530645059379,5.553390327397272e-06,6.004936916061725e-17,1.932842985254209e-18,2.9568877830187377e-44,0.0005326257198930171
2.3389868951351263e-29,0.046956670142365334,1.2646272669901237e-09,0.005158438490842505,0.9474574260011827,8.258987361510475e-06,8.392771399804178e-17,2.701428756718274e-18,4.1326800719848423e-44,0.00041920511362054355
1.928557976258115e-29,0.058881586247005374,1.191098819611772e-09,0.004366500306322074,0.9359031078581992,6.614101339610249e-06,6.920066893889771e-17,2.2274010969869447e-18,3.407506528884969e-44,0.0008421902960349395
1.3340528686631807e-29,0.042617950574825085,6.809437160715768e-10,0.0030806118905365477,0.9539202455973422,4.728138366505453e-06,4.786859265867177e-17,1.5407733963302196e-18,2.357094739079345e-44,0.00037646311798602444
7.676922567719293e-30,0.04265632299834709,4.905083718344496e-10,0.0018328347945137165,0.9551634581585408,2.7385558052060365e-06,2.7546394881570772e-17,8.86651371611823e-19,1.3564105457697041e-44,0.00034464500228486997
5.424615864052869e-29,0.05960476660188724,1.5471713637930456e-09,0.009980358764785681,0.9296017789907411,1.7993472181784292e-05,1.9464646257224653e-16,6.265196833629963e-18,9.584577804250161e-44,0.0007951006232326584
2.003655316446062e-29,0.046335876346494026,7.814899952072485e-10,0.004339298783370645,0.9488240673788347,7.046282690763242e-06,7.18953218287124e-17,2.3141352786784824e-18,3.540193583224308e-44,0.0004937104271199955
2.842473857642974e-29,0.049315901643888944,1.0423843274238158e-09,0.0055900070589110975,0.9445368461841704,9.901402183972887e-06,1.0199387580294733e-16,3.282934434232068e-18,5.02227485372053e-44,0.0005473426684610279
3.25456439938141e-29,0.046302825724344576,1.945489324297854e-09,0.00629320932603695,0.9469880251027599,1.0439473465316232e-05,1.1678046420086358e-16,3.7588811965415284e-18,5.750384264353836e-44,0.000405498427903676
3.566999615480185e-29,0.05229559837120859,1.2269394594260365e-09,0.006604431876703526,0.9405037229008679,1.1418043735969752e-05,1.2799136266510194e-16,4.1197303655284115e-18,6.302415912775317e-44,0.0005848275805444398
2.1701751718633168e-29,0.04964968178759256,1.383125595754781e-09,0.00474937012944384,0.945066218288441,7.557711535211873e-06,7.787039766019053e-17,2.506458513547549e-18,3.8344121141207496e-44,0.0005271706998618136
3.878675582437923e-29,0.05698991188251919,1.7106177585136412e-09,0.007931850708142523,0.9343283809749982,1.3488206946216332e-05,1.391749370818937e-16,4.479702634577387e-18,6.85310606851834e-44,0.0007363665167757919
1.9945084777451827e-28,0.054530855305139715,1.466252942640626e-09,0.020477620011455866,0.9243128177977809,4.475673221580234e-05,7.156708197455323e-16,2.3035710753684888e-17,3.5240323306326812e-43,0.0006339486871539039
3.5741317041228586e-29,0.047813845336446774,6.967313850921195e-10,0.006129408268336772,0.945492146123842,9.30843252159902e-06,1.2824727782670601e-16,4.127967619612585e-18,6.3150173688444e-44,0.0005552911421212418
1.6253427990302172e-28,0.04507241118850305,1.893790409987072e-09,0.01611496909295935,0.9383642692165512,3.6056550383181144e-05,5.832052617047963e-16,1.8772006743421875e-17,2.871765468060987e-43,0.0004122920578120681
5.490689598663409e-29,0.03294751452914748,4.0040923720791253e-10,0.006163930951823137,0.960555814542089,6.592164791359997e-06,1.9701736567545517e-16,6.3415091409421294e-18,9.701321342606248e-44,0.0003261474117394914
3.1904462552163315e-29,0.04882580874606251,1.5158188932527724e-09,0.006526713026339227,0.9442234192094626,1.0769709884756106e-05,1.1447980490170924e-16,3.684827511659749e-18,5.63709599531958e-44,0.0004132877924316951
1.1150798298009206e-28,0.05735427359808142,1.9265578772193266e-09,0.015236792462419643,0.926668298072638,3.544095080736329e-05,4.00113760133859e-16,1.2878690019709156e-17,1.970198379852098e-43,0.0007051929894953791
7.902344900053768e-29,0.05748203759055131,2.4839621077314574e-09,0.01181540081356814,0.9299913303103817,2.5524708106131133e-05,2.835524901402459e-16,9.12686676565495e-18,1.3962396864355485e-43,0.0006857040934302869
4.690316242494625e-29,0.06005306888952251,1.3854252083721251e-09,0.009071120705672758,0.9300478943062398,1.5393656276791527e-05,1.6829827275003075e-16,5.4171125122296955e-18,8.287167622435329e-44,0.000812521056862738
2.869435529329668e-29,0.048367922839078335,1.0765298671516448e-09,0.0058551911646543275,0.9453177895255735,9.594050129357967e-06,1.0296131697844621e-16,3.3140739995605956e-18,5.069912556829831e-44,0.00044950134403443873
2.682078290826894e-29,0.05321799507673758,1.6243560741261608e-09,0.005369165863554918,0.9408642041586951,8.767941997104673e-06,9.623850455177703e-17,3.0976844879633203e-18,4.738877129691281e-44,0.0005398653346593009
1.1300246692563085e-29,0.053581969958372555,1.2358523525219332e-09,0.0026343154565171374,0.9431983334900876,3.949228198184343e-06,4.0547627968811355e-17,1.3051296455227429e-18,1.9966039318989064e-44,0.0005814306309721522
1.2204089599347864e-28,0.05744625182707557,1.5459510018934292e-09,0.017360987369369293,0.9244300818280268,3.8171299401325094e-05,4.379080332441301e-16,1.4095195942232968e-17,2.156301003175508e-43,0.0007245061301757061
1.3306615965360827e-28,0.0559894499361355,1.7685891055627316e-09,0.018786828848246923,0.9245162792034977,4.1524160352857184e-05,4.774688402394212e-16,1.536856623617617e-17,2.351102810365471e-43,0.0006659160831776934
9.119788565260928e-29,0.057133853929616084,1.6103051943330583e-09,0.013421048750198892,0.928704868425964,2.900691439401069e-05,3.2723691730250925e-16,1.053296157264835e-17,1.6113458584466213e-43,0.0007112203695212748
2.5852372866912907e-29,0.054091550359683264,8.781131964963393e-10,0.005223996966728936,0.9400817521039311,8.840460965992082e-06,9.276369035571718e-17,2.985837314323521e-18,4.567771900852841e-44,0.0005938592305776275
3.242128762500479e-29,0.04769326048946772,1.2328761463073681e-09,0.006669784618051607,0.9452188476531455,1.085444180590872e-05,1.1633432537639792e-16,3.7445185734981395e-18,5.72841214094128e-44,0.00040725156465304315
4.6587866770703217e-29,0.042078953072838036,8.901871993970786e-10,0.007182836614881098,0.9503614403189076,9.436630376923052e-06,1.6716690633992692e-16,5.3806972270901354e-18,8.2314590560562815e-44,0.0003673324728088384
1.37402183419574e-28,0.05212970777579321,1.8925009872585732e-09,0.014534329341110763,0.9327501153799859,2.846603186591272e-05,4.930272971064606e-16,1.5869358237856753e-17,2.4277146077489028e-43,0.0005573795787428235
1.1296167588675761e-29,0.045459235872076814,1.289187656178408e-09,0.002602904811870394,0.9515855221801868,3.993441757178768e-06,4.053299521868309e-17,1.3046585266564606e-18,1.9958832082650224e-44,0.0003483424049211791
5.908510404579234e-29,0.05700966539469819,1.6320338799760274e-09,0.010413992275573582,0.931832892938119,1.9808023148874342e-05,2.1200960929746638e-16,6.824074110674894e-18,1.0439555371133894e-43,0.0007236397364262711
9.143447780080612e-29,0.05153274496143939,1.329389453092407e-09,0.013592457588365555,0.93432739581111,2.915777833438442e-05,3.2808591932317013e-16,1.0560286943050471e-17,1.6155261283663663e-43,0.000518242531360862
1.108561241810699e-29,0.04337578186118844,5.288329617085023e-10,0.002557172512567687,0.9537090619959285,3.5561507303077725e-06,3.977748320755873e-17,1.2803403146205896e-18,1.9586808981848435e-44,0.00035442695075221385
5.197696001072658e-29,0.016886760427184067,1.4558778412617012e-10,0.0031119873570791697,0.9798307711480878,2.647008848707214e-06,1.8650414707861236e-16,6.003114200931031e-18,9.183640459271288e-44,0.00016783391321223607
2.8719820212564937e-29,0.03573881684548119,5.289398982382906e-10,0.004582410356052642,0.9593710634136274,5.528956999917817e-06,1.0305264975333405e-16,3.3170150876591156e-18,5.074411870811174e-44,0.00030217989889877494
1.2765836206413346e-29,0.05061992655457698,1.5066893449511562e-09,0.002965329132375604,0.9459088116377328,4.4936738186079405e-06,4.580647189090377e-17,1.474398899082675e-18,2.255554188960908e-44,0.0005014374948068311
2.8836131238338457e-29,0.05726763988913587,2.1845381321861587e-09,0.005878274054588949,0.9361175049818424,9.990379741595319e-06,1.034700289822936e-16,3.3304485083593994e-18,5.094962488660556e-44,0.0007265885101529397
2.876135452777834e-29,0.0565282048147033,2.495867403771422e-09,0.005719333512210086,0.9370523298114867,9.923474811514562e-06,1.0320171505287338e-16,3.3218121215262783e-18,5.081750434235494e-44,0.000690205890920736
3.76559486146053e-29,0.05415398312465497,1.146644178155369e-09,0.007568524286997721,0.9375157990028081,1.2816409260520878e-05,1.3511736903357616e-16,4.349099289978009e-18,6.653307410782828e-44,0.0007488760296343529
1.3956600941923992e-29,0.04894346103910233,1.0894170565308398e-09,0.0031391922917567506,0.9474595113503821,4.87595625596729e-06,5.00791792357905e-17,1.6119270787268217e-18,2.4659465474261243e-44,0.0004529582730856608
1.262897594033808e-29,0.04449040071233973,7.435812707699415e-10,0.002945069827759803,0.9521830091781089,4.513605447335244e-06,4.5315393222944914e-17,1.4585921299555447e-18,2.2313727925010902e-44,0.0003770059327630711
7.815224296269909e-29,0.04582235613488262,1.9244431375223587e-09,0.011458137593472948,0.9422854467243001,2.183161836814126e-05,2.804261215495238e-16,9.026246234238604e-18,1.3808466295584155e-43,0.0004122260045329594
5.263440288414499e-29,0.04626638580608505,1.7945670772849227e-09,0.009351120417038358,0.9439704574890693,1.6654247355849023e-05,1.8886305815741678e-16,6.079046010888837e-18,9.299801907935057e-44,0.00039538024588395445
4.4072437952383673e-29,0.049769890213109326,1.3860922933104182e-09,0.00811684647873318,0.9416512731239582,1.4789679129146211e-05,1.5814107532242976e-16,5.090176071994323e-18,7.78701609779999e-44,0.0004471991189775056
1.2159375931476651e-29,0.018708494041802835,1.514495877456827e-10,0.0018212620638613662,0.9793086332704745,1.8283981461411055e-06,4.363036447974345e-17,1.4043553588675158e-18,2.1484006902433983e-44,0.0001597820742657595
3.9634181651206915e-29,0.04966652681522913,1.2997087790575261e-09,0.007279307698230749,0.9425622823626991,1.273436348466893e-05,1.4221568847887956e-16,4.577576654416467e-18,7.002834988945392e-44,0.00047914746064727653
2.1471586338560795e-29,0.047641924248624144,6.451848119659884e-10,0.004454711239964071,0.9473442683567698,6.796092723788467e-06,7.704451594624025e-17,2.479875407082877e-18,3.7937449397357924e-44,0.000552299416733463
1.139128729876635e-29,0.05516092274417837,4.991830356055193e-10,0.0025224311490737485,0.9416010331784403,3.466014048016626e-06,4.087430658328144e-17,1.3156444419988623e-18,2.0126896012876577e-44,0.0007121464150765416
4.384570806508646e-29,0.04700246401323183,1.1188189197255378e-09,0.008373887043447518,0.9441554242658732,1.5013712231807388e-05,1.5732752119208483e-16,5.063989750094607e-18,7.746955929489279e-44,0.00045320984639626177
1.4417968996496485e-29,0.0443195104988481,7.44608641674565e-10,0.0032849556626427185,0.9519054973862573,5.074167760683058e-06,5.173467213253893e-17,1.6652130946786675e-18,2.54746417238366e-44,0.0004849615398824981
4.1737477162682885e-29,0.048230219476697304,1.352192078039891e-09,0.007844687187976773,0.9434337911720299,1.4337738099919385e-05,1.4976275062692814e-16,4.820498194096552e-18,7.37445945011065e-44,0.0004769630730038076
1.5958063822519342e-28,0.0556315743871101,1.6921233572339488e-09,0.020583395080701845,0.9230703795999022,5.0013175468008704e-05,5.726083149997984e-16,1.843087389731134e-17,2.819578531370008e-43,0.000664636064693929
1.7615515700741363e-29,0.04767691283188943,9.582045351900242e-10,0.003862746930319548,0.9479999004619915,6.230955239338967e-06,6.320813275592866e-17,2.0345159170143963e-18,3.11242832722174e-44,0.00045420786235578914
1.9869539992116192e-29,0.05391173280616342,8.219727765581149e-10,0.004034261243458428,0.9414140580510771,6.031412844498413e-06,7.129603660841266e-17,2.2948459792189445e-18,3.510684567567045e-44,0.0006339156644836493
6.54193230382374e-29,0.04793186680685185,2.2638407457235157e-09,0.009985450259254396,0.9416202505987885,1.883444633636299e-05,2.347378781814368e-16,7.555649023434447e-18,1.155872797770608e-43,0.0004435956249279691
7.518825414921692e-29,0.045543091133349985,2.466253952184966e-09,0.010957239052918651,0.9430790766607458,2.1167505933500832e-05,2.697907393914893e-16,8.683918338687505e-18,1.328476872684014e-43,0.0003994231807977304
2.2455070942768536e-29,0.05012632561097264,3.715780224622349e-09,0.004412160889786161,0.9450007858311694,7.809534485649403e-06,8.057346190443466e-17,2.593463627569379e-18,3.967513644185006e-44,0.0004529144178058561
6.430013472835294e-29,0.048081452422633335,4.351012346680201e-09,0.009359894572939561,0.9421239026296282,1.8902499746689285e-05,2.3072206515882995e-16,7.426387611547393e-18,1.1360982225702168e-43,0.00041584352403975804
2.2033887051874673e-29,0.0536548350641344,2.2509716973236247e-09,0.004785605908416238,0.940997053090323,7.457255288220551e-06,7.906214255089185e-17,2.5448187088187142e-18,3.893096028756787e-44,0.0005550464308664528
3.531198221450313e-29,0.046035112271177736,1.897084917442451e-09,0.006616318849529669,0.9469488171259047,1.0407220711413905e-05,1.2670664031832518e-16,4.078381303007344e-18,6.239159591004442e-44,0.0003893426355913494
7.87609472560975e-29,0.054054085155955625,8.15282060898895e-09,0.010153023382963072,0.9352142527448961,2.459295206120529e-05,2.8261054554009472e-16,9.09654894888589e-18,1.3916016282644419e-43,0.0005540376113033776
3.040743743744702e-29,0.047276231886654724,2.260238726111788e-09,0.005928022398031897,0.9463848211553458,9.907614876848813e-06,1.0910814757212055e-16,3.511927582086161e-18,5.372591483912668e-44,0.00040101468485195975
3.296487520098177e-29,0.04532963025686744,2.092601128246971e-09,0.006443576064878563,0.9478382289440851,1.0644994706005954e-05,1.1828475677895071e-16,3.8073005887626656e-18,5.82445686642867e-44,0.0003779176468615299
2.920601147995946e-29,0.050855872006907894,2.5015274126300385e-09,0.005525250516043572,0.9431399911734533,9.532755712197088e-06,1.0479719214475091e-16,3.3731680773888415e-18,5.160315428719664e-44,0.0004693510463555084
7.608598685076028e-29,0.04823766842711759,2.366869984061217e-09,0.011149255594039242,0.9401374141449833,2.258475422105709e-05,2.7301209950522737e-16,8.7876025850952e-18,1.344338620577317e-43,0.0004530747127684712
3.6011934727812413e-29,0.05186405251761811,5.197097608544719e-09,0.006699286858622706,0.9409383435934514,1.1983802564972068e-05,1.2921827676543333e-16,4.159222792616533e-18,6.362831930045993e-44,0.0004863280306447612
8.472068730763594e-41,4.37379242077641e-33,2.868065118051134e-19,0.9950735910698084,3.4719899303544694e-66,0.004926408930191721,3.5910913534496716e-28,1.091175256144497e-84,1.6107478654112497e-79,1.3099267248004426e-58
1.5942612857599997e-28,0.05414865535637114,1.4845140575512647e-09,0.016469692583775678,0.9287557006080053,4.384402040292842e-05,5.720540533087813e-16,1.841302870072688e-17,2.816848550498891e-43,0.0005821059469302398
5.443099986788242e-29,0.05240505492807616,1.1094246607634376e-09,0.009085636696806045,0.9379402214085485,1.7752375697517823e-05,1.953097476392373e-16,6.286545196377911e-18,9.61723680111563e-44,0.0005513334814467959
7.024815698095579e-29,0.058853380700241924,1.5591653456330233e-09,0.012575074838011369,0.9277763386160273,2.320542580283472e-05,2.5206494699965925e-16,8.113358470264122e-18,1.2411918983072675e-43,0.0007719988607510155
1.4256907340507606e-29,0.03603431999681792,4.3731818432681284e-10,0.0027334878555488147,0.9609177325610108,3.306240325463778e-06,5.11567434472722e-17,1.646611169631632e-18,2.5190067108454813e-44,0.0003111529089788395
1.75587136799625e-29,0.040234582317729035,6.587336370357607e-10,0.003513595230755405,0.9559421947354351,4.634258642620127e-06,6.300429690250164e-17,2.0279555291519893e-18,3.1023921624270787e-44,0.00030499279870423716
5.049392662556664e-29,0.045283947417844084,1.286996987981699e-09,0.00827304526104883,0.9460495895562844,1.22006247144001e-05,1.811826251365928e-16,5.831830255639285e-18,8.921608101172735e-44,0.0003812158531111723
1.4142401617409452e-29,0.0469861920037736,6.18569837616519e-10,0.0032076118595068775,0.949404773849245,4.6508119494703325e-06,5.0745878373778486e-17,1.6333862535865895e-18,2.4987750660696944e-44,0.00039677085695515496
2.269213880025732e-29,0.04779519642362051,1.8614583803036929e-09,0.004607707954273492,0.9471776319100561,7.955878928713154e-06,8.142411342951364e-17,2.620843940338374e-18,4.009400394914128e-44,0.0004115059716628411
6.851139967146557e-29,0.030491114919910613,3.704106476225497e-10,0.0062901383760881075,0.9629243227427768,6.375916176023998e-06,2.4583315444503504e-16,7.91277050848221e-18,1.2105056967824416e-43,0.0002880476746375342
8.933132568848286e-30,0.05818416872072876,5.174371880039517e-10,0.002061159211703689,0.9390202716243442,2.868665660230071e-06,3.205393649940759e-17,1.031738196535265e-18,1.5783662159229532e-44,0.0007315312601259508
4.844205138735855e-29,0.05461996330759243,1.8054215578374309e-09,0.007706072062293429,0.9371138095539335,1.5861661172134514e-05,1.7382014111849852e-16,5.594847535247721e-18,8.559068921291961e-44,0.0005442916095869259
5.998824973189469e-29,0.05713321665863724,2.1444029939324307e-09,0.010665017844202948,0.9314929822929675,2.0034705587815807e-05,2.1525025586153814e-16,6.9283835334004975e-18,1.059912925274979e-43,0.000688746354201152
8.131934829779985e-29,0.05640598208137427,1.5448395763836239e-09,0.012317734388124254,0.9305600585551741,2.63036508124577e-05,2.9179067511982317e-16,9.392033210026802e-18,1.4368051863655138e-43,0.0006899197796751735
1.0781429107468229e-28,0.05741435432259239,1.5439279595305776e-09,0.016246077637710524,0.9255772062789894,3.4592381530574674e-05,3.8686002653616337e-16,1.2452084571320997e-17,1.90493573575055e-43,0.0007277678352486088
7.565762504228344e-29,0.05525550667791227,7.236952818538306e-09,0.009717835292576544,0.9344060921685698,2.4307953117398963e-05,2.714752490522251e-16,8.738128647891617e-18,1.3367700347371243e-43,0.0005962506708709109
6.00728632759866e-29,0.055290722276446665,1.6167602865447435e-09,0.009215529587985175,0.9348938762363858,1.9448012112553627e-05,2.1555391333487938e-16,6.938156031984955e-18,1.0614079345382458e-43,0.0005804222703093
4.1356382094933244e-29,0.050012726341870026,1.011673165804927e-09,0.007632779963788601,0.9418450303474751,1.3829603669107407e-05,1.4839530109383501e-16,4.7764833611274744e-18,7.307124998801993e-44,0.0004956327315238215
3.4953601494643176e-29,0.051870588314411374,1.1239685819231244e-08,0.0058109055200492475,0.9418401537075415,1.1538470230541668e-05,1.2542074998498446e-16,4.03698987903243e-18,6.175838464142666e-44,0.00046680274808116423
6.842850598025023e-29,0.035255682643409336,5.008275791818582e-10,0.007562837009012385,0.9568464180781703,8.229874964199531e-06,2.4553569687124574e-16,7.903196645470605e-18,1.209041075041758e-43,0.00032683189361607765
1.610396689987276e-29,0.04621695086533982,1.5479809656583652e-09,0.003559986093744339,0.9498380438089689,5.6937746685433645e-06,5.778438089599316e-17,1.8599385644716166e-18,2.845357672821115e-44,0.0003793239092974552
4.212641578423104e-29,0.054607583069992825,1.0300972162160937e-09,0.007623332295469101,0.937111836311525,1.3979267122497195e-05,1.5115834064253318e-16,4.8654189236241045e-18,7.443179753496722e-44,0.0006432680257933266
3.6403857090312664e-29,0.04765077183649369,1.1538172983432842e-09,0.007300102807451182,0.9445882783900001,1.2750016559130493e-05,1.3062461362260224e-16,4.204488131326265e-18,6.432079420942109e-44,0.0004480957956783393
3.308082926911065e-29,0.04993937855675797,1.1426975069770652e-09,0.006962165791865897,0.9426154966277307,1.16896715448296e-05,1.1870089817868933e-16,3.82069278239801e-18,5.844944414589737e-44,0.0004712682094030089
6.648458101271725e-29,0.05461398196363283,1.5155021856262102e-09,0.01074551719724589,0.9339291518616215,2.2324733653172856e-05,2.385604953062885e-16,7.67868171470641e-18,1.1746944953688813e-43,0.0006890227283441318
4.776824840680431e-29,0.052612077931895936,1.1550627158287206e-09,0.009201924912539456,0.9376391773631474,1.6698473725547537e-05,1.7140240909618137e-16,5.517026203635404e-18,8.440016858367956e-44,0.0005301201636287521
1.691380601382267e-40,8.731925920421402e-33,5.725862074936457e-19,0.9985523904208019,6.931549545948173e-66,0.0014476095791980106,7.169325988776329e-28,2.178443919192495e-84,3.2157289793719124e-79,2.615163689022822e-58
1.5521974222103002e-29,0.054366378972037985,7.202797413298291e-10,0.0033707081140424656,0.9416647077269635,5.388202546425701e-06,5.569607068108412e-17,1.792720925963391e-18,2.742527274478022e-44,0.0005928162641298204
7.473809402566765e-29,0.02895816738161315,3.383503888072167e-10,0.006226578608357243,0.9645389778275011,6.064942474002349e-06,2.6817582962809543e-16,8.631926790320422e-18,1.320523139485834e-43,0.0002702109017040504
2.6929269017489744e-29,0.045839052582750485,1.5138868575945841e-09,0.005361364808034068,0.9484411711181565,8.277883461462636e-06,9.662777025903482e-17,3.1102141646264566e-18,4.758045188417754e-44,0.00035013209371040967
1.3275620259205611e-28,0.013980350523425061,1.2269933063347866e-10,0.0030269442366086196,0.9828494080112627,2.390504784819399e-06,4.763568647780413e-16,1.5332767535415317e-17,2.345626279590066e-43,0.00014090660121920126
5.202491055010694e-29,0.044693085968991624,2.1588647196832445e-09,0.008755172581396449,0.9461608546597811,1.553647051755907e-05,1.8667601046065812e-16,6.008652280954125e-18,9.19211268453045e-44,0.0003753481604482758
4.3233247066122545e-29,0.05436652628961408,2.567432732079267e-09,0.008179434912977443,0.9368524797437633,1.4437664795254701e-05,1.5512982559347152e-16,4.993253152193579e-18,7.6387421823088e-44,0.0005871188214167795
3.007264415994777e-29,0.04587022010155156,3.2705056224441678e-09,0.005872079237476556,0.9478755679160483,9.793485012169872e-06,1.079068431300813e-16,3.473260405742696e-18,5.313437945727679e-44,0.0003723359894054526
1.9468186503356536e-28,0.05350415597101197,6.365879606127848e-09,0.013041664367113655,0.9328551746413498,5.422706386256413e-05,6.985588958419369e-16,2.2484913861940916e-17,3.439770721565236e-43,0.0005447715907818788
4.5998053016796423e-29,0.050206793510629524,2.0325384533826716e-09,0.008570936761095492,0.9407341331372586,1.552416534802619e-05,1.650505699118187e-16,5.312576288096174e-18,8.127246777140868e-44,0.00047261039312981694
8.562633078824307e-29,0.05764616746651647,1.5144500281567628e-09,0.012195450125685396,0.9294323922756611,2.60854360560774e-05,3.0724503020143506e-16,9.889471069920974e-18,1.5129038628722668e-43,0.0006999031816305055
2.4448629245041313e-29,0.04800285774969044,2.254280137562802e-09,0.005101166657345826,0.9464574180927839,8.09078185244424e-06,8.77267239823916e-17,2.8237109939464804e-18,4.3197489938262764e-44,0.000430464464047215
4.5373919024978295e-29,0.05453557609779131,1.935489397674874e-09,0.008778895893841615,0.9360575444105816,1.495765866291494e-05,1.628109877122516e-16,5.2404915099792155e-18,8.016970566718315e-44,0.0006130240036328752
2.742806368417544e-29,0.050320531146927666,9.823106950183727e-10,0.0053103471860165875,0.9438467593249934,7.424625186875368e-06,9.841755738305205e-17,3.1678227924937193e-18,4.846175600063571e-44,0.0005149367345648225
4.616807783336672e-29,0.05715350151422716,1.2900200114573137e-09,0.007950001922570124,0.9342094946141378,1.4913406369246775e-05,1.6566063889099254e-16,5.332213419445396e-18,8.157287910447105e-44,0.0006720872526753692
2.1922150000593336e-29,0.05477723106016801,1.2569019131447627e-09,0.004774627316743129,0.9396872470199146,7.701913848953276e-06,7.866123260916984e-17,2.531913562400403e-18,3.8733535716231817e-44,0.0007531914324235512
2.2544449544475e-29,0.045380667310342494,8.003068633693341e-10,0.004939880213770961,0.9492820609562631,7.409782450524133e-06,8.089417642936893e-17,2.6037864697104487e-18,3.983305659390498e-44,0.0003899809368662066
6.62436856782849e-29,0.050510559082791416,1.7333884680687605e-09,0.011097704516924878,0.9378666029917737,2.0757832749192026e-05,2.3769595114122972e-16,7.650859344895431e-18,1.1704381938474262e-43,0.0005043738423721266
3.074374572608388e-29,0.04705164388617569,1.3111560912961674e-09,0.005803310232761969,0.9466430298782993,1.006114529741467e-05,1.1031494749579603e-16,3.550769735667096e-18,5.432012704501106e-44,0.000491953546309328
4.8455771481836363e-29,0.03455877414129071,5.571776848570424e-10,0.006112403600045988,0.9590272962129711,7.019246566562713e-06,1.7386929854519508e-16,5.5964321468521855e-18,8.561493080279431e-44,0.0002945062419476414
2.959151066427117e-29,0.051991877375774875,1.4695596608387179e-09,0.006036042386989212,0.9413600222619999,1.0331557393581562e-05,1.0618049489143279e-16,3.4176915667832076e-18,5.228428029097419e-44,0.0006017249482826535
1.828435206053947e-29,0.048608802123781714,7.210055349586109e-10,0.003802738119332819,0.9471437069590077,5.187250789392568e-06,6.560805120531822e-17,2.1117636253985424e-18,3.230602854035275e-44,0.0004395648260829121
3.837341667909941e-29,0.055277644315217034,5.926012117723678e-09,0.006416849687192209,0.937725942064921,1.2357195098880697e-05,1.3769178640929443e-16,4.431963750034738e-18,6.780074515745555e-44,0.0005672008115586456
2.5083114988065303e-29,0.052716066817887694,1.4836581757675976e-09,0.005200850821458625,0.941553212849538,7.832833218724777e-06,9.000339889976077e-17,2.896991354580297e-18,4.4318542215899475e-44,0.0005220351942387618
2.540167993795072e-29,0.04900328568103363,9.675696126520392e-10,0.00555218865071955,0.9449507416595841,9.0092572287813e-06,9.114651332867167e-17,2.9337842292344016e-18,4.488140429210974e-44,0.000484773783864278
2.271141167365535e-29,0.04659756388913204,6.136637119378003e-10,0.004628140376173263,0.9483410097912799,6.460747372838123e-06,8.149326999949547e-17,2.62306987390518e-18,4.012805656396678e-44,0.0004268245823784812
4.071913295907152e-29,0.01861127831126294,1.6201357466760157e-10,0.0031562077521136347,0.9780476054508446,2.775439206026439e-06,1.4610871350514959e-16,4.702883840566189e-18,7.194531516121826e-44,0.0001821328845592857
8.596556816338236e-30,0.045956678884334926,4.868789193649228e-10,0.0020316276999115973,0.9514336849958015,3.061276452162417e-06,3.0846234380978066e-17,9.928651520331406e-19,1.518897738010373e-44,0.0005749466566207257
6.230348403111364e-29,0.0479350497580944,1.15548169739336e-09,0.01093414794362224,0.9406812139113766,1.799600806488965e-05,2.235578644086584e-16,7.195783086919125e-18,1.10082004908255e-43,0.00043159122335991113
1.0485220286043264e-28,0.05121384058752198,2.203018723770555e-09,0.01327456616098275,0.9349681873098896,3.342293400768069e-05,3.762314601598997e-16,1.2109976186765555e-17,1.8525995599474636e-43,0.0005099808045789586
2.055470073774902e-29,0.04597109059716164,1.226722438060495e-09,0.004385387527365581,0.9492315559640195,7.231790431291926e-06,7.375454260402577e-17,2.373979083601734e-18,3.6317433971599937e-44,0.00040473289429975587
3.1328537513045357e-29,0.048818462663542506,1.8543895315094857e-09,0.006162173711265229,0.9445520133980214,1.021919155552858e-05,1.1241324952423914e-16,3.6183106591872824e-18,5.535337668367415e-44,0.0004571291812254468
4.3965321500857833e-29,0.05554351678598613,2.7457304320126945e-09,0.007720967953231453,0.9360623817312533,1.4903543559716325e-05,1.5775670792336476e-16,5.077804584874348e-18,7.768090039448688e-44,0.0006582272402385528
3.3745949939877257e-29,0.05325022034547026,1.482420849157644e-09,0.006159137537965031,0.9400830163360422,1.1394296495268873e-05,1.2108747796927052e-16,3.8975113447607905e-18,5.962462428361401e-44,0.0004962300016063046
1.7846777433767458e-29,0.04808030701465639,7.925537633169257e-10,0.003991575409929548,0.9473949511995755,6.336770423623078e-06,6.403795093930756e-17,2.061225647506029e-18,3.153289212653696e-44,0.0005268288128611774
8.937546674341954e-29,0.030867586803593156,3.8102798297309234e-10,0.007183460959412141,0.9616479065122661,7.193960130260109e-06,3.2069776378449287e-16,1.0322480066389724e-17,1.5791461299039707e-43,0.0002938513835699775
1.926285666676939e-29,0.052461238745984934,1.3069940342731315e-09,0.003944605306327823,0.9429893294183932,6.473463510217635e-06,6.911913466273285e-17,2.224776677645596e-18,3.4034916587961127e-44,0.0005983517587897701
1.5674587199487116e-29,0.04986704869094041,6.467696040739618e-10,0.0033771711978760324,0.9463156968462054,4.805869684651774e-06,5.624367335427399e-17,1.810347065152599e-18,2.7694919663997e-44,0.0004352767485238593
1.0235759542351495e-28,0.02185110894844299,2.1722758489503115e-10,0.004836912327819451,0.9730971078251253,4.162099899762373e-06,3.672802817508013e-16,1.1821859811217268e-17,1.8085231503556978e-43,0.00021070858148466005
2.066251424798385e-29,0.04673222167034265,9.500642087405007e-10,0.004645004554757822,0.9481821732700861,7.298857611274711e-06,7.414139903859516e-17,2.386431077989427e-18,3.6507926165534383e-44,0.0004333006971379821
1.3652594604134125e-29,0.04980901744235708,7.575474870853668e-10,0.0030428501601031093,0.9465199103023549,4.623933920359716e-06,4.898834838727337e-17,1.5768156608373805e-18,2.412232653750432e-44,0.0006235974037169715
2.954690618504966e-29,0.027695075045577153,2.821503237175526e-10,0.004001422765438546,0.9680419084454528,4.197776442198789e-06,1.0602044794037552e-16,3.4125399422444793e-18,5.220547008353634e-44,0.00025739568493883487
2.588887210544975e-29,0.03314123409536434,3.7755098123794705e-10,0.00393603072859487,0.96263799040858,4.52583434098333e-06,9.2894642416878e-17,2.9900528185996174e-18,4.574220832912168e-44,0.0002802185555688195
1.0970593538834069e-29,0.03517466381526768,3.3068371000196535e-10,0.002265178094671586,0.9622696585219697,2.8475281065589095e-06,3.936477086025615e-17,1.2670561312555761e-18,1.938358585509133e-44,0.00028765170930070724
4.3731579343281987e-29,0.05300297447872407,9.487421560610566e-10,0.008410435412523684,0.9379867308904021,1.376694238098863e-05,1.5691800638132928e-16,5.0508083760693245e-18,7.72679089584914e-44,0.000586091327226807
3.7413103217501957e-29,0.04707145940688401,1.0304464751288472e-09,0.00771284645754335,0.9447629747802847,1.3090904602634109e-05,1.3424599970129766e-16,4.321051696358046e-18,6.610399845320635e-44,0.00043962742023846176
2.4031112593237005e-29,0.043764698243106075,9.9666230200868e-10,0.005116065869787295,0.9507081553618035,8.349949198309412e-06,8.622863085257587e-17,2.775489625458319e-18,4.245979330976847e-44,0.00040272957944266323
1.162321411736749e-28,0.04722520111713822,1.3285573459611684e-09,0.01372603132444215,0.9385553938139459,2.1935226678439686e-05,4.170645512729959e-16,1.3424309869994535e-17,2.0536679985324355e-43,0.0004714371892375815
7.421566310409411e-30,0.04177945415369023,5.197006996735903e-10,0.0017016817669670966,0.9561566370090019,2.4428499927574412e-06,2.6630123851875996e-17,8.571588277185827e-19,1.311292477000866e-44,0.00035978370064740145
7.082737544941143e-29,0.054772427983489434,1.8679316616223375e-09,0.011200582933855065,0.9333776751879246,2.2537991188698956e-05,2.5414323744941117e-16,8.180255699588615e-18,1.2514259215371149e-43,0.0006267740356102593
7.919592485857853e-29,0.049408108956555834,1.496583847299777e-09,0.011428275262148483,0.9386724581771048,1.9968751375109944e-05,2.8417143932908916e-16,9.146786981698929e-18,1.3992871064228365e-43,0.0004711873562317701
7.919592485857853e-29,0.049408108956555834,1.496583847299777e-09,0.011428275262148483,0.9386724581771048,1.9968751375109944e-05,2.8417143932908916e-16,9.146786981698929e-18,1.3992871064228365e-43,0.0004711873562317701
4.899513873032886e-30,0.04688452921307207,3.615513682275087e-10,0.00119072106067742,0.9512207679231912,1.7432355662035964e-06,1.7580474724434604e-17,5.658726732535422e-19,8.656792129793664e-45,0.0007022382059418844
2.1644639816073975e-29,0.02165554477562369,1.845322623599686e-10,0.0027925871405967964,0.9753420331686712,2.7646262764355157e-06,7.766547154342042e-17,2.4998623356790373e-18,3.8243211973195305e-44,0.0002070701042996998
1.878476608867217e-29,0.05272317228611476,9.171928266583232e-10,0.004074861012672965,0.942541974188083,6.417087501772221e-06,6.740364738734697e-17,2.1695592825129363e-18,3.3190193854022115e-44,0.0006535745084345789
4.351646428370495e-29,0.04907748458872349,9.765528054746756e-10,0.008004507413647286,0.942406735425331,1.4729288284876577e-05,1.5614612685805886e-16,5.025963516563987e-18,7.688782913771648e-44,0.0004965423074604407
1.9870991121130026e-29,0.04977690080722108,8.41249530908962e-10,0.004215848148796541,0.9455342168149518,6.892517216137376e-06,7.130124910026311e-17,2.295013578347261e-18,3.5109409628452665e-44,0.00046614087056502277
7.584446360965756e-29,0.0541081404741629,1.3335966581386482e-09,0.011737298057158336,0.9335884058698088,2.4228131390475894e-05,2.721456819015642e-16,8.759707694778039e-18,1.340071224776586e-43,0.0005419261338824467
4.9844123606185593e-29,0.0324107691121918,3.8157317313046546e-10,0.0054201490307794215,0.9618657917290592,5.869022372779792e-06,1.7885102672887624e-16,5.756780815798072e-18,8.806796513536349e-44,0.00029742072402340526
1.1250060940025008e-28,0.04159193201482976,6.189285821889974e-10,0.010143647883358609,0.9478356568294721,1.2930928046386679e-05,4.03675570388454e-16,1.2993334080420673e-17,1.987736774077584e-43,0.0004158317253640839
2.610629990619358e-29,0.04426280105477259,6.73998397393242e-10,0.005231742741528372,0.9501335197321007,7.0921870501405624e-06,9.367483382217915e-17,3.015164789712455e-18,4.612637445724256e-44,0.00036484361054972135
1.9145898331811743e-29,0.05634821752812068,1.0126302994328198e-09,0.004022073401163323,0.9389046186704972,6.680551872151195e-06,6.869946458136732e-17,2.211268495532664e-18,3.3828266699867575e-44,0.0007184088357162353
1.857768263914555e-29,0.056709023178765035,1.1965690247599071e-09,0.004199989403612801,0.9383579588080265,6.485391667961196e-06,6.666058486814371e-17,2.1456420392502584e-18,3.2824304824512565e-44,0.0007265420213586748
6.761575878511304e-29,0.0493936903300776,1.198806069821384e-09,0.011984946832785356,0.9381444073818371,2.1448368562686696e-05,2.4261940817045865e-16,7.809327857686786e-18,1.1946809084931933e-43,0.00045550588793110807
5.487264688953723e-29,0.052285382526721796,1.4915769636364636e-09,0.009789633941011934,0.9373818682965853,1.7940763683578175e-05,1.9689438348167917e-16,6.337553518275686e-18,9.695269980738846e-44,0.0005251729804203214
2.5183854311732677e-41,1.3001423219646838e-33,8.525536841722225e-20,0.9923998250146057,1.0320748256012907e-66,0.007600174985394184,1.0674786092917858e-28,3.24359959209559e-85,4.7880678101858554e-80,3.893854599719018e-59
5.506553199262403e-29,0.0464240733725742,1.031725903043826e-09,0.009526536720577012,0.9436365520730443,1.3940042892640557e-05,1.9758655521149346e-16,6.35983091389962e-18,9.729350223914536e-44,0.00039889675918572447
2.886468072577262e-29,0.04757792894089388,1.0413380983829838e-09,0.005950559014605427,0.9460642806686091,8.702516952269322e-06,1.0357245887615254e-16,3.3337458507474494e-18,5.100006804985285e-44,0.00039852781760097165
2.725754076913981e-29,0.04678878161707054,1.2634225176120202e-09,0.005870314332836647,0.9469343218845669,9.63518470550453e-06,9.780572603509056e-17,3.1481281329248787e-18,4.816046459355248e-44,0.00039694571739793235
8.799056226180511e-29,0.04525562213849386,2.241103501847906e-09,0.012252896462391695,0.9420783840504491,2.4429602429933862e-05,3.157280090616743e-16,1.0162529585276613e-17,1.5546767018593994e-43,0.0003886655051313318
1.1236113099898946e-28,0.050603942380608266,1.7503001460517126e-09,0.016046137267684297,0.9328327101895395,3.6087484934297994e-05,4.0317509884597363e-16,1.297722492799702e-17,1.985272375450294e-43,0.00048112092693314295
1.4269496513667255e-29,0.04338313590826779,8.698032837517037e-10,0.0031299745695995322,0.953069983873899,4.9962241238804095e-06,5.1201921746612405e-17,1.648065164712473e-18,2.5212310510137767e-44,0.0004119085543066448
1.6242899157103753e-29,0.04654284915913938,1.0365209873321214e-09,0.0036500021170035686,0.9493598004843442,5.725015983725464e-06,5.828290035741539e-17,1.875984639620657e-18,2.869905162677026e-44,0.00044162218700817703
4.0860737154049636e-29,0.047223857433756775,1.864374779276877e-09,0.0075864754286028265,0.9447680281435307,1.2645991574443363e-05,1.4661671926515943e-16,4.719238512975062e-18,7.219551101990937e-44,0.00040899113816025406
