i = 0,i = 1,i = 2,i = 3,i = 4,i = 5,i = 6,i = 7,i = 8,i = 9
0.008669496417188033,1.765314009443409e-06,1.471400928640974e-39,0.0006394289933948162,3.165153011161741e-36,8.023630306248351e-22,6.945259787110825e-16,0.9905417055632593,1.4852693013040006e-07,0.0001474551852175687
0.008285684726680061,1.928253811144857e-06,1.5904468855530286e-39,0.0006939749272715703,3.421234587333398e-36,8.672794466147398e-22,7.507176720509962e-16,0.9908390265687422,1.6100376868912007e-07,0.00017922451972546624
0.008810247327024743,2.0281001652660808e-06,1.8484547642902563e-39,0.0008053916000513444,3.9762392759894375e-36,1.0079725639555674e-21,8.725017290055015e-16,0.9902134517720642,1.868560599561617e-07,0.00016869434463345724
0.00747779169457217,2.1156341923901523e-06,1.653842470151906e-39,0.0007182459351542607,3.557605797641678e-36,9.018494080690729e-22,7.806414539274341e-16,0.9916217848860869,1.6656127653416966e-07,0.00017989528871674624
0.005444197355316296,3.6457650107720864e-06,2.917733961350725e-39,0.0012465645479389283,6.276382088509277e-36,1.591056399528482e-21,1.3772194889760586e-15,0.9930234617125804,2.8685146664414476e-07,0.00028184376768546234
4.919878531258796e-33,0.002123885551713812,2.2465361050497862e-63,0.9067168757021317,2.633159216887822e-34,1.9959225862132402e-94,5.358913183776211e-54,2.341897448418789e-85,0.00022963286523672747,0.09092960588091756
0.005528786134998007,4.4923551295607135e-06,4.9590026288787123e-39,0.002081411951110266,1.066738629671228e-35,2.704171446907191e-21,2.340732622186773e-15,0.9920883624005201,4.7454797327535144e-07,0.0002964726102663157
0.006786464597993149,2.025844513541542e-06,2.117682588845198e-39,0.0008719632088584903,4.555379361462718e-36,1.1547839795484299e-21,9.99581789044564e-16,0.9921738075174458,1.236287811199507e-07,0.00016561520240708153
0.006636222911450863,2.9689947419949263e-06,2.4731037950738193e-39,0.0010586831421855875,5.3199313467359e-36,1.348597120907073e-21,1.167346574432243e-15,0.9920308556307873,2.4432133050135723e-07,0.0002710249995026637
0.007060112139663521,2.8427566995112702e-06,2.9942623694282305e-39,0.0012565726437401275,6.44100351598768e-36,1.6327877619591656e-21,1.4133421844429668e-15,0.9914584293016322,2.261228025534258e-07,0.00022181703546065044
0.006891953342501972,1.4522997420096464e-06,9.532360287130024e-40,0.0004156031816164353,2.0505205806928028e-36,5.198048567261509e-22,4.499434334499251e-16,0.9925532544521861,8.677493302716551e-08,0.0001376499490198742
0.006813670377146513,2.1342408515166332e-06,1.621778780616339e-39,0.0006987399979488958,3.4886331053543406e-36,8.84364901563743e-22,7.655068533488733e-16,0.9923038048490896,1.327739607312632e-07,0.00018151776100192477
0.006013906441151902,2.069645229794919e-06,1.333772872336189e-39,0.0005809530061613018,2.8690991971711705e-36,7.273136934888943e-22,6.295632220480319e-16,0.9931937673521799,1.2959238877766605e-07,0.00020917396288767646
0.005884377291765458,2.906448443789297e-06,2.2156174515340286e-39,0.000958409696309246,4.766048540408777e-36,1.2081883995819383e-21,1.045808690898345e-15,0.9929018214884564,2.2112771355286943e-07,0.0002522639473104688
0.008849090112981068,1.905489149704627e-06,1.6495234290749665e-39,0.0007128477383707468,3.5483150424138466e-36,8.99494211181242e-22,7.786027938795262e-16,0.9902701729214508,1.6533724752851382e-07,0.0001658184007993348
0.007109999930034422,1.5966591376854792e-06,1.0572111520367943e-39,0.000461678959444661,2.274183056547142e-36,5.765030641526767e-22,4.990214399065702e-16,0.992289011684315,1.0740517650482076e-07,0.00013760536189115857
0.00610706803508375,1.6563542254926354e-06,1.9321198727499614e-39,0.0007630663266034348,4.1562125686629684e-36,1.0535956084124489e-21,9.11993066965783e-16,0.9930117306688131,7.469814050918769e-08,0.00011640391713285268
0.007460274941463092,1.4802884142156204e-06,1.074344492553454e-39,0.0004685433643854293,2.311038847020003e-36,5.858459691040633e-22,5.071086647171076e-16,0.9919468850165027,1.0165672492074739e-07,0.00012271473250914587
0.007076210321632798,2.1288322107509134e-06,1.3945483416812728e-39,0.0006087124751388755,2.9998342375384712e-36,7.604548916641653e-22,6.582502654636212e-16,0.9921180926676048,1.4152045985086708e-07,0.00019471418295238682
0.008606487740472372,1.4275910495461329e-06,1.0594364811792894e-39,0.00046366102103418327,2.2789699960543094e-36,5.777165483908302e-22,5.000718326771878e-16,0.9907974670567367,1.0373517012647266e-07,0.00013085285553668917
0.007380700175931673,1.4490051631958313e-06,9.114062062600569e-40,0.0003988818727976586,1.9605398107230658e-36,4.969948241507035e-22,4.301990539099455e-16,0.9920829763506843,9.280075399565928e-08,0.00013589979466859084
0.00780554565880329,9.096419222270527e-07,5.3557238920466e-40,0.00023492526365491908,1.1520779465267305e-36,2.92050573678881e-22,2.5279917292067067e-16,0.9918588770525426,5.463935169759771e-08,9.968774372519503e-05
0.008544093251958365,2.6778021883348917e-06,2.966423596487715e-39,0.0012809924234783495,6.381119106317569e-36,1.6176071257432706e-21,1.400201815475341e-15,0.9899512292144358,2.960290123179674e-07,0.00022071127892557844
0.007649418026957389,1.7405607057793258e-06,1.3194836060725518e-39,0.0005735873855400315,2.8383613382631865e-36,7.195216778923793e-22,6.228184481144519e-16,0.9916203248648826,1.3309020965848082e-07,0.0001547960717040092
0.007692691453412619,2.0209615556937032e-06,1.7376586240390545e-39,0.0007468632395501315,3.737904006441187e-36,9.475548184294732e-22,8.202040878583154e-16,0.9913773410322347,1.7263541831541952e-07,0.0001809106778276755
0.005464011677158968,2.9974090884063008e-06,2.3379158647901342e-39,0.0010051572681851557,5.0291265250987796e-36,1.2748783979302546e-21,1.1035355982893439e-15,0.9932736024623012,2.313795491775491e-07,0.00025399980371592024
0.007645295807629558,2.0808727954721255e-06,1.9482586823200076e-39,0.0008306376312842142,4.19092900842652e-36,1.0623961901609326e-21,9.196108564338172e-16,0.9913398346340516,1.7264527643638176e-07,0.00018197840896169834
0.007449872562214085,1.8576173225008912e-06,1.3135358993550522e-39,0.0005718526354901285,2.82556713550039e-36,7.162783606603259e-22,6.200110305270044e-16,0.9918039697813282,1.327923552700723e-07,0.0001723146112890108
0.008171219582202844,2.4091395573644543e-06,2.1749586345616543e-39,0.0009458023596708635,4.678586738213745e-36,1.1860169227447544e-21,1.0266170456432875e-15,0.990676592083522,2.1962360829657997e-07,0.00020375721143742247
0.007866348711515864,4.134115786328189e-06,1.0909134439581645e-38,0.004355519010423752,2.3466805714539072e-35,5.948811095641404e-21,5.149294883138282e-15,0.9874965494693534,6.581163803300718e-07,0.0002767905765352542
0.007734887579631389,1.920011879632813e-06,2.1768850335980302e-39,0.0009083228372591467,4.682730644603907e-36,1.1870673987495828e-21,1.0275263384087696e-15,0.9912059417241537,1.4544706895922535e-07,0.00014878240000604513
0.005620279834408667,6.0031642797529565e-06,1.1737662134637253e-38,0.004631283415845529,2.524906429395854e-35,6.400611811150966e-21,5.5403738853990546e-15,0.989419682867478,1.0331392392206866e-06,0.000321717578743394
0.0063860835402814635,2.3180161051109905e-06,4.406934731698381e-39,0.0015705567212830596,9.479824611033596e-36,2.403125781874603e-21,2.080147292350524e-15,0.9918851093038908,1.07233280324593e-07,0.000155825185157341
0.00605429977982318,2.7372442045653806e-06,2.0120944837695722e-39,0.0008737111318757221,4.328247175926e-36,1.0972062042885878e-21,9.497424280454871e-16,0.9928204530822737,2.0233347099017003e-07,0.00024859642835094425
0.00823452937414797,3.6847151784299597e-06,6.033011614942262e-39,0.0025271313917943888,1.2977703430597462e-35,3.289834462474394e-21,2.8476829220434507e-15,0.988967868151225,5.813235433246308e-07,0.0002662050441080129
0.0077506773745345345,3.3753197941222117e-06,4.345001447693671e-39,0.0018268508408065365,9.346598977867993e-36,2.369353220988382e-21,2.050913740692582e-15,0.990159976504621,4.211001840365747e-07,0.0002586988600579499
0.008514096539580851,2.3832513653895346e-06,2.4919870482392772e-39,0.0010803851006617403,5.3605514010350234e-36,1.3588942628640825e-21,1.1762597874865014e-15,0.9902012597765403,2.403181570907382e-07,0.000201635013693511
0.007177344344509866,2.0419818609023327e-06,1.5900933992262587e-39,0.000687209597235319,3.420474197496881e-36,8.67086688573807e-22,7.505508205679148e-16,0.9919499600953374,1.4871283477014572e-07,0.00018329526822104554
0.006323522490016083,2.2251554616901336e-06,1.7782655459404983e-39,0.0007681868519604756,3.825254176356519e-36,9.696979965986495e-22,8.393712377365181e-16,0.9927007001052968,1.771945504970045e-07,0.00020518820271342526
0.006473211458739684,1.2004213310972002e-06,7.582930749729107e-40,0.00033176836358174373,1.6311758154253814e-36,4.135013903376076e-22,3.57927081467735e-16,0.9930600622260851,7.696756078434303e-08,0.00013368056270110265
0.008510554385813746,3.695705186974222e-06,6.542528838089885e-39,0.002776908183953006,1.4073733711463196e-35,3.567677010594758e-21,3.088183618671434e-15,0.9884403107041321,6.374521068211748e-07,0.00026789356880421565
0.007773238139874768,4.161463101150176e-06,7.30895810379882e-39,0.003107103609409468,1.572241141104961e-35,3.985615110553534e-21,3.4499511189217393e-15,0.9888239307591375,7.137564685929203e-07,0.00029085227200493217
0.00827986130270011,3.284982454875367e-06,4.9204448232556746e-39,0.002070344947935298,1.0584444012120772e-35,2.6831456631308287e-21,2.322532689707356e-15,0.9893870239083258,4.739537547841989e-07,0.00025901090482673155
0.008996884638391706,1.7651204369158847e-06,1.505139484267683e-39,0.0006511494999124523,3.2377285334789374e-36,8.207608508345545e-22,7.104511442588193e-16,0.990184192437573,1.505913209536022e-07,0.00016585771236427032
0.006970690912195718,2.4678603453520775e-06,1.7862679919981085e-39,0.0007753713696135721,3.842468360297058e-36,9.740617745100354e-22,8.431485268557147e-16,0.9920462883512494,1.683303196266028e-07,0.00020501317627564364
0.005971133179731886,2.701408693705117e-06,2.9351300271360543e-39,0.0011832784702171218,6.313803031320327e-36,1.6005425700159215e-21,1.3854307245741658e-15,0.992644412547187,1.3914929339473594e-07,0.00019833524487548619
0.00693660161846672,4.014649681866977e-06,7.857524894646637e-39,0.0030569082170442555,1.6902441813421996e-35,4.284751603019479e-21,3.708883867376009e-15,0.9897342996902568,4.1338364124271156e-07,0.00026776244090540946
0.006248866433574771,1.2989026764392039e-06,7.292219976447355e-40,0.00031876473186411345,1.5686405769652728e-36,3.976487717517899e-22,3.442050441576067e-16,0.9932875717158565,7.411899241421765e-08,0.00014342409703543027
0.008099218462891137,2.8365800897990898e-06,3.2238980003496465e-39,0.0013810731736070474,6.934976229021286e-36,1.7580093362963064e-21,1.521734063341074e-15,0.9902796426853033,3.1832982477176477e-07,0.00023691076828220105
0.00788534172124304,3.7692143503150404e-06,5.1055360145722436e-39,0.002154447949320992,1.0982596500767259e-35,2.784076909207921e-21,2.4098988441776687e-15,0.9896786768011924,4.938346076773241e-07,0.00027727047928298427
0.006948263052062826,9.68444457964215e-07,6.181505156248141e-40,0.00026938646887939976,1.3297130155328758e-36,3.3708088084267547e-22,2.9177743707943695e-16,0.9926879433017104,5.380532537988627e-08,9.338492756375687e-05
0.005864810881155276,2.1191534296320724e-06,8.220108966449922e-39,0.002104609366267684,1.7682401948235442e-35,4.482470694427883e-21,3.880029646335813e-15,0.9918920119877968,7.682014665933153e-08,0.00013637179119999537
0.00534826895763996,2.004340327363106e-06,2.1359080556044646e-39,0.0008557589990762974,4.59458444137673e-36,1.1647224269551635e-21,1.0081845157950307e-15,0.9936374102441861,9.4438268311512e-08,0.0001564630205007431
0.006920601813849084,1.2873466741097425e-06,7.874078463713635e-40,0.0003443780447773982,1.6938050448674302e-36,4.293778355406078e-22,3.7166974310755915e-16,0.9925930057035189,8.00168053245358e-08,0.0001406470743745467
0.007984678185127719,2.0433632982578274e-06,1.6383132779058197e-39,0.0007093380516894732,3.5242007150147366e-36,8.933812540050177e-22,7.733114140379593e-16,0.9911216028180919,1.6478870181074776e-07,0.0001821727930897708
0.007833255124762385,2.0595714029958655e-06,1.6398920490980142e-39,0.0007073816604985273,3.5275968338397566e-36,8.942421666317362e-22,7.740566205779241e-16,0.9912736834531166,1.6427501248717788e-07,0.00018345591520592457
0.008313377111285892,2.373487105230836e-06,2.3023180638258454e-39,0.0009991667021352346,4.95255155173858e-36,1.2554667209975323e-21,1.0867328377031474e-15,0.9905039324902463,2.3195096706373308e-07,0.00018091825825939902
0.006453979690780883,1.3976886696771908e-06,8.990480951749347e-40,0.0003918187985218555,1.9339560892152414e-36,4.902558781095212e-22,4.243658176859124e-16,0.9929971056810111,9.074751107557388e-08,0.00015560739350483062
0.007336884097873792,1.3336386885444291e-06,8.152447902863932e-40,0.0003572113121301232,1.753685520092885e-36,4.445574743788314e-22,3.848092486936093e-16,0.9921707805839495,8.319402249251067e-08,0.0001337071733352131
0.005582308164043366,4.743326675644653e-06,5.6086235332104506e-39,0.002344260732791872,1.2064795746058169e-35,3.0584133040455323e-21,2.647364611810729e-15,0.991765683174134,5.3392487192357e-07,0.00030247067748030997
0.005777372848468109,3.985412341425737e-06,3.464281974535032e-39,0.0014818598647735205,7.452069867415712e-36,1.8890920414154155e-21,1.6351993409885328e-15,0.9924317411535878,3.4055957750376356e-07,0.00030470016125017037
0.007315070051521578,2.878970425593855e-06,2.433679880576453e-39,0.001045800308153951,5.2351259621162374e-36,1.3270990431911518e-21,1.1487378239253474e-15,0.9914078432905445,2.335139676540985e-07,0.00022817386538575744
0.005182135134755812,1.267274544491535e-06,1.5345597104557422e-39,0.0005871667431679586,3.301014831384297e-36,8.368038622167222e-22,7.24337985717787e-16,0.9941330064555545,4.8451299896903733e-08,9.637594067680481e-05
0.007182689768514714,2.3960193267091364e-06,2.158887368269994e-39,0.0009205639123723809,4.644015591827955e-36,1.1772531727179919e-21,1.0190311377516446e-15,0.9916853918500911,1.9150867587734692e-07,0.00020876694101799005
0.007869457591615201,1.640023271623841e-06,1.4000130227425406e-39,0.000605286555083977,3.0115893964346155e-36,7.634348123454487e-22,6.608296868173509e-16,0.9913935957623625,1.2613986854710384e-07,0.00012989392779735675
0.009433296315200767,8.204941315057618e-07,6.0901089519236374e-40,0.0002638096828912652,1.3100526384258937e-36,3.320969954813181e-22,2.8746338255656953e-16,0.9902244342688293,5.007522218488049e-08,7.758916372476189e-05
0.007166200004838418,2.9572891964082384e-06,2.670507603303208e-39,0.0011509064075412424,5.74456969368131e-36,1.4562425048026154e-21,1.2605244911638765e-15,0.9914517525238127,2.6663438221195677e-07,0.00022791714022774622
0.007461962723557257,1.509246332061211e-06,1.0407121716153567e-39,0.00045450739928338906,2.2386918477640636e-36,5.675060792551671e-22,4.912336437311381e-16,0.991948922905324,1.0572283763251127e-07,0.00013299200266495256
0.007231162147596924,2.7720737423380775e-06,2.453489572834527e-39,0.0010520482563691083,5.2777388936975336e-36,1.3379013774880414e-21,1.1580883317965971e-15,0.9914810968686159,2.430174472645708e-07,0.00023267763622761124
0.007934085829662875,4.278433155981275e-06,8.748752322299631e-39,0.0036865739918713145,1.8819574745281187e-35,4.7707428280543235e-21,4.129558198944159e-15,0.9880815860853649,8.442890253499581e-07,0.00029263137091556536
0.007292393782083966,1.5613863806539413e-06,1.0664088173893506e-39,0.0004636818458289479,2.293968294968318e-36,5.815186017286699e-22,5.033628926085475e-16,0.9920796322633023,1.0743964071703301e-07,0.0001626232827630235
0.007689885128712482,1.2816510044767958e-06,1.0615568558733176e-39,0.000455102506174788,2.2835311664443492e-36,5.788728003901627e-22,5.0107268519153275e-16,0.9917307809213116,8.626820714935151e-08,0.00012286352458910983
0.005738694056547141,4.172290570676236e-06,4.55062185554061e-39,0.0019086203908102706,9.78891217774762e-36,2.4814791619110694e-21,2.1479700305477606e-15,0.9920611183633953,4.36012062627329e-07,0.00028695888661161407
0.005482366859191033,4.8994364136074555e-06,5.38486911831103e-39,0.002244773502885239,1.1583474206636712e-35,2.936398789197967e-21,2.541748765674424e-15,0.9919568396687162,5.124287682812542e-07,0.000310608104022947
0.006801764065339869,1.9387263704086984e-06,1.3199680298849743e-39,0.0005665786649989402,2.839403389724975e-36,7.197858368654208e-22,6.230471042513423e-16,0.9924411245863468,1.3154198657315398e-07,0.00018846241495673003
0.0056655076242789005,4.215006289086558e-06,4.126440820400631e-39,0.0017120788857356121,8.876449874294363e-36,2.2501709071291134e-21,1.947749449662086e-15,0.9923158257591179,3.7838114002460364e-07,0.0003019943434364373
0.006219843875900693,2.027557975232545e-06,1.4169699436355211e-39,0.0006172574911320539,3.0480656879604207e-36,7.726815147043523e-22,6.688336385737069e-16,0.992965298553088,1.4303764687405203e-07,0.00019542948425643498
0.005235249345911914,3.078582897127064e-06,2.493765168341982e-39,0.0010673574724096742,5.364376342346215e-36,1.359863881549684e-21,1.1770990900325162e-15,0.9934559512893435,2.2139853131918714e-07,0.0002381419109053733
0.006762938841287415,3.708986311189705e-06,4.473082456788931e-39,0.0018188274880135875,9.622115992788553e-36,2.439196500697387e-21,2.1113701303703475e-15,0.9911220191319817,4.16951484589173e-07,0.0002920886009191322
0.005518256055451655,2.887862940594706e-06,2.1427527373901925e-39,0.0009228400733357701,4.609308140908815e-36,1.1684548696323148e-21,1.011415320631565e-15,0.9933092015931667,2.1315017444591578e-07,0.0002466012649297688
0.005406424404554136,3.1579133247793736e-06,2.3232268304994077e-39,0.0010004299577928545,4.9975287190818335e-36,1.2668683866267104e-21,1.0966021271218877e-15,0.9933205665420304,2.3054796454331931e-07,0.00026919063433215954
0.005908937325729625,2.5194841456303307e-06,1.9807821477959788e-39,0.0008491681956993791,4.260890731761686e-36,1.0801314150189356e-21,9.349624789291527e-16,0.9930160076911533,1.959876736282653e-07,0.00022317131559763893
0.005936145035491959,4.239724567957091e-06,4.9398319385401576e-39,0.002056216058696637,1.0626147931919911e-35,2.693717563876534e-21,2.3316837340209583e-15,0.9916926952573891,4.685609945923644e-07,0.00031023536285736786
0.0063894556138818035,2.734519055667149e-06,2.1189466166651713e-39,0.0009062680908715093,4.558098431012494e-36,1.1554732608807208e-21,1.000178431352541e-15,0.992447264095758,2.0947836753482338e-07,0.0002540682020642983
5.9887750886431846e-34,0.00010908713848586817,2.734620250516088e-64,0.992018587567004,4.641847737758689e-35,2.4295582476740165e-95,6.523194744198115e-55,2.8506998719862765e-86,0.00015823806269394257,0.007714087231816225
0.008205638558413636,3.9127877254887985e-06,8.712356548393481e-39,0.0034849089063592647,1.8741283240137836e-35,4.750896012081297e-21,4.112378781368988e-15,0.988015620099745,7.84293837406045e-07,0.0002891353539151152
0.008277117230192413,2.7116865973819214e-06,3.083981906764589e-39,0.0013087415819716592,6.634000583090598e-36,1.6817123198292967e-21,1.4556913145929302e-15,0.9901836019736374,3.0039802921637193e-07,0.00022752712957048278
0.00848218530845106,3.0786768192538614e-06,3.787589107625365e-39,0.0016396381224911137,8.147540779464203e-36,2.0653932018126598e-21,1.7878057439575978e-15,0.9896344463103377,3.7917055121256505e-07,0.00024027241134792703
0.005573114663619529,1.1416168806719663e-06,9.563138236437647e-40,0.00039800653447278006,2.057141272377318e-36,5.214831952538894e-22,4.513962044008911e-16,0.9939278582535191,5.278646663437085e-08,9.982614504097214e-05
0.005071215403997669,1.5641841955762854e-06,1.1703331454312664e-39,0.0004967667755025187,2.517521504315987e-36,6.381891102082166e-22,5.524169228449767e-16,0.9942894987744714,7.936925553762374e-08,0.00014087549257664939
0.005791042445998909,3.1354547714026145e-06,3.081529452266175e-39,0.0012788258829121062,6.628725070761296e-36,1.6803749828835903e-21,1.4545337148220142e-15,0.9926865829378715,1.9268195167660906e-07,0.0002402205964928779
0.007528690392469633,1.1662758208303995e-06,7.735040286289859e-40,0.00033746009601048796,1.663896330160707e-36,4.217960071457235e-22,3.6510690736059067e-16,0.9920195686292471,7.04131790850905e-08,0.00011304419327246308
0.006873857012201854,2.024175721046942e-06,1.34904350101049e-39,0.0005822452055119515,2.901948079749653e-36,7.356408514131289e-22,6.367712155139402e-16,0.9923521537348842,1.3536433485293742e-07,0.00018958450734564596
0.006194973076663898,2.5093177059865736e-06,5.824296612729112e-39,0.0019117968209048735,1.252873340151114e-35,3.17602102219929e-21,2.7491659319121113e-15,0.991724699838353,1.0596070477361491e-07,0.00016591498566477606
0.008894201004045282,6.926480454125978e-07,4.770054976146493e-40,0.00020788201634585723,1.0260938115012613e-36,2.601137251179383e-22,2.251546153352215e-16,0.990828638936784,4.153574232078069e-08,6.854385903675109e-05
0.00786523877528467,2.626076179237637e-06,2.6811343475968306e-39,0.0011267505038799494,5.7674290456397656e-36,1.4620373269963066e-21,1.2655404930182494e-15,0.9907730566116326,2.593526624846703e-07,0.0002320686803597733
0.007604149991353967,3.109740717193951e-06,3.37235856997276e-39,0.0014497421428518792,7.25433202786219e-36,1.8389657026084525e-21,1.5918099483745183e-15,0.9906976882686355,3.354751051422806e-07,0.00024497438133501843
0.008112268569822511,3.1419241602729334e-06,4.508675930383083e-39,0.0018986235050821101,9.698681657476755e-36,2.458605817891339e-21,2.1281708487362885e-15,0.989733091589619,4.34286023717218e-07,0.00025244012529026746
0.008449586998274965,3.5659439626082654e-06,5.8373159611075124e-39,0.002489103162354457,1.2556739520659994e-35,3.183120544578485e-21,2.755311283201483e-15,0.9887950216727354,5.720846263723195e-07,0.00026215013804341194
0.007255557781726559,3.3963144387301234e-06,4.158699961562081e-39,0.0016877682787266,8.945843005559384e-36,2.267761994482554e-21,1.962976306566731e-15,0.9907817372872254,3.8766443926897375e-07,0.000271152673441481
0.008162314088976122,2.834626731279144e-06,3.2997255354575305e-39,0.0013846449880022932,7.098089997949899e-36,1.7993585088363614e-21,1.5575259347677517e-15,0.9902105571463978,3.182608123976397e-07,0.00023933088907856568
0.007952988946828603,2.5817152975517345e-06,2.4559931831693663e-39,0.001054990798109059,5.283124448127903e-36,1.3392666099931078e-21,1.1592700779461326e-15,0.9907809641162961,2.4385942323205774e-07,0.0002082305640441154
0.006143793320506976,2.6492571216195987e-06,2.1380632985120628e-39,0.0008988366877173338,4.599220617313543e-36,1.1658976927834039e-21,1.0092018265566998e-15,0.9927130988411725,2.0740320882061815e-07,0.00024141449027161274
0.006302859846824794,2.7346277540955425e-06,5.014381856020365e-39,0.0017898078881949274,1.0786513398055832e-35,2.734370044487308e-21,2.3668725487189795e-15,0.991723067691284,1.2206450399118758e-07,0.00018140788143576863
0.0066575101321745675,1.6483104550562702e-06,9.8258639879995e-40,0.0004278695947714867,2.1136566100721085e-36,5.358097751916266e-22,4.6379730161301215e-16,0.9927453837945927,9.951515429965136e-08,0.00016748865285159712
0.008840900582664358,2.282827619863627e-06,2.4290281785574026e-39,0.0010400724427615583,5.225119614854909e-36,1.3245624444593453e-21,1.1465421423776969e-15,0.9899216569963747,2.3956186783166666e-07,0.0001948475887107798
0.007278410605714274,2.62982818398175e-06,2.122914560864279e-39,0.0009184143969608806,4.566633936383914e-36,1.1576370027072854e-21,1.002051367813089e-15,0.9915733530935473,2.1265953755511206e-07,0.00022697941605504817
0.007564170582641942,2.443409522232653e-06,1.8934679634356764e-39,0.0008257542171275817,4.0730678561839195e-36,1.0325185093749418e-21,8.93748715856542e-16,0.9913972091301047,1.9221674111988043e-07,0.00021023044386140564
0.008073356490298778,2.9461077752162267e-06,3.748487195555739e-39,0.001584219932849747,8.063428059184989e-36,2.0440707137941234e-21,1.7693489839935756e-15,0.9901066158787083,3.6424179836963697e-07,0.00023249734856788763
0.007922630524502781,2.760112307539333e-06,2.629369583816028e-39,0.0011393619607352314,5.656077071637539e-36,1.4338097161947383e-21,1.2411066542658858e-15,0.9906993729069947,2.6408631320946627e-07,0.0002356104091450882
5.399548783663341e-33,0.0017739999438516978,2.4655651997110815e-63,0.9191343949209761,2.8898826579567573e-34,2.190517774819225e-94,5.881387717068864e-54,2.5702239270201184e-85,0.00011657744307170894,0.07897502769210064
0.009325194858587748,1.2708273185497733e-06,9.384788417205825e-40,0.00040826252560277225,2.018776170358309e-36,5.1175768137899945e-22,4.429777930469315e-16,0.9901343998127735,9.458132559733791e-08,0.00013077739439142978
0.006139977207046741,2.5836153563425646e-06,6.682979701600789e-39,0.0020923510660715663,1.4375859709149224e-35,3.644265640047758e-21,3.1544787878579095e-15,0.9915984120426461,1.0379364833540287e-07,0.0001665722752278077
0.0052834724545654,2.5274934579565893e-06,1.7710584903635695e-39,0.0007632718290961827,3.8097509690274354e-36,9.657679494972606e-22,8.359693863304868e-16,0.9937318939851392,1.5877562623476067e-07,0.0002186754621141395
0.005798920501501268,2.4310619344553184e-06,2.61943332387279e-38,0.0034772443982681515,5.634703031111362e-35,1.4283914189203872e-20,1.236416572065825e-14,0.9905696663014674,8.276254418198028e-08,0.00015165497427221874
0.005364504895692035,4.25883845965543e-06,3.795694208330862e-39,0.00161010094391146,8.164975785385716e-36,2.0698129578689433e-21,1.791631487679134e-15,0.9927236350866755,3.692058813768129e-07,0.0002971310293782002
0.006749050680167454,2.8911130823354445e-06,2.5932323552726427e-39,0.001116871124347879,5.578341727372953e-36,1.4141038864320548e-21,1.2240492747016033e-15,0.99188976715612,2.5837235119979465e-07,0.00024116155393006568
0.005357453133991463,3.0303114624025455e-06,2.0923200520584855e-39,0.0009001772723466977,4.500821621204045e-36,1.1409536485459096e-21,9.876102451710898e-16,0.9934740332342279,2.0790595489338211e-07,0.0002650981420157133
0.007149216785378593,4.444036503205066e-06,1.0610389186047058e-38,0.003732008414676901,2.2824170236750812e-35,5.785903663448742e-21,5.00828209785203e-15,0.9887898683611226,8.369413650399229e-07,0.000323625460948475
0.0070483016117743455,3.0168946097659474e-06,2.5660477218133238e-39,0.0011007853917764559,5.519864447131896e-36,1.3992799560781506e-21,1.2112176706639107e-15,0.9915756514551938,2.5414595597940474e-07,0.0002719905006883933
0.008629922252619144,3.052615882674044e-06,4.654147395529823e-39,0.0019445820138134131,1.0011607548024202e-35,2.5379322090690173e-21,2.1968358261929797e-15,0.9891725780659593,4.4307928212906644e-07,0.0002494219724411723
0.005535321283674902,2.4476288263561725e-06,1.722550015834289e-39,0.0007464258665975589,3.705403648569357e-36,9.39316011159659e-22,8.130725707252479e-16,0.9934893342824455,1.7246375785383914e-07,0.00022629847469722317
0.006793687631268012,2.912167178181526e-06,2.7318260834140837e-39,0.0011815525017339623,5.876472812800622e-36,1.4896798097392876e-21,1.2894678447585755e-15,0.9917790615553089,2.7282670041501325e-07,0.00024251331780923019
0.006074502318359923,1.9108289252174535e-06,1.712716983628849e-39,0.0007287468662259724,3.684251662806615e-36,9.339540045392908e-22,8.084312142062582e-16,0.9930332416021019,1.235262562056731e-07,0.00016147485812973786
0.008464596600805688,2.344699601944956e-06,2.5799667883842925e-39,0.0010971446179082844,5.549805963826707e-36,1.4068700997432537e-21,1.2177877041067263e-15,0.9902201106023669,2.514543859359546e-07,0.0002155520249297974
0.008349467677304774,1.7390193046190292e-06,1.342917842027263e-39,0.0005851621747612023,2.888771081150081e-36,7.323004958304422e-22,6.338798014933103e-16,0.9909113927811535,1.3611034409061632e-07,0.00015210223713111898
0.007053118229479314,1.8282089193765794e-06,1.2844317989105463e-39,0.0005594291033858974,2.7629608605103595e-36,7.00407734387287e-22,6.062734057720792e-16,0.9922287878753181,1.1686430304636597e-07,0.000156719718593494
0.006335864327431926,3.7659394901930135e-06,4.23836098880795e-39,0.0018070501270310148,9.117203057977172e-36,2.3112015913997028e-21,2.0005776511830645e-15,0.9915764281572916,4.14829977143836e-07,0.0002764766187761093
0.006890758858030934,2.3666968390256983e-06,2.018906351662402e-39,0.0008646671615535003,4.3429002889918855e-36,1.1009207533692082e-21,9.529577441986532e-16,0.9920694759586605,1.9315536810685175e-07,0.00017253816954718008
0.0054859340012935465,2.663040669215295e-06,3.7600794462331787e-39,0.0014106092824803104,8.088364326672413e-36,2.0503920319367613e-21,1.7748207211990893e-15,0.9929167651690514,1.1765006703208619e-07,0.0001839108564367036
0.007762021047495366,2.1826135484664044e-06,1.7944011838317246e-39,0.0007768504752384332,3.859963793473317e-36,9.784968488132034e-22,8.4698753013314e-16,0.9912773464882209,1.8055517712093462e-07,0.00018141882031878407
0.006575759828711651,1.3252418615091786e-06,1.0222890690794458e-39,0.00043814168884358923,2.1990616305123063e-36,5.574598599708837e-22,4.825376295630469e-16,0.9928650184675207,7.446988665687375e-08,0.0001196803031754657
0.00707436000156308,2.3639595965432316e-06,2.0537092264943166e-39,0.000864364663229842,4.417765284607366e-36,1.1198989527036231e-21,9.69385286240294e-16,0.9918535110065908,1.870933271076171e-07,0.00020521327569173964
0.006011612940821184,1.97196000887942e-06,1.5186874142258812e-39,0.0006569810638649072,3.266871692537431e-36,8.281486116605537e-22,7.168459950000047e-16,0.993148638802238,1.365849897500398e-07,0.00018065864807670606
0.007697003030974599,2.044927606680733e-06,1.530140390015365e-39,0.0006683186140769957,3.2915083636861504e-36,8.343939824396867e-22,7.222519921522905e-16,0.991453528270461,1.5553437022605993e-07,0.0001789496225099101
0.00735790752428606,1.4997420722622583e-06,1.2462458329047342e-39,0.0005334212354390525,2.6808184457987892e-36,6.7958471680222985e-22,5.882489877534945e-16,0.9919762314669336,9.063196933918495e-08,0.00013084939929911498
0.005824374458594577,1.9838935560222644e-06,5.725210745836347e-39,0.0016789904477630087,1.2315588279842042e-35,3.1219889532338335e-21,2.702395736710878e-15,0.9923623920202337,7.303521067913122e-08,0.00013218614463929307
0.008745888987884897,9.712136286443564e-07,6.396095314113438e-40,0.00028009703916480653,1.3758738321473088e-36,3.487826003438377e-22,3.0190645334372584e-16,0.9908757484057932,6.511178869820341e-08,9.722924173950439e-05
0.0070861297205165414,3.408626963624968e-06,3.4218820347244674e-39,0.001458046560140317,7.360862709290267e-36,1.8659711207047454e-21,1.6151858565405019e-15,0.9912082558678645,2.6284098230317787e-07,0.00024389638353101336
0.007134835169639064,4.066007499753322e-06,5.7798647072053296e-39,0.002354746060368565,1.2433155250904592e-35,3.1517920593934654e-21,2.7281933252487713e-15,0.9901828384026401,5.356572683932472e-07,0.00032297870258157486
0.007014027430129585,1.9267496320912832e-06,1.2819140551855123e-39,0.0005566911474693933,2.7575449035284747e-36,6.9903479486670315e-22,6.050849883729056e-16,0.9922533092557183,1.2954723336991667e-07,0.00017391586981659916
0.005807338629279166,2.689128553134531e-06,2.122497767390059e-39,0.0009143536030922704,4.56573736557559e-36,1.1574097229301627e-21,1.0018546342496955e-15,0.993035816873719,2.1061917547345676e-07,0.000239591146179999
0.007739511416094559,2.6214106668371836e-06,2.485148424085836e-39,0.0010576630052512414,5.345840732168271e-36,1.3551651234471817e-21,1.1730318418048397e-15,0.9909855771276326,2.4508879565431167e-07,0.00021438195155802357
0.007710043361152013,2.2544391837883707e-06,1.8952035785185667e-39,0.0008103035930379333,4.076801364297784e-36,1.0334649498391273e-21,8.94567955306178e-16,0.9912662402440827,1.8730836885640588e-07,0.00021097105417367535
0.007921804757300475,1.5741941274807785e-06,1.1460156535210297e-39,0.0005000038421430905,2.4652117760526797e-36,6.249286479327757e-22,5.409386577875667e-16,0.9914303448924562,1.1615507982131084e-07,0.00014615615889247997
0.006244963764213775,2.7608315955710123e-06,7.63396363617218e-39,0.0023764896811545276,1.6421535775736468e-35,4.162842417434321e-21,3.603359194987978e-15,0.9912007157228735,1.183623963161462e-07,0.0001749516377630111
0.007721427159807362,1.558153279798391e-06,1.1600766520271585e-39,0.0005010193778008744,2.4954586047010217e-36,6.325961878638596e-22,5.475756854775489e-16,0.9916429141273942,1.1202853097756301e-07,0.00013296915318640747
0.0067984063867441505,1.1582439883879412e-06,8.481542778812721e-40,0.0003665758271485215,1.8244776215039724e-36,4.625031992244221e-22,4.0034308019003955e-16,0.9927187668981594,6.955942279697219e-08,0.000115023084536111
0.005930083659161416,2.53043204909118e-06,1.255473931433726e-38,0.0028471999174406646,2.700669149490619e-35,6.846168497569541e-21,5.926048053365395e-15,0.9910592292340115,9.26206781022468e-08,0.00016086413665319235
0.007466402270524711,1.8970390160242962e-06,1.2683280807477507e-39,0.0005547115253375542,2.7283199064089176e-36,6.916262881764551e-22,5.986721800183561e-16,0.9918045230976075,1.2893808326880463e-07,0.00017233712943024173
0.007989390515405431,1.2692321925471991e-06,9.013397286259717e-40,0.000392918913506584,1.9388856569332176e-36,4.915055184523159e-22,4.2544750720065968e-16,0.9915079198893658,8.791897502796594e-08,0.00010841353055427362
0.0060586784374750706,1.8346758684247533e-06,2.6599745750248736e-39,0.000997980373921877,5.7219119356747163e-36,1.4504987864682338e-21,1.255552724741101e-15,0.9928134345422643,7.845462370992599e-08,0.00012799351584516099
0.0058593590811000075,1.7097556588293996e-06,1.9656692819254553e-39,0.000773419297123997,4.228381215160012e-36,1.071890286020533e-21,9.278289521822858e-16,0.9932341146687684,7.577292086065332e-08,0.00013132142442683916
0.006087182399007354,9.041879552741488e-07,6.92642922252659e-40,0.0002934382393853284,1.4899547691958845e-36,3.777020004688949e-22,3.2693910553956893e-16,0.9935361691561936,4.409424804591231e-08,8.226192321018104e-05
0.008235736345108088,2.3357810447282315e-06,2.4067068694904915e-39,0.0010377625008192578,5.177103905994743e-36,1.3123905116830212e-21,1.1360061092231327e-15,0.9905403105830467,2.070864654969879e-07,0.00018364770351462888
0.007381285227578915,2.765271102906278e-06,2.22494991443995e-39,0.0009679802752152921,4.786123743905838e-36,1.2132774430062247e-21,1.050213770345977e-15,0.991424875609955,2.2455513018490728e-07,0.00022286906101679657
0.006911167620863861,2.2418715419561203e-06,1.6003042753999812e-39,0.0006954047510922975,3.4424389691908265e-36,8.726547355911823e-22,7.553705257929179e-16,0.9922097536423317,1.6170117725045238e-07,0.00018127041299242008
0.006092572615414288,4.200193111437859e-06,7.634430819841402e-39,0.003011583107097824,1.6422540741662895e-35,4.163097175262318e-21,3.603579713301163e-15,0.9906311279585032,3.788145330838122e-07,0.00026013731133660756
0.006871111613516258,7.745078378145909e-07,4.791980053667249e-40,0.00020870281992365106,1.030810148414197e-36,2.613093116711211e-22,2.2618951585705278e-16,0.9928468301811059,4.365513403079031e-08,7.253722248224567e-05
0.007156961644735197,3.2975037226623395e-06,4.091246999625949e-39,0.0017278069386446712,8.800743908890251e-36,2.230979522818841e-21,1.931137374693565e-15,0.990846279017725,3.9575561538926185e-07,0.0002652591395550824
0.007099987613023038,3.386947588998184e-06,4.3004621205249196e-39,0.0017648884247375427,9.250789750920247e-36,2.345065680567895e-21,2.029890429562887e-15,0.9908711702504814,2.832450497099142e-07,0.00026028351911723925
0.007099987613023038,3.386947588998184e-06,4.3004621205249196e-39,0.0017648884247375427,9.250789750920247e-36,2.345065680567895e-21,2.029890429562887e-15,0.9908711702504814,2.832450497099142e-07,0.00026028351911723925
0.009839306511073703,6.57427563436532e-07,4.030107513202129e-40,0.00017687020504377656,8.669225825825037e-37,2.197639824125588e-22,1.9022785092308623e-16,0.9899122672135647,4.112567633779371e-08,7.085751707774315e-05
0.005914530022720576,1.6106179210440808e-06,2.527392157556156e-39,0.0009243451407691847,5.436711872449388e-36,1.3782008639801585e-21,1.1929715944222306e-15,0.9930483794433859,6.569650377920919e-08,0.00011106907869860737
0.008124993911243304,1.4121325611401143e-06,1.0768002432729415e-39,0.00046788822540862706,2.316321449900801e-36,5.871851034972752e-22,5.08267820350132e-16,0.9912730108153276,1.0434902636503588e-07,0.00013259056643272413
0.007753673869820938,2.6454416492321166e-06,2.6026186408446836e-39,0.0011165623855430358,5.598532709629169e-36,1.4192222796526227e-21,1.2284797593828294e-15,0.9909136307345835,2.577901398350569e-07,0.0002132297782622952
0.008246912778083614,1.6451224494883566e-06,1.1955933116291933e-39,0.0005194081073339568,2.5718590336375575e-36,6.5196361796483165e-22,5.643401460093297e-16,0.9910739704383307,1.2043801139060477e-07,0.00015794311579043888
0.00807575497565018,3.261600240580979e-06,4.1017483133941877e-39,0.001736588605977288,8.823333445329781e-36,2.2367059470561888e-21,1.9360941713666032e-15,0.9899135973803626,3.9846764974873593e-07,0.000270398970117677
0.006055004781146266,2.2376844481263207e-06,4.1227760120735876e-39,0.0014607288131064083,8.868566449127311e-36,2.248172466963209e-21,1.946019598721908e-15,0.9923238633768373,9.997880823910131e-08,0.0001580653656516994
0.007134435139263385,2.9501437049672422e-06,7.428510679214489e-39,0.002571835574143188,1.597958278202227e-35,4.0508077884038326e-21,3.506381944670451e-15,0.9900918037941958,1.7855500765006158e-07,0.00019879679368145563
0.006723261165210793,1.7897669934213299e-06,1.4317759898634176e-39,0.0006105874890607539,3.0799152001426044e-36,7.807553332617179e-22,6.758223413742103e-16,0.9925133916895965,9.774096693789359e-08,0.00015087214817086704
0.009030959878008903,1.4931470444792596e-06,1.1633767564983607e-39,0.0005045188291729056,2.50255750983344e-36,6.343957530084446e-22,5.491333902829808e-16,0.9903232908758554,1.1709873590959082e-07,0.00013962017118199102
0.008459501207628175,1.5409103480697474e-06,1.0824474229858927e-39,0.000473696441319187,2.3284691844339907e-36,5.902645416984945e-22,5.109333841155008e-16,0.9909182247829593,1.1012778748122292e-07,0.00014692652995724817
0.0072918100847401725,3.6156039193853925e-06,3.7256183739143505e-39,0.001604995049286686,8.014234587663383e-36,2.0316002193953256e-21,1.7585545157056281e-15,0.9908447162170384,3.355061790151016e-07,0.00025452753883470526
0.006809445809565017,3.1997816548223246e-06,3.3214349132122574e-39,0.001425921149703692,7.144789372018044e-36,1.8111967520977343e-21,1.5677731261964648e-15,0.9915019722042319,3.2833214309029866e-07,0.0002591327227001219
2.7760324726865733e-34,0.00012522839361663683,1.2676038928719993e-64,0.988721793228797,2.1516787427400716e-35,1.1261956727372437e-95,3.0237569732569515e-55,1.3214113566435957e-86,0.00015426899115396957,0.010998709386432276
0.006576317311821383,3.103648952842492e-06,3.061061737048178e-39,0.0012857827825053327,6.584696655940544e-36,1.6692138250423721e-21,1.4448726091504627e-15,0.9918985998821724,1.9353212990216395e-07,0.00023600284241666737
0.0063364303293010045,2.183641687001765e-06,1.6220066459202348e-39,0.0007002642742709148,3.4891232698898704e-36,8.844891577690025e-22,7.656144095991117e-16,0.992770737727047,1.328067584469923e-07,0.00019025122093498182
0.006980868553090711,2.378817692228426e-06,1.5845908724801734e-39,0.0006908665018300215,3.4086376281700863e-36,8.640861304321446e-22,7.4795353540896345e-16,0.9921095975631217,1.6069323827501033e-07,0.0002161278710266262
0.00555105479531365,5.3660825434941735e-06,6.135153347917226e-39,0.0025481633509685697,1.3197422072470002e-35,3.3455329120456894e-21,2.8958955374047963e-15,0.9915660644217309,5.809702217510625e-07,0.0003287703792188449
0.0073301227177169775,4.594689648807539e-06,6.134465468477975e-39,0.0025828043514513873,1.3195942364501844e-35,3.3451578075987367e-21,2.895570846977273e-15,0.9897510223585352,5.942721191557685e-07,0.0003308616105255419
0.007182493514610074,1.546600050504019e-06,1.0162702942687167e-39,0.00044191254663818495,2.1861145520886982e-36,5.541777889161606e-22,4.796966666421418e-16,0.9922374094688264,1.0279376210330363e-07,0.00013653507611201745
