i = 0,i = 1,i = 2,i = 3,i = 4,i = 5,i = 6,i = 7,i = 8,i = 9
1.4329671920645004e-16,0.03247139094707134,2.6929975664182915e-05,2.04403423184001e-19,0.0002785263130181814,4.4521029864558295e-15,2.0730306772577787e-07,7.015133747052485e-07,0.9672222093905989,3.455720034092262e-08
1.9028618380378195e-16,0.0459072466632645,4.546292417035229e-05,2.414261573614021e-19,0.00039793883334235657,5.1559883059330835e-15,2.56814762217328e-07,9.665347960201397e-07,0.9536480791758378,4.9053821393274826e-08
2.571409460289628e-16,0.0321398502902384,3.247735533206499e-05,2.7786098174990017e-19,0.0002957619625095173,4.932438069384946e-15,2.9865666317912335e-07,8.507317669609061e-07,0.9675307162116878,4.4791796735578396e-08
1.941490720056023e-16,0.09115068710769801,5.227288312919866e-05,4.77274888514463e-19,0.0006799461727894757,9.701412513698267e-15,3.2026196485339815e-07,1.301610129873405e-06,0.9081154142461882,5.7718090484106795e-08
2.820125394781501e-16,0.060129241194120726,6.26648311843737e-05,7.606296330682332e-19,0.0008114232366370367,8.723968325654675e-15,5.698887276390634e-07,8.206091723507999e-07,0.9389952024745564,7.77655925019083e-08
8.85388834268752e-97,1.6248900784681126e-73,5.7337683095426825e-108,2.927287925989836e-82,7.851969438537734e-69,9.869028888084241e-66,1.0,7.292153063283714e-45,1.1385001625231507e-95,3.140433248808637e-33
5.779112082796051e-16,0.04976288976086139,6.74663683222553e-05,1.1097270964014248e-18,0.0007074692098531709,8.273699970267577e-15,9.696674520818101e-07,8.764280136450769e-07,0.9494602248842685,1.0368122018809149e-07
2.501598097918759e-16,0.2557274549392629,0.00012542321363099744,1.5319737715426575e-18,0.002263363834509982,3.876585894273632e-14,4.2059554452666775e-07,3.7023827123925255e-06,0.7418794872090894,1.4782521072756986e-07
2.2422341018155353e-16,0.05797655272242149,3.8636007358745416e-05,5.685876129871384e-19,0.0005975103533670539,1.0417521346838983e-14,4.425130613332314e-07,8.838999743088212e-07,0.9413859330081692,4.149563734865595e-08
3.2971107569540233e-16,0.2632254385248929,0.00010207934968188503,2.234238595422067e-18,0.0019467408552702728,2.3855284194504627e-14,5.785539820883444e-07,2.7088248291319203e-06,0.7347223411199643,1.1277135521169598e-07
8.107011812630932e-17,0.4203320018076516,7.92155889378979e-05,3.283431121008714e-19,0.0015735686341432178,1.487225324382268e-14,1.394764772907471e-07,1.5725752046206687e-06,0.5780134517722524,5.0145318128267164e-08
1.5650179915515016e-16,0.3727503217355957,9.224644240343203e-05,9.135441327374644e-19,0.001957165821739027,2.3846860200717072e-14,2.970823513553351e-07,2.0796734572574374e-06,0.6251978218504528,6.739397642317462e-08
1.3759168459019315e-16,0.14051384261180158,7.188031625212058e-05,4.569677100244769e-19,0.0012635489551819938,1.3433958940281614e-14,2.543557203969173e-07,1.1749821080694758e-06,0.858149243353713,5.542520928162799e-08
2.628303573042827e-16,0.04509074531957529,4.9734060175533436e-05,5.15369230827968e-19,0.0005587558316346118,7.603085998455527e-15,4.1905517627878895e-07,7.425174442800463e-07,0.9542995397219651,6.349402102128162e-08
1.4397534327784473e-16,0.025207476642583236,2.026291405026769e-05,2.1856625777049417e-19,0.000243362687542715,4.53381957748989e-15,2.1221410784827434e-07,5.660769255005529e-07,0.9745280910265106,2.843827518919652e-08
9.310976004483951e-17,0.20617003244517154,5.8767919685457864e-05,2.900829898445198e-19,0.0009096451492287727,8.409876112291026e-15,1.833395228637364e-07,1.2656873470098067e-06,0.7928600570419748,4.841706092645268e-08
9.100253511826911e-17,0.7266594769414277,0.00024350838533062182,1.4965909813406812e-18,0.0044823080266162465,4.967960723652055e-14,2.1551159499070836e-07,5.727091434998319e-06,0.26860855571258874,2.0833095672541142e-07
1.2535215467511352e-16,0.06617905927442133,4.20977716834819e-05,2.8800775542127324e-19,0.0005086988122687287,8.755017980240413e-15,1.8603758646313323e-07,1.0765024933955886e-06,0.9332688366832003,4.491833753499256e-08
1.3252009585852286e-16,0.21242207982144395,6.156529912761758e-05,4.909446265845848e-19,0.0010718721365590355,1.2185900032320675e-14,2.7061766020177845e-07,1.2183996923957484e-06,0.786442943537952,5.0187552517695865e-08
1.0032951916339093e-16,0.020412664295933997,1.831846906982015e-05,1.251274229611117e-19,0.00018588409465459754,4.0145851580790816e-15,1.2561568775303773e-07,4.900911111756159e-07,0.9793824965849729,2.084856576241027e-08
7.254401112608942e-17,0.2838413693348668,5.824988632833534e-05,2.3871144284284184e-19,0.0009900885329927177,7.990093895577224e-15,1.4350304027309485e-07,1.1629860156248966e-06,0.7151089431568718,4.25998763991027e-08
3.9401686424004733e-17,0.18010785006341345,4.5094092901892483e-05,1.0518713150953572e-19,0.0007168168942615768,5.197409651812861e-15,7.364162792762025e-08,8.526917042717177e-07,0.819129283623344,2.89927416720798e-08
4.259893390915086e-16,0.026667207310535863,2.8962251391084536e-05,4.1270268606087905e-19,0.0002907987373874136,5.252671409379986e-15,4.821443579015928e-07,7.376906261732138e-07,0.9730117684833554,4.3382340642283875e-08
1.3789426928301305e-16,0.13306874404428642,6.501493748188112e-05,3.2623729085516946e-19,0.0008101394872555863,8.049702061193862e-15,2.292129987473933e-07,1.584874052552219e-06,0.8660542231611658,6.428275087076455e-08
1.9068906329146964e-16,0.11066158802926956,6.0189924514169596e-05,4.429190346357644e-19,0.0008088549643942998,9.208220866009659e-15,2.890218424705476e-07,1.5961173031118467e-06,0.8884674055595865,7.638308053343513e-08
2.5425174974815913e-16,0.04087908924338195,5.130015552420137e-05,4.527192750244721e-19,0.0005511472623540404,6.742191270925169e-15,4.092645401507973e-07,6.870937028540213e-07,0.9585172992268164,6.775367348322048e-08
2.6465836258086765e-16,0.08216019964456685,5.5062733673713154e-05,6.570294381841945e-19,0.0007624287605845479,1.2963476610614863e-14,3.2910325136290644e-07,1.5562799690594684e-06,0.9170203405942372,8.288370412490085e-08
1.2669127914728303e-16,0.06827207695195082,3.596276650280144e-05,2.980326871394958e-19,0.000513573856540409,8.61276981097764e-15,2.2716176717043347e-07,9.34821140888736e-07,0.9311771893152259,3.512686330554e-08
2.749408310191541e-16,0.03277113909122513,2.9626654895127213e-05,3.1245084674941454e-19,0.00030295728338128786,5.730856315475052e-15,3.660809239561874e-07,7.470654562551692e-07,0.9668951277609847,3.6063127597926627e-08
2.113967525565285e-15,0.061897182311917924,6.985846070364519e-05,2.4203217636721997e-18,0.0006755187691807921,1.1194212894855678e-14,1.9172009388990194e-06,1.6668941565057645e-06,0.9373537450330478,1.1133004112663869e-07
3.270894259311517e-16,0.10425346009032502,9.595828664569993e-05,9.670039141057257e-19,0.0010582872934700566,1.538613209161541e-14,4.2278367907516373e-07,2.780353140236961e-06,0.8945889285518087,1.6264091545530728e-07
1.0739919699509997e-15,0.061915552010041605,8.167761185099794e-05,2.7677648002579773e-18,0.0008868591895217469,1.0070555965572805e-14,1.976239598415358e-06,1.084879851065386e-06,0.9371127124519727,1.3761715229433816e-07
2.6213203951187817e-16,0.4953211444065507,0.0003462771557540712,4.940083259235948e-18,0.004456537599033221,5.528895846840235e-14,7.347756181954494e-07,1.0087746838352444e-05,0.49986484806429277,3.7025185724155123e-07
2.0731071815439232e-16,0.0699776362412521,6.270892558050762e-05,4.765691674013558e-19,0.0007826432284482935,8.082751327649017e-15,3.9956078078884256e-07,9.633583575999316e-07,0.9291755871309522,6.155462028539229e-08
8.341710385140678e-16,0.04345186314823847,3.9424047068537775e-05,1.0055634102513807e-18,0.0004463484686309894,8.091302709285389e-15,1.0315306001487718e-06,1.0511432751142245e-06,0.9560602212341572,6.042802048220123e-08
4.773093001528384e-16,0.03630057594011153,3.117078418780894e-05,6.669700940104453e-19,0.0003841226049502619,7.353000727663355e-15,6.733161512947989e-07,8.002668134901679e-07,0.9632826096945237,4.7393254051747924e-08
4.345797077181733e-16,0.02520448857495605,2.9860304253196597e-05,3.754808666077481e-19,0.00028191998468825346,5.338081560879628e-15,3.9447736151578645e-07,7.611037690458497e-07,0.9744825292944514,4.626051458379402e-08
1.6756831881229554e-16,0.24194031920772496,7.877059848923657e-05,6.362201326453334e-19,0.00145107489621761,1.5732841816217247e-14,2.835711515215302e-07,2.0238181708280315e-06,0.7565274570252626,7.088296735445351e-08
1.6031583021327096e-16,0.021737238665167094,2.7206171026365325e-05,2.225646080919917e-19,0.000280150933050426,4.07197788334786e-15,2.3176705121346407e-07,4.6317503097188806e-07,0.977954670830423,3.8458246731530944e-08
4.7514023607664086e-17,0.014408900624087792,1.5120926491393373e-05,6.534853251532319e-20,0.00015186977413411058,2.472975136316687e-15,6.780334487050213e-08,2.8038443805773883e-07,0.9854237441094085,1.6378092771555577e-08
1.3403998247204919e-15,0.04303139692560453,4.533735648138828e-05,1.235772390778594e-18,0.00046375811159472845,8.052171521036046e-15,1.2846949779129402e-06,1.236891916860188e-06,0.9564569142691542,7.175026084699836e-08
1.637748647359696e-15,0.0444133301918222,4.892000959378568e-05,1.3362230897232922e-18,0.00048517763982201454,8.458926191638785e-15,1.5319926441184424e-06,1.1643583863356163e-06,0.9550498010278098,7.477991164810285e-08
8.118898244048004e-16,0.043162373572704166,4.273274547487318e-05,9.964307883750004e-19,0.00047718714512039276,8.14229876666596e-15,8.445761072588023e-07,1.176189212444611e-06,0.9563156129278374,7.28435346472185e-08
1.404644897465823e-16,0.064703847524536,4.722088583327724e-05,3.015571008153244e-19,0.0005782359433960742,6.070782779401529e-15,2.3301194472386584e-07,1.2225601827399817e-06,0.9346691862999722,5.377412869144737e-08
1.4547794983723677e-16,0.3810584066224017,7.002767884106619e-05,8.486549184062807e-19,0.0016420154536773684,1.6601829696751864e-14,3.118241223533728e-07,1.562218414694814e-06,0.6172276226500915,5.355243457696409e-08
3.195126047032483e-16,0.2172807503943341,0.0001466567949778548,3.0274809274377604e-18,0.002447882258354093,4.230268599805377e-14,6.991641526212767e-07,2.580839404621456e-06,0.7801212755482603,1.5500047376561815e-07
7.98510458226947e-16,0.06460559583897775,5.747733942863529e-05,2.0023259462625075e-18,0.0007275718206069886,1.405062450793599e-14,1.2620263848587734e-06,1.3554039152253022e-06,0.9346066496560745,8.791459718826007e-08
5.503883648134018e-17,0.10115372759311966,3.4673469170845435e-05,1.595305393016156e-19,0.000640346578023436,7.46348865985885e-15,1.101066330345327e-07,6.083938984547032e-07,0.8981705067709433,2.7088203740468195e-08
5.2401885818769e-16,0.03792768448397502,3.715897537182785e-05,6.043015350163966e-19,0.0004024753246473035,7.26271663658174e-15,5.617461982557581e-07,9.897888338852893e-07,0.9616310707755437,5.8905422142161436e-08
5.730588769057499e-16,0.14982287413352413,9.284008437960289e-05,2.944782147181684e-18,0.001294767983889139,1.354285829538015e-14,1.0828716623432397e-06,2.08572488371633e-06,0.8487862341304296,1.1507121739502932e-07
6.331613506291595e-17,0.31403796074924956,8.337952448213035e-05,2.249024364704338e-19,0.0013800036907040505,1.615845594971013e-14,1.0098284191255495e-07,1.573857816691092e-06,0.6844969294081535,5.178673580550935e-08
3.8742104191720974e-17,0.9143678875179518,0.0012785597754361448,3.347337129735266e-18,0.00902889620476082,2.3732755482958212e-14,1.6492617691589128e-07,3.0028923604076592e-05,0.07529134988485317,3.1127671931861757e-06
2.6524682886969963e-16,0.21824594729848118,0.0002655454433299078,1.87256382463186e-18,0.0035019140228099974,4.8384892966767197e-14,5.292087721228062e-07,3.6229587908817627e-06,0.7779821450015748,2.9606619253632404e-07
5.775760438056805e-17,0.034962185568454415,2.1314593669577432e-05,1.1420749297086076e-19,0.00028915420122731776,5.073560038279103e-15,9.959916573087718e-08,4.815897244525547e-07,0.9647267451642244,1.928352895448692e-08
1.4123449007487967e-16,0.02773328021521368,2.0223614522289865e-05,2.173863822381303e-19,0.000254333427167641,5.28557824957969e-15,2.2315234594300535e-07,5.466172978767075e-07,0.9719913680724561,2.490099111341549e-08
1.3158811752351755e-16,0.03074034341467541,2.0070665162884966e-05,2.3462647752122896e-19,0.00027807764404019336,5.880855452266976e-15,2.213863841659429e-07,5.560028698467513e-07,0.9689607058953703,2.499149118809951e-08
3.125166733779912e-16,0.03786532733008135,3.474249773146761e-05,3.9717058982937074e-19,0.00034750297616431336,5.866245053898538e-15,4.1215537838234095e-07,9.056346871963287e-07,0.9617510613053681,4.8100583090935384e-08
7.791432044752665e-17,0.04425256170545779,3.618180669070506e-05,1.527818130320278e-19,0.0004331437912191578,5.341302339842549e-15,1.1950859575561258e-07,6.179557130276218e-07,0.9552773371656162,3.806670175802568e-08
6.14500514517142e-17,0.24087466288479772,4.8747329872168825e-05,1.7992962978544442e-19,0.0008789385231189595,7.357710680364489e-15,1.259978899689602e-07,1.1070515810186906e-06,0.7581963861646573,3.2048075530756844e-08
6.4162018940612335e-16,0.05341378787392511,7.122408369193765e-05,1.2694523105553507e-18,0.0007482939170809811,8.61917068863691e-15,1.1125359123987395e-06,9.314281870775108e-07,0.9457645426520952,1.0750909809805489e-07
4.09103525766604e-16,0.09057424766914271,8.926293595949608e-05,1.307339610567065e-18,0.0011231623702406932,1.1355639178889681e-14,7.801009807672451e-07,1.1534614455079386e-06,0.9082112865088736,1.0695334551681625e-07
2.1605477486336824e-16,0.2560753325345318,7.151014198444908e-05,1.2937285991149218e-18,0.0015201990273022276,1.5651550698195026e-14,4.614972151466084e-07,1.620609095544371e-06,0.7423308051696065,7.1020248478132e-08
6.8534721579634e-17,0.7543459964252749,0.001451005574574042,1.076623460963366e-18,0.018529030067642747,2.2958846336780476e-13,1.7139420277111817e-07,1.3484313842319844e-05,0.22565962446787255,6.877563611756321e-07
2.4158346390651113e-16,0.19226225124848165,7.732960333525763e-05,9.75781375900043e-19,0.0014340071899556896,1.8281329970234015e-14,3.93753299929699e-07,2.1339476987329508e-06,0.8062238002213045,8.403590586791141e-08
1.7958721795410103e-16,0.0746740209413527,6.059096388742621e-05,4.2971233571635885e-19,0.0006595324190244487,8.683477239080495e-15,2.4921281767687556e-07,1.5108933605889728e-06,0.9246040159697733,7.959977510340851e-08
6.679294552791774e-17,0.027437794548225224,2.836793943708497e-05,1.2973826804910121e-19,0.00029020182301068225,6.286615815064151e-15,8.370490501101596e-08,7.667650797809785e-07,0.9722427503950598,3.482427612544339e-08
2.7733953736760466e-16,0.23383365945300955,8.894859554095751e-05,1.1905628603988108e-18,0.0014465229070720611,1.3252611428147615e-14,5.655496894229311e-07,2.1327691398046856e-06,0.7646280836669176,8.7058617213199e-08
9.68881541204202e-17,0.08881373187181783,4.331177480434935e-05,2.1224218671631987e-19,0.000535501373331712,6.617079235421369e-15,1.7155258715817656e-07,1.0520818765148562e-06,0.9106061923881796,3.895739617193411e-08
2.6507535800803274e-16,0.1929856237614097,7.649942064707837e-05,1.0387573557770329e-18,0.0012809545009516675,1.4380005457887333e-14,4.833639429339581e-07,1.8650704144781e-06,0.8056544911349238,8.274769572902969e-08
2.1436872726162343e-15,0.051857578637836875,5.712712534638613e-05,1.5751386458223081e-18,0.000539391545837695,8.927941015309991e-15,1.7909189560323126e-06,1.3319568027907255e-06,0.947542692494268,8.732094125786713e-08
1.0358432859519821e-16,0.13920281962069433,5.9978191528648424e-05,2.7232240454463875e-19,0.000893988172965611,8.894709986617621e-15,1.7029365652427258e-07,1.249812476806045e-06,0.8598417366570542,5.725161477497811e-08
1.3594325282037007e-16,0.041694683461529096,4.2478531672780016e-05,2.482598914196744e-19,0.00046233679198212803,9.148092068423265e-15,1.5257387702661402e-07,1.1075443385295719e-06,0.9577991778309709,6.326562021843597e-08
4.7154398318499715e-16,0.04171403835408825,5.045240127769332e-05,9.077950151894384e-19,0.0005760970326757062,7.657291666524434e-15,8.060830152990525e-07,7.596659272891539e-07,0.9576577679948988,7.846810882135765e-08
5.268292898835789e-16,0.055813016622913915,6.424506913848474e-05,1.2604490845424929e-18,0.000766076587201876,9.255398950915138e-15,1.043142837983005e-06,8.829068048968174e-07,0.9433546444683512,9.120274189452517e-08
8.669332559975797e-17,0.09327209961200847,2.7568324078129933e-05,2.8216664669480796e-19,0.0006281490386663502,1.0551003755898768e-14,1.909945974356534e-07,7.372182641542834e-07,0.9060712271953512,2.761702371762473e-08
3.343576297700775e-16,0.0656544907775104,5.013381705572367e-05,1.1939407862924845e-18,0.000829146443370112,1.198099193233043e-14,6.952582951049937e-07,8.579073341429773e-07,0.9334646073363777,6.846004453798127e-08
1.224082773975964e-16,0.019340807155039778,2.0981476096501827e-05,1.664545253972173e-19,0.00022548152937090915,3.994213953383809e-15,1.8217270020249386e-07,3.8875935974823396e-07,0.9804121331511001,2.575632863081735e-08
2.9328719813238605e-16,0.04020696799127965,5.434269913136722e-05,5.5533009320974125e-19,0.0005816048214265638,7.946792036133107e-15,4.529114065307952e-07,7.058520785532758e-07,0.9591558544494212,7.127524772014292e-08
2.996549104646737e-16,0.052066401705011534,3.123901333295963e-05,8.399898144528998e-19,0.0005487552891473767,1.0813350478752656e-14,5.864354746155406e-07,7.953982902190823e-07,0.9473521761283724,4.603035970841788e-08
1.9540907247563033e-16,0.041315154023275666,4.392065071682049e-05,3.7637841810985596e-19,0.0005198874762045965,6.4133701970627895e-15,3.609843716526822e-07,6.301857920459201e-07,0.9581199950991395,5.158049318565223e-08
2.4658559549748096e-16,0.05569566439597806,6.0156654577327107e-05,5.672705476632387e-19,0.0007282516111850923,8.403859110448182e-15,4.483736763434225e-07,7.884179470422841e-07,0.9435146202677134,7.027891406677883e-08
1.5737041595209563e-16,0.02917980774096706,2.9891621776931448e-05,2.7009449082192235e-19,0.00036031954311986034,5.080340182370503e-15,2.693750783029959e-07,5.003746680390984e-07,0.9704291718240028,3.952038167952528e-08
5.5139515286436e-16,0.060947042780773,6.347278525379534e-05,1.2326595255639064e-18,0.0007837079479578845,1.0215407059907055e-14,9.103036742053536e-07,1.0397790296465759e-06,0.938203733914555,9.248874570192289e-08
1.6725289078017129e-16,0.049148816755602356,3.113292788606343e-05,4.1195162760402193e-19,0.0005044567917048973,9.121864136961816e-15,3.364572419867137e-07,6.972893033381373e-07,0.9503145253923027,3.438594949097329e-08
5.793279995174017e-97,1.0631987689025553e-73,3.751721724847677e-108,1.915384283760204e-82,5.137703990650364e-69,6.45750718963531e-66,1.0,4.771404701320778e-45,7.4494391173287436e-96,2.05484962225986e-33
7.335017508732041e-16,0.08786789513978688,6.755133257414996e-05,2.5939987952510946e-18,0.0009459446077808077,1.1631051253530522e-14,1.3231909880038631e-06,1.9321819413790065e-06,0.9111152574799956,9.606692082104464e-08
3.3407575088504575e-16,0.11017214525312864,7.416887154466882e-05,1.0817377145637972e-18,0.0010422639570881744,1.037801113653545e-14,5.663786172193362e-07,1.963126745656737e-06,0.8887087933920538,9.902081126096396e-08
7.079379982641225e-16,0.03111522505229981,3.4009879120876884e-05,6.134260602390607e-19,0.00033713159911261597,6.235992679429274e-15,7.262857975500046e-07,8.873501415567334e-07,0.9685119685051083,5.132841236155422e-08
1.3794646441828768e-16,0.18167988181254452,0.00014175757840266146,6.148914707104322e-19,0.002081366040295994,6.954455096217212e-14,2.520595198730829e-07,3.3165562630605277e-06,0.8160933138880275,1.1206487667401497e-07
1.563931310468548e-16,0.11876116924608973,0.00013917304227742449,5.742463749372038e-19,0.0018024555166825506,2.2849254695795233e-14,2.635493574054295e-07,1.685352896656229e-06,0.8792951314850505,1.2180762282279103e-07
3.418286518579294e-16,0.1356694110176304,0.00010891814133333501,1.8863363129816564e-18,0.0017511021891411657,2.37049544437661e-14,7.105955037753424e-07,1.8415681753027899e-06,0.8624679067685145,1.0971967754378394e-07
8.154173715038725e-17,0.24003855226014928,8.696174455374956e-05,2.792398379541933e-19,0.001338372541265962,1.2511078769641914e-14,1.2965520530051697e-07,1.5998198508136053e-06,0.7585343219669631,6.201199906347502e-08
9.395675075633854e-17,0.1935613364526352,3.902073444217159e-05,3.6850431470935025e-19,0.0009806401975453302,1.2094898701027435e-14,2.1736180279672354e-07,9.966451685144246e-07,0.8054177538928784,3.4715515300719194e-08
1.4761566100412062e-16,0.7162049028449069,0.00030685102258507034,8.617875844488285e-18,0.0061265343914664785,5.2176421373595884e-14,5.099086815072806e-07,8.726449985699551e-06,0.2773521822686061,2.9311371582943423e-07
3.782269334611611e-17,0.018489312561535524,1.9267752871175173e-05,5.642964496491027e-20,0.0001690085383603104,3.3297180297021383e-15,4.811522983523547e-08,4.5491004499667147e-07,0.9813218902092378,1.7912717222370003e-08
1.9589970329364233e-16,0.07732562289546405,4.0636646069135015e-05,6.456882125278835e-19,0.0007478545902900387,9.532565610725058e-15,3.96265997429655e-07,1.1055795214758802e-06,0.9218843308080958,5.321455218957154e-08
4.572856962654074e-16,0.03196482213323496,3.192258548746647e-05,4.805024061622682e-19,0.00033481534039463384,6.22049415187183e-15,5.82122216237698e-07,7.351568693935069e-07,0.9676670781734803,4.448831015079501e-08
7.387946271365319e-16,0.04544782441349916,4.914872558291261e-05,7.764387444591573e-19,0.00048804125347340057,7.391881604958664e-15,7.507030364939888e-07,1.1804382218827996e-06,0.954012974346697,8.011948098202083e-08
1.2645936167291342e-15,0.04189331457999138,4.6304628940824364e-05,1.0010017383061548e-18,0.0004421367804808289,7.490303052902172e-15,1.1512978389396017e-06,1.1769730142802485e-06,0.9576158442408335,7.149889149650411e-08
2.6695062721248314e-16,0.056346606421370994,2.8687416492832764e-05,7.9844745996441075e-19,0.0005393950147355983,1.1374964799514427e-14,5.194148614890838e-07,8.336788121687147e-07,0.9430839149500777,4.3103637631808804e-08
2.7051611866239647e-16,0.07164523768700981,4.510982652434567e-05,7.580271707575521e-19,0.0007061033241047455,9.105420731793079e-15,5.128448804349137e-07,1.2466371501777852e-06,0.9276017297772289,5.990309232311821e-08
2.4193267727843015e-16,0.14567725024358313,7.402969518745703e-05,9.183742342610267e-19,0.0011468619044994709,1.0482643540778521e-14,4.834346497701366e-07,1.8344308006303726e-06,0.8530994574615401,8.282972867036587e-08
1.3166269924856718e-16,0.049356779305343566,2.696180422996419e-05,3.7515360056921696e-19,0.000521348043663549,8.430935144332705e-15,2.7248699147747196e-07,5.900551979702367e-07,0.9500940124095298,3.589503511723943e-08
2.34176436343603e-16,0.5878151572368646,0.0002957605807024964,1.1032392195200841e-17,0.004761590507390159,5.387522932029233e-14,6.946563338452991e-07,5.530139308428223e-06,0.4071209760448447,2.908345013849262e-07
7.41811457090093e-17,0.1787343252440462,3.969120029307525e-05,2.5912701250383096e-19,0.0008775913589772864,1.0643348863811243e-14,1.5958838659245927e-07,8.376152589716687e-07,0.8203473633505579,3.1642469083293885e-08
2.6716569475926736e-16,0.06111549773658489,5.190589905234881e-05,5.140962529643766e-19,0.0005891958232285084,6.964456962176421e-15,4.036899573890755e-07,1.399487759025624e-06,0.9382415277519902,6.96114205885616e-08
2.1634737317239356e-16,0.2894474024904583,9.101609730704157e-05,9.296954354875624e-19,0.0015303620506657675,1.3276138075852946e-14,4.053170801591095e-07,1.9135819394272388e-06,0.7089288148687367,8.559379912880549e-08
1.9134673062131596e-16,0.16803742242706549,6.777894017182969e-05,5.807085583646031e-19,0.0010372942147929087,1.0616902681974046e-14,4.017835327252894e-07,1.6997117294332318e-06,0.8308553465168221,5.64058745827311e-08
5.876573653379016e-16,0.056159709339037585,4.82620971809549e-05,7.963056068079954e-19,0.000535317981640287,8.711851766205561e-15,6.517851607222663e-07,1.3297887933279268e-06,0.943254650643002,7.836517570846787e-08
3.2810549771026766e-16,0.12321848485531249,7.954155996044972e-05,8.115344897417159e-19,0.00099261650462606,1.0134245704739608e-14,5.699602982982491e-07,1.9572436046264557e-06,0.8757067472383411,8.263784666204262e-08
1.780965572322392e-96,3.2684772797592445e-73,1.153351337144717e-107,5.888259276240697e-82,1.5794289134573093e-68,1.985161773182923e-65,1.0,1.4668214744925787e-44,2.2901007049764875e-95,6.317002521184988e-33
7.23522509155042e-17,0.046372145019377295,3.402885276719733e-05,1.443885820196351e-19,0.00040556035175203913,4.220922390900997e-15,1.1834597882532145e-07,8.194905891880785e-07,0.9531872923063808,3.563315035750577e-08
9.11233091650635e-17,0.8283865609912356,0.00027917747921831344,1.0217311678947117e-17,0.005815549238419301,3.517717187086028e-14,3.4264286048261984e-07,6.376213051676216e-06,0.1655117351237235,2.583114560875181e-07
1.853791669440531e-16,0.0675744793236378,6.757586313533179e-05,5.538545620957191e-19,0.0009387134766684047,1.0436012102479519e-14,3.3774111851293444e-07,8.600603988535094e-07,0.9314179628569303,7.067810001072406e-08
2.0248881309374945e-17,0.9558495223799001,0.0009260289486490995,2.8618341136186386e-18,0.005922304699325957,9.637298343060451e-15,1.1078233252037541e-07,1.2502904908642442e-05,0.037285504048301034,4.026236572938362e-06
3.90683639350642e-16,0.05738563976596263,6.732768512401147e-05,9.947559216224183e-19,0.0008050206967112632,8.931860331041015e-15,7.700786214459537e-07,8.472509706869274e-07,0.9417403041873584,9.03352421005568e-08
2.8438148050568703e-16,0.03180686123990738,3.1707112259985175e-05,3.630277748734978e-19,0.0003430003533523188,5.961158402886846e-15,4.2183041434881667e-07,6.331951632121956e-07,0.9678173360228606,4.0246035862441777e-08
1.8402548557854832e-16,0.05264236162672908,4.5927338508204644e-05,4.624250495826522e-19,0.0006511028117979678,8.350948680950735e-15,3.749495229541046e-07,6.758141367831885e-07,0.9466595073135199,5.014577653740684e-08
3.8600178777936694e-16,0.10947250762807051,4.051892739036237e-05,2.598893928825854e-18,0.0010114956111232907,1.7775688277175027e-14,8.550060835778719e-07,1.2515345450844516e-06,0.8894733022274026,6.906536644972998e-08
2.5331964926971114e-16,0.1330812747698411,6.0701213032386396e-05,9.59319677707594e-19,0.0010828839474842876,1.5095124083660852e-14,5.249124238287833e-07,1.4838133580826277e-06,0.8657730732544973,5.8089347697793815e-08
5.486722391291923e-16,0.04193109222409613,4.19345855400733e-05,8.196172406035262e-19,0.00047822870317374826,7.291333580370521e-15,7.121920304376538e-07,1.141776339430638e-06,0.9575468251930239,6.532578841561606e-08
1.6529042551246817e-16,0.02982615276946555,3.486357120040263e-05,2.6261222202018456e-19,0.0003758234504558063,5.381933051231483e-15,2.641661249052319e-07,5.201186266254347e-07,0.969762334155344,4.1768777205682794e-08
3.8613759629933397e-16,0.028516936814190968,3.418640117359039e-05,4.0046148672882127e-19,0.00033241435945396725,5.6682522658186705e-15,4.7128660807306984e-07,6.656947812638296e-07,0.9711152776630805,4.778070568568879e-08
2.5167559380467224e-16,0.03224866973859071,4.9832805378070854e-05,3.6923306817663755e-19,0.0004368206523822038,8.117222782170915e-15,2.9384346143168833e-07,8.437664317497149e-07,0.9672634673868316,7.180691594892842e-08
2.7312730765898116e-16,0.0388847799068151,3.978122885659703e-05,4.439901260829754e-19,0.0004513655971936751,6.075864248664758e-15,3.695090025387972e-07,9.936213004044926e-07,0.9606226497844219,6.035240337467223e-08
1.2355146810913378e-16,0.031049513976240898,2.3559199870974344e-05,1.7568952270742997e-19,0.0002555975224877802,4.589069676123833e-15,1.8610320862709234e-07,6.160356780033999e-07,0.9686705001142965,2.7048212496735854e-08
1.0195315149477752e-16,0.48300034570689937,8.350179193541732e-05,4.954733628795889e-19,0.0016408683855844164,1.3596390541732163e-14,1.8678479390595555e-07,1.7179972184860196e-06,0.5152733229479095,5.6385645113293425e-08
6.128515806713295e-16,0.04780192581168441,6.161696584108222e-05,7.81444733465269e-19,0.0005739456131640594,7.421240701029803e-15,8.42215511378949e-07,9.515890841948814e-07,0.9515606317949956,8.600971116733852e-08
1.9246030024070865e-16,0.08962511400117114,4.355862294051089e-05,6.009741740112738e-19,0.0006955932633802012,1.0999966526556731e-14,3.5908854512197103e-07,1.121076463542312e-06,0.9096342010006522,5.294683612355139e-08
3.0318936729906847e-16,0.3078253098151959,0.0002673528008079341,4.696308286067618e-18,0.004500256640098647,5.685985771816404e-14,8.257101602185177e-07,3.985578530656658e-06,0.6874019848753353,2.8457981416404745e-07
1.7594820209211945e-16,0.05834801135613165,3.576890648764288e-05,3.2372339587427573e-19,0.00044291424712714636,7.17633524879582e-15,3.0351033638461347e-07,9.273084296115361e-07,0.9411720360412826,3.863019753788841e-08
1.295424599271342e-16,0.07946424306198795,7.069071521296343e-05,3.1006940779757947e-19,0.0007865355678956383,1.3893405217860782e-14,2.0338688142717098e-07,1.4653330474041748e-06,0.9196768015258988,6.040906178496915e-08
1.4593533529029594e-16,0.05045531486568854,2.3761324554301604e-05,4.387369029081851e-19,0.0004694001277479901,1.1656011278372226e-14,2.697951698725002e-07,6.905318422472199e-07,0.9490505317468483,3.160813679466777e-08
1.8333189756515672e-16,0.025028277612299372,3.2483779290096396e-05,2.61788877183192e-19,0.00032845396468398784,5.983557385580962e-15,2.1935799649380479e-07,5.641884662246962e-07,0.9746099565808773,4.45163803006203e-08
1.5797435269910264e-16,0.13981116897645715,6.355162770498683e-05,3.9221340387010114e-19,0.0008380669380898432,8.748859173117041e-15,3.0165663488057326e-07,1.5558621209417198e-06,0.8592853019100263,5.302895698699479e-08
1.5659031148699279e-16,0.2510994835750709,0.0001353482969331987,5.856591532723565e-19,0.0018643145601561885,2.0147720486555035e-14,2.542491457443123e-07,3.6407268532599295e-06,0.7468968523255554,1.0626626509332559e-07
6.033356153962965e-17,0.8654955960181816,0.0015831860430104891,3.0605688588780686e-18,0.010569031133339268,4.2154282213078204e-14,2.2778177275861442e-07,3.464577558185051e-05,0.12231506306447974,2.2501835921547854e-06
4.978239645385325e-17,0.051963648272546674,3.156406466221852e-05,8.944633969367252e-20,0.00032416148427116874,3.674957627419332e-15,7.756359737416272e-08,7.516143341597128e-07,0.947679768843259,2.8157325710077682e-08
3.326437760907696e-16,0.35557298287347017,0.00011122155479769083,3.580962825138632e-18,0.0021599340412116106,2.204553327357161e-14,7.332487052333093e-07,2.549363438596831e-06,0.6421524835295247,9.538882958412157e-08
5.518128965468961e-16,0.14427612769780998,7.346372223245186e-05,2.8510295340972137e-18,0.0013143734187799178,1.746851824209419e-14,9.746428807283055e-07,1.8354095168852956e-06,0.8543331227627515,1.0234601038069605e-07
9.646534421277208e-17,0.2239450176503493,4.6376649563145504e-05,3.5331043869620923e-19,0.001009327324153972,1.081547721430034e-14,2.172100686383968e-07,1.1619152189905879e-06,0.7749978614491916,3.7801443485284897e-08
2.377265774858627e-16,0.03580050296694508,4.327455705848655e-05,3.89709883271409e-19,0.0004641123491614104,6.304121076111224e-15,3.486717560660983e-07,6.560293587097789e-07,0.9636910451201379,6.030557582027725e-08
2.1507574142325763e-16,0.04249687237439081,2.635134286023148e-05,4.2334038408481996e-19,0.0003827172967542547,7.83646507308009e-15,3.7172089832558276e-07,7.48713712600423e-07,0.9570929036455933,3.490578219361934e-08
1.4560415200837514e-16,0.09208447544211658,4.3804182387714756e-05,4.850452160957259e-19,0.0008249371678720478,9.116392543220253e-15,3.0086554726090114e-07,1.088514247337403e-06,0.9070453438896052,4.993821446611683e-08
1.1633430913919098e-16,0.097017103626081,5.359778889702933e-05,2.329866902359413e-19,0.0006079769936901579,6.711462446475292e-15,1.891013273287461e-07,1.3091515519284277e-06,0.9023197741993115,4.9139134265904134e-08
1.651433062608127e-16,0.7179092356240333,0.0003272267663210461,1.6192567734033042e-17,0.0057339241868322585,4.101430061674806e-14,6.054917322070991e-07,8.095266663542648e-06,0.2760205720025123,3.406618639729944e-07
9.282850109036425e-17,0.043918495957831656,2.2927492176936148e-05,2.257956412894157e-19,0.00035958411187162034,7.129034257236372e-15,1.5512343655426967e-07,6.438918077719825e-07,0.9556981649380576,2.84848106257398e-08
1.0248279508685337e-16,0.08224448428100106,7.911813395799849e-05,2.3927792962960036e-19,0.000874053024289704,1.066864506254213e-14,1.4606460216967628e-07,1.5115258352967303e-06,0.9168006185923449,6.837795805329751e-08
7.366938021509916e-17,0.8606265027292367,0.0007186447984249214,1.0596507622403394e-17,0.008831930240001123,2.8497406567795105e-14,3.3775295501121883e-07,1.1869886041477241e-05,0.12980972148546815,9.931078440824107e-07
1.2914286292200227e-16,0.19402096890751996,6.778768321396925e-05,4.297797930760314e-19,0.001003054700598285,1.0240346992445092e-14,2.4385559546517617e-07,1.2855879321180439e-06,0.8049066017576217,5.7507508128613036e-08
7.90203681887326e-17,0.03840596013825354,2.4447948169311486e-05,1.6070014931793283e-19,0.00030532347272758877,5.438470405840191e-15,1.2044749147300715e-07,6.516992290662844e-07,0.9612634681874499,2.8106673672552898e-08
5.400452529739415e-17,0.8674083992964449,0.00029785432611046704,1.5854190123484065e-18,0.005328507475457342,3.7648167444738307e-14,1.4192889083529593e-07,7.169328998826218e-06,0.126957686218307,2.414257528578886e-07
1.6844956893185791e-16,0.4459874061039279,0.00033258148208344644,2.1046089912622494e-18,0.00642761886106522,6.864202597001227e-14,3.9720009093081223e-07,5.587572504810614e-06,0.5472460959265681,3.1285369059565013e-07
6.369867919360132e-17,0.5581255704381209,0.00020597102811522117,3.2740263538130504e-19,0.00373540120642968,4.849450906784328e-14,1.05940076503548e-07,4.1409326159677045e-06,0.43792869599042583,1.1446416724390717e-07
3.875819982259543e-16,0.09268673220087871,8.212751509984076e-05,7.235570049933839e-19,0.0007867890959928838,1.0182629858692224e-14,5.080734884271636e-07,2.0548412139890186e-06,0.906441695239503,9.303381271986595e-08
2.3138913488958956e-16,0.3196396434046767,0.00010320764599614006,1.0894152680080806e-18,0.0015494460874507035,1.239729656136448e-14,4.5330940557334457e-07,1.926738564387757e-06,0.6787052321968171,9.061707678347748e-08
1.3875282829910589e-16,0.25341211837080624,6.491185385003682e-05,5.497850965738759e-19,0.001184369744436892,1.1407530754826205e-14,3.0277243875959115e-07,1.465705814174278e-06,0.7453367767363647,5.4816277663113777e-08
1.0543089505152267e-15,0.06309659234646514,8.729648719005409e-05,2.2242833562041456e-18,0.0008404946170393111,1.2683314438314356e-14,1.5085742667155542e-06,1.405190183594337e-06,0.9359725608866601,1.4189818125317284e-07
4.184416613704557e-17,0.11479403891254185,3.139063010901456e-05,1.2356492885329512e-19,0.0005810008072571498,1.0469367477791608e-14,7.20186606766933e-08,8.264432908356211e-07,0.8845926467003224,2.4487807514210606e-08
6.176860725013038e-16,0.03909227579163636,4.268064317030228e-05,7.453017415585552e-19,0.0004613219896055155,7.505069736028449e-15,6.862304825155843e-07,9.363563758087294e-07,0.9604020272375619,7.175115934814563e-08
4.22059166063915e-16,0.1816371636572187,8.827669205490222e-05,3.2025364063780536e-18,0.001678381442899519,2.6389559766716963e-14,8.744953309754377e-07,2.506452617287539e-06,0.816592705259727,9.200012480793713e-08
4.22059166063915e-16,0.1816371636572187,8.827669205490222e-05,3.2025364063780536e-18,0.001678381442899519,2.6389559766716963e-14,8.744953309754377e-07,2.506452617287539e-06,0.816592705259727,9.200012480793713e-08
2.2119955325153608e-17,0.021115371462114646,1.419111367971719e-05,3.8333019264807955e-20,0.00014788888704246337,1.9634106607893105e-15,3.390722533086778e-08,3.2792994231353094e-07,0.9787221736637506,1.303624300050592e-08
5.619174845528925e-17,0.8507903627530367,0.0006402000614412117,1.315418978836428e-18,0.0069579779627138355,4.734148459789524e-14,1.5667761934632106e-07,2.10548161729317e-05,0.14158972589153448,5.218374342735534e-07
1.1964554287112683e-16,0.047383565154749015,3.5325422973126235e-05,2.1057706683661953e-19,0.0004034218843516938,6.828165978110277e-15,1.4994640888137477e-07,9.702152232409115e-07,0.9521765234547326,4.392155456591477e-08
2.90090781872474e-16,0.1742314416753253,9.091066550218035e-05,1.0491360294211518e-18,0.0013094977398002616,1.1169866366027244e-14,5.170843352779135e-07,2.22959974372859e-06,0.8243652947634995,1.0847178227643059e-07
1.0316760681125271e-16,0.12914994209059055,5.473321626775384e-05,3.1743964088919013e-19,0.0008866272624815397,7.786336985242513e-15,1.9794999908544698e-07,1.2491488809555996e-06,0.8699071985055936,5.1826178536193145e-08
4.17018982674043e-16,0.09765665506260798,7.026713491287308e-05,1.3925434439369946e-18,0.0010140448015364485,1.0787103559605655e-14,7.949281020139519e-07,1.8136689404666723e-06,0.9012563382107028,8.61931861667814e-08
2.7783293366433117e-16,0.3827328999024575,0.0004223006757151206,5.413018625870357e-18,0.00600135492836683,5.733415137163905e-14,7.781265956819267e-07,7.701706865086434e-06,0.6108343892841777,5.753757643388944e-07
4.572028338029232e-16,0.2950681665196832,0.00022175980319658894,9.893117827172301e-18,0.0032757847143152666,3.3800148589681495e-14,1.2263508543087952e-06,6.393186083301513e-06,0.7014263587104991,3.107153339641286e-07
1.1352240510308662e-16,0.5225798470722117,0.00012018223052930561,7.741421956231922e-19,0.0028532826716088223,2.553684404961647e-14,2.2888415868750164e-07,2.8369494210974002e-06,0.4744435477819524,7.441009242961398e-08
8.642470140801397e-17,0.0330814373970888,2.3790881187373602e-05,1.436003493365261e-19,0.00027701728739451114,3.945396860243427e-15,1.3855837764195145e-07,6.136553133251836e-07,0.9666169745364351,2.7684199202055447e-08
9.531142859537501e-17,0.025148983484774637,1.989296359452658e-05,1.582491927262218e-19,0.00023244700297770732,4.360633238740208e-15,1.442797075366338e-07,4.979976529949861e-07,0.9745980103666839,2.3904604236560103e-08
3.97685173981729e-16,0.25759094505369146,9.981313172602827e-05,3.00789699632118e-18,0.0017750395726692952,1.7490471608713108e-14,8.906179950694823e-07,2.4886529266226316e-06,0.7405307302999341,9.267103963660235e-08
4.421798779870954e-16,0.05288430502486357,6.176760117601047e-05,6.46920684596735e-19,0.0006014139502619037,7.289688773283454e-15,6.43416839274e-07,1.0546913758160654e-06,0.9464507356922425,7.962323338127802e-08
7.342128270586585e-98,1.3474476885141164e-74,4.754754156941205e-109,2.4274671879398105e-83,6.511282338689461e-70,8.183938310254824e-67,1.0,6.047051994234696e-46,9.441065784653143e-97,2.604218942631151e-34
3.2291639021004944e-16,0.33582396275054066,0.00015380351286798012,3.4409723863914803e-18,0.0028067591892138154,2.834981217671559e-14,6.846460667994743e-07,2.7547168584497173e-06,0.6612119085574785,1.266269452621084e-07
2.2043974453534287e-16,0.15712075420308108,0.00011279164559158063,9.244621832905082e-19,0.0015385839306596048,1.8545977864059496e-14,3.634002450678792e-07,1.5805826341407356e-06,0.8412258248575241,1.0138024569549906e-07
1.2083425174584671e-16,0.36098935693405326,6.474350389493808e-05,5.547556810863016e-19,0.001418607339707918,1.2283938044777317e-14,2.759504109299116e-07,1.3389732128489155e-06,0.6375256303409698,4.6957737844081714e-08
5.801446570511035e-16,0.07519583357519452,7.894760915873302e-05,2.0129334029798613e-18,0.0010194079248089327,1.1195323817863053e-14,1.2687255147588234e-06,1.0569083306070136e-06,0.9237033773464061,1.0791057468014314e-07
5.548826547091557e-16,0.1931523946619415,8.577551524541549e-05,4.291044070082854e-18,0.0015383452731620013,1.796042080349837e-14,1.3667563795540555e-06,2.1909303515307912e-06,0.8052198398686138,8.699428772294741e-08
8.132127400426165e-17,0.14240882049671968,4.045668332359726e-05,2.560666515895862e-19,0.0007245803302572052,8.372159300955422e-15,1.6458497704331913e-07,9.510521138358402e-07,0.8568249891226029,3.772999740874458e-08
9.343521181246718e-17,0.1205649829010493,4.2275086156654054e-05,2.804186908462211e-19,0.000685370769639514,8.958275131180617e-15,1.800766851652528e-07,9.273455401464478e-07,0.8787062252460297,3.857489038713205e-08
3.331968171476778e-16,0.048183141594358464,6.106920356086046e-05,6.251789061480495e-19,0.0006560072462630845,8.069401918531525e-15,5.260047441992436e-07,8.183762597201077e-07,0.9510983602910847,7.728372057793931e-08
