i = 0,i = 1,i = 2,i = 3,i = 4,i = 5,i = 6,i = 7,i = 8,i = 9
1.4248770157675376e-48,2.1623715671768937e-05,8.153028682161724e-32,2.710394811323431e-28,2.9745492389821255e-11,0.1584392030571926,0.0005221893234912811,0.8410169831632825,7.106162452339408e-10,6.133638888440915e-67
1.8475913651260256e-48,3.586980224851327e-05,1.0571765300510928e-31,3.5144801930755375e-28,3.9199817046677823e-11,0.20176461636876777,0.0014150609323057297,0.7967844517610249,1.0964532626472277e-09,7.953288685044988e-67
1.7253619948844243e-48,3.1454781572202446e-05,9.87237893217546e-32,3.2819760209763407e-28,3.576291828530231e-11,0.1292528351825923,0.0006218301624401667,0.8700938792658088,5.718236127872812e-10,7.42713041992645e-67
2.826446603211809e-48,5.5478373119620615e-05,1.6172694183133621e-31,5.376454334693156e-28,5.91885048198336e-11,0.5323695639082849,0.0009456513028665969,0.46662930374959416,2.6069461345196445e-09,1.2166946767839533e-66
6.743024112252314e-48,5.316715960120151e-05,3.858302743559049e-31,1.2826550898241295e-27,1.2683828250193307e-10,0.3866175921623501,0.04499670107578551,0.5683324885902817,5.0885143203914385e-08,2.9026557704930483e-66
9.410645826660711e-114,5.139498104717458e-37,2.9054424331898577e-146,4.294643603345125e-25,4.460318091968622e-08,0.9999998806402972,2.762764087906084e-91,5.313643846109445e-105,7.475652176418924e-08,4.3559781075740436e-75
9.928651786513183e-48,5.745459557102722e-05,5.681092606229859e-31,1.8886237891277748e-27,1.6756777019936166e-10,0.2024848056528833,0.30038346170191027,0.4970742654176498,1.2464417728158718e-08,4.273966386828224e-66
4.50817446232473e-48,8.61198405777498e-05,2.579540219176291e-31,8.575429329394055e-28,1.0958498329544779e-11,0.8244442435123226,0.0010715281916466378,0.17439810424042368,4.204070726443292e-09,1.9406246217745444e-66
5.052376710635215e-48,3.0823256623241835e-05,2.890928254092572e-31,9.610608824355507e-28,1.0111785004717903e-10,0.42402485990756456,0.004179941779245156,0.57176436257211,1.2383339085392205e-08,2.1748862483203354e-66
6.454568424853706e-48,7.102889505658252e-05,3.6932507799952546e-31,1.2277851522574786e-27,3.678060257684275e-11,0.7640857656873413,0.0012368319160225446,0.23460636598891538,7.47588360091653e-09,2.7784848418977124e-66
5.7723091911888576e-49,2.0725246034052868e-05,3.3028676775109437e-32,1.0980061150932958e-28,6.5895879617089795e-12,0.9207092530089989,0.0002752436098749791,0.07899477662169886,1.5068035331178648e-09,2.4847941077994847e-67
1.52673112306991e-48,2.8375559070037096e-05,8.735829477628901e-32,2.904141205595379e-28,1.1120388016888731e-11,0.8993720550114261,0.0004883886884088782,0.10011117692534446,3.804630082777682e-09,6.572088176754221e-67
1.8453899211899603e-48,3.472556871068974e-05,1.0559168820004687e-31,3.5102926067471083e-28,3.011530680115665e-11,0.7378359960890124,0.0022810539124954628,0.2598482133934639,1.1006202255868782e-08,7.943812174449656e-67
4.2020241948189794e-48,5.850112117327701e-05,2.4043635629172015e-31,7.9930719975559245e-28,8.240052514825038e-11,0.3209819874180654,0.010779995969764561,0.668179509088463,6.320133231732753e-09,1.8088367435436396e-66
1.3504153779035588e-48,1.3568047223979097e-05,7.726965335986727e-32,2.5687542102920044e-28,2.7641991355708236e-11,0.113287709266775,0.0005212149539377143,0.886177507077158,6.272631675920949e-10,5.813105401939636e-67
1.0941805076944444e-48,2.8633348448691137e-05,6.26081055696563e-32,2.0813453637672436e-28,2.3426900430811102e-11,0.7881961348859727,0.0003994447973864002,0.21137578483370248,2.1110628197527186e-09,4.7100964074106366e-67
1.598642947652692e-48,7.019519056099683e-05,9.147303002657435e-32,3.0409313141325665e-28,1.331670207815025e-12,0.9725207135664353,0.0001930986671345502,0.027215991485560077,1.088977334551956e-09,6.881645534279634e-67
1.7355769754438472e-48,4.8366975327287145e-05,9.930828207844237e-32,3.3014068966100595e-28,2.383918479826641e-11,0.5550004537175958,0.0006049448638672755,0.44434623296227943,1.4570910080549877e-09,7.471102637395474e-67
1.616517318816677e-48,2.7008565277197385e-05,9.249578679198596e-32,3.0749321554429703e-28,3.4698159221888864e-11,0.7906710272257341,0.0006721200422390632,0.20862983920450565,4.9275457356946255e-09,6.958588973513081e-67
8.117599405279282e-49,1.4801556507043728e-05,4.6448233811877546e-32,1.5441261952114848e-28,1.3345171934681928e-11,0.12429440680791426,0.0005068471374008944,0.8751839440329249,4.519077619232053e-10,3.494366379837019e-67
6.915768520556633e-49,2.038260732440986e-05,3.9571456682467993e-32,1.3155144554236285e-28,1.4912126722633044e-11,0.8577772038085657,0.0002977203358870474,0.14190469142845435,1.8048565077839627e-09,2.977016701914581e-67
3.6542115312071885e-49,1.4860473747342677e-05,2.0909096781640347e-32,6.951025150986205e-29,7.903831166959561e-12,0.8510939526075222,0.0002630070391364727,0.14862817878318563,1.0885046684890029e-09,1.573020948922256e-67
2.6820669911606267e-48,2.0162460551674977e-05,1.5346565959331386e-31,5.101816069752287e-28,5.2510900738359403e-11,0.08775294316114678,0.00103518502808208,0.9111917087029586,5.947499685031187e-10,1.1545438810748854e-66
1.989552932847855e-48,5.687974746736393e-05,1.1384057674233622e-31,3.784518864696128e-28,4.2340789634051364e-11,0.5746660905874537,0.0008095697503352489,0.4244674576758435,2.196559531043667e-09,8.56438773626634e-67
3.0052011621750296e-48,6.246519326203994e-05,1.7195513016034274e-31,5.716480472916305e-28,6.282916969227549e-11,0.4556740500819376,0.0011662764520015824,0.5430972054091078,2.8008617444286953e-09,1.2936427854424617e-66
3.7329693565511983e-48,4.888653302162435e-05,2.135974255799074e-31,7.100837941003041e-28,7.172284767300093e-11,0.2383407964903214,0.12405624342173764,0.6375540654950185,7.988178163353145e-09,1.6069236685923346e-66
4.0341260032245443e-48,7.454521324022023e-05,2.308293603432654e-31,7.673696737102706e-28,4.440498844527783e-11,0.43971471533486756,0.0013809527631551321,0.5588297839768125,2.6675196449175614e-09,1.7365619530974064e-66
2.0039111788324128e-48,3.101557885257966e-05,1.1466214372701086e-31,3.811831057247204e-28,4.2406860659426596e-11,0.524990006408513,0.0009407229482716561,0.47403825235124347,2.6707123188291616e-09,8.626195383499138e-67
2.30765726312327e-48,2.056618552527512e-05,1.3204224397365342e-31,4.389615526862126e-28,4.815270895892889e-11,0.13788096823531806,0.0011427009197371866,0.8609557637548549,8.564118649186832e-10,9.933724927594197e-67
5.232714320286783e-47,9.930559906014002e-05,2.9941159459208183e-30,9.953645879105108e-27,1.448739478008237e-10,0.28506556668944955,0.0036127509228099566,0.7112223739247364,2.7190700802411783e-09,2.252515809564363e-65
6.081960321464902e-48,0.00017708899225532944,3.480047498552863e-31,1.1569077912630162e-27,2.215612929488734e-11,0.5864120446803046,0.0011775889028364673,0.4122332748842026,2.5182449030502443e-09,2.6180889952524723e-66
5.71760313575101e-47,0.00010432124796609975,3.271565324105204e-30,1.0875999613197754e-26,7.290481580218122e-10,0.31613997894704043,0.06297816623012295,0.620777500513873,3.2331949261745014e-08,2.4612449042293757e-65
1.1751943610620246e-47,0.00017690856098569473,6.724365139465882e-31,2.235449147940966e-27,3.683988706868975e-12,0.928288776037426,0.0007403344743367311,0.0707939778868017,3.036765788623024e-09,5.058835081709606e-66
3.926997296262732e-48,4.667287322212455e-05,2.2469954414946512e-31,7.469917037112169e-28,8.006357317966928e-11,0.43463895732202645,0.010633343177782655,0.5546810180739178,8.472987318402089e-09,1.6904464781604052e-66
1.284498048700901e-47,3.085885575926608e-05,7.34979181876828e-31,2.4433665557294002e-27,2.3814749886905833e-10,0.16045400331298112,0.0018517280096343955,0.837663408082204,1.501273982091359e-09,5.529352425826262e-66
6.773025879619844e-48,1.9920030213401092e-05,3.8754695072275104e-31,1.2883620128570823e-27,1.2893864548151314e-10,0.13235038994526566,0.002043370484602167,0.8655863179535686,1.4574118108042913e-09,2.91557056980633e-66
2.1097249589782914e-48,2.5769764075881426e-05,1.2071672089367665e-31,4.0131095551859464e-28,3.272601835350759e-11,0.08686158736808926,0.0009987434740758997,0.9121138988623666,4.986662418906427e-10,9.081689794352617e-67
2.232021399891453e-48,4.569641806838282e-05,1.2771442230550133e-31,4.245741299430683e-28,3.078936641447827e-11,0.7629035616682907,0.0008606916457613123,0.23619004628210344,3.954986800191896e-09,9.608136777216482e-67
1.5880403065833766e-48,2.240223615432912e-05,9.086635565546568e-32,3.0207633076440553e-28,3.0980695865030064e-11,0.11537052818243962,0.005065365526262741,0.8795417025142876,1.5098752227653082e-09,6.836004562558362e-67
4.377120392273304e-49,1.2423531960477551e-05,2.50455216194612e-32,8.326139216558926e-29,9.192613221397423e-12,0.1009384932229781,0.0012192223464125406,0.8978298603368918,5.5256447930932e-10,1.8842100448208347e-67
1.5186011721258202e-47,5.150163756590567e-05,8.689310569331387e-31,2.8886764905687006e-27,2.7393355783747333e-10,0.17085648463050446,0.0018350970776994083,0.827256915109512,1.2707847022643967e-09,6.537091343539868e-66
1.8696493365089717e-47,5.252300388178787e-05,1.0697979192212024e-30,3.556438769516047e-27,3.3609637997390365e-10,0.1737268537538917,0.00334362696337641,0.8228769944041878,1.5385660223604863e-09,8.048241182402575e-66
9.672146993418074e-48,4.9047728396377956e-05,5.534322680680186e-31,1.8398315598624386e-27,1.7800866667927142e-10,0.1714641971138313,0.001916542291052472,0.8265702112500464,1.4386646967059694e-09,4.1635492942237673e-66
2.3034443027162156e-48,4.526108419139217e-05,1.318011818563238e-31,4.3816016520496025e-28,4.738532389100091e-11,0.40755343215632306,0.0009403676971112857,0.5914609367616355,2.253353509820244e-09,9.915589483270079e-67
1.819368615788664e-48,2.206843385772654e-05,1.0410277058163908e-31,3.46079498669575e-28,2.530568030175066e-11,0.8695450489994183,0.0005447415678962947,0.12988813492262205,6.050899826184416e-09,7.831798794367576e-67
7.634666080496761e-48,7.170589507693047e-05,4.368492918631823e-31,1.4522627375764079e-27,1.0447805599770335e-11,0.8436407966419311,0.0018489232334820739,0.15443856373702675,1.0482035295761929e-08,3.2864790612381913e-66
3.8130626560445584e-47,5.9408620148344384e-05,2.1818029807200516e-30,7.253190702223211e-27,7.272030353739419e-11,0.3573792353636705,0.00534803590266092,0.6372133147252774,5.315522470149177e-09,1.6414012670825724e-65
7.833110396813322e-49,1.575551358381968e-05,4.4820411185702845e-32,1.4900108248718022e-28,1.68052308403869e-11,0.7447209993756874,0.0007755845807120667,0.25448765582178884,4.691422815506487e-09,3.371902979392535e-67
4.560926129549076e-48,3.845486212346798e-05,2.609724287776785e-31,8.675773684018747e-28,8.977252492455957e-11,0.1491474398086069,0.0016795876723500367,0.8491345164985944,1.0685526380563805e-09,1.9633325238556965e-66
1.5395130283144247e-47,8.84030625527167e-05,8.808966484484943e-31,2.92845493171245e-27,2.92709513628226e-10,0.595760369438095,0.0016373267030000637,0.40251389112040475,9.383237919140493e-09,6.62711018230878e-66
3.1670345982845343e-49,1.7459619980455683e-05,1.812151058054888e-32,6.02431926142179e-29,2.9060782269614272e-12,0.9409462621358717,0.00016015343948557034,0.058876124143170845,6.585853956420292e-10,1.3633068930241662e-67
1.7434414055602918e-47,0.0036534551584064784,9.975827827880702e-31,3.3163647012819484e-27,9.119442703534978e-13,0.9758487935878095,0.00029822457421281123,0.020199524959396947,1.7192623307345928e-09,7.504956488544635e-66
5.468683014125842e-48,0.00015007680621587072,3.1291352849706345e-31,1.0402504063195034e-27,6.283374571939663e-12,0.8640785317376736,0.002427513719124782,0.13334387104326537,6.687437173819271e-09,2.3540927696086108e-66
1.0003675436911084e-48,2.0515471380214463e-05,5.724020519780704e-32,1.902894755008887e-28,2.1336722982785918e-11,0.4140112880601862,0.0010821232275074531,0.584886071308009,1.9115803714250737e-09,4.306261663862043e-67
1.5667885011119216e-48,1.2951860945890275e-05,8.965034488654214e-32,2.98033821646527e-28,3.272382124394085e-11,0.1407499258323737,0.0008531446938184745,0.85838397666858,9.115580132294558e-10,6.744522351078462e-67
1.8288411113651545e-48,1.3647368057428232e-05,1.046447789604126e-31,3.4788135425912403e-28,3.809174598167915e-11,0.17469611772102922,0.0009137477839594208,0.8243764858384106,1.2504515372265157e-09,7.872574851947007e-67
2.987419623429501e-48,3.3832760597979134e-05,1.709376851892961e-31,5.682656507886331e-28,6.105224161697169e-11,0.17471322371417733,0.0007730171114706192,0.8244799254632692,8.894324816892562e-10,1.28598840290004e-66
1.2100016731476435e-48,4.160927619948978e-05,6.923529706402305e-32,2.301659876817817e-28,2.5370325969246113e-11,0.38497406294837155,0.0019817632067908827,0.6130025620169106,2.52635727253445e-09,5.208669404705858e-67
6.6345027560505376e-49,1.5476888267259483e-05,3.7962077192201537e-32,1.262012205034001e-28,1.4457208442467926e-11,0.8322091778646119,0.00039287623879055006,0.16738246722737976,1.7664932587049239e-09,2.8559408046918058e-67
1.3961522488835448e-47,6.627539844196512e-05,7.988667936846838e-31,2.6557546857141703e-27,2.3147046403374107e-10,0.23991764010148087,0.20526975535570732,0.5547463135625867,1.5350312568721494e-08,6.00998797311883e-66
9.174234920032736e-48,8.531682442715403e-05,5.249421501800649e-31,1.7451189435969233e-27,1.7407253385373674e-10,0.49345540632657237,0.01615348100372832,0.4903057546618476,4.100935216194269e-08,3.949214104411229e-66
4.204689103010027e-48,3.383951330902583e-05,2.4058884013893294e-31,7.998141152981269e-28,6.82494232425816e-11,0.7532300231042187,0.0009463255747117307,0.2457898017666261,9.97288495951432e-09,1.8099839011111945e-66
9.999643272077369e-49,0.00014620907890381388,5.721713348342278e-32,1.9021275107471363e-28,5.318135768102775e-13,0.9857497157796765,0.00017978514674223624,0.01392428924685787,7.472876211815458e-10,4.304525946129565e-67
4.124495959190962e-48,5.655465301091668e-05,2.3600025463692485e-31,7.8455980698021275e-28,4.5909273441141986e-11,0.6834365772051108,0.001358711319977765,0.31514815076793834,6.00805303229249e-09,1.775463322838691e-66
2.5691482349466456e-48,9.207961253843231e-05,1.4700454156011507e-31,4.887022470761853e-28,2.831625286129119e-11,0.531071951213353,0.000672009145959832,0.46816395828894153,1.7108906875748097e-09,1.1059359755023916e-66
1.2471678246473636e-48,6.109687055579423e-05,7.136191357779678e-32,2.3723571329103606e-28,8.995984313744911e-12,0.47465373866917737,0.0006350937075644471,0.5246500698297732,9.139330865980496e-10,5.3686577753860975e-67
5.0086397480857014e-48,6.0536828812094454e-05,2.8659023251042555e-31,9.52741256598001e-28,1.044039841219428e-10,0.7068915554872219,0.0011199191294152578,0.29192798255707725,5.89306942030159e-09,2.1560588876858825e-66
1.4385225243687535e-48,3.44135119217113e-05,8.231107156147403e-32,2.7363512379492745e-28,3.083532466204213e-11,0.5567611478521528,0.000628375679548435,0.4425760611868747,1.738666933607578e-09,6.192378429666435e-67
4.633158311953215e-48,5.977568521781272e-05,2.6510549463809487e-31,8.813173424650688e-28,9.612907124028608e-11,0.6650421261369011,0.001260027615321074,0.33363806328619156,7.180239296189378e-09,1.9944261633830576e-66
2.615985724224133e-47,6.24655748053746e-05,1.4968454403930512e-30,4.976116573551187e-27,4.679119517318088e-10,0.1896231619568243,0.0031921344908628847,0.8071222357694308,1.7401648021882432e-09,1.126098013523236e-65
1.4340547945859107e-48,4.7848948020405085e-05,8.205543175073538e-32,2.7278527419473074e-28,3.0522287676110934e-11,0.6429704882955251,0.0009672240413581798,0.35601443561335194,3.0712221417527644e-09,6.173146284831584e-67
2.077520153724886e-48,8.0601615471503e-05,1.1887398851727567e-31,3.951849669348093e-28,1.489893530800412e-11,0.37669112363125695,0.0013728745140618127,0.6218553987855279,1.4387828631768639e-09,8.943058429181397e-67
1.0880455431306184e-47,5.11533951841415e-05,6.22570679608001e-31,2.0696754610754854e-27,1.8588861228284732e-10,0.2356830996646587,0.042991974472159376,0.7212737614632933,1.081881596838578e-08,4.6836873511822866e-66
1.3759025177241753e-47,5.0551265084814496e-05,7.872800646462151e-31,2.617235735897681e-27,2.317921252785657e-10,0.2638980587329789,0.19971909998609558,0.5363322571279371,3.265611143057804e-08,5.92281937039372e-66
2.0538258446539393e-48,1.4982048607608891e-05,1.175182197083068e-31,3.90677851569768e-28,4.359452983576157e-11,0.5703873644138876,0.0011958272755484408,0.4284018142660141,1.1952347631433834e-08,8.841062022513266e-67
1.199055992560909e-47,3.819938008225986e-05,6.860899425485495e-31,2.2808390451422893e-27,1.7175416426136015e-10,0.3907328717734117,0.018579613089693085,0.5906491455651731,1.7001988571617458e-07,5.161551757804184e-66
1.1466986318242455e-48,1.585922306568863e-05,6.561314928659034e-32,2.1812451091955345e-28,2.3301435288652734e-11,0.11406044835612482,0.0037493801272139088,0.8821743111965261,1.0737679942578678e-09,4.936170100049294e-67
4.4369539061148006e-48,4.886766125353832e-05,2.5387884047310087e-31,8.439954201929092e-28,4.621403163359587e-11,0.2507788801457495,0.1995841012136119,0.54958814249208,8.441091144098997e-09,1.9099664549017837e-66
1.0612513821629625e-47,2.0244550138069954e-05,6.072392818476066e-31,2.018707725575039e-27,1.9777595112898412e-10,0.24381127360556296,0.004443525963940354,0.7517249449610367,1.0721546014434954e-08,4.568347075582548e-66
3.565941634635506e-48,3.301625375022945e-05,2.0404023718802905e-31,6.783118540789745e-28,7.008831472095873e-11,0.26291728241331497,0.05688410002118017,0.6801655915625052,9.679161053626535e-09,1.535023587444775e-66
4.6677505149835336e-48,5.66211228379407e-05,2.6708483194485485e-31,8.878974561568192e-28,9.07514231687317e-11,0.3775417827264824,0.050101063643337815,0.5723005094657929,2.295079746489478e-08,2.0093169981284907e-66
2.4210903910437452e-48,2.0403280285339366e-05,1.385327939313618e-31,4.605387525389335e-28,4.744493442701337e-11,0.16454057744128578,0.012183546591877032,0.8232554685941734,4.044933458484405e-09,1.0422018188662583e-66
1.4020528625169904e-47,6.638874396894289e-05,8.022430761050947e-31,2.6669788070937015e-27,2.469742277219103e-10,0.31703807745363705,0.03322447144038302,0.6496710446085815,1.750645528951136e-08,6.035388223699943e-66
3.916266283942821e-48,2.2857870158051718e-05,2.2408552448134848e-31,7.449504552532638e-28,7.910611365627355e-11,0.36394201209512905,0.0044861314863891355,0.6315489862738816,1.2195336239584661e-08,1.6858271212791178e-66
1.1443318408545553e-113,6.249614995155712e-37,3.533009688506005e-146,0.005028924477310357,7.580970418963838e-07,0.9949702476447625,3.3595132287347644e-91,6.461375718590336e-105,6.978088518390634e-08,5.296862441585279e-75
3.5922089329273037e-47,7.245848836082386e-05,2.055432303166014e-30,6.8330840804184e-27,5.778311049798307e-10,0.42720416520953763,0.0022402078453040764,0.570483159905714,7.973252362343895e-09,1.5463308175084208e-65
7.020575801313558e-48,8.153817292772755e-05,4.01711552927023e-31,1.3354508504113099e-27,1.3670393257639938e-10,0.5185467687577718,0.0013800399803831319,0.47999164752892703,5.423286375939688e-09,3.02213287727068e-66
4.79549041633227e-48,2.9844065524187856e-05,2.743940036700493e-31,9.121960841775915e-28,9.297363292152075e-11,0.11256106538364347,0.0013561364194074775,0.8860529533148748,7.235763149452434e-10,2.0643049316727878e-66
1.5516099076258955e-48,4.450852698771506e-05,8.878183829490634e-32,2.9514654152430263e-28,3.1153283770209756e-12,0.907702114657546,0.000766298456450393,0.0914870764316972,1.9242032828893346e-09,6.679183370768236e-67
2.4042176601175118e-48,7.91780727099135e-05,1.375673501936517e-31,4.573292155599163e-28,8.846438977272597e-12,0.791910479855337,0.003363388207312649,0.20464694799060845,5.865185524242913e-09,1.0349386489633036e-66
8.68454397708435e-48,6.828545383292326e-05,4.969224385904133e-31,1.6519700881487723e-27,2.5452817957236163e-11,0.7291872833443496,0.005391591680970265,0.26535281528955457,2.4205839967586607e-08,3.738417847769559e-66
6.073893921853598e-49,3.094038391559317e-05,3.475431971271211e-32,1.15537342989239e-28,6.889100328884305e-12,0.8845739087708026,0.0002978935280967443,0.1150972560696151,1.2406810484198991e-09,2.6146166687430178e-67
1.7168520264627297e-48,1.5208117310216917e-05,9.823685595235786e-32,3.2657883963607375e-28,3.6809953001461284e-11,0.7485216936289179,0.0007920432091906716,0.2506710439674387,1.1040332527311322e-08,7.390497733264303e-67
1.1671277049119282e-47,0.00013168124636652175,6.678208398755563e-31,2.2201046125801505e-27,2.0761817528836045e-12,0.9618554527842745,0.0004733564957763674,0.03753950617822768,3.293278677279023e-09,5.024110712297792e-66
7.441288260321404e-49,2.666422923118699e-05,4.2578437259690934e-32,1.415478574838687e-28,6.81466162516206e-12,0.2898841824372424,0.0006687233913143786,0.7094204293050534,6.303438265909039e-10,3.203236107294508e-67
5.68565372508154e-48,2.8446692198703445e-05,3.2532841350142257e-31,1.0815225584322813e-27,1.1186814048481356e-10,0.4150335850489624,0.0017382910268558208,0.5831996676049629,9.515151997086235e-09,2.447491706895396e-66
4.021387915513672e-48,2.006797995305883e-05,2.301004974778152e-31,7.649466459149526e-28,7.969550900662775e-11,0.11248229973210157,0.002178504349627663,0.8853191268344277,1.0241945005126278e-09,1.7310786145858583e-66
7.849495955327096e-48,4.919286216504151e-05,4.491416799913845e-31,1.4931276786272048e-27,1.476753660225932e-10,0.15933427757703417,0.002312587095004308,0.8383039407358736,1.5822475423093694e-09,3.3789564371855057e-66
1.1597307858503273e-47,4.741495823731616e-05,6.635883838388947e-31,2.206034815438077e-27,2.1556560691414149e-10,0.15173885903236473,0.0018762366698128286,0.8463374879586095,1.1654100303745494e-09,4.992269346405281e-66
9.372676100479005e-48,1.7797398390232708e-05,5.362967907420012e-31,1.782866337925242e-27,1.7983008046268555e-10,0.2433793859079251,0.0023677188194646138,0.7542350903625834,7.33180663029308e-09,4.034636672673916e-66
7.453082057081351e-48,3.425673312752539e-05,4.2645920391351685e-31,1.4177220007299557e-27,1.4450709798765688e-10,0.36534952707681123,0.0018065880124190142,0.6328096221214896,5.911645546826759e-09,3.2083129588156345e-66
4.763854768729456e-48,5.594611210880188e-05,2.725838380246616e-31,9.061783651627886e-28,9.639036416409506e-11,0.6326271786857213,0.0009948011752802255,0.3663220686510406,5.279458665901407e-09,2.0506867992830878e-66
3.748363608400881e-48,1.6537146310351517e-05,2.1447827196511824e-31,7.130120819368077e-28,7.46096885995562e-11,0.2826286837609616,0.004952432720311118,0.7124023216111351,2.4686672065006102e-08,1.6135504006371916e-66
1.1372086460579578e-47,0.00012623939706173998,6.5070140133592175e-31,2.1631929007589914e-27,3.5646433428167563e-12,0.9409552913620866,0.0006830267827837821,0.05823543785700916,4.597494118899854e-09,4.895318752808282e-66
9.652925214281857e-49,1.3879064509335574e-05,5.523324137305175e-32,1.8361752014639358e-28,2.0794662428413347e-11,0.804088291774776,0.0005980696003089837,0.19529975304595382,6.49365713828457e-09,4.1552749343519835e-67
4.3275735133446514e-48,5.756718155797999e-05,2.4762018467577387e-31,8.231891360723274e-28,8.590524394532314e-11,0.32568639480260597,0.0011276835810230508,0.6731283519950024,2.353905344513272e-09,1.8628817013894576e-66
3.2751193550544667e-48,5.9890250390691414e-05,1.8739962638023494e-31,6.229917675823364e-28,6.924347970518501e-11,0.749755946647285,0.0009982571162801953,0.24918589972068872,6.196111955301803e-09,1.4098339167627461e-66
3.2022021704192286e-48,3.68103363507083e-05,1.8322736525752087e-31,6.091214926951246e-28,6.897170281080257e-11,0.654300842206339,0.0012225127997348311,0.3444398309385624,3.6500413425157848e-09,1.3784454057288022e-66
7.018654652921352e-48,5.243357757716006e-05,4.0160162640163845e-31,1.3350854104065747e-27,1.3858623504767658e-10,0.20732166704022748,0.0016007685225451532,0.7910251290717245,1.6493395070200495e-09,3.0213058844594755e-66
5.693965160926821e-48,6.537269728256297e-05,3.258039870006555e-31,1.0831035561142297e-27,1.1953960961704397e-10,0.4957176896947278,0.0020356846482971623,0.5021812494669937,3.373159304378869e-09,2.4510695136503133e-66
1.102800355609457e-113,6.022796354187872e-37,3.4047853968185492e-146,5.032740960718232e-25,5.0732153475804125e-09,0.9999998743873921,3.2375856819265623e-91,6.226871599471117e-105,1.2053939240651095e-07,5.104616935482146e-75
1.16923643970321e-48,3.319570107513706e-05,6.690274405187094e-32,2.2241164285149056e-28,2.4439864709891876e-11,0.37802750306690075,0.0007217043399054123,0.621217595313395,1.5542839723597069e-09,5.033188139737552e-67
1.3027470402684468e-47,0.00014520386316600875,7.454211042339363e-31,2.4780789108000337e-27,1.716630942602286e-12,0.9684475852839155,0.0004110110466727898,0.0309961967779336,3.0265954193507936e-09,5.60790848583347e-66
3.794444876264417e-48,5.238279777915969e-05,2.1711500407914845e-31,7.217776351762793e-28,4.094085583917648e-11,0.5367860815384188,0.013199751085691352,0.4499617616358752,2.290129456114074e-08,1.6333869095757677e-66
1.1214321179260887e-46,0.012154620710405108,6.416742021502591e-30,2.1331794259104108e-26,8.978120126699786e-13,0.9683395250925398,0.0003347700007452209,0.019171081779418658,2.415993260474107e-09,4.8274058554821305e-65
8.769200597494717e-48,5.725392365160959e-05,5.017664205390504e-31,1.668073492370782e-27,1.572590561506668e-10,0.3138704032273333,0.1573326546891993,0.5287396417445912,4.6257965468259786e-08,3.774859809662901e-66
3.1749008501995006e-48,2.0596464938591042e-05,1.8166520624766116e-31,6.039282475345109e-28,6.353747217947432e-11,0.141044228259702,0.00474593396534634,0.8541892394722134,1.7742621112312725e-09,1.3666930623649577e-66
4.0914922935830623e-48,3.530856460479942e-05,2.3411181213037816e-31,7.78281869970608e-28,8.073665666567398e-11,0.3948329620892958,0.03219295379851715,0.5729387315969127,4.386993285691621e-08,1.7612563025419487e-66
5.087470046477161e-47,2.5150808973181552e-05,2.9110083712188903e-30,9.677363213910019e-27,8.208323764761885e-10,0.3617221328887154,0.0033016363107546084,0.6349509785040764,1.0066664800520529e-07,2.1899928046801706e-65
4.900512765474733e-48,3.861980984588177e-05,2.8040329580790633e-31,9.321733893793032e-28,1.0056859809098353e-10,0.6591040480535252,0.0019214741977109711,0.3389358405516339,1.7286715537603e-08,2.1095136870760485e-66
9.262442940718051e-48,4.473083848192783e-05,5.299893403212907e-31,1.7618978346125877e-27,1.6516516155255983e-10,0.19877628492955055,0.0017190282340362858,0.7994599536372845,2.1954814092912086e-09,3.987184830302715e-66
2.2753500434257784e-48,3.215295218462917e-05,1.3019365152728949e-31,4.32816087522023e-28,4.527769667461362e-11,0.20776097561296336,0.03501270805446698,0.7571941592558721,4.079235270301535e-09,9.794652701064392e-67
3.092431985958925e-48,2.8623576088365983e-05,1.769464059013975e-31,5.882410563411681e-28,6.055808632138966e-11,0.1202202738546465,0.0051051034190792545,0.8746459978805391,1.2090886957047607e-09,1.3311928593864524e-66
4.0377458000666307e-48,8.64837091093575e-05,2.3103648213097435e-31,7.680582171757532e-28,1.8202701870855023e-11,0.30539216620599907,0.006638356619282994,0.6878829912337867,2.2136191232059803e-09,1.738120159625632e-66
3.7569222054948037e-48,4.460840236813176e-05,2.149679878270042e-31,7.14640094523076e-28,7.178704064475164e-11,0.20530420177386619,0.001608419927068888,0.7930427676959302,2.1289794271072588e-09,1.6172346023882804e-66
1.2691333472380678e-48,1.6856395293463106e-05,7.261876265121811e-32,2.414139887980909e-28,2.6949536069469987e-11,0.16174343691476187,0.000615316423586862,0.8376243894947578,7.446504169383941e-10,5.4632123103223594e-67
9.13495479511167e-49,2.645155918160506e-05,5.226945738518875e-32,1.7376470826344625e-28,1.0406510822145302e-11,0.9111642408395216,0.00030342703353016654,0.08850587862308368,1.9342763591618534e-09,3.932305269536882e-67
9.07976993375929e-48,6.016401942417795e-05,5.19536941632066e-31,1.7271498553307685e-27,1.6874510262112748e-10,0.21767689206233515,0.019098042604040653,0.7631648969766607,4.168794240092733e-09,3.9085499553660053e-66
4.046030290602379e-48,3.430828138511436e-05,2.3151051384183513e-31,7.696341056538278e-28,6.457598482512487e-11,0.5109937899359807,0.0009402704552481344,0.4880316272639447,3.9988654170257444e-09,1.7416863672883764e-66
1.0513295866040118e-47,0.0001018235101864521,6.015621123182006e-31,1.99983426921428e-27,5.541054437600766e-12,0.9003817259324896,0.0018746658903576216,0.09764177225684934,1.2404576038508124e-08,4.5256369255765445e-66
2.814763475088968e-48,2.633351515307562e-05,1.6105844288280362e-31,5.354230739608294e-28,5.969772686245414e-11,0.31643952659079033,0.001090391017566624,0.6824437467860184,2.0307738554935873e-09,1.2116654645642378e-66
2.4023302811235247e-48,4.920602707280435e-05,1.3745935592536186e-31,4.5697020172905915e-28,1.11548145590189e-11,0.6460102456826662,0.0019090200825177706,0.3520315258839685,2.312619917685707e-09,1.0341261927957438e-66
3.912387441186282e-48,1.6846305684318245e-05,2.238635803002177e-31,7.442126199697828e-28,5.226199448383332e-11,0.32495669967544866,0.0016229036018878676,0.6734035446797945,5.684922618266906e-09,1.6841574037869846e-66
2.1665011607497558e-48,4.400260636278887e-05,1.2396540829886716e-31,4.1211089774800235e-28,2.345520051701646e-11,0.20404200282529766,0.005945627556783995,0.7899683652318311,1.7562693240514753e-09,9.326093146550585e-67
2.4284038114577768e-48,3.9239907355944165e-05,1.3895126181132952e-31,4.619299081631805e-28,5.2414803858624207e-11,0.6032570338462407,0.001021950453008214,0.39568177315367264,2.5873075056178342e-09,1.0453500119638118e-66
1.924626166817408e-48,6.518710097529079e-05,1.1012552077730549e-31,3.66101536751331e-28,8.946103198655172e-12,0.8324123525342175,0.000738738118144741,0.1667837204770082,1.7607081384663031e-09,8.284898817139847e-67
1.1169604652758569e-47,0.0015045768895744949,6.391155594105298e-31,2.124676440510639e-27,1.022186934285446e-12,0.9746964188960906,0.00035752733826987176,0.023441475180361052,1.6946818925738959e-09,4.808156823960425e-66
7.488841165028452e-49,3.327020372805446e-05,4.285053105565114e-32,1.4245240825633546e-28,1.6126880103878067e-11,0.41894950610498594,0.0004735140741024022,0.5805437087166729,8.843838631598443e-10,3.223706108729148e-67
6.2500044087704e-48,5.090026388161573e-05,3.5762009383591335e-31,1.1888730755543908e-27,3.5992066253738564e-11,0.8373839386092283,0.0009459782811059393,0.16161917565698827,7.1528037497568005e-09,2.6904265891264494e-66
1.961478198483166e-47,6.520607844354413e-05,1.1223416361343838e-30,3.731115228094941e-27,3.690442632966546e-10,0.5226869657606591,0.003455807857077143,0.4737919970945088,2.2840267275526752e-08,8.443535002608383e-66
1.436275363369587e-48,1.720585639233289e-05,8.218249086379345e-32,2.7320766981504443e-28,3.094161692163262e-11,0.7865835100033658,0.0005948460984811974,0.2128044330112156,4.9996035967250376e-09,6.182705121766489e-67
3.273544488744182e-48,4.9230341701035896e-05,1.8730951382977457e-31,6.226921972033475e-28,6.370272007318273e-11,0.22533303252343417,0.019089087981542307,0.755528644776636,4.31298376474294e-09,1.4091559872896785e-66
3.8035721654354073e-48,1.7854621258520257e-05,2.17637260032315e-31,7.235138294470348e-28,7.772914006897426e-11,0.2101143662391277,0.0012485567659606897,0.788619220246079,2.0498448512010806e-09,1.637315915039799e-66
3.4757781151541126e-48,2.8220251220953726e-05,1.9888115501966052e-31,6.611609889398464e-28,7.083669046946633e-11,0.5204922162028708,0.0014885624295371167,0.47799099228447295,8.761061431530574e-09,1.496211081994129e-66
1.648750516302916e-48,4.553248424131451e-05,9.434014374851619e-32,3.1362460023590906e-28,3.5431526373772826e-11,0.49580673731615854,0.0008420188807359674,0.5033057095615487,1.7218837749671862e-09,7.097342558147116e-67
1.9455916724820608e-47,0.00018514788610916232,1.11325149707581e-30,3.700894758212156e-27,2.559736944464193e-12,0.9558378755897289,0.0005395453915481484,0.04343742746150415,3.6685495644429035e-09,8.375148599708814e-66
1.767214762825655e-48,2.0615032953164223e-05,1.0111857016021807e-31,3.3615881636988086e-28,2.867519749194221e-11,0.3629436563406778,0.0006411811575296047,0.6363945456931972,1.7469670499358996e-09,7.60729317235526e-67
1.6066469678190045e-48,6.545353823844505e-05,9.193101345438195e-32,3.056156772848062e-28,1.165261047186204e-11,0.64385479014555,0.0015945250715580148,0.35448522920224274,2.0307582377308816e-09,6.916100275855709e-67
3.956954503153102e-47,0.0008013480970267029,2.26413670802586e-30,7.526895949619905e-27,1.3647693167602488e-12,0.9712914414451083,0.00046091799074612775,0.027446289456258387,3.009495505819754e-09,1.7033420956164048e-65
1.505622259858257e-48,3.679397108837868e-05,8.615046304549413e-32,2.8639880605658383e-28,3.221838216298905e-11,0.767038578632578,0.0005844133143310719,0.23234021101839636,3.031387876801488e-09,6.48122128589064e-67
1.2686192109747529e-48,2.753455227615167e-05,7.258934419857303e-32,2.413161893823753e-28,2.073813304742892e-11,0.37513477127591993,0.0004909587005990618,0.6243467343787199,1.0717469489525451e-09,5.460999118486344e-67
2.4258735262946056e-48,0.00018171618028143738,1.3880648098266088e-31,4.614485324959807e-28,1.1227217958082298e-12,0.9767671321722737,0.00021822399289626285,0.022832926444160326,1.209265310676752e-09,1.0442608052951715e-66
2.776984765371833e-48,7.450030594650992e-05,1.5889677629340364e-31,5.282367738391859e-28,2.305057345474893e-12,0.9493022690802523,0.0005594663108640511,0.0500637613238663,2.9767658368143665e-09,1.1954029408157362e-66
3.3940579013984968e-49,3.0045276322006852e-05,1.942051918362484e-32,6.456161826516456e-29,1.0240237672374129e-12,0.9731611720829693,0.00014488574630431653,0.026663896384243036,5.091373283735088e-10,1.4610331490556048e-67
5.548010625075495e-48,8.66285387203322e-05,3.174525889226504e-31,1.0553401370897184e-27,4.999818804247755e-11,0.4432089004003154,0.0014820328103804024,0.5552224360892306,2.1113550899483003e-09,2.388240763720636e-66
3.257045871310923e-48,6.397297978047254e-05,1.8636547655735832e-31,6.195538374298406e-28,6.898330027525425e-11,0.7828275026021089,0.0007932715553800177,0.21631524760820584,5.18554153572953e-09,1.4020538612553387e-66
1.916077798384504e-48,2.857858366404487e-05,1.0963639019096077e-31,3.644754786107559e-28,4.0788395267177664e-11,0.7963078167854714,0.0005670503699291609,0.20309654972689514,4.4932518796353396e-09,8.248100830736413e-67
3.934500564841078e-47,0.00014005642209491013,2.2512887498470395e-30,7.484189288652495e-27,6.131774124790052e-11,0.39157686883151527,0.013693184633091115,0.5945898833346519,6.717329091414215e-09,1.6936763948081776e-65
4.3989716907342155e-49,1.1781827123496252e-05,2.517055294576014e-32,8.367704598917461e-29,5.022656877804747e-12,0.8561044335407704,0.0002185461012993406,0.14366523764491135,8.808728567924338e-10,1.8936163284874e-67
6.90626841712955e-48,4.428045568386684e-05,3.951709787474817e-31,1.3137073499154588e-27,1.2822286940560423e-10,0.1551674241970691,0.004424605963431487,0.8403636874350113,1.8205814526477354e-09,2.9729272118617723e-66
1.1742662444443276e-47,5.555822596011158e-05,6.719054532781419e-31,2.2336840350967394e-27,4.243033898432553e-11,0.7487489285273398,0.001768324275033233,0.2494271729200486,1.6009187971864472e-08,5.054839837126164e-66
1.1742662444443276e-47,5.555822596011158e-05,6.719054532781419e-31,2.2336840350967394e-27,4.243033898432553e-11,0.7487489285273398,0.001768324275033233,0.2494271729200486,1.6009187971864472e-08,5.054839837126164e-66
4.115631166870874e-49,2.0905787517524954e-05,2.354930185369155e-32,7.828735558625789e-29,8.842396140828917e-12,0.3205822135836378,0.0003159409221151793,0.6790809391601912,5.376959219827552e-10,1.771647313856108e-67
2.491895994011734e-48,0.0002987721775952795,1.4258423209386735e-31,4.740072826861208e-28,8.868366435932348e-13,0.978935906100466,0.0002035433034392802,0.020561777497090462,9.205220491584253e-10,1.0726813616673625e-66
1.4990247724349102e-48,4.875767066811999e-05,8.577296026035886e-32,2.8514383413430394e-28,2.447648809329687e-11,0.33545860356015256,0.0007719276908546863,0.6637207098892266,1.1646215850575802e-09,6.452821216987823e-67
5.3137626271911584e-48,8.592870091180897e-05,3.040491118200236e-31,1.0107815968654026e-27,1.0821403093095684e-10,0.6173749968077575,0.001154324350323617,0.3813847454405462,4.592246927948855e-09,2.2874045081376356e-66
1.5624806939245333e-48,3.2994589313823106e-05,8.940385571472352e-32,2.972143924523109e-28,3.278808873029056e-11,0.6861469049700121,0.0006505696793997947,0.3131695273855483,3.3429379826243526e-09,6.725978621762823e-67
1.1128782553997837e-47,6.403745093190148e-05,6.367797526119132e-31,2.11691213746288e-27,2.1209577559334955e-10,0.4886306831051791,0.0022891788706432097,0.5090160935399065,6.821243580856872e-09,4.790584218767428e-66
1.1764660761322192e-47,0.00020336213473477844,6.7316417881366775e-31,2.2378681983246526e-27,3.667052947245843e-12,0.923974434329486,0.0010505089127685928,0.07477168941005975,5.209283810322793e-09,5.064309407509828e-66
3.2608932219366827e-47,0.00018016359699444214,1.8658561878475792e-30,6.2028556433141836e-27,1.0103471118179696e-11,0.8570856700000654,0.001233551941186404,0.14150060842484052,6.026809818758559e-09,1.4037100223944752e-65
1.1257651694892073e-48,2.575633724221991e-05,6.441535384918845e-32,2.141425505717404e-28,4.210055475236631e-12,0.9407618728458174,0.0003668030565627479,0.058845566042322994,1.7138447651494279e-09,4.8460582537446216e-67
1.093085882728472e-48,1.601439486928217e-05,6.254547203255082e-32,2.079263172956892e-28,2.3000349553685734e-11,0.17957273994523618,0.000581699087783711,0.8198295456379604,9.111500022136541e-10,4.7053843977527854e-67
1.1361748801476112e-48,2.081476886737493e-05,6.501098890141966e-32,2.161226874902808e-28,2.3852070322726474e-11,0.20305642652347483,0.0006483647206721998,0.7962743931663943,7.96739354051787e-10,4.890868721879943e-67
8.308839191497135e-48,5.603967886459914e-05,4.754249208466242e-31,1.5805037359254057e-27,9.244619045142743e-11,0.7545029690037448,0.0012354451413889897,0.24420554015288962,5.930665725194633e-09,3.576688978684688e-66
6.623251176932587e-48,5.779680378625264e-05,3.789769658513641e-31,1.2598719345879408e-27,1.2883478023329042e-10,0.2508856521214271,0.007950788132217931,0.7411057591730802,3.640653725930077e-09,2.8510973604878127e-66
8.526860770764701e-114,4.656830740179429e-37,2.632582668778716e-146,0.06124344320483228,7.537499270045978e-06,0.9387489022387471,2.5033037215473625e-91,4.8146218756681564e-105,1.1705715061308394e-07,3.9468978270815226e-75
5.764739366174317e-48,6.498777812323363e-05,3.2985362861150865e-31,1.0965661552319253e-27,1.7221994170656386e-11,0.8577812604543865,0.0013879540117145536,0.1407657890950569,8.643496838531523e-09,2.481535540739024e-66
2.8130885164459444e-48,6.846363044247551e-05,1.60962603131675e-31,5.35104456321722e-28,2.0203105275812723e-11,0.7688374452179453,0.0015808932905796525,0.22951319172654694,6.114282496998022e-09,1.2109444485498246e-66
1.4920665836669793e-48,2.0348587533587993e-05,8.537481844199094e-32,2.83820251275628e-28,3.21986113290543e-11,0.8586683239073168,0.0005981367958400063,0.1407131834100266,7.267084335714099e-09,6.422868444399162e-67
2.1865810337388759e-47,7.258251390073783e-05,1.2511436205840465e-30,4.159304854244536e-27,3.634685375190963e-10,0.4081185078665166,0.049939450531343375,0.5418693290724567,1.2965231399794364e-07,9.412530564291287e-66
1.9107155665237233e-47,5.5441324096291464e-05,1.0932956770959873e-30,3.634554772175249e-27,3.739831597775725e-10,0.6800648927632521,0.0021378130300262143,0.31774183395139466,1.8557247511539305e-08,8.225018141138527e-66
1.2271851425012193e-48,2.1261000218717675e-05,7.021852099807807e-32,2.3343461968728764e-28,2.6199573838719766e-11,0.7195201229131554,0.0004678327649306066,0.2799907805183716,2.7771240351174538e-09,5.2826387330753334e-67
1.306194658788765e-48,2.493408408849506e-05,7.47393803096383e-32,2.4846377522992195e-28,2.796137826916738e-11,0.7022467197663464,0.0005658285627435935,0.2971625148636992,2.6951610058042957e-09,5.622749378622625e-67
5.4113245481906914e-48,5.594294007520905e-05,3.0963152441699793e-31,1.0293397799622357e-27,8.095070848007493e-11,0.28186194229531597,0.10798087022695256,0.6101012349539638,9.50274175252647e-09,2.3294017883275601e-66
