i = 0,i = 1,i = 2,i = 3,i = 4,i = 5,i = 6,i = 7,i = 8,i = 9
2.009358024123843e-14,5.549728083959381e-06,0.44619729781458556,2.5932551710698372e-05,0.0023273506212949657,4.64921959727735e-08,0.04037722189850567,0.15872816385727082,0.35233843703633216,1.0167959146015328e-38
1.902985430297644e-14,5.918174384308099e-06,0.5573465723119977,2.2083470430302848e-05,0.002199264367734119,4.403096437221271e-08,0.03685028581621456,0.11272652683542346,0.2908493049928322,9.629681658730756e-39
2.1497252228111174e-14,6.06657966802351e-06,0.48018481199313495,2.09709297760997e-05,0.0019800115953470215,4.9739989170809634e-08,0.039810996577059436,0.19092465958540342,0.28707243299960045,1.0878259612411876e-38
2.464895147695842e-14,6.530393530734704e-06,0.3821594473586015,4.228522791970025e-05,0.0030677926884938368,5.7032339133748993e-08,0.054633473494927996,0.06243784760244231,0.49765256620172005,1.2473114726237573e-38
4.292051069134957e-14,1.128665887328354e-05,0.46934621271753446,3.315373382068443e-05,0.006236937521317067,9.930877270378042e-08,0.03788237897390823,0.07250775951873661,0.41398217156699413,2.171907614254309e-38
6.852771949808444e-84,0.00017321679036848408,0.19574070705863317,5.758292673820645e-07,0.005098564208262379,1.7211201872152184e-91,0.7989869361134685,3.231783980425038e-25,3.800377078006793e-26,1.2706445370655957e-53
7.32379041042443e-14,1.6264209159586937e-05,0.4650313256440275,3.0340385770188862e-05,0.005980813487091536,1.69456659570557e-07,0.039827463931607576,0.10307611199164886,0.38603751089396193,3.7060593877810983e-38
4.2102729624272177e-14,7.50066578315969e-06,0.3348266646662777,6.553577296903019e-05,0.0043009168779622525,9.741660436910011e-08,0.039216021447135166,0.036322438390093095,0.5852608247631331,2.1305254196399184e-38
3.574443910600004e-14,8.280081686054619e-06,0.4085594837817695,3.691875609353767e-05,0.00418302393259689,8.270489612824037e-08,0.05570534079107476,0.06607890607131216,0.4654279638805352,1.808776694663552e-38
5.0756677952976994e-14,8.983827529976334e-06,0.33747905134394335,6.0073853522907834e-05,0.003664869493556694,1.1743996787925327e-07,0.05992235059372253,0.04753904909165494,0.5513255043560509,2.568441370911802e-38
1.275699006958595e-14,3.893428714108284e-06,0.4082469096173176,6.687421848436874e-05,0.0026355381295687,2.951691413207166e-08,0.02960932356651893,0.024124128408005745,0.5353133031144637,6.45542269204279e-39
2.0868685557183047e-14,5.3421808361341885e-06,0.43950977978269556,6.13282358142902e-05,0.0028895047156088354,4.828562193516012e-08,0.033620870011546275,0.025840835695521345,0.49807229109233475,1.0560185871753803e-38
1.8507988923724364e-14,5.7083125800597916e-06,0.438861976894847,4.384752868777261e-05,0.004076506836065186,4.2823480826690445e-08,0.0374078864083811,0.036147309360469185,0.48345672183547034,9.365601997851577e-39
3.10486266036166e-14,9.373419590936233e-06,0.4965249350738081,2.8837033567491524e-05,0.004707927286422299,7.183980231996663e-08,0.038179443021693335,0.0759646970500064,0.38458471527507804,1.5711543839138174e-38
2.3291426761281725e-14,5.85143802435987e-06,0.38929003482329483,2.5715553077207744e-05,0.0023805837275439464,5.389132072005456e-08,0.04848192576921505,0.20111449884890364,0.358701335948597,1.1786166174362383e-38
1.3716520663851811e-14,4.0978604901850325e-06,0.3889460388391669,5.4977846258790093e-05,0.00263442574878907,3.173706025828372e-08,0.03411249749191404,0.03627017012687875,0.5379777603494283,6.940974184843648e-39
2.4423974710097384e-14,4.065217798454339e-06,0.592950203820125,6.730390400578528e-05,0.003029409778360945,5.651179159051376e-08,0.012269448287119246,0.012440467487305646,0.37923904499346894,1.2359269679870446e-38
1.593902271199684e-14,4.676457756775948e-06,0.4349301612020159,3.955157351856645e-05,0.002695571965237159,3.687944900193678e-08,0.034089330526476086,0.04766942710419559,0.480571244291335,8.065627420163802e-39
1.627685661513065e-14,4.778703280604568e-06,0.43162375367521183,4.858522788418672e-05,0.002698873181636644,3.7661123531610304e-08,0.04159512118104373,0.032234971947997244,0.49179387842180605,8.236581589802208e-39
1.3637872478808453e-14,4.293732999066418e-06,0.538146539601598,2.156927158672941e-05,0.0021962222239028007,3.15550853771503e-08,0.033417335556056395,0.10046091155664225,0.32575309650211576,6.901175825226877e-39
1.062403958328107e-14,3.3680628802815614e-06,0.43151062858383366,5.56993696713133e-05,0.002233962290219511,2.4581728320072807e-08,0.02979990910094769,0.028279922964761263,0.5081164850459473,5.3760852546700636e-39
5.872461420240246e-15,2.066930850449142e-06,0.5123817738625017,4.233840048300908e-05,0.001782554915063781,1.3587604797301377e-08,0.01917178559647449,0.022242944739725067,0.44437652196729077,2.971643036764951e-39
2.5563855677643708e-14,6.382200323552565e-06,0.5008883108562393,1.482924678182235e-05,0.0015638879963975015,5.91492294192984e-08,0.03281304751737546,0.2607883179503306,0.20392516508329664,1.2936083914575332e-38
2.19269721267902e-14,6.035324973873352e-06,0.35665842651248736,4.720485682940074e-05,0.0030909715645297373,5.07342680205656e-08,0.05242968959647054,0.06685517418969375,0.5209124472207254,1.1095710874035774e-38
3.272812209617693e-14,7.4896439516951296e-06,0.28347444736540955,4.8458383762123895e-05,0.003547355512026335,7.572579142797995e-08,0.07581055574092958,0.09239350930107465,0.5447181083270219,1.6561419339136076e-38
3.7062197557152866e-14,1.0817874277826311e-05,0.4469168691805631,3.0785310986128265e-05,0.006605291684873556,8.575390401758874e-08,0.038787075415166454,0.09543914547312271,0.4122099293070691,1.8754592566299827e-38
3.924695988037866e-14,8.181010695851541e-06,0.28604532829968554,4.7948196992172936e-05,0.0037171393086953453,9.080897123659403e-08,0.07480485440253284,0.08487554748960267,0.5505009104827852,1.9860148359722954e-38
1.7948904931840108e-14,5.085950518808267e-06,0.4025506326139843,3.913747830363977e-05,0.002981869541272194,4.152988146359853e-08,0.04716206697703379,0.05111517473593585,0.4961459911730519,9.082688593648803e-39
2.5011119967123792e-14,6.748417451293312e-06,0.5144686439046646,2.1640514232494283e-05,0.002294890127103887,5.787031862115072e-08,0.0454367540575649,0.13457610367057649,0.30319516143806263,1.2656382932687798e-38
1.298355782342705e-13,1.4772229113528922e-05,0.5578287932764878,2.4462224503235406e-05,0.0023946402021362157,3.004114282317737e-07,0.04758906885288138,0.09578449300220199,0.2963634698011178,6.570072825926482e-38
4.396980360492843e-14,8.51437048837173e-06,0.40013087611379683,4.694123565697942e-05,0.00349470136484557,1.0173660949600491e-07,0.04179034723425687,0.060825025523334,0.49370349242096784,2.2250050082945028e-38
1.7072924266803283e-13,2.1805216337267906e-05,0.45911782672306856,3.218351515790052e-05,0.005561543062255646,3.9503051670292356e-07,0.04310517139432884,0.1010058759212415,0.39115519913692287,8.639415891230461e-38
5.512997189033188e-14,5.771776828384193e-06,0.6163481716175334,4.670207715694348e-05,0.0032728033045310045,1.2755882352254943e-07,0.01487021084472498,0.015357539944608442,0.3500986728757382,2.7897432671128575e-38
2.3972852165701507e-14,7.358556761258196e-06,0.5704869700982721,2.7005590485844292e-05,0.0036042118166119278,5.5467991634431646e-08,0.03291633696238211,0.05559794257294493,0.3373601189345263,1.213098803238933e-38
7.533931572489113e-14,1.1240879535053615e-05,0.425253788819848,2.487875872389627e-05,0.002407295896164169,1.7431887121893874e-07,0.06479395186505642,0.18816851266793205,0.3193401567937938,3.812397169556029e-38
6.192836071593531e-14,1.0223319684119105e-05,0.3613304924677595,2.7598800765699804e-05,0.002949406318550226,1.4328882381507852e-07,0.06916088999267506,0.2002436453025424,0.3662776005091372,3.1337622971092855e-38
2.568665301692845e-14,6.851676451268693e-06,0.4885399651003983,1.697363422734622e-05,0.0018054802163911437,5.9433355906120964e-08,0.036182446635924036,0.23883072374667363,0.23461749955655273,1.299822308111988e-38
2.6283580423889758e-14,6.496123797006293e-06,0.3240593436642161,5.972924699822566e-05,0.003345858042426559,6.081451675138399e-08,0.05777068674420874,0.04636120471758884,0.5683966206462215,1.3300286397574705e-38
2.3296545894495337e-14,7.255689716900161e-06,0.5153325712650564,2.1308704491958473e-05,0.003561551138622065,5.3903165284132774e-08,0.029830892481356928,0.1489639229945854,0.30228244382298175,1.178875661054917e-38
1.203027844007112e-14,4.329617061583132e-06,0.4809766757131266,2.3221890232555662e-05,0.003987259688783604,2.783546068961736e-08,0.03006358313512463,0.10393607760695124,0.3810088245132471,6.087684634855941e-39
6.384713676619155e-14,1.0782839199340112e-05,0.5385442685696444,1.9041279449172467e-05,0.0017857713598102521,1.4772845639285735e-07,0.04881859891226153,0.16699062409310783,0.24383076521800726,3.230858166810578e-38
7.522961690838001e-14,1.289810294028332e-05,0.5392439145629853,2.0077860285912228e-05,0.0021260583124138054,1.7406505197238315e-07,0.05019818678626762,0.1469258885404253,0.26147280176955473,3.8068460777582484e-38
6.783699482592221e-14,1.1248903753915129e-05,0.387527534160446,2.687750412261323e-05,0.0025446679566437386,1.569601244505864e-07,0.06921329231384933,0.19931177063695288,0.3413644515640392,3.432757048257706e-38
2.0191623902497756e-14,5.5862792004334845e-06,0.5318844185133098,3.0017643516701953e-05,0.002149667793609383,4.671904778580596e-08,0.037754224514423916,0.08306300452862403,0.34511303400824783,1.0217572203033643e-38
2.1751167235462015e-14,5.544621349117902e-06,0.41937879573992987,6.082560142326906e-05,0.002697854275301186,5.032749354272214e-08,0.0438496396718825,0.030233515198580488,0.5037737745640183,1.1006748283435527e-38
4.1593044307411904e-14,7.272593161621894e-06,0.5148899332800378,4.634416563843279e-05,0.004368880871876935,9.623730281762482e-08,0.023832841954124953,0.024007858516995446,0.4328467723808203,2.104733801536328e-38
1.2952072846133296e-13,1.3493733862032259e-05,0.4220443789875356,3.60212649844688e-05,0.0039823065287682025,2.996829337676963e-07,0.05597006476293238,0.0824109685805954,0.4355424664582586,6.554140475444766e-38
9.379868089387516e-15,3.100001287865798e-06,0.366830616487574,4.5557997476845334e-05,0.0034890754399673723,2.1702984744954423e-08,0.02850840752420279,0.028318175181462173,0.5728050456650348,4.746496860333882e-39
4.6364802909073315e-14,9.725609835671376e-06,0.3762773722050498,2.711815393986361e-05,0.0027224378067138254,1.0727811950629082e-07,0.06872131768140309,0.19255551300545468,0.35968640825943715,2.3461992145380554e-38
6.222318603938117e-14,1.0913249889680443e-05,0.5166205474448623,3.5725017965593776e-05,0.0024305979516540377,1.4397098590720957e-07,0.05527071787364913,0.060946560642263656,0.3646847938486675,3.148681349901363e-38
8.126275524941478e-15,2.632214587831247e-06,0.46260485321751627,6.31203507184448e-05,0.0022078977482151616,1.8802442864055236e-08,0.01802997868637637,0.0173696770795578,0.499721821900577,4.112141119445252e-39
5.810002674408705e-14,2.8519248246781774e-06,0.7990678230683853,3.3617517079257464e-05,0.002379960253549578,1.3443088746705032e-07,0.005611528078247136,0.0058590787675852265,0.18704500595938314,2.9400370228887924e-38
3.634168392719512e-14,6.824517824052395e-06,0.5107773008558606,4.719111846811206e-05,0.006170528878232978,8.408679143987167e-08,0.01960857379021775,0.022527288637835034,0.4408622081147337,1.8389990884289884e-38
1.0931891239039261e-14,3.6190282067790073e-06,0.42512866710883873,3.188716243034246e-05,0.0033808637653064194,2.5294030420663813e-08,0.03394701318161117,0.04553800290560163,0.4919699215539636,5.531867500601437e-39
2.4583684495210608e-14,6.236781772422045e-06,0.3839728315489013,2.9092525695575506e-05,0.00301187864161956,5.6881325438081734e-08,0.057917870138114,0.13369916768904788,0.4213628657934992,1.2440087660078728e-38
2.6517680556699347e-14,6.307419089837199e-06,0.3353996218661452,3.337916590213755e-05,0.0032977576726261905,6.135617375646144e-08,0.06576762377756475,0.1205526677418207,0.4749425810006509,1.3418748142963386e-38
2.7241978713883238e-14,6.92666117618113e-06,0.49496058987996727,2.331235243408943e-05,0.002157604664606373,6.303204295977253e-08,0.04247787029618528,0.1495248552563822,0.31084877785717846,1.378526491017769e-38
1.66873937950197e-14,5.471257370822797e-06,0.37112550336518624,3.7251784695802415e-05,0.004473703480827417,3.861101771862353e-08,0.042203567113348356,0.07019160304040412,0.5119628613471328,8.44432581571497e-39
9.036775897272553e-15,2.9090701083517967e-06,0.45422627460928033,4.903112618540217e-05,0.002149340424859165,2.0909143668345866e-08,0.02836154329834681,0.026462804604441954,0.4887480759576252,4.572881837482844e-39
8.074825762262908e-14,1.6947819811954842e-05,0.4748940864122945,3.0128135614875754e-05,0.005679238232048804,1.8683399215207996e-07,0.03991445371411558,0.10023644747554161,0.3792285113764997,4.086105983909069e-38
4.928911599714402e-14,1.2448319205976142e-05,0.4697027291025732,3.540887698812134e-05,0.005065240330216513,1.1404434708525584e-07,0.04341201425132562,0.06402338492715966,0.4177486601481345,2.494178298666811e-38
3.475569273492003e-14,7.466478561571377e-06,0.38304671656550243,5.5194197576298686e-05,0.0029686409998062437,8.041715105375087e-08,0.060290970832547246,0.04621499373927718,0.5074159367695432,1.7587431387406559e-38
1.2252555136865956e-14,1.9898401997562452e-06,0.788675879049609,3.661647992314646e-05,0.0027650805494716167,2.834976086118962e-08,0.004938268840529866,0.005231198206045776,0.19835093868444773,6.200163364131013e-39
3.8570325726203013e-14,7.920844601468368e-06,0.2964773557247579,5.784444007404779e-05,0.003720926693799014,8.924338623673791e-08,0.07089667814193093,0.05651130498012855,0.5723278799312832,1.9517751019186463e-38
2.2482154521593372e-14,6.03599729075903e-06,0.46742750578934616,3.896131396116349e-05,0.002660223901219485,5.201883993183604e-08,0.03474115246176628,0.062411684806012495,0.4327143837115412,1.1376649952147904e-38
8.168350287768065e-15,2.570163585477567e-06,0.6803968659784289,2.0877715995374484e-05,0.0016404184062711617,1.889979475730517e-08,0.014671821629686402,0.027991678227511432,0.27527574897871837,4.1334322215964264e-39
3.772619944399066e-14,8.323439327637039e-06,0.3929111624829758,5.012992167377878e-05,0.0030656720758669804,8.729026071017214e-08,0.061311519736588306,0.05342675817362896,0.4892263468796401,1.9090597597617632e-38
1.4810571882913377e-14,4.454272820829989e-06,0.40670356714216765,4.132703594905852e-05,0.002811438053886512,3.426845800111153e-08,0.03774444065799565,0.05250970703052237,0.5001850315381852,7.494597181119626e-39
3.886162674411263e-14,8.286179668059339e-06,0.3183554173874362,5.362947648860862e-05,0.0034859575659000686,8.991739374253e-08,0.0755657791185598,0.059249409766170984,0.5432814305883437,1.9665158141945937e-38
9.373468080297768e-14,1.4231024829276532e-05,0.5235201255378679,2.1356454862904307e-05,0.002174951903452316,2.1688176484464237e-07,0.054191467633034514,0.1488243210138197,0.27125332955027487,4.743258262225557e-38
1.8966992510013358e-14,5.497652409748208e-06,0.30541922495335705,5.18408064685417e-05,0.0035329260343997322,4.3885515791652465e-08,0.05583224408729714,0.05564280555591817,0.5795154170246148,9.597871690819606e-39
2.5685052782605036e-14,6.674957566384861e-06,0.349642728815177,4.1753001101638025e-05,0.003955578238196644,5.9429653327694305e-08,0.04458208995197565,0.07457849172455634,0.5271926238817474,1.299741331416799e-38
6.748344638408805e-14,1.4295321022886557e-05,0.45388691748422694,2.971623520736416e-05,0.005359092565225907,1.561420897908613e-07,0.0412281070433759,0.11426089236616208,0.3852208228426217,3.4148664281215855e-38
8.100818523305155e-14,1.5899330255928173e-05,0.44309453538968635,3.2992909472454715e-05,0.0064914134475121885,1.8743540834407845e-07,0.04288092103401311,0.09273178469086168,0.4147522657627089,4.099259106906399e-38
2.135692078309953e-14,4.814264686531832e-06,0.21897738945320197,5.6742842095469466e-05,0.004070088543929202,4.9415292546493855e-08,0.06700334271942043,0.051078569787589165,0.6588090029737633,1.0807247658213145e-38
7.231540453515216e-14,1.2070858375819071e-05,0.3319922644695391,4.289338432623176e-05,0.0066783030656043215,1.6732219514694623e-07,0.05802448567071504,0.08358988474955956,0.5196599304796125,3.6593781203407924e-38
1.8009403128672034e-14,5.967073197276785e-06,0.5357953220947954,2.091511927289947e-05,0.0037900011453138246,4.166986119101514e-08,0.030973012034157543,0.1072260143017858,0.32218872656159814,9.113302510452544e-39
3.83169906494049e-14,1.093743273406373e-05,0.49299088843176714,2.9602993992204164e-05,0.007145828129406562,8.865722366357989e-08,0.03264908061061812,0.07490252242499963,0.39227105131922024,1.9389555810557118e-38
8.02427652125642e-14,9.900925531644124e-06,0.252397410825265,4.180756931755007e-05,0.004655765509144794,1.8566439193764422e-07,0.09884419381870672,0.12158719260183767,0.5224635430857244,4.0605265395668835e-38
3.1955824792273497e-14,9.273056460483396e-06,0.47307513415109187,2.9629375801506942e-05,0.0061414231450525915,7.393886257003773e-08,0.036241757043100196,0.08611243488355678,0.3983902744060421,1.6170613552392724e-38
3.503605786210676e-14,1.0239542192241809e-05,0.4560531293224131,3.3197938698895924e-05,0.006755741231058729,8.106585526822834e-08,0.0384654180827904,0.0700250704109517,0.4286571224060046,1.7729304618805667e-38
3.2748664419991174e-14,8.746392774926614e-06,0.4106255646986135,2.983561545442582e-05,0.005434136320766582,7.577332187052523e-08,0.04070646551864393,0.13117205621408903,0.41202311946630304,1.6571814376098125e-38
8.211407596891594e-14,1.468680778492244e-05,0.37864442120428116,3.684642934369896e-05,0.0056155494494635905,1.8999420021982785e-07,0.05675219801102114,0.10341114801752171,0.4555249600863015,4.1552205218818535e-38
3.388250573882409e-14,7.770987135354552e-06,0.3500133134142414,3.912761412789322e-05,0.00495717082637779,7.83967852797648e-08,0.05847346254193915,0.07376013767972205,0.5127489385396372,1.7145572365940884e-38
1.365902280172298e-83,0.0003893392533798552,0.3924285314887451,1.1459266648633994e-06,0.009134976152007429,3.4305562849403646e-91,0.5980460071792028,6.441628497516626e-25,7.574954710858453e-26,2.532663107977621e-53
1.1519089157714862e-13,1.2735219620415798e-05,0.47996989379775695,3.320311236905125e-05,0.0025240694634485294,2.665267926205342e-07,0.06170689450663748,0.0967970581436086,0.35895587922965116,5.829007401805571e-38
4.638855241050219e-14,9.345833823044345e-06,0.4390700785580466,3.9576390558306536e-05,0.002700193505927263,1.0733307071163541e-07,0.05862102856651609,0.08488182676982126,0.41467784304219046,2.3474010111186957e-38
3.03559253900956e-14,7.221530819260734e-06,0.5779281149736925,1.4360455083939657e-05,0.001468148846608709,7.023704161944946e-08,0.03487263242520281,0.19008307842933705,0.19562637310218384,1.5361016080773755e-38
1.457876533132849e-14,3.454031456654694e-06,0.5550056399283707,4.528651179515241e-05,0.004406545563952338,3.3732107807604336e-08,0.01305883382432408,0.01427996106796963,0.413200245340009,7.377296057178732e-39
1.874548583015991e-14,5.2702905011867914e-06,0.539831230327217,3.815312377288996e-05,0.005940631763132801,4.337299727202387e-08,0.018905092911383297,0.024241407676268478,0.41103817053470837,9.485782613398904e-39
4.343800957559605e-14,8.828273251634328e-06,0.5072780961446169,4.0331535599707635e-05,0.004757843704531646,1.0050615314454448e-07,0.030281467389174057,0.033797364710910514,0.423835967735719,2.1980946224925303e-38
9.95726616785287e-15,3.2272524822554687e-06,0.5268217276891454,4.7828195606757405e-05,0.0020890670285984283,2.3038958945132077e-08,0.022139061219046404,0.023162952828071397,0.4257361127480806,5.038677746086356e-39
1.9640885531528357e-14,4.7006621404939405e-06,0.25331163732023415,6.586378915444335e-05,0.0034447913573312683,4.544475837481484e-08,0.058473485140083825,0.04024830517132697,0.6444511711149509,9.938881935349688e-39
6.465161223564953e-14,5.249260678626971e-06,0.6423244333349489,5.156897656341225e-05,0.003205988600556987,1.495898384971585e-07,0.012619240010947103,0.012297803892793885,0.32949556633360805,3.2715670579549966e-38
6.3009275447328326e-15,2.1422766788260626e-06,0.7056032276249851,1.6872814441821923e-05,0.0017178738416991613,1.4578982680378128e-08,0.013219561808580147,0.03139852386774018,0.24804178318688586,3.1884598507417315e-39
4.674943959683323e-14,8.370845999236346e-06,0.3329531739190786,4.458942333529185e-05,0.0033742445507544856,1.081680854855984e-07,0.07192744963277325,0.09861141255434408,0.49308065090558284,2.3656629939155887e-38
4.0228292989676045e-14,9.164808349322934e-06,0.4630941510173823,2.1774965145916524e-05,0.002583323960669533,9.307956360522706e-08,0.04861786296163742,0.1852591285875533,0.3004145006196583,2.0356732584344584e-38
6.277134894583995e-14,1.1424562143758186e-05,0.3888121253553301,2.6451754974254196e-05,0.002684325332022394,1.4523931622266736e-07,0.060131314897254574,0.21545681240265527,0.33287740045624065,3.1764200503784135e-38
5.562310753981097e-14,1.0459413201085682e-05,0.5385301237433545,1.811374323233836e-05,0.0017791186041651284,1.2869983266246868e-07,0.04463278122989363,0.18117364967045574,0.2338556248958093,2.81469742200784e-38
7.41080181902924e-14,8.627206407305531e-06,0.219620049270292,4.320024251914382e-05,0.004055252247309327,1.7146991506755161e-07,0.12534895134830085,0.12209699491121301,0.5288267533039692,3.750089791388083e-38
5.270032347869998e-14,9.20068827691322e-06,0.3870242211965006,3.835893486341779e-05,0.003000266119290016,1.2193714286429791e-07,0.06698283991312311,0.1102829388661801,0.43266205234457034,2.666795711266377e-38
3.2301160606649786e-14,7.393682936028397e-06,0.48955311133315854,4.008388497138472e-05,0.0024354456152604564,7.473789492977564e-08,0.04704078863405455,0.05918928244066072,0.4017338196710311,1.6345363915945543e-38
4.197585163356245e-14,7.742655302244344e-06,0.2417081891068123,4.558899429667037e-05,0.005886886046934544,9.712303604477222e-08,0.07279700128757147,0.1009964932254839,0.5785580015605208,2.1241050096852168e-38
5.420192251594409e-14,5.7304173800512186e-06,0.6422745726937249,4.5343323031695444e-05,0.003024211547392114,1.2541151811484553e-07,0.014380639284248022,0.013774674830949865,0.32649470249170104,2.742781162744352e-38
1.2683311235434768e-14,3.6775629727304623e-06,0.2936929001007108,6.0785874411911674e-05,0.003251765451203342,2.9346437242551333e-08,0.03997277243417166,0.030100342327876048,0.6329177269022036,6.41813897422939e-39
3.327094593968892e-14,7.751888429614091e-06,0.4895653441093289,2.9818795557312232e-05,0.0023113248439379725,7.698176830188711e-08,0.04591975461367475,0.1172158523890319,0.344950076378238,1.683610461662512e-38
3.132677512672023e-14,7.645541433144215e-06,0.36313007255012064,5.4200973191318117e-05,0.0031425934539384514,7.248337783048655e-08,0.0652055671712068,0.049341678984878984,0.5191181688418215,1.5852295401850625e-38
2.0485405976591026e-14,5.541244652403647e-06,0.5428268268316586,3.464795561903498e-05,0.002193928953435274,4.7398795926745746e-08,0.043270140950164016,0.04144447186544386,0.37022439480021035,1.0366234815238584e-38
6.103401008422432e-14,1.053357755338941e-05,0.31853171524305585,3.3812247991292446e-05,0.0030941006061443854,1.41219490133187e-07,0.08503700546174785,0.17325244154815084,0.4200402500958052,3.088505451010811e-38
3.327743454252983e-14,8.153009213500508e-06,0.5140956699992523,3.226998239368389e-05,0.002391847377383791,7.699678154392893e-08,0.05477413102108889,0.06807287621032941,0.36062497540352356,1.6839388045850225e-38
1.594898392721544e-83,0.0005342759888442929,0.4516376799388306,1.3379805629884834e-06,0.012342436574252292,4.0056955643283683e-91,0.5354842695175097,7.521579754521391e-25,8.844910260902906e-26,2.957268890208695e-53
1.2916564869039915e-14,4.052103938073444e-06,0.55264063687688,2.7908349458009176e-05,0.002053132062775852,2.9886135673528294e-08,0.02985825425845238,0.07496828913420214,0.34044769732814495,6.536172365426108e-39
6.280993094823615e-14,4.546030839477548e-06,0.6977255646413372,4.5860819276916794e-05,0.0027756339158663632,1.453285865638602e-07,0.010284411690161104,0.009980306874401691,0.2791835306994679,3.178372416355148e-38
2.5773767422346224e-14,7.71924553405174e-06,0.5112994217078461,3.347606712537756e-05,0.005889843349540932,5.963491977919518e-08,0.02928833862464504,0.04646778763343408,0.4070133537369288,1.3042305604228414e-38
1.59650711454195e-13,2.7217629599164235e-06,0.8203814852845767,3.021649035873738e-05,0.002405093160969799,3.6939719106008353e-07,0.004970234195636827,0.0051300775506303055,0.1670798021575172,8.078808715068994e-38
5.546933027362819e-14,1.3670336913912616e-05,0.4704283720705683,3.226399261859068e-05,0.006673958060343978,1.2834402532102635e-07,0.038183346952997535,0.07915226070001866,0.40551599954245826,2.806915827382294e-38
3.540911293632052e-14,9.086558923744515e-06,0.4607727597779808,2.5264426485565604e-05,0.0036431755700635383,8.192902395493992e-08,0.04564033614138689,0.13656356627258803,0.3533457293235121,1.791808176594813e-38
3.1858615324398555e-14,8.894996066915196e-06,0.427970520456006,3.505675217570145e-05,0.007477518319946021,7.371394089627158e-08,0.039263477815661814,0.06500716942605918,0.4602372885201116,1.6121422622449352e-38
1.8635589139644356e-13,9.21729902170038e-06,0.18142783556868014,4.969938777808247e-05,0.003948732420858106,4.311871984192507e-07,0.1816596638175751,0.10348402407336749,0.5294203962453345,9.43017156519207e-38
3.545328425397815e-14,7.948241761266394e-06,0.38852887514265777,4.616450724219811e-05,0.003466013047305875,8.203122683730567e-08,0.06369198779358938,0.0499996874286636,0.49425924180751757,1.7940433788234666e-38
5.723786501783482e-14,1.0060617325332952e-05,0.4769292310415839,2.4417442336438345e-05,0.002231508561340109,1.324360319394013e-07,0.04899407707694941,0.1730064001515692,0.2988041726728064,2.89640903273201e-38
2.5516648981056296e-14,8.219104932528899e-06,0.4814532902059981,2.7022025426844373e-05,0.006160426167733134,5.9040003347746705e-08,0.03444667290253928,0.09046820366374217,0.38743610688959923,1.2912195898773446e-38
3.294088367160086e-14,9.223738025498207e-06,0.5080860458599854,2.1058005765527223e-05,0.003051590686374817,7.621807563840531e-08,0.03889876143063923,0.15301884909095959,0.29691439497014127,1.6669083129300867e-38
2.6247313200165847e-14,7.355172500917832e-06,0.5885377217084033,2.4337233883263685e-05,0.004058166501300408,6.073060223448825e-08,0.02454142907889081,0.05560307865604781,0.32722785091834494,1.3281934085804625e-38
3.7203926001407203e-14,8.529352761973022e-06,0.44393563776491934,2.7442755694598568e-05,0.0025801808021346617,8.608183295670373e-08,0.04682940926418355,0.16890694495527933,0.3377117690231564,1.8826311444354657e-38
1.8675765416422107e-14,5.32651305966871e-06,0.44597793059565116,2.6881859321730295e-05,0.0025793268423609295,4.321167931447307e-08,0.04442701802773031,0.12289772948812193,0.38408574346205626,9.450501976000378e-39
1.570567394534043e-14,4.518299542311313e-06,0.4577501199009239,6.225512713464556e-05,0.0024126418779263654,3.633953046113859e-08,0.0317170800656679,0.025719976220951124,0.48233337216830763,7.947545888766736e-39
5.542672896439079e-14,1.3437819017020538e-05,0.5079418252140601,2.5423282983088734e-05,0.0037770365925726785,1.282454551404553e-07,0.040596758452202925,0.11953640741845124,0.3281089829752024,2.8047600723267373e-38
3.381310794722488e-14,7.0645055387860375e-06,0.3055724153309258,5.043438191893951e-05,0.0037277936940883537,7.823621384441139e-08,0.05660694249769417,0.06939485760120226,0.564640413752384,1.7110454985099209e-38
5.091843599648431e-14,6.7868388702811046e-06,0.5710058491150186,4.5798495833941516e-05,0.00526809300844624,1.1781424091116383e-07,0.01692342761034534,0.018086784575493432,0.38866314254170026,2.576626817000432e-38
2.669683884914972e-14,6.655250890685191e-06,0.3994313910017771,3.527882975677796e-05,0.003081109914379249,6.177070728443834e-08,0.05590442648427668,0.08941474985224197,0.4521263268959435,1.350940765592398e-38
1.3000667516118671e-14,3.698303778330957e-06,0.6486075223004313,2.6108802143075322e-05,0.002686461201909601,3.008073099964117e-08,0.01686372990973848,0.023480351035766973,0.30833209836548836,6.578730847752394e-39
3.9066226478889526e-14,6.737586180918501e-06,0.2246591154763119,4.7958562517438687e-05,0.004290080656135137,9.039079316956002e-08,0.08845197814587086,0.08418000310398159,0.5983640360781699,1.97686917939642e-38
2.4998443852237612e-14,7.719882301367334e-06,0.4908387269064154,2.6957485787935584e-05,0.004582213256712824,5.7840988846495595e-08,0.03405252646070871,0.08741600084339184,0.3830757973236681,1.264996843528388e-38
1.7937148859921505e-14,5.163448174867581e-06,0.5230784123735558,3.475868674447772e-05,0.002288486755621002,4.150268046345798e-08,0.04058329435762612,0.04668562202848217,0.3873242208470972,9.076739665804647e-39
1.8475581626989514e-14,4.808023785766962e-06,0.5362898475803277,4.4506554016935407e-05,0.0025512626753752404,4.2748497368619755e-08,0.02482896035988738,0.02687269763436208,0.409407874423729,9.349202925845657e-39
4.4704132517193285e-14,2.988431369963464e-06,0.7837440889400629,3.432845002576672e-05,0.0025853553241188066,1.0343568754690054e-07,0.006099486657316401,0.006387441234359701,0.20114620752701431,2.2621642715517496e-38
1.0668380801572876e-14,3.5595905206391983e-06,0.4200578500668009,3.584558286150915e-05,0.0025134928567027287,2.468432430415537e-08,0.032696581717788706,0.06555330714064217,0.4791393383603484,5.398523251814558e-39
3.8509869390643595e-14,7.739526286515365e-06,0.5269795132384008,4.6171676972009404e-05,0.0024787789866047567,8.910350336616285e-08,0.040188810191293424,0.03033369854814654,0.3999651987287542,1.9487158285452333e-38
9.793309531669254e-14,1.1828005249204943e-05,0.28452759294066354,4.92472188483431e-05,0.003939893492579035,2.2659598732030472e-07,0.10940894898956367,0.08082848496118987,0.521233777795821,4.955710730829833e-38
1.718369667483128e-14,4.515662804680963e-06,0.318885708385257,6.213209279165994e-05,0.0030025276843882974,3.9759355162121295e-08,0.04740893264000695,0.03691699030098584,0.5937191534743932,8.69547007897659e-39
3.456790108193515e-14,1.000331814201025e-05,0.429331846698731,3.0409742267373874e-05,0.005501358426680128,7.998264180667989e-08,0.042183106417595144,0.10859245852426608,0.41435073688964186,1.7492403132979568e-38
4.0944731038242084e-14,7.787803878604874e-06,0.30432180340482795,3.665317527971873e-05,0.0034405085226234147,9.473724618049718e-08,0.08213254259341345,0.12659643498756495,0.4834641747751249,2.0719271898942195e-38
3.1212496882272e-14,7.010689325661555e-06,0.3766704727871257,4.493885481024488e-05,0.0031929553421825465,7.221896265956122e-08,0.05801500870126308,0.07371483636550573,0.4883547050407931,1.5794467154874355e-38
1.8066283715914116e-14,5.358856813597598e-06,0.4039744597554263,4.018719671188739e-05,0.0028650347599587424,4.180147057655882e-08,0.04683918114400551,0.06738777957610495,0.47888795690949054,9.142085807422784e-39
8.00015186139766e-14,5.524658690849967e-06,0.6600892030590678,4.721940722436352e-05,0.002976798953803804,1.8510619971382444e-07,0.012683702217128195,0.012427277442504837,0.3117700891553004,4.048318732251797e-38
2.1353761732577535e-14,5.220159973430143e-06,0.2889379501358425,4.505192098950678e-05,0.0033032008941900146,4.940798320537758e-08,0.05304384727806314,0.07738965851519582,0.577275021687741,1.080564908313283e-38
1.4986391654191195e-14,4.603127528725544e-06,0.5303658136271578,3.531363731792573e-05,0.0031788333425076913,3.4675266905695005e-08,0.02467568441980807,0.036190868539164305,0.4055488486312336,7.583567301424301e-39
8.8729811629064e-14,3.388517757594125e-06,0.7897734448252921,3.197319942047211e-05,0.002400421798562459,2.0530158033384216e-07,0.006521340646228772,0.006668282939643398,0.1946009427714263,4.489996749441189e-38
1.4265209131666186e-14,4.417572043540866e-06,0.49834037771260864,4.1976173176778974e-05,0.0022832745998701905,3.3006606624774426e-08,0.03534346576714053,0.03285339741092741,0.43113305775761207,7.218627139550858e-39
1.4939467900804122e-14,4.350050024214466e-06,0.39481381781716834,3.75138039605606e-05,0.002719574040831802,3.4566695489865464e-08,0.035988868106719835,0.06757079580332223,0.4988650458112625,7.559822463436781e-39
3.412643141294577e-14,4.570622807580735e-06,0.6027138012698017,6.616623094147501e-05,0.00333725816815587,7.896117656835616e-08,0.012246775230082012,0.012153019877409705,0.369478329639591,1.7269006132315849e-38
2.352355013545616e-14,4.040800867496045e-06,0.6566242644039739,4.421448853362589e-05,0.0032052459688551686,5.442840398181972e-08,0.011412043259726709,0.01223723650670641,0.31647290014290924,1.190362762011296e-38
1.2439226159231216e-14,3.292088274473505e-06,0.46404526541023056,7.95443971882162e-05,0.003300114205187393,2.8781677216683464e-08,0.014839770685576825,0.015068807913814406,0.5026631765180385,6.294624545581368e-39
3.026658112957958e-14,7.462751859734776e-06,0.5733911796501753,2.833092221636815e-05,0.002205618220865216,7.003031837657498e-08,0.03820074383230954,0.06322144374690264,0.3229451508453226,1.531580518356425e-38
2.6739386539455025e-14,7.073559707704069e-06,0.4799577318222776,4.596915199706743e-05,0.0025127993907098863,6.186915345921997e-08,0.048373522119681996,0.04006316671715429,0.4290396753692913,1.3530938073678698e-38
2.058312438063211e-14,5.40743705596688e-06,0.3784582056008228,5.768850722771318e-05,0.0029329956847655675,4.762489516571518e-08,0.044140239533710185,0.038335103598972554,0.5360703120125295,1.041568328227008e-38
1.0626804820499902e-13,1.5286287669428106e-05,0.5477967112738249,2.8724790559107782e-05,0.004223334889634992,2.458812644028857e-07,0.03397294763700245,0.06367273120691645,0.35029001803302195,5.377484548311741e-38
7.181089769362323e-15,2.174627731921855e-06,0.2518232436933105,7.185503487797132e-05,0.0024466561740727425,1.6615487580579182e-08,0.019154622320938917,0.020337944177613577,0.7061634873559596,3.633848548746457e-39
6.286814578792168e-14,1.1983285064328835e-05,0.3668677347398174,2.880865675204814e-05,0.003437604914763697,1.4546328316196925e-07,0.06259973419912444,0.18971876287795356,0.37733522586317847,3.1813182632600105e-38
6.335345350323229e-14,9.589309282680573e-06,0.4188126289450545,5.05916267541953e-05,0.0034605413318636964,1.4658618017375875e-07,0.05134669639177842,0.042548653154812974,0.48377115265420995,3.2058763010177495e-38
6.335345350323229e-14,9.589309282680573e-06,0.4188126289450545,5.05916267541953e-05,0.0034605413318636964,1.4658618017375875e-07,0.05134669639177842,0.042548653154812974,0.48377115265420995,3.2058763010177495e-38
6.373260546220553e-15,2.290793205808224e-06,0.48183856531165375,2.7294331658987356e-05,0.002036127484092709,1.4746345591242714e-08,0.021991467129788667,0.053465093284291866,0.4406391469189563,3.225062536535196e-39
2.5868061187999655e-14,3.251909079564541e-06,0.7095325849835026,4.963630903824594e-05,0.002724894367034285,5.98530951589218e-08,0.007997346118324665,0.008405831820374509,0.27128639463952525,1.309002110068934e-38
2.131224037050086e-14,5.924192434912079e-06,0.3215758092785977,4.1069445097740494e-05,0.00328504364143115,4.9311911779794426e-08,0.05597520273721936,0.09073125359363866,0.5283856477996475,1.078463801849357e-38
4.008049376178123e-14,8.759997555619999e-06,0.4046865269519186,4.5839144807269135e-05,0.0028891227862021802,9.273758824036398e-08,0.06085672510552194,0.07051921282451172,0.4609937204518543,2.028194170621314e-38
1.5860913027767586e-14,4.603105928622061e-06,0.49649675544664157,4.0906401668836224e-05,0.0022676611051461377,3.6698720088505626e-08,0.03586355758507667,0.046129693826989324,0.419196785829813,8.026101558240943e-39
4.8872637381068666e-14,9.40333824362865e-06,0.5485912471572587,3.0289696502571253e-05,0.0022543759136778104,1.1308070567896396e-07,0.04952064038584621,0.07150870527384763,0.32808522515386884,2.4731032214401456e-38
4.6738915085783724e-14,5.159901452479114e-06,0.682205401055165,3.701619081717245e-05,0.0031924270531716805,1.0814373406931961e-07,0.011966950028319007,0.013361247933634147,0.28923168969365964,2.3651304218348626e-38
9.166843346482344e-14,7.829608644978585e-06,0.6176784964933514,3.951950060764998e-05,0.0026717024948649418,2.121009156453247e-07,0.02100716271409684,0.022891513455201625,0.3357035636322253,4.638699899466518e-38
1.3851746854466731e-14,3.5022965563086344e-06,0.6369114941312076,4.5205576428089246e-05,0.0019653417266996035,3.204994440116052e-08,0.01654835521927485,0.014604730422502762,0.3299213385773725,7.00940272595659e-39
1.8278437183435915e-14,5.11721200557231e-06,0.42012114689161145,2.954114323026448e-05,0.002550459403673142,4.2292347771559764e-08,0.04198134638433238,0.14244504040607955,0.3928673062667016,9.24944187660253e-39
1.215287493005774e-14,3.8691624651018005e-06,0.5751335808378574,2.107595983057827e-05,0.001954673802505757,2.811912243381689e-08,0.03218015965283826,0.07558092683526774,0.31512568563010057,6.14972216558282e-39
3.969735263526331e-14,8.089343845192551e-06,0.5493314845481643,3.878155738099406e-05,0.002221530398278038,9.185108259118891e-08,0.0463169634905918,0.036955260772656345,0.365127798037961,2.008806071164569e-38
4.1656003686622225e-14,1.0730520817721907e-05,0.5365753526323979,2.4779614176139472e-05,0.0030814958325926798,9.638297719062362e-08,0.039920188029933766,0.10762640866342567,0.3127609483236372,2.1079197364866105e-38
9.631095162496945e-84,0.000506817883162013,0.28204320961069956,8.096114009862466e-07,0.007208410620418285,2.418914919476882e-91,0.7102407522743192,4.542047989934462e-25,5.341166109092342e-26,1.7858026713595383e-53
3.345873846581481e-14,7.0402839515162235e-06,0.5882057800058214,4.043364991652986e-05,0.002685422945897729,7.741627958833626e-08,0.02736830151952233,0.02366694820790038,0.358025995970677,1.693113331288784e-38
1.8729650977444036e-14,5.535519161137152e-06,0.5919933693831283,3.403831440459074e-05,0.0028848675981994255,4.3336358852555774e-08,0.0246361868433267,0.02656689951082427,0.35387905949457793,9.477769699146436e-39
1.7647970869430903e-14,4.937261950481527e-06,0.43877817728431934,5.4907291968221086e-05,0.0025984270079025713,4.083358517430133e-08,0.0433697955016911,0.029494197707827456,0.48569951711073794,8.930406859110461e-39
8.937451879199258e-14,1.6373675789398864e-05,0.4522866372146516,3.5157210779940264e-05,0.0059593024668647835,2.0679329349427408e-07,0.04412263708239035,0.0767071473300098,0.4208725382261313,4.522620881204151e-38
7.335308388322309e-14,1.1103761961257e-05,0.4697426277811626,4.106936290418087e-05,0.0027318748702161518,1.6972316067299474e-07,0.06927567629246564,0.049520684403491506,0.4086767938045646,3.7118878328518307e-38
1.4796392406270614e-14,4.100994792049116e-06,0.30250151397634606,5.872112787650388e-05,0.0029535161499574425,3.4235649755664026e-08,0.0403552021015319,0.04153653852213016,0.6125903728917014,7.487421937211646e-39
1.3580000610309876e-14,4.051908286663217e-06,0.38197375083716295,4.761786699733691e-05,0.0026886163128078274,3.14211823966322e-08,0.03876223441588259,0.037358175218629115,0.5391655220190376,6.871890909968752e-39
4.177896994781443e-14,1.1621434078376026e-05,0.4799297816231487,3.0367244017124133e-05,0.005916541728764084,9.666749450563716e-08,0.03749003699303445,0.08381351942734512,0.39280803488207583,2.1141422011003307e-38
6.166826355021004e-14,1.0389525588883503e-05,0.302285935839552,4.145095918723439e-05,0.0036749309458802013,1.4268701535847304e-07,0.09578986807942601,0.11169563192077755,0.4865016500425111,3.120600594100972e-38
1.8795380506704814e-14,5.328831332288126e-06,0.5501018684895896,3.433526540100434e-05,0.002113908316775,4.3488442755070144e-08,0.04070158579663435,0.04280112415630553,0.36424180565550074,9.5110308283323e-39
2.266423342959893e-14,6.1982409002890135e-06,0.5221770415263884,3.483075986255896e-05,0.0022727858419790284,5.244013111328135e-08,0.04475010787817786,0.0540942334515941,0.37666474986094395,1.1468787384886349e-38
5.3136966989502954e-14,9.667456192606247e-06,0.30473985521445857,5.15921353079041e-05,0.0035394161180680906,1.229474415368271e-07,0.09414016530896607,0.07236766692134226,0.5251515138981698,2.688891193136278e-38
