i = 0,i = 1,i = 2,i = 3,i = 4,i = 5,i = 6,i = 7,i = 8,i = 9
0.31140119599431426,8.981598623387474e-10,9.484458924534004e-10,9.442016608265506e-08,1.2159048279090565e-12,1.7037920774778526e-12,9.012635126634162e-15,1.9709786434669086e-11,0.6885987077161124,1.630436080713925e-13
0.2857471262811914,9.339452308755638e-10,1.104846516449372e-09,1.0476105294616785e-07,1.3575637788858187e-12,2.0535764493492207e-12,1.0548103944106657e-14,1.8991569813228332e-11,0.7142527668963579,1.9276869950535546e-13
0.3168423627967906,9.343248597572877e-10,1.2240858580248137e-09,9.492062969710232e-08,1.4009507974818337e-12,2.217814447791839e-12,1.1424156269401552e-14,2.122591560355377e-11,0.6831575400991082,2.0466461346552954e-13
0.217904128855478,7.356176914143828e-10,1.0815163078538831e-09,1.3342176251091526e-07,1.5293743137087963e-12,2.0294955015363963e-12,1.0557565949449803e-14,1.9931378329303933e-11,0.7820957358819304,1.9425820621356124e-13
0.24265418783398612,6.090294586383969e-10,1.5268501994216295e-09,9.931822070357159e-08,2.1526458800151393e-12,2.6016767048892594e-12,1.646169435106578e-14,2.0804660097612987e-11,0.7573457106861025,2.355785104432793e-13
6.454422842823617e-41,1.1593723124266092e-68,2.774094932743912e-85,7.766489473274637e-75,0.5321376328167867,0.4222237389007206,2.327440062739814e-77,1.6120136351934564e-68,4.4618128928794034e-70,0.04563862828249267
0.2736543131240033,6.075997455532077e-10,2.4002321558035107e-09,9.204872165574934e-08,2.728980742964543e-12,3.710505414008807e-12,2.653460236886505e-14,2.258676466687944e-11,0.7263455917900816,3.088728824415276e-13
0.13780571443386858,6.095788257092994e-10,1.433681018774908e-09,2.0254701864679426e-07,1.8203102435526188e-12,2.1896231126334474e-12,1.4288494046840965e-14,1.9302346836298897e-11,0.8621940809523003,2.258188793833275e-13
0.23201080150862607,7.445471320865696e-10,1.5623101244707649e-09,1.2095784922723723e-07,2.194148053480587e-12,2.596539801795742e-12,1.5948492351931648e-14,1.7623058623886127e-11,0.7679890752039917,2.460343094548682e-13
0.16696552206416984,6.452701689286414e-10,1.8092168135792007e-09,1.8040524332724931e-07,2.3113118020096943e-12,2.905140407217766e-12,1.9027601424081754e-14,2.5314675208033725e-11,0.8330342950452639,2.858550293521645e-13
0.13636861525787003,5.755139906461034e-10,6.08670057353463e-10,1.8450573258776358e-07,9.595127978738173e-13,1.1912629498726087e-12,6.017182306703586e-15,1.4253376395693462e-11,0.8636311990356819,1.2118312618965514e-13
0.14143965666018687,5.857693318404993e-10,1.0022506910023813e-09,1.9083854744040526e-07,1.4951770716709628e-12,1.838677404243634e-12,1.0245805973682103e-14,1.868247224265081e-11,0.8585601508910311,1.8795637109996366e-13
0.1779290355652843,6.292188525292796e-10,8.419599697737436e-10,1.360522831739899e-07,1.3385529476748463e-12,1.6111977542982285e-12,8.470584321051089e-15,1.4594345243364057e-11,0.8220708268935438,1.5728621504368183e-13
0.2565552015564786,6.907071668483969e-10,1.318300024565765e-09,9.772790413911742e-08,1.7468701551905629e-12,2.3876486365973192e-12,1.3280595829413013e-14,1.9249963296155642e-11,0.7434446986829941,2.1812263782823426e-13
0.316444755553494,9.700371127441248e-10,1.0898873911854505e-09,9.28264715475212e-08,1.3573237908250486e-12,1.8546400176446166e-12,1.04485230956283e-14,2.1637868369224215e-11,0.6835551495350713,1.7834315212687884e-13
0.18036276307397972,6.240769539842694e-10,6.568020652745484e-10,1.512258712090572e-07,1.069934711636367e-12,1.2986142368201808e-12,6.502268946035232e-15,1.7349416037582562e-11,0.819637084399417,1.2859367291050897e-13
0.08753480945324689,4.525838186636839e-10,1.2616132245093836e-09,3.736293447726255e-07,1.5525257256584513e-12,1.836757986900651e-12,1.3105559718999567e-14,2.2568479764844476e-11,0.9124648151770302,2.1025216334204702e-13
0.20741192958833535,6.739304565618834e-10,6.618607855431943e-10,1.1320173307438341e-07,9.74500370780968e-13,1.2570732301690578e-12,6.322108275913473e-15,1.470676920684714e-11,0.7925879558570719,1.2379290715962673e-13
0.17665225261784281,6.85862349210023e-10,9.233836643534651e-10,1.6001508903294005e-07,1.4233867650280467e-12,1.8016955379888891e-12,9.39372431075721e-15,2.2380754981895095e-11,0.8233475857320258,1.810248833530883e-13
0.3191942334878346,9.730820377696265e-10,7.172749829324289e-10,8.360691145761121e-08,9.564689627632065e-13,1.331006968849825e-12,6.6367515048193754e-15,1.2927856614517758e-11,0.6808056811995464,1.2849894534365617e-13
0.16805958249265282,6.499230354764199e-10,6.036931461994796e-10,1.656538453904598e-07,9.823711789016066e-13,1.2126829454681512e-12,5.997870346326934e-15,1.7515529427739908e-11,0.8319402505800471,1.2186178877895784e-13
0.17141795518368436,7.226592066608553e-10,4.034457035948979e-10,1.5091052789065655e-07,6.705686238048725e-13,8.219626363632797e-13,3.923703860197902e-15,1.1383684173596755e-11,0.82858189276672,8.264608902182859e-14
0.326464706086286,9.646263919502721e-10,1.9111450912678977e-09,9.127692149916803e-08,1.8351805313713556e-12,3.0917440368101582e-12,1.8397650891789462e-14,2.5906859544496766e-11,0.6735351997298898,2.789402025291968e-13
0.21402596226707213,7.277255220548004e-10,8.690982692977069e-10,1.4123655470972833e-07,1.28340458233855e-12,1.6597268640662231e-12,8.432538200719579e-15,1.7809764251236986e-11,0.7859738948786289,1.5913363230093168e-13
0.2256035352812934,7.72131091856759e-10,1.1670850375604303e-09,1.4177894418104487e-07,1.5974538699804308e-12,2.068246581244771e-12,1.1318185887498078e-14,2.0484135705236802e-11,0.774396320976189,1.960057923104992e-13
0.2761919065745729,6.392668991092679e-10,1.304499287104271e-09,8.972695244734124e-08,1.7755235771077232e-12,2.2909640228142104e-12,1.3136820983621573e-14,1.6535606687330865e-11,0.7238080017338889,2.04309789589968e-13
0.21498548727934136,7.740204462405162e-10,1.3160786867585129e-09,1.3523010139617602e-07,1.6457955097555276e-12,2.1834174900991725e-12,1.2652422004425058e-14,2.113598310389619e-11,0.7850143753752702,2.1002316738254994e-13
0.21940579538123292,7.659830996864229e-10,8.985470671814181e-10,1.283777061618109e-07,1.3597157646690905e-12,1.6916146835019204e-12,8.723785573226441e-15,1.5657146426716407e-11,0.7805940745576487,1.6481570416885717e-13
0.3005772449303184,9.346811672128354e-10,1.4716218300469795e-09,9.814265913952588e-08,1.6789939555866617e-12,2.5611583037021957e-12,1.4004544191793271e-14,2.0870047706044713e-11,0.6994226544953573,2.37874960911181e-13
0.2506283378341636,8.418750071668269e-10,6.1482065523464785e-09,1.175540610076342e-07,3.212188280380449e-12,6.9210974034993324e-12,7.019943460474892e-14,4.06197050028049e-11,0.7493715375702802,5.904305247461596e-13
0.18341979037864234,7.027227426926781e-10,1.4394653051672415e-09,1.4467167445024798e-07,1.6170331764241565e-12,2.2258178954636796e-12,1.3917892035015481e-14,2.292487387293843e-11,0.8165800627804932,2.2026066837579086e-13
0.2609263690573835,5.922574008200574e-10,4.52840383771679e-09,9.813632861714013e-08,4.019204998355386e-12,5.7210971288013205e-12,6.20569299054352e-14,2.933390236000669e-11,0.7390735276460487,4.417095851380982e-13
0.10817524329222726,5.469676679492189e-10,2.9489768072749308e-09,2.9479090860286196e-07,2.7328482288335716e-12,3.3609206857591812e-12,3.2647808026104236e-14,2.6774219104057606e-11,0.8918244583876336,3.852654535727744e-13
0.23590023302318008,6.903952911616933e-10,1.2075173160232463e-09,1.0810809588281821e-07,1.740891887103576e-12,2.2321092451238654e-12,1.238589887365474e-14,1.842716150145352e-11,0.7640996569481929,2.0601121954699404e-13
0.28551999970125747,9.037182766328982e-10,3.636539477136369e-09,1.0692044214976917e-07,2.7621455569490916e-12,4.7972163489218665e-12,3.829398792027117e-14,3.81282728561514e-11,0.7144798887918913,4.254229777030287e-13
0.29330777883889875,8.909408133941728e-10,2.6716431438617254e-09,1.0128338819257068e-07,2.4895159407968493e-12,3.6863999110411835e-12,2.740377892983884e-14,3.1650322173618593e-11,0.7066921162769398,3.3569932481384906e-13
0.327704410860684,9.627448216401636e-10,1.631309324527937e-09,8.859196419080925e-08,1.6101680234582428e-12,2.7286436406941006e-12,1.5247451056456856e-14,2.2371290284245076e-11,0.6722954979263259,2.463581149916725e-13
0.17335098828010995,6.567167019909193e-10,1.0130945854225329e-09,1.6944334173886084e-07,1.5100757155760156e-12,1.8585319791805984e-12,1.0095711073797449e-14,1.806166836959125e-11,0.8266488405851147,1.821360665783077e-13
0.33907170758810545,7.648986568008822e-10,1.039271299207596e-09,7.783807987119685e-08,1.3256396287784245e-12,1.8147543742152914e-12,1.0119577861525587e-14,1.560969411994316e-11,0.6609282127507172,1.6729867128481158e-13
0.3450851472559454,8.955675026276441e-10,5.224992596531329e-10,7.457508470985152e-08,7.740092008102306e-13,1.0139959486053264e-12,4.8719870440586336e-15,9.354491678232862e-12,0.654914776739659,9.668599504298687e-14
0.28797051781579774,9.107524450413468e-10,4.003809980813491e-09,1.0633515794785792e-07,2.743953214556909e-12,5.592333672255236e-12,4.120677575389921e-14,3.731209986469744e-11,0.7120293708883225,4.697507903997166e-13
0.28595840458663657,8.663735144467195e-10,4.34751808638702e-09,1.0378174920235305e-07,2.929438868896302e-12,6.093621555259837e-12,4.551148065857969e-14,3.559771274393913e-11,0.7140414863725606,4.955906175016384e-13
0.2838138725284896,9.010832880032667e-10,3.131582604914894e-09,1.091682837223184e-07,2.5501161847693926e-12,4.428143291699591e-12,3.126347983427348e-14,3.2326887318332606e-11,0.7161860142308398,3.8458278234554095e-13
0.24784925207220404,8.690430826773875e-10,1.0106906181135396e-09,1.2472710278500687e-07,1.3413822407362938e-12,1.8174481243409253e-12,9.97079996859768e-15,2.0060347505072717e-11,0.7521506212975538,1.7644249022424798e-13
0.15738565250269893,6.150909224225599e-10,1.0655614721586475e-09,1.783458480288752e-07,1.6536188052892876e-12,1.9887249068369842e-12,1.1203921848930236e-14,2.3937800120128826e-11,0.842614167443008,2.0124714289215344e-13
0.1322378074383757,5.742615753353052e-10,1.8248641101384344e-09,1.7655889615952882e-07,2.190736737198745e-12,2.6710162604601095e-12,1.9790726381758512e-14,2.4492755629034303e-11,0.8677620135739433,2.8486848023431107e-13
0.22636926241385463,7.668127026194537e-10,4.4306753102578875e-09,1.2007738695910977e-07,3.355861335655126e-12,4.854867568460058e-12,5.0752802218632874e-14,3.373590269682221e-11,0.7736306122688229,4.5015703954205774e-13
0.17956489423470534,6.990437933799455e-10,5.297648667220641e-10,1.3135647715344654e-07,8.908342096672179e-13,1.0414362045700213e-12,5.243728188033957e-15,1.3506859920722645e-11,0.8204349731644592,1.053614721703678e-13
0.29065628560257234,9.123576274878407e-10,2.1546715713589036e-09,1.044204337685017e-07,2.1100380831249633e-12,3.434649442478666e-12,2.0611844456632784e-14,2.6247369145638853e-11,0.7093436068778476,3.043827954611602e-13
0.20877084500315077,7.520909390258773e-10,2.8166885474401242e-09,1.5146395753702637e-07,2.794911474833496e-12,4.467151816476019e-12,3.2939588789463394e-14,4.4907881505301095e-11,0.7912289999114834,4.258580668233873e-13
0.11481454650699148,5.294904556351279e-10,4.0022313835825345e-10,1.725242739429311e-07,6.273263730418092e-13,7.845775488827821e-13,3.879849369776872e-15,1.0644266255682155e-11,0.8851852800268798,8.123872797548529e-14
0.08728073103546592,4.975638492075254e-10,5.1909069496536695e-09,7.063473600444673e-07,3.4080909899763845e-12,3.938824037947376e-12,6.998663322589549e-14,3.3665290669428766e-11,0.9127185568870924,5.287423040939261e-13
0.11510223250439361,5.14471543276881e-10,1.4144743399090092e-09,1.8106518895098131e-07,1.7540148065152651e-12,2.072310243273557e-12,1.4422427714090013e-14,1.6968564527695253e-11,0.8848975844804442,2.1815711660383116e-13
0.23770181109943364,8.326837158106289e-10,5.878672361664003e-10,1.0738005022251625e-07,9.368982649095771e-13,1.1433457881312157e-12,5.599377082815214e-15,1.0866502384561322e-11,0.7622980800869007,1.1217481320782404e-13
0.29697924966555594,9.319191226445448e-10,1.1157405708550926e-09,9.662712958982936e-08,1.4702689903645632e-12,1.9175614026213327e-12,1.068886518761996e-14,1.8517674552417895e-11,0.7030206516375546,1.8408795755343405e-13
0.2824905015904995,9.052874821434712e-10,1.1139868823825853e-09,1.0117846886949435e-07,1.521154514889242e-12,1.880760917358752e-12,1.0780762817734974e-14,1.9119412672897047e-11,0.7175093951890429,1.8227280613297696e-13
0.3008397647376856,8.614779204855042e-10,1.4490194841856236e-09,9.775259543190677e-08,1.6371040738538543e-12,2.5274094695003808e-12,1.3885617433828608e-14,2.5310867695872224e-11,0.6991601351694992,2.3310960710903563e-13
0.24008845359148584,7.952365719498352e-10,6.489875518642612e-10,1.0797477429425684e-07,9.788856979834668e-13,1.2575130442937282e-12,6.205972416235713e-15,1.2709916257708965e-11,0.759911436974442,1.213652770107826e-13
0.17397967127857444,6.8014757316582e-10,5.622499173374717e-10,1.57914577148992e-07,9.523563553878136e-13,1.1268910342404684e-12,5.545115269379465e-15,1.370434908308631e-11,0.8260201695485497,1.120958576575482e-13
0.26986570350697126,6.096818531662585e-10,2.656692260291927e-09,9.396079115938497e-08,2.9237801711681274e-12,4.022400504483965e-12,3.012774764091445e-14,2.3835390226210274e-11,0.7301341992347201,3.317228095948292e-13
0.22112974697770688,6.311999989187198e-10,1.8708221028933626e-09,1.1548912548223433e-07,2.4336450380571863e-12,3.2629707076472526e-12,2.0457230317945404e-14,2.4552166513186618e-11,0.7788701350005834,2.928265786192144e-13
0.17807393703440216,6.764777440444791e-10,1.4297910093155093e-09,1.6469383862224562e-07,2.006693229485157e-12,2.4876018116566605e-12,1.5567805619592968e-14,3.6032144390300345e-11,0.8219258961246975,2.5099517553934714e-13
0.0711198097874203,4.132046115070748e-10,1.184229374869706e-09,6.304083900637953e-07,1.3965834247083714e-12,1.6131078706295139e-12,1.2013753316189494e-14,1.6342693461205545e-11,0.9288795581871998,1.9138194767901617e-13
0.1825084610120032,6.832184708090598e-10,1.375544759810402e-09,1.6621342564042688e-07,1.906758434683497e-12,2.32889901877122e-12,1.3847538819123647e-14,2.0327879617640738e-11,0.8174913706910043,2.261693063756496e-13
0.2143408582198754,6.80883989225862e-10,8.351430752130041e-10,1.177209362807867e-07,1.1176049598407014e-12,1.5121826878852164e-12,8.065908661704879e-15,1.9071257981682642e-11,0.785659022521304,1.4810505255450635e-13
0.1931057777124144,8.750366817464047e-10,4.5864982651497804e-10,9.547051501806451e-08,6.272711262505796e-13,8.403207170428532e-13,4.2696981880601455e-15,1.0716272745274207e-11,0.8068941254711103,8.569297354365319e-14
0.19221332108498496,6.643365012596272e-10,1.5746589959892106e-09,1.6102839422981172e-07,2.219675422131799e-12,2.8646871203827387e-12,1.6536631676456893e-14,2.660834303959728e-11,0.8077865156156466,2.694149425210422e-13
0.22109867035011113,7.131997568989678e-10,6.782783894802563e-10,1.250397349564969e-07,1.0589953718047495e-12,1.3201115848050708e-12,6.531678622641078e-15,1.4445707292839034e-11,0.7789012032017161,1.2839020725282893e-13
0.19462733288768022,6.995727621091216e-10,1.5442823173436542e-09,1.636972888812244e-07,2.1264470619403675e-12,2.731190689436153e-12,1.5852437026393105e-14,2.4706259438099678e-11,0.805372501141335,2.6112325500270404e-13
0.2789528557723362,8.729676435986115e-10,5.127659579861793e-09,1.0886331864592329e-07,3.045679672877477e-12,6.823961092504484e-12,5.520457967575583e-14,3.992646285897726e-11,0.7210470293133115,5.550515715881758e-13
0.19672807445317264,7.528214224722228e-10,7.665537379611763e-10,1.5134122900483983e-07,1.1642103338482475e-12,1.4798247237600342e-12,7.445360672172232e-15,1.6235527668515555e-11,0.8032717726671915,1.446830565092816e-13
0.21337716371020612,8.374048305574978e-10,7.874013003682222e-10,1.122893868025994e-07,1.017004414350608e-12,1.3590438872278326e-12,7.287637415624603e-15,1.3631621373829514e-11,0.7866227223594521,1.3388964568566672e-13
0.28276142229778906,6.421717856711048e-10,2.2688870794108297e-09,9.040714989666019e-08,2.5712410018281326e-12,3.4066050050821558e-12,2.4839753414797808e-14,2.350467168217956e-11,0.7172384843542011,2.9360835457692695e-13
0.25999246862911934,6.010744040555124e-10,2.533480581579565e-09,9.596113626896943e-08,3.054695114569638e-12,3.785719333751821e-12,2.9141032072793976e-14,2.3439176575167645e-11,0.7400074322445603,3.2024514357606215e-13
0.2010360341423409,7.345469751999994e-10,8.925759272206102e-10,1.416239775311484e-07,1.5179655969144678e-12,1.5284596154941696e-12,9.024507516409293e-15,1.705848052369783e-11,0.7989638225862906,1.5408514713457805e-13
0.23147535052504858,6.290414338801277e-10,2.104169685626542e-09,1.0861018321540587e-07,2.860348659056693e-12,3.0286419403817593e-12,2.381658288209612e-14,2.4212875260882327e-11,0.7685245381011512,2.8027378661907354e-13
0.3316828178308331,7.965874471827362e-10,8.835035257397758e-10,7.719776137137102e-08,1.215044527878312e-12,1.6211762165881619e-12,8.438578599438527e-15,1.3500454177477424e-11,0.6683171032748187,1.5076371466181604e-13
0.2612503056034666,5.913677814822314e-10,1.3147044343572544e-09,8.51209315162851e-08,1.7615928750992726e-12,2.21771689155816e-12,1.3357286082774156e-14,1.5731791319568502e-11,0.7387496073496052,1.9997653096780268e-13
0.25283252905529546,7.821173114983221e-10,2.597140357998041e-09,1.1630734734931554e-07,3.1042218871041312e-12,3.250294270544116e-12,2.8458677628375886e-14,2.796302370451407e-11,0.7471673512234454,3.08081085816062e-13
0.27356043763448934,6.527618535856094e-10,1.2002546157058389e-09,8.97201674369351e-08,1.7153603722344815e-12,2.0935503706821046e-12,1.2251315325154879e-14,1.6708953526752287e-11,0.7264394707716051,1.9162373062868253e-13
0.2433713638403383,6.209953898953424e-10,1.3032613081212145e-09,9.944147234982426e-08,1.8800531940365816e-12,2.3344115248150706e-12,1.3399660107073157e-14,1.716141871880826e-11,0.7566285347723318,2.115197740375333e-13
0.305840056243089,7.185468566639723e-10,1.1419714357088754e-09,8.457636039293112e-08,1.5542983874194095e-12,1.905370371521245e-12,1.1455036954306567e-14,1.6916652364464697e-11,0.6941598572994668,1.776440690022431e-13
0.252573391051928,6.635096084245266e-10,2.6386667420746326e-09,1.0747422927277293e-07,2.9835895036624406e-12,3.894715412140968e-12,2.8649422390646236e-14,2.266300573754934e-11,0.7474264981417632,3.332106256072628e-13
0.23951875914056378,7.453141943438287e-10,1.3442581277619702e-09,1.1372925779932595e-07,1.9899662381954805e-12,2.2147084353144473e-12,1.3649429129902469e-14,1.7008566228294693e-11,0.7604811250191666,2.1255536712562163e-13
5.848640940213725e-41,1.0505590564069939e-68,2.513731373166074e-85,7.0375631410075985e-75,0.23150594548750145,0.7205030108130468,2.108997437620414e-77,1.4607175842930512e-68,4.0430480289778926e-70,0.04799104369945161
0.23670393336982526,7.985107166463709e-10,4.426651589893484e-09,1.375499236626805e-07,3.4550814212418914e-12,5.3861337052276105e-12,5.5229238846282457e-14,3.528703344388846e-11,0.7632959238104193,4.859822958670959e-13
0.22306387120409008,7.833412178341067e-10,1.8894288423021962e-09,1.4549014447473593e-07,2.1699716900330472e-12,3.0808302165857787e-12,1.9869102060645243e-14,2.963050162295145e-11,0.7769359805978021,2.922553055303737e-13
0.31242283255435827,9.466370809087247e-10,2.435458413926961e-09,9.508140615847734e-08,2.122321536727875e-12,3.910366543752994e-12,2.362635846928486e-14,2.9791321339804757e-11,0.6875770689459517,3.408290336759271e-13
0.0961923107717414,4.950288607026222e-10,7.096025045362873e-10,1.907396011288339e-07,1.0022170335873352e-12,1.1513503673470925e-12,6.8298916670953e-15,1.0340170554295586e-11,0.9038074972714016,1.2381217005710917e-13
0.13039111198503114,5.11121736295006e-10,7.351566290075484e-10,1.2639802684660255e-07,1.0751433853133252e-12,1.2804958665405142e-12,7.254756414904718e-15,1.173691702977115e-11,0.8696087603564345,1.2942529113022764e-13
0.16295495924833478,5.872256961030103e-10,1.7708618065479747e-09,1.4082532544704462e-07,2.3496644896952607e-12,2.7573051052029827e-12,1.911351250256345e-14,1.9404263184587817e-11,0.8370448975434523,2.6966219945275474e-13
0.14128952755286492,6.161947103142753e-10,5.109153093322443e-10,1.6104894244691306e-07,7.740470815202257e-13,9.993896464871783e-13,5.0039750036374935e-15,1.408969455812382e-11,0.858710310255112,1.0246558580285143e-13
0.17930647802884744,6.79630308817224e-10,8.796360337652414e-10,1.618186182790769e-07,1.5105630732492871e-12,1.5782766717046372e-12,9.033267783392885e-15,1.9280962293079326e-11,0.8206933585707296,1.5936177870898763e-13
0.10060840583949933,5.243858102285118e-10,3.602927340331529e-09,3.831289985544571e-07,3.2075648055267883e-12,3.718494876118611e-12,4.418697851306487e-14,2.937551868789576e-11,0.8993912068673956,4.475590432006174e-13
0.2430038131865867,1.0221703214830635e-09,3.6966540199130436e-10,7.898915244153408e-08,5.252235609583916e-13,6.915140277989687e-13,3.414203733404131e-15,7.898247678683256e-12,0.756996106423237,6.970887400493658e-14
0.23135189319210148,8.111030537315685e-10,1.6572106389754897e-09,1.341655228221344e-07,2.152065429921494e-12,2.496381337382537e-12,1.7694172366926948e-14,2.8036754085806057e-11,0.7686479701411133,2.4572781422526273e-13
0.30806061462730133,8.940320465650243e-10,2.133169897429482e-09,9.428190863713332e-08,2.0968949307200593e-12,3.3464510471959586e-12,2.100151517442195e-14,2.614379242792476e-11,0.6919392880316784,3.0145476822128025e-13
0.28854348974468347,8.958262423219697e-10,2.8810137807373356e-09,1.0878376229677841e-07,2.3718485813344427e-12,4.139823490626639e-12,2.8596410754720553e-14,2.953519977883064e-11,0.7114563976582741,3.647384118094521e-13
0.29371734864590565,9.189202331560353e-10,3.6411446273726174e-09,1.0441206202374e-07,2.566433101669752e-12,5.246976785526494e-12,3.6795448765254095e-14,3.552821258412394e-11,0.7062825423381426,4.464495711765655e-13
0.24854527568442863,8.217922811809762e-10,2.5147326341368605e-09,1.2365491344739132e-07,3.027054383878066e-12,3.102287715114518e-12,2.7210720683144666e-14,3.093978800956902e-11,0.7514545972867361,3.005148756733549e-13
0.24280095230012483,8.339907222814878e-10,2.008488505859272e-09,1.296200984291891e-07,2.3236795576996518e-12,2.9604434462635495e-12,2.152710663433616e-14,2.940569062358524e-11,0.7571989152023009,2.8540311191636713e-13
0.20720440729266912,7.273140520298127e-10,1.467244910652942e-09,1.488110560447402e-07,1.9327917458455517e-12,2.5668471758043403e-12,1.5520160260481034e-14,3.063504847849945e-11,0.7927954416663168,2.489373077590022e-13
0.24629251103762972,7.395410360061429e-10,1.3074923619703382e-09,1.1066435214208583e-07,1.989724701401326e-12,1.970703732649854e-12,1.363457535723465e-14,2.1221135755398313e-11,0.7537073762255969,1.9267799082445995e-13
0.10943043662102607,5.513021911518297e-10,3.0933833066102333e-09,2.8981247436528857e-07,2.8453251550177886e-12,3.682773561974756e-12,3.709240229839413e-14,3.47931650447097e-11,0.890569269880021,4.3473292860085234e-13
0.17126482715844465,6.761825885322164e-10,6.781104529924349e-10,1.5637341806523054e-07,1.1512712685160843e-12,1.297447600340239e-12,6.8225645612221106e-15,1.647680135102793e-11,0.8287350150947801,1.3184614354049e-13
0.26086942785346423,8.612128066215433e-10,1.5544563591547295e-09,1.2215121670819314e-07,1.769243647494877e-12,2.584257142214773e-12,1.5519261263846543e-14,2.4747854990192524e-11,0.7391304475502884,2.4461621244864135e-13
0.18322632164921715,6.899723923784483e-10,1.3475062323691987e-09,1.7303730480519482e-07,1.8924915360745406e-12,2.531034048846852e-12,1.3920918454078943e-14,2.7074222036313185e-11,0.8167735032442424,2.4531977188557854e-13
0.20158416945782207,7.326240037337605e-10,1.2089723026191199e-09,1.4625968093079724e-07,1.7792896108987037e-12,2.2891337882021375e-12,1.2379563128748221e-14,2.25216603524205e-11,0.798415682314079,2.1921372350163019e-13
0.2711153810905984,8.662270998985349e-10,2.4660317150328634e-09,1.1711759141730632e-07,2.346303516957834e-12,3.704264875196319e-12,2.3922505295406025e-14,2.904948226872946e-11,0.7288844984240969,3.3048430846192e-13
0.22363618356492357,7.981108701268412e-10,1.684082894875098e-09,1.37270193979306e-07,2.0729205158405757e-12,3.0359900871682048e-12,1.7310296788188324e-14,2.7335844104840517e-11,0.7763636766499461,2.8051120585702834e-13
1.0204050158592795e-40,1.8328971492220113e-68,4.3856754550703603e-85,1.227834774252379e-74,0.48913028598314706,0.46798010768857556,3.67954125715845e-77,2.5484955650432045e-68,7.053854955880156e-70,0.042889606328277506
0.2574919408128599,9.280362544243934e-10,6.697625713490279e-10,1.1505363525241443e-07,9.591136483855194e-13,1.2576111549620404e-12,6.471650017297962e-15,1.4907605298378584e-11,0.7425079425184514,1.2367833410663455e-13
0.09807930198807321,5.206118072491787e-10,3.955476462516436e-09,4.1481452032555455e-07,3.3096583283614553e-12,3.9283783709784326e-12,5.168719358417161e-14,3.49320735345091e-11,0.9019202786786078,4.885970847309193e-13
0.20488192152538676,5.779298034901665e-10,9.782983218317373e-10,1.0063670525320813e-07,1.4705653779122378e-12,1.7455710051533723e-12,1.0087500534097755e-14,1.592118044884204e-11,0.7951179762623656,1.6675550587670644e-13
0.09042277865201637,5.163024650610045e-10,1.0048194019221455e-08,7.421361678773589e-07,4.527150082828052e-12,5.098784773789805e-12,2.3321802252310854e-13,3.920624533759117e-11,0.9095764685975238,7.301459406482522e-13
0.2513833005888662,5.915784220600983e-10,1.8767703456913668e-09,9.597463550906299e-08,2.4931985124879658e-12,3.0888359877068017e-12,2.0693796090945164e-14,2.165829589890693e-11,0.7486166009406187,2.697075870409244e-13
0.3022602021713092,8.168692788604906e-10,1.6107013669081154e-09,9.184290972817027e-08,1.8813166459943625e-12,2.65757596065796e-12,1.5862879604253816e-14,1.998143933588289e-11,0.6977397035334312,2.4290653336078573e-13
0.2390477464879127,6.240257507342999e-10,1.1851642536273485e-09,9.957824415530675e-08,1.83199771565715e-12,2.0834002931049645e-12,1.2253443262335352e-14,1.6301273432194645e-11,0.7609521521042303,1.939309488725615e-13
0.22274148703763047,7.675539631140168e-10,4.9042720147181035e-09,1.4919816798892974e-07,5.037615653441994e-12,4.216948604135574e-12,6.917555301673045e-14,4.6075143511299806e-11,0.7772583580365671,4.0954364222243033e-13
0.19776734297459414,7.146074860596965e-10,1.6220634624621012e-09,1.5470072315790865e-07,2.3070805629000976e-12,2.8144449067019545e-12,1.690815541358644e-14,2.036017149537341e-11,0.8022324999622422,2.709045373687174e-13
0.2837242757068633,9.016446904790419e-10,2.8574214755631953e-09,1.1164908234181194e-07,2.417226444035551e-12,3.940338447192466e-12,2.9490244095811135e-14,2.8359930222637825e-11,0.7162756088498827,3.5844972522355293e-13
0.2942597213858403,6.788902961958487e-10,1.0135159413095538e-09,8.379168759729262e-08,1.4391606205041605e-12,1.841199435684916e-12,9.91677210467025e-15,1.3825293972931787e-11,0.7057401931127821,1.6819353365292048e-13
0.3174738012332026,8.146176055141945e-10,1.6843486269722894e-09,8.73312438181944e-08,1.8416651193559595e-12,2.864668400867263e-12,1.6251347733631952e-14,1.974997652824579e-11,0.6825261089118626,2.521998486921713e-13
0.23665741652016567,7.311757787648361e-10,1.1331352348470165e-09,9.021944189000999e-08,1.3258861734586674e-12,1.8665786655178198e-12,1.070631321346727e-14,1.501052743100823e-11,0.7633424913776894,1.78226154739247e-13
0.28526042508320365,9.026594774316685e-10,1.6734540529000713e-09,1.0985879976718773e-07,1.7973504198058642e-12,2.647837683785148e-12,1.6524857069334917e-14,2.2011798274412568e-11,0.7147394624551621,2.4755659221198247e-13
0.30153786970047375,9.205719417062931e-10,9.088059274754694e-10,9.586686742795311e-08,1.2178600813091025e-12,1.6564644726517475e-12,8.596051187570954e-15,1.7050243026734917e-11,0.6984620325831886,1.5914074563347563e-13
0.1433066063927873,5.756001151366512e-10,7.761525200604389e-10,1.8652018357782481e-07,1.1956461871742226e-12,1.5085509399141297e-12,7.841482489239814e-15,1.906906143682426e-11,0.8566932057133426,1.5272937480866068e-13
0.2838722516059575,7.236854080263065e-10,2.3657329278966587e-09,9.673096866733731e-08,2.383507879235417e-12,3.776950052369535e-12,2.465258820187993e-14,2.433204161586487e-11,0.7161276485428153,3.229599628743409e-13
0.21565827534650914,6.494272107733253e-10,1.1506379422184736e-09,1.237720413164278e-07,1.6964034275353044e-12,1.929302899747069e-12,1.1640087123099417e-14,2.270622862808585e-11,0.7843415990548523,1.8846958796778484e-13
0.11332516780131612,5.167262629294938e-10,2.287401689700629e-09,2.1091259750615954e-07,2.58380209646928e-12,2.9009305881762922e-12,2.590328910415218e-14,2.3046932255945117e-11,0.8866746184530828,3.180190427949363e-13
0.2548184491579405,8.208338317073705e-10,1.1823120212963497e-09,1.1524494350314469e-07,1.6013088001781783e-12,2.0775154636460794e-12,1.1555989838149529e-14,2.0070159804758806e-11,0.7451814335700098,1.9990551467086465e-13
0.15990610794384943,6.861639509221116e-10,7.351543548687629e-10,1.203027526889284e-07,1.0168881598987842e-12,1.2827098108663124e-12,7.07971184486896e-15,1.2804345732494322e-11,0.8400937703168377,1.3070771926754875e-13
0.22928373451760076,7.913698499077907e-10,1.3287891220087446e-09,1.2033217640130912e-07,1.917942033337595e-12,1.9595941554029944e-12,1.3470631386622232e-14,2.1618818166544174e-11,0.7707161430043574,1.9661075325627005e-13
0.2839946974920221,7.340473263556537e-10,9.395156020768972e-10,8.175969823368366e-08,1.2182250981364747e-12,1.6626366073305028e-12,8.90878449851646e-15,1.350603659862436e-11,0.7160052190581656,1.5525387526158576e-13
0.21074063472787224,7.461981248300423e-10,1.0028192084027925e-09,1.3894279164774964e-07,1.4804097551956935e-12,1.928902637602132e-12,9.975746953624276e-15,1.966920322247558e-11,0.789259224557045,1.8523315415842845e-13
0.13918369946115058,6.221601794911861e-10,8.391284197840406e-10,1.7280964775720911e-07,1.1672175329868094e-12,1.4971050586484496e-12,8.228092848627845e-15,1.6017541969578794e-11,0.8608161262490711,1.5203632302226182e-13
0.08674001409265393,4.966369907553502e-10,4.029866620329965e-09,6.317644982343085e-07,2.99757577751923e-12,3.5133917234748357e-12,4.858443582497764e-14,2.965362654418477e-11,0.9132593495796747,4.563196277450797e-13
0.2513875801563042,8.658524227701312e-10,4.650331742430241e-10,1.114723813439954e-07,7.158212790786979e-13,9.264079889601084e-13,4.373792715151037e-15,1.1008495204088164e-11,0.7486123070276832,9.057136147688801e-14
0.15990533663404144,6.280764154162266e-10,1.9165738111728345e-09,1.802832586716667e-07,2.4677645833574393e-12,3.3129661792112653e-12,2.153511268797384e-14,3.304007561384227e-11,0.8400944804988771,3.30099714179967e-13
0.20934323710958858,7.390098468029251e-10,3.3063218477981916e-09,1.5542461156416793e-07,3.4876736222514463e-12,4.518118327931327e-12,3.771592115042487e-14,3.199311791139968e-11,0.7906566033800145,4.1692277971892877e-13
0.17766491343040142,6.586665926366874e-10,8.20943507521459e-10,1.6208778211215602e-07,1.3923887958359914e-12,1.5392243287913418e-12,8.338367208780197e-15,1.826422464043774e-11,0.8223349229808484,1.5375486363330495e-13
0.28372980615208726,6.946854402681018e-10,1.2541151559948874e-09,9.04136451184641e-08,1.649683256033844e-12,2.2120650752154477e-12,1.2368051449852676e-14,1.6884331781649176e-11,0.7162701014645091,1.993922479621003e-13
0.26818341763288694,8.6299083774355e-10,1.6178262674506096e-09,1.1063739516488329e-07,2.0346653558488515e-12,2.4961879348166674e-12,1.610765738470366e-14,2.438368014956058e-11,0.7318164692197302,2.3985188476698436e-13
0.21717384218316715,7.876527444435078e-10,1.2151692378151943e-09,1.3726177365066196e-07,1.7332718478595579e-12,2.0342799315485414e-12,1.2692752123835758e-14,2.4797673879019545e-11,0.7828260185234573,2.019059022329399e-13
0.22801972579007482,7.856846338486589e-10,7.882077272709698e-10,1.303152930677756e-07,1.1615127232060417e-12,1.5246298852877813e-12,7.55983119475054e-15,1.5760812254073436e-11,0.7719801423021386,1.465321307677539e-13
0.1042959036664778,5.327972583866199e-10,4.330306735015583e-09,3.5620395676903374e-07,3.5170108964656e-12,4.247731680778644e-12,5.72985727569816e-14,3.4574651061259445e-11,0.8957037352235527,5.118862583468283e-13
0.2375970615040627,7.742020685892016e-10,7.405055161839329e-10,1.0728339688877787e-07,1.1045564469009764e-12,1.2873913878574664e-12,7.203829904604807e-15,1.8010342678650893e-11,0.7624028296772943,1.290706944596737e-13
0.16921273426826397,6.944174368658357e-10,5.975546638708489e-10,1.206687241321338e-07,8.564424418793576e-13,1.0973447799610811e-12,5.71178010941452e-15,1.1269315924639833e-11,0.8307871437577016,1.0945330911661787e-13
0.09449392438073757,5.21798464749577e-10,6.538054363264802e-09,5.112039758247193e-07,3.94314098841836e-12,4.667509455751089e-12,1.0491061878229398e-13,3.7331064927048954e-11,0.9055055573087671,6.200950689325174e-13
0.18172789886031768,7.05345744472035e-10,8.487514049012745e-10,1.5473296359861228e-07,1.265825272903488e-12,1.68392066046477e-12,8.537186420739154e-15,2.3769483846151035e-11,0.8182719448257251,1.6882769426057227e-13
0.2491244156089139,7.52564951973297e-10,5.589493142313182e-10,9.642636933316357e-08,8.326852539794425e-13,1.042324531597129e-12,5.320796623498982e-15,1.4015496494298223e-11,0.7508754866372033,1.0338695730238619e-13
0.08798608846465618,4.706756370188867e-10,1.8206721171621278e-09,4.7519776658898183e-07,1.98846672269537e-12,2.3875573377364857e-12,1.938132011305882e-14,2.450774857932651e-11,0.9120134340170458,2.8051898660256363e-13
0.0953008504942451,4.949498240101986e-10,1.3477399051586115e-09,2.733347767578213e-07,1.626775551927616e-12,1.9100258112127762e-12,1.420794112119427e-14,2.108689309083331e-11,0.904698874303434,2.164974035046503e-13
0.08039129392917517,4.3365625953269126e-10,4.74608977423707e-10,2.867828798843879e-07,6.953836023148431e-13,8.410506149472243e-13,4.582495542206539e-15,9.954730978051012e-12,0.9196084183680939,9.010971902118574e-14
0.22510667935093426,7.997815807217702e-10,1.5567163017229517e-09,1.261060980134519e-07,1.732186808960909e-12,2.6835773382983253e-12,1.538216429133047e-14,2.565813679384184e-11,0.7748931921561254,2.552133900284487e-13
0.18040575353757415,6.773243112622034e-10,1.3643777733341847e-09,1.7044340722388704e-07,1.865354310840897e-12,2.644479365527711e-12,1.4354579664841138e-14,3.3290164137982024e-11,0.8195940739392437,2.585736083783633e-13
0.17806464474098302,6.202204109291636e-10,9.585041689040117e-10,1.6180231208302707e-07,1.548291989737465e-12,1.8286396814109664e-12,9.80711686686575e-15,2.1413322908037542e-11,0.8219351918530002,1.799221060180974e-13
0.2255214709845371,6.699443153089193e-10,4.055941206294426e-09,1.0889971338779297e-07,3.131954494493675e-12,5.0056345883131175e-12,4.581152585089244e-14,2.8484925597510973e-11,0.7744784153527616,4.3400253482420675e-13
0.12658971323119836,5.23193253175305e-10,2.931245521183536e-10,1.2731313514792119e-07,4.940152251533254e-13,5.58080441076235e-13,2.816451713239697e-15,7.754240122320967e-12,0.8734101586304819,5.762852966563457e-14
0.29196279027060024,8.264451626619866e-10,2.533312387311541e-09,1.007321635504391e-07,2.376346327140241e-12,3.763440620005695e-12,2.506595384964405e-14,2.586304701857697e-11,0.7080371056051254,3.2529122829506253e-13
0.17219710223652676,6.677731389544745e-10,2.5146166594965143e-09,1.7355636788146378e-07,2.9782740315895173e-12,3.6346270331082083e-12,2.789319267559492e-14,2.3521136781733552e-11,0.8278027209941946,3.589810514750091e-13
0.17219710223652676,6.677731389544745e-10,2.5146166594965143e-09,1.7355636788146378e-07,2.9782740315895173e-12,3.6346270331082083e-12,2.789319267559492e-14,2.3521136781733552e-11,0.8278027209941946,3.589810514750091e-13
0.281919019302328,1.0360490196247503e-09,3.201578021315789e-10,9.102464914440832e-08,5.024911179416351e-13,6.464724894756729e-13,2.9899544892819224e-15,8.290045110988091e-12,0.7180808883073101,6.399780000863867e-14
0.0814355646764372,4.5312223383351296e-10,1.8212036625327156e-09,5.914094378896858e-07,1.9153254074164293e-12,2.2482379469861264e-12,1.9146667403403856e-14,2.2954902537132983e-11,0.9185638416123918,2.6971896647414517e-13
0.2458283361715616,8.32956742247307e-10,7.437393761600385e-10,1.1253287633151758e-07,1.033688674521453e-12,1.3761877499463812e-12,6.939977409827781e-15,1.4114582995351419e-11,0.7541715497022016,1.329238712202348e-13
0.20671826057470866,7.191199270050813e-10,1.5772673718089577e-09,1.535230749176091e-07,2.0254572206521555e-12,2.7835395127743378e-12,1.6399361039707837e-14,2.996996915001375e-11,0.793281583570771,2.6274083339505096e-13
0.199258571626705,7.627540725943564e-10,8.042810102325152e-10,1.4760187729350968e-07,1.1995285399460587e-12,1.5146191721541216e-12,8.088555867877175e-15,2.083218257303204e-11,0.8007412791806767,1.5153117756823375e-13
0.22729899689745614,7.975063930948593e-10,2.3939552082898275e-09,1.3753787504415122e-07,2.5817433171927763e-12,3.756010288339668e-12,2.6587511457425325e-14,3.130097844528249e-11,0.7727008623351924,3.495523111487824e-13
0.10665960898195513,5.40771777141978e-10,2.7042589203509716e-09,2.6761369000307694e-07,2.5317606040895103e-12,3.0565057562031876e-12,3.092177129834965e-14,2.7274890658456617e-11,0.8933401201260772,3.5281478599910453e-13
0.13621796869028793,6.285996042948159e-10,4.1729513634695905e-09,2.2140147057460634e-07,3.27769217297503e-12,4.421489462477001e-12,5.2781902108616095e-14,3.637133859750153e-11,0.8637818050620857,4.816299157930133e-13
0.11782022840685237,5.426891654153259e-10,9.014448119950807e-10,2.1191571866902494e-07,1.3269348297034007e-12,1.6136825813072907e-12,9.230312020632013e-15,1.798990056423852e-11,0.882179558212187,1.6821605897753198e-13
0.2975716371201123,9.671440204395956e-10,7.981831666332583e-10,1.0010364664233757e-07,1.0910514670013074e-12,1.4253386442725486e-12,7.67271185397007e-15,1.726782399957624e-11,0.7024282609909823,1.397402614178767e-13
0.28759498241757264,9.635340923734598e-10,7.652251713744317e-10,9.358155306825074e-08,1.0604457743994543e-12,1.454710950468588e-12,7.280609057552276e-15,1.715041014980415e-11,0.7124049222523009,1.4129492541395668e-13
0.18030327413282507,6.59150473769214e-10,2.0351555194582357e-09,1.608310387869332e-07,2.6286896177894815e-12,3.591085169886369e-12,2.2993531755181007e-14,3.501724920044558e-11,0.8196965623002292,3.409903222118795e-13
0.2736652712770063,7.72635457272927e-10,1.973096579212159e-09,1.0338796057220877e-07,2.1281771429891103e-12,3.2906796475894043e-12,2.0245670999289762e-14,2.397969795625668e-11,0.7263346225595906,2.9180637803737043e-13
1.7330537744730444e-41,3.112988738109213e-69,7.448622147964477e-86,2.0853520483290089e-75,0.193869396567201,0.7499133440191956,6.249325282547563e-78,4.3283596117044455e-69,1.198025270934121e-70,0.056217259413603414
0.1459448355613831,6.064827736596289e-10,1.802138640056681e-09,1.811658841396863e-07,2.2595272530621735e-12,3.0304100990812607e-12,1.9926644429117583e-14,2.8192145380868317e-11,0.8540549808303007,3.084642437374893e-13
0.1601656870450788,6.254653581611176e-10,1.0191579411674938e-09,1.407650975408721e-07,1.3844208257979007e-12,1.879426041104337e-12,1.0418843540108465e-14,2.1573250918741427e-11,0.8398341705201624,1.9043633811461446e-13
0.16742008556311358,6.536310854311825e-10,1.006859317190463e-09,1.7731543883309893e-07,1.6163564956313558e-12,1.9559925500678832e-12,1.0481813425922299e-14,2.268822618689013e-11,0.8325797354344907,1.9535720441659773e-13
0.23632898842712644,5.955833348939108e-10,2.782997057759388e-09,1.0561819702494483e-07,3.3706798804191553e-12,4.196778815716321e-12,3.390460691869186e-14,2.705588529201434e-11,0.7636709025410818,3.57129527613532e-13
0.19572222649511253,7.072064806753909e-10,3.212369166492112e-09,1.6143967425432816e-07,3.646149682307675e-12,5.0496678190148274e-12,3.934662249004487e-14,3.3408112573219705e-11,0.804277608103028,4.663491955891779e-13
0.18717220036305024,6.630583027856552e-10,6.524199926657255e-10,1.4390292310161362e-07,1.0733269015622021e-12,1.2384077517731595e-12,6.485964941408715e-15,1.8170060329679318e-11,0.8128276543979356,1.245491746725789e-13
0.18913997265529167,7.175254044653889e-10,7.078856789233407e-10,1.4128471695122654e-07,1.1135710193243627e-12,1.3732269017226378e-12,7.0200227770386985e-15,1.927016591940252e-11,0.8108598846126781,1.383304717983974e-13
