i = 0,i = 1,i = 2,i = 3,i = 4,i = 5,i = 6,i = 7,i = 8,i = 9
3.6873750092614074e-06,3.731941690917993e-06,0.983681616219836,6.8629033864749705e-06,0.012369169710918091,8.879066040176476e-09,4.8989616688136926e-08,0.001138278418816189,0.002613573470564196,0.00018302209109610673
4.167390394787222e-06,4.274252856540837e-06,0.9800127897766041,7.516822942881495e-06,0.015886085929336293,9.465919862670622e-09,5.52392685494099e-08,0.001275990830909223,0.002604306494451024,0.0002048037973165326
4.4057242149227585e-06,4.4779714426901765e-06,0.9821511762248505,7.424003101891473e-06,0.013184988545199023,9.86525269327633e-09,5.997223763968722e-08,0.0014050620999475393,0.0030372543297636024,0.0002051412639894623
4.1385419764133886e-06,4.097276843337199e-06,0.9805267327401815,8.743164465930692e-06,0.014847684443225094,1.0704477606624816e-08,5.353979351875618e-08,0.0012237609134986365,0.0031623301759015746,0.0002224484996361707
5.372963647136212e-06,6.1474579484925255e-06,0.9826439783812726,1.4351664458680238e-05,0.011621766413314773,1.2979436152208328e-08,8.043011387560919e-08,0.0017432198803459978,0.0037274752606113147,0.00023759456885119796
0.007659226561224185,0.005156846538435685,3.746734511678623e-61,0.00390960397335205,8.397944418726131e-33,1.3615199810047825e-05,2.9657388785150694e-05,1.32101368551085e-94,0.983231050338393,1.899162619861971e-73
7.489784095977425e-06,8.383780676934596e-06,0.9804621145725122,1.6850595871474934e-05,0.011677732579746964,1.4466809219854805e-08,1.2667274805782837e-07,0.002715939894273557,0.004842820466001476,0.000268527187263824
2.653392496290226e-06,4.5283380928302575e-06,0.9718591131179922,1.0390340696616515e-05,0.0220672829945465,9.596983464642057e-09,6.790787032619577e-08,0.001617017063360119,0.0038022823856862166,0.0006366548622755329
5.991027636925182e-06,5.911064145947932e-06,0.9816970800102635,1.235316653688514e-05,0.012041589321420675,1.4241916992334543e-08,7.790115371306957e-08,0.001737853174004534,0.004243151753561255,0.00025597833935955014
4.331929694679857e-06,5.2171938688844345e-06,0.9733694551043058,1.094698144076998e-05,0.020614403223824185,1.1653077548878768e-08,8.110097881968284e-08,0.001814722624001698,0.0036896431640357948,0.0004911870247715337
1.7649405728293556e-06,2.226605558776627e-06,0.9822926265532345,5.237295139303996e-06,0.015317724059676179,6.087730522789433e-09,2.6454818928123318e-08,0.0006037536194094641,0.0015729377891089598,0.00020369659475036545
2.662607142199472e-06,3.734018057053653e-06,0.9775800620498759,7.819050336488412e-06,0.018618360498755118,9.593484083581212e-09,4.5276233847161285e-08,0.0010226448515409992,0.00241220108847436,0.00035246096610013264
2.783588249310856e-06,3.198423334944045e-06,0.9843828859498788,7.851768690766902e-06,0.012303618796249622,8.422541259710441e-09,3.8235482989407466e-08,0.0008594018755787747,0.002234288977690547,0.00020592396230311458
4.558794105713161e-06,5.276424356798254e-06,0.9836399650229661,1.1059903002609579e-05,0.011286651785811045,1.176088780357316e-08,6.645863271118197e-08,0.001493934290028773,0.0033437595955304635,0.00021471596467799616
4.001074327308414e-06,4.027851089999804e-06,0.9849116389067316,7.405886039466235e-06,0.010673088188926143,9.36603989527055e-09,5.4858911425947865e-08,0.0012688901692685882,0.00294010004331472,0.00019078365535074907
2.8708892765127725e-06,3.0099644950187953e-06,0.9799939901575189,7.2264246275065905e-06,0.01668658614365909,8.688980776446745e-09,3.6278580379787235e-08,0.0008228647672838022,0.002302592120563839,0.00018081456501403353
2.167569784560835e-06,6.927518760237996e-06,0.9198630173520317,1.3590065060000802e-05,0.07053309218488778,1.2548521535013098e-08,8.653064800184021e-08,0.002154049387317933,0.005083536465880583,0.0023435203771076645
1.911104550862404e-06,2.232319788913028e-06,0.9877382317157114,4.804431844137715e-06,0.009692857032523363,5.9398876947092464e-09,2.743745399958131e-08,0.0006379271569633263,0.0017629248623098216,0.00015907799896626928
3.885557791733109e-06,4.218612024110437e-06,0.9784765471930952,8.743242562246431e-06,0.017655412774369484,1.2377470348339049e-08,4.940266144605578e-08,0.0011015720281649863,0.0025227619789107572,0.00022679683294976626
2.31479949218667e-06,2.5801121090679967e-06,0.9888011570158952,4.769403330612161e-06,0.008458701020538377,6.456885600087409e-09,3.1582529444889104e-08,0.0007447298682247775,0.0018403231044331273,0.0001453866365616315
2.6755695033775157e-06,2.9146930862404404e-06,0.978945012989476,6.949686890365377e-06,0.018004943467263553,8.464082593066144e-09,3.4191632559255655e-08,0.0007732415733035652,0.0020871875848091706,0.00017703177995289547
1.9158101019972496e-06,2.137663262385805e-06,0.9827059508498934,5.568779667816111e-06,0.014903143552866802,6.068530891167719e-09,2.470852945967849e-08,0.0005653568457935729,0.0016822858094876865,0.00013360991186561663
6.141709459665261e-06,6.590233756682301e-06,0.9816519175691382,9.026176211388888e-06,0.012124893788257256,1.2184427540499415e-08,9.234406168435251e-08,0.002126500963701528,0.0038328219700479362,0.00024200306093810894
3.4354943026562822e-06,3.289289806198604e-06,0.978533836912315,7.7626353316062e-06,0.017542451077268546,8.444322718424609e-09,4.385858217385292e-08,0.0010055862468849404,0.0027019382375048037,0.00020164780368135506
4.278424976621485e-06,3.677801761050836e-06,0.9785103111496627,8.895705926436273e-06,0.016816991757771953,8.963134796256997e-09,5.571862199651666e-08,0.0012789139159570502,0.0031440378707002182,0.00023282869148710312
4.528426504507501e-06,5.017075772114228e-06,0.9841671266892745,1.2033005428492996e-05,0.010601057763822532,1.073443152708452e-08,6.643734686064711e-08,0.0014963786579836465,0.0035081473999559426,0.00020563380947990277
3.3102749859185514e-06,3.3180822848419687e-06,0.9830246857046776,7.529612308770432e-06,0.012714339145246155,7.690067930683012e-09,5.229364331991726e-08,0.0012155113447601252,0.002767455982615392,0.00026378986941023776
3.654596593110923e-06,3.735798500216271e-06,0.983159734172415,8.194530922176677e-06,0.01263495249270251,1.036551940129532e-08,4.5843987481030225e-08,0.0010508570188340063,0.002942264578994643,0.00019655060153144678
5.5102115274971696e-06,5.495211848246728e-06,0.9821900291914172,8.233521047289954e-06,0.012744545250351482,1.2371912501211912e-08,7.15702745783422e-08,0.0016574925306371156,0.003165758212069024,0.00022285192891507657
1.0170387494038348e-05,1.4286970245634332e-05,0.9701111898225774,1.2188430112251046e-05,0.01796322931765356,1.7815746916274457e-08,2.988332567163796e-07,0.006492189195276053,0.004931588132459172,0.0004648410951781684
2.631129254898945e-06,3.921568121349369e-06,0.977085059643493,8.082475800566752e-06,0.01778122519442506,7.677415826128683e-09,6.093951805427742e-08,0.00145471420369461,0.003260732543517998,0.00040356462475857465
1.2794023515801314e-05,1.3833873686871476e-05,0.9749228594549686,2.2540708118554676e-05,0.012849487563266508,1.8820874167005777e-08,2.816345995985269e-07,0.005349377322847024,0.006485487977065889,0.00034331862105723316
3.1092524760820686e-06,1.313470404455009e-05,0.9102647487100087,2.0878658543944673e-05,0.07273898076272274,1.8222201204441716e-08,1.8597802088273548e-07,0.004954434708306539,0.00968178624987672,0.0023227227537986005
4.552668555513998e-06,5.029511446991537e-06,0.9818004399070543,1.0772621917503129e-05,0.013351576413647705,1.1351652933054599e-08,6.171909472473412e-08,0.0013701309458301594,0.003235607110009846,0.00022181775079022808
1.1469447830178651e-05,9.784793253052932e-06,0.976955074339017,1.0972945230213361e-05,0.014326173635263605,1.6559843379755317e-08,1.7743031558755144e-07,0.0038858107811522605,0.004473770670740043,0.00032674939735475656
8.887636902836523e-06,7.545915871119355e-06,0.9804752561114477,1.0578238866382145e-05,0.012225499200647747,1.4649109358966398e-08,1.2909689835326505e-07,0.002876251386803425,0.0041140664443485775,0.00028177131910450014
4.533445670611927e-06,5.053070356898699e-06,0.9840239111394716,7.5085712937931264e-06,0.01086068253996075,9.6150916064294e-09,7.083386203258369e-08,0.001660046894523115,0.003211717992018326,0.00022646589775114013
3.089103775542612e-06,3.1997526385234217e-06,0.9799537001357933,7.63530158675896e-06,0.01627511821555471,8.192761199787947e-09,4.3464747444092665e-08,0.0009848760640467163,0.002509880225015927,0.0002624495440801447
3.693812645699956e-06,4.299723977516994e-06,0.985906141398032,9.075140065809422e-06,0.009568700143393243,8.945770261012106e-09,5.521830571968916e-08,0.0012672115962918422,0.003062427007213938,0.00017838701430387233
2.2801436669360762e-06,2.52014120961233e-06,0.9884979364920257,6.006915084678377e-06,0.00861134997269267,6.476889127420092e-09,3.0248398184714164e-08,0.0007091435811959159,0.002044018444049543,0.00012670758478798276
1.1281474683295872e-05,1.1012789983665173e-05,0.9753038009056555,1.1222890212545327e-05,0.014884732012021227,1.644982789628326e-08,1.9037601612652318e-07,0.004208304401902343,0.0052300666856209,0.0003393720140765259
1.2790123233381375e-05,1.2291266619555082e-05,0.975407201217294,1.1682816295237316e-05,0.01462720421784886,1.8305495775287635e-08,2.098642934876845e-07,0.0045883271995114765,0.005002002393425005,0.0003382725959833577
8.91503724717353e-06,7.820334622895265e-06,0.9773533454068059,1.1276558785137148e-05,0.013960766465619542,1.3515395962639184e-08,1.4426792558775023e-07,0.0032555493325633717,0.005087050766950743,0.000315118314083595
3.6606857375185576e-06,3.875757997509632e-06,0.9795993798700903,8.28148450693965e-06,0.016012846862083274,8.437058490628084e-09,5.144395898532484e-08,0.0011693701013267845,0.002988642432302817,0.00021388292493707404
3.587271572221862e-06,4.099747329931459e-06,0.9777917917579337,8.305369255943768e-06,0.018372795123199642,1.1389413385104212e-08,4.973512888756536e-08,0.001092170732933596,0.0024284620306314225,0.0002987268426011033
3.0884233637209043e-06,7.971121899824275e-06,0.9693510782438668,1.3912670371497129e-05,0.023179803535316172,1.504751639192968e-08,1.0133776396475825e-07,0.002369672146233807,0.004310055919877863,0.0007643015537900402
7.261769419204249e-06,1.0697249132353752e-05,0.9747538255498983,1.32502953106755e-05,0.014945897303314993,1.719778585306455e-08,2.1585245986241964e-07,0.004805538716781241,0.004999798353181944,0.0004634977127155452
2.3972686244699805e-06,2.6791807949584933e-06,0.9853977404436436,6.7367914859225865e-06,0.0118837360254938,8.086309290249947e-09,3.0700933833333996e-08,0.0006959539875999082,0.0018606792081942655,0.00015003830691977116
6.767026717378367e-06,6.13100407877491e-06,0.9802999158100442,9.867472736792504e-06,0.01290422383909254,1.2186674720525556e-08,9.811291533037462e-08,0.0022659362595724396,0.004242319004459792,0.000264729283707865
9.499027700825347e-06,9.840508055105169e-06,0.9687887514153081,1.3469224507938725e-05,0.02330890482409198,1.759151435059332e-08,1.5185693892280644e-07,0.0031223885583570037,0.004328540215841479,0.0004184367776845369
1.0671813404808595e-06,1.4923123025561208e-06,0.9865707858556892,3.5483377774623814e-06,0.011786612615423143,4.035789088509426e-09,1.730277417086968e-08,0.00040112861005235607,0.0010825066465170992,0.00015283710233454406
1.71407143346556e-06,1.415611046610538e-05,0.47503366048441686,2.136869692424111e-05,0.501692543891304,1.322961042357353e-08,2.0202073618645588e-07,0.006997618582394402,0.013924924896097028,0.002313798016617242
2.3427111588997392e-06,6.335694587416048e-06,0.9667406279784048,1.4451533930746854e-05,0.025428777372919154,1.1300431489028664e-08,8.301416376883966e-08,0.002036846551997524,0.004912814921624685,0.0008577089207813511
2.540724614256567e-06,2.744564317240523e-06,0.986922165558609,6.603647084522077e-06,0.00994940021436504,7.852038137657155e-09,3.2096020237808296e-08,0.0007433797996687699,0.0022278787736295133,0.00014524676965339795
4.3507794746166465e-06,4.201631728094428e-06,0.9850747080672471,7.692096179114835e-06,0.01050882532572756,1.0624223049046625e-08,5.54881716335425e-08,0.0012826802094626029,0.002924828687549616,0.00019264709023659557
4.346881124555106e-06,4.068284379400973e-06,0.9852624941858347,7.905967249732611e-06,0.010294568221369387,1.0598166705436503e-08,5.5118077865075476e-08,0.0012678297864531641,0.0029640763127773183,0.00019464464456722666
5.1899616272051405e-06,5.213609636273814e-06,0.9816193475410437,8.114343721426193e-06,0.01317403510402904,1.1430964905554128e-08,7.066077279330305e-08,0.0016332754656860713,0.003330295409654321,0.00022444647286437198
2.550373115067019e-06,2.7355136673583458e-06,0.9856719942708433,7.1156502490960465e-06,0.011165430835184051,7.0742830201636865e-09,3.4295250255099865e-08,0.0007927393270848448,0.0022045104606566936,0.00015288219966644225
2.5785295563701877e-06,2.7193767834141313e-06,0.9807634964195017,6.707704874359974e-06,0.0162298585686486,7.939657118322612e-09,3.1715630241118733e-08,0.000719649859950135,0.0021096433088699696,0.00016530657652834155
8.329117968188194e-06,9.25045294848188e-06,0.9795133370796689,1.7338545619462797e-05,0.012177891131589118,1.5396447282442247e-08,1.4255971577432234e-07,0.0030116306739721758,0.004979194722335523,0.00028287031973509843
6.505772550742744e-06,7.270725573375044e-06,0.9791268945839008,1.4940213341723705e-05,0.01453975679805324,1.507988564786003e-08,9.758554359197295e-08,0.0020923982194261987,0.003927066569112362,0.0002850544526123494
4.953143103054864e-06,5.111594745678982e-06,0.9762972435000136,9.62949835306679e-06,0.019100277528732636,1.2928760692499195e-08,6.911876129981641e-08,0.0014858441278844377,0.002767732058161172,0.0003291265014844351
1.9681669444763595e-06,7.984319873721288e-06,0.8876912849242857,1.7047790910236885e-05,0.09816112465254855,1.2772900506893359e-08,9.538872682424463e-08,0.0025096938073439364,0.006721503564749705,0.004889284611716306
3.8783790678549e-06,3.849113571777775e-06,0.9790175979827768,9.112013549795919e-06,0.01623133513853841,9.260023811571253e-09,5.823904119496788e-08,0.0013172364961352371,0.003091638819389454,0.00032528455790578744
2.1288778821528302e-06,2.602252171577257e-06,0.9847883959272191,5.542106011560814e-06,0.01212734474283359,5.959803057867013e-09,3.4353402073726e-08,0.0007974010405609746,0.0020765633605457183,0.00019998137957019888
9.532878417365429e-07,1.4322115338209505e-06,0.9913647771513292,3.09106397459115e-06,0.0069193625975267105,3.3273781740097147e-09,1.732108070948595e-08,0.000413301956468458,0.0011683086767854483,0.00012875240608110948
6.2439064205733435e-06,5.645148346442897e-06,0.972388881699342,1.1688473936087218e-05,0.02154251674205026,1.378966733111241e-08,7.90812554624407e-08,0.0017314360808789735,0.003995572302867234,0.00031792277523550773
2.9173108719206305e-06,2.9549314796737912e-06,0.9824530699412978,6.773685890703939e-06,0.014158807838592689,8.209635594284137e-09,3.628258398017165e-08,0.0008358359442427291,0.0023707427649339984,0.00016885309047111094
5.9079443551969875e-06,5.195707390138613e-06,0.9749365345168444,1.1475148813135298e-05,0.019292776617748843,1.3025856974577417e-08,7.617217176339093e-08,0.001691264716318203,0.00375268042611832,0.00030407572438318224
1.5011592486543325e-05,1.3519216038810077e-05,0.9727691015988026,1.1677672239341543e-05,0.016730065194366896,1.9106332903791787e-08,2.5321820262366594e-07,0.00544173018581307,0.004652598988830212,0.00036602322688722585
3.0194249388954293e-06,3.0089137727636664e-06,0.980680781082156,7.747115423347586e-06,0.015802688986273024,8.009895027280182e-09,3.939934908548592e-08,0.0009022971565147357,0.002411758320588088,0.00018865159108904145
1.6205615646835004e-06,2.095624317270359e-06,0.9879984206885133,4.875301302895739e-06,0.009279095463698237,4.713097994824565e-09,2.936416680781268e-08,0.000702929952756089,0.001821329653073512,0.00018959867750931715
7.096739412464555e-06,7.922713064768403e-06,0.9815958063123884,1.5266015830367168e-05,0.010895486350059264,1.4113468679597267e-08,1.1923774530634045e-07,0.0025722105293006442,0.004647867189303105,0.00025821079942693387
8.472750569827825e-06,9.009125288771662e-06,0.980208089679612,1.7975593626336448e-05,0.011672741351718512,1.6302329484365135e-08,1.372563544443767e-07,0.0028765709481563804,0.004925739754971821,0.00028124723737226636
3.864278769408379e-06,3.4191869541090184e-06,0.9845092663780513,8.849778337527359e-06,0.011545136604637265,1.0255106289404747e-08,4.6316474625699355e-08,0.00103973727967069,0.00268954352069528,0.00020012640130364961
6.793287494470368e-06,6.431505174414395e-06,0.9828248793069495,1.484196009001416e-05,0.010726432323795748,1.4165619469098541e-08,1.0431906854207011e-07,0.0022099055178885054,0.003923368442425757,0.00028722917149349325
3.413068233120165e-06,3.878631949541287e-06,0.9871256901958161,7.990258466185283e-06,0.008834892147655557,9.276387191289207e-09,4.675703333094044e-08,0.0010826031273158414,0.002779263324454635,0.00016221321268844514
3.4376472349743347e-06,4.550241265080914e-06,0.9866684724135697,1.0190303593195966e-05,0.008824385563594123,9.265937818861204e-09,5.860199629649575e-08,0.0013243153300410795,0.002953718483683063,0.00021086214908475103
9.727274535166234e-06,6.431435580471896e-06,0.9811005243233715,1.3375033113429303e-05,0.011348643819809557,1.4805671804322618e-08,1.2921472574318818e-07,0.0027868361027949917,0.004435682545622014,0.0002986354447751301
4.458443529992426e-06,4.9171568458780786e-06,0.9846398624261078,1.1132632597180539e-05,0.010573046481933086,1.0975980521986345e-08,6.258614788128309e-08,0.0013983154350063068,0.0031684578756566097,0.0001997359861948369
4.675360371493359e-06,5.256474277364538e-06,0.9834248624128534,1.2876706671161116e-05,0.011321680952598836,1.184889198092997e-08,6.690168607681713e-08,0.0014878719486719682,0.0035248641771466445,0.00021783321683094704
4.1895544359620825e-06,4.446856148536414e-06,0.98562734368628,9.894392358607281e-06,0.009823170789670406,9.814074006139665e-09,5.986881462899271e-08,0.0013525953265545877,0.00298934743033945,0.00018894228132386464
8.614300444980593e-06,7.811800915313566e-06,0.9789064666483358,1.6471940227042584e-05,0.012750973303529228,1.4806495653630496e-08,1.3316020575539903e-07,0.0028789401722531995,0.005130799016276027,0.00029977485131691203
5.2745060609882965e-06,5.039136880546463e-06,0.9837105942834504,1.1292071586091792e-05,0.010867297257434756,1.2855112541358388e-08,6.751496433626446e-08,0.0015123057076511539,0.0036599893055989734,0.00022812736126013818
0.0012021505045566358,0.00220191522737052,3.1859942101694444e-61,0.0017828845568886587,7.141099058923992e-33,2.052092146256484e-06,0.00267659511544119,1.1233093619186151e-94,0.9921344025035967,1.614931907288945e-73
1.3142419616200033e-05,1.1507993535799093e-05,0.9689685492929438,1.582274161407902e-05,0.01884760674614224,1.6363093410667343e-08,2.4657725086549245e-07,0.004899164392443672,0.0067890572335653435,0.0004548862397946169
6.169237985768475e-06,5.9982325511456994e-06,0.9736137344558212,1.1916218928376034e-05,0.019608354097852658,1.1596280250535923e-08,9.37466904233531e-08,0.0020560559358729553,0.004371589543651551,0.0003260769343658355
7.529799956162663e-06,8.056113341088051e-06,0.979992433314217,9.593327814752175e-06,0.012772785805721274,1.4100787861326069e-08,1.1456739908157293e-07,0.0026212636238748047,0.00431947867159655,0.00026873067529162916
1.5578275305179272e-06,3.5892432622848795e-06,0.9768591029211281,8.166694987825071e-06,0.018529866381601003,7.698739773907094e-09,4.268407205710849e-08,0.0010460534480197735,0.002992855238278828,0.00055875786238002
1.561538138844403e-06,2.9165097655537644e-06,0.9842447450780666,7.308238745051144e-06,0.0124107844399461,6.313527620256379e-09,3.509827354678255e-08,0.0008262712621248721,0.002206570857504151,0.0002998006639075211
3.5565046764362806e-06,6.6697526139002936e-06,0.9776205253135543,1.3624469427675585e-05,0.015667155919673575,1.2982774919433304e-08,8.640434764058776e-08,0.0019479845555343946,0.00426298935037915,0.00047739474701810223
1.4011825122148252e-06,1.8513850730162693e-06,0.9845255725185139,4.2863763434820155e-06,0.013505120448135913,4.791069707566999e-09,2.1844084572770833e-08,0.0005014930699233182,0.0012933120574762395,0.00016693632686750966
3.883978438962478e-06,3.6029141833670797e-06,0.981835165658783,9.032368544110646e-06,0.014228064897112556,1.089926812820652e-08,4.669392705670576e-08,0.0010375058706816405,0.002666560975047818,0.0002161257440131297
3.200187298813325e-06,1.7175987957937025e-05,0.8764590805162229,2.711505853309027e-05,0.10042126945058444,2.1240998809307457e-08,2.411092191800156e-07,0.006595591878641484,0.013029895399728418,0.0034464091708151607
8.554176245396726e-07,1.165539067499205e-06,0.9924171201248182,2.450421391655421e-06,0.006295536005570748,2.839149604232233e-09,1.3862821819150077e-08,0.00033036114131581733,0.0008574913386286109,9.500330961136112e-05
5.891362413228797e-06,5.21734410941402e-06,0.9796852303236132,1.1441563810874682e-05,0.01437576755396457,1.1288811115315944e-08,8.373235886633189e-08,0.0018250017467550837,0.0038082248133873508,0.00028313027077597833
7.356152066491861e-06,7.217277464698124e-06,0.9814162785191957,9.575934246771747e-06,0.012340350536799256,1.4217497588492335e-08,1.033527389427723e-07,0.0023508927070515534,0.00361593912090808,0.0002522721820306591
8.525558696347197e-06,7.552477968669e-06,0.9767816800121308,1.0881589404766436e-05,0.015612350746686874,1.289897290725392e-08,1.353984452472071e-07,0.0030681007021696517,0.004203920432475102,0.0003068401830497572
1.0597956183945263e-05,1.0487072912101576e-05,0.9758044892437651,1.0698937915197681e-05,0.015420608644710778,1.6014321148684795e-08,1.7306805014101857e-07,0.003867543127176803,0.004550411461255907,0.00032497447370881735
9.666494585005677e-06,5.847805372326348e-06,0.9810856166402023,1.2314399060373202e-05,0.011680746123746664,1.4103634092402582e-08,1.227310657214567e-07,0.0026664349075045716,0.004236005758158072,0.0003032310366708695
6.916340024109433e-06,6.170939956663932e-06,0.9777761789103381,1.1654903814560808e-05,0.015523123554598613,1.2182260879244252e-08,1.0109520368227711e-07,0.0021971430733791243,0.004171825166668977,0.00030687383375516597
5.317946721433847e-06,5.45731333564351e-06,0.9743953963777847,1.0818949064519607e-05,0.01994500837299179,1.1851801963109376e-08,7.516631238800415e-08,0.001642028834826519,0.0037007152204817217,0.00029516996667929235
5.005652342649329e-06,4.147203068317355e-06,0.9850691378271019,1.0959487903800418e-05,0.01013602725102678,1.0594957929540757e-08,6.58232457601978e-08,0.0014570618309935263,0.0030997456579670637,0.00021783867139219033
3.3610344315485035e-06,1.5508196494210833e-05,0.9131203028525537,2.098535699369259e-05,0.07206847166166092,2.1363066460887212e-08,2.0333870230001676e-07,0.00514948048149077,0.007429910388387674,0.0021917553262187244
3.0391431395243042e-06,3.178872045706475e-06,0.9829945141249414,7.797739420976442e-06,0.013764784852427313,9.882547941467181e-09,3.7722766079038495e-08,0.0008473291855146858,0.002196068844193876,0.00018323963300245845
5.176341812678817e-06,5.224518246965958e-06,0.9773455760734999,9.7247296052968e-06,0.01687909423314949,1.0164289524142951e-08,7.648798640204986e-08,0.0017288094019726136,0.0037619282938481952,0.00026437975558878313
5.225781308757881e-06,5.008413654455842e-06,0.9721503219897205,1.0621984362443633e-05,0.022815388870811536,1.2776373693140532e-08,6.80330658677678e-08,0.0015027340901587502,0.0032158860132598627,0.00029473204728415855
4.992544911310883e-06,4.9327798686001184e-06,0.975982535270481,9.469584254032836e-06,0.01912856856243197,1.2490636587845468e-08,6.107349765546449e-08,0.0013544306895547074,0.0032568666317364125,0.0002581303726277356
7.95712735617556e-06,6.148926051323669e-06,0.9775117394716393,1.0349889629943811e-05,0.015424000999860557,1.2412622648443822e-08,1.1183111055360458e-07,0.0025671052294893503,0.004174555526917826,0.00029801858532239113
6.1997957966973325e-06,5.8769410798311986e-06,0.9737338922959807,1.028316349618934e-05,0.0204432876200058,1.2464944120698095e-08,8.183231076027761e-08,0.0018091586309223412,0.003694887296032635,0.0002963199594309358
0.0014385595455269327,0.006132006487389479,5.3658501600096536e-61,0.006692532540909037,1.2027036146413516e-32,4.203670771987852e-06,3.9779891673859715e-05,1.8918771729565614e-94,0.9856929178637287,2.7198676650043923e-73
2.623480492630919e-06,2.867422850806077e-06,0.9829639256759634,6.735296452158947e-06,0.013698125326001563,6.7190777839745805e-09,3.6124881031711735e-08,0.0008306795111183761,0.0023303291340483925,0.00016467130911390534
3.122857613103775e-06,1.9395481567169564e-05,0.8357593607995684,2.7385307699723858e-05,0.1411307274126258,2.2207564541726833e-08,2.650622969684878e-07,0.007373701488433148,0.012126803212687958,0.0035592161699432
2.636448300931873e-06,3.5635991862702927e-06,0.9869561023126879,8.679921624739085e-06,0.009543977206057559,8.065378773125494e-09,4.322184293544927e-08,0.000966182137640368,0.0023125764658274506,0.0002062306214531118
1.3151819562462934e-06,1.583041270098233e-05,0.3181132828370288,2.0455769674934145e-05,0.6504913835264045,1.1173748798451648e-08,2.443590830924886e-07,0.012205447100439007,0.01825071340724931,0.0009013162317144133
6.358827949772116e-06,7.335023145960965e-06,0.9817936311950386,1.6373955526405172e-05,0.011531076109338142,1.4368314026705767e-08,9.966817518972309e-08,0.0021357752005346444,0.00425551988888355,0.00025381576309368417
5.900894451695488e-06,5.9706970754784406e-06,0.9831773255136912,9.677783280754845e-06,0.011433974900810157,1.2860629721700638e-08,8.021131772236723e-08,0.0018262701558763063,0.0033167406457229967,0.0002240463371438955
4.5127701961686495e-06,4.9597421320377e-06,0.9845639771523219,1.2367681562461678e-05,0.010498535786517386,1.2081052941003612e-08,6.179645107771723e-08,0.001370500487064451,0.003337313778304126,0.00020775872439745562
2.238296221610634e-05,7.031236912265413e-06,0.974549620497688,1.7252739792480066e-05,0.014201293127044785,1.584074131722895e-08,2.8832335070707e-07,0.005407458142825738,0.005339491267523948,0.0004551658619048419
6.433540805366028e-06,6.134480338857636e-06,0.9773757091946503,1.2900224357686531e-05,0.016235863947184515,1.5272483988806564e-08,8.184839633540613e-08,0.0018005218618197655,0.004256974306807107,0.00030536532315607063
8.119515484225773e-06,8.16822567981423e-06,0.9767832888453061,1.1918019080491935e-05,0.01460961669206799,1.2921016517600341e-08,1.3964213751870487e-07,0.0031029228144808995,0.005157154413853971,0.000318658910892481
3.775175886157886e-06,4.254916719337961e-06,0.9859718871593123,9.858186108417532e-06,0.009582066838668406,9.849622385411986e-09,5.265050983898697e-08,0.00120389695520344,0.0030464769075094302,0.00017772136046039907
5.698787400490349e-06,6.132398925335023e-06,0.9830200113494582,9.84481936721288e-06,0.01114467468850925,1.2248172734904714e-08,8.226942995175168e-08,0.001893170280144933,0.0036972825907278357,0.00022309056786402661
2.167097457046947e-06,3.641821708276009e-06,0.9864814072428637,6.927077642087903e-06,0.009651488515526505,7.028391865415672e-09,4.6966570465596754e-08,0.0011261201681811884,0.002492858866163164,0.00023533521549584698
5.1756484779036576e-06,5.361888917286665e-06,0.9799735595572157,1.0436749382053791e-05,0.013799387276626857,9.858210744057809e-09,8.167397711635922e-08,0.0018593583354208011,0.004091803559991882,0.0002548254517796851
3.6950089375684115e-06,3.6870768695123767e-06,0.9844475071802749,6.780004955995372e-06,0.011743964143614768,9.389871446104452e-09,4.679495672123876e-08,0.0010889545386906395,0.0025277204558805276,0.0001776354059479602
2.298576646068086e-06,2.881206036785511e-06,0.9778196576304534,6.283959387694841e-06,0.01922922379565557,7.724424488262026e-09,3.447464994920828e-08,0.0007771234276244648,0.0019079627343488777,0.0002545264707725495
7.7276017473854e-06,8.151484728700128e-06,0.9793173150178764,1.2288485976218404e-05,0.013813673720054154,1.4230153229316065e-08,1.1938127802001216e-07,0.002634266398698959,0.003933523814070218,0.0002729198654165857
3.85076593229886e-06,3.6396830609557314e-06,0.9841539673133772,7.901066918794671e-06,0.011690895187340638,9.651097998770847e-09,5.171622627602905e-08,0.001165276462799287,0.002743245072267995,0.00023116308097882352
3.058626203906914e-06,1.1471807463355782e-05,0.952653116341477,2.1825930028618854e-05,0.03478516343735211,1.7503272114315463e-08,1.4933883243916963e-07,0.003688147568214691,0.007486882436332513,0.00135016701082336
4.795738791478757e-06,4.455590711090579e-06,0.9815592693768624,8.17264221361382e-06,0.013960300198744478,1.1361615365695201e-08,5.900637644721616e-08,0.001348484240961411,0.002896853538441634,0.0002175983052819597
1.5957515852965709e-06,2.662824971175886e-06,0.9847936162624017,5.295765801091703e-06,0.012409208871998725,5.96289258512432e-09,3.1963476083637164e-08,0.000756476193655886,0.0017848836805169255,0.00024622272270055884
4.072370688717685e-06,3.5496660062042626e-06,0.9866833629404567,8.165777423650262e-06,0.009054586826922919,9.437121139526585e-09,5.66695338207553e-08,0.001279142274312429,0.002732987538239068,0.00023406649929538778
2.3302962508781907e-06,3.006838162605832e-06,0.9890421460011044,6.419878314027063e-06,0.00764065241158529,6.573534771876123e-09,3.8422208115601665e-08,0.0009000658610334875,0.0022361428068276177,0.0001691909109786956
4.130398017929468e-06,4.1143162070652475e-06,0.9773236076039795,8.271043656655044e-06,0.018434534365384298,1.05745174626632e-08,5.0909306014863444e-08,0.0011488887782636866,0.002853169360148144,0.00022322265051914625
1.8267717547055037e-06,2.8968834301557477e-06,0.9762160221069461,6.201912533215725e-06,0.02035493420922546,6.4261239839964785e-09,3.677642567687023e-08,0.0008606936654366015,0.002206808533575781,0.0003505727145482537
2.188845020713879e-06,1.5428569859399332e-05,0.6461750932349458,2.460734973430847e-05,0.329332200049606,1.6150202422644176e-08,2.1328753551215636e-07,0.006805942038747444,0.01406271694975334,0.0035815935245949934
2.077521950340839e-06,2.16750303652906e-06,0.9843526528909766,5.266234112880201e-06,0.013052357091946937,5.819845033411185e-09,2.661169327795542e-08,0.0006208259349349584,0.0018333813478237225,0.00013123904367964305
5.035341213495258e-06,7.272187312083093e-06,0.9686546237483756,1.1304897380747762e-05,0.02519261739589478,1.61211930972993e-08,9.327771393923806e-08,0.002000952352842418,0.0035773372509215174,0.0005507474271521002
1.201289966098133e-05,7.900487741290089e-06,0.9725076093112418,1.5862481102406792e-05,0.018413655886466707,1.661396007537887e-08,1.6832172803943643e-07,0.003521109222064334,0.005096053232891579,0.00042561154314274075
3.6460641041692325e-06,3.549096565357215e-06,0.9804195740194567,8.55311489255935e-06,0.01572025137349875,1.0573090673694438e-08,4.397964085601692e-08,0.0009826285882348102,0.0026511842072384703,0.0002105589832776924
4.287371125958512e-06,4.674764705746775e-06,0.9844808602577597,1.0778286174597012e-05,0.010480109127421172,1.014950886199405e-08,6.27807747334068e-08,0.0014297887984500376,0.0033888320767087327,0.00020059638737064502
6.174743594831086e-06,5.117032703514825e-06,0.9828570619666205,9.344280327262809e-06,0.011616522858254593,1.264097523336706e-08,7.800365777156563e-08,0.0017680413673549424,0.003496939819670628,0.00024070728684081463
4.51926424035912e-06,4.438917996583658e-06,0.9805012731772303,1.0127527685176316e-05,0.014670588746413686,1.0315869390509794e-08,6.227474985209554e-08,0.001371659110489699,0.0031913161854958123,0.0002460044798290402
3.2035927790188383e-06,3.1445353025573694e-06,0.9800085431618885,7.080136035873695e-06,0.016388745826994445,8.136321471157604e-09,4.035247878792966e-08,0.000930628597592067,0.0024741443027948436,0.00018446135781265594
3.391672237290102e-06,1.989746319454307e-05,0.8644201800446865,2.8112518080951692e-05,0.11124209011840244,2.275219944744422e-08,2.882287924732599e-07,0.00795763591110834,0.013327853080604269,0.0030005282106939034
2.3342235076515456e-06,2.387322419972643e-06,0.9887257570675196,5.340301440850118e-06,0.008499513380821968,6.492139000644687e-09,3.196920812396161e-08,0.0007354583870408525,0.0018701136746141931,0.00015905718128773544
1.3308941276300706e-06,1.8903415919094204e-06,0.9869602400119251,4.446879023181803e-06,0.010817594022777386,4.305339130364285e-09,2.3576738994048097e-08,0.0005535138370390256,0.0014815362956772308,0.00017941983576024817
2.792481978026173e-06,2.5536928565263544e-05,0.7053747508280972,3.393814280373946e-05,0.2590144631371467,2.1659551576830343e-08,3.737175495440407e-07,0.013080685290208198,0.020023088142874353,0.002444349671225186
3.4682812961316393e-06,3.875567515523914e-06,0.9778001290859972,7.971492226816109e-06,0.018598730210975543,1.0818158946314988e-08,4.548353977380576e-08,0.0010209069931574576,0.0023520574113387346,0.00021280465579394213
1.7631132774542755e-06,1.951223118866296e-06,0.9895664736106488,4.2777198634423844e-06,0.008171876908542586,5.243726385728167e-09,2.4301981672435752e-08,0.0005652898929032333,0.0015581783612736927,0.00013015962466410324
2.3659535261593083e-06,9.258154648464467e-06,0.8586465318653766,1.760568371499898e-05,0.12626298990971357,1.4564439910842743e-08,1.2108980619074459e-07,0.00314461600008946,0.007164190342897985,0.004752306435786788
2.2541045446133833e-06,7.356497040084518e-06,0.9456082761405296,1.495268367407868e-05,0.045334702687836306,1.2403878055774119e-08,9.161621478841357e-08,0.0022600276861244406,0.005151426598879289,0.00162089958127867
1.1787398305954422e-06,2.306171814138795e-06,0.9728270018477535,5.666408169867573e-06,0.02416382552416118,5.28081419334264e-09,2.7971280687439595e-08,0.0006713049404670716,0.0018820031595634997,0.0004466799561453078
3.932342151127274e-06,4.765319709413549e-06,0.9767486072744042,7.424595677184837e-06,0.01870587896743274,9.492886901989103e-09,6.564628771696258e-08,0.0015040649695123318,0.0027164609276852008,0.0003087904642531021
5.319239894956662e-06,5.611881628571772e-06,0.9690677108015451,1.03451720530746e-05,0.02601184371452072,1.4148317632581275e-08,7.070735389651348e-08,0.0015448149468138682,0.003050822340712723,0.00030344704715923017
4.1123588514856215e-06,4.110299299661738e-06,0.9774181408381236,9.322362112270687e-06,0.018260139694231185,1.180281248677512e-08,5.087451952638057e-08,0.00113223282359769,0.002935477866720153,0.00023640107973199782
5.845403915118875e-06,1.2022023979986685e-05,0.9744000527883054,1.5051601394497333e-05,0.015128265582651545,1.6310989875255522e-08,2.0056345052978262e-07,0.004554634253163782,0.005440735775030355,0.0004431756971189755
8.17751124487303e-07,1.0143754742936108e-06,0.9924328420288228,2.568466612473996e-06,0.006359735010420419,2.97017430172979e-09,1.202849751707466e-08,0.00027961467790470386,0.0008293085927084797,9.408409826050069e-05
7.5896758549886215e-06,6.832943070397066e-06,0.9799290488346953,1.1515322633275357e-05,0.0125503577919423,1.2622996421520919e-08,1.1828668169061908e-07,0.002687627804329174,0.004530700142301471,0.00027619657549474803
5.536847616549732e-06,7.955109610876881e-06,0.9722214509745439,1.4365924521750128e-05,0.01914063736806522,1.568300609331656e-08,1.213478238324555e-07,0.0026687719058935953,0.005342099757044403,0.0005990450818738538
5.536847616549732e-06,7.955109610876881e-06,0.9722214509745439,1.4365924521750128e-05,0.01914063736806522,1.568300609331656e-08,1.213478238324555e-07,0.0026687719058935953,0.005342099757044403,0.0005990450818738538
1.5888234336582506e-06,1.748566931216307e-06,0.988038289122059,4.365867263773354e-06,0.009856035565381671,4.835277484018418e-09,2.0677996612525596e-08,0.000484368468180324,0.0015095549467762526,0.00010402312669998623
2.118029784953583e-06,9.36516566182749e-06,0.792824856075687,1.7791938369916305e-05,0.18894092712500118,1.3675937127443112e-08,1.2091188721791376e-07,0.003269987962083514,0.008248302184396067,0.006686516931191203
2.2062285427216786e-06,2.2626808517347507e-06,0.9870186960338017,5.228860762640286e-06,0.010142268903261984,5.678548432538234e-09,3.070016402794359e-08,0.0007209956888776774,0.0019476999558364922,0.0001606052693524438
5.60522403010877e-06,5.242375081245239e-06,0.9722620742531377,1.0989928626248491e-05,0.02185608678894878,1.1447538772123164e-08,7.799346330713855e-08,0.001719303435154207,0.0038334020001761014,0.0003072065538437872
3.157619070955696e-06,3.447647940518012e-06,0.979411848077812,7.970437252293651e-06,0.016896163109075105,8.565432195667822e-09,4.292296450452775e-08,0.0009647445610847373,0.0025105657910951835,0.000202051268272217
7.895548948819825e-06,8.014242027233998e-06,0.973334410231172,1.3267407391048595e-05,0.018675774586801478,1.392479825248853e-08,1.226883887123034e-07,0.0026004315307319994,0.004999353101603205,0.000360716738137496
2.9528055219407727e-06,1.3212648300770575e-05,0.9254638443238056,2.344385051215848e-05,0.057996810294405295,1.696818493760234e-08,1.8269156368640817e-07,0.004783021199209626,0.009662336519960783,0.002054178698535063
4.057751653626175e-06,1.508988832208882e-05,0.9354515706645579,2.1538183597276613e-05,0.04678225730085412,1.8420215161423e-08,2.5468813259810035e-07,0.006256894254567541,0.009956958020175747,0.00151136082792397
2.0514236982318204e-06,3.7393970478880447e-06,0.9709348280683022,7.755937101480614e-06,0.024970310532428288,8.560722050123084e-09,4.417007296415806e-08,0.0010150329555310296,0.0025619651860081297,0.0005042637690877543
3.1992054797463037e-06,3.2355246107506985e-06,0.9840556513562846,6.617084104213945e-06,0.012463233103586028,7.782373545319748e-09,4.23766928699102e-08,0.0009781004975950116,0.0023186325796911104,0.0001712804895821118
2.973579041992358e-06,3.321851986845552e-06,0.9863734053697396,6.510023032476182e-06,0.010093391916143528,8.597706709650861e-09,3.9803018329471936e-08,0.000922617789003801,0.002437276855589842,0.00016045421473688315
6.526532782479007e-06,7.408822217356699e-06,0.9713270773651402,1.140446956571429e-05,0.02217884486184183,1.6184641025865574e-08,9.804735115444549e-08,0.002065013839197195,0.003952988872236392,0.00045062100502642145
6.618015433534669e-06,6.956084537485728e-06,0.9788999685401474,1.1205540254202254e-05,0.014929163812828081,1.2731134631332852e-08,9.835667905887669e-08,0.0021851125606870106,0.0036938261457056293,0.00026703821259299766
0.0006728923265208603,0.0017593713302825659,1.3189457431093296e-61,0.0025267337757047285,2.956289805808816e-33,2.413271737815368e-06,0.005255726403761722,4.650303808990969e-95,0.9897828628919924,6.6855349508525986e-74
3.771350575816222e-06,7.334376197776667e-06,0.9676033869915415,1.1940397564336015e-05,0.026120363806542146,1.4755341311707529e-08,9.05567216735222e-08,0.0020036226114584148,0.003604436479151585,0.0006450386749052842
2.4921880762037584e-06,3.893372204876375e-06,0.9811990824302778,7.4574013293844e-06,0.015380846523143272,9.024135451675146e-09,4.5622879602066045e-08,0.0010310187880790745,0.002083830529266447,0.00029132412060789057
4.357586494569577e-06,4.5768388451788215e-06,0.9755433801916651,9.80414309366524e-06,0.020180040262357205,1.3303998833208045e-08,5.397755032840082e-08,0.0011866769238864077,0.0028160515873747708,0.00025504518473390425
9.469856971922582e-06,1.0260170183604762e-05,0.978372672890689,1.9754290547047776e-05,0.013021122902468672,1.837357553501384e-08,1.5680612532464754e-07,0.0031709006191486568,0.00507890530660243,0.0003167387836877609
1.3646087687406452e-05,1.1666243807540388e-05,0.9687419514570142,1.6287433706165953e-05,0.02154604950310988,2.3271112393751918e-08,1.783003775105474e-07,0.003550191895781915,0.005645497862598427,0.0004745079448043276
2.851682604591785e-06,2.904435808780378e-06,0.9828778019011704,7.0682990198001485e-06,0.013922387385121011,8.59224898685456e-09,3.5965106061787366e-08,0.0008145705262804325,0.0021983394525124374,0.0001740317601276863
3.006902129191063e-06,3.236390048939303e-06,0.9825604409620338,7.200962750540335e-06,0.014169055956838771,9.549798353043028e-09,3.84853879693859e-08,0.0008717975674751461,0.0022039701815464744,0.0001812430419908958
4.475433625383251e-06,5.193950650888909e-06,0.9845089849672937,1.1236338696445067e-05,0.010417345885825496,1.0510018433744564e-08,6.922007234202521e-08,0.0015447260340544944,0.0032814729841916276,0.00022648467557137954
