i = 0,i = 1,i = 2,i = 3,i = 4,i = 5,i = 6,i = 7,i = 8,i = 9
0.00016742029396961275,1.3552667885299502e-39,0.04484690287776497,0.8813521741386506,0.003950749805309068,0.00042685473438838724,0.0033079952163836772,8.724341934100825e-07,2.5349424611461066e-64,0.06594703049934011
0.00019965682015001137,1.6966482961612434e-39,0.05356422152208522,0.8673983283267952,0.005123946909582849,0.0005065185153623529,0.004062553599173318,1.0921943748456936e-06,3.17347539537621e-64,0.0691436821124763
0.00020957253525138444,1.7246100745440436e-39,0.049725642471095365,0.8797164442890155,0.0045918156096814815,0.0004347216891549465,0.003763011859389156,1.1101945197008222e-06,3.225776167380372e-64,0.06155768135189246
0.000223948353241909,1.704019765923607e-39,0.09577433649315623,0.8349655709481143,0.0043945506313603265,0.0005123053389208507,0.004708318149635677,1.096937490866054e-06,3.1872632723166166e-64,0.059419873148079776
0.00029274672505312445,2.5328742741902583e-39,0.13009796640028715,0.782151887998857,0.004394784840623664,0.0006728862089445204,0.005419236803340138,1.6304977218100396e-06,4.7375842164287066e-64,0.07696886052517261
0.9998908195852843,1.742795846974745e-58,0.00010467856378555762,5.17547805691348e-16,2.533244513670377e-06,1.9602564383673517e-06,4.1877129103566235e-60,8.349977709692383e-09,6.192984897286299e-72,9.702525133462997e-65
0.0004088319928407092,3.898126778117998e-39,0.14931439905442065,0.7732261717846022,0.004305194445853089,0.0007460115805820115,0.00591481417813683,2.5093509137232664e-06,7.291204338815396e-64,0.06608206761265087
0.000523204751862136,4.329069913847537e-39,0.17464439442926552,0.6742092324350716,0.008685306304665462,0.0009176531414596362,0.02053031852021118,1.7872958234284543e-07,8.097256742921894e-64,0.12048971168788215
0.0003194608273363968,2.5586556402581574e-39,0.12942563422016962,0.7838550608146265,0.004228093359412731,0.0009243856937238183,0.005738388733536679,1.6470823020302527e-06,4.785806662448177e-64,0.0755073292688922
0.0005011947282124742,4.067851170257106e-39,0.12773675188013764,0.7514014169190405,0.006753507038677517,0.000977415806698135,0.0159490778998993,3.4983054677752275e-07,7.608663286357613e-64,0.09668028589678763
0.0001707072255542408,1.3045741482755634e-39,0.14140041078030205,0.7393072223897857,0.008686210768310639,0.00041407186033243497,0.006095397960397214,2.376779511315013e-07,2.4401250219997996e-64,0.10392574133736654
0.0002756572125840765,2.1243505931576835e-39,0.17949831023134152,0.6444283374956977,0.008595047024321947,0.000653553743867961,0.010416867561895696,2.2924269151872404e-07,3.973466011660717e-64,0.15613199748759965
0.00018503301752195988,1.4553560964298052e-39,0.14304677552777742,0.7689605087306116,0.005652501652934801,0.0004917746737336514,0.0050906082578150895,4.899894986448031e-07,2.722153303062537e-64,0.0765723081501068
0.00025485743234095713,2.0941141160758206e-39,0.09798196215676062,0.8251473556594253,0.00473156120577828,0.000471636858715899,0.004554728047319834,1.3480551369552771e-06,3.9169105568388474e-64,0.06685655058452232
0.0001956056902780818,1.5886934402412826e-39,0.040339026958953736,0.8846202405024406,0.0037891918891265904,0.0004352841997807793,0.0036154264765688704,1.0226986954874986e-06,2.9715525337857956e-64,0.0670042015841559
0.00014037209311740915,1.0562220068643299e-39,0.12010947961143945,0.8057346513991853,0.004176548251096368,0.00041738760979646454,0.003642744876845597,6.799284465188646e-07,1.9755977467001693e-64,0.06577813623007284
0.0003565091310045788,3.023246251539653e-39,0.3412781299636941,0.26684636238381926,0.007698225019781287,0.0005221506092969465,0.03713356226978564,5.7524049760223993e-08,5.6547945824316246e-64,0.34616500309856846
0.00013835668228205853,1.0533294416800748e-39,0.08676557663287016,0.828232310178146,0.005605181549042622,0.0003392312369920241,0.0037030560653367925,2.5867061813592554e-07,1.9701873829479847e-64,0.07521602898471218
0.00021774288899312753,1.627848311710848e-39,0.0850174799579348,0.7880559506168499,0.005570578419720411,0.0005332334046182791,0.005315097254245816,1.0479042251232212e-06,3.044789292104489e-64,0.11528886955341262
0.00012363451929436385,9.83758708822835e-40,0.03898374821479418,0.8792986688305724,0.004900895594797457,0.00032029663812612396,0.002698035289633848,3.312122813628002e-07,1.8400596425905577e-64,0.0736743897005003
0.00013830847431428272,1.0416269268929475e-39,0.10640900448530333,0.8108377002848352,0.004739101105721206,0.0003746677623571139,0.003728086144097372,6.705333465335516e-07,1.948298554942204e-64,0.07377246121002504
8.941395797147552e-05,6.847019519564229e-40,0.10895767018897239,0.8369716244594129,0.003973632045965786,0.00024675336288068855,0.002436474926493354,4.4076775248148433e-07,1.2806925292743578e-64,0.047323990290550864
0.00031694072726158845,2.811275859872948e-39,0.051483012039826755,0.8557866413671533,0.005030540626186164,0.0005398603009417951,0.004814473948981824,1.8097161896338254e-06,5.2583171132799294e-64,0.08202672127345902
0.00017615032932081988,1.384218978924791e-39,0.08744783125205324,0.8557313677210083,0.00403058249305639,0.0004828670239299292,0.004199690447578526,8.910720874172947e-07,2.5890957373838254e-64,0.04793061966096542
0.00024086965183584786,1.933204547266136e-39,0.06601416526288177,0.8794964511089619,0.003830090117169417,0.0005633676424390764,0.005258762701022304,1.2444735760288323e-06,3.615939189553427e-64,0.04459504904211378
0.00023736344980910398,2.0297289011565113e-39,0.11855873964199949,0.8185719897979734,0.004041004364433073,0.0005077372124331724,0.00421069144891862,1.3066070066729828e-06,3.79648200612817e-64,0.053871167477426415
0.0003005501274455428,2.4210599465993716e-39,0.06365551054814032,0.8677356071590724,0.004965483813420041,0.0005338135456157665,0.007164639456591443,4.41088366500364e-07,4.528442452479713e-64,0.05564395426134818
0.00018529371777955327,1.3998456512573586e-39,0.10368712659875007,0.8229366226711926,0.004151764385629019,0.0005157613059934203,0.003951915373898371,9.011283568634452e-07,2.6183244586640174e-64,0.06457061481840023
0.0002575704920996462,2.1435442751883832e-39,0.04733954498627511,0.8467736935580041,0.004995713047898052,0.0006356854688753148,0.004347028874127267,1.3798748233733253e-06,4.0093666033207044e-64,0.09564938369789708
0.0010085196082413206,1.2297385365823313e-38,0.07316080181937196,0.7660027915251554,0.007435211997766336,0.001038312650005254,0.012540432539965682,5.969377987411979e-07,2.30014965235853e-63,0.13881333292169531
0.00041617415011214483,3.576160235288798e-39,0.1382252456292067,0.7483496805495818,0.007759478014226075,0.0006839631670998081,0.012720912754713187,2.0677382025259195e-07,6.688985891943067e-64,0.09184433896124002
0.0007519389792302221,8.69344599108686e-39,0.18366194314635526,0.7281072817359627,0.00436125371833885,0.0010523574878448384,0.00818235258853636,5.5961969765860044e-06,1.6260551474437224e-63,0.07387727614675517
0.0007996973823092309,7.97312579233095e-39,0.37301244548815016,0.33639225355526725,0.007445050130686895,0.0009810712574226878,0.05565205582916409,7.978037417261181e-08,1.4913237223913766e-63,0.2257173465766255
0.00022900019804178952,1.9417682597078253e-39,0.10357579966632377,0.8067123462231247,0.004968893710538729,0.0006595933077589555,0.004855937155496242,1.249985594379204e-06,3.6319570824710506e-64,0.07899717975312137
0.0006011634424387667,5.895235902537788e-39,0.04744255222624719,0.8284821979828629,0.005215467943507445,0.000945156483586414,0.007567860515881015,3.7949622574319176e-06,1.102667307595266e-63,0.10974180644321888
0.0004644456318413847,4.269134229503555e-39,0.041966424366445265,0.8489611638141265,0.004567266238576524,0.0008809934972882416,0.006397936475227352,2.7481903155783756e-06,7.985150763149297e-64,0.09675902178617928
0.0002683817446363376,2.3443942552234783e-39,0.04954495347247907,0.8700045378887592,0.005452039016280272,0.00043957975206659254,0.004584495407619916,7.893115468664426e-07,4.3850440323113274e-64,0.06970522340661173
0.0002418371604791759,1.8913352622567795e-39,0.11015843726163023,0.8092892004366201,0.005514667621006945,0.0006168502735123718,0.007220519268792712,4.6446306624134046e-07,3.537625289082826e-64,0.06695802351489222
0.00018629534191276484,1.589860884014736e-39,0.07978088946468143,0.8597448187037253,0.003868337382152117,0.0003724801234551753,0.0033402887689800106,1.023448267294716e-06,2.9737361649478475e-64,0.052705866766825975
9.511758319624704e-05,7.54387234563631e-40,0.05181313270513486,0.9072992162790078,0.003210689909905357,0.00023112151726941132,0.001950404193960637,4.856263813203729e-07,1.4110345278336134e-64,0.035399832185144274
0.0006306465069159245,6.26346699747021e-39,0.060960231102771746,0.8298454221483008,0.005775750260554409,0.0007831481466583861,0.007610684001443417,4.032002812481291e-06,1.1715426497757544e-63,0.09439008583054292
0.0006740616137734332,6.864043736719069e-39,0.05642014452445793,0.8211479978425031,0.006038366589410093,0.0008686537076526152,0.007602663925521145,4.418627835125071e-06,1.2838768034924534e-63,0.10724369316884651
0.0005320167575892669,4.972274283459623e-39,0.059039564527281624,0.862115749915122,0.004828289063447319,0.0006896217322852497,0.0071793072974870266,3.2008220766573026e-06,9.300330618503962e-64,0.06561224988471091
0.00019116666072359218,1.5894763686107622e-39,0.11987456687261581,0.818509925568576,0.004096044634710577,0.0004494506255074855,0.004406873111230197,1.0231996262070709e-06,2.9730169527360915e-64,0.052470949327010116
0.000252471901782864,1.9307840726010818e-39,0.09471809691469724,0.7104028745236942,0.006758816860353382,0.0007248564255557885,0.008426942969658279,4.7415072996310155e-07,3.611411841833772e-64,0.1787154662535283
0.0005466964922559719,4.6739517168146194e-39,0.15591260321908482,0.47399095420590676,0.009043299548949666,0.0008186728281528577,0.02148425872660626,1.264185644464396e-07,8.742336762455303e-64,0.3382033885604792
0.0009442646892721111,1.0042162719770742e-38,0.06904395917039272,0.741313989109215,0.00672829655789882,0.00140945228118513,0.014077041507800927,3.5665210344298453e-07,1.8783242454939537e-63,0.16648264003213173
0.00012538269773477927,9.493802876240388e-40,0.06569886060557974,0.8435502975195619,0.004384365916209449,0.0003426439810459244,0.0031352941111292823,6.111505368678762e-07,1.7757569382215367e-64,0.08276254401820206
0.00037589215464541736,3.2520126474092104e-39,0.0515013778400915,0.8762365497343554,0.004647796193907671,0.0005918293683366508,0.005643148373225607,2.093438115326048e-06,6.08268793559357e-64,0.061001312897322364
0.0006139436805221277,5.3645138603881707e-39,0.11474012520916535,0.7622970831405561,0.005854663887020771,0.0008557711378612644,0.011762517607256743,3.453297074319468e-06,1.0033990416643541e-63,0.10387244204054331
0.00014034948408129155,1.0724017579783236e-39,0.1473312441872782,0.7039263843404172,0.013287792875119265,0.0003154249280540337,0.005311048997334313,1.4852374574419747e-07,2.0058609675337048e-64,0.12968760666397006
0.000501654708062993,6.823301678360384e-39,0.7285662865306448,0.09738691157183273,0.0022912449914002167,0.000334076879441046,0.09009886742586383,2.2275746392263438e-08,1.2762562541982475e-63,0.08082093561700811
0.0004519337887853141,4.023073458205079e-39,0.38073520279065537,0.42544925677863593,0.008927570226044554,0.0006971557975003126,0.020000216366127622,9.61263565170103e-08,7.524909353512567e-64,0.16373856812589443
0.00011865794483236234,9.029776745357006e-40,0.08139621118398792,0.8601901132101238,0.0036847614649056903,0.0003333148279434363,0.0025972240070169716,5.812783535927407e-07,1.6889637287802044e-64,0.051679136082836225
0.000204890705554641,1.6381403584512187e-39,0.03985972388248147,0.8702287101872404,0.003944952790465462,0.0005686725442844713,0.0037187352876057876,1.0545288059332323e-06,3.064039927119729e-64,0.08147326007356193
0.00021139248872822084,1.6725244876752455e-39,0.03926341325749762,0.8732908011849998,0.003728991839969535,0.0006046101818309449,0.0039035660326301284,1.0766628682258376e-06,3.128353307995876e-64,0.07899614835147549
0.000249254455887504,2.052172502019209e-39,0.05103106081933858,0.8581642485440876,0.004687810236264647,0.0005442234653563498,0.004323693420247166,1.321057743060977e-06,3.838461369371905e-64,0.08099838800107508
0.0001332533725351094,1.0459860271375505e-39,0.07264132356112511,0.8812222185111549,0.0037120958910366957,0.00028974759018848074,0.00294129498010542,6.733392383125574e-07,1.9564519815560313e-64,0.03905939275461586
0.0001225353865332665,9.393961067016043e-40,0.10044758436926485,0.8214775795942753,0.004400431797679792,0.00043925140069144583,0.0033327972017062495,6.047235145776167e-07,1.757082147121921e-64,0.06977921552633465
0.0004515222950574138,4.4277598980689203e-39,0.1452735007719498,0.7703521604164325,0.004465840523320917,0.0008514410127441027,0.006394657226698338,2.850291092266319e-06,8.281850236697376e-64,0.07220802746270456
0.00037938934721663895,3.245641654440657e-39,0.1334487203999187,0.7739074012090023,0.005119114683363829,0.0007052880461444493,0.006930922340239106,2.089331215711057e-06,6.070771388436707e-64,0.07950707464289927
0.0003340070411686203,2.6418929007660335e-39,0.06683500915944258,0.7654500280872536,0.005895811525064986,0.0007964539755232033,0.009746435581275937,8.894733443877884e-07,4.9414967950454396e-64,0.15094136515692672
0.00015343390526499886,1.3780481896094234e-39,0.763981703242339,0.09519602446022864,0.0031947047967253945,0.00019698494606404474,0.01728167133453496,1.9416271160450196e-08,2.5775536587416712e-64,0.11999545789857193
0.0003372783268438035,2.700779851825099e-39,0.09849966197097042,0.8184132655236886,0.005362146816125549,0.0007823716258655008,0.00945000120472518,4.920496365105503e-07,5.051641184261218e-64,0.06715478248214453
0.0001779170839532297,1.4168064535026605e-39,0.13390495385435994,0.7895289680220092,0.005673299632302878,0.000368615439897365,0.004992030055548019,2.581252599052261e-07,2.6500485871902936e-64,0.06535395778666941
0.00015045087855344728,1.1980064977083323e-39,0.10448114462632983,0.7732933976226626,0.011968368818230445,0.0002917981263195448,0.004624343114607252,1.2927920468759938e-07,2.240796841973728e-64,0.10519036753409222
0.0003406760749336575,2.693184448357728e-39,0.12703864475943716,0.7844477774884279,0.004941899177807628,0.0009519677218000657,0.00802270594314936,1.733696848356495e-06,5.037434453216136e-64,0.0742545951375958
0.00013217908092506223,1.013965662414602e-39,0.09080248847350898,0.8463741797873977,0.0038129590375878884,0.0004310539188243705,0.0031153678416736483,6.527260500043668e-07,1.8965598755555357e-64,0.0553311191340323
0.0003562376858006606,2.762557239674633e-39,0.10160799128681047,0.820293663252267,0.004689214553518815,0.0007810782601529435,0.007741813645268992,1.7783523270215968e-06,5.167191956200622e-64,0.064528222963854
0.0007758333215614578,8.451744471375716e-39,0.0549199312460468,0.812856238624435,0.006297204917784524,0.0009437001584358606,0.008506324445366037,5.440683201437374e-06,1.580846377449151e-63,0.11569532660316875
0.00017275356376782468,1.335383805835505e-39,0.07887200010666895,0.8670635062171524,0.0041128625395553875,0.0003889944652793489,0.004136764834300215,8.596351906799283e-07,2.4977525753516993e-64,0.04525225863808514
0.00022373546333137443,1.8340126164250125e-39,0.07532198422982585,0.8477240341043322,0.006897363300408209,0.000410402765996062,0.006125692453244166,1.9791187111995518e-07,3.430406835761319e-64,0.06329658977099101
0.00040582568459606084,3.7880161463827954e-39,0.10546035892561749,0.8095146301287445,0.0043006171812082555,0.0007274483951582395,0.005845789153643395,2.4384678885968508e-06,7.085249232284711e-64,0.0737428920631434
0.00046113662923597405,4.374830388293883e-39,0.12613653370971303,0.7799028509731606,0.004383207673455654,0.0010314427328274782,0.006647005728981596,2.816216747700609e-06,8.18284887186505e-64,0.08143500633587801
0.0002089457079286133,1.6040458789737183e-39,0.05049355773555915,0.8599553770943843,0.0035261536963973493,0.0009089701035282135,0.004847865644995571,1.032579365065449e-06,3.0002683181275706e-64,0.0800580974378417
0.000452058746736089,3.956647441352005e-39,0.07178264855779676,0.8221514506444831,0.004352935110571747,0.0011147589968179405,0.008001457182710215,1.3321214423300612e-06,7.400663609375124e-64,0.09214335863944194
0.00015898606139433069,1.2901426510285747e-39,0.05793108677590188,0.8745905308017168,0.0039818289738435255,0.0003671696896727716,0.0028697994243022796,8.30510712699088e-07,2.413131801580825e-64,0.060099767762455604
0.00024809929585962065,2.1703552409837722e-39,0.14070786117716652,0.7693733336978178,0.005216905603327712,0.0005480240278015093,0.005020335293396316,3.9541265730465316e-07,4.0595148517646806e-64,0.07888504549197334
0.0005445476689564055,4.7927839238968675e-39,0.0441901176571775,0.862614446745472,0.0037632191510250158,0.001521658403322262,0.00794887554404272,3.08526595189041e-06,8.964605034675895e-64,0.07941404956405211
0.0002238316803676031,1.9212141423079124e-39,0.08623723241989156,0.8309509065688001,0.004202528887671323,0.0006252257519708462,0.004218635543711948,1.236752600775331e-06,3.593511880840353e-64,0.07354040239498566
0.00024563262868152624,2.0482405073629107e-39,0.15227656455333852,0.7772942443016162,0.004222070999445741,0.000553865980607991,0.004583064265561617,1.3185227001839022e-06,3.831106817267769e-64,0.06082323874804818
0.0002140296050885657,1.845526788849332e-39,0.059516938066719996,0.8657026504259345,0.0037790150282332458,0.000546655229781143,0.003928938190580544,1.188029579167368e-06,3.4519433810602894e-64,0.06631058542408282
0.0004988915071599057,4.5974316111112266e-39,0.10811523623809552,0.8159484866121565,0.004335277616402107,0.0009408923425785828,0.007251241078581842,2.959508950670781e-06,8.599210651256694e-64,0.06290701509607492
0.000283321774434583,2.2709798189131975e-39,0.08020443348028904,0.8300448870405023,0.003993050290432669,0.000928312657255103,0.00524314321300184,1.461901086414678e-06,4.247726883068779e-64,0.07930138964299804
0.0015331559379491932,2.3457068931406982e-55,0.12189236261146,6.96590743802536e-13,0.003516542122954987,0.0016809475942590774,5.636430140322783e-57,0.8713769917326802,8.335501163827552e-69,1.3059062612492463e-61
0.0007921167503789764,8.466633030580598e-39,0.16351441343829098,0.7448049596932962,0.004665324666755522,0.0011539824980410093,0.011930271867069173,5.450101110484992e-06,1.5836311900951297e-63,0.07313348098505774
0.0003706631712188113,3.1934371072388964e-39,0.1490425664963217,0.7797100836972558,0.00444974230488455,0.00065701926119894,0.007878505739353758,2.055714283554496e-06,5.973126021128477e-64,0.05788936361548282
0.00039076108281968155,3.5168658076914436e-39,0.051859538900252626,0.843174362880079,0.005596119343204054,0.0005999565944220448,0.005443266260198347,2.263932706295061e-06,6.57807934313807e-64,0.09293373100631787
0.00025324838562463826,2.0830159830509648e-39,0.3544832475030122,0.3773569857353825,0.010385908594650765,0.0005283641283035441,0.011602582036109105,7.39793058238665e-08,3.896152187429773e-64,0.24538958963761137
0.0002319994402440764,1.9397620557458028e-39,0.31864716291371314,0.5239995146269123,0.010405340284764466,0.00048237651154655367,0.008678455679926958,1.1215718378709685e-07,3.628204602404326e-64,0.13755503838570862
0.0004310038908859534,3.751624946687356e-39,0.27609549828877084,0.5543485075047112,0.007195296418268719,0.0009320950199944698,0.013190243314610904,1.8211084019698602e-07,7.017181750589776e-64,0.14780717345191766
0.00014520963647290654,1.124622021276111e-39,0.13037449539740273,0.7560368366294099,0.009717497182081022,0.00031146331108612913,0.0051044881153089515,2.0489282833690324e-07,2.103535730824686e-64,0.09830980483541006
0.00021175487720552453,1.6148151472260572e-39,0.06149605396311716,0.832267822417698,0.004056507494008497,0.0008830739838612454,0.005421347569376097,1.0395133176600903e-06,3.020411566379037e-64,0.09566240018141589
0.0007182267189040962,7.526855302536929e-39,0.5199515644212724,0.21831596202797196,0.004830529780067377,0.0007100464537293383,0.09469781670605146,5.2551622434546753e-08,1.4078515954780904e-63,0.160775801340381
0.0001066379094126096,8.673989605799435e-40,0.05299733370256898,0.8077185600164593,0.011836440561925636,0.0002827336916194178,0.003174412631955503,1.2013160307447942e-07,1.6224159512630932e-64,0.12388376135445575
0.00035426457923469425,3.052928183881158e-39,0.06800865493036565,0.846588819923241,0.004020329790051516,0.0008978450406235503,0.007504014262165987,1.9652662664671525e-06,5.710312795714903e-64,0.07262410620805115
0.0003577828230187221,3.199277428045675e-39,0.04387211904004319,0.8369841795718475,0.0050659547287775645,0.0007315818828601933,0.005226798792955506,2.0594884728662433e-06,5.984049978924181e-64,0.1077595236720245
0.00048445390085463165,4.699066044815511e-39,0.06073977287570399,0.858521612264419,0.004934842946047177,0.0007250436220089792,0.007019069762070475,3.0249428286584825e-06,8.789311555146614e-64,0.06757217968606699
0.0005686584739883839,5.6501795246340916e-39,0.05742175881545421,0.8287026231213387,0.005909971396292855,0.0007692621708668263,0.007174533940151085,3.6372111784523077e-06,1.0568310321858637e-63,0.09944955487072933
0.0005363831357660495,4.6094251517009434e-39,0.0385491116754739,0.8706928535068503,0.0036079894041597276,0.0015821344517063863,0.008180556690524862,2.967237424847753e-06,8.621643824973976e-64,0.07684800389809385
0.000402099457633375,3.6104218691280315e-39,0.07553722612925905,0.8344900560230972,0.004330838656759572,0.0009620575292082422,0.00792360816729795,2.3241381433139086e-06,6.753070152800311e-64,0.07635178989860135
0.00030073796403458835,2.4708525681863203e-39,0.13787860184366799,0.773446748680846,0.0047366348913990795,0.0006839188227971554,0.0072180356472821595,1.5905702977994803e-06,4.6215764625364694e-64,0.07573373157967518
0.00028167346366413587,2.3501143995210095e-39,0.04081721226600911,0.8791999126564563,0.0033389562105312783,0.0009384106693525407,0.0054956454248814715,1.5128499740530204e-06,4.3957432074009955e-64,0.06992667645913134
0.0008811487385550765,8.482018066238178e-39,0.2066684539416469,0.3380259984609405,0.0079581308520833,0.0008607260482015498,0.06898036804068428,8.487243469293989e-08,1.5865088655819584e-63,0.37662508904545366
0.00016567947468231368,1.2417086337496508e-39,0.06854398894680033,0.8233711511993879,0.004452623044493439,0.0005106604885408139,0.004213757664395754,7.993321791193617e-07,2.3225389766084047e-64,0.09874133984952048
0.00028442237079526395,2.4703778051702502e-39,0.11545549228752315,0.8160823334553206,0.00433366446292746,0.0005822578300982329,0.0057541307555250346,1.5902607193646921e-06,4.62068844776432e-64,0.05750610857709092
0.0003182648594836522,2.466222236629309e-39,0.09739083511133519,0.8144312770196246,0.005362444760084041,0.0006733009279877303,0.0076518758065481935,1.5875958396348017e-06,4.61291571457718e-64,0.07417041391909683
0.0002449756386256309,1.970058735873881e-39,0.08866152689014659,0.7953582588475956,0.005430507494395698,0.0009317951180038316,0.005989963932303918,1.2681976398449675e-06,3.6848726632897644e-64,0.10338170388128891
0.00044371950507190473,3.909161864846114e-39,0.051885904405841975,0.8760748852057098,0.004467809949630316,0.0007495663567884524,0.0068110057311457865,2.516466783607967e-06,7.311844784037161e-64,0.0595645923790282
0.00032616959797464795,2.8085104623985494e-39,0.07777848998947938,0.8276432675779996,0.005603852849779003,0.0008443208472241886,0.007162810109995585,1.80794063341765e-06,5.2531446088408567e-64,0.08063928108691412
0.019725291727002967,1.3437670772473524e-54,0.9528924200301213,3.9905058495334315e-12,0.02001041621248686,0.0073680906078063555,3.2288984092251353e-56,3.7814185921004526e-06,4.7750453556044085e-68,7.481044818384563e-61
0.00012758340598584928,1.0348569880199517e-39,0.10882237044467592,0.841644164145843,0.0036185619301863036,0.00031045770908877217,0.003052329152399522,6.66173459923984e-07,1.935635804217577e-64,0.04242386703836069
0.0008955014864020399,9.864668420076464e-39,0.32017632145143593,0.23679729959336346,0.005527856370400916,0.0007729370154356794,0.2014912568861511,5.7027977710707225e-08,1.8451250377280452e-63,0.23433877016883314
0.00020949344201628698,1.7542716047402835e-39,0.14487232461761979,0.7413243804275698,0.0060568849374697375,0.0005005818585462452,0.0054956059392178664,3.1960735839841093e-07,3.28125621971647e-64,0.10154040917020206
0.0008768440639120843,2.2265498666682082e-38,0.7826664070378317,0.09794159401481196,0.002093099410160743,0.0003871443342365845,0.04446255066264137,2.321082092654217e-08,4.1646234133713604e-63,0.07157233726558451
0.0003425217497147357,3.0552767388149984e-39,0.1546699812112346,0.7597675547294188,0.0043288341743495055,0.0007292983963065902,0.005679672074387122,1.9667836669646094e-06,5.714705622038481e-64,0.07448017088092178
0.0002867792062915206,2.4849990607700284e-39,0.051217623842719884,0.8445788322830924,0.004667962157158162,0.0007203696511009037,0.004626968368839408,1.5996796888465969e-06,4.648036599411533e-64,0.09389986481110892
0.00023607137276569933,1.9369110065607625e-39,0.11694537817480134,0.7985285770209755,0.004115122939317907,0.0006649443549758693,0.004540974136397247,1.2468550085315739e-06,3.622871891753449e-64,0.07496768514575802
0.0011877139036917258,1.2306774898558178e-38,0.04032463990260831,0.8653321601896589,0.003595230114729479,0.0034355860704779894,0.01583083155810446,7.922220891443791e-06,2.3019059062135914e-63,0.07028591603983768
0.0003510582570745563,2.7294129327086846e-39,0.17301912853586396,0.7407299285742887,0.004533099368208504,0.0009277914790151614,0.007184603706475239,1.7570049770138187e-06,5.1051975859524024e-64,0.07325263307409707
0.000488656353394487,4.710191304195927e-39,0.10407391185836685,0.8163125112382005,0.004607335183435315,0.000713408555569231,0.00724360372817883,3.032070459623571e-06,8.810120662721121e-64,0.06655754101239508
0.00018554300687672275,1.5354588356856127e-39,0.09726786266203492,0.8395620505432397,0.003956215186832484,0.00044190979058957773,0.0033890993094072216,9.884283217813272e-07,2.871980508091235e-64,0.05519633107269764
0.0002886044038138855,2.5119128586468442e-39,0.06059497390510212,0.8574197662670215,0.004836853270404234,0.0005554906570932326,0.0044276604270975725,1.6170068193097328e-06,4.698377188885173e-64,0.07187503406264813
0.00029575757690121707,2.6004285995181714e-39,0.10952908309732078,0.7491988094515134,0.009626010881597957,0.0005367041169686094,0.0070774042933911,1.8179567276574475e-07,4.86394039157969e-64,0.12373604878663413
0.00030022984363617996,2.67292402132901e-39,0.11601511785480038,0.8240396134043583,0.004047536305297437,0.0005084415769347349,0.005427110582938888,1.7206418719541433e-06,4.999538581207233e-64,0.049660229790162005
0.00016278358097318756,1.2975389627986723e-39,0.041562988770980205,0.8750428828807278,0.004054927584682539,0.00047385889106145267,0.0031922079737853972,8.352725441285146e-07,2.426966143955755e-64,0.07550951504524536
0.00020006614503622903,1.531953569536293e-39,0.14260689545753644,0.7124277098809265,0.008503666215922114,0.0004934967859799653,0.00735067187256577,2.791037979454392e-07,2.865424125189557e-64,0.12841721453823515
0.00040409512399958793,3.8752257498260747e-39,0.07802922782843076,0.8252162007948706,0.005235339667682243,0.0007958275456086037,0.006121471458210892,2.494615520013055e-06,7.248369385939384e-64,0.08419534296567727
0.0002411094955527184,1.8711291056552198e-39,0.061472013952459215,0.8382546624148506,0.004143370427068006,0.0007914782276367216,0.005777832670706286,6.299719098447184e-07,3.499830926541542e-64,0.08931890283981656
0.0006184686752064592,5.859813453941695e-39,0.3735609816808694,0.34098480234059747,0.007170853170351732,0.0008367653357337183,0.03199516899428757,8.256294234250926e-08,1.0960417583097706e-63,0.24483287724001127
0.00022700378597661426,1.824663797389361e-39,0.05236666763515536,0.8462129348855201,0.004361913714324097,0.0007965734299965345,0.004544687801558007,1.1745998293910208e-06,3.41292044965962e-64,0.09148904414763996
0.00020803187811009358,1.7531650547182228e-39,0.08685571675993108,0.582114066074944,0.012287158953309093,0.0005566886642470479,0.007205194408574566,1.2256358494769938e-07,3.279186486539176e-64,0.3107730206972992
0.00029829542201380586,2.3808290494269273e-39,0.03832410143897504,0.8622972179653926,0.0038146513082012853,0.000925522183751896,0.0064936539674047755,5.846696678814799e-07,4.453193054829342e-64,0.08784597304459288
0.00019156443424666065,1.5949929680401072e-39,0.07737089958040534,0.8475137603401885,0.0057748753907977115,0.00036778004285749837,0.004099330554492641,2.9058875453264914e-07,2.9833354097756456e-64,0.06468149906825679
0.00019947815625467804,1.5928863599122324e-39,0.08458135679987815,0.8206288771792343,0.0050779546433826405,0.0007133605683692664,0.004824565083158323,1.025398590219431e-06,2.979395129944737e-64,0.08397338217113262
0.0002730821944953239,2.2633784416198182e-39,0.1589872343617506,0.6677803749470129,0.012052088822786473,0.0006471880082527412,0.011482992781525548,1.5823256020565243e-07,4.2335089783527054e-64,0.14877688065161626
0.0006812202413997878,8.242459779121638e-39,0.5751142029366364,0.16861753971951512,0.004152872831348119,0.0005415753406919183,0.10646286741330317,3.7973898481613405e-08,1.5417009739497992e-63,0.14442968354320695
8.572573830416314e-05,6.668241734855642e-40,0.06295582631095892,0.8977630637779398,0.0031842218076647663,0.00023864873191720273,0.0020693882239972497,4.2925920564735763e-07,1.2472532535979421e-64,0.03370269615001246
0.000466608300364423,3.767565129107089e-39,0.12339727622726944,0.622977953240723,0.008259210963014192,0.0010178744706714382,0.01745342667699588,3.240063666316239e-07,7.046996873041072e-64,0.22642732611459493
0.0007743193117761194,6.70694732513507e-39,0.07728332613882306,0.8349968946662714,0.004687872374067644,0.0012023474103718353,0.012450564826890857,4.317461717400162e-06,1.254492894170074e-63,0.06860035781008172
0.00018879931493584576,1.4362841298194302e-39,0.08217052360292243,0.8148116511844181,0.004295762887780382,0.0007731092795603688,0.004937159340765393,9.24586943076099e-07,2.686480372546294e-64,0.09282206980267436
0.00023278958152568325,1.9579906936578003e-39,0.08960904057174,0.8505027871458842,0.0040703972336940735,0.0004486662763708463,0.004098740697640521,1.2604276144420845e-06,3.6623001389016854e-64,0.0510363180655301
0.00031456224943481325,2.5599602535967445e-39,0.041202460046643,0.8616520131069121,0.003917121601913285,0.0009199771376118313,0.005387601878829745,1.6479344534132126e-06,4.7882468607732245e-64,0.08660461604420175
0.0002645023846658106,2.1907111424991822e-39,0.07415893622623844,0.8388314090456804,0.004199783424469565,0.0007004277926218867,0.006230904105273712,1.410234498660653e-06,4.0975893028786876e-64,0.0756126267865516
0.00015501244224525815,1.225336994395304e-39,0.07511087518414712,0.8661902541331566,0.004134978844595872,0.00045762322224121316,0.00363753445834121,7.887939887845865e-07,2.2919168407240593e-64,0.050312932921283963
0.0009707644032195511,1.0833297768427196e-38,0.42211668265052393,0.25403391859882757,0.005537761285406819,0.0008447397497366987,0.12612561058963526,6.262765462352888e-08,2.02630114895777e-63,0.1903704600949955
0.00014705135273787744,1.1352360844133259e-39,0.03716719026920389,0.8782059718723577,0.0037043605300486307,0.0004023270752350664,0.0036218417505453713,3.8221175777542796e-07,2.1233886775356402e-64,0.07675087493811349
0.0001834814704448752,1.5229087565602353e-39,0.12456558235268944,0.765673438893709,0.01021424558213033,0.0004349205131505266,0.006197708352304999,1.643400500855288e-07,2.848506363564922e-64,0.09273045849552074
0.0010995602662757721,1.7217929600578658e-38,0.5563685432503318,0.18301877497772856,0.0040896575025949275,0.0006493546074695987,0.11227627551663223,4.3579388322268e-08,3.220506929478758e-63,0.14249779029957885
0.0001951949858234013,1.472138376119064e-39,0.08443070219864174,0.8049978666507525,0.005732966226196188,0.00042939183311510354,0.004821300014863266,9.476692336193972e-07,2.753543516221436e-64,0.09939163042137411
0.00010186175147286991,7.830839245608856e-40,0.045034641624775676,0.8839373002490195,0.0039796520269516295,0.0002694637350278612,0.0025961724568492805,2.6364909130432464e-07,1.464709906426261e-64,0.06408064450681174
0.00047311746797004027,4.2637781441984914e-39,0.47808089531430037,0.24688087489345265,0.006606897360886902,0.0005673779781837994,0.06962164485709633,5.4844688092054726e-08,7.975132537822567e-64,0.19776913728342185
0.00041930419692628806,3.7554959478468765e-39,0.31824880015056073,0.3254067687737334,0.008702665351349892,0.0005982241971153861,0.03208784492578429,7.14567415799818e-08,7.024422218141598e-64,0.31453632094778844
0.00023273391461063476,1.8655029803342552e-39,0.3210514729798018,0.47858432784015603,0.015421690476194452,0.00045105609518679397,0.012548392907347472,9.055503118735528e-08,3.4893076081155724e-64,0.17171023523167153
0.00031434756523408786,2.761831332254805e-39,0.07502158169605828,0.7880428607633306,0.007938292192376187,0.0007250271634074776,0.008126925008335834,3.825035284199096e-07,5.165834191399658e-64,0.11983058310772902
0.0003163657225580443,2.4427761182023348e-39,0.10422904541372467,0.7788375507373729,0.006239307366055921,0.0006377038373511353,0.007849999640418244,1.5725038171438564e-06,4.569061204415336e-64,0.10188845477870175
0.0002126074072956081,1.6018420691078685e-39,0.1268480928070852,0.7743184319110763,0.004589472059356162,0.0007081448657049323,0.0054354696906815676,1.0311623027462166e-06,2.9961462284751743e-64,0.08788675009649739
0.0008349139172498061,9.177187706056547e-39,0.12900517139109854,0.6983887315768341,0.00772706097888467,0.0010689797581578907,0.01288184317469906,2.831855594454987e-07,1.7165360345932113e-63,0.1500930160175165
9.555643874594339e-05,7.2372323952661666e-40,0.0731760489913619,0.789388122557144,0.006738893922440271,0.0002935963865339195,0.0032976932794081585,1.318537995188561e-07,1.3536794271954459e-64,0.12700995657056638
0.0004377534051707952,4.0275835758776716e-39,0.0581640623752947,0.8701557581390557,0.004511612550937234,0.0006543585127819856,0.0061612229427421535,2.5926966465875703e-06,7.533345248857885e-64,0.05991263937737102
0.0006121597339846704,5.1413790107303374e-39,0.24950688407365068,0.6185125634612335,0.006010768320449381,0.0012760858182960333,0.01708154812201967,2.9727446896284996e-07,9.616630521347477e-64,0.10699969319589706
0.0006121597339846704,5.1413790107303374e-39,0.24950688407365068,0.6185125634612335,0.006010768320449381,0.0012760858182960333,0.01708154812201967,2.9727446896284996e-07,9.616630521347477e-64,0.10699969319589706
5.526281219829507e-05,4.23400591543666e-40,0.04883629685178917,0.9216670022418694,0.0025521736574245658,0.00014022776169083666,0.0013202256457118667,2.725585301026458e-07,7.91944543068613e-65,0.025428538470785775
0.0002809016128919254,2.6462028423954408e-39,0.6769944202800928,0.1342192102460183,0.0038020609307134637,0.0003401470864591053,0.04914068282117564,2.869288784414743e-08,4.949558273518838e-64,0.1352225483297609
0.00014418167493284934,1.1314712323470768e-39,0.05428674085701687,0.8970326246926037,0.00406740487004498,0.00031709847323596336,0.0034649245039774035,3.809442888373049e-07,2.116346755278385e-64,0.040686643983899366
0.00032834727180956557,2.7080864912908954e-39,0.11364261934354143,0.8113253101479887,0.00473845077674006,0.0006914947055053169,0.007678124652559488,1.7432902404596181e-06,5.0653078001532985e-64,0.06159390981161498
0.00017285715003808897,1.3649286705604944e-39,0.11474533077269168,0.8108416017679551,0.004407530795392393,0.0004190716713005382,0.004453853677168128,8.786524351743074e-07,2.553014412160547e-64,0.06495887551301918
0.00045376966656365515,4.1749490011244726e-39,0.13959155800144307,0.7679843380696921,0.005022100782749724,0.0008775790425695985,0.009117797636479047,2.6875375070600977e-06,7.80898313574816e-64,0.07695016926299571
0.0006021611887470951,6.267244921274445e-39,0.5171532092450214,0.2675170666698953,0.005915681286780783,0.000635529956960612,0.040588208378860874,6.271105546213183e-08,1.1722492869889866e-63,0.16758808056267846
0.0010181717078636117,1.1371400181460633e-38,0.37659417834568626,0.41000834305863365,0.006921646001813869,0.0010221401974022722,0.047390171925140195,1.1378403324193477e-07,2.1269498674822785e-63,0.1570452349794269
0.00026018265824459113,2.1101746655608396e-39,0.1874609001964031,0.48963665026471137,0.011936059927793974,0.0006266338080673575,0.013941034703305636,1.2201046356255916e-07,3.946950818419429e-64,0.29613841643101046
0.0001492315032699428,1.2236058265636235e-39,0.04440951305644339,0.8868256526683095,0.0036846269514824895,0.00042323740629319047,0.003238554959075168,7.876785725548474e-07,2.2886787986787303e-64,0.06126839577655381
0.00013939778661607995,1.0771427397485126e-39,0.04518602960238754,0.8812700105764165,0.004204785533453965,0.0003000063523176668,0.0027954451144048273,6.933962455390498e-07,2.0147286798531427e-64,0.06610363163815791
0.0004395256775815775,3.622840293827337e-39,0.10893819707464254,0.7010533766507644,0.007156504142553386,0.0011927607311748665,0.013476547051359016,6.600383858566534e-07,6.77629804588914e-64,0.16774242863353836
0.0003466606478245395,3.225838628663783e-39,0.07869367428124958,0.8292392093449492,0.005273508341592457,0.0007358867093616655,0.006005489795211702,2.076583660205996e-06,6.0337310570969085e-64,0.07970349429615078
0.00028132569813365827,3.16881990948944e-56,0.033512876929564485,9.410257625037027e-14,0.0005742914228049331,0.00038412520759992854,7.614264211496213e-58,0.9652473807418029,1.1260444397698589e-69,1.7641512555018593e-62
0.00047922275499686647,4.028281586477268e-39,0.1488544962949997,0.5588179658821679,0.00998716055713751,0.0008532473415663017,0.019993948171046584,1.955403486407395e-07,7.534650834387036e-64,0.2610137634577364
0.00026840164632033144,2.1499397940281328e-39,0.11254918841934454,0.6703290789626963,0.010815337589152882,0.0004746106945755183,0.008591724046460011,2.3200416905030756e-07,4.021329024598309e-64,0.1969714266372814
0.00023753271173189812,1.800250857048302e-39,0.10548651142089262,0.7624711535677536,0.005568175645111889,0.0007138167534549961,0.006311942870302666,1.1588854780909335e-06,3.367257559079159e-64,0.11920970814527419
0.0005386248460123279,5.076990373308922e-39,0.14150031156348425,0.7539119050027485,0.004677768050757466,0.0010815930106785857,0.007986038233904948,3.268218809729093e-06,9.496195569058908e-64,0.09030049107360415
0.0007341408087804794,6.18365263724426e-39,0.13761851963521618,0.7286787279055768,0.005595591092291032,0.0017449842831337202,0.013773380518178184,3.980584508426389e-06,1.1566138687816129e-63,0.11185067517231523
0.0001465522803778994,1.1017618762742665e-39,0.06610230334291188,0.8502617830846627,0.003862009976925723,0.0004471954644527836,0.0037108856386320866,7.0924402268849e-07,2.060777247606787e-64,0.07546856096801405
0.00016017468494330437,1.1970575705350948e-39,0.06565659304100437,0.8347175206446739,0.004644542318491757,0.0004056300671889039,0.0038721732806360123,7.705894360312858e-07,2.2390219325578587e-64,0.09054259537362577
0.000265990024237927,2.3533756664151954e-39,0.11987293832256841,0.8000141441778411,0.004816679016808227,0.0006155962011743937,0.005123182314283416,7.92334405751538e-07,4.401843204831148e-64,0.06929067760868073
0.0004625594632510561,4.003989287978827e-39,0.06530305256907468,0.8607189823234237,0.004395896168515657,0.0010063424396785493,0.007853001931050329,2.57749882388489e-06,7.489213596889813e-64,0.060257587606182036
0.00022093927233519676,1.7772992743547824e-39,0.09358334607008911,0.8104667177299931,0.005382681944017714,0.0007310240910748852,0.005518895931487305,1.1441125146861482e-06,3.324328047330836e-64,0.08409525084848796
0.00023492466600015524,1.9157678199714735e-39,0.0890855247547863,0.8225566104419475,0.005263852001302294,0.0007089475500373352,0.005659682156324851,1.233249856167731e-06,3.583324872743812e-64,0.07648922517974538
