i = 0,i = 1,i = 2,i = 3,i = 4,i = 5,i = 6,i = 7,i = 8,i = 9
4.286690719721584e-09,2.5025603583858617e-15,1.0892843972052187e-12,2.704200194490105e-16,9.993010919653209e-24,0.5516895047020081,7.3202648299678e-15,1.5699174859269537e-05,0.4482945354582563,2.563770862239837e-07
7.091957701380354e-09,3.2711862297691755e-15,1.2106326188028456e-12,3.4918374731903585e-16,1.2903358830603921e-23,0.6735079922457681,9.603889590451755e-15,1.5485386600725227e-05,0.32647626939248087,2.458819687171982e-07
5.458591916744059e-09,2.2360152025233003e-15,7.719616101344754e-13,2.3931028533149373e-16,8.843337993649074e-24,0.31424212643867594,6.637577470279139e-15,1.2990043093753573e-05,0.6857447198404124,1.5821844482150704e-07
6.643722364196252e-09,2.8386415506625414e-15,1.6608870007594933e-12,3.0684690877672726e-16,1.1341656599884001e-23,0.9219746287883676,1.0694191083663744e-14,2.469488960968086e-05,0.07799973970492274,9.299717028838253e-07
1.004300094907072e-08,5.496079459239483e-15,2.742211608460859e-12,6.418023123252827e-16,2.3716332343470453e-23,0.9215539753949805,1.371783869070891e-14,2.612330565853128e-05,0.07841977940260675,1.1185099107136931e-07
0.00031445472944441506,4.994705708456018e-10,9.095404731968964e-07,5.86849681389033e-11,3.504791839006609e-99,4.244433481183337e-34,2.3011396739205037e-09,0.9996846328707865,5.570399637628141e-16,4.866074843490089e-32
4.043592432898487e-08,1.3157643641759288e-14,4.269782915140405e-12,1.6461095386292596e-15,6.08284300375453e-23,0.824064918309893,2.594351292644849e-14,3.843999897030877e-05,0.17589649568910573,1.0556179595402655e-07
4.168481258766949e-09,1.6450082032942065e-17,1.4202838108392653e-12,1.4696479652352736e-17,1.441888620421908e-23,0.9719336163643846,8.747960662295683e-15,2.784940531900065e-06,0.02806269663953231,8.978856407580609e-07
1.2111089628745369e-08,5.293888276981463e-15,3.141592666710548e-12,6.108292135024713e-16,2.259727324234943e-23,0.8956092784564078,1.5393295345580274e-14,5.224588575210464e-05,0.10433811297638232,3.505672052142644e-07
6.414692066264722e-09,9.727253498997177e-17,2.5850570079817846e-12,7.213940719175318e-17,2.3963073827277584e-23,0.9580438439312365,1.5975697151688366e-14,8.379802305182248e-06,0.041946384998670566,1.384850494283273e-06
1.3510612178294393e-09,3.755962618178843e-17,4.000177211199474e-13,1.9012513555892655e-17,2.3585399027631302e-24,0.9900219003536938,2.3910505509555705e-15,3.076056847616632e-06,0.009971040048892897,3.9821891020115334e-06
3.7359426775681574e-09,4.0552204343895983e-17,1.0002303692290746e-12,2.7437618564185613e-17,6.65947028515404e-24,0.9834451736258454,5.988592922232217e-15,4.667802900629753e-06,0.016548074045374846,2.080788930105269e-06
3.0726341999103238e-09,2.742154345705765e-16,8.701848540257618e-13,8.066872587186905e-17,5.127621740058309e-24,0.9791017612286301,4.7159500375219225e-15,1.0281260734218652e-05,0.020887691617566085,2.628195600637894e-07
1.1136722929210742e-08,4.5329916413145705e-15,2.027636337187027e-12,5.065493279154796e-16,1.8719150980101684e-23,0.8824057274617433,1.3792565179494865e-14,2.7718618859215946e-05,0.11756638113690913,1.6164371900665186e-07
2.8497165245871406e-09,2.3877170363164947e-15,9.746784739070565e-13,2.6086627601576375e-16,9.640572992031061e-24,0.39918986200935275,6.280625431142763e-15,1.517960885747597e-05,0.6007947336558765,2.2187521310537945e-07
1.9088782775880968e-09,8.35889206239302e-16,6.476547285639622e-13,8.929353589590304e-17,3.2997234942838045e-24,0.9798031412852725,3.3546406803830865e-15,9.492654161828595e-06,0.02018621564307094,1.1485079645099786e-06
3.5483183768827697e-09,2.3093358721934595e-18,5.668542337164783e-13,2.2734884741552717e-18,7.530604059981933e-24,0.9928471028203745,3.82855977727371e-15,5.472876940062233e-07,0.007151876097179794,4.702458624392363e-07
4.207780144420496e-09,1.7999103057368823e-16,9.806939458381623e-13,7.238674684045028e-17,6.3734980815773766e-24,0.9402420247142703,5.979484305477954e-15,1.2214143870419447e-05,0.059745173717153405,5.832159385778823e-07
2.465535493321428e-09,1.4680095488644537e-15,9.711243866057147e-13,1.5702572206630524e-16,5.8033157462243535e-24,0.9756076280475889,5.854472817499606e-15,9.571531795766273e-06,0.02438015951684649,2.6384372548296474e-06
4.7880906502835645e-09,4.4031398450234165e-16,9.698134787842823e-13,1.2846651113703133e-16,8.1653033833966e-24,0.6428454946406504,6.7877896167569856e-15,1.549125570853828e-05,0.35713874569206505,2.636225080461751e-07
1.2705100025303062e-09,5.968565589094848e-16,4.4269597944493017e-13,6.345488842187121e-17,2.344822237640919e-24,0.9859308331527508,2.4392016926547796e-15,6.382091431251018e-06,0.014057495381032414,5.288103829615417e-06
6.426680576740495e-10,2.6292846261498106e-16,1.9535930790778828e-13,2.785165860243697e-17,1.0291910253472153e-24,0.9906132429001313,1.0626078521692017e-15,4.236545314699222e-06,0.009380803969825812,1.7159418634210299e-06
8.210759657883116e-10,4.1452387765817067e-16,9.744176340996686e-14,4.614394024782851e-17,1.705563740105858e-24,0.02581703130523222,9.022442097939573e-16,1.831949772806151e-06,0.9741811244844579,1.143936208056005e-08
3.820135956099797e-09,1.8299994093643803e-15,1.1163684350726055e-12,1.956943279717695e-16,7.231620894803675e-24,0.9417618262352365,6.633243950442297e-15,1.500311414524665e-05,0.058222439610266,7.272190912230255e-07
3.6840730549263575e-09,3.1057577047859306e-15,1.6383815408687672e-12,3.3698282461694595e-16,1.2452753569925139e-23,0.9001079001499994,9.833320889381154e-15,1.4791963710113485e-05,0.09987647853997968,8.256605860142657e-07
1.1679320429954077e-08,4.5228045598271125e-15,2.1382513175368737e-12,5.152122288599914e-16,1.9039043282755883e-23,0.8750714805922496,1.25014127920622e-14,2.7200634677476438e-05,0.12490119987591938,1.0721567736937262e-07
4.046523287911551e-09,2.74753891317745e-16,1.845256351977372e-12,1.3990139456812719e-16,1.7354852550285147e-23,0.8801009312045076,1.229740450177186e-14,1.1306352579786759e-05,0.11988688539334126,8.730011903942625e-07
5.380354055077982e-09,2.0392630912095807e-15,1.387263694369422e-12,2.2062912452469549e-16,8.156682095021695e-24,0.9345304313992098,7.760750941759534e-15,2.8841525463259202e-05,0.06543984847881908,8.73214756487894e-07
7.0191109358620735e-09,3.8741098352399535e-15,1.3037683428481504e-12,4.160152676481533e-16,1.5377015205444587e-23,0.43894744847612155,1.0609136709756939e-14,1.6911884570230535e-05,0.5610354379259469,1.946929317238876e-07
4.277098108197973e-08,2.9800100063484762e-16,2.7944961097577675e-12,2.5981362124957457e-16,1.992677709522176e-22,0.4451386568162861,3.977491508477856e-14,1.3748583381171932e-05,0.5548473373159574,2.145105593442619e-07
8.218024505974208e-09,4.5212197747415004e-17,1.735337861352901e-12,3.76836880218488e-17,2.224014173837335e-23,0.8940925742686708,1.238103005664286e-14,6.235620103978068e-06,0.1059006662402459,5.156512071374071e-07
1.632731218134461e-07,4.1689042850137524e-14,8.15279303978399e-12,6.4780288159526224e-15,2.394174039166841e-22,0.8140886425199357,5.0434269741777e-14,4.943961131064428e-05,0.18586163790651042,1.166808699563527e-07
2.6123437853895104e-08,4.487593152140346e-18,1.5781565066807915e-12,4.60185136963695e-18,4.312810969257314e-23,0.9828047100290379,1.2340647146404356e-14,1.1060770037868455e-06,0.01719374825433096,4.0951459893763505e-07
9.192703384620884e-09,3.628315563829933e-15,1.836813441167742e-12,3.968815342674585e-16,1.466606474670721e-23,0.9257183042216252,1.0631500094469925e-14,2.7322282941964726e-05,0.07425420866151203,1.556393660503779e-07
4.352805490042708e-09,7.994325206947015e-15,1.1458623970480686e-12,9.28836987925292e-16,3.4332600464478743e-23,0.18889606939914688,1.107162568241494e-14,9.360526922783313e-06,0.811094463044187,1.0267577198339545e-07
3.272564812231642e-09,6.882826325645197e-15,1.484523886044995e-12,7.843034459228931e-16,2.8984271706158395e-23,0.27836642916922266,1.0978773511703969e-14,1.1122335385335678e-05,0.7216223208937871,1.2432753682179754e-07
1.7801973769490879e-09,1.6750674748391804e-16,1.94384645607012e-13,4.9470485022924056e-17,3.1442390025949273e-24,0.061192015953438754,1.872519447482295e-15,3.3116182229728483e-06,0.9388046444251672,2.6222777216211318e-08
3.3780176238723117e-09,2.2310596862060697e-16,1.247254401678968e-12,8.993799972348267e-17,7.919512838398217e-24,0.9693171858286481,7.038190853842756e-15,9.918973974811488e-06,0.030671321415477973,1.5704026268150166e-06
8.39568292100564e-09,3.248341961098492e-15,1.331172010167395e-12,3.6836653945661845e-16,1.3614239310812745e-23,0.6204538535024152,8.554895105167493e-15,2.7814944855254643e-05,0.37951821348979614,1.0966590720942199e-07
3.4173042651450453e-09,1.2854469302357753e-15,7.285468839111686e-13,1.3715788548359057e-16,5.068667982190468e-24,0.8413280065899832,4.572910375518708e-15,1.762638737781637e-05,0.1586542063352865,1.5726931356420182e-07
1.2406295153603397e-08,6.197619574398405e-15,7.522409904767537e-13,7.169637434483681e-16,2.6507216370962734e-23,0.12338771738906393,9.573515042584034e-15,1.1760092506974109e-05,0.8766004380803425,7.203102276178675e-08
2.1041415512678576e-08,1.3989158882166045e-14,1.5428950202689281e-12,1.5786449993010703e-15,5.834249699294344e-23,0.24177455427846034,2.0819245557271185e-14,1.7270899951366347e-05,0.758208047289774,1.0648881952406495e-07
7.170466688242917e-09,7.314112230001799e-15,1.3028190687903836e-12,8.464600445138609e-16,3.1289167661146596e-23,0.24484158711767784,1.2941583144577228e-14,1.657356943106041e-05,0.75514168251946,1.4962164047563423e-07
8.011698461939487e-09,2.957268740604443e-15,1.383758735550339e-12,3.316850156883079e-16,1.226154012746562e-23,0.8334100600995425,8.587934293111416e-15,3.247173304494814e-05,0.16655689698582055,5.6316849793631e-07
2.832191339460908e-09,2.159456140079238e-16,1.283932652069679e-12,8.695760418990303e-17,7.656834236113635e-24,0.9804125080873725,6.880736295078725e-15,8.28224594548755e-06,0.019576604081471227,2.602751728395948e-06
6.463564535063893e-09,1.2482486410478612e-17,1.6388218179544725e-12,1.1870351067201637e-17,2.2481348872216738e-23,0.9768007953143171,1.1020467944302003e-14,2.283591470136268e-06,0.023196613635914933,3.0099308352745283e-07
1.1648806382678458e-08,1.4522491729366283e-16,4.672858511873876e-12,1.3354113023102597e-16,1.652250684589179e-22,0.7383587464288013,3.5992183200082444e-14,1.136395824709051e-05,0.2616296087838079,2.6917562809716167e-07
7.054260337673081e-10,4.457752529868872e-16,3.408064538320578e-13,4.75220437720031e-17,1.7561183985645553e-24,0.9876071567973606,1.7123556101135012e-15,4.437635531650885e-06,0.012387967913257351,4.3694808159070297e-07
6.299561891251401e-09,5.398805325053461e-15,1.36558662066466e-12,5.901156719121732e-16,2.1807675974025405e-23,0.3385828370692783,1.259455909763369e-14,1.7620486800045238e-05,0.6613993493587345,1.8678424119806125e-07
2.51573981595506e-08,1.5910341792183225e-14,3.986115095904841e-12,1.9502256039227222e-15,7.213181083774918e-23,0.8732017770570021,3.589327769536402e-14,3.256213674282066e-05,0.12676459484332192,1.0408014951187992e-06
7.291721915098251e-10,1.1717101088448661e-17,1.9827105518998615e-13,7.007658625775361e-18,1.2228568133301086e-24,0.993293835839419,1.2194882564372006e-15,1.3695516337482583e-06,0.006701762548216492,3.0313313589788865e-06
5.49729712945127e-08,1.3029045659404425e-18,9.120546190392805e-13,1.3774387797826518e-18,8.153674496333337e-23,0.9932775958393555,8.037995658446342e-15,3.501799489272691e-07,0.0067216926379731375,3.06368831018413e-07
6.295871228560951e-09,5.4883026512023354e-18,9.316715559547172e-13,5.290568627270188e-18,1.218920348228253e-23,0.9846653343857378,6.008673472860585e-15,1.2273140414425558e-06,0.01533329796270217,1.3404070980021164e-07
2.6638413927692456e-09,1.0142713668897585e-15,7.2223580411221e-13,1.0838672897870721e-16,4.0064348716402234e-24,0.9499416086556589,3.953123804417056e-15,1.8527792289824206e-05,0.05003946069942813,4.001880545727433e-07
3.8870102325961574e-09,3.3676344417172727e-15,1.5579792804243911e-12,3.6266318144130186e-16,1.3404157491790118e-23,0.6267290661573038,9.414791844439701e-15,1.984044746541997e-05,0.3732507879989409,3.015077085163677e-07
3.3571845222428304e-09,3.5521536654683862e-15,1.8006118780132178e-12,3.845187858980511e-16,1.421193339474343e-23,0.715445715234208,9.764130817652697e-15,2.0160421147352045e-05,0.28453373578746055,3.8519818550722293e-07
7.787631828929456e-09,3.918291621432162e-15,1.3276419609264744e-12,4.2412100372965567e-16,1.5672819373776603e-23,0.43038986108323124,1.072369202984351e-14,1.9392389416131445e-05,0.5695905301233041,2.0861507410916812e-07
2.330822410020772e-09,1.1467166048279406e-15,6.864629549889099e-13,1.2313452023172916e-16,4.550202404162453e-24,0.9456097361487239,4.216651718796799e-15,1.139958164963918e-05,0.05437860063306689,2.613050451563677e-07
1.212925959201757e-09,5.282515422024876e-16,4.209652846903974e-13,5.56329087425612e-17,2.0558972201306717e-24,0.9864114970641847,2.0912795733018535e-15,7.950576767615647e-06,0.013579443244071064,1.107901626897229e-06
4.882940526541545e-08,1.580700030631982e-14,4.724444813907288e-12,2.0060283744950492e-15,7.412847014335912e-23,0.8228497006011326,2.9023398108042585e-14,3.8941566072852606e-05,0.17711120056276805,1.0843584990320971e-07
1.4675173907668571e-08,7.118461538210975e-15,3.0184769368376684e-12,8.235498001559758e-16,3.043332838690872e-23,0.9302922387079101,1.9557819515686085e-14,2.4114442072830775e-05,0.06968346671594551,1.654558518793122e-07
3.2428417106775464e-09,8.830651319150644e-16,2.100576290380116e-12,2.6159109052135184e-16,1.662512519887352e-23,0.9597445235075945,1.1693577587987882e-14,1.1106322274382079e-05,0.040242648550891436,1.7183742843443323e-06
2.656831414602368e-09,7.651450976014232e-19,2.5403405929982294e-13,7.700136556465455e-19,4.1374815160718294e-24,0.9967262076104824,1.8103113977364293e-15,2.003555531165616e-07,0.003273461220266338,1.2815661117703552e-07
4.281526057759535e-09,2.354324774277938e-16,2.0026286641582325e-12,1.2003388495069798e-16,1.4892541219456197e-23,0.9521938245845809,1.1179826035608628e-14,1.1143795954245578e-05,0.04779375106866163,1.2762672630274603e-06
7.058438951655021e-09,1.6282540365426856e-16,1.2370943146290532e-12,8.303314419690494e-17,1.0300492839345367e-23,0.9029106323565558,8.02417087287688e-15,1.3040314651451154e-05,0.0970758269920731,4.932770352527586e-07
3.4278098960070957e-09,3.163650890298041e-17,6.090051509384782e-13,2.1393581398984493e-17,5.1919849400281254e-24,0.9129188210633951,4.146089387184029e-15,5.158353137423078e-06,0.08707559964548121,4.1750956326280784e-07
9.394660915522198e-09,4.675210410187813e-15,2.710015188201651e-12,5.109644150854166e-16,1.8886136505401263e-23,0.9501859523754034,1.5932435018175634e-14,2.6438616204764304e-05,0.0497866360649383,9.635460614987532e-07
3.3585515886411288e-09,1.2792224202173596e-15,8.952408220019531e-13,1.3637597095847307e-16,5.0401225586800214e-24,0.9499240302439158,4.889940334139212e-15,1.553885443511133e-05,0.05005989504965682,5.324925392496746e-07
5.780798928863258e-09,4.261715295893247e-15,2.4115437356329566e-12,4.70964475316146e-16,1.7410056113616148e-23,0.9454741569952948,1.4644371041071926e-14,1.8754371801238167e-05,0.054505397143548316,1.6857061257966475e-06
1.748876373017019e-08,1.7483938277036536e-14,1.4825140524672482e-12,2.0129235274558965e-15,7.439216545488506e-23,0.23229026062296634,2.23485399592175e-14,1.203675435395723e-05,0.7676975745551855,1.105772060815984e-07
1.907912071668091e-09,1.1507455792179148e-15,7.283879396856941e-13,1.229988663898185e-16,4.54526082664788e-24,0.9666040030074394,4.395649493133348e-15,8.924589686043084e-06,0.033385755714537946,1.3147796904873477e-06
3.362435905562677e-09,5.526922076312818e-17,9.601343356938886e-13,3.739050105785891e-17,9.074054522399764e-24,0.8785450735506473,6.5938618959558816e-15,5.9511788882229665e-06,0.1214485912251581,3.8068190371817034e-07
2.0526633836273628e-08,1.2100928426993893e-14,3.919150722819556e-12,1.5091456342157775e-15,5.577339237082195e-23,0.7702171851498895,2.2696537142865183e-14,3.770951291858411e-05,0.22974496827766364,1.1652893892919149e-07
2.4495338188047125e-08,1.44800632866904e-14,5.319325435152361e-12,1.8278587444765004e-15,6.755061564146135e-23,0.8620805034733807,2.674460631811771e-14,3.583057323139584e-05,0.13788353106918785,1.1038349965401608e-07
1.2056779781793075e-09,1.5827978146347537e-15,1.3842220156493495e-12,1.7311753975323064e-16,6.399124361757498e-24,0.9633081868997212,4.718525525540152e-15,9.532745063032522e-06,0.036681445609892206,8.335382549046172e-07
5.148350184654554e-09,2.221106150422322e-15,4.774535470022476e-12,6.86095506236948e-16,4.360927993703625e-23,0.9081446595861394,1.814489735503028e-14,1.8584281446884367e-05,0.09183658949621831,1.6148304951618708e-07
6.909336505069477e-09,2.7986858683598163e-15,1.3495892846079345e-12,3.041155377240816e-16,1.1239108093747945e-23,0.7330801846372266,8.632594769921874e-15,2.9189019341506706e-05,0.2668904829537865,1.3647894773737025e-07
1.4421193853964535e-08,3.3886572346872484e-16,2.244023435565859e-12,1.743118684228544e-16,2.1623402853875119e-23,0.8919598854198892,1.266791179585407e-14,1.825843202957042e-05,0.1080217498756429,9.184898728330983e-08
3.2188596665777935e-09,1.3269302378412107e-14,5.252270190174102e-12,1.6026253201859675e-15,5.924551714989522e-23,0.7558786862266214,1.9636949048127665e-14,1.7580951501411808e-05,0.24410340542221373,3.241755169820584e-07
7.365784453531339e-09,4.047618216132101e-15,2.0457976139933993e-12,4.564751821172828e-16,1.6868162400139196e-23,0.8869757324858321,1.0546052238217926e-14,2.2884510427342418e-05,0.11300127038692416,1.0524897092191922e-07
1.051351852032226e-08,3.9224914441509515e-15,2.1322139151480476e-12,4.455153222324759e-16,1.6465160875722458e-23,0.9289643407775925,1.1688047057791442e-14,2.5868380102263927e-05,0.07100966550913314,1.1481750522472887e-07
4.872717959295728e-09,3.975755148342958e-15,1.82831445636392e-12,4.521577447176916e-16,1.6709071515760738e-23,0.7796008425127805,9.460701279311599e-15,1.9385425838285944e-05,0.22037965011178468,1.1707503651097135e-07
1.8525219832201797e-08,1.3732021579301102e-14,4.756117194586499e-12,1.691702621740567e-15,6.254224329643931e-23,0.8376259935607585,2.7854650230020416e-14,3.3685556207483114e-05,0.1623401375710965,1.6478191838155967e-07
5.277624246943969e-09,4.212914710659553e-15,2.6882560106636035e-12,4.789710976932031e-16,1.7712786594427813e-23,0.8988099606416206,1.1560640321335272e-14,2.9688604909848548e-05,0.10116006498953858,2.80483602334815e-07
0.009384400002998953,1.2106191802593751e-08,5.096713109002841e-08,1.6343419642701e-05,3.105987176595465e-99,3.761466178317883e-34,1.0706016963870485e-09,0.9905991924334333,4.936552764942253e-16,4.312371963442448e-32
1.0251581801147725e-07,3.1160893187282496e-14,5.4678767109762025e-12,4.649836481493866e-15,1.723638558568544e-22,0.6929910149752392,4.0717274445789564e-14,9.046067649186362e-05,0.30691785015206224,5.716748443055356e-07
1.659990679197132e-08,7.585400190383855e-15,2.7796150407558134e-12,9.030047477574077e-16,3.339458273066873e-23,0.8461517858759375,1.881431068893069e-14,4.29929230015194e-05,0.15380431048068707,8.941176601086151e-07
3.1635489066810215e-09,1.3575574343991463e-15,2.5963849726429277e-13,1.4845489169887333e-16,5.4865718293931156e-24,0.057591783510868674,2.8491544663489562e-15,5.089474602012236e-06,0.9424030959898029,2.7860913612769766e-08
2.6124802751058284e-09,3.4361491418877897e-18,4.3856360314594807e-13,3.144899334643545e-18,3.891057721861842e-24,0.9897214224079064,2.571381579339505e-15,8.29355240729551e-07,0.010277570942778523,1.7468115293911337e-07
2.9612112587318517e-09,9.377061955345571e-18,5.539946915353929e-13,7.801223353837953e-18,4.604017023266207e-24,0.985245937240236,3.2263121110311443e-15,1.7718100093798116e-06,0.014752199785083122,8.820290302359326e-08
1.530965220813085e-08,3.7051273106614886e-17,2.420539777461655e-12,3.21509478632854e-17,2.4658091521632382e-23,0.965381130730293,1.3310903466608037e-14,6.379553650232325e-06,0.034612284963797195,1.8944017337197552e-07
1.376471828638195e-09,3.7686760770247664e-17,3.535249771329949e-13,1.9104244304363325e-17,2.369831907540976e-24,0.9861061365643851,2.2575130338430256e-15,3.1344506940053616e-06,0.013888807345062423,1.9202630307386606e-06
1.1670853606395156e-09,1.2758331626762835e-15,1.1251570134409548e-12,1.3787085965929721e-16,5.09563059095301e-24,0.9781114436047643,4.145164627224433e-15,8.438465071775717e-06,0.021878504740179095,1.6120217688640168e-06
3.236185864709475e-08,3.035300572209215e-18,1.506704524930166e-12,3.1557526618974678e-18,5.331394765067069e-23,0.9889472461823408,1.1628115814336275e-14,7.854974757555342e-07,0.011051424452481654,5.115043246060406e-07
2.3125966544021454e-09,3.849186828461085e-17,5.01078760561938e-13,2.301669103465694e-17,4.016462204006209e-24,0.8958302440725923,3.2340344582239706e-15,4.222667549594933e-06,0.10416533589637356,1.9505038349540506e-07
4.126131963846033e-09,6.300755982446445e-15,2.8670073632527214e-12,7.466409107642662e-16,2.760634027774942e-23,0.8465690605366992,1.2802263294054629e-14,2.3942542065088686e-05,0.15340636905011615,6.237421007891344e-07
4.5216915530124065e-09,4.433305122935554e-15,1.0517499166785037e-12,4.878903092279184e-16,1.8030211194821815e-23,0.2532308164112659,9.036624931673826e-15,1.0311247807301279e-05,0.7467587777861823,9.003198733665424e-08
5.610566509803925e-09,5.283828330540305e-15,9.516364834950223e-13,6.226284076373841e-16,2.3017666770184257e-23,0.2115054537481946,9.28309876218169e-15,8.838876092190563e-06,0.7884856012686553,1.0049552464406116e-07
6.179778702553835e-09,3.3741385716569324e-15,4.293845608576071e-13,3.8729785877745797e-16,1.4317508848800283e-23,0.07939884246400117,5.456246003052948e-15,5.303964166800165e-06,0.9205958063141916,4.107742313960396e-08
2.42204465877487e-09,1.2216620356193775e-14,5.0028380680181495e-12,1.4468362921864354e-15,5.347894692693591e-23,0.7366372559482838,1.7879007399400526e-14,1.4584843642727888e-05,0.26334765168231977,5.050986747574567e-07
7.114321344250914e-09,8.71840947464281e-15,3.0940950835118217e-12,1.049470671880569e-15,3.8811383135636545e-23,0.7608497742639957,1.647425843543987e-14,3.0736638203882074e-05,0.23911896430514154,5.176752173253945e-07
1.011427303091035e-08,4.940158033340327e-15,2.3408435253222135e-12,5.634424459226854e-16,2.082909163933084e-23,0.9160253229462586,1.3917855585784845e-14,3.396930021386594e-05,0.0839397626754413,9.349614528808309e-07
1.70722037195158e-09,4.1078743419509e-15,2.5526318351529445e-12,4.688939658610182e-16,1.7326902373568953e-23,0.8925397163153843,8.545125229938457e-15,1.1161142996630052e-05,0.10744889307802927,2.277538037170178e-07
1.2831533706361349e-08,4.893888866107761e-18,1.5504090716650922e-12,5.01850459145853e-18,4.7032429483628995e-23,0.9851578445737489,1.3922644095189199e-14,1.080866486780458e-06,0.014840485952590349,5.75774076019617e-07
8.831516321672053e-10,6.723802911685941e-16,5.543621130044807e-13,7.194047085104261e-17,2.6587467116460276e-24,0.9861416979692198,2.5318887263047247e-15,5.603285476706248e-06,0.013850821716999511,1.8761445946465876e-06
1.5022558183559365e-08,5.332837511856134e-15,1.885176305075728e-12,6.212574733496013e-16,2.297266446590757e-23,0.665549005089091,1.3166192494505912e-14,3.616612731088675e-05,0.33441437237477617,4.413843593584599e-07
4.5591275164321064e-09,3.107020941925595e-15,1.6964971209774837e-12,3.356836737435512e-16,1.2405547047350871e-23,0.961921153410135,1.149339818324863e-14,1.3431691645562145e-05,0.03806294781418023,2.4625232004040944e-06
7.2558906787377935e-09,3.282496036614627e-15,1.87548689180375e-12,3.4763753067478133e-16,1.2847974974002091e-23,0.9448661270831064,1.095172630321336e-14,2.7231666369267458e-05,0.055105960286291285,6.737064524050748e-07
6.0966034019682035e-09,8.351660975939587e-15,2.071405938686274e-12,9.297553607557333e-16,3.4358990610902476e-23,0.4726811612681506,1.7866980411605805e-14,1.5487920405343608e-05,0.5273030371843402,3.075284018933333e-07
1.2425130341981418e-08,6.655614195645163e-15,2.4531931142304333e-12,7.127642531445137e-16,2.633901477616101e-23,0.8751773665820286,1.8500817343318644e-14,3.052884168740137e-05,0.12479154123620269,5.509124719101304e-07
0.002405478363663992,1.0275846855487851e-11,5.457675474765605e-07,9.428839332041695e-12,1.7094212556068395e-98,2.0701728216762283e-33,2.5849536780222522e-09,0.9975939732641276,2.7168973166285352e-15,2.373371130421648e-31
4.2221166024661865e-09,1.5680887181806965e-15,8.46223822262742e-13,1.7252135411468122e-16,6.376741996999996e-24,0.8785824206680086,5.02449757579284e-15,2.2832201953240356e-05,0.12139424442548688,4.984815816066021e-07
2.0747612614671614e-08,2.603615773667041e-18,1.367345251989415e-12,2.7212138432834087e-18,6.270143882917942e-23,0.9903328204265006,1.1501938563355145e-14,6.541401687309198e-07,0.00966599784468483,5.068396542705988e-07
4.97047177046464e-09,1.5720881156422552e-16,1.325026208307704e-12,8.041134477894394e-17,9.974735069386556e-24,0.9612604845556257,6.8086172262311944e-15,1.0251243226478459e-05,0.03872915923921929,9.999012467651748e-08
3.4523948171919017e-07,1.2154338572215214e-18,1.1070087641482562e-12,1.2980791648721044e-18,5.110565147753044e-22,0.9935991207756435,1.0586955216695883e-14,3.278021440910531e-07,0.006399888341102908,3.1784050988280986e-07
1.8632340192368673e-08,8.221348134382503e-15,3.657709338660269e-12,9.895699476780341e-16,3.6567238902269127e-23,0.9027212281660284,1.89424362042476e-14,3.2048914463694e-05,0.09724660011373201,1.0416974963277422e-07
7.569039790424057e-09,5.686039419850371e-15,1.9357145015486164e-12,6.310946428986759e-16,2.3325394559360178e-23,0.5839270766238026,1.3430196152769055e-14,1.9215017416541765e-05,0.4160535571702945,1.4361749112654658e-07
5.977042679985208e-09,3.2440837924514935e-15,2.0779139913643437e-12,3.676073278585923e-16,1.358735220521649e-23,0.9401056692773672,9.381380071524869e-15,2.3049053621515847e-05,0.05987116149572423,1.1419415343690627e-07
2.076316709279378e-09,4.247013510123385e-14,1.2770356551249362e-11,6.1469871610671314e-15,2.2715265113328684e-22,0.8167998601872402,2.7359302590584657e-14,1.2236084671960579e-05,0.18318700697132267,8.94667602036126e-07
1.1853572331257924e-08,4.680951819895875e-15,2.9617125938510287e-12,5.337155785052763e-16,1.974437857097061e-23,0.9438435545705565,1.5802407874800484e-14,3.9932918145917445e-05,0.05611547929451735,1.02136022499688e-06
1.662664703973944e-08,5.656792291224189e-15,1.1643352695515622e-12,7.289217145789949e-16,2.697932664119808e-23,0.23040013798409067,9.636094572197954e-15,2.438437058093448e-05,0.7695753242140937,1.3680340729955847e-07
9.033316684699798e-09,3.1720182430386663e-15,1.6477262983152168e-12,3.525231625430478e-16,1.3028475310790918e-23,0.8633519837873883,9.614855358953121e-15,2.7742804501121624e-05,0.13662015357256976,1.1080056315970791e-07
1.2792267566099896e-08,5.110656325084242e-15,1.5396559130357977e-12,5.649197649898707e-16,2.087786653681741e-23,0.4528190781309343,1.2833348294187325e-14,2.3563662029985727e-05,0.5471572332389791,1.1217423066571918e-07
1.1376060828840795e-08,5.037993076292413e-17,1.3939220871421147e-12,3.987459303062193e-17,1.780951883987394e-23,0.8208199763245437,1.0386537771995588e-14,7.040559976152448e-06,0.17917284033408742,1.3140392741505242e-07
1.2013821528588965e-08,4.413612337866575e-15,1.4046318836906908e-12,5.300869496413998e-16,1.9605839783562358e-23,0.45659907774721814,1.0011053366339442e-14,3.2092620931462386e-05,0.5433685837954446,2.3382116464822545e-07
4.3265546478634015e-09,2.594214310874796e-15,1.2364894221585158e-12,2.7641745791260155e-16,1.0215428314044944e-23,0.6674922582996012,8.054742527285349e-15,1.695375088886206e-05,0.3324904792149419,3.04406765846255e-07
2.331801091176842e-09,6.505651666580449e-17,6.639528051119573e-13,3.2949375412670075e-17,4.087369728999047e-24,0.9861479342888995,4.041032332533291e-15,4.73191531680428e-06,0.013843881879243833,3.4495840705336807e-06
2.4771258918016803e-08,1.1521812115566633e-14,2.795886308698338e-12,1.344986649586923e-15,4.9701511840094335e-23,0.6672855629872166,2.3082327402237113e-14,2.4201766989892487e-05,0.3326900802454527,1.302262500050253e-07
3.4912410428540326e-09,7.758132724398174e-16,2.3386277703698174e-12,2.305651518702357e-16,1.4654536466960115e-23,0.922642334040339,1.0169211365389786e-14,1.4982999727575582e-05,0.07734220752944479,4.7193689766446955e-07
1.0994664968820223e-08,5.063175752833349e-18,1.4736027732461336e-12,5.100278802591186e-18,2.740562899151862e-23,0.9857203948878704,9.265619096177519e-15,1.185792353775866e-06,0.014278242905852319,1.654177755203906e-07
5.198029826519516e-09,3.83879561036805e-15,1.91703108470929e-12,4.148858629505713e-16,1.5334956150356598e-23,0.8219348390968725,1.12597353367951e-14,1.8570071001290168e-05,0.17804617197344402,4.1365871993168026e-07
3.4623745349651053e-09,2.0154642976193738e-17,7.806937370887174e-13,1.5910952907031825e-17,7.106475595077362e-24,0.9578457886173312,4.8739148627139705e-15,3.0856955562491996e-06,0.042150940395097855,1.8182885446198798e-07
1.890738772236589e-09,5.334810800329689e-16,2.7217181584319875e-12,2.1736223902697065e-16,1.91400821995818e-23,0.8736010493596932,1.0022433064185598e-14,1.097205824317961e-05,0.12638739679293134,5.798956612682978e-07
8.20762895721291e-09,2.1097636709044962e-16,1.3782632196073887e-12,1.0747982750391158e-16,1.333280020843199e-23,0.8092197751842141,9.495014818913436e-15,1.5316730656898063e-05,0.19076475981348986,1.400626221878555e-07
5.954727197145213e-09,2.455620106503638e-15,1.4249355598749133e-12,2.5983761278987047e-16,9.602603640117384e-24,0.9398534609210002,8.537014930158219e-15,2.1152328656864825e-05,0.06012480263614013,5.781580392439153e-07
3.958535472590331e-09,1.9267563544633802e-17,7.882602311300808e-13,1.5207252880337107e-17,6.792129501031373e-24,0.9745013569315557,5.115933028567466e-15,3.2010217691202258e-06,0.02549493920460631,4.988827400323903e-07
2.7806140646303204e-08,1.3617699437711666e-18,8.2157417395373e-13,1.4307564858202631e-18,4.792723339514412e-23,0.993011186337237,7.098468907550367e-15,3.620620237979885e-07,0.006988155435352319,2.6835841751542916e-07
2.0683194806579667e-09,7.93867606397276e-16,5.08268440468065e-13,8.395316191788643e-17,3.1022860085936612e-24,0.9406360268297379,3.0440747356861924e-15,1.062979551352681e-05,0.05935282489978976,5.164061273645811e-07
1.1719999331237921e-08,1.1234464395921195e-16,2.7950966128166096e-12,8.313578412409623e-17,2.7614783234358615e-23,0.9663072720164732,2.0076486736258584e-14,1.0057653690607846e-05,0.033681332227072286,1.3263799493764322e-06
7.186205792098851e-09,1.802888683941702e-14,5.777760796860112e-12,2.1977916764513844e-15,8.128571323710833e-23,0.8889913120702289,3.575779851488044e-14,2.159386508479847e-05,0.11098611471964479,9.721530019229081e-07
1.61833713623115e-09,1.1488870658554904e-15,9.842808549028837e-13,1.2318001227737927e-16,4.552663825577059e-24,0.979296017215511,4.101713697490498e-15,1.0618817135530985e-05,0.020691930999037534,1.4313489891424408e-06
9.556531031706457e-09,4.3303491664698545e-15,1.921878665842852e-12,4.867196560180275e-16,1.7985932982834375e-23,0.832645635855695,1.2328629690346359e-14,2.6722225586757586e-05,0.16732749823168006,1.341285681663931e-07
3.656928001106059e-09,6.022176116129253e-15,2.616195594508814e-12,6.660104727551974e-16,2.4617471410113563e-23,0.6828910824550365,1.3737262213499706e-14,1.8781727965110327e-05,0.31708972316362477,4.089938089134436e-07
3.4058358878899487e-09,3.5444375027562387e-15,1.9070536428929217e-12,4.0251329605641694e-16,1.4878792093163752e-23,0.9149977196348927,8.92019298982047e-15,2.066062975189702e-05,0.08498097120324276,6.451243567220169e-07
3.9429490952064044e-09,1.6954207089248574e-15,1.00079757618731e-12,1.7986145849185583e-16,6.646724805471374e-24,0.9288099020256806,6.155199575746862e-15,1.507755128104447e-05,0.07117445121071851,5.652683619033284e-07
4.484169885721637e-08,3.5356009638077405e-18,1.7945082088880496e-12,3.695857561085298e-18,8.515946462888655e-23,0.9874524188531046,1.516630678120034e-14,8.932590723029536e-07,0.01254613145412364,5.115901908334125e-07
1.9515530975967443e-09,4.402956983777377e-16,1.270527794234161e-12,1.2965967554950639e-16,8.240309265012269e-24,0.8980783976512429,6.098437060206616e-15,1.1155844219260903e-05,0.10190983004522243,6.145064850880581e-07
2.8325450276539566e-09,2.912036853756604e-17,5.890923764383526e-13,1.968080237379278e-17,4.776198086393445e-24,0.963785745694681,3.694786883548876e-15,3.8950093699069525e-06,0.03621015164385781,2.0481895321276458e-07
8.549761269629572e-08,1.804668954294558e-18,1.2728219650147504e-12,1.91436386454751e-18,1.7274670958990851e-22,0.9915774163227087,1.1914934896650403e-14,4.761733992558349e-07,0.008421683111410293,3.388935841435124e-07
2.6701005179358675e-09,1.4139666422390555e-15,8.477009442880113e-13,1.509212046332339e-16,5.576961838887997e-24,0.9709065852661221,5.644730067536111e-15,9.519777263779033e-06,0.029081279466385807,2.612819272789718e-06
2.6486641833928445e-09,3.1478977520431204e-16,9.049304687995758e-13,9.227186145651631e-17,5.8641771644358745e-24,0.9045548238586666,5.0436940577970166e-15,1.2488878203586857e-05,0.09543220798974919,4.766238060091974e-07
6.565634080841625e-09,1.9631901001470574e-18,6.63795661271257e-13,1.9868355455842894e-18,1.2373616541343096e-23,0.9930552090979989,5.053899310546197e-15,4.858425042682214e-07,0.006943799428130822,4.990650630460455e-07
3.827478820011522e-09,2.9661164415781435e-18,6.466403881794984e-13,2.9213032790707253e-18,9.676462918412352e-24,0.9904558536063034,4.24050115358142e-15,6.992085415368999e-07,0.00954321009631512,2.3326071016098803e-07
7.643527668152349e-10,2.023097722443135e-18,1.6899022912806857e-13,1.7488228066666144e-18,1.3411145299490074e-24,0.9957816554513039,1.064188297562681e-15,4.2310467838180995e-07,0.004217493532575707,4.2714691914357214e-07
1.373670119406721e-08,2.504080542905926e-16,1.957342618503102e-12,1.5020961504253094e-16,2.6212383257587353e-23,0.8167453254977934,1.6488624019465808e-14,1.3548851522607432e-05,0.18324070539241435,4.0651959423498174e-07
6.233321886052855e-09,3.3617552459105933e-15,1.6717881898037132e-12,3.624665846947353e-16,1.3394153648244593e-23,0.9622727500051977,1.2809024588594655e-14,1.3827332264940855e-05,0.03771119586864798,2.2205588791604166e-06
3.186903624556329e-09,1.611253422337375e-15,1.2794462016106463e-12,1.7400392316800636e-16,6.431082036186625e-24,0.9756378982243803,6.159393488907573e-15,1.4176636796580923e-05,0.024346729337687098,1.1926129450869777e-06
7.495580387379236e-08,1.039655206441181e-16,4.265301608892067e-12,9.759833351250317e-17,1.5029203249678695e-22,0.8044552185784991,3.877215506000925e-14,1.1936322136302861e-05,0.19553261486857054,1.5527068586678328e-07
4.3019459556797084e-10,1.5478013023670177e-17,1.9343160834856156e-13,7.836145743073154e-18,9.720731937066852e-25,0.9922231072876884,9.094756364822994e-16,1.5758401751780823e-06,0.007774520875347097,7.955664002998124e-07
8.196686685813604e-09,8.38830116826515e-15,1.9235534191053835e-12,9.624857315413673e-16,3.556798014594617e-23,0.41727196824819074,1.641201541610763e-14,1.935243301327177e-05,0.5827085254340458,1.4568611412965344e-07
2.6761674782620956e-08,9.821770994458224e-17,4.387518378078851e-12,8.220884542491004e-17,4.853403295680352e-23,0.9449669252062213,2.5046951696714607e-14,1.4330992077764923e-05,0.05501769931476536,1.0177208481088357e-06
2.6761674782620956e-08,9.821770994458224e-17,4.387518378078851e-12,8.220884542491004e-17,4.853403295680352e-23,0.9449669252062213,2.5046951696714607e-14,1.4330992077764923e-05,0.05501769931476536,1.0177208481088357e-06
1.361668884975057e-09,5.057909828696878e-16,3.345200725590321e-13,5.3442287109576554e-17,1.9748318530114965e-24,0.9475437034500507,2.007029119564402e-15,9.312991635557622e-06,0.05244643827290413,5.439234035948003e-07
8.014539022249381e-09,1.40809824412756e-18,5.575609930216041e-13,1.438049002883504e-18,1.18226876553495e-23,0.9938447980265354,4.1387138933661174e-15,3.6805245500667317e-07,0.006154537643347845,2.8826256089844063e-07
3.4924200544857684e-09,4.14540718063665e-16,1.0350389567693267e-12,1.2139309087295343e-16,7.715228804145124e-24,0.8758475890580563,6.772288491934793e-15,1.3058505536053087e-05,0.12413871891587773,6.300270675659296e-07
9.195258646892275e-09,5.3123956007680075e-15,2.3887332745140826e-12,5.933854360576369e-16,2.1930381154443938e-23,0.9169013300393883,1.567238469660095e-14,2.6549089912956288e-05,0.08307115790519289,9.537678369260282e-07
3.09138384219727e-09,1.5560402932858191e-15,9.308399712198475e-13,1.7104408121686135e-16,6.321764949763593e-24,0.9546305040168602,5.1911121584761855e-15,1.6252612940695303e-05,0.045351972022087426,1.2682557902578255e-06
3.3108602214736856e-08,1.225135909658747e-14,3.643488595498221e-12,1.4829158338575683e-15,5.485468655909888e-23,0.8230949528249245,2.5387949831035775e-14,7.148327937781459e-05,0.1768329395335507,5.912498620751031e-07
1.8928123063205584e-08,4.064750276419464e-18,1.3171284545438753e-12,4.17072022690596e-18,3.908748525230276e-23,0.9837552912995708,9.66351321810304e-15,1.0194031825628486e-06,0.016243414700663983,2.5566713278857453e-07
7.420210849552977e-08,1.3411018796381162e-17,3.0834018588193644e-12,1.3772795436545122e-17,1.2908151056519058e-22,0.9588207078010411,2.4930562026543308e-14,3.1532164845711685e-06,0.0411754391506619,6.256265956173635e-07
3.1859942994021835e-09,1.0958538954686147e-17,6.878262043403178e-13,9.101549956317377e-18,5.3714625980269e-24,0.9884727879707446,4.181474800530403e-15,2.086337070690993e-06,0.011524408856961647,7.136485367648607e-07
3.0316362290589597e-09,2.145913561081436e-15,1.0357300444581144e-12,2.3373145611179195e-16,8.637885996652025e-24,0.7043719250149042,6.067690019945908e-15,1.413125870876988e-05,0.2956136195304309,3.211632756831752e-07
4.500541163041149e-09,2.2263211547780864e-15,1.1201164998439889e-12,2.3639297954330174e-16,8.735561166903937e-24,0.7820697908177745,7.681510966005596e-15,2.6466992038849604e-05,0.2179032752491477,4.6243936746515924e-07
1.7452639756118143e-08,5.626308664909547e-16,3.703249952557831e-12,2.857924150247155e-16,3.5454371588115846e-23,0.9490490942065587,2.5477132494239846e-14,2.5774654032877533e-05,0.05092417203226825,9.416507706961349e-07
1.9206551650907326e-08,8.65574383704204e-15,2.396829664267512e-12,9.86189730220695e-16,3.6446334028293964e-23,0.7048298613561349,1.906658700188414e-14,2.5730206809063038e-05,0.29514422007356383,1.6915451486455577e-07
0.002314417333493938,3.570609562880853e-08,6.552149377361585e-08,0.002693749964481998,7.907194560981189e-100,9.57590718037393e-35,5.818415372969487e-09,0.994991725656019,1.2567432173196474e-16,1.0978398233967035e-32
1.0292398555279999e-08,3.3908293379479753e-17,1.924824758766805e-12,2.934636500582858e-17,2.250545387512744e-23,0.9742581471004562,1.4759691492106197e-14,4.772250979000916e-06,0.025736495680577304,5.746736492469561e-07
4.250813611187201e-09,5.4754090334715635e-17,9.800950728551734e-13,3.707182676109178e-17,8.996709748377e-24,0.9718200840235544,7.242689292857946e-15,4.808231715154506e-06,0.028174757363593792,3.461293358005938e-07
2.6111451183057093e-09,1.4961790692966246e-15,1.090979142266309e-12,1.598891451998013e-16,5.909429622344196e-24,0.9815105378576262,5.8308291800079985e-15,1.1093330039977265e-05,0.018475373267235397,2.992932855047128e-06
2.5788698355852517e-08,1.6560467074054288e-14,6.05733244188964e-12,2.115982737284986e-15,7.819600372059175e-23,0.9028000213915767,3.098721173267991e-14,3.4967943823141555e-05,0.09716485693692443,1.2793287030770729e-07
4.0772642202953404e-08,1.9349786371463e-14,6.934232433845775e-12,2.3090725141670017e-15,8.546185974636988e-23,0.9229510262936613,4.829585235936381e-14,5.839768293392532e-05,0.07698939006749597,1.1451762623468622e-06
1.2427737485202266e-09,8.926963192824955e-16,7.027898611223886e-13,9.585881774674525e-17,3.5422749263137295e-24,0.9759609370111056,3.2543012042067446e-15,7.746292076360991e-06,0.02402993667577352,1.3787775634618486e-06
1.6939387966122269e-09,1.0830932858180373e-15,7.483783676239967e-13,1.155541137771624e-16,4.270180495389422e-24,0.9711353289880416,4.1665226625295724e-15,8.912063705890478e-06,0.0288537534361928,2.0038173672541173e-06
