i = 0,i = 1,i = 2,i = 3,i = 4,i = 5,i = 6,i = 7,i = 8,i = 9
2.365640849674064e-09,3.3141157533967414e-06,0.00023384550731335823,5.401013955797639e-06,1.3401840632961829e-14,0.025500469373281903,0.0005649180907015958,1.810517149466342e-09,0.07117009680027407,0.9025219509225486
2.2009328071657435e-09,3.5964192588808924e-06,0.00022995307780730492,5.51412089145367e-06,1.3627230123110978e-14,0.027712204871454114,0.000593158437089758,1.6786631802407792e-09,0.0769167543153155,0.8945388148785733
2.972194752451593e-09,3.743745327069117e-06,0.00025261895741365766,6.961848863698615e-06,1.6595781872131373e-14,0.026381521614904143,0.0007177092916110531,2.2267058060517356e-09,0.08434506048898185,0.8882923788539814
2.384553200017164e-09,3.4036060173895712e-06,0.00026440348240116564,5.711306319478642e-06,1.4279268246040575e-14,0.023400331910952872,0.0006077764241963813,1.8244737866965137e-09,0.03817137227570307,0.9375469967853685
3.753774246944381e-09,7.91792360176894e-06,0.0005412705660983061,9.146457606615026e-06,2.85824148587614e-14,0.03800381327315024,0.0010662510057830171,3.002382736945946e-09,0.10163984445441737,0.858731749563157
1.2402263324414395e-06,0.0026259564984615113,0.3446443208026916,0.005140666806231886,1.0987572217265436e-82,5.977919992148487e-11,0.6475433587772587,9.846195444365267e-07,4.347179689158417e-05,4.1280857181085013e-10
5.745514423922718e-09,1.0863950127674487e-05,0.0006994286134891574,1.392528799866016e-05,4.785049136269126e-14,0.03785570455585198,0.0016248760663553899,4.5173353784642264e-09,0.14293978772483099,0.8168554035384485
2.4056464395886966e-09,2.834850081935881e-06,0.00026679467737236593,1.3694163852083765e-06,1.6725723774947228e-14,0.0226799833538138,0.0005640602820696943,1.7857657873047488e-09,0.0324546123251999,0.9440303409036481
2.7286762900728204e-09,4.357898285700217e-06,0.00037796005709415313,7.193750867001318e-06,2.125800619694552e-14,0.028621128059582935,0.0008201930505432097,2.078243298045517e-09,0.07344888507322477,0.8967202773034614
3.111896587252589e-09,4.044766196676037e-06,0.0003785893143377819,3.589145005111891e-06,2.536662887792783e-14,0.022743021197330782,0.0008785529547618519,2.2831951319508895e-09,0.03648378007086254,0.9395084171563882
1.3317293400282779e-09,2.3023507126575357e-06,0.00017075083823220135,1.922613680972327e-06,7.863241814205614e-15,0.019731467892481626,0.0003451630723420216,1.0484956958907015e-09,0.021229753734588866,0.9585186371177288
2.0249899548199463e-09,3.2726490475423653e-06,0.000265356601769676,2.343763419766891e-06,1.365214535512752e-14,0.021319725083403424,0.000563594467049013,1.561829964997524e-09,0.02801357239371382,0.9498321314547633
1.8177864231985664e-09,3.4756071456288387e-06,0.00025823668762111197,3.7405235140518083e-06,1.192141071996839e-14,0.028160453599009816,0.0005120611275141854,1.4368614139808392e-09,0.03780394945506125,0.9332580797454743
3.1710859838531354e-09,5.73610379787833e-06,0.0003727869715132806,7.5228355821390005e-06,2.0844668008161907e-14,0.03655050316862627,0.0008546089988048193,2.5047273533556495e-09,0.09919610870714053,0.863012727538701
2.3867675600996967e-09,3.0575476160582618e-06,0.0002320058903287974,5.555507210113408e-06,1.4413800688481614e-14,0.02549027041498677,0.000573356074766383,1.805787768613807e-09,0.10126843473852208,0.8724273156340001
1.6237716912134404e-09,2.7671300336170073e-06,0.00020570351573178432,3.6902451656398056e-06,9.11300455350609e-15,0.020579413624490298,0.0004027869964249422,1.2882626504623607e-09,0.024882141824602577,0.9539234937515078
2.4228447258017764e-09,2.516276802241674e-06,0.0002203313597592738,5.718811135768065e-07,1.379563274556392e-14,0.02054264909860745,0.0004408155892214488,1.8730186688792595e-09,0.02250674406138904,0.9562863674372298
1.9865544188133016e-09,2.8799234468278107e-06,0.0002125706676221611,3.053523277995119e-06,1.0441326274650417e-14,0.023288008287908883,0.00045929047865768505,1.559194676086115e-09,0.03502173924167214,0.9410124543316548
1.7029770191968043e-09,3.140279963039196e-06,0.0002317678896579427,4.308754323670748e-06,1.1232211631640975e-14,0.02147978000085636,0.0004869475790264419,1.330130789972966e-09,0.029564315802168974,0.9482297366608845
1.7837919107786714e-09,2.632312171793099e-06,0.00018245949389468494,3.365996064706249e-06,9.8291869990724e-15,0.027147546347803805,0.00043710846553944284,1.3827924835034962e-09,0.08253028058857963,0.8896966036293518
1.2734485274770723e-09,2.2938043241592456e-06,0.00016367711534637244,2.91337615130144e-06,7.232782283963712e-15,0.018941855566124977,0.0003235145484383943,1.0124345153468546e-09,0.021116462720660794,0.9594492805830638
7.001974355205771e-10,1.3036786861168083e-06,8.849080659604035e-05,1.529395855421944e-06,3.716160025639913e-15,0.017160796721205546,0.00016992156802714655,5.641034569711919e-10,0.01512053339459987,0.9674574231707253
3.5827945556265673e-09,4.137301490344901e-06,0.00028079598140504894,8.8279314503388e-06,2.358413255721714e-14,0.0255160122371853,0.0009381440032873012,2.6135883951814845e-09,0.21232503816563691,0.7609270381831382
1.930044127603366e-09,2.9060453666815924e-06,0.0002217589599191426,4.5669150383092636e-06,1.116430598646999e-14,0.02229207974726141,0.0004767357122759761,1.488970294896345e-09,0.031246787159117426,0.9457551620419954
2.21996177564982e-09,3.0150907773313526e-06,0.0002530808521216882,5.58452211585533e-06,1.4310558881586707e-14,0.023147954664596928,0.000555977790164607,1.6631221824702638e-09,0.03754314116476044,0.9384912420323649
3.3419835589880924e-09,6.4900685408675605e-06,0.000423840636387184,7.819132388493962e-06,2.2253845370828872e-14,0.040836281399806294,0.0008802629230605528,2.668124226441532e-09,0.12567568236576507,0.8321696174639215
2.5099991632903683e-09,3.051663209306308e-06,0.0002641282663520247,3.9471675983521985e-06,1.6713487005954908e-14,0.02415596135742329,0.0006141478019156684,1.8505975959935776e-09,0.0447273549319724,0.9302314044509155
1.8228141143030336e-09,2.8236641758381005e-06,0.00022241515861415426,4.3687131904838345e-06,1.0966950557359092e-14,0.02325139170021155,0.0004768765796952905,1.4143601867600784e-09,0.038133271316900474,0.937908849630027
2.73479356668983e-09,3.937606497874869e-06,0.00027589687641800374,7.352693842681598e-06,1.8459207089275747e-14,0.02688837360542641,0.0007753747461816066,2.0481008117122214e-09,0.12247236590973945,0.8495766937789813
6.9857662130261876e-09,6.937549413395997e-06,0.0004925875737837828,7.992649478504797e-06,9.393359921131766e-14,0.026720391421992413,0.0024884658444266072,4.635019223531091e-09,0.12820903478607984,0.8420745785539462
3.341786715446968e-09,3.4637943880692434e-06,0.00028354472437114146,2.102785860022364e-06,1.9428079857000982e-14,0.024296322825154787,0.0006867126997695851,2.4481560798943255e-09,0.045197200095929646,0.9295306472845645
9.032132144370825e-09,1.5272066509334524e-05,0.0010550470900668341,2.3418052481930245e-05,1.1577198992246316e-13,0.03564102800562216,0.0028507625632768585,6.882674186797645e-09,0.12710804410532525,0.8333064122017956
4.163013489387724e-09,3.3300206575778397e-06,0.00032056536944647675,6.855862158440891e-07,3.0482451828882375e-14,0.02329072554950103,0.0007386394855223915,3.017157490728927e-09,0.03260364934966367,0.9430423974587916
2.760822799385138e-09,5.3621488812416835e-06,0.00036239977454051024,7.027012813363413e-06,1.903233086647242e-14,0.034141260448356345,0.0007943919938828045,2.1846759792297077e-09,0.0745686255373706,0.8901209281386373
4.804736623985331e-09,5.284104242321847e-06,0.0004114405576096625,1.558866592177496e-05,5.031808560656215e-14,0.0254117610944416,0.0015505707645617434,3.335873097649683e-09,0.15383141109195594,0.818773935580607
3.668010425941038e-09,4.458393490861093e-06,0.0003677930558646537,1.1241222981971449e-05,3.496881057261127e-14,0.02579455659525174,0.0011008259815585015,2.6357698559650627e-09,0.1911219723016378,0.7815991461453992
3.483662899335301e-09,3.947352574214805e-06,0.00026550932482784017,6.834398381456618e-06,2.1051725032531785e-14,0.027047930806652694,0.0008636668581492952,2.5527176449292504e-09,0.178405448654157,0.7934066565688559
2.021966889790223e-09,3.0316002108755462e-06,0.0002560233786358948,3.715613438223716e-06,1.3357802963736536e-14,0.021704963706050812,0.0005430358195570075,1.5407950649759435e-09,0.029632318137203517,0.9478569081821283
2.4478670195341188e-09,4.048837424609618e-06,0.00025572385230994475,5.20221275743475e-06,1.435903983634867e-14,0.03388358651796849,0.000587436564814396,1.9368505231817356e-09,0.25064720225223247,0.7146167953777608
1.2501074914228165e-09,2.196454144797721e-06,0.00014263881548982785,2.754730787077924e-06,6.630891304511928e-15,0.041347550624911626,0.0002980675062570309,1.002689379230243e-09,0.0933579075627226,0.8648488820528836
6.314802491179888e-09,5.7578465556635594e-06,0.0004122433382539374,1.9044392952369095e-05,5.630939454260453e-14,0.025885033005352123,0.001954568027460975,4.268074442338399e-09,0.13521940644119315,0.8365039363652985
6.1139268927303935e-09,6.464140994627159e-06,0.00044823940510503477,2.1112394294242574e-05,6.249664732503742e-14,0.02724517835365497,0.002142048304001327,4.216435644137384e-09,0.15865195971989984,0.811484987351625
5.085949444420968e-09,4.82832948510356e-06,0.00038060883078308105,1.4249519847001995e-05,4.213631868218252e-14,0.026423000646796705,0.0013879412068200114,3.505987557890551e-09,0.11535954368144695,0.8564298191928419
2.1960290929045866e-09,3.1091210720743075e-06,0.0002232170609021362,4.711895833648111e-06,1.2660866837344858e-14,0.023211917102697016,0.0005278630103644204,1.6750818052858346e-09,0.04586640568722039,0.9301627722507868
2.1215558085989194e-09,3.6782830042675906e-06,0.000301521445022872,4.145941158085793e-06,1.5404374382738175e-14,0.02125366091641526,0.0006344297693377315,1.6379495115402767e-09,0.030046471273862656,0.9477560886116785
3.084102202445331e-09,4.337825245577261e-06,0.0003688892859068549,1.3806546108640408e-06,2.474758745255841e-14,0.02789487449892844,0.0007890566240038611,2.3576745849760095e-09,0.0472434208977214,0.9236980347717814
5.036533112689644e-09,5.795898009581592e-06,0.0005208101747542619,4.515395976113371e-06,6.777206388690862e-14,0.028144236046345975,0.0015848417328623147,3.5500296389839443e-09,0.13172712675487572,0.8380126654105455
9.431283659093282e-10,1.9071237314374963e-06,0.00013637245714403807,2.222165611631885e-06,5.6782420142860124e-15,0.023880424789087338,0.0002485710184982114,7.579594975041717e-10,0.026100216536927397,0.9496302842079064
3.868430374265243e-09,4.209806934050417e-06,0.0003232167323141988,1.0597553300360302e-05,2.7663035761699956e-14,0.02726678066244855,0.0010274811695458446,2.775052337652116e-09,0.11123967521166943,0.8601280322202772
4.5888354828029335e-09,6.161104806725809e-06,0.0004672296045134897,1.2464331607587534e-05,4.38030104673781e-14,0.023586014112412262,0.001516923963120823,3.275083835072142e-09,0.0517010285723388,0.9227101704472372
9.462233714679701e-10,1.621035162916698e-06,0.00011385146629739934,1.0650134971042167e-06,5.0723083667847095e-15,0.018239993791072193,0.000225224826774908,7.553430190082562e-10,0.016978866060606508,0.9644393761050174
5.842357500643979e-09,2.2026982629920314e-06,0.0002315681674918382,2.8246384085299474e-07,3.744679433706388e-14,0.021170522128873784,0.0004888294859781118,4.05123234011926e-09,0.02086052885475256,0.9572460563071726
2.8052901661034525e-09,3.567535070537294e-06,0.0002971457081461931,9.072984944504922e-07,1.7900444642108594e-14,0.03360402014147075,0.0005814995238182513,2.1964527621244336e-09,0.04482659028364732,0.9206862645075916
1.1269365312102367e-09,1.963538320481347e-06,0.00014325853451583313,2.6009445518468478e-06,6.361100793659821e-15,0.026777836486117392,0.0002856227513012337,8.965095166723859e-10,0.03830280695846536,0.9344859087632754
2.1179325831829412e-09,3.0451700273461196e-06,0.0002400736992550897,5.46457644850013e-06,1.399696475557875e-14,0.026474911562152578,0.000562317880907973,1.6127827455142255e-09,0.10454469349062276,0.8681694898898564
2.0626955459078185e-09,2.939367272180637e-06,0.00024608105897292403,5.361556400312468e-06,1.4050249004593143e-14,0.025930957224428553,0.0005461803050891134,1.569784976014212e-09,0.0897006105356565,0.8835678663196858
3.5557006392462776e-09,4.409206443949567e-06,0.00030998544739119195,8.587013630286464e-06,2.129950231685549e-14,0.026271626186689354,0.0008860274822633616,2.653421071583681e-09,0.08509054347750616,0.8874288149769326
1.3317705224211904e-09,2.3180572673141785e-06,0.00015995716964845152,3.0002096053614494e-06,7.481397561214684e-15,0.031774596055174686,0.0003249133662454673,1.0563318643471131e-09,0.0422392736972549,0.9254959390566939
1.106844126563182e-09,2.014338836331272e-06,0.0001493302382821937,2.6358529726193498e-06,6.406157218440613e-15,0.019349625155511887,0.0002883342940895639,8.820755020789432e-10,0.021196890750092536,0.9590111673812888
6.067871782944458e-09,1.1582536426238658e-05,0.0007469248314419243,1.5237390219851071e-05,5.424227384702564e-14,0.03711478908931911,0.0017913899689630038,4.743179121572231e-09,0.13931718976895333,0.8210028756035714
4.0555599223936e-09,8.03893846034792e-06,0.000547133370217496,1.0613019306982923e-05,3.301696916158757e-14,0.03417901661192611,0.0012449211451122581,3.1626889882887985e-09,0.07508292371625606,0.8889273459804389
2.5701254083894315e-09,4.186776472377565e-06,0.0003527925378204017,5.995461996171962e-06,2.1039285434799697e-14,0.02207933236944366,0.0007832633022046046,1.943039406852291e-09,0.0374046827683164,0.9393697422705606
1.5454671595977119e-09,1.4786827610112875e-06,0.00012740335327127963,2.506812350069956e-07,7.989672316788241e-15,0.02381625540252315,0.00024060186686669196,1.2269950966064559e-09,0.01741616410092793,0.9583978431399448
2.441493288990254e-09,3.348163922557377e-06,0.0003078487331578316,4.167316677891885e-06,1.8068044111526224e-14,0.022722015214892827,0.0006696518498632926,1.8164031220811127e-09,0.03551161298721078,0.9407813514763602
2.694517822222644e-09,3.4721652718278886e-06,0.0002511168556708184,3.311835436403609e-06,1.3693903597051336e-14,0.023751629918214147,0.0005746367628715236,2.079223004661193e-09,0.039421169554379444,0.9359946581344014
1.251355174673827e-09,1.6731370196988738e-06,0.00011431106376448775,1.048058698203967e-06,5.866535872640343e-15,0.02452870029482576,0.00025402832808619797,9.899642999618228e-10,0.039079396531493095,0.9360208403447872
3.1983234401293386e-09,4.626967524583064e-06,0.00039141894064113794,8.714526669401948e-06,2.337492210568722e-14,0.023055138092999975,0.0009297575063512152,2.4032940288820843e-09,0.036653328284001106,0.9389570100801717
1.6500868761242057e-09,2.6869938543799055e-06,0.00019885608062367692,3.7868075795087203e-06,9.11070943049058e-15,0.0224143503903353,0.000405298289024586,1.2997649180661901e-09,0.031096757869269902,0.9458782606194517
2.7068037787365243e-09,3.8946068953208985e-06,0.00034001795834990434,7.341634750167406e-06,2.0205904579462217e-14,0.022665937952038688,0.0007755028998156117,2.017138141495921e-09,0.03615604174347708,0.9400512584807111
6.224093788358878e-09,6.909488578334726e-06,0.00046722587153654984,2.3303139454768046e-05,7.446604997047488e-14,0.02674946462426909,0.0023952303977842347,4.219860780523484e-09,0.14516722726226863,0.8251906287720794
1.3544845906397266e-09,2.1987821426006495e-06,0.00016660459405822673,3.222061978155354e-06,8.058080579546819e-15,0.022032975923698312,0.0003422712293248555,1.0521174053512137e-09,0.026545231096392896,0.950907493905795
1.7067271212254019e-09,2.17166055901803e-06,0.00016629622037192204,1.6523275051888142e-06,9.350170472464594e-15,0.02763584211861385,0.0003706278781281421,1.3024706544373547e-09,0.050413267749512714,0.921410139036102
5.075750742667031e-09,8.665354121455334e-06,0.0006002490847228088,1.2179868799117643e-05,4.2111530883453253e-14,0.03559366298095435,0.0014003620822905056,3.9536419996287574e-09,0.1711752801073475,0.7912095914923295
5.4620299215350285e-09,1.0815959093763763e-05,0.0007826314230315878,1.439898182353092e-05,5.219345142558239e-14,0.03699272811833616,0.0016700547498031567,4.2845702871418284e-09,0.13369172774313032,0.8268376332781291
1.4106392144925383e-09,2.3707588737131908e-06,0.00023239822145985702,3.770259431486597e-06,1.0487860813437933e-14,0.022558671724859012,0.0003932472734783687,1.0908624068532059e-09,0.0385186790549209,0.9382908602054645
3.812070033375119e-09,6.706913723204311e-06,0.0006389579424904773,9.37185949597239e-06,3.913506350240601e-14,0.033618895448630184,0.0011661297460798642,2.9243575561093013e-09,0.1028820379263898,0.8616778934267237
2.0155208473062594e-09,3.44951786249969e-06,0.0002267020046297851,4.650471891948812e-06,1.1840113556839208e-14,0.035595194187796955,0.0005100279576802875,1.6041017794914948e-09,0.21340007597514363,0.7502598962653605
3.639040713964837e-09,7.292283152968055e-06,0.00047061071427389735,5.450840799335453e-06,2.467622541113942e-14,0.0414919624998083,0.0009541379976374112,2.9323612280357065e-09,0.1473619076605356,0.8097086314323658
3.138011563140786e-09,4.248358882418397e-06,0.0004779104495156586,1.017402132198969e-05,3.7543758565941664e-14,0.027509728119056276,0.0009667128715357096,2.2862015703983106e-09,0.1202322441917507,0.8507989765636866
2.8781961938930317e-09,6.009532229661919e-06,0.00040380705026969943,7.047457247836601e-06,2.0203865000102972e-14,0.039291735631799864,0.0007953812106883641,2.303958834757601e-09,0.13539821575421904,0.8240977981813703
3.232307130661715e-09,6.6505603066255534e-06,0.00044878882200768874,7.799382842525445e-06,2.2432286755133133e-14,0.03931411683457024,0.0008967581327804435,2.586029279801873e-09,0.09190139375264095,0.8674244866964926
2.419806509012886e-09,4.471543143071596e-06,0.0003172140101600579,5.769913879711219e-06,1.678263241677047e-14,0.035156610475446715,0.0006347747429972571,1.9093193666812352e-09,0.21003081784779098,0.7538503371374397
4.840468346975192e-09,7.5881963307054925e-06,0.0006215355004647673,1.3421433418193953e-05,4.5833281369197974e-14,0.034136971936205254,0.0014603508671198297,3.6389864676600275e-09,0.10652580019074266,0.8572343233962179
2.342593919704984e-09,3.920491313789794e-06,0.00034992552972693057,6.232188128953449e-06,1.8287394066971955e-14,0.02982298316063236,0.0006853572231531414,1.8021249989928147e-09,0.08366437340717418,0.8854672038551334
1.8559041362278028e-06,0.001378447966197249,0.0894799274892604,0.0071516868618197536,6.454746099420368e-83,3.5117817648028204e-11,0.9019613435502312,1.1999402793085398e-06,2.5538010450067158e-05,2.425080323490316e-10
6.315017622006079e-09,6.179092861596179e-06,0.0005428214552911927,1.659039868011426e-05,7.514676014573343e-14,0.024384971096066313,0.002013142168691486,4.242950436882241e-09,0.0711607624118316,0.9018755228185344
3.6725622223803536e-09,4.427975745945494e-06,0.0003549290663027515,8.488359502183359e-06,2.610210214868755e-14,0.02325074561923984,0.0009563932561572551,2.663357925044863e-09,0.04774188139599379,0.927683127991112
4.543347253685886e-09,4.787005113648822e-06,0.0003246446990361826,1.2198796185105449e-05,3.160357733878046e-14,0.026118499273337058,0.0012635634259978406,3.248096293789875e-09,0.17916011969474396,0.793116179314111
1.3046323274585158e-09,1.7755173614848825e-06,0.00014627064444061515,5.344219503946373e-07,7.305615835494134e-15,0.027244044238544086,0.0002762562031677235,1.0335226047664394e-09,0.028873114097169687,0.9434580025392038
1.9463599324989004e-09,3.3096469605618883e-06,0.00023781178773917737,1.2352976511772246e-06,1.1340384519416714e-14,0.038141838536059146,0.00044853532340777047,1.5709286540282127e-09,0.04684878679293112,0.914318479097951
3.547178032628293e-09,5.587014013212119e-06,0.00047205667317598554,2.597670929362538e-06,2.862123500210686e-14,0.03135439849767018,0.000996046241885443,2.7413500722459723e-09,0.059637485126279505,0.9075318224874895
1.182282265283185e-09,2.0173812737849358e-06,0.00013813155784585772,1.5756967421577097e-06,6.4637096369772376e-15,0.019532214995510215,0.00028588102293293,9.36804587722225e-10,0.020946878113703323,0.9590932991128984
1.4901911417930698e-09,2.5794363424656785e-06,0.0002393155555240664,3.965700158232632e-06,1.0796618956447438e-14,0.020995965283126274,0.00042152245954586953,1.1581950942092405e-09,0.03044155336390932,0.9478950955529968
4.399078183187064e-09,3.1959962885180666e-06,0.0003323619882228054,5.821606028954016e-07,3.6776506129041715e-14,0.022150889974839293,0.0007404787784701546,3.167310412082969e-09,0.0280443836651512,0.9487280998699998
9.245982584168958e-10,1.5230698664059266e-06,9.956641760551552e-05,1.0063467740019476e-06,4.718322756568087e-15,0.029072757464419202,0.0002090956231526944,7.360997160493494e-10,0.05132083060666418,0.9192952188108153
2.6758201085928238e-09,3.663397305032492e-06,0.0003416861051197294,6.853974451248939e-06,2.241658617067895e-14,0.024059869636447982,0.0007337784466383365,1.9813444135482426e-09,0.06187458157824036,0.9129795622046103
3.2653625799236114e-09,4.518471840847901e-06,0.0003188398982665864,9.461769334172018e-06,2.6204925856705702e-14,0.026201478401250082,0.0009826842416534893,2.4050211913438775e-09,0.23401301424051563,0.7384699973067292
4.419044460409903e-09,5.115382722872808e-06,0.00037361586730159994,1.2243809452322603e-05,3.7558046318120187e-14,0.026971052562723457,0.0012668216077438839,3.0935567672336927e-09,0.12905118560449796,0.8423199576529191
5.5661014335719086e-09,5.797532788024779e-06,0.0003926470056541273,1.673251233071939e-05,4.903925080452757e-14,0.025966273156344352,0.00176527540741709,3.8217306366846756e-09,0.15311061559540257,0.818742649402182
2.8618901690654018e-09,3.6424023812610904e-06,0.0004298712752015643,9.494314395930584e-06,3.427504411872708e-14,0.02521270665721245,0.0008630316517040136,2.061766762533048e-09,0.09845640567557658,0.875024843099837
3.25945544105676e-09,4.21427777323483e-06,0.0003718352748674103,8.420339735360352e-06,2.7931323937060618e-14,0.024381026734930547,0.000915157150712487,2.3735636555915604e-09,0.07062530235277606,0.9036940382361579
3.158293682091218e-09,4.38439603917687e-06,0.00034327312585933213,7.411762480538468e-06,2.1434448165133516e-14,0.022638995389934618,0.0008390275218781883,2.372948841701637e-09,0.04101682273699399,0.9351500795355502
2.0983490487808367e-09,3.4707671205335008e-06,0.0003530566011490823,5.81375513091798e-06,1.8423524141550618e-14,0.03044320421268395,0.000586616594189665,1.6064350338563316e-09,0.10027488768355951,0.8683329466813638
3.874859676693231e-09,3.839662579833213e-06,0.0003474352659996391,7.779221685212665e-07,3.484677907475766e-14,0.023266766619446252,0.0008305312484193864,2.8383607294478018e-09,0.03297308025945843,0.9425775623086726
1.1584782277523508e-09,2.201976337002087e-06,0.00017599093242733044,2.8899880730077416e-06,7.54930662847212e-15,0.02086525508460827,0.0003190932813998548,9.162863150750726e-10,0.0256927284923191,0.9529418381700634
3.325710607321648e-09,4.11294493251014e-06,0.0003031525262881116,7.289340585300225e-06,2.0895358403580344e-14,0.024202138840417935,0.0008169093739923364,2.442172059160479e-09,0.06100047156591689,0.9136659196399634
2.4138394790102935e-09,3.8134869168945066e-06,0.0003024514566095381,6.467777038280394e-06,1.7275058152494304e-14,0.021962856140204684,0.0007006404055612086,1.824503379388857e-09,0.03196316233453729,0.9450606041607719
2.3859460689978067e-09,3.8544755781091345e-06,0.00029883130951964873,6.501996491845907e-06,1.6459605108128178e-14,0.023113457718668906,0.0007050427730715724,1.8325299874839234e-09,0.03868602515107477,0.9371862823571026
3.974295169466388e-09,4.398254555587856e-06,0.00036406572303922924,1.167071022458631e-05,3.2169632655047433e-14,0.025903788333410623,0.0010905920632389068,2.7993647088709533e-09,0.08091791884235001,0.891707559299489
3.117088704702108e-09,4.442827492176728e-06,0.0003327457686347373,8.776218959822298e-06,2.2885602686691967e-14,0.024689042159923343,0.0009280576614710419,2.3205578871901204e-09,0.05016118174333024,0.9238757481825193
1.3910737651071706e-06,0.0056574487320695385,0.37713931195163264,0.0014764168708336425,1.4206995553838792e-82,7.729485738098887e-11,0.6156680332735899,1.188100776339636e-06,5.620938627412924e-05,5.337639132946547e-10
1.428498966104243e-09,2.2084739217446655e-06,0.00015192476062118892,2.959058528739907e-06,7.612683698852972e-15,0.022969994730621654,0.0003302793335109546,1.1173026472591454e-09,0.03812747255213711,0.9384151585448495
4.513319753119832e-09,3.2290090940738842e-06,0.00032785430870861735,5.373046750363559e-07,4.078841873856521e-14,0.021969281654674717,0.0007420965336119906,3.254101982573473e-09,0.027110442729135265,0.9498465506926378
2.719247779123415e-09,5.631552536872328e-06,0.0003829216791798377,4.078642558229688e-06,1.8150942527791934e-14,0.038505969440822345,0.000726016771478936,2.1965857473034843e-09,0.07583794444039373,0.8845374325571783
9.771076799911344e-09,2.241188870020255e-06,0.00025460401883938195,2.5552604026359665e-07,1.0537257186599342e-13,0.021246258980772717,0.0005373298977350606,6.121828459461587e-09,0.02030952853422361,0.9576497659605083
4.653964786988976e-09,9.922583531739426e-06,0.0006600432487815431,1.1395815866344507e-05,3.7452457411630656e-14,0.0386955130680216,0.0013434213720738776,3.722969845027185e-09,0.1161165914526001,0.8431631040821527
2.756950076684545e-09,4.585207657540914e-06,0.00032186035923365447,7.501035284123098e-06,2.0847491048347197e-14,0.02973202344403418,0.0008095893754438448,2.101232933468721e-09,0.21639640854987022,0.7527280271702725
2.762006953714953e-09,5.813083402174432e-06,0.0004296071775734386,6.862567671178304e-06,1.99959074541247e-14,0.03850982244593179,0.000784939375953948,2.212929831665628e-09,0.09464990159965794,0.8656130487748527
3.493689863978846e-09,4.048691634709547e-06,0.0006327886885190374,1.4285127463103945e-05,8.694031643739376e-14,0.02399896824720863,0.0011462169671411903,2.4137174380702228e-09,0.07351560678421093,0.9006880795863282
2.6518637629712036e-09,4.123619564241875e-06,0.0003651933410793988,7.20189405830108e-06,2.09963520121378e-14,0.024008234991996974,0.0008254822414085832,1.9933813548659388e-09,0.04310941692360354,0.9316803423430229
4.92889233028226e-09,5.020738348030852e-06,0.00038211187538101575,1.1303382170896087e-05,3.8865964041809896e-14,0.02552287035022707,0.0013074554353505988,3.420082559402479e-09,0.11944795213142374,0.8533232777380849
2.5452927033598596e-09,4.9456638717184625e-06,0.00032139605566420577,5.911371171034582e-06,1.58546127288884e-14,0.041411094055593255,0.0006635731101017741,2.043327487229538e-09,0.14611136427915186,0.81148171087581
3.3116999923003634e-09,4.865286390960686e-06,0.0003187459617109961,8.429488658849016e-06,2.2319243509232046e-14,0.030764965044343097,0.0009075959601270382,2.517921366794374e-09,0.22219482918302302,0.7458005632461023
2.6889757264582895e-09,3.907608505485263e-06,0.0002549870056914019,1.941497617303079e-06,1.5347588593999202e-14,0.03713943136769382,0.0006033117370298355,2.1078704056396254e-09,0.1872494452049423,0.7747469707816584
3.3762764192409816e-09,4.030044774839508e-06,0.00029672470507784377,7.145583039471477e-06,2.1585993839080363e-14,0.026699334844429073,0.0008097874389983645,2.4669539669880767e-09,0.09535318255839667,0.8768297889820319
1.992341460913065e-09,3.013716656226776e-06,0.00021738746909978206,4.867780383196638e-06,1.1867098267569489e-14,0.02583553710747675,0.0005082405698673581,1.5330607307130694e-09,0.07303985140099808,0.9003910984301046
1.8112524318116643e-09,3.0459570106715974e-06,0.00022843338556785347,2.690953997223629e-06,1.1109817352444971e-14,0.020227045462366016,0.0004823953692542352,1.415147168800867e-09,0.024386782039905634,0.9546696036054877
4.551903483553484e-09,7.951493276531447e-06,0.0004915276934901943,1.2361958978862751e-05,3.7953285908023823e-14,0.03327359900640234,0.0013986774922309028,3.4427757072138296e-09,0.15682716883592324,0.8079887055249808
2.809634221769083e-09,4.028783696789078e-06,0.00036647230161327083,5.846836111869672e-06,1.9318229305986703e-14,0.024450448480665077,0.0007211360900217659,2.1463127785314738e-09,0.04634612381972586,0.928105938732199
3.772497269517126e-09,4.412048284248697e-06,0.00040859608183080944,9.270933015044668e-07,3.0111816599639445e-14,0.03062244386370058,0.0008014315922014594,2.9113615344842348e-09,0.045479443954247425,0.922682738682545
2.299521229136354e-09,3.59452972251176e-06,0.00028202924923791974,6.078945582147777e-06,1.5693163646889184e-14,0.02490430845611659,0.000637900609507118,1.7489487665191642e-09,0.05984801341499654,0.9143180707463515
1.5864663094442346e-09,2.592290221252587e-06,0.00018536538473088934,1.2163169603439894e-06,9.482490630956195e-15,0.029894206767200945,0.0003870718529694266,1.2498743212788677e-09,0.05285388687002603,0.9166756576815409
2.0499387683143653e-09,2.8736895554442675e-06,0.00030654404352606883,4.360230497938833e-06,1.761609709060038e-14,0.024998483760805185,0.0005651366806509553,1.535054009362394e-09,0.07312028568359126,0.9010023123263627
2.500649631059278e-09,3.905014783036598e-06,0.0002604721633858819,3.4383338141988323e-06,1.436636641825311e-14,0.03832927922437992,0.0005959307841889199,1.9735540382290426e-09,0.1470498284242182,0.8137571415810118
2.102918565906888e-09,3.44362196224287e-06,0.000255483897147886,5.398910511533484e-06,1.3273892653948215e-14,0.02298257825219315,0.0005815084882394915,1.6268089234670221e-09,0.03674666868421806,0.939424914415987
1.848228016525402e-09,2.5808977377489163e-06,0.00019816085365033538,1.3898989503346788e-06,1.0781372861929068e-14,0.022277330627743112,0.0004384313565741196,1.4286463616605458e-09,0.02914179008152557,0.9479403130069336
4.290818078063276e-09,2.100452044405846e-06,0.00021185220595727497,2.8520034858946985e-07,2.6894717841830683e-14,0.022097671225864153,0.00044682577689672743,3.083045113525132e-09,0.021615986790567768,0.955625270974431
1.012388640225707e-09,1.6508651026867855e-06,0.00011321472738402196,2.186583570265591e-06,5.117659022016211e-15,0.020975450241975082,0.00023256166645397352,8.036064390903566e-10,0.02441101221971211,0.9542639218798016
3.4884189960726676e-09,5.185606824625566e-06,0.00043186860603056847,4.2637248100719406e-06,3.013560238892876e-14,0.022694512097088892,0.0011382893591819906,2.6026265347156055e-09,0.03719884018598285,0.9385270343290054
3.859292169929188e-09,4.910663847186143e-06,0.000507685258386951,1.3020381856138329e-05,4.776176618255306e-14,0.024806104774789724,0.001295687899421046,2.7217070266328876e-09,0.05386453286570034,0.9195080515749516
1.5860710099393931e-09,2.744642623661049e-06,0.00023516617023157903,4.058049541085723e-06,1.055748115289386e-14,0.020712038856299013,0.00043804238826937925,1.2408994685057398e-09,0.028109058757044933,0.9504988883090093
3.0755962919486136e-09,5.2907271236038695e-06,0.00035482885719435457,7.138427373037794e-06,1.9668682210263144e-14,0.038650197569341946,0.0007851466449948095,2.4237600056311246e-09,0.12414523198762012,0.8360521602869762
2.6333427746862425e-09,3.543276765465343e-06,0.0003232468147066652,7.5010955574673e-06,2.1244008415018663e-14,0.02534446083296629,0.0007408859572255851,1.9527925653372787e-09,0.0912082281928523,0.8823721292437696
2.1671813244309895e-09,3.3083635966111326e-06,0.00028126832577945077,5.326346720214138e-06,1.5855819415754177e-14,0.02377802049888018,0.0005843742560813199,1.6498186018760228e-09,0.04888131845851757,0.9264663799334087
1.6781128232613044e-09,2.6538191718741254e-06,0.00019376228686397557,3.9977892424374135e-06,9.588577238721465e-15,0.022712139009778278,0.00042102326486316495,1.302205980564127e-09,0.03291904149011222,0.9437473793596397
5.410879108260342e-09,3.7008111078265775e-06,0.00037902958525505576,6.597069371607237e-07,5.012337478273867e-14,0.022613254648693185,0.0008984692369443374,3.838809703437447e-09,0.029865241094791394,0.946239635666532
1.7642150449791642e-09,2.545016636014908e-06,0.000215260933464624,3.4177988629801764e-06,1.0817126926571441e-14,0.023302816361312158,0.00042494927154526526,1.3653116566264682e-09,0.04632072368075847,0.929730283807883
1.4145320797596193e-09,2.2529920270489876e-06,0.0001580461545078966,1.382546787213268e-06,7.816105850077708e-15,0.028715785085506366,0.00033018715627507596,1.1164810868432467e-09,0.03777620299483106,0.9330161405390444
6.6787465320595105e-09,2.862432597647624e-06,0.00030106251564614823,3.765443388086772e-07,6.43793863738288e-14,0.02287259162336852,0.0006791103354401451,4.5890413580298075e-09,0.025463950675535973,0.9506800346052205
1.6899041380909575e-09,3.0252208982136205e-06,0.0002085478139477519,4.0372103103647896e-06,1.0307215490110192e-14,0.021076471762056657,0.00045574014046431476,1.3235022469811598e-09,0.028375456388873337,0.9498767184500327
1.6887862265769474e-09,2.482893843648588e-06,0.00018473360091889792,2.966737632363207e-06,8.89163637580625e-15,0.023403264200830193,0.0003830446859898445,1.3304820727771527e-09,0.039436137068264335,0.9365873677932436
2.8099872228449377e-09,2.4517591361096234e-06,0.0002255346525517741,4.813941120448561e-07,1.6771283425958273e-14,0.020553733942482624,0.00046975942269039125,2.119727813953731e-09,0.021595045986779034,0.9571529879125162
2.2679670592728715e-09,2.610367221151865e-06,0.000220843299420849,5.809635923966367e-07,1.4136475589345552e-14,0.02523913888379211,0.00043853554140281834,1.7653949221194219e-09,0.02986885866258705,0.9442294282486074
9.320972007055518e-10,1.3201068455256481e-06,0.0001015314311264659,4.705623277738357e-07,4.894710026719134e-15,0.01879602220193228,0.00019615297342671453,7.393701757511815e-10,0.01519091031988436,0.9657135907329846
3.2793121296563913e-09,4.488013471454711e-06,0.000313700669054051,4.492608307981661e-06,2.199947701444503e-14,0.024984963105366353,0.0008915422307741208,2.4275339939001603e-09,0.05735591215962487,0.9164448955065331
2.66823175791977e-09,4.469822208951016e-06,0.00032107850310747406,6.9889781789335825e-06,1.8702472279160086e-14,0.021921462082925683,0.0007918382479717817,2.030522848446905e-09,0.03259794859101723,0.9443562090758167
2.160414025752119e-09,3.628760044516233e-06,0.00029508111181952786,5.36712808141686e-06,1.3916482137371327e-14,0.02164235115615948,0.0005888806234299774,1.6853684766327723e-09,0.02978019335696666,0.9476844940177019
7.0259029747203844e-09,8.8464388370437e-06,0.000618739494758969,4.249470990813745e-06,7.034503082682653e-14,0.03340589409902238,0.0019436537479242278,5.1696815629235576e-09,0.14126286666151222,0.8227557378912995
8.027355451515958e-10,1.3548753659589114e-06,0.00010547869864976343,1.0706468968210253e-06,4.327972739854906e-15,0.01776235803260697,0.00018760672404307673,6.440860185511143e-10,0.01767226588668456,0.964269863688927
4.356205429517126e-09,5.118269062289225e-06,0.0003918104918392405,1.1977577594202922e-05,3.5116652983438385e-14,0.029828675044777306,0.0011892328457165445,3.1438700361429585e-09,0.14531127023800888,0.823261908032891
3.7594356417101215e-09,4.6930625057188615e-06,0.0004668762972212744,3.6438113424140246e-06,3.6065690189604546e-14,0.023611967741911048,0.0011678304652159562,2.717623847417531e-09,0.045053178473195246,0.9296918036715128
3.7594356417101215e-09,4.6930625057188615e-06,0.0004668762972212744,3.6438113424140246e-06,3.6065690189604546e-14,0.023611967741911048,0.0011678304652159562,2.717623847417531e-09,0.045053178473195246,0.9296918036715128
6.245905668576612e-10,1.036531772300314e-06,6.854366933617731e-05,1.2841310581448707e-06,2.9920594124926025e-15,0.019865209959628313,0.00013835609153435986,5.029680548629132e-10,0.019266040139696256,0.9606595283494128
2.781361207078105e-09,2.0781713560872293e-06,0.00019254181187711213,3.5728070717265507e-07,1.4615123431274507e-14,0.020539017553275838,0.0003896978184565914,2.117100884362493e-09,0.020084715739027665,0.9587915867268227
1.7184417490520432e-09,2.348386417912603e-06,0.00017925739426019236,3.1810003021560457e-06,9.435586393409065e-15,0.02396248613655233,0.0003987974437554175,1.317166080930643e-09,0.03888405068435503,0.9365698759187397
3.29080729884132e-09,4.338217151920545e-06,0.0003476205544846556,8.152114471370314e-06,2.254894998150234e-14,0.02294457974234959,0.0008703726358693831,2.4423340667220014e-09,0.03900487652617865,0.9368200544763304
1.6425700349127406e-09,2.6628432500112818e-06,0.00019396151724153336,3.6335904109888165e-06,9.676082970202484e-15,0.02084837761718408,0.00041010537021731635,1.281464832535192e-09,0.030301851110195,0.9482394050274564
4.246761132631161e-09,5.241589429995155e-06,0.00041603098256271604,1.081044852813331e-05,3.5530914765980917e-14,0.024743170146784173,0.0012653653636247617,3.0673712543445523e-09,0.061054339884663564,0.9125050342702387
4.130503360911343e-09,3.427647644217554e-06,0.0003107413330920202,6.421861842032555e-07,2.881188176458637e-14,0.026805363177617197,0.000677301405786462,3.080147564038863e-09,0.03835218412763125,0.9338503329113649
6.154147571110935e-09,4.567126944251624e-06,0.0004283474476626879,1.2622239214831288e-06,5.732598803958797e-14,0.023583704838206387,0.0012130434961922345,4.226449601870154e-09,0.04316598424054356,0.9316030802458748
1.9147263904293484e-09,2.8606993272825907e-06,0.00022783354363198517,1.3329215891738944e-06,1.2129484858758925e-14,0.021440805040062898,0.0004881013809770761,1.4938337057737e-09,0.026144044762707826,0.9516950182431316
1.6741535570375961e-09,2.5899467722753944e-06,0.00018727088673541753,3.8436701753829005e-06,9.916133804212811e-15,0.024632118726544777,0.00040992166841737044,1.2915681309632653e-09,0.06433845807942212,0.9104257940562012
1.7748536521574531e-09,2.57893478094843e-06,0.0001786283300842339,3.978144562727218e-06,9.620826077132051e-15,0.026290082482333235,0.00042580747350155854,1.389382724803171e-09,0.06397502061730073,0.9091239008531906
3.975860978141168e-09,5.579674558025751e-06,0.00046446992090969894,7.727214049567251e-06,3.4104946230126807e-14,0.023339594139333245,0.001321507148709471,2.9554004579649797e-09,0.041218391617179176,0.9336427233539653
3.879753234535687e-09,6.409995169668906e-06,0.0004114791189867519,1.0222140786247074e-05,2.9812704223928184e-14,0.031702740728717066,0.0011510796144812488,2.9268295348486024e-09,0.11944293668301702,0.8472751249122293
8.563305600332017e-07,0.0011731341390974206,0.07560136144882312,0.004709158869840183,1.9407830180151907e-83,1.055906197882312e-11,0.9185071718539003,6.386323447674748e-07,7.678641958906587e-06,7.291618658063014e-11
3.2065708366858463e-09,4.9379354256958e-06,0.0003890398158381875,2.4465778338452575e-06,2.6536615931553468e-14,0.02484718110249096,0.0009745242325997691,2.4278128361128086e-09,0.03938469130165239,0.9343971733997489
2.2498067430797167e-09,4.111125259437415e-06,0.00027314429535835985,2.5031382777573174e-06,1.476978845335546e-14,0.027463223287208058,0.0006123165556262322,1.762851717613771e-09,0.041916949867496466,0.9297277477181004
1.8356499589288735e-09,3.381236633599909e-06,0.00026506190172881426,4.859754191312204e-06,1.2830906920491918e-14,0.02112563703207093,0.0005492204458863236,1.429936216045795e-09,0.028364240449260305,0.9496875959146296
5.7721412703916265e-09,1.1510001460011624e-05,0.0008536882850185622,1.5815404172216813e-05,6.042264458260281e-14,0.03557625607787355,0.001879220319494452,4.498697992595287e-09,0.10189097625026734,0.8597725233908142
4.493852254292967e-09,6.151484405252512e-06,0.0005665728558815881,1.5165413072626093e-05,5.2743710808231567e-14,0.023740023563333636,0.0017831576903429662,3.226012377725606e-09,0.04831476782795677,0.9255741534450899
1.4391602362389591e-09,2.4372916742029877e-06,0.00019386061406175112,3.355971127418272e-06,8.56977205444475e-15,0.02037850984907046,0.00036077002971649554,1.1363816274449189e-09,0.026606262296444066,0.9524548013723553
1.4122901686179818e-09,2.4593555798178696e-06,0.0001823454644962118,3.3390120506034276e-06,8.460325765655363e-15,0.020878966544651857,0.0003667606024382059,1.1132119841282972e-09,0.028168189673970816,0.9503979368213019
3.783552064164908e-09,7.452425080810778e-06,0.0004889960838626039,7.787643309020317e-06,2.7161629882068035e-14,0.03895250099362669,0.0010520354550670053,2.9998098281337983e-09,0.12189260536050131,0.8375986152551634
