i = 0,i = 1,i = 2,i = 3,i = 4,i = 5,i = 6,i = 7,i = 8,i = 9
0.022216142240651587,7.121099240931785e-05,0.13724438365330424,4.822359233006914e-06,4.4930372509538505e-14,3.1108317237235225e-14,2.9870086105593824e-16,3.492460196102326e-08,0.8404634058297237,6.5156179325416605e-18
0.025061699530822726,7.666330462026305e-05,0.15546985696059698,6.073822671271378e-06,4.239862396618139e-14,4.1864577815012156e-14,3.374300306386096e-16,3.377032656930963e-08,0.8193856726108776,7.358355778061197e-18
0.023727985725695486,7.797574262636051e-05,0.1659017271889042,4.398967720055249e-06,6.87697456476294e-14,2.986087331499362e-14,4.1802098766353063e-16,3.8329598404706635e-08,0.8102878740453565,9.115999632077197e-18
0.04083723354830616,0.00011040318644113618,0.11773165790407283,6.777307326943155e-06,5.1096613649513324e-14,4.727326226168745e-14,3.8757098096145847e-16,3.770272996646834e-08,0.8413138903510242,8.452131823801658e-18
0.048085373122827305,8.754922532109071e-05,0.25405656378702374,1.2997182397559268e-05,8.326110889106668e-14,6.078370485668463e-14,9.210991362458925e-16,1.900664113985797e-08,0.6977574976756442,2.010031190157039e-17
4.124486153558903e-64,7.193168826300572e-79,0.9999358011865493,6.419881267660869e-05,3.7743344314616624e-13,3.9656678995817036e-13,3.1611533642571063e-95,2.0920703566378245e-86,1.2714238388614858e-42,6.14718119305641e-103
0.04669620671815955,8.661050931685654e-05,0.31349794783054585,1.5341041588868807e-05,1.8713147376620428e-13,7.11187392087526e-14,2.0238475804386343e-15,1.8716355986677268e-08,0.6397038751837726,4.417107134179183e-17
0.14052841988156228,0.0002960941786820701,0.10245924366664222,9.2827276318803e-06,6.65590670782829e-14,6.119442224146615e-14,6.865417665800523e-16,6.281200236473633e-08,0.7567068967333507,1.4971106649255986e-17
0.040766496631807876,9.417685371038743e-05,0.1680501433094149,1.7510501284754297e-05,5.397326435835181e-14,1.0489903981659112e-13,7.186736346968607e-16,2.5822493508916833e-08,0.791071646881129,1.567948338656494e-17
0.11344491087574671,0.00022606743902439677,0.13583012839469347,1.6278945705362595e-05,7.575254950285048e-14,1.17462648934721e-13,1.0494969647577057e-15,4.724134990255865e-08,0.7504825671032859,2.2889917281482762e-17
0.07415914523582086,0.0001864556048987866,0.07994973773657567,4.104055356082465e-06,2.2099891156239092e-14,2.747216015017814e-14,1.7446507044228406e-16,4.651777638785029e-08,0.8457005108495226,3.804121394246804e-18
0.10819705900543006,0.00023382499720617193,0.12005606685660941,8.52481827611285e-06,3.840396988191261e-14,5.6640546283366854e-14,3.9511026014394486e-16,4.761164192669511e-08,0.7715044767107408,8.616176035379884e-18
0.057256059305535824,0.00011821506851522648,0.11922726348503596,7.990941660128164e-06,2.9971528711049704e-14,4.9594432281685616e-14,2.8690705154644515e-16,2.707018351424001e-08,0.8233904441289895,6.256604616368519e-18
0.03719232983627288,8.163957086393092e-05,0.21451370031822872,5.568452891735563e-06,7.022635706717619e-14,3.13278503119816e-14,5.960018306814147e-16,2.1361281346943268e-08,0.7482067404603593,1.299942852590716e-17
0.021498360786255236,6.770556002438094e-05,0.1458855622538163,3.936504284080527e-06,4.5964586170533144e-14,2.4495810998902653e-14,3.557544186860215e-16,3.257143522705789e-08,0.8325444023241141,7.761598306097634e-18
0.04136395427539061,0.00010859309752008739,0.08801300959122137,6.571332295432122e-06,2.852040373078055e-14,4.3407163537620086e-14,1.9705969773277806e-16,3.645791522794527e-08,0.8705078352455851,4.297914894797257e-18
0.44053551238685484,0.0007862830262862662,0.0809011840422381,4.297349693442482e-06,7.45516261153087e-14,2.3564351920351587e-14,5.149166709032581e-16,1.0779010185095534e-07,0.47777261540472693,1.1230564362269333e-17
0.035963874032287076,0.00011135704335092749,0.0956249519070326,3.8553608020658325e-06,3.358008657771909e-14,2.5059327842431554e-14,1.9733331737182621e-16,4.156035804247704e-08,0.8682959200961105,4.30325034347926e-18
0.047970962230878635,0.0001154101176044011,0.12576899317623375,5.560691989455373e-06,2.997602040486574e-14,3.655255980569989e-14,2.9872304542052587e-16,3.409878985611461e-08,0.8261390396844371,6.515454484451889e-18
0.018146876310829892,6.236795267016359e-05,0.11368274883320145,3.05999407623785e-06,2.5944178369971394e-14,2.047615611443148e-14,1.7187009177346367e-16,3.2406213272419485e-08,0.8681049145029623,3.7479330261406825e-18
0.03817016432374574,0.00010351443255353089,0.07942546077602423,4.091165622580304e-06,2.1434599071299226e-14,2.6709701954583003e-14,1.554869734056017e-16,3.678938340394231e-08,0.8822967325126222,3.3910632920218256e-18
0.01965287174719972,6.092046427571158e-05,0.04282467778167883,1.890773561323143e-06,1.015117628849464e-14,1.2133548202219125e-14,6.467804266504121e-17,2.8736120027662404e-08,0.937459610497142,1.410448283579397e-18
0.023144810631191125,7.234361265784456e-05,0.263254495223214,4.365602759816428e-06,9.878473753635589e-14,2.7239591053114914e-14,8.156771370475567e-16,3.127128411869605e-08,0.7135239536587663,1.7794109599370147e-17
0.04030251716212742,0.00011021374962885127,0.09115003447561389,8.815487670489582e-06,3.9560588501708555e-14,6.571939633236157e-14,2.772663241180163e-16,4.0140165300004045e-08,0.8684283789846884,6.046390619730092e-18
0.04546688456264153,0.00011606040867814219,0.09625941281291593,1.0100421618174796e-05,5.1165786412839865e-14,7.772398484561485e-14,4.380339264173983e-16,3.9755821631387115e-08,0.8581475020381952,9.552851713654581e-18
0.03901712715360877,7.891386253929839e-05,0.21263247759394513,9.15562182980768e-06,8.032534616544974e-14,4.7537833405208505e-14,6.673278751515788e-16,1.9151818868310322e-08,0.7482623066161296,1.4556197463563837e-17
0.05407560106211875,0.00013942886724384315,0.10567065452000557,6.023455890796664e-06,5.861633685870224e-14,4.237850561487374e-14,5.342214259820908e-16,4.381894211564369e-08,0.8401082482756974,1.1649761045681806e-17
0.03181630306251687,8.892321143155682e-05,0.1026248043297683,6.728366913454689e-06,3.239527806474011e-14,4.632661739107284e-14,2.6344983609980754e-16,3.236543344269423e-08,0.8654632086638575,5.7456427028812095e-18
0.024423762852308142,7.35982871120678e-05,0.21101602154833482,6.69308117111852e-06,5.433533763800311e-14,4.5882412977740886e-14,5.245675080795247e-16,3.1122809002521824e-08,0.7644798931081641,1.1441621610572481e-17
0.04142556026923118,0.00011250905598304959,0.35525572776790115,8.523125465269211e-06,2.3916773501325146e-13,5.465000864963259e-14,6.6752212290915795e-15,3.531358710438289e-08,0.6031976444675317,1.4570037493277888e-16
0.06963684142965751,0.0002031726785315488,0.12205912676662822,6.221062300494426e-06,1.089960037560977e-13,3.9050060815628644e-14,6.844969668139015e-16,6.503271363378548e-08,0.8080945730300197,1.4927556718683726e-17
0.05484720385044195,9.502262061696995e-05,0.3662451223509979,2.3441604005561612e-05,3.9494166372678956e-13,1.0016758498607232e-13,7.75826533431193e-15,1.890502938123162e-08,0.5787891906684053,1.6957415003183966e-16
0.2818518157116904,0.0005403047668182348,0.13157470788157008,1.2559416987804328e-05,2.169065959900826e-13,6.90435664333789e-14,2.307999754444631e-15,1.0320048889939752e-07,0.5860205090221563,5.034801855583236e-17
0.04161759737508774,8.959933292441882e-05,0.2017211598161343,1.328666177766708e-05,5.2510017973572155e-14,7.349493780992466e-14,5.142514205056329e-16,2.3069183788957753e-08,0.7565583337447656,1.1217187780218963e-17
0.03218613521079202,8.943315035083299e-05,0.3094023123995604,8.64213437776481e-06,1.2634695249769028e-13,5.601351042529027e-14,2.571138932889215e-15,3.2234995790781296e-08,0.6583134448697382,5.613852371933669e-17
0.03147871235074321,8.257681231202016e-05,0.26590261106445007,8.97663930131559e-06,8.932540006449234e-14,5.60526287999685e-14,1.6074247171630126e-15,2.8692202784328234e-08,0.7025270944408436,3.509479157051267e-17
0.024527933400578582,7.882914669031965e-05,0.22621399303232148,3.677052901225881e-06,9.39025742345085e-14,2.3552484593446922e-14,6.419245524459959e-16,3.43259694776549e-08,0.7491755330414208,1.3998776489484428e-17
0.07438413027251917,0.00017128795365105675,0.09914930258968004,1.1243988682444598e-05,3.9908745140546263e-14,8.485544712903992e-14,3.7983912879008176e-16,4.327933361615775e-08,0.8262839919160085,8.28293066342611e-18
0.023548596358736257,6.106456523549518e-05,0.19285227527625734,4.071053700154283e-06,6.169126181112835e-14,2.202869536887454e-14,4.0869942061199165e-16,2.0041337029778835e-08,0.7835339727046496,8.91525820229628e-18
0.013942011390543864,4.0968051772955394e-05,0.07508739836061121,2.045639192488321e-06,1.77317257827107e-14,1.2701392465091416e-14,1.0711853451557286e-16,1.7721865411030005e-08,0.9109275588359834,2.3357586071485333e-18
0.031403491564390644,9.374445689085111e-05,0.32549720501643725,6.511229696143008e-06,2.1326203025072614e-13,4.275514460245142e-14,2.8257673864725835e-15,3.53462978138387e-08,0.6429990123860285,6.165696073136496e-17
0.03195614838888397,8.715018090051883e-05,0.3702359465428125,7.5012714449258085e-06,1.8599139280242525e-13,4.936232632655337e-14,3.242370324784137e-15,2.908368900722632e-08,0.5977132245320304,7.07441102649465e-17
0.035921480294872084,0.00010176426002117706,0.22951591409042207,6.806665049569476e-06,1.6907148172750493e-13,4.4979884677320444e-14,2.0330435033005327e-15,3.702224500817485e-08,0.734453997667174,4.4355021156426346e-17
0.028711133328623756,9.146748355475973e-05,0.11118578486607997,5.33762693174387e-06,4.6689865910251875e-14,3.2776497474994235e-14,3.1987745299547757e-16,4.021359317394936e-08,0.8600062364811367,6.977311282222298e-18
0.0882285103305717,0.0001824448330946669,0.14157147688753016,1.2061084323642214e-05,3.6519869274183296e-14,8.065501000024225e-14,4.388026015238861e-16,4.0099997481141353e-08,0.7700054667643648,9.571646292380275e-18
0.14275944413598982,0.00024824850112052546,0.18225678035366527,7.709213653771944e-06,8.082760507644725e-14,4.2140769552024576e-14,1.1234345368433228e-15,4.479422138946824e-08,0.6747277730012252,2.4508855532117754e-17
0.05385026300572586,0.0001210583971004592,0.2893475099689642,1.4832613018718223e-05,1.3828973519442825e-13,8.715114072609875e-14,4.523064720116556e-15,3.203810162123964e-08,0.656666303976859,9.881222956925932e-17
0.026022672973640998,6.409915411920013e-05,0.07284430588298742,2.7660633876210585e-06,1.3139655549196384e-14,1.6754431380424743e-14,1.1142890922173248e-16,2.148794493756099e-08,0.9010661344378897,2.4303856765510268e-18
0.032540868260182466,9.273740008685816e-05,0.19858437534291265,5.9947016427759e-06,1.0802327585460163e-13,4.088979679341528e-14,1.0474888066478587e-15,3.531560890212014e-08,0.7687759889794163,2.2845834393305384e-17
0.059207826882521554,0.00014691862671211992,0.23571424485489675,9.439646762533268e-06,1.243771845264122e-13,5.87489300867205e-14,2.1713714854363223e-15,4.0325602421376285e-08,0.7049215296633193,4.7389927003337906e-17
0.05649579073496735,0.0001791079586249863,0.057044878769016934,1.8104148707191928e-06,1.4605680488905115e-14,1.1479978189247739e-14,9.504059369105375e-17,5.5571588953875053e-08,0.8862783565509049,2.0722465671948503e-18
0.586945880809439,0.0007413006679640446,0.0735249750041695,5.784117754441814e-06,7.460648589339056e-13,2.890705191560403e-14,5.003586751978185e-15,1.3809418591665056e-07,0.338781921305707,1.0925195993947115e-16
0.19067020423507977,0.00030270982370635656,0.13082537436602523,7.061334077806516e-06,9.272309731492799e-14,3.71901814114312e-14,7.658955118246959e-16,4.942311669230528e-08,0.6781946008178634,1.6701891212859394e-17
0.018608334310516974,5.3858978523918725e-05,0.06824286801425072,3.102876113071395e-06,1.5720207856018378e-14,2.0275508949311633e-14,1.1479466281956155e-16,2.2096640928110412e-08,0.9130918137239182,2.503358211176756e-18
0.02307993986261284,6.71159787330625e-05,0.14988389530755092,6.1793819630911445e-06,3.6554064000511024e-14,4.054915960634697e-14,3.556078875569771e-16,2.845845457502543e-08,0.8269628410106081,7.757994683667668e-18
0.025094454705023528,7.009361366719498e-05,0.13791551618024378,6.914956013146494e-06,3.504468467839471e-14,4.493817174380009e-14,3.6627110508648906e-16,2.8302989103686205e-08,0.8369129922419828,7.991533029747877e-18
0.02739637865395484,8.444422529049213e-05,0.2040272281476619,6.020107013498656e-06,8.39960087471193e-14,3.952239529560853e-14,5.877185057287559e-16,3.620974145145161e-08,0.7684858926562138,1.2820106635055327e-17
0.02408861891399968,6.348567794950817e-05,0.074523042365909,2.590465258092185e-06,2.24523220969915e-14,1.63682313467374e-14,1.5225444179010878e-16,2.284385223235942e-08,0.9013222397329925,3.319961471946518e-18
0.033200482420311886,9.03137149505536e-05,0.07023140454903301,7.224647502104193e-06,1.6771038638743332e-14,5.092825112665123e-14,1.2876580470482808e-16,3.330911944992927e-08,0.8964705413590153,2.808259789148014e-18
0.04768347306729852,8.776961824362586e-05,0.3304759265301128,1.8278358220232354e-05,1.9644222761929714e-13,8.296875337174028e-14,2.414155253258439e-15,1.8768522306302665e-08,0.6217345336573206,5.269759710959464e-17
0.05842894558893503,0.00010625036281870708,0.24843080871291592,1.1697880232947117e-05,9.646778398837594e-14,6.285483234110956e-14,1.2073796683489608e-15,2.2525543426439507e-08,0.6930222749293935,2.6340295154984904e-17
0.07573037584301785,0.0001600278864343186,0.1695294917842785,1.0907982688102077e-05,4.8011963550666547e-14,6.888657649763812e-14,7.101481415728047e-16,3.873879002576769e-08,0.7545691577646736,1.549636974756352e-17
0.774057131117736,0.0008300864878521598,0.029170302101984878,1.2936569655500296e-06,3.40635249296251e-14,6.78597205641774e-15,1.954659790122565e-16,7.594893167263666e-08,0.1959411106864886,4.262232023748303e-18
0.0814412733249574,0.0001766140632679744,0.11044701783052942,1.5385468943475525e-05,5.3346396045562643e-14,1.188549609493985e-13,6.242901206645216e-16,4.276087322859173e-08,0.8079196665512557,1.3614799237166116e-17
0.042455071192767604,0.00013476836917585138,0.11119980409209473,4.166050669042941e-06,6.112172470235457e-14,2.5532979531361935e-14,3.047106654480891e-16,4.942285341109967e-08,0.8462061408723524,6.645305979340864e-18
0.020254276887696366,8.893101628251133e-05,0.05915225506064972,1.0058897815036342e-06,1.8756190451109987e-14,6.059815827897853e-15,8.708456712306545e-17,6.220182656670594e-08,0.9205034689437384,1.8988611182207473e-18
0.07339569422008511,0.00016080317971646575,0.15201727258951417,2.5942023705156988e-05,7.566268891229569e-14,2.0243557909066505e-13,8.327318742757415e-16,4.0348988383736665e-08,0.7744002476377116,1.8163656265009894e-17
0.029851905619992663,8.633394223709128e-05,0.0854165979991151,7.676077890394437e-06,2.794262170646922e-14,5.436232678890648e-14,1.8529741285361617e-16,3.442740791994816e-08,0.8846374519332743,4.041089864742367e-18
0.06652009080899936,0.0001476819057290851,0.12950935468850708,1.3968307790953919e-05,6.33727749851368e-14,1.0517443064848672e-13,7.459589388039923e-16,3.90695667226218e-08,0.8038088652192376,1.6269784378186772e-17
0.03329322898734867,9.091195969071414e-05,0.37800952670923876,8.146421124336218e-06,1.8490342216419518e-13,5.4993617299295727e-14,4.323704829103031e-15,3.04517932767384e-08,0.5885981554705598,9.434644214374417e-17
0.0372824665299826,9.652088681566476e-05,0.07283415548696295,4.119547252144379e-06,2.616900287986727e-14,2.87008929328091e-14,2.023160313978437e-16,3.37340191051503e-08,0.8897827038149124,4.411623701789062e-18
0.035681156556465414,0.00011292452199781851,0.07635080028323961,2.538022639463786e-06,3.4834670224387843e-14,1.6404045986503324e-14,2.1583378478373428e-16,4.600144109560117e-08,0.887852534614165,4.7058450856440974e-18
0.040762027844830614,8.107014337951499e-05,0.3090499355999423,1.1425445592897714e-05,1.519585229070979e-13,5.437177348430305e-14,1.7520585033832844e-15,1.894907696905702e-08,0.6500955220169696,3.824838599499652e-17
0.05033698862191546,8.820127220016679e-05,0.32032044552228583,2.4776275183152267e-05,1.5073821833228816e-13,1.0516996282611785e-13,2.3023651317979576e-15,1.8316461368292104e-08,0.6292295699916958,5.027025630803125e-17
0.03925618203032962,8.575920979908551e-05,0.09163364410554611,2.1880820177313026e-05,2.202649199934599e-14,1.417600984825255e-13,2.876266292277367e-16,2.5905767406047305e-08,0.8690025079282163,6.276521237880659e-18
0.06035835272848905,0.00010129783723467577,0.2357595513937867,2.459516015458659e-05,8.029271977155947e-14,1.1250777637889968e-13,1.6631256068366968e-15,2.0924570593010515e-08,0.7037561819555699,3.631935179894309e-17
0.021066312441835388,5.546481710358633e-05,0.17258809020550062,3.883447348751323e-06,3.9390427285981354e-14,2.246622251084743e-14,2.8400173089092567e-16,1.9141865628376845e-08,0.806286229946284,6.194158503784027e-18
0.04475889948326676,8.577359399687258e-05,0.25406877236485376,9.88968558602452e-06,8.456793224344528e-14,4.7429232935935374e-14,7.219298005375056e-16,1.8576197676914874e-08,0.7010766462959662,1.574828235195276e-17
0.047467883050213586,9.648182376329525e-05,0.18778253681536933,3.0063237863824564e-05,6.633903972869968e-14,1.74443714763699e-13,1.9515936615573388e-15,2.5944771775406877e-08,0.7646230091277755,4.264165419139743e-17
0.035943011921263084,7.336564863105987e-05,0.22552711908100756,1.2470561859326433e-05,5.753949033044291e-14,6.05879965240653e-14,5.684044567763562e-16,1.833224956897183e-08,0.7384440144548708,1.2401386075228539e-17
0.04537877683050435,8.640498127575714e-05,0.20904771140730463,1.0641819606626325e-05,7.05847629824641e-14,5.4921230012230046e-14,6.654011205724643e-16,1.9560983582651336e-08,0.745476445400199,1.4514481160906334e-17
0.029194559842811774,6.584047943032502e-05,0.19970642507813663,8.31865770447145e-06,5.16427673994287e-14,4.2056452764800125e-14,5.054704291219685e-16,1.8901606469906992e-08,0.7710248370402161,1.1029793280069711e-17
0.05400372682929797,0.0001024338467769261,0.23755120490371753,2.1350237915330697e-05,1.3902926126639877e-13,1.1419386261378583e-13,2.1849465375169585e-15,2.301201919517709e-08,0.7083212611700177,4.7680896758442224e-17
0.03752633019962873,8.355136560288767e-05,0.1569835086929719,1.7848774676045662e-05,4.2258179778066077e-14,1.0174865179902924e-13,5.748620478527998e-16,2.320506823827919e-08,0.8053887377619077,1.2543886497160265e-17
5.5171192739993605e-64,9.621942926992414e-79,0.999960725612169,3.9274383351544875e-05,4.245424719029451e-12,2.338932295799083e-13,4.228517081809553e-95,2.7984581005829826e-86,1.7007202123232403e-42,8.222777475374439e-103
0.05161821675097831,0.00013663098773016794,0.23183241802004553,1.840054576563895e-05,2.1865513879871278e-13,1.0963953891973123e-13,5.2092380354613146e-15,4.015756174536643e-08,0.716394293537585,1.137994346417022e-16
0.04986318494249244,0.00013622498412935283,0.15331230674283017,9.330868303660693e-06,1.0619548437202026e-13,5.839846853116568e-14,1.031585942583224e-15,4.376443673253926e-08,0.796678908697642,2.2506030322231854e-17
0.025107661944228362,7.765576754120475e-05,0.30936979278279647,4.683658604424933e-06,1.303276647488977e-13,3.019776082708781e-14,1.1549534886411951e-15,3.216728451328746e-08,0.6654401736793835,2.519341454087754e-17
0.13604487862101075,0.0003549830301201153,0.08462845163278622,4.527738555807848e-06,3.477510722726871e-14,2.5453817639331086e-14,2.4900659982077894e-16,7.751404384923714e-08,0.7789670814634228,5.429568938748347e-18
0.09616734895792413,0.00018178682966189306,0.11891383379901883,4.88206973044883e-06,4.040176336789758e-14,2.6078688259995618e-14,2.8989094578672116e-16,3.380749767245555e-08,0.7847321145361003,6.321177425192033e-18
0.10180446102690986,0.00017508947026706573,0.19848294308943,1.8021900139709134e-05,8.326616021679938e-14,9.218412581306196e-14,1.1163135253731463e-15,3.1528169621245966e-08,0.6995194529849073,2.4351803103400402e-17
0.04881959884952259,0.00015225906290439512,0.07085104613419488,2.0524495502045635e-06,1.8977416721084576e-14,1.2845726992741996e-14,1.2601972417908435e-16,5.0247596342106686e-08,0.8801749932561996,2.7478607386355347e-18
0.05000583280284186,0.00010622363110982835,0.09916342965572852,2.094801969516995e-05,2.4079200605718423e-14,1.401238101387307e-13,2.967596425044561e-16,2.9952304973309446e-08,0.8507035359381551,6.4751524824335846e-18
0.41033713845000336,0.000588218926607394,0.10979832263760185,1.098216966357427e-05,2.2535783799672685e-13,5.791833258665881e-14,3.169863164626656e-15,9.25270271914868e-08,0.47926524528881026,6.917238521582331e-17
0.013331493753502262,5.405694424240341e-05,0.050908603262988926,1.2875122247704525e-06,9.704615137842817e-15,8.030444904930573e-15,5.587708822861559e-17,3.764628118198409e-08,0.9357045208807425,1.2183976308066979e-18
0.04337073328065588,0.00010625123363942554,0.14623772095222654,1.3871068129852622e-05,5.6368346433730637e-14,7.862314857540065e-14,8.462894915433225e-16,3.343350548686722e-08,0.810271390031707,1.847615198584035e-17
0.026354115548915927,7.235817517713826e-05,0.29480333176047807,7.060469807964391e-06,7.797764722493422e-14,4.455929769298074e-14,1.0039253941639758e-15,2.628430275846666e-08,0.6787631077611945,2.1905338813518608e-17
0.03449213375369809,9.63586835874103e-05,0.23051964730281987,7.968143367052312e-06,1.3721876679766914e-13,5.2231177474887605e-14,1.7656552148576852e-15,3.4682565061312795e-08,0.7348838574337713,3.851959179118309e-17
0.02942497572386069,8.778079922662396e-05,0.3335817041644723,6.383113249500723e-06,1.733808378910865e-13,4.1931192697150604e-14,2.313610778770268e-15,3.357302461244821e-08,0.6368991226259486,5.047683323793106e-17
0.04777245866537762,0.0001006817513819822,0.16268182119636707,3.0902156447168225e-05,5.855840749595349e-14,2.0038621385328808e-13,1.7680196373558145e-15,2.918009240287152e-08,0.7894141070500731,3.863343928131836e-17
0.04171107994178062,0.0001088754559588568,0.17348006161681434,1.4699520010826736e-05,7.519646314849125e-14,8.591179201309422e-14,1.136880405754269e-15,3.5816310834458426e-08,0.7846852476489623,2.4820004523832086e-17
0.05205444938498396,0.00013684208779639518,0.1575894030481664,1.0428068705740388e-05,7.585046391877525e-14,6.352669307021468e-14,7.132319481770126e-16,4.208423392631568e-08,0.7902088353259735,1.5561728587879556e-17
0.04155405239133447,8.070658402439019e-05,0.14009073058444574,2.0633542777513016e-05,3.7166452335840796e-14,1.0464470521199785e-13,6.306077947207736e-16,2.156949613219211e-08,0.8182538553277794,1.3768309099346045e-17
0.29308221629973064,0.0004689035774572827,0.15286424991201875,7.671006183879036e-06,1.5592454765722426e-13,4.266760005128568e-14,2.62259836904261e-15,7.888158929554222e-08,0.5535768803228189,5.722241602107443e-17
0.038417789508100486,8.86657916603818e-05,0.08648400211309866,5.835659452833323e-06,1.780176614435613e-14,3.711724747647417e-14,1.7865766814709775e-16,2.7061285135127055e-08,0.8750036798663474,3.897173886372997e-18
0.033675202603821855,0.00010421880148688596,0.1522943188632276,7.501292677415127e-06,8.917111870860704e-14,4.6450747265128645e-14,6.785239315574459e-16,4.205444226612186e-08,0.8139187163842077,1.48022080200284e-17
0.06913130789874138,0.0001541471195051534,0.13237818517064495,9.630006957853951e-06,5.369785894946911e-14,6.976298319062947e-14,5.882774361975206e-16,4.07167119204216e-08,0.7983266890873147,1.282954257856492e-17
0.05001119432137011,0.00012621870951417462,0.15521155588926755,2.3755460067490684e-05,4.459910784743611e-14,1.8689127683875677e-13,4.666037963519493e-16,3.8760640361217223e-08,0.7946272368589083,1.0177590210536125e-17
0.04076671259129642,0.00010965107368731884,0.17800211484111067,1.0100823460589742e-05,1.1364055877070998e-13,7.448444533372248e-14,1.3996263870153437e-15,3.905368996101546e-08,0.7811113816165655,3.05303364852206e-17
0.04885933333024534,0.00012783903288267023,0.1809165661481138,1.5245234049416525e-05,7.053866152138536e-14,1.1384620063929484e-13,7.758781083679661e-16,4.098500123735857e-08,0.7700809752695223,1.692222049084635e-17
3.681624479030854e-64,6.420811089366557e-79,0.9999774115266179,2.258847294725651e-05,3.344029518001686e-13,1.0035819982779708e-13,2.8217283740369554e-95,1.8674368515473374e-86,1.1349062535551985e-42,5.48713510357318e-103
0.01945953520097059,6.556434119629798e-05,0.07297853357071966,2.8533504205121663e-06,2.4645129012094766e-14,1.7383670640500658e-14,1.4845119457020618e-16,3.4068093037871383e-08,0.9074934794685576,3.2377163979445718e-18
0.46229551619969234,0.000587763982429025,0.10746033912311408,8.536333611884838e-06,2.2645488568837644e-13,4.484010035951582e-14,3.702617745974274e-15,9.056962254668634e-08,0.4296477537912551,8.082070762754835e-17
0.05525958040209886,0.00010161293167311045,0.19576557118667706,7.974979617171446e-06,4.8743298898050086e-14,3.937974189368732e-14,4.469567938073678e-16,2.08692863034833e-08,0.748865239630559,9.7497883636961e-18
0.4999313863918609,0.000624962840432105,0.09406575242514166,8.645037623236272e-06,2.908737092728155e-12,4.2279166678259693e-14,4.146057382293827e-14,1.390152994324071e-07,0.40536911428664935,9.08899619332065e-16
0.049775077550925216,8.761987367336736e-05,0.29160218731924714,1.5394537981336917e-05,1.181486287074218e-13,6.940612336884149e-14,1.3533905927979786e-15,1.8234819548687266e-08,0.6585197024831646,2.9537095984301744e-17
0.02776399563955519,6.983469596924997e-05,0.2512630720553441,9.139564410341531e-06,5.995759096032706e-14,5.4366435021787534e-14,7.056854582853094e-16,2.256588617180133e-08,0.7208939354787199,1.5396300023237376e-17
0.04277243139646885,8.076141441170533e-05,0.20031569503584434,1.3858459388404738e-05,5.1868635360306466e-14,6.731503946001595e-14,5.672244503613682e-16,1.8536467578278156e-08,0.7568172351572993,1.2375664944455091e-17
0.07952136823973262,0.00013419255756958197,0.15636916838153347,0.000176119688132711,7.821352910718453e-14,1.3578784588496917e-12,8.488223674421303e-15,3.2008470473520126e-08,0.7637991191231164,1.8613876178446601e-16
0.057097735118190995,0.00012900750193201396,0.1474212883559538,1.9343114540018086e-05,5.611784258127082e-14,1.3523138315531155e-13,7.758526143989687e-16,3.326720483492837e-08,0.7953325926419862,1.692380100810136e-17
0.03237326817475999,9.735079252879607e-05,0.2230659461427626,7.30885736771023e-06,1.648356760793287e-13,4.3629165691748623e-14,1.8253822402471814e-15,3.654146487745078e-08,0.7444560894909057,3.9838953524418655e-17
0.029845798885742587,6.664571872519909e-05,0.18653137563257505,6.825187501317091e-06,5.2316608761489126e-14,3.6889680467057205e-14,4.074484983959909e-16,1.82503319386598e-08,0.7835493363250342,8.886746612271686e-18
0.027189741209285852,7.114201127088946e-05,0.2591531219438771,6.088816346211716e-06,8.739714759556124e-14,3.684171026506738e-14,7.548416660866016e-16,2.3426448324773718e-08,0.7135798825926467,1.646360581439309e-17
0.03749204512260708,9.9128468851095e-05,0.19121946914643673,3.981252657832021e-06,7.076920514030682e-14,2.227706064891639e-14,4.4100768852821695e-16,2.9392241378669888e-08,0.7711853466171124,9.616651403064336e-18
0.02965578842202247,8.944992122040156e-05,0.1546805870842663,5.423268771114596e-06,9.693904505357536e-14,3.217075999615384e-14,7.463528772226478e-16,3.491928262838144e-08,0.8155687163843073,1.628186371866344e-17
0.021197501688692725,6.611762364051478e-05,0.1311469091182604,5.544160681288698e-06,3.324691111242048e-14,3.769260361770543e-14,2.575505708971444e-16,3.152604813984774e-08,0.8475838958826056,5.617646523645727e-18
0.089927028869502,0.00021361368499264423,0.10634745923715441,6.225808511425799e-06,3.224799855591952e-14,4.170657709298877e-14,2.701436151976769e-16,4.942624092442125e-08,0.8035056229735245,5.8908762811591426e-18
0.03688125878395818,8.293743806163987e-05,0.31395004777923335,1.1924085704356507e-05,1.2393380041772475e-13,6.62998518281261e-14,1.5038445663816879e-15,2.2112950041972307e-08,0.6490738097999007,3.2810221197795016e-17
0.053092537966610946,0.00012204831830795937,0.13983794437571992,1.7893164744714825e-05,5.3989214685340464e-14,1.1028433870150577e-13,5.467383661920422e-16,3.382710105467289e-08,0.8069295423473507,1.1930545905545381e-17
0.2389857476114442,0.0003214022866459719,0.15938177762885464,1.1023088666664473e-05,1.3507545273528993e-13,5.3657994640071114e-14,1.7533993438889815e-15,4.888623573790936e-08,0.6013000004979623,3.825833580340771e-17
0.031585728695294336,8.714133893913849e-05,0.1497255111046609,1.4210480475803996e-05,4.136356097072198e-14,1.0189891799556191e-13,4.237710850605502e-16,3.293081339851286e-08,0.8185873754496726,9.244777010011889e-18
0.04949117505221067,0.00014309145101762717,0.12048286609744055,5.389863689774623e-06,2.7321401343923628e-14,3.1788329795792904e-14,2.1783196932051086e-16,4.557532712640036e-08,0.8298774319602549,4.7503423160426244e-18
0.0439851323786806,9.717084694954006e-05,0.12365099677557878,1.4633025661324516e-05,3.442828653356975e-14,8.98452661589786e-14,5.805399291876542e-16,2.8618194676091657e-08,0.8322520383548102,1.267317898045116e-17
0.030636703982510765,7.805047722440969e-05,0.16442329218300228,3.5913401039647677e-06,5.217925891204876e-14,2.0738774205060428e-14,3.406773442334776e-16,2.3160344320780265e-08,0.8048583388567411,7.428809964579175e-18
0.04136378208996889,0.00011219761610643267,0.13037867175845944,1.6139539036883928e-05,3.8652286128990626e-14,1.2497169163036363e-13,3.3604265994967654e-16,3.8985347141519535e-08,0.8281291700109173,7.329011796157094e-18
0.09286178937553771,0.0002699129534250421,0.10001611861584053,6.594298801222521e-06,3.930135241272645e-14,4.323606776903208e-14,2.882159607804869e-16,7.44417652928089e-08,0.8068455103145474,6.2843199566302085e-18
0.5922145883168093,0.0007686286052849095,0.07044861583346912,5.2486851969414715e-06,3.799935793975066e-13,2.6721703145292204e-14,2.7286160532737965e-15,1.3582487160391932e-07,0.33656278273395884,5.954035635955931e-17
0.016091134824983748,5.477698687333225e-05,0.04715424372077272,2.4410465914245606e-06,1.475185956906193e-14,1.6903861949099758e-14,8.109066216383852e-17,3.2263267968203285e-08,0.9366973711574791,1.7682220900376012e-18
0.11863695767067124,0.00023499414567359803,0.2003610763726991,1.637335980318786e-05,7.440876954320519e-14,1.1021475434505793e-13,1.1839657541951952e-15,4.5689030344886626e-08,0.6807505527619367,2.582701703204051e-17
0.07656468341418628,0.00014996632951042388,0.16891531858110057,2.326601777331245e-05,1.0035108116660699e-13,1.744268529670254e-13,2.9590637498960058e-15,3.554151029836289e-08,0.7543467301156415,6.458397449171766e-17
0.04913195925010664,0.00011277148204242824,0.10013954424588198,1.9092911456517153e-05,2.6192767013449142e-14,1.3382079585618105e-13,2.683607254067213e-16,3.31101830559916e-08,0.850596599000169,5.854398490617242e-18
0.03483769212082978,7.708809303266377e-05,0.18886347143944326,6.202199070439055e-06,7.373143124008409e-14,3.468138163803333e-14,5.743922765949442e-16,2.0790870678670193e-08,0.7762155253566442,1.2527808427782823e-17
0.0331367572859495,8.580824898981877e-05,0.16690455758482686,1.2795312106627335e-05,5.039570961091139e-14,8.521325125430308e-14,7.205109279365564e-16,3.0663998199905965e-08,0.7998600509039928,1.5725861610225467e-17
0.04098392274125926,0.00010190227278093188,0.13092369248088076,9.648387490807871e-06,4.1396248524537066e-14,5.520868227960425e-14,4.872880544235771e-16,3.2554717618672125e-08,0.8279808015627736,1.0634307750407481e-17
0.03139519789280739,9.202372650755772e-05,0.08755718104634577,7.675928893760447e-06,3.0900797645442005e-14,5.81047098360802e-14,2.1591072735309574e-16,3.808327565745056e-08,0.8809478833220806,4.708233498654645e-18
0.3818164678579996,0.000546885227604621,0.12566343498874166,1.1711266713717115e-05,3.079191928058489e-13,6.210680298570261e-14,4.9762890527979126e-15,8.892800715705137e-08,0.49196141173055813,1.0862181618555324e-16
0.03005052816015484,8.429227330138102e-05,0.09545350110417786,4.674303735875474e-06,2.6531338247436652e-14,2.8772484308475507e-14,2.244539672408339e-16,3.252817795656922e-08,0.8744069716303965,4.896988806504159e-18
0.043749656973628225,0.00013053609306243422,0.0798218418137305,3.4115399841876572e-06,2.391275782707768e-14,2.0967974929878387e-14,1.5647946568186275e-16,4.286100803515464e-08,0.8762945107185416,3.4118308439654816e-18
0.4749712776989198,0.0006043415526924957,0.10392276791447397,8.215168871809687e-06,7.528069671207399e-13,4.132894638273339e-14,1.1536499039299785e-14,1.1108574940234954e-07,0.42049328657848667,2.520760416255021e-16
0.04210113104726053,0.0001117304678311737,0.11881047819885313,3.810187885009956e-06,3.074610337777843e-14,2.4663358350378264e-14,2.5569741844038626e-16,3.736091974455787e-08,0.8389728127371948,5.5766145027299116e-18
0.023994367355962675,7.761062470777632e-05,0.08256791073741146,3.0204345190284775e-06,2.413841686692888e-14,1.890809311813867e-14,1.450443294846549e-16,3.536100906885734e-08,0.8933570554863468,3.1635424804809668e-18
0.5832558332576194,0.0007925748458626068,0.06299931595578902,3.973579954573974e-06,9.252467919852802e-14,2.203864194921826e-14,6.796452118229502e-16,9.725412918626254e-08,0.35294820510652997,1.4821599482565996e-17
0.29514937927622775,0.0005243747551442616,0.10991902684652707,4.6393603113322086e-06,7.802882184197908e-14,2.4132501846356437e-14,6.548465920481623e-16,8.366446067909807e-08,0.5944024960972261,1.428411935277543e-17
0.19964369372146015,0.000620032353109667,0.054718315120821384,2.2580821017818887e-06,2.2866172023514596e-14,1.3660259358405803e-14,1.4021990168660227e-16,1.2347924540582858e-07,0.7450155772432249,3.057074471505078e-18
0.04689753632224607,0.00014051002851325038,0.1924280924747391,9.541737219667283e-06,7.505331848348694e-14,6.583363797900138e-14,6.734909851168351e-16,4.9424378317467354e-08,0.760524270012762,1.468753397444816e-17
0.06801362039758771,0.00015826347408975371,0.1629318096465197,7.784040070870474e-06,5.859719448182966e-14,5.295157468236049e-14,6.118823216063355e-16,4.207634947661244e-08,0.7688884803652704,1.3345005871795462e-17
0.059532904301518176,0.00013504953892354047,0.12169009554432395,1.5942853472410276e-05,4.103560978157576e-14,1.0892157630260242e-13,3.764982241843856e-16,3.647226454478249e-08,0.8186259712893471,8.212740967595515e-18
0.05555069871886303,0.0001150601387627633,0.3416612529844842,1.1660010821031915e-05,2.7736498045523305e-13,6.102766573877884e-14,4.1245386571743925e-15,2.618864613622687e-08,0.6026613019580802,9.002217500587324e-17
0.030334877427441054,9.540195407491182e-05,0.04036336424451119,2.280228766602835e-06,9.120200746005579e-15,1.4216432231446782e-14,6.166013120456161e-17,3.700408759523175e-08,0.9292040391410952,1.3447492871045302e-18
0.036603356471389834,9.164190511665964e-05,0.22572972256424206,7.742880729212564e-06,1.3454382854113782e-13,4.882034385643972e-14,1.554926270794093e-15,2.8774699445660474e-08,0.7375675074036379,3.392088157198479e-17
0.09825801281876881,0.00020831803851116703,0.16877038522414958,2.841530310382679e-05,9.512659359179186e-14,1.8764283328656705e-13,1.8361397451158193e-15,4.390273275920234e-08,0.7327348247124493,4.005959907381841e-17
0.09825801281876881,0.00020831803851116703,0.16877038522414958,2.841530310382679e-05,9.512659359179186e-14,1.8764283328656705e-13,1.8361397451158193e-15,4.390273275920234e-08,0.7327348247124493,4.005959907381841e-17
0.0077777280134197855,2.893650022550017e-05,0.026296248437803777,7.872469237651714e-07,6.9383998739235655e-15,5.131842806213667e-15,3.4789298265988805e-17,2.2155345805324727e-08,0.9658962776462693,7.585920724281291e-19
0.6520930007004337,0.001006983113951006,0.05116764703022979,3.4672877335401636e-06,1.0693443961624709e-13,1.833048212626454e-14,5.862535877779737e-16,1.3044474513452368e-07,0.29572877142278087,1.2785914834931265e-17
0.029332178741441107,9.159461848352125e-05,0.07462597976035357,3.4184100961458023e-06,3.094690889228182e-14,2.396359101385285e-14,1.9607818543750313e-16,3.954679749541692e-08,0.8959467889227731,4.2753242549586895e-18
0.0607293938403149,0.00015090655805762867,0.14408155733735203,1.204032501103686e-05,8.713121230592118e-14,8.188413952881482e-14,8.0364230504165635e-16,4.415519940082127e-08,0.7950260577838952,1.752970949609796e-17
0.03411883754437588,9.900678162051283e-05,0.09623943762553594,4.321136177474306e-06,3.042019792654292e-14,2.6229139384529815e-14,2.3135733920368703e-16,3.791231924962996e-08,0.869538358999914,5.0466120424740585e-18
0.0489656479259226,0.00012941022105892282,0.20854093016326544,1.2953876467752599e-05,1.1439701305156724e-13,7.80204717625745e-14,1.5474004719316811e-15,3.899014611696208e-08,0.7423510188229452,3.3769231315485687e-17
0.2542157690790112,0.000462798633513545,0.14117183160913188,7.380950136690139e-06,2.376126487530789e-13,3.7094404827534217e-14,2.2115825731249023e-15,8.524962691367863e-08,0.6041421344783029,4.8259595401143695e-17
0.15401550741876086,0.0003516630029442353,0.18151652254996034,1.262383511152459e-05,3.415959254798692e-13,6.852985773308283e-14,5.1679307993439724e-15,7.93015157341849e-08,0.6641036038912919,1.128300462460332e-16
0.1657874873204767,0.0003636223931181555,0.1141861069081601,7.854031566071864e-06,3.79033631322154e-14,4.8820411709395755e-14,3.4266292682404136e-16,6.615161934489901e-08,0.7196548631949725,7.472354680622949e-18
0.019639155190021167,6.254147986311261e-05,0.1029186051555862,4.631594982097069e-06,2.7348433616864227e-14,2.895795833276339e-14,2.089296997073659e-16,3.1765411839638815e-08,0.877375034814079,4.557756874777431e-18
0.018203555215494178,5.922698132162569e-05,0.1147114742379556,2.150659491127186e-06,2.8203880433906795e-14,1.3593151727577171e-14,1.8097987263940593e-16,2.9785256552318597e-08,0.867023563120439,3.9471051357611316e-18
0.09294410951479784,0.00019725495142552263,0.21980482335462728,2.5082761561990334e-05,8.637309518366043e-14,1.7859754727044877e-13,1.3115321274791747e-15,4.2762100589146614e-08,0.6870286866552204,2.8612914201354745e-17
0.03634303801810625,8.82564938766132e-05,0.2628564667984933,1.080286010774327e-05,9.632487808278293e-14,6.310095760365695e-14,1.0583761911825541e-15,2.5795799005155536e-08,0.7007014100334565,2.3088183658570152e-17
3.8055825781471264e-64,6.636995966981255e-79,0.9999090820531705,9.091794260370362e-05,3.612209707562907e-12,6.135019204887717e-13,2.9167342844605365e-95,1.930312335903748e-86,1.1731178698314208e-42,5.671883667938479e-103
0.1380038026434315,0.00025170944072111496,0.1951822947095036,1.0230256975968593e-05,7.154336433611976e-14,6.261576631610021e-14,1.0458342978704963e-15,4.4740987812112667e-08,0.6665519182082448,2.2809508546754068e-17
0.07208162920678146,0.0001599665193229853,0.16890203828913067,3.7393285781572373e-06,4.224596180319888e-14,2.206524022941976e-14,3.952833857710544e-16,3.572324447787731e-08,0.7588525909328776,8.620034008192659e-18
0.06307692478490944,0.00013768067914924273,0.13114067319078576,1.1383510697583316e-05,3.267406454016086e-14,7.801798615138464e-14,3.659812039181091e-16,3.5570904697174525e-08,0.8056333022634422,7.982902986941486e-18
0.05958123992018126,9.88403055611151e-05,0.32134564029029034,2.4386848555333103e-05,1.5456145566182575e-13,1.0658700896336841e-13,2.8352232916079326e-15,1.9358468013873196e-08,0.6189498732766799,6.191285217294226e-17
0.07762880851280227,0.00016376850323889696,0.23028735638036343,3.85329613794327e-05,1.0701539739210515e-13,2.875854322890537e-13,2.937500490166819e-15,3.729951423564202e-08,0.6918814963423042,6.411256338967398e-17
0.03607520969679833,9.261334144225666e-05,0.08379947481474091,5.92685551949671e-06,2.323997762512662e-14,3.751475300400695e-14,1.8687685366591693e-16,3.235750639969034e-08,0.8800267429339317,4.0766162533087065e-18
0.03321307760043974,8.935111923588387e-05,0.09504345296095555,3.701333606462377e-06,2.2904008951796944e-14,2.3705061239097407e-14,1.8805009693617155e-16,3.247816952135605e-08,0.871650384507546,4.1017046005011116e-18
0.045520979519132254,8.87412918265147e-05,0.24878608872962404,1.3038291585546604e-05,8.80653649143573e-14,6.51431990836885e-14,8.419993900823185e-16,1.9865147632236397e-08,0.70559113230253,1.8367184298233152e-17
0.05045096814284529,0.00012073860022321757,0.15347804351764574,2.1211413134115674e-05,8.248177829107684e-14,1.7429108947384295e-13,1.3344634309115128e-15,3.6625573805792765e-08,0.7959290017003198,2.911058441720521e-17
