i = 0,i = 1,i = 2,i = 3,i = 4,i = 5,i = 6,i = 7,i = 8,i = 9
0.0035057141314304165,0.9964942779456658,1.258817495178427e-12,1.4056759161177037e-12,3.4229804144782382e-12,3.100110989464798e-12,1.713050377631185e-17,5.622245916600514e-80,7.913716164617342e-09,4.153377994715849e-17
0.0036164168499294306,0.9963835749706869,1.393666436018879e-12,1.5462512655704188e-12,3.486913645702191e-12,3.2020352233343325e-12,1.8117458729144426e-17,5.946165371102111e-80,8.169754873820448e-09,4.392670255775933e-17
0.0034722577261740704,0.9965277337212385,1.5435522911780862e-12,1.5705557726913063e-12,4.711989239318542e-12,3.5014386515156834e-12,2.1283424871697503e-17,6.98523815230285e-80,8.54125987453354e-09,5.1602748909377896e-17
0.004770273700738275,0.995229720481232,1.4411806900312925e-12,1.8149104988101975e-12,3.761828587497702e-12,4.102166078413064e-12,1.9325985746138756e-17,6.342804964965665e-80,5.806909743228926e-09,4.685683791899138e-17
0.005027045693084528,0.9949729467860173,2.236313297145317e-12,7.24009581521959e-12,5.204556426369237e-12,3.874419818059468e-12,3.4946337057935137e-17,1.1469417578136076e-79,7.50234255448895e-09,8.472917635166098e-17
4.0278490205829684e-30,4.72662884772761e-48,0.10489410829184331,0.07949658345476349,0.14831866402912092,0.6672906442242711,2.9291219936241183e-67,6.747422348405577e-70,1.212900194621704e-15,1.895226181571391e-74
0.004748244700455991,0.9952517468011653,3.278018634252014e-12,7.75622730993678e-12,9.253581602682876e-12,4.589793455932961e-12,5.988984656481648e-17,1.9655898655633384e-79,8.473500631291323e-09,1.4520598735174982e-16
0.006406279523269153,0.9935937149294841,1.4592920122814659e-12,1.7744233832849667e-12,3.924361422754696e-12,7.288633410280187e-13,2.469919661119168e-17,8.106297345226464e-80,5.53936004044008e-09,5.988446166533805e-17
0.004572008556296223,0.995427984496827,1.8601960049820965e-12,2.5908042895010136e-12,4.466133203146121e-12,4.9226352543741636e-12,2.8270956116421174e-17,9.27855186821961e-80,6.933036629317883e-09,6.854437482996526e-17
0.006452690433273146,0.9935473042007676,2.1429403911722582e-12,2.2841628915807516e-12,4.759099292318491e-12,1.9512692436126866e-12,3.470384334846496e-17,1.1389830917789479e-79,5.354821971829137e-09,8.414123783409721e-17
0.007681452600640397,0.9923185432788375,8.565347207027352e-13,1.6024993844368988e-12,1.9576037339172374e-12,1.1894947448679317e-12,1.0907292072491266e-17,3.579782536898514e-80,4.114916193328894e-09,2.64452858051516e-17
0.00757848815057623,0.9924215072912824,1.337936669075957e-12,2.2729052406785166e-12,2.980322148228427e-12,1.310601323120324e-12,1.844322013626794e-17,6.053080540119941e-80,4.550239501688278e-09,4.471652767127154e-17
0.005998381761095544,0.9940016129199264,1.1746308660125727e-12,2.513369517434839e-12,2.6036670674135282e-12,2.274177179453885e-12,1.533590234246604e-17,5.033256198497922e-80,5.310412129819866e-09,3.718267725349859e-17
0.004428306829799181,0.9955716852243734,1.7711845227943365e-12,4.243082488206983e-12,4.771169625488441e-12,3.358258864502961e-12,2.6117779647653168e-17,8.571877510958023e-80,7.931683443005192e-09,6.332388863726193e-17
0.003387548486242976,0.9966124429085463,1.2821111085351419e-12,1.5054760948598307e-12,3.4441756876218774e-12,3.0916043542871906e-12,1.8881510318982443e-17,6.1969277572384566e-80,8.595887230508698e-09,4.5779184622570116e-17
0.005789767626305521,0.9942102277681779,1.020637940275165e-12,1.656146586582973e-12,2.3786299776206054e-12,3.0321611744278537e-12,1.2592831135926298e-17,4.132977892172782e-80,4.597429077671686e-09,3.053196121642866e-17
0.00983546353563942,0.9901645317261651,1.2330409196782223e-12,2.7425759016436514e-12,3.909320416977076e-12,3.223798465470955e-13,2.2779124637838375e-17,7.476128086872887e-80,4.7299881115623425e-09,5.522914922226697e-17
0.004644953596778124,0.9953550408986769,9.678560052391522e-13,1.3957002738673631e-12,2.663345395879247e-12,1.6124599299776994e-12,1.269624611673564e-17,4.166918776811862e-80,5.4979056901524044e-09,3.078269611365204e-17
0.005903463384319139,0.9940965318076014,1.2333454867448443e-12,2.270535601279517e-12,2.636666802265576e-12,3.729704697847174e-12,1.592765224262558e-17,5.227469018203684e-80,4.798209190650317e-09,3.861740504967716e-17
0.003144172277783213,0.996855818917589,9.105971263084434e-13,1.113129411144486e-12,2.5928641327926717e-12,1.7689115115630116e-12,1.2000814608502644e-17,3.9386775660910276e-80,8.798241991650813e-09,2.909658697987072e-17
0.0060437657622938795,0.9939562299637683,8.68898019507016e-13,1.640422734461046e-12,1.9521101566083196e-12,2.5418991256302052e-12,1.0637825640023511e-17,3.491343425026765e-80,4.266934446122119e-09,2.579195070197276e-17
0.0050136058784666215,0.9949863901226766,5.174651500910183e-13,1.091038186538124e-12,1.2034515461644002e-12,1.4361506038448704e-12,6.186442853417812e-18,2.030395807519881e-80,3.9946085514523104e-09,1.4999346154818978e-17
0.003436443243083521,0.996563546892563,2.076619241871263e-12,2.2099375133140475e-12,6.340985085689871e-12,3.8701153466590375e-12,3.3462030231147096e-17,1.098226680613033e-79,9.849855723281684e-09,8.113039872066298e-17
0.00487999075063862,0.9951200037122964,1.2323858376558878e-12,1.464024942922969e-12,3.003253291363411e-12,3.5313926046753285e-12,1.563100803518537e-17,5.130110135251796e-80,5.527833905863112e-09,3.7898176033885206e-17
0.0047167158962858075,0.9952832779246873,1.4837181657361402e-12,1.4668831188824413e-12,3.5974091932378034e-12,4.355121699985487e-12,2.058635569335697e-17,6.756459454691129e-80,6.168123842723194e-09,4.991266913004735e-17
0.004423602580861042,0.995576388712185,1.8882889193877003e-12,4.298450376055788e-12,5.148000634780198e-12,3.3761980249919457e-12,2.8130863532796406e-17,9.232573358918052e-80,8.692243280959526e-09,6.820471320094761e-17
0.004699074260794033,0.9953009192179193,1.477022645667409e-12,1.508311268908627e-12,3.860677792848747e-12,2.196389095148175e-12,2.2826769635403298e-17,7.49176521773361e-80,6.5122442794939e-09,5.534466698556655e-17
0.004459468882528113,0.9955405253125965,1.1515323022062989e-12,1.5985014671412263e-12,2.9336441307095834e-12,3.5073276351987512e-12,1.5091080241519046e-17,4.952905376769146e-80,5.795684104036129e-09,3.658909358732264e-17
0.003531958969115913,0.9964680321937496,1.7379624895029797e-12,1.7115298343839086e-12,4.691748665988367e-12,4.2459229802474014e-12,2.461240122690197e-17,8.077811031023087e-80,8.824747396711117e-09,5.967402188480804e-17
0.004243318649280679,0.9957566731218708,4.580468648782956e-12,3.1354795290853744e-12,1.3362404250565295e-11,2.991358441162406e-12,1.2416629624060162e-16,4.0751484210958177e-79,8.204778426044131e-09,3.010475178367144e-16
0.004855166557595281,0.9951448268801553,1.544957492560818e-12,1.6928821268704248e-12,4.730669991309469e-12,9.622345765537395e-13,2.571493622974927e-17,8.439663949413992e-80,6.553318594312904e-09,6.234717414676909e-17
0.005070621767794675,0.9949293702243234,5.271186622882245e-12,1.1479610303922503e-11,1.5217031554857525e-11,5.970085451804807e-12,1.4214183466383054e-16,4.6651071373688024e-79,7.969943658937861e-09,3.446301283834077e-16
0.007133969081019007,0.9928660251531451,2.075453784291682e-12,3.213065922112265e-12,7.921046234499367e-12,3.876615839362977e-13,5.137818414723554e-17,1.6862363771295706e-79,5.752238285236866e-09,1.2456902744793308e-16
0.0047765992270725356,0.9952233937974866,1.7413352673026153e-12,3.568346864416135e-12,3.872310142487328e-12,3.5452405194522114e-12,2.3427234829482475e-17,7.688838410649798e-80,6.962713659296617e-09,5.680052550739924e-17
0.003916898384186914,0.996083093053129,3.3337795801908682e-12,2.438004003084673e-12,8.235515810969966e-12,6.5186857294411015e-12,6.849301890114173e-17,2.247946714874513e-79,8.542157794749427e-09,1.6606481745110056e-16
0.0038376237718844757,0.9961623672198985,2.6076694355864005e-12,2.2277902360633826e-12,6.2388572609358515e-12,5.647509267931089e-12,4.968680737186647e-17,1.6307252504720874e-79,8.991494916566533e-09,1.2046819848654998e-16
0.0034065429799383833,0.9965934469345776,1.8103987943364139e-12,1.9468441696802607e-12,5.885777577853772e-12,2.849942983067418e-12,2.8180458702046896e-17,9.248850528808725e-80,1.0072990920388001e-08,6.832495917490834e-17
0.006202421773809259,0.9937975732211715,1.3682846369479215e-12,1.7111961918684606e-12,3.0733686779583536e-12,2.4862244849793194e-12,1.8433083970527315e-17,6.049753841894275e-80,4.99638023145562e-09,4.469195202407759e-17
0.003562522028309181,0.9964374672614694,1.4079281218403471e-12,2.893829603296035e-12,4.115016921807184e-12,2.5435916952825755e-12,2.089115917715405e-17,6.856496225087963e-80,1.0699260714365592e-08,5.0651680783859e-17
0.0029666621309728442,0.9970333270353077,6.914355666570897e-13,1.227904221247774e-12,1.9610367622786093e-12,1.637936675271371e-12,8.850616628808723e-18,2.904779908887491e-80,1.0828201052683041e-08,2.145877134228837e-17
0.0038972194404787637,0.9961027720855913,3.673545288564313e-12,2.7995531691398106e-12,1.1480791703699574e-11,6.029096679908483e-12,7.387560085622958e-17,2.4246035102186956e-79,8.44994683856237e-09,1.7911516173701225e-16
0.003990959307605199,0.9960090319997069,4.097795895014895e-12,3.1017660767606206e-12,1.2130492581967856e-11,6.520240464583165e-12,8.308810900336253e-17,2.7269588135490963e-79,8.666837269817229e-09,2.0145135770388066e-16
0.003939461874786916,0.9960605296474545,2.901998973447443e-12,2.37226517548139e-12,8.604953506612302e-12,5.4836053048589005e-12,5.617938324569405e-17,1.843812141155024e-79,8.458395559737529e-09,1.3620977964838708e-16
0.004089922535174596,0.9959100710387704,1.2530327929867655e-12,1.73801498216868e-12,3.1198839898107498e-12,2.8270125939019684e-12,1.7178000878219502e-17,5.637834505133608e-80,6.417116831693434e-09,4.164893908209875e-17
0.0073977999412809204,0.9926021955300758,1.5225875368142427e-12,2.519539130087252e-12,2.956350760511812e-12,2.789274146956503e-12,2.0335260141565152e-17,6.674049681084641e-80,4.5188555604830726e-09,4.930387514794552e-17
0.0066628434017806494,0.9933371507498338,1.7818670484294816e-12,4.1536518596649475e-12,4.628770985593139e-12,6.50391634704176e-13,3.3883127266014857e-17,1.1120471212347904e-79,5.837170913126119e-09,8.215136992374256e-17
0.00451448891971168,0.9954855029700544,3.4317158065345255e-12,2.880400777771714e-12,8.401222125003795e-12,1.9733831851687623e-12,9.078501778714499e-17,2.979572023669758e-79,8.093546967482452e-09,2.201129060566503e-16
0.00507620191074606,0.9949237933162086,6.646266942953174e-13,1.5819887466755921e-12,1.4718606691189455e-12,1.89808323241046e-12,8.382917346926151e-18,2.7512806064946968e-80,4.767429084933676e-09,2.032481057742667e-17
0.0037901281083715216,0.9962098631698156,2.2408798130554856e-12,2.014018147468732e-12,6.618342579515853e-12,4.798728481370929e-12,3.690041234195638e-17,1.2110746738870887e-79,8.706141025445451e-09,8.946693147489833e-17
0.005333850974064535,0.9946661430870867,3.252674460203504e-12,3.87244044804783e-12,6.684876966072751e-12,6.5386619857764e-12,5.810821391840543e-17,1.9071165265681042e-79,5.918499882812051e-09,1.408863277722613e-16
0.007578046955219204,0.9924219492750375,5.538008747477407e-13,1.1778290998338564e-12,1.3669765559392676e-12,6.118797135344296e-13,7.091545923835521e-18,2.3274514046899747e-80,3.766032869792761e-09,1.7193814697495255e-17
0.008536544061303252,0.9914634501069833,2.0843974288474154e-12,6.6528836952103164e-12,1.5102086927951746e-11,2.426902918330432e-13,9.734049158793087e-17,3.194723227036275e-79,5.807630959254174e-09,2.3600698600853033e-16
0.006729147047070105,0.9932708465918555,1.379334867107406e-12,3.4689263592965005e-12,4.360707745473407e-12,4.3223217068691556e-13,2.5330466825977748e-17,8.313480771155095e-80,6.351433009681494e-09,6.141500852749237e-17
0.0036982678142766763,0.9963017258461337,7.109097900380907e-13,1.2248931929635535e-12,1.839078391635886e-12,2.043427574450034e-12,8.982798483346527e-18,2.9481621059982214e-80,6.333771540715997e-09,2.1779252986125298e-17
0.0034931548387172498,0.9965068366984254,1.3070131822589292e-12,1.453986896713317e-12,3.3166557404149426e-12,3.620846613610602e-12,1.8673116175278466e-17,6.128532623393523e-80,8.453158942776706e-09,4.5273922407689275e-17
0.0036453468988896505,0.9963546451535747,1.2893693060449012e-12,1.4425002168681777e-12,3.149038116181927e-12,3.773801932205062e-12,1.8786705828851698e-17,6.1658128453307534e-80,7.937880893312336e-09,4.5549326319187865e-17
0.0037437001635143756,0.9962562918688845,1.852914034664179e-12,1.845043320759359e-12,5.397893609022782e-12,4.1862248016013456e-12,2.6650914574167972e-17,8.746852842609917e-80,7.95431906374526e-09,6.461650141221403e-17
0.00396582393726682,0.9960341691201893,8.119912685029003e-13,1.5096030969157057e-12,2.1112418555022306e-12,1.9942267132593056e-12,1.0574266521961194e-17,3.4704832698869254e-80,6.936116749209882e-09,2.5637848396450395e-17
0.005679067812599022,0.9943209278929819,7.910621139098106e-13,1.349571522311853e-12,1.7201165781250667e-12,2.4558054988439493e-12,9.388525225193721e-18,3.081321966584813e-80,4.288102472680339e-09,2.2762958147303202e-17
0.004809214850570946,0.9951907767986796,3.5963293430227686e-12,7.959519015545759e-12,9.800972767402544e-12,4.898875077376868e-12,6.758622491791664e-17,2.2181856594155405e-79,8.324493747996835e-09,1.6386624922779954e-16
0.0053675477935068265,0.994632445347943,2.615037957164168e-12,6.714531129197841e-12,5.961059343552663e-12,4.654401205234929e-12,4.099805709749211e-17,1.3455597240884176e-79,6.8386050971438495e-09,9.940188015788531e-17
0.006403349754773596,0.9935966452056466,1.8873853726508558e-12,2.7124932155225355e-12,3.4686384939281554e-12,4.078150630702179e-12,2.7847272505355974e-17,9.13949853506386e-80,5.027432769945345e-09,6.75171321988149e-17
0.011233966830920872,0.9887660279960274,9.051048104159173e-13,3.191703813383815e-12,3.474733596431449e-12,1.9036597223925477e-13,1.8065790386253832e-17,5.9292077775614835e-80,5.165289794950162e-09,4.3801430014820964e-17
0.00587334707036905,0.9941266474385888,1.694394746251844e-12,1.7873167779488509e-12,3.800324566324379e-12,2.6367911992321425e-12,2.506962187459421e-17,8.227871231689834e-80,5.4811231599400036e-09,6.078257660469842e-17
0.004689333471544122,0.9953106606459603,1.1931680740143296e-12,1.664483312109566e-12,3.4234539629270758e-12,1.5361789856648778e-12,1.6653375441783985e-17,5.465651987303557e-80,5.8746781842528515e-09,4.037695793626783e-17
0.0032347018525601752,0.9967652911792325,4.98360962375699e-13,9.070681822646897e-13,1.5231467323862026e-12,4.468720156496151e-13,6.9039445541779105e-18,2.2658804762483333e-80,6.964831895503425e-09,1.6738965617350995e-17
0.006013555872606308,0.9939864388208342,2.2848289673064447e-12,2.5236646722505995e-12,4.802351339337111e-12,6.67391959624286e-12,3.1141395731225563e-17,1.0220632575485981e-79,5.290274761170115e-09,7.550390190986037e-17
0.004538672768011424,0.9954613217855907,1.0020394752839398e-12,1.3268906799405553e-12,2.5118446645298885e-12,2.991546942168603e-12,1.2346035241045577e-17,4.051979270108271e-80,5.438565721485119e-09,2.9933591992395914e-17
0.005685288944207331,0.9943147055488761,1.9866355323096597e-12,2.169820073074574e-12,4.4028571143573444e-12,6.211756830525801e-12,2.856204890053578e-17,9.374088753122663e-80,5.492145505579168e-09,6.925014401465808e-17
0.004052226234788796,0.9959477652480441,4.6101505283211394e-12,2.966137249983889e-12,1.2558122900327947e-11,7.266859878771223e-12,9.947760115431618e-17,3.2648633423007283e-79,8.489765511736407e-09,2.411885173137578e-16
0.004979701297902889,0.9950202933506322,9.647948948377493e-13,1.4337742731766899e-12,2.3030779759866564e-12,2.75819651246233e-12,1.247303643307242e-17,4.093661169242607e-80,5.344004977750745e-09,3.024151285881691e-17
0.003808053416055884,0.9961919386234636,8.450071369773545e-13,1.102901319174622e-12,2.4997575906679564e-12,7.995627345761926e-13,1.2403352551196167e-17,4.070790860540736e-80,7.955233220265232e-09,3.0072560741649456e-17
0.00451148770571464,0.9954885035346439,2.90597096878148e-12,6.376059794134195e-12,7.984673948644897e-12,4.351630691089175e-12,5.449763185905929e-17,1.788616920142769e-79,8.738022775241706e-09,1.3213228782358551e-16
0.004944953925349461,0.9950550379880337,3.446341989929165e-12,7.688264284419686e-12,8.501559465633912e-12,5.154681073718518e-12,6.48941940732843e-17,2.1298329787792437e-79,8.061825568121032e-09,1.5733928320599468e-16
0.005029473426205281,0.9949705210262421,1.0904150950862268e-12,1.3982158945250213e-12,2.1928380773654565e-12,4.135903495411848e-12,1.532147446594287e-17,5.028520962536072e-80,5.538735480239012e-09,3.71476961630354e-17
0.0052024589509261625,0.9947975336977201,2.587923901968339e-12,4.210229286420272e-12,5.365760371095577e-12,4.5481365275839766e-12,4.9214159464779735e-17,1.6152129068700223e-79,7.334641442414583e-09,1.193222395663174e-16
0.003424171686785864,0.9965758177790788,1.1896578411610119e-12,2.2218269758937952e-12,3.402457185637213e-12,2.51034365568585e-12,1.648009958798583e-17,5.408782711858226e-80,1.0524810967164564e-08,3.995684185835479e-17
0.004608308201419983,0.9953916830276477,1.9254839914892775e-12,5.096062766546969e-12,5.348313654305295e-12,2.1508369947350067e-12,3.0056708491736575e-17,9.864637316216753e-80,8.756411409393315e-09,7.287402252850848e-17
0.004472097351639674,0.9955278947628186,2.4776077153092438e-12,2.1271571563313656e-12,4.884900085532793e-12,7.40889360476447e-12,5.226811927122566e-17,1.7154441299380513e-79,7.868643186644762e-09,1.2672672100694578e-16
0.004391010625681621,0.9956089808817733,1.7612382364045379e-12,3.867024173675359e-12,4.229361340488251e-12,3.3529576744592688e-12,2.5564842813318877e-17,8.390403176582494e-80,8.479334700281918e-09,6.198326511868961e-17
0.004855341516430573,0.9951446508575864,1.902002107495904e-12,5.1109081344623345e-12,4.7987711957266545e-12,3.5934195245667363e-12,2.7795203563589004e-17,9.122409470726972e-80,7.610577982587576e-09,6.73908884789225e-17
0.0039193356893653525,0.9960806546662737,1.549905388850115e-12,2.7684193410853765e-12,3.818828446483535e-12,3.054557475096546e-12,2.3524499886987492e-17,7.72076089258326e-80,9.633168889199917e-09,5.703634965327276e-17
0.004810875444833937,0.9951891166129728,3.1569654571027328e-12,4.114496317606567e-12,8.063334061166647e-12,5.6175425439917855e-12,5.881076194927759e-17,1.930174216606225e-79,7.921240636609418e-09,1.425896916681594e-16
0.004431889426516767,0.9955681033239152,1.6139120725117837e-12,2.25936531014564e-12,3.683349332433412e-12,4.452237723816349e-12,2.4435464984691673e-17,8.019740414559217e-80,7.23755914091484e-09,5.924503099256219e-17
3.999139759739102e-30,4.692938900609902e-48,0.15691097971810253,0.07670354883897759,0.6556412544519733,0.11074421699094547,2.9082441188754042e-67,1.2158506986613562e-69,1.204255017534125e-15,1.8817175960889635e-74
0.0047509891890874486,0.9952490040414496,4.092874582915154e-12,3.3699315226985525e-12,9.50843504980341e-12,7.147093295909966e-12,9.909182332139701e-17,3.252202083983034e-79,6.745344523087492e-09,2.402531792038875e-16
0.004886895607329738,0.9951130982364877,2.21213815873326e-12,2.5574346299941678e-12,5.281303512544494e-12,4.714568703093e-12,3.540277503322923e-17,1.1619220893905118e-79,6.141416875167531e-09,8.583583336028372e-17
0.0035872831824479054,0.9964127075188285,2.563929858073659e-12,2.4805906122704537e-12,8.15168582232135e-12,4.578082293084993e-12,4.263142969160618e-17,1.3991671513719126e-79,9.2809494197371e-09,1.0336207531669738e-16
0.006370361150418965,0.993629633248524,7.075149787176236e-13,1.4446550337494369e-12,2.154754332430245e-12,2.830462661052938e-13,1.1004634603756733e-17,3.611730441349912e-80,5.596466827206426e-09,2.6681297758754808e-17
0.006143370726160183,0.9938566230458874,9.416014462800607e-13,2.7080404184634085e-12,2.557322822913034e-12,5.278146558126589e-13,1.3872583957261671e-17,4.552993859554959e-80,6.221217619991924e-09,3.3634787212745556e-17
0.006123355226944041,0.9938766385393671,2.096133448542778e-12,4.557870037897572e-12,5.11579884436881e-12,1.134080882093118e-12,3.581511219421851e-17,1.1754550312967e-79,6.220784628785501e-09,8.683556593120236e-17
0.006442312859783665,0.9935576829567646,6.839506191164006e-13,1.4600644657056035e-12,1.6456117198257357e-12,8.993749544611507e-13,8.823953230392001e-18,2.8960289564793334e-80,4.17876283997236e-09,2.1394124549592317e-17
0.005972635862086561,0.9940273592899923,1.162295101449846e-12,1.6461816037295533e-12,2.2506065279918503e-12,4.298170498666365e-12,1.5603140884817738e-17,5.120964118500128e-80,4.838563886487749e-09,3.7830610739428025e-17
0.008312120720275205,0.9916878738390794,2.255787105246598e-12,4.713058358148004e-12,8.79117508420009e-12,3.588659339676842e-13,6.766798131229623e-17,2.2208689084320108e-79,5.424526272183991e-09,1.6406447142592974e-16
0.00266816446555852,0.9973318263181803,4.1694846607170896e-13,6.29596154229862e-13,1.1471038043537698e-12,4.439045379853745e-13,5.382321913217385e-18,1.766482631264337e-80,9.213623795282298e-09,1.3049713936792643e-17
0.004644042227431811,0.9953559512232502,1.823601082312338e-12,2.111427897312252e-12,3.70173534971755e-12,4.601305128979301e-12,3.0753768569626504e-17,1.0093413031703398e-79,6.537080202155021e-09,7.456408022534088e-17
0.003655232160406845,0.9963447582271661,2.35033149960399e-12,2.2598549249098227e-12,6.161833929510295e-12,4.793073701630809e-12,3.8424268133302064e-17,1.261087751866959e-79,9.596861756387829e-09,9.316159763392875e-17
0.0038811360706843454,0.9961188550272888,2.8192849034246765e-12,2.2355300955951363e-12,7.842398028050223e-12,5.235302650826607e-12,5.169164729258014e-17,1.696524265074455e-79,8.883894114582339e-09,1.253290349719059e-16
0.003812813570579845,0.9961871776041888,3.4799369378026003e-12,2.6448356365369753e-12,1.050058095845703e-11,5.776355868138634e-12,6.596370530779685e-17,2.1649344243611316e-79,8.802829220839581e-09,1.5993236748188328e-16
0.004446670890234267,0.9955533215436974,2.305271012718722e-12,1.7585730524622523e-12,4.387090625431867e-12,8.431092936874898e-12,4.845564283275022e-17,1.5903183278251414e-79,7.549186110725973e-09,1.174831773917617e-16
0.004462555962859866,0.995537437160254,2.1770071687247157e-12,2.2480468103161245e-12,4.5810833782550474e-12,5.0205389812563015e-12,3.7640800802736054e-17,1.2353742875447175e-79,6.8628592437896535e-09,9.126204109303557e-17
0.005323257935665209,0.994676736525208,1.950811077312749e-12,2.6899251050893225e-12,4.265053238467917e-12,4.519325988707281e-12,2.8291239805687614e-17,9.285208978323435e-80,5.5257016553504045e-09,6.859355354480691e-17
0.004517510905066326,0.9954824814559616,1.5254138082294206e-12,1.916848986913429e-12,3.026153874443563e-12,4.304098173530404e-12,2.5369649014637527e-17,8.326340415048575e-80,7.628199684406092e-09,6.151000784821741e-17
0.007832039698441146,0.9921679548402088,2.2350471568316494e-12,5.12212998302392e-12,6.965484076871986e-12,4.332270116740116e-13,5.775163907347242e-17,1.895413710641811e-79,5.446593968223053e-09,1.4002179392534394e-16
0.005854687164214929,0.9941453082507575,8.783178496327447e-13,1.656872212086804e-12,1.834202784720827e-12,2.8750144981546474e-12,1.1277937204694835e-17,3.7014285877565336e-80,4.577782997225032e-09,2.734393384944089e-17
0.004108766259454146,0.9958912266822016,1.8416358299280564e-12,2.0286954194935926e-12,4.844352688970042e-12,3.840091667635945e-12,2.782218283282092e-17,9.131264082725612e-80,7.045789489945549e-09,6.745630102562997e-17
0.00609266856310708,0.9939073263030215,1.811401974915084e-12,2.3655796995586413e-12,3.809490238745028e-12,5.32419061700159e-12,2.455293481582878e-17,8.05829409582641e-80,5.120560569064243e-09,5.952984245693582e-17
0.005358959975496262,0.9946410346840203,1.714994006462437e-12,2.1358603052641127e-12,3.4652077374517653e-12,4.987835229457704e-12,2.1534054204150107e-17,7.067494913028301e-80,5.328179574005817e-09,5.221041249362501e-17
0.004096468784575333,0.9959035232604934,2.549425586773731e-12,1.830074949007073e-12,6.812717164548893e-12,6.215261997795476e-12,4.351334277344779e-17,1.4281116135947623e-79,7.937523840645195e-09,1.0550031852776114e-16
0.004856483001232429,0.9951435108481931,2.202334449502161e-12,2.291558186500235e-12,4.608943439926963e-12,5.2380640860810665e-12,2.9901510812086975e-17,9.81370129165154e-80,6.136233690590066e-09,7.249773772267712e-17
4.395023520575682e-31,5.157503385215696e-49,0.007217977574458781,0.9749638665887054,0.014081618912509256,0.003736536924326325,3.196137688087993e-68,7.362510305862557e-71,1.3234669065876936e-16,2.067993016185976e-75
0.0036589130216408586,0.9963410805626074,8.20715819400339e-13,1.3316635499636762e-12,2.087824435670014e-12,1.9194443745988536e-12,1.0716709312849818e-17,3.51723311488819e-80,6.4095922519947385e-09,2.5983208201116536e-17
0.008720230874328732,0.9912797637451377,2.341082729681239e-12,6.036601505257819e-12,8.9092068192669e-12,3.413326737498526e-13,7.762804673143722e-17,2.5477591041360597e-79,5.362905057196421e-09,1.882131579521521e-16
0.005380113602695553,0.9946198795707516,1.4524045310865734e-12,5.0376570390320884e-12,3.4050781171123187e-12,1.7158937201168883e-12,2.1037892066962053e-17,6.90465408304723e-80,6.814941513353895e-09,5.100744213746692e-17
0.008154161203340213,0.9918458327381513,2.610111512936741e-12,1.1434800837455399e-11,3.291317986337396e-11,2.490929791630972e-13,3.1126480300717423e-16,1.0215737463710956e-78,6.011300138366813e-09,7.546773950267523e-16
0.005024621655380778,0.9949753705104204,2.7439514725173703e-12,9.310885587722218e-12,6.7823533053291e-12,4.300072017627701e-12,4.576456798036611e-17,1.5019970185626056e-79,7.811061288500774e-09,1.1095852897687091e-16
0.0037589317623587105,0.9962410586528139,1.965379527383633e-12,2.3310218821633253e-12,5.012642270314921e-12,4.164935363103816e-12,2.994281542998535e-17,9.827257518522939e-80,9.571353559819864e-09,7.259788301112111e-17
0.004846786563609877,0.9951532059788113,1.7104824215973374e-12,4.386135290731132e-12,3.9960205310101215e-12,3.5847037295691304e-12,2.4910524343952202e-17,8.17565529817746e-80,7.44390146639663e-09,6.039683662057441e-17
0.005234824362307149,0.9947651687964436,3.4325769740269446e-12,1.9124194501378077e-12,5.1039977384487e-12,1.8255564873227326e-11,1.2514234600862197e-16,4.1071824906100113e-79,6.812544506441874e-09,3.0341400204104817e-16
0.005437269644604078,0.9945627246579037,2.00054220533574e-12,2.5926308910272554e-12,4.42233250907955e-12,6.105542384429538e-12,2.918640574373364e-17,9.579003207675816e-80,5.6823710744451864e-09,7.076392907252387e-17
0.0038844662469217244,0.9961155253608291,2.689868512991264e-12,2.6099408543513115e-12,7.997776642749669e-12,4.689634361983206e-12,5.267315087879715e-17,1.7287372972705096e-79,8.374261752332963e-09,1.2770874050103402e-16
0.004003545465813057,0.9959964452099476,1.4592041510564406e-12,3.1581348606964453e-12,4.034815397307373e-12,2.8825673075337893e-12,2.0516528830154956e-17,6.733542225992514e-80,9.312704931169486e-09,4.974337040299779e-17
0.00368845914084092,0.9963115307911246,2.066945562713885e-12,2.6630374272334014e-12,6.2744208583972515e-12,3.835787397231311e-12,3.1604188161682644e-17,1.0372521458553158e-79,1.005319429039237e-08,7.662596589874192e-17
0.0037920024186241666,0.9962079867936064,1.279181524883426e-12,2.238263281211487e-12,4.209072412593131e-12,8.327393028880612e-13,2.009879300423251e-17,6.596440969849725e-80,1.0779210224095046e-08,4.87305485736107e-17
0.0037849460676272007,0.9962150455185698,1.7947517147638457e-12,2.1999101179500666e-12,5.175378135055771e-12,3.4082715480662146e-12,2.942911299364754e-17,9.658659934600618e-80,8.401224772732589e-09,7.135238519258696e-17
0.0034446946817881033,0.9965552973439142,1.1666203315941828e-12,1.2929490370824454e-12,3.0562995892134808e-12,3.1965256210163214e-12,1.546217531212652e-17,5.074699095656593e-80,7.965585442295932e-09,3.748883251895238e-17
0.007807405530690078,0.992192590215523,1.1505310168209731e-12,2.035082421135015e-12,2.526093986497682e-12,1.5972152917918103e-12,1.4772576143118107e-17,4.8483720567351435e-80,4.246478065335539e-09,3.5816864124414574e-17
0.004262179657119758,0.9957378114746483,3.0050721215119408e-12,3.8134085727100345e-12,7.89706664972561e-12,4.74792717372381e-12,4.980617117746514e-17,1.6346427790305338e-79,8.848768187117176e-09,1.2075760202396275e-16
0.0051796714717985025,0.9948203226634386,1.6389103129463693e-12,1.8251485819509067e-12,3.765346703493564e-12,3.677724943570133e-12,2.4119407823878203e-17,7.916010175958093e-80,5.8538558275187565e-09,5.847873420732389e-17
0.007349793911269421,0.9926502000404392,1.9445920785403357e-12,6.150429921934748e-12,6.037019722600279e-12,4.556372645066194e-13,4.4201117458578434e-17,1.4506844387695654e-79,6.0337034936705465e-09,1.0716786337738875e-16
0.004100798330084089,0.995899194792376,1.5253206684370194e-12,1.5367430099012008e-12,3.5628371289238505e-12,4.575919938657088e-12,2.0734160465837568e-17,6.804969111524788e-80,6.866339029926392e-09,5.0271029371364135e-17
0.00447999085588852,0.9955200024164526,8.317106820281441e-13,1.3397746947612848e-12,2.1163009950603657e-12,5.41778052198922e-13,1.1611049948990072e-17,3.810756473549816e-80,6.722829233875458e-09,2.8151582686327735e-17
0.004479809932252357,0.9955201831072558,1.408960408091304e-12,1.4538081255591054e-12,2.9423669170301947e-12,3.0202409490175326e-12,2.3853409239345612e-17,7.82870922615106e-80,6.951666427864619e-09,5.783380716259438e-17
0.003769622540511061,0.9962303674910482,1.2166167421219323e-12,2.2561830378070455e-12,3.7090782157156436e-12,1.4609658324389762e-12,1.7843389536473545e-17,5.8562156316313004e-80,9.959797969635005e-09,4.326220784806617e-17
0.004965439867588188,0.9950345546699614,1.4271907318354172e-12,1.7492726287799347e-12,3.118300967471969e-12,4.118031741573782e-12,1.7577746507544818e-17,5.7690313594752736e-80,5.452037735272806e-09,4.2618142736031273e-17
0.0061900481167989595,0.9938099468716071,1.0321415680523624e-12,1.5291424476228753e-12,2.5566701845101803e-12,6.75540535461184e-13,1.4247434073077358e-17,4.676019983289086e-80,5.0058005145465025e-09,3.4543630406092796e-17
0.008443713915266937,0.9915562801993862,1.850665387219749e-12,5.2246890907722816e-12,1.1126303966956322e-11,2.370139022915479e-13,6.750868953168443e-17,2.2156409394143924e-79,5.866908046717948e-09,1.6367826045725319e-16
0.0035957041972671344,0.9964042900953857,6.283703818095958e-13,8.942192122289491e-13,1.648891380411117e-12,1.740462306286917e-12,7.601344429938387e-18,2.494767708587046e-80,5.7024352427051315e-09,1.8429847176656273e-17
0.007130872929738343,0.9928691221044075,2.5615223941670866e-12,3.627687197652893e-12,4.8988002186165255e-12,2.1677857286579554e-12,3.887357015833698e-17,1.2758338802253309e-79,4.952598285118721e-09,9.425095307326324e-17
0.0054216721246119716,0.9945783215426645,3.284085493249644e-12,2.5652490623737904e-12,6.43034024554191e-12,9.929186868765426e-12,6.700801821289247e-17,2.1992088645792638e-79,6.310514195304528e-09,1.6246435740489787e-16
0.006049492636484697,0.9939505026786932,1.16517829128233e-12,1.6994157675562457e-12,2.3667687853367633e-12,4.053376869941686e-12,1.4864461886488475e-17,4.878529040270117e-80,4.67553707819445e-09,3.603964582507964e-17
0.004162331597461924,0.9958376594482878,1.6983671259890135e-12,3.3297967795573645e-12,4.800362713234038e-12,3.1891119124083855e-12,2.5307023151652823e-17,8.30578653981183e-80,8.941232416747527e-09,6.135816817831856e-17
0.003986526758202134,0.9960134655529345,1.7851158351706333e-12,1.639403509926534e-12,4.0665873152229825e-12,5.469620318528523e-12,2.862897033781844e-17,9.396052441913054e-80,7.675902845628513e-09,6.941239857156784e-17
0.004832338472051156,0.9951676555464105,1.450347737502733e-12,2.1304241683223996e-12,2.9712146600843463e-12,3.659239413404559e-12,2.1661053229380024e-17,7.109176108415773e-80,5.9713269765249775e-09,5.2518328150234606e-17
0.00438872477856214,0.9956112694159194,1.0841839391731773e-12,1.2994666602491862e-12,2.6602968676557914e-12,3.1100572234007676e-12,1.3420647665960321e-17,4.4046679818758975e-80,5.797364478220168e-09,3.253904461232948e-17
0.008146742053672402,0.9918532524651006,2.630366688363103e-12,5.55923035619902e-12,1.038071953508336e-11,3.904087797463809e-13,8.899544862903524e-17,2.920838202344711e-79,5.462265758358503e-09,2.1577400352052657e-16
0.004198314496804792,0.9958016793270633,9.611738877194033e-13,1.244364544467135e-12,2.3095424295860146e-12,2.0951244011859526e-12,1.3659770278866175e-17,4.4831482305656326e-80,6.169521507975553e-09,3.3118809601768447e-17
0.0046085685999903035,0.9953914252494008,7.272359216109929e-13,1.2505828235268686e-12,1.8748714801212053e-12,6.422622093310339e-13,9.75102899288413e-18,3.2002960116127866e-80,6.146113748745556e-09,2.364186702038605e-17
0.008218590585437037,0.9917814035577969,2.538811560571669e-12,9.548010125663936e-12,1.611805010935391e-11,2.847275263887843e-13,1.4751160517743029e-16,4.8413434592278117e-79,5.828276021080637e-09,3.5764941006622257e-16
0.005585027102844104,0.9944149680736588,1.1379408576640551e-12,2.166135272570184e-12,2.5547585919923015e-12,3.1366021986106886e-12,1.455391331576997e-17,4.7766067321639054e-80,4.8145015466256204e-09,3.5286704962121646e-17
0.00395211130925151,0.9960478827000038,8.100402379023789e-13,1.1500193992292493e-12,2.1548502405189475e-12,1.6300350609289081e-12,1.0696592554550316e-17,3.510630777483938e-80,5.985000031831053e-09,2.5934434092860936e-17
0.009838246846947672,0.990161748172498,1.471300633130248e-12,3.2323380547193716e-12,5.293638368747567e-12,3.025491998795645e-13,3.1243690305900826e-17,1.0254205741942586e-79,4.9702541465924195e-09,7.575192031003836e-17
0.008289895592002263,0.9917100990575318,1.1828843194748596e-12,3.678564121101432e-12,3.5390019640060133e-12,3.161650494810379e-13,2.2769400914514465e-17,7.472936758157304e-80,5.3417493749468295e-09,5.5205573602656397e-17
0.010122541473406792,0.989877454467374,5.617255163154919e-13,1.1897663613469553e-12,1.5574812032635153e-12,2.774527139229988e-13,8.043904144864966e-18,2.64001618315212e-80,4.055632884061221e-09,1.9502855767357968e-17
0.00450422232315292,0.9954957710248211,1.929006491855856e-12,1.8830813591981297e-12,4.698637937986605e-12,2.066050075383736e-12,2.7478729763424592e-17,9.01854248777384e-80,6.641449159116209e-09,6.662358151305904e-17
0.006250261418081724,0.9937497335909855,1.9284373151825147e-12,2.957447915169785e-12,3.983921516079869e-12,5.147487037449817e-12,2.5611842749015823e-17,8.405828578485953e-80,4.976915540507393e-09,6.209721871869936e-17
0.006301391024968977,0.993698604191181,1.4698027879737908e-12,2.1602324256952487e-12,3.151160161136606e-12,4.664884162671434e-12,1.879810255125684e-17,6.169553251693772e-80,4.7724039416183925e-09,4.5576958188282174e-17
0.004683122013184079,0.995316869486192,3.7028789487928e-12,5.1321197697657804e-12,1.2713475653614678e-11,1.6269051486769024e-12,9.022643622819607e-17,2.9612393246369737e-79,8.47744791208761e-09,2.1875859632277102e-16
0.005831258964371314,0.9941687372223486,4.4756330880762655e-13,7.734318587110925e-13,1.0840003336613557e-12,6.402175218765593e-13,5.703274358913978e-18,1.871819496931596e-80,3.810334760646087e-09,1.3827879504144139e-17
0.003977093556731773,0.9960228972967888,2.62373434545331e-12,2.5376111449860665e-12,7.62603846481597e-12,4.877653944762591e-12,4.757007759558123e-17,1.561253997047446e-79,9.12881408843857e-09,1.1533607908817395e-16
0.006032245264862179,0.9939677490604958,2.646344999220385e-12,2.9112388660770292e-12,6.0791811229573225e-12,1.8892648327651006e-12,4.888366112801198e-17,1.6043659200282642e-79,5.661115552023934e-09,1.1852092924196054e-16
0.006032245264862179,0.9939677490604958,2.646344999220385e-12,2.9112388660770292e-12,6.0791811229573225e-12,1.8892648327651006e-12,4.888366112801198e-17,1.6043659200282642e-79,5.661115552023934e-09,1.1852092924196054e-16
0.0028051977839479935,0.9971947964278997,3.9263157163084224e-13,6.749931425696349e-13,1.0731464362910609e-12,1.0543982026542188e-12,4.76548379927746e-18,1.564035837100979e-80,5.784956922904253e-09,1.1554158472575966e-17
0.009583900245758569,0.9904160945684788,1.3428033135556864e-12,3.0617705599499957e-12,5.592290213348874e-12,2.4530752565165316e-13,2.995266046025298e-17,9.830488649988907e-80,5.175520523151187e-09,7.262175263097455e-17
0.003958831356482315,0.9960411620093027,9.419064663245626e-13,1.1209687062586717e-12,2.615554478445333e-12,1.915696887583043e-12,1.2649068997791715e-17,4.1514352066515905e-80,6.627621027608859e-09,3.066831278981967e-17
0.005436662282312388,0.9945633320920169,2.110897431489326e-12,2.3895718746394488e-12,4.7142911709149245e-12,5.1067606345843486e-12,3.0323065852038706e-17,9.952056011999295e-80,5.611349316843957e-09,7.351981938293963e-17
0.004985846090052016,0.9950141488146685,1.0368497927634208e-12,1.875147268574654e-12,2.3449979867482506e-12,2.6063480343364617e-12,1.3685827971506836e-17,4.491700384941245e-80,5.0874161034961655e-09,3.318198778693506e-17
0.004843890616514011,0.9951561029932365,2.7536368787838252e-12,3.322885329989556e-12,5.949059715527253e-12,5.269904044415667e-12,4.632916037868664e-17,1.5205269874813638e-79,6.372953815706754e-09,1.1232741187763742e-16
0.007024415903830829,0.992975577979807,1.8249546537878318e-12,5.4646354652962726e-12,6.817540590627501e-12,3.540490904579001e-13,4.806232061570184e-17,1.577409454885964e-79,6.1019007303840566e-09,1.1652954729973772e-16
0.006237589110057164,0.9937624049245577,2.8686677021989712e-12,4.2780472703620815e-12,9.405537621030186e-12,6.211402149119319e-13,8.550238360684352e-17,2.806195510969869e-79,5.9482112547089035e-09,2.07304889263213e-16
0.008768559809651561,0.9912314358274945,1.1531581702168189e-12,2.3004178064556963e-12,2.611021357523943e-12,6.548616204726362e-13,1.6142633872243583e-17,5.2980261702506264e-80,4.356134475286434e-09,3.913863895727069e-17
0.0034068210519601263,0.996593171193294,9.930329415167973e-13,1.2157766578111055e-12,2.4262976990726136e-12,2.5232256953938947e-12,1.3385700039674449e-17,4.39319814444763e-80,7.747587318645194e-09,3.24543123320818e-17
0.0033560747803874046,0.9966439176988657,9.181544000879513e-13,1.4810375260801615e-12,2.5297309184675613e-12,2.2694646816906994e-12,1.2257856375128398e-17,4.0230388926984155e-80,7.513548655586425e-09,2.971979784899306e-17
0.006514659890787928,0.9934853349558678,2.932539578038542e-12,3.580547150578275e-12,5.356684864012283e-12,4.0798697162508e-12,4.243577343411585e-17,1.392745694859681e-79,5.137394584506283e-09,1.0288769655837534e-16
0.004216062268257321,0.9957839293847678,2.5055218269892157e-12,3.147116341940117e-12,6.162049637564394e-12,4.344230581160924e-12,3.8510849532084926e-17,1.2639293599995167e-79,8.330815790714639e-09,9.337151858878136e-17
2.072912368864352e-30,2.4325359146822076e-48,0.3818156514018364,0.1403865245723627,0.3107633112907252,0.16703451273507505,1.5074579954382814e-67,6.302235238990282e-70,6.242130235719247e-16,9.753686827631602e-75
0.0072461049114340426,0.992753889911804,2.1671424742187637e-12,4.368028088745049e-12,4.57821434456791e-12,1.1455138788939429e-12,3.4719675110076434e-17,1.1395026914902052e-79,5.164502739087727e-09,8.417962274175986e-17
0.006095905496503142,0.993904089050862,1.2896071560574646e-12,3.454930996166556e-12,3.0287868306228045e-12,1.16406647189973e-12,1.853569861247966e-17,6.083432055662597e-80,5.443697330602822e-09,4.4940746464445e-17
0.006764888150293747,0.9932351072752919,1.4206073954201248e-12,2.5359279377327553e-12,2.7773955303302235e-12,4.518490143989261e-12,1.802910614944443e-17,5.917167978782227e-80,4.563161895158432e-09,4.371248720351325e-17
0.005354884681406124,0.9946451079746503,3.794598507755965e-12,1.034628225144534e-11,8.516280243367822e-12,5.641998527599887e-12,7.357791717421014e-17,2.4148335108126486e-79,7.315644117301583e-09,1.7839341270964795e-16
0.005916994093966748,0.9940830002849584,4.023455231532692e-12,3.9087486787610625e-12,7.1003124948049595e-12,1.1094636810123568e-11,6.954108373307111e-17,2.2823442888759203e-79,5.594947395140553e-09,1.686059037661604e-16
0.0053996509192915584,0.994600344320449,9.370534846449362e-13,1.4803032680120272e-12,2.0987590899913122e-12,2.9244625188964274e-12,1.2067518400938485e-17,3.9605698072555865e-80,4.752819091227084e-09,2.925831371445636e-17
