i = 0,i = 1,i = 2,i = 3,i = 4,i = 5,i = 6,i = 7,i = 8,i = 9
0.03747282888267333,0.49737231804785004,2.1087226078694484e-12,5.552749029040742e-08,5.151467613036695e-11,1.2689560696434447e-08,1.3182915504110771e-20,1.507013322418194e-08,3.293001060752173e-08,0.4651547367986584
0.03997962668837235,0.5025413992427403,2.3658733572338098e-12,6.028960809764764e-08,5.6654626400759495e-11,1.359030662594256e-08,1.449825960180876e-20,1.6591032586531203e-08,3.557723269154556e-08,0.4574788479616867
0.03835095234066792,0.4950529226697269,2.65850314222831e-12,6.992115418159887e-08,6.451823550210864e-11,1.596527923286234e-08,1.6510604440792637e-20,1.8201357776976507e-08,3.9972480244974405e-08,0.46659598086215703
0.05269866217715418,0.5223215805538791,2.4137122807754788e-12,6.00358416149638e-08,5.847950011438603e-11,1.3813216977917829e-08,1.4965255837242075e-20,1.785753466422751e-08,3.845657411062272e-08,0.42497962704490605
0.04767400866214325,0.493025050812314,3.405971350252945e-12,9.772873648547091e-08,1.002274344248623e-10,2.0191765580119496e-08,2.5648803907077108e-20,2.215867928605537e-08,5.323775086859376e-08,0.4593007471049771
4.746193974876129e-86,2.916098948358786e-54,5.5385258282077616e-05,6.581320284137234e-65,7.340962631905889e-84,3.2723780673144114e-58,2.9901695926775906e-71,0.2815207063993282,0.7184239083423899,1.445939129764624e-91
0.04608116017738393,0.4825625139144267,4.857165315016363e-12,1.5707317818087142e-07,1.670950365390106e-10,3.070159413868648e-08,4.276062615422256e-20,2.837132237325763e-08,7.38877496411144e-08,0.47135603570239276
0.08777375005196586,0.5364943348780805,1.2422968814738902e-12,7.109616209247413e-08,7.541966666381438e-11,1.6685237323224626e-08,1.9300346534853214e-20,1.8819819673428632e-08,4.490080229136513e-08,0.37573176349127024
0.049356657233044915,0.5136674544683629,3.0852380791898265e-12,8.027316542901616e-08,8.633903027549406e-11,1.8649752027262108e-08,2.2094677497423154e-20,2.1833834410653596e-08,4.8941589259385735e-08,0.4369757185108267
0.08311154712349211,0.5250754586699447,2.4001717644207397e-12,9.628000334698076e-08,1.0330390297210749e-10,2.1014219903083628e-08,2.6436090572356662e-20,2.3359110655515135e-08,5.519423183747709e-08,0.3918127982532933
0.08298585663968469,0.5443108141522124,1.2032408661400088e-12,3.4694729674984975e-08,3.3778259897547596e-11,7.942848238979199e-09,8.64405986608527e-21,1.119637650201487e-08,2.346380389947268e-08,0.3727032518753631
0.09212831348376756,0.5342989232867705,1.6144910036241322e-12,5.571432739097448e-08,5.683570683300619e-11,1.2545501683804843e-08,1.4544599296044908e-20,1.615797348638386e-08,3.564153391995932e-08,0.3735726431116752
0.05973454175426039,0.5269658886151055,1.8311344213457396e-12,4.7018443542360944e-08,4.7103126144033974e-11,1.0659426198156482e-08,1.2053973334268771e-20,1.4608645569005317e-08,3.097451402351002e-08,0.4132994663206706
0.04316222242161994,0.4964312958324919,2.9238415123192015e-12,7.830969922417464e-08,7.693062727425417e-11,1.7196852821473243e-08,1.9687010341323346e-20,2.0081137284220314e-08,4.569817823035633e-08,0.46040632038016627
0.03643827318670042,0.4962087631236726,2.225748732143424e-12,6.135864599090811e-08,5.7448670177257794e-11,1.402820975988782e-08,1.470146036406024e-20,1.5747978124012333e-08,3.485247871972018e-08,0.46735283764263985
0.059386319552643,0.5335450563239365,1.66013131905975e-12,3.999636470617126e-08,3.8219641572369865e-11,9.074992715301026e-09,9.780636189534183e-21,1.2794556018342441e-08,2.6870741489154906e-08,0.4070685353468858
0.1765946898696599,0.5149388928430674,6.892952468834504e-13,6.697646954227343e-08,7.096116768768082e-11,1.5492425403051258e-08,1.8159389798866063e-20,1.6234040305626863e-08,4.272215576961453e-08,0.30846627579053126
0.048656285459674035,0.5192156831431606,1.42038081305634e-12,3.9355859523006624e-08,3.734446821177254e-11,9.173099330485451e-09,9.5566740207556e-21,1.2098269768345398e-08,2.5907543277007206e-08,0.43212794482362865
0.06281289444778433,0.5407050065547758,2.1633038225086023e-12,5.241264804336744e-08,5.093465793753446e-11,1.1673236826951896e-08,1.3034485385932981e-20,1.5821875207346195e-08,3.349136792409454e-08,0.3964819855452139
0.032609962613738636,0.4948358683782851,1.4924197335654194e-12,3.9122737910678306e-08,3.6557115712601e-11,9.298551117485697e-09,9.355185750895354e-21,1.1841184856253552e-08,2.485461863789031e-08,0.4725540838528342
0.06152763261351897,0.5437837886755332,1.4823561759926353e-12,3.542805766317291e-08,3.3708593846184216e-11,8.031050123239433e-09,8.626231926199411e-21,1.1541675819184267e-08,2.3874087543491716e-08,0.3946884998008858
0.04748496288978696,0.5524565842352297,9.318935251129253e-13,2.1917751415597544e-08,2.070329502101014e-11,5.097587051439594e-09,5.298097709999112e-21,7.697837160080368e-09,1.5411857211885044e-08,0.4000584027283154
0.03855174787036782,0.4885485852103619,3.683486045182017e-12,1.0886364663409555e-07,1.0277310492319955e-10,2.3830472102776682e-08,2.630025576140383e-20,2.2483314058541353e-08,5.227334547407156e-08,0.47289945936203537
0.053619682941405136,0.5226410190432254,1.972027714512228e-12,4.87105714993984e-08,4.681047882472169e-11,1.1142285284323898e-08,1.1979083097138314e-20,1.511694482979974e-08,3.1953110573592e-08,0.4237391910436748
0.05311236783692201,0.5202919858063769,2.3669714881520756e-12,6.212399105468526e-08,6.060386796224931e-11,1.4197244793167553e-08,1.5508894431852786e-20,1.800289292883915e-08,3.90558102041214e-08,0.4265955129137913
0.04120250424745628,0.4850465854413251,2.9087671796783113e-12,7.959867697066392e-08,7.949988159398854e-11,1.746248283035351e-08,2.0344498064812356e-20,2.0216959750145092e-08,4.683616993547249e-08,0.47375074611452045
0.054197648916024584,0.520179657833133,2.0902191787332897e-12,6.783260777646737e-08,6.674480307207056e-11,1.5638476979242264e-08,1.70803966867308e-20,1.821239073538094e-08,4.084651632924595e-08,0.4256225506520156
0.04790088476413477,0.5266914688357975,1.9805608597527125e-12,4.7655179618061386e-08,4.695993679319791e-11,1.1265093766444074e-08,1.2017330297188588e-20,1.5245182956074288e-08,3.1926574548069964e-08,0.4254075402590962
0.038943939753128584,0.5006575301517614,3.078057001519677e-12,8.03863932409366e-08,7.643030145975085e-11,1.823114631692824e-08,1.9558973862122802e-20,2.0225152528360815e-08,4.457897140359097e-08,0.46039836659393807
0.05200355976692409,0.5032113079847866,5.268160939712823e-12,3.4807724909401807e-07,3.823338448875565e-10,5.97270560651727e-08,9.784153287258793e-20,3.623184333581402e-08,9.863308051181392e-08,0.4447845891914582
0.06225817331069276,0.5179665436909844,1.5028469591118368e-12,7.648300261436616e-08,7.632503409727005e-11,1.756667363513645e-08,1.9532035416952872e-20,1.827864360989982e-08,4.414836944729458e-08,0.4197751264438057
0.05125911038640586,0.48484687062819076,7.516024022825114e-12,3.1527545906622643e-07,3.95265854791474e-10,5.083118068028608e-08,1.011509181286408e-19,3.6490831237173707e-08,1.0714562076613829e-07,0.4638935088395298
0.12058985229706921,0.5355545834719627,9.431155735327888e-13,1.3874134276971698e-07,1.7122970943502645e-10,3.2364535382348144e-08,4.381871344179292e-20,2.7198482686694224e-08,8.075154010943666e-08,0.34385528500289425
0.0477307333941899,0.5019976408446728,2.767482612128645e-12,7.124247289400503e-08,7.080187275937759e-11,1.535140558294016e-08,1.811862524660977e-20,1.8895655987274116e-08,4.193703488416114e-08,0.4502714782609987
0.04559455514076806,0.49984198132144214,5.906710504830024e-12,2.1174909022678546e-07,2.0958380959429749e-10,4.06335917639958e-08,5.3633759167200666e-20,3.0429194689389935e-08,7.640451564061522e-08,0.45456310410590695
0.042461394999062,0.4979367900297579,4.5781904739774216e-12,1.5288708161263888e-07,1.4999952063469106e-10,3.1208794833055076e-08,3.8385780842649176e-20,2.640067092106189e-08,6.434990292854522e-08,0.4596015399701522
0.037842448765617986,0.4861523254210892,3.030801844239599e-12,9.110439503573434e-08,8.520895128977978e-11,2.04641940929188e-08,2.1805483042992845e-20,2.0376604081487627e-08,4.654855303102797e-08,0.47600504723130677
0.07262305582594183,0.5299993959359942,1.9690981703968517e-12,5.482768326281223e-08,5.506381010219271e-11,1.245582588178168e-08,1.4091160273726342e-20,1.642230358851937e-08,3.5404644992403174e-08,0.3973774290705732
0.034205391341240045,0.4736852840012388,2.261550899586259e-12,6.25261158650789e-08,6.03353386580346e-11,1.4204091793194855e-08,1.544017613582317e-20,1.6132671175158563e-08,3.6503532285772985e-08,0.49210919522851315
0.026956989139801314,0.4818530732500982,1.1676544785990862e-12,2.815079076946242e-08,2.6490313400925897e-11,6.7649555115123015e-09,6.779030496241743e-21,9.531519643036106e-09,1.9382210581313473e-08,0.49118987375296597
0.04649750972290378,0.49675591613038766,6.567305809503555e-12,2.2937364249952256e-07,2.2733185934469906e-10,4.427893965065592e-08,5.817559063363578e-20,3.240916569980829e-08,8.138629777073274e-08,0.45674618646476384
0.04600959586114447,0.4961864029745614,7.39128761161617e-12,2.570890968905777e-07,2.538173529325605e-10,4.72919015046684e-08,6.495338792198404e-20,3.445346652960393e-08,8.72275093861092e-08,0.4578035748411112
0.04611703103499044,0.49838961051118924,5.06357117710908e-12,1.6960132401647717e-07,1.696427205202083e-10,3.5394897670640484e-08,4.341259315726482e-20,2.9229192765775913e-08,7.159669013645984e-08,0.45549305245700955
0.04798189333652083,0.5091938489846269,2.0506258784048238e-12,5.461428411923828e-08,5.3472777373311985e-11,1.2477992074268024e-08,1.368400540274886e-20,1.5102998553731288e-08,3.3061251543152755e-08,0.4428241423668025
0.084519275375728,0.5321822521613674,2.244159968227442e-12,6.236254747853008e-08,6.265031492505497e-11,1.3444559524501008e-08,1.6032592604357584e-20,1.72349528786766e-08,3.781286633460007e-08,0.38329834154308395
0.08339322600930255,0.5361381314970439,1.3314729874774958e-12,9.965902727557828e-08,1.0873750620437641e-10,2.187487822812887e-08,2.782658240897187e-20,2.1976773406065133e-08,5.62745986805931e-08,0.380468442598307
0.052564723235101446,0.5087899015767319,3.380063960199621e-12,2.423017983072959e-07,2.7540158708119e-10,4.5905263316918715e-08,7.047692717188973e-20,3.1986404145795323e-08,8.697854850925784e-08,0.4386449677373708
0.04529184036424976,0.5478763474336988,1.2034627718115295e-12,2.8816786245332684e-08,2.753148270828783e-11,6.63516436635743e-09,7.04547204806593e-21,9.65903320859538e-09,1.9707936124287185e-08,0.4068317473543966
0.042737413884287416,0.4988630154723977,3.953964627437279e-12,1.1584986888116149e-07,1.1142267577164433e-10,2.5532707061898832e-08,2.851373303762962e-20,2.5030158805235627e-08,5.7816073126455554e-08,0.4583993462991304
0.06768609111336317,0.5162309913904921,5.229076625352615e-12,1.6563749589629335e-07,1.7959656113613134e-10,3.2077834162278216e-08,4.595984131129564e-20,2.9277219049072548e-08,7.271661302650904e-08,0.416082617602157
0.07668620344621542,0.5597105528830183,7.48016304884342e-13,2.357336829721675e-08,2.2502772483685673e-11,5.4974685391326045e-09,5.7585948051057656e-21,7.822943670888776e-09,1.6315518056261282e-08,0.363603190438217
0.18139504097974002,0.5218094127831823,6.599325966158281e-13,2.077438604905537e-07,3.3849020678635575e-10,5.2724029037443166e-08,8.662168397774118e-20,3.232138480457048e-08,1.299555458179706e-07,0.2967951231531074
0.08527648787427045,0.5370398395255018,9.24767682113118e-13,7.51797446352753e-08,8.114308514669014e-11,1.752683114906607e-08,2.076500372820322e-20,1.869242610840772e-08,4.781870702492195e-08,0.37768351330045097
0.035984650915242375,0.5248273900971582,1.267927266805234e-12,2.9715088285260692e-08,2.8695404857365614e-11,7.158456321371838e-09,7.343326684771801e-21,1.0408047643998276e-08,2.095914353975192e-08,0.43918789071690034
0.03680881152664298,0.5038325722037471,2.299364408470604e-12,6.014333707318014e-08,5.739872069480246e-11,1.3912545313716083e-08,1.4688677996872258e-20,1.641801338986053e-08,3.5581866946359694e-08,0.45935849015414915
0.038168336431688904,0.508354900690428,2.2517601056724175e-12,5.967689172008918e-08,5.739818045593353e-11,1.3776216199489565e-08,1.468853981650027e-20,1.628029927106667e-08,3.543385861735412e-08,0.45347663765096735
0.041305727098447,0.49677168217525325,3.1541234217365405e-12,8.621942609226082e-08,8.011462680703713e-11,1.9053107292902378e-08,2.0501814914303468e-20,2.0379848537482787e-08,4.629105922647273e-08,0.4619224186995899
0.03780935101739574,0.5150527740342343,1.3806164873308832e-12,3.3851744819515774e-08,3.2268778711923173e-11,7.97349349001586e-09,8.257774540901802e-21,1.1269757433841732e-08,2.3179740628659442e-08,0.4471377986399842
0.05664341537346475,0.5435447120402321,1.3541616962265936e-12,3.157096109604245e-08,3.03312556339221e-11,7.2304850586089625e-09,7.761950765753736e-21,1.0709442297546727e-08,2.169263856610832e-08,0.39981180135109073
0.0472571445271356,0.4838148822542694,5.287131189805803e-12,1.7525220907777377e-07,1.893765885484526e-10,3.3260514041707287e-08,4.8462609747184454e-20,2.9723519044465402e-08,7.851830103942322e-08,0.468927656269388
0.054493636893276166,0.5038099202669322,4.09557656589512e-12,1.1594833938199558e-07,1.2034695382184858e-10,2.3524801155588438e-08,3.07975098779577e-20,2.5605592567748966e-08,6.15802955306339e-08,0.4416962160563205
0.07502036287891213,0.5276814447850151,2.939764081819114e-12,8.52714153145425e-08,8.547292501157176e-11,1.7504407748396308e-08,2.187303611991504e-20,2.0073466737204637e-08,4.599109030255029e-08,0.39729802340728
0.2287972632839062,0.5012317619911376,4.5200005396523685e-13,5.427637589643636e-08,5.915062092143483e-11,1.3401094792328409e-08,1.5136999717868013e-20,1.3970026938323156e-08,3.8014760498750035e-08,0.2699708550030954
0.07095364293914011,0.5264728048568759,2.306892719146655e-12,7.156651189114558e-08,7.414627750194944e-11,1.6197661386294774e-08,1.897447861025135e-20,1.9746511676287646e-08,4.41045592208127e-08,0.4025734005122867
0.05311267980587722,0.5085397581655272,1.5945869541614255e-12,5.045435444986459e-08,4.814393000378775e-11,1.1533978304323158e-08,1.2320321268439296e-20,1.3848013334527894e-08,3.1145788039466155e-08,0.4383474549967228
0.0359397119349834,0.5166504675705614,6.462793304543601e-13,2.3424137437537075e-08,2.1964711644604665e-11,5.649266730396991e-09,5.620901787953969e-21,7.233808095100969e-09,1.5524056360022892e-08,0.44740976864057563
0.0712378566117912,0.5203239251240853,3.5369022841775217e-12,9.116010922842887e-08,9.330035812354407e-11,1.9415945770391784e-08,2.387612311423336e-20,2.35397374674472e-08,5.3131685323104236e-08,0.4084380309198085
0.04688168298974942,0.5232097387357373,1.6345559354925301e-12,3.907423955836749e-08,3.731657793040811e-11,9.091182401107559e-09,9.549536744711468e-21,1.2738435451698556e-08,2.6495994481775674e-08,0.42990849083571026
0.06685744514925814,0.5264480423408526,3.21159832270325e-12,8.370032110589562e-08,8.58704226088861e-11,1.8547242920697826e-08,2.1974757881096935e-20,2.2721788907375272e-08,5.06541340722583e-08,0.4066943367973203
0.0477175417985329,0.49941909065169415,8.251939934697777e-12,3.085226436208929e-07,3.0520458673643186e-10,5.343499257829963e-08,7.810369040795019e-20,3.6299667532044056e-08,9.361441417203165e-08,0.45286287536459846
0.05248142220523441,0.5362521180913286,1.633294205366767e-12,3.9993284562729803e-08,3.851942414600377e-11,9.287471060867293e-09,9.857352323528542e-21,1.3162183092575051e-08,2.714941919100128e-08,0.4112663700709264
0.04188916726709123,0.5151299702421093,1.0399190263194328e-12,3.8449856093171994e-08,3.679888659109166e-11,9.2494290438888e-09,9.41705639258662e-21,1.143789066248778e-08,2.493949635056247e-08,0.4429807783762886
0.0440973028955991,0.4828127580639197,4.45566325551427e-12,1.4652365162454333e-07,1.5355363971081012e-10,2.918849976117531e-08,3.9295301314078205e-20,2.6513851209617305e-08,6.827398296200946e-08,0.47308966838248634
0.04799676576872134,0.4871708427611883,5.094406329387191e-12,1.6612558233519217e-07,1.821345224202131e-10,3.179782696004929e-08,4.660932183875226e-20,2.916017566502569e-08,7.647440988905443e-08,0.4648320877248665
0.050498641028359006,0.5374046598527494,1.8170970152950759e-12,4.674400881858171e-08,4.688940053844875e-11,1.0732809307564985e-08,1.1999279903703588e-20,1.4138157785532634e-08,3.017320886372769e-08,0.4120965972820004
0.05132921446711372,0.5012798671223474,3.848017486183146e-12,1.2836215090514307e-07,1.3999812841709426e-10,2.586045629487126e-08,3.5826365054367274e-20,2.5175862994634247e-08,6.3362348158721e-08,0.4473906755058744
0.03218237968355416,0.4806904086220781,2.0063139437819525e-12,5.108284145529296e-08,4.8728120963485776e-11,1.1867002728862445e-08,1.2469819250807235e-20,1.4753087387822711e-08,3.1826657770993924e-08,0.487127102114044
0.042399987543217596,0.4812591023952293,2.51356781517666e-12,8.25647005686796e-08,8.353737095629004e-11,1.7894064568903292e-08,2.1377715952157574e-20,1.9603638496042993e-08,4.695598766297439e-08,0.4763407429571108
0.04759958000887985,0.5092036071620197,4.094007784522375e-12,1.4011533308129976e-07,1.528469332504131e-10,2.92727349831434e-08,3.9114452367558236e-20,2.627806063197705e-08,6.498412509739268e-08,0.4431965520219057
0.0407153825208336,0.4872741434924094,2.721262610218982e-12,7.395032494868338e-08,7.351176540376251e-11,1.6025773532088685e-08,1.8812103204370433e-20,1.8696553228865697e-08,4.2883799057943923e-08,0.4720103223540732
0.045637817311174805,0.49535893384196494,2.9599193285941924e-12,7.889829843902826e-08,8.004463308896469e-11,1.7216748242217165e-08,2.048390328034711e-20,2.057085138017488e-08,4.728001342026753e-08,0.4590030847979442
0.0367972593902061,0.48254828728001403,2.433220953978083e-12,6.881498553286105e-08,6.743992068369143e-11,1.5186048517228165e-08,1.7258281640070327e-20,1.7092376886593488e-08,3.922950245178023e-08,0.48065431293699334
0.049590728589240886,0.49557214569561825,4.842212334245264e-12,1.515573307456492e-07,1.6784669872390056e-10,3.1217779496640247e-08,4.295298114680034e-20,2.972029701961283e-08,7.503743237384829e-08,0.45483683800961233
0.04545765649878857,0.5123937464123104,2.6745813161495064e-12,7.059498788520398e-08,7.383066449857363e-11,1.628035616046233e-08,1.889371150702767e-20,1.936856933043501e-08,4.313666655864478e-08,0.4421484476318159
4.401957886375122e-86,2.7045975851657396e-54,6.705598254548512e-05,6.103984557073346e-65,6.808530903321662e-84,3.0350361820160555e-58,2.773295969309754e-71,0.24248178572037987,0.7574511582970747,1.34106679777071e-91
0.06137732293876704,0.505537769393111,6.125445080197513e-12,2.2874989452472465e-07,3.0107259351523014e-10,4.518509296358788e-08,7.704629169618653e-20,3.320890743632506e-08,8.763764621379174e-08,0.4330845125793828
0.061350787343586705,0.5120120435670762,3.472123487860366e-12,1.0257498681241806e-07,1.0755658738817706e-10,2.2256979169974206e-08,2.752437802793104e-20,2.31382752844063e-08,5.454056074519501e-08,0.4266369664675064
0.040941951741367985,0.49157467687553147,4.664418642923434e-12,1.4027254925254404e-07,1.3162421034139705e-10,2.952579922198173e-08,3.3683427097449153e-20,2.6131403907782352e-08,6.171519607152413e-08,0.46748311360186345
0.08289983370058794,0.5616386990108995,5.945230051661905e-13,3.6626924850880134e-08,3.7663159242609046e-11,9.031853169446649e-09,9.638228988619015e-21,1.1173641682371535e-08,2.5768693522031662e-08,0.3554613846491417
0.06269173220011713,0.5280364556231399,9.025302952908996e-13,4.26503684723974e-08,4.2816224851680143e-11,9.872002387624268e-09,1.0956929490902051e-20,1.2378794948188489e-08,2.821359341454452e-08,0.40927171901826503
0.0695016019739638,0.5186399548381597,1.906694504933447e-12,9.775250201177891e-08,1.090270290699245e-10,2.133999734573e-08,2.7900673047520206e-20,2.2777294811918108e-08,5.606423310566481e-08,0.41185824514291547
0.06970287812410304,0.5457393666716637,9.91770104421359e-13,2.9320364550825857e-08,2.7972418009676984e-11,6.733839404068129e-09,7.158309995066021e-21,9.29239372892445e-09,1.956457035402577e-08,0.38455769026410114
0.06124108563551305,0.5406918541471067,1.9278918263788107e-12,4.852209492148382e-08,4.8350567314259477e-11,1.0867441084304159e-08,1.2373201236916931e-20,1.4611299582168834e-08,3.1107764583205306e-08,0.3980669550585015
0.1516003499882908,0.5255902395340146,8.884559132403876e-13,1.6166026844480294e-07,2.244006509265361e-10,3.759249311047866e-08,5.742547829121693e-20,2.9594656919775932e-08,9.438722643579564e-08,0.3228090870177606
0.02698608318219137,0.49873133433317857,5.642155255276502e-13,1.8215323757234632e-08,1.69545367210386e-11,4.370215813861361e-09,4.3387678990058596e-21,5.88563251240782e-09,1.2245083748476629e-08,0.47428254175085544
0.05389364119532827,0.5143101051962519,2.921906847867356e-12,8.943418470210616e-08,9.346596289735273e-11,1.934815471136739e-08,2.3918502951097556e-20,2.008268881612089e-08,4.708404537912447e-08,0.43179607756295846
0.03970711578638644,0.49376654067368275,4.149436279610828e-12,1.2282258104465802e-07,1.1703186193878192e-10,2.6004007459550418e-08,2.9949157736723087e-20,2.4428721451760715e-08,5.733928887483941e-08,0.46652611282415074
0.045132822754129366,0.49754237087930336,4.729982185938728e-12,1.555565212417198e-07,1.5574907382695762e-10,3.2747862526620857e-08,3.9857125219003644e-20,2.7903247210076087e-08,6.809600809481269e-08,0.45732452190244927
0.04506448558745155,0.4962548584461416,6.183464122511888e-12,2.092375045117372e-07,2.0323967455334138e-10,4.0987739256791136e-08,5.201025536895356e-20,3.114676724962531e-08,7.737499753508295e-08,0.4586802970099752
0.048592278848669214,0.5151862739859894,3.857533675976578e-12,1.331648812724813e-07,1.4239603218315803e-10,2.8033460801987958e-08,3.6440003842473894e-20,2.5311775213764106e-08,6.187063466249022e-08,0.43622119863833586
0.053279071685993815,0.5094907447646408,3.466829961596618e-12,1.0859772499693907e-07,1.1490794487680166e-10,2.3177188317956826e-08,2.9405635238475526e-20,2.2545719252597284e-08,5.3804593256479396e-08,0.4372299753057647
0.06464872478391248,0.5159957332831576,3.0729882036608647e-12,8.548998348444346e-08,8.648771011280038e-11,1.822217686510042e-08,2.2132725544473075e-20,2.0510831096747336e-08,4.7234688438063595e-08,0.4193553703856893
0.043651096498482984,0.5098381162582898,2.4337441316430985e-12,7.252607716080652e-08,7.34729967810017e-11,1.5840397929858366e-08,1.8802182602191706e-20,1.7691885396875994e-08,4.076320600055312e-08,0.44651064034575405
0.1253933536127667,0.5349811371381511,1.0574923998135531e-12,1.5727174419491309e-07,1.9284081132288743e-10,3.3971183929911696e-08,4.9349124793226896e-20,2.815441364169511e-08,8.331587377683346e-08,0.33962520634196836
0.056219075762769855,0.54979029407617,1.5418590015377987e-12,3.724043197524727e-08,3.624226783250518e-11,8.489764045707131e-09,9.274614409991594e-21,1.2064460785152642e-08,2.4971505180499668e-08,0.3939905473571141
0.0496070583627024,0.5036727197120259,2.9416482164786118e-12,8.444341812864342e-08,8.481843299485402e-11,1.8942217542096426e-08,2.1705547314085975e-20,2.007021773011638e-08,4.627000777500901e-08,0.4467200521116504
0.07138195414204801,0.5299751262943979,2.9751581447416526e-12,7.560113402838832e-08,7.528031731536369e-11,1.638922736620245e-08,1.9264686120499996e-20,2.0854403931315484e-08,4.568862731804762e-08,0.39864276095190604
0.06135559697879429,0.5232424302603126,2.801390959529063e-12,6.853831675135583e-08,6.783966006122901e-11,1.4851278497818324e-08,1.7360577176001397e-20,1.904564713670761e-08,4.098870660586109e-08,0.4154018292663031
0.047370319806888814,0.5054492791237775,4.303896154677584e-12,1.3179077170207364e-07,1.292772830444194e-10,2.849762328656716e-08,3.30828347395382e-20,2.711610233241115e-08,6.41343050997433e-08,0.4471801493969501
0.057856953533759595,0.5144697236269097,3.5657633199898246e-12,9.415638190336573e-08,9.320651050627192e-11,1.977273383473184e-08,2.385210680661992e-20,2.2745276639266623e-08,5.0747349192682347e-08,0.4276731353208169
7.606881744477272e-86,4.673728038251695e-54,3.1025946235883324e-05,1.0548099253627342e-64,1.1765603118442317e-83,5.2447483421558806e-58,4.7924435048029935e-71,0.25059960011606564,0.7493693739376984,2.3174543703976905e-91
0.0405067236206102,0.5094216316679571,1.3848383070451722e-12,3.533881872475656e-08,3.388260841263057e-11,8.268895999509096e-09,8.670763286429867e-21,1.0895544506101646e-08,2.2956576687848238e-08,0.4500715672163293
0.1601575188031106,0.5236134013897472,8.6590119270691e-13,1.8417708134476967e-07,2.5974067049642636e-10,4.0967111806636256e-08,6.646920270658941e-20,3.052064949291542e-08,1.0126481089689782e-07,0.3162287226168821
0.04985844473173745,0.5000244225653403,1.932161234039641e-12,6.093788752024304e-08,6.101531611333301e-11,1.3237153081323442e-08,1.5614186572348423e-20,1.595206292604365e-08,3.6539034244918265e-08,0.45011700597383697
0.1637802630486102,0.5331018739733381,7.130214717373911e-13,3.5782354053700786e-07,1.1226195066209104e-09,9.563256586310882e-08,2.872851328984316e-19,4.2765062919715216e-08,2.2280266012128408e-07,0.30311714283088964
0.04769648094294501,0.48846981812483364,4.105128905978206e-12,1.2320850422784046e-07,1.2915759725839558e-10,2.4704764259174373e-08,3.305220691117241e-20,2.531297744791487e-08,6.332669467788389e-08,0.463833464246018
0.03860611326372976,0.4923264053232972,3.3164255768978986e-12,9.184193074660281e-08,8.965915424796435e-11,2.0203263890705486e-08,2.2944317104935207e-20,2.141470706472019e-08,4.904835262255642e-08,0.46906729881174314
0.04473785825779237,0.49893327743391763,2.6848426856494924e-12,7.095293742139186e-08,7.238719772475338e-11,1.5625395627421285e-08,1.8524319601979782e-20,1.898029759675278e-08,4.311912505158306e-08,0.45632871555546217
0.060791407245374296,0.519539702410543,5.427586689535654e-12,2.672269482057791e-07,3.5968478588087834e-10,4.703693964464838e-08,9.204552132741595e-20,3.290715451766829e-08,8.95636669676263e-08,0.41966845324426105
0.06345416214643376,0.5259979865079961,3.2873441854153817e-12,8.323176980629029e-08,9.02907972353236e-11,1.9011856239383937e-08,2.3105958374862214e-20,2.3175520057590913e-08,5.141427442617063e-08,0.41054767441857154
0.047028270682445715,0.4965513767003037,4.412905309080088e-12,1.4812147006804538e-07,1.6059233953303182e-10,3.25538852474237e-08,4.109654630431233e-20,2.6693019090874806e-08,6.624294855290281e-08,0.45642007884092245
0.03663682502108144,0.48358873799101265,2.3195435344720755e-12,5.99928879787931e-08,5.888784625434445e-11,1.3675223382013585e-08,1.506975411539597e-20,1.6904371304032252e-08,3.7450073797809945e-08,0.479774308904142
0.037956236930739656,0.4854148608843587,3.512503604240155e-12,9.717194464223377e-08,9.371978471010302e-11,2.1493401647176435e-08,2.398345664150858e-20,2.2455072840077736e-08,5.16194661672986e-08,0.47662870934778406
0.039046201588236906,0.49008912387467074,1.350130183372011e-12,6.132166030169104e-08,5.948928242724005e-11,1.4213268488084466e-08,1.5223665161628628e-20,1.5440552666539595e-08,3.612235664396921e-08,0.47086454737841493
0.044193970436913185,0.4957229183323715,2.9171604116735847e-12,8.700103637202596e-08,8.907916035482293e-11,2.0046944327861463e-08,2.27958930850966e-20,2.030466339263843e-08,4.72934460464658e-08,0.4600829364926289
0.03633715993853994,0.5035371713635193,2.0108595254916865e-12,5.066216938267031e-08,4.7438511896849285e-11,1.1751222769659467e-08,1.213980054648667e-20,1.4644513843246732e-08,3.11923011749908e-08,0.4601255603982843
0.0900216480625905,0.5335745176441435,1.5748059992575153e-12,4.603688384652925e-08,4.501996155871629e-11,1.0233149531141379e-08,1.1520878965945946e-20,1.3799843154966341e-08,2.968356136182463e-08,0.3764037344932334
0.04431110925930411,0.48896049098821104,4.7311563163554526e-12,1.4470908674841925e-07,1.4547615722475603e-10,2.9011611191599306e-08,3.7228224140773574e-20,2.7222469589172224e-08,6.715543682660466e-08,0.4667281315036732
0.05509128448011188,0.5150216431521727,2.4286329590565748e-12,6.997648403644747e-08,6.903003509708203e-11,1.5426864588654427e-08,1.7665201568400776e-20,1.7920250123318466e-08,4.113491195801464e-08,0.42988692783774596
0.09908123262184285,0.5354055063300693,1.0523096845207537e-12,1.2040066680077253e-07,1.4400218439439846e-10,2.6908101088797628e-08,3.685102616987967e-20,2.4694234535983365e-08,6.981830919775196e-08,0.36551301908172174
0.04466407597436999,0.5140582422513188,2.548875097779942e-12,6.544522869486031e-08,6.339315493325513e-11,1.4810273036858011e-08,1.6222689791583956e-20,1.7882033839503507e-08,3.9043223405429696e-08,0.4412775445276102
0.050244899285937845,0.5301676364297448,9.027477845643498e-13,3.890482887088056e-08,3.783840510503684e-11,9.027496573492276e-09,9.683075463875631e-21,1.1208345224332022e-08,2.4756804915947755e-08,0.4195873803481006
0.04688722863504485,0.5215561156638744,2.1527483246311085e-12,6.914388108899696e-08,7.011454492676759e-11,1.5627887800383524e-08,1.7942734460471293e-20,1.713418607583975e-08,3.916465177524197e-08,0.4315565145582067
0.035944376402847374,0.48214303927485114,1.6860639163153405e-12,5.3009296071785755e-08,5.106176910069179e-11,1.2308633717410468e-08,1.306701382087373e-20,1.4601453031982399e-08,3.254411034148398e-08,0.4819124718060605
0.055614612659071805,0.5227438290690501,2.3421666957015822e-12,5.6700796767549295e-08,5.500891059094433e-11,1.2604811100890914e-08,1.4077111126530142e-20,1.66972404607505e-08,3.539856408381364e-08,0.4216414368131145
0.08022266535562682,0.5336508803774441,1.0657357727949764e-12,4.56338640773945e-08,4.497990122961652e-11,1.0409877944917667e-08,1.1510627265705696e-20,1.3116858942024748e-08,2.9079749416373295e-08,0.386126355980533
0.1767360680013906,0.5247577260349648,6.417353931108442e-13,1.6561590359901467e-07,2.35807012416572e-10,4.174816758496151e-08,6.034443452913736e-20,2.900726298669152e-08,1.0560015327585457e-07,0.2985058637557083
0.03609297255757995,0.5202013356645102,1.0553243145240601e-12,2.509090573204618e-08,2.3430612947868475e-11,5.952050109992504e-09,5.9960347536453046e-21,8.708398798152145e-09,1.755020510932155e-08,0.44370563445186423
0.09181375636368148,0.5226907026993741,2.8579811396158777e-12,1.1235078057134409e-07,1.1957306926077692e-10,2.263036193652802e-08,3.0599468144357035e-20,2.4710323374739467e-08,5.8750440825640794e-08,0.3854953223726067
0.0654484321853745,0.5199894161751122,5.289127729206841e-12,1.704551491768584e-07,1.9946194088405735e-10,3.491526926554241e-08,5.1043512854381037e-20,3.27617478951763e-08,8.095881118711942e-08,0.4145618323437848
0.06313869513731227,0.5375812723816484,1.914532166364367e-12,4.669067809120202e-08,4.610187793523738e-11,1.0489574242524897e-08,1.1797748003013226e-20,1.4447759320996295e-08,3.049063227527389e-08,0.39927993031437886
0.03968770824598538,0.487080261527188,2.710988828031697e-12,7.377516240581138e-08,7.244745902428931e-11,1.649914940815289e-08,1.8539740624903832e-20,1.9241910090127835e-08,4.3783333726915866e-08,0.47323187685211254
0.04328006594286429,0.5105116349391644,3.0616419957072293e-12,8.753736268614337e-08,8.633435571525717e-11,1.951747949934145e-08,2.2093481492283812e-20,2.0703922300029135e-08,4.718754856671124e-08,0.44620812408226224
0.054565775600822396,0.5192373516102353,2.371129522776005e-12,6.655061677933182e-08,6.712775365807797e-11,1.4579740307840753e-08,1.7178396309598866e-20,1.692661131777265e-08,3.804803305351729e-08,0.4261967366144419
0.04751433754348202,0.5218098501954295,1.7818156507856383e-12,4.307641013612225e-08,4.109932964524395e-11,9.960428205727007e-09,1.0517565642146815e-20,1.3762902210326798e-08,2.857209270979424e-08,0.4306757168463741
0.14385349349873539,0.5265317524077866,9.763887500552407e-13,2.0267153559095142e-07,2.948256745761475e-10,4.4633224343563854e-08,7.544766683056472e-20,3.263990609797848e-08,1.0838669474569054e-07,0.3296143654663151
0.042448074916799555,0.5173678163286154,1.5015609631297214e-12,4.2174728403745896e-08,4.001208043725482e-11,9.683933644890807e-09,1.0239332185691788e-20,1.199049436207359e-08,2.6146077059206745e-08,0.4401840187178379
0.049984818148962266,0.5236340931819531,8.86638591974492e-13,3.1505894675269194e-08,3.044161572563943e-11,7.362122259810681e-09,7.790192540935456e-21,9.716733351206467e-09,2.0819856962423085e-08,0.42638101923314903
0.15716519643600185,0.5301416722191814,7.826041427237109e-13,2.717131329135934e-07,5.168606662015989e-10,6.414981875670758e-08,1.3226776327924095e-19,3.6987177568678134e-08,1.5109588206231025e-07,0.31269260688116224
0.06020037561993797,0.5384497695107033,2.0027643372099536e-12,4.897576316115608e-08,4.660206532246907e-11,1.0896196992194067e-08,1.1925748828546036e-20,1.4717226176309305e-08,3.1152215514215967e-08,0.4013497490793519
0.03927954670157411,0.5099862485829924,1.2461487891089675e-12,3.33597131260654e-08,3.116582361232296e-11,7.77637561994818e-09,7.975521736974821e-21,1.0176969223051243e-08,2.1687001927288275e-08,0.4507341316829618
0.19696466224288506,0.5061105249049439,6.834327327232307e-13,8.669777641857183e-08,9.791931391729545e-11,2.0392494653741736e-08,2.505814163771565e-20,1.9754639239386712e-08,5.567206118977841e-08,0.29692463023659676
0.1288896952794878,0.5362840212300188,7.303607435711884e-13,7.066965652397252e-08,7.632356138015923e-11,1.629669425658469e-08,1.9531658678777953e-20,1.6648718788022698e-08,4.365053887030275e-08,0.33482613614783113
0.13985544750777074,0.5463011383820352,5.017487617773058e-13,2.5943415079326025e-08,2.5564604570323066e-11,6.195528340420155e-09,6.542136053722773e-21,8.220423987874356e-09,1.823200770672469e-08,0.31384335549275266
0.05485322886274306,0.5108400669282895,2.5137905163434384e-12,8.733693636193919e-08,8.450461823381796e-11,1.8758500589706388e-08,2.1625240097257267e-20,2.0163917073287393e-08,4.6358054070318996e-08,0.4343065315045409
0.07377684163497164,0.5283319168969037,3.1915340391457164e-12,8.115679159172565e-08,7.948808014931652e-11,1.705722527586275e-08,2.034147790593656e-20,2.1152591341440493e-08,4.69752002039179e-08,0.39789107504363663
0.06839725669461183,0.5297124230873979,2.346716239120967e-12,5.755374104806549e-08,5.6851726772754064e-11,1.2732550253149527e-08,1.4548698969801577e-20,1.703106688705288e-08,3.684590573235156e-08,0.40189019599552783
0.05171659760701022,0.4977070867554918,3.1301395558905744e-12,2.3726905643628367e-07,2.663745570812521e-10,4.4574276751493297e-08,6.816685353413476e-20,3.2330895053544556e-08,9.115821051923997e-08,0.4505759100355545
0.051379826396957845,0.5626268269860378,6.181487724404969e-13,1.8016821194555975e-08,1.7152081144231467e-11,4.256306433845311e-09,4.3893207419336315e-21,6.113263569299334e-09,1.2648054492213943e-08,0.3859933055647883
0.043147977310839386,0.4929381333517126,4.4273759773331875e-12,1.4054178737958697e-07,1.3977950713141102e-10,2.98549013151707e-08,3.577041713025925e-20,2.7170062821479076e-08,6.578827269974194e-08,0.4639136258382169
0.07990692065269367,0.5232881944487559,2.679042130708594e-12,1.2307051127703838e-07,1.4962242953612664e-10,2.752966810461198e-08,3.828928065958599e-20,2.755615518073213e-08,6.788335649143787e-08,0.3968046387065581
0.07990692065269367,0.5232881944487559,2.679042130708594e-12,1.2307051127703838e-07,1.4962242953612664e-10,2.752966810461198e-08,3.828928065958599e-20,2.755615518073213e-08,6.788335649143787e-08,0.3968046387065581
0.026530234023573022,0.5161612310650187,6.956141790907442e-13,1.6411462378155976e-08,1.518504783758833e-11,3.951057994294455e-09,3.885945051255218e-21,5.927242983675102e-09,1.1747801286320621e-08,0.45730849685796304
0.20958321358216636,0.503040434532154,5.785108385587198e-13,8.414092114406335e-08,9.585962816424318e-11,2.0371812286679127e-08,2.4531055660068653e-20,1.8947130512965663e-08,5.552775678898936e-08,0.2873761728016208
0.04202596247510108,0.5146470416179807,1.4644990643400592e-12,3.9027556616970965e-08,3.704651129956576e-11,9.284573495976595e-09,9.480425041599162e-21,1.2301770140130336e-08,2.585947869478729e-08,0.44332690939502817
0.06606643012359943,0.5161526959408976,3.2847301387339014e-12,9.063027900557565e-08,9.098279163786108e-11,1.9283469714651808e-08,2.328304388020083e-20,2.2117847887807112e-08,5.066487213389154e-08,0.41778069114476674
0.05619768083494807,0.5278249402063245,1.7477659476756015e-12,4.4824801618404314e-08,4.346353318497141e-11,1.0108874896451707e-08,1.112257962645959e-20,1.3191687652258551e-08,2.8280379619702265e-08,0.4159772825077724
0.06049818724926821,0.5087845830794168,4.3086291846058565e-12,1.3129260147897968e-07,1.4357942563054461e-10,2.7070126488793538e-08,3.674283941473509e-20,2.603690441015682e-08,6.262766982232787e-08,0.4307169824961248
0.11371579129377396,0.5364125340924717,8.844862312619037e-13,1.321179150460207e-07,1.6312899888154467e-10,3.0415004690320615e-08,4.174569310411604e-20,2.47602694326823e-08,7.435626596752881e-08,0.3498714128002856
0.09821062463310977,0.5273496169908422,1.4399354933959978e-12,2.0437233695013004e-07,2.779374012576337e-10,4.307141938049306e-08,7.112585588802176e-20,3.0970573400519694e-08,9.28924024249185e-08,0.37443938678993866
0.11500663028803088,0.5296916868677598,1.0918105327788916e-12,5.054630404753837e-08,5.110298043117624e-11,1.1249774191229568e-08,1.3077560119493189e-20,1.416889421999828e-08,3.1879954740298554e-08,0.35530157494708736
0.036477673644268974,0.5026864466890767,1.6682358149211736e-12,4.380712398770157e-08,4.128017105073658e-11,1.009126529895001e-08,1.0563844123699687e-20,1.2493538043736363e-08,2.6811870040126658e-08,0.4608357864199086
0.03489093308826228,0.5056905596347476,1.677185588666791e-12,4.187267158732656e-08,3.8846625721808004e-11,9.758850065394962e-09,9.941085157813909e-21,1.2580318089295038e-08,2.6388780740612937e-08,0.45941841663584576
0.08131526319233975,0.5171198683893851,3.924777701319311e-12,1.2339241616345062e-07,1.296072610710296e-10,2.4090691604525467e-08,3.316727831280095e-20,2.6061182382873784e-08,6.146769939104496e-08,0.4015646332727536
0.045427165589220615,0.4940392370816015,3.981351265319809e-12,1.1567809107086843e-07,1.1524061694397954e-10,2.4003060619688407e-08,2.9490767281746825e-20,2.427937232658303e-08,5.749375218081961e-08,0.4605333757556797
1.2916633785071892e-86,7.93608149948544e-55,6.85941707037257e-05,1.7910878565531985e-65,1.997822390912723e-84,8.905685129083825e-59,8.137662680523303e-72,0.25148324328482685,0.7484481625444694,3.9350827870794384e-92
0.0922364157298677,0.5265496007781552,1.98519277719889e-12,1.0239841912948548e-07,1.09264995417791e-10,2.1181306277735656e-08,2.796156986056433e-20,2.3064926453229593e-08,5.556840785630379e-08,0.38121378116766713
0.06663795088446187,0.5298646675852038,1.6417684436224386e-12,5.946680731071747e-08,5.829765248974177e-11,1.301804309649058e-08,1.4918719943019984e-20,1.5806413502643048e-08,3.563322828161669e-08,0.4034972575459027
0.07366872205159032,0.537459758735183,2.3900288787828094e-12,5.756142516864462e-08,5.724724940084932e-11,1.2588137132366958e-08,1.4649915573530183e-20,1.7106913454110524e-08,3.63602900630754e-08,0.3888713955368236
0.05338736578253652,0.4940066828379533,5.612211343138234e-12,1.8577846335376098e-07,2.0928497739898785e-10,3.4027545985846867e-08,5.3557287241120656e-20,3.091110056807754e-08,8.199271985203835e-08,0.4526056184547832
0.07459142927255812,0.5185794531026725,6.219387019624227e-12,1.7702354415005988e-07,2.141761020354631e-10,3.461255701871497e-08,5.480895467956325e-20,3.366124884655187e-08,8.217110732176867e-08,0.40682878993591665
0.05388895097451767,0.5371604967936261,1.5535214106848077e-12,3.854427941678073e-08,3.679513634376465e-11,8.75248800181244e-09,9.416096788258463e-21,1.2046840474449146e-08,2.5448633967126388e-08,0.4089504674012656
0.052097350570076965,0.5406301999417487,1.6437593983413743e-12,4.0150748599959186e-08,3.815634641233999e-11,9.134477379400115e-09,9.764438590111588e-21,1.2582765338124343e-08,2.6333158135876905e-08,0.40727236124722477
0.04454533419807608,0.48599124777328845,3.1276520127625013e-12,9.200368368375187e-08,9.355309628264864e-11,1.96086317065408e-08,2.394080034229701e-20,2.1528921958923665e-08,5.116773453587994e-08,0.4694632336229827
0.05308221130903667,0.5145637362538278,4.0415574275324285e-12,1.1694817911492156e-07,1.2310275281295753e-10,2.5939477447976805e-08,3.150273549967761e-20,2.69789117615518e-08,6.260581943394069e-08,0.4323538198376035
