i = 0,i = 1,i = 2,i = 3,i = 4,i = 5,i = 6,i = 7,i = 8,i = 9
2.5821708622252564e-05,0.9757702986303349,1.247257595821816e-29,0.0007443778129143775,1.6620391886108644e-14,1.957199730896146e-06,0.021871885129776,2.1271616649627506e-16,0.001585295541276095,3.639773286067957e-07
2.5868576291242514e-05,0.9756910969542293,1.241921437212471e-29,0.0007438716036837142,1.6549284644468735e-14,1.8347174498949266e-06,0.021951379587933008,2.118061001178559e-16,0.0015855688528163983,3.797075798448638e-07
3.260883311624102e-05,0.9755276255427655,1.5216580457033167e-29,0.0009136520874301192,2.0276928455646066e-14,2.352994611414758e-06,0.021648367454222998,2.595143675889778e-16,0.0018749326311311098,4.604567021348512e-07
2.895256248885522e-05,0.9754474577833883,1.4108674324800742e-29,0.0008220080620504361,1.880058273905808e-14,2.197177541581973e-06,0.021785511632486602,2.4061934974538437e-16,0.0019134623773550874,4.104046699042821e-07
4.9911220227693073e-05,0.9641436065524335,2.803741575955492e-29,0.0016795333844121687,3.736139502846664e-14,3.82067425181204e-06,0.03035874607560677,4.7816999622291e-16,0.0037637536221862638,6.28470843948125e-07
0.006912662502884984,9.332922399976368e-06,9.45128764497619e-70,0.474654887751927,8.878590524043294e-81,0.000552579836743927,4.338491036978024e-71,4.916764987458256e-61,0.5176982119548924,0.00017232503115169112
8.233465616792669e-05,0.960763891605432,4.920842712676113e-29,0.00294780157494934,6.557292941614758e-14,6.0941323267836575e-06,0.030347734489770385,8.392354564742869e-16,0.005851235351536172,9.081897509433528e-07
3.9880118993098406e-05,0.977605947685573,1.7635496922220398e-29,1.8151830923365383e-06,2.3500267381449046e-14,3.062231975426072e-06,0.020243315698970466,3.0076828652863264e-16,0.002105911309214693,6.777215719619375e-08
3.5808173644718985e-05,0.9712229287894188,2.0024493719475702e-29,0.001026051647098349,2.6683736707917916e-14,2.7027615074982544e-06,0.02507379192777646,3.4151193420683137e-16,0.002638261726693961,4.5497383304301306e-07
5.205075861044527e-05,0.9754254649075818,2.568820277686543e-29,5.9354390991621945e-06,3.423093981800874e-14,3.741208442916143e-06,0.021310494089881202,4.3810484996671123e-16,0.0032021284437508154,1.851525991105721e-07
1.840854358648913e-05,0.9787917190643952,7.901106722006058e-30,4.646506862780067e-06,1.0528658273448302e-14,1.38363386698807e-06,0.019746680859997437,1.347510841877168e-16,0.0014370494548554674,1.1193642499893149e-07
2.9859762366020105e-05,0.9775649402604604,1.3211850304206345e-29,3.982464629571574e-06,1.760551551917559e-14,2.1484761708970443e-06,0.020237053922550315,2.253242761117052e-16,0.0021618956024231067,1.1951138193510187e-07
2.385454665017875e-05,0.973167050439668,1.1229191914485116e-29,1.8016900565806235e-05,1.4963514418213702e-14,1.7911599177464013e-06,0.02482683262454203,1.9151061215436769e-16,0.001962222158235686,2.3217040547196632e-07
3.972182584030792e-05,0.9670824685080036,2.000691704064773e-29,0.0012000284623971927,2.6660314818875457e-14,3.028257927323505e-06,0.02873253441099315,3.412121690459838e-16,0.0029417031641848393,5.153706267567791e-07
2.6434790351887304e-05,0.9755171463856924,1.3235868593026343e-29,0.0007806686123880567,1.76375212070114e-14,2.054492998961428e-06,0.022061145073701206,2.2573390106326283e-16,0.0016121833131913683,3.673316585399744e-07
1.962038961466326e-05,0.9770364045428788,9.4336030741429e-30,0.0005659722492089746,1.2570793757078041e-14,1.5113505215771566e-06,0.021036629919928006,1.6088736512022774e-16,0.0013395711155751418,2.9043226015279864e-07
3.652643435417393e-05,0.9823723656155924,1.454374930127363e-29,6.660042846385942e-07,1.9380344019568935e-14,2.65146599302999e-06,0.016446278764228814,2.4803942731749253e-16,0.0011414845560614075,2.715946627491631e-08
2.3436824471329045e-05,0.976548133208027,1.0039458330919537e-29,9.174194365645571e-06,1.3378129132514683e-14,1.814898741161411e-06,0.021680074985794516,1.7122005085450127e-16,0.0017371913935955558,1.744949910946437e-07
2.187168795024995e-05,0.976791352175896,1.0834376339084576e-29,0.0006410997209315343,1.4437400998830142e-14,1.6345929657032794e-06,0.020978809384139385,1.8477714699421955e-16,0.0015649070383156364,3.253997870144438e-07
1.9569683378607702e-05,0.9762783471798442,8.530647814782787e-30,1.3693050130983292e-05,1.1367556325094916e-14,1.4770536756349787e-06,0.022262386971804788,1.4548772498713926e-16,0.0014243386831099048,1.8737804449784242e-07
1.5609376265196767e-05,0.9787561694296474,7.432838527393456e-30,0.00044684806356259856,9.904665208316079e-15,1.1965638899856546e-06,0.019701004194407595,1.2676490590474873e-16,0.0010789403927831584,2.319794340589812e-07
8.360478226528774e-06,0.9810311868345273,3.8877223290575284e-30,0.00023293401558857217,5.180603338858436e-15,6.522171415146114e-07,0.018138372058729917,6.630397706212381e-17,0.0005883708024977967,1.2359328319078274e-07
4.648709538736811e-05,0.9736495160437185,2.3236245295511826e-29,0.001332980323445211,3.096357192506811e-14,3.1920874909390894e-06,0.02253178904668048,3.962874260765456e-16,0.0024354414320324463,5.939712135365525e-07
2.3884027778883384e-05,0.976501431702296,1.1584381511261958e-29,0.0006950049739152305,1.543682404663987e-14,1.8165130206077378e-06,0.021243011143795478,1.9756826773886108e-16,0.0015344957791851774,3.5585999294375377e-07
2.996131333548595e-05,0.9751473407448817,1.5283455738181626e-29,0.0009169408728532437,2.036604343749876e-14,2.341863349755772e-06,0.02200240765307069,2.606549061182307e-16,0.0019005667731432161,4.4077934526454296e-07
4.3418955241254014e-05,0.9638662913159762,2.2611255607496527e-29,0.0013565207844817655,3.01307388700206e-14,3.3865498276791444e-06,0.03140263412237086,3.8562840816558897e-16,0.0033271968184594753,5.514536122068792e-07
3.699219065639596e-05,0.9751633031131087,1.7246647993325298e-29,1.0142917432400103e-05,2.2982104845949327e-14,2.9495137620562392e-06,0.02224498559714215,2.9413658079458287e-16,0.0025413963789203075,2.3028895467195962e-07
2.1338116927003356e-05,0.9761238429600945,1.0462473642857925e-29,0.0005898317813099383,1.3941820248270743e-14,1.6374734260268647e-06,0.02175642926864767,1.784344543446599e-16,0.0015066178198541228,3.0257972662735565e-07
3.4054313354724306e-05,0.9741902037424801,1.6946481526845522e-29,0.0009869438909232502,2.2582116557991103e-14,2.4002669111180565e-06,0.022686315298202617,2.8901732874310003e-16,0.0020995811601751914,5.01327930078608e-07
0.0001520610742061787,0.9727425879965206,8.85336361691608e-29,1.0839013622431858e-05,1.1797592840187018e-13,7.3927061022955695e-06,0.022162848363835076,1.5099154941963664e-15,0.0049239138703005055,3.5697529353324545e-07
4.65351340421125e-05,0.9768756824102821,1.9657471435754254e-29,2.911375573242166e-06,2.6194659374830014e-14,3.54634756091322e-06,0.02071621933865215,3.3525247557775233e-16,0.0023550044252053574,1.0096865737708788e-07
0.00014573395585669436,0.9549065887075909,1.1701504994755187e-28,0.006783915780894866,1.5592897515442735e-13,9.990590271278564e-06,0.02902545005807186,1.9956577478891504e-15,0.009126990267398192,1.3306397583419271e-06
6.408595334947309e-05,0.9816858648271453,3.0864188707210146e-29,7.329333365005087e-07,4.112822509792825e-14,4.058725857818017e-06,0.016971734832364846,5.263797892116536e-16,0.001273492016326281,3.071157812317987e-08
3.362008845430503e-05,0.9696938647657352,1.7442012710667714e-29,0.001047879374822936,2.324243905227711e-14,2.4299976330040135e-06,0.026932078491619403,2.974684694020288e-16,0.0022896364159458718,4.908657657028675e-07
7.762091142503056e-05,0.9711108755153423,4.830801257155865e-29,0.002768809810085132,6.437307761187221e-14,4.948286571093014e-06,0.02244497264664796,8.2387914731393e-16,0.003591726756891907,1.046072971234949e-06
5.824675430309559e-05,0.9706444523704435,3.556373577853317e-29,0.002120451920281107,4.7390629454035565e-14,4.1856216742633974e-06,0.023954191424408577,6.065292018609698e-16,0.003217635973115842,8.359357256246492e-07
4.500834268366235e-05,0.9746399517806728,2.0102281079302204e-29,3.2264116749138e-05,2.6787392633402297e-14,3.1252458571720667e-06,0.022714039803172534,3.4283857507410853e-16,0.002565210134079392,4.005767581818639e-07
2.912913687300194e-05,0.9766580092642566,1.366393975153287e-29,1.2482092591968025e-05,1.8207949515754558e-14,2.183066079909551e-06,0.021192649264398487,2.330345305507999e-16,0.002105315340162562,2.3183561865110115e-07
3.2069435268944884e-05,0.9676663639236613,1.589999451632409e-29,0.0009222325017969468,2.1187615191404344e-14,2.5138640868464203e-06,0.02915831879688761,2.711697962115472e-16,0.002218112792944704,3.8868533243899174e-07
1.3344603823271041e-05,0.9693630832814085,6.1703703566674565e-30,0.0003690363197141682,8.222357093978767e-15,1.0636343823377172e-06,0.02925331829827248,1.052338773104622e-16,0.0009999628678540747,1.9099453693038682e-07
9.304089894524492e-05,0.9717401348099993,5.168218456959459e-29,0.002850817087593254,6.886934695401884e-14,5.327548987516078e-06,0.021662924753014724,8.814246723866134e-16,0.0036466221944394164,1.1327069506026061e-06
0.00010296016721753271,0.9689262291867328,5.91678392966853e-29,0.0035479426962720623,7.884439264667715e-14,5.740911490593032e-06,0.023085366132498363,1.00909034326263e-15,0.00433034263537482,1.4182703340054394e-06
7.128988583968127e-05,0.9720327013851365,3.996764135648141e-29,0.0022657902336039003,5.3259075297150935e-14,4.826062630887121e-06,0.022311621345869875,6.816365345638332e-16,0.0033128826141634675,8.88472702038183e-07
2.3873108847170948e-05,0.9780186938942466,1.1809038454531817e-29,0.0006525162111750909,1.5736191751401484e-14,1.782308228235844e-06,0.019897063382146463,2.0139972676614432e-16,0.0014057743181011828,2.967772392230954e-07
3.0243457161989642e-05,0.97699807432635,1.464204895549914e-29,1.3377313545639265e-05,1.95113337029327e-14,2.168249391267332e-06,0.020750053446938744,2.497158994179222e-16,0.0022058337699301686,2.494366627725814e-07
5.114212835987927e-05,0.9757301607258128,2.3424072392904458e-29,1.5440482695860145e-06,3.121386183919035e-14,3.647188862926874e-06,0.021862582361784476,3.9949076276138494e-16,0.002350863238390833,6.030848796184173e-08
0.00010151194082740428,0.9712598245132992,6.653476797065673e-29,5.836852222025022e-06,8.866122935855251e-14,6.7020416785871795e-06,0.024097418573524352,1.1347311757268146e-15,0.004528495392856198,2.106855027192383e-07
1.1257878122670199e-05,0.9751414076885875,5.470969853054796e-30,0.0003282007565803617,7.29036754391877e-15,8.943511995924327e-07,0.023647297576374054,9.330580451520489e-17,0.000870773392261606,1.6835686686619952e-07
5.085101900862403e-05,0.9727757591989711,2.6217749246854664e-29,0.0015745961271602616,3.4936589547675225e-14,3.626863774582882e-06,0.02284256435663325,4.471361114682495e-16,0.0027518794223006793,7.230121161866266e-07
6.901640043398886e-05,0.9736173766664641,4.095353103871418e-29,0.002078135376910214,5.4572827398560433e-14,4.383694545276565e-06,0.020790177782832705,6.984505972319921e-16,0.003440160826753494,7.492520047363185e-07
1.2722762942712024e-05,0.980627969836218,5.157789523174715e-30,2.1128945093772105e-06,6.873037568854793e-15,9.840026252211191e-07,0.018353271832835992,8.796460479696026e-17,0.0010028795547539235,5.911610781212021e-08
6.022431551208028e-05,0.9863553360137778,4.382411800924462e-29,3.3606620040245976e-07,5.839804205775581e-14,3.7732548303318974e-06,0.012968581033814349,7.474076256762523e-16,0.0006117348635162534,1.4452289488679706e-08
4.2582793871913784e-05,0.9756289787093247,1.7807912868423592e-29,1.0318698456329708e-06,2.3730021090940386e-14,3.2186468449911413e-06,0.022565182922677136,3.037087904984098e-16,0.0017589640020560882,4.105535552250019e-08
1.231127657515759e-05,0.9749283039687912,5.848817277264893e-30,0.0003374821675068032,7.793869970728469e-15,9.721629366049243e-07,0.02378528490236756,9.974988277679601e-17,0.0009354668652713671,1.786565431970836e-07
2.522966251290372e-05,0.9741697151313998,1.2907255459680014e-29,0.0007582696687623544,1.7199626174467008e-14,1.942142245239909e-06,0.023360807821641922,2.2012949935665448e-16,0.0016836555856073925,3.799878127997969e-07
2.49911385014096e-05,0.9739919947478489,1.3107572618722926e-29,0.0007700663589690479,1.7466559781121765e-14,1.9708233789705737e-06,0.023514615542158418,2.2354585042139274e-16,0.0016959832791677018,3.78109957746247e-07
4.0167628397972015e-05,0.974338345203156,1.9567004412097942e-29,0.0011747524339436632,2.6074107101509083e-14,2.8696135450890235e-06,0.02218723556963476,3.337095867204966e-16,0.0022560638548301116,5.656964659653955e-07
1.5819219232114232e-05,0.9724433176393387,7.468696258390626e-30,0.00044888120153869734,9.952447602532063e-15,1.2686280394909517e-06,0.02591506020851187,1.2737644910979715e-16,0.0011754288658381194,2.2423749095324302e-07
1.3029794612101902e-05,0.9791097844094553,6.286459695945521e-30,0.0003759326854758999,8.377052508868149e-15,9.872275217955673e-07,0.019601881076455836,1.0721374733132098e-16,0.0008981788768787367,2.059295918630735e-07
8.927732957008694e-05,0.9605444924911775,5.532282903122313e-29,0.00331367490224004,7.372070547634127e-14,6.420670640089687e-06,0.02989496580380545,9.435148080604243e-16,0.006150185426917288,9.833755750301393e-07
5.7324383473836603e-05,0.9661658003587585,3.189490336089935e-29,0.0019127215153551076,4.250170893354325e-14,4.147513460646382e-06,0.027729683109298492,5.439583287706057e-16,0.004129593415793749,7.297038166453793e-07
3.805166500427855e-05,0.9762304876924793,2.0101397813177602e-29,3.2272885933285045e-05,2.6786215632819427e-14,2.7474677457829525e-06,0.021154160531536216,3.4282351122649054e-16,0.002541889196877052,3.905603969214676e-07
2.318909917612848e-05,0.985785299365039,8.892775101101058e-30,2.992480516892e-07,1.1850110805534006e-14,1.7317234772954464e-06,0.013601674242711036,1.516637008551083e-16,0.0005877938818202083,1.2439712813800177e-08
3.786828430318235e-05,0.9754977114999164,1.863513392336813e-29,1.09543265395201e-05,2.4832338539691355e-14,2.8632922185816576e-06,0.02179670237701805,3.178168057346348e-16,0.0026536546802730715,2.455397060492993e-07
3.158575830760806e-05,0.976616141195015,1.3409148129689046e-29,7.884377684062382e-06,1.7868425698178586e-14,2.4270772759225238e-06,0.02128005603968346,2.2868913331808104e-16,0.0020617285275599433,1.7702445581692653e-07
1.2799873696786975e-05,0.9807667991528868,4.945627704202749e-30,1.4910260582580717e-06,6.590320302879047e-15,1.017826262304972e-06,0.01832850312548699,8.434624649151326e-17,0.0008893438246398066,4.517096228081025e-08
4.3103504857519184e-05,0.9744340530153163,2.3066144995633262e-29,0.0013435355298872997,3.073690394137164e-14,3.0326424229325633e-06,0.02160952337711008,3.9338641478353915e-16,0.0025661068190227713,6.451113519554491e-07
1.9167303179782015e-05,0.976576728122117,9.154567898638958e-30,0.0005418737566785985,1.2198964073906149e-14,1.4712682059553788e-06,0.021556757353582645,1.5612850110931253e-16,0.00130371724378238,2.849524411633258e-07
3.87511910238079e-05,0.9744516064085517,2.074058682973826e-29,0.0011834372743661488,2.7637970072330655e-14,2.8851153821824236e-06,0.02180813866124559,3.537246945686556e-16,0.002514631679200235,5.496702023233861e-07
0.00011654886556754305,0.9684702897570434,7.047426027743975e-29,0.0041953371813478095,9.391081903357362e-14,6.109543577019486e-06,0.022597366065954524,1.2019180747491136e-15,0.004612799938450161,1.548647964256793e-06
1.7985374339694393e-05,0.976644541619961,8.674764014121731e-30,0.0005204326481541386,1.1559599068965181e-14,1.4153836183721519e-06,0.02155174052358167,1.479455849798469e-16,0.0012636198870105751,2.6456332302981997e-07
2.2612399567209272e-05,0.976195225772836,9.301597532830024e-30,2.804534145706279e-06,1.2394889129589674e-14,1.8344774401885045e-06,0.02219332480067482,1.5863604888862953e-16,0.001584113360941752,8.46543816669747e-08
7.31976630839846e-05,0.9623840230694946,4.4018233998340367e-29,0.0025760021939093066,5.865671226518173e-14,5.581779710038665e-06,0.029868241827299826,7.507182175854478e-16,0.005092141900047201,8.115663958149388e-07
8.205502033076158e-05,0.9603163838853861,5.307801713128892e-29,0.0031591606823609657,7.072937043757215e-14,6.095652529361056e-06,0.03035362527060347,9.0523019199874e-16,0.006081722826019954,9.566626977694602e-07
1.930610675808556e-05,0.9740942689789113,1.0728180485614541e-29,0.0006189880586934646,1.4295889196675688e-14,1.5811212094984835e-06,0.023812688072762756,1.8296600750509685e-16,0.001452869673909701,2.9798774080484556e-07
6.167159701838213e-05,0.9652606004423561,3.948830985523816e-29,6.337236398784604e-05,5.262033976883865e-14,4.993581890557047e-06,0.029411539222804876,6.734616747936724e-16,0.005197218094382046,6.046975069574368e-07
2.504886769885448e-05,0.9675984226629233,1.2118279807621307e-29,0.0007213728579385137,1.6148272823744885e-14,1.9505408708099003e-06,0.02980256257674195,2.0667374837731645e-16,0.0018502946214828898,3.4787232726723474e-07
5.213305704014366e-05,0.9631370329016927,2.513642255336861e-29,1.4782972667465482e-05,3.3495662391739946e-14,4.022639575597662e-06,0.03221751994049204,4.2869439824555236e-16,0.004574199392144251,3.090963538219509e-07
5.276000983105562e-05,0.9678566129081241,3.8896383602969916e-29,0.0022186882126440893,5.183156555625101e-14,4.423167030403066e-06,0.02621307445522528,6.6336654419226895e-16,0.0036536732362283174,7.680108642475301e-07
3.772242121028586e-05,0.9646178844921424,2.0201516546952437e-29,0.0012139419343661867,2.6919629339504997e-14,2.904131686542071e-06,0.0312745756121331,3.44531007201061e-16,0.0028524617067404,5.097016938033184e-07
4.184336044252611e-05,0.9646538637336481,2.204898953449582e-29,0.0013049451636508085,2.9381488473883886e-14,3.225830603757951e-06,0.030696939588686502,3.760391233217713e-16,0.003298640973413688,5.413495245696684e-07
3.394566891781591e-05,0.9657680105324671,1.8292201081782497e-29,0.0010861167444783683,2.4375361710136593e-14,2.7096717474815795e-06,0.030619153286459203,3.119681855559116e-16,0.0024896191463984947,4.4494950685273266e-07
7.391606365435154e-05,0.9639088817941903,4.6361503599454084e-29,0.0026131945668909744,6.177924759355286e-14,5.539752959226593e-06,0.02822055939779031,7.906820011924611e-16,0.005177026812271669,8.816121807175085e-07
3.110784514115638e-05,0.9700118017016887,1.7568152136532885e-29,0.000948445577658323,2.341052675903358e-14,2.448258614872342e-06,0.026623528734196395,2.996197407354102e-16,0.0023822458486053182,4.220340714313625e-07
0.005882735354034449,2.5535381217574587e-06,2.5859235178288983e-70,0.7983504552149916,2.4292304819968475e-81,0.00033352521701410345,1.1870346587509475e-71,1.3452535453689544e-61,0.19536524492086704,6.54857549709661e-05
9.395179530793116e-05,0.9723276695718236,7.025293850471481e-29,0.002644660448207932,9.361589562655737e-14,5.778121579835818e-06,0.02107004301440457,1.1981434960876551e-15,0.003857088236112404,8.088124687043216e-07
4.6217416636288696e-05,0.9755880396303365,2.5237758179344676e-29,0.001305715419381164,3.36306976740556e-14,3.3064703441334903e-06,0.020615863681321255,4.3042264796408354e-16,0.0024403419216271244,5.154603196376456e-07
5.9435984923618754e-05,0.9731412780903388,2.959944092188992e-29,0.0017442026965508123,3.944287927205619e-14,3.792789017910564e-06,0.022218718014623867,5.048098824514629e-16,0.002831766116126792,8.063083784547814e-07
1.7749434347217033e-05,0.980321642927938,6.962580054867923e-30,6.107930147721563e-07,9.27801998865039e-15,1.375753352733315e-06,0.018708639616407712,1.1874478400903094e-16,0.0009499578936029791,2.3581327247386202e-08
2.624713209334364e-05,0.9719372365187342,1.0716047479858065e-29,1.5872373929064092e-06,1.427972130071771e-14,2.0304255831100387e-06,0.026223084354425944,1.8275908260999492e-16,0.0018097578224752586,5.650928076757896e-08
5.530375464107892e-05,0.971550584552625,2.6839868730272246e-29,3.2862744365792136e-06,3.576559789759324e-14,3.89854257698323e-06,0.024980211719698442,4.577461788718785e-16,0.0034065986750377035,1.164809480490217e-07
1.5196886665210566e-05,0.9800679631902001,6.335670384360594e-30,3.7259951605670418e-06,8.442628451575098e-15,1.160903378104281e-06,0.018757796226448343,1.080530213534269e-16,0.001154068440455766,8.835768334219975e-08
2.0083534203686814e-05,0.975747598140426,1.0902911894371947e-29,0.0006405972913185558,1.452872838707928e-14,1.583260568185827e-06,0.022144006357798042,1.8594600101744767e-16,0.0014458135206804068,3.178949901465591e-07
6.765884304987631e-05,0.9827322165735485,3.802134388144878e-29,6.270822089949821e-07,5.066552711027713e-14,4.1953607628337145e-06,0.016082725396968773,6.484429954635382e-16,0.001112550224037696,2.6519372042855758e-08
9.585508309520877e-06,0.9789544229374841,3.8483611923004976e-30,1.5764788893143566e-06,5.128152464221606e-15,7.418003475855541e-07,0.020310950334206535,6.563268428763761e-17,0.0007226786406178492,4.430013967993359e-08
3.5816861329609284e-05,0.9745009454686892,2.174547797436231e-29,0.0011648053397429025,2.8977042665069844e-14,2.804924710129101e-06,0.022139222333947446,3.7086282166794064e-16,0.0021559530019139277,4.520696372110528e-07
5.069839473477924e-05,0.9709689956237404,2.733021428142014e-29,0.001638206954400261,3.6419010251786547e-14,3.4917528498700495e-06,0.024388352441590086,4.661088800690975e-16,0.0029495234567701286,7.313758777831213e-07
6.604957631667664e-05,0.9717620958668294,3.700078494183072e-29,0.0020432147370750297,4.9305576320957615e-14,4.455458941658411e-06,0.022815900079955237,6.310376586633634e-16,0.003307509178876532,7.751019553463829e-07
8.502102012787168e-05,0.9718032269557997,4.614199364183888e-29,0.0025813119417082923,6.148673852961499e-14,4.934335509183398e-06,0.021944189145237134,7.869383225134228e-16,0.0035802793508852068,1.0372506702977863e-06
4.7965430419027445e-05,0.9699157604179871,3.5502523443244655e-29,0.0020675679452610554,4.7309060658285664e-14,4.103134952787756e-06,0.02477123866911373,6.054852432310765e-16,0.0031926237208048463,7.4068141353238e-07
4.3427558868316516e-05,0.974514597131376,2.650016331037304e-29,0.0013708117810204107,3.5312921784535796e-14,3.210937323803745e-06,0.0216637816493858,4.519526014343166e-16,0.002403647655434133,5.232865556840495e-07
3.833190332197274e-05,0.9761332921079887,2.0383176192984094e-29,0.0011260420019811597,2.7161700786256135e-14,2.7468180736705637e-06,0.02055479054743355,3.4762915979138637e-16,0.0021443149217922983,4.816993808945181e-07
3.113381728964102e-05,0.9676935900672164,1.925441912529164e-29,0.0011574930299529972,2.5657570053991266e-14,2.6820969086346377e-06,0.028746009833173335,3.283785352890524e-16,0.0023686307959417,4.6035949137359006e-07
6.908120335842923e-05,0.9811038638587833,3.438474205174837e-29,8.165516538867146e-07,4.5819555616833306e-14,4.242242342742177e-06,0.017374292396970612,5.864218057048084e-16,0.0014476695729596525,3.417388500060722e-08
1.491298334683764e-05,0.9764303079002762,7.535828667021537e-30,0.0004459794175745782,1.0041905220864943e-14,1.1733457315394065e-06,0.021978949299393494,1.2852137287368606e-16,0.0011284491721331098,2.2788153428547965e-07
3.817633095162673e-05,0.976251610641485,1.9713171732629486e-29,0.001038351418774991,2.62688830769213e-14,2.750958530061192e-06,0.02061635710705208,3.362024279903542e-16,0.0020523208572343398,4.32685945231156e-07
3.400514611159695e-05,0.9756707586529083,1.7467134139892694e-29,0.0010395964716233216,2.327591473523563e-14,2.4687505853379676e-06,0.021066064114982904,2.9789690809352877e-16,0.0021866022709684744,5.045927965061408e-07
2.8966338370400076e-05,0.9766564440007925,1.4911739586515996e-29,0.0008821749535427267,1.98707112678025e-14,2.008449206497683e-06,0.020675433495939134,2.5431539493207607e-16,0.0017544978717057478,4.748904228704025e-07
5.745638586148035e-05,0.9724047862372781,3.176149675077815e-29,0.0019045146751710007,4.232393730498666e-14,4.147639460358284e-06,0.022548800239102548,5.416831177168337e-16,0.0030794774194474496,8.174036361267364e-07
3.98211112526057e-05,0.9756456512798136,2.081350229078023e-29,0.0012461567376613246,2.773513392534198e-14,2.6514959359062326e-06,0.020912558326601213,3.549682466146236e-16,0.002152532400716726,6.286479904338456e-07
0.005984747243792571,6.78187677177865e-06,6.867888591151889e-70,0.0005670533114506269,6.4517315371306565e-81,0.0004879292823498307,3.152615200693235e-71,3.572824723061816e-61,0.9929349456274369,1.85426581984995e-05
1.4915308077072713e-05,0.9791198238887585,7.110030648439263e-30,0.00040349364639629597,9.474505995807499e-15,1.1537998033332622e-06,0.019513185189797635,1.2125951112854223e-16,0.0009472355637637111,1.9260339361469455e-07
6.998120419999436e-05,0.983327538930187,4.2059810898639066e-29,5.733395652931164e-07,5.604700601805363e-14,4.188443418098339e-06,0.015577393270468979,7.173178794727267e-16,0.0010203003900857307,2.4422018050159767e-08
3.6081407698791674e-05,0.966855205418264,1.7064531713169272e-29,1.003622230495907e-05,2.2739424909167964e-14,2.7729509716355704e-06,0.03003550311820019,2.9103064044174273e-16,0.0030601809076000095,2.1997493728996311e-07
6.420717526522192e-05,0.9868102616758225,1.290721128427281e-28,3.1499096673554986e-07,1.7199567308302547e-13,3.911182948458957e-06,0.012578118175714218,2.2012874595705307e-15,0.0005431731458527531,1.3653256041963396e-08
6.429941238316981e-05,0.9619249628335509,3.741713569793025e-29,0.0022491668787319335,4.986038655034407e-14,4.8685915980499145e-06,0.03084607149179487,6.381384000859815e-16,0.004909862619706718,7.681721840975375e-07
4.098667768993239e-05,0.969004586124229,2.1913533928258188e-29,0.0012871581133631794,2.9200986445563795e-14,2.9936116090988213e-06,0.026874534588246502,3.737289672331898e-16,0.0027891660606894396,5.748241431989555e-07
3.5918295846307526e-05,0.9646349579000928,1.9511657095738917e-29,0.001136785170235351,2.6000353765323968e-14,2.8195484038957325e-06,0.03126510312362255,3.327656542879971e-16,0.002923934064045459,4.818977271063493e-07
7.276230464772396e-05,0.9656205275112256,9.356806017270408e-29,0.005599912331684096,1.246845746461888e-13,6.736815016309252e-06,0.024252916040909834,1.5957761358222372e-15,0.004445975231279686,1.1697651103120061e-06
3.655858390252613e-05,0.9741631512223232,2.0217144155590966e-29,0.0010358590850083715,2.6940453985566698e-14,2.6613343069372796e-06,0.022227024328218548,3.447975315351486e-16,0.002534270532174243,4.7491403865491157e-07
6.37729188758566e-05,0.9736023977271296,3.6843694742870645e-29,0.001684548046928231,4.909624501065237e-14,4.343639606025499e-06,0.021614008933451407,6.283585308687958e-16,0.003030333572056462,5.951619023558894e-07
3.198441976095601e-05,0.9645456126510991,1.601728988207636e-29,0.0009480119611954956,2.134391770275083e-14,2.5033408094076993e-06,0.03197018101005036,2.731702346642152e-16,0.0025012819184273122,4.246986357483877e-07
4.6503961536805064e-05,0.968844299558184,2.3367694859849095e-29,0.0013905699666391972,3.113873568272891e-14,3.3290795969878947e-06,0.02674212433852212,3.985292602819977e-16,0.002972548220355566,6.248751339497842e-07
3.852611308558512e-05,0.9700628735582675,1.5624605612401447e-29,2.8555004295292895e-06,2.082064436520073e-14,2.914421480282289e-06,0.027345305642829453,2.664731183052556e-16,0.002547428474417966,9.628946879279843e-08
3.951530370188989e-05,0.9746701072309639,2.067493359753638e-29,0.0010499729880760493,2.7550483537757895e-14,2.955177332275857e-06,0.022030021773903445,3.526049977297179e-16,0.0022070162450304985,4.112809640655315e-07
2.2369196032288857e-05,0.975592174081335,1.0865425118683881e-29,0.0006467886707534321,1.4478775201421576e-14,1.6908062691372746e-06,0.0222708839831084,1.8530667492754394e-16,0.0014657573836381259,3.3587884893865345e-07
2.4977013428765852e-05,0.9782832407623444,1.0930473607730108e-29,6.428306118292999e-06,1.4565455882554536e-14,1.8184885779641255e-06,0.01986524731139756,1.864160580472371e-16,0.0018181341315334741,1.5398658453423126e-07
6.877590029029433e-05,0.9660683190518947,3.8370452122979187e-29,0.0022975924985983508,5.1130732999135856e-14,4.658054483778051e-06,0.027300315441471067,6.543969352975206e-16,0.004259486431138641,8.526220712613358e-07
3.7697978173305486e-05,0.9735499791880852,1.936876769178219e-29,3.109008121627162e-05,2.5809945793618762e-14,2.9899736193315828e-06,0.023684050487990518,3.3032871693496587e-16,0.0026938174521106036,3.7483877879610583e-07
6.038857870654548e-05,0.9767966849241057,2.946922670940734e-29,9.916302381905366e-07,3.926936168852679e-14,4.253925886105068e-06,0.02135332387213821,5.025891168135335e-16,0.0017843164263738945,4.064251175794699e-08
2.8653950707651894e-05,0.9747989372335122,1.4841439999345542e-29,0.0008645883682235269,1.9777033210269372e-14,2.1282532587785403e-06,0.022431736830204527,2.531164558564625e-16,0.001873523573482739,4.3179059052705286e-07
1.9854876638666972e-05,0.9769899820718067,8.17407198770347e-30,1.4938606350839787e-06,1.0892399468722347e-14,1.4613974265499697e-06,0.02167951596746858,1.394064276468238e-16,0.001307639812697412,5.201331590627121e-08
3.126792936469679e-05,0.9726054838885753,1.772513403374073e-29,1.619200241580881e-05,2.3619713751307563e-14,2.6799288742211475e-06,0.0248804699822815,3.0229702147477516e-16,0.0024636322801374786,2.7398832707428384e-07
3.25973012231471e-05,0.968058757971516,1.4092925305898668e-29,8.288436947084611e-06,1.8779596307157935e-14,2.5531527721846178e-06,0.02926602057827263,2.4035075479443203e-16,0.00263159422939007,1.883298598828738e-07
2.486780303687466e-05,0.9769906680694529,1.2338990147873415e-29,0.0007344158151289144,1.6442381463418596e-14,1.7732148272593375e-06,0.02069747666704388,2.10437899234588e-16,0.0015504029931755752,3.9543731782472015e-07
2.4758462814995484e-05,0.9797987286941128,1.0117754535023469e-29,1.8490920666818476e-06,1.34824631209193e-14,1.7739128514169327e-06,0.018723556173653934,1.7255536991321712e-16,0.0014492690796566552,6.458482983470492e-08
5.2844737534858514e-05,0.9862176032715535,3.0694447407964716e-29,3.328525530299383e-07,4.090203550227554e-14,3.3681540418349257e-06,0.013106580908347485,5.234849005700391e-16,0.0006192558094514242,1.4266476338119043e-08
1.1607143742136484e-05,0.97897421769845,5.3233610373687924e-30,0.00032008202190932214,7.093670697111697e-15,9.087853423515678e-07,0.019905281416132344,9.078837896344072e-17,0.0007877315013440399,1.7143307246687246e-07
5.6960839011511956e-05,0.9762180781846949,2.786807340486852e-29,6.439702323746154e-06,3.713573704833068e-14,3.5835239159691413e-06,0.020486474326013818,4.752819114655087e-16,0.0032282576422215984,2.057817808284063e-07
6.90278272209797e-05,0.9701683417071912,4.860403296580221e-29,0.0025797930044962844,6.476754103106068e-14,5.084971203591488e-06,0.022991114519126124,8.289276893056557e-16,0.004185720771507085,9.171991890752471e-07
2.0243224912593154e-05,0.9766456599198602,1.051298481708992e-29,0.0006177006496321036,1.4009129159691173e-14,1.5503716793114346e-06,0.021306924950447004,1.7929590777528117e-16,0.0014076031737345967,3.177097199088873e-07
3.9119487125808355e-05,0.9658767244922057,1.9819755596868978e-29,0.0011910868980939912,2.641091192471871e-14,3.073734345567098e-06,0.03000023493553601,3.380201848905022e-16,0.0028892569522783133,5.035003881186796e-07
3.574740216667346e-05,0.9729909957250907,2.0480785514881586e-29,0.0011929033066466097,2.729177056391224e-14,2.7932720959582044e-06,0.02346144017096363,3.492938584739487e-16,0.002315578629240063,5.414937687003371e-07
2.706841551034444e-05,0.9756806366730867,1.5041726704942511e-29,0.0008425942826772178,2.0043926236035386e-14,2.093725062905713e-06,0.021743154380038286,2.5653228754648356e-16,0.0017040915268732746,3.6099673106812333e-07
2.007596606878268e-05,0.9771509729650463,9.599669894925424e-30,0.0005741027308061754,1.2792086908543797e-14,1.5111903652628438e-06,0.0209438217878607,1.6371958659695809e-16,0.0013092106586007287,3.0470123900760214e-07
8.279144052564358e-05,0.9821764899511767,5.128727292590974e-29,6.991162467438895e-07,6.834310551836136e-14,4.843544530321044e-06,0.016523467921821598,8.746895688097703e-16,0.0012116783118747046,2.971375504863684e-08
2.191515302735859e-05,0.9755638032157367,1.0516370163070644e-29,1.6887617590841402e-05,1.4013640318978587e-14,1.802687788569383e-06,0.02276531666527252,1.7935364386937613e-16,0.0016300586436831376,2.1601688682266874e-07
1.744317787796172e-05,0.9769962708638922,7.165465633011154e-30,2.1604394598669833e-06,9.548376154696385e-15,1.3239086243414376e-06,0.021748144992669263,1.222049387168392e-16,0.001234590526763712,6.609070324643877e-08
7.411723566237405e-05,0.984979415170369,7.030314904073154e-29,4.1750791813147863e-07,9.368280392104814e-14,4.33694148462212e-06,0.014204261013162469,1.1989998222206705e-15,0.0007374341406559402,1.7990652679496382e-08
2.08086065854815e-05,0.9777009772912263,9.963812493716995e-30,0.0005989051067590111,1.3277326903442346e-14,1.5557872154439769e-06,0.020249442232349698,1.6992993303481345e-16,0.0014280086687264034,3.02307124381986e-07
1.9037587119735215e-05,0.9766390666230973,8.450069064717585e-30,1.3569490731203083e-05,1.1260180718943671e-14,1.5192525992221936e-06,0.0219290712644943,1.4411347776891026e-16,0.0013975557021548744,1.8007979210944158e-07
4.4239423918345815e-05,0.9833629256371338,1.8285139665753143e-29,5.606680459292131e-07,2.436595198578733e-14,3.0584415650331716e-06,0.015568875836780302,3.118477551532366e-16,0.001020316630271667,2.3362260459545613e-08
3.3149971920711044e-05,0.9814983654261079,1.3815268483360798e-29,6.326317321128054e-07,1.840960335494734e-14,2.431624873350041e-06,0.01738022263879847,2.3561539819371916e-16,0.0010851720758129617,2.5630735757315593e-08
1.4100465064736298e-05,0.9828738302483379,5.361740358558515e-30,6.566206529997615e-07,7.144813248628836e-15,1.0963443128757675e-06,0.016279279749879926,9.144292715810431e-17,0.0008310120693807845,2.450236359217619e-08
4.5002594503339034e-05,0.976763769918428,2.0016962217917255e-29,8.199267276223944e-06,2.6673700568807134e-14,2.942703217401896e-06,0.020685578369836928,3.413834866318129e-16,0.002494285610404858,2.215363063986353e-07
3.625211633152855e-05,0.9760511662524206,1.8194020150737883e-29,0.001093344338417555,2.424453023192568e-14,2.5268107868610366e-06,0.020570483395503335,3.10293738245143e-16,0.0022456999541800447,5.271323354516779e-07
2.7423431689278943e-05,0.9757139303598964,1.3973337359315182e-29,0.0008210363250426168,1.862023880604929e-14,2.052969608236499e-06,0.021590149950991417,2.383112170404974e-16,0.0018449968998612764,4.10062892024546e-07
0.00013057852704614176,0.9679133086202045,7.019230338676026e-29,5.310836147630857e-06,9.35350960045991e-14,8.079355697295877e-06,0.026422711527181484,1.19710938173258e-15,0.0055198161437128735,1.94989915401346e-07
1.0596424989596912e-05,0.9790649255758554,4.5448164431353194e-30,2.6728539499449156e-06,6.056217303336373e-15,8.574018466034812e-07,0.020051923562694956,7.751052665076388e-17,0.0008689596283597158,6.455229761300733e-08
6.35892303700853e-05,0.9690016150418456,3.5358155090865605e-29,0.0021171364039275138,4.7116681906659336e-14,4.624084652770854e-06,0.02521499431331159,6.030230828419565e-16,0.0035972169802064705,8.239456380704619e-07
6.359436063304059e-05,0.9751805813601956,3.4560317463541667e-29,5.1152325411510115e-06,4.605351948759778e-14,4.279336106735812e-06,0.021167016079729716,5.894161934439669e-16,0.0035792467166107984,1.6691413657082543e-07
6.359436063304059e-05,0.9751805813601956,3.4560317463541667e-29,5.1152325411510115e-06,4.605351948759778e-14,4.279336106735812e-06,0.021167016079729716,5.894161934439669e-16,0.0035792467166107984,1.6691413657082543e-07
6.780218984945447e-06,0.9805582043570535,3.044635731126071e-30,0.00018288189418631546,4.05714418346938e-15,5.440562983265004e-07,0.01877325662221051,5.19253795905847e-17,0.00047823473572554924,9.811553670808658e-08
3.950628177669647e-05,0.9849349575920974,1.626776373994152e-29,4.1917413487124457e-07,2.1677687862890107e-14,2.745576551009223e-06,0.01424367793555417,2.774419936843704e-16,0.0007786758339428273,1.7605921413970413e-08
2.159865579753273e-05,0.9765480696208577,9.53911206173574e-30,1.531616707076541e-05,1.2711390272760167e-14,1.7127961484679158e-06,0.021841926104388495,1.6268679031088076e-16,0.0015711722558660584,2.043998578374802e-07
4.238867777888818e-05,0.9753178811617162,2.2310539923438852e-29,0.0012937878822816718,2.973001871949991e-14,3.037032109458879e-06,0.02099622494648248,3.804997893678632e-16,0.0023461087774777935,5.715221232026084e-07
1.8868998443226015e-05,0.9786843936305087,9.303508576039452e-30,0.0005340495427002248,1.2397435699532342e-14,1.4409899943925311e-06,0.019552291264829012,1.5866864117644887e-16,0.001208703661906748,2.5191160499032263e-07
5.489109779847385e-05,0.9747405777974271,3.217673559796923e-29,0.0016015190209500354,4.2877265854736025e-14,3.6065494724501756e-06,0.020905330703238866,5.487648958554603e-16,0.0026934523056371014,6.225254324519797e-07
5.858019132673948e-05,0.9811404012061093,2.850696954150503e-29,6.769500398605059e-07,3.79871012092691e-14,3.996342901359732e-06,0.017601832341885178,4.861780998251627e-16,0.0011944848558570929,2.8111841776829933e-08
9.488708055261817e-05,0.979795839438406,5.502994550336299e-29,1.3066926929859898e-06,7.333042210372717e-14,5.593000817894195e-06,0.01822997300506012,9.38519764415784e-16,0.0018723472869997273,5.3495396480941626e-08
2.6525348837743167e-05,0.98002964763299,1.1061730967722916e-29,1.6384249932025309e-06,1.4740363517378577e-14,1.8462385721601023e-06,0.018420611769859076,1.8865461426332192e-16,0.0015196710568433757,5.952788972058053e-08
1.864057234480497e-05,0.9769653616962086,9.238155600026249e-30,0.000540733087993799,1.2310349272807192e-14,1.4426517461044917e-06,0.021283350310923932,1.5755406511986275e-16,0.0011902112495510717,2.6043121932129615e-07
1.7551369691926515e-05,0.976675020014893,8.168680878562202e-30,0.0004910072042692607,1.0885215519959268e-14,1.3572902403488224e-06,0.021647590210716976,1.3931448384359847e-16,0.0011672186614856666,2.552486917261417e-07
5.974689888230128e-05,0.9758098477636457,3.090872203028152e-29,1.817565726764796e-05,4.118756819464795e-14,3.68772916726304e-06,0.020860836833052673,5.271392921242258e-16,0.003247283179407098,4.219385356139301e-07
5.323887080353872e-05,0.9696972995543038,2.8604310684336336e-29,0.0016734601934879406,3.811681362360647e-14,3.6192012948257075e-06,0.02542644734455639,4.878382247917895e-16,0.0031452501511008385,6.846844140827369e-07
0.000604035549226699,1.978731239974637e-07,2.0038265160334963e-71,0.9709087261505684,1.882405422983665e-82,3.925638741652743e-05,9.198305782272198e-73,1.0424340497361697e-62,0.02842718849230271,2.059554736147623e-05
5.31253945911774e-05,0.9762479288540389,2.4277636777846666e-29,2.9729953626600954e-06,3.235128322073075e-14,3.385903258535066e-06,0.020872749933515854,4.140480558524668e-16,0.0028197281420736854,1.0877712621159013e-07
3.1697871365774096e-05,0.9747595411102348,1.350530235168485e-29,4.071989049121941e-06,1.7996556475367377e-14,2.29823527800127e-06,0.022814472676578934,2.3032901569390174e-16,0.002387796949043733,1.211684316386612e-07
2.3973095675952487e-05,0.9769143357012396,1.2287141121945783e-29,0.0007217834581159648,1.637328979119927e-14,1.743629238391984e-06,0.02068961328623147,2.095536291312054e-16,0.001648178667262539,3.721622193718387e-07
8.855707030155936e-05,0.9608113026542144,5.951270755805958e-29,0.0035572722429411995,7.930394852929479e-14,6.367684357709169e-06,0.029170436545395303,1.0149719714640645e-15,0.006365029856457879,1.033946251662063e-06
7.305348800454832e-05,0.9723805410475742,4.874517251895893e-29,0.0023504787570755984,6.495561723055e-14,4.448637083135342e-06,0.021324891934485814,8.313347834609222e-16,0.003865613149279633,9.729864313790052e-07
1.7895821673233153e-05,0.976717797466925,8.892194977539179e-30,0.0005344234556852904,1.1849337759053965e-14,1.4237603022326353e-06,0.02147116330044078,1.5165380701597809e-16,0.0012570292360304974,2.6695893099249856e-07
1.7071783671639246e-05,0.9773677000007428,8.284601686123515e-30,0.0004969704971118591,1.1039686357088097e-14,1.3307153511510579e-06,0.020899003030765025,1.4129147960488618e-16,0.001217670645027649,2.5332731841514585e-07
