i = 0,i = 1,i = 2,i = 3,i = 4,i = 5,i = 6,i = 7,i = 8,i = 9
1.4237794385606717e-29,3.4287644003102904e-22,1.4333045852931092e-24,0.0011283467195835261,3.881992365319221e-09,0.035698221330059794,0.963167942403194,5.485658677018197e-06,6.49321663673037e-12,7.213905599416842e-18
1.5362818394274977e-29,3.699694164144755e-22,1.5465596321435657e-24,0.0011461231540574005,4.139807811053326e-09,0.039378256359901366,0.959469931012828,5.685327063254753e-06,6.3421598800465744e-12,7.783924857723789e-18
1.7725787150036994e-29,4.268747412799116e-22,1.784437344155048e-24,0.001151987513707108,3.784700758888432e-09,0.044336635880449185,0.9545058174368192,5.555377801343602e-06,6.5224418090919125e-12,8.981177260502626e-18
1.5668797500246188e-29,3.773380455530833e-22,1.5773622441011998e-24,0.0012970689437779744,4.362716463924515e-09,0.038168175403304284,0.9605284775959811,6.273686111812578e-06,8.108362307465594e-12,7.938956200787832e-18
2.7725126680583505e-29,6.6768015313227745e-22,2.7910608991014217e-24,0.0020738080816951397,6.0692223501873136e-09,0.05839648174248386,0.9395191831001045,1.0520995337316693e-05,1.1156678337809349e-11,1.4047572340825016e-17
6.339659809248229e-83,7.314418186912101e-62,7.217045205373687e-56,0.030930105540982734,4.6953677544076054e-08,0.9689416066917731,2.3766601220538753e-30,0.0001282408122321962,1.3345295564551425e-12,1.535704389188624e-75
4.6045904874905073e-29,1.1088835471226732e-21,4.6353953992965605e-24,0.002344089336833051,6.807368347952012e-09,0.081538823920465,0.916104765767919,1.2314156029364919e-05,1.1385294714504913e-11,2.3330215482188125e-17
2.013118806840912e-29,4.848019230751877e-22,2.0265866597299616e-24,0.0007169956615075254,4.1169562584442855e-09,0.038094871170287266,0.9611822981767921,5.830862410101082e-06,1.2046816119564247e-11,1.0199928893229455e-17
2.349031908330892e-29,5.656969586960847e-22,2.364747034564664e-24,0.0019155553328918478,7.684612911219418e-09,0.04984887423995195,0.948225261104168,1.0301627847718863e-05,1.0527342088755173e-11,1.1901909788673314e-17
2.796171532087727e-29,6.733777119351856e-22,2.8148780419661988e-24,0.0012926659599997465,6.401954250466947e-09,0.05172268482620213,0.9469758423681943,8.800431497938395e-06,1.2151603127438714e-11,1.416744541039954e-17
9.037031676005437e-30,2.1763098732826294e-22,9.097489813276094e-25,0.0007636915665702652,2.837842647684564e-09,0.023967967407706136,0.9752642078972404,4.130283514111751e-06,7.126310903028489e-12,4.5788196994576115e-18
1.5295361353707388e-29,3.683449070769742e-22,1.5397687990315512e-24,0.0010130608817091843,4.549887632817638e-09,0.036662158344847,0.9623183526866418,6.423527268537591e-06,9.646126711607343e-12,7.749746198481274e-18
1.2769562461737525e-29,3.0751828542071268e-22,1.285499139325801e-24,0.0011949497647138535,4.2563704021230666e-09,0.03244389013491618,0.9663550222825722,6.133553018332145e-06,8.40909738520453e-12,6.469992166620687e-18
2.1216990243177625e-29,5.109503540877142e-22,2.1358932836119734e-24,0.0015188069755616143,4.0054920703327e-09,0.05008604004078175,0.9483881556899407,6.993278832032222e-06,9.391911151098857e-12,1.0750075508377932e-17
1.6023186874312738e-29,3.858724971453609e-22,1.6130382695495116e-24,0.0011300883629503983,3.64612342692684e-09,0.03763981597566427,0.961224631710765,5.46029733438254e-06,7.162752674517571e-12,8.1185157182744e-18
1.0026945044208039e-29,2.41470211469016e-22,1.009402574521937e-24,0.0011071435166589776,3.923616025644314e-09,0.026636059232650614,0.972251483299451,5.310020773585821e-06,6.8500745845122914e-12,5.0803820479793344e-18
1.849281531326571e-29,4.453464145523721e-22,1.8616533056747657e-24,0.0004164059527912991,2.8765487107599447e-09,0.035215687632971934,0.9643635509676447,4.352557648718013e-06,1.239451379788253e-11,9.36980969975317e-18
1.0274723805499704e-29,2.4743725223994244e-22,1.034346215726407e-24,0.0008720117306931462,3.0745674957695127e-09,0.02722011019833653,0.9719034189726529,4.456017312712188e-06,6.437294025309874e-12,5.2059248494195275e-18
1.3233317043718091e-29,3.1868648435736267e-22,1.3321848513680673e-24,0.0013463347457313337,3.982085716265398e-09,0.03422346500540573,0.9644241000525539,6.0962055210250055e-06,8.702265840936035e-12,6.704964079060076e-18
1.0354587000192129e-29,2.493605282154212e-22,1.0423859640222895e-24,0.0008631859146580894,3.0407733307351433e-09,0.028174504556788445,0.9709580643058987,4.242176483429593e-06,5.397989550789142e-12,5.246389371646468e-18
8.662862600207913e-30,2.0862019835319178e-22,8.720817529992083e-25,0.0009490801088560199,3.021051413351266e-09,0.023587101940244704,0.9754594471713004,4.367752045203297e-06,6.502496461144702e-12,4.389238341705101e-18
5.1333583997435534e-30,1.2362221323316617e-22,5.167700792015476e-25,0.000579754877840688,1.8436323022649097e-09,0.014590269034826043,0.984827332505779,2.6417335192632263e-06,4.402802260593576e-12,2.6009339579422126e-18
2.819543216475552e-29,6.79006111758495e-22,2.8384060839450586e-24,0.001343272774504256,4.17636617798359e-09,0.06231579778432665,0.9363343411679849,6.584089304098822e-06,7.51399969119087e-12,1.4285863418348567e-17
1.2547467599349925e-29,3.021697676867001e-22,1.2631410706524682e-24,0.0011159023058874245,4.425687873794182e-09,0.031141343547644165,0.967737071315678,5.678398118788353e-06,6.9836157734083806e-12,6.357462702576784e-18
1.6523040393181363e-29,3.979100354356958e-22,1.6633580256272896e-24,0.00122933048209269,4.78067868059273e-09,0.036097896758769045,0.9626663932746496,6.374695184588419e-06,8.625297234961774e-12,8.37177798636136e-18
2.2450242423395718e-29,5.406496955560219e-22,2.260043552737664e-24,0.0016680348068482491,4.837151322972229e-09,0.0506400497785412,0.947683764862908,8.14570487464533e-06,9.676764339162968e-12,1.1374931056043523e-17
1.8564713014786228e-29,4.470778644719392e-22,1.868891175703678e-24,0.0010466017807834959,3.79167501695966e-09,0.038196818896875956,0.9607508731713825,5.702349473959469e-06,9.808986142475312e-12,9.40623832187939e-18
1.2545984219486968e-29,3.021340447374252e-22,1.262991740278555e-24,0.0012296805631665238,4.4370081912038156e-09,0.03197234784828187,0.9667920040544996,5.9630895954756964e-06,7.44842025996334e-12,6.3567111140926664e-18
2.0797757302269133e-29,5.00854331176486e-22,2.0936895208495683e-24,0.0014387541469917037,5.14325039271079e-09,0.05055546029024416,0.947998665051251,7.115361078226605e-06,7.184575397977503e-12,1.053766150814928e-17
9.731226445954781e-29,2.343486772289552e-21,9.796328776606501e-24,0.0015627687602805692,5.9120210123467455e-09,0.1168473038996568,0.8815804115962067,9.50982225196703e-06,9.58320129997451e-12,4.930549426857383e-17
2.0781263181194493e-29,5.004571175798893e-22,2.092029074102946e-24,0.0007779944424762796,3.5425698269135463e-09,0.04094566514731133,0.9582709902631774,5.34659505228998e-06,9.41300343527904e-12,1.05293043828e-17
1.0467441602253568e-28,2.520783076093323e-21,1.0537469244509362e-23,0.0029650654704075434,8.7811653333014e-09,0.11679471662043973,0.8802232787077094,1.693040760882695e-05,1.266920520177522e-11,5.303569748303262e-17
4.161531169631515e-29,1.0021854185251421e-21,4.189371995217833e-24,0.0005102230133744187,4.56664967139281e-09,0.055762530311395254,0.943720969269694,6.272825705635926e-06,1.3181302152139405e-11,2.1085353667630752e-17
1.926695403443902e-29,4.639893252179744e-22,1.9395850799833167e-24,0.0015899634439481343,5.9530300191455015e-09,0.04674608901958764,0.9516555877356685,8.353839635087865e-06,8.130534797991664e-12,9.762044866531746e-18
5.557676881970268e-29,1.3384070682037118e-21,5.594857983451659e-24,0.001839077828369225,6.401470421693984e-09,0.08754725362944676,0.9106039451223435,9.717009081632322e-06,9.288372890824714e-12,2.8159246645059894e-17
4.088117693241833e-29,9.845058884286525e-22,4.115467379459361e-24,0.0018053990094259456,6.3098028858135075e-09,0.06990670270021157,0.9282784098665227,9.482104391227447e-06,9.645690913949935e-12,2.071338742478659e-17
2.3835973429707173e-29,5.740210522013327e-22,2.3995437134744216e-24,0.001149802229451068,3.59281658086266e-09,0.055069022880321804,0.943775484087324,5.687202958492459e-06,7.12802693809921e-12,1.207704350372864e-17
1.5017859276746653e-29,3.6166206550246024e-22,1.5118329412319562e-24,0.001161225046091448,5.035025979446896e-09,0.03478332450697912,0.964048905429772,6.539973234422367e-06,8.897218062425144e-12,7.609143396346375e-18
1.7389069929416662e-29,4.1876587281499285e-22,1.7505403567993263e-24,0.0012165688091805532,3.3762772889420765e-09,0.04173314126731167,0.9570445724353058,5.7141040135383006e-06,7.911235970850924e-12,8.810571745528432e-18
7.533566932798895e-30,1.8142435132121702e-22,7.583966825162908e-25,0.00072709845383219,2.1555649907047497e-09,0.020924511531746032,0.978345115568619,3.2722852182228577e-06,5.019740561640809e-12,3.817054749367604e-18
5.941356431311407e-29,1.4308052827219596e-21,5.9811043657633634e-24,0.0016363068188498349,5.407215778053772e-09,0.09915627556986502,0.8991989392177479,8.47297792439919e-06,8.39689980641217e-12,3.010324722156199e-17
6.573922008680665e-29,1.5831405583836198e-21,6.61790183451913e-24,0.0018190713667324463,5.994631267588809e-09,0.10871958879345169,0.8894519161657642,9.417670864004983e-06,8.55642580175815e-12,3.330828603375017e-17
4.5761893811585497e-29,1.1020439552811946e-21,4.606804288320731e-24,0.0015183519306078501,4.964267218667839e-09,0.07572277663849647,0.9227510421641387,7.824293300788567e-06,9.188921691685225e-12,2.3186314752588557e-17
1.4510155719797884e-29,3.494354815609429e-22,1.4607229296363443e-24,0.0010432017642825204,3.6726411344352665e-09,0.03459847772791748,0.9643530213276673,5.295500337964994e-06,7.1535970270039254e-12,7.351903726133195e-18
1.6796628643222947e-29,4.044986237147491e-22,1.690899882367639e-24,0.0014590409977592142,6.049953616097222e-09,0.04031283264919328,0.958219989660523,8.130632889183005e-06,9.681827185958081e-12,8.510397758178326e-18
2.7898949455674656e-29,6.718661761008224e-22,2.8085594648075245e-24,0.00077336477579908,4.165514538512035e-09,0.05127164712223939,0.9479481665661568,6.817356274767258e-06,1.4015476952596181e-11,1.4135643642922475e-17
7.249346812484749e-29,1.7457972494165488e-21,7.297845259809604e-24,0.0015328984664833983,7.517818396288194e-09,0.08693638973434405,0.9115193286605274,1.1375609007202846e-05,1.1819368111027878e-11,3.673048096239231e-17
7.078253173860563e-30,1.7045942539703439e-22,7.125606997257903e-25,0.0008580070571487571,2.44663885811918e-09,0.01935231867282113,0.9797859191984892,3.752618352232021e-06,6.549679270867166e-12,3.5863595738271265e-18
3.043472243831499e-29,7.329329951225617e-22,3.0638332062906164e-24,0.0013919472336450674,4.546188429661876e-09,0.060851802250786693,0.9377492812691753,6.964691828053649e-06,8.376541422555357e-12,1.5420451276948408e-17
4.675195056285341e-29,1.1258866323918155e-21,4.706472315745488e-24,0.0018935120246336555,5.782957936320688e-09,0.07975618072767217,0.918340612509601,9.68894364172854e-06,1.149381476578375e-11,2.368794974943416e-17
5.889923259784642e-30,1.4184190785986366e-22,5.929327104068949e-25,0.00046873982282629915,1.6666502537347688e-09,0.01626755489770647,0.9832611322751295,2.571332135044838e-06,5.552206385527194e-12,2.9842649242672936e-18
7.826069768684952e-29,1.884684431483176e-21,7.87842651781765e-24,0.00034466649966745063,3.3171671664380995e-09,0.057147180701988494,0.942503251144795,4.898317519912953e-06,1.8862023631154328e-11,3.965258030612966e-17
2.0656676999172675e-29,4.974568167318953e-22,2.0794871071999433e-24,0.0005347062704597362,3.2583842769966967e-09,0.03926030057854256,0.9601998935922609,5.096287994095753e-06,1.2358410943647277e-11,1.0466179931655675e-17
7.659225209117582e-30,1.844504704853021e-22,7.71046576084755e-25,0.0008477201883852489,2.7666026997464335e-09,0.021037473511563768,0.9781109221964197,3.8813313554687175e-06,5.673192338690964e-12,3.8807224017158386e-18
1.5872839531460587e-29,3.8225181262856644e-22,1.5979029522341788e-24,0.0013135624512860486,4.781649656913085e-09,0.03791615111083888,0.9607637991267834,6.482522102797256e-06,7.339003124135699e-12,8.042338783203964e-18
1.5879690850893844e-29,3.8241680700572692e-22,1.598592667740179e-24,0.001355807992976438,5.0394311327777305e-09,0.03662251852860117,0.9620149038090451,6.764622027081302e-06,7.919092665246997e-12,8.045810161584939e-18
2.1881946699021433e-29,5.269639230563647e-22,2.2028337879744105e-24,0.0013877841177449678,4.719719367029463e-09,0.052020269392115986,0.9465850848058627,6.85695731202129e-06,7.2449613050497456e-12,1.1086990972266733e-17
8.772568158484381e-30,2.1126214205982917e-22,8.83125702325289e-25,0.0008042547407531032,2.292373564724976e-09,0.023012889818663142,0.9761792301019314,3.623039794496365e-06,6.4841994493560664e-12,4.444823182987666e-18
7.770809170027105e-30,1.8713765013160285e-22,7.822796223337206e-25,0.0009249448999300006,3.940007500121277e-09,0.021398523242735227,0.9776719069861,4.62092573603964e-06,5.491421701557527e-12,3.937258978843548e-18
5.170680772492652e-29,1.2452101553042785e-21,5.205272853071072e-24,0.0024883202229257777,7.537672161122009e-09,0.08760265361605464,0.909895564171808,1.3454440156802354e-05,1.1382449812128722e-11,2.619844195473838e-17
3.241477928632436e-29,7.806169849820333e-22,3.2631635577853575e-24,0.0020706135176521497,5.852182870869047e-09,0.06642095941336809,0.9314981604334838,1.026077184169483e-05,1.1471258307080094e-11,1.6423692565322282e-17
2.287571557206169e-29,5.508959959725286e-22,2.3028755110021073e-24,0.0016860542495639279,6.0103617397360825e-09,0.04847466193031997,0.9498303308968212,8.946901699106195e-06,1.1233879536569517e-11,1.1590506800884012e-17
1.505285251518008e-29,3.6250477728030007e-22,1.5153556757049023e-24,0.00026792401263224297,1.9581946292270113e-09,0.027749579656671006,0.9719794666709329,3.0276884503039477e-06,1.311903966828936e-11,7.626873524471547e-18
2.035390639974178e-29,4.901654552704688e-22,2.049007492401253e-24,0.001289405009952026,5.978103057817118e-09,0.041474442643015655,0.9572283825592927,7.763798965288682e-06,1.0671307251757029e-11,1.031277425213685e-17
1.339490002725831e-29,3.22577747053351e-22,1.3484512494449825e-24,0.0008815632449116789,3.098273743729689e-09,0.0327781918619772,0.9663354915227201,4.750264792730393e-06,7.324471285157321e-12,6.786833809592894e-18
6.034002935523054e-30,1.4531165359154477e-22,6.07437067914135e-25,0.0003717195002933831,1.311035118951187e-09,0.016268090679165417,0.9833580940580405,2.094446932606985e-06,4.5329967653102156e-12,3.0572662018122373e-18
2.483567189956423e-29,5.980959224491829e-22,2.50018236311001e-24,0.0018298608088426801,8.590656341997808e-09,0.0533113435369597,0.9448484588618259,1.032819215608838e-05,9.559243214143832e-12,1.258356369878924e-17
9.941547584063913e-30,2.3941365858386477e-22,1.0008056972330857e-24,0.0010716503358527165,4.313434061771745e-09,0.02652034511468875,0.972402693723119,5.306506808709293e-06,6.09675748797206e-12,5.0371134630268485e-18
2.2973113481714654e-29,5.5324154526364855e-22,2.3126804615950647e-24,0.0016637940949164882,6.212831645611134e-09,0.047809115912800765,0.9505184353284148,8.648440246817132e-06,1.0789650721433758e-11,1.1639855689257293e-17
7.793976607775441e-29,1.8769557141945496e-21,7.846118652257624e-24,0.0018929585039485835,6.218614094545352e-09,0.11700795449390002,0.8810892687652785,9.812009444876185e-06,8.814112818548489e-12,3.94899729338655e-17
1.0203860675782388e-29,2.457307170148312e-22,1.0272124950108776e-24,0.0009217187315223561,2.915713638824542e-09,0.02558686988374002,0.9734870871496957,4.321311932472148e-06,7.396020989549268e-12,5.170020416863828e-18
1.0376468647338476e-29,2.4988748492461063e-22,1.0445887676545946e-24,0.0005745702798406815,2.1502743308130155e-09,0.024444225715007883,0.9749778809143498,3.3209336376906764e-06,6.889459438476669e-12,5.257476210843492e-18
4.2621467992786117e-29,1.0264158070042398e-21,4.290660747829068e-24,0.0021907458131885356,6.18206329857984e-09,0.07567721911066988,0.9221207872257313,1.124165691075983e-05,1.1436257341569796e-11,2.1595145868895997e-17
4.983340934009864e-29,1.2000947286059534e-21,5.016679702872964e-24,0.002777181195779824,8.864160221817344e-09,0.08336273270467702,0.9138445612567775,1.551596645505027e-05,1.2150289603577148e-11,2.5249241626918617e-17
1.271582900989234e-29,3.062242693547214e-22,1.2800898462269213e-24,0.001554691176309276,8.017066403158604e-09,0.028369036045349804,0.9700677947913601,8.469959648407714e-06,1.0266204626174299e-11,6.4427668788658775e-18
3.890799466281537e-29,9.36987453071997e-22,3.91682908492829e-24,0.0025436564968385096,8.856633638665641e-09,0.0633932456697867,0.9340483959589867,1.4693002810492876e-05,1.4944075023067675e-11,1.971362929948675e-17
1.3894381901848543e-29,3.3460633535721457e-22,1.3987335924632737e-24,0.0011704401785756762,3.3991935002832494e-09,0.0361920083608678,0.96263215735978,5.390694655987013e-06,6.926954217853848e-12,7.03990777556871e-18
2.3946593107607392e-29,5.766850098571722e-22,2.4106796863129053e-24,0.0015667694771083123,5.092717742892547e-09,0.05334773821654187,0.9450768156952953,8.671508305408155e-06,1.0031285200193071e-11,1.2133091504717948e-17
4.2376666527768253e-29,1.0205204658743975e-21,4.2660168280762116e-24,0.002419579614810743,1.100060987009148e-08,0.058924094447854805,0.9386417565903963,1.4558331463576178e-05,1.486469832732494e-11,2.1471111583008073e-17
2.0684825090081984e-29,4.981346827653033e-22,2.082320747486836e-24,0.0017784452485577243,5.822099728560293e-09,0.047695247346570324,0.9505172506459005,9.050927640811604e-06,9.230694651720252e-12,1.0480441808539415e-17
2.2209589371513564e-29,5.34854257057811e-22,2.235817249604914e-24,0.001797697871606002,5.244865260060708e-09,0.05062140743278643,0.9475720993352389,8.790105266482204e-06,1.023698964393949e-11,1.1252998658969125e-17
1.9312228242982095e-29,4.6507962467237345e-22,1.944142789481208e-24,0.0015482023546378532,4.831717920221075e-09,0.04303972635984609,0.9554043673825932,7.699061990461506e-06,9.214360652187398e-12,9.784984084339825e-18
4.5956968687344486e-29,1.1067417741376996e-21,4.6264422818419405e-24,0.0022871221212035025,7.792311764367401e-09,0.07460213445184487,0.9230981393719413,1.2596250511139032e-05,1.2187441507273934e-11,2.3285153919697618e-17
2.0335762286098553e-29,4.897285063354711e-22,2.0471809425455247e-24,0.0018810500129440649,7.681647849800223e-09,0.04344345165295028,0.9546654141894435,1.0076452389919225e-05,1.062441211922264e-11,1.0303581120148679e-17
6.829444951991389e-83,7.879510552047185e-62,7.77461479466636e-56,0.009354232391097374,2.847729475395437e-08,0.9905987622589971,2.560274519696163e-30,4.697687118651665e-05,1.4241579575785283e-12,1.6543487985262983e-75
7.921569727203158e-29,1.90768285730181e-21,7.974565375236341e-24,0.0019780983745708966,8.03324354281514e-09,0.09188130298299532,0.9061287684948166,1.1822102967903167e-05,1.1405696149370423e-11,4.013645278443644e-17
2.897895924145652e-29,6.978751140387037e-22,2.9172829746572995e-24,0.0014562956889368661,5.082095268602575e-09,0.05499545721775372,0.9435405096086492,7.732392431004394e-06,1.0133881146110024e-11,1.4682855411126752e-17
3.5372098692358174e-29,8.518355405049745e-22,3.5608739580092565e-24,0.0014406087738404556,4.548560827830977e-09,0.07610254744505886,0.922449707202887,7.132022131677496e-06,7.521264527590325e-12,1.7922086378623746e-17
9.378079583422516e-30,2.258441479631303e-22,9.440819346114188e-25,0.00035999095538515936,2.3013358597820933e-09,0.021777478128805757,0.9778592664678459,3.262138566126932e-06,8.06110699749711e-12,4.751619456382926e-18
1.1458272764069751e-29,2.759396341767945e-22,1.1534929110145654e-24,0.0005686157332469901,2.6763917389603762e-09,0.027610394003551218,0.9718168078566929,4.1797216575908886e-06,8.459451072458478e-12,5.805597118043079e-18
2.9114315849746005e-29,7.011347897109335e-22,2.93090918964936e-24,0.0011521605498545275,6.472194946619826e-09,0.0561170575690317,0.9427213144532705,9.460943744081099e-06,1.1904265856478544e-11,1.4751436946160344e-17
7.407505849595193e-30,1.7838853170866262e-22,7.457062387797564e-25,0.0005903569934731963,1.918939627495248e-09,0.020095222547143306,0.9793113805793189,3.037954934679561e-06,6.190325844401103e-12,3.753183005657703e-18
1.287873848542619e-29,3.101474768056477e-22,1.296489780932146e-24,0.0015518177856246665,7.746227065527427e-09,0.02991917515442968,0.9685206126227422,8.38668141864488e-06,9.557573494206487e-12,6.52530870703975e-18
5.473848424622258e-29,1.3182193886725092e-21,5.510468710056606e-24,0.0004876000176232129,4.557239735604117e-09,0.05994178308860375,0.9395641864794422,6.425841037735863e-06,1.605331394525168e-11,2.7734510508636528e-17
4.791644118241418e-30,1.1539300488979675e-22,4.823700427020544e-25,0.00036851066723961144,1.4901079382322938e-09,0.013517138405056863,0.9861122562621195,2.093172004179168e-06,3.471939753347516e-12,2.4277965672786017e-18
2.5628378368972307e-29,6.171859840738244e-22,2.5799833341468376e-24,0.0016134804280120744,6.466437555972511e-09,0.04616195099192853,0.9522155121318279,9.049970233586323e-06,1.1560454264382017e-11,1.2985206641753628e-17
3.1869155784938604e-29,7.674772079431447e-22,3.2082361831373254e-24,0.0016806422535002015,5.583236187307461e-09,0.06709361412380073,0.9312173126383521,8.425392816283307e-06,8.29471053575466e-12,1.6147239884154253e-17
4.216873951816497e-29,1.0155131402375597e-21,4.2450850230368055e-24,0.0015689312136420198,5.1755346123400765e-09,0.07256031098560828,0.9258626601923979,8.092423510643543e-06,9.306439314664154e-12,2.136576058704458e-17
5.332149029721997e-29,1.28409515372284e-21,5.367821340005305e-24,0.0016434858478813516,5.329559393404429e-09,0.09513448370726721,0.9032136427331738,8.3823737966992e-06,8.321497649638963e-12,2.7016557972857303e-17
3.9500824205672686e-29,9.51264052220361e-22,3.976508644771742e-24,0.0022924849486006247,1.1472954197420133e-08,0.05411731542780642,0.9435762061605583,1.398197478039305e-05,1.530008552196889e-11,2.0014000005994586e-17
3.128884883751405e-29,7.53502179587675e-22,3.1498172605082763e-24,0.001672277269483915,6.88221006130127e-09,0.05471927815492739,0.9435989224464532,9.515236286587926e-06,1.063885049930248e-11,1.585321403829441e-17
2.312515266805348e-29,5.5690297297816675e-22,2.3279860951097586e-24,0.0015092312163881958,5.518389473690617e-09,0.04952309800057081,0.9489596619658895,8.003289392318453e-06,9.369749529069311e-12,1.1716889835695676e-17
2.0760373194662753e-29,4.999540421722586e-22,2.0899260999573907e-24,0.0018856453969383611,7.657228743625948e-09,0.038543017903004795,0.9595608727308289,1.0456298349794005e-05,1.3649353062271747e-11,1.0518719991234027e-17
4.702079462844801e-29,1.1323609705960345e-21,4.73353658016099e-24,0.0005685832081823277,4.021550576655485e-09,0.06255261390378175,0.9368724336152982,6.365235360535974e-06,1.5826631056298923e-11,2.3824165771216543e-17
9.421518490720503e-30,2.268902494511689e-22,9.484548861602394e-25,0.0011610844352430202,3.8449459526486985e-09,0.024337829396522532,0.9744956988974823,5.3834176974770686e-06,8.108988638893387e-12,4.773628776654209e-18
2.3121658055330192e-29,5.568188152541964e-22,2.3276342959262303e-24,0.0012985345012427143,4.619249142853391e-09,0.048806524446088795,0.9498881461440226,6.7902810048480275e-06,8.391671777276917e-12,1.1715119209880365e-17
1.990166212130464e-29,4.792744489800784e-22,2.0034805111567554e-24,0.0015130315767542283,5.099785359287264e-09,0.045036097879529495,0.9534433685647515,7.496869269978742e-06,9.909316285632838e-12,1.0083634299405126e-17
1.7861878213944402e-29,4.301521042090868e-22,1.7981374960629227e-24,0.001570526995718157,8.581571025333502e-09,0.04401087017107985,0.9544097115797276,8.882664493582162e-06,7.4099113991802e-12,9.050130924347125e-18
3.5155356931570434e-29,8.466159368688887e-22,3.539054780744299e-24,0.0015729876350966975,5.719637200563049e-09,0.06236059112400917,0.9360581655411936,8.249970620459413e-06,9.44299925787012e-12,1.7812269186478115e-17
2.4692075340648747e-29,5.946378112004757e-22,2.4857266404923304e-24,0.0015154775097834773,6.784618995741698e-09,0.054966576755051934,0.943509523278452,8.41566422589655e-06,7.867892733396127e-12,1.2510807203480907e-17
9.20385349053385e-83,1.0618997767455642e-61,1.0477632665386816e-55,0.014319498846773243,3.140826050319137e-08,0.9855939501695489,3.450410939758625e-30,8.651957348989426e-05,1.9272670081971902e-12,2.229519978697084e-75
9.165338855155105e-30,2.2072089771928083e-22,9.226655373067541e-25,0.0007702779125099287,2.5358812039005963e-09,0.023676020708834126,0.9755499742296004,3.724607410505998e-06,5.763877810421433e-12,4.643829479276378e-18
6.272552850668661e-29,1.5105644407380624e-21,6.314516503655523e-24,0.00046916342129580936,4.234380034961407e-09,0.06296733901119585,0.9365572839016635,6.209414760073768e-06,1.67047708902923e-11,3.178132996345312e-17
1.713376079970592e-29,4.1261748471977398e-22,1.724838640903532e-24,0.001287711209528861,4.320123081681555e-09,0.04076875123907949,0.9579363902149145,7.143006640036588e-06,9.714022381861771e-12,8.681213509939327e-18
2.471546891485891e-28,5.9520117833639206e-21,2.4880816483168373e-23,0.00035503986270471835,3.6651371942185555e-09,0.06833326204113825,0.9313062981126877,5.396296858826826e-06,2.147321005426405e-11,1.2522660095257154e-16
3.563875520630147e-29,8.582571978021463e-22,3.5877180037780014e-24,0.002358477400626222,6.760043214914258e-09,0.06988987903870032,0.9277394681131474,1.2168675807757262e-05,1.1675008128079329e-11,1.8057194027109047e-17
2.4823206405322644e-29,5.97795726774697e-22,2.498927474215669e-24,0.0017251751965199494,5.8660083572885775e-09,0.05551042711235848,0.9427557289493487,8.66286724277552e-06,8.521802621729337e-12,1.2577247769771488e-17
2.0121725884868887e-29,4.845740535246572e-22,2.0256341111337548e-24,0.0019290763297448476,6.133811738366647e-09,0.04596333461734023,0.9520978983559931,9.684552635253515e-06,1.0474952499602357e-11,1.0195134660571301e-17
9.921746813873681e-29,2.3893681382765983e-21,9.988123734121792e-24,0.0030198947745594174,2.449375026645322e-08,0.06551267639319916,0.9314434643404434,2.3939972782358534e-05,2.5265141009243188e-11,5.0270809479420326e-17
2.4070697559541732e-29,5.79673709617738e-22,2.423173157927624e-24,0.0018934617659640658,7.803765930974236e-09,0.050787005042651635,0.9473092968427745,1.0228533823329742e-05,1.1020521687677116e-11,1.2195971876247033e-17
4.356832559670699e-29,1.0492181565575458e-21,4.385979960100557e-24,0.0015347912246726954,5.052104968667476e-09,0.07214502885951106,0.9263121026121061,8.072241896428621e-06,9.708680966851872e-12,2.2074893025357276e-17
1.6743612648198102e-29,4.0322188553842045e-22,1.685562814932545e-24,0.0014373988488023577,4.2373263393347624e-09,0.041353310960774194,0.9572024617100006,6.824234798470962e-06,8.298284635496018e-12,8.483535986403126e-18
2.602588632532763e-29,6.2675882304507065e-22,2.6200000643442167e-24,0.0015161706045758775,4.6539165648489844e-09,0.05973061209120289,0.9387458338749031,7.378767398829876e-06,8.002986628008615e-12,1.318661317948698e-17
1.679643369342863e-29,4.0449392890812045e-22,1.6908802569659423e-24,0.0007589444174097356,2.965433935625276e-09,0.03947306052518264,0.9597631721511231,4.819933166310558e-06,7.684208422303343e-12,8.510298982386602e-18
2.4732770131635602e-29,5.956178285180098e-22,2.489823344584222e-24,0.0012355024134022903,3.9033563794671965e-09,0.049511234428355956,0.9492470073957979,6.251850056640036e-06,9.030812204526381e-12,1.2531426154184675e-17
1.301471170780289e-29,3.1342200185955634e-22,1.3101780698504505e-24,0.0011620593778692053,4.276030292507968e-09,0.03356855988415601,0.9652637233390331,5.6531166258909895e-06,6.28548646608859e-12,6.594202663765634e-18
1.2112049074092535e-29,2.9168396140094984e-22,1.2193079212284334e-24,0.0009761124371073954,3.783221021488516e-09,0.03123766747698814,0.9677808075037598,5.408790957148502e-06,7.96644851484019e-12,6.1368479042187245e-18
3.9524786832821653e-29,9.518411233641147e-22,3.978920938589037e-24,0.001985763102412993,6.369054003421876e-09,0.07781848406663386,0.9201854545845407,1.0291867894756058e-05,9.463668281050417e-12,2.0026141221514695e-17
1.9152683547918116e-29,4.612374483079869e-22,1.9280815838758256e-24,0.0016773586019514627,7.52501395325448e-09,0.04116259101387319,0.9571505683684308,9.474480677869957e-06,1.0052697856460731e-11,9.704147099487536e-18
3.57958634193842e-29,8.620406984864868e-22,3.6035339311681545e-24,0.0006056203729669236,4.445542328925425e-09,0.054163587635459975,0.9452239007765815,6.886753876734312e-06,1.5572544659852834e-11,1.8136796512394102e-17
1.7162529863350902e-29,4.133103051004076e-22,1.7277347938974696e-24,0.0015538331963314766,7.009273717593996e-09,0.04075712896497843,0.9576808515575307,8.17926417246823e-06,7.713089005933197e-12,8.695790016924732e-18
1.0052588868649657e-29,2.4208776942744595e-22,1.0119841127968384e-24,0.0005627265554365491,3.0536428141488936e-09,0.02549406001164692,0.9739391217024688,4.088670662162721e-06,6.142802540214816e-12,5.093375080728623e-18
1.982586936647524e-29,4.7744919787360655e-22,1.9958505299892516e-24,0.0015494179927246247,7.1269046059743766e-09,0.03695393870551745,0.9614874942235516,9.141938244714844e-06,1.3057031933415876e-11,1.0045232159041884e-17
1.4853552402284054e-29,3.577052057064435e-22,1.49529233176786e-24,0.0009495950011318078,2.973109841296083e-09,0.036701057266479764,0.9623444381321203,4.906619594955828e-06,7.56315945701715e-12,7.525893543903875e-18
1.4527202136399126e-29,3.498459956111689e-22,1.462438975423751e-24,0.0013550563671042278,6.65601251937942e-09,0.03726366066016914,0.9613739663055939,7.310004370090158e-06,6.750118661921078e-12,7.360540684698489e-18
1.193935846488907e-29,2.8752520340045983e-22,1.2019233295350313e-24,0.0006118360766525245,3.3607715463211575e-09,0.02891919337789648,0.9704645402254993,4.4269523724459135e-06,6.807646577857913e-12,6.0493502399766474e-18
5.483375998721592e-29,1.3205138316184008e-21,5.5200600240434856e-24,0.0003371204156137904,3.164284382636467e-09,0.05189310179058914,0.9477651347892094,4.639823161578641e-06,1.7141682393119053e-11,2.778278415150746e-17
6.176378894680954e-30,1.4874037019609234e-22,6.217699139694773e-25,0.0006356926747606282,2.215381336691125e-09,0.017209369443452482,0.9821519456243163,2.990037750347858e-06,4.338916197915993e-12,3.129404252213485e-18
3.1547667778871764e-29,7.597350914293463e-22,3.175872305648114e-24,0.0014984835586613241,7.469133683191482e-09,0.06438170816589352,0.9341095318404184,1.0268955135703916e-05,1.0757306404343779e-11,1.5984350600582668e-17
5.335347555623073e-29,1.2848654269439627e-21,5.371041264184589e-24,0.002183080674164631,8.476104261031264e-09,0.07050972741425045,0.9272947947050278,1.2388715625897139e-05,1.482700018057418e-11,2.7032764039107966e-17
1.2179920067423935e-29,2.93318439603442e-22,1.226140426553039e-24,0.001445179216905281,7.208003063851134e-09,0.030067861260187817,0.9684792225152714,7.72979153243023e-06,8.099852033066382e-12,6.1712363021384446e-18
2.0457836433316423e-29,4.926683120303897e-22,2.0594700254058587e-24,0.0014363341542791442,4.025871937943245e-09,0.046809346108096464,0.9517475027923541,6.81291023311784e-06,9.165459970265145e-12,1.036543279115253e-17
2.3757770612737935e-29,5.721377616609159e-22,2.3916711137508175e-24,0.0017369596697984742,7.260166107768846e-09,0.04727423545366949,0.9509795063941543,9.291212564546692e-06,9.647323247766412e-12,1.2037420250017734e-17
1.821428994232435e-29,4.386389298774116e-22,1.833614433888958e-24,0.0013879601112758212,5.18487399083213e-09,0.038415655513413326,0.9601890108751182,7.368305445243941e-06,9.873246424246488e-12,9.228688422215636e-18
1.0963585550692896e-29,2.640265115359032e-22,1.1036932417669395e-24,0.0010281446922832127,4.177536485188268e-09,0.028481213179719737,0.9704854514436303,5.186500707452519e-06,6.1229964879509504e-12,5.554952477315102e-18
7.113114076877296e-29,1.7129895025593577e-21,7.160701121240936e-24,0.0005215806595385588,4.779754794860335e-09,0.06814275587530569,0.9313287988666236,6.859803042735634e-06,1.5734558005952693e-11,3.604022651173387e-17
1.1240661128003101e-29,2.706990820896475e-22,1.1315861642713493e-24,0.001020393714869737,3.625077661522601e-09,0.026754355653567225,0.9722200865334335,5.160465216307891e-06,7.835397703007926e-12,5.695339183604411e-18
8.300665099806583e-30,1.9989771043390488e-22,8.356196912467406e-25,0.0005298069202479225,2.305214757970021e-09,0.02140016331065416,0.9780667430635708,3.284394679415422e-06,5.633134090835877e-12,4.2057226576409086e-18
1.1811731876643924e-28,2.8445168308926326e-21,1.1890752879646312e-23,0.0003991682417795322,3.79440682639322e-09,0.06774894002471266,0.9318462339559824,5.653964631093697e-06,1.8487481102429787e-11,5.984685297174348e-17
1.2065246084737488e-29,2.905568456456407e-22,1.2145963108882932e-24,0.0011396373309479036,3.1619236166250044e-09,0.03203492952782163,0.9668203780799549,5.051891505998543e-06,7.84601968053133e-12,6.1131340944927504e-18
8.724709061874776e-30,2.1010959299048796e-22,8.783077747193195e-25,0.0008103035219536039,2.7584295363520115e-09,0.02306029095143368,0.9761254302447572,3.97251757670018e-06,5.849294803295385e-12,4.420574272260026e-18
2.536522826427972e-29,6.108487685861507e-22,2.553492275106294e-24,0.00040091243472529505,3.053051840412059e-09,0.04120988728293314,0.9583846291076501,4.568107530875397e-06,1.4108637164870965e-11,1.2851875596065255e-17
1.9076317037176172e-29,4.593983799360444e-22,1.9203938432718515e-24,0.0004182841304763719,2.6851008474554903e-09,0.03536667706953113,0.9642107972855551,4.238816297375086e-06,1.3039024646633482e-11,9.66545425251075e-18
6.676052955009745e-30,1.6077358674222975e-22,6.720716041347244e-25,0.00030629001478754795,1.5668846280913347e-09,0.01651595718978406,0.983175394906393,2.3563154909380444e-06,6.65968934591145e-12,3.3825755935086774e-18
2.2767279316695848e-29,5.4828461978579835e-22,2.2919593411362895e-24,0.0011709484305245912,5.2384756840896174e-09,0.05195467712789132,0.9468673363978388,7.032797723619078e-06,7.546072201308267e-12,1.1535565081079841e-17
2.077794641816633e-29,5.003772428557063e-22,2.091695178871153e-24,0.0015661429310612415,4.8011684326966275e-09,0.04953193372765785,0.948894433111419,7.485419168730727e-06,9.524827187533342e-12,1.0527623868618324e-17
1.506854048710284e-29,3.628825770868221e-22,1.5169349682190268e-24,0.0015977622216998796,6.6968659806412885e-09,0.03706393287883635,0.9613300191567856,8.279037133818855e-06,8.678384872055707e-12,7.634822195833979e-18
6.978516974096294e-29,1.6805756509541582e-21,7.025203557953883e-24,0.001413322492228418,6.091625252417063e-09,0.09736408645750447,0.9012122320878233,1.0352859830104399e-05,1.0988392953438847e-11,3.535825937053206e-17
4.578212742545161e-30,1.1025312238358238e-22,4.608841186083539e-25,0.0004626783333920048,1.908202114377439e-09,0.012489411950979227,0.9870453440666853,2.5637360515882895e-06,4.689726664688837e-12,2.3196566577865147e-18
3.845637344388117e-29,9.261114513826361e-22,3.87136482646362e-24,0.0015934456088011596,5.042833147725724e-09,0.06834743301445814,0.9300510117086649,8.104615653975664e-06,9.588809122137012e-12,1.948480503416526e-17
3.984200242510676e-29,9.594803510463885e-22,4.010854716436561e-24,0.001458749378955133,9.00518288826688e-09,0.06472087275781066,0.9338088436766161,1.152516837009562e-05,1.3065218716405052e-11,2.0186865788496872e-17
3.984200242510676e-29,9.594803510463885e-22,4.010854716436561e-24,0.001458749378955133,9.00518288826688e-09,0.06472087275781066,0.9338088436766161,1.152516837009562e-05,1.3065218716405052e-11,2.0186865788496872e-17
3.927788815447235e-30,9.458952768665446e-23,3.9540658944581397e-25,0.0004173520427589986,1.2558264518126887e-09,0.011384031795111197,0.988196767370703,1.8475323793195454e-06,3.2208225866829046e-12,1.990104433431472e-18
2.431668931700679e-29,5.855977155270987e-22,2.4479369032360558e-24,0.00033598889001952223,2.8334246540718075e-09,0.03818756639692282,0.9614723310360292,4.11083038511419e-06,1.3218687949158034e-11,1.2320609251147005e-17
1.0370227226872765e-29,2.497371782147327e-22,1.0439604500704265e-24,0.0008096171843264892,2.7746505886129596e-09,0.025890877439951523,0.9732954883869892,4.014207616298843e-06,6.465699670945663e-12,5.254313851785167e-18
2.4394129722226246e-29,5.874626455673196e-22,2.4557327517278838e-24,0.0014892584936511079,5.640908251930548e-09,0.050660694882363265,0.9478420744834795,7.96649021204359e-06,9.385713284736396e-12,1.2359846211430579e-17
1.1488236918981736e-29,2.7666123490275705e-22,1.1565093726564886e-24,0.00100189748308934,3.219341077047324e-09,0.02877347123097754,0.9702197961226392,4.8319365376656435e-06,7.415218029181329e-12,5.820779145472824e-18
3.8182680496608904e-29,9.195203417710811e-22,3.843812429957298e-24,0.0016668245520509142,6.496156398948384e-09,0.06845903744473956,0.9298647363649496,9.395132326147336e-06,9.777321809637526e-12,1.9346132215091242e-17
3.9460446126585465e-29,9.502916620005169e-22,3.9724438237514626e-24,0.00047209150003060986,3.4079621724190788e-09,0.052124742106497875,0.9473977979307899,5.365039509501831e-06,1.5209948277653465e-11,1.999354152465035e-17
6.894812528913248e-29,1.6604178361958909e-21,6.940939126370603e-24,0.0007196087000320681,5.079514290785942e-09,0.07333604001345781,0.9259367576415433,7.588552118268092e-06,1.333428251079856e-11,3.493415157023085e-17
1.3611676078856033e-29,3.277981764852404e-22,1.3702738787316401e-24,0.0006663477783690554,3.9430459090711594e-09,0.03273261634756464,0.966595799454093,5.2324689087009195e-06,8.01873167087627e-12,6.896668375965139e-18
1.1387912731371372e-29,2.7424521460036946e-22,1.1464098365750364e-24,0.000987804247446616,3.5682844076237963e-09,0.028336312008800834,0.9706709968665901,4.883302599411066e-06,6.278634789997123e-12,5.769947591149286e-18
1.0557258915120791e-29,2.5424129997001697e-22,1.062788743912906e-24,0.0008849941552187369,2.5321181994530905e-09,0.028600215435701466,0.9705108228420708,3.965029029115578e-06,5.861686923463973e-12,5.349077753171802e-18
3.4163140981280287e-29,8.227212616429691e-22,3.439169388903727e-24,0.0018333695470147205,9.811198859670951e-09,0.07008401901290955,0.9280708041591459,1.1797460202739597e-05,9.528260032871738e-12,1.7309540181846285e-17
3.131484807393599e-29,7.541282966242358e-22,3.1524345777533797e-24,0.0017047505481634182,5.843704095224502e-09,0.06592402991580322,0.9323623030156158,8.910667963140992e-06,8.750185608109945e-12,1.5866387148688142e-17
3.0726258686010234e-83,3.5450593897935017e-62,3.497865888725624e-56,0.008696242746065497,2.54336389932077e-08,0.9912634576668652,1.1518894690914275e-30,4.027415277835629e-05,6.519607273440824e-13,7.443057158779387e-76
2.857268169594705e-29,6.880910846661727e-22,2.8763834186509954e-24,0.00107091140172151,5.2966902765654165e-09,0.05854708561186695,0.9403739522695878,8.045409027490973e-06,1.110609809033459e-11,1.447700555959139e-17
1.5535211422580694e-29,3.741210080325838e-22,1.5639142666642703e-24,0.0009261228765344281,2.973932919322956e-09,0.03853772505281042,0.9605310082455611,5.140841556893869e-06,9.604275530486135e-12,7.871271745767925e-18
1.494289358636433e-29,3.598567318709573e-22,1.504286219818893e-24,0.0015490117853698472,5.797816064520185e-09,0.037518271911092756,0.9609249883516792,7.722145176496934e-06,8.86548718552597e-12,7.571160307184766e-18
5.621129294816484e-29,1.3536877618553097e-21,5.658734895715776e-24,0.002903139594001663,8.950378661186413e-09,0.0893027437697924,0.9077779133276193,1.6194345361750172e-05,1.2846154911255799e-11,2.8480742871182233e-17
5.53702808794248e-29,1.3334343984239466e-21,5.574071048088469e-24,0.0025218131391970496,1.2834444886877563e-08,0.08805377654465728,0.9094087571906734,1.5640279525770724e-05,1.1501665934431772e-11,2.805462478662876e-17
9.713389730944284e-30,2.339191311083264e-22,9.77837273319225e-25,0.001110478767864962,3.837884899401359e-09,0.024821632029726304,0.9740626057449527,5.279612114590218e-06,7.456381720429136e-12,4.921512045448116e-18
9.936592050040118e-30,2.392943187606791e-22,1.0003068285567642e-24,0.0010561228538226227,3.106144188737584e-09,0.026272405887771088,0.9726667461038605,4.722041044176165e-06,7.357380592873806e-12,5.034602627874002e-18
