i = 0,i = 1,i = 2,i = 3,i = 4,i = 5,i = 6,i = 7,i = 8,i = 9
0.000100715252320335,0.1665687970688256,2.710164960158161e-12,1.4340114477496665e-05,0.00941919881082657,0.00032200177078008194,0.7831603056901799,0.011133555944235434,0.02927863160965694,2.4537359876175426e-06
0.00010106505349361142,0.1665230776375571,2.6674272628839024e-12,1.424681218687996e-05,0.00946706656331467,0.00032959158936493306,0.783121438063721,0.01161690890247816,0.028824103500379637,2.501874836505683e-06
0.0001267104457417885,0.16288303732055587,2.892114032951595e-12,1.764133639548721e-05,0.01051591061565818,0.00040071535629176606,0.7844171326393158,0.011372099074318352,0.03026375966067749,2.9935481531929413e-06
0.0001063287432746589,0.18327898124282513,2.9867870838619146e-12,1.5188176215434045e-05,0.010980565933635904,0.00034707397288247883,0.7684747707212076,0.01259092583996324,0.02420350649841615,2.6588685925337697e-06
0.00020803976622468977,0.1480581111074328,3.918903984666939e-12,2.9394130228515583e-05,0.011249944685111219,0.0006004784613711097,0.8021826798048884,0.015192579865247859,0.022474116752406292,4.6554231702083425e-06
4.635504324170412e-84,4.080979052856483e-09,2.252214315829379e-10,4.558803702133527e-77,0.9618217778652073,0.037858180155884734,4.404344695424778e-34,2.201330850096245e-18,1.8039925450845877e-65,0.00032003767270738005
0.0003606388952474799,0.1443760945169131,4.794854576132061e-12,4.783739535398814e-05,0.013341731175082704,0.0008895013785830915,0.8023077172576735,0.015292439100464156,0.02337737719783464,6.663078052611638e-06
0.0001168537272670794,0.19637404430064923,2.297306607890919e-12,1.6527890615589723e-05,0.003006472644933031,0.00030442741174833374,0.7650381086291361,0.012547693111430157,0.02259412672739945,1.7455545237394116e-06
0.00014982223472949905,0.15732401237934032,4.4068333726108415e-12,1.974236467109667e-05,0.014478341353649993,0.00043218633775228413,0.7939033202911796,0.010473397568842545,0.023215825743344957,3.3517220828925824e-06
0.00017891512783760915,0.1974933806326371,4.242726555416054e-12,2.5927632712710056e-05,0.00813007755847167,0.00047949270534400936,0.7565616053479126,0.014627367345273177,0.02250008350824314,3.1501373252893857e-06
6.161695271954643e-05,0.22543770464469365,1.7997648582627764e-12,9.173016371165184e-06,0.0045231251145061045,0.00021581059365476747,0.7304972009277306,0.01843102149316109,0.020822771113659194,1.5761417043527684e-06
0.00010321528137042711,0.21060532895860354,2.9056683445459668e-12,1.5148841249475911e-05,0.005797666816740858,0.00033456935760346025,0.7438070132983154,0.017748105919033256,0.02158665001400786,2.301510169881132e-06
8.727614977924655e-05,0.1753929542928847,2.5372068303168456e-12,1.2570034015841975e-05,0.007459029694041229,0.0002957696663500001,0.7809570702920136,0.014648600124668294,0.02114445510679383,2.274636915898114e-06
0.00015449633465506872,0.14618549522333077,2.8471456991645803e-12,2.1541386162123297e-05,0.009191068823424435,0.0004807317700386867,0.807383666451756,0.012978631806460795,0.023600665908957593,3.702292367356099e-06
0.00010700654106563821,0.15868171552467364,2.5611486129023404e-12,1.5137252588962908e-05,0.008917278387242766,0.0003237029820491559,0.7928569796079089,0.009541356739455893,0.02955436946945203,2.4534930019211164e-06
7.214792868031535e-05,0.21028240054481093,2.4682005630217816e-12,1.0758830452658142e-05,0.008565275739981455,0.0002542235789657681,0.7413534261541016,0.017193587577502775,0.022266183802011577,1.995841024706477e-06
0.00010372330729447738,0.2309690125940875,1.4966095929424643e-12,1.547323764526476e-05,0.001390915078517812,0.0002600836607401305,0.7161127430634754,0.028551088134631617,0.022595775968305844,1.1849538053908133e-06
8.130259172715615e-05,0.18308733132697813,2.290940805459765e-12,1.1771469218925597e-05,0.006331525432412921,0.0002774486250445437,0.7707645854826789,0.014417396214864856,0.025026579077325178,2.0597774584187175e-06
8.516636644736039e-05,0.2027029264661589,2.5600086284800087e-12,1.2675056609024302e-05,0.009820862201053217,0.00029577673712853734,0.7510566374269815,0.01422837064571747,0.02179525397020464,2.3311271393793305e-06
7.403713810272116e-05,0.15281674415041954,2.1009768126942885e-12,1.0281988089915168e-05,0.006567490928771079,0.00024992972268016297,0.8007426606897052,0.009527361238886055,0.03000960309356351,1.891047680923144e-06
5.781360800503873e-05,0.22863471435035146,1.858366311823911e-12,8.701821568096739e-06,0.006638379117819272,0.0002078118077784503,0.7257240526068433,0.0171336609532467,0.02159322994446349,1.6357880659117394e-06
3.0180241736699064e-05,0.2533207263608952,9.643264617815942e-13,4.494291350741109e-06,0.0033304818757544604,0.00011084773076587906,0.7079735000130558,0.01416776403330829,0.02106113009399994,8.753581685608193e-07
0.00020105206489067095,0.15396881137528734,3.406247329529613e-12,2.7015586711319324e-05,0.01191363193374255,0.0005593511087428441,0.7918089824989017,0.011098271528297891,0.030418796229205444,4.087670813875053e-06
8.33371615246856e-05,0.19742254841441778,2.681960966152842e-12,1.214904097452394e-05,0.009378814040968722,0.0002770172204490556,0.7551139541650667,0.013730405288531816,0.02397965333639945,2.121328985335393e-06
0.00010028690927320235,0.18681647082814407,2.8496044357634482e-12,1.4463774603341488e-05,0.010210053428518537,0.00030258179627086533,0.7677748379099522,0.010872493274478284,0.02390654034187726,2.2717340327632326e-06
0.00016751816219367748,0.13978922447087763,3.1550109696481956e-12,2.291809258025804e-05,0.009410855007552555,0.0005009276894292281,0.8139009394776213,0.013146867961139851,0.023056889112999496,3.860022450890461e-06
0.00011568960829043768,0.17637310840159706,2.5082952523464204e-12,1.651462414353947e-05,0.006868063072520443,0.00032760516144064256,0.7816928467049729,0.010219020929762075,0.024384848676202702,2.302818562043968e-06
8.12861299005256e-05,0.17819235618297946,2.6951139218334097e-12,1.1394540741440634e-05,0.009839316150586587,0.00027240756775394185,0.7769325720342848,0.010736197099339912,0.023932340550014957,2.1297417034773318e-06
0.0001428579843374349,0.15533470154115664,3.72686125849444e-12,1.92876278825395e-05,0.014113423419940931,0.00043968843782437613,0.7910197424159368,0.010325806370521941,0.028601147633901234,3.3445647712628796e-06
0.0006920115264818322,0.16511137567027723,5.599691825270189e-12,8.476774954809412e-05,0.012992624432420913,0.0011588233591918393,0.7785371951120194,0.013504517558846645,0.02791185258834562,6.831997268773051e-06
0.0001401917770940961,0.18562257683487512,2.409310126144636e-12,2.0084721438280554e-05,0.004054388479329265,0.0003686848092946954,0.7692290648427894,0.013891956382191865,0.026670831017638324,2.2211329395879607e-06
0.0007850815814568276,0.14880021457336043,6.569532110938591e-12,9.87581903833393e-05,0.017360516873293874,0.0013880450873123404,0.7916833370538051,0.01655645036770013,0.02331758846851437,1.0007797604210707e-05
0.00021564503081829525,0.20817494175320148,2.216046835032513e-12,2.9269853053863493e-05,0.0016362407507181196,0.00039264686188297316,0.7457002625297281,0.019173205229298423,0.024676260915256876,1.5270738258462047e-06
0.00013991488788551578,0.15776424322967114,3.648247758492747e-12,1.989933388954995e-05,0.011117368091476162,0.0004494521919337563,0.7918909350229333,0.015231112494902766,0.02338357635192678,3.4983917328043614e-06
0.00038386395074952703,0.1601445518092953,5.7192547965778935e-12,5.079300342401914e-05,0.02138175994642987,0.0008267448008162527,0.7778593805926285,0.011407551384851451,0.02793948284151765,5.871664568058237e-06
0.00027566394220665926,0.15262007780023515,4.9918451520713556e-12,3.707367645149475e-05,0.017777285351438243,0.0006417672376425404,0.7913391049606816,0.01026297904183739,0.027041336593941454,4.711390573576753e-06
0.00017340192330086407,0.15247421526457527,2.9267235742417903e-12,2.341363776948115e-05,0.009467959144249015,0.0005009522362732407,0.7956617301451103,0.011077467460143162,0.0306172711948783,3.5889907736430646e-06
9.774328662555013e-05,0.20380619073809855,3.063161436669263e-12,1.4240907520232304e-05,0.00850109868777148,0.0003114617194200004,0.7510460879409073,0.014236297928849244,0.021984586044248997,2.292743495517901e-06
0.00012459563318190022,0.137139661669528,2.2943754278800373e-12,1.7121671800596432e-05,0.007084685301271551,0.00037975570164825004,0.8178329833256581,0.011176674676716023,0.02624162435830529,2.8976595958929484e-06
4.5972029427606605e-05,0.1251769054938253,1.1952856918749037e-12,6.405041355368105e-06,0.004032754650112067,0.00016020340808549715,0.836967119812457,0.007570144927386216,0.026039237297221542,1.257338934109978e-06
0.00043466436705963017,0.16307059733203808,5.232014733249025e-12,5.5959312792523386e-05,0.01929420354189249,0.0009635707479415402,0.7745414419168886,0.012670609151449444,0.028962325907129438,6.627717576203126e-06
0.000492605263519751,0.1568587223045039,5.8199684830100715e-12,6.204875396720646e-05,0.021673637243800465,0.0010860141004110614,0.7793713218116368,0.012788362111921152,0.027659727779377506,7.560625042118078e-06
0.0003124763965654292,0.16142181315200158,4.220914064672741e-12,4.135536369534625e-05,0.015168684701675428,0.000708763216747381,0.7829833414741345,0.011226678470172455,0.028131926786460766,4.960434326127419e-06
9.164340825724659e-05,0.19398170635784873,2.2873510768219927e-12,1.3223494971168702e-05,0.007419533757381439,0.00028667437065317287,0.7572883912996623,0.012999119791612005,0.02791755497021125,2.1525471154666424e-06
0.00011552259403611416,0.2102853642311026,3.9069273033513265e-12,1.7461684434601698e-05,0.01096060548652896,0.0003821865586956578,0.7386249703908517,0.018150266154106656,0.021460749305826796,2.8735905098138277e-06
0.0001748856287595925,0.17656340358827943,2.572154065130731e-12,2.499131523845341e-05,0.00308578913705252,0.00043727315135486545,0.7813004379228206,0.015754369944241654,0.022656547044973913,2.302264706972635e-06
0.00048813772450122456,0.15744544134684374,5.809154535800317e-12,6.208876400671269e-05,0.009391136287267772,0.000844866059206827,0.7942228284908582,0.011954314326597817,0.025586183720225017,5.003274683639588e-06
4.2397272886862196e-05,0.1836026071164966,1.3120291532661371e-12,6.260070549642107e-06,0.004619864605258622,0.0001513796157367133,0.7811076616298898,0.010478582831511804,0.01999003417049732,1.2126858606133169e-06
0.0002066296785441813,0.15657680192295173,3.6102450796042007e-12,2.7807875850375014e-05,0.01333206362343541,0.0005500436012350525,0.7908707522474914,0.010461085933388995,0.027970829155781186,3.985957711508932e-06
0.00029735416484645306,0.19269416216989105,4.7352709057192205e-12,4.442143622206602e-05,0.017078958177125608,0.0007523122203732312,0.748374885991743,0.01588395613127235,0.024868561231510808,5.388472280155217e-06
4.120537177164894e-05,0.23736381807856655,1.0902464723511566e-12,6.146748771491974e-06,0.002468382020647269,0.00014638171189661483,0.7198648246837787,0.0191789276690515,0.02092927656528562,1.03714914031336e-06
0.0002349866965435817,0.2608193451270951,1.0008476172498629e-12,3.0878041423071155e-05,0.0006357009284706444,0.0002445430429834337,0.6875548178340656,0.025856624633133013,0.024622385073733738,7.186215510037188e-07
0.0001260128583841857,0.16481932436206917,1.7587826430370521e-12,1.7551434357006785e-05,0.0019154387126554394,0.00031482936538790226,0.79386267252229,0.016530105193059932,0.022412502001254518,1.5635487829675108e-06
4.531263494598089e-05,0.15539838372258807,1.4594757119946923e-12,6.353448307605739e-06,0.005169471388716535,0.00015943511716598444,0.807807273457582,0.00807377626872219,0.023338728148178788,1.265812333389269e-06
0.00010324870247862719,0.15188643939137378,3.0879525344289343e-12,1.4260049772922155e-05,0.011259600338131852,0.000318593225125597,0.8003664287357989,0.008796104787668351,0.02725285875979056,2.4660067715342524e-06
0.0001009075773961739,0.15369551670062037,3.143250291706492e-12,1.4052234142779237e-05,0.011394522664324043,0.00030559848598060523,0.7998300299395256,0.008520382476941202,0.02613661983340113,2.3700845249839293e-06
0.0001635574316300603,0.16455451467999974,3.786525469804967e-12,2.2898678522618547e-05,0.013513520430200312,0.0004977363347683017,0.780163077694253,0.012435766649129222,0.028645206596371854,3.7215013384850422e-06
5.104971819691236e-05,0.15207236698457005,1.2628545683768806e-12,7.309896102226866e-06,0.0043401287081728445,0.00017449047566485,0.8114792555551488,0.009020802777862923,0.022853238934119325,1.3569488992309758e-06
5.118020592558654e-05,0.22467475066381323,2.074086512085752e-12,7.570728758464092e-06,0.007192601248882271,0.00018485014196156373,0.730595067309487,0.015813583422456583,0.021478929072885296,1.4672037558911569e-06
0.0004041054928072159,0.14596689639524293,5.28316301319695e-12,5.3403832358406744e-05,0.014522269413832698,0.000965068879880797,0.7989853037712791,0.015670435749277605,0.02342531091418117,7.205545856913308e-06
0.0002344964917269739,0.15703170139779213,4.0990589433887964e-12,3.33787316575356e-05,0.012758629917309274,0.0006756848540756631,0.7909509744937993,0.015788033232751637,0.022521946192187784,5.154684600483864e-06
0.00014991488416277044,0.20294170204632808,4.161989242135121e-12,2.329961453361406e-05,0.013371653930868525,0.00045267916990299656,0.7446759156114188,0.01600086937482732,0.022380564489274696,3.4008745212542858e-06
5.656568816742176e-05,0.23151359200194105,6.585804617168736e-13,8.071154419702275e-06,0.0005604578926323708,0.00013235359919179797,0.7141368047920025,0.03168207278024358,0.021909541961179967,5.401295629895171e-07
0.00012692231291479167,0.19360341953458904,3.636534785553206e-12,1.817753529003419e-05,0.009208939149949648,0.0003657843137357684,0.7619609377625615,0.01242866250681984,0.02228454932896365,2.6075515391887214e-06
0.00010441290310176789,0.18835997315079175,2.359030230849386e-12,1.5311660514726216e-05,0.0059255811349278546,0.00033221022113771246,0.7622877059446628,0.016627013189389077,0.026345439966945203,2.3518261700976412e-06
4.302415149118607e-05,0.1704180005973796,9.13254980291013e-13,6.204588052285614e-06,0.0019268722587340026,0.00014326569395863405,0.7836927793129854,0.010876951638998229,0.032891936307679025,9.654498083173044e-07
0.00016986843633921307,0.1954491292153599,5.6513793348545234e-12,2.5003942302511235e-05,0.01995837694140974,0.0005198863105767917,0.7443080608953999,0.01680927610677277,0.022756466804633054,3.931341554835089e-06
7.044387015308799e-05,0.19019727867196443,2.572833701270664e-12,1.0159567201575256e-05,0.008929964782810924,0.0002449250634742594,0.7629613117355628,0.01338003231817556,0.02420396668971083,1.9172983736810735e-06
0.0001433360167255654,0.19300976929796637,4.049512547976871e-12,2.0699890467943048e-05,0.015349246965336334,0.0004263678707881802,0.7557042491207282,0.012927451888647351,0.0224156617922014,3.2171530891313954e-06
0.000569833719692762,0.16018413248901459,6.125670482606674e-12,7.17372983312395e-05,0.023930844342534886,0.0011628102979852728,0.7735033651608881,0.01286554975555019,0.02770377235847318,7.954571404264146e-06
5.7304311707272656e-05,0.19716958345786811,1.5935747389729483e-12,8.377359859136511e-06,0.005784497707759649,0.00019314285893646025,0.7644042252693874,0.010470390951209165,0.021910988180323762,1.4899013554713205e-06
6.248792763328403e-05,0.1570420838945982,1.2751534527610936e-12,8.836337542909943e-06,0.002753495533735971,0.0001900704887944133,0.8040125415236857,0.008714554623290308,0.02721465642118317,1.2732482610637255e-06
0.0003257671327518862,0.1436889816050038,4.444921129299561e-12,4.356030082805977e-05,0.012636645816733131,0.0007974822456874997,0.8046743151822984,0.013990380714129615,0.023836880167564495,5.986830558241767e-06
0.00038198439385167993,0.1454414391199693,5.743653944520364e-12,5.077581792038058e-05,0.015505424051822128,0.0009146904983565544,0.7997650957544361,0.015084309260289853,0.022849324847956088,6.956249654158831e-06
7.086155847977158e-05,0.1766894365265025,3.2651780778616747e-12,1.021445905066233e-05,0.011312062662685566,0.00021792391974428162,0.7830884048792117,0.00825179498699227,0.020357572475250323,1.7285288177775856e-06
0.0002698411988412208,0.14895522774352513,5.30316857886413e-12,3.7571417823946126e-05,0.01415472245198034,0.0006465122318336656,0.8015461301689689,0.012499537856406982,0.02188555776403328,4.8991612833559155e-06
9.879675201067784e-05,0.1323505762431251,2.2502331300763315e-12,1.3503715010047503e-05,0.007347862125367294,0.0003234899609674529,0.8243270900804008,0.009931151008208135,0.025605000840239724,2.529272420481709e-06
0.00019233280192291645,0.13919997363201717,3.4159667692923445e-12,2.6137198039885984e-05,0.008125397585791559,0.0005595909207655723,0.8143077178998527,0.01451026268954905,0.023074495484515983,4.091784129178434e-06
0.00025136028467749556,0.14983482847506854,6.50737668572147e-12,3.399799815700353e-05,0.021352390812514832,0.0005232186609870135,0.7963579723851156,0.00879347064995643,0.02284881546415055,3.945262865147471e-06
0.00015366662509070446,0.14148854707687217,3.4866251908833065e-12,2.1336362696329727e-05,0.010146624541980733,0.00046684686055223335,0.8114967417952371,0.013160348732965633,0.023062234053693814,3.6539474246966413e-06
0.0001638157443371733,0.14505863193562302,3.342816818451731e-12,2.2674815735985955e-05,0.01005347021650029,0.0005016296129725727,0.8080055113459963,0.013915821695448137,0.022274538591513623,3.9060385300818075e-06
0.00013555568556835237,0.13783688385517376,2.9247212465388005e-12,1.8818278820256578e-05,0.008716537784096189,0.0003961514412482398,0.817805722002311,0.01098118784322392,0.024106075399448534,3.0677071848978067e-06
0.000326273152525653,0.14877759202859298,5.196767537546188e-12,4.236235064489597e-05,0.015391933513244015,0.0007649167060461803,0.798672553240016,0.012927747828125391,0.023090937745046624,5.683430561544278e-06
0.00012761725219780749,0.15059331127308143,4.0306341903381126e-12,1.718200702978133e-05,0.012990191204954725,0.00037007034738539043,0.803728565926452,0.009548081495331621,0.022622079271977624,2.9012175589451497e-06
1.1667574791056767e-83,1.0271833434099211e-08,2.766325382235163e-10,1.14745191531902e-76,0.869532591356902,0.12968802999930246,1.1085745486530057e-33,5.540754691875958e-18,4.540653286101752e-65,0.0007793680953296207
0.000486918353941576,0.1823230452011605,6.541728807280619e-12,6.285222054775462e-05,0.02030558231785516,0.0008800556204423162,0.7557733605268935,0.013889376747943416,0.02627278129269051,6.027711983646495e-06
0.00018258881389234834,0.1947397212032415,3.574240334506596e-12,2.6354656698230424e-05,0.011758389334145256,0.0004890483475968326,0.7528961104672538,0.014177266970631175,0.0257269842515121,3.5359514545440158e-06
0.00026248261244977435,0.15635613756250225,4.0835548352131504e-12,3.4883360602405444e-05,0.014841295218610058,0.0007121560434534544,0.7859887254573453,0.011945137331996829,0.0298540554013744,5.127007582002385e-06
5.219948204939474e-05,0.1736098389311232,1.0708291728513553e-12,7.2438399560909464e-06,0.001188427408526888,0.00015264856296793187,0.7897418850231186,0.012520603851762466,0.02272632001076573,8.328886587014595e-07
8.203740661004465e-05,0.15589094583517743,1.6232640060482259e-12,1.1716912913665518e-05,0.0024790484565479745,0.0002537128554047633,0.8024139574604576,0.017060076199218552,0.021806939409076884,1.5654629697230446e-06
0.00020372986604896192,0.16537738978132774,3.901405782280487e-12,2.7945843158161045e-05,0.005531755443261788,0.0005390080095310197,0.7895606172098374,0.01625621888240194,0.02250004375916957,3.2912013620373893e-06
5.075983899984817e-05,0.23026768605837833,1.2746565802651365e-12,7.624622612714439e-06,0.003276158291630379,0.00017831533496939168,0.7248515460053185,0.01904523486939488,0.02232138250372349,1.2924736978537623e-06
7.741948552828451e-05,0.19937624915056212,3.5300898141243778e-12,1.145869338078069e-05,0.0124148208328567,0.0002486503609991229,0.756372579901319,0.011144296123468915,0.020352552999491416,1.9724488636130366e-06
0.0002480544454592962,0.22265131278962788,2.0341726741793616e-12,3.3735841042611566e-05,0.0013995039567754053,0.00038896683208641087,0.7310043223143224,0.02092402774206937,0.023348684102319647,1.3919742629079035e-06
3.3656111617306724e-05,0.15194136356935023,9.159687284719269e-13,4.801354087393035e-06,0.001969412960898019,0.00011601659927965201,0.8027243543171115,0.00915237632219874,0.03405720014448913,8.186200520596802e-07
0.0001502744311290299,0.18090605389516778,3.81593156228615e-12,2.1816782084632186e-05,0.011983350108041229,0.0003855784338904774,0.7712913180556296,0.01072738622523429,0.024531338623703366,2.8834413036884487e-06
0.00022591076752784327,0.1493344954089987,4.375319136764254e-12,3.0104189820549726e-05,0.015707302275333918,0.0006120061716123356,0.7954954323309249,0.010814683017083236,0.027775499049304795,4.566785018250057e-06
0.0002805691519370388,0.16039662983236624,4.028768536051967e-12,3.696218064639214e-05,0.014211887831917704,0.0006521320154128687,0.7850677427930678,0.011111189620268472,0.02823828505150298,4.601518851683135e-06
0.000387885630824925,0.1613596606863407,4.948240296218484e-12,5.013622361211398e-05,0.018393975342997287,0.0009015498337178573,0.7772707037068924,0.01242416329150852,0.029205655676353505,6.2696028044228165e-06
0.00022120241533370855,0.15528474579664384,6.8232510945647495e-12,3.074373356156755e-05,0.024599322924122948,0.0004573829216165213,0.7885057041863328,0.008011190194716885,0.022886272825447047,3.4349954015317015e-06
0.0001909944913428484,0.17968353537211873,4.4450108330094884e-12,2.713704604474708e-05,0.014015064263426658,0.0004728213052332143,0.7681293168293354,0.011591497665992134,0.025886154269886847,3.47875217461441e-06
0.00015501302079914045,0.20080464494820363,3.841356384418857e-12,2.318851392091883e-05,0.012556778956713716,0.0004607376731992419,0.7445628369235164,0.016766050658509172,0.024667312140034255,3.4371612621172003e-06
0.00012162957460750807,0.1456805549858575,3.617445308191332e-12,1.744160009303284e-05,0.011034841379704398,0.00032011120200251745,0.8130736860098612,0.008405647004478713,0.0213435972075299,2.49103224775864e-06
0.00023843829828659393,0.20969464273180624,2.1778015112265824e-12,3.471322780868238e-05,0.001853553336970768,0.00044894348231283045,0.7445797950807337,0.019780593902651425,0.023367554380672204,1.7655565796048675e-06
5.633045131275726e-05,0.2008876279948818,2.013217339110835e-12,8.333885807963963e-06,0.007329364681028439,0.00019480289249232817,0.7604408863426195,0.011128899392872699,0.019952197137663292,1.5572193078574516e-06
0.00015047132631627874,0.18437379104961787,3.17407166453658e-12,2.1179057057437217e-05,0.01031254130512126,0.0004234588632503641,0.763437877184125,0.012927240308929203,0.02835034858245146,3.092319957037609e-06
0.0001253315433555297,0.20430533047881022,3.40614369402191e-12,1.8739042205829534e-05,0.013067266897017118,0.00039986972109615036,0.7448282499166978,0.01503927658499678,0.0222128967014894,3.0391109250590267e-06
0.00012314789934425558,0.19554340385607477,5.110084516873072e-12,1.8021243484324715e-05,0.018010034923183912,0.0004090476398459565,0.745670420939846,0.016491927209207682,0.02373082571883481,3.1705650683046203e-06
0.0002304542936789166,0.16484745997218977,4.395846068923322e-12,3.1334998280792986e-05,0.01674056000259173,0.0005671187925820537,0.7802486797575777,0.010532950566513207,0.02679737294489725,4.0686672928703145e-06
0.00016610682259916344,0.18753260144540485,4.749897782873981e-12,2.4203439429059592e-05,0.016753664935592143,0.0005059185141824853,0.7542643626698952,0.015423798702065374,0.025325572551527436,3.7709145544178073e-06
2.6843414115478393e-83,2.36322529225693e-08,4.2356929562525024e-10,2.639925390846157e-76,0.8520763641902855,0.1469823276460714,2.550480817160198e-33,1.2747531116775902e-17,1.0446612830548438e-64,0.0009412841078207836
5.4685390350836137e-05,0.1941753160409908,1.4333481570689469e-12,7.91952531217867e-06,0.004680892319026691,0.000181816254735268,0.7608283280888047,0.01126753030777558,0.02880212325895189,1.3888126187508456e-06
0.0002682021404917239,0.22882306700202693,1.88408854451706e-12,3.83485885748507e-05,0.0012971907051768394,0.00039463826835137384,0.7224592275859243,0.023523521602610002,0.02319446095173507,1.343153224867619e-06
0.0001327611377551888,0.15118920693337753,2.823645718652051e-12,1.911465258735044e-05,0.00668174134009557,0.00041696159058156833,0.8031672223180637,0.01630204317831886,0.022087875559893555,3.0732865029631466e-06
0.0005108090251095878,0.27002271145527934,9.64059843277213e-13,5.6026212530496e-05,0.0005665145574791495,0.00025691455150089466,0.6826345576299205,0.02160299179592486,0.02434880375859848,6.710126926221115e-07
0.00027491347836389635,0.14586487707162352,4.49266910351261e-12,3.7954902481043025e-05,0.01258266327308509,0.0007482690350158705,0.8022656600911182,0.015617071790369069,0.02260283358489388,5.7567685568468275e-06
0.00017402170235805969,0.1434808321924647,3.943326801613942e-12,2.323743540250326e-05,0.013163293472327477,0.0005022543214468832,0.8060950855012609,0.010640384549033505,0.025917037678473,3.853143289509984e-06
0.00014512345961344622,0.14384382781544716,3.5275848979428775e-12,2.011683857171669e-05,0.010433662845244916,0.00044532491789089603,0.8105018571718858,0.01282168657262164,0.02178487577389843,3.524601298264998e-06
0.00045753992440859587,0.16306774044326033,1.465377840428327e-11,6.877659413062024e-05,0.05244462532622856,0.0005723196373092392,0.7543850101998358,0.008137526391257198,0.020862324868767396,4.1366001484910365e-06
0.0001475890232465963,0.1825877845492325,4.67566837811213e-12,2.0179473901558818e-05,0.01695805179495678,0.00043743018862643147,0.7654063648529851,0.012007470909792638,0.022431770672601787,3.3585299810341193e-06
0.00028484138349512073,0.16713159033693142,3.911383335878262e-12,3.663703855541883e-05,0.012738222428873193,0.0006370889786211855,0.7785153624891259,0.011518315956583815,0.02913346649735151,4.474886550960907e-06
0.0001223166546714546,0.134764805583752,2.674157494987888e-12,1.665600636088246e-05,0.008231135952171866,0.0003891653885850676,0.8214647400819306,0.011571706789227958,0.023436429794137438,3.0437464885289173e-06
0.00019138102989658953,0.1425010451737106,3.4859601286759304e-12,2.5279120648144412e-05,0.011616059877299578,0.0005586711781978608,0.8069799253894286,0.011368262342708766,0.026755170876214728,4.2050084090908425e-06
0.00012531382885067402,0.13773767085321934,2.0500214093581683e-12,1.7019074087459106e-05,0.0037616585590186254,0.0003641988764792671,0.8191050137468571,0.0121436123494591,0.02674320924908903,2.3034608894908445e-06
0.00015380944147431268,0.16620201149907946,2.60778329353194e-12,2.0849649004870116e-05,0.008369754341857709,0.000408367364987321,0.7850946518892724,0.010773777531695563,0.02897381903550614,2.9592445143564305e-06
8.85087515081575e-05,0.16074434937582807,2.7752963835915426e-12,1.2410594194522546e-05,0.01010480898783445,0.0002902794471299881,0.7905279206540776,0.00987200827851575,0.028357465187037554,2.2487210985713032e-06
8.681690601264489e-05,0.22254728028003035,2.5627883823416243e-12,1.3116128893741862e-05,0.006437355383567651,0.0002996838377264515,0.7271491779858055,0.021875369507451253,0.021589019687669343,2.1802802803026294e-06
0.0002962146125282653,0.14900848526730753,4.656519734327857e-12,3.942502691965444e-05,0.014405474685564173,0.0007766557207361165,0.7964513140306134,0.013841959467999761,0.025174711358078132,5.759825596485927e-06
0.0001411500707021132,0.17703465421565256,4.735466082962168e-12,2.0588050761984954e-05,0.01339108458745957,0.0004172567204996969,0.7724098550793888,0.013303953009580432,0.023278303833544792,3.1544276745163128e-06
0.00020836377014310357,0.17433172616087642,2.3453678698360307e-12,2.878672882876909e-05,0.0020975082211336614,0.00043268413118804656,0.7822192339179568,0.018259963897261,0.022419831869469022,1.9013007979292563e-06
0.00011502465164568414,0.1704817674427131,4.218071151720451e-12,1.614690545098574e-05,0.015386112020722806,0.00035950105458697136,0.7770060015240597,0.010980172327299469,0.025652491683476948,2.782385826202053e-06
7.001872572373814e-05,0.16639693804474986,1.7770489429645742e-12,9.970103331555148e-06,0.00270842393574672,0.00022218212655405111,0.791111624223575,0.01373465768930653,0.025744765211831694,1.4199374038253968e-06
0.00011602000307418742,0.1571909227077343,3.836376136046532e-12,1.645535498252674e-05,0.010286207248704306,0.00030364330028302493,0.8018692043349385,0.007799028514242041,0.022416246261392526,2.272270812152793e-06
0.00011105436516043764,0.13585166072959243,2.1009913352371516e-12,1.5227376812204833e-05,0.005376437157959248,0.0003468216690656509,0.8218499971858498,0.011193630209808238,0.025252672830688026,2.498472962907748e-06
0.0001008405979160414,0.195452639621875,3.955794770920225e-12,1.467861993779224e-05,0.013912243507838304,0.00034237418275574695,0.750123764057072,0.0157281903530348,0.02432261256946912,2.656486145364973e-06
8.163169679181522e-05,0.21070805090590658,2.068260639984567e-12,1.199608895015587e-05,0.003213641207888467,0.0002575748310065666,0.7417623524464205,0.01971519334102496,0.024247936474233178,1.6230057096041721e-06
0.00017565135366924293,0.24984219725007295,9.700060695872423e-13,2.33963901333237e-05,0.0006377899215923462,0.00022590311774106447,0.7001143952517118,0.024164300790185396,0.024815663445359713,7.024785640645591e-07
3.881761949446264e-05,0.19663883595022164,1.2411513370245763e-12,5.6283490720631955e-06,0.004316086491472612,0.00013840768931641263,0.7614705794948302,0.01060178088377218,0.02678878571211106,1.0778084681376724e-06
0.00021687765541462235,0.2030693875865582,5.533957542971156e-12,3.29340485808376e-05,0.010571891943901582,0.0006354739800870125,0.7424111346554804,0.020274953140935918,0.022783135675924625,4.211307582972407e-06
0.00030662610786138584,0.1764675936149189,6.034034504364311e-12,4.242577544291931e-05,0.02337458514912394,0.0006474963326326671,0.7655672743760963,0.011100622608098272,0.02248870164263847,4.674387152889697e-06
7.938093175827248e-05,0.2062114449365519,3.5765154527479756e-12,1.1731995468819746e-05,0.012470036712600415,0.0002663612535049056,0.7460391763703963,0.013748090712077582,0.02117166729484106,2.109789224012872e-06
0.00014701261566053378,0.13981426704433575,2.7139937224012493e-12,2.0181719410128202e-05,0.008503416848846498,0.00044310149534780666,0.815411520371891,0.011879482448970937,0.023777629435195242,3.388017628165967e-06
0.0001505552461227285,0.15840064255715441,4.704196229058406e-12,2.0839490506933303e-05,0.017350830375951896,0.00040814526849930195,0.7891914086257115,0.009086755582834442,0.025387706194411618,3.1166541030467166e-06
0.00010961308566793913,0.1881955209899363,3.0011592188757043e-12,1.6193691924721084e-05,0.009597443078264675,0.00031934526515635647,0.7659870808125551,0.011808482390413225,0.02396388744612475,2.433236955612122e-06
7.181085494507069e-05,0.19250342878680704,2.4409730919708155e-12,1.0354551091306532e-05,0.008641491636043665,0.00024474312627958364,0.7608899651381351,0.012645897655170863,0.02499041941289362,1.8888361927949455e-06
0.00032951321187819075,0.21897528357979665,2.3147021827037534e-12,4.599524029926264e-05,0.0015965332871947565,0.0004703283311145721,0.732326525056595,0.022669364008393464,0.023584832929243314,1.6243531700667822e-06
7.804774958539462e-05,0.1726044896382492,2.3550441377765017e-12,1.1422725526740959e-05,0.007037390777725843,0.00024545405247942715,0.7853979663379942,0.01000185450902921,0.024621508286358795,1.865920696074677e-06
5.645759194952206e-05,0.17550890815215492,1.3820886397062462e-12,8.14854943978842e-06,0.002705600779145576,0.00018539906859507094,0.782263641299104,0.014273396660008262,0.024997189358137634,1.2585400832339282e-06
0.000378886814889733,0.23562338804348695,1.3599925060324212e-12,4.948286610286279e-05,0.0008688292819431141,0.00034100347265813934,0.7150141017197194,0.023559884054332066,0.024163436002994077,9.877425137101544e-07
7.941343759739696e-05,0.20842605414538273,2.1391570987447032e-12,1.1954251162087267e-05,0.0080341303966117,0.000279624413953486,0.7448750448488312,0.01549909960042219,0.022792496180432237,2.1827234676423944e-06
6.795125819595171e-05,0.17662360003814112,1.987730877149453e-12,9.899324083123864e-06,0.005915509001894707,0.00022998018712388756,0.778782515615213,0.012120042042922082,0.02624875545020488,1.7470802336501225e-06
0.00012142587460761094,0.23960731061359017,1.3841002382271468e-12,1.773153147774997e-05,0.00114531243360247,0.0002639742653722215,0.7091125413973313,0.027196615064498206,0.02253401998854412,1.068829592021365e-06
0.00010036042255768541,0.20449506469766482,1.3191691179370955e-12,1.471709222815068e-05,0.0013032112761439917,0.0002442100698444218,0.7490289820535327,0.021787562890785858,0.023024762724732358,1.1287711908449448e-06
3.7216016812122086e-05,0.24920115647636162,7.881786704515923e-13,5.478700158484219e-06,0.001078517183454777,0.00011807731765159657,0.7076454848632006,0.021402044711509045,0.020511336467124955,6.882629387620765e-07
0.00016466138497212867,0.18449082183836385,3.881261257389273e-12,2.3690951160770265e-05,0.009091574144187733,0.0004902737456522501,0.7625774824123306,0.015802835349886992,0.027355313718702142,3.3464508622176344e-06
0.00013882544240091928,0.20759225439358114,3.5093694130606924e-12,2.1251926755178018e-05,0.01344337428838526,0.0004600703984613982,0.7371443680812484,0.018403018720400326,0.022793333033905343,3.503711352597248e-06
0.00010602182951006203,0.20288782853665654,4.0088016169870576e-12,1.5753730848518616e-05,0.014018109206792528,0.0003565120417391212,0.7437470661836004,0.01698648851084708,0.021879426871489926,2.793084507010093e-06
0.0005332564101837052,0.15115547998556633,4.747827160712317e-12,6.646615234210391e-05,0.007726443482508279,0.0010159710975709822,0.7991609171183501,0.01518513114745463,0.025150635065012767,5.699536263109484e-06
3.507534561966025e-05,0.21707443734704412,1.1955737333312654e-12,5.173536759810832e-06,0.002740893176235189,0.000123034839888433,0.7462946437202038,0.01280745915349308,0.02091837245407042,9.104254897652527e-07
0.00026661181543683826,0.14977056235784228,3.889422470062773e-12,3.517509122634153e-05,0.01317115120978418,0.0006446639583398116,0.7987614157685319,0.010988883159698067,0.026356887314297296,4.6493209539633685e-06
0.0002487942810297449,0.18962761950349638,5.771423668725342e-12,3.297695525686476e-05,0.008735733944501504,0.0005913197462389465,0.7636490077126271,0.013889473046759854,0.023221358009285455,3.7167950327321455e-06
0.0002487942810297449,0.18962761950349638,5.771423668725342e-12,3.297695525686476e-05,0.008735733944501504,0.0005913197462389465,0.7636490077126271,0.013889473046759854,0.023221358009285455,3.7167950327321455e-06
2.245742530094079e-05,0.18423187778344846,6.619835904090288e-13,3.257215815821066e-06,0.0023119215222860796,8.202914447111278e-05,0.7761256158488226,0.00751421413736326,0.029707983470586966,6.43451242688176e-07
0.00010558497175820855,0.24698141836828358,1.1112644252182478e-12,1.5166206406627928e-05,0.0008422263720114777,0.00021624304861311516,0.6948515190648932,0.03335996098103405,0.023627056775339106,8.242105493094275e-07
6.71746268715595e-05,0.1730281551476232,1.7683168336745462e-12,9.563008792559979e-06,0.005556110953701656,0.00021916439341017875,0.7853405727752893,0.009731763992988852,0.026045863505514733,1.6315940396098318e-06
0.00016214685256541548,0.19898297808252668,3.95690237980773e-12,2.42372852636891e-05,0.01343478610186638,0.0004760690073411925,0.7464693923540491,0.016244277016019087,0.02420260087723132,3.512419180139982e-06
7.18876086147444e-05,0.21493107301097267,1.9576906920664396e-12,1.0738857290457315e-05,0.006576482183293005,0.00023898891159083492,0.7393299673822431,0.014618021138108736,0.024221003384126454,1.8375218025002512e-06
0.0002461237514624831,0.1862753605310895,4.796023809083863e-12,3.494785265863656e-05,0.015220351912210916,0.0006281474449704858,0.7566861549600574,0.015007754357208775,0.0258966292467463,4.52993879947717e-06
0.00019504922113202034,0.1952654362875608,1.6474720435561296e-12,2.7208053750103324e-05,0.0014148016780299827,0.00035053325499988675,0.7584425939425323,0.019599748020224215,0.024703246918261444,1.3826218617978804e-06
0.00037653373200031233,0.20324962232288749,3.1173653086980317e-12,5.232701622774638e-05,0.0028422166923936934,0.0005955027469640852,0.7486422374455677,0.01855217575325814,0.02568689325099741,2.4910365859987103e-06
9.335719181624147e-05,0.22023704216180798,2.416304073740932e-12,1.3970791334836182e-05,0.003347337201637637,0.00029674455463760623,0.7283170639543672,0.02562290169798929,0.022069759964535,1.8224794579197126e-06
7.112883857739756e-05,0.17125009649280884,2.0762770069650098e-12,1.021954201497207e-05,0.0069871547941028934,0.000227477530701923,0.7825131350655966,0.009647108648988371,0.02929193219672853,1.7468884039950891e-06
7.184794723632242e-05,0.15918766469072956,1.7871286213197498e-12,1.027800757322566e-05,0.0064468970612811234,0.0002458992242408078,0.7956207328044995,0.00983405318673555,0.028580719747554266,1.9073283625176872e-06
0.00024385251347213284,0.19684141493578783,7.480823248017298e-12,3.7209690925369376e-05,0.018740517428104984,0.0007233030698135707,0.7395630890821753,0.020563122259400997,0.02328233751896876,5.153493870121757e-06
0.0002242227560699765,0.1560462278204761,4.141069986795105e-12,3.0752844777960495e-05,0.013097137361791692,0.0006252458326197313,0.790357757826526,0.013779433755333836,0.025834578847006684,4.642951256929499e-06
5.263071830688256e-84,4.633473383024976e-09,2.337021250677889e-10,5.1759872644774696e-77,0.7985344931803516,0.20028462566155408,5.000617166564684e-34,2.499353161371499e-18,2.048222088220246e-65,0.0011808762909187949
0.00019106076893786404,0.19523008650833418,3.683682233907699e-12,2.8537729080239294e-05,0.00563413570685795,0.0005456906913570495,0.7554113562003023,0.02028297277144558,0.022672892913288906,3.2667067122782027e-06
0.0001093923707184725,0.18084325821694358,2.1301334497173154e-12,1.628509331544129e-05,0.004811705675678135,0.0003563532163656101,0.7735899668228967,0.01745421250413782,0.022816386747672942,2.439350141199122e-06
9.678614274545954e-05,0.21107679969013127,3.4791683929320586e-12,1.4493423289678778e-05,0.013035920372598816,0.00033266919163845826,0.737706660733104,0.016565473007590342,0.021168573242365242,2.624193057475316e-06
0.0004185230092695024,0.1512256590894023,6.0371346300351174e-12,5.756949599384045e-05,0.01661764501522275,0.0009924070667539067,0.7919290544565019,0.01622123517532099,0.02253038795334293,7.518732154768816e-06
0.00034522801276746205,0.1862376868248934,9.971179027220017e-12,4.829597846030293e-05,0.03833108421833415,0.0008589496177128599,0.7359151827861058,0.015405975040112081,0.02285127521032572,6.322301317106763e-06
6.562414210196933e-05,0.20445880742057074,2.2745294076978325e-12,9.809025219442739e-06,0.007933645364564474,0.00022382807025350709,0.7521951906310029,0.013160232781395106,0.02195109852490824,1.7640377092506604e-06
6.483148927084295e-05,0.19969618484845864,1.9655327704653846e-12,9.639833305215125e-06,0.007254581993534617,0.00022619702438176793,0.7577785114638647,0.012474044037710113,0.022494225598918335,1.7837085903600358e-06
0.00020511111795751348,0.14420239193129766,3.872437185949711e-12,2.7965737874259812e-05,0.010417513274861168,0.0005948481459745593,0.8067016004244205,0.014619781781869928,0.023226307406077874,4.480175794120933e-06
0.00020166394803068375,0.16932182990331862,5.142663367869298e-12,2.7087860516999823e-05,0.01951244529107829,0.0004999005347366099,0.7758662519702968,0.010114504131589392,0.02445265481186725,3.661543422674275e-06
0.00011137848160718686,0.20033613582627724,4.1312374663878105e-12,1.6423250379910095e-05,0.014439642184156968,0.0003760632310713376,0.7432411964734548,0.01739713510355478,0.024079128112476176,2.897332890522327e-06
0.00012208519608525905,0.1970056890432099,4.113036522728201e-12,1.797676831187093e-05,0.014303783983154126,0.0004021086933781824,0.7464387864608037,0.016955472777403814,0.02475103483755451,3.062235985470582e-06
