i = 0,i = 1,i = 2,i = 3,i = 4,i = 5,i = 6,i = 7,i = 8,i = 9
6.57529916578216e-05,3.8385123002813224e-19,7.429015475546819e-21,0.6349525486666135,6.861309685519314e-12,0.36498169484884896,1.6815995903304835e-23,3.4860182555580803e-09,7.160704045852516e-31,7.621660377723059e-33
7.62866784440999e-05,4.233955579256412e-19,7.759942230903154e-21,0.610586033351766,7.696150400716003e-12,0.38933767686563014,1.757433550721927e-23,3.0964635629622843e-09,7.824499711425422e-31,8.326683581333326e-33
6.853041121516219e-05,5.207870411209731e-19,7.718126908094428e-21,0.5893356612017874,9.216156885930283e-12,0.41059580535533663,1.7486797540084048e-23,3.022444679694145e-09,9.676604160371288e-31,1.0298150495177019e-32
0.00011348920185224722,5.036584269389794e-19,9.869673762383118e-21,0.6885059243763092,9.099166062167718e-12,0.3113805758624216,2.2368084812446318e-23,1.0550317715566163e-08,9.403267718059568e-31,1.0006368410367915e-32
0.00011962326881504362,1.2376366248011833e-18,2.3148640331645444e-20,0.6879315909120783,1.7662298102386366e-11,0.3119487827643535,5.2776341221369424e-23,3.0370908428908125e-09,2.4053931072962593e-30,2.561400283325891e-32
8.043279365052848e-54,6.657987078794281e-08,1.0905153316363092e-09,2.5637349213299467e-106,0.9999999323270993,2.0044991405579123e-125,2.5145882632226302e-12,2.9370800346752194e-113,2.420490341734932e-21,1.984730649634602e-96
0.0001233460078840855,2.7345347488706936e-18,3.441721864952526e-20,0.653183176076113,3.114134328107067e-11,0.346693475392669,7.860683737342182e-23,2.4921926824127756e-09,5.5096718635488904e-30,5.869211971412104e-32
0.00023849718045532546,6.068352349924939e-19,1.1219006134438714e-20,0.6727151435015478,9.139366378150848e-12,0.3270463465631398,2.5485195016277434e-23,1.2745717671126516e-08,1.3791197944469603e-30,1.467566450185501e-32
0.00010862143998580979,9.927610621680707e-19,2.3560967686018234e-20,0.7177322277847122,1.462544294264739e-11,0.28215914444429524,5.33200507309635e-23,6.316381230445116e-09,1.9037551875990564e-30,2.0269661342266365e-32
0.00025946448325059047,1.1987138437706604e-18,2.141738389486911e-20,0.6966180651481668,1.6419613136119523e-11,0.30312244884574446,4.858835452711756e-23,2.1506418467972176e-08,2.5086583538102732e-30,2.669720838755249e-32
0.0001768663737945224,2.0544467932755568e-19,4.8010680766865706e-21,0.7291163572369338,4.1543354210046846e-12,0.27070670978188976,1.0899368958072408e-23,6.660322768588242e-08,3.907268373601121e-31,4.156951060958983e-33
0.000246616940614137,4.661715450559225e-19,1.0631608547526649e-20,0.7072267301046583,8.372259543419035e-12,0.29252661181137984,2.4121900102744047e-23,4.113497542820727e-08,9.20637375002553e-31,9.795477806009547e-33
0.00013405263644374038,3.663275484264927e-19,9.034020103995703e-21,0.7322184842259731,6.872457269092918e-12,0.2676474544378318,2.0510408976245033e-23,8.69287890335323e-09,6.890682999038667e-31,7.332497446541945e-33
9.211722132079279e-05,7.824390085558585e-19,1.1578706472556097e-20,0.6721268250171064,1.305068250590308e-11,0.3277810548388549,2.6380120484020087e-23,2.9096672807361496e-09,1.488368095988715e-30,1.584296231701944e-32
6.136437006614844e-05,4.723274406726918e-19,7.965899011175638e-21,0.6606602717324279,7.760367155637395e-12,0.33927836032667685,1.804857875264023e-23,3.563068783742768e-09,8.95497794415436e-31,9.533450078062481e-33
0.0001254797646050417,2.551108954539566e-19,6.829361745914355e-21,0.7151291648307895,5.0782428786797715e-12,0.2847453291874497,1.5464831754867837e-23,2.6212077572562186e-08,4.70320880084144e-31,5.0046215043781125e-33
0.000734539113885372,3.383937403642527e-19,5.997365811542976e-21,0.48067723220872377,5.4550169668367975e-12,0.5185882202795505,1.365141151305923e-23,8.392385204292292e-09,9.06437480891113e-31,9.644335074235622e-33
8.949961217223182e-05,2.3753067949267694e-19,5.282152667803459e-21,0.6825877144824498,4.72706245236767e-12,0.31732277872178527,1.1974375314368593e-23,7.178865601126122e-09,4.478825625500949e-31,4.7657774778960404e-33
0.0001324610491643399,4.0545761366291743e-19,8.612980754314294e-21,0.7272391034808742,7.727271173950816e-12,0.27262840460792415,1.9545524106992615e-23,3.0854310090944365e-08,7.52633886479677e-31,8.008950981382636e-33
4.8571109425111956e-05,2.231587429740154e-19,4.6692384988789516e-21,0.6472835939452439,4.436477324123183e-12,0.3526678323703069,1.0569923711667369e-23,2.5705875935259874e-09,4.155953365343969e-31,4.422717347422438e-33
0.0001206218253571147,2.0334876506115022e-19,4.980118916757722e-21,0.7254652620096298,4.149556298381597e-12,0.27441405855673173,1.1292494799393057e-23,5.760413182710195e-08,3.7437242135714154e-31,3.9834866527150935e-33
7.045644030714413e-05,8.823120284930013e-20,2.2491113186564983e-21,0.7435028350311589,1.89302862927642e-12,0.2564266774613589,5.100757743942677e-24,3.1065282058668894e-08,1.6175079515414864e-31,1.7210668936065286e-33
7.117081588456219e-05,1.1054617197230715e-18,1.1463554726577126e-20,0.5873594622062477,1.576979181391765e-11,0.4125693643502484,2.6007320810545257e-23,2.6118494426376344e-09,2.1066100512477878e-30,2.2429023903945015e-32
0.00012158758353468954,3.4740443771187283e-19,8.259296450615795e-21,0.685870518317106,6.4617867247307424e-12,0.3140078828707822,1.869270612625313e-23,1.1222115401596594e-08,6.448619984927822e-31,6.861772747942531e-33
0.00012382809288185198,5.44414629287991e-19,1.0937321730335797e-20,0.7039884036096851,8.91653384686547e-12,0.2958877577479491,2.477715999911526e-23,1.0540567425193868e-08,1.035389684320604e-30,1.1018671534372684e-32
9.338754122434837e-05,8.528702501340661e-19,1.4994527865309223e-20,0.6758632910283677,1.3578245723314032e-11,0.3240433190733355,3.416133168981042e-23,2.3434941452216984e-09,1.6348817354680606e-30,1.7404830503387958e-32
0.00011961217841587262,6.175594922599365e-19,9.569994697717444e-21,0.7056240122940438,9.59598772946403e-12,0.2942563669366639,2.1736446151588263e-23,8.581280483815658e-09,1.230525638366625e-30,1.3095639836782668e-32
9.021832963070829e-05,3.609994346594859e-19,8.758683745726332e-21,0.7159723645363734,6.805231259698888e-12,0.28393740657662336,1.981835620193448e-23,1.0550567430182453e-08,6.697889367761276e-31,7.127983528934606e-33
7.176925491052885e-05,7.296799336403267e-19,1.2202353556030077e-20,0.6328058311871272,1.2227723291368862e-11,0.36712239628555443,2.7598006827871715e-23,3.2601802031545888e-09,1.3592514616901453e-30,1.4468264187061106e-32
0.00013186968635241317,7.568242522017121e-18,2.8817258378880126e-20,0.5830886360787298,5.2021605652078007e-11,0.4167794904636664,6.54792632754678e-23,3.7192297623816047e-09,1.8271376744755172e-29,1.9468044577399175e-31
0.00015511946316067377,5.983827031535703e-19,8.688015561073812e-21,0.6093736577579832,8.919711486012219e-12,0.3904712173811823,1.974519795898161e-23,5.388754107771235e-09,1.2975553419200822e-30,1.3808922136208776e-32
0.0001557522670416477,1.0053133625117753e-17,7.188115498068245e-20,0.6471852695196423,6.314167760053749e-11,0.35265897523070777,1.6463416452695882e-22,2.9194665594112584e-09,2.2943114855500085e-29,2.4476740480832e-31
0.0005053010782469008,9.586232296404596e-19,1.4365309961783692e-20,0.4567270620055072,1.1829651725252013e-11,0.5427676315847557,3.263563317086132e-23,5.3196605466931255e-09,3.419513306614887e-30,3.6390137173776654e-32
0.00011243634295633682,6.782797144759103e-19,1.563345830450378e-20,0.6703930804360723,1.1403982523406218e-11,0.32949447971741674,3.54628341376971e-23,3.4921507416003477e-09,1.2667284020806357e-30,1.3483011296960465e-32
0.0001010567280550645,3.606700207262297e-18,2.7099157163146048e-20,0.6275668405248752,3.35317871698306e-11,0.3723320987193173,6.138531227187955e-23,3.994220768869191e-09,7.307866273610132e-30,7.786428662621643e-32
8.826237233147292e-05,2.2167466430276515e-18,2.4532233807952054e-20,0.6626002075634402,2.395854766350168e-11,0.33731152634858425,5.557164766794465e-23,3.6916857108673384e-09,4.457325978345428e-30,4.7489148277806634e-32
6.804109385051244e-05,8.037945210818453e-19,8.609519161224793e-21,0.578602234895242,1.2531040579755652e-11,0.42132972164248617,1.954753113242264e-23,2.355890334205597e-09,1.5373797537393575e-30,1.6364051499671027e-32
0.00018701531014120876,4.718663199509821e-19,1.1159916437703478e-20,0.7207818914124112,8.205572172174633e-12,0.27903106602212224,2.5282485689449457e-23,2.7247119755108095e-08,9.028334029586046e-31,9.606546284437863e-33
6.31849230006121e-05,5.20257433062537e-19,8.079148704368531e-21,0.6442089200233815,8.661323925743763e-12,0.35572789318557796,1.8387727948423787e-23,1.8593786015723994e-09,9.908348637671818e-31,1.0548650119565845e-32
3.7410373749529734e-05,1.4191012359448503e-19,3.014385891881225e-21,0.6914966680021649,2.9528776684321566e-12,0.3084659198965332,6.842578442775162e-24,1.724599489133529e-09,2.62124891700726e-31,2.7894865538149358e-33
0.0001039323214987612,3.9251409274520795e-18,2.1624084350602972e-20,0.5807662721932612,3.744242534989651e-11,0.41912979180925386,4.9042479227244454e-23,3.6385438758148256e-09,7.756994277630851e-30,8.261365973970374e-32
0.00010478082354844753,4.824190735100214e-18,2.6240451207972993e-20,0.5920736664100392,4.527020012713923e-11,0.40782154945196986,5.95264163745987e-23,3.26917225791028e-09,9.511089939141716e-30,1.0129759688212872e-31
0.00010330650371229762,2.5562340178330307e-18,1.8453256229879936e-20,0.6210756347501892,2.6819707287688295e-11,0.3788210546228311,4.189643444957033e-23,4.096447619275032e-09,5.140313665303512e-30,5.474081309700767e-32
0.0001024485593865817,3.986998917279948e-19,7.454809606837068e-21,0.6410363617950012,6.665258836951622e-12,0.3588611831628774,1.690210551590824e-23,6.476069490734986e-09,7.50258794039689e-31,7.985360085411452e-33
0.00022531526515556872,5.825892325085065e-19,1.4727172398404875e-20,0.724306026718628,1.0109960892185809e-11,0.2754685987343183,3.3359948248103096e-23,5.9271788199138414e-08,1.1079653339778854e-30,1.1790272213058523e-32
0.00022473767219043103,9.251290084451262e-19,1.4118707464361542e-20,0.6382416413742904,1.3228080814393369e-11,0.3615336147298201,3.217887468590312e-23,6.210471090659297e-09,2.297116883627887e-30,2.4450682899473248e-32
0.00012840994260827988,4.5597648146683634e-18,4.065739246194671e-20,0.6497282807831999,3.601452450832663e-11,0.3501433052391052,9.226689637210552e-23,3.9990721545987625e-09,1.176113242456781e-29,1.2538355967788494e-31
6.73741298697691e-05,1.512523037597815e-19,3.820142224222517e-21,0.7840060765674329,3.0992174038479924e-12,0.21592653672473797,8.672206709200822e-24,1.2574860198926915e-08,2.8021229447065283e-31,2.9820117558917935e-33
8.75660700254196e-05,1.337944086087364e-18,1.3772166321500227e-20,0.6312377387427995,1.8236669243535746e-11,0.3686746914678049,3.124651751125023e-23,3.7011334974500854e-09,2.5867382489586734e-30,2.7536775212650106e-32
0.00020897531503673894,2.880628314696331e-18,2.4346455053923116e-20,0.6489345979288611,3.0623554824967074e-11,0.35085641426894987,5.538298913638321e-23,1.2456528743275835e-08,5.751516614020845e-30,6.123594798286158e-32
0.00011996425400682723,9.851202317091397e-20,2.183450359932026e-21,0.7264407505466103,2.09967567857921e-12,0.27343924460904345,4.962305482290244e-24,4.0588239856065805e-08,1.8944074574884502e-31,2.01543710952565e-33
0.0019325226985643358,5.748733850610117e-19,5.830220834546818e-21,0.20759902975363967,5.9979381193907436e-12,0.7904684453634405,1.3292667393059525e-23,2.178357442457747e-09,4.803496817437173e-30,5.112844759788624e-32
0.000231397001432973,4.871556042813249e-19,8.455205709012235e-21,0.5728700925696814,7.581637313865553e-12,0.42689850728833895,1.9278329260801922e-23,3.1329651396617266e-09,1.2356709589692595e-30,1.3149913008806818e-32
5.273687919304105e-05,1.6370135121664807e-19,4.16221434673585e-21,0.7462859236446305,3.3809241946922798e-12,0.2536613341472929,9.429364775154757e-24,5.325502565373096e-09,3.0173835488874013e-31,3.211018658154235e-33
6.250757122344504e-05,4.948138212606906e-19,1.0485876913435467e-20,0.6949015555229084,8.384441012323656e-12,0.3050359330299585,2.370540047388015e-23,3.867525292862231e-09,9.310718154472247e-31,9.911888005884885e-33
6.541913896801924e-05,5.076703018715711e-19,1.1429604150099495e-20,0.7186797660594999,8.346041780777764e-12,0.28125481008854814,2.5834116836721548e-23,4.704637849891629e-09,9.626954915758637e-31,1.024930808701121e-32
8.029058952676443e-05,7.667991482490777e-19,1.1567667322143756e-20,0.6075179280804548,1.2541863901545483e-11,0.3924017778070292,2.6188365597770273e-23,3.5104474233710092e-09,1.4350990013844464e-30,1.5275411084043904e-32
6.23288269205618e-05,1.9364617781520492e-19,3.797948379879413e-21,0.7234293718964856,3.85236988024697e-12,0.2765082953688479,8.633632893246278e-24,3.903893576453886e-09,3.6112017567167575e-31,3.842778894067774e-33
0.0001066455674312151,1.7259929951097696e-19,5.493055935696533e-21,0.7347799768750609,3.5442489728891156e-12,0.2651133427879682,1.241383268089698e-23,3.4765995347896446e-08,3.1552946670854634e-31,3.3574401671121886e-33
0.00013009342353376192,3.3197052870487333e-18,4.1158056502314804e-20,0.6502298691554598,3.5307745162768493e-11,0.34964003480041206,9.397822890704368e-23,2.5852865526042504e-09,6.733246252265476e-30,7.173530118286757e-32
0.00014924164731624796,1.6230314659997379e-18,2.319909856658325e-20,0.6780149926673359,2.2675419557066575e-11,0.32183576146770265,5.29132551255006e-23,4.194969627226514e-09,3.1518811272511712e-30,3.355458613171306e-32
0.000202210115133577,9.46297200512154e-19,1.831484051478825e-20,0.7169291027140223,1.3976339830863516e-11,0.2828686579197688,4.1553734762722025e-23,2.9237099049275567e-08,1.834380172449572e-30,1.9525694460152788e-32
0.0008231930409795656,1.1358719158976733e-19,1.8940810203982126e-21,0.24611606522369736,1.8871555872551764e-12,0.7530607399857232,4.318801815497782e-24,1.7477126601958758e-09,3.3881780127793743e-31,3.6047644905793636e-33
0.00019035615947877695,7.576281920001268e-19,1.6170677115285923e-20,0.7212212046902094,1.1508842043780393e-11,0.27858841919775124,3.6639934157297917e-23,1.9941051566106803e-08,1.4980396263222536e-30,1.594208394539198e-32
0.00011586896248527107,3.3236280098109073e-19,6.0233536023072845e-21,0.6314127176215293,5.984391443696603e-12,0.36847140752055774,1.3677920598502685e-23,5.8894432739615625e-09,6.425603429466019e-31,6.837740760628635e-33
3.961031761374333e-05,7.409686528938101e-20,1.3273646023472397e-21,0.5737247996663551,1.5072928440037608e-12,0.4262355880233751,3.0174482551457463e-24,1.9911486531358182e-09,1.4580181763440556e-31,1.5514311505495973e-33
0.00021952030655814135,1.0951356966987811e-18,2.4789255026192617e-20,0.6830047312466782,1.6688175817122548e-11,0.31677572974361135,5.60317594399408e-23,1.868646413131792e-08,2.0604001058805928e-30,2.1926250583140792e-32
9.032794034910774e-05,2.4275391464513473e-19,6.843810450007124e-21,0.6971929795231208,4.8493547616612656e-12,0.3027166833352701,1.5468287653801358e-23,9.19641074179419e-09,4.462245421485491e-31,4.748329860265523e-33
0.00018004358570998828,9.704575153232195e-19,1.815108590804022e-20,0.7101460430624128,1.4787655947103767e-11,0.2896738916319945,4.114603162756151e-23,2.1705094988588897e-08,1.855880407646659e-30,1.975062610037549e-32
0.00011384061341642365,6.389745042073624e-18,2.8409027607223954e-20,0.5912794693059632,5.280620298934504e-11,0.4086066864691376,6.445983805697485e-23,3.5586766350567276e-09,1.2827437084221875e-29,1.3662741917714378e-31
0.00010254957683679919,2.587429051753364e-19,5.305212023419966e-21,0.7324472832874274,4.956576489695848e-12,0.26745015173678327,1.2044547729474388e-23,1.5393995982617846e-08,4.833498247407552e-31,5.143081896094745e-33
6.939053979509591e-05,2.1053469416522857e-19,3.5287173207965784e-21,0.6670928549545849,3.82064697565457e-12,0.3328377513880785,8.022051184264894e-24,3.1137208525312187e-09,4.222568858984747e-31,4.4932810810077274e-33
0.00010865230955149124,2.3849076991312066e-18,2.949616142809679e-20,0.6615557833998147,2.7073775798424733e-11,0.33833556172204554,6.731190319982354e-23,2.541514571662028e-09,4.831088482838344e-30,5.147212670897658e-32
0.0001304070741269017,3.1984029418943553e-18,5.074518596045158e-20,0.6733473310186905,3.389101773457622e-11,0.3265222590292773,1.1577932956639184e-22,2.8440143910216776e-09,6.512174585147693e-30,6.939032416720361e-32
8.985355960194847e-05,3.908580668949789e-19,1.4775416784648795e-20,0.7979594008625803,6.40070950340776e-12,0.20195072553887305,3.332381420974123e-23,2.0032544039365262e-08,7.457044186705732e-31,7.939131446014713e-33
0.0001282500216678737,2.1485165560899415e-18,4.4012876628745156e-20,0.7288529589034535,2.34641659326055e-11,0.27101878673899465,1.0022769012929224e-22,4.312419779166581e-09,4.478799146075395e-30,4.772372234396433e-32
5.3453289485559105e-05,3.7906115457936657e-19,7.125298571273278e-21,0.6692676594273651,7.0585743910657955e-12,0.3306788853574731,1.618219778560191e-23,1.9186175894177384e-09,7.079354675316422e-31,7.535512212838885e-33
9.893318363090616e-05,9.005964528539928e-19,1.6856513978446894e-20,0.6698877679679117,1.403772637416974e-11,0.33001329678310565,3.8431649782112546e-23,2.051314083896139e-09,1.7839585508828946e-30,1.8993199412791354e-32
0.00010430633002075256,2.449026942562819e-18,5.0341359349683263e-20,0.7463721192150818,2.257914679222236e-11,0.253523568399607,1.1381454016129357e-22,6.032711246684549e-09,5.23812952139504e-30,5.584287180126173e-32
8.94425136687809e-05,7.573762102905976e-19,1.7203121791889188e-20,0.6883740302379466,1.2101570713202151e-11,0.31153652482270877,3.910422362451081e-23,2.41357427112856e-09,1.4426659536004226e-30,1.5360173144030673e-32
0.00010779914350838428,8.683194346983386e-19,1.6680606297136933e-20,0.6918348895995449,1.4006327880251863e-11,0.3080573082648482,3.7997324336330025e-23,2.978092214574991e-09,1.6581360267461217e-30,1.7651541095711786e-32
7.347451637903368e-05,6.621474069688207e-19,1.3507132203373929e-20,0.6957357794707111,1.0223733018651142e-11,0.3041907437289523,3.070201813426331e-23,2.2737339315377446e-09,1.2764681575698282e-30,1.3592525428559499e-32
0.00013244549526006971,2.7931948179924443e-18,3.813931367693037e-20,0.6818923423353864,3.010970777578411e-11,0.3179752085089785,8.68480427789329e-23,3.6302652799953796e-09,5.693027145827712e-30,6.064063411421232e-32
9.244898388481397e-05,7.886956401579645e-19,2.158215853418957e-20,0.7405490864590379,1.1852292971171966e-11,0.2593584590704463,4.8824549306297954e-23,5.4747786257850725e-09,1.5175988598067078e-30,1.6159649853806666e-32
4.987865040280124e-54,2.5902385146223324e-06,2.107755899949673e-10,1.5898445405499016e-106,0.9999974095502278,1.2430466147801977e-125,4.820629008266397e-13,1.821366405487894e-113,3.1896399173722157e-21,1.2307876144023312e-96
0.00018893930923197854,6.2861595838609034e-18,4.4425361972138593e-20,0.6380154506632122,4.007864535579275e-11,0.3617956016188562,1.0070899559006003e-22,8.368621020570993e-09,1.3729544932253278e-29,1.4635927515515911e-31
0.0001737473311670959,1.2740386837830652e-18,1.6457905392297577e-20,0.6522795236483231,1.621647922604892e-11,0.34754671826817496,3.73727744306797e-23,1.0736118391908728e-08,2.494206701284688e-30,2.6552156517295263e-32
7.880324952809649e-05,1.6272696748679392e-18,1.3882509151046165e-20,0.5738809976851252,2.1863229730883508e-11,0.4260401962522475,3.148401817188522e-23,2.7912359466495743e-09,3.0886910517425023e-30,3.288380563132758e-32
0.00013791057732658775,1.4845600946563192e-19,3.5825633921786654e-21,0.5890257832049424,2.7694711365230603e-12,0.4108363028601926,8.138057490718869e-24,3.3547689810156392e-09,3.3522721987736754e-31,3.567043465164879e-33
0.00013298545441934166,2.3632013505491426e-19,5.135752689341588e-21,0.6495317592048857,4.380506302082592e-12,0.3503352527577578,1.1696578319826573e-23,2.5785565504084485e-09,4.973349008114e-31,5.2921983331659396e-33
0.00019995897089806482,1.1538341713207093e-18,2.437188930924689e-20,0.6674544225414659,1.61190467153547e-11,0.3323456134453083,5.541950909523476e-23,5.02620872531836e-09,2.552133984075084e-30,2.71677702113868e-32
0.00012792985388890117,1.400361813592456e-19,2.816635506661451e-21,0.7047130936482444,2.872352106518876e-12,0.29515895133699904,6.404226883197857e-24,2.515799529963238e-08,2.669616483764706e-31,2.8403010609295254e-33
0.00012159798772380733,4.0208266351943375e-19,1.454389863666281e-20,0.7798433460663317,6.836988404613895e-12,0.22003500962060044,3.2820698951759287e-23,4.6318507063107764e-08,7.584122739665614e-31,8.073063474332661e-33
0.0009014754375393983,1.2220034040677323e-18,1.645648745210409e-20,0.4503400992730196,1.3595841020531642e-11,0.5487584181393375,3.7437020999000076e-23,7.1365077390325586e-09,5.457117282367149e-30,5.807971641552055e-32
2.8439329255287683e-05,5.3406792057314214e-20,1.2734507552534601e-21,0.6063949722371003,1.1332366341089327e-12,0.3935765872470108,2.8870736689030598e-24,1.1855004732991765e-09,1.0239401757603755e-31,1.0895444501972404e-33
0.00012577767267376528,1.0854076116287853e-18,2.138766770147934e-20,0.7192160401472953,1.3090385289871785e-11,0.28065817243373314,4.844876571186044e-23,9.733207483647627e-09,2.1691033015479254e-30,2.3103873522743297e-32
7.831327726834397e-05,1.4599939165923592e-18,1.7855500344159952e-20,0.6317487550769701,1.9924875179126318e-11,0.3681729287969046,4.045999557917444e-23,2.8289320224389987e-09,2.8005855055476278e-30,2.9822321270993365e-32
0.0001039230073142026,2.22059922254545e-18,1.827492288295153e-20,0.6193656668217428,2.453719816146893e-11,0.38053040650132425,4.150267065607898e-23,3.6450816245683198e-09,4.439719276147143e-30,4.7277287845483525e-32
9.897101854550827e-05,3.2689357775372074e-18,1.9973272889296844e-20,0.5783881807663314,3.4147383044774906e-11,0.4215128448690936,4.5309838905260364e-23,3.3118821281687174e-09,6.393896820225067e-30,6.808854932252179e-32
0.0001029446071712266,2.192574180887926e-18,4.782124327788921e-20,0.7582308008902663,2.0201354345729994e-11,0.2416662462573095,1.078813391459821e-22,8.225051571535242e-09,4.702679564959918e-30,5.013308914291894e-32
0.00013117299043732963,1.460672967886099e-18,2.4386248758324464e-20,0.6847778434622269,1.65266736660555e-11,0.3150909757730683,5.520901062885655e-23,7.75774060931673e-09,2.9207805353184016e-30,3.1111290923037563e-32
0.00018120648740312773,9.129373705747962e-19,1.6088230474046707e-20,0.6623031950111461,1.3291843021598036e-11,0.3375155846521927,3.647671517166351e-23,1.3835966196068953e-08,1.7414553101308192e-30,1.8536827742399764e-32
8.574825784622149e-05,8.012529173311494e-19,2.3193681063314433e-20,0.7779828253973802,1.0508376808348053e-11,0.2219314211392177,5.254760536026177e-23,5.195047581299957e-09,1.6041683728290152e-30,1.7088493302757533e-32
0.0005219875048217835,1.3092515299058429e-18,1.4238275408717707e-20,0.5129725395130419,1.5869608349944376e-11,0.48650546509772225,3.246172028904984e-23,7.868544523316582e-09,4.7226289369478045e-30,5.025739613340009e-32
9.702589771334278e-05,2.4392637733922675e-19,6.871062411103141e-21,0.7823218380129633,4.699129228405202e-12,0.21758109483824342,1.556877184122335e-23,4.1246380755139924e-08,4.5414964269370996e-31,4.833317957899131e-33
0.00011766432203980707,8.372409414290077e-19,1.2227329286841744e-20,0.6231572121618127,1.1914854006456997e-11,0.37672511776962464,2.772729363857632e-23,5.734608003617246e-09,1.6070480307729564e-30,1.7107626865434976e-32
0.0001972263556494019,7.666136133764746e-19,1.3641047642514837e-20,0.7010715073204097,1.2734467653574963e-11,0.29873123790820677,3.096001267247635e-23,2.840299974946136e-08,1.4447714727826416e-30,1.5373156278150381e-32
0.00015719876892870643,6.272504218280552e-19,1.7958364713810096e-20,0.6736646597142728,1.0836548391378839e-11,0.326178128794117,4.047095715957037e-23,1.2711844869954147e-08,1.1523978021456963e-30,1.2263547162855743e-32
0.00010965989569248949,1.7409604137350947e-18,1.9121286110463756e-20,0.6535878201595307,2.1291560456405486e-11,0.34630251480758945,4.333496356135465e-23,5.1158958859796294e-09,3.437650426823413e-30,3.659758700542465e-32
0.00015536557405127448,1.0031749122083964e-18,1.8272912344556686e-20,0.6373765892575974,1.5191797665476575e-11,0.3624680375342096,4.130880926447129e-23,7.618949795635187e-09,1.8715971945513845e-30,1.9917590297469766e-32
1.5715605595316794e-53,9.745064780214979e-08,7.681111418863799e-10,5.009231315478155e-106,0.9999999017794511,3.9165515058487164e-125,1.7898704415852625e-12,5.738703000592824e-113,4.728810847133464e-21,3.877926239652544e-96
7.032581194250869e-05,1.8989732961939876e-19,3.9089297970582044e-21,0.6566347058187967,3.545794737431521e-12,0.343294963143257,8.867227780313019e-24,5.222458101467815e-09,3.5396278700568143e-31,3.767040313108202e-33
0.001076887047343363,1.2740197230880146e-18,1.4760285738963367e-20,0.4221116045395256,1.3793716890821021e-11,0.5768115017208841,3.3618325248335934e-23,6.678452951717199e-09,6.499959230833832e-30,6.91776852920024e-32
0.00011629835988192621,5.386756696835505e-19,1.1737405547168413e-20,0.6995851650636492,9.129510122928818e-12,0.30029853359540903,2.674015967890997e-23,2.971930311234268e-09,1.0529224783382331e-30,1.120784571673643e-32
0.001390294058140312,1.0130790418405144e-18,7.944253541210371e-21,0.20407646627778459,8.454101105910328e-12,0.7945332374372306,1.8118408651937217e-23,2.218390395936766e-09,3.322187635561464e-29,3.541570287497086e-31
0.0001256286017851163,1.8554047163573193e-18,3.0732557915845243e-20,0.6760771713329708,2.4113406664903835e-11,0.3237971972475323,7.015666127543064e-23,2.7935982971504635e-09,3.6596488771080764e-30,3.897682783723742e-32
7.667608464499264e-05,9.982429180752005e-19,1.7239454099302646e-20,0.6627076270107025,1.5122729470518654e-11,0.3372156942454522,3.907491387008701e-23,2.6440776322603866e-09,1.9014808363623157e-30,2.024615860317825e-32
9.929508520248445e-05,7.592419866814947e-19,1.873565052837102e-20,0.7194911207720593,1.222937611085872e-11,0.2804095808783439,4.259985381993456e-23,3.252164965910866e-09,1.4498323892812655e-30,1.5436160645059816e-32
0.00015237699689442968,7.97877782122742e-18,1.6265465821268352e-19,0.7704524084071492,3.370489733072826e-11,0.22939519882148485,3.6574793836162862e-22,1.5740766512563678e-08,2.2599938985827277e-29,2.416365576451028e-31
0.00016146214258382576,1.061167307253873e-18,2.359602157212808e-20,0.7168340393097565,1.5808158672274077e-11,0.28300448154857727,5.340327809078042e-23,1.698327422615901e-08,2.0228890049268677e-30,2.1532019752192997e-32
0.00010966372617186007,2.2975773771766152e-18,1.885123428875996e-20,0.6157793444884831,2.3174265746926014e-11,0.384110987444359,4.281317602595081e-23,4.317811827113658e-09,4.6635974143714806e-30,4.967974622924061e-32
7.216133219313359e-05,5.293757677296023e-19,1.0604205404530992e-20,0.6828672907202941,9.366893326857818e-12,0.31706054582884163,2.411571246659847e-23,2.1093041055722966e-09,9.976489758970574e-31,1.0619779491872609e-32
7.463272971814173e-05,1.0295175333870634e-18,1.3473942737335658e-20,0.6237033315561086,1.6004677918524292e-11,0.3762220334446607,3.0600979160922283e-23,2.253507868546625e-09,1.950947086121487e-30,2.0769251624568994e-32
6.902774122638358e-05,4.0023010210130716e-19,6.146216439594857e-21,0.5824009847149155,6.906690107964053e-12,0.4175299860858538,1.399218611539066e-23,1.4510976319221687e-09,8.31867377295073e-31,8.853833583704185e-33
9.642006030095125e-05,9.15490013491659e-19,1.0868473664248283e-20,0.6311835937023763,1.2280420252865264e-11,0.36871998220645913,2.4704325816063995e-23,4.0185831587678595e-09,1.7930907540167197e-30,1.909161217459397e-32
6.1020482533770186e-05,3.4777416579512094e-19,7.752176427334448e-21,0.6644711630596579,6.4742921549562585e-12,0.3354678128031729,1.7523025396586363e-23,3.6481610625909366e-09,6.4437710361598775e-31,6.858321780580269e-33
0.00023678186645301384,3.2635174719841347e-19,7.502522664060163e-21,0.7037024763977257,6.3021161715280415e-12,0.29606067640162415,1.702294597492853e-23,6.532789496662845e-08,6.211558786607376e-31,6.608568282676727e-33
0.00010845197473905184,2.094686862518056e-18,2.498422975713088e-20,0.627547101437529,2.6497281937467505e-11,0.37234444398456523,5.683069325194175e-23,2.5766692979129788e-09,4.0761336759089285e-30,4.340482540297494e-32
0.0001260007100834439,7.009181023043168e-19,1.9604904701936443e-20,0.7246654818020205,1.0875580831126272e-11,0.27520850783745493,4.430542444206888e-23,9.63956548504097e-09,1.356826532909514e-30,1.4444555573793344e-32
0.000330659683838865,1.0275715072278863e-18,1.6735011164682354e-20,0.5633100051648579,1.3218353768054358e-11,0.4363593309022401,3.8165859434424245e-23,4.2358449211106915e-09,3.166992637194212e-30,3.371422449289522e-32
9.028429564399753e-05,5.763810780191621e-19,1.488676460087323e-20,0.6895898671362745,9.75205948095457e-12,0.3103198426441103,3.358139558814693e-23,5.914219345135711e-09,1.0776511865938836e-30,1.1470941432279184e-32
8.65015766294949e-05,1.859119582344037e-19,4.668509630426183e-21,0.6219664146424908,3.5276973765413365e-12,0.3779470812737999,1.058274821731925e-23,2.5035521905253368e-09,3.781049872299249e-31,4.023566573120603e-33
8.61820423727767e-05,7.324119689822322e-19,2.002025952892884e-20,0.7821331882175425,9.810845571374912e-12,0.21778062103451093,4.5253142503210515e-23,8.69576279543193e-09,1.48604049335166e-30,1.5827758011225864e-32
6.473313936298622e-05,3.901245269598138e-19,6.34911726008729e-21,0.6542936132665685,7.032510848202854e-12,0.34564165175803013,1.4450607932271934e-23,1.829005736218335e-09,7.5841442499446215e-31,8.071922760181161e-33
0.00013070205334401403,4.394814622966282e-19,1.229969165577173e-20,0.6688886020979615,8.103895690771963e-12,0.3309806856214413,2.7749049121759813e-23,1.0219149227988129e-08,8.056703191521662e-31,8.573272845959049e-33
0.0002026227323092697,2.552530728796003e-19,5.836083775951381e-21,0.6163701923983179,4.683579401588183e-12,0.38342717653182,1.322999818541396e-23,8.332869244527206e-09,5.194378329838097e-31,5.5264636197886585e-33
0.0013842897338772826,4.400089497310268e-19,5.0300323418272444e-21,0.21214600452561175,5.080650202364411e-12,0.7864697037528968,1.1464373747357538e-23,1.9825334160079934e-09,2.6657647445167237e-30,2.836822438456863e-32
5.4248970906350475e-05,1.0756889932248146e-19,2.6563696031510676e-21,0.6829944413592364,2.2779959679127883e-12,0.31695130402682503,6.015837047047466e-24,5.640754368094692e-09,1.972832225370496e-31,2.0991495485044577e-33
0.0003236447186023162,1.4859643791918821e-18,2.6599789265125996e-20,0.6672240384534188,2.1072190280902635e-11,0.33245229241629276,6.029116012776101e-23,2.4390613918604544e-08,3.0211232334504866e-30,3.2147735295493346e-32
0.0001883598273550032,3.629277660352268e-18,4.074392207432875e-20,0.7148149147203761,3.232846987299298e-11,0.2849967115291253,9.250438837808531e-23,1.3890815194043132e-08,7.715550573448884e-30,8.217618213678908e-32
0.00013464567156930388,3.635428747757246e-19,1.2768853380453535e-20,0.7526311218241653,6.5854757099580904e-12,0.2472341898296555,2.8809253333625665e-23,4.2668024490972235e-08,6.759291553632794e-31,7.193853327275209e-33
8.345855225684517e-05,7.235134329079923e-19,1.1299269556110073e-20,0.6729725309551182,1.1818061005272358e-11,0.32694400806395957,2.5734737128930976e-23,2.4168472945654465e-09,1.3845509028283816e-30,1.473867306645735e-32
8.461558096821042e-05,9.805436487001366e-19,2.09900073862538e-20,0.7171123597425324,1.3522689609066012e-11,0.28280301885925513,4.7384014181216363e-23,5.803721682352166e-09,1.907425115516257e-30,2.0313148969471122e-32
0.00012174223537428849,6.350422767925741e-19,1.3819736934879173e-20,0.720467465532936,9.243626494243781e-12,0.27941078142306164,3.1324085535970085e-23,1.0799384649026098e-08,1.2267448822246663e-30,1.306144992289263e-32
9.669028437228959e-05,2.7467575992001406e-19,6.862676958403424e-21,0.6775358328888275,5.3323456696471514e-12,0.32236746880452777,1.5519804520282394e-23,8.016940094383876e-09,5.059711853370592e-31,5.3838235664229174e-33
0.0008860935233288255,1.6595235099365815e-18,1.8941082363820527e-20,0.4483127695264419,1.69896325149153e-11,0.5508011299248006,4.310888461974908e-23,7.0084391851282505e-09,8.506521831914854e-30,9.05362510982533e-32
7.105597011118368e-05,2.9047004906805703e-19,7.054770405333681e-21,0.7501192618406245,5.086040637527498e-12,0.24980967470729748,1.5977673730500142e-23,7.476880753110497e-09,5.566009578593046e-31,5.9248983864192865e-33
9.004189488924676e-05,1.4409817102091343e-19,3.2251033004291903e-21,0.6447795809553417,2.803144081981519e-12,0.35513037411588844,7.323057769341596e-24,3.031077479827556e-09,2.8319640841580785e-31,3.0132769607440764e-33
0.0011870950164416028,1.2315331630930937e-18,1.0661963085188896e-20,0.2940039665655947,1.1355742065361645e-11,0.7048089350937713,2.431716735819362e-23,3.3128366778706543e-09,1.3508293979087082e-29,1.4382451562466805e-31
0.00012470425974830097,3.365152859684849e-19,6.3463117631423706e-21,0.7031158276142433,6.596306295377181e-12,0.2967594442378768,1.4415776890599366e-23,2.388153516626873e-08,6.232030937386552e-31,6.631230748482233e-33
6.28219320315083e-05,1.8384752390000423e-19,4.317986046174156e-21,0.7029535253762537,3.612525609576588e-12,0.2969836474261304,9.783519461282572e-24,5.261971942794439e-09,3.452892917955751e-31,3.674641276591398e-33
0.0013122493426066444,4.409175924059874e-19,6.686514710390572e-21,0.4210090244193503,6.5066687882344284e-12,0.5776787192123902,1.5229175420341066e-23,7.019146136413727e-09,1.3789982198291168e-30,1.4670701099398633e-32
0.00039964868063628914,3.5517853918597006e-19,5.813228384110855e-21,0.4976263088703212,5.440632914007e-12,0.5019740379265,1.3252694575098287e-23,4.517101975138122e-09,9.61916458742861e-31,1.0236844264352776e-32
0.00024202836086233031,9.259525710804127e-20,1.972994583289201e-21,0.6049786527125948,1.8406338170460338e-12,0.39477930861604954,4.4878103556135306e-24,1.030865270513298e-08,1.976753933795641e-31,2.102969265051446e-33
0.00013708143837328878,7.681929046008662e-19,1.2653714702460913e-20,0.5962494852825686,1.2175623831348067e-11,0.403613428425707,2.8651467482493776e-23,4.84117544608148e-09,1.4964584004402572e-30,1.5924359367334204e-32
0.00021400565939575815,8.098348135345823e-19,1.3042885235824053e-20,0.6761718292816301,1.385584955238648e-11,0.323614138496305,2.9625626199402026e-23,2.6548813214652663e-08,1.5125032649927437e-30,1.6093078711131593e-32
0.00017189733007736378,5.013021407039082e-19,1.446748996841923e-20,0.7171897296016123,9.036186250213179e-12,0.2826383417980886,3.270852816195707e-23,3.1261185644985944e-08,9.309863170413755e-31,9.907433742917e-33
0.00013585396214705242,4.071837866617025e-18,3.177514098008173e-20,0.5975150381920058,3.803051789825036e-11,0.4023491052744761,7.246982457738712e-23,2.5333405158852423e-09,1.0384860001609904e-29,1.106410891850658e-31
6.366280868960034e-05,7.171947892514314e-20,2.192681157128924e-21,0.8017188386208847,1.5013601421032594e-12,0.19821747038385185,4.966865732271159e-24,2.818507267659811e-08,1.364779900770773e-31,1.4522596443144923e-33
9.592644340309091e-05,1.9631955555530494e-18,1.840057385610961e-20,0.6435038081524324,2.322351998790278e-11,0.3564002622110925,4.182928079261378e-23,3.169848508990769e-09,3.915708361616549e-30,4.169743055296336e-32
0.0002508880802718165,2.0484498184949683e-18,3.812392197280756e-20,0.685164607440594,2.333604114306312e-11,0.314584487815341,8.630137803417856e-23,1.6640457145094963e-08,4.539337651569663e-30,4.8326696984487143e-32
0.0002508880802718165,2.0484498184949683e-18,3.812392197280756e-20,0.685164607440594,2.333604114306312e-11,0.314584487815341,8.630137803417856e-23,1.6640457145094963e-08,4.539337651569663e-30,4.8326696984487143e-32
2.911182019807302e-05,5.30621577675559e-20,1.22275267381691e-21,0.7063273336816892,1.1742001789963613e-12,0.29364355078174326,2.773073241136206e-24,3.7151951950912314e-09,9.724684019599755e-32,1.034742933062277e-33
0.0017152650796137849,2.6100501722639975e-19,4.216109347799454e-21,0.28361570130664077,3.845656914033044e-12,0.7146690304387914,9.597125932231149e-24,3.171108370170494e-09,8.8054361705245e-31,9.368330709819565e-33
7.464183889557945e-05,2.4129421807583703e-19,4.715057453410807e-21,0.6967444395781046,4.588847052360151e-12,0.3031809128862377,1.0694645744729791e-23,5.6921731975533424e-09,4.561164609598258e-31,4.853414061300899e-33
0.00019665463617068811,1.0006071747863985e-18,1.653588226968547e-20,0.661966514599282,1.456567270306951e-11,0.3378368170968639,3.7495877723533455e-23,1.365311771093777e-08,1.9105427772142027e-30,2.0333020444398577e-32
0.00011769858763721962,2.9845444413145365e-19,6.2196791694940905e-21,0.696179599280906,5.3799570306282745e-12,0.3037026852133314,1.4114303799421774e-23,1.6912745525788964e-08,5.585294441405188e-31,5.944179470160002e-33
0.00017404898450081342,2.0003372670985077e-18,2.4867637358294902e-20,0.6389928775028922,2.220841158793662e-11,0.3608330653718435,5.638269947366792e-23,8.118555094691636e-09,3.9262714755020006e-30,4.180799196849797e-32
0.00041710930647485925,8.149026870138441e-19,9.783886634456455e-21,0.4411752842996866,9.734459231518563e-12,0.558407602803962,2.2322143568956863e-23,3.5801421019406247e-09,2.9698820686713427e-30,3.161638048292244e-32
0.0003921478580836457,2.4149851058149332e-18,2.2180768661242557e-20,0.5250689241061587,2.1596884225078975e-11,0.4745389208485005,5.0467192243301575e-23,7.16566032068271e-09,9.07806018945924e-30,9.667646453374447e-32
0.00034732268881239135,3.317076211961451e-19,8.105619797000926e-21,0.6427638186224623,6.010812211085893e-12,0.3568888386358185,1.8380123153963337e-23,2.0046895947777296e-08,6.879722434282669e-31,7.319537391208735e-33
6.175677098468103e-05,2.756214964175384e-19,6.160960543601676e-21,0.6750257260451035,4.9036593068363995e-12,0.32491251326671505,1.3944454845925178e-23,3.912293249099537e-09,5.163122232214416e-31,5.4957911661993175e-33
5.1059734907305326e-05,2.431942918537919e-19,4.3024175113619806e-21,0.6621326342828772,4.781733305719871e-12,0.33781630239131255,9.761144558285214e-24,3.5861213104327224e-09,4.503479771978382e-31,4.792819233810444e-33
0.00028303287248055754,1.7750796384129246e-18,3.51341510895088e-20,0.657923797744503,2.4028857704522636e-11,0.341793151670719,7.936429590290954e-23,1.7688268505734506e-08,3.425674396043203e-30,3.6455640736602354e-32
0.00010931284854749593,1.4110776109921733e-18,1.9233549838058303e-20,0.6239868763946913,1.943911222432874e-11,0.37590380779340127,4.368524386153245e-23,2.9439208431998584e-09,2.7022930238362596e-30,2.8769459178354766e-32
6.3583809281040244e-55,2.5673625524452283e-06,7.712497371928303e-11,2.0266861921177967e-107,0.9999974325601452,1.5845985856343054e-126,1.7740786903833586e-13,2.321823329665154e-114,4.06705820231489e-22,1.5689711792047458e-97
0.00031369445767654087,1.1292496270272564e-18,1.7874492450261064e-20,0.647402251769878,1.678448648751318e-11,0.3522840415358765,4.064969739646548e-23,1.221978447965127e-08,2.4518014888609016e-30,2.608824088582129e-32
0.0001547402648862263,4.421214549305877e-19,6.883431114581564e-21,0.6748779492826507,8.070787923476645e-12,0.3249673036052079,1.568792817397522e-23,6.839184516907851e-09,8.794509133322026e-31,9.3578639925423e-33
0.000181564829481244,5.006765802523508e-19,1.2924888181575995e-20,0.7263302789900996,9.124838192376926e-12,0.27348809931747486,2.926542556739284e-23,5.685381938182901e-08,9.2718237812133e-31,9.866452413853465e-33
0.00015559291023485,3.952573309338536e-18,5.545807526621824e-20,0.6760519179552473,3.9133104500002433e-11,0.323792485572059,1.2666634863343323e-22,3.523325711867168e-09,8.127236730271333e-30,8.659971858101329e-32
0.0002475243947182692,4.14088351368963e-18,6.205178629019839e-20,0.6770606848203862,4.027594815278244e-11,0.3226917725989373,1.4009999318781332e-22,1.814568244987035e-08,8.136955460964833e-30,8.663624340196107e-32
9.94486283132321e-05,2.4793323600570874e-19,6.827417433557806e-21,0.7522515207657777,4.7261145728668124e-12,0.24764900396528286,1.5459891026682346e-23,2.663589991232717e-08,4.620161463535535e-31,4.9170562022314545e-33
9.159705949488434e-05,2.5315911139177075e-19,5.691067945353459e-21,0.7384957699212821,4.984165448659891e-12,0.2614126118405414,1.2909680849290336e-23,2.117369744649082e-08,4.699209922727156e-31,5.000794904974714e-33
