i = 0,i = 1,i = 2,i = 3,i = 4,i = 5,i = 6,i = 7,i = 8,i = 9
0.432776089319975,0.5672239106544408,6.753809858860013e-55,3.6316454180756497e-87,1.6215592819016728e-16,6.903276365990159e-48,2.441670633012196e-13,7.233858963022034e-15,8.346371856219196e-21,2.533280450680008e-11
0.34687786747609967,0.6531221325003945,5.434722298083363e-55,2.9223482367446237e-87,1.0732327804569252e-16,5.554996480521474e-48,1.9668412222783273e-13,5.487568624371506e-15,6.7162453351327335e-21,2.3303476684115302e-11
0.26267321559616197,0.7373267843832936,5.8296565651450036e-55,3.134711517824253e-87,1.4450627800871107e-16,5.958670917454235e-48,2.109166533092183e-13,4.5706483820858055e-15,7.204306785376146e-21,2.032868230352507e-11
0.8386860579719602,0.16131394198708932,9.902360520603017e-55,5.324677917250579e-87,2.1799082492888327e-16,1.0121506642612411e-47,3.581153911728303e-13,1.0137732898654222e-14,1.223737597642828e-20,4.0582018638315167e-11
0.8670866303619904,0.13291336951950045,2.456313140153118e-54,1.3208038939819637e-86,1.5820883387243848e-16,2.510673057466297e-47,8.833937213882558e-13,1.9992183612418816e-14,3.0354994475129094e-20,1.176056675150131e-10
5.38894150559812e-64,8.838920044605308e-55,3.959503766025358e-138,3.2137025162712317e-78,1.4938046624375912e-06,7.882563972205065e-134,0.010980293573387806,0.00012292826736594962,5.2282730050078354e-77,0.9888952843545838
0.8143919874774675,0.18560801234617202,6.301930345671644e-54,3.388661650707672e-86,2.4433395707535957e-16,6.441396445048033e-47,2.255741603212036e-12,3.1557263265650955e-14,7.787863187863311e-20,1.7407301301045406e-10
0.9963563347081241,0.0036436652611742974,1.2919746881978946e-54,6.947181005559978e-87,2.9642888210939983e-16,1.320566986172077e-47,4.667968532501982e-13,9.402503159403986e-15,1.5966264305976657e-20,3.022500627504887e-11
0.8185954207744697,0.18140457915771713,1.7155871120185985e-54,9.225021439563623e-87,2.2523724158509785e-16,1.753554247408784e-47,6.192899347772773e-13,2.2273712831599865e-14,2.1201138119836002e-20,6.717134357314216e-11
0.9832992817207866,0.016700718227280722,2.1652072608586018e-54,1.1642710103491905e-86,3.6951744738469013e-16,2.2131248026989036e-47,7.81570807917336e-13,1.7546445145837398e-14,2.6757697303733064e-20,5.113296724585148e-11
0.9926770798572153,0.007322920128792774,2.3160642380509826e-55,1.2453895288527488e-87,5.20526261772736e-17,2.3673203496657308e-48,8.383724786995699e-14,2.6502675376071648e-15,2.862206923263013e-21,1.3905399540693842e-11
0.9928947380541849,0.007105261918208825,5.81672011135652e-55,3.1277553532136284e-87,1.117902531943467e-16,5.945448170950558e-48,2.10404118138962e-13,6.519967488870304e-15,7.188330496148888e-21,2.738930438314182e-11
0.9683455903172381,0.03165440965074048,4.840867720215599e-55,2.603021915485004e-87,7.401243593739753e-17,4.947999488023734e-48,1.7507167194517428e-13,5.903623782250877e-15,5.982358283404904e-21,3.18403382870795e-11
0.8223300555230061,0.1776699443852452,1.6357585575855158e-54,8.795768899150174e-87,1.6379961874943973e-16,1.671959031572774e-47,5.902785278840899e-13,1.063029479507889e-14,2.0214687490935728e-20,9.114765613148631e-11
0.2592858866461055,0.7407141133362427,4.8143661367984555e-55,2.588771535921481e-87,1.2318694614533854e-16,4.9209114061428275e-48,1.7400942499909838e-13,4.191191575960318e-15,5.949590932440323e-21,1.747347718996431e-11
0.9254670883734054,0.0745329116028497,4.480123999101648e-55,2.409043507851217e-87,9.738654725195559e-17,4.5792722575882584e-48,1.6202981202027564e-13,6.681606911206749e-15,5.536561006930684e-21,2.35761688821539e-11
0.9992252571661706,0.0007747428128327416,9.748937202803191e-55,5.242179431098682e-87,2.24174305064829e-16,9.964687960136485e-48,3.5228677630203415e-13,5.7307638579410945e-15,1.2047786882281221e-20,2.0638288050728415e-11
0.9659231851446374,0.0340768148271172,6.007738162001832e-55,3.2304692055270377e-87,1.4858570759020523e-16,6.140693583844053e-48,2.1729292435029668e-13,6.864745428161396e-15,7.424393564049926e-21,2.8021190946012254e-11
0.9228558552008467,0.07714414476322091,5.642414409012863e-55,3.03402803211791e-87,1.0536672706294884e-16,5.767284962244325e-48,2.0412401112520463e-13,6.317058943109172e-15,6.972916643318114e-21,3.5722135797578434e-11
0.8459521143721869,0.15404788559049998,7.55394403796555e-55,4.061892002761825e-87,1.9631272395474252e-16,7.721118070697626e-48,2.7342677710269936e-13,8.629375773673873e-15,9.335183469437694e-21,3.703074498194184e-11
0.9365717955822432,0.06342820439814274,3.1444742039991707e-55,1.690840514295764e-87,7.101206802168782e-17,3.214063604034772e-48,1.1379188420382273e-13,4.097204705557942e-15,3.885958743101533e-21,1.9496146446044284e-11
0.9396045098037732,0.060395490185310895,1.5287325902143343e-55,8.220270962220881e-88,3.822863309067796e-17,1.5625645051438915e-48,5.535705921856995e-14,2.021300264355923e-15,1.889216244740831e-21,1.0858628050137409e-11
0.026632841868948418,0.9733671581273701,1.242883440582114e-55,6.683208509743285e-88,2.36028638319025e-17,1.2703893151204684e-48,4.4923149425578664e-14,6.351580676325444e-16,1.53595174510804e-21,3.6359202208926345e-12
0.8370044002288439,0.16299559974181602,7.17217260237081e-55,3.856606613654969e-87,1.668939214754077e-16,7.330897767842353e-48,2.5943129598437834e-13,9.302128601284883e-15,8.863409349637913e-21,2.9071115925618204e-11
0.771101090982714,0.2288989089835846,1.0749959856570193e-54,5.780447373180853e-87,2.502409913359358e-16,1.098786394109857e-47,3.8854727207159503e-13,1.0927431360975303e-14,1.3284843114641041e-20,3.330164269520501e-11
0.8303596885891718,0.16964031131880644,1.892539868113257e-54,1.0176528336139916e-86,1.5489761683625588e-16,1.9344230910056444e-47,6.819307285834477e-13,1.4502063339851955e-14,2.338795882751546e-20,9.132543383637461e-11
0.9488017356257582,0.05119826433084939,1.5189696560109654e-54,8.167773903512417e-87,3.7689485705456635e-16,1.5525855104198369e-47,5.488611985240632e-13,1.0355576922242551e-14,1.877147757640618e-20,4.283289468094736e-11
0.8552011260137062,0.1447988739527095,6.760312023692249e-55,3.635141749422554e-87,1.545675402531984e-16,6.909922428250151e-48,2.445907567819635e-13,9.16161562995527e-15,8.354409122578562e-21,3.333033934241679e-11
0.31479570858514694,0.6852042913842816,8.13673932710259e-55,4.375271544931502e-87,1.5701592998720973e-16,8.316811024717094e-48,2.942885708561046e-13,7.908000320824677e-15,1.0055375090715418e-20,3.026913392229185e-11
0.8961607290207405,0.10383927075972602,2.877823725092942e-53,1.5474577406932308e-85,1.7989396880477074e-15,2.9415119646665848e-46,1.0334067074338481e-11,4.25718559855332e-14,3.556373421414104e-19,2.0915508755107855e-10
0.9887710787704935,0.01122892118425511,2.1296156571895925e-54,1.1451327628877286e-86,5.477698555372137e-16,2.1767455320989713e-47,7.689587199493737e-13,1.2436482107329423e-14,2.6317884886827758e-20,4.446931480914968e-11
0.8183781897149153,0.1816218100128155,2.538414885347231e-53,1.364951483710014e-85,3.5221427852526554e-16,2.594591771355102e-46,8.93848028959148e-12,6.106239363468455e-14,3.136904916114518e-19,2.6326939026852757e-10
0.9986959886328225,0.0013040113213577125,4.8011166117120525e-54,2.5816470272253128e-86,8.849095528411225e-16,4.90736865985577e-47,1.7331286021288346e-12,1.941110226464854e-14,5.933217631112119e-20,4.4066183243020006e-11
0.8290018373619612,0.1709981625665747,1.2715746638543517e-54,6.837486393949511e-87,1.3803268135245144e-16,1.299715495108606e-47,4.592272627871057e-13,1.5220220816686253e-14,1.571411756050404e-20,7.098954025349144e-11
0.1452182597409552,0.8547817402315221,1.8944041525004223e-54,1.0186552929656944e-86,2.3328320156314404e-16,1.9363286333022663e-47,6.820559414930911e-13,7.216863339060676e-15,2.3410825700724056e-20,2.683314730676719e-11
0.24969792087724677,0.750302079084733,1.9088590094802338e-54,1.0264279303683903e-86,2.406005336343983e-16,1.9511033863154258e-47,6.873002370455186e-13,1.0687069364804703e-14,2.3589470040123642e-20,3.732204661796727e-11
0.49266611876599287,0.507333881178704,1.7262147249454976e-54,9.282168031779903e-87,3.695509624742759e-16,1.7644170567976087e-47,6.243625458954224e-13,8.713193859186845e-15,2.1332564542584925e-20,5.46695869657278e-11
0.9678313745169158,0.032168625453339934,7.416701012026234e-55,3.9880939514794807e-87,1.595552300302345e-16,7.580837761188918e-48,2.6822892478850025e-13,8.965638237476361e-15,9.165595552760372e-21,2.946690928395146e-11
0.6010736369323797,0.398926363010962,1.1579992288911594e-54,6.226770788077172e-87,1.4456538554720216e-16,1.1836265568169973e-47,4.1799103711358944e-13,8.00457236426288e-15,1.4310530581048987e-20,5.623211052224784e-11
0.7084943405105333,0.2915056594642613,3.765433821001187e-55,2.0247417041459658e-87,7.605608645208106e-17,3.848765489025043e-48,1.3628306489102817e-13,3.94030382306028e-15,4.6533319881601996e-21,2.5065073598196985e-11
0.08382867923660198,0.9161713207453634,1.2564290830968168e-54,6.756045873544514e-87,1.8633937822267451e-16,1.2842347321203606e-47,4.534911796338709e-13,3.3255229617968006e-15,1.5526865455306524e-20,1.757763224178785e-11
0.2312138894608059,0.7687861104780004,3.969533285664578e-54,2.1344896688009268e-86,3.3622240912223154e-16,4.057381816722467e-47,1.4308076046803112e-12,1.0584536110883541e-14,4.905512138991128e-20,5.975190477534126e-11
0.184923627555642,0.8150763724166175,1.7169460877380182e-54,9.232328897202859e-87,3.063964705475969e-16,1.7549432982055757e-47,6.194574997081863e-13,5.483412889487518e-15,2.1217937205451987e-20,2.711526018918372e-11
0.5500057105775158,0.4499942893951482,7.199421621563724e-55,3.8712589029208838e-87,1.7783988794660854e-16,7.358749826772333e-48,2.6038503984812133e-13,6.771223759451772e-15,8.89706518407868e-21,2.706871469039914e-11
0.9747371458742435,0.025262854089371758,7.08689468217579e-55,3.810751137322159e-87,1.227015908626223e-16,7.243732587991933e-48,2.562047484500358e-13,9.907691521470812e-15,8.758011491786665e-21,3.61185137591487e-11
0.997265590068126,0.00273440987463726,2.0284771634811268e-54,1.0907487700091638e-86,2.2590202253246716e-16,2.073368773217674e-47,7.316457246378485e-13,1.0827975615323501e-14,2.5067885078637766e-20,5.6493958798808816e-11
0.9668063057731314,0.03319369406346228,1.6459493158931456e-53,8.85056644525827e-86,9.777934376203765e-16,1.6823753184459215e-46,5.890114441864175e-12,5.688069277890411e-14,2.0340298288451225e-19,1.5745836673562908e-10
0.9477306524601223,0.05226934752284998,2.1035707572611986e-55,1.1311279502759095e-87,4.10778072550398e-17,2.150124240429885e-48,7.611117657165247e-14,2.7123032788486908e-15,2.5995987427716414e-21,1.6948735555599485e-11
0.26177363438841594,0.7382263655808339,1.2331471346191298e-54,6.630854635887823e-87,2.4674854538779286e-16,1.260437537938269e-47,4.456482841619757e-13,5.997027855531529e-15,1.523921670336775e-20,3.0298370377504756e-11
0.7248646860498292,0.2751353138462103,5.018346421065102e-54,2.6984554151267772e-86,5.761181496025738e-16,5.129405915898478e-47,1.8087873680632407e-12,1.9257751853016027e-14,6.201668802992732e-20,1.0213179604535304e-10
0.9973077489518514,0.0026922510405893757,1.1732794260306006e-55,6.308935165056115e-88,2.9595784631799946e-17,1.1992449153412603e-48,4.2479412521078554e-14,1.2102506654049185e-15,1.4499466252450567e-21,7.515581125650803e-12
0.999384591358141,0.0006154085964952984,1.4495890204823257e-53,7.794701708134841e-86,3.214724145129199e-15,1.4816694331965612e-46,5.23042055344389e-12,1.5356633790191017e-14,1.7913894546692238e-19,4.011471912198201e-11
0.9985096568107426,0.0014903431545884634,1.3000863817806058e-54,6.990799045522773e-87,1.649146712825518e-16,1.3288581971726689e-47,4.692787105474991e-13,7.298369387019702e-15,1.6066478476988564e-20,3.4192332083734675e-11
0.8731616720621829,0.12683832791558108,3.321557627208071e-55,1.786061466018308e-87,7.540885351125663e-17,3.3950660064999445e-48,1.2024222927816692e-13,4.5092218778445015e-15,4.1047888264884905e-21,2.2111201684362403e-11
0.47690333470406776,0.5230966652642485,7.730566420246909e-55,4.156865044459207e-87,1.6927514685837192e-16,7.901649229079038e-48,2.794536254568618e-13,9.403328904605261e-15,9.553421003442222e-21,3.1394717761417444e-11
0.5707255264552631,0.42927447351001086,8.798830071529526e-55,4.731289684114686e-87,1.9379110097480125e-16,8.993554297574763e-48,3.1793000506065013e-13,1.1327834502818397e-14,1.0873574203543941e-20,3.439667143343076e-11
0.41059547425522985,0.5894045257069865,1.2109833342390496e-54,6.51167588229607e-87,2.550570880016193e-16,1.2377832372484718e-47,4.376101155898233e-13,1.0047457651857897e-14,1.4965347727853548e-20,3.7335735655509407e-11
0.8527990410936688,0.1472009588800307,4.1785722396578536e-55,2.246893685990292e-87,8.272488817758431e-17,4.271046948082361e-48,1.5120246488042432e-13,3.810986271382149e-15,5.1638941922326986e-21,2.614533233548885e-11
0.9332975001058229,0.06670249987787906,2.567169946355135e-55,1.3804135988329098e-87,5.933439666851899e-17,2.6239832018523737e-48,9.293248754852577e-14,4.872384423701683e-15,3.172520932577706e-21,1.6200326055064176e-11
0.8104854439682666,0.1895145558408341,7.59809022964494e-54,4.085630206544336e-86,2.5942328561302803e-16,7.766241248287384e-47,2.716208198100844e-12,3.806519670238285e-14,9.389632638239204e-20,1.881446743498034e-10
0.8708965588818736,0.12910344098557294,2.9631407480719484e-54,1.5933342432985112e-86,1.9094027418985016e-16,3.0287171126727833e-47,1.0665454326682302e-12,1.817619553691355e-14,3.661841798781468e-20,1.3146866389308622e-10
0.9295837798720308,0.07041622007111291,1.4535443486822e-54,7.815970221513575e-87,2.2465971613225426e-16,1.48571229555907e-47,5.247059106191628e-13,1.4513930094853303e-14,1.796292567882832e-20,5.631679321355815e-11
0.999685057774578,0.00031494221182498395,6.363363489096292e-55,3.421695360346896e-87,1.4739154414256434e-16,6.504189146642307e-48,2.3022362086963075e-13,2.9521861630236532e-15,7.863867427054292e-21,1.3363788151472398e-11
0.9653183499035427,0.034681650056669,1.3288429152799396e-54,7.145428114603822e-87,2.6881326674547597e-16,1.3582511327486286e-47,4.801188776547489e-13,1.3824245821240273e-14,1.642188214843982e-20,3.929412647164199e-11
0.9632763623833923,0.036723637579467505,1.0414002627728906e-54,5.5997971096573265e-87,2.530760862148564e-16,1.0644471745240236e-47,3.7634677151974275e-13,8.858050642330377e-15,1.2869682684195087e-20,3.675464856096522e-11
0.9929996453627533,0.007000354618370093,3.7259887384153046e-55,2.0035313715437367e-87,1.1957877450036132e-16,3.808447459341036e-48,1.3489367405353023e-13,2.933038315617333e-15,4.604595547774637e-21,1.873866633258784e-11
0.8708614749473713,0.12913852499639447,1.7861239735272202e-54,9.604310870649949e-87,2.868215861928081e-16,1.8256521386967367e-47,6.451512746820881e-13,2.3476036717582345e-14,2.2072992430023833e-20,5.5565472745785735e-11
0.8665976706761983,0.13340232929792786,5.332872023027295e-55,2.867581506192995e-87,1.2370868369800495e-16,5.4508921880765515e-48,1.9291777534513387e-13,8.893314614019481e-15,6.590387033932489e-21,2.567203843587477e-11
0.8673308806197848,0.1326691193298825,1.571439664185196e-54,8.449914604471531e-87,2.8071929321318576e-16,1.60621671634982e-47,5.677128012359697e-13,1.4971001136191106e-14,1.941989864473516e-20,4.9749818677191456e-11
0.20174544412529846,0.7982545558191151,4.65553567969786e-54,2.5033655334081676e-86,3.3664468131897147e-16,4.758565920614599e-47,1.6764604444720089e-12,1.0161023410672919e-14,5.753263285224549e-20,5.389947037883737e-11
0.8864567994092931,0.113543200566966,4.545388660764635e-55,2.44413749397813e-87,1.0456399343982365e-16,4.645981271582987e-48,1.6449984866498261e-13,4.515847982967483e-15,5.617213692217872e-21,2.3571737687488726e-11
0.9868164414853461,0.013183558486334377,7.445433409909733e-55,4.0035438802314813e-87,2.0682647927190928e-16,7.610206027011086e-48,2.693607247111334e-13,5.282994552508272e-15,9.20109747897011e-21,2.804488829797851e-11
0.7749632607367093,0.22503673910720667,5.476605844307198e-54,2.9448697752414482e-86,2.575001158217191e-16,5.597806938738854e-47,1.9620579932771185e-12,2.7267747393947653e-14,6.767927112886476e-20,1.5409444465951272e-10
0.8374464770003662,0.1625535228129729,6.946558934954977e-54,3.73529007400571e-86,2.406322755255105e-16,7.10029111312984e-47,2.4824911773908013e-12,4.640395643390489e-14,8.584463397612767e-20,1.8413169809183134e-10
0.8936416629408523,0.10635833703232365,6.037698081321238e-55,3.246579194702925e-87,1.1792568360640586e-16,6.171316537004826e-48,2.1803377964028042e-13,1.4398665023742468e-14,7.461375352733183e-21,2.6591459317313728e-11
0.897372143393911,0.1026278564876264,4.256296906460039e-54,2.2886876416926897e-86,2.3175779997531816e-16,4.3504917157916726e-47,1.5247237365260012e-12,3.752372122103219e-14,5.259877397090729e-20,1.1690004211706096e-10
0.6773164160215894,0.3226835839258871,8.577430456226185e-55,4.612239116319192e-87,1.254053802024235e-16,8.767254954877418e-48,3.10022713430533e-13,7.870585508019767e-15,1.0599980145341237e-20,5.2205412768596206e-11
0.950114335533093,0.04988566435947851,2.2819592991320692e-54,1.2270506878508605e-86,1.6196739975858282e-16,2.3324606447402797e-47,8.213020518546209e-13,1.7935202250394346e-14,2.8200368533724067e-20,1.0658906056082052e-10
0.6779178604924824,0.3220821394339789,4.4079589908359566e-54,2.3702390808551443e-86,4.0987712406537835e-16,4.505510187523684e-47,1.5801283477806772e-12,4.671526189186952e-14,5.447275653945756e-20,7.191152862328635e-11
0.8236444410282536,0.17635555888704743,1.618658262226219e-54,8.703817525648206e-87,1.3840205953131653e-16,1.6544802947897974e-47,5.833176278030058e-13,1.781012911125842e-14,2.0003318317158373e-20,8.409764909969212e-11
0.8775297205828648,0.12247027932425229,1.693927341575439e-54,9.108552945883308e-87,1.3778930528228332e-16,1.7314151311887918e-47,6.105189308109015e-13,1.4470893292414014e-14,2.0933516035956293e-20,9.225780771314279e-11
0.7192528600911572,0.28074713984279037,1.4682528554996362e-54,7.895060516482722e-87,1.5025773641770765e-16,1.5007463118570876e-47,5.29148755658254e-13,1.4129938055869886e-14,1.8144599884999987e-20,6.550897635729761e-11
0.8005581928595863,0.19944180701161218,5.768371089243806e-54,3.1017572116767114e-86,3.0080687163995147e-16,5.896029151368362e-47,2.068859651628873e-12,3.3061055101421606e-14,7.128496749185757e-20,1.266993894853196e-10
0.822537185880257,0.1774628140610498,1.397413967775723e-54,7.514147035943087e-87,1.8323836055254928e-16,1.4283397103037438e-47,5.04190963252453e-13,2.130756628123996e-14,1.7269163205030595e-20,5.816752876508276e-11
9.234349659479036e-66,1.5146142933500678e-56,6.784902418317128e-140,1.2228127563196589e-79,4.942889877993513e-08,1.3507356102666501e-135,0.993177503351166,9.119047699503638e-07,8.959032305936852e-79,0.0068215353151652985
0.497965325371723,0.5020346745489809,9.772647952732704e-54,5.254929129141733e-86,1.036979612015473e-15,9.988923445444619e-47,3.506155254653857e-12,3.037802413650016e-14,1.2076898307524644e-19,7.575873256887648e-11
0.6559769665340196,0.3440230334133168,2.271833216965663e-54,1.2216057107681187e-86,4.501085573505496e-16,2.3221104653363204e-47,8.20164555018756e-13,1.3441948443587877e-14,2.807534514276936e-20,5.182953466582595e-11
0.04351857570115326,0.9564814242912767,2.8529884673716428e-55,1.5341033745213781e-87,5.149473152832053e-17,2.916127085427527e-48,1.0315394148401906e-13,1.2164618912401691e-15,3.525714678521619e-21,7.465573849195871e-12
0.9992519831579199,0.0007480168298302384,3.172607170312557e-55,1.7059681178771488e-87,7.284169219422205e-17,3.242819172449483e-48,1.1479062832169545e-13,3.1028995297556555e-15,3.9207162349797655e-21,1.2131924762477025e-11
0.9976973625164851,0.00230263746013702,4.5639717398263566e-55,2.4541299508785423e-87,6.528335966237537e-17,4.6649756071024905e-48,1.6493512164588643e-13,3.950496428247129e-15,5.640169232442091e-21,2.320862572280553e-11
0.9926573000653739,0.0073426998606867955,2.273999186700316e-54,1.2227703917743838e-86,1.996000733932492e-16,2.3243243694868884e-47,8.195498297621256e-13,1.9847799733369098e-14,2.810201272243676e-20,7.30997553343279e-11
0.9919315322477634,0.008068467738539012,2.1979440719902788e-55,1.1818741843551625e-87,5.3441120785369395e-17,2.246586102218125e-48,7.956676486929447e-14,2.04199690630625e-15,2.7162337247250943e-21,1.3615870423167556e-11
0.9224595454999,0.07754045447387213,5.387130819959912e-55,2.8967574402788714e-87,1.0397547321787309e-16,5.506351769903634e-48,1.9463994498239098e-13,1.2276673074844387e-14,6.657418171725822e-21,2.60208895719765e-11
0.9990200330433429,0.0009799669099090904,6.643890518602388e-54,3.572539805577421e-86,1.0646429676620174e-15,6.790924434321508e-47,2.3972036873197235e-12,1.8643125692893605e-14,8.210496233087965e-20,4.433119128998325e-11
0.9902719887815841,0.009728011201608947,3.022474448732988e-55,1.6252390446841264e-87,8.18213030126599e-17,3.0893639093756485e-48,1.0942958331503936e-13,3.6286017043048356e-15,3.735186979456574e-21,1.6693539409731483e-11
0.6393908099976184,0.3606091899574939,1.791994889531533e-54,9.635879845276913e-87,3.125442674655335e-16,1.8316529821534293e-47,6.458109177351927e-13,1.7525884516931607e-14,2.214537560864316e-20,4.4224006142466095e-11
0.2514870348703549,0.748512965090714,1.314450410407174e-54,7.068037019106451e-87,1.6624515015135487e-16,1.343540111737988e-47,4.743795905345961e-13,8.56422251264461e-15,1.624389968549699e-20,3.844798760403711e-11
0.17848801064952596,0.8215119893249969,1.486246289545446e-54,7.991814457848404e-87,2.0392420983054733e-16,1.5191379531065803e-47,5.359589414377537e-13,5.581947747032637e-15,1.8366964449315624e-20,2.493537573733488e-11
0.06501819621715768,0.93498180376921,8.302808410450182e-55,4.464569887382189e-87,1.1026776846886048e-16,8.486555332323144e-48,2.997119708788067e-13,2.4962564989587268e-15,1.0260561950508063e-20,1.332998828539306e-11
0.623305841987141,0.37669415795697897,3.67254257421445e-54,1.974792404739818e-86,4.895838561138149e-16,3.7538184943729765e-47,1.3175228714838471e-12,4.4057024848984037e-14,4.538466868615543e-20,5.451802275963293e-11
0.5095382391260294,0.49046176082869314,2.132541846922657e-54,1.1467062279035615e-86,3.6097994793868157e-16,2.1797364804449867e-47,7.685195940237442e-13,1.809307277278913e-14,2.635382592322292e-20,4.4490578533838654e-11
0.779549908419549,0.2204500915274497,1.6905437724445988e-54,9.090358884179544e-87,3.142960103221446e-16,1.727956681320977e-47,6.104951399687063e-13,1.5201031561784537e-14,2.0891781671841726e-20,5.237530014967946e-11
0.7977604092611222,0.20223959068917152,1.5036874783201682e-54,8.085598876751491e-87,1.7728063170448676e-16,1.53696512751324e-47,5.41107729140985e-13,2.213504155751907e-14,1.858244491682715e-20,4.914277305510381e-11
0.9986698350866341,0.001330164855208499,5.001828472914443e-54,2.68957341637778e-86,6.054418261283705e-16,5.112522414072688e-47,1.8049296041313326e-12,1.3308206121425977e-14,6.181254124590539e-20,5.633862477690868e-11
0.9458884791422194,0.05411152083738056,3.035395286940062e-55,1.6321868125148802e-87,6.010584248335946e-17,3.1025706947142466e-48,1.0978569068294186e-13,4.6879406370797396e-15,3.7511484184193736e-21,2.0285576448691836e-11
0.41499791429898425,0.5850020856693903,1.2121982409139995e-54,6.5182086546892445e-87,2.7390170786378514e-16,1.2390250306526883e-47,4.379367318143492e-13,8.719067483388658e-15,1.498035822913865e-20,3.1178475738321635e-11
0.887241579923189,0.112758420029107,1.1600283927495033e-54,6.237681968259441e-87,2.069410792372162e-16,1.1857006274821126e-47,4.1945041125131915e-13,1.037321341624223e-14,1.433568902242198e-20,4.727414442834919e-11
0.8292741390127226,0.17072586094132544,1.0235039929706746e-54,5.5035656379605015e-87,1.9169570128902778e-16,1.04615484783038e-47,3.7028700485509366e-13,1.971659061041738e-14,1.2648495144133344e-20,4.5561573747129064e-11
0.39586610334219274,0.6041338966166682,2.2920577344012112e-54,1.232480798698118e-86,4.3761451733462887e-16,2.3427825654019184e-47,8.270391247770731e-13,1.225375449610151e-14,2.832522437847172e-20,4.029933476683004e-11
0.6541361435536769,0.3458638563918511,1.6314272701049594e-54,8.772478784886007e-87,2.889256853812672e-16,1.6675318896893514e-47,5.901218109003906e-13,1.698927606054717e-14,2.0161230352358023e-20,5.386461307027776e-11
3.013367761855251e-64,4.942513605753752e-55,2.2140602174083165e-138,1.7970259184785852e-78,1.868732388631186e-07,4.407742063989626e-134,0.006042075514664249,2.159192863901669e-05,2.9235257623602786e-77,0.9939361456834578
0.5931664142839451,0.40683358569649813,4.028383336078828e-55,2.1661344027224867e-87,1.0581630315021207e-16,4.1175342596623676e-48,1.4578220173227134e-13,4.122959965233966e-15,4.97829043511947e-21,1.940683527331819e-11
0.999109470739967,0.0008905292091670203,8.26020270597786e-54,4.441660031365469e-86,1.1206579524412602e-15,8.443006733993224e-47,2.97977277135129e-12,1.7106654889015003e-14,1.0207925518927043e-19,4.786793855891821e-11
0.9742992766216872,0.025700723314751945,1.0371608215044051e-54,5.577000869047001e-87,9.995155076705443e-17,1.0601139114731921e-47,3.7406470242300317e-13,9.812761561910209e-15,1.2817228437429809e-20,6.317669014134562e-11
0.9993426703772967,0.0006573295331718023,1.0450216292200875e-52,5.619269850436196e-85,1.0158199412207962e-14,1.068148684328113e-45,3.751086356646326e-11,2.2150989060096756e-14,1.2913828177730707e-18,5.1988184989273935e-11
0.8623219814232971,0.1376780184196492,3.864623089468077e-54,2.0780775634428486e-86,1.8576127743309193e-16,3.950149884955152e-47,1.3866028557409039e-12,2.6685964988351205e-14,4.7758723898886715e-20,1.5564018541183964e-10
0.5465607658422447,0.4534392340901183,1.749718637471685e-54,9.408552810173687e-87,1.953376471750708e-16,1.788441127246893e-47,6.313077278502431e-13,1.6199607540770065e-14,2.1622933564665647e-20,6.698926063341952e-11
0.8890269266070481,0.11097307331230985,1.3932550117225446e-54,7.4917835788571765e-87,1.211990817893552e-16,1.4240887136619843e-47,5.021418519723068e-13,1.64930006792209e-14,1.72177908055866e-20,8.012341010076983e-11
0.6914572499194963,0.3085427500086436,1.6807909160344455e-53,9.037916015583504e-86,1.0994520118524509e-15,1.717987987418707e-46,5.9242392320165e-12,1.607268481117212e-13,2.0770451410549293e-19,6.57740138335693e-11
0.8712581115822535,0.12874188835827266,1.5841511874474164e-54,8.518266758554528e-87,2.4652673982596967e-16,1.6192095544583295e-47,5.724204761474435e-13,1.9310969373570138e-14,1.9576922893714638e-20,5.888181896877011e-11
0.15143619998162733,0.8485637999973691,1.3221489915885725e-54,7.109433679150757e-87,2.280710369855736e-16,1.3514090678726486e-47,4.766171149003801e-13,4.783344007976261e-15,1.633901323473641e-20,2.0522018823163932e-11
0.814604036060324,0.18539596386920035,1.2024070050977703e-54,6.465559413102054e-87,1.2813272630013147e-16,1.2290171079814063e-47,4.3400121828289263e-13,1.1271183406750804e-14,1.48593257679432e-20,7.003018271262166e-11
0.49116095620327255,0.5088390437277429,1.7761816492902533e-54,9.55084919936402e-87,2.0403070957522032e-16,1.8154897839129364e-47,6.412968408577501e-13,1.1262068826431729e-14,2.1949998568376927e-20,6.833170621874789e-11
0.9873982966387873,0.012601703295737185,1.6491881839915502e-54,8.867982423402652e-87,2.2563847577328996e-16,1.6856858649468637e-47,5.956220866049908e-13,1.0300519886080731e-14,2.0380670591565625e-20,6.486931978551227e-11
0.2670946847089814,0.7329053152673726,9.116464211600063e-55,4.902087292208181e-87,1.8346462346776614e-16,9.318217901970437e-48,3.2922734237798785e-13,4.748052310102967e-15,1.1266109267339536e-20,2.3312007060996576e-11
0.5097648463327525,0.49023515363936093,6.435311205538161e-55,3.4603829456087685e-87,1.506725417207926e-16,6.577729116063944e-48,2.327660413833331e-13,8.479851006772368e-15,7.952766623790104e-21,2.7645111901970944e-11
0.9882465530621122,0.011753446915517494,4.164254252112203e-55,2.239194645751839e-87,8.688792998043793e-17,4.2564120935190863e-48,1.5067143750511911e-13,4.839034116315539e-15,5.146213137374801e-21,2.2214693341430742e-11
0.6486789736018916,0.3513210262752682,4.298089733351408e-54,2.3111603987676265e-86,2.642086933772745e-16,4.393209446994696e-47,1.5460089877431943e-12,2.4124311376981454e-14,5.311553611252701e-20,1.2126972477012211e-10
0.9183623418519458,0.08163765810234075,1.4929093529411427e-54,8.027642951923618e-87,2.5627915915172115e-16,1.525948474727094e-47,5.382137319611912e-13,2.434229871878023e-14,1.8449377939387584e-20,4.515048598132241e-11
0.9985502760430535,0.0014497239037955059,3.1283141933591206e-54,1.6821509850043814e-86,2.700136980607543e-16,3.197545961125524e-47,1.126454670778086e-12,1.415173753507812e-14,3.865955827189697e-20,5.2009887783723486e-11
0.68226877719579,0.3177312227630377,1.1144274049230182e-54,5.992477229066899e-87,2.184373053720651e-16,1.1390904580952125e-47,4.0271670618452186e-13,1.875921564904942e-14,1.377209576128842e-20,4.075041802294354e-11
0.9957821735311558,0.004217826443547009,5.3714312526837865e-55,2.888315499691911e-87,1.0708382193825966e-16,5.490304760290032e-48,1.9432357815556587e-13,6.592043500603202e-15,6.6380294152361554e-21,2.5096168139479137e-11
0.9208762148246258,0.07912378513013821,1.5731617076444092e-54,8.459174342854862e-87,2.947548868311372e-16,1.6079768698278755e-47,5.668479361213165e-13,2.302656053792297e-14,1.94410280613977e-20,4.46458251180403e-11
0.9542129534385175,0.04578704649865058,1.2280516204152964e-54,6.603455136645458e-87,1.746262453197471e-16,1.255229256462926e-47,4.4368320099402574e-13,8.623487590484882e-15,1.5176268959774536e-20,6.237940762267963e-11
0.8179677470990316,0.1820322528639351,8.066398632449624e-55,4.337448084280537e-87,1.6596154974656727e-16,8.244913641593684e-48,2.9187176730279547e-13,1.4499132434546008e-14,9.968488438205058e-21,3.672657135851853e-11
0.9958514677179715,0.004148532259966336,5.6045225523284745e-55,3.0136528971073034e-87,1.3908608175094003e-16,5.728554532430748e-48,2.0285680582991357e-13,6.043737035399232e-15,6.926103312237738e-21,2.185329720734396e-11
0.9994122816872094,0.000587718274214465,7.752730864542275e-54,4.1687832660632496e-86,1.7632833944382296e-15,7.924304187934415e-47,2.8014205213050568e-12,1.2760447402772588e-14,9.58079227170242e-20,3.576009253993109e-11
0.8013571610438719,0.19864283893961696,3.035016795627719e-55,1.6319832909072276e-87,8.404126420819147e-17,3.1021838271260514e-48,1.0988571428243087e-13,4.030490616449521e-15,3.750690574513781e-21,1.6396994399285652e-11
0.9832362047845017,0.016763795139688988,2.343122664714119e-54,1.2599393330765982e-86,3.1133059449791396e-16,2.3949775981207595e-47,8.463655195074926e-13,2.15817661728046e-14,2.8956398648184125e-20,7.49411275802635e-11
0.7858392212709145,0.21416077864218572,6.183124709949576e-54,3.324777716805447e-86,6.173235248595682e-16,6.319961558018948e-47,2.222552929564071e-12,3.011410850576819e-14,7.641061082741794e-20,8.464644985519838e-11
0.9245595175112945,0.07544048246282954,5.1021359126545696e-55,2.7435105365431117e-87,1.0291331707595637e-16,5.2150497271836145e-48,1.844559082355149e-13,1.1488024156392428e-14,6.305231764844199e-21,2.5679905927498704e-11
0.7843728755749781,0.21562712434734765,1.6249764459290452e-54,8.737791539389245e-87,1.6640464089162276e-16,1.6609383042900927e-47,5.861894280546471e-13,1.1003077432530644e-14,2.0081435370346216e-20,7.707680160357207e-11
0.5611389659769818,0.4388610339786967,1.595016996399113e-54,8.576694173773138e-87,3.0320699280474643e-16,1.6303158313155633e-47,5.753607423181905e-13,2.0276892942485496e-14,1.9711133962556347e-20,4.372553963560309e-11
0.7470949611478824,0.2529050388115576,1.0958592261434356e-54,5.892632781568252e-87,2.0266076105468483e-16,1.120111352611451e-47,3.956469798530056e-13,1.2053953443204461e-14,1.3542612697690599e-20,4.015219919503699e-11
0.797942329380087,0.2020576705930624,5.9117621715345984e-55,3.178861183786781e-87,1.4179848585970415e-16,6.042593577989466e-48,2.1394860424516776e-13,8.397308446886676e-15,7.305785092495634e-21,2.6628033803431557e-11
0.9988491035478491,0.0011508963937193939,1.0773451210159613e-53,5.793079097853334e-86,1.3152699484887642e-15,1.1011875174673085e-46,3.881892977420953e-12,2.2271220772122947e-14,1.3313786770436628e-19,5.452617784704072e-11
0.919383038924693,0.0806169610449224,7.352078500474351e-55,3.953345261053432e-87,1.8027782904378717e-16,7.514785108533647e-48,2.6557625157778767e-13,9.380186602550152e-15,9.085706909686524e-21,3.010935308814401e-11
0.9934923385218342,0.006507661458675626,3.8538764884864315e-55,2.0722989221973173e-87,8.525305569437903e-17,3.939165454223213e-48,1.39478676704676e-13,3.9501993627398365e-15,4.7626391487891014e-21,1.934656677160745e-11
0.9992375628845006,0.0007624370522458176,2.772856271619566e-53,1.4910148470643e-85,2.8395508742480294e-15,2.834221508479054e-46,9.987311429992763e-12,1.90914962005382e-14,3.4266482762966625e-19,5.3244355608124454e-11
0.9052215260818455,0.09477847388395592,5.4517404272445355e-55,2.931499191847588e-87,1.109325857292759e-16,5.572391232711242e-48,1.9727436414336447e-13,5.194089440100549e-15,6.7372883971175136e-21,3.3996069053831956e-11
0.9323151707710551,0.06768482920272507,5.525563093853815e-55,2.971194971643642e-87,1.442263400868149e-16,5.647847646250878e-48,1.9980167489678246e-13,6.8170254059541986e-15,6.828512138442413e-21,2.6013052686894193e-11
0.9993088693250433,0.0006911306498210298,1.6688792942014001e-54,8.973865075809e-87,3.8987259305742385e-16,1.7058127531140574e-47,6.03274581338198e-13,7.036092354588346e-15,2.0624094295715544e-20,2.4525116191234932e-11
0.9991604631762384,0.000839536798583821,1.040973987792473e-54,5.597504952176104e-87,1.8589590689270462e-16,1.0640114657819618e-47,3.760934147783334e-13,5.268270243232353e-15,1.2864374210727855e-20,2.479628395260165e-11
0.99947504999673,0.0005249499973507353,1.3131857367378049e-55,7.06123664060498e-88,3.560700748168959e-17,1.3422474499611702e-48,4.754172506949874e-14,1.1308749044667656e-15,1.6228437172306157e-21,5.870601385105509e-12
0.942487793352929,0.05751220657883002,2.3473370930582085e-54,1.262205507236882e-86,4.593516841487762e-16,2.3992852946937903e-47,8.487444828053006e-13,2.0543059844105732e-14,2.900848961090926e-20,6.73713370906826e-11
0.8874876167415748,0.11251238320071452,1.2548348205734632e-54,6.747473236308434e-87,2.0679708633815472e-16,1.2826051874591036e-47,4.5375378007292065e-13,1.0256595235390976e-14,1.5507323117218123e-20,5.724630019356849e-11
0.9225130786526885,0.07748692131222724,7.60060960417599e-55,4.086984919686002e-87,1.3925497011889165e-16,7.768816378328168e-48,2.746825208513684e-13,1.3144766892749617e-14,9.392863025297753e-21,3.479615769741289e-11
0.9765236595793184,0.023476340216124193,1.5857805617370398e-53,8.527028198092953e-86,5.578141563041455e-16,1.6208749879336524e-46,5.667743831857407e-12,4.11473352029658e-14,1.9596854962042975e-19,1.9884796682991252e-10
0.9957215001311525,0.004278499862265142,1.12605968268154e-55,6.055026085351477e-88,2.9895707136197626e-17,1.150980166246782e-48,4.073921983602124e-14,1.8122195585803953e-15,1.3915898795512344e-21,6.539797061040288e-12
0.43632857227945376,0.5636714276574497,2.928861990525172e-54,1.574901936884263e-86,3.238739388292249e-16,2.9936797423924013e-47,1.0553984736512017e-12,1.191770376961303e-14,3.6194721854689535e-20,6.202891669917804e-11
0.9839948722892647,0.016005127635660504,3.9947823102475284e-54,2.1480665248797606e-86,5.493434886240054e-16,4.0831896197714567e-47,1.440575740871435e-12,3.502121799904022e-14,4.936736265990896e-20,7.359862542548614e-11
0.9839948722892647,0.016005127635660504,3.9947823102475284e-54,2.1480665248797606e-86,5.493434886240054e-16,4.0831896197714567e-47,1.440575740871435e-12,3.502121799904022e-14,4.936736265990896e-20,7.359862542548614e-11
0.8089516313396216,0.19104836864823052,1.8800927225154946e-55,1.0109597788459582e-87,5.5423614272681455e-17,1.9217004814230914e-48,6.809112837356004e-14,2.2121016118957762e-15,2.3234285867151083e-21,1.2077466734985399e-11
0.999436515213045,0.0005634847639401938,1.7812067629680803e-54,9.577870142275894e-87,4.832834421318213e-16,1.8206261068496937e-47,6.4392475170942e-13,7.562856271942863e-15,2.201222849922355e-20,2.23628632413704e-11
0.9111392615385614,0.0888607384332982,6.717107094529641e-55,3.6119096794782346e-87,1.886667388790517e-16,6.865761343970997e-48,2.4305625274833104e-13,6.39163683212154e-15,8.301033277898637e-21,2.7890645472894918e-11
0.7884660133071701,0.2115339866408061,1.8534062746203765e-54,9.966099943171739e-87,3.477291958123582e-16,1.8944234438848012e-47,6.694400270568388e-13,1.5239427354858992e-14,2.290447783287929e-20,5.133876000264121e-11
0.8340976577340256,0.16590234223743,5.679655811571069e-55,3.0540534062089208e-87,1.3081093822313107e-16,5.805350542929741e-48,2.054399212752498e-13,5.9263762613888336e-15,7.018939824851342e-21,2.8332918095445384e-11
0.5827364553762037,0.41726354455535986,3.0921753560238857e-54,1.6627184801270173e-86,4.55849632846695e-16,3.1606073461979204e-47,1.1159334196676357e-12,1.864798506833921e-14,3.8213020052498676e-20,6.73013321261813e-11
0.9987915924110521,0.0012084075405155552,4.4201646420355904e-54,2.376802279728092e-86,5.910639099059398e-16,4.517985958269202e-47,1.5934972560378264e-12,1.1990942526210713e-14,5.462422962700265e-20,4.682628978810369e-11
0.9966707279140005,0.003329272004567277,1.2494647958759313e-53,6.718597644612345e-86,1.7627045850333822e-15,1.2771163203820087e-46,4.494971628027401e-12,2.7139367563557332e-14,1.544081405363927e-19,7.690826835812563e-11
0.9977758302582241,0.002224169721747971,4.458098418823331e-55,2.397199955934624e-87,9.372310401866954e-17,4.55675923590716e-48,1.613476106483332e-13,5.130815154601672e-15,5.50934325025016e-21,1.9861350321953132e-11
0.38984330914859766,0.6101566908339174,4.169476176553226e-55,2.2420025687413943e-87,1.017520052699888e-16,4.261749582778043e-48,1.5076420615842167e-13,5.133596554757707e-15,5.1526442532524954e-21,1.7328908126515607e-11
0.5884543675488448,0.41154563242212283,5.0101794123960266e-55,2.6940638672105257e-87,1.2870524033754675e-16,5.1210581656502086e-48,1.8135812412657717e-13,4.473341614756313e-15,6.191592160808853e-21,2.884642105182051e-11
0.9455824414164291,0.05441755849423234,2.947357523896111e-54,1.584847318887181e-86,3.8937488923153215e-16,3.012584594774126e-47,1.0644529673117636e-12,3.499797354447328e-14,3.642355061942729e-20,8.823890017320536e-11
0.5817500452364067,0.4182499546807514,2.5785354399535244e-54,1.3865250298049578e-86,2.349936319805919e-16,2.6356002217248898e-47,9.298755210602291e-13,1.722886250585417e-14,3.186547120026783e-20,8.189457713290277e-11
8.28295659032174e-67,1.3585671872432885e-57,6.08587006912843e-141,1.0968292681326538e-80,1.2109536002143385e-08,1.2115725348731916e-136,0.9975332629767707,1.9166892139482482e-07,8.03600452850423e-80,0.0024665332447718633
0.993807065879669,0.006192934051820536,1.8758809350993582e-54,1.008695024760284e-86,2.247890399219014e-16,1.9173954842235854e-47,6.778475254899241e-13,1.2618159219121825e-14,2.3182195947120192e-20,6.781970695714713e-11
0.9902107946737698,0.009789205279908463,7.56431936119508e-55,4.0674710012611895e-87,1.0959011178444181e-16,7.731723007042698e-48,2.7348182767231986e-13,5.0015038413438685e-15,9.348016021313642e-21,4.604317693458997e-11
0.9334139714670553,0.0665860284968366,6.008990059450186e-55,3.2311423733726275e-87,1.0579508307029718e-16,6.141973186653205e-48,2.1736743004137643e-13,8.878095702830945e-15,7.425931540805328e-21,3.5881750823681715e-11
0.8613892505990436,0.13861074918913166,8.000167110147832e-54,4.301834199743361e-86,2.475767993675503e-16,8.177216369662088e-47,2.856398841070614e-12,4.576128820246224e-14,9.886499907666581e-20,2.0892229857400837e-10
0.8251101689944855,0.17488983088262125,6.243715346841706e-54,3.357358395481043e-86,5.783810776078618e-16,6.381893107825465e-47,2.250551039662485e-12,5.722943983762048e-14,7.715954455405929e-20,1.2058487041608495e-10
0.9165344578836825,0.08346554209345564,4.397499335430255e-55,2.3646147354230724e-87,9.720283987278872e-17,4.4948190526727614e-48,1.5896767293331842e-13,6.71757525710718e-15,5.434444903461295e-21,2.269591530911784e-11
0.909100850657832,0.09089914931577996,4.308736713748911e-55,2.3168854722276383e-87,9.486635615268462e-17,4.4040920524697107e-48,1.5586995135709394e-13,5.079192233983965e-15,5.324752820315354e-21,2.622688720233773e-11
