i = 0,i = 1,i = 2,i = 3,i = 4,i = 5,i = 6,i = 7,i = 8,i = 9
1.2920195430197388e-83,1.1900482734589892e-15,0.8744842066438422,7.452079188552977e-09,4.835662734321067e-43,2.098753506566381e-14,0.000425108228719631,0.12509067767533627,6.765292774991117e-16,4.0826623140908894e-24
2.0074648263551638e-83,1.849450416077414e-15,0.7980910943136302,1.9013956652281918e-08,7.513371530416294e-43,3.4031670661482346e-14,0.0013224877894418873,0.2005863988829344,1.0512935510504826e-15,6.343403205476085e-24
1.5815700490151574e-83,1.457177755230818e-15,0.9014406898128268,8.413574014060055e-09,5.9193681620836745e-43,2.707125366260631e-14,0.0007381428774682466,0.09782115889610166,8.283310873165265e-16,4.99761473992378e-24
2.9033803011818686e-83,2.6740100604141554e-15,0.44812348047114164,1.8465924377202317e-08,1.0866529072132265e-42,4.827415558265342e-14,0.0006235595885149786,0.5512529414743664,1.5200340380148337e-15,9.174413844455667e-24
6.19932093479266e-83,5.708589059992757e-15,0.3917335446371467,3.653500557179166e-07,2.3202300138903796e-42,7.447545717308661e-14,0.004375211112853185,0.603890878899861,3.2449679073426455e-15,1.9589282213122756e-23
6.571298214773477e-73,4.784752266101946e-103,3.335048920845411e-112,9.593599305767985e-66,6.952308308074834e-71,0.027928078147887354,2.130583387038234e-107,2.0007837204729274e-102,1.2536226538562075e-102,0.9720719218521127
1.4017913411803024e-82,1.2912161154910851e-14,0.5349927355287338,6.252311278199666e-06,5.246507443684987e-42,1.4146837961891605e-13,0.04196841021475777,0.4230326019450684,7.339056325329034e-15,4.429530342893027e-23
4.031133165799858e-83,3.71149081354867e-15,0.31610218717795063,1.9737280012279877e-08,1.508738821502971e-42,4.8842768775927824e-14,0.0004938384061428098,0.683403954678572,2.1102648025930485e-15,1.2738004601697443e-23
5.773837558538276e-83,5.317222089546769e-15,0.5003409276164819,6.756910847339999e-08,2.1609836528161806e-42,7.209515683553224e-14,0.0018875336280160557,0.4977714711863131,3.0225750123343317e-15,1.824479411055277e-23
6.235433742795289e-83,5.739519290603736e-15,0.25857283683859955,2.3114456293454943e-08,2.333746013770835e-42,7.435511197663553e-14,0.000539799412147945,0.7408873406347127,3.263169415275305e-15,1.970339111494575e-23
4.45708457346246e-84,4.104266418780483e-16,0.06391605408865515,3.6609065783495637e-09,1.6681603534599514e-43,7.759723668195655e-15,8.870541846777844e-05,0.9359952368319621,2.3332719886869305e-16,1.4083976898390735e-24
1.4057799192267527e-83,1.2942250193656373e-15,0.10579822737855267,8.07339577272505e-09,5.261435560156872e-43,2.102649149973749e-14,0.00017651945495921053,0.8940252450930691,7.358196146096958e-16,4.442134772389222e-24
1.3172352716557595e-83,1.2130954049421563e-15,0.1486038708562964,2.2801337716327245e-08,4.9300380554551175e-43,2.119368350752089e-14,0.0004484096135787595,0.850947696728764,6.895860869891332e-16,4.162342332670316e-24
4.484905419546732e-83,4.1316695897086875e-15,0.5452580817829694,1.1654409709652338e-07,1.678572907153417e-42,6.639587694144813e-14,0.006332764375798621,0.448409037297062,2.3484354836274506e-15,1.417188705781775e-23
1.3730112041540117e-83,1.2645708269565458e-15,0.9056380234265394,6.884542601744083e-09,5.138791552808124e-43,2.0202895298123206e-14,0.0005276684185746827,0.09383430127032108,7.189099642526939e-16,4.338588370021745e-24
7.201053770170496e-84,6.630619877111221e-16,0.13385954401754332,5.227189333353791e-09,2.695150205148537e-43,1.2579235279349916e-14,0.00012987889230912166,0.8660105718629447,3.769380493565241e-16,2.275466758826546e-24
1.259273791448142e-83,1.1588454243932284e-15,0.09355775122725268,3.4299760711150133e-09,4.713104672844679e-43,1.3365972194181255e-14,7.76649858313271e-05,0.9063645803569249,6.59111885605149e-16,3.979186295466086e-24
1.7172554381417817e-83,1.5815649298126575e-15,0.4949710751183152,1.1249389579572956e-08,6.427200093370061e-43,3.0276306351963616e-14,0.0003847463711092135,0.5046441672611534,8.991262465819339e-16,5.426368851185511e-24
1.2396802930406219e-83,1.141450699697585e-15,0.1412205114310786,8.663026977533864e-09,4.639771764998115e-43,2.010473163101663e-14,0.000219251522157716,0.858560228383715,6.488865353941343e-16,3.917275690828576e-24
8.200936107965769e-84,7.555555123436373e-16,0.8981397437320292,7.215279370310404e-09,3.069377807641433e-43,1.449656762209315e-14,0.00047990802329090395,0.10138034102938481,4.2951324898768336e-16,2.591420135593488e-24
4.157192602845132e-84,3.8279123303525877e-16,0.08063201514869918,3.177466669161648e-09,1.5559192937584137e-43,7.383090139205996e-15,8.379410963064413e-05,0.9192841875641957,2.1760811726172512e-16,1.3136346409918666e-24
2.308599623917362e-84,2.126076502592848e-16,0.08739874078722477,2.572448796618348e-09,8.640433676222081e-44,4.328113855559854e-15,7.866619342844962e-05,0.9125225904468934,1.2085865065681607e-16,7.294962680316981e-25
2.870198939847745e-83,2.6444783177198112e-15,0.9235038570675731,1.0788297744129178e-08,1.074234064685315e-42,3.926498033069029e-14,0.002397428333408807,0.074098703810677,1.503324439809395e-15,9.069561148954102e-24
1.8831833838860713e-83,1.7343610952249595e-15,0.3824080403815471,1.4830337106298773e-08,7.048221337323372e-43,3.264505804847775e-14,0.0004488854000544973,0.6171430593880262,9.858903867704637e-16,5.950685841925774e-24
3.0747422637931644e-83,2.831807554699694e-15,0.5080081978488882,2.2874710856293914e-08,1.1507888300138077e-42,4.807432794170555e-14,0.0007789773053059159,0.4912128019710426,1.6096793592619596e-15,9.715901362250194e-24
4.446450610040233e-83,4.096463825863433e-15,0.5472418676393661,9.036674827539695e-07,1.6641803625289462e-42,6.281261608865702e-14,0.026753244448580623,0.4260039842445013,2.3283463144270664e-15,1.4050373491320625e-23
4.115522685784538e-83,3.79050091933327e-15,0.5988153679534676,2.4264797956057804e-08,1.5403234255565126e-42,5.9810758575572e-14,0.0010456957773737191,0.40013891200429513,2.1547754921729835e-15,1.3004670153109974e-23
2.161781117878324e-83,1.991032893723346e-15,0.45092023972206835,1.8044796623102915e-08,8.090933645671209e-43,3.581991870073659e-14,0.0005801681590178335,0.5484995740740782,1.1318089173967528e-15,6.831029283490429e-24
2.6489848325736632e-83,2.440641981412927e-15,0.8621630543130911,1.697346741557024e-08,9.914398979383308e-43,4.0312599410304265e-14,0.001354027637701579,0.13648290107569563,1.3873890582383908e-15,8.370546727769086e-24
4.615162144891757e-82,4.2513600467358815e-14,0.7907085534360132,3.635413113577894e-08,1.7273243053848603e-41,2.860115756871765e-13,0.004070672066130807,0.20522073814337213,2.4175491613821507e-14,1.4583463853166687e-22
4.366559475658231e-83,4.020783033584837e-15,0.6633742926631246,1.560258345825764e-08,1.634279376632808e-42,5.784915265384175e-14,0.0006675164103781587,0.33595817532384964,2.2861481324267498e-15,1.3797919860291344e-23
5.857219464493478e-82,5.391229114791891e-14,0.5093266820633358,2.9108590088749705e-06,2.1921911355143012e-41,3.0950709598380104e-13,0.016049978695258694,0.4746204283820026,3.064437629821027e-14,1.850825958970337e-22
8.896132501243808e-83,8.184313582717751e-15,0.27440994350853015,1.3699321858068928e-08,3.3295701019585835e-42,5.853006548923779e-14,0.00030345134534092235,0.7252865914467358,4.6561450284757494e-15,2.8110913706224566e-23
3.790528018268655e-83,3.491140105129126e-15,0.4029340548570046,8.973828964154933e-08,1.4186871383153364e-42,5.581446368222795e-14,0.0022937328725548415,0.5947721225320898,1.9844651626302553e-15,1.1977719220608874e-23
1.4674704846851197e-82,1.3514564592780581e-14,0.846145879805551,2.3153265215159902e-08,5.492325851296735e-42,1.2707204250736343e-13,0.0024413969066777257,0.15141270013435768,7.68384532391122e-15,4.6370684040870756e-23
8.444615696134826e-83,7.777123812188182e-15,0.8504551077175473,2.621682320605808e-08,3.160580166769047e-42,8.048261525897918e-14,0.002631683975977161,0.14691318208955978,4.421468234449205e-15,2.6684196855006406e-23
2.1806956975102955e-83,2.009528607360331e-15,0.9273616113856017,1.0325827179117209e-08,8.16172555308145e-43,3.3320023880907177e-14,0.002805021990465211,0.06983335629806937,1.1423371035229669e-15,6.890795381096424e-24
2.1323861032299616e-83,1.963513670574587e-15,0.2098853674971586,1.512290129941682e-08,7.980916442233497e-43,3.341984545689642e-14,0.00036555407622125704,0.7897490633036823,1.1162165233475293e-15,6.73814340982793e-24
1.989562711030966e-83,1.832933074057106e-15,0.8301439838742422,4.2648585068545225e-08,7.446368989776383e-43,2.9582103187791404e-14,0.016699313494765063,0.15315665998237513,1.041896204523196e-15,6.2868342636326415e-24
6.100870565742188e-84,5.62137437494144e-16,0.8437863025531215,1.839856828460008e-08,2.2833828327955154e-43,1.1297123172013453e-14,0.0020224361497831844,0.15419124289851477,3.195200294675801e-16,1.9278189421343524e-24
1.6654389663862153e-82,1.53443756276889e-14,0.8521872210729934,2.126019322567454e-08,6.233265734678581e-42,1.6795206104377018e-13,0.0034990755995783474,0.14431368206704318,8.723363853430136e-15,5.262629336054856e-23
2.1862456203742776e-82,2.0149826766422714e-14,0.8186110758574086,3.7870995667730754e-08,8.182497340409831e-42,2.120239736626424e-13,0.007501170698096739,0.17388771557325544,1.1453951591509092e-14,6.908329078962127e-23
1.0953944012336323e-82,1.009145145550994e-14,0.8403670145996436,2.4074043943581586e-08,4.0997505912714275e-42,1.1834611481681973e-13,0.003906360618513624,0.15572660070766473,5.736470952284276e-15,3.4613432922286564e-23
2.5040515013390332e-83,2.305776937408687e-15,0.6612172630592199,1.3777429319228997e-08,9.371954623492014e-43,3.8812404594684457e-14,0.0007166941931020197,0.3380660289702063,1.310826701434645e-15,7.912571196495373e-24
1.4136230086911472e-83,1.3011747865015618e-15,0.092122398509753,7.126239030665393e-09,5.290790019731283e-43,2.0508556563398754e-14,0.00015135834580882844,0.9077262360181766,7.397724412967809e-16,4.4669185564764334e-24
5.5773147593040806e-83,5.133421182681639e-15,0.24767325355549757,2.4708461565847185e-08,2.087430742425974e-42,5.4067022057154433e-14,0.0005270242366999251,0.7517996974992788,2.9192480190754272e-15,1.762379158465159e-23
3.095507952262944e-82,2.849343506838749e-14,0.7196484843965849,5.709635425019747e-08,1.1585608382955972e-41,1.7462640359118383e-13,0.002810855914958871,0.27754060259188273,1.6204296616123045e-14,9.781509973733003e-23
4.2933357708043145e-84,3.953747744027391e-16,0.11337483307295179,6.10252661227366e-09,1.6068738205215253e-43,7.305068131819934e-15,0.00015624282593686462,0.8864689179985769,2.247547679592749e-16,1.356654690612547e-24
5.342021855861532e-83,4.9224016492034155e-15,0.8491045087808226,2.3013303915472405e-08,1.999367281546114e-42,7.293874993467456e-14,0.003549534200451891,0.14734593400534093,2.7979377127264254e-15,1.6880291097866713e-23
1.7500608911309842e-82,1.6100006743174226e-14,0.43372455449548264,2.6744333939941498e-08,6.549981600321294e-42,1.7306553054046405e-13,0.0010414381855974745,0.5652339805743877,9.154334493032588e-15,5.530028713266659e-23
3.0701631540884805e-84,2.827332347023648e-16,0.07548812995106294,2.6165789828766323e-09,1.1490749991143502e-43,5.551824528853385e-15,7.379431386578043e-05,0.9244380731184861,1.607377931692139e-16,9.701432755419168e-25
8.399032994519302e-83,7.713448716963217e-15,0.11397673705597741,4.214322542207327e-09,3.1435198542743385e-42,2.134170738703918e-14,8.663292279203164e-05,0.8859366258068746,4.3932232849239114e-15,2.6540040880638674e-23
3.262871163966982e-83,3.004475225381708e-15,0.2613618697703718,3.188926926015157e-08,1.2212001420356908e-42,3.5548356088133235e-14,0.0006042239603259282,0.7380338743799929,1.7084011759919745e-15,1.0310366418460587e-23
1.0996942687931843e-83,1.0130136550667171e-15,0.5090504911133659,1.8009920014711498e-08,4.115843776109519e-43,1.959209293010454e-14,0.0006620214945801077,0.4902874693821128,5.758274651967845e-16,3.4749328077571825e-24
1.9210730228030612e-83,1.7695380086084363e-15,0.8446665542444176,1.4076231953340691e-08,7.19003151033325e-43,2.8204596131796034e-14,0.0008214280309453327,0.1545120036483742,1.0059372612960922e-15,6.0704134030849025e-24
2.2485218619849552e-83,2.07088450951847e-15,0.801941900089008,1.5737983138403787e-08,8.41557965129073e-43,3.158994418397151e-14,0.0007740226115774633,0.19728406156139652,1.1772683719053878e-15,7.105121621231562e-24
2.8992177390640106e-83,2.6706247524671273e-15,0.8536328599458796,1.1649712228285586e-08,1.0850949782622777e-42,4.4727533273899775e-14,0.0007651171555428989,0.14560201124881647,1.5182187813857973e-15,9.161259080026028e-24
1.2399506427927714e-83,1.1422825392396263e-15,0.5007867786304733,2.702491457017814e-08,4.640783607449544e-43,2.221307498506204e-14,0.0013113422387786456,0.4979018521058095,6.492773375500574e-16,3.918129882218075e-24
4.0496850753435715e-84,3.7291739555222657e-16,0.08952845134108066,4.0273925147706785e-09,1.5156822751152405e-43,7.19027334584817e-15,9.73907200904807e-05,0.9103741539114284,2.119913747546707e-16,1.2796632838756534e-24
1.7427836967544798e-82,1.6051682054669252e-14,0.5319803921021894,4.199627102206263e-06,6.522745125573688e-42,1.6333239941337887e-13,0.026783808387537546,0.44123159988298233,9.123657413430729e-15,5.507034254515043e-23
7.754526844737978e-83,7.141050141713774e-15,0.32690182543457236,1.851268298257798e-07,2.902299480528746e-42,9.531208759222364e-14,0.0030372778839322387,0.6700607115545592,4.059010793600588e-15,2.4503587852900154e-23
3.9397465467990675e-83,3.625297148634128e-15,0.20522034241831122,1.368528800064717e-08,1.474535401724593e-42,4.892320635966157e-14,0.00034413590016768277,0.7944355079961786,2.0612571978426204e-15,1.2449235388338912e-23
5.712788249766838e-84,5.258932493205207e-16,0.06502419180617748,2.428993492481035e-09,2.138134627894149e-43,5.6779452184817275e-15,5.2997870644868023e-05,0.9349228078941779,2.9910777014423227e-16,1.8051867538794325e-24
4.160726462381281e-83,3.830977465834886e-15,0.30387739544012665,2.5526697666368748e-08,1.5572419171629594e-42,5.716101752573675e-14,0.0006304678173040577,0.6954921112158085,2.1778459838719932e-15,1.3147510794519411e-23
2.387443405958903e-83,2.1984634410591045e-15,0.5906380070175034,1.1294857506165699e-08,8.935523592400994e-43,3.9369706978666326e-14,0.00045208683718483354,0.4089098948504115,1.249910735619898e-15,7.544100220904773e-24
5.972632061520666e-84,5.501402960082183e-16,0.8562512036722819,4.253435145682877e-09,2.2353867974940877e-43,1.0528463236395908e-14,0.0002661861008473555,0.14348260597342427,3.12772886107004e-16,1.887296499384987e-24
4.503537898493762e-83,4.145804914487967e-15,0.23459457880724632,1.962183863842429e-08,1.6855465156084088e-42,6.389145474803117e-14,0.00045609190648694355,0.7649493096643577,2.3567902909413546e-15,1.4230763631472744e-23
1.3270059129399908e-83,1.2221551566421217e-15,0.39513436849650013,1.1581614194355406e-08,4.966606794839777e-43,2.3602225255871505e-14,0.00032994082522535515,0.604535679096635,6.947489508403317e-16,4.193216542528146e-24
4.440956421057551e-83,4.08891316006925e-15,0.28229119820388743,2.3646013830562805e-08,1.662124043407273e-42,6.260388004100109e-14,0.0005977984428912424,0.7171109797071384,2.3243235276175928e-15,1.403301188877183e-23
2.953615097622341e-82,2.7221756227639486e-14,0.8115998232312405,3.788665418692251e-08,1.1054543668680581e-41,2.550325562365925e-13,0.005900604721581158,0.18249953416022646,1.5474451232201295e-14,9.333141865934927e-23
1.2852748575031871e-83,1.1837931425647742e-15,0.2792700978852087,1.4634573462870603e-08,4.810419289217385e-43,2.2492362497595007e-14,0.00046907834771029713,0.7202608091324832,6.728923617045831e-16,4.061350179068884e-24
1.3544823239662148e-83,1.2478059548266965e-15,0.8004928752749,1.307267555457703e-08,5.069443209033529e-43,2.217737174216942e-14,0.0008798399820577286,0.19862727167034264,7.093543317489589e-16,4.280038657700263e-24
1.2430573145916096e-82,1.144811614078921e-14,0.6247463516762384,4.079591278080742e-07,4.652410998944179e-42,1.21314310302711e-13,0.021109674786596054,0.3541435655778985,6.507549166611375e-15,3.927945599196807e-23
1.6671211203722794e-82,1.535112343112027e-14,0.4855126490516839,6.315314863394858e-06,6.239561559991555e-42,1.474657926148734e-13,0.011651993240983614,0.5028290423922976,8.725893629597948e-15,5.2679480554123966e-23
1.8604746061247075e-83,1.712750277408919e-15,0.2974895106340719,1.819583525283676e-08,6.963228822344885e-43,2.4682802846218873e-14,0.0003724396043948717,0.7021380315656707,9.73700617725001e-16,5.8789288459689175e-24
1.1657353070196764e-82,1.0729160350935515e-14,0.4235979181928929,2.599598240915044e-07,4.363016653031582e-42,9.956668103639279e-14,0.002806599938510703,0.573595221908656,6.099634192838428e-15,3.683615810563857e-23
1.6113268613891028e-83,1.4846660056785182e-15,0.8175113410186203,4.291929385399288e-08,6.0307394718028445e-43,2.6212700083284447e-14,0.006887689431926248,0.17560092663013097,8.439027413358736e-16,5.091644345938433e-24
5.264029750728786e-83,4.849265273570505e-15,0.5438814421926933,1.2505756484031607e-06,1.970177048441729e-42,6.916145718276882e-14,0.01537430432858027,0.4407430029030012,2.756532895688372e-15,1.663384759057268e-23
1.3329411548858912e-82,1.2266441496009701e-14,0.6643379753260186,7.296669262413213e-08,4.988820722215744e-42,9.640098385367867e-14,0.002209331293940561,0.3334526204132326,6.973967151852321e-15,4.211970313691779e-23
4.030554296580009e-83,3.712492979206305e-15,0.5397889146821407,3.493252915206423e-07,1.5085221671706437e-42,5.445242933109525e-14,0.006572960609207577,0.45363777538329997,2.1102790431903064e-15,1.273618012591901e-23
4.3846443099973806e-83,4.038869326813342e-15,0.3960442674535456,5.269218225426247e-07,1.6410480172422062e-42,6.133541491368249e-14,0.005938178566382802,0.5980170270581815,2.2956555536548035e-15,1.3855071909040045e-23
3.1009394169240473e-83,2.8561405020861535e-15,0.7274918524671381,1.0463638987374968e-07,1.1605936814825582e-42,4.04859027913936e-14,0.0061803898703273715,0.26632765302609956,1.6235770412867082e-15,9.798682392906422e-24
1.5240503330456196e-82,1.403765649440431e-14,0.5341295588739913,6.475998672653901e-07,5.7040881777325584e-42,1.4749323935681394e-13,0.011546893891932952,0.45432289963403905,7.978516759646232e-15,4.8158573298769774e-23
4.484816223558378e-83,4.129948455694968e-15,0.5233822811538503,6.94104652982389e-08,1.6785395236245638e-42,5.5497660166928435e-14,0.0017189316348283751,0.47489871780079396,2.347716594449734e-15,1.4171606202408278e-23
1.2504149238974691e-71,4.168299094483763e-102,2.9053711924241955e-111,8.357588663968823e-65,6.056593698784995e-70,0.9999999999049909,1.856085395649699e-106,1.7430087299168574e-101,1.0921096604966478e-101,9.500909236385211e-11
4.2020035216164187e-82,3.863139067706317e-14,0.6315595445115353,3.3907874823589386e-08,1.5726907498221926e-41,2.518201903394671e-13,0.0018230892002639898,0.3666173323800135,2.196995648944538e-14,1.3277931111825106e-22
8.041109501045575e-83,7.40143679826298e-15,0.5359986352524029,2.2931958879777295e-08,3.0095592413347185e-42,9.89488463024068e-14,0.0010504358090767459,0.46295090600645095,4.2078773567722144e-15,2.540915783127186e-23
5.319684548035203e-83,4.9020437053273635e-15,0.898337658128058,1.4727197770940252e-08,1.9910070607101055e-42,7.141102705497627e-14,0.00331112772851539,0.09835119941614974,2.7866403445467917e-15,1.6809705678030088e-23
1.2947392727111124e-83,1.1923785593751416e-15,0.3031466070250419,1.2433629026655703e-08,4.84584191124378e-43,1.7814276724578872e-14,0.0002981704127464239,0.6965552101285629,6.779829292422752e-16,4.09125564601128e-24
1.476885648242822e-83,1.3602110020305133e-15,0.23949524498002536,3.164811378439906e-08,5.527564138364056e-43,2.1730686596484172e-14,0.0006492895125773903,0.7598554338592596,7.733166437102198e-16,4.666821901954523e-24
6.5785908342287344e-83,6.056352581256578e-15,0.27300158175929495,6.788160127638355e-08,2.4621799812001776e-42,6.991912267940663e-14,0.0010667700246016726,0.7259315803344227,3.4434533580252e-15,2.07877351774716e-23
6.650182697112901e-84,6.123891379576132e-16,0.14647687168802626,5.045390644391905e-09,2.4889747851410268e-43,1.1828694716839647e-14,0.00016067484069266243,0.8533624484258776,3.481500964216594e-16,2.1013964526389164e-24
1.196418952800503e-83,1.1013254439407102e-15,0.14214704963252123,9.417526505112914e-09,4.477856837343861e-43,1.669013510345703e-14,0.000186916174312863,0.8576660247756209,6.261109952152788e-16,3.780574000523081e-24
8.523186716249327e-83,7.834950401895264e-15,0.13995865910798955,8.70094070812191e-09,3.189987071333141e-42,4.055509761145177e-14,0.00017222363527652428,0.8598691085557406,4.458671985088219e-15,2.693242385513753e-23
2.8404993658446356e-84,2.6166934494573e-16,0.9144135288653772,3.437652971457931e-09,1.0631183564123286e-43,5.146307949109358e-15,0.00018710579610576483,0.08539936190085837,1.4876124349615558e-16,8.975715920211986e-25
6.5427361483124044e-83,6.020564029789406e-15,0.5768717422233446,2.4998249511826405e-08,2.448760589096313e-42,6.731926291399624e-14,0.0009618144227020732,0.4221664183556271,3.4231251812935017e-15,2.0674440128654457e-23
4.987264947156953e-83,4.595045285218333e-15,0.8696324227236392,2.6472382323317035e-08,1.8665918314816204e-42,6.146864745271415e-14,0.0036585342551683437,0.1267090165487416,2.6121211214222244e-15,1.575929315015314e-23
8.578764652325129e-83,7.903738293494552e-15,0.8489310287175743,2.8307544555363297e-08,3.210788316622674e-42,9.536124081221879e-14,0.004800354946573954,0.14626858802819942,4.492817461220742e-15,2.7108090745794064e-23
1.2471313795210285e-82,1.1491785552630222e-14,0.8671806882789908,2.111935238758512e-08,4.667659068575037e-42,1.349348320140371e-13,0.0038498915950673437,0.12896939900643653,6.532942302495981e-15,3.9408173459909784e-23
1.1776135757997033e-82,1.083511140743657e-14,0.6860762721335206,4.2631020782685376e-08,4.407473644412361e-42,8.540896780111515e-14,0.0013722111067091894,0.31255147412864703,6.160557326134061e-15,3.721149562368653e-23
8.594009541169973e-83,7.90848367762926e-15,0.652054518448781,2.5571190668084028e-08,3.216494046174069e-42,8.556558127763548e-14,0.0011745573756753243,0.34677089860425486,4.49661840822523e-15,2.715627110638648e-23
5.240912002170286e-83,4.823492664496593e-15,0.38797104302413793,1.6934723340728268e-08,1.9615247307728754e-42,6.985443526737481e-14,0.0005814108019664394,0.6114475292390948,2.742376569120826e-15,1.6560796679120643e-23
4.325724332603908e-83,3.981869722062307e-15,0.5525673524608103,6.807612956934782e-08,1.6189959406673627e-42,4.509076912870605e-14,0.0014403024854472968,0.44599227697756155,2.2637131298069173e-15,1.366889041183382e-23
8.424345037716e-83,7.747444854934809e-15,0.16641211255954083,1.111588411225421e-08,3.152993434196334e-42,5.168645366581193e-14,0.00024210696942039196,0.8333457693550909,4.407827018657726e-15,2.6620111500519646e-23
5.399521254637896e-84,4.9715796376649e-16,0.09051935993813766,5.465886484764605e-09,2.0208876758320134e-43,8.580288373530788e-15,0.00012056541392359842,0.9093600691820429,2.826236185752304e-16,1.7061991450127802e-24
4.504063677469782e-83,4.147192011715752e-15,0.744381414838461,1.634010673951634e-08,1.6857432997681038e-42,6.156568752908119e-14,0.0009948396659079808,0.2546237291554562,2.357742462570213e-15,1.423242262633585e-23
2.8360971364720463e-83,2.6112525468820603e-15,0.19226448486571665,1.5500414168260414e-08,1.0614707268048688e-42,4.33465295240884e-14,0.00039668610946112174,0.8073388135243605,1.484367284615497e-15,8.961805154729437e-24
3.1922504752642345e-83,2.939218285501265e-15,0.29447932390586684,1.873175706103211e-08,1.1947688210485632e-42,4.913877955804662e-14,0.0004969897469624074,0.7050236676153598,1.670898461294252e-15,1.0087217287465846e-23
7.754725787942691e-83,7.143950574609113e-15,0.7955596560846636,2.7468101493682156e-08,2.902373939328264e-42,9.544285036717055e-14,0.0020416473220563223,0.20239866912507204,4.060786491125679e-15,2.450420905371734e-23
6.324566815288533e-83,5.823975434257858e-15,0.484152758644614,2.963796257755262e-08,2.3671059950017474e-42,9.179374706034639e-14,0.0011569910994570385,0.5146902206178656,3.310712019492377e-15,1.9985045212311643e-23
1.8847259830627014e-72,1.3723234928170644e-102,9.565314418041895e-112,2.7515576514277115e-65,1.9940041803357754e-70,0.04918637026486828,6.110764931661406e-107,5.7384841491236105e-102,3.595537915730189e-102,0.9508136297351318
1.2348918736408747e-83,1.1372739824677156e-15,0.6879622640794422,9.983116992687575e-09,4.621850069174895e-43,2.0977120503660028e-14,0.0005429881310503535,0.3114947378063678,6.465128295422313e-16,3.902144410323229e-24
8.094734728663817e-83,7.437598317928231e-15,0.10437759491302086,6.3161700958758956e-09,3.0296296432271656e-42,3.2717520986882464e-14,0.00012534990972440092,0.8954970488610402,4.233475762168526e-15,2.5578546046714904e-23
2.9014034685215755e-83,2.6718491049687015e-15,0.29960416584092614,9.584131001121354e-08,1.0859130348112173e-42,4.0512292332610225e-14,0.0016265448689123307,0.6987691934488068,1.5189093972686476e-15,9.16816761082202e-24
3.318999636471227e-82,3.030728293041754e-14,0.07501065445860447,3.2923064093067694e-09,1.2422074374972425e-41,1.7823695988586685e-14,6.11268770538909e-05,0.9249282153719697,1.731546239433187e-14,1.048756958713971e-22
9.342469717009393e-83,8.603469468378027e-15,0.42304109178603005,1.9057769267815818e-06,3.496621463749423e-42,1.0283352516348941e-13,0.00854534271504317,0.5684116597218835,4.890348151999042e-15,2.952134068562885e-23
4.125689379772361e-83,3.8010509342228146e-15,0.8034189967916434,5.89087818718504e-08,1.544128530789926e-42,5.4277454869975655e-14,0.0052174585207899965,0.1913634857787246,2.160662199140102e-15,1.3036796560368769e-23
3.721287137805073e-83,3.427222700114874e-15,0.37060169510896673,3.138409431363898e-07,1.3927722404209313e-42,4.9506474584123246e-14,0.003021898761007665,0.6263760922890276,1.948121014345103e-15,1.175892502818101e-23
5.807282598378261e-82,5.3272758080794e-14,0.5414169730687254,6.143611824194661e-08,2.173501182730945e-41,1.5710643249805907e-13,0.0013241493111108389,0.45725881618380504,3.030182339072784e-14,1.835046450599977e-22
5.2013239906223245e-83,4.788942133032209e-15,0.2990757673903736,3.46275872140021e-08,1.9467080607617597e-42,6.787554705581019e-14,0.0008207555229283051,0.7001034424590354,2.7222994512309088e-15,1.6435703893214546e-23
9.73840129936294e-83,8.966885927281354e-15,0.8462293305703684,1.973022959091706e-08,3.6448074264518906e-42,9.538955839348542e-14,0.0025607991342720842,0.15120985056502034,5.098123375524972e-15,3.0772432558301076e-23
2.776638839950679e-83,2.5582629646764977e-15,0.632123324422876,2.841756075784309e-07,1.0392171726471202e-42,4.283451627235435e-14,0.017571670142141962,0.35030472125932766,1.4540941520799605e-15,8.773922871413679e-24
3.908294190971228e-83,3.601791546951902e-15,0.8232561808585093,5.415668640360816e-08,1.462763676923294e-42,5.651443991956928e-14,0.02534282559947361,0.1514009393852684,2.047239491175877e-15,1.2349847099333886e-23
2.0841180713709927e-83,1.920314038755814e-15,0.8392047401733873,3.648980581414508e-08,7.800262887741654e-43,3.038291949279668e-14,0.004853618250150717,0.15594160508662275,1.0916991953958892e-15,6.585619370332024e-24
3.949412575957284e-83,3.637274354574426e-15,0.835165922949851,1.8496946399552634e-08,1.4781531223110792e-42,5.0970903566289655e-14,0.0023099153374012368,0.16252414321574457,2.0677230265821286e-15,1.2479776118386646e-23
1.3290666374753142e-83,1.2242900864202137e-15,0.8461403142052331,1.0084026354441074e-08,4.974319502356471e-43,2.1924309536371164e-14,0.0005174345966040461,0.15334224111411268,6.959710113334839e-16,4.1997279232100614e-24
7.166248993075729e-84,6.597863299793901e-16,0.07221734487280022,4.241263863852024e-09,2.6821237641412947e-43,1.1963923089754947e-14,0.0001002182962473954,0.9276824325896755,3.751031960894936e-16,2.2644686505759024e-24
1.040359688527093e-82,9.585419621492264e-15,0.6906857528027771,1.9297572667323802e-07,3.8937712693897496e-42,1.2148646259673343e-13,0.019222091211138166,0.2900919630102214,5.448373717975783e-15,3.2874397379272545e-23
3.8678582027461906e-83,3.56043414363445e-15,0.4356062364736672,1.8497957441604122e-08,1.447629633290467e-42,5.102881102409073e-14,0.0004567679563332379,0.5639369770719854,2.024305798756372e-15,1.2222075039949854e-23
5.906197738441246e-83,5.43458978788425e-15,0.18627528695177487,2.496470003834202e-08,2.2105223144349423e-42,4.3137271595002975e-14,0.0003945876588188316,0.8133301004246546,3.091097173193146e-15,1.866302170620521e-23
3.04823000569435e-83,2.8072791964727945e-15,0.6621654135667144,2.0309187891243154e-08,1.1408660436919003e-42,4.499167128306682e-14,0.0006921900884133983,0.33714237603563485,1.5959007899037803e-15,9.632125473886376e-24
1.7337477714746058e-83,1.5968227404431445e-15,0.5593589422617227,1.8941253872384572e-08,6.488926219828753e-43,2.6409226755645256e-14,0.0006119739366966152,0.44002906486029797,9.078775237990807e-16,5.478482489006948e-24
4.516954973546381e-83,4.157796833732025e-15,0.6214024860569274,2.77632921598941e-08,1.6905681462939558e-42,4.805505898535897e-14,0.0008106848228158865,0.3777868013569099,2.363971530062244e-15,1.4273160905483295e-23
2.1882726181356524e-83,2.016300490914374e-15,0.7754357552615884,5.427396171239081e-08,8.19008381817651e-43,3.4949559457057176e-14,0.008487897264570082,0.2160762931998416,1.1461451814449046e-15,6.91473919687593e-24
2.407652215722944e-83,2.2171580404711238e-15,0.3499404588331004,1.6847473798269168e-08,9.011159436153448e-43,3.9900677965282027e-14,0.00047533997685965536,0.6495841843425226,1.260389720464475e-15,7.607959137255806e-24
1.9477971487188654e-83,1.7936049422470215e-15,0.29601906884382234,1.208707385659694e-08,7.290052334705859e-43,3.0438181852363874e-14,0.00035696508286118633,0.7036239539862091,1.0197620527421644e-15,6.154858487110422e-24
6.0636631965087895e-83,5.574726582684209e-15,0.14353988096249856,5.489053856548311e-09,2.269457169688009e-42,2.3009375939587132e-14,0.00011446234705086669,0.856345651201365,3.1733609055365676e-15,1.9160551935263136e-23
7.17198548013697e-84,6.606372184815611e-16,0.5894511891176423,7.939499303695356e-09,2.684270768562228e-43,1.381489134025697e-14,0.0003151534679615154,0.41023364947488195,3.7553415322346187e-16,2.2662813889949738e-24
5.992891333428983e-83,5.514273504488486e-15,0.1682799330083444,1.51998967533076e-08,2.2429692684188355e-42,7.082775642501706e-14,0.0003454907885863818,0.8313745610030929,3.1354874291962798e-15,1.8936980315477475e-23
2.0946902727473972e-82,1.927712985555296e-14,0.4166523260279626,6.35325159750771e-08,7.83983163922983e-42,1.6919311388411022e-13,0.0016912873809070035,0.5816563230584151,1.0957776925736795e-14,6.619025581487351e-23
9.810315926948515e-84,9.031527912026904e-16,0.12432777396167484,7.3477453275365114e-09,3.671723032066908e-43,1.4957733538805546e-14,0.00015323931437824932,0.8755189793761851,5.13439949765725e-16,3.099969694468373e-24
3.795830390814272e-83,3.4972849376193166e-15,0.6395153955894369,1.899990841384667e-07,1.4206716659845074e-42,5.61449377637759e-14,0.022461127997864275,0.33802328641355306,1.987788378932364e-15,1.1994473384432708e-23
4.576873638859381e-83,4.2143707861454826e-15,0.763391125756876,2.2198297948997936e-08,1.7129940034344073e-42,5.3690523486448695e-14,0.0009582914714137489,0.2356505605733521,2.3959308180984466e-15,1.4462497253401838e-23
3.852467557717774e-83,3.5458713843578376e-15,0.45521324751996545,2.048563071122578e-08,1.4418693513331883e-42,4.804236135100361e-14,0.0007179238456349665,0.5440688081487152,2.0159558553705726e-15,1.2173441845562231e-23
1.644550717648541e-83,1.5147509604059234e-15,0.47298999400086655,1.5218412676948523e-08,6.1550869435359e-43,2.938956826078185e-14,0.0005025332022521501,0.526507457578437,8.610473765501101e-16,5.196628700868746e-24
1.3182432569858246e-82,1.2111288439660354e-14,0.14311939881504182,9.204594705662043e-09,4.933810658682113e-42,5.1450449284346686e-14,0.00018470158077371014,0.8566958903995194,6.893728895468387e-15,4.165515438753593e-23
1.8529104435036057e-83,1.7060783750793805e-15,0.6407698264768746,1.112605883612558e-08,6.934918306841602e-43,2.7444540972138308e-14,0.0003955547400081382,0.3588346076570282,9.69968698712776e-16,5.855026245116212e-24
1.3957239286955236e-83,1.2855746733582736e-15,0.48217024905580325,1.799608633437491e-08,5.223798839465405e-43,2.3521269015097522e-14,0.0006892338960597434,0.5171404990520252,7.308505081534095e-16,4.410358674423924e-24
1.8838923866024017e-82,1.728104870727888e-14,0.11456494102363814,6.231760027573806e-09,7.050874933418273e-42,3.242180714325679e-14,0.00012324324940402986,0.8853118094951384,9.846879730660201e-15,5.952888138727359e-23
1.2917652335476207e-83,1.189471504070281e-15,0.18635932309704537,8.258132109547758e-09,4.8347109260887916e-43,2.2100810939803202e-14,0.0002488920021877078,0.8133917766426109,6.761857484352044e-16,4.081859199640681e-24
1.2349970217195818e-83,1.1373630023570729e-15,0.6710261103259177,8.313602337508938e-09,4.622243608613625e-43,2.1183589187853642e-14,0.0003211295895046144,0.3286527517709523,6.466066050564948e-16,3.9024767920222944e-24
1.7595662346103818e-83,1.6190847988951108e-15,0.08631245236415275,3.843791333847031e-09,6.585557405260604e-43,1.5433250679763164e-14,8.299911862562688e-05,0.9136045446734125,9.20968244175113e-16,5.5600608385010726e-24
2.190584114043006e-83,2.016018108345755e-15,0.17145459755838838,8.282097806657445e-09,8.198735091820245e-43,2.1603839146179164e-14,0.00020082005801397355,0.828344574101475,1.1466098955822408e-15,6.92203898098416e-24
3.673903185135672e-84,3.3832076460950863e-16,0.08331097459967621,2.8973754345886404e-09,1.375037770740022e-43,5.836464272969882e-15,7.615933588208683e-05,0.9166128631670599,1.923583283020913e-16,1.1609193359110968e-24
5.316243666727576e-83,4.8959670216882715e-15,0.6495302829767544,2.0973330643550793e-08,1.9897192364196442e-42,7.815010032039865e-14,0.0009338052685445244,0.34953589078128466,2.7835572923154427e-15,1.6798835667865046e-23
2.808039105869013e-83,2.585110294036696e-15,0.17270173077421608,1.1856027473047277e-08,1.0509694016725549e-42,4.372481949194094e-14,0.00031910407264735424,0.8269791532970614,1.469589541533902e-15,8.873144278814278e-24
1.2948377150637111e-83,1.1920320677920718e-15,0.12471627763815682,7.73490336964732e-09,4.846210353051424e-43,2.02338257738832e-14,0.00016477000561457308,0.8751189446213031,6.776652504694151e-16,4.0915680435085516e-24
2.8822374027548444e-82,2.6550327766514964e-14,0.668223879137225,1.5672728253778915e-07,1.0787397199420695e-41,2.0411198897201073e-13,0.008112285795590214,0.3236636783396564,1.509592824095764e-14,9.107595252307824e-23
3.7466547647482556e-84,3.450074314357922e-16,0.15183748476889258,3.3941695205994776e-09,1.402266623762889e-43,6.494169544380059e-15,8.72982258933988e-05,0.8480752136110375,1.9614643064176723e-16,1.1839084554409981e-24
8.369985029164084e-83,7.712567351334823e-15,0.8056752483659777,5.4071229323350644e-08,3.132648024638713e-42,9.715144541471971e-14,0.015092615291265888,0.17923208227141785,4.3837146609569896e-15,2.6448370698327383e-23
1.2742325206828629e-82,1.1725152418869628e-14,0.32317122046822766,3.428080246996021e-08,4.769090954092467e-42,1.1676630196430677e-13,0.0008060638739510411,0.6760226813768838,6.667098997604278e-15,4.026455763000864e-23
1.2742325206828629e-82,1.1725152418869628e-14,0.32317122046822766,3.428080246996021e-08,4.769090954092467e-42,1.1676630196430677e-13,0.0008060638739510411,0.6760226813768838,6.667098997604278e-15,4.026455763000864e-23
3.805336473997955e-84,3.5053894953782204e-16,0.7221823316538014,4.6390657587854155e-09,1.4242295233287744e-43,7.538494933942938e-15,0.00022824515621605221,0.27758941855090874,1.9926093458927864e-16,1.2024513200819408e-24
1.7887766360835777e-83,1.645936683294539e-15,0.11525511545231976,3.6890089205918e-09,6.694883653939748e-43,1.4607468277817366e-14,8.156879859297598e-05,0.8846633120600612,9.363401605723998e-16,5.652361713329495e-24
1.5723193256350271e-83,1.448414510660007e-15,0.6938033698007319,1.3872060466122164e-08,5.884745327965966e-43,2.786384550777589e-14,0.0006639022165916941,0.3055327141105859,8.233506991641468e-16,4.9683839365451055e-24
5.530751497889095e-83,5.09138544716183e-15,0.3752306109435823,2.0310395820906575e-08,2.0700034342068865e-42,7.768170014776913e-14,0.0006728466626042513,0.6240965220833319,2.8944008386321342e-15,1.747666213496556e-23
1.693473889611209e-83,1.5591478865436224e-15,0.32685709810396557,1.0240379603210144e-08,6.338192501638934e-43,2.700380815644732e-14,0.0003650952235390689,0.6727777964320862,8.863787887996768e-16,5.351221409074101e-24
1.322283053629047e-82,1.2168462872397958e-14,0.5454033022207571,3.100265898917261e-08,4.948930471836183e-42,1.387669572575017e-13,0.0015243805076328722,0.4530722862687933,6.918462064385836e-15,4.1782911319939447e-23
8.456366771977396e-83,7.77835752792702e-15,0.29761514226576585,1.5772674104879087e-08,3.164978261197811e-42,5.2182608921119496e-14,0.00039985684014000165,0.7019849851213555,4.4253540050945774e-15,2.672129669956387e-23
2.8222298932707614e-82,2.5934658104344134e-14,0.40528088088994074,1.9890115462150747e-08,1.056280610947991e-41,1.3568533649546345e-13,0.0006151625256148333,0.5941039366941525,1.475848219136568e-14,8.91796828982683e-23
1.0757014315753055e-83,9.902725407684495e-16,0.09064089415984244,5.679288589615396e-09,4.0260453907430235e-43,1.5601265706207708e-14,0.00013128199937249488,0.9092278181614794,5.630607380851257e-16,3.399116887213993e-24
1.0859508969809057e-83,1.0001190794081677e-15,0.8453542892624799,7.972144643627739e-09,4.064406233020017e-43,1.7069207388021438e-14,0.00042252066897329447,0.15422318209638353,5.685623361645967e-16,3.4315046037074705e-24
1.2415352642120838e-83,1.1436620833169135e-15,0.8120243180843014,9.201287047576007e-09,4.646714396025286e-43,2.1705501426739578e-14,0.0006349628699690444,0.18734070984441897,6.501259424593975e-16,3.923136955017357e-24
8.40616448798619e-83,7.734731766832033e-15,0.2296023818415404,1.961762719913293e-08,3.1461889700306903e-42,1.0151927680508314e-13,0.0004883427461733404,0.7699092557945454,4.397883487438607e-15,2.6562700541073014e-23
7.558376118983367e-83,6.9627110216332976e-15,0.6901433972551027,8.126606015624902e-08,2.8288858266899895e-42,9.710841933438292e-14,0.006435781398723463,0.3034207400800058,3.957814626616777e-15,2.388376618991544e-23
1.6582930292126202e-72,5.527974114792705e-103,3.853086446421252e-112,1.1083785675947628e-65,8.032219481324574e-71,0.9999999999873999,2.4615297005857123e-107,2.31156808147219e-102,1.4483495058523893e-102,1.26000610769857e-11
4.924254920591307e-83,4.532187409355511e-15,0.16312702674232085,1.8436910977815217e-08,1.8430089654949395e-42,5.741419913369579e-14,0.00040943701361012845,0.8364635178070935,2.5770253667580215e-15,1.5560186998670928e-23
2.3853852139344927e-83,2.1965317156113162e-15,0.22917639694125894,1.8537578006946413e-08,8.927820363354432e-43,3.608988191573588e-14,0.0005418580120904884,0.770281726509033,1.2487834848988693e-15,7.537596781340596e-24
9.336795749650626e-84,8.595534078735256e-16,0.0754662054767134,6.211472830574158e-09,3.4944978586800752e-43,1.4465577750559078e-14,0.00013205037034984341,0.9244017379414484,4.886427678782226e-16,2.950341615360632e-24
1.9880898565105054e-82,1.8299885466878378e-14,0.38011824189479115,8.90610205569428e-07,7.440856513006083e-42,1.6299515374698458e-13,0.004963112810879963,0.6149177546839316,1.0402403886682232e-14,6.282179367104868e-23
2.097513797182533e-82,1.929366426151448e-14,0.2975074266424584,3.642872705557395e-08,7.850399290442383e-42,1.8351992774146137e-13,0.0009010583240194281,0.7015914786045814,1.0969414388690048e-14,6.627948258165264e-23
9.123577987662024e-84,8.400097233244691e-16,0.1947035856537903,6.504520696766508e-09,3.4146964971980473e-43,1.4801275222448948e-14,0.0001663787893917434,0.8051300290522811,4.775443948934043e-16,2.882966758277057e-24
1.1287098020358046e-83,1.0393401668431418e-15,0.23561253701520377,8.27212810114318e-09,4.2244406882660155e-43,1.8956860935987458e-14,0.00024353752490467704,0.764143917187743,5.908459094827645e-16,3.566619164798999e-24
