i = 0,i = 1,i = 2,i = 3,i = 4,i = 5,i = 6,i = 7,i = 8,i = 9
2.823466995296503e-19,5.0017957270528156e-27,1.0869917175834836e-16,6.5974141843583286e-40,1.170649714163335e-24,1.0,3.1870985806536303e-87,4.172914693701724e-31,1.0549752427128668e-48,3.6389348162940055e-51
2.191843658267554e-19,3.1967854667133116e-27,6.43424592837375e-17,4.452092977565952e-40,8.36226434291686e-25,1.0,2.150730393898051e-87,2.8160615301855195e-31,7.119225407979698e-49,2.4556402987736446e-51
2.7687686615531206e-19,7.226476213490574e-27,9.915333729512026e-17,7.3350818145880685e-40,1.3865427587825197e-24,1.0,3.5434532658771167e-87,4.639771903040655e-31,1.1729337435316313e-48,4.0458100472268663e-51
4.1234660472486835e-19,3.8096877983603975e-27,1.4471012478614256e-16,7.403582523762743e-40,1.3076038838379555e-24,0.9999999999999998,3.576544793312497e-87,4.682544846248778e-31,1.1838875127058248e-48,4.0835929736916796e-51
9.758680909695516e-19,1.6937008808406248e-26,3.729074969994899e-16,3.045960184813286e-39,5.208262316448645e-24,0.9999999999999996,1.471451558118407e-86,1.9263849827673016e-30,4.8707152458014875e-48,1.680059831795035e-50
1.0,1.84369371299927e-70,1.303300495429389e-112,2.9837143392306738e-74,2.4665256311011596e-94,1.1869925972086666e-95,6.750049639980482e-70,8.150572203390549e-78,1.1332190444421913e-29,6.47943900356493e-81
1.1360228494877838e-18,5.380780223082788e-26,5.726249000669186e-16,7.953928130268452e-39,1.437515112584888e-23,0.9999999999999993,3.84240739542937e-86,5.0306958135948456e-30,1.2718918389287683e-47,4.38714702284042e-50
3.298927577722643e-19,2.9394410078015e-27,3.148747825596582e-16,7.400351608478686e-40,1.2533599227440044e-24,0.9999999999999998,3.57498399177075e-87,4.68046693205953e-31,1.1833708650566207e-48,4.081810896693478e-51
6.051876281879825e-19,3.633445782666582e-27,1.5772579740201888e-16,1.0767130281860684e-39,1.8839694580865313e-24,0.9999999999999998,5.201417505744403e-87,6.809677284872133e-31,1.72174363506769e-48,5.938824537976056e-51
3.7923256797011936e-19,3.502361760663422e-27,3.7142999462522604e-16,1.1662731682934538e-39,1.8737742340724302e-24,0.9999999999999996,5.634067309097146e-87,7.375568291975044e-31,1.864956911892412e-48,6.432811276334228e-51
1.7204793321373246e-19,7.677658820370171e-28,6.379751666678151e-17,1.6024577851407438e-40,2.7644465410199506e-25,1.0,7.741201004532849e-88,1.0134929633024953e-31,2.562448321560758e-49,8.838674155333934e-52
2.9655293733405238e-19,1.3848215058228155e-27,1.844067585257849e-16,3.988318827764525e-40,6.646997676945758e-25,0.9999999999999998,1.9266889899466366e-87,2.5223564456233576e-31,6.3776162969629274e-49,2.1998364557174343e-51
3.893376868339495e-19,1.56500178952886e-27,9.07971289465256e-17,3.5685507701164295e-40,6.293958947297417e-25,1.0,1.7239061809716972e-87,2.256971355845448e-31,5.706376177770179e-49,1.9683050471177453e-51
7.60897651497873e-19,1.359999917416089e-26,1.8960030277727998e-16,1.4935583451241917e-39,2.7879349092404784e-24,0.9999999999999998,7.2151263326668e-87,9.446790164657173e-31,2.388310076197292e-48,8.238017667629309e-51
2.21797753651383e-19,5.167547692618522e-27,7.733758896236545e-17,5.1809754526021784e-40,9.073236811338044e-25,1.0,2.5028411207936714e-87,3.2769799724332055e-31,8.284762306723283e-49,2.8576699037155424e-51
3.897415349592713e-19,2.657459414589476e-27,1.548303376946168e-16,5.7425935188821714e-40,9.681600359235512e-25,0.9999999999999998,2.7741492562920787e-87,3.6318475220181255e-31,9.182831063789173e-49,3.167441501683023e-51
5.062562167398863e-19,7.037562405268092e-27,3.743712098330695e-15,1.7670692860254477e-39,2.7717777313045977e-24,0.9999999999999962,8.536411167240561e-87,1.1175517461845383e-30,2.8256742661493744e-48,9.746621579650649e-51
3.1179572589782366e-19,2.5677818514336936e-27,1.335402274263927e-16,4.505925606751065e-40,7.912210577893442e-25,0.9999999999999998,2.1767360213905184e-87,2.849981915218601e-31,7.205307756803246e-49,2.4853327544373482e-51
3.648877413361895e-19,1.9292106970641348e-27,1.046271345101031e-16,4.184254894823147e-40,7.06047365411921e-25,1.0,2.0213423718416573e-87,2.646253443473907e-31,6.690932537462066e-49,2.3079088852772138e-51
1.7739995834629959e-19,1.4471956885250956e-27,4.177811037378797e-17,2.084224709924367e-40,3.90831665258388e-25,1.0,1.0068535076645907e-87,1.3183765952498694e-31,3.3328292073313775e-49,1.1495955306148739e-51
2.7925206644328983e-19,1.7751542368632813e-27,9.273831465951999e-17,3.3780676693644477e-40,5.724581030695305e-25,1.0,1.6318870353028975e-87,2.136421695521678e-31,5.401779636184263e-49,1.863240310503558e-51
1.465472670411076e-19,8.474251302544897e-28,3.4303966916640484e-17,1.3275723283658867e-40,2.3232334546670425e-25,1.0,6.41327611818538e-88,8.39637363511818e-32,2.122886179435237e-49,7.32248882875328e-52
2.560156947411457e-19,2.2079071985880303e-26,1.0083884699475826e-16,1.084568497528098e-39,2.058785790439666e-24,1.0,5.239365942935174e-87,6.8605121627551106e-31,1.7343051108811224e-48,5.982152940227459e-51
3.186919192631669e-19,2.8852134931738745e-27,1.2025705122629413e-16,5.7583096177924106e-40,1.010412634767208e-24,0.9999999999999998,2.7817414361165575e-87,3.64193379604983e-31,9.207962265571475e-49,3.1761100278662316e-51
3.0416926004692717e-19,3.595804875260817e-27,1.1356297722155884e-16,6.55113158562496e-40,1.1506775731419369e-24,0.9999999999999998,3.1647402439313434e-87,4.143367100299138e-31,1.047574313273962e-48,3.61340672926619e-51
9.26824977189724e-19,1.6257130935457796e-26,2.457576507488651e-16,2.134262306695025e-39,4.016288892811014e-24,0.9999999999999998,1.0310258196304154e-86,1.349937591462983e-30,3.412843019385851e-48,1.1771947608792606e-50
2.286704426263602e-19,3.395683712770945e-27,9.603052916558581e-17,4.7135207278944185e-40,8.360393967355009e-25,1.0,2.277021693188626e-87,2.981280898766503e-31,7.537267682950102e-49,2.599835965883894e-51
3.732017283800492e-19,2.0213355808066647e-27,9.262506174821669e-17,4.461218584915426e-40,7.916777083694154e-25,1.0,2.155138819604985e-87,2.8216060773831803e-31,7.133817927986406e-49,2.4606737087495342e-51
3.2301724558010117e-19,4.2705987024466924e-27,8.852914561315403e-17,7.0200995271997824e-40,1.326457714852367e-24,1.0,3.3912906800059345e-87,4.440546064092395e-31,1.1225657499164647e-48,3.872075310929372e-51
3.8125612337798164e-19,1.5298383287712003e-25,3.7728999962929603e-16,9.093227811348038e-39,1.698221576662572e-23,0.9999999999999996,4.39278369320583e-86,5.752261368675857e-30,1.4540742702631537e-47,5.0155503876434655e-50
2.677690397772668e-19,8.828424781098336e-27,2.929123458060618e-16,1.0785307779275415e-39,1.846567858429689e-24,0.9999999999999998,5.210198745367978e-87,6.821636493585392e-31,1.724650351055465e-48,5.948850697439842e-51
1.2518689013186114e-18,1.3125953393292572e-25,1.1723793902547108e-15,3.3621854850552637e-38,5.253993743008139e-23,0.9999999999999989,1.6242146228070613e-85,2.1261193229963337e-29,5.37638285277718e-47,1.8544801770312066e-49
6.789903584749573e-19,1.278609481613464e-26,6.142395963224924e-15,5.974444439535823e-39,9.226849615271835e-24,0.9999999999999938,2.886152491625635e-86,3.7782648504303096e-30,9.553577802165498e-48,3.29532348031616e-50
5.726509883078459e-19,5.339517924492726e-27,1.68415665979534e-16,1.1154477866489737e-39,1.9881294971730134e-24,0.9999999999999998,5.388538535979471e-87,7.054843155619941e-31,1.7836833740789738e-48,6.152473791223672e-51
3.2840402190743414e-19,3.01460153948296e-26,1.9472265096568408e-16,3.120544738642121e-39,5.3303195210650366e-24,0.9999999999999998,1.5074820878169536e-86,1.9737926979600532e-30,4.9899814556530905e-48,1.7211984240448764e-50
3.706215214057127e-19,1.6134958519343154e-26,1.5747296892881705e-16,1.9753248265058437e-39,3.367389394518747e-24,0.9999999999999998,9.54245826504216e-87,1.2494106933615099e-30,3.158690253683849e-48,1.0895296375354948e-50
2.112366868612784e-19,1.5403571519814173e-26,7.758052292375605e-17,6.9246843401240554e-40,1.363962506066966e-24,1.0,3.345197225693394e-87,4.3804555394562405e-31,1.1073081568673297e-48,3.8194471692335604e-51
2.6347517137147457e-19,1.5581588043969314e-27,1.1748905534440684e-16,3.994830305156631e-40,6.825274225719e-25,0.9999999999999998,1.9298345739861044e-87,2.526520368961301e-31,6.388028630318936e-49,2.2034279904594974e-51
4.72431253173939e-19,1.6764327521281333e-26,1.3055421096297203e-16,1.090935223528632e-39,2.0441844602365022e-24,0.9999999999999998,5.270122512984536e-87,6.900413221101808e-31,1.7444859757435412e-48,6.017269881467305e-51
2.9686554494939065e-19,2.1112258734190426e-27,3.8522256223417966e-17,2.3270042908657893e-40,4.486567442668118e-25,1.0,1.1241361938873606e-87,1.47191744120984e-31,3.721051683771317e-49,1.2835054299933224e-51
3.0124060594020084e-19,9.737921470058386e-26,1.930339580019077e-16,3.540493441517249e-39,6.73544087006878e-24,0.9999999999999998,1.7103521633302862e-86,2.2395755504532387e-30,5.661510439579161e-48,1.9528294709948763e-50
4.414915948323855e-19,6.689998657914656e-26,2.30792723869285e-16,4.8703189330027167e-39,9.897396009087508e-24,0.9999999999999998,2.35276823963562e-86,3.0809970442726676e-30,7.787999592242499e-48,2.686321130400978e-50
2.860519678229847e-19,5.908900379169163e-26,1.4892544628452836e-16,2.186533466693001e-39,4.072909463810328e-24,0.9999999999999998,1.0562771281054217e-86,1.3830452513447391e-30,3.496428464307275e-48,1.206025957417849e-50
1.713456529337873e-19,3.848284502028005e-27,8.478941383687125e-17,4.812299030061039e-40,8.241362679568881e-25,1.0,2.3247398116689475e-87,3.043529434847736e-31,7.69522148435311e-49,2.654319101033881e-51
3.2231628524883623e-19,1.5589435321033204e-27,1.940400806276507e-16,4.9176819332604625e-40,7.82009833054425e-25,0.9999999999999998,2.375648499469337e-87,3.1099379235149337e-31,7.863736526825026e-49,2.712445133787686e-51
6.651380718746695e-19,6.872081072353164e-27,8.761901156569159e-16,1.8350630299311206e-39,2.9580532873086133e-24,0.9999999999999991,8.864877378183027e-87,1.160562543254879e-30,2.9344012828540624e-48,1.0121654576191842e-50
5.938968496756977e-19,2.3013731338857975e-26,5.229954039187345e-16,6.728865392909761e-39,1.0533386279385567e-23,0.9999999999999996,3.250600423011424e-86,4.255945521821319e-30,1.075995261345602e-47,3.7114393401444087e-50
2.6995110264242363e-19,1.0205948424544872e-27,4.301179660646959e-17,1.7548022389609202e-40,3.039833263149406e-25,1.0,8.477151150736632e-88,1.109836881200552e-31,2.8060583525872334e-49,9.678960246995518e-52
3.0113830898030376e-19,1.5187543818152927e-26,1.0327356477745933e-16,1.1223936908908745e-39,2.1710769113330494e-24,1.0,5.422093017705102e-87,7.099741162614956e-31,1.7947903877488627e-48,6.190785305192925e-51
3.3304043345302413e-19,1.594336060458519e-26,3.7439625083974156e-16,2.9274958040954325e-39,4.308031158609353e-24,0.9999999999999996,1.4142234311901751e-86,1.8510579718277974e-30,4.68128195540188e-48,1.6147184505103289e-50
1.0479063509737578e-19,5.282129084937971e-28,3.752982820072588e-17,8.557024687854133e-41,1.4946999649596551e-25,1.0,4.1337530837498217e-88,5.412164775427791e-32,1.368331431388748e-49,4.7197969054772474e-52
9.457613161883961e-19,5.767745257694924e-26,9.272552129194838e-14,3.0724182665202766e-38,4.0034759913654126e-23,0.9999999999999072,1.484233007942139e-85,1.942338259347295e-29,4.913023673876861e-47,1.6946533128528928e-49
6.80703542591839e-19,8.310771991380024e-27,7.371037444443704e-16,1.6905672706082832e-39,2.9694648821192903e-24,0.9999999999999993,8.166842940343221e-87,1.069275601065573e-30,2.7033418939311967e-48,9.324659517976057e-51
2.8587418006209827e-19,1.0683386444670059e-27,3.851385358451737e-17,1.879614581818128e-40,3.454372418393759e-25,1.0,9.080098349402605e-88,1.1888552918755945e-31,3.005642504491698e-49,1.0367387510253427e-51
3.008527661490334e-19,2.6715745773537386e-27,7.078290976154451e-17,4.60900953037847e-40,8.240173054570021e-25,1.0,2.226534111761049e-87,2.9152588447961665e-31,7.370146562839783e-49,2.5421907399211603e-51
3.110074494222041e-19,2.511600826049845e-27,7.540312637926114e-17,4.652235925103867e-40,8.090150600374123e-25,1.0,2.247416047900248e-87,2.942512860416129e-31,7.439268760002092e-49,2.5660331164669697e-51
3.6220440856642515e-19,9.546776167057882e-27,1.6701420185650208e-16,1.2373925462756483e-39,2.229197005598412e-24,0.9999999999999998,5.977632929797008e-87,7.82679482497748e-31,1.9786820493226464e-48,6.8250843319703e-51
2.819752329040458e-19,2.2391602101532945e-27,4.5481440293039634e-17,2.528504292326895e-40,4.71100171943643e-25,1.0,1.2214774173927004e-87,1.5992834382700963e-31,4.043265064671672e-49,1.3946467575394542e-51
2.3803747361280417e-19,1.0170105424801374e-27,6.356128735182758e-17,2.367879249301318e-40,4.0646066058103978e-25,1.0,1.1438821912622431e-87,1.4975609423685436e-31,3.786413761052597e-49,1.3060508252835972e-51
1.13902115089839e-18,5.276183861273884e-26,6.381265333365939e-16,9.531722463822225e-39,1.6917583377546792e-23,0.9999999999999993,4.604613002260562e-86,6.028500885667754e-30,1.524192803180377e-47,5.257410822243729e-50
9.30631084865789e-19,1.6638171204910628e-26,3.763211540490669e-16,3.1671589050468365e-39,5.518273898974081e-24,0.9999999999999996,1.530000598338973e-86,2.0030129191604282e-30,5.0645209482427014e-48,1.746909392775832e-50
3.0006501298994863e-19,2.8798290904198815e-27,2.3587613354373063e-16,7.813269805823443e-40,1.1723832735858553e-24,0.9999999999999998,3.7744577517105436e-87,4.940805888740522e-31,1.2493995343888524e-48,4.309564131057856e-51
5.858403277872546e-19,8.469203831198043e-27,2.658772290778415e-15,1.610747789377239e-39,2.7370097559873116e-24,0.9999999999999973,7.781248603318236e-87,1.0187683281512288e-30,2.575704649896211e-48,8.884399318155609e-51
2.92316230182526e-19,2.098695778599921e-27,1.508043352449541e-16,5.823745653959952e-40,9.830857405362927e-25,0.9999999999999998,2.8133524715679744e-87,3.6831670319995046e-31,9.312599316962455e-49,3.212202572408632e-51
2.7782735247209333e-19,5.747489250229253e-27,2.0792101459201603e-16,7.445152851288588e-40,1.273555383474174e-24,0.9999999999999998,3.5966267115421654e-87,4.70891471340441e-31,1.1905349150442287e-48,4.106521913470169e-51
6.286458602156765e-20,9.525194560038796e-28,2.4735349512074213e-17,7.828590570297548e-41,1.420757344998691e-25,1.0,3.781858951191277e-88,4.95182855734734e-32,1.251849437339684e-49,4.318014601537894e-52
4.786173088374632e-19,4.46085520646558e-27,3.1746067266889484e-16,1.5195450685225266e-39,2.4667986199341223e-24,0.9999999999999998,7.340663774648195e-87,9.609467286375772e-31,2.4298647661362248e-48,8.381352602779291e-51
3.729941240035073e-19,2.414669229704883e-27,1.205146100661414e-16,5.25499713073208e-40,9.223392320375954e-25,0.9999999999999998,2.538599734264391e-87,3.323654182853775e-31,8.40312843494518e-49,2.8984980300655956e-51
4.374925350865521e-19,3.878691310401755e-27,1.9777205885031464e-16,1.0428162761880707e-39,1.7500926460334253e-24,0.9999999999999998,5.037668062671025e-87,6.59490747598292e-31,1.667540225891998e-48,5.751860271114168e-51
4.138270413918391e-19,8.388834020137523e-26,2.49869488362278e-16,6.203821071194198e-39,1.254369508829462e-23,0.9999999999999998,2.9969604419206713e-86,3.924598318141006e-30,9.920367976090953e-48,3.421840717874619e-50
2.302803275146205e-19,1.6395056666201244e-27,5.213868588880025e-17,2.5185362696065754e-40,4.5067429814318535e-25,1.0,1.2166620352092584e-87,1.5928964948313187e-31,4.027325460485693e-49,1.3891486967052346e-51
1.0846922256702646e-19,1.6205275220534832e-27,3.490087304097881e-17,1.4619926664779119e-40,2.7304334969204095e-25,1.0,7.062637906450997e-88,9.247742486473301e-32,2.337834224763881e-49,8.063910896471713e-52
9.76415258326885e-19,5.468860160510317e-26,4.755055604311435e-16,6.201791165837711e-39,1.0791459565836693e-23,0.9999999999999996,2.995979829386009e-86,3.922452604198115e-30,9.917122008259765e-48,3.4207210835102052e-50
1.2657363824997396e-18,3.375599145462196e-26,6.681850166879146e-16,8.850238625917971e-39,1.4915298357955287e-23,0.9999999999999993,4.275399751260665e-86,5.597212811726466e-30,1.415218505527281e-47,4.881524877478515e-50
3.554106827176635e-19,1.17856201689502e-27,8.19315667893013e-17,3.477497959201355e-40,5.596777254164304e-25,1.0,1.6799201171310115e-87,2.1992315506095793e-31,5.560776011343355e-49,1.918083061480647e-51
1.053831738810219e-18,1.3326085635107016e-26,4.979583782142621e-16,3.997489756292745e-39,6.131770105567715e-24,0.9999999999999996,1.931119309998334e-86,2.5279750423853126e-30,6.392281290386183e-48,2.2048948640080686e-50
5.419496494754221e-19,5.875327708372287e-27,9.051426591027652e-17,6.588569801966334e-40,1.2631759274328368e-24,1.0,3.1828260092346685e-87,4.167540593389843e-31,1.0535609604258082e-48,3.634056520722624e-51
9.925065422944244e-19,1.5807697278492567e-26,3.4838443845272264e-16,2.4539176861640658e-39,4.5395867799424726e-24,0.9999999999999996,1.185445896442266e-86,1.5521606810448276e-30,3.92399557363371e-48,1.3535070335075504e-50
6.03260853885148e-19,7.348475359775784e-27,2.3187895497765544e-16,2.3954410847879275e-39,3.514664874415097e-24,0.9999999999999998,1.1571968453638372e-86,1.514840744960903e-30,3.830487171670432e-48,1.3212531032022377e-50
8.428152877480076e-19,9.883478115830104e-27,2.280311821664759e-16,1.7622536037823397e-39,3.1598972165683267e-24,0.9999999999999998,8.513147426583054e-87,1.1146021514187047e-30,2.8179736350571127e-48,9.720059729210971e-51
1.0049287677019006e-18,1.1564952762060849e-26,2.6224754712517794e-16,2.0111815100313276e-39,3.677738604180024e-24,0.9999999999999998,9.7156758019615e-87,1.2720308067485297e-30,3.2160277374262346e-48,1.109307103149979e-50
6.137585889394884e-19,1.0563193608716054e-26,1.6967203340044048e-16,1.3568163757379043e-39,2.404441211504622e-24,0.9999999999999998,6.554549137156128e-87,8.581764996385673e-31,2.1696495705591096e-48,7.48379017991205e-51
9.95055347138343e-19,2.3782852956323193e-26,4.2483123712303603e-16,5.5298684662836967e-39,9.932396666415075e-24,0.9999999999999996,2.6713854008996254e-86,3.4974329336504204e-30,8.842667995276465e-48,3.050108773566559e-50
6.285314168469591e-19,3.2253321019789687e-27,1.3873629789750838e-16,8.982807317068012e-40,1.5419579633344745e-24,0.9999999999999998,4.339441430434772e-87,5.681207045017868e-31,1.436417217873539e-48,4.9546457710257725e-51
5.167002762771253e-11,1.8106043551398314e-80,1.2799097466365806e-122,2.9301646683579926e-84,2.4222581105788846e-104,1.1656892632825302e-105,1.4790334687836006e-79,8.004291289974379e-88,0.99999999994833,6.363150449557452e-91
3.003206394650354e-19,2.726894686336993e-26,4.3869261411942554e-16,6.889022094829074e-39,9.221011099369224e-24,0.9999999999999996,3.32796940400791e-86,4.355271833091703e-30,1.1016055013316206e-47,3.799776952403507e-50
2.4687506942708386e-19,1.0141510969314071e-26,2.012715343323095e-16,1.4027612828898175e-39,2.249563210423951e-24,0.9999999999999998,6.776501170277947e-87,8.870747678917363e-31,2.2431188700136886e-48,7.737208441203666e-51
2.8690773748124853e-19,3.162893574162756e-26,1.2054183153438586e-16,1.4992770249922305e-39,2.9326924191022864e-24,0.9999999999999998,7.242752303275827e-87,9.484115715787978e-31,2.3974546678410366e-48,8.269560183098813e-51
3.237621778723102e-19,1.5075509458796534e-27,1.960357183867619e-16,3.3279276599969368e-40,5.936195663882267e-25,0.9999999999999998,1.6076652487902717e-87,2.10497373563765e-31,5.321602056292634e-49,1.835584591666157e-51
4.53583913624545e-19,3.1881653118947197e-27,1.9402425367428786e-16,5.3869330926266535e-40,9.680785252132952e-25,0.9999999999999998,2.602335752418589e-87,3.4072747997241323e-31,8.614103776680266e-49,2.971269928908364e-51
7.516384432250144e-19,5.9979059428710025e-27,5.835107093973553e-16,2.0822241969930312e-39,3.485366011473245e-24,0.9999999999999993,1.0058870936850692e-86,1.3168827806421192e-30,3.3296302387469004e-48,1.1484921077404198e-50
1.0278180701145684e-19,7.89896219133351e-28,4.1668407056347454e-17,1.12238233465945e-40,1.9434132602023322e-25,1.0,5.422038157614999e-88,7.098734127633628e-32,1.79477222827356e-49,6.19072266756599e-52
3.473419612396041e-19,1.2825251237545576e-27,1.0526893128520171e-16,3.9166636939249474e-40,6.230097286856715e-25,1.0,1.8920736140983555e-87,2.4769003570779966e-31,6.2630344488894124e-49,2.1603136442430623e-51
7.954121374410154e-19,1.5892897881760007e-26,3.013292427298164e-14,1.0113423249610942e-38,1.4124601819176498e-23,0.9999999999999698,4.885622756933389e-86,6.394557875462473e-30,1.617211053668391e-47,5.578259441801482e-50
4.966229835827022e-20,3.4927161006161748e-28,1.3147964299642315e-17,4.53346174455546e-41,8.376091471826491e-26,1.0,2.1900382609159983e-88,2.867622697629743e-32,7.249340073396303e-50,2.5005208577604725e-52
2.2954678745370813e-19,4.770021686711821e-27,1.4328407642597642e-16,9.224059478402511e-40,1.3793476258134291e-24,0.9999999999999998,4.455986247759504e-87,5.832912856422091e-31,1.4749952203521665e-48,5.087713193538513e-51
4.113600053178052e-19,1.2384310204801446e-26,1.345019143185328e-16,1.5008971023511252e-39,2.8182710292825946e-24,0.9999999999999998,7.250578621314564e-87,9.494068676717496e-31,2.4000452911190816e-48,8.278496041364206e-51
2.9829428170142785e-19,3.9631113830452664e-26,1.5058594566088949e-16,2.1617463569424185e-39,4.084838189050353e-24,0.9999999999999998,1.0443028969670715e-86,1.367380721571045e-30,3.4567920455339034e-48,1.192354134760027e-50
3.0647031247979037e-19,7.062158828469157e-26,1.759999810075187e-16,3.0376413137277523e-39,5.920003131780094e-24,0.9999999999999998,1.4674328530652584e-86,1.921546583664882e-30,4.8574127569341144e-48,1.6754713933252967e-50
4.3312382506919704e-19,4.9409563110058675e-27,1.8061890839875693e-16,1.6360230527517962e-39,2.3126061456731743e-24,0.9999999999999998,7.903349106547892e-87,1.0345689527493251e-30,2.6161216639288586e-48,9.023810058377612e-51
2.339535977988784e-19,6.77178664549521e-27,1.6865848520123333e-16,1.2955006096170144e-39,1.960355035017771e-24,0.9999999999999998,6.2583431015921e-87,8.192316277378134e-31,2.0716011336017283e-48,7.145590896666375e-51
2.9147746656277165e-19,6.225372461165667e-27,2.4250012904856307e-16,1.2313183828331916e-39,1.921559423630442e-24,0.9999999999999998,5.948289680191836e-87,7.786508435158758e-31,1.9689690137541474e-48,6.791581078177137e-51
5.397990450752152e-19,4.1881768253831816e-27,1.459864632355349e-16,9.581919668583345e-40,1.4975344708829937e-24,0.9999999999999998,4.6288624182696855e-87,6.05972896381751e-31,1.5322197069276167e-48,5.2850980876223543e-51
7.250954839448076e-19,1.5108946004217163e-26,7.957959812279554e-15,5.882298455428006e-39,8.577880755688988e-24,0.999999999999992,2.8416383342428756e-86,3.719640014847627e-30,9.406229570536029e-48,3.2444985331051167e-50
3.1461539714966967e-19,1.065775221847036e-27,6.462589576049829e-17,2.434149198107502e-40,4.0742580934777536e-25,1.0,1.175896076396177e-87,1.539434345216609e-31,3.892384302548766e-49,1.3426033316685166e-51
2.2033590293634e-19,9.157671297083084e-27,1.4429239608336609e-16,1.0492528438885808e-39,1.78001894352257e-24,0.9999999999999998,5.068762027473972e-87,6.635927153442228e-31,1.6778327732465164e-48,5.787362439696245e-51
3.6776004679527253e-19,3.273233378463135e-27,1.6094049974785498e-16,7.600122994378651e-40,1.2765401167531366e-24,0.9999999999999998,3.671490151865099e-87,4.806411596008731e-31,1.2153157852078159e-48,4.191998773556122e-51
3.198421278969525e-19,2.0661853049864083e-27,1.40012398349643e-16,6.465608496868796e-40,1.0844251107896714e-24,0.9999999999999998,3.1234254946108706e-87,4.08903885119967e-31,1.0338985399682465e-48,3.5662347714731885e-51
3.3991594092261097e-19,1.3078744639595924e-26,1.5509487535850174e-16,1.6785185677348092e-39,3.078555262450778e-24,0.9999999999999998,8.108637709439251e-87,1.0616973034416401e-30,2.6840751294966164e-48,9.258202508295655e-51
2.607231943800996e-19,3.659302588674675e-27,1.3194619018001779e-16,8.625972075334044e-40,1.4865526796848678e-24,0.9999999999999998,4.167060394741502e-87,5.455441144428573e-31,1.3793566280086636e-48,4.757826207219114e-51
1.0,3.188971066124347e-70,2.254272247654779e-112,5.160823964577194e-74,4.266261156057219e-94,2.0530986364565036e-95,1.16753194118037e-69,1.4097753192794078e-77,1.9600884457234655e-29,1.1207253873786092e-80
1.3220801605714184e-19,2.1833633260666604e-27,4.692175726011768e-17,2.4338928564416446e-40,4.276687656713287e-25,1.0,1.1757722421330958e-87,1.5393604975514961e-31,3.891974393415289e-49,1.342461941372618e-51
8.350780427069161e-19,2.1020051238956286e-26,9.648358575924121e-14,1.3320118755489291e-38,1.746587943772507e-23,0.9999999999999034,6.434722815759529e-86,8.421354364907544e-30,2.1299853432513732e-47,7.346976033187696e-50
6.757623836656464e-19,6.424167397277493e-27,2.441815655818883e-16,1.1257302939845028e-39,1.952540977705337e-24,0.9999999999999998,5.438211579472514e-87,7.119906687266732e-31,1.800125862376126e-48,6.209189001884352e-51
1.1834912063732865e-18,1.1632246057107775e-25,3.543289494095034e-14,2.3312197996228133e-37,1.9092763507707588e-22,0.9999999999999645,1.1261726382189456e-84,1.4717198103379786e-28,3.7277926057837084e-46,1.2858305818491928e-48
1.1746929577355241e-18,2.723616315582291e-26,5.13035956302057e-16,5.144083687748875e-39,8.890655909063858e-24,0.9999999999999996,2.4850193364899834e-86,3.253350704999569e-30,8.225769650093551e-48,2.837321517950245e-50
5.706942454490483e-19,8.115060011069042e-27,1.4541986437896916e-16,1.349324340456406e-39,2.523622319927306e-24,0.9999999999999998,6.518356388408987e-87,8.534996280599584e-31,2.1576692527472485e-48,7.442466370754459e-51
1.0285452837284897e-18,7.425767466325847e-27,2.4049957562392394e-16,1.637872186859789e-39,2.8799690828858557e-24,0.9999999999999998,7.9122819566274445e-87,1.0358916416143005e-30,2.6190785651486705e-48,9.034009322172132e-51
4.53510583466294e-19,7.860372060228805e-27,4.563898118131438e-16,6.978242485505893e-39,6.0403993950578205e-24,0.9999999999999996,3.3710702581084386e-86,4.409944859632088e-30,1.1158725008815723e-47,3.8489882317628856e-50
4.762439222508802e-19,2.7298825624496234e-27,1.6889536746144318e-16,9.327205835596929e-40,1.5778245261144965e-24,0.9999999999999998,4.505814496897442e-87,5.898587226785103e-31,1.491489083939364e-48,5.144605613410203e-51
2.408234777809207e-19,5.056786667014843e-26,1.7170349511826814e-16,2.300719101306267e-39,3.945930561409031e-24,0.9999999999999998,1.1114382662916735e-86,1.4550941968319835e-30,3.6790197261515324e-48,1.2690073121430578e-50
8.269036357993453e-19,8.783620848816301e-27,1.5904595315335011e-16,1.2140329643417722e-39,2.3147227636082952e-24,0.9999999999999998,5.864786761041248e-87,7.679050131608255e-31,1.9413283524539702e-48,6.696239916907838e-51
5.620629320787882e-19,1.5831687800615928e-26,1.4701828257378266e-16,1.5422716148153346e-39,3.0793280880768677e-24,0.9999999999999998,7.450451852774714e-87,9.755979143247224e-31,2.4662061912404176e-48,8.506705380485548e-51
4.248853019013591e-19,1.0145967669173094e-26,1.5720482580709978e-16,8.563488547435851e-40,1.6631372931983725e-24,0.9999999999999998,4.136875663653457e-87,5.41712508517057e-31,1.3693650500255313e-48,4.723362174777976e-51
2.082086655965149e-19,1.8316872208336458e-26,1.0609156731173609e-16,9.763733544048971e-40,1.7353908378354473e-24,1.0,4.716693608957575e-87,6.175262156668861e-31,1.5612930880511817e-48,5.38538114120935e-51
2.935967677241176e-19,2.749526654853007e-27,7.961850700533224e-17,4.684022410672e-40,8.476727768145034e-25,1.0,2.2627715584116802e-87,2.9627285193595837e-31,7.490097697415932e-49,2.5835655838218257e-51
2.502663811675645e-19,1.4510542711995155e-27,1.460901136011924e-16,3.4490941805963863e-40,5.759590629350858e-25,0.9999999999999998,1.6661987345398042e-87,2.181340262286764e-31,5.515356271214446e-49,1.9024163930123655e-51
7.3042497233412045e-19,2.918295959297491e-26,3.1140506763822536e-16,4.0544809927877885e-39,7.721536462798525e-24,0.9999999999999998,1.958650806883151e-86,2.5645867315300196e-30,6.483414485276225e-48,2.23632951217584e-50
5.150436670914532e-19,4.647012989272657e-27,3.516842296893939e-16,1.326740456071765e-39,2.089867751391746e-24,0.9999999999999996,6.409257485340344e-87,8.390692252625188e-31,2.1215559544502722e-48,7.317900472728629e-51
9.26766695447132e-19,1.298562576212973e-26,2.8336022994713466e-15,4.6716191694167286e-39,7.328934163785549e-24,0.9999999999999971,2.2567797627240534e-86,2.9543721924208064e-30,7.470263996142217e-48,2.576724328872205e-50
3.7613718860035255e-19,2.925646566122788e-27,1.2973531188704716e-16,7.381629492645399e-40,1.2776256157837867e-24,0.9999999999999998,3.5659396575821714e-87,4.668746399484074e-31,1.180377061002505e-48,4.071484343643378e-51
1.7443870227185807e-19,1.0530114481837155e-27,7.181099395046438e-17,2.0652709253753105e-40,3.6936762991039422e-25,1.0,9.976972565892653e-88,1.306335097347398e-31,3.3025207058631605e-49,1.1391411941764017e-51
3.0134427427738123e-19,1.7421763325004803e-27,9.942690018969554e-17,4.550259812812314e-40,7.078465790254671e-25,1.0,2.198153122417861e-87,2.8777425301946393e-31,7.276201426336021e-49,2.509786166410724e-51
4.516064537198469e-19,7.113707073763844e-27,1.0648968533583987e-16,6.397133965029972e-40,1.2389022598750717e-24,1.0,3.090346611902383e-87,4.046578589750255e-31,1.0229489563794255e-48,3.528466282383235e-51
3.0993722020125294e-19,2.1131268964513306e-27,1.2064609616994786e-16,5.610165848043567e-40,9.67021250975085e-25,0.9999999999999998,2.7101757007118673e-87,3.5481749485682394e-31,8.971069439171973e-49,3.094398389638712e-51
1.512310395990858e-19,1.2082698666726678e-27,1.105135214060492e-16,2.566025766176856e-40,4.4412064045837845e-25,1.0,1.2396034030575893e-87,1.6229701544154718e-31,4.103264671340555e-49,1.4153424714141355e-51
8.783267918138055e-19,3.8134451869453134e-26,3.294087651513188e-14,1.5415826105961522e-38,2.2811905794631422e-23,0.9999999999999671,7.447123391325614e-86,9.747906926979124e-30,2.4651044228393536e-47,8.502905041730624e-50
1.952464982648798e-19,1.5096838614253143e-27,4.854912932986694e-17,2.23463371897911e-40,4.0565975523107923e-25,1.0,1.0795135418352202e-87,1.4133997698291903e-31,3.573344319258155e-49,1.232556606780391e-51
4.0778083727103316e-19,3.388420303833117e-27,6.362585135205125e-16,1.4391246700616841e-39,2.1790792855943656e-24,0.9999999999999993,6.952166507000173e-87,9.100414499406703e-31,2.301266610521664e-48,7.937777922704743e-51
4.964538692513655e-19,8.076337932515784e-27,2.900200672757894e-16,2.958211070042858e-39,4.547259111683328e-24,0.9999999999999998,1.4290614530702428e-86,1.8705509364926166e-30,4.7303979313849403e-48,1.6316600646643647e-50
3.6657237910286994e-19,1.5528590179561795e-27,1.2807642318540836e-16,4.653920583801255e-40,7.572845994238362e-25,0.9999999999999998,2.2482298779698174e-87,2.9432025634784475e-31,7.441962654004564e-49,2.5669623235497615e-51
7.3492219734291e-19,1.5342989793762034e-26,1.7717866580506642e-16,1.5130858835921094e-39,2.88469534302008e-24,0.9999999999999998,7.309460549378605e-87,9.570572855811498e-31,2.4195360520035548e-48,8.345725683830682e-51
3.7158669294510856e-19,3.820533380085198e-27,1.2614037188599677e-16,8.892688880578357e-40,1.472960198870885e-24,0.9999999999999998,4.295906747277888e-87,5.624352129988935e-31,1.4220066146971408e-48,4.904939158491867e-51
2.1217102739427053e-19,3.0462734211617088e-27,1.0568063406918712e-16,5.5779146527081725e-40,8.749825883669232e-25,1.0,2.69459569723867e-87,3.527403160740271e-31,8.919497397926131e-49,3.0766096028654544e-51
2.727713242361464e-19,2.0836441902083524e-27,8.377450361058913e-17,4.10962319117136e-40,7.366148196827715e-25,1.0,1.985289065042251e-87,2.599270985225055e-31,6.57159093214685e-49,2.2667442868078493e-51
8.345721174398715e-19,2.185348410447847e-26,4.6574257331880006e-14,1.6215014095142659e-38,2.1040125821705642e-23,0.9999999999999534,7.833197516707763e-86,1.02512873275606e-29,2.5929004836879225e-47,8.943713049694792e-50
2.4857511077080657e-19,2.1356276419816562e-27,9.738072780065886e-17,3.6850803044750876e-40,6.101673491493178e-25,1.0,1.7801996174650127e-87,2.330700296136464e-31,5.892715509060938e-49,2.0325792265321616e-51
1.0776925959140189e-19,8.627339307406605e-28,3.843715355862171e-17,1.2646635701474005e-40,2.295708964048236e-25,1.0,6.109374605307669e-88,7.999179123908099e-32,2.0222904293515894e-49,6.975503077308994e-52
1.0062567303389359e-18,6.363825866655769e-26,4.409078733417715e-14,5.237571182833818e-38,6.068817029475272e-23,0.9999999999999558,2.5301815570249696e-85,3.3101192816015213e-29,8.375263063346022e-47,2.8888864044848197e-49
2.9634590215391615e-19,2.404934766255955e-27,9.781823629336514e-17,4.017539686197692e-40,6.8470727663294245e-25,1.0,1.9408050901888369e-87,2.540857644712498e-31,6.424342609008411e-49,2.215953801115361e-51
2.5136016949868733e-19,2.334311056302615e-27,9.752723922850727e-17,3.5907030707120636e-40,6.214933960265645e-25,1.0,1.7346075809727062e-87,2.271098856502634e-31,5.741799343316303e-49,1.9805235888607417e-51
6.037262535012642e-19,1.036674131058542e-26,7.965325075047822e-15,2.980921455155239e-39,4.7005345466949224e-24,0.999999999999992,1.440032453584307e-86,1.8851919291136613e-30,4.7667135131958445e-48,1.6441864282925715e-50
4.3294763805159677e-19,7.36890376974538e-27,1.3343414688956102e-15,1.3911172346057464e-39,2.224467174334276e-24,0.9999999999999987,6.720250750474872e-87,8.797938711173007e-31,2.2244991760192165e-48,7.672983376972807e-51
1.401110677134667e-19,8.738212252678726e-28,9.427058810621002e-17,1.4554161600145785e-40,2.5515327062656297e-25,1.0,7.030867922192401e-88,9.205441839050256e-32,2.32731790529334e-49,8.027636868886408e-52
2.2389454876747876e-19,4.1957974307660955e-27,1.6503214878883602e-16,8.090201424210522e-40,1.419018959196852e-24,0.9999999999999998,3.9082387054099465e-87,5.117065620838899e-31,1.2936829446841126e-48,4.462311263866638e-51
3.7990524903396604e-19,4.29006974436113e-27,2.1458067127692733e-16,9.400793664154592e-40,1.5459255417230834e-24,0.9999999999999998,4.541363526197289e-87,5.945063908044433e-31,1.5032563214015086e-48,5.185194442757973e-51
4.874435690948198e-19,2.9846018780219173e-27,2.403616335837815e-16,8.83182180795431e-40,1.4366438171516296e-24,0.9999999999999998,4.266502899807653e-87,5.585319275747683e-31,1.4122735203680534e-48,4.871366715850167e-51
9.063413433010011e-19,7.683218994524871e-26,8.390375700331505e-16,1.2009897640848265e-38,2.2304727999000307e-23,0.9999999999999991,5.801777278372521e-86,7.59708112708708e-30,1.9204713119205142e-47,6.624297554775793e-50
1.5088329369037695e-19,5.796606427548097e-28,5.005812660690059e-17,1.1613950896304144e-40,1.9801066495271584e-25,1.0,5.610502141478921e-88,7.345575853301538e-32,1.857156504155814e-49,6.405905265513508e-52
4.685669979537224e-19,3.9050686084209685e-26,1.7418155939399599e-16,2.3760416722655193e-39,4.6000249095330615e-24,0.9999999999999998,1.147825318817373e-86,1.5029633278494282e-30,3.799466077585171e-48,1.3105529716033093e-50
4.418746789379259e-19,3.802839349601263e-27,5.663118483255108e-16,1.9984858903846558e-39,3.0929033213149142e-24,0.9999999999999993,9.65434542099711e-87,1.2637571953694633e-30,3.195726503587999e-48,1.1023045817989725e-50
4.418746789379259e-19,3.802839349601263e-27,5.663118483255108e-16,1.9984858903846558e-39,3.0929033213149142e-24,0.9999999999999993,9.65434542099711e-87,1.2637571953694633e-30,3.195726503587999e-48,1.1023045817989725e-50
1.3640439933688999e-19,1.0226534905347003e-27,2.6291760434024212e-17,1.1916919268311647e-40,2.183881132004568e-25,1.0,5.756861009373579e-88,7.537513013102837e-32,1.905603384060549e-49,6.573013488424522e-52
6.269340029942187e-19,1.2961360420225013e-26,1.270554451247151e-14,3.673114156045703e-39,5.802895212773282e-24,0.9999999999999873,1.7744189742118987e-86,2.3229978113433847e-30,5.873580752564505e-48,2.0259790591818254e-50
1.8312992360597243e-19,1.7872190755731644e-27,5.223523383096024e-17,2.3987193556744772e-40,4.410313861676013e-25,1.0,1.158780521895668e-87,1.5172351419206046e-31,3.835729367640162e-49,1.3230612981869836e-51
3.209850875724151e-19,6.630873325409867e-27,2.3742266625293075e-16,1.3248449180664355e-39,2.1510247285152303e-24,0.9999999999999998,6.400100463806828e-87,8.378248833995811e-31,2.1185248492710908e-48,7.307445256603801e-51
1.8589352991577251e-19,2.3981578548762368e-27,8.202589737506906e-17,3.5837575990071127e-40,5.955975987424848e-25,1.0,1.7312523419437917e-87,2.26645286829265e-31,5.730693021942218e-49,1.976692676257843e-51
2.4770947017754448e-19,9.525086534022994e-27,2.1516552350272528e-16,1.8036189341950163e-39,2.8081514086453035e-24,0.9999999999999998,8.712976304499824e-87,1.1405147992979792e-30,2.884119853520819e-48,9.948218426769414e-51
6.090371810154736e-19,2.6886501858605395e-26,3.698286817393752e-15,5.662612424962187e-39,8.551252261827415e-24,0.9999999999999962,2.7355117495149344e-86,3.580904081979162e-30,9.054935386663781e-48,3.1233263401754343e-50
4.690038886735146e-19,2.767725619387104e-26,3.562514187246343e-15,9.81447289270419e-39,1.2769203258182618e-23,0.9999999999999964,4.7412049258141915e-86,6.20505122182138e-30,1.569406684719676e-47,5.413367437222969e-50
2.1125176418559938e-19,1.1771491088840296e-27,2.1336804039539497e-16,3.2641924879236954e-40,5.392998025744801e-25,0.9999999999999998,1.5768758715019947e-87,2.0644172749851173e-31,5.219684811015277e-49,1.8004301920920645e-51
1.7904776655820784e-19,2.5044449638777867e-27,6.10387273594647e-17,3.436255001998775e-40,5.97563168239628e-25,1.0,1.6599963460643504e-87,2.173380726389559e-31,5.4948254777000065e-49,1.8953346894514786e-51
2.1163735951404343e-19,2.5616562069877707e-27,4.7098606714100647e-17,2.632616647398505e-40,4.798536863059004e-25,1.0,1.2717723254887228e-87,1.6651612975016908e-31,4.209748408481329e-49,1.4520719947956513e-51
3.9860383576946597e-19,3.949957285291082e-27,5.450070647399811e-16,1.777662979800673e-39,2.6682291313379538e-24,0.9999999999999996,8.58758750196472e-87,1.1241007471397249e-30,2.842614365365336e-48,9.805053203739246e-51
4.872972232950813e-19,1.5611314972936057e-26,2.0725571576361166e-16,2.1558833394971513e-39,3.984474975254943e-24,0.9999999999999998,1.041470572939171e-86,1.3636045552748485e-30,3.447416647650342e-48,1.189120271026185e-50
1.686156629875216e-11,7.921586658780332e-82,5.599741293351873e-124,1.2819782123578048e-85,1.059763690417185e-105,5.100014528347482e-107,6.470928759751563e-81,3.501962585898884e-89,0.9999999999831384,2.7839460103990275e-92
4.293558704560875e-19,3.691763229996369e-27,5.301069510825215e-16,1.2012740376617172e-39,1.9267298399107023e-24,0.9999999999999996,5.803150555705609e-87,7.596889525724223e-31,1.9209258863726775e-48,6.625865522183561e-51
3.166084243715001e-19,3.119781509342158e-27,1.4381708321185176e-16,4.537882752707118e-40,7.85088037373089e-25,0.9999999999999998,2.1921739748070677e-87,2.870072894334119e-31,7.256409592030095e-49,2.5029593526608284e-51
3.686850913297044e-19,1.670995340560049e-27,1.3026534453559198e-16,4.805910305897638e-40,7.881042082704136e-25,0.9999999999999998,2.3216535275281094e-87,3.0392677715998223e-31,7.685005442149942e-49,2.650795273160703e-51
1.2529811712368638e-18,3.2818394728107814e-26,8.049262841195133e-16,1.0204604372194059e-38,1.6161673957195134e-23,0.9999999999999991,4.929670807989484e-86,6.453104549795845e-30,1.6317915889776618e-47,5.628552202606214e-50
5.023582797785741e-19,5.358937619797745e-27,5.159478826088317e-16,3.599170591827089e-39,5.193649264468837e-24,0.9999999999999996,1.7386980965981757e-86,2.2755904719983852e-30,5.755339535455704e-48,1.9851940185162504e-50
3.501141698281064e-19,2.2315554575483174e-27,1.2531156297606634e-16,4.668845829627517e-40,7.7030760273637e-25,0.9999999999999998,2.255440010483841e-87,2.952735271811109e-31,7.46582922451213e-49,2.5751946394230888e-51
3.0380587793517867e-19,1.8670292328925705e-27,8.358321892362261e-17,3.3443279250677937e-40,5.67870710301004e-25,1.0,1.6155879386905538e-87,2.115116803449605e-31,5.347827293734028e-49,1.8446304844703024e-51
9.059176652205509e-19,1.44439625421094e-26,3.194987368265493e-16,2.5499262194919453e-39,4.713323032442251e-24,0.9999999999999998,1.231825985967423e-86,1.6128503982390804e-30,4.077520307700649e-48,1.4064624468042783e-50
3.786821700116562e-19,5.325096946734443e-27,1.5267202913897134e-16,1.4004887197844603e-39,2.4713192599154625e-24,0.9999999999999998,6.765522802114458e-87,8.857607144389055e-31,2.2394848730334342e-48,7.724673665411441e-51
2.8694268077832726e-19,2.2112472531187266e-27,1.2621150030490932e-16,5.850767755368586e-40,9.969811064542754e-25,0.9999999999999998,2.8264063898914344e-87,3.7002566898422705e-31,9.355809654840951e-49,3.227107149933986e-51
2.9270059215941037e-19,2.96771938842577e-27,1.435587432755395e-16,7.2225072518820235e-40,1.2357899605831718e-24,0.9999999999999998,3.489070409501699e-87,4.567839086143394e-31,1.1549322397650583e-48,3.9837173116349084e-51
3.288019402447404e-19,4.129022009638937e-27,1.6473502237992068e-16,1.0654203080249579e-39,1.738927794950195e-24,0.9999999999999998,5.146864295813668e-87,6.737580896185205e-31,1.7036857418362727e-48,5.876537297737367e-51
1.167284789002459e-19,9.884425315780059e-28,2.0680282597463684e-17,1.0022843166348043e-40,1.906335473026867e-25,1.0,4.84186505898531e-88,6.339862081452338e-32,1.6027266294154083e-49,5.528298197580574e-52
3.9418747688954833e-19,4.8749801705818476e-27,2.415863489952092e-16,1.212091048091638e-39,1.98643887630076e-24,0.9999999999999998,5.855405695176234e-87,7.6652667717740846e-31,1.9382230853944803e-48,6.685528893597367e-51
2.7561237195164495e-19,4.5546512429601007e-26,1.531310568763599e-16,2.1723832280078773e-39,4.039109356095182e-24,0.9999999999999998,1.0494413886125177e-86,1.3741334164189098e-30,3.473801188281287e-48,1.1982211124134178e-50
2.884962277949116e-19,7.027701614532097e-26,1.970760665732241e-16,3.334427804768386e-39,5.963946204757309e-24,0.9999999999999998,1.610805359080294e-86,2.1089723005478275e-30,5.3319962707598576e-48,1.8391698766431352e-50
3.865712035260635e-19,2.649667961346416e-27,1.3568055266846454e-16,7.18044980860534e-40,1.2260352169103685e-24,0.9999999999999998,3.468753173505328e-87,4.541078321973549e-31,1.1482069438778725e-48,3.960519692996175e-51
8.922585394640287e-19,2.120550972328547e-26,3.408197373072369e-16,2.6561667202639395e-39,4.9548701298159644e-24,0.9999999999999996,1.2831489648094795e-86,1.6800867631678462e-30,4.2474067128126375e-48,1.4650615048057966e-50
8.786764576448989e-19,6.147100519428798e-26,3.723925389258444e-16,4.9258508970061476e-39,9.260697123969557e-24,0.9999999999999996,2.3795947870238247e-86,3.1157205463436337e-30,7.876799303408682e-48,2.7169508881011235e-50
1.0274277521851127e-18,1.4605342912861835e-26,3.1820000684116356e-16,2.9514685963478355e-39,5.1043213580470906e-24,0.9999999999999998,1.4258042788438073e-86,1.86672377249291e-30,4.7196162185413205e-48,1.6279411195500662e-50
8.406599496433974e-19,1.0432885844741323e-26,2.4424581792457434e-16,1.8342781614868034e-39,3.418059673072057e-24,0.9999999999999998,8.861085812827213e-87,1.1602449182802114e-30,2.93314622046256e-48,1.0117325479104831e-50
2.244931483437477e-19,6.363827354887253e-26,1.6385096322233576e-16,1.89111948002864e-39,3.44358048113964e-24,0.9999999999999998,9.135676556146292e-87,1.1961894587546704e-30,3.024039686336727e-48,1.0430845061511636e-50
2.617089884617276e-19,5.969858419330979e-26,1.3690123892277485e-16,1.8655259088905084e-39,3.4840915988699626e-24,0.9999999999999998,9.012038368115697e-87,1.1799912245193118e-30,2.983113676637724e-48,1.028967863830179e-50
1.58677117150459e-19,3.567517475014996e-27,9.411324640681593e-17,3.779655700136228e-40,6.300347960540072e-25,1.0,1.8258873823369822e-87,2.390442835601946e-31,6.043948549441287e-49,2.0847441640337703e-51
2.0711105287258085e-19,5.0812872261900926e-27,5.164576883170815e-17,3.2152618899456727e-40,6.160724761618741e-25,1.0,1.5532383319832652e-87,2.033823991400965e-31,5.1414411722991034e-49,1.773441549177671e-51
5.737865743838149e-19,5.2400910532229664e-27,5.213148358852331e-16,2.98879954029295e-39,3.8839588615396556e-24,0.9999999999999996,1.4438382234119868e-86,1.8896333957069886e-30,4.779311156010069e-48,1.6485317436250846e-50
5.746031249129809e-19,1.0748475524301072e-26,1.4874372550685136e-16,1.0419722158068028e-39,1.911538290760064e-24,0.9999999999999998,5.033590550427143e-87,6.590376061402895e-31,1.6661905109835023e-48,5.747204688334834e-51
9.16464087255247e-19,4.5905351869483765e-26,6.749042097344293e-16,8.719789679248126e-39,1.4100702301943904e-23,0.9999999999999993,4.212382083911434e-86,5.514638430697901e-30,1.3943587557501465e-47,4.809573170320553e-50
2.046705325753143e-19,1.9084507867559682e-26,1.188835916608311e-16,1.1283638491127244e-39,1.9886813602074783e-24,0.9999999999999998,5.450933838079313e-87,7.13668096470029e-31,1.8043371120513418e-48,6.223714900162867e-51
3.055311799815617e-19,2.531161083646932e-26,1.619619417890794e-16,2.0990454278866296e-39,3.912072509225199e-24,0.9999999999999998,1.0140131446780873e-86,1.3277095956018173e-30,3.3565286305057104e-48,1.1577701922204457e-50
1.075471372482962e-18,1.0428416174633084e-26,3.0726685425035286e-16,2.568764773974076e-39,4.539349787947734e-24,0.9999999999999998,1.2409265713643085e-86,1.6246573702660975e-30,4.10764454780504e-48,1.416853225818899e-50
7.347855497097151e-19,2.3353798955245202e-26,4.677795656141205e-16,7.193000637685123e-39,9.507571983735292e-24,0.9999999999999996,3.4748162672656575e-86,4.548163799156303e-30,1.1502139146851833e-47,3.9674423539746724e-50
7.31829829924799e-19,1.558461195320373e-26,3.263055344257337e-16,2.8530451495643854e-39,4.3949473643650504e-24,0.9999999999999998,1.3782575859882497e-86,1.8042253924555723e-30,4.562229860491489e-48,1.5736537131039676e-50
1.341201232089616e-18,4.4885532524619554e-26,8.329107422547792e-16,1.2229004864394396e-38,2.0364856042338232e-23,0.9999999999999991,5.907624253594456e-86,7.733699102244486e-30,1.95550817556263e-47,6.745150497848396e-50
6.893586431836374e-19,1.4808457604297228e-26,3.260401234353974e-16,3.1185995889036665e-39,5.032101026270683e-24,0.9999999999999998,1.506542418897954e-86,1.972258300478299e-30,4.986871017049436e-48,1.7201255378888302e-50
8.794996144865988e-19,3.0347931510960995e-26,3.189160606796735e-16,3.0145092716900077e-39,5.443102805635743e-24,0.9999999999999998,1.4562581568824664e-86,1.906629061682805e-30,4.820422913289975e-48,1.6627124560122473e-50
2.7680633516466834e-19,1.01004009472791e-26,9.556606996224552e-17,9.290136602266728e-40,1.7116479591448854e-24,1.0,4.487906981488349e-87,5.876449614643319e-31,1.4855614400535523e-48,5.124159342406532e-51
1.09238322644028e-19,8.471920628098471e-28,1.8434089099359333e-17,9.01676448979944e-41,1.62227713286519e-25,1.0,4.3558455633453977e-88,5.703102407781119e-32,1.4418472206365323e-49,4.9733755243951674e-52
2.068777960680099e-19,2.7382178509363335e-27,9.80006542068841e-17,5.401488934630718e-40,9.685797307678751e-25,1.0,2.609367432795408e-87,3.416442064662499e-31,8.637379645080294e-49,2.979298493413894e-51
4.864464366793614e-19,4.320230435428778e-27,2.2572798265123587e-16,1.1527593932091168e-39,1.9508989177261658e-24,0.9999999999999998,5.568784561463939e-87,7.290341331145489e-31,1.843347388125414e-48,6.358273367557934e-51
4.009295188133946e-19,1.8199058379785602e-26,2.125032422807279e-16,3.328571995318061e-39,6.2781774993412166e-24,0.9999999999999998,1.6079765170042556e-86,2.105545425783416e-30,5.322632398635285e-48,1.8359399884988593e-50
9.095144898981526e-19,1.096989492493387e-26,2.7936624351844475e-16,2.396024388765894e-39,4.317933295807055e-24,0.9999999999999998,1.1574786292410885e-86,1.5153902275229455e-30,3.831419916631949e-48,1.321574835692041e-50
3.461430893653444e-19,6.150798104462369e-26,2.000461325917951e-16,3.8829115420861024e-39,7.717777979991345e-24,0.9999999999999998,1.875768523581887e-86,2.4563053987086048e-30,6.2090622657587e-48,2.1416969745475065e-50
1.6605693147987097e-121,1.095914916849625e-10,1.385406807700068e-29,6.562726264023387e-08,9.864639338294578e-06,2.2588141195062695e-135,0.9999547146285184,5.690174890069275e-08,3.040365928753229e-134,3.529809354008903e-05
4.2157907383321613e-19,2.130718751155658e-26,4.892114328461205e-16,3.021279726824498e-39,5.458046997204185e-24,0.9999999999999996,1.4595288479241042e-86,1.911123815785905e-30,4.8312493687144396e-48,1.6664468342260258e-50
2.2612842886647844e-19,7.559236801688984e-27,1.4306582419204613e-16,8.88508471321926e-40,1.4858223032422599e-24,0.9999999999999998,4.292233303791983e-87,5.619255622239154e-31,1.4207906523304107e-48,4.9007449294593254e-51
2.1432909702361207e-19,1.8912876732826025e-27,5.861997328357285e-17,2.7731858898720383e-40,4.750129349291471e-25,1.0,1.3396789357803665e-87,1.753977766718116e-31,4.434529007076878e-49,1.5296057522849136e-51
4.622591685288232e-19,2.9577179753700443e-27,1.7252705372988602e-16,9.99794890411578e-40,1.4598940185318419e-24,0.9999999999999998,4.829839066220718e-87,6.322282365023613e-31,1.5987458536991026e-48,5.514567275030134e-51
4.3130329659462237e-19,2.402907590087968e-27,1.4365898463166261e-16,7.141066944723639e-40,1.093012910156158e-24,0.9999999999999998,3.449727982581383e-87,4.515926388605798e-31,1.1419093334009064e-48,3.938797293174583e-51
2.6675707758155133e-19,5.851618381654916e-27,1.089130027814074e-16,6.333212792316379e-40,1.1369075772112735e-24,1.0,3.0594673817649966e-87,4.005783719296824e-31,1.0127274892726025e-48,3.493209291485814e-51
5.283051001537871e-19,3.314342602895693e-27,2.394032636908826e-16,1.4106124229191975e-39,2.1080176217255907e-24,0.9999999999999998,6.814428691653804e-87,8.919897196250194e-31,2.2556734223930454e-48,7.780512962396742e-51
5.3093957450056515e-19,5.947794365933501e-27,5.266383295783797e-16,3.6279722260236864e-39,4.245078253530897e-24,0.9999999999999996,1.752611676979449e-86,2.2934987308024664e-30,5.801395477775235e-48,2.0010801327318757e-50
2.1906403815397375e-19,2.691108630270571e-26,9.963014355492704e-17,1.0445765235817498e-39,1.961510576318953e-24,1.0,5.046171518888553e-87,6.607313411091544e-31,1.670354991598161e-48,5.761569265707753e-51
1.0,7.010722328002774e-70,4.955854553813036e-112,1.1345698361360529e-73,9.379066703233301e-94,4.513588914336172e-95,2.566734560761449e-69,3.099289113447853e-77,4.3091127346009355e-29,2.463833736316629e-80
1.842727203890384e-19,7.7033148866851495e-28,6.156588618814828e-17,1.6875037449470689e-40,2.893995527089604e-25,1.0,8.152043572022752e-88,1.0672769938303034e-31,2.6984430912194103e-49,9.307762037312165e-52
8.363932252206135e-19,1.0898351058274097e-26,8.08449966577457e-16,3.22138868072598e-39,5.3293270437328414e-24,0.9999999999999991,1.5561980802087756e-86,2.0373402566701176e-30,5.151238362507898e-48,1.7768209020883882e-50
2.702454856073938e-19,1.387774661859354e-26,4.699814716051671e-16,2.4820149172237842e-39,3.686512348960627e-24,0.9999999999999996,1.1990191912147238e-86,1.5694748727814497e-30,3.968925121886048e-48,1.3690046196880158e-50
3.6124465248431947e-19,3.062676168684381e-26,2.0910828225524306e-16,3.5923424015998916e-39,6.629642112615214e-24,0.9999999999999998,1.7353995141333167e-86,2.2724026720358833e-30,5.744420755416714e-48,1.9814277947010683e-50
3.7789247080645344e-19,2.1405872841074056e-26,2.0216905680663646e-16,3.1684148786282274e-39,5.834051001311856e-24,0.9999999999999998,1.5306073380456595e-86,2.004217566615437e-30,5.066529343506063e-48,1.7476021502124833e-50
3.1837674646909977e-19,1.3436310822121044e-27,1.740639176539493e-16,4.548410107259724e-40,7.177728779390724e-25,0.9999999999999998,2.197259561057354e-87,2.876514204710974e-31,7.273243610349213e-49,2.508765924500109e-51
4.934617261143033e-19,5.6276682822691036e-27,4.1259056786116874e-16,3.660753059166396e-39,5.530099653137745e-24,0.9999999999999996,1.7684475389186667e-86,2.3146685065813467e-30,5.85381444716112e-48,2.0191610511278258e-50
4.934617261143033e-19,5.6276682822691036e-27,4.1259056786116874e-16,3.660753059166396e-39,5.530099653137745e-24,0.9999999999999996,1.7684475389186667e-86,2.3146685065813467e-30,5.85381444716112e-48,2.0191610511278258e-50
2.5837297699542e-19,1.37633752194158e-27,3.261703746407802e-17,1.6130422294556547e-40,2.994893987680885e-25,1.0,7.792332655365891e-88,1.0202553998001252e-31,2.579373629763304e-49,8.89705476067837e-52
4.834342680502678e-19,6.295903905342249e-27,3.3378230697580144e-16,3.113443893830379e-39,4.9061110801481874e-24,0.9999999999999996,1.5040517899934237e-86,1.968778435893495e-30,4.978626678926308e-48,1.7172818115321437e-50
2.7499141396347455e-19,2.3110296317621614e-27,1.14703083512954e-16,5.026079648753264e-40,8.350366202712695e-25,0.9999999999999998,2.428013592526257e-87,3.178713367126087e-31,8.037072479133042e-49,2.772234046951528e-51
4.429758284964424e-19,2.6399868992423073e-27,1.4764391693011355e-16,6.999292639056266e-40,1.2044355253002496e-24,0.9999999999999998,3.3812392264827183e-87,4.426777769540179e-31,1.1192385749477832e-48,3.86059885883529e-51
4.621076829339015e-19,5.175096608711279e-27,2.863186481359144e-16,2.6240667793672005e-39,4.23297826141524e-24,0.9999999999999998,1.267642029526865e-86,1.6593544989567566e-30,4.19607653773567e-48,1.4473561451296143e-50
7.0560256296589625e-19,7.600797605441258e-27,2.5220295534493865e-16,1.9228357858916594e-39,3.2433681978652998e-24,0.9999999999999998,9.288892637297076e-87,1.2159688544687274e-30,3.0747564019671115e-48,1.060578264753427e-50
5.618357358564058e-19,1.3066263060894112e-26,4.910830908596337e-15,6.990089156405124e-39,9.564241658576557e-24,0.9999999999999951,3.3767931803598894e-86,4.4196589716917126e-30,1.1177668700469115e-47,3.855522494982152e-50
3.253175942531967e-19,1.9180285327045395e-27,8.586095673923675e-17,3.761627683174619e-40,6.698713599769427e-25,1.0,1.8171783540701474e-87,2.3791774247615642e-31,6.015120419477439e-49,2.0748004533595386e-51
6.932176535543255e-19,3.2121309179324415e-26,1.0064379658499552e-15,5.3168306358284675e-39,9.390335462669768e-24,0.9999999999999989,2.568470447986575e-86,3.363019042849622e-30,8.502004772322661e-48,2.9326035267738e-50
5.493985957359213e-19,4.9708110190919745e-27,5.941125382051458e-16,3.4287760589013244e-39,4.62679518860529e-24,0.9999999999999993,1.6563833961507737e-86,2.1678072659538503e-30,5.482866096414715e-48,1.8912095301891177e-50
2.1541418252031525e-19,1.5189486684821155e-26,1.1811523912222762e-16,9.360498192919006e-40,1.600836289530967e-24,0.9999999999999998,4.5218974694918255e-87,5.91989886526578e-31,1.4968127780413602e-48,5.162968675437358e-51
2.4476584466115746e-19,1.362408076144855e-26,2.386142556383076e-16,2.0690989294827623e-39,3.162943267019116e-24,0.9999999999999998,9.995465008310857e-87,1.3083419799518287e-30,3.3086419689622793e-48,1.141252606511194e-50
6.022520634270862e-12,1.0107365047024671e-82,7.144860222929102e-125,1.6357104116598118e-86,1.35218093849367e-106,6.507245429929318e-108,8.256431695486841e-82,4.468248062081076e-90,0.9999999999939775,3.5521114405940625e-93
2.1547305918119114e-19,2.1818728408420874e-27,1.1637019820391116e-16,3.4066624075679285e-40,6.327061025688482e-25,0.9999999999999998,1.6457006662436513e-87,2.1549083844263736e-31,5.4475047315463116e-49,1.8790123054066575e-51
4.48026916042662e-19,6.772156353288999e-27,4.456132310494073e-16,2.4513894558590283e-39,3.27211504456238e-24,0.9999999999999996,1.184224552179127e-86,1.549931116196554e-30,3.919952749329423e-48,1.3521125387815964e-50
3.1400409994643832e-19,1.8801245726135352e-27,7.840982785994663e-17,3.2765983065459517e-40,5.754572118069145e-25,1.0,1.5828689118811805e-87,2.072361855823215e-31,5.2395226323750185e-49,1.8072728681936617e-51
3.142659341349351e-19,1.2934628823457126e-26,3.191732910592545e-16,2.479336833180482e-39,4.0635656520095985e-24,0.9999999999999998,1.19772545450071e-86,1.5680235183082397e-30,3.964642668210272e-48,1.3675274694045822e-50
4.93559137345936e-19,4.4949529310346625e-27,6.569698764877168e-16,3.019672964900201e-39,3.645594669354988e-24,0.9999999999999993,1.458752649368383e-86,1.9090751757206198e-30,4.828680040417446e-48,1.6655605936917923e-50
4.4063879800797865e-19,2.726484420412523e-27,1.3303714898586264e-15,1.070357730250299e-39,1.6410604031267574e-24,0.9999999999999987,5.170716141702871e-87,6.768913364481466e-31,1.711581044181009e-48,5.903770629321765e-51
3.1363006873138877e-19,2.523487465730526e-27,1.2610604934873329e-16,5.127139737016653e-40,8.565574698557885e-25,0.9999999999999998,2.4768340021417237e-87,3.24247819223802e-31,8.198675021947565e-49,2.827975745490084e-51
4.735451232336079e-19,7.012724519288789e-27,5.480781231558133e-16,3.678555919289613e-39,4.92691123942104e-24,0.9999999999999996,1.77704779855934e-86,2.3256959209932066e-30,5.88228253740749e-48,2.0289805730044265e-50
3.0945689455014523e-19,2.2389738134062168e-27,3.380036917407495e-16,4.3460406084531594e-40,7.689094767501027e-25,0.9999999999999996,2.0994982975002548e-87,2.748997576645895e-31,6.949639836752486e-49,2.3971450076567197e-51
4.188813486584128e-19,6.182387642391906e-27,3.4325517499991555e-16,1.7154206416494047e-39,2.667143352060078e-24,0.9999999999999996,8.28690535414219e-87,1.0847453750562746e-30,2.743084271190554e-48,9.461743228016731e-51
3.700572221033453e-19,1.3082061122479972e-27,1.1018295253051172e-16,4.402582462786158e-40,7.110955196288336e-25,1.0,2.126812706498218e-87,2.7842146211284988e-31,7.040054439679765e-49,2.428331791301422e-51
3.407571616746977e-19,1.7266459420046335e-26,1.676026383143647e-16,1.5678065803048528e-39,2.8822494802591786e-24,0.9999999999999998,7.573806929491344e-87,9.91673192802994e-31,2.50703848704355e-48,8.647548555577642e-51
2.6906148387994633e-19,5.560938334730666e-27,3.817080510133588e-16,6.518413853688217e-40,1.1590843717643524e-24,0.9999999999999996,3.1489348632862723e-87,4.123190024411328e-31,1.0423425060779396e-48,3.595360613509603e-51
4.918925399818358e-19,4.919391708061506e-27,3.3194980837703976e-16,1.92655016049459e-39,2.6617021335183356e-24,0.9999999999999998,9.306836150663621e-87,1.2181293340310657e-30,3.080695961692405e-48,1.0626270019940167e-50
9.988797657174047e-19,3.58634991417384e-26,9.292637266221309e-16,7.962648086085835e-39,1.4256182038672006e-23,0.9999999999999991,3.846619856385025e-86,5.0365516228015954e-30,1.273286223790289e-47,4.391956686064163e-50
4.1148304409901543e-19,2.248140184769143e-27,1.734389532482275e-16,6.148016063979121e-40,9.86191548174313e-25,0.9999999999999998,2.970001992317016e-87,3.888014528024088e-31,9.831131649714297e-49,3.3910603581293847e-51
3.5033609037832257e-19,2.5627163037809206e-27,1.6910882386310815e-16,5.4423337584995305e-40,9.149727671693587e-25,0.9999999999999998,2.6290988728369124e-87,3.4421001867971354e-31,8.702693535504701e-49,3.001827267571837e-51
1.3506438374651659e-19,1.4550538778197027e-27,5.398877272498792e-17,1.96008390862738e-40,3.667970135510541e-25,1.0,9.468831978678396e-88,1.2398619347404988e-31,3.1343188991851097e-49,1.0811232061037887e-51
2.175923711690586e-19,5.566305805610701e-27,1.0288853112404322e-16,5.477186003427064e-40,9.450640372896057e-25,1.0,2.6459353998184966e-87,3.4640705739303988e-31,8.758424849392665e-49,3.0210507156919125e-51
2.6189437801088937e-19,1.6511146767256257e-27,1.8272216121834858e-16,3.6094681106061106e-40,6.023123692179341e-25,0.9999999999999998,1.7436726523420173e-87,2.2828042436219573e-31,5.771806026904748e-49,1.9908738190099485e-51
1.2352577981342657e-18,1.012209384932922e-25,6.736623798808133e-15,6.543277967792963e-38,8.160920093198124e-23,0.9999999999999933,3.1609462964633673e-85,4.1363150403649126e-29,1.0463184623511313e-46,3.609074912354025e-49
4.724041190957206e-19,3.186414299648831e-26,3.0844345107513185e-15,5.211053071729494e-39,8.02416475140091e-24,0.9999999999999969,2.517371106532335e-86,3.2955325390778935e-30,8.332858638953598e-48,2.8742598113216747e-50
2.467770339441039e-19,1.732237326056991e-27,5.12979322245042e-17,2.6463968473003526e-40,4.899310502573104e-25,1.0,1.2784293055675696e-87,1.6738713862467623e-31,4.231783965263434e-49,1.45967273759267e-51
4.624364174866242e-19,5.310972721155424e-27,3.647038752433418e-16,1.4221579590783656e-39,2.300377815118216e-24,0.9999999999999996,6.8702032124069e-87,8.994066755852068e-31,2.2741355869851565e-48,7.844194659179694e-51
1.7016432570527686e-19,1.2529038707020359e-27,5.486014083117743e-17,2.4176542645762958e-40,4.0524658489330806e-25,1.0,1.1679276546284733e-87,1.5290267538329526e-31,3.866007686088105e-49,1.3335052235718834e-51
3.761751310894261e-19,8.648649198022735e-26,3.7529955108122625e-16,6.44734656438806e-39,1.0614240509362687e-23,0.9999999999999996,3.114603466842294e-86,4.077590612451235e-30,1.0309783225194142e-47,3.5561620413128303e-50
2.7510688626316033e-19,1.6377238975730483e-27,8.799415706176736e-17,3.5973795287306487e-40,6.21807855804685e-25,1.0,1.7378328642495804e-87,2.2751388276235378e-31,5.75247549255316e-49,1.984206121832853e-51
4.325717626230495e-20,2.1616940140462393e-28,1.4399107150839102e-17,3.192375422851003e-41,5.647144570077769e-26,1.0,1.542182268920534e-88,2.0192538180608137e-32,5.104844021258535e-50,1.7608180636493813e-52
4.975816970918156e-19,3.349141554241092e-27,3.277148361397662e-16,1.2449275729053896e-39,1.9319575561180795e-24,0.9999999999999998,6.014033362069654e-87,7.872475826622519e-31,1.990731113353735e-48,6.866645268029555e-51
1.9897937613606986e-19,1.093155658305282e-26,2.959011727616038e-16,1.557039012107134e-39,2.4012479661570294e-24,0.9999999999999998,7.521790638636692e-87,9.846347963871556e-31,2.4898203503321767e-48,8.588157894443258e-51
2.8243267211905673e-19,1.0369775358054118e-25,2.106700663633193e-16,3.8757624083978753e-39,6.96852816788147e-24,0.9999999999999998,1.8723148990055597e-86,2.4514483462864954e-30,6.197630274141727e-48,2.1377537282389375e-50
7.258057960097985e-19,1.836257566926209e-26,1.5614247704636276e-14,5.0352272179465285e-39,7.96389430728253e-24,0.9999999999999845,2.432432626789518e-86,3.184448369777654e-30,8.051700114937893e-48,2.777279569463003e-50
3.052722064920691e-19,2.4942953552158852e-27,6.315063275036955e-17,4.062681391813162e-40,7.54067167606313e-25,1.0,1.962612279927141e-87,2.569645745072902e-31,6.4965275280024596e-49,2.240852604831677e-51
2.8991126887206315e-19,2.503868530496412e-27,6.005479205437772e-17,3.858252047789057e-40,7.170920358761215e-25,1.0,1.8638559408933376e-87,2.440351200355096e-31,6.169629912177055e-49,2.128095540264776e-51
2.7863137054255185e-19,6.102820904999062e-27,2.338225138859537e-16,1.3165027291351776e-39,2.0843361582134766e-24,0.9999999999999998,6.359800768292077e-87,8.325150035280196e-31,2.1051850733021248e-48,7.261432257198994e-51
3.068239704971177e-19,1.756722455185362e-26,2.2762907312291364e-16,2.542056908998061e-39,4.198732851444325e-24,0.9999999999999998,1.2280244565259707e-86,1.607750298652617e-30,4.0649367011896e-48,1.4021219730192376e-50
2.1393720392740312e-19,2.392625441767959e-26,9.141117031546547e-17,8.963531468815495e-40,1.680975545086124e-24,1.0,4.330129596537743e-87,5.669725580680442e-31,1.4333348675862735e-48,4.9440137947269735e-51
2.7750396412723687e-19,1.0986165051448958e-26,1.3714464798691239e-16,1.0311830510782071e-39,1.8684303932694692e-24,0.9999999999999998,4.981469931317745e-87,6.522303138498945e-31,1.6489378401282426e-48,5.687694908287461e-51
2.775227691189588e-19,4.433309005462306e-27,5.800666794717765e-17,4.352444550602715e-40,8.497636695106626e-25,1.0,2.1025919336088305e-87,2.7531729349135245e-31,6.959880215032987e-49,2.40067722978903e-51
2.056389013474706e-19,5.1279504990339855e-27,7.485473761966155e-17,4.7158933035634915e-40,8.664700482509128e-25,1.0,2.2781678447642326e-87,2.982890847979288e-31,7.541061608699559e-49,2.6011446078250447e-51
1.3913537169824417e-19,3.566928364047314e-27,5.700984867830325e-17,2.984060814362572e-40,5.568087800384964e-25,1.0,1.4415490247400007e-87,1.887557452799348e-31,4.771733580783665e-49,1.6459180043452674e-51
3.1031504522022794e-19,1.0329848356356843e-25,2.1028951660861686e-16,3.965354623896682e-39,7.421110930197376e-24,0.9999999999999998,1.9155953743604705e-86,2.508279646427943e-30,6.340894841699944e-48,2.1871700938295e-50
2.3397513558511255e-19,5.175196607932494e-27,8.944127829017826e-17,5.340113279896206e-40,9.711857210945772e-25,1.0,2.5797178982698964e-87,3.3776499629079534e-31,8.539235442475267e-49,2.945445532565199e-51
1.8666340216572094e-19,9.313815943295253e-27,7.107066322160231e-17,5.671848078636901e-40,1.0579564854542955e-24,1.0,2.7399733372734053e-87,3.5876324970055857e-31,9.06970388071263e-49,3.128420449008089e-51
1.877732671882749e-19,9.109265171711679e-27,9.05492948660766e-17,6.295364439527892e-40,1.1169757142695033e-24,1.0,3.041183486330429e-87,3.98171376898134e-31,1.0066752582117532e-48,3.472333280910488e-51
2.0527146531043844e-19,2.2773413080314733e-27,1.0063324825689679e-16,4.339129200927453e-40,7.066392377019249e-25,1.0,2.0961595151762142e-87,2.744112445397883e-31,6.938587989438294e-49,2.393332884832302e-51
4.085967871573234e-19,2.9996248528863903e-27,2.310422142730597e-16,9.554405162062307e-40,1.5664972052321269e-24,0.9999999999999998,4.615570627989463e-87,6.042241262715741e-31,1.5278199341179257e-48,5.2699219149381536e-51
2.5767548784821483e-19,2.928352948881511e-27,1.4194015300007684e-16,6.060785238189555e-40,9.903905487619718e-25,0.9999999999999998,2.927862264032258e-87,3.8328285715472937e-31,9.69164311821757e-49,3.342946463775628e-51
2.6982390882193657e-19,7.681357973224696e-27,1.0761167922870761e-16,7.279853435444466e-40,1.3431268058275858e-24,1.0,3.516773375415343e-87,4.604684851132103e-31,1.1641023179565586e-48,4.015347738064045e-51
2.2350686579164872e-19,8.80969148719614e-27,9.877801511599098e-17,8.126466352273597e-40,1.5084614062233804e-24,1.0,3.925757675939609e-87,5.1402049608513645e-31,1.2994819746544859e-48,4.482313905828512e-51
2.716088154922601e-19,1.5588012083126393e-26,1.4605920318121657e-16,1.3096306298658485e-39,2.24298300050559e-24,0.9999999999999998,6.326602825620253e-87,8.283279309766715e-31,2.094196079161695e-48,7.223527828967266e-51
6.19362595316673e-19,2.8858077851298376e-26,3.1097491977085155e-15,4.636689650406693e-39,7.632671697744255e-24,0.9999999999999969,2.2399059061738117e-86,2.9324869935823062e-30,7.414409116027016e-48,2.5574582589556503e-50
4.8070264203057175e-19,1.0711940368969861e-26,2.9297022847597274e-15,2.9435829243575876e-39,4.715366879773405e-24,0.9999999999999971,1.4219948445109082e-86,1.8616674047042106e-30,4.7070064456921356e-48,1.6235916201939682e-50
1.7103458132682668e-140,2.4772741453056149e-29,1.4269351553749473e-48,6.4134334584781674e-27,1.0,2.3265233422171852e-154,8.4704347234774e-20,1.5897222404473125e-26,3.131502606187151e-153,2.5902752996148906e-24
4.236203380027391e-19,5.458085337347929e-26,2.5037602146573e-16,5.5457860775882353e-39,1.0785377880648034e-23,0.9999999999999998,2.6790749289214364e-86,3.5082505492083934e-30,8.868121433524035e-48,3.058888449039822e-50
5.592229458557644e-120,1.8452113250331632e-09,4.66557625331392e-28,5.442376629471006e-06,1.510187816776963e-05,7.60691333263623e-134,0.9833096752777027,2.8858392025662016e-07,1.0238912498289643e-132,0.01666949003836855
2.449392760981088e-19,1.9302571269157776e-27,8.634250329976285e-17,3.469326647047078e-40,5.9711478577628765e-25,1.0,1.6759726952544378e-87,2.1942098690390794e-31,5.547709479992213e-49,1.9135760120318287e-51
1.4967639158628309e-19,2.8091819769988014e-27,3.593844476603145e-17,2.3361850237108147e-40,4.399630694278486e-25,1.0,1.1285712499247556e-87,1.477727728690865e-31,3.7357323539830815e-49,1.2885692456922335e-51
2.422716546732647e-19,1.1604631458566534e-26,1.408756300661038e-16,9.648911223054224e-40,1.751894023652562e-24,0.9999999999999998,4.66122489842395e-87,6.1032418586624984e-31,1.5429321510178138e-48,5.3220486094825315e-51
2.7361751011252486e-19,2.235949771267458e-27,2.613053531539376e-16,7.330709329057578e-40,1.1528168320534576e-24,0.9999999999999998,3.5413409923895094e-87,4.635847605021395e-31,1.1722345507769725e-48,4.0433983158853105e-51
2.5142188089220464e-19,3.809546443641959e-27,6.443856245411494e-17,4.816740305209898e-40,9.176032567895404e-25,1.0,2.326885315594894e-87,3.0467575907110493e-31,7.70232340940418e-49,2.6567687739062598e-51
1.7840472919995397e-19,2.057211849899197e-27,3.477052266214137e-17,2.170783228170766e-40,4.182211884016119e-25,1.0,1.0486684556552516e-87,1.3731257300697359e-31,3.471242669573575e-49,1.1973386004428344e-51
2.929954776098752e-19,6.473170032621446e-27,2.261707182905778e-16,8.997836474210942e-40,1.6239555626506006e-24,0.9999999999999998,4.346701759974865e-87,5.6916831974104175e-31,1.4388204908569963e-48,4.962935400377557e-51
2.692701359570108e-19,1.6266153636389327e-26,2.416522565378841e-16,1.923549586440578e-39,3.0228145701691057e-24,0.9999999999999998,9.292340887411274e-87,1.216366545127757e-30,3.075897822105302e-48,1.0609719757441073e-50
1.3774616377819897e-19,2.477199009213048e-27,4.2633727464091646e-17,2.3882493600231996e-40,4.221204790881545e-25,1.0,1.1537226453658402e-87,1.5105476717910092e-31,3.8189870724630585e-49,1.3172863644862714e-51
2.671178240473303e-19,1.4258864615540205e-26,4.1861282201788055e-16,2.8765970449986978e-39,3.980682059340702e-24,0.9999999999999996,1.3896351063072986e-86,1.818838188324203e-30,4.5998910810531625e-48,1.5866442290118838e-50
7.129906649258635e-19,1.684767706184002e-26,4.855927435741264e-14,7.304965439516608e-39,1.0218353064152051e-23,0.9999999999999514,3.528904557259302e-86,4.6191257716351525e-30,1.1681179127571687e-47,4.029198762391546e-50
4.085162610313534e-19,4.480214716794792e-26,2.9156279698258533e-16,7.272340390723105e-39,1.1220897630064725e-23,0.9999999999999998,3.513143952560719e-86,4.599468344919793e-30,1.162900927048788e-47,4.01120377048522e-50
7.0858909598016794e-12,1.4540407550700525e-81,1.0278562122851223e-123,2.3531252616090195e-85,1.9452411025536692e-105,9.361292497440629e-107,1.1877663585747306e-80,6.428000528130926e-89,0.9999999999929141,5.1100507176148464e-92
1.5645085531699905e-19,2.3325702863275608e-27,5.1213859916158254e-17,2.638922530701306e-40,4.695706902599593e-25,1.0,1.2748185904523987e-87,1.6690440897561914e-31,4.2198319814807e-49,1.455550129956975e-51
4.174622138810051e-19,2.7193036475703875e-27,2.1491969584673687e-16,8.722060565008714e-40,1.4189558017216607e-24,0.9999999999999998,4.213479109955047e-87,5.515709952741594e-31,1.3947218870709626e-48,4.8108257221834654e-51
3.0889297874112887e-19,3.1434785438135087e-26,1.4441513271150051e-16,2.069242834907056e-39,4.075626115102586e-24,0.9999999999999998,9.99616018790382e-87,1.3089633694631003e-30,3.3088720833566894e-48,1.1413319800592784e-50
9.580999525916268e-19,6.548238979586803e-26,2.2448123220712176e-14,3.405891795445166e-38,4.57479582944766e-23,0.9999999999999776,1.6453283977469723e-85,2.1532303673702839e-29,5.446272469465513e-47,1.8785872602568783e-49
1.3388243841922048e-19,2.3967812839558426e-27,8.482199059421437e-17,3.2370328948902095e-40,5.457778826236357e-25,1.0,1.5637555344508424e-87,2.0472887846860072e-31,5.176254617647655e-49,1.7854497796295294e-51
4.1621865651764253e-19,2.4565977159212217e-25,3.969002927172023e-16,1.042935463276276e-38,1.9062040707614463e-23,0.9999999999999996,5.038243835554924e-86,6.597248790969632e-30,1.667730814955775e-47,5.752517671549224e-50
4.2155846510037507e-19,1.4776836410937363e-25,3.0509770233582053e-16,9.332100360062392e-39,1.8217136492585467e-23,0.9999999999999998,4.5081789598234735e-86,5.9033703951682595e-30,1.4922717550071553e-47,5.147305287187351e-50
4.057949818173333e-19,2.7817830195106757e-27,1.6022691352701062e-16,6.721253134699849e-40,1.1430952959031067e-24,0.9999999999999998,3.24692307093661e-87,4.2507224877154e-31,1.0747780051813927e-48,3.7072406484007526e-51
2.4247335166069453e-19,8.589055000531258e-28,1.0176118153602428e-16,2.222493159184444e-40,3.763943310880284e-25,1.0,1.073648643739638e-87,1.4056542173443986e-31,3.553930667199374e-49,1.2258602397449994e-51
9.8585976876209e-19,1.3259262805445814e-26,3.621342525833165e-16,2.7054359532377886e-39,4.621586671764297e-24,0.9999999999999996,1.3069500936093852e-86,1.7109997112302367e-30,4.326191855466208e-48,1.4922369291189388e-50
2.718848225336191e-19,1.5504819233586348e-26,2.626375144094418e-16,2.3192093545655154e-39,3.5395267696201635e-24,0.9999999999999998,1.1203705931941111e-86,1.4664812227763227e-30,3.7085870065585205e-48,1.2792059785894324e-50
2.776989180994586e-19,9.84752872075226e-27,7.284164976883506e-17,6.724702430385708e-40,1.3351962775807593e-24,1.0,3.248589366600046e-87,4.253858961136883e-31,1.0753295728933658e-48,3.7091431754643083e-51
1.8109461609929208e-19,6.249643603660453e-27,1.1840690068564477e-16,7.72617600269451e-40,1.3127160612866462e-24,0.9999999999999998,3.7323842161963733e-87,4.886358688116467e-31,1.2354725919935708e-48,4.2615258136501487e-51
8.90987638686084e-19,2.0778810426349616e-25,1.8103493223371464e-15,4.733800375391529e-38,6.925109946340644e-23,0.9999999999999982,2.2868184471374214e-85,2.9935668042180527e-29,7.569696340550103e-47,2.6110216095434085e-49
2.1108641773475156e-19,1.1888219469327014e-27,3.005223801792082e-17,1.6839981806095807e-40,3.2089685857930486e-25,1.0,8.135108786497375e-88,1.065179585427056e-31,2.692837434846625e-49,9.288426400495392e-52
4.47741501565769e-19,1.7266967103912528e-27,1.432261547306506e-16,6.260190219738564e-40,1.0212564123630678e-24,0.9999999999999998,3.0241914186195536e-87,3.958904535931766e-31,1.0010506406155829e-48,3.4529322409899574e-51
3.4018859606202055e-19,5.6876907880313654e-27,1.990541298121958e-16,9.648494112978933e-40,1.8137831103294793e-24,0.9999999999999998,4.661023397390173e-87,6.103280582404058e-31,1.5428654512902387e-48,5.32181854156691e-51
2.542292232762899e-19,7.054853149207991e-27,1.33242768715914e-16,8.30875622707739e-40,1.4011854643738721e-24,0.9999999999999998,4.0138188140507335e-87,5.25461841596814e-31,1.3286314716660595e-48,4.5828595065765534e-51
1.9601069735822587e-19,2.6116898590732857e-27,8.770877765984846e-17,3.3298715256265078e-40,6.1650798897837985e-25,1.0,1.6086042975591068e-87,2.106329241732666e-31,5.3247104421153645e-49,1.8366567697531028e-51
5.32931529993107e-19,1.2659642154257819e-26,1.1454314109020365e-15,1.3105440718811077e-38,1.041260632945828e-23,0.9999999999999989,6.331015511134664e-86,8.281916215898141e-30,2.0956567412132056e-47,7.228566102665236e-50
2.1749090110089905e-19,6.719090337321754e-27,1.394441747323668e-16,8.269069329207219e-40,1.3770969006618446e-24,0.9999999999999998,3.9946467491631263e-87,5.229576847943813e-31,1.3222852438051183e-48,4.560969410410951e-51
1.915367317811362e-19,1.0889603099045666e-27,1.0352982321568083e-16,2.364560244718323e-40,3.8080848217645833e-25,1.0,1.1422788365809036e-87,1.4954377334446232e-31,3.781106427590749e-49,1.3042201623702466e-51
1.0139356786623959e-19,6.043675446634525e-28,3.3153722887565146e-17,9.596487480719615e-41,1.6362087229292573e-25,1.0,4.63589987984256e-88,6.069615882304126e-32,1.5345492074254662e-49,5.293133252926407e-52
2.0024071204532163e-19,3.325555297282089e-27,3.8309953762384644e-17,2.692513976199358e-40,5.270591107324096e-25,1.0,1.300707706126222e-87,1.7031752828906372e-31,4.305528659510696e-49,1.485109555875083e-51
2.0427211003621206e-19,1.2219866608512101e-26,1.3275574760227186e-16,1.0147241786818872e-39,1.701886418635514e-24,0.9999999999999998,4.901959918495631e-87,6.417292851891411e-31,1.622618887967714e-48,5.596912729267749e-51
5.088070959676786e-19,7.215485899041507e-27,4.812226277354392e-16,2.0281944407182236e-39,3.6064691109405604e-24,0.9999999999999996,9.797862373543395e-87,1.2828622751277598e-30,3.2432326688372666e-48,1.1186909226081106e-50
3.1174606858480867e-19,4.169220567817049e-26,1.3877158300531646e-16,1.9860279634021522e-39,3.867512580792929e-24,0.9999999999999998,9.594163297099356e-87,1.2562885228129701e-30,3.1758053592771096e-48,1.0954331650408143e-50
3.993933019604419e-19,3.5052612261838815e-27,4.658387505094517e-16,1.6721320731640093e-39,2.463586461708921e-24,0.9999999999999996,8.077785640960373e-87,1.057325311957934e-30,2.673862653286782e-48,9.222976529775891e-51
1.2176935634158449e-19,4.389443104792096e-28,3.0589795137912806e-17,8.289584337195278e-41,1.4317649051869086e-25,1.0,4.004557199518074e-88,5.242885270746482e-32,1.32556574470703e-49,4.57228486926142e-52
4.830600990213911e-19,1.1331022850002842e-26,3.5250631785878648e-15,2.2089046252768498e-39,3.507583978359097e-24,0.9999999999999964,1.0670842541034801e-86,1.3969884755608869e-30,3.532201598023943e-48,1.2183652139746217e-50
2.3606790257936685e-19,2.1530270323588017e-27,1.7449376963547015e-16,4.231110560205492e-40,6.941424561673908e-25,0.9999999999999998,2.0439775467492747e-87,2.675903969758978e-31,6.7658582058632696e-49,2.3337530579501978e-51
2.290527654298059e-19,1.4916032098144749e-27,1.7050330790838151e-16,3.992846201391452e-40,6.54794436389389e-25,0.9999999999999998,1.9288760873094833e-87,2.525161592776267e-31,6.384855902243456e-49,2.2023336187448342e-51
2.1176675142084426e-19,2.3460005399759875e-27,8.185436064500094e-17,3.4266684706498508e-40,6.189375956067754e-25,1.0,1.655365255249377e-87,2.167567183843714e-31,5.479495904315332e-49,1.8900470470464633e-51
2.7944061038342883e-19,7.21811498996266e-27,5.615944544103952e-16,1.2112175235601446e-39,1.9844622761706883e-24,0.9999999999999993,5.851185845480868e-87,7.660424454362008e-31,1.9368262547499662e-48,6.68071079412934e-51
8.075867541299402e-19,2.583734810505153e-26,1.253630902666602e-13,1.177432610483177e-38,1.6193215103153122e-23,0.9999999999998745,5.687976677796231e-86,7.444677276632493e-30,1.8828016844479387e-47,6.494363397713322e-50
1.928186785776381e-19,1.5546146096856474e-27,5.2919034741548386e-17,2.431353368434138e-40,4.374383635002777e-25,1.0,1.1745454586048937e-87,1.5378124838211974e-31,3.887913564364449e-49,1.3410612362548258e-51
2.946647977198655e-19,1.9559118922751763e-27,1.1763364516155032e-16,4.2358704005917495e-40,7.564134592272625e-25,0.9999999999999998,2.0462769443248053e-87,2.679220366176396e-31,6.773469540919121e-49,2.336378442036178e-51
3.366613137690616e-19,2.920386293972335e-27,3.89880602790721e-16,9.555757040108398e-40,1.5052096148025779e-24,0.9999999999999996,4.616223696522268e-87,6.042924872420793e-31,1.528036109148175e-48,5.2706675692570586e-51
2.4680072935007107e-19,2.2278705107193995e-27,1.419778437667914e-16,5.185308594422613e-40,8.659213243893593e-25,0.9999999999999998,2.5049343872768047e-87,3.2794256378558065e-31,8.29169131836034e-49,2.860059933422026e-51
2.590075487670142e-19,1.2293206508701761e-27,7.50165454158158e-17,2.9522830274312024e-40,4.961717601389997e-25,1.0,1.4261977165650603e-87,1.867248980462607e-31,4.720918553705621e-49,1.6283903350938214e-51
3.694355576329695e-19,7.717459773738928e-27,6.128713855209253e-16,2.9937910512541627e-39,4.374242490041202e-24,0.9999999999999993,1.4462495371750556e-86,1.893024037519989e-30,4.7872929496627694e-48,1.6512849103011028e-50
2.5302481121351447e-19,1.0903467493196537e-27,1.0949856465305334e-16,2.9865845687760597e-40,4.79694192675119e-25,1.0,1.4427682078225605e-87,1.8888296285125718e-31,4.775769251272011e-49,1.6473100314992107e-51
4.1626066349690816e-19,2.633512345185432e-27,1.2538201967317075e-16,6.0202907273430025e-40,1.0244505020595864e-24,0.9999999999999998,2.9083000543116775e-87,3.8075255509355062e-31,9.626889404375006e-49,3.320610911788633e-51
5.174406625256508e-19,6.071015451600214e-26,2.9088029209426626e-16,6.944362288922213e-39,1.3750146746468223e-23,0.9999999999999998,3.354703308419877e-86,4.392865744768133e-30,1.1104548062972342e-47,3.8303009330957626e-50
3.8877669659203405e-19,2.3067839481546236e-27,1.7724610164367308e-16,6.443147409508365e-40,1.048062638994935e-24,0.9999999999999998,3.112574925594208e-87,4.074736334092344e-31,1.0303068463346033e-48,3.553845912963755e-51
1.6091069961002086e-19,1.5792221405407102e-27,5.420392399408622e-17,1.9804882691166493e-40,3.5904616077048674e-25,1.0,9.567401974742826e-88,1.2526839203515919e-31,3.1669469785788468e-49,1.0923776364718401e-51
2.661492467036666e-19,8.434469460158563e-27,1.1056230523657876e-16,7.3134994321066335e-40,1.3347526863855833e-24,1.0,3.533027184190401e-87,4.625887827225113e-31,1.1694825612792983e-48,4.0339058557852776e-51
3.1113590106265847e-19,1.7092319315862855e-26,3.060133645076647e-16,2.2714773588864122e-39,3.5113204065759706e-24,0.9999999999999998,1.0973120780009134e-86,1.4363659532919646e-30,3.6322600212239377e-48,1.2528784485099072e-50
4.608061024546249e-19,6.674002387560338e-27,1.829717155689385e-15,1.3552235371722725e-39,2.276767541722341e-24,0.9999999999999982,6.546854403045283e-87,8.57170033270494e-31,2.1671025034390142e-48,7.475004560280433e-51
1.977097382866387e-19,2.170721973050224e-27,8.409158526156478e-17,3.087162922074333e-40,5.393645015136366e-25,1.0,1.4913558995195508e-87,1.9525486848541372e-31,4.936601464470936e-49,1.7027860196072649e-51
1.3407205173686464e-19,7.497496313623883e-28,5.138359945299594e-17,1.2493434123471758e-40,2.2126970675483973e-25,1.0,6.035365529263319e-88,7.902090803201252e-32,1.9977923659919775e-49,6.891001705065811e-52
2.36693386093667e-19,1.7044164385845322e-27,6.999242211466578e-17,2.7193436038390514e-40,4.699538552493736e-25,1.0,1.3136686431037882e-87,1.7198547836268477e-31,4.348431215825383e-49,1.4999079700520886e-51
3.837320406423375e-19,2.4469840242366655e-27,1.4671131422493943e-16,5.863097057821866e-40,9.856588394442374e-25,0.9999999999999998,2.832362466206643e-87,3.7079289929953958e-31,9.375525119854791e-49,3.233907621561529e-51
3.673753095473721e-19,2.3255062945003203e-27,6.206264695571343e-16,6.793055715578326e-40,1.1387696250565725e-24,0.9999999999999993,3.2816096754634073e-87,4.296464124693315e-31,1.086259767699343e-48,3.746844786671774e-51
3.285489633110121e-19,2.1711188789701962e-27,5.981348170179734e-16,4.795085032949435e-40,8.035438077795406e-25,0.9999999999999993,2.316424021537823e-87,3.032781602056957e-31,7.667695028884042e-49,2.64482437802254e-51
2.8655194164897464e-19,3.160697023686704e-27,3.4673146529688543e-16,9.219742354489014e-40,1.508037490328628e-24,0.9999999999999996,4.453900716766349e-87,5.831245403679545e-31,1.474304879744761e-48,5.085331995985504e-51
3.3595323053481314e-19,1.2583656724296295e-26,8.429207145496503e-16,4.563420609415259e-39,6.0198248457196295e-24,0.9999999999999991,2.2045108801243623e-86,2.8851841434327338e-30,7.297246514238496e-48,2.5170452659604485e-50
3.567835856324529e-19,1.53900200043968e-26,3.203508592603302e-16,1.797235850194038e-39,3.214775446039099e-24,0.9999999999999998,8.682140708083001e-87,1.1368237843872283e-30,2.873912829797999e-48,9.913011255562503e-51
2.6030956158226114e-19,2.585936686182757e-26,1.5750282082530365e-16,1.4484542511192156e-39,2.5543597613351884e-24,0.9999999999999998,6.997236127709553e-87,9.16116973678299e-31,2.3161852999964924e-48,7.989237081499542e-51
3.601990617817092e-19,3.8751253667577984e-27,2.661172826565431e-16,1.1884026724018623e-39,1.819507830687797e-24,0.9999999999999998,5.7409711822420035e-87,7.515127623942242e-31,1.9003436238709655e-48,6.554870954169394e-51
3.485530004585852e-19,2.749457970526895e-27,6.119579593552122e-17,3.413431534850959e-40,6.309399871545519e-25,1.0,1.6489707169753856e-87,2.1589927317042455e-31,5.4583290674703396e-49,1.8827459525335418e-51
2.912578853667179e-19,2.0179811713890152e-27,1.4240897382586258e-16,5.47912702433805e-40,8.902908481954242e-25,0.9999999999999998,2.6468730739791257e-87,3.4650158901822187e-31,8.761528685060627e-49,3.022121324291898e-51
2.942118905773528e-19,1.4887119948081826e-27,5.961364561294606e-17,2.6239569793964987e-40,4.692467105164285e-25,1.0,1.2675889870938647e-87,1.6595895503017956e-31,4.195900959691212e-49,1.447295582849753e-51
7.771596231543378e-19,1.7702945402380772e-26,1.454645123520041e-13,7.479164369427083e-39,1.0467676969944762e-23,0.9999999999998546,3.613057097280112e-86,4.729200346245216e-30,1.1959736078613337e-47,4.125281641540673e-50
7.06608060892679e-19,1.8359601119403805e-26,2.864140612489533e-14,5.692805125447328e-39,8.800903468999496e-24,0.9999999999999714,2.7500973293977724e-86,3.600117415501614e-30,9.103215743496211e-48,3.13997972352971e-50
4.1018061100032044e-19,3.0325722915417036e-27,1.949374923167987e-16,7.242118185126538e-40,1.1911026173497357e-24,0.9999999999999998,3.498544117747232e-87,4.580326070982124e-31,1.1580681727782816e-48,3.994534111273097e-51
3.6316809001876096e-19,2.3742003789424093e-27,1.492187482538916e-16,5.444256772023411e-40,9.034864146833316e-25,0.9999999999999998,2.6300278479199836e-87,3.443289495684652e-31,8.70576857598097e-49,3.002887943822574e-51
2.324264444501446e-19,3.380312981181704e-27,2.75932489551206e-16,3.848616168481374e-40,6.848354740589296e-25,0.9999999999999998,1.8592010111479513e-87,2.4343572926575616e-31,6.154221428513796e-49,2.122780679274685e-51
2.89574732933361e-19,3.0805618967284316e-27,3.372709558246809e-16,4.256729657787348e-40,7.490977403417928e-25,0.9999999999999996,2.056353696347794e-87,2.6924526265681357e-31,6.806825032250408e-49,2.347883779208427e-51
5.450216425541326e-19,6.758430471111213e-27,2.1508161467884652e-15,1.861309688270733e-39,3.0512356894226175e-24,0.9999999999999978,8.991670520136673e-87,1.1772344199465542e-30,2.9763716274499205e-48,1.0266423232399457e-50
5.096056637573065e-19,1.389687132003589e-26,1.233026861614809e-16,1.0602498557073913e-39,2.0115379699371424e-24,0.9999999999999998,5.121886720023639e-87,6.706505772202802e-31,1.695417806780414e-48,5.848018641075572e-51
4.528655965972718e-19,3.1143123686556158e-27,2.2528678377916004e-16,1.0773358227179768e-39,1.795405075336231e-24,0.9999999999999998,5.204426120807005e-87,6.8131797368368286e-31,1.7227395297115404e-48,5.942259685594827e-51
1.0202072351459725e-18,1.0038221577020101e-25,9.374997882592061e-15,3.1490952351801616e-38,4.5555491792724973e-23,0.9999999999999907,1.521274346960321e-85,1.9911323580733355e-29,5.035635807247545e-47,1.736946017262358e-49
4.895579677697331e-19,5.28967167456789e-27,4.85333843199463e-16,4.241967676040864e-39,4.414006084148456e-24,0.9999999999999996,2.049222435615486e-86,2.6814349415730987e-30,6.783219538639008e-48,2.3397415168007345e-50
4.412667775268928e-19,3.4410498057497246e-27,3.172111092969893e-16,1.4065010095912734e-39,2.1399525507125133e-24,0.9999999999999998,6.794567153867149e-87,8.894181767912703e-31,2.249098969135052e-48,7.757835646484484e-51
4.056993762739564e-143,1.1254617190476959e-32,3.384734818117137e-51,1.0,1.753249271086548e-28,5.518586133296e-157,1.9957545031790397e-24,3.0442123504563255e-30,7.428022124383844e-156,1.33308073822831e-26
5.468519394352841e-19,1.136631264440857e-26,7.565048839706256e-15,5.101913165128131e-39,7.263553234432167e-24,0.9999999999999925,2.464647473907746e-86,3.226058768097863e-30,8.15833586937158e-48,2.8140615282927996e-50
2.4932188571908917e-19,1.3565284793313136e-27,9.08672795721184e-17,3.1392476275757496e-40,5.571043400356317e-25,1.0,1.5165171347390478e-87,1.985564453117397e-31,5.0198887540254174e-49,1.7315143731690213e-51
2.4062550694168777e-19,1.913444971430675e-27,2.0321429368999462e-16,4.0476041019360754e-40,6.905024018337664e-25,0.9999999999999998,1.955328697283941e-87,2.559982467606571e-31,6.472417827049443e-49,2.2325364257750952e-51
9.877400852715712e-19,4.083372903260973e-26,3.7487079809761353e-16,4.682797914940486e-39,8.933226649277631e-24,0.9999999999999996,2.2621800251879998e-86,2.962004340837081e-30,7.48813963778761e-48,2.582890188697334e-50
2.7929099825950397e-19,2.851535361912351e-27,1.9304931009158303e-16,5.608501457677935e-40,8.932134420603155e-25,0.9999999999999998,2.709371662174474e-87,3.5469106023475065e-31,8.968407956541237e-49,3.0934803622375127e-51
4.46735683771472e-19,3.904512632855042e-27,1.9162759402345496e-15,1.6039664457206475e-39,2.231009819651646e-24,0.999999999999998,7.748489087946051e-87,1.0142627946789012e-30,2.5648607814702228e-48,8.846995473236478e-51
1.2545800799650593e-18,2.663211752729708e-26,5.92493214863478e-16,6.417083311414088e-39,1.0610719509896382e-23,0.9999999999999993,3.099983803043793e-86,4.058294387416606e-30,1.0261390045711623e-47,3.5394697419525853e-50
2.8556414082984745e-19,5.732231375254372e-27,1.2291990691407043e-16,7.330888652767869e-40,1.2717749208567558e-24,0.9999999999999998,3.5414276207533967e-87,4.636456260897643e-31,1.1722632260054338e-48,4.0434972255868625e-51
3.4778261776625263e-19,2.463451594214758e-27,1.1515127490210248e-16,5.417539315910483e-40,9.421376518204432e-25,0.9999999999999998,2.6171210991477634e-87,3.426315889536286e-31,8.663045390381784e-49,2.988151400134377e-51
4.852880865116906e-19,4.599978363161046e-27,1.1837548726539112e-15,1.6449318676416604e-39,2.6431664870656174e-24,0.9999999999999989,7.946386071679142e-87,1.0402926615575539e-30,2.630367515311107e-48,9.072948391203082e-51
5.854157200982131e-19,3.7851853835763985e-27,2.53048272008101e-16,1.4895138345183452e-39,2.2253566407149966e-24,0.9999999999999998,7.1955879926269885e-87,9.418429381702212e-31,2.3818426060186926e-48,8.215709369337236e-51
5.854157200982131e-19,3.7851853835763985e-27,2.53048272008101e-16,1.4895138345183452e-39,2.2253566407149966e-24,0.9999999999999998,7.1955879926269885e-87,9.418429381702212e-31,2.3818426060186926e-48,8.215709369337236e-51
9.455978834798785e-19,1.4534144973229422e-26,5.212262226892121e-16,7.109963681049571e-39,9.152601577354362e-24,0.9999999999999996,3.434702526358787e-86,4.495001310782884e-30,1.1369356923524233e-47,3.921641672036596e-50
9.455978834798785e-19,1.4534144973229422e-26,5.212262226892121e-16,7.109963681049571e-39,9.152601577354362e-24,0.9999999999999996,3.434702526358787e-86,4.495001310782884e-30,1.1369356923524233e-47,3.921641672036596e-50
1.7166478739202702e-19,5.490757577870696e-27,6.938070582146775e-17,4.382229488003787e-40,7.705263358668624e-25,1.0,2.116980530582268e-87,2.7715744910690423e-31,7.007508530255156e-49,2.4171057038883555e-51
5.32740176929182e-19,1.0785512492027584e-26,2.87285474820681e-15,2.5135037144888834e-39,4.148525620205132e-24,0.9999999999999971,1.2142308932438978e-86,1.5897443605999685e-30,4.019278032632483e-48,1.386372890774786e-50
3.8904836882301384e-19,1.3150672073768746e-26,1.0259743582707297e-15,1.5826618118790285e-39,2.754002817466578e-24,0.9999999999999989,7.64557002385377e-87,1.0010816940273486e-30,2.5307930983153053e-48,8.729485532420966e-51
2.987524541883631e-19,1.958218248416052e-27,6.883506040921863e-17,3.3175249443596596e-40,5.991662783437249e-25,1.0,1.6026398743702203e-87,2.09828097390026e-31,5.30496734775707e-49,1.829846767912275e-51
2.307214890302547e-19,2.95837939257029e-26,1.8248104091384787e-16,1.8361575580204176e-39,3.1572120263051014e-24,0.9999999999999998,8.87016485985424e-87,1.1613029730002094e-30,2.936151514964097e-48,1.0127691666246314e-50
3.171248356205698e-19,4.044562922537399e-26,2.103839107055612e-16,2.368008275759017e-39,4.296618461107944e-24,0.9999999999999998,1.1439445216554053e-86,1.4977954468815545e-30,3.786620083573725e-48,1.3061219922814328e-50
6.192098464455264e-19,6.469801515769327e-27,4.3472565907855584e-16,3.095023960760362e-39,4.598368767862531e-24,0.9999999999999996,1.4951534338951403e-86,1.956974295104679e-30,4.9491718467428426e-48,1.7071219319443638e-50
1.2331687755985284e-19,3.374724677270708e-28,2.899840871816286e-17,7.139237985591696e-41,1.2629865195545346e-25,1.0,3.4488444422481374e-88,4.5155573587317637e-32,1.1416168689054021e-49,3.937788492976257e-52
4.355009666919523e-19,2.3706960310009962e-27,1.510716532543054e-16,6.237891452905535e-40,1.0532109965323392e-24,0.9999999999999998,3.0134192637194848e-87,3.944998034405253e-31,9.97484903176765e-49,3.440632913397671e-51
1.2331687755985284e-19,3.374724677270708e-28,2.899840871816286e-17,7.139237985591696e-41,1.2629865195545346e-25,1.0,3.4488444422481374e-88,4.5155573587317637e-32,1.1416168689054021e-49,3.937788492976257e-52
3.127008179093814e-19,2.591044250700811e-27,4.873908874872179e-16,5.0159461114811405e-40,8.631868479004552e-25,0.9999999999999996,2.4231182519799327e-87,3.1726559640306207e-31,8.020868201308814e-49,2.766644692025462e-51
3.18934100798593e-19,5.445225675429735e-27,5.385264847851072e-16,1.5402086609178096e-39,2.4946017273973773e-24,0.9999999999999996,7.4404860729524785e-87,9.741314392741446e-31,2.462907375488659e-48,8.495326748087168e-51
5.07983544373603e-19,1.1006116178492857e-26,3.2654320482699222e-15,2.1758646066615532e-39,3.5870761434903796e-24,0.9999999999999967,1.0511231829590091e-86,1.3761572758215092e-30,3.479368168248333e-48,1.2001413354145024e-50
2.990941246075182e-19,1.663658159225098e-26,3.341283788402293e-16,3.111265196757886e-39,4.567449717745005e-24,0.9999999999999996,1.5029992991045679e-86,1.9671922015185863e-30,4.9751427834557897e-48,1.716080108590622e-50
3.9408717944476607e-19,1.7138028061054265e-25,6.155566974251957e-16,1.380470825001843e-38,2.3191358850817005e-23,0.9999999999999993,6.668819758325634e-86,8.731625482935494e-30,2.2074747815562043e-47,7.614260992574511e-50
3.888777625332948e-19,2.443498222491277e-27,1.5072698466234178e-16,7.492354197248203e-40,1.0767496206996972e-24,0.9999999999999998,3.619428879707237e-87,4.7377133766385875e-31,1.1980827590428653e-48,4.132556754101252e-51
4.463780575237181e-19,1.299124081553159e-26,1.3013007218707571e-15,1.8761564256257712e-39,3.2738399808313512e-24,0.9999999999999987,9.063392583062308e-87,1.186714456518418e-30,3.0001126567374615e-48,1.0348313360762856e-50
4.006853449544352e-19,2.497828958655866e-27,2.7007598638998946e-16,9.556480750693181e-40,1.5268443343102538e-24,0.9999999999999998,4.616573308918543e-87,6.043304088603717e-31,1.528151835855326e-48,5.2710667463420545e-51
2.5866040274885965e-19,8.876670050533602e-28,3.0427755296737585e-17,1.5122606206441442e-40,2.751724495043618e-25,1.0,7.305473844837103e-88,9.565133294114367e-32,2.418216395744151e-49,8.341173782597877e-52
2.87963215938037e-19,5.0568879425454906e-27,9.024063966728895e-17,6.400470266611346e-40,1.189768546825674e-24,1.0,3.0919583234319904e-87,4.048563269203455e-31,1.0234824559621098e-48,3.530306486898562e-51
2.993848757747607e-19,1.9675773915503082e-27,1.19962119788444e-16,4.862786177349574e-40,8.3071891288785e-25,0.9999999999999998,2.349129293155978e-87,3.0754198637158394e-31,7.775954158602471e-49,2.6821662890290236e-51
2.1534890807544304e-19,9.794610707202902e-27,1.460586115362207e-16,1.2554798408930648e-39,2.100908315929834e-24,0.9999999999999998,6.065009574041723e-87,7.939972182215097e-31,2.0076049690682286e-48,6.924848397883761e-51
1.1400580940706594e-18,4.110084483761901e-26,5.640502517849339e-16,7.61063266207324e-39,1.3717230974650307e-23,0.9999999999999993,3.676567193547922e-86,4.8135216942668616e-30,1.216996358665478e-47,4.1977955894612025e-50
1.2842432881605821e-18,5.033214124725909e-26,1.0817889578072086e-15,1.603877540866022e-38,2.565656408090188e-23,0.9999999999999989,7.748059605045869e-86,1.014279806653735e-29,2.5647186164883695e-47,8.846505102374414e-50
5.891596731918741e-19,2.1991873343558428e-26,3.5115028916677177e-15,3.6842605880415644e-39,6.270141056754366e-24,0.9999999999999964,1.779803625762187e-86,2.330290081548217e-30,5.891404719824084e-48,2.0321270949278475e-50
3.944200744258305e-19,1.7550098935444942e-27,5.3966533625862124e-17,2.7991416018698173e-40,5.136745772600594e-25,1.0,1.3522176985212266e-87,1.7704541195065934e-31,4.476034106248128e-49,1.543922140415465e-51
3.944200744258305e-19,1.7550098935444942e-27,5.3966533625862124e-17,2.7991416018698173e-40,5.136745772600594e-25,1.0,1.3522176985212266e-87,1.7704541195065934e-31,4.476034106248128e-49,1.543922140415465e-51
4.1310588357978136e-19,3.201068244808522e-27,6.818608730207993e-16,1.3563161319777348e-39,2.0988995123901067e-24,0.9999999999999993,6.552132543275282e-87,8.576994024693833e-31,2.1688496433975408e-48,7.481030984553853e-51
4.039328706130775e-19,2.9266246272623085e-27,6.122204849959786e-16,1.1761569366104867e-39,1.840831476533972e-24,0.9999999999999993,5.681814112896576e-87,7.43783252902723e-31,1.8807617872832026e-48,6.487327163532444e-51
8.531070618783645e-19,4.126196502772552e-26,4.53850076767121e-16,5.553239993427297e-39,1.0511549161772109e-23,0.9999999999999996,2.682675788032467e-86,3.512686316679259e-30,8.880040792520812e-48,3.0629998033817427e-50
3.3797310122881973e-19,3.817971399117155e-27,1.3730612007662878e-16,6.96935039906905e-40,1.1814065942114753e-24,0.9999999999999998,3.3667746396275667e-87,4.407524426319017e-31,1.114450589687181e-48,3.844083621738441e-51
1.8498294201370434e-19,7.581328416262415e-28,3.380461542651573e-17,1.326100543378093e-40,2.317804488796392e-25,1.0,6.406166175049939e-88,8.387016025654991e-32,2.120532686502663e-49,7.314370906146658e-52
2.2499333487232426e-19,7.874918170594581e-27,1.7518570698875717e-16,1.307109748048355e-39,2.08146144908346e-24,0.9999999999999998,6.314424874266929e-87,8.265787920537205e-31,2.0901650029776362e-48,7.209623404598424e-51
2.0711429615333238e-19,9.65794328804899e-27,1.2886695590599424e-16,8.855836111263197e-40,1.453350298786181e-24,0.9999999999999998,4.278103801612663e-87,5.600455091568901e-31,1.4161135848931105e-48,4.884612282126313e-51
2.489034795083378e-19,1.2859385393685925e-26,2.4937840845483646e-16,2.0772775072652088e-39,3.1303173497797568e-24,0.9999999999999998,1.0034974326855044e-86,1.3134940033532077e-30,3.3217201188424205e-48,1.145763663548815e-50
2.366873743458357e-19,1.4373125523875223e-26,2.2036558068681734e-16,1.7676296877661554e-39,2.740772569527481e-24,0.9999999999999998,8.539118376768688e-87,1.1177609249578435e-30,2.826570391254705e-48,9.749712591352234e-51
2.7310897394133215e-19,7.408233368249497e-27,2.152363461062681e-16,1.1857799931833915e-39,1.8604162258434474e-24,0.9999999999999998,5.728301465222508e-87,7.498674967319789e-31,1.8961497662134455e-48,6.540405046319948e-51
2.3271676118735605e-19,1.661689100390825e-26,2.0101031227284807e-16,1.838952049647216e-39,2.94774066916076e-24,0.9999999999999998,8.883664576069967e-87,1.1629333616964826e-30,2.940620114234757e-48,1.0143105242608747e-50
2.3271676118735605e-19,1.661689100390825e-26,2.0101031227284807e-16,1.838952049647216e-39,2.94774066916076e-24,0.9999999999999998,8.883664576069967e-87,1.1629333616964826e-30,2.940620114234757e-48,1.0143105242608747e-50
1.9746620947959176e-19,9.644756474423752e-27,2.1204579749772616e-16,1.1604711745946353e-39,1.8500658864767963e-24,0.9999999999999998,5.606038866078533e-87,7.3387608106818815e-31,1.855679096121623e-48,6.400809229781268e-51
4.141273058250977e-19,3.0206885994709796e-27,1.5270917439468794e-16,6.362321383776178e-40,1.0781431789613934e-24,0.9999999999999998,3.0735292472415835e-87,4.023906541956277e-31,1.0173821679933078e-48,3.5092647132337975e-51
6.672151694316719e-19,1.1330130434998861e-26,1.441252657063289e-16,1.1388968804005062e-39,2.183323951609867e-24,0.9999999999999998,5.501817119306547e-87,7.203896587337456e-31,1.821180206359306e-48,6.281811924443516e-51
1.1879034857660597e-18,3.097181317384928e-26,5.310863480480995e-16,6.388138484037088e-39,1.1509788330266138e-23,0.9999999999999996,3.0860010488489278e-86,4.040314241718346e-30,1.0215105128169169e-47,3.523504647124254e-50
4.429943798452979e-19,2.4121130040803296e-27,1.4793228539256224e-16,7.0366987690295446e-40,1.204513966344839e-24,0.9999999999999998,3.3993094914259727e-87,4.450233805533037e-31,1.125220091258611e-48,3.8812309524394293e-51
8.30187737055704e-19,1.5905377739045627e-26,2.1535795967732195e-16,1.75423015722892e-39,3.2735174368916905e-24,0.9999999999999998,8.474387520712755e-87,1.1095680290808407e-30,2.8051435514973314e-48,9.67580481604202e-51
6.5629138391791345e-19,8.654263684111621e-27,1.4296775774666524e-16,8.784320740843428e-40,1.6619082700389946e-24,0.9999999999999998,4.243555940888484e-87,5.556373118019628e-31,1.4046777485577517e-48,4.845166557422087e-51
1.4367707148741678e-19,7.392961646076719e-28,4.336752965895969e-17,1.2195948895743514e-40,2.159287385137293e-25,1.0,5.891655475923012e-88,7.71385689228381e-32,1.9502222816142024e-49,6.726917820203905e-52
5.2688204999761965e-19,8.669855181426038e-27,1.2430489118773499e-16,8.74037085609928e-40,1.600176981360459e-24,0.9999999999999998,4.2223244998323585e-87,5.5283120603528175e-31,1.3976498377121358e-48,4.820925126508022e-51
1.2686995067461594e-18,5.117045343213895e-26,9.291140068230446e-16,1.5258814183175942e-38,2.4960060049252754e-23,0.9999999999999991,7.371273603096127e-86,9.650128886207027e-30,2.4399970574282936e-47,8.416301998802404e-50
1.2072077869076083e-18,4.701199227379806e-26,6.305582926484591e-16,1.0135013702823732e-38,1.7949356507891588e-23,0.9999999999999993,4.896052738760042e-86,6.410219088405279e-30,1.6206635269339722e-47,5.590168086307399e-50
4.014613698531552e-19,2.5487463780307308e-27,1.973492593387037e-16,7.0908712474800635e-40,1.210273687112928e-24,0.9999999999999998,3.425479294086353e-87,4.484665987985518e-31,1.1338826704711053e-48,3.9111108584500144e-51
2.391963260719613e-19,2.7605818657575378e-27,4.274490671233799e-17,2.7519666395674063e-40,5.262284907568449e-25,1.0,1.3294282766182565e-87,1.7407375191403397e-31,4.400597858215784e-49,1.5179018530891393e-51
8.736519300445521e-20,5.588056208193659e-28,4.477601451539271e-17,1.0802787214781468e-40,1.8337936861226432e-25,1.0,5.218642763520887e-88,6.832381432699587e-32,1.7274454419124273e-49,5.958491827410707e-52
8.727621820774277e-19,1.4800815712192626e-26,4.643006209980872e-16,9.366184019792065e-39,1.233219894682147e-23,0.9999999999999996,4.5246441983437214e-86,5.921325684587687e-30,1.4977219846000703e-47,5.166104809132992e-50
2.108915887322304e-19,3.2771412113898994e-27,1.2444127253028573e-16,4.628802042902379e-40,7.560661534525748e-25,0.9999999999999998,2.236095538105034e-87,2.9273864212536555e-31,7.40179625243205e-49,2.5531076934875662e-51
3.322873659006422e-19,1.8916048885877866e-27,1.3000667295901494e-16,4.3039842742155186e-40,7.476606650832467e-25,0.9999999999999998,2.0791815982717966e-87,2.7221747501965076e-31,6.882388654670333e-49,2.373948001883698e-51
6.896559662274777e-19,8.409585151321082e-27,1.2204750445082157e-14,3.760031933759346e-39,5.316966640961815e-24,0.9999999999999878,1.8164074743896357e-86,2.3776497159252202e-30,6.012568697385356e-48,2.0739202857595735e-50
3.3305413051005272e-19,1.624178172524055e-27,7.925751014390874e-17,4.090072853373388e-40,7.284201991736415e-25,1.0,1.975844629175716e-87,2.5868107092693983e-31,6.540328497777653e-49,2.2559609095054934e-51
2.0776861580245733e-19,5.465208550716699e-27,1.742917311519224e-16,6.999602834076619e-40,1.2216255435419439e-24,0.9999999999999998,3.381389075852898e-87,4.427260566302019e-31,1.1192881772333515e-48,3.860769952410385e-51
1.5689770779299015e-19,2.5874094641516636e-27,1.0140561166058066e-16,3.728914667250222e-40,6.303310093429494e-25,1.0,1.8013752524213888e-87,2.3583403033682446e-31,5.962809891340813e-49,2.05675693969348e-51
8.507050618928197e-19,2.1496431398877674e-25,2.387219248438115e-15,7.861317324322519e-38,1.0770249294907032e-22,0.9999999999999976,3.7976686925223856e-85,4.970499792731119e-29,1.257082687967491e-46,4.336065696196714e-49
2.428437186665912e-19,1.6070022684044298e-27,5.3357975737382586e-17,2.83638353181235e-40,4.805245129081213e-25,1.0,1.3702086416655274e-87,1.793948597536661e-31,4.535586702849642e-49,1.5644636667376084e-51
2.4005807711083534e-19,5.114713608366286e-27,8.565670255111985e-17,5.150320018707689e-40,9.44536467416798e-25,1.0,2.488032001909704e-87,3.257672834905252e-31,8.235742003793797e-49,2.8407612901468797e-51
1.921988257049937e-19,1.068033841819949e-26,2.7861210272031546e-16,1.119706282061775e-39,1.761223517698991e-24,0.9999999999999998,5.4091106033294956e-87,7.0810952296741695e-31,1.7904930227899e-48,6.175962368758602e-51
2.0487757813016963e-19,6.975367120177254e-27,2.2921114416530314e-16,9.656892088991119e-40,1.5753918333759233e-24,0.9999999999999998,4.6650803183740065e-87,6.107362569409507e-31,1.5442083501974814e-48,5.326450613855053e-51
5.25293584095823e-19,1.1953712708528623e-26,7.961824626938874e-16,2.8247267215773184e-38,1.3983965427595703e-23,0.9999999999999991,1.3645774368932514e-85,1.7833630194109688e-29,4.516946609136399e-47,1.5580341238210808e-49
7.605605098165255e-19,4.8630968273351055e-26,1.0592008145656407e-14,1.0748738550621916e-38,1.6441198131132147e-23,0.9999999999999893,5.192532773108736e-86,6.797168257825328e-30,1.7188026613961513e-47,5.928680213254613e-50
2.6789107226237876e-19,2.2033732261878264e-26,1.1803841315308582e-16,1.3101985595044106e-39,2.344834818723286e-24,0.9999999999999998,6.329346395533958e-87,8.286860916050217e-31,2.0951042400680376e-48,7.22666035588078e-51
4.212549262038988e-19,4.379020343744486e-27,1.069070828357485e-15,7.861307856561125e-40,1.3048526401836147e-24,0.9999999999999989,3.7976641152268875e-87,4.972139936910643e-31,1.257081172830196e-48,4.336060469976209e-51
6.783987734228118e-19,7.213099039887294e-27,1.5848191301449658e-16,9.9865140784443e-40,1.8117231781923316e-24,0.9999999999999998,4.824315095228304e-87,6.316213599998285e-31,1.596917340243687e-48,5.508260168469166e-51
2.4363176081912245e-19,1.0001198295590757e-26,2.9254743724868303e-16,1.8020530931064513e-39,2.7432224978751155e-24,0.9999999999999998,8.705411991685044e-87,1.1395097165009736e-30,2.881615957721268e-48,9.939581718312973e-51
2.3198590906914524e-19,3.1500689709672467e-27,1.713512833032863e-16,6.5711336507821124e-40,1.019988061970387e-24,0.9999999999999998,3.174402902028041e-87,4.155630850882249e-31,1.050772791392105e-48,3.6244392662512265e-51
3.033083521456289e-19,4.6467793334132636e-26,2.314006922505232e-16,2.5920496080549452e-39,4.7232764387834376e-24,0.9999999999999998,1.2521750786473256e-86,1.6396379173890834e-30,4.14487871675192e-48,1.4296964384612618e-50
3.4571672479751824e-19,1.6501113374179724e-25,2.53927763623494e-16,6.050429151881919e-39,1.1061324232894806e-23,0.9999999999999998,2.922859415227858e-86,3.827046916662444e-30,9.675082972686724e-48,3.337234359102902e-50
1.9244667459764931e-19,2.196890049597176e-26,1.054873984508636e-16,8.974186813663053e-40,1.6795588326357126e-24,1.0,4.3352770113754344e-87,5.676620301428926e-31,1.4350387355649565e-48,4.949890960617131e-51
2.2598983796611184e-19,1.1668337928156414e-26,1.2049900384446503e-16,9.176478309620118e-40,1.5677634542672563e-24,0.9999999999999998,4.433000593588287e-87,5.8034443765983025e-31,1.4673866398597425e-48,5.0614688540170853e-51
5.534728159124256e-19,5.2804366309007e-27,4.601541621892375e-16,2.3327393517163684e-39,3.366243553617639e-24,0.9999999999999996,1.1269067046873807e-86,1.4749972114219424e-30,3.7302224710241243e-48,1.2866687172133382e-50
2.6467752253431133e-19,5.0599558696853344e-27,2.9298870063919944e-16,1.3209736209984586e-39,2.018211009999534e-24,0.9999999999999998,6.3813988855673985e-87,8.353206109748457e-31,2.112334359223715e-48,7.286092348165949e-51
4.640592340833827e-158,1.0,3.871628942831153e-66,1.3344846113504253e-44,3.531347482616327e-43,6.312434783018217e-172,7.787515332235098e-37,4.6905871499200404e-45,8.496543153342942e-171,4.072604479692508e-42
5.277345875431264e-19,3.768363872001358e-27,4.2228427012885126e-16,1.3561069441982218e-39,2.169405376585828e-24,0.9999999999999996,6.551121992503842e-87,8.575920345502522e-31,2.16851513663018e-48,7.479877167596901e-51
6.47964551126025e-20,9.148564176690745e-28,2.388280088862151e-17,7.419787838504816e-41,1.393100157440047e-25,1.0,3.5843733041905645e-88,4.693466493248253e-32,1.1864788618443371e-49,4.092531335676108e-52
3.370049893509853e-19,8.586679023695976e-26,3.0525290665252323e-16,3.8048467107395194e-39,6.640204935585574e-24,0.9999999999999998,1.8380567308173593e-86,2.4065835229945207e-30,6.084230834537244e-48,2.0986387658969412e-50
3.24487643290444e-19,7.109842433287712e-26,1.7104729126971283e-16,2.7326515613132032e-39,5.3001764526511576e-24,0.9999999999999998,1.3200974910214846e-86,1.7285704486653278e-30,4.36971162250469e-48,1.5072482383005737e-50
1.0124600846640282e-18,1.2364441646407439e-26,2.954379974197552e-16,2.1155711183520577e-39,3.7696168763801114e-24,0.9999999999999998,1.0219964244429943e-86,1.3380977294541606e-30,3.3829544290633013e-48,1.1668852647384653e-50
1.059403651209075e-18,2.655295737982475e-26,1.533950930573128e-15,5.7319785983043465e-39,9.781713108682296e-24,0.9999999999999984,2.769021367477976e-86,3.62543076470299e-30,9.16585701790571e-48,3.1615866300286e-50
2.8208993803521047e-19,8.140255906141047e-26,1.7599051931869444e-16,2.795692858183976e-39,5.236283040932361e-24,0.9999999999999998,1.3505516694250007e-86,1.768400647635326e-30,4.4705193115040095e-48,1.5420199177104577e-50
3.6273641616068156e-19,9.199648687259317e-26,2.7401474467117326e-16,7.09872855612899e-39,1.2042247241188445e-23,0.9999999999999998,3.429275027942453e-86,4.489988821154918e-30,1.1351391127006808e-47,3.9154447150072582e-50
2.742297142286492e-19,3.642531515884538e-27,7.146313987354219e-16,6.292632287208693e-40,1.0207852404753143e-24,0.9999999999999993,3.0398636291162426e-87,3.979850033422233e-31,1.0062383665828459e-48,3.470826307013166e-51
2.516529250327856e-19,2.160046200066218e-27,3.1274214500508296e-16,5.987893256361209e-40,8.886740362638216e-25,0.9999999999999998,2.892649386982953e-87,3.7866070977324843e-31,9.575083455648308e-49,3.3027414431168946e-51
2.0332227837132076e-19,2.20994957308174e-27,5.417332819327039e-17,2.558495344239962e-40,4.61844985472635e-25,1.0,1.2359655846554188e-87,1.6182489695315263e-31,4.091222971801474e-49,1.4111889180476443e-51
7.561372033666455e-122,3.208222416911729e-11,6.308424585253907e-30,3.019520957262387e-08,4.6880762061426355e-07,1.0285468821008534e-135,0.9999783280352864,4.9189097397422485e-09,1.384425070420726e-134,2.1168010891474085e-05
1.3709113194727561e-18,9.834622373136247e-26,1.7538500573460513e-15,6.166564390257215e-38,8.346109198668432e-23,0.9999999999999982,2.978962374577358e-85,3.89883533612456e-29,9.860791797369237e-47,3.40129105735293e-49
3.2422910290268795e-19,1.4494303742663322e-27,1.4611909763538834e-16,3.949911630277611e-40,6.372053956586574e-25,0.9999999999999998,1.9081351263157688e-87,2.4979830813147435e-31,6.3162003529890624e-49,2.178652203447054e-51
5.680083495336379e-19,4.393848594226913e-26,5.206906008861716e-16,2.538978728378131e-38,2.590189016875015e-23,0.9999999999999996,1.2265374405712338e-85,1.6050559024119576e-29,4.0600144655634737e-47,1.4004241422201137e-49
3.413354305542769e-19,2.628538967984291e-27,1.7484582676699304e-16,8.93521470932877e-40,1.4942128127310927e-24,0.9999999999999998,4.316450251524876e-87,5.65079939408256e-31,1.4288068086135444e-48,4.9283951235212625e-51
5.641542421385089e-19,6.462263139279523e-26,3.677426481033167e-16,1.1357148914483867e-38,2.2358236406033098e-23,0.9999999999999996,5.486445472609028e-86,7.184308203417519e-30,1.8160919713093923e-47,6.264261033269044e-50
1.95686936293103e-148,1.7489119526607405e-37,1.6326088366344244e-56,1.004757388888116e-34,1.5515457298920095e-32,2.661860668883706e-162,7.247715582682249e-29,1.0,3.582866963188307e-161,2.3638495974375123e-32
2.4704678336373705e-19,1.7073081789048265e-26,2.00085942973104e-16,2.0539805507866794e-39,3.2737590031466424e-24,0.9999999999999998,9.922430691754787e-87,1.2988736591024372e-30,3.284466564943459e-48,1.132913764439807e-50
4.786443862087532e-19,2.7776501590025265e-26,3.4992047573466477e-16,1.0171402995096406e-38,1.4358812792502295e-23,0.9999999999999996,4.913631788646684e-86,6.432458774383956e-30,1.626482444030983e-47,5.610239325100632e-50
2.4827729773749334e-19,1.233983293214762e-27,2.1085423050445815e-16,2.9908037729661146e-40,5.00163260713784e-25,0.9999999999999998,1.4448064333476434e-87,1.8915793400339938e-31,4.782516069460579e-49,1.649637217069091e-51
2.01968909469363e-19,9.309040426577661e-28,2.6684007671960688e-17,1.3119029312258023e-40,2.445142379130031e-25,1.0,6.337579924850072e-88,8.297860190196206e-32,2.0978296561067436e-49,7.236061155928589e-52
2.997998088796528e-19,5.540043743208555e-26,1.3499987536103028e-16,1.86506029642741e-39,3.6085653538210686e-24,0.9999999999999998,9.00978907294385e-87,1.1797551940485735e-30,2.982369127744804e-48,1.0287110459657226e-50
3.6797853261466713e-19,1.7504150736266265e-26,2.0082399338078928e-16,2.1441456267220772e-39,4.241888877948568e-24,0.9999999999999998,1.0358002832716545e-86,1.3564270549895897e-30,3.4286471773393623e-48,1.182646102133246e-50
2.9761331380785575e-19,3.019997065067893e-26,1.93140310947707e-16,1.969535754528659e-39,3.776098426048223e-24,0.9999999999999998,9.514492239645458e-87,1.2458924563087268e-30,3.149433099037112e-48,1.086336559539503e-50
4.435584451297077e-19,3.5599822440789653e-25,3.4361210766772804e-16,9.98969599098132e-39,1.7974186740354483e-23,0.9999999999999996,4.825852224637033e-86,6.318495127792755e-30,1.5974261520767755e-47,5.510015217326623e-50
4.2880364175380643e-19,2.248852753196989e-27,2.1689008211545163e-16,9.21804267838067e-40,1.3395863871023458e-24,0.9999999999999998,4.453079633645482e-87,5.828904378568326e-31,1.4740330894820932e-48,5.084394507583441e-51
1.0424959225037001e-19,1.87634006553167e-27,5.943678023385456e-17,2.3556725962474306e-40,3.9637086815330515e-25,1.0,1.1379853647798352e-87,1.4898585805251837e-31,3.7668944214644726e-49,1.2993180033612583e-51
1.1943359931495367e-18,1.572880534801179e-26,3.887671600674559e-16,3.535572322199951e-39,6.215695522057812e-24,0.9999999999999996,1.7079748539854614e-86,2.236117059551061e-30,5.653641205416514e-48,1.950115129557025e-50
3.42819581305526e-19,4.813928414923515e-27,1.937879936950875e-16,9.375894000452607e-40,1.550725503379445e-24,0.9999999999999998,4.529334922090975e-87,5.9293420695113864e-31,1.4992746812936103e-48,5.171460538654855e-51
2.1870550373574244e-19,1.1227356668777032e-27,2.1664290361181612e-16,2.6176864057024606e-40,4.1841920695983305e-25,0.9999999999999998,1.2645597794307758e-87,1.6555282034480333e-31,4.185873848794091e-49,1.443836923209317e-51
1.1556441484076062e-18,3.22954301822178e-26,4.8256555464413e-16,5.704959256041261e-39,1.0402441035192692e-23,0.9999999999999996,2.7559687837211522e-86,3.608331880132926e-30,9.122651097660813e-48,3.1466835762719257e-50
2.9179236550732624e-19,1.2051379813172552e-26,1.4204518115077263e-16,1.2601426486682366e-39,2.3028912170411948e-24,0.9999999999999998,6.087534804158669e-87,7.971022986701211e-31,2.01506114260914e-48,6.950567038849292e-51
2.8857305872087517e-19,3.452449534249465e-27,1.6194751785011033e-16,7.10140864629529e-40,1.1623009712270973e-24,0.9999999999999998,3.4305697330787136e-87,4.490898216148946e-31,1.1355676786301004e-48,3.916922971006547e-51
2.536725261167194e-19,3.352159837910925e-27,4.803487706984157e-16,4.834354684123668e-40,8.281600263405848e-25,0.9999999999999996,2.3353945220849274e-87,3.057705593441326e-31,7.730490100677479e-49,2.6664843339907754e-51
2.690942738288475e-19,4.231363895059568e-27,9.306981475052274e-17,5.396687190325622e-40,9.789015741618527e-25,1.0,2.6070477920324306e-87,3.4133985473346723e-31,8.629701302177457e-49,2.9766499962557154e-51
4.665753487605929e-19,9.971089733227437e-27,4.577599649955618e-15,2.2321859311065643e-39,3.442782915904588e-24,0.9999999999999953,1.0783310570222575e-86,1.4116729159331391e-30,3.5694301252837153e-48,1.2312064806243476e-50
2.46487247682987e-19,1.7774074136012822e-27,5.64553304125713e-17,3.0542166775096697e-40,5.622377451154627e-25,1.0,1.4754401291956325e-87,1.9318521832180471e-31,4.8839179868959e-49,1.6846138641830772e-51
2.179206241640545e-19,5.4030169464832555e-27,1.3274492076090021e-16,6.964061886955386e-40,1.131489241076403e-24,0.9999999999999998,3.364219849979756e-87,4.404103886276598e-31,1.113604917750599e-48,3.8411666385443367e-51
1.0913421074497372e-18,4.4829842692334557e-26,7.857478256372473e-16,8.959020599661611e-39,1.5196141114650485e-23,0.9999999999999991,4.327950471597488e-86,5.666503222862549e-30,1.4326135460433744e-47,4.941525734375694e-50
1.40743852550791e-19,1.3769625274012672e-27,3.1464941765566375e-17,1.461238686456583e-40,2.650014077793181e-25,1.0,7.05899555926781e-88,9.242193066846718e-32,2.3366285557192627e-49,8.059752172277114e-52
7.376896002866372e-19,1.1329568936357017e-26,1.8278762958645716e-16,1.399982928883393e-39,2.604145118109606e-24,0.9999999999999998,6.763079412467047e-87,8.854835652685097e-31,2.238676076091298e-48,7.721883875440179e-51
3.539189863989769e-19,1.9144435938613691e-26,4.463606274318436e-16,3.654007376456653e-39,5.345595991331624e-24,0.9999999999999996,1.765188814933607e-86,2.3104482099748722e-30,5.843027604394258e-48,2.0154403365450045e-50
9.67092641689414e-20,6.144977503524176e-28,3.169792150384718e-17,8.764748818761494e-41,1.5290996647628795e-25,1.0,4.2341010787422965e-88,5.543591625607835e-32,1.4015480538729761e-49,4.834371275702259e-52
1.017077367966688e-18,8.462316857092417e-26,5.175390762612716e-14,5.937444396724972e-38,7.012132130801452e-23,0.9999999999999483,2.868278403643743e-85,3.7525673994668695e-29,9.49441201271739e-47,3.274915375759361e-49
1.9433301777721854e-19,1.8216780131131548e-27,6.41838472706356e-17,2.6393352665804864e-40,4.590749866797988e-25,1.0,1.275017976217054e-87,1.669282816983363e-31,4.220491976897027e-49,1.4557777827209283e-51
1.2064832753596323e-18,2.072921662369062e-26,4.144084801539118e-16,4.108118092550604e-39,7.453893835485702e-24,0.9999999999999996,1.984561977422468e-86,2.5982997322133796e-30,6.569184168067412e-48,2.26591411968651e-50
2.645380954315621e-19,3.113127855488692e-27,1.6379639806795855e-16,5.607877706715257e-40,1.0110058238188562e-24,0.9999999999999998,2.7090703377384024e-87,3.5472986946208677e-31,8.967410529526269e-49,3.0931363189160796e-51
4.065873511702e-19,5.839622538072459e-27,2.8016145569545867e-16,1.702371338900406e-39,2.686985169426966e-24,0.9999999999999998,8.223866389541832e-87,1.07653528305501e-30,2.7222174717184805e-48,9.389767204287862e-51
5.600310037998402e-19,4.6872438197932105e-26,1.6063912557424795e-15,5.182749973988253e-39,9.002588408306793e-24,0.9999999999999984,2.5036983608631787e-86,3.278183030736902e-30,8.287599893998673e-48,2.8586486750512605e-50
5.997765866332667e-19,7.750249730755622e-27,2.2615720144160972e-15,3.554389619347151e-39,5.4652990492300544e-24,0.9999999999999978,1.7170651697738585e-86,2.2478758283645946e-30,5.683731451627645e-48,1.960494183036671e-50
4.611035732116103e-19,4.4958290247549634e-27,2.2011848354840348e-16,1.3264552586512889e-39,2.2039092211868686e-24,0.9999999999999998,6.407879744055509e-87,8.388455588830169e-31,2.1210999023674402e-48,7.316327408512897e-51
2.0587238658886634e-19,9.289262364141056e-27,2.091006657610126e-16,1.2166218139092467e-39,1.9131403643489954e-24,0.9999999999999998,5.8772930544164075e-87,7.6935646800114545e-31,1.9454681145461218e-48,6.710519232477773e-51
3.2912703507901835e-19,1.741239784746065e-27,2.2429272704557943e-16,5.141626745451288e-40,8.340417746800132e-25,0.9999999999999998,2.483832429162656e-87,3.251650085074126e-31,8.221840816972965e-49,2.835966342298213e-51
2.5783374813117294e-19,1.4645631999793822e-27,1.276149765109439e-16,3.7910595856932755e-40,6.364830022641185e-25,0.9999999999999998,1.8313964052770791e-87,2.397576787934102e-31,6.062184203803468e-49,2.091034203351089e-51
2.03755965492385e-19,8.782123244408914e-27,2.0766719659473946e-16,1.1722585792748902e-39,1.83758374687264e-24,0.9999999999999998,5.662981813458058e-87,7.413016329352606e-31,1.8745280266497076e-48,6.465825001499021e-51
2.184647248122696e-19,1.1568408321107303e-27,1.0822796790794458e-16,2.9277004765684105e-40,4.902837552335492e-25,1.0,1.4143223042077154e-87,1.8515701376009327e-31,4.681609239239367e-49,1.6148313407949606e-51
2.2824677817715e-19,6.468561550251922e-28,3.1708232658757196e-17,1.3320345048520493e-40,2.390964284722151e-25,1.0,6.434832133282586e-88,8.424906435273058e-32,2.130021528933724e-49,7.347100848699552e-52
1.1991525581107312e-18,4.154956320664907e-26,6.156007556655862e-16,9.197170610492011e-39,1.6354163531055546e-23,0.9999999999999993,4.442996692047411e-86,5.8170231799030676e-30,1.4706954915099895e-47,5.072882103337584e-50
7.82203259745299e-19,8.02086833441349e-27,2.0562256621499803e-16,1.2649445529623312e-39,2.367844715756656e-24,0.9999999999999998,6.110731985626806e-87,8.001066051270583e-31,2.0227397416640325e-48,6.977052893976807e-51
2.2897733483361995e-19,1.448281912484846e-26,8.51724984228634e-17,7.922695327030866e-40,1.4659145724948485e-24,1.0,3.8273193595433035e-87,5.01140215200912e-31,1.2668974831163729e-48,4.3699199500951376e-51
2.8521982393089004e-19,2.7108867858034087e-27,1.0850036079803082e-16,5.284416181787094e-40,9.035389714647854e-25,1.0,2.552811577347498e-87,3.342030312543543e-31,8.450171669494025e-49,2.9147246918051324e-51
4.2069910417440167e-19,4.104059145366836e-26,2.0008670695633645e-16,2.895078247274063e-39,5.777155045832683e-24,0.9999999999999998,1.3985630599916667e-86,1.8314260612469617e-30,4.6294438854827745e-48,1.5968379022473214e-50
8.003244432156626e-19,1.8786131509437101e-26,4.0450621510345904e-14,7.238922294993583e-39,1.0134724581256423e-23,0.9999999999999596,3.497000237269399e-86,4.577521507821148e-30,1.157557126236827e-47,3.992771354244781e-50
4.992245983741131e-19,1.5969130160393753e-26,7.820807963162859e-16,7.735511660998671e-38,2.121761663222194e-23,0.9999999999999991,3.7368941247537655e-85,4.8766883333098183e-29,1.2369654362701262e-46,4.266675093740641e-49
8.735623845192388e-19,2.606256231331819e-26,3.2381504635582755e-14,1.4288942304602179e-38,1.9323478509527033e-23,0.9999999999999676,6.902744993813278e-86,9.034205181198702e-30,2.2849073823362663e-47,7.8813499019019355e-50
5.126226097772891e-19,7.863706717387788e-27,2.7122971581161016e-15,1.740622934002319e-39,2.851410657029598e-24,0.9999999999999973,8.408653338296772e-87,1.1009097355175332e-30,2.783384596347892e-48,9.600751472393926e-51
4.85202660227018e-19,1.0013276571050938e-26,1.1001937547474788e-16,8.935317365156091e-40,1.6986857857123595e-24,1.0,4.316499842070198e-87,5.651765416249159e-31,1.4288232237937666e-48,4.928451744537953e-51
2.3671602172459435e-19,6.089563718001056e-27,8.066741717163202e-17,5.565482915504882e-40,1.0463849372053375e-24,1.0,2.6885901359626276e-87,3.5203813278002236e-31,8.899618130609836e-49,3.069752630774463e-51
4.421671709068987e-12,6.165385606353438e-82,4.358289046938266e-124,9.977660232207148e-86,8.248160481577203e-106,3.969350777778182e-107,5.036335869770495e-81,2.7255839835012987e-89,0.9999999999955784,2.166750349483895e-92
9.843822819077445e-19,1.2320334732503825e-26,3.056655005141524e-16,2.4573452814351336e-39,4.419618931728291e-24,0.9999999999999998,1.1871017096129028e-86,1.5542031518627975e-30,3.9294765522028143e-48,1.3553975919711276e-50
4.614795826979242e-19,1.339416613306983e-26,1.476883097276701e-16,1.1018760062603251e-39,1.9778526343361756e-24,0.9999999999999998,5.322975573704301e-87,6.969142018001856e-31,1.7619810952542525e-48,6.077615941663979e-51
1.6938254654075042e-19,1.5602442276326663e-26,8.121898922491279e-17,6.328908092584637e-40,1.1822113021470589e-24,1.0,3.057387854060753e-87,4.00336575922597e-31,1.0120391358409819e-48,3.490834948310376e-51
1.2786740438779285e-19,1.2187070397595761e-27,3.24745911422804e-17,1.406930479744098e-40,2.48947440434453e-25,1.0,6.796641849978443e-88,8.898456011932951e-32,2.249785723240135e-49,7.760204473090115e-52
2.9277484174809515e-19,1.212781110007551e-27,8.739500420921149e-17,3.492251670137395e-40,5.844769547324719e-25,1.0,1.687047383865912e-87,2.208574391280491e-31,5.584368284262595e-49,1.9262207636603276e-51
1.5855958128512569e-19,7.688771234431313e-28,2.293893568527647e-17,1.1449975252739804e-40,2.139227230702345e-25,1.0,5.531288297071408e-88,7.242286192208261e-32,1.8309355879795202e-49,6.3154612428225395e-52
4.409137277005149e-19,6.891004211156454e-27,1.2764820934764976e-16,6.422093455959938e-40,1.164822571709499e-24,0.9999999999999998,3.102404117841034e-87,4.062081513181894e-31,1.0269401634074579e-48,3.542233185742976e-51
1.0953987107863642e-18,4.857655199334813e-26,5.43964410092469e-16,6.720265282028631e-39,1.1934327640539253e-23,0.9999999999999996,3.246445856251236e-86,4.2503204813898604e-30,1.0746200402908228e-47,3.7066957787992923e-50
1.4174271910359706e-19,7.658813959128204e-27,7.138962996775387e-17,4.058713752956813e-40,7.4979327551472705e-25,1.0,1.9606955811630628e-87,2.567344644534717e-31,6.490182980781099e-49,2.2386641749201306e-51
3.127795767681477e-19,1.305542556175036e-26,1.3587135562749566e-16,1.2946624143944809e-39,2.4781485901909633e-24,0.9999999999999998,6.254293921402399e-87,8.189539920965515e-31,2.0702607970086437e-48,7.140967662587834e-51
1.9324683777168394e-19,9.952952422125352e-27,1.1360077584488193e-16,8.99776229180249e-40,1.55696919326965e-24,0.9999999999999998,4.346665925286676e-87,5.690701574543712e-31,1.438808629063682e-48,4.9628944853913417e-51
1.5924168542642415e-19,1.915676261756018e-27,4.4989969852440065e-17,2.112320302595045e-40,3.7303099586818377e-25,1.0,1.0204260108417116e-87,1.3360146047261876e-31,3.3777561352917936e-49,1.1650922129752159e-51
3.0799440951904475e-19,1.3362481631574536e-27,2.799185744735447e-16,4.57176017136744e-40,7.523746209066058e-25,0.9999999999999998,2.20853957935475e-87,2.8914339499480983e-31,7.310582085260618e-49,2.521645115485915e-51
1.7966785976346023e-19,5.015118620390203e-27,6.706741019005435e-17,3.921622571503843e-40,7.015850210758052e-25,1.0,1.8944691634319499e-87,2.480351034256858e-31,6.27096406002532e-49,2.1630488115601576e-51
2.2855282534295964e-19,1.3848922377216676e-27,7.966822115901346e-17,3.0165162391556375e-40,4.900877239766772e-25,1.0,1.4572276888861558e-87,1.9077082208333498e-31,4.8236322029778395e-49,1.6638194389543978e-51
3.589865556761439e-19,2.661389895075544e-27,1.6879024629380812e-16,7.48147216106096e-40,1.2657290718925095e-24,0.9999999999999998,3.6141719525170065e-87,4.731549414844663e-31,1.1963426409077997e-48,4.1265545502487026e-51
4.579838951203834e-19,1.2039664555019537e-26,8.03807192507515e-16,4.074416276183291e-39,6.787655831618088e-24,0.9999999999999991,1.968281202901842e-86,2.577113397425619e-30,6.515292474346835e-48,2.2473252132752166e-50
2.2882902332937344e-19,4.069058547230327e-27,5.462152568249988e-17,4.166839560103937e-40,8.115101959716491e-25,1.0,2.0129293195424966e-87,2.6357517834214783e-31,6.663084130308488e-49,2.2983031112015216e-51
3.093131363083352e-19,1.5283713265657568e-27,1.0711607149420471e-16,4.5325686736146606e-40,7.512028691053014e-25,1.0,2.1896068340375243e-87,2.8664459649157203e-31,7.24791198868641e-49,2.5000282673215407e-51
4.75284425625003e-19,2.546815609349086e-27,2.1319211539368218e-16,1.0722959490955384e-39,1.5153885413376e-24,0.9999999999999998,5.180079349563732e-87,6.780375751520788e-31,1.7146803999884868e-48,5.914461262891717e-51
4.530343657739696e-19,2.5379155253635105e-26,2.5910244502615573e-16,5.2278184246211107e-39,8.982805229287464e-24,0.9999999999999998,2.525470164024856e-86,3.306728462168852e-30,8.359667678399243e-48,2.883507075421882e-50
3.6976316875200516e-19,3.0241824743437535e-26,1.676614791173972e-16,2.554532947053017e-39,4.969525507598509e-24,0.9999999999999998,1.2340514179920257e-86,1.6159723406048008e-30,4.0848868061975484e-48,1.4090033792137051e-50
1.280972448217321e-18,2.795671454644995e-26,7.802043353775061e-16,1.0976997205788415e-38,1.7766631608761726e-23,0.9999999999999991,5.3028006482060676e-86,6.941660232835671e-30,1.7553029061786423e-47,6.054580808939402e-50
5.032852248004261e-19,1.43734360985485e-26,1.552705016495929e-16,1.1965571559995052e-39,2.3223188596726383e-24,0.9999999999999998,5.780364102406017e-87,7.568982775996463e-31,1.913383244221056e-48,6.599848624320697e-51
8.666322828168085e-19,8.070134193039136e-27,6.591615452631262e-16,1.944310896200751e-39,3.379898783851005e-24,0.9999999999999993,9.392635237566415e-87,1.229770295606027e-30,3.1090966873757715e-48,1.0724232877578786e-50
1.4166881604588662e-19,9.263776407142654e-28,3.235653937807404e-17,1.3498070680054336e-40,2.4944672724313867e-25,1.0,6.520688362282638e-88,8.537806408010384e-32,2.158441169473583e-49,7.445128949493324e-52
5.9740314889307e-19,1.0650308646407529e-26,8.082001325487895e-15,3.7401241127164535e-39,5.638428046201757e-24,0.999999999999992,1.806790344564464e-86,2.3651489982125353e-30,5.980734621299969e-48,2.0629397316072577e-50
6.489598500440808e-19,7.727633307891385e-27,6.3431224798194676e-15,4.0870198593289427e-39,5.368409389937017e-24,0.9999999999999936,1.974369779856754e-86,2.5842310685126444e-30,6.535446535435183e-48,2.2542769702109465e-50
1.1596432252184624e-18,6.944151755106098e-26,1.63940577215279e-14,3.744763041793816e-38,5.127628211608043e-23,0.9999999999999836,1.8090313330849065e-85,2.367514458709039e-29,5.988152613961772e-47,2.065498425963138e-49
1.7691898058349993e-19,5.423748033434727e-27,5.195851506830023e-17,3.809758197233745e-40,7.260592073784648e-25,1.0,1.8404293867050594e-87,2.4098239090024854e-31,6.092084665096444e-49,2.101347794155197e-51
9.124099148339022e-19,6.59968239513402e-26,1.4463382566980074e-15,1.5516201836716065e-38,2.6431819184912715e-23,0.9999999999999984,7.495613198211444e-86,9.813888256886738e-30,2.4811552429032494e-47,8.558269267858835e-50
2.813395752741496e-19,7.838186449510248e-27,3.0520952806705863e-16,8.448303655411614e-40,1.5338270000294095e-24,0.9999999999999998,4.0812318016531795e-87,5.344011014451643e-31,1.3509461353489326e-48,4.659829660291293e-51
4.663284071476028e-19,2.6112624772465817e-27,1.8762928374924236e-16,8.764294690323399e-40,1.4417412605453252e-24,0.9999999999999998,4.233881697594246e-87,5.542781340974558e-31,1.4014754355734444e-48,4.834120792801439e-51
1.9402009768154512e-11,3.305124709897748e-82,2.336380843246579e-124,5.3487994889482145e-86,4.421653528170277e-106,2.1278797751704557e-107,2.699866511734382e-81,1.4611243396501456e-89,0.999999999980598,1.1615461834015686e-92
5.2626767988977105e-19,1.3865171248186577e-25,3.548479944672679e-16,6.946636673202864e-39,1.2346316221493014e-23,0.9999999999999996,3.35580202557278e-86,4.393612599428483e-30,1.1108184973992577e-47,3.831555415817202e-50
2.6110984548254637e-19,6.168809773866987e-26,1.508671968416641e-16,1.7327773091371544e-39,3.174137224903025e-24,0.9999999999999998,8.37075246101723e-87,1.0960257946152795e-30,2.770838863553215e-48,9.557477372641315e-51
2.6625985052604467e-19,6.025945122015938e-26,2.1913431639156637e-16,2.356160706998166e-39,4.338074699659297e-24,0.9999999999999998,1.1382211626502574e-86,1.4904258661979887e-30,3.767674946160175e-48,1.2995872303897212e-50
2.447316824006567e-19,2.4070262878222073e-27,1.2161892186326775e-16,4.581282297917252e-40,7.499634503533788e-25,0.9999999999999998,2.213139557108872e-87,2.89761423686638e-31,7.325808669960878e-49,2.5268972339190438e-51
5.267669808483159e-19,1.446786720414184e-26,1.5208647738535884e-15,1.8019233259278955e-39,3.106388609209676e-24,0.9999999999999984,8.704785104339e-87,1.1397287571820254e-30,2.881408449028611e-48,9.938865956898105e-51
1.1534321282996928e-18,6.690561526889971e-26,1.5472894021374406e-15,2.9969699127939285e-38,4.3109986166910717e-23,0.9999999999999984,1.447785191123759e-85,1.8952002549641214e-29,4.792376184003545e-47,1.653038274521977e-49
1.3946787965610618e-19,3.580285155788801e-27,3.659024574494937e-17,2.4014845587915598e-40,4.5088819159265065e-25,1.0,1.1601163446830531e-87,1.5190148958466448e-31,3.840151132244438e-49,1.3245865011031786e-51
5.190449986257964e-19,6.767356266607679e-27,2.3043209198993632e-15,2.3966274633465618e-39,3.672492726931051e-24,0.9999999999999978,1.1577699642749183e-86,1.5155916182638587e-30,3.8323842772811726e-48,1.3219074734096952e-50
5.143708391993095e-19,6.729674434982737e-27,9.982942147757521e-17,8.108542070756931e-40,1.5756578310510327e-24,1.0,3.9170987597372935e-87,5.129104956955868e-31,1.2966157494684755e-48,4.472427411626154e-51
8.699110188398362e-19,8.01206921598557e-27,3.0771797951093673e-16,2.0110646994324577e-39,3.361528712449996e-24,0.9999999999999998,9.715111511054149e-87,1.2718253108848983e-30,3.2158409490599894e-48,1.1092426740845669e-50
6.432216327921261e-19,2.681912395989417e-27,1.0784795960910636e-16,5.598657779033492e-40,9.575065842702064e-25,1.0,2.7046163481771017e-87,3.540877522346757e-31,8.952667186648967e-49,3.088050885480035e-51
2.9824938883600095e-19,1.2976272400325271e-27,7.45443216146969e-17,3.312552898060031e-40,5.847263279377387e-25,1.0,1.6002379633758106e-87,2.09507363220545e-31,5.297016678613405e-49,1.8271043370391752e-51
9.414848278779712e-19,1.0628417792963688e-26,2.795767430673858e-16,3.079505491421716e-39,5.194833772853128e-24,0.9999999999999998,1.4876567257826483e-86,1.9473445653345463e-30,4.924356669986207e-48,1.69856241253579e-50
3.7526130281295434e-19,1.1731703939156543e-27,4.746409331044896e-17,2.352090959446721e-40,4.2857002159808935e-25,1.0,1.1362551368196946e-87,1.487677508315707e-31,3.761167119293365e-49,1.2973424802938204e-51
1.233064601057676e-18,2.9128578310446565e-26,6.284920647391617e-16,7.552937961577924e-39,1.2668703931250208e-23,0.9999999999999993,3.6486958653769934e-86,4.7767069849297795e-30,1.207770550157282e-47,4.1659729319904887e-50
6.291373115902971e-19,2.8389160594995865e-27,1.416106093015699e-16,8.211028226922088e-40,1.4250659745650023e-24,0.9999999999999998,3.966608078675112e-87,5.19300123117237e-31,1.3130040425950283e-48,4.528955686436179e-51
0.9999999401452808,4.954510396624216e-71,3.502325689458463e-113,8.018058319582165e-75,6.628230490058432e-95,3.18977448484072e-96,4.0472048337018396e-70,2.1902821729777636e-78,5.985471915266697e-08,1.7412028734008927e-81
5.092623737847272e-19,3.948205609029027e-27,2.8320694686176817e-16,1.4450270246240158e-39,2.3536529357318996e-24,0.9999999999999998,6.9806797785043505e-87,9.138086255884247e-31,2.310704911461533e-48,7.970333532070837e-51
8.822682620873547e-19,1.2700581947906284e-26,4.1136887788608255e-16,3.5166888935057633e-39,6.134439755842734e-24,0.9999999999999996,1.6988525904335236e-86,2.224267339612823e-30,5.623445207515139e-48,1.939699599066673e-50
3.6630383033117674e-19,1.2201838524900328e-27,5.288850995113545e-17,2.3983730323903344e-40,4.281813290977771e-25,1.0,1.158613219108224e-87,1.5169057724004657e-31,3.835175571470261e-49,1.3228702768167037e-51
5.39674057748957e-19,4.461049754264085e-27,4.2438884027680517e-16,1.5490419395501108e-39,2.2062490377296326e-24,0.9999999999999996,7.483158140332492e-87,9.795850383223247e-31,2.4770324404994338e-48,8.544048451461821e-51
9.001008014898e-19,1.5810529880968652e-26,3.499289225800997e-16,5.240871337164883e-39,8.787976429146888e-24,0.9999999999999996,2.531775804429757e-86,3.31392504501793e-30,8.380540250570477e-48,2.890706668979393e-50
5.356989233272777e-19,2.5851475151471313e-27,2.2223387848623154e-16,1.0143190027089948e-39,1.657359413431621e-24,0.9999999999999998,4.900002580642846e-87,6.414603129160126e-31,1.6219709811255847e-48,5.594677898847696e-51
8.309026797825408e-19,1.1189240692586456e-26,3.267657601660551e-16,4.761844963373279e-39,6.67430611970442e-24,0.9999999999999998,2.300366311448393e-86,3.0107445857794487e-30,7.614541710375393e-48,2.626490159975731e-50
3.447843414128943e-19,2.4633669725882982e-27,7.346116803195965e-17,4.922340298956086e-40,8.485701014313201e-25,1.0,2.3778988769074385e-87,3.113306284919723e-31,7.871185598211318e-49,2.7150145481318226e-51
4.490518651866634e-19,2.623053882985574e-27,6.947817689699149e-17,4.5035386858380154e-40,8.437195088540727e-25,1.0,2.1755829404015925e-87,2.8485978588384975e-31,7.201490893706311e-49,2.484016200697192e-51
3.0014230718765726e-19,3.936320351637216e-27,8.064859493682935e-17,5.901023032458493e-40,1.1175243313295156e-24,1.0,2.850683859255427e-87,3.7326749460370874e-31,9.436171552932854e-49,3.2548264458027786e-51
9.00511435981259e-19,8.12332702289459e-27,3.350317746524433e-16,2.0472651481487626e-39,3.511775181237516e-24,0.9999999999999996,9.889989719307818e-87,1.2948511346609526e-30,3.27372813878002e-48,1.1292097502361582e-50
3.9946177022108056e-19,2.5315292994477387e-27,1.1349301969379397e-16,5.522956119897076e-40,9.622505704648788e-25,0.9999999999999998,2.6680461643060212e-87,3.4931010104490387e-31,8.831614644253071e-49,3.046296132070601e-51
7.897754847279178e-19,5.4742546738533426e-27,2.644381254155278e-16,1.5527671748402052e-39,2.573905468359326e-24,0.9999999999999998,7.501154119150156e-87,9.819765057219488e-31,2.4829893670418248e-48,8.564595727366743e-51
5.273127074111488e-19,2.233345522494411e-27,8.353337160706229e-17,4.861169682304096e-40,8.879301468310864e-25,1.0,2.34834839196417e-87,3.07464501813569e-31,7.773369263898576e-49,2.6812746791641127e-51
7.650847396529361e-19,1.2451761602343248e-26,1.9678720827514722e-16,1.83939292584613e-39,3.35861550872014e-24,0.9999999999999998,8.885794371205654e-87,1.1634536369104025e-30,2.94132510690547e-48,1.014553697964941e-50
2.961667811036411e-19,9.497646829464688e-28,6.095185796118467e-17,2.227955105219483e-40,3.83927518379771e-25,1.0,1.076287216925653e-87,1.4091495393607629e-31,3.562664722067722e-49,1.2288728845029037e-51
7.402619955206729e-19,7.172243362211934e-27,1.8069907558891346e-16,1.0809209487371199e-39,2.0418593775330318e-24,0.9999999999999998,5.221745253346997e-87,6.837275610527105e-31,1.7284724104466432e-48,5.962034158455614e-51
8.720592705225418e-19,1.7286497519913624e-26,3.1505217466274097e-16,2.5627035576391374e-39,4.6556919515811024e-24,0.9999999999999998,1.2379985007132845e-86,1.6209873275581275e-30,4.097952214895274e-48,1.4135100414250247e-50
5.876350915331831e-19,3.570934796674075e-27,1.226197151816418e-16,7.2994383452607504e-40,1.3227144078928242e-24,0.9999999999999998,3.5262345116991768e-87,4.616755168012026e-31,1.1672340894706136e-48,4.0261501834085134e-51
8.582730278699728e-19,1.8420768572253823e-26,4.084537750661181e-16,2.4565762011080613e-39,4.3837022911450984e-24,0.9999999999999996,1.1867301797835407e-86,1.5538541529985951e-30,3.928246735293291e-48,1.3549733902098246e-50
3.958010781660714e-19,3.879665264946714e-27,5.974312133887532e-17,3.6947260413336956e-40,6.997753023714014e-25,1.0,1.7848593086261765e-87,2.3370102009064693e-31,5.9081397536816886e-49,2.0378995239658408e-51
9.728613129390124e-19,6.115844056423382e-26,7.608479903553497e-16,7.836771489069986e-39,1.424622559992046e-23,0.9999999999999993,3.7858110136582e-86,4.956994448331374e-30,1.2531576265759285e-47,4.322526949475404e-50
3.093686822826943e-19,4.2438403537665664e-27,1.1311020593869987e-16,6.752055014649338e-40,1.213394171953725e-24,0.9999999999999998,3.2618029354418543e-87,4.270762731968518e-31,1.0797034532874677e-48,3.7242300372256085e-51
3.2162088424235244e-19,6.37637571334341e-27,1.661986500853832e-16,1.3239526885135564e-39,2.3743354760603357e-24,0.9999999999999998,6.395790254148742e-87,8.374046144313554e-31,2.1170981081882186e-48,7.302523986805139e-51
3.1474788812469626e-19,4.976939315419996e-26,2.234328149127536e-16,4.15550995129954e-39,6.96646712864687e-24,0.9999999999999998,2.0074561791151264e-86,2.6283138204920288e-30,6.644967252199301e-48,2.2920540414750563e-50
5.2078276825892675e-19,7.386190476867793e-27,3.30917739802694e-16,9.663172147956344e-40,1.796542794233372e-24,0.9999999999999998,4.6681141065300725e-87,6.112473097667968e-31,1.545212577494403e-48,5.3299145033667816e-51
3.330790480976808e-19,2.369619490977944e-27,1.0110953553065422e-16,4.412742542597134e-40,7.4789694277707545e-25,1.0,2.131720868242921e-87,2.790731168794194e-31,7.056301157491769e-49,2.4339357850922695e-51
9.264268952772883e-19,2.5102310421408502e-26,3.695061183440477e-16,3.3607618077486025e-39,5.815442246267506e-24,0.9999999999999996,1.6235268678942724e-86,2.1255232675351626e-30,5.374106285587037e-48,1.8536949188304038e-50
2.0375532047993456e-19,3.1583638301607946e-27,2.8838733984587194e-16,6.316407765673708e-40,1.035958715645691e-24,0.9999999999999998,3.0513491583267783e-87,3.9947359333565455e-31,1.0100402411287597e-48,3.48394014427615e-51
1.7183612662009659e-19,1.5406923043205149e-27,3.1736513401010824e-17,1.877660638976985e-40,3.5818783191820866e-25,1.0,9.070659183888533e-88,1.1876847714327943e-31,3.002518005616871e-49,1.0356610150483503e-51
5.237572027633965e-19,1.8861548664447024e-26,1.8523123367445683e-16,1.569293495455564e-39,2.851715200574722e-24,0.9999999999999998,7.580989962907653e-87,9.925426802200388e-31,2.509416173905131e-48,8.655749930503371e-51
1.1139859828299972e-18,3.7198156353820034e-26,4.725951508681542e-16,5.5972364295252346e-39,1.0152022281541994e-23,0.9999999999999996,2.7039297185264268e-86,3.540201023605315e-30,8.950394344237464e-48,3.0872669120702043e-50
6.877994429832787e-19,4.9684467564643e-27,1.1020750491672996e-16,6.6258270562387886e-40,1.2130366531394657e-24,1.0,3.200824355223319e-87,4.1908307327429245e-31,1.059518670533386e-48,3.6546064993933086e-51
4.940396181593588e-19,3.710650467903013e-27,4.811753403986107e-16,1.6728027624746378e-39,2.328829464888046e-24,0.9999999999999996,8.08102562744567e-87,1.0577670391266397e-30,2.6749351351826178e-48,9.226675850436143e-51
3.7553895507654917e-19,3.074745865107883e-27,3.841041870900967e-16,7.184222062990016e-40,1.2135674036361514e-24,0.9999999999999996,3.4705754849661056e-87,4.5438018333915316e-31,1.148810155050726e-48,3.962600354278824e-51
8.013405991518739e-19,1.7306142951516284e-26,1.0564861543464119e-14,6.791148060787465e-39,1.0794225554521271e-23,0.9999999999999893,3.280688119840174e-86,4.2948447186820835e-30,1.0859547195937598e-47,3.7457925817406517e-50
2.1725299006789123e-19,4.7014757242338416e-27,5.0129426877647194e-17,3.8499926377985066e-40,7.534491313450689e-25,1.0,1.859865960490272e-87,2.435349313893837e-31,6.156422506012415e-49,2.123539898750208e-51
2.7313417089544537e-19,7.674078787374161e-28,3.440324094680571e-17,1.4070463624783432e-40,2.4623003930828546e-25,1.0,6.79720165932274e-88,8.899077904619057e-32,2.249971028144871e-49,7.7608436468282e-52
1.206220043472166e-18,6.326953930418681e-26,6.610584007067022e-16,1.1526804120229256e-38,2.100182991092359e-23,0.9999999999999993,5.5684030169087985e-86,7.290562165553764e-30,1.8432210914171446e-47,6.35783773127919e-50
6.549869872262082e-19,3.060985629125254e-26,2.0076243323651216e-16,2.1739782167404327e-39,4.2527030364817845e-24,0.9999999999999998,1.0502119002902953e-86,1.3751520619950315e-30,3.4763516922073695e-48,1.199100859838755e-50
4.142727906624707e-19,4.1211532455907746e-27,1.4472196718205176e-16,7.542247983321008e-40,1.328545566213515e-24,0.9999999999999998,3.64353171853188e-87,4.770348510549987e-31,1.2060611436442856e-48,4.1600766619895503e-51
5.923349603625194e-19,3.4792126351251316e-27,8.228075519357709e-17,5.070811925377009e-40,9.359399044123128e-25,1.0,2.4496229939994036e-87,3.2073595058335338e-31,8.108602690662731e-49,2.7969070218815285e-51
1.2544335666016497e-18,2.3072398146747122e-26,6.167167596614808e-16,6.802953366953674e-39,1.1566569071969938e-23,0.9999999999999993,3.286391063541212e-86,4.3023308651719655e-30,1.0878424755840903e-47,3.752304034042455e-50
4.1303658872088764e-19,1.829118237650459e-27,5.656264253183743e-17,2.9817779029279645e-40,5.511879134762644e-25,1.0,1.4404461891548875e-87,1.885977799196086e-31,4.768083037164306e-49,1.6446588193198405e-51
2.0498657163922828e-19,2.8470787310001314e-27,5.21018949748362e-17,2.828842237913568e-40,5.145463578944355e-25,1.0,1.36656557069935e-87,1.7892095510773373e-31,4.523527616569433e-49,1.5603041161490175e-51
4.1082218268654564e-19,3.1575144482242035e-27,1.6324719095507267e-16,7.410092066378343e-40,1.2754444741770583e-24,0.9999999999999998,3.5796894426713985e-87,4.686472073534446e-31,1.1849284366486211e-48,4.0871834412431417e-51
7.114893212257394e-19,9.039885188436245e-27,9.271569971736964e-15,3.0340094621554435e-39,4.543639322730774e-24,0.9999999999999907,1.4656783668486815e-86,1.9187196761951505e-30,4.851605156440661e-48,1.6734681728987424e-50
3.212262875090091e-19,2.5511105093003467e-27,1.553781868927e-16,5.84869242167049e-40,9.483896382293476e-25,0.9999999999999998,2.825403831759935e-87,3.698707498556159e-31,9.352491043943466e-49,3.225962458736727e-51
2.0786605794958584e-19,6.455008832479896e-27,9.53397140877585e-17,5.545585270609924e-40,9.50135006342471e-25,1.0,2.6789779224695876e-87,3.507305969035598e-31,8.867800328285228e-49,3.058777689944644e-51
8.975127747295425e-122,5.270160590655976e-11,7.487915722800231e-30,2.7312738876398177e-08,3.621128682665644e-07,1.2208551066969994e-135,0.9999209016750074,5.1914794177693e-09,1.6432721215490176e-134,7.870365520439467e-05
1.389382629060953e-19,7.173970605732611e-28,6.932567769043541e-17,1.3882485396183952e-40,2.341520958433905e-25,1.0,6.70639257377801e-88,8.78010495965431e-32,2.219911921204607e-49,7.657160521044004e-52
3.5733572343077605e-19,4.7657110006596035e-27,2.339487779495211e-16,1.8152576762439146e-39,2.3373288758416494e-24,0.9999999999999998,8.769201089313671e-87,1.1477664301092455e-30,2.902731061961476e-48,1.001241422172841e-50
2.2871150130402136e-19,3.731573240766966e-27,1.54337610596083e-16,4.599386582709128e-40,8.486583781714203e-25,0.9999999999999998,2.221885428479321e-87,2.90935522000625e-31,7.354758755866283e-49,2.536883010958368e-51
2.5886957425860076e-19,2.2607904864845615e-27,6.825303893909739e-17,3.963993804921303e-40,7.24444357343969e-25,1.0,1.9149379855374153e-87,2.507304107328067e-31,6.338718790612698e-49,2.1864195067310712e-51
3.744524942540808e-19,7.345485426059189e-26,3.052455874988139e-16,8.190928907337335e-39,1.2583791191196338e-23,0.9999999999999998,3.956898441537052e-86,5.180198951801672e-30,1.3097900137417765e-47,4.517869510172369e-50
2.3877676409197135e-19,1.5018443149448975e-26,2.268160199173866e-16,1.8961037265453868e-39,2.871313842698161e-24,0.9999999999999998,9.1597546070951e-87,1.1989649040506889e-30,3.032009865797322e-48,1.0458336667337065e-50
3.4054972905790214e-19,2.121522986623311e-27,1.0682223139689024e-16,5.503914201237945e-40,9.044952200635137e-25,1.0,2.658847337521625e-87,3.4809582279113102e-31,8.801165211096372e-49,3.035793183947819e-51
3.762006836814622e-19,5.2598771710009004e-27,2.5785292386384816e-16,2.1573250569772107e-39,2.7093945808977483e-24,0.9999999999999998,1.0421670424470807e-86,1.3640985912615169e-30,3.449722061397112e-48,1.1899154792937313e-50
5.038202671790492e-19,4.109307052206569e-27,3.470527954814261e-16,1.703415180571755e-39,2.394187176819749e-24,0.9999999999999996,8.22890901408313e-87,1.0770678719596933e-30,2.72388665260992e-48,9.395524723719552e-51
6.403912487730959e-19,4.26486703999241e-27,9.992848810756214e-17,6.031084325404038e-40,1.1267167116888425e-24,1.0,2.9135142574674333e-87,3.8146711804892484e-31,9.644149163057053e-49,3.326564334603317e-51
6.132122560933609e-19,7.370413490383448e-27,1.3995101759607327e-16,7.900351379842897e-40,1.4937933389739216e-24,0.9999999999999998,3.8165253774879315e-87,4.9973648513204985e-31,1.263324520576527e-48,4.3575957009030445e-51
3.0204555622759256e-19,3.1878135631983833e-27,1.8314804188106029e-16,7.319852738478128e-40,1.1502657558949239e-24,0.9999999999999998,3.5360963589394314e-87,4.628968724869978e-31,1.1704985020460638e-48,4.0374101486613525e-51
5.155850123953471e-19,2.1292967975060196e-27,1.4725682390351887e-16,5.647989696066287e-40,9.712772254020131e-25,0.9999999999999998,2.7284477577258844e-87,3.572163522008785e-31,9.031552562912449e-49,3.115260883455887e-51
3.3550216599612753e-19,1.358854993686975e-27,9.614017591200775e-17,3.6773144257023535e-40,6.117943705962983e-25,1.0,1.7764480534543851e-87,2.3255798418928606e-31,5.8802972952769004e-49,2.028295801796981e-51
5.819212493833079e-19,8.055463102929131e-27,5.288207709709628e-16,1.3610844995640164e-39,2.3777694795788705e-24,0.9999999999999996,6.57516771463263e-87,8.608678857393203e-31,2.176474614785644e-48,7.507331861332619e-51
5.5582223258679905e-19,4.5501057649346677e-26,3.6801388264204435e-16,3.0430706075626374e-39,5.507381810060421e-24,0.9999999999999996,1.4700556521741597e-86,1.9248374380262802e-30,4.866094597346386e-48,1.6784660277088901e-50
3.7066411431220514e-19,1.826421131388264e-26,1.8694826179703907e-16,2.087755166017581e-39,3.956527952482762e-24,0.9999999999999998,1.008559011145219e-86,1.320619342499459e-30,3.338474667937517e-48,1.1515428240034883e-50
2.1851946445291495e-19,9.41710235004528e-27,2.687630503207847e-16,9.015092757158603e-40,1.5589338474795572e-24,0.9999999999999998,4.355037976701741e-87,5.702066756045306e-31,1.4415798978974586e-48,4.972453445871267e-51
2.9774604815527777e-19,3.046052207088793e-27,2.6121154784006583e-16,5.047906139100098e-40,9.204127654313137e-25,0.9999999999999998,2.4385575974766223e-87,3.193057980932989e-31,8.071974644521905e-49,2.784272879684839e-51
6.723830353218212e-19,1.4766523511015575e-26,2.1949435701368697e-16,1.6742363559399865e-39,3.233631756303728e-24,0.9999999999999998,8.08795107073491e-87,1.0590540456997119e-30,2.6772275560258338e-48,9.234583116579858e-51
1.0717458929750424e-18,2.7381425043724587e-26,6.46117476056255e-16,4.9275076970038725e-39,8.913799106073842e-24,0.9999999999999993,2.380395158196788e-86,3.1167130565737353e-30,7.879448646532331e-48,2.7178647282141773e-50
8.671375476716472e-19,2.3036567257638253e-26,9.430768673849988e-14,1.0263171375252348e-38,1.4912905195306818e-23,0.9999999999999056,4.95796352958092e-86,6.489659431241707e-30,1.6411568847252203e-47,5.660855994610563e-50
4.0195526319019503e-19,6.039392657872133e-27,1.983669956631365e-16,1.4790153772726455e-39,2.413823775751608e-24,0.9999999999999998,7.144871730006262e-87,9.352973688679544e-31,2.365054797259916e-48,8.157803041957488e-51
4.786256159995707e-19,3.219129922959079e-27,4.052952611167908e-16,1.509948235122284e-39,2.3541314862715018e-24,0.9999999999999996,7.294303102695772e-87,9.548313614541332e-31,2.4145187202231464e-48,8.328419359892323e-51
4.652797703661767e-19,5.799054270261812e-27,9.265757478559263e-16,5.2449812114033005e-39,6.678739592636243e-24,0.9999999999999991,2.533761214301377e-86,3.31587380343804e-30,8.387112241394289e-48,2.8929735511995745e-50
1.3347443984569262e-19,1.8987160520818546e-27,1.1195453233958733e-16,2.833854285666441e-40,4.89830604014996e-25,0.9999999999999998,1.3689868055088797e-87,1.7923782130857295e-31,4.531542250303891e-49,1.5630686103822063e-51
3.4304662017709965e-19,4.952696973382139e-27,1.4294554744621376e-16,1.0783314768331856e-39,1.8076430975180644e-24,0.9999999999999998,5.2092359560676455e-87,6.819650163497562e-31,1.7243316540193053e-48,5.947751413116788e-51
1.6629029005235533e-19,1.7099182484065382e-27,5.666456254539893e-17,2.7381199361709435e-40,4.740808098521491e-25,1.0,1.322739169875442e-87,1.7317223757467876e-31,4.3784559575781015e-49,1.5102644290182017e-51
2.9507798598839606e-19,3.557876265955907e-27,3.311357578410559e-16,8.704013570014693e-40,1.4017025066375347e-24,0.9999999999999998,4.204760912851156e-87,5.504476727998565e-31,1.3918360390574457e-48,4.8008715428024946e-51
9.567677487948287e-20,4.721251872778541e-28,2.975677849044681e-17,7.438744006087267e-41,1.313811567233675e-25,1.0,3.593530706859743e-88,4.7049523066261e-32,1.189510093185531e-49,4.102986986970353e-52
1.6392285106755791e-19,6.2843252405647235e-28,5.221532788708126e-17,1.4933115412121165e-40,2.5714204840293823e-25,1.0,7.213934064414417e-88,9.444515552704822e-32,2.387915418342181e-49,8.23665637103174e-52
9.00188299602355e-19,3.676454875392314e-26,2.1835610005541047e-14,1.559812172529239e-38,2.2145710813149295e-23,0.9999999999999782,7.535187304309234e-86,9.862348456553506e-30,2.4942548383758744e-47,8.603453810745938e-50
1.065950989213385e-18,6.139959888481691e-26,1.0197970736505689e-13,6.080593225864825e-38,6.927568322888412e-23,0.9999999999998981,2.9374311682215444e-85,3.8427507360974976e-29,9.723317560339973e-47,3.3538719553244447e-49
3.67352938999381e-19,5.171748718337034e-27,4.721557911824415e-16,1.3287264824066426e-39,2.0062867634333477e-24,0.9999999999999996,6.418851639965015e-87,8.402555825813124e-31,2.1247317569376843e-48,7.328854794477117e-51
4.639733814503688e-19,2.9350946238059568e-27,3.5341932443951606e-16,1.060028687457931e-39,1.6703128577864174e-24,0.9999999999999996,5.120818293978018e-87,6.703483517352755e-31,1.6950641424682075e-48,5.846798743843763e-51
5.879556619022612e-19,4.208592351966654e-26,3.1774593664259643e-16,6.246754999413702e-39,1.1446573621312402e-23,0.9999999999999998,3.0177010919996375e-86,3.9510630390085395e-30,9.989022496173578e-48,3.445521778179143e-50
3.451593261097539e-19,4.5511334846252525e-27,2.981546544777348e-16,1.687283771226305e-39,2.669841347194546e-24,0.9999999999999998,8.15098091546663e-87,1.0670311320767968e-30,2.6980913366904494e-48,9.306548727512676e-51
3.863249008397183e-19,2.7620687819520697e-27,2.0562141739786432e-16,9.087879617912365e-40,1.4611229042617482e-24,0.9999999999999998,4.390200072419077e-87,5.746923399113012e-31,1.4532190548083054e-48,5.012600485908364e-51
3.251339157048932e-19,1.726495388346311e-26,2.564603386620357e-16,1.5752227703759224e-39,3.0451005609364937e-24,0.9999999999999998,7.609633279125599e-87,9.965066935320192e-31,2.518897521501514e-48,8.688454021074123e-51
6.90739201254054e-19,1.5124158128118843e-26,3.4718147021451275e-14,4.140133266085898e-39,6.4706447831675094e-24,0.9999999999999654,2.0000279629606254e-86,2.6183201049197434e-30,6.620378793596301e-48,2.2835727241566485e-50
3.50695822861963e-19,4.323895497155743e-27,1.4090977446022214e-16,6.8739668850599044e-40,1.1773656988735184e-24,0.9999999999999998,3.3206964866132367e-87,4.347336693034485e-31,1.0991980615868075e-48,3.7914729506119846e-51
3.503461932729998e-19,1.0631931319432705e-26,1.6391031145051471e-16,1.7286631700136506e-39,3.1188125877853994e-24,0.9999999999999998,8.350877755566733e-87,1.0934479973067797e-30,2.76426005161023e-48,9.534785022280266e-51
1.1127405925147265e-18,5.409268570718582e-26,2.2278251149471102e-14,3.153871111248476e-38,4.3103808026280913e-23,0.9999999999999778,1.5235814914156676e-85,1.99391371423128e-29,5.043272785580999e-47,1.739580246506394e-49
3.9551058565134355e-19,1.775118529112562e-26,2.214287131077114e-16,3.022426453929022e-39,5.41630551610443e-24,0.9999999999999998,1.4600828130631105e-86,1.91174015099525e-30,4.83308307261784e-48,1.6670793352235095e-50
4.366146904711709e-19,2.1457340256930456e-26,2.9698763213813807e-16,3.8034275709170256e-39,6.173103791538198e-24,0.9999999999999998,1.8373711688191324e-86,2.4056928195572506e-30,6.081961526210793e-48,2.0978560115010722e-50
1.5120014013787564e-19,4.774249463220024e-27,4.723639693952335e-17,2.9434386221556556e-40,5.615920594273789e-25,1.0,1.4219251346866188e-87,1.8618951511903893e-31,4.7067756962126626e-49,1.623512027580114e-51
3.8466273589429394e-19,4.326497613812973e-27,4.220425746432709e-16,1.6800908673728852e-39,2.62909149303342e-24,0.9999999999999996,8.116233219825147e-87,1.0624394900477104e-30,2.68658935213668e-48,9.266874837215299e-51
8.87057295751878e-122,3.9467170723121235e-11,7.400686050275675e-30,1.414248780762108e-08,2.6607897994499396e-07,1.2066328858414887e-135,0.9999724221003395,5.899942603288381e-09,1.6241289989047564e-134,2.729173878283741e-05
6.268966906612883e-19,1.3107178917881361e-25,5.031403342063994e-16,7.502011149104384e-39,1.377115473742359e-23,0.9999999999999996,3.6240939876860186e-86,4.745476532215476e-30,1.1996269765481386e-47,4.137883236296941e-50
2.9574824228285315e-19,8.114249163317122e-27,2.421923362848171e-16,1.297960906631768e-39,2.0489670737348285e-24,0.9999999999999998,6.270228377848854e-87,8.208017436053643e-31,2.0755353301401702e-48,7.159161153273593e-51
3.3030624304063753e-19,6.049166517276551e-26,2.345938679486446e-16,4.465660549408435e-39,7.597215215712269e-24,0.9999999999999998,2.1572846574884867e-86,2.8244157002883315e-30,7.140920958484777e-48,2.4631237629247635e-50
2.5462521057415115e-19,2.3403147774070253e-26,1.831739965881339e-16,2.000830408157099e-39,3.421463737999851e-24,0.9999999999999998,9.665671392036437e-87,1.2654243963949336e-30,3.199475562097353e-48,1.1035977476455995e-50
4.945681355498862e-19,1.1812796111599975e-26,3.1968789712857456e-16,2.9345243604335312e-39,5.182820648534173e-24,0.9999999999999998,1.4176188062550547e-86,1.85619078677889e-30,4.692521132795934e-48,1.6185951892510028e-50
2.9153489906302726e-19,1.0567759559761157e-27,6.436448408810658e-17,2.6633289095994457e-40,4.672952088458272e-25,1.0,1.286608896890916e-87,1.6844370587358336e-31,4.258859583175038e-49,1.4690119528369865e-51
4.717590668194833e-19,5.481172652070702e-27,3.000625494036653e-16,2.5926501575636498e-39,3.1587958985676545e-24,0.9999999999999998,1.2524651945450123e-86,1.6392121604384546e-30,4.145839041896085e-48,1.4300276842053563e-50
1.0007958470088233e-19,9.026899605021317e-28,2.2632578210037164e-17,1.0159246095951644e-40,1.8237387553152255e-25,1.0,4.907758995390543e-88,6.42558844498622e-32,1.6245384654140645e-49,5.603533943604624e-52
9.782643392585336e-19,4.7215677458172154e-26,5.339306984071496e-13,3.0001622106932243e-38,3.7302879504593804e-23,0.999999999999466,1.449327336378279e-85,1.8965480341057577e-29,4.797480905441291e-47,1.654799050323679e-49
7.527317182026572e-19,2.119295077060595e-26,1.249917330302628e-13,9.230423518219245e-39,1.2894505074868725e-23,0.999999999999875,4.4590606058774804e-86,5.836435706444388e-30,1.4760128768774061e-47,5.091223404631817e-50
4.524694200511988e-19,7.36466250884162e-27,3.4223868530216736e-16,2.2071526363926564e-39,3.440085148786064e-24,0.9999999999999996,1.066237898378025e-86,1.3956849361780892e-30,3.5294000394563316e-48,1.2173988700607485e-50
2.6796713501703667e-19,6.174641258197675e-26,1.626419487172169e-16,2.367171388963096e-39,4.427681326830241e-24,0.9999999999999998,1.143540236105299e-86,1.4973289135423195e-30,3.785281840543819e-48,1.3056603910078054e-50
2.518810983134122e-11,4.447940979450076e-81,3.144233579192264e-123,7.198259226499938e-85,5.9505330815450655e-105,2.8636388887173036e-106,3.633402050042406e-80,1.9663387608157386e-88,0.9999999999748119,1.5631751664933425e-91
3.118841544551511e-19,1.790596226748488e-27,2.285923659792702e-16,6.668820116615197e-40,1.0530008618099182e-24,0.9999999999999998,3.2215935716117284e-87,4.217347725178651e-31,1.0663935783987742e-48,3.6783201758643477e-51
4.514552101132428e-19,8.742519306880569e-27,7.339825587966549e-16,2.8595435304713517e-39,3.791682341692043e-24,0.9999999999999993,1.3813968431596139e-86,1.8082324070163467e-30,4.5726212510010937e-48,1.5772380240153159e-50
9.083534724584747e-20,1.0544605110660166e-27,3.0576848002407345e-17,9.6652997178953e-41,1.8149688273401073e-25,1.0,4.669141900010002e-88,6.113947864026635e-32,1.5455527918469974e-49,5.3310880075378706e-52
1.4905220991033868e-19,8.606641052374931e-28,1.7979037260089907e-17,8.934447035967522e-41,1.672961403134459e-25,1.0,4.3160794011308445e-88,5.651208082784131e-32,1.4286840518256528e-49,4.927971697519108e-52
2.7421662083798525e-19,1.2223344847608605e-27,6.093528014313287e-17,2.3975886511272145e-40,4.193402449011644e-25,1.0,1.1582342979782185e-87,1.5164144134383625e-31,3.833921288300223e-49,1.3224376358871209e-51
3.5680978685661986e-19,1.696946634940242e-27,7.603559945534687e-17,3.767905312322367e-40,6.703089524637669e-25,1.0,1.8202109697126322e-87,2.383038124672374e-31,6.02515881127023e-49,2.0782630041299683e-51
5.623945502864762e-19,2.3822563800226694e-26,2.9940476979647174e-16,3.455564787229116e-39,5.413323404211659e-24,0.9999999999999998,1.6693245748811174e-86,2.1854922305953875e-30,5.525703250102692e-48,1.9059853849843187e-50
2.5720701070754405e-19,6.75790230128094e-28,3.1635432174968523e-17,1.3852352940940134e-40,2.4614249598908263e-25,1.0,6.691836097511351e-88,8.761371575194568e-32,2.2150935192343214e-49,7.64054036733717e-52
4.0948264143894695e-19,4.994631260938172e-27,1.9646059254897304e-16,1.5375083330530418e-39,2.4905601833408727e-24,0.9999999999999998,7.427441249069216e-87,9.722986392786685e-31,2.4585893520950782e-48,8.480432554324422e-51
2.4018849061117786e-19,1.18050461824642e-26,1.5937016619764913e-16,1.095934478309244e-39,1.8513018762800767e-24,0.9999999999999998,5.294273063668838e-87,6.931138796414766e-31,1.7524801536533425e-48,6.044844265344618e-51
9.076775780611803e-19,1.9715942419869576e-26,3.096108119517029e-16,2.4724212437683042e-39,4.708470602487032e-24,0.9999999999999998,1.1943846503698907e-86,1.563926704127601e-30,3.953584128413872e-48,1.3637130381410333e-50
1.3117197234231905e-18,5.128320487755665e-26,7.515062296270124e-16,1.1435542098803152e-38,1.991172710138644e-23,0.9999999999999993,5.52431588691012e-86,7.232407117107473e-30,1.8286276204297083e-47,6.307500351294612e-50
1.7527862509616467e-19,7.974781392875793e-28,1.081179073248323e-16,1.6019402303386924e-40,2.7246858701509614e-25,1.0,7.738700785135717e-88,1.0132032829490044e-31,2.5616207131570447e-49,8.835819478836691e-52
2.567865821278805e-19,9.584010656191905e-28,3.8745264514439026e-17,1.7509743079310486e-40,3.1878564532982052e-25,1.0,8.458659066114239e-88,1.1074662465772485e-31,2.7999372079256916e-49,9.657846532168258e-52
9.747740227613168e-20,8.00226912624369e-28,6.636875169978179e-17,1.146891475129649e-40,1.9543453433170832e-25,1.0,5.540437646358302e-88,7.25394987426789e-32,1.833964153534279e-49,6.325907699003285e-52
1.9390790864452404e-19,1.0114874468216445e-27,3.9172525156523616e-17,1.5471975925765637e-40,2.7442866553334105e-25,1.0,7.474248414617164e-88,9.785744843118543e-32,2.474083193777416e-49,8.533875590381856e-52
3.7165622454159375e-19,5.116085692292033e-27,1.448801650502421e-16,8.330193292243231e-40,1.5084875494433626e-24,0.9999999999999998,4.024174695477361e-87,5.268901764669649e-31,1.3320594166276244e-48,4.59468354543921e-51
3.0322157383860755e-19,2.962900860265709e-27,1.7796673837824506e-16,6.692060669783684e-40,1.1424131540665693e-24,0.9999999999999998,3.2328206876320846e-87,4.232525396196754e-31,1.0701099144796911e-48,3.6911389645962195e-51
2.2271674920492815e-121,2.5096111061512124e-10,1.8581175611735208e-29,7.676222127602026e-08,1.3194212496965148e-05,3.0295377210171454e-135,0.9999493362694784,8.528485116675487e-08,4.077760621076047e-134,3.730721999127281e-05
3.1100364694639786e-19,5.252492155488799e-27,9.282086160364453e-16,1.2080810640010824e-39,1.9182027798942086e-24,0.9999999999999991,5.836034142438063e-87,7.640093156957401e-31,1.931810824196692e-48,6.663411028109143e-51
5.942073798851605e-19,2.482510031170434e-26,5.58496767151338e-16,2.1630817243016914e-39,3.851930621247308e-24,0.9999999999999993,1.044947989897189e-86,1.3682077045674588e-30,3.458927395449843e-48,1.1930906827718763e-50
2.5122795722668296e-19,7.067469283098818e-27,5.621677086392478e-16,1.1464194950149729e-39,1.8265561945761984e-24,0.9999999999999993,5.538157591124201e-87,7.250335546533144e-31,1.8332094226192964e-48,6.323304399430185e-51
4.769513314224628e-19,2.8591428076657915e-27,2.543135813122461e-16,1.0269192377926006e-39,1.663484551221374e-24,0.9999999999999998,4.960872174439957e-87,6.494120807213451e-31,1.6421196878146016e-48,5.664176999210183e-51
6.906634147317798e-19,7.452033804371073e-27,1.8820430950453783e-16,1.60467568517726e-39,2.9753554876010158e-24,0.9999999999999998,7.7519153023200975e-87,1.0149430375761937e-30,2.5659949074676938e-48,8.850907423387467e-51
3.224498335071107e-19,1.047834192428462e-25,3.5637956786083377e-16,7.661663649727759e-39,1.3611263342479737e-23,0.9999999999999996,3.70121939600627e-86,4.846359458317126e-30,1.225156590490999e-47,4.2259427444844473e-50
3.152261821514194e-19,1.4624583742525457e-26,4.404001728759214e-16,5.567904652387792e-39,6.440571988579834e-24,0.9999999999999996,2.689760037742477e-86,3.519597136727001e-30,8.903490672932934e-48,3.0710883899957744e-50
1.6824908493693024e-19,1.5065892152248542e-27,3.835451639989394e-17,1.8404895249262846e-40,3.3420994187602327e-25,1.0,8.891091854695155e-88,1.164089198879239e-31,2.9430786497560192e-49,1.0151585489483936e-51
3.7309522232353194e-19,3.029087088200278e-26,2.4595319422336516e-16,4.433203093567587e-39,8.69110508818403e-24,0.9999999999999998,2.141605011995694e-86,2.804466276122701e-30,7.089019087892343e-48,2.4452212078430915e-50
1.456182035498197e-19,1.819632864241899e-27,3.51674060648531e-17,1.9004498795414172e-40,3.463325348863496e-25,1.0,9.180750129411014e-88,1.2020110791804467e-31,3.0389596841636476e-49,1.0482308733217122e-51
4.075056586538884e-19,2.9182226643229684e-27,1.9266828982797707e-16,7.765840936748687e-40,1.2880312150943939e-24,0.9999999999999998,3.751545671380522e-87,4.911165034485836e-31,1.2418153078909101e-48,4.2834037959704056e-51
2.9537121550978077e-19,4.232449886120666e-27,9.537925009890999e-17,5.8066746888634314e-40,1.0810002368218026e-24,1.0,2.805105778475682e-87,3.6728825632579087e-31,9.285301582592299e-49,3.2027867423508504e-51
7.518546374198944e-19,1.319310287782575e-26,5.393294159179461e-16,2.2494465040897354e-39,3.756029683449315e-24,0.9999999999999996,1.086669346193128e-86,1.422675833439498e-30,3.597031055790998e-48,1.2407268923732631e-50
4.1580342068929316e-19,4.168813333252237e-27,1.1015536874217062e-16,5.1008169014982415e-40,9.314883278967918e-25,1.0,2.4641178873399733e-87,3.226358700890663e-31,8.156582862071274e-49,2.8134568620263067e-51
2.7477208281481617e-19,1.7247213312260923e-26,1.3128745457978698e-16,1.1877028059231778e-39,2.118445969419259e-24,0.9999999999999998,5.737590244663564e-87,7.512760470609727e-31,1.8992244851454742e-48,6.551010699723366e-51
5.14108431441828e-19,9.009355246312887e-27,2.4016811943719405e-16,2.9259223758627124e-39,4.087418954023465e-24,0.9999999999999998,1.4134633345889564e-86,1.8502608523627352e-30,4.678765926869774e-48,1.6138505947111042e-50
3.612669553808664e-19,1.8205876664617235e-27,1.166729862511689e-16,3.783335893209595e-40,6.800891295410814e-25,0.9999999999999998,1.8276652204229762e-87,2.3929467689353776e-31,6.049833447941911e-49,2.0867740469335735e-51
4.171711030996897e-19,4.587154460559171e-27,6.756893607773131e-16,2.1318814971088983e-39,3.20878357064872e-24,0.9999999999999993,1.0298756909985616e-86,1.3480671377126562e-30,3.409035929010366e-48,1.1758815780530142e-50
3.2382896297891065e-19,1.5527421099119873e-27,6.437680581494345e-17,3.0152925265076126e-40,5.341118218708529e-25,1.0,1.4566365338872812e-87,1.9071110781871045e-31,4.82167539532776e-49,1.6631444756757947e-51
1.0,7.390943379001457e-71,5.224631455662494e-113,1.196102345247699e-74,9.887733062054284e-95,4.7583798845804336e-96,2.705939405379133e-70,3.2673766383747794e-78,4.542814098906508e-30,2.597457835072684e-81
9.344591590775381e-19,3.831256029705525e-26,6.0909268533837115e-16,6.173339520376336e-39,1.0298892628788793e-23,0.9999999999999993,2.9822353228120284e-86,3.904572717368953e-30,9.87162572443469e-48,3.4050280127628977e-50
3.56063212765349e-19,1.6606672529646944e-27,7.621375641361635e-17,4.197666172878306e-40,7.587365036878248e-25,1.0,2.027821131855065e-87,2.6549594613501244e-31,6.712378160321404e-49,2.3153061416791067e-51
4.6272084421093555e-20,2.955536021534329e-28,1.2284608321696897e-17,3.465396462839447e-41,6.322508024745188e-26,1.0,1.6740740896502047e-88,2.1919736924837357e-32,5.541424823719623e-50,1.9114082403546075e-52
9.24152673827672e-20,8.223317346451549e-28,2.025748877990349e-17,7.599536494520461e-41,1.3960225491401708e-25,1.0,3.6712068230623226e-88,4.8069406668340473e-32,1.2152219993189733e-49,4.191675277116087e-52
6.853414643866098e-121,3.264714262126822e-10,5.717778366122805e-29,4.280105413003342e-07,2.4499568205851226e-06,9.322459247220465e-135,0.9982571386136786,4.2102580027759746e-08,1.2548038912398383e-133,0.0017399409899081875
4.991942155164453e-19,3.561473932327945e-27,2.9076102667895823e-16,1.717881961875757e-39,2.295256125456488e-24,0.9999999999999998,8.298795574144645e-87,1.0862088861478766e-30,2.747020104179575e-48,9.475319129246452e-51
7.481945551258766e-19,1.4479590072006266e-26,1.0930568734471348e-14,8.688313482871586e-39,1.0303866614895626e-23,0.9999999999999891,4.1971764687127746e-86,5.492970385443027e-30,1.3893254794937827e-47,4.792211848996684e-50
1.6198589632293253e-19,5.314870358465306e-28,2.4457892961479785e-17,9.356847147082222e-41,1.6699112038344934e-25,1.0,4.520133710548642e-88,5.917985372312518e-32,1.4962289485889335e-49,5.160954867686053e-52
2.521285350944429e-19,3.65738594726469e-27,9.333886535114698e-17,5.177305012521851e-40,8.986297016458174e-25,1.0,2.5010679932790027e-87,3.2743819802524435e-31,8.278893000886607e-49,2.855645399206638e-51
2.6679484599950636e-19,1.8571961618637448e-27,7.875196354175169e-17,3.6064659891938654e-40,6.314723742948955e-25,1.0,1.7422223786928743e-87,2.280921396065293e-31,5.7670054135707146e-49,1.9892179394877228e-51
4.1833751279896034e-19,4.923893750210156e-27,3.1610178814181647e-16,1.7573319467061835e-39,2.7553076002470537e-24,0.9999999999999998,8.489371739300004e-87,1.1112469140725099e-30,2.810103542298024e-48,9.692913353268664e-51
3.7721188230648154e-19,1.188779451916039e-27,7.689948907638117e-17,3.327061293542711e-40,5.38017734879116e-25,1.0,1.6072467226279943e-87,2.104097557984289e-31,5.320216674804524e-49,1.8351067308830976e-51
2.720563149691221e-19,1.4499122946992363e-26,1.2460178138694558e-16,1.2256721060922808e-39,2.41037014696625e-24,0.9999999999999998,5.921013475103729e-87,7.753737473318578e-31,1.959940199503161e-48,6.760437914625813e-51
2.742874913887199e-19,1.3829856198022464e-26,1.2633716765372559e-16,1.2336889865841526e-39,2.4001270103645092e-24,0.9999999999999998,5.9597416612934845e-87,7.8043935996543925e-31,1.97275978339472e-48,6.80465661120247e-51
3.176107327222813e-19,3.261022678907643e-27,1.3631387527251048e-16,7.432886908605528e-40,1.3091449927187772e-24,0.9999999999999998,3.5907012433324486e-87,4.70111231283242e-31,1.1885735002640409e-48,4.099756389271428e-51
3.116973764257547e-19,2.5606680538918793e-26,1.3720624090739764e-16,1.8244170898602332e-39,3.611174741071217e-24,0.9999999999999998,8.813448655211764e-87,1.1541154478775157e-30,2.9173776395277164e-48,1.0062934782673787e-50
2.0257383221065327e-19,5.737827578965283e-28,4.877556237836604e-17,1.3782689853013814e-40,2.3659634503977177e-25,1.0,6.65818304421329e-88,8.716939185088317e-32,2.203953876963089e-49,7.602116307264389e-52
3.333680281774488e-19,1.8294526646603758e-26,1.3676092408964126e-16,1.7444948033894535e-39,3.443417652441792e-24,0.9999999999999998,8.427357682693774e-87,1.1035547978940218e-30,2.78957600204028e-48,9.622107539148613e-51
4.3316598561417934e-19,3.5732819152214864e-26,1.1157711683106271e-15,7.566316463703942e-39,1.2086782198872466e-23,0.9999999999999989,3.6551587915970284e-86,4.78532869180658e-30,1.2099098712261156e-47,4.173352109835813e-50
1.0940092193873572e-19,2.2341034130090664e-27,7.301307055528155e-17,2.1328313066514757e-40,3.8210986097613697e-25,1.0,1.0303345277606528e-87,1.349070406054938e-31,3.4105547443598225e-49,1.1764054642856854e-51
1.6161525849212143e-19,4.2722974392881134e-27,1.8785520739553715e-16,6.108090598138281e-40,9.909142960787999e-25,0.9999999999999998,2.950714678324023e-87,3.862911380914051e-31,9.767287880067278e-49,3.369038673946806e-51
4.37368856351433e-19,2.778355635210854e-27,2.2524875190750293e-16,8.097436907780651e-40,1.2901122491541582e-24,0.9999999999999998,3.9117340453898725e-87,5.120733651850666e-31,1.2948399522417713e-48,4.466302139588194e-51
2.720445057719648e-19,1.1900142632969799e-26,4.593652345095534e-16,2.46557887460588e-39,3.631985971913303e-24,0.9999999999999996,1.1910792186180353e-86,1.5590371689681796e-30,3.94264267625351e-48,1.359938994012708e-50
9.666399473141237e-19,7.611818290974137e-27,3.128044802156461e-16,1.6315589104950294e-39,2.8342473377357967e-24,0.9999999999999998,7.881783591260481e-87,1.0319166114016272e-30,2.6089831697309522e-48,8.999187191395384e-51
1.0034968684397051e-18,5.0738267017958556e-26,1.015267570174967e-15,8.14587442359775e-39,1.4672706031744333e-23,0.9999999999999989,3.935133383661898e-86,5.15259070333393e-30,1.3025854680895035e-47,4.493018811370229e-50
5.945460502528155e-19,1.9407433576455226e-26,1.2949455514314324e-14,4.2125085543818097e-39,6.5093441035264075e-24,0.9999999999999871,2.0349912337856566e-86,2.663998493265308e-30,6.736112223834025e-48,2.323492751817239e-50
1.2633556233145178e-18,6.617357661327076e-26,1.5111560327344982e-15,1.9588260269256828e-38,3.2023934856487293e-23,0.9999999999999984,9.462755367881014e-86,1.2388466489861069e-29,3.1323074540419276e-47,1.080429396670661e-49
4.350806617017044e-19,1.8243315541693173e-26,3.105573754716156e-16,6.933613249077697e-39,8.786495458962969e-24,0.9999999999999998,3.3495106319376945e-86,4.384337580605492e-30,1.1087359560660633e-47,3.82437208879974e-50
4.660767842729179e-19,1.4983219815916574e-26,3.7097451252755074e-16,9.397566019747059e-39,9.302965769895552e-24,0.9999999999999996,4.539804308884029e-86,5.9404976500438524e-30,1.502740198155907e-47,5.18341417458496e-50
4.223279911306924e-19,1.5773602536504366e-26,2.7937733828671077e-16,5.292988271239342e-39,6.946229948608301e-24,0.9999999999999998,2.5569526091574358e-86,3.347027817290319e-30,8.463879077433301e-48,2.9194527993447094e-50
1.6092258729208293e-19,1.0853308851864938e-27,3.291929883824123e-17,1.6747331103785686e-40,3.049115931799904e-25,1.0,8.090350809031596e-88,1.0592870521121877e-31,2.6780219037466703e-49,9.237323066731012e-52
2.894854519119254e-19,4.123121243895455e-26,1.3840831696345046e-16,1.942621026244279e-39,3.833485164268022e-24,0.9999999999999998,9.384471767188401e-87,1.2288715283751396e-30,3.106394461852885e-48,1.0714912068752642e-50
3.783278694768858e-19,3.741775985422333e-26,9.872161956847504e-16,4.4361569877525125e-39,6.965716935379757e-24,0.9999999999999991,2.1430319881329044e-86,2.8055191857311614e-30,7.093742583107258e-48,2.446850486955835e-50
3.244308209399109e-19,1.829336860182378e-26,1.0433665041540099e-15,4.645728837769594e-39,6.634069452255886e-24,0.9999999999999989,2.2442725847545703e-86,2.9376246842663623e-30,7.428863447093276e-48,2.562444003298654e-50
2.177875003211063e-19,9.15568186131078e-27,3.552436731212009e-16,1.369447466484645e-39,2.098406288342765e-24,0.9999999999999996,6.61556778836397e-87,8.660057103669763e-31,2.1898476173827778e-48,7.553459469613775e-51
2.4084600736135596e-19,2.0565208175265313e-27,5.411756462242924e-17,2.9779769235223475e-40,5.491118428559433e-25,1.0,1.4386100006745568e-87,1.8835809867904365e-31,4.762004990506251e-49,1.6425623136670466e-51
4.0711892589959767e-19,5.871714086489171e-26,4.3185508237306807e-16,1.9761966176689742e-38,2.0526381402598984e-23,0.9999999999999996,9.546669747898978e-86,1.2492184555054225e-29,3.160084314782563e-47,1.0900104921814396e-49
4.1348068858997913e-19,7.784280515132823e-26,4.088921968678023e-16,1.692462685037638e-38,2.0623471254737373e-23,0.9999999999999996,8.175999375342436e-86,1.0700815204273937e-29,2.70637280496456e-47,9.335114064413386e-50
3.072362829602205e-19,1.7460000672416103e-26,9.459659595668935e-16,2.3719890750927863e-39,3.700863497690931e-24,0.9999999999999991,1.145867578015844e-86,1.5000527667665625e-30,3.7929856753384713e-48,1.3083176811083094e-50
2.016580070295479e-19,1.1637883335823306e-26,3.055467855261756e-16,1.5665668500220302e-39,2.42072222191285e-24,0.9999999999999998,7.567818003155598e-87,9.906678291985521e-31,2.5050560667136815e-48,8.640710576769059e-51
2.541451523094534e-19,1.7334858902662668e-27,3.143788147180211e-16,4.262202963336136e-40,7.03094261130338e-25,0.9999999999999998,2.0589977575417684e-87,2.695667207403839e-31,6.8155772532167176e-49,2.3509026900113654e-51
1.4546328836583966e-19,2.9086304842725267e-27,1.1584875737087957e-16,4.376118602070997e-40,7.25993361650524e-25,0.9999999999999998,2.1140284654170756e-87,2.7676399831241256e-31,6.997736772068936e-49,2.4137351232684782e-51
1.9606009073010676e-19,4.970960543168382e-27,1.8552102641447567e-16,9.885637108319587e-40,1.5441573207749985e-24,0.9999999999999998,4.775583147560897e-87,6.251476181113891e-31,1.5807863681328832e-48,5.452619473164293e-51
1.9942523378486146e-19,1.312751884898727e-27,4.299067661241165e-17,1.988760376949939e-40,3.604053458904566e-25,1.0,9.607363121956953e-88,1.2578645456084802e-31,3.1801746902157394e-49,1.0969402819695113e-51
2.697181652631366e-19,1.4322839864252386e-27,2.0126222558558556e-16,4.062959689578467e-40,6.6030932953970825e-25,0.9999999999999998,1.9627467209744245e-87,2.5695085958909345e-31,6.496972547107864e-49,2.241006105639801e-51
1.9592190626332645e-19,2.119007162761292e-27,1.7639288069380454e-16,3.1372121420350226e-40,5.4302816384516e-25,0.9999999999999998,1.5155338262311908e-87,1.984338071576408e-31,5.016633862133097e-49,1.7303916606222182e-51
3.406929524329897e-19,3.252420506703424e-27,9.523896426803949e-16,7.145910364204411e-40,1.2039757038567524e-24,0.9999999999999991,3.452067754479559e-87,4.519606875762968e-31,1.142683831382588e-48,3.9414687754670177e-51
2.410091988338152e-19,1.949344421727604e-27,2.2023802073021762e-16,5.927060676010688e-40,9.410299142726854e-25,0.9999999999999998,2.8632622019344863e-87,3.7482499248365896e-31,9.477807667361462e-49,3.2691880251351363e-51
3.818498009852641e-19,8.72191613938048e-27,1.946860923624997e-16,1.8091213148659702e-39,3.2612285410033173e-24,0.9999999999999998,8.739557367537249e-87,1.144271137175886e-30,2.8929185658040527e-48,9.97856789770456e-51
8.944106120552443e-20,3.6022523479729792e-28,1.5329578552561316e-17,5.332999010215015e-41,9.947303756889206e-26,1.0,2.5762811147799645e-88,3.3732994699231695e-32,8.527859197262866e-50,2.9415215149105547e-52
1.7840224114637008e-19,3.761826973473299e-27,1.120672983041732e-16,5.125464416213123e-40,8.776269009117861e-25,0.9999999999999998,2.476024682994184e-87,3.2416507860914767e-31,8.195996059742033e-49,2.827051688844534e-51
4.785845820583751e-19,6.887080427469745e-27,4.0281747028526386e-16,4.965833768651362e-39,4.759670557488719e-24,0.9999999999999996,2.398909833865921e-86,3.1386718361248137e-30,7.940734872750474e-48,2.739004236829873e-50
3.9685432509380636e-19,2.8918974994824338e-27,9.143641933033813e-17,4.437425131343443e-40,7.615602622840245e-25,1.0,2.143644607029867e-87,2.8064275613128617e-31,7.095770439355724e-49,2.4475499570779117e-51
2.7292300017283093e-19,4.5678526011825873e-26,1.9393713317536024e-16,2.8182284271110508e-39,4.640665807450348e-24,0.9999999999999998,1.3614382194653716e-86,1.782311319090865e-30,4.506555350178379e-48,1.5544498582876673e-50
4.2315268301084794e-19,2.8394817325385082e-27,1.0019645601772981e-16,6.729437010926968e-40,1.2350912303066326e-24,1.0,3.2508765619694414e-87,4.2563840080139695e-31,1.0760866672940871e-48,3.711754627432529e-51
1.7556864295472242e-19,8.44638210926095e-28,6.926738551774439e-17,1.6832734275961962e-40,2.9280723932458287e-25,1.0,8.131607627897371e-88,1.0646386976843573e-31,2.691678501242288e-49,9.284428881245669e-52
2.8311398867106166e-19,2.7083581296855597e-27,1.8032798590551774e-16,5.700670865062469e-40,9.468322688203475e-25,0.9999999999999998,2.7538971347631477e-87,3.605240510079755e-31,9.115793643121729e-49,3.144318228815721e-51
1.3495683302422486e-19,1.4890465763143001e-27,2.5741600440822036e-17,1.3656851307072324e-40,2.532726469972127e-25,1.0,6.59739258334884e-88,8.638014267525435e-32,2.183831364407652e-49,7.532707558541957e-52
4.1404615481319364e-19,3.491409699849299e-26,6.361947667899378e-16,4.286222269872708e-39,7.664744951736596e-24,0.9999999999999993,2.0706010758154233e-86,2.7113056355259592e-30,6.853985897312591e-48,2.364151015339879e-50
3.0867585565315984e-19,1.5137419637463943e-26,1.0332160247967462e-16,1.1594181129568827e-39,2.333020279256587e-24,1.0,5.600951703536371e-87,7.334373949689428e-31,1.8539951725150276e-48,6.395000858178587e-51
8.195958674183349e-19,2.6189331733224324e-26,2.449271996958586e-16,2.7057571734432304e-39,5.2586209340181206e-24,0.9999999999999998,1.3071052694297391e-86,1.7115005773563586e-30,4.32670550963974e-48,1.492414104277172e-50
2.5155702175660015e-19,2.075062906328429e-27,1.0593674621008797e-16,4.438109536735348e-40,7.543232764941179e-25,1.0,2.1439752314520706e-87,2.8071198833256296e-31,7.096864853509545e-49,2.447927454256184e-51
2.5387353919176315e-19,1.3224016384964676e-27,5.3870867344022544e-17,2.8489361723795737e-40,4.97110845342174e-25,1.0,1.376272608734263e-87,1.8019126612982575e-31,4.555659301698561e-49,1.571387324833793e-51
2.45479876150671e-19,3.2168224079112178e-27,7.977924557255147e-17,4.26019647932143e-40,7.733846544364354e-25,1.0,2.058028459669592e-87,2.694619736150317e-31,6.812368738542873e-49,2.3497959743936455e-51
3.2461778110958254e-19,1.330811751339578e-27,8.798705701693645e-17,3.530698839543648e-40,6.053159402610126e-25,1.0,1.7056205574805575e-87,2.23300054350834e-31,5.6458481470475134e-49,1.9474270634985796e-51
2.5722483588979083e-19,9.208167122534918e-28,4.4210410058702137e-17,1.7722950565703872e-40,3.1442079438296864e-25,1.0,8.561655977076961e-88,1.1209358874473498e-31,2.8340306595061216e-49,9.775445356236046e-52
3.4845071809440406e-19,1.9351264732013e-27,1.8528248212076705e-16,6.696716812287337e-40,9.495420857866888e-25,0.9999999999999998,3.2350699909452132e-87,4.234780592326258e-31,1.0708544660672707e-48,3.6937071525362574e-51
4.02471112431672e-19,2.5070163558119896e-27,2.0905855390406348e-16,8.252401595470651e-40,1.3226712330665946e-24,0.9999999999999998,3.986594850064355e-87,5.218629102610161e-31,1.3196199499677741e-48,4.5517759903687656e-51
1.195491885809988e-18,1.5397763342447824e-26,4.3068000739630106e-16,3.806699624193166e-39,6.494762704822404e-24,0.9999999999999996,1.8389518421830765e-86,2.4075115792929742e-30,6.08719378126825e-48,2.0996607775576224e-50
1.0266918014479865e-19,7.048153265945395e-28,2.8143322934559504e-17,8.995825197357067e-41,1.6215966151162753e-25,1.0,4.3457301467812005e-88,5.689996441782891e-32,1.4384988729856964e-49,4.961826041194298e-52
2.7693066778224693e-19,2.155000677027346e-26,1.2986707820244318e-16,1.3046996691426845e-39,2.4632635380848643e-24,0.9999999999999998,6.3027821921031815e-87,8.252856318127856e-31,2.0863111085558925e-48,7.196330134745433e-51
6.296887442553811e-19,1.2664922005384746e-26,4.428172604568409e-15,3.204304444565007e-39,5.2644624736430245e-24,0.9999999999999956,1.5479449763129813e-86,2.0266744866029324e-30,5.123919407443788e-48,1.7673977523649372e-50
4.0071518022769827e-19,3.315640732358052e-27,5.207048786650404e-16,1.1497784435752096e-39,1.7369064289986413e-24,0.9999999999999996,5.554384101111637e-87,7.270923046646952e-31,1.838580629654503e-48,6.341831348203796e-51
6.059063634894346e-19,3.0199919870996915e-27,9.637053734152004e-17,5.0065877501616425e-40,9.04560255325548e-25,1.0,2.4185973873020568e-87,3.166545542499043e-31,8.005903492230236e-49,2.7614829025609195e-51
3.963193490783098e-19,4.9229269566969e-27,2.560345316843616e-16,1.4258765083109664e-39,2.12952837890891e-24,0.9999999999999998,6.888166892865723e-87,9.016248394118894e-31,2.2800818223066753e-48,7.864705057774574e-51
6.803425486634576e-19,1.1425154793595574e-26,8.678311077882223e-15,6.19600876260013e-39,8.520818619614579e-24,0.9999999999999913,2.9931864481915997e-86,3.9177190572531565e-30,9.907875516691795e-48,3.4175316835508747e-50
3.7843605455772276e-19,8.250701135855327e-27,6.61871531434167e-16,1.2824274325354197e-39,2.1311645574182504e-24,0.9999999999999993,6.195188803692768e-87,8.111246509971461e-31,2.0506961571537544e-48,7.073483188790785e-51
3.07809952679962e-19,2.780725179872853e-27,8.865837327999311e-17,4.22470106182774e-40,7.327494994880697e-25,1.0,2.0408812272511546e-87,2.6720115952815214e-31,6.755608945192569e-49,2.3302177720031384e-51
3.3837929348478507e-19,5.3158317738951095e-27,1.5966260697687085e-16,7.936733671827143e-40,1.3599558298053272e-24,0.9999999999999998,3.834101045157889e-87,5.0195280287969435e-31,1.2691423181116508e-48,4.377663077981387e-51
2.7833698921679233e-19,1.942207854140174e-27,1.3320047906194525e-16,5.247181687593446e-40,8.407406812656399e-25,0.9999999999999998,2.534824226903332e-87,3.3183270000911643e-31,8.39063096524413e-49,2.8941872675216525e-51
3.7403875279248094e-19,2.1698351828132123e-27,5.549286929331463e-16,8.61867440435723e-40,1.2960087356944292e-24,0.9999999999999993,4.16353501345944e-87,5.450225415750151e-31,1.378189676349362e-48,4.753801031228051e-51
2.6686678765417335e-127,3.445267333634269e-17,2.2264596910846615e-35,8.979058024972759e-14,2.3150799594097495e-13,3.6300951884902114e-141,2.430644508522417e-09,4.6092253305611146e-15,4.886111536981665e-140,0.9999999975690295
4.15170906783461e-19,2.3023087097494995e-27,8.438281098474277e-16,6.052713531669881e-40,9.924916685560498e-25,0.9999999999999991,2.923962958595835e-87,3.8281455784223513e-31,9.678735859150653e-49,3.338494352253852e-51
5.989824768197749e-19,1.378426268631336e-26,6.3930245931290506e-15,4.862512011024822e-39,6.927722266183592e-24,0.9999999999999936,2.3489968484809225e-86,3.0747686229996564e-30,7.775515747749858e-48,2.6820150676196143e-50
2.297192998629589e-19,1.0344320881454167e-27,1.3975512861127296e-16,2.065575978906461e-40,3.583541409398193e-25,0.9999999999999998,9.97844622728461e-88,1.3064549694764097e-31,3.3030085088733596e-49,1.1393094524718675e-51
2.552347450339496e-19,1.6165806877659607e-27,7.116723156739203e-17,2.9378125776508224e-40,5.167813614624303e-25,1.0,1.4192072884340668e-87,1.8580546196589207e-31,4.697779236149443e-49,1.6204088711814444e-51
3.365997999907895e-19,3.25820837755034e-27,1.7726790502513373e-16,1.0186041357661684e-39,1.6930566682413305e-24,0.9999999999999998,4.9207033304530085e-87,6.441708205386065e-31,1.6288232255740345e-48,5.61831340220641e-51
9.992145795343354e-20,3.68605835982491e-28,1.700302893850314e-17,5.9068621066323e-41,1.0976433534613932e-25,1.0,2.853504615976214e-88,3.736241548995588e-32,9.445508661372596e-50,3.2580471023277677e-52
1.7128845052989742e-19,9.961686694078931e-28,2.3689188466107496e-17,1.2273027663149196e-40,2.2835244402882104e-25,1.0,5.928890917781139e-88,7.762903872531043e-32,1.962547745768657e-49,6.769432145490273e-52
6.949488152986821e-19,1.2547029430201434e-26,1.5933087281685418e-16,1.1948512038470366e-39,2.2032515941441067e-24,0.9999999999999998,5.7721229392427105e-87,7.557533897911275e-31,1.9106553012700417e-48,6.590439108172133e-51
9.754182353211644e-19,6.74319471275274e-26,6.121128906845769e-16,8.741747551518254e-39,1.4676294893970922e-23,0.9999999999999993,4.2229895588817624e-86,5.528493439930686e-30,1.3978699817755556e-47,4.821684471243846e-50
9.644755014810638e-19,1.9827743923514926e-26,1.3480690668872793e-15,5.043046379646931e-39,8.299037754265568e-24,0.9999999999999987,2.4362099306158057e-86,3.1894560095973545e-30,8.064203531221747e-48,2.781592383157764e-50
2.9440016305926097e-19,9.87807782096778e-26,1.7394655747304093e-16,2.6039759317706424e-39,4.757385239286602e-24,0.9999999999999998,1.257936483079039e-86,1.6470508298696945e-30,4.163949789973269e-48,1.4362746394948216e-50
3.514506907468121e-19,2.0257160604822614e-27,1.1386793952562416e-16,5.1340519021443705e-40,7.915854546376225e-25,0.9999999999999998,2.480173151787342e-87,3.24678517109464e-31,8.209728085160685e-49,2.8317882877114057e-51
3.585252993692188e-19,4.156142111015462e-27,1.70340320930972e-16,7.218323436819867e-40,1.2293779266068136e-24,0.9999999999999998,3.487049279064593e-87,4.565134917011663e-31,1.154263216664602e-48,3.9814096447304406e-51
3.170981451473715e-19,1.1054059308699288e-26,8.769554858840086e-16,2.24959693456781e-39,3.4019928599985664e-24,0.9999999999999991,1.0867420167391475e-86,1.4225748949232077e-30,3.597271605696011e-48,1.2408098654515466e-50
5.167392282649717e-19,5.936674378019958e-27,4.2463243052088783e-16,3.56688664492339e-39,4.03908349103803e-24,0.9999999999999996,1.723102271660056e-86,2.2549354456822205e-30,5.703715122896661e-48,1.9673871672626851e-50
2.7808636672964043e-19,1.2533263470957713e-27,9.274713944277253e-17,3.3881053337188842e-40,5.594939844399558e-25,1.0,1.6367360602096093e-87,2.14270711620202e-31,5.4178306025990825e-49,1.86877678360333e-51
3.23928086740376e-19,2.799359996550696e-27,1.0310572299280595e-16,5.725508967416687e-40,1.0039780189991043e-24,1.0,2.765895999574239e-87,3.6211382137561313e-31,9.15551160287909e-49,3.1580181774718846e-51
6.072224571599834e-19,2.2962191944620393e-26,1.6752096879663303e-16,1.654010810242961e-39,3.2350031366938555e-24,0.9999999999999998,7.99024490103114e-87,1.0462484152185464e-30,2.6448854155216608e-48,9.123025104267336e-51
5.7548436424075e-19,4.4738651432964255e-27,1.0081958398560703e-16,6.259710376207205e-40,1.1694221497367697e-24,1.0,3.0239596140828597e-87,3.959309750849381e-31,1.000973909996441e-48,3.452667573431738e-51
5.013940394805942e-19,1.4140467877617866e-26,4.659967737096356e-16,2.7108360862985466e-39,4.417449848837863e-24,0.9999999999999996,1.309558805860537e-86,1.7143588016227697e-30,4.334827066364165e-48,1.4952154795453467e-50
1.9182905698639595e-19,1.7302920807959116e-26,1.0826083269965837e-16,9.483304926339005e-40,1.644366058181549e-24,1.0,4.58122331373934e-87,5.997789420026777e-31,1.516450481535719e-48,5.230705168261515e-51
6.655226792593799e-20,2.5783437927818515e-28,3.005317297716129e-17,4.540996797922253e-41,7.718986562188721e-26,1.0,2.1936783170385978e-88,2.8720997381567415e-32,7.2613891801103005e-50,2.5046769660899098e-52
1.4794150881432395e-19,7.828510548253476e-28,1.5167706172912642e-16,1.5250627779900118e-40,2.575633233960077e-25,0.9999999999999998,7.367318888191478e-88,9.645757368008921e-32,2.4386879901939983e-49,8.411786622390016e-52
1.6113078308003683e-19,1.5919022925279351e-27,2.6081186589310657e-17,1.5375469825633389e-40,2.9527846655103733e-25,1.0,7.427627958322605e-88,9.72568109311408e-32,2.4586511555300604e-49,8.480645733423056e-52
2.5213645773214624e-19,2.9462521472695613e-27,5.3724306873095673e-17,3.775468788176455e-40,7.229627067837156e-25,1.0,1.8238647562220004e-87,2.388110869144643e-31,6.037253367531966e-49,2.0824347894085768e-51
5.751470421152841e-19,4.34221009351013e-27,1.0351987678885802e-16,6.413931943448563e-40,1.1882197448166387e-24,1.0,3.098461430019499e-87,4.056754319889496e-31,1.0256350773125099e-48,3.537731541498066e-51
3.9746367036408874e-19,4.5604432093659386e-27,1.3640395087256653e-16,8.653858456581168e-40,1.5744358433969413e-24,0.9999999999999998,4.180531831023288e-87,5.473581097415606e-31,1.3838158662158965e-48,4.773207494390103e-51
2.6934957392925764e-19,2.5880739515021365e-27,6.768657105768232e-17,3.900310277783375e-40,7.28539263525828e-25,1.0,1.8841735566649827e-87,2.467057069423002e-31,6.236884128159422e-49,2.1512935925196773e-51
4.847889861423046e-19,3.0804134397878536e-27,2.826831074828431e-16,1.2001522265681098e-39,1.8192478577013907e-24,0.9999999999999998,5.797731279438264e-87,7.589056155190163e-31,1.9191320283713846e-48,6.619677952960549e-51
2.1130570523813288e-19,8.745071601293349e-27,5.680695483555334e-17,4.445264897800518e-40,8.491152901207333e-25,1.0,2.147431864765745e-87,2.811831357640028e-31,7.108306804479092e-49,2.4518741358519917e-51
3.734982833421684e-19,5.7548723035862244e-27,1.6945738604782762e-15,1.9389854303275973e-39,2.931540865081126e-24,0.9999999999999982,9.366908820167396e-87,1.2261755932791025e-30,3.100580875028799e-48,1.0694859215734724e-50
3.544326511480776e-19,3.248373572334495e-27,1.982678378641278e-16,7.541387119394438e-40,1.1670553623770869e-24,0.9999999999999998,3.6431158499563566e-87,4.769331819060865e-31,1.2059234851938911e-48,4.159601835560377e-51
5.49631208761334e-19,9.401107509881326e-27,8.767046102722383e-16,4.387795981283936e-39,6.31524707187522e-24,0.9999999999999991,2.1196696090766623e-86,2.7743957708866478e-30,7.016409764920728e-48,2.4201760141123308e-50
9.577319797226558e-19,4.0532557351621897e-26,3.0083690394221854e-14,2.484029540425217e-38,3.0995194963417866e-23,0.99999999999997,1.1999924216668106e-85,1.5702989943752624e-29,3.9721466539237444e-47,1.3701158254090668e-49
3.7643998777964507e-19,3.0279717116545946e-27,6.793245939771524e-16,6.873257127146409e-40,1.1861015231658698e-24,0.9999999999999993,3.320353613144686e-87,4.347411543738115e-31,1.099084565559506e-48,3.7910814678351835e-51
7.458479707559626e-19,1.327151636507256e-26,4.781593249937692e-14,4.5316656329817797e-39,7.027469986756491e-24,0.9999999999999523,2.1891705898420985e-86,2.8658192599204757e-30,7.246467957925644e-48,2.499530176612713e-50
2.735969141836684e-19,1.0795229908054686e-27,7.17602023968121e-17,2.624548197395616e-40,4.323461114583213e-25,1.0,1.2678745946164983e-87,1.6598495097233095e-31,4.196846361466168e-49,1.4476216810646676e-51
1.64136885669162e-19,1.0105839362043509e-27,8.164085219342072e-17,1.9466527218014857e-40,3.1611600840872557e-25,1.0,9.403948202396146e-88,1.2311518509136015e-31,3.1128414406452273e-49,1.073714968593994e-51
1.4138251516597004e-19,7.204647330783133e-28,2.3728649137055696e-17,1.0042104461881699e-40,1.8278358970417685e-25,1.0,4.8511698641891405e-88,6.351640890800618e-32,1.6058066531047431e-49,5.5389221487255414e-52
1.1069785105914519e-18,8.284343048237228e-26,5.4646109727438964e-14,1.2459563414577457e-37,1.152931053596002e-22,0.9999999999999454,6.019003178544228e-85,7.869761930049989e-29,1.992376193670596e-46,6.872319657365892e-49
9.119245535863715e-19,3.452623117176981e-26,6.303445380904186e-13,1.8538481105952034e-38,2.475446681123147e-23,0.9999999999993696,8.955624912125355e-86,1.1720844568035978e-29,2.9644400153047773e-47,1.0225267424178437e-49
3.933768593419881e-20,1.5576085810972435e-28,6.20674398770221e-18,2.2259333998596338e-41,4.0189902720580976e-26,1.0,1.0753105655267018e-88,1.407925029058443e-32,3.5594318661630754e-50,1.2277577728459883e-52
2.8829804902236813e-19,2.3548385768534638e-27,7.756793191151895e-17,3.9888856004065595e-40,7.181995518409742e-25,1.0,1.9269627886150923e-87,2.523003861866225e-31,6.3785226097429026e-49,2.200149070932209e-51
3.0383840884601187e-19,1.5127426689904621e-27,2.78883151413373e-16,5.169287469155798e-40,8.019250227459768e-25,0.9999999999999998,2.4971948541057333e-87,3.269048790316067e-31,8.266072355909346e-49,2.8512231635495686e-51
1.8974901241210672e-19,6.8599962531137605e-28,4.6521402582805745e-17,1.202638681254359e-40,2.0882259808888852e-25,1.0,5.809742917088925e-88,7.606423494474807e-32,1.9231080523391152e-49,6.633392485266834e-52
4.0119485778532636e-19,5.735715711940338e-27,1.5633166175664736e-16,8.78132269685294e-40,1.567786519719484e-24,0.9999999999999998,4.242107637939015e-87,5.554170795071131e-31,1.404198339554025e-48,4.843512927986414e-51
1.574907071296071e-19,4.855129466223139e-28,7.566126622693521e-17,1.2089794889599644e-40,2.06337297439208e-25,1.0,5.84037428012861e-88,7.646628933995218e-32,1.9332474718884692e-49,6.6683664688493554e-52
5.567251502142413e-19,3.943149687252167e-27,1.5528021245111374e-16,7.970560181308858e-40,1.448335558532875e-24,0.9999999999999998,3.8504420550059366e-87,5.041322864070602e-31,1.2745514262372948e-48,4.3963207593064704e-51
1.0771235740499255e-18,6.993577264307038e-26,8.715556755633234e-14,4.187647007704039e-38,5.430875218865294e-23,0.9999999999999127,2.0229810448622667e-85,2.6471705546401294e-29,6.696356779558045e-47,2.309779873624864e-49
5.315305916081511e-19,7.800628644542813e-27,4.843656176930509e-15,1.8953609770997063e-39,3.1431831376996895e-24,0.9999999999999951,9.156166504675461e-87,1.19875622452431e-30,3.030822152533695e-48,1.0454239878207756e-50
9.157600853892929e-19,4.877695988723769e-26,3.210715953297334e-14,1.8351339300915306e-38,2.7309202600534707e-23,0.9999999999999678,8.865219887860527e-86,1.1604295865899298e-29,2.934514658430145e-47,1.0122045643602791e-49
8.95310157755134e-19,2.2532347888641447e-26,3.0443994178305834e-16,2.4033957877220053e-39,4.519358549647561e-24,0.9999999999999998,1.1610396266369664e-86,1.5202188086157488e-30,3.843207327647946e-48,1.3256406771075688e-50
2.497945798818174e-19,2.152304675161034e-27,8.719777455868095e-17,4.243161526415735e-40,7.497501629154633e-25,1.0,2.0497991636368275e-87,2.683718778918863e-31,6.78512859092955e-49,2.3404000077834523e-51
3.831693839892892e-19,4.266179143390481e-27,8.580149764350384e-16,7.997070040099054e-40,1.3898660733897413e-24,0.9999999999999991,3.863248516855049e-87,5.0582942036766714e-31,1.2787905483878785e-48,4.410942798354511e-51
4.265836463595874e-19,3.985567438917393e-27,1.6225028945762975e-16,7.826452954693363e-40,1.3209309024134782e-24,0.9999999999999998,3.780826306580524e-87,4.949924300991452e-31,1.2515076171951844e-48,4.316835558489228e-51
3.432285301646878e-19,3.813847786728885e-27,1.1476904970079819e-16,7.527274608702921e-40,1.2424275460302742e-24,0.9999999999999998,3.6362983362184434e-87,4.760756833483235e-31,1.2036667905771814e-48,4.151817800183484e-51
2.9471409543782517e-19,1.240771645780974e-27,6.130570165940107e-17,1.7672152884925273e-40,3.250598528340842e-25,1.0,8.53711647893726e-88,1.117816265190739e-31,2.8259077344207372e-49,9.74742688366761e-52
9.421522506795816e-19,4.173750201974852e-26,5.55647688029019e-16,6.596618980658692e-39,1.1193526570876055e-23,0.9999999999999993,3.186714431243809e-86,4.17180253994726e-30,1.054848083760419e-47,3.6384962058692946e-50
4.907352571765252e-19,5.1962177130996294e-27,7.574819711193946e-16,1.6738152091018813e-39,2.5888422445859624e-24,0.9999999999999993,8.085916583366471e-87,1.0585366544563621e-30,2.6765541115881268e-48,9.232260199126578e-51
2.9604685394426233e-19,3.1231024062908606e-27,8.929854191169485e-17,6.312226811229099e-40,1.0587054327077255e-24,1.0,3.049329411231663e-87,3.992333760242248e-31,1.009371675935374e-48,3.4816340568306175e-51
4.280260032719181e-19,2.7281978166863302e-27,1.9176598360923563e-16,7.304893751254927e-40,1.1873760926542424e-24,0.9999999999999998,3.52886992625532e-87,4.619610152364154e-31,1.1681064494057262e-48,4.0291592217363305e-51
2.653071388788782e-19,1.295928269269156e-27,1.5808054882838733e-16,4.084282537118587e-40,5.987631593278415e-25,0.9999999999999998,1.9730474261886185e-87,2.5828396438544824e-31,6.531069355563743e-49,2.2527671459364032e-51
3.870466574257937e-19,5.055980279166789e-27,8.321754691687347e-16,9.219979376840981e-40,1.5862185373972302e-24,0.9999999999999991,4.454015217565732e-87,5.8318285956143215e-31,1.4743427811461562e-48,5.085462729608836e-51
2.941463173484757e-19,1.2776294488408223e-26,2.035714077910877e-16,1.6976762106614376e-39,2.931490802386659e-24,0.9999999999999998,8.201185025759577e-87,1.0737214282416697e-30,2.7147096156998758e-48,9.363870294525079e-51
7.454912204818066e-19,1.453447145262627e-26,2.6985142222225153e-14,5.59472052644358e-39,8.51424766078234e-24,0.9999999999999729,2.7027143278399447e-86,3.5379989703822024e-30,8.946371227069664e-48,3.085879214961842e-50
3.661332053011177e-19,1.3487949503282999e-27,1.0131056275871083e-16,4.026068900699789e-40,6.576336413641842e-25,1.0,1.9449254085553262e-87,2.5461043151399413e-31,6.437981452485447e-49,2.2206582586583593e-51
5.298398685671178e-19,3.258915141392914e-27,2.6438492401617263e-16,1.0151227438492167e-39,1.6321262690664689e-24,0.9999999999999998,4.903885318915745e-87,6.4196461689535735e-31,1.6232562230623545e-48,5.599111094472576e-51
2.7219425879981634e-19,1.2535266086882737e-27,4.610131434051309e-17,2.2689172177289248e-40,4.158467708532506e-25,1.0,1.0960753168987784e-87,1.435096293559078e-31,3.6281661649754276e-49,1.2514663512935497e-51
1.6480469484145303e-19,7.287487325633187e-28,1.1736608805341394e-16,1.4609816405581324e-40,2.537530299712159e-25,0.9999999999999998,7.057753812309864e-88,9.240689653230165e-32,2.336217519702625e-49,8.058334382358184e-52
2.0448414996108536e-19,1.4128922653958261e-27,5.769535502671696e-17,2.8852429415723677e-40,5.116497544433651e-25,1.0,1.3938117913685302e-87,1.8248396620464369e-31,4.613716506357654e-49,1.591413044378397e-51
3.035292471838944e-19,1.0147187353020646e-27,4.534403730216242e-17,2.0110644512155427e-40,3.573542617392561e-25,1.0,9.715110311212812e-88,1.2719531101337575e-31,3.2158405518953362e-49,1.109242537090235e-51
1.95680145185245e-19,1.0390250558394433e-26,1.636039510026123e-16,1.2520750063019878e-39,2.1132698099995495e-24,0.9999999999999998,6.048561396567389e-87,7.918814034154795e-31,2.0021603869240546e-48,6.906068355735314e-51
4.906803890252051e-19,4.622645380764033e-27,3.9485236206666994e-16,1.6673953237802757e-39,2.5475874825280542e-24,0.9999999999999996,8.054903210032283e-87,1.0543877486596141e-30,2.666288241165125e-48,9.196850047497899e-51
2.8780359204956646e-19,4.076759382739745e-27,2.0933171053184103e-16,7.414880359226677e-40,1.1152095844093892e-24,0.9999999999999998,3.5820025852261417e-87,4.689440812888757e-31,1.1856941199379429e-48,4.0898245189395146e-51
3.4860601651620226e-19,4.918932732935044e-27,6.387270960332338e-17,4.245072671923668e-40,8.0905572212023065e-25,1.0,2.0507224052463153e-87,2.685125668101003e-31,6.7881846527877044e-49,2.3414541377237713e-51
7.987487549955569e-19,3.5635085778454924e-26,5.0384033007896727e-14,1.3425281951765757e-38,1.8902276409806418e-23,0.9999999999999496,6.485525367042479e-86,8.488581291973018e-30,2.1468017147900354e-47,7.4049808824076965e-50
7.99063957244111e-19,6.0537243860168276e-27,2.5641440403335115e-16,1.8259044828945807e-39,3.0471286229005085e-24,0.9999999999999998,8.820633997428431e-87,1.1547265994497549e-30,2.9197560906352584e-48,1.0071138793719424e-50
1.7735597602139946e-19,6.768353200153229e-28,3.285798098578091e-17,1.2350290022367453e-40,2.0949151494531926e-25,1.0,5.966215050047232e-88,7.81090979106587e-32,1.974902567717212e-49,6.812047734859082e-52
8.11060914688977e-19,1.827883382746043e-26,2.450509431210399e-16,2.1723133900613832e-39,4.053107260530882e-24,0.9999999999999998,1.0494076508460276e-86,1.3739927049566807e-30,3.473689511445788e-48,1.19818259163033e-50
2.6249890122034753e-19,6.6500603563354405e-28,3.939828351242517e-17,1.5614640550754796e-40,2.7088931082854044e-25,1.0,7.543167268059997e-88,9.875640164389186e-32,2.496896320606845e-49,8.612565097137167e-52
3.4949898390338847e-19,6.162544043204758e-27,1.775157320500307e-16,1.182875184626261e-39,1.9959183658522405e-24,0.9999999999999998,5.71426882759953e-87,7.48093563697886e-31,1.8915047623305827e-48,6.524382996070025e-51
4.660194584371741e-19,5.0600181798679476e-26,2.8817457397556893e-16,3.594411477980488e-39,5.996223673140871e-24,0.9999999999999998,1.7363990497884464e-86,2.2731897306976834e-30,5.747729361484853e-48,1.9825690349242784e-50
2.1032330708193303e-19,1.2669266996804697e-27,6.193411338867613e-17,2.8373143844518166e-40,4.820863396940744e-25,1.0,1.3706583207234142e-87,1.7944781977456734e-31,4.537075204887567e-49,1.5649770969747008e-51
1.6267210953248377e-19,4.9502037843554e-28,2.7405619598337383e-17,8.672984815139895e-41,1.481511199227583e-25,1.0,4.189771449176883e-88,5.48544098925312e-32,1.3868743120583922e-49,4.7837570168907484e-52
5.895317479807682e-19,5.477022064028886e-27,6.437137511070055e-16,3.03345493993081e-39,3.8445145049691275e-24,0.9999999999999993,1.4654104869149464e-86,1.9179607377065467e-30,4.850718435538916e-48,1.6731623155200677e-50
4.690058400748892e-19,3.413725402820023e-27,6.944297660724623e-16,2.033454647598629e-39,2.5959750215947658e-24,0.9999999999999993,9.823273542336428e-87,1.2857096942237047e-30,3.2516441293843845e-48,1.1215922946398698e-50
4.396990619950713e-19,1.8148982987130257e-27,1.6078090340284148e-16,6.7432416462434115e-40,1.0325842993404828e-24,0.9999999999999998,3.257545347132239e-87,4.264173658090355e-31,1.0782941306240352e-48,3.7193688489249534e-51
4.362570903485557e-19,1.729107817904231e-27,1.4875076114055505e-16,6.0677781264796844e-40,9.479589495249478e-25,0.9999999999999998,2.9312404092659002e-87,3.837107511519839e-31,9.702825262407948e-49,3.346803530005025e-51
2.6389862740373414e-19,1.531845904386345e-27,8.12162953236464e-17,3.0295497668770636e-40,5.3946127775625505e-25,1.0,1.4635239641265577e-87,1.9162066721031506e-31,4.8444737751216864e-49,1.6710083396443072e-51
9.173235101743615e-19,7.88626634763993e-27,2.4915186811130594e-16,2.466437466405409e-39,3.958227933844128e-24,0.9999999999999998,1.1914939902260675e-86,1.5596292733673344e-30,3.944015629634881e-48,1.3604125679568722e-50
9.173235101743615e-19,7.88626634763993e-27,2.4915186811130594e-16,2.466437466405409e-39,3.958227933844128e-24,0.9999999999999998,1.1914939902260675e-86,1.5596292733673344e-30,3.944015629634881e-48,1.3604125679568722e-50
6.090680145098013e-19,4.696878900372298e-27,1.5170651258157728e-16,1.0182488986439885e-39,1.6788566794673392e-24,0.9999999999999998,4.918987240782917e-87,6.439700948808941e-31,1.6282551753332137e-48,5.616354021820034e-51
6.090680145098013e-19,4.696878900372298e-27,1.5170651258157728e-16,1.0182488986439885e-39,1.6788566794673392e-24,0.9999999999999998,4.918987240782917e-87,6.439700948808941e-31,1.6282551753332137e-48,5.616354021820034e-51
7.265326142643271e-19,8.059485806067874e-27,3.387434331722608e-16,3.33253324888103e-39,4.4409230299286385e-24,0.9999999999999996,1.609890131949892e-86,2.106960182427996e-30,5.328966737973012e-48,1.838124897397795e-50
7.265326142643271e-19,8.059485806067874e-27,3.387434331722608e-16,3.33253324888103e-39,4.4409230299286385e-24,0.9999999999999996,1.609890131949892e-86,2.106960182427996e-30,5.328966737973012e-48,1.838124897397795e-50
4.0498504230721597e-19,1.735750430343828e-27,1.1341377084222497e-16,4.506817228512035e-40,7.452143259725695e-25,0.9999999999999998,2.1771667489687593e-87,2.8502195526983505e-31,7.20673352673216e-49,2.485824546435975e-51
4.2338338023968147e-19,1.3392732034901957e-26,2.2046291153289243e-16,1.7464440803822832e-39,3.1512240919156854e-24,0.9999999999999998,8.43677430897206e-87,1.1046405676545535e-30,2.79269304010549e-48,9.632859164286318e-51
1.908879526099098e-19,7.2500454833039e-28,9.840108752737285e-17,1.9505371950263174e-40,3.1628346825255406e-25,1.0,9.422713430529068e-88,1.2335796282277e-31,3.1190529997173058e-49,1.0758575267942048e-51
2.9543856531516785e-19,2.341608069240387e-27,3.3434965674527563e-16,4.3795488833941606e-40,7.587386107898169e-25,0.9999999999999996,2.1156855753925552e-87,2.770119706590481e-31,7.003222043239216e-49,2.4156271623854378e-51
1.318082707801741e-19,2.9601681501099468e-27,6.146943413790966e-17,2.3617001700563384e-40,4.193447184373708e-25,1.0,1.1408971829930668e-87,1.493762786135756e-31,3.7765329564778e-49,1.3026426312027592e-51
3.527048136776526e-19,1.7023945634301485e-27,6.480051355722663e-17,3.5083077786823916e-40,6.41322915057971e-25,1.0,1.6948038165945357e-87,2.218971629248872e-31,5.6100431866648556e-49,1.9350768289473464e-51
4.2331608697964633e-19,3.587951435543776e-27,1.731636227838273e-16,1.0769035169480757e-39,1.821973630973444e-24,0.9999999999999998,5.202337724668252e-87,6.81050791572012e-31,1.722048240701299e-48,5.939875216703388e-51
1.3333364027413542e-19,9.967421029259719e-28,1.0954071895043658e-16,2.1150536952553006e-40,3.518657032069872e-25,1.0,1.021746466131217e-87,1.3376771347135071e-31,3.382127031276835e-49,1.166599869737234e-51
2.5319965523032044e-19,1.4592404558007817e-27,5.231327033628696e-17,2.5529967058479986e-40,4.654890513159625e-25,1.0,1.233309285894974e-87,1.6147947359594117e-31,4.082430242745245e-49,1.4081560347535607e-51
9.621998045637492e-19,2.1624333350743854e-26,1.1946182869109191e-14,8.755100796795116e-39,1.2978966177343681e-23,0.999999999999988,4.229440282857425e-86,5.536367686478661e-30,1.4000052637227655e-47,4.829049716927751e-50
5.198177182842975e-19,4.1275529046188395e-27,3.705089901872268e-16,1.5537877324740002e-39,2.3283307341291325e-24,0.9999999999999996,7.506084261098894e-87,9.825186309720433e-31,2.484621314585133e-48,8.570224817503911e-51
4.683928902246169e-19,4.825986654749189e-27,4.292106928712275e-16,1.9779328617806623e-39,2.9864200947451186e-24,0.9999999999999996,9.555057240370842e-87,1.2506964801206813e-30,3.162860694829283e-48,1.090968151243589e-50
2.2401062041116514e-19,7.713702934647196e-28,3.016410887099155e-17,1.319227604572467e-40,2.406699630229469e-25,1.0,6.372964176167768e-88,8.34399527393434e-32,2.109542349698557e-49,7.276461846654026e-52
2.0820043150436455e-19,5.576022663949107e-28,3.155538340789526e-17,1.22051402607945e-40,2.1219764129755473e-25,1.0,5.896095668639269e-88,7.71932106744183e-32,1.951692048949835e-49,6.731987500810687e-52
3.412797420413415e-19,2.411797310077219e-27,1.313394193999529e-16,6.7774558593997704e-40,1.022437761953357e-24,0.9999999999999998,3.2740736518099713e-87,4.285854004178132e-31,1.0837652360190392e-48,3.738240377942352e-51
4.494604664576652e-19,2.406431008939517e-27,1.4977048824771057e-16,9.088486388318475e-40,1.4070010838385257e-24,0.9999999999999998,4.390493192912863e-87,5.747515429936253e-31,1.453316081886775e-48,5.012935162211342e-51
3.213867885484385e-19,3.78320399016366e-27,2.5054601448054557e-16,4.918048562732751e-40,8.831090788679197e-25,0.9999999999999998,2.3758256111204503e-87,3.1108078640432827e-31,7.864322791726934e-49,2.712647354628146e-51
4.521649106044437e-19,3.366238944095602e-27,2.8096934037092553e-16,1.7457598669636986e-39,2.6912319163695784e-24,0.9999999999999998,8.433468990350607e-87,1.1039532668093654e-30,2.7915989323373533e-48,9.629085249326937e-51
4.1586084402130733e-19,1.0409156404238627e-26,3.997296934037273e-16,3.913101436090174e-39,5.519092373353221e-24,0.9999999999999996,1.8903527471913794e-86,2.4743418276180628e-30,6.257338133138757e-48,2.1583488093490255e-50
3.527940242975346e-19,1.9583835534841522e-27,1.4837723477213401e-16,5.298972220217652e-40,8.714029019060151e-25,0.9999999999999998,2.5598433522182565e-87,3.3511557034141786e-31,8.473447850676534e-49,2.922753364201045e-51
3.1000184003821386e-19,1.8076763150691146e-27,9.754079324753206e-17,4.171170257682814e-40,7.141158640911849e-25,1.0,2.015021406045183e-87,2.6379574373279625e-31,6.67000923604367e-49,2.3006917936412605e-51
2.315249919863142e-19,1.5020316931246277e-27,2.1687063431024036e-16,3.838967873327029e-40,6.543982332788349e-25,0.9999999999999998,1.8545400838905019e-87,2.4280312469975782e-31,6.138793092242741e-49,2.117458970502857e-51
3.0787812634217384e-19,3.000600986099033e-27,7.07640025995663e-16,9.067247860928726e-40,1.4266483828162782e-24,0.9999999999999993,4.380233220580993e-87,5.7342115680536745e-31,1.449919884206595e-48,5.0012206295140227e-51
3.578809046974271e-19,5.378897580302477e-27,3.1874211180059557e-16,1.4165965272780111e-39,2.2392606367383735e-24,0.9999999999999998,6.843336881204072e-87,8.95824597551029e-31,2.2652424468566847e-48,7.813519477497675e-51
6.930782203106718e-19,1.3637471364825912e-26,3.039873315550694e-15,4.053123928633751e-39,6.098260824764866e-24,0.9999999999999969,1.9579952319433055e-86,2.5631096346767947e-30,6.481244438380177e-48,2.235580996115567e-50
5.2958824763707695e-19,6.875442164417695e-27,6.345431179252613e-16,7.379843463574936e-39,6.937553555815927e-24,0.9999999999999993,3.5650768591201045e-86,4.6639899659989565e-30,1.1800914623634435e-47,4.0704992258995722e-50
5.2958824763707695e-19,6.875442164417695e-27,6.345431179252613e-16,7.379843463574936e-39,6.937553555815927e-24,0.9999999999999993,3.5650768591201045e-86,4.6639899659989565e-30,1.1800914623634435e-47,4.0704992258995722e-50
7.617225524637992e-19,1.2046868638707417e-26,3.127558321942307e-16,4.140827718869508e-39,5.5967216178295015e-24,0.9999999999999998,2.0003634432148296e-86,2.618010275122059e-30,6.621489281278397e-48,2.2839557655801587e-50
7.617225524637992e-19,1.2046868638707417e-26,3.127558321942307e-16,4.140827718869508e-39,5.5967216178295015e-24,0.9999999999999998,2.0003634432148296e-86,2.618010275122059e-30,6.621489281278397e-48,2.2839557655801587e-50
2.268968699310752e-19,4.100560126059289e-27,1.6646484984624392e-16,4.872310580218802e-40,8.699496214140575e-25,0.9999999999999998,2.353730370114357e-87,3.0818673045076934e-31,7.791184381818676e-49,2.687419662501036e-51
2.268968699310752e-19,4.100560126059289e-27,1.6646484984624392e-16,4.872310580218802e-40,8.699496214140575e-25,0.9999999999999998,2.353730370114357e-87,3.0818673045076934e-31,7.791184381818676e-49,2.687419662501036e-51
3.10002924553953e-19,2.02966050450618e-27,1.4183652265738755e-16,5.264138718437454e-40,8.595910955122642e-25,0.9999999999999998,2.5430158795081516e-87,3.3294097313000146e-31,8.41774650772126e-49,2.903540253980124e-51
1.9333955566714697e-19,1.4919383713143101e-27,8.731962773540187e-17,2.3283760361551326e-40,4.232929060588296e-25,1.0,1.12479886052703e-87,1.4727730501644746e-31,3.723245205184594e-49,1.2842620431465293e-51
1.9333955566714697e-19,1.4919383713143101e-27,8.731962773540187e-17,2.3283760361551326e-40,4.232929060588296e-25,1.0,1.12479886052703e-87,1.4727730501644746e-31,3.723245205184594e-49,1.2842620431465293e-51
7.561760327079673e-19,9.842244879876176e-27,2.324320923749065e-16,2.2138875701878548e-39,3.858360330661061e-24,0.9999999999999998,1.0694914307725579e-86,1.4000559907357031e-30,3.540169697311878e-48,1.2211136570391851e-50
5.201738625308268e-19,4.3132169342497845e-27,1.878627004816535e-16,1.29781595584201e-39,2.076512424329066e-24,0.9999999999999998,6.269528145837966e-87,8.207125822046049e-31,2.075303543322547e-48,7.158361649091524e-51
7.318549148697043e-19,7.710132080113873e-27,5.892337518996722e-16,5.126315271427591e-39,6.2714817572697044e-24,0.9999999999999993,2.476435717016542e-86,3.240956993268944e-30,8.19735664118063e-48,2.8275209953240137e-50
7.563467353338739e-19,1.485886184803547e-26,3.543752754420714e-16,5.5228156049752155e-39,8.016394729326993e-24,0.9999999999999996,2.667978285268041e-86,3.492059899557247e-30,8.831389954918457e-48,3.0462186297943613e-50
7.563467353338739e-19,1.485886184803547e-26,3.543752754420714e-16,5.5228156049752155e-39,8.016394729326993e-24,0.9999999999999996,2.667978285268041e-86,3.492059899557247e-30,8.831389954918457e-48,3.0462186297943613e-50
1.0624354104773464e-18,1.651197086522234e-26,4.3616673164014826e-16,6.085624601938484e-39,1.0116695603650168e-23,0.9999999999999996,2.939861739006273e-86,3.848007153063872e-30,9.731363097690806e-48,3.3566471090977553e-50
8.937054132966734e-19,1.0843297653438655e-26,2.0719615997780315e-16,2.0863552548753523e-39,3.660489392140814e-24,0.9999999999999998,1.007882738306067e-86,1.3194159343466197e-30,3.336236108051301e-48,1.1507706756944768e-50
2.568583994215069e-19,6.1792712537870965e-27,9.206329000059362e-17,7.705186576321242e-40,1.3070239363698146e-24,1.0,3.722244581826449e-87,4.873479563751954e-31,1.2321162279027036e-48,4.249948679275585e-51
2.568583994215069e-19,6.1792712537870965e-27,9.206329000059362e-17,7.705186576321242e-40,1.3070239363698146e-24,1.0,3.722244581826449e-87,4.873479563751954e-31,1.2321162279027036e-48,4.249948679275585e-51
5.677636808477987e-19,4.738986745761395e-27,5.126137209414928e-16,2.6179722836977346e-39,3.723160091145808e-24,0.9999999999999996,1.2646978826778396e-86,1.6553149153611408e-30,4.1863309903105077e-48,1.4439946054087429e-50
5.701974579621135e-19,4.9113262913484486e-27,5.38062280860398e-16,2.9082098811290044e-39,3.977318575247448e-24,0.9999999999999996,1.4049067295812625e-86,1.838756806470607e-30,4.65044233970621e-48,1.6040809164021928e-50
1.5618876585168839e-19,1.1649633496114888e-27,2.4723094437913055e-17,1.2112779393402944e-40,2.245222013398852e-25,1.0,5.851477704316329e-88,7.661445374596106e-32,1.9369228642039723e-49,6.6810440299081905e-52
8.114081351029352e-19,8.072353909023982e-27,2.690995226449765e-16,2.2986041440160294e-39,3.758995373566437e-24,0.9999999999999998,1.1104165667519223e-86,1.4534919049267624e-30,3.6756377544498936e-48,1.2678407658524725e-50
4.7624701730190355e-19,1.7702287204433433e-27,1.4116817730201614e-16,6.547899876450269e-40,1.0236122035287167e-24,0.9999999999999998,3.163179060442468e-87,4.140760205049319e-31,1.0470575391960928e-48,3.611624216172061e-51
4.7624701730190355e-19,1.7702287204433433e-27,1.4116817730201614e-16,6.547899876450269e-40,1.0236122035287167e-24,0.9999999999999998,3.163179060442468e-87,4.140760205049319e-31,1.0470575391960928e-48,3.611624216172061e-51
6.981269880480027e-19,9.692658043506103e-27,5.579877844064316e-16,9.127112363843607e-39,9.365809881349962e-24,0.9999999999999993,4.409152747723371e-86,5.76841329957006e-30,1.4594926615769506e-47,5.034240089542014e-50
6.981269880480027e-19,9.692658043506103e-27,5.579877844064316e-16,9.127112363843607e-39,9.365809881349962e-24,0.9999999999999993,4.409152747723371e-86,5.76841329957006e-30,1.4594926615769506e-47,5.034240089542014e-50
9.283804581784714e-19,3.7712380254865703e-26,1.1554173322669516e-15,1.094372511167946e-37,6.237205414644735e-23,0.9999999999999989,5.286727479538267e-85,6.907387167020585e-29,1.7499824573101885e-46,6.036228940745406e-49
7.46634511108476e-19,3.1165700519274345e-26,1.123816799634278e-15,1.992780254906254e-37,6.763870157158009e-23,0.9999999999999989,9.626782504489815e-85,1.2560206119587014e-28,3.1866027837460443e-46,1.099157529582708e-48
7.46634511108476e-19,3.1165700519274345e-26,1.123816799634278e-15,1.992780254906254e-37,6.763870157158009e-23,0.9999999999999989,9.626782504489815e-85,1.2560206119587014e-28,3.1866027837460443e-46,1.099157529582708e-48
5.298598823598442e-19,8.928522104182704e-27,1.438797884403761e-16,9.350732312766953e-40,1.6695387116372053e-24,0.9999999999999998,4.517179738316588e-87,5.914081305210935e-31,1.4952511415040216e-48,5.157582109633687e-51
3.52773117113798e-19,5.338989752274944e-27,8.858315711262336e-17,5.206053647739003e-40,9.404610848909932e-25,1.0,2.514955969972804e-87,3.2927182503272126e-31,8.324864191336351e-49,2.871502279889816e-51
9.953081439161431e-19,9.057694475946234e-27,2.3105086458737306e-16,1.6433354339445674e-39,2.8891991640748572e-24,0.9999999999999998,7.938673974306009e-87,1.039360018894506e-30,2.6278147007125773e-48,9.064142946712569e-51
5.254454319080002e-19,4.891833066639474e-27,4.751642394739698e-15,1.774709176967612e-39,2.7354329899621813e-24,0.9999999999999953,8.573318180186167e-87,1.1223280906229032e-30,2.837891015632367e-48,9.788760914526708e-51
4.1874961446526747e-19,1.779802099084253e-27,1.3342274147167963e-16,5.3036977901963925e-40,8.502158698237913e-25,0.9999999999999998,2.5621261947010487e-87,3.3541240426434614e-31,8.48100438600612e-49,2.9253598461721935e-51
3.314705184477263e-19,5.182924780736903e-27,1.5075375079522763e-16,8.171360504366637e-40,1.4394838234297288e-24,0.9999999999999998,3.9474452772446185e-87,5.16819607202821e-31,1.3066608810709665e-48,4.507076167011696e-51
3.83337874474004e-19,2.082611778721676e-26,2.385208590074201e-16,4.312605714358126e-39,6.4722017931715404e-24,0.9999999999999998,2.0833464696303134e-86,2.7271904681138927e-30,6.89617497492807e-48,2.378703328714155e-50
4.1446894125637323e-19,2.2795172397380522e-26,2.8799913725001994e-16,6.880001502873613e-39,9.030095711759705e-24,0.9999999999999998,3.3236117076190604e-86,4.350016627179606e-30,1.100163041461254e-47,3.7948014636613395e-50
3.831773507289167e-19,3.424492156048738e-26,2.7981543829025735e-16,7.082495771014352e-39,9.672259165990663e-24,0.9999999999999998,3.421433244677719e-86,4.478357106634708e-30,1.132543370211499e-47,3.9064911990046194e-50
4.2120368575078164e-19,3.891370151487449e-26,3.1746189603432123e-16,1.0263056624039961e-38,1.572809573470644e-23,0.9999999999999998,4.957908096278976e-86,6.490506817214938e-30,1.641138535522582e-47,5.660792702507318e-50
2.468587001459396e-19,2.4916835767888132e-27,6.992384776564919e-17,3.409893057479884e-40,6.177720252677451e-25,1.0,1.6472613384818608e-87,2.156738192856797e-31,5.452670780016498e-49,1.8807942347699092e-51
2.1674174432861453e-19,1.1632739689251112e-27,4.0724719021152207e-17,2.153351904810871e-40,3.9254557704557437e-25,1.0,1.040247679860892e-87,1.3620105817268304e-31,3.443368696545533e-49,1.1877240079089515e-51
1.5903956274676955e-19,1.679502610202606e-27,8.173526029928214e-17,2.3242344373258197e-40,4.309031694123495e-25,1.0,1.1227981245793974e-87,1.4702216526628691e-31,3.71662248285984e-49,1.2819776620664315e-51
7.407205047422844e-19,1.6923797988513515e-26,2.2312229653732804e-16,1.91761935974673e-39,3.555434814404755e-24,0.9999999999999998,9.263692968163554e-87,1.2129053036794983e-30,3.066414950836418e-48,1.0577010411267182e-50
3.699077933260329e-19,5.449281608275397e-27,9.745617679437257e-16,1.5256661820778445e-39,2.112047606664315e-24,0.9999999999999991,7.370233832568226e-87,9.647537404024897e-31,2.4396528784987438e-48,8.415114819592479e-51
4.338722052960167e-19,1.7502380644133506e-27,1.1844340228652032e-16,5.323098551456156e-40,8.601076017151885e-25,0.9999999999999998,2.5714983723555507e-87,3.366388869410202e-31,8.512027635352173e-49,2.936060721187006e-51
4.338722052960167e-19,1.7502380644133506e-27,1.1844340228652032e-16,5.323098551456156e-40,8.601076017151885e-25,0.9999999999999998,2.5714983723555507e-87,3.366388869410202e-31,8.512027635352173e-49,2.936060721187006e-51
4.781880410084539e-19,3.458343342189801e-27,2.5208748462200613e-16,1.5232659339919913e-39,2.1006634273467774e-24,0.9999999999999998,7.358638645057393e-87,9.631378931977296e-31,2.4358147054908634e-48,8.401875777728273e-51
4.781880410084539e-19,3.458343342189801e-27,2.5208748462200613e-16,1.5232659339919913e-39,2.1006634273467774e-24,0.9999999999999998,7.358638645057393e-87,9.631378931977296e-31,2.4358147054908634e-48,8.401875777728273e-51
1.6742180379266637e-19,5.810375625241932e-28,2.68362683364396e-17,8.666389318957367e-41,1.5589153103426396e-25,1.0,4.186585276829882e-88,5.481445871864824e-32,1.385819643412274e-49,4.7801191396206216e-52
1.830419515411449e-19,5.868908132539293e-28,4.644054020872165e-17,1.2736094879059592e-40,2.1453933414533077e-25,1.0,6.15259081371661e-88,8.054932244758974e-32,2.0365956128291476e-49,7.024846064803047e-52
1.830419515411449e-19,5.868908132539293e-28,4.644054020872165e-17,1.2736094879059592e-40,2.1453933414533077e-25,1.0,6.15259081371661e-88,8.054932244758974e-32,2.0365956128291476e-49,7.024846064803047e-52
5.007979367372071e-19,2.904268810548008e-27,2.483323707566455e-16,1.1504100271424164e-39,1.864309344293314e-24,0.9999999999999998,5.557435173794831e-87,7.275154091184915e-31,1.8395905783789126e-48,6.345314972676951e-51
7.078052615780235e-19,4.571808867636122e-27,1.3673751794518306e-16,9.652891890096299e-40,1.7885275131849845e-24,0.9999999999999998,4.663147890230018e-87,6.105332418366368e-31,1.543568688826828e-48,5.324244224603138e-51
7.078052615780235e-19,4.571808867636122e-27,1.3673751794518306e-16,9.652891890096299e-40,1.7885275131849845e-24,0.9999999999999998,4.663147890230018e-87,6.105332418366368e-31,1.543568688826828e-48,5.324244224603138e-51
3.171265026208947e-19,2.1444813497420032e-27,1.5129302068449997e-16,7.281192628257379e-40,1.1691774386137593e-24,0.9999999999999998,3.517420316533239e-87,4.604926909342452e-31,1.164316464725272e-48,4.016086396281991e-51
3.293873300878375e-19,2.30751300198784e-27,1.6535758688070502e-16,8.227341028355118e-40,1.2921090470477947e-24,0.9999999999999998,3.974488516152822e-87,5.203202489442826e-31,1.3156125801818191e-48,4.537953336674971e-51
9.982796611031063e-19,1.8410020673032843e-26,3.108423242040224e-16,3.963095245467202e-39,7.051763897079699e-24,0.9999999999999998,1.9145039075052396e-86,2.5062040372174944e-30,6.337281930196782e-48,2.1859238892833204e-50
9.982796611031063e-19,1.8410020673032843e-26,3.108423242040224e-16,3.963095245467202e-39,7.051763897079699e-24,0.9999999999999998,1.9145039075052396e-86,2.5062040372174944e-30,6.337281930196782e-48,2.1859238892833204e-50
2.242511464509224e-19,8.37565270039756e-28,8.174912861473266e-17,2.0868772263873995e-40,3.536745971921769e-25,1.0,1.0081348932494946e-87,1.3199094553352392e-31,3.3370707770036475e-49,1.1510585787447027e-51
8.299049877593192e-19,1.105582209517695e-26,2.0213131209152837e-16,1.9862137263743124e-39,3.550179863182475e-24,0.9999999999999998,9.595060691175297e-87,1.2561117426197917e-30,3.1761024095564676e-48,1.0955356268399788e-50
7.478820171808504e-19,9.402704513818979e-27,3.9923075020024977e-16,5.7554469173932067e-39,7.022851730943013e-24,0.9999999999999996,2.780358516515608e-86,3.6383370775905595e-30,9.203384603765749e-48,3.174531051202447e-50
8.589175525399688e-19,2.6531118104504185e-26,1.1428047755214668e-14,1.6311941830331465e-38,2.278889950413936e-23,0.9999999999999887,7.880021655004933e-86,1.0313424625529604e-29,2.608399943590322e-47,8.997175464734866e-50
5.178878769710428e-19,2.6609227745585837e-27,8.511573016108704e-17,5.405267724201477e-40,1.0042704860846409e-24,1.0,2.611192901664231e-87,3.418878270950843e-31,8.643422208290702e-49,2.9813827597315855e-51
5.178878769710428e-19,2.6609227745585837e-27,8.511573016108704e-17,5.405267724201477e-40,1.0042704860846409e-24,1.0,2.611192901664231e-87,3.418878270950843e-31,8.643422208290702e-49,2.9813827597315855e-51
7.478326653875534e-19,8.80639033980677e-27,1.7304184653544252e-15,4.373143751125854e-39,6.1971256698304765e-24,0.9999999999999982,2.1125913651119347e-86,2.7652484984960848e-30,6.992979764372615e-48,2.4120942846804827e-50
7.478326653875534e-19,8.80639033980677e-27,1.7304184653544252e-15,4.373143751125854e-39,6.1971256698304765e-24,0.9999999999999982,2.1125913651119347e-86,2.7652484984960848e-30,6.992979764372615e-48,2.4120942846804827e-50
6.7927502569444325e-19,1.827805683396579e-26,6.6415641231046905e-15,4.968441301045725e-39,7.733390866701529e-24,0.9999999999999933,2.40016948639629e-86,3.1422914311102913e-30,7.944904502861569e-48,2.7404424708013663e-50
3.9136040590332126e-19,2.057444094865939e-27,1.2918352074082208e-16,5.858799217502338e-40,8.83150102195821e-25,0.9999999999999998,2.8302862529813204e-87,3.704907428758309e-31,9.368652556939406e-49,3.231537062760011e-51
4.418388390341056e-19,2.9229379819749504e-27,3.977563174303412e-16,9.402117683615091e-40,1.5317006885445545e-24,0.9999999999999996,4.542003136613376e-87,5.946188013463773e-31,1.503468041602676e-48,5.1859247309975943e-51
2.3200897609212662e-19,6.817554509049375e-28,6.91350502013213e-17,1.7295703622355666e-40,2.8775888085337197e-25,1.0,8.355260244738659e-88,1.093864984009578e-31,2.765710718246091e-49,9.539788818688246e-52
5.388328166913285e-19,3.6559317051712395e-27,1.8946875964971837e-16,9.85505359718258e-40,1.5373491930671479e-24,0.9999999999999998,4.760808773574491e-87,6.232115178824709e-31,1.5758958388984758e-48,5.435750530291161e-51
3.336234035038211e-19,1.0277849969080733e-26,2.2504435831480867e-16,1.365283906975558e-39,2.216865709012326e-24,0.9999999999999998,6.595454342017955e-87,8.63450367547689e-31,2.1831897787877726e-48,7.530494531965324e-51
7.392060032027731e-20,2.8517347669291837e-28,1.565658028693668e-17,4.201415388579347e-41,7.298644069095613e-26,1.0,2.0296323141321788e-88,2.657332843487017e-32,6.718373432866739e-50,2.31737409598929e-52
7.298022978628765e-19,1.663225038911972e-26,1.2795016593043529e-14,7.436248611293015e-39,1.0665341872190243e-23,0.9999999999999871,3.5923252240927904e-86,4.70203026237993e-30,1.1891110611308772e-47,4.1016106024312186e-50
3.6091498374603786e-19,5.0219573110516177e-26,2.283310861870689e-16,4.675958105333859e-39,8.895038866951294e-24,0.9999999999999998,2.2588758300600264e-86,2.9579379313806167e-30,7.477202279030451e-48,2.5791175565095514e-50
3.155353849048606e-19,2.6379008953516197e-27,8.850982326021649e-17,4.403150658179683e-40,7.779917680659956e-25,1.0,2.127087192061672e-87,2.7849781736097385e-31,7.040963026178102e-49,2.4286451907925723e-51
1.0142043475422573e-18,6.669077279958379e-26,9.568754759972101e-14,3.326990672418721e-38,4.4371661643262196e-23,0.9999999999999043,1.6072126073484258e-85,2.10328435684599e-29,5.32010374826076e-47,1.8350677790667516e-49
4.2196455048643734e-19,4.599515621351661e-26,4.033004544423981e-16,1.0105893698320731e-38,1.7621413261693733e-23,0.9999999999999996,4.881985360435531e-86,6.392099155468125e-30,1.6160070233813985e-47,5.574106370152845e-50
3.2692133252945e-19,2.6642143800244303e-27,9.972353957587181e-17,4.272091527835534e-40,7.493376100239786e-25,1.0,2.063774755290761e-87,2.7019774440248165e-31,6.831389799436443e-49,2.35635692463457e-51
2.2819866788723447e-19,1.0405967159862888e-26,1.89551021957261e-16,1.3672560638611416e-39,2.183462462581207e-24,0.9999999999999998,6.604981496186833e-87,8.646178541178056e-31,2.1863434031665992e-48,7.541372354576703e-51
7.120854673339939e-19,1.8942977914109565e-26,1.980329526541859e-16,1.7643477414456602e-39,3.350848102725149e-24,0.9999999999999998,8.523263848956082e-87,1.1159848764085966e-30,2.82132231564489e-48,9.731610360814589e-51
2.8556294931008773e-19,1.9101539187578313e-27,7.835843694329255e-17,3.777539848780875e-40,6.708676912155429e-25,1.0,1.824865250506507e-87,2.3891728270208996e-31,6.040565146800537e-49,2.0835771241664325e-51
8.951113233371286e-19,3.410250833022789e-26,3.4276672479907037e-16,4.264508989845623e-39,8.008094830608613e-24,0.9999999999999996,2.0601117600641194e-86,2.697436837889512e-30,6.819264761002615e-48,2.352174625115171e-50
1.1824134700567102e-18,1.9801526988546456e-26,4.1810560264259943e-16,4.152185499190442e-39,7.171759258706686e-24,0.9999999999999996,2.005850192224495e-86,2.6261014628090432e-30,6.639651205748708e-48,2.2902203731830543e-50
7.063911714147379e-19,5.831009292975075e-26,3.499259788962496e-16,4.870224268656691e-39,8.974625833328185e-24,0.9999999999999996,2.352722509106758e-86,3.080455115712704e-30,7.787848217647191e-48,2.6862689166368193e-50
7.803432617295324e-19,2.2797976766246762e-26,2.6348078141385913e-16,2.6195188471136747e-39,4.921935459469679e-24,0.9999999999999998,1.2654450008490336e-86,1.656874345062868e-30,4.1888040583818406e-48,1.444847642820747e-50
2.9465936494426578e-19,2.7689282954773443e-27,1.0542187036292947e-16,4.8826750652436376e-40,8.467723324654619e-25,1.0,2.3587372769989673e-87,3.088039806530805e-31,7.807757960180613e-49,2.6931364005696186e-51
3.0013659796017395e-19,5.702878442690683e-27,4.610790862970314e-16,7.1244144551077895e-40,1.269331192694015e-24,0.9999999999999996,3.4416834464693844e-87,4.506452689031959e-31,1.1392464768153334e-48,3.929612279972737e-51
3.34130012920028e-19,3.085827284952525e-26,1.804781800619681e-16,2.5185190354753733e-39,4.8256107982248826e-24,0.9999999999999998,1.216653709902834e-86,1.5931519178181958e-30,4.027297902529942e-48,1.3891391911168017e-50
1.7359474766609855e-19,4.210178932478298e-27,5.685154719941444e-17,3.5584975504007472e-40,6.507654169164769e-25,1.0,1.7190496418443938e-87,2.25075325906697e-31,5.690300338210187e-49,1.9627599945033343e-51
5.440408060460148e-19,4.043671141653657e-27,3.064078822980366e-16,1.2256647287267876e-39,1.9126206656807135e-24,0.9999999999999998,5.92097783834198e-87,7.750942104871578e-31,1.9599284032253766e-48,6.760397225626152e-51
4.0500567055202736e-19,3.763881214415596e-27,2.2209041061244794e-16,9.720849550545463e-40,1.6080604842129977e-24,0.9999999999999998,4.695977081035138e-87,6.147527123757448e-31,1.5544356208219567e-48,5.361727622869096e-51
2.3254896473685984e-19,2.2192247767076794e-27,8.029416193393814e-17,3.30697866610959e-40,6.015744040127648e-25,1.0,1.5975451466756738e-87,2.0917285937119546e-31,5.288103069950127e-49,1.8240297586425395e-51
3.6743318992196e-19,2.1899386460393482e-27,1.1617946963141386e-16,5.274737093615931e-40,9.153414992739058e-25,0.9999999999999998,2.5481357743936763e-87,3.335976969803165e-31,8.434694092534125e-49,2.90938599840353e-51
1.804105776639445e-19,1.0189846585628305e-27,8.432565050116054e-17,2.419525924249064e-40,4.1158149894019e-25,1.0,1.1688318213459848e-87,1.530226201410889e-31,3.869000607323424e-49,1.3345375743651912e-51
2.340905453910505e-19,4.294188459582939e-27,8.10423967910611e-17,4.567903732458621e-40,8.296928097934174e-25,1.0,2.2066766000658175e-87,2.889254459039418e-31,7.304415357198648e-49,2.5195180208809085e-51
8.448992206808958e-122,4.581121356753214e-11,7.048962796796497e-30,1.9119999811784854e-08,2.2448308278751622e-07,1.149286736919616e-135,0.999954497867472,3.81660212672381e-09,1.5469410285349853e-134,4.525466703211467e-05
2.0861177411716136e-19,3.46812552248795e-27,9.834259053404526e-17,5.674167057100804e-40,1.0556229440052707e-24,1.0,2.7410935956910093e-87,3.589166773482057e-31,9.073412096400197e-49,3.12969952690791e-51
1.999322757313497e-19,1.5570280385416546e-26,1.3237156725515346e-16,1.0890770602477532e-39,1.8129916378123706e-24,0.9999999999999998,5.261146043431369e-87,6.887586969846985e-31,1.7415146358536985e-48,6.007020814249018e-51
3.6220846912562355e-19,3.8537156977827665e-27,2.0143938893744004e-16,8.215689697606628e-40,1.3510629874182367e-24,0.9999999999999998,3.9688599569825654e-87,5.195823661495843e-31,1.313749446542803e-48,4.531526814428514e-51
2.0222614768298201e-19,7.958110784449623e-28,2.7555188949919542e-17,1.2902606615384164e-40,2.3774813036007814e-25,1.0,6.233029801108689e-88,8.160844603252095e-32,2.0632220688675985e-49,7.11668891948765e-52
2.3752905288865817e-19,1.7264898179669304e-27,1.3548781775755106e-16,3.242687553806802e-40,5.7816949871147e-25,0.9999999999999998,1.5664872035289848e-87,2.0510512357461414e-31,5.185296833239599e-49,1.7885687185212814e-51
2.0062891111331485e-19,1.701551047691531e-26,1.2474446913934628e-16,1.1108863896325425e-39,1.8932476928865894e-24,0.9999999999999998,5.366503203853619e-87,7.025583462712416e-31,1.776389363784206e-48,6.127314501282624e-51
2.48870392636944e-19,1.392662423952697e-27,6.613697120056758e-17,2.4988066968568273e-40,4.311652141339158e-25,1.0,1.2071310143105933e-87,1.5803630797962416e-31,3.995776417268433e-49,1.3782664591762447e-51
2.445476657223411e-19,2.0854246071496374e-26,1.4444799303121716e-16,1.6537083036771836e-39,2.9316062789831167e-24,0.9999999999999998,7.988783545359891e-87,1.0459637675563726e-30,2.644401685880123e-48,9.121356571620317e-51
1.5554475438091017e-19,7.56806681570971e-27,1.2451947631635109e-16,6.123966669062204e-40,1.0227766916599975e-24,0.9999999999999998,2.9583841384009664e-87,3.873088031197655e-31,9.792674890548194e-49,3.377795436434662e-51
2.519928923839484e-19,2.4285611078477097e-26,2.0602840522100977e-16,1.7531551663673967e-39,3.1046271096493562e-24,0.9999999999999998,8.469194423688509e-87,1.1089077752814796e-30,2.803424562060184e-48,9.669875491583519e-51
3.706605612746536e-19,2.7319172947762764e-27,1.4964169957099455e-16,6.890880221392579e-40,1.1651697939631074e-24,0.9999999999999998,3.328867031307657e-87,4.357925715512042e-31,1.10190262881433e-48,3.8008018366831886e-51
2.869530920263892e-19,1.1627959214144259e-26,2.1475831669510004e-16,1.9436758585027505e-39,3.2691355560662562e-24,0.9999999999999998,9.389567484381787e-87,1.229278857520971e-30,3.10808121717182e-48,1.0720730207802865e-50
2.0329044748404048e-19,2.0479500970020615e-27,2.467738871970675e-16,4.210688390341035e-40,6.8861577665358205e-25,0.9999999999999998,2.0341119436186016e-87,2.663013636906049e-31,6.733201647571083e-49,2.3224888043328575e-51
2.9711564762989584e-19,2.0439896157459746e-27,6.639715579377357e-17,3.54832416063266e-40,6.526419090806172e-25,1.0,1.7141350502168222e-87,2.2443611018904873e-31,5.674032336565667e-49,1.9571486592625622e-51
2.7083373681206155e-19,2.952316353123815e-27,4.0566697791100866e-16,4.5951841350504485e-40,8.132521147135102e-25,0.9999999999999996,2.219855297556633e-87,2.906540726723776e-31,7.348038731962863e-49,2.5345650675658898e-51
7.176967069868822e-19,1.0900178772849274e-26,1.04669126765927e-14,6.952881998497753e-39,8.988522625338315e-24,0.9999999999999896,3.3588190351415675e-86,4.395976363937525e-30,1.1118171707394898e-47,3.835000148034647e-50
6.058737812618853e-20,2.435388917569029e-28,1.5050534054327874e-17,4.005555874117149e-41,7.33190429773427e-26,1.0,1.9350159136640376e-88,2.53360603834982e-32,6.405179606184481e-50,2.2093438907280133e-52
4.0746898747401897e-19,3.931521133133347e-26,2.9348280615751935e-16,7.084285615944186e-39,1.0542501864469236e-23,0.9999999999999998,3.422297889452305e-86,4.4803399401434266e-30,1.1328295800063471e-47,3.9074784248134054e-50
1.810956372719609e-123,1.8129204003407333e-12,1.510874171198143e-31,5.041681992157509e-10,6.907256295003399e-09,2.4633803527826643e-137,0.999999445502629,1.1035504457613978e-10,3.315712271090986e-136,5.469737785734934e-07
3.136157992352659e-19,1.0915079104142092e-26,4.095650222757898e-16,3.161991001695541e-39,3.906924548766537e-24,0.9999999999999996,1.5275040728673086e-86,1.999046625285085e-30,5.05625709163785e-48,1.744058933893339e-50
1.1766688440380009e-18,1.2286633438595658e-25,3.326380870345329e-14,2.228888060947169e-37,1.844589603583753e-22,0.9999999999999667,1.0767379154902954e-84,1.4071478518760154e-28,3.564156598658258e-46,1.2293874787826308e-48
4.3700035968194477e-20,2.0917899362733985e-28,9.914812227667891e-18,3.0040240907571773e-41,5.158304424695619e-26,1.0,1.451192944116542e-88,1.900014320261178e-32,4.80365633412028e-50,1.656929146014325e-52
4.931244570029578e-19,6.491255687913113e-27,2.4049507212236507e-15,2.6112054146884743e-39,3.9197913369170095e-24,0.9999999999999976,1.2614289229262776e-86,1.651236240459756e-30,4.17551026568389e-48,1.440262203930724e-50
9.706585342160242e-20,3.9825044716100814e-28,2.1415590136533282e-17,6.512081833931255e-41,1.1629068878334395e-25,1.0,3.145875972838763e-88,4.1188824449766093e-32,1.0413299695641283e-49,3.591868062944571e-52
3.9822366647256376e-19,2.057670678532848e-27,5.78252123593439e-17,3.5398889790814584e-40,6.6185528142684995e-25,1.0,1.710060157375574e-87,2.23906243996716e-31,5.6605438580783054e-49,1.9524960672396183e-51
3.579700439541209e-19,1.4734952152086748e-26,1.6023270471232306e-16,2.0481981220188746e-39,3.911674874105366e-24,0.9999999999999998,9.894496760049177e-87,1.2956402951598568e-30,3.2752200337693264e-48,1.1297243508064623e-50
2.9191226524840517e-19,1.5949344723976982e-25,2.588971333860546e-16,4.69540560087239e-39,8.548640411119916e-24,0.9999999999999998,2.26827058382572e-86,2.970074110088562e-30,7.508300258531885e-48,2.589844208259835e-50
2.2819868584846946e-19,5.667119866094441e-27,8.590747838224107e-17,5.545441563940695e-40,1.020941059054127e-24,1.0,2.678908499941062e-87,3.5075855173743625e-31,8.867570529780323e-49,3.058698425356589e-51
6.77754972652759e-19,6.465923841700084e-27,1.3194800520123373e-16,9.404214458035968e-40,1.7825199326174603e-24,0.9999999999999998,4.5430160524060365e-87,5.948328455965839e-31,1.503803331226917e-48,5.187081248265765e-51
1.2517988615272052e-19,1.2477653908263436e-27,2.7061457218714134e-17,1.296285144831159e-40,2.378181527587823e-25,1.0,6.262133055774367e-88,8.199046247319055e-32,2.0728556626764108e-49,7.149918154163124e-52
2.0231039486209964e-19,3.3345718721459383e-26,1.5749494337885363e-16,1.4169556310543432e-39,2.5018127720666284e-24,0.9999999999999998,6.8450716508017865e-87,8.962326559575876e-31,2.265816680420721e-48,7.815500186072455e-51
1.157576164358183e-18,2.5510209844752248e-26,1.022186146975874e-15,1.6177905793788432e-38,2.2049059535437293e-23,0.9999999999999989,7.815271128411527e-86,1.0228689003348072e-29,2.5869665926277446e-47,8.923245230187243e-50
1.4210245510047024e-19,5.071490143606467e-28,6.202766082277189e-17,1.1042873528895188e-40,1.8364723642440344e-25,1.0,5.334624378305843e-88,6.984232705903919e-32,1.7658370162898674e-49,6.090916201935208e-52
1.6615582357083988e-19,5.590785826520713e-28,5.376115769997431e-17,1.502016878866764e-40,2.393137013343058e-25,1.0,7.255988070923314e-88,9.499198026352408e-32,2.4018358963572253e-49,8.284672390799317e-52
2.6537059732165577e-19,2.5143492487060634e-27,8.665758771944259e-17,4.805912024260811e-40,8.580462573565468e-25,1.0,2.3216543576229037e-87,3.0397416141543724e-31,7.68500818988251e-49,2.6507962209383677e-51
4.308963805999857e-19,1.65424787044653e-27,1.072626649085453e-16,4.785343225405555e-40,7.47572755967982e-25,1.0,2.311717920839154e-87,3.026205655497768e-31,7.652117162064077e-49,2.6394510915527328e-51
8.567480872499632e-19,8.123328932355701e-27,4.217154175791286e-16,1.591925354800702e-39,2.7492359143587047e-24,0.9999999999999996,7.690320624277507e-87,1.0068578386587107e-30,2.545606187514923e-48,8.78058044329712e-51
3.213948468768051e-19,4.8418426394717104e-27,4.991989634332475e-16,1.01070533044969e-39,1.6420603442342474e-24,0.9999999999999996,4.882545544477655e-87,6.391952102845869e-31,1.6161924523150094e-48,5.57474597170982e-51
5.223644821654617e-19,1.1892533369635608e-26,4.552191320526198e-15,2.213372954232206e-39,3.6929578604943984e-24,0.9999999999999953,1.0692428276812632e-86,1.3999008920822232e-30,3.5393467854895606e-48,1.2208298093885849e-50
5.531702962105434e-19,6.459144662241806e-27,5.711588270702374e-15,2.2207226987744894e-39,3.499292659520311e-24,0.9999999999999942,1.072793364263012e-86,1.4044110652839895e-30,3.5510995697164875e-48,1.2248837069561968e-50
2.7092854575627467e-19,2.1334473237551013e-27,8.757391023315685e-17,3.915437511371885e-40,7.140204606952027e-25,1.0,1.891481265711897e-87,2.476572075209187e-31,6.261073690955203e-49,2.1596373183898412e-51
2.69457446169536e-19,2.0485413647024394e-27,3.477879925291497e-16,5.394917982751818e-40,8.518186955153746e-25,0.9999999999999996,2.6061931178029e-87,3.411910524322768e-31,8.626872208154726e-49,2.975674154520131e-51
3.104498105848371e-19,4.221845560961778e-27,1.7840845526354566e-16,9.99139865846467e-40,1.7012573577887637e-24,0.9999999999999998,4.826674753573461e-87,6.319012293743627e-31,1.5976984209264476e-48,5.510954356518094e-51
2.75797380874841e-19,1.6178837282014065e-26,2.1123811319021227e-16,1.8992108418659078e-39,3.0261454000799995e-24,0.9999999999999998,9.174764551524349e-87,1.2009847443782247e-30,3.036978372219896e-48,1.0475474577568581e-50
3.2241798855237847e-19,1.3297379914953266e-27,7.452223614859523e-17,3.6710025739629765e-40,5.932008664191131e-25,1.0,1.7733989053204864e-87,2.3216629442308106e-31,5.870204178571463e-49,2.0248143747172438e-51
1.0183715120541027e-18,4.8024891777322693e-26,1.008291191815015e-13,2.993930839500254e-38,4.0197915798698993e-23,0.9999999999998992,1.446317066694476e-85,1.892794018274696e-29,4.787516481966764e-47,1.6513620135073983e-49
1.0845954271808795e-18,6.716515852552325e-26,6.055713020142342e-14,8.64175763578645e-38,8.348926805745571e-23,0.9999999999999394,4.174686136625778e-85,5.459862049244785e-29,1.3818808576735228e-46,4.7665330535687136e-49
4.726742505264474e-19,1.4815310973057878e-26,2.642939605615226e-15,4.6148882602450495e-39,5.89024941051138e-24,0.9999999999999973,2.2293740263716348e-86,2.9179728015598114e-30,7.379547086608557e-48,2.545433270357617e-50
3.772099496214767e-19,2.3760832308916656e-26,1.5002578345954076e-16,2.082869384171573e-39,4.1685297231277594e-24,0.9999999999999998,1.006198772954078e-86,1.3176155825148621e-30,3.330661941736721e-48,1.148847973903581e-50
2.663849552012728e-19,2.043594930276035e-26,2.4304990174381223e-16,1.4542094765413208e-39,2.6036904793174954e-24,0.9999999999999998,7.025038640302713e-87,9.1982785292998e-31,2.3253883295610294e-48,8.02098116738061e-51
5.846185040350989e-19,1.0277907330951579e-26,6.7192432358345755e-16,8.16962196385606e-39,1.0918400244696611e-23,0.9999999999999993,3.946605418861654e-86,5.164562761159316e-30,1.306382875926469e-47,4.50611724157115e-50
3.4570886730122593e-19,6.167863549616545e-27,3.141409733547652e-16,1.009303359252697e-39,1.7215079689666687e-24,0.9999999999999998,4.875772860348347e-87,6.383613689605305e-31,1.6139505969409636e-48,5.567013121453004e-51
2.3631609927430605e-19,7.621006796649205e-27,1.2750818006775007e-16,8.555446326047123e-40,1.428335192312953e-24,0.9999999999999998,4.132990605248381e-87,5.410550346925153e-31,1.368079040092852e-48,4.7189263300948594e-51
9.060306888591763e-19,3.855494924254233e-26,7.054828736226361e-14,1.4866167546906633e-38,2.2037094274261947e-23,0.9999999999999294,7.181592690554412e-86,9.40050243671547e-30,2.3772099607127893e-47,8.199729947713572e-50
3.412001145174622e-19,9.971511638359806e-27,2.3238632171691423e-16,2.0517019991219195e-39,3.514384308516271e-24,0.9999999999999998,9.911423395945158e-87,1.297653354243448e-30,3.280822992498331e-48,1.1316569839875786e-50
1.0060527190427422e-18,4.2988787204279293e-26,3.695998325532341e-14,4.2987532565458485e-38,4.472769042635078e-23,0.9999999999999631,2.076654584431003e-85,2.7168216724115265e-29,6.874023877085811e-47,2.371062732283837e-49
2.0984335419123947e-19,1.530484342444144e-26,1.9368698277482977e-16,1.1955070299571374e-39,2.0022322363807314e-24,0.9999999999999998,5.7752911242307035e-87,7.561040344193876e-31,1.911704015842535e-48,6.594056448008199e-51
3.212846973599748e-19,1.4279676679295394e-26,4.3434184299312236e-16,3.884145376929559e-39,5.507538732021212e-24,0.9999999999999996,1.876364568871829e-86,2.4557831990054387e-30,6.211035260972096e-48,2.142377521415691e-50
1.1260350748026256e-19,5.7327603711661315e-28,1.4198245589183672e-17,6.69682730344504e-41,1.2528828526315592e-25,1.0,3.2351233669893616e-88,4.2358617497388824e-32,1.0708721343020753e-49,3.6937680957234526e-52
3.5843023243842867e-19,3.371931508390902e-27,9.467815641949355e-17,5.6758683281559355e-40,1.0355463407002199e-24,1.0,2.7419154507406094e-87,3.5902514190633963e-31,9.076132554235077e-49,3.130637896675351e-51
2.841027784860187e-19,1.926715606799228e-26,3.9565453615020964e-16,4.7074947432962276e-39,6.323485595101062e-24,0.9999999999999996,2.2741106442252555e-86,2.9760996088762462e-30,7.527631694264768e-48,2.596512216349114e-50
3.127532272188417e-19,2.1425065964107867e-26,5.0075739902951e-16,6.953694856466086e-39,8.519074974071643e-24,0.9999999999999996,3.3592117155161416e-86,4.3955678303339505e-30,1.1119471535686684e-47,3.8354484988623844e-50
2.237137329975153e-19,1.2208415598077159e-27,4.723431511355338e-17,2.1447832302657023e-40,3.8208438621731833e-25,1.0,1.0361082989035233e-87,1.3564953898573008e-31,3.429666753164524e-49,1.18299778526397e-51
1.0178226051182088e-18,4.110557060021785e-26,2.0300759425270484e-13,3.316961001824457e-38,3.957525710970471e-23,0.999999999999797,1.602367444191168e-85,2.0966504467799668e-29,5.304065564793255e-47,1.829535715198192e-49
2.353565148314559e-19,5.624987955755313e-27,1.690706375235688e-16,9.072814575269908e-40,1.4558259739583625e-24,0.9999999999999998,4.3829224071686165e-87,5.737494739359689e-31,1.4508100434552856e-48,5.0042910631556464e-51
1.9570774333207418e-19,1.2778176407515273e-27,6.168898143696348e-17,2.3589999251973782e-40,3.9272566399934836e-25,1.0,1.1395927409202522e-87,1.491922473351562e-31,3.772215066531141e-49,1.301153257857542e-51
6.826392125604833e-19,2.133591819517649e-26,8.703559210574828e-16,2.9910634422307987e-38,1.9497576785572173e-23,0.9999999999999991,1.4449318767981517e-85,1.889497009863317e-29,4.782931305233278e-47,1.6497804446875589e-49
4.460542778153446e-19,3.4457656356135396e-27,3.4393792729198774e-16,1.676351821243242e-39,2.1728175303156945e-24,0.9999999999999996,8.098170526896844e-87,1.0599444363950767e-30,2.6806103422720936e-48,9.246251389113689e-51
3.192284410530287e-19,1.515749077319524e-27,1.8266720046927122e-16,5.4282419160599186e-40,8.903243444539303e-25,0.9999999999999998,2.6222913430614253e-87,3.432902111140662e-31,8.680159637680165e-49,2.994054631587701e-51
4.0326417766592515e-19,6.43764048535055e-27,1.9542212235457094e-16,1.3235213077810769e-39,2.244891478205644e-24,0.9999999999999998,6.393706326630788e-87,8.370491807986354e-31,2.1164082983554146e-48,7.300144620052646e-51
3.7045219586450578e-19,2.507113112725433e-27,1.1663981202093682e-16,6.526245742862747e-40,1.0799404032410185e-24,0.9999999999999998,3.152718316955974e-87,4.12757592384888e-31,1.043594883391967e-48,3.59968044891353e-51
1.261944111262036e-19,4.1619742274790396e-27,9.360753281108564e-17,3.766444700766277e-40,6.642054177886708e-25,1.0,1.819505372990437e-87,2.3822855031432156e-31,6.022823185133778e-49,2.07745737467933e-51
4.2397117946779277e-19,7.670252998117904e-27,2.0678646761812048e-16,1.2707044298351481e-39,2.257994998509546e-24,0.9999999999999998,6.138556973084456e-87,8.037081084992534e-31,2.031950210733171e-48,7.00882264099286e-51
5.844018383365632e-19,2.4695453459597164e-27,1.2421072073357795e-16,5.232525846488777e-40,9.058282723565185e-25,0.9999999999999998,2.527744238476799e-87,3.3094977648251855e-31,8.367195190290278e-49,2.8861035463149547e-51
6.094577494383468e-19,7.345868564757179e-27,6.0159074284896004e-15,2.7824395922397745e-39,4.129479470874328e-24,0.999999999999994,1.3441492415762879e-86,1.7595281694380766e-30,4.4493263590191926e-48,1.5347098151146624e-50
1.6354717659237396e-19,1.330533164954626e-27,4.742837745654207e-17,1.937003815503331e-40,3.2756824717849457e-25,1.0,9.357335978078878e-88,1.2250426736508507e-31,3.0974121273007625e-49,1.0683929228009135e-51
3.003188362327531e-19,1.3434365314328681e-27,2.2172179544882217e-16,4.0995280918313255e-40,6.828880876585506e-25,0.9999999999999998,1.9804122937673604e-87,2.592701106286954e-31,6.555448121278353e-49,2.261176133726227e-51
7.289188348043308e-19,1.0326530985601036e-26,4.225315216303057e-16,6.035101394804725e-39,7.113051146775302e-24,0.9999999999999996,2.9154548384261e-86,3.8150157439820354e-30,9.650572763749732e-48,3.3287800324976947e-50
7.289188348043308e-19,1.0326530985601036e-26,4.225315216303057e-16,6.035101394804725e-39,7.113051146775302e-24,0.9999999999999996,2.9154548384261e-86,3.8150157439820354e-30,9.650572763749732e-48,3.3287800324976947e-50
1.0427169053434261e-19,5.544824308504861e-28,2.5138709407617536e-17,8.105807394970785e-41,1.4535674482246091e-25,1.0,3.915777684345239e-88,5.126884718461755e-32,1.2961784546068982e-49,4.4709190468494016e-52
4.981737029943893e-19,9.808589213887926e-27,2.1015566287774596e-15,1.7504318647436684e-39,3.015038142333104e-24,0.999999999999998,8.456038613496947e-87,1.1071759037072079e-30,2.799069800597043e-48,9.654854576939324e-51
1.0511700878580785e-19,6.265856502016398e-28,4.7055123556793066e-17,1.1057320020595174e-40,1.7928057400095208e-25,1.0,5.341603232945883e-88,6.993181760490461e-32,1.7681471170543755e-49,6.098884451578207e-52
2.359979430857835e-19,1.6243413438769048e-27,2.768652120437857e-16,2.704414640254911e-40,4.727497100685409e-25,0.9999999999999998,1.306456714186286e-87,1.7105770286101258e-31,4.3245586989577754e-49,1.4916736030984454e-51
4.898648606399718e-19,1.1622378302699297e-26,1.2299395105741655e-16,1.2237743485031387e-39,2.4301040216734798e-24,0.9999999999999998,5.911845731196615e-87,7.74129027947148e-31,1.9569055450650913e-48,6.749970456012208e-51
5.4504158658915505e-19,2.991271422316786e-26,3.1359184168948925e-16,6.301778388164654e-39,9.612387098512475e-24,0.9999999999999998,3.0442819563839727e-86,3.9855351284789635e-30,1.0077008961435756e-47,3.4758710222980715e-50
1.7285606651549642e-19,1.8610863174404172e-27,5.86069679777159e-17,2.9975369584504288e-40,5.326600977510347e-25,1.0,1.4480591210262075e-87,1.8958772600432057e-31,4.793282931191605e-49,1.653351039575839e-51
5.880625651906931e-12,1.7526341800877204e-81,1.2389308371068423e-123,2.8363494964934e-85,2.344704598519201e-105,1.1283673544640594e-106,1.431679208947694e-80,7.748017650771701e-89,0.9999999999941194,6.159421266869566e-92
5.50685675163235e-19,7.98048070552278e-27,8.91002104795444e-15,3.226311963433773e-39,4.80598713084129e-24,0.9999999999999911,1.558576434498752e-86,2.0402443456890945e-30,5.1591110555751414e-48,1.7795364366136805e-50
2.6599113885500595e-19,3.30197136808197e-27,1.1074012787623994e-16,4.807368922691118e-40,8.079331214574643e-25,1.0,2.322358160736614e-87,3.0404163477193872e-31,7.68733787891446e-49,2.6515998024999302e-51
3.626348656177681e-19,5.485189764387802e-27,2.8522077584806885e-16,1.3139177839100654e-39,2.0361799534421802e-24,0.9999999999999998,6.347313337811446e-87,8.308656968139062e-31,2.1010515550977827e-48,7.247174478723659e-51
9.680208814613973e-19,3.43416019483256e-26,1.646626494028832e-14,2.682125441921836e-38,3.5621286475535265e-23,0.9999999999999836,1.295689182052295e-85,1.695589027251462e-29,4.288916626541942e-47,1.4793795536436248e-49
2.5630277401225683e-19,1.353777240506512e-27,6.431428450087366e-17,2.9273556055151414e-40,5.168428586001153e-25,1.0,1.4141557030826802e-87,1.8515058035288447e-31,4.681057765673087e-49,1.614641120562049e-51
1.719728618822665e-19,1.0258262079406038e-26,1.5097588241672288e-16,8.747313511718474e-40,1.5415491626779762e-24,0.9999999999999998,4.225678378161031e-87,5.532746237353015e-31,1.3987600194374654e-48,4.824754485503664e-51
1.1444360593069044e-19,1.4085895500028977e-27,6.515864751769062e-17,1.7468902554426194e-40,2.921262468757607e-25,1.0,8.438929703088605e-88,1.1049006891880166e-31,2.7934065064035012e-49,9.635320129485552e-52
3.479330245962827e-19,5.265891524617842e-27,9.836251168711908e-17,7.800938512894024e-40,1.4674024308000287e-24,1.0,3.768500712967086e-87,4.934331595826188e-31,1.24742766931003e-48,4.3027625605582286e-51
6.705686458100251e-19,1.2864142965684988e-26,2.3843191998331833e-14,3.657451901102245e-39,5.5012749730597354e-24,0.9999999999999762,1.7668528053541743e-86,2.3129928776151157e-30,5.848535650802673e-48,2.0173402315504927e-50
6.671980830912598e-19,2.485163396075725e-26,7.306896794573836e-15,1.612078776831849e-38,2.0284433280907625e-23,0.9999999999999927,7.787678381699179e-86,1.0191205936053042e-29,2.577832998552914e-47,8.89174064877949e-50
6.949735987303094e-19,1.505184920482066e-26,2.5631006853431305e-15,3.321378567953826e-39,5.79346925039677e-24,0.9999999999999973,1.6045014938039653e-86,2.1007976338721868e-30,5.31112957448715e-48,1.8319723098748825e-50
4.359436742396685e-19,4.765169311715002e-27,2.0460568587959147e-16,1.0593654741917639e-39,1.7880016689961867e-24,0.9999999999999998,5.1176144237310685e-87,6.699633546994471e-31,1.694003615564128e-48,5.843140659635358e-51
1.4750732709347919e-19,7.815119605515002e-28,2.63436631964978e-17,1.1201494998326357e-40,2.0369850995899876e-25,1.0,5.411251712706022e-88,7.084858010465916e-32,1.7912017606376223e-49,6.178407024064536e-52
1.7340346317873962e-19,5.88349712615368e-27,1.0943163710005863e-16,6.115103689002093e-40,1.0819213881346994e-24,1.0,2.9541025829266236e-87,3.867826852681987e-31,9.778502329167715e-49,3.372906883134787e-51
3.8376737423292735e-19,5.609651889567373e-27,1.4670341552019344e-16,9.438927768554426e-40,1.72352044394766e-24,0.9999999999999998,4.559785463098182e-87,5.970314761762172e-31,1.5093542461633072e-48,5.206228064993305e-51
3.609596834050479e-19,2.4243377003571874e-27,1.2530509354939263e-16,6.599462206242769e-40,9.797596331595594e-25,0.9999999999999998,3.1880879454823176e-87,4.173393709700204e-31,1.055302736630567e-48,3.640064443768655e-51
2.1847523842505446e-19,1.816212034258698e-27,9.816324560714561e-17,3.08193334616879e-40,5.305357438811494e-25,1.0,1.4888295802272815e-87,1.949188011023526e-31,4.928238986055924e-49,1.699901543022349e-51
4.607784692217479e-19,3.8200372626553435e-27,2.7351612241090626e-16,1.1832861822245388e-39,1.8263204860613027e-24,0.9999999999999998,5.7162542870710925e-87,7.482869250405457e-31,1.892161977830563e-48,6.526649934921953e-51
2.455823390379358e-19,1.4163009641657194e-27,1.43266008128043e-16,3.58110782455712e-40,6.186462551202432e-25,0.9999999999999998,1.7299722802092075e-87,2.264949185404229e-31,5.7264558343997405e-49,1.9752311396611216e-51
3.65029143927166e-19,4.504688745126864e-27,8.727876477833227e-16,1.9982583067224414e-39,2.6597815412601192e-24,0.9999999999999991,9.653246006847104e-87,1.2634794006886478e-30,3.195362581769448e-48,1.1021790539457626e-50
2.4501801460193185e-19,2.3997673665396097e-27,8.012388348401802e-17,3.4977852099989243e-40,5.929056833697606e-25,1.0,1.6897205430551735e-87,2.2122137441864626e-31,5.593216823751209e-49,1.92927289769294e-51
8.293654903600315e-19,2.76414970271317e-26,1.0933968828440495e-14,1.0315614407663388e-38,1.6057131064996084e-23,0.9999999999999891,4.983297865942579e-86,6.523512785142027e-30,1.6495429126368564e-47,5.689781989932377e-50
2.6664783804310277e-19,1.8768452402476154e-27,3.8831377912152164e-16,3.753344742828737e-40,6.235367689199358e-25,0.9999999999999996,1.8131770059860002e-87,2.3739651519046104e-31,6.0018753846512115e-49,2.0702318325632132e-51
4.883994167314429e-19,1.2921054920469052e-26,1.7206480329346576e-15,2.0181246855185088e-39,3.358835516706959e-24,0.9999999999999982,9.749217100190475e-87,1.2764105974267074e-30,3.2271303871601975e-48,1.1131367492942813e-50
1.0372557327777427e-18,8.130227393802671e-26,6.679311370209919e-14,5.038787417096469e-38,6.166621718489976e-23,0.9999999999999332,2.434152500909944e-85,3.18495846424668e-29,8.057393144299758e-47,2.7792432708227443e-49
4.117751382776655e-19,4.885613830368863e-27,8.706874440332455e-16,1.0310863198938014e-39,1.798988510568802e-24,0.9999999999999991,4.981002637225891e-87,6.521797154899283e-31,1.6487831590924697e-48,5.68716136572602e-51
7.586696996125939e-20,4.143220858651374e-28,2.0504879812583717e-17,5.732838478944619e-41,1.0349568506026845e-25,1.0,2.769436761682631e-88,3.626107237725651e-32,9.167232032196234e-50,3.1620609148351572e-52
4.900300676171553e-20,2.1239582218099485e-28,1.1983932464489202e-17,3.1083514237656387e-41,5.571693937700316e-26,1.0,1.501591704155643e-88,1.9660640060149722e-32,4.97048344272438e-50,1.7144729583449488e-52
2.3366254376710807e-21,7.453947890504529e-30,3.5062702993411283e-19,9.754887227691422e-43,1.7839410558550907e-27,1.0,4.712420102616433e-90,6.170180821099873e-34,1.5598784962912035e-51,5.380501778171495e-54
6.989980948661263e-20,3.4908971761372133e-28,1.8386911684907756e-17,4.95588377374813e-41,8.896096888722248e-26,1.0,2.3941031585346262e-88,3.1346613600463635e-32,7.924824089489683e-50,2.733516117221699e-52
3.164993227649873e-19,3.536300719774096e-27,2.7269196517652877e-16,6.126433831567145e-40,1.0315820107585835e-24,0.9999999999999998,2.95957598222513e-87,3.874925722533444e-31,9.79662006417404e-49,3.3791562484326526e-51
3.164993227649873e-19,3.536300719774096e-27,2.7269196517652877e-16,6.126433831567145e-40,1.0315820107585835e-24,0.9999999999999998,2.95957598222513e-87,3.874925722533444e-31,9.79662006417404e-49,3.3791562484326526e-51
4.910506737061066e-19,3.0536449041896496e-27,3.858288018664467e-16,1.1986538819254789e-39,1.8852616514041945e-24,0.9999999999999996,5.790493030318194e-87,7.580128581133685e-31,1.9167360643213982e-48,6.611413534378733e-51
7.050652383678523e-19,7.170780839555656e-27,1.3783500152587445e-16,9.082221487295797e-40,1.646845521449046e-24,0.9999999999999998,4.387466725324099e-87,5.744478048565925e-31,1.452314277801266e-48,5.009479631106661e-51
6.126720271756981e-19,7.75135005206058e-27,5.386243092482404e-15,1.82623693443709e-39,2.961065936619095e-24,0.9999999999999947,8.822240011829193e-87,1.1550130023884447e-30,2.920287704375773e-48,1.0072972493421677e-50
7.761120091848655e-19,2.3239661661741396e-26,1.8499743185196474e-13,9.656106816510308e-39,1.325380396928132e-23,0.999999999999815,4.664700967350844e-86,6.105582753266009e-30,1.5440827795695402e-47,5.326017482086188e-50
4.949229057635151e-19,1.0611915596905645e-26,7.019606835662279e-16,2.068278931540697e-38,1.3144738049453869e-23,0.9999999999999993,9.991503746970773e-86,1.3064068609210088e-29,3.307330734766451e-47,1.1408003214173357e-49
3.1049873199833607e-19,2.0000013064914942e-26,4.336229409323022e-16,5.763154018443904e-39,6.798737570351214e-24,0.9999999999999996,2.7840816856903474e-86,3.643083980415157e-30,9.215708826588142e-48,3.1787820555545407e-50
3.2925190076063896e-19,2.0558515752575917e-26,5.496611993450855e-16,8.609255499435678e-39,9.572243902742074e-24,0.9999999999999996,4.158984904701696e-86,5.4415154719679746e-30,1.3766835252322125e-47,4.748605851738786e-50
4.435102619464605e-19,1.9412299505320605e-26,1.4251160168926448e-16,1.7116666771911238e-39,3.3119875693171344e-24,0.9999999999999998,8.268770587242691e-87,1.0827087092238404e-30,2.737081403809082e-48,9.441037487988309e-51
2.628934737466314e-19,5.927261937420619e-27,1.2480771930523555e-16,7.045045708277771e-40,1.1994556314576695e-24,0.9999999999999998,3.403341756237973e-87,4.455470731163072e-31,1.1265548286195903e-48,3.8858348730404333e-51
2.092471482360394e-19,3.5754205808082665e-27,9.141341620668445e-17,4.4613790286872526e-40,7.675056701717336e-25,1.0,2.1552163275172865e-87,2.8215669918098684e-31,7.134074490268757e-49,2.4607622049894453e-51
4.1042592336930447e-19,4.02773060703383e-26,2.9581785532189305e-16,6.349560324044526e-39,1.0236839875496813e-23,0.9999999999999998,3.0673645966571714e-86,4.016161317570068e-30,1.0153415804236593e-47,3.5022260976798014e-50
1.783376987265514e-19,6.297825280128684e-28,1.0909906173230986e-16,1.759108805618436e-40,2.9339874105110356e-25,1.0,8.497955439882671e-88,1.112575075520227e-31,2.812944870035735e-49,9.702713968503007e-52
3.8390746973205883e-19,2.654579753938398e-26,1.0909498992687154e-15,5.615850469363801e-39,7.859519358720601e-24,0.9999999999999989,2.7129218446011312e-86,3.550838674449102e-30,8.980159568440666e-48,3.0975338554413243e-50
2.5463889250720116e-19,1.1773126043096606e-26,1.7042705867695698e-16,1.5716603461060786e-39,2.6882787600859405e-24,0.9999999999999998,7.59242381698455e-87,9.93992337721809e-31,2.5132009432414605e-48,8.668804766628433e-51
5.30298526270241e-19,6.194178578976721e-27,5.140969951198633e-16,5.930521562033286e-39,5.738864608066746e-24,0.9999999999999996,2.86493409904401e-86,3.7481697961207924e-30,9.483341886072009e-48,3.271096947764025e-50
1.1092825675553242e-19,1.9666911067902844e-27,8.6971169288509e-17,2.3644718480379477e-40,4.017486278589805e-25,1.0,1.1422361335228424e-87,1.495514959715959e-31,3.780965074355455e-49,1.3041714052826299e-51
4.527613940811544e-19,4.794020788486928e-27,2.3571552368447223e-15,1.6822834058422144e-39,2.665811271095999e-24,0.9999999999999976,8.126824999899022e-87,1.0639047607087883e-30,2.6900953829215805e-48,9.278968218170416e-51
3.051965015652745e-19,1.5846769904433183e-25,3.2734230931634675e-16,5.986809880990437e-39,1.0635151114436795e-23,0.9999999999999998,2.892126026824563e-86,3.786931490666176e-30,9.573351058619844e-48,3.3021438859803237e-50
1.672549258129648e-19,6.122314997118236e-28,6.44056992266562e-17,1.3781241798099406e-40,2.2913448648959635e-25,1.0,6.657483513714252e-88,8.715929246368761e-32,2.2037223223562295e-49,7.601317604047782e-52
3.051646050395829e-19,3.328805788969408e-27,4.88867664621995e-16,6.36156841004874e-40,1.1213003075175472e-24,0.9999999999999996,3.073165496939701e-87,4.023811872315604e-31,1.0172617614355433e-48,3.508849393906686e-51
2.4216104557709965e-19,8.406917768868035e-27,9.811422108550147e-17,7.792929276452473e-40,1.3823512790977093e-24,1.0,3.764631587637253e-87,4.928886368139406e-31,1.2461469334524372e-48,4.2983449077887796e-51
1.2079099674111538e-18,2.8712607431906187e-26,6.378109873641917e-16,1.1774098121619353e-38,1.907541072902144e-23,0.9999999999999993,5.68786654475977e-86,7.44503815889253e-30,1.882765228850489e-47,6.494237651072401e-50
5.248221620051143e-19,7.615079779617957e-27,7.019008120691132e-16,6.054901095817054e-39,8.106660825473525e-24,0.9999999999999993,2.925019734966057e-86,3.82783702660061e-30,9.682233940196066e-48,3.3397009482311393e-50
9.47885136007143e-19,6.318805326497904e-26,1.863016034517e-14,3.253461545589884e-38,4.4161821358213114e-23,0.9999999999999813,1.571691936780458e-85,2.0570297712207e-29,5.202525245109482e-47,1.7945113288795785e-49
1.7761738514122707e-19,3.383432518299511e-27,9.303357349914336e-17,5.044649698629147e-40,8.412561481115897e-25,1.0,2.4369844677658504e-87,3.1903479478378094e-31,8.066767360052904e-49,2.782476726748176e-51
5.885925910605687e-19,6.602498637360807e-27,2.227647463680211e-15,1.569694269262178e-39,2.701015766384677e-24,0.9999999999999978,7.582926030061992e-87,9.928305049102542e-31,2.5100570398330076e-48,8.657960474669586e-51
2.9017234332580254e-19,2.9846938962140264e-27,1.4096508386977206e-16,6.693634619891443e-40,1.1138804318910825e-24,0.9999999999999998,3.233581036256118e-87,4.233071704926795e-31,1.0703616007561334e-48,3.6920071081476335e-51
2.8906063607403635e-19,2.1222720719426385e-26,2.645944814222091e-16,2.1751171433457932e-39,3.403667624915174e-24,0.9999999999999998,1.0507620968277204e-86,1.3754995750464431e-30,3.478172921488237e-48,1.19972905795851e-50
2.0855711180612938e-19,1.0142571250053222e-26,6.830726909906828e-17,5.976159545004575e-40,1.1496668255808423e-24,1.0,2.8869810305441916e-87,3.780197442142619e-31,9.55632038460878e-49,3.2962694815273215e-51
3.1001959134565866e-19,3.1300146457735276e-26,2.3783146832289443e-16,2.8802212583414494e-39,5.5349817812714034e-24,0.9999999999999998,1.3913859014729142e-86,1.8220791614421677e-30,4.605686463616382e-48,1.5886432351057133e-50
3.4468133137964363e-19,3.2330254736234957e-26,1.9461567251591802e-16,3.198240829326051e-39,6.085347769751686e-24,0.9999999999999998,1.5450157475726048e-86,2.023146759142696e-30,5.114223241115839e-48,1.7640532456989213e-50
3.8913224067067605e-19,1.487914865686033e-26,1.8830549725898265e-16,2.571912878875176e-39,4.895405453820362e-24,0.9999999999999998,1.242447367423635e-86,1.6269082405135422e-30,4.112678600411834e-48,1.4185896257414985e-50
4.28838527179435e-19,3.255997131759686e-27,1.4869347595495682e-16,7.037773045449398e-40,1.2127129519093189e-24,0.9999999999999998,3.3998284563172236e-87,4.451029650568635e-31,1.1253918760648387e-48,3.8818234911900876e-51
5.269271289250851e-19,3.2159435799486468e-27,3.3920817673792465e-16,1.5956645326543677e-39,2.3537283076684646e-24,0.9999999999999996,7.708383959615459e-87,1.0089703026837855e-30,2.5515854100287966e-48,8.801204624883052e-51
2.21000696211764e-19,1.2896391877001155e-27,4.214407470979075e-17,2.1828751498158493e-40,4.062570234761802e-25,1.0,1.0545098573456971e-87,1.3807080981033898e-31,3.4905785451676624e-49,1.2040081399783704e-51
1.0953535708847864e-18,6.951960524530863e-26,5.268801455770052e-14,8.078743218256613e-38,8.64828395955856e-23,0.9999999999999474,3.902703445736551e-85,5.104553624543833e-29,1.2918506944820434e-46,4.455991268223885e-49
3.270383652446425e-19,8.411403299800545e-27,1.8182524681864871e-16,1.1514956922544456e-39,1.9050298982974887e-24,0.9999999999999998,5.56267983775055e-87,7.2820152480830544e-31,1.8413266372078487e-48,6.351303174731344e-51
3.707823092791655e-19,2.7727634588571486e-27,1.491604038149584e-16,6.7459014901605515e-40,1.159716978702115e-24,0.9999999999999998,3.258830272182392e-87,4.266399301921958e-31,1.0787194592049843e-48,3.7208359383114297e-51
5.240718144779876e-19,1.1072335242730176e-26,1.5768652816523447e-15,6.191719321964503e-39,7.658634471534893e-24,0.9999999999999984,2.991114293735535e-86,3.914517209655103e-30,9.901016388914017e-48,3.4151657589319492e-50
3.6273393788729474e-19,4.411376489818841e-27,2.4184788124862074e-16,1.6432576377414094e-39,2.2598454749830135e-24,0.9999999999999998,7.938298156708756e-87,1.0390250863258294e-30,2.6276902997093316e-48,9.063713849304814e-51
7.061113893454787e-19,5.196047462395578e-27,3.0505217839310774e-16,1.3879636905555748e-39,2.2843255642459845e-24,0.9999999999999998,6.705016516492339e-87,8.777708844388746e-31,2.219456426549792e-48,7.655589379568674e-51
3.2436446803007626e-19,3.615952666547656e-27,7.8317856493313e-17,3.8324001877894135e-40,7.418656823817533e-25,1.0,1.8513673466521667e-87,2.424259436411207e-31,6.128290877917405e-49,2.1138364330421044e-51
4.1125700974038634e-19,1.864937990437877e-26,8.6028281845206e-16,4.224316126044066e-39,5.813948303300283e-24,0.9999999999999991,2.0406952714317227e-86,2.6710597436602952e-30,6.754993404806866e-48,2.3300054531530936e-50
5.934057234884297e-20,2.6102673606686545e-28,1.5114757390936076e-17,4.056703545417696e-41,7.180645938421213e-26,1.0,1.9597244840788902e-88,2.565839746402325e-32,6.486968510453837e-50,2.2375554050154125e-52
9.941859630556938e-19,5.039637567078486e-26,2.0832156139876586e-13,2.568397763851328e-38,3.3938632192152044e-23,0.9999999999997917,1.2407492754989373e-85,1.623776703943916e-29,4.107057673061454e-47,1.4166507946480527e-49
9.717601141368793e-19,3.109810799852297e-26,2.8812212962267907e-13,2.1161165060348831e-38,2.7752559668562726e-23,0.9999999999997118,1.0222598922305031e-85,1.3378135451613477e-29,3.383826545107378e-47,1.1671860844591845e-49
2.0387633465376915e-19,1.518727507919039e-27,8.467237645033788e-17,3.126275845046528e-40,5.533359990896794e-25,1.0,1.5102506872239781e-87,1.977337241125574e-31,4.999145915920918e-49,1.7243595288929498e-51
3.0172542681791397e-19,1.6801308157796593e-25,2.5951244002144736e-16,6.419702722650041e-39,1.1026056708913886e-23,0.9999999999999998,3.101249196675703e-86,4.060196860957023e-30,1.0265578679731467e-47,3.5409145309438733e-50
2.0491950962971574e-19,4.128377890126743e-27,3.041189903779174e-16,9.425531820653691e-40,1.4203931290464166e-24,0.9999999999999998,4.553314108521479e-87,5.96059200341394e-31,1.5072121351819738e-48,5.198839263899831e-51
1.741199543344467e-19,3.794958663562154e-27,5.661922694287063e-17,3.5309179441004866e-40,6.779239418755178e-25,1.0,1.7057264029504565e-87,2.233557349300167e-31,5.6461985107006844e-49,1.9475479147229198e-51
2.7177173448653096e-19,1.2843643134722576e-26,3.0417368031190845e-16,2.4672647200911544e-39,3.664593898102588e-24,0.9999999999999998,1.1918936221986603e-86,1.5600603386479461e-30,3.945338468661582e-48,1.3608688559134477e-50
2.0342472767239584e-19,2.209133762841826e-27,1.4978073522089124e-16,4.336976193270657e-40,7.48936115645162e-25,0.9999999999999998,2.095119433160558e-87,2.7432000257867085e-31,6.935145169109685e-49,2.3921453499748777e-51
3.6930501151233743e-19,4.0570473243538385e-27,3.715773987641032e-16,6.363318482980783e-40,1.053217924814532e-24,0.9999999999999996,3.0740109277997367e-87,4.024648705233418e-31,1.0175416111501586e-48,3.509814681836599e-51
4.91837294258142e-20,4.4127889818277485e-28,1.2466353025745656e-17,4.645178581419725e-41,8.450237032553966e-26,1.0,2.244006764871889e-88,2.9381164175763314e-32,7.427983545254373e-50,2.5621404980252923e-52
2.5186420241010853e-19,4.576825633734971e-27,8.710610719320293e-17,4.647878129890835e-40,8.320025106993774e-25,1.0,2.24531087120819e-87,2.9397349403769894e-31,7.43230032386667e-49,2.5636294880364957e-51
2.1593675695521073e-19,1.1375915925212578e-27,4.5966918767568343e-17,1.8322656897823078e-40,3.267027910889728e-25,1.0,8.85136390616693e-88,1.1588685485299264e-31,2.929928130222215e-49,1.0106225293863742e-51
1.561315474644266e-19,1.5835118342532153e-27,3.5633323587877416e-17,1.8000101854175319e-40,3.1821471739391275e-25,1.0,8.695543051397923e-88,1.138501506160947e-31,2.8783491972461444e-49,9.928313654429187e-52
1.0072333153019038e-19,5.987467147052647e-28,3.679088230897609e-17,1.063446412631585e-40,1.8543844195801832e-25,1.0,5.137328742424749e-88,6.726009878186728e-32,1.7005293371951976e-49,5.865649885145175e-52
1.1879383680674817e-19,3.854768053627472e-28,1.5075026310321684e-17,5.986899074888793e-41,1.0791436927578544e-25,1.0,2.892169114738099e-88,3.7866553225866264e-32,9.573493685789063e-50,3.3021930824845288e-52
5.321687234864057e-19,8.17235311354137e-27,9.808096097755897e-17,6.904266728376244e-40,1.3176809305290676e-24,1.0,3.3353338248849683e-87,4.36714613591158e-31,1.1040432300386572e-48,3.8081854301625713e-51
6.354284975797055e-19,1.1121325740134894e-26,1.7145187515416168e-16,1.227227205259474e-39,2.240992756714304e-24,0.9999999999999998,5.928525895250221e-87,7.761992231288815e-31,1.962426918086862e-48,6.769015373569706e-51
5.976280569418079e-19,1.2196894556414486e-26,1.238585810490522e-16,1.0079815678932888e-39,1.958018883181921e-24,0.9999999999999998,4.869387511297701e-87,6.375916033298922e-31,1.6118369550215635e-48,5.559722518923284e-51
2.464543993424314e-19,1.813504447145898e-27,2.38780756231566e-16,3.4643420304146794e-40,5.988338697030214e-25,0.9999999999999998,1.6735647112165854e-87,2.1912100438430924e-31,5.539738708200487e-49,1.910826647137498e-51
3.9052703418381055e-19,2.1612782135041792e-27,1.3629791552366504e-16,5.242043828954669e-40,8.911779129068511e-25,0.9999999999999998,2.5323422144855237e-87,3.3152397701793494e-31,8.382415148925214e-49,2.891353379214445e-51
3.457815242202693e-19,6.56836637579127e-27,1.5013992314336367e-16,8.066878762577338e-40,1.4146338546742925e-24,0.9999999999999998,3.8969719250680455e-87,5.102141157992702e-31,1.2899534791455167e-48,4.449447187586552e-51
3.457815242202693e-19,6.56836637579127e-27,1.5013992314336367e-16,8.066878762577338e-40,1.4146338546742925e-24,0.9999999999999998,3.8969719250680455e-87,5.102141157992702e-31,1.2899534791455167e-48,4.449447187586552e-51
6.715283789352814e-19,1.0645149404922101e-26,2.807252879376837e-15,2.0531997429578123e-39,3.526564409945295e-24,0.9999999999999971,9.918658735528419e-87,1.2986311644656284e-30,3.283217993437628e-48,1.1324830936434603e-50
5.055028940441501e-19,6.4559000439143434e-27,7.327141509794992e-16,1.1140464747742565e-39,1.987666756819331e-24,0.9999999999999993,5.381769034420926e-87,7.046558147538837e-31,1.7814425721762136e-48,6.144744574731948e-51
2.933298802804358e-19,1.4033082875825327e-26,1.3456343131734112e-16,1.51901917030677e-39,2.9114409374635804e-24,0.9999999999999998,7.338123249645717e-87,9.60874167323679e-31,2.4290238160013983e-48,8.378451906534972e-51
5.7679864287738855e-19,6.920636753998257e-27,1.888736264539009e-15,2.17730327774409e-39,3.608426641580029e-24,0.999999999999998,1.0518181804089239e-86,1.3770799364385955e-30,3.4816687092739665e-48,1.2009348629298048e-50
3.846223090435394e-19,5.713988866427896e-27,3.5736501480503795e-16,1.1355356238913329e-39,2.0155558450416267e-24,0.9999999999999996,5.485579460041777e-87,7.182644469436511e-31,1.8158053087539194e-48,6.263272245755078e-51
3.2500713704642876e-19,5.9561989016910555e-27,2.668592780919607e-16,1.192702284088913e-39,2.1527741424539032e-24,0.9999999999999998,5.7617418717373955e-87,7.544316890074467e-31,1.9072190193542167e-48,6.578586312590381e-51
4.2352276745089857e-19,3.183371979936553e-27,5.378761192215365e-16,1.365833111828036e-39,2.2005147751658836e-24,0.9999999999999996,6.598107453856344e-87,8.638021421214019e-31,2.1840679967745675e-48,7.533523776526143e-51
6.762146537271165e-19,1.4055238054259726e-26,3.2858662485773824e-14,4.0510886106282975e-39,6.154557753915117e-24,0.9999999999999671,1.957012004510495e-86,2.5619017755222887e-30,6.477989814852794e-48,2.234458376137851e-50
1.0030739867024566e-18,6.420542371883305e-26,4.2626402936197045e-14,7.309637108613161e-38,7.485620135711856e-23,0.9999999999999574,3.531161365340849e-85,4.618556519499606e-29,1.1688649485121549e-46,4.031775519054011e-49
3.6241598825167055e-19,1.5480676942826068e-27,1.0621526729111592e-16,4.339579403164506e-40,7.464646869996015e-25,1.0,2.0963769998549225e-87,2.744544980329394e-31,6.93930789485038e-49,2.3935812024005642e-51
5.571832020148704e-19,4.3708087609336225e-27,8.617721636131536e-17,5.868824769531774e-40,1.1290339362682403e-24,1.0,2.835129425758088e-87,3.7122165616186273e-31,9.384684151966577e-49,3.2370668540710446e-51
4.707333914437454e-19,4.013591158270218e-27,3.592469151632955e-16,1.569864813107913e-39,2.4182564331147875e-24,0.9999999999999996,7.583749902716663e-87,9.926899315359089e-31,2.5103297534810995e-48,8.658901148078771e-51
3.045945069260822e-19,1.7501565303343122e-27,1.2685189728710018e-16,4.8352554808396775e-40,7.443668310660421e-25,0.9999999999999998,2.3358296827224817e-87,3.057717632555944e-31,7.731930544679564e-49,2.6669811875253003e-51
4.522534653456833e-19,3.3229011876568316e-27,2.2829697948333297e-16,1.2531961690126962e-39,2.0378348457800863e-24,0.9999999999999998,6.0539775422910515e-87,7.924810657957122e-31,2.0039532086726045e-48,6.912252350596215e-51
3.045945069260822e-19,1.7501565303343122e-27,1.2685189728710018e-16,4.8352554808396775e-40,7.443668310660421e-25,0.9999999999999998,2.3358296827224817e-87,3.057717632555944e-31,7.731930544679564e-49,2.6669811875253003e-51
9.972133087729942e-19,3.775612339490456e-26,8.35951599713929e-14,2.6086076988949815e-38,3.291388539916452e-23,0.9999999999999165,1.2601740112135081e-85,1.6491415862522785e-29,4.1713563282685166e-47,1.4388293828844304e-49
3.6050924379832203e-19,3.248076320740302e-27,8.713137264115721e-16,1.0915672002185761e-39,1.656063473760078e-24,0.9999999999999991,5.273175484390544e-87,6.902870215589067e-31,1.7454965529699514e-48,6.020755673845962e-51
3.780082397525297e-19,4.92632741243188e-27,5.628746963370418e-16,1.736651381675128e-39,2.5979625572401843e-24,0.9999999999999993,8.389467447052329e-87,1.0981609638547507e-30,2.7770337917718686e-48,9.578845589703372e-51
3.965617605955022e-19,3.745434874058782e-27,6.916719934061904e-16,9.88016337566984e-40,1.6604068849627986e-24,0.9999999999999993,4.772938877937727e-87,6.248824468939072e-31,1.579911077040959e-48,5.449600324383067e-51
2.826549039955592e-19,3.44287707921229e-27,1.0609496900713235e-16,6.181306355050637e-40,1.085964006292836e-24,1.0,2.9860839652233758e-87,3.909463481890627e-31,9.88436528162382e-49,3.409422278742347e-51
3.0646683698988173e-19,4.7558735445251705e-27,1.3155332244874426e-16,8.966752550025616e-40,1.5438811231578855e-24,0.9999999999999998,4.331685645682316e-87,5.671035833572738e-31,1.4338499421226986e-48,4.945790445578763e-51
3.042489616196894e-19,4.812378423798731e-26,1.4542419901591933e-16,2.1956093621321876e-39,4.344244157801824e-24,0.9999999999999998,1.0606615388053039e-86,1.3889049665807498e-30,3.510941491203708e-48,1.211031947769569e-50
2.977106981543154e-19,1.7179103678787696e-27,9.83255750562378e-17,4.110843746715501e-40,7.048932759765881e-25,1.0,1.9858786948237282e-87,2.5999401000857506e-31,6.573542691109061e-49,2.2674175086383766e-51
3.403884712284319e-19,7.969096236554428e-26,2.2025428195976066e-16,4.9514356063373647e-39,9.328499699462278e-24,0.9999999999999998,2.391954325095449e-86,3.1320612096936927e-30,7.917711143274824e-48,2.7310626428096725e-50
3.4369230577208854e-19,7.136869325954469e-26,2.2219049394842946e-16,4.691002364624818e-39,9.213908573489322e-24,0.9999999999999998,2.2661434557120455e-86,2.9674986417660625e-30,7.501259160052981e-48,2.5874155163459554e-50
2.940782761237971e-19,3.513643432530364e-27,9.006807935590672e-17,4.783703159738216e-40,8.740620717917985e-25,1.0,2.310925632863425e-87,3.025754297616593e-31,7.649494575475236e-49,2.6385464805950067e-51
3.518058865676647e-19,6.833417988409085e-27,1.5151793523666638e-16,1.1059906245877003e-39,2.032151196332133e-24,0.9999999999999998,5.342852595221806e-87,6.995709322148556e-31,1.768560673848755e-48,6.100310936441779e-51
2.835070655322057e-19,1.6182166475472923e-27,1.1445059981061842e-16,3.3384200599083435e-40,5.735015498092234e-25,0.9999999999999998,1.612733949332701e-87,2.1114426314274016e-31,5.338380180507301e-49,1.8413718839040494e-51
4.332336178740566e-19,3.538270080237203e-27,2.694786245723449e-16,1.0867973889159327e-39,1.7658436985503305e-24,0.9999999999999998,5.250133337302254e-87,6.873039992889747e-31,1.7378692725150587e-48,5.994446832384098e-51
3.360920507570449e-19,1.1500031800331449e-27,6.585538115490419e-17,2.830510626110021e-40,4.845754150539445e-25,1.0,1.3673715407018922e-87,1.7901771947036959e-31,4.526195492625143e-49,1.5612243488399495e-51
8.268472083965293e-25,2.596752602356425e-32,0.9999991043242653,1.290180393708517e-44,1.7638015291156415e-29,8.956757347302608e-07,6.232642042064155e-92,8.157461271100971e-36,2.0630937150539872e-53,7.116246187688875e-56
1.031806416010416e-18,6.339476979563747e-26,1.4854529771655262e-13,4.1456409212487144e-38,5.1170157116089254e-23,0.9999999999998515,2.0026886190755804e-85,2.6204197442603167e-29,6.629185946037126e-47,2.2866105825491274e-49
2.4823748336614896e-19,9.994608114098966e-28,4.6922935886310934e-17,2.047088503877119e-40,3.456589929812431e-25,1.0,9.889136383509573e-88,1.2947073736497049e-31,3.2734456724190897e-49,1.1291123188807214e-51
4.3456743210160035e-19,1.1589107087770513e-26,4.054706941823079e-16,1.2062247266252244e-39,2.11529789781336e-24,0.9999999999999996,5.827066491783774e-87,7.62948900892641e-31,1.9288424034890222e-48,6.653172030048542e-51
1.1384308341557218e-19,5.588854380388008e-28,1.8119354839388885e-17,7.823872385177259e-41,1.421093047960399e-25,1.0,3.7795796766756713e-88,4.94851142309107e-32,1.2510949648553952e-49,4.31541219336606e-52
4.583968740839645e-19,5.4211222770248804e-27,4.721337710247046e-16,2.5215399442577387e-39,3.527072612568185e-24,0.9999999999999996,1.2181130598321922e-86,1.594299135707879e-30,4.032128559652608e-48,1.3908054336671047e-50
4.507443286820091e-19,4.076785301395553e-27,2.7252005605748804e-16,1.8585925502820458e-39,2.303824081461088e-24,0.9999999999999998,8.978544495114896e-87,1.1751008420286622e-30,2.9720267253231636e-48,1.0251436325580436e-50
3.562101868482089e-19,2.002106951933836e-27,1.301687502452245e-16,4.81026856755506e-40,8.065867711626207e-25,0.9999999999999998,2.3237589296113507e-87,3.0421139096371895e-31,7.691974624362436e-49,2.6531991589361582e-51
5.127816691740461e-19,4.510683756358544e-27,3.9260579039515123e-16,2.9323635675986685e-39,4.3196872596190375e-24,0.9999999999999996,1.416574964438917e-86,1.854084641463724e-30,4.689065866997517e-48,1.6174033615646849e-50
5.1349007971766015e-19,5.039967502880799e-27,4.4052698200916994e-16,3.354488693363315e-39,4.969065769489417e-24,0.9999999999999996,1.6204964329828732e-86,2.1209739445959307e-30,5.3640751123262375e-48,1.8502348579541757e-50
2.0669240630702484e-19,1.5825090594766642e-27,3.188547003502597e-17,1.85373706906779e-40,3.479953535698128e-25,1.0,8.955088487108521e-88,1.1725539727994397e-31,2.964262450979781e-49,1.0224654949973236e-51
4.496830147809066e-19,6.191211684938087e-27,1.510545402000439e-15,1.2529146511744623e-39,1.952615911496767e-24,0.9999999999999984,6.052617576446576e-87,7.924023660248422e-31,2.0035030405092587e-48,6.910699581852109e-51
4.2438738818094386e-19,5.173877001327609e-27,2.2107406470500365e-15,1.2860471070272499e-39,2.078589987715654e-24,0.9999999999999978,6.2126748351630135e-87,8.13356324902462e-31,2.056484283822679e-48,7.093448221909665e-51
1.10414120127807e-18,1.2550094847725823e-25,2.17636572341066e-14,1.0874630939319481e-37,1.1390428875858045e-22,0.9999999999999782,5.253349253780221e-85,6.870636349972293e-29,1.7389337868451436e-46,5.9981186706224885e-49
9.401401181639442e-19,8.023616565035505e-26,5.895484709005719e-15,1.8999054712169805e-38,2.815435671542975e-23,0.999999999999994,9.178120186084406e-86,1.2014142256528036e-29,3.0380891352570013e-47,1.0479305941777232e-49
2.301204176979105e-19,2.1313551599576156e-27,1.0326418326256102e-16,3.389259769144586e-40,5.830996660963413e-25,1.0,1.6372937481645367e-87,2.143572185984786e-31,5.4196766295436524e-49,1.8694135352018312e-51
3.431418014584594e-19,3.943213260070053e-27,4.110094391030679e-16,5.821294330104929e-40,1.0367591775274063e-24,0.9999999999999996,2.81216827814535e-87,3.6820725782865534e-31,9.30867946723999e-49,3.210850495412656e-51
1.5914908417284978e-19,1.9376512034427902e-27,4.577980140088475e-17,2.311316235339243e-40,4.433781497855041e-25,1.0,1.1165575609760703e-87,1.4620642217949176e-31,3.6959653242097455e-49,1.2748523712745833e-51
3.0732232719943466e-19,1.9877108312946278e-27,2.4707647254080334e-16,5.938681165620107e-40,9.617700866605671e-25,0.9999999999999998,2.86887586290577e-87,3.75575705973045e-31,9.49638968858255e-49,3.275597537059015e-51
1.901383166784716e-19,1.7967309168111948e-27,5.266393234302847e-17,2.1890572545130953e-40,3.942254277385736e-25,1.0,1.0574963269156264e-87,1.3845606127044245e-31,3.500464186855809e-49,1.2074180025291516e-51
3.322396741935526e-19,1.0113755943525314e-26,1.549469210816998e-16,1.781899028510988e-39,3.2913726558269073e-24,0.9999999999999998,8.608051131802117e-87,1.1270813061973647e-30,2.8493881197095757e-48,9.828417970532179e-51
1.4373459930404487e-19,5.042141895995691e-28,2.1544640273869722e-17,8.156700684301854e-41,1.4348148535692719e-25,1.0,3.940363367258183e-88,5.158880497025209e-32,1.304316667511913e-49,4.498990251824783e-52
1.8024560053811272e-19,5.089079202399797e-27,5.210873790536736e-17,3.885985846836258e-40,7.354847889407749e-25,1.0,1.8772536678028107e-87,2.4580642959418595e-31,6.213978305678028e-49,2.1433926682563685e-51
3.259514075830169e-19,1.0585188132106412e-26,3.037750468175093e-16,1.4605484073333224e-39,2.5727863079109384e-24,0.9999999999999998,7.055660936841477e-87,9.238765109574775e-31,2.335524747969313e-48,8.055944799100759e-51
7.934066495436566e-20,4.855664970206897e-28,1.3757333343531005e-17,4.972132046742486e-41,9.270840811026428e-26,1.0,2.401952422668308e-88,3.145036438556719e-32,7.950806277128348e-50,2.7424781746590576e-52
2.940002418068428e-19,1.2162327924048422e-25,2.2189017129733891e-16,3.654274025721147e-39,6.529778504398949e-24,0.9999999999999998,1.7653176279250543e-86,2.3113985065572458e-30,5.843453993829956e-48,2.0155874114055733e-50
3.3288234618275457e-19,1.4732100020730732e-27,7.119107121719999e-17,3.342343822603938e-40,5.98813460452258e-25,1.0,1.6146294522899028e-87,2.1139568447928803e-31,5.344654566573024e-49,1.843536113070734e-51
3.342919716888388e-19,2.2374054114418967e-27,8.213942792357261e-17,3.9922820050091214e-40,7.189989948947073e-25,1.0,1.9286035337914412e-87,2.525072485287865e-31,6.383953711093692e-49,2.2020224252059437e-51
2.73285958223979e-19,1.2346987323177196e-27,6.031184983302526e-17,2.345562216726833e-40,3.98050347635488e-25,1.0,1.1331012124521053e-87,1.4834587310019827e-31,3.750727178259243e-49,1.2937414228119949e-51
2.1016707154711593e-19,1.3352645569786767e-27,5.555791051563896e-17,2.0929209576821766e-40,3.7838130555386384e-25,1.0,1.011054517069139e-87,1.3237890972210475e-31,3.3467351496925752e-49,1.1543921187965468e-51
8.386191884544863e-19,5.1421945517978737e-26,3.941410411835715e-16,6.572386504586655e-39,1.2628819723822923e-23,0.9999999999999996,3.1750081339573114e-86,4.157390736501989e-30,1.05097313182261e-47,3.625130302152257e-50
4.811677541653582e-19,4.366347181467343e-27,3.10465739577326e-16,2.1368487394952148e-39,2.6185214821952784e-24,0.9999999999999998,1.0322752818607296e-86,1.350999243949281e-30,3.4169789181863717e-48,1.1786213598678e-50
4.77159295947782e-19,3.2242677770433347e-27,6.356153777665195e-16,1.0750772823821835e-39,1.8157306507902666e-24,0.9999999999999993,5.193515494401152e-87,6.799463920803032e-31,1.7191279562196045e-48,5.929802255336208e-51
2.816090134052193e-19,4.7246119458705964e-27,8.197366320652183e-17,5.459661668800243e-40,1.0279248083907557e-24,1.0,2.6374696913861347e-87,3.453415597661282e-31,8.730402142902251e-49,3.011384820402035e-51
2.139658712563398e-19,2.8622859977177714e-27,1.6589132557344493e-16,4.019223300041421e-40,7.071415728601556e-25,0.9999999999999998,1.941618414883711e-87,2.5422031862572546e-31,6.4270348301443416e-49,2.2168824311762875e-51
1.6120478136610291e-19,1.1813042469491642e-27,2.6322931563214133e-17,1.319870481262271e-40,2.4579035541763086e-25,1.0,6.376069804159327e-88,8.348306217323992e-32,2.1105703570103043e-49,7.280007760763349e-52
2.359562235153943e-19,3.0966798764056074e-27,6.640765594052052e-17,4.133224224976835e-40,7.336802538269949e-25,1.0,1.9966903229244134e-87,2.6141194824569286e-31,6.6093307274405344e-49,2.2797619055626602e-51
2.5265424972025584e-19,4.093825483555281e-27,7.558354347097549e-17,5.178264926656097e-40,9.154678539314042e-25,1.0,2.5015317112662654e-87,3.2750678078243858e-31,8.280427973789964e-49,2.856174858677718e-51
1.7444482776470917e-19,5.894320510041965e-27,9.135036839010837e-17,5.8512331488222895e-40,9.950056719255183e-25,1.0,2.8266312137742007e-87,3.7005013311760024e-31,9.356553854068829e-49,3.2273638471881907e-51
3.312370660053699e-19,2.1673767060779837e-27,7.094633238881477e-17,3.984745259011438e-40,7.173762302478574e-25,1.0,1.9249626597882173e-87,2.520230300873956e-31,6.3719018970752805e-49,2.1978653830446203e-51
5.259700651509381e-19,3.1673298556545503e-27,2.2749007649667095e-16,1.5035781714571123e-39,2.049255075174999e-24,0.9999999999999998,7.26353041147244e-87,9.507134322175423e-31,2.4043325190223268e-48,8.293284011973249e-51
4.586003049524852e-19,2.4323476177149237e-26,1.1510532071652528e-15,3.5154203486899797e-39,6.2150633575626906e-24,0.9999999999999989,1.69823977790673e-86,2.223655022531699e-30,5.621416710328879e-48,1.938999907863788e-50
3.891999787839078e-19,4.176028665484975e-27,4.4118553834365513e-16,1.8642688698635383e-39,2.8340895018177322e-24,0.9999999999999996,9.00596582669511e-87,1.1788570953645532e-30,2.981103578519452e-48,1.0282745190264478e-50
3.066780653598555e-19,3.4842906167078295e-27,4.74095433316859e-16,1.0675974428000461e-39,1.6927994876769752e-24,0.9999999999999996,5.157381663189881e-87,6.751545280472708e-31,1.707167140957219e-48,5.888545716477025e-51
4.156399341649571e-19,8.538516356900403e-27,3.1533866246286536e-15,1.702059577673342e-39,2.7328516886395985e-24,0.9999999999999969,8.222360323014588e-87,1.0764593349817366e-30,2.7217189421355993e-48,9.388047622108979e-51
7.850037309764935e-19,3.6047363233941045e-26,1.7003984723344006e-14,9.673060145469349e-39,1.4595383718891892e-23,0.9999999999999829,4.6728908312412845e-86,6.116815024162159e-30,1.546793741726662e-47,5.335368426243528e-50
2.3257722352336447e-19,1.227777158031899e-26,1.8757186260404278e-16,1.4516707574973916e-39,2.3577845859244007e-24,0.9999999999999998,7.012774523473988e-87,9.18026982558896e-31,2.3213287313740032e-48,8.006978361822587e-51
2.040632192162752e-19,1.4217930653333246e-27,2.37050593276877e-16,3.776825528833386e-40,5.864877013053215e-25,0.9999999999999998,1.8245201746812453e-87,2.388508190033566e-31,6.039422896429275e-49,2.0831831268039325e-51
7.37485702747376e-19,1.6144537230913975e-26,5.212224896917989e-15,5.8569467153234776e-39,9.43228026260624e-24,0.9999999999999949,2.829391339357356e-86,3.704191160913535e-30,9.365690264715399e-48,3.2305152768750097e-50
9.804260968681325e-19,1.7087872554747507e-26,1.0364496193936748e-15,3.341109613472764e-39,5.752423113828071e-24,0.9999999999999989,1.614033226411602e-86,2.1132318627135314e-30,5.342680973575876e-48,1.8428553600121078e-50
3.608374470681225e-19,4.0274330725351356e-27,1.3364172967731709e-16,8.578264814274199e-40,1.453376918781817e-24,0.9999999999999998,4.144013827943923e-87,5.425080586136042e-31,1.3717278845651563e-48,4.7315123194640174e-51
2.5711321404503684e-19,3.647684202048133e-27,8.903128690282668e-17,4.347591391693853e-40,7.7649857693555455e-25,1.0,2.1002474554151435e-87,2.749812443709273e-31,6.952119656679273e-49,2.3980003739876958e-51
4.549709353228989e-19,3.8501553733335355e-27,1.981339773847977e-16,9.798275866954722e-40,1.6904464125514393e-24,0.9999999999999998,4.733380417621978e-87,6.19709718595993e-31,1.5668166605342206e-48,5.404433645386763e-51
7.555036226363793e-19,7.90285455958738e-27,4.347095834410288e-16,3.3654084694134655e-39,4.726468877219109e-24,0.9999999999999996,1.6257715913464024e-86,2.1279168841635724e-30,5.381536641469687e-48,1.8562578776207253e-50
5.024014950023027e-19,7.182292445280458e-27,4.3527861725029106e-16,4.783594540018993e-39,4.8461888084569054e-24,0.9999999999999996,2.310873161967378e-86,3.0236510119390424e-30,7.649320889299888e-48,2.63848657087912e-50
1.7806260092810165e-19,2.6421420559404384e-27,1.7128651605108616e-16,3.452706154064407e-40,5.965718051002261e-25,0.9999999999999998,1.6679436173448365e-87,2.183822070211774e-31,5.521132083016786e-49,1.9044086485478943e-51
3.6297512044756564e-19,1.806800008405585e-27,8.659006734539045e-17,4.088389046930216e-40,7.265127756195655e-25,1.0,1.9750312110761004e-87,2.5858062125382733e-31,6.5376359674546874e-49,2.2550321727977987e-51
3.989364695488701e-19,6.1504327567739865e-27,1.871552196809888e-16,9.642131662813727e-40,1.675002946602127e-24,0.9999999999999998,4.657949808373101e-87,6.0982832266102645e-31,1.5418480493392724e-48,5.318309208610253e-51
4.443309924482137e-19,1.620117541052223e-26,2.918561290372628e-16,4.981285590719497e-39,7.05193827941321e-24,0.9999999999999998,2.406374344607391e-86,3.1496522029262892e-30,7.965443471596514e-48,2.747526994233306e-50
1.074657528618927e-18,6.931726057221932e-26,8.744851001008112e-15,2.2083470183295394e-38,3.3272834194041454e-23,0.9999999999999913,1.0668148838303028e-85,1.3964391852278672e-29,3.531309943844345e-47,1.2180576549704887e-49
2.4854614625622945e-19,1.6042769415343308e-27,8.684724874417943e-17,3.562596089985402e-40,6.144330599703305e-25,1.0,1.7210295766705533e-87,2.253162365808667e-31,5.6968542058453525e-49,1.9650206254786792e-51
3.077934791100687e-19,5.675605523029642e-26,2.342821323169342e-16,4.158901628075605e-39,6.961260518332133e-24,0.9999999999999998,2.0090946401720027e-86,2.63029890148573e-30,6.650390792787741e-48,2.2939247878087905e-50
4.2903463906930963e-19,3.0899958383691706e-27,1.9688163143108577e-16,7.806648479347933e-40,1.2977699196806966e-24,0.9999999999999998,3.7712591011951487e-87,4.937019167274205e-31,1.2483407352904992e-48,4.3059120065844305e-51
2.7127367562094797e-19,4.891797324672553e-26,1.8852263518062464e-16,2.325199773665864e-39,4.123378888654863e-24,0.9999999999999998,1.1232644627038013e-86,1.4706704527972063e-30,3.7181661287949545e-48,1.2825101131325388e-50
2.8390564793610423e-19,3.9223186898411286e-27,1.36192246951046e-16,5.63847685316521e-40,9.896547358910909e-25,0.9999999999999998,2.723852265414994e-87,3.5662362762151788e-31,9.016340825675021e-49,3.1100138863690634e-51
3.4668153473983813e-19,5.7495670238803e-27,1.189723007528174e-16,8.788939191215506e-40,1.6510967525166713e-24,0.9999999999999998,4.245787036360967e-87,5.559299365483539e-31,1.4054162730898118e-48,4.8477139561886584e-51
4.257427543025606e-19,2.7935007755212608e-27,1.546594992322508e-16,7.435336635278128e-40,1.2813532660745029e-24,0.9999999999999998,3.59188466467511e-87,4.702597258249247e-31,1.1889652296651284e-48,4.101107584729359e-51
2.34668226910911e-19,3.0287117062908182e-27,5.3499281897785483e-17,3.46982147529881e-40,6.604602751624019e-25,1.0,1.6762117381491294e-87,2.1948252984950528e-31,5.5485007461845344e-49,1.9138489441329443e-51
2.346570703579283e-19,1.5658127291231282e-27,1.0797200811331215e-16,4.192063517886365e-40,6.046999407491844e-25,1.0,2.025114584895614e-87,2.650995530978265e-31,6.703419102533859e-49,2.3122158864788232e-51
2.09031710829397e-19,1.8684741554945248e-26,1.781553548943977e-16,1.3715671830330154e-39,2.287654699831296e-24,0.9999999999999998,6.6258077790944525e-87,8.674383553266508e-31,2.1932372008665397e-48,7.565151187910118e-51
2.3662613949206813e-19,1.1070047353190456e-26,3.1293836840348743e-16,1.700264153291969e-39,2.568973663557683e-24,0.9999999999999998,8.21368693650431e-87,1.0751581485618274e-30,2.7188479270783533e-48,9.378144606137329e-51
1.4219957674847645e-19,8.959558949452739e-28,7.461268286742345e-17,1.5172800824575159e-40,2.7041340302391665e-25,1.0,7.329722009902633e-88,9.597170437704762e-32,2.426242885409658e-49,8.368859619686137e-52
1.4371297075845114e-19,4.137749839840792e-27,5.295590127894773e-17,3.1155054136140825e-40,5.991269752185244e-25,1.0,1.5050476749672585e-87,1.9708081541563154e-31,4.9819232007159385e-49,1.718418883515517e-51
1.7856961156096782e-19,8.08929266923347e-28,4.059271710306054e-17,1.5334034820006767e-40,2.686170932261987e-25,1.0,7.407611412484314e-88,9.69821330107769e-32,2.45202539238856e-49,8.45779143390592e-52
4.256456431210519e-19,3.485204588344882e-27,3.499980600499951e-16,1.6270341121886487e-39,2.28792073706618e-24,0.9999999999999996,7.85992506393379e-87,1.028768262504517e-30,2.6017476843555663e-48,8.974229771940322e-51
2.0344150737880576e-19,2.090653467489083e-27,4.1494404761788873e-17,2.4144544462245553e-40,4.531290111245663e-25,1.0,1.166381876666089e-87,1.5272319681903166e-31,3.860890939806878e-49,1.3317403000518754e-51
2.9449149054873854e-19,1.2314957604836412e-26,1.0045795683547247e-16,9.4490996707518e-40,1.7791928363934557e-24,1.0,4.564699335961573e-87,5.976944739660784e-31,1.5109808084065284e-48,5.2118385795704136e-51
1.0856644217740382e-19,1.0815966763350456e-27,3.4382425434888514e-17,1.189588844309474e-40,2.150365668101284e-25,1.0,5.746701374931136e-88,7.524334432325349e-32,1.902240399659127e-49,6.561413518559193e-52
3.148095045275432e-19,1.954314262399914e-27,1.0560208939004519e-16,4.18803936238863e-40,7.019651156022261e-25,1.0,2.0231705838912784e-87,2.6487303007142708e-31,6.696984180992915e-49,2.3099962836775387e-51
3.910542068196063e-19,4.2832196737127174e-27,1.6173554266524223e-16,9.685643852812843e-40,1.6395512562786658e-24,0.9999999999999998,4.678969806721423e-87,6.125436511738227e-31,1.5488059696226157e-48,5.342309220499582e-51
2.8489553935294554e-19,6.819906700700339e-26,1.8966668516997097e-16,3.159761547471408e-39,5.718554892699462e-24,0.9999999999999998,1.5264270611005995e-86,1.998632746816545e-30,5.052692028552921e-48,1.742829233739341e-50
6.105061787875715e-19,2.2072143845601824e-26,3.1584082087271843e-15,4.175519283834452e-39,7.12163118846256e-24,0.9999999999999969,2.0171223460465392e-86,2.6410307547161294e-30,6.676963648094671e-48,2.3030905847437037e-50
3.671168183753226e-19,2.8654755842518143e-25,3.4243378946419234e-16,1.4065309090060737e-38,2.441550358360016e-23,0.9999999999999996,6.794711594580516e-86,8.896221546825885e-30,2.2491467810783557e-47,7.758000564615336e-50
1.1564170849118377e-18,6.048350183300696e-26,1.6020640730782756e-14,3.6650563805877995e-38,4.732039974826271e-23,0.999999999999984,1.7705264008380506e-85,2.3169876588977463e-29,5.86069577755399e-47,2.0215346341298177e-49
3.288397593201918e-19,4.8396123423879285e-26,2.571118669239178e-16,3.467813315897973e-39,6.0563260229174076e-24,0.9999999999999998,1.6752416309805128e-86,2.193342129732747e-30,5.545289552618446e-48,1.9127413044845065e-50
6.124939626679129e-19,1.8035149245511553e-26,1.609806492500635e-14,4.7739246616085413e-39,7.317910355279403e-24,0.9999999999999838,2.306201806310646e-86,3.0190101216983867e-30,7.633858033490435e-48,2.633152955269687e-50
1.6988049194857643e-19,6.98894400669086e-27,1.4011172771614925e-16,6.859421204473847e-40,1.1575764359002358e-24,0.9999999999999998,3.313669715459448e-87,4.338313477875292e-31,1.0968720997702842e-48,3.783449991311992e-51
1.9288519402533897e-19,3.8770010524047625e-27,8.033802541709497e-17,5.357522517946399e-40,9.371495751366182e-25,1.0,2.588128005169992e-87,3.388493601791886e-31,8.567074099936407e-49,2.9550479436714285e-51
1.7798525198228447e-19,3.691032862501944e-27,6.707600040109928e-17,4.097249362336586e-40,7.252577578459371e-25,1.0,1.979311478835221e-87,2.5913760440810744e-31,6.5518042663126675e-49,2.259919255822551e-51
3.419423376011245e-19,1.4684671120893105e-25,2.9014069380685044e-16,7.631664417773343e-39,1.2969518913391914e-23,0.9999999999999998,3.686727278365758e-86,4.826747799806508e-30,1.2203594921473679e-47,4.2093960735518284e-50
3.857297782229447e-19,6.404726400816536e-26,2.563155027326882e-16,5.867371280915593e-39,1.0062984392601103e-23,0.9999999999999998,2.8344272714219334e-86,3.711237618324624e-30,9.382359920624302e-48,3.236265155034888e-50
9.841226821065922e-20,1.6891604916938652e-27,5.012926510630729e-17,1.8927789397352076e-40,3.196997681666432e-25,1.0,9.143693124541261e-88,1.1971197408524432e-31,3.026693285205935e-49,1.0439998142002062e-51
6.650981347494218e-19,1.0513880230388726e-26,2.6804111947812776e-15,2.7554564850825898e-39,4.714314975846741e-24,0.9999999999999973,1.3311141611709852e-86,1.7428018618813757e-30,4.406178377344767e-48,1.5198267461666294e-50
9.296488398038121e-20,5.445055182059975e-28,1.2248829947274842e-17,5.884726278183726e-41,1.0988514366857792e-25,1.0,2.842811174399105e-88,3.7222057095032183e-32,9.41011183935036e-50,3.2458376472775987e-52
2.0784564497506405e-19,1.0378356782163129e-27,4.041262437035854e-17,1.6901970197860915e-40,3.1049954733450816e-25,1.0,8.165054323020991e-88,1.0690598476333033e-31,2.7027498360044954e-49,9.322617327663401e-52
3.7395206261000194e-19,7.32716433084423e-26,2.0049018216327664e-16,3.665186888371656e-39,7.275520608095539e-24,0.9999999999999998,1.7705894465019522e-86,2.318543457994277e-30,5.860904467803284e-48,2.0216066178026102e-50
1.6295070190543564e-19,1.7344800814458787e-27,1.882340062780535e-16,3.421275728200551e-40,5.765068618239375e-25,0.9999999999999998,1.6527601131122998e-87,2.163838047537444e-31,5.4708725110021225e-49,1.8870725728706257e-51
2.0562115304839077e-19,2.25368015403913e-27,7.075382716856896e-17,3.0630691613565063e-40,5.3327642500380095e-25,1.0,1.4797166136855966e-87,1.9372532722701705e-31,4.898073762591525e-49,1.689496627583097e-51
3.029790697237332e-19,2.51077153510118e-27,1.1018914395361028e-16,5.429169961547097e-40,8.236714996858875e-25,1.0,2.622739666846789e-87,3.433277539684988e-31,8.681643653573135e-49,2.9945665144147447e-51
7.684815155201156e-19,1.358947942943684e-26,1.9576057930353464e-16,1.709188937477221e-39,3.0901971319390834e-24,0.9999999999999998,8.256801049390266e-87,1.0810807826873004e-30,2.7331193154765545e-48,9.427371023985429e-51
5.476838903593075e-19,4.326778812187171e-27,3.0361329328649907e-16,1.4242930258529069e-39,2.2963045269450962e-24,0.9999999999999998,6.880517356477586e-87,9.006977172191066e-31,2.277549716284854e-48,7.855971043564829e-51
3.098173154077444e-19,1.0004397179969178e-26,4.271948347547221e-16,2.6087225658890124e-39,3.824843270839358e-24,0.9999999999999996,1.2602295014171547e-86,1.649505862173648e-30,4.171540008840021e-48,1.4388927399563574e-50
3.804570332688126e-19,5.374204772509123e-27,2.138383648754762e-15,1.749723553124571e-39,2.5852876638735142e-24,0.9999999999999978,8.452616882377514e-87,1.1064817195873993e-30,2.797937158629276e-48,9.650947745635741e-51
1.1514155334846773e-19,1.5908223702000364e-27,7.05742249249094e-17,2.0570493542357712e-40,3.5588857782145587e-25,1.0,9.93725555600963e-88,1.3010509649415095e-31,3.2893738071786043e-49,1.134606423556511e-51
7.198801627744225e-19,1.225232655485465e-26,4.862137633484597e-16,5.851122195344829e-39,8.742945695125273e-24,0.9999999999999996,2.8265776155127407e-86,3.699222547719911e-30,9.356376436143978e-48,3.227302650279847e-50
2.577074786573572e-19,1.178540656967883e-27,4.1987472463160243e-17,2.2488193707101677e-40,4.122096410939356e-25,1.0,1.0863663888471823e-87,1.4223990020010735e-31,3.5960282236205866e-49,1.2403809846436733e-51
1.2948099401889287e-19,5.182786299758071e-27,1.0107728565177245e-16,3.8817436464254515e-40,6.71577964601506e-25,1.0,1.8752043326740527e-87,2.4551324316422844e-31,6.207194713105924e-49,2.1410527980698727e-51
2.268941275308068e-19,7.513021849951768e-27,3.4008613976122884e-16,1.727356561605177e-39,2.677384357544835e-24,0.9999999999999996,8.344565751349255e-87,1.0923473913736163e-30,2.7621706878775846e-48,9.527578162709935e-51
9.22450021032998e-19,5.25472966676155e-26,4.9983846670615755e-14,4.1017057010362444e-38,4.8260590553900445e-23,0.99999999999995,1.981464261449986e-85,2.592483829800361e-29,6.558930284759463e-47,2.2623772392863617e-49
1.8395700400626337e-19,6.056192944601731e-27,2.3140930333676865e-16,7.572369106462625e-40,1.2325294350998749e-24,0.9999999999999998,3.658082720367569e-87,4.788978835937725e-31,1.2108777334994345e-48,4.176690565153156e-51
8.2252005535087735e-19,3.2989770091413917e-26,5.751728158401773e-14,1.1104505552523812e-38,1.638822229614528e-23,0.9999999999999425,5.3643977609013206e-86,7.021747431436994e-30,1.775692432019042e-47,6.124910568844092e-50
2.576988041835346e-19,8.550478752953371e-27,1.6912062664568756e-16,1.1142029802184027e-39,1.873099994412969e-24,0.9999999999999998,5.382525089268033e-87,7.046737078242958e-31,1.781692837155376e-48,6.145607815775968e-51
3.321402061952534e-19,1.0341501812023998e-25,2.326136007569527e-16,5.095648162475976e-39,9.87962375509037e-24,0.9999999999999998,2.461620957973188e-86,3.2234584284357544e-30,8.148317668517384e-48,2.810605941988321e-50
3.70231659194693e-19,4.322957337587837e-27,1.6775108902336818e-16,9.283582485453357e-40,1.5441384188275465e-24,0.9999999999999998,4.484740799079211e-87,5.870960144574981e-31,1.4845133883629557e-48,5.120544289055721e-51
2.4338436311932994e-11,2.8873329522426052e-81,2.0410453431582966e-123,4.6726724026871527e-85,3.862724422183994e-105,1.8589003237491512e-106,2.358583784340213e-80,1.2764276157452768e-88,0.9999999999756615,1.0147183133040508e-91
0.9999999998600073,2.1041961594761663e-70,1.4874487436769776e-112,3.4052946046931803e-74,2.8150303510931603e-94,1.3547072633393015e-95,1.7188606312121755e-69,9.302197326478802e-78,1.399926364730735e-10,7.394943406669198e-81
2.114909383002862e-19,5.0191376467876776e-27,2.0587511117170348e-16,7.81156315814694e-40,1.2965396944829239e-24,0.9999999999999998,3.773633298699188e-87,4.9405752001927635e-31,1.2491266286424611e-48,4.3086227950145886e-51
2.460904230624696e-19,7.013235521414219e-27,8.841145673063254e-17,7.392806095528273e-40,1.4148703758686393e-24,1.0,3.5713388841698944e-87,4.6763591475644715e-31,1.1821642822746748e-48,4.0776490207356994e-51
2.7537999694809156e-19,9.548201630181996e-26,2.1951540960600969e-16,3.805519813260842e-39,6.4061312262507635e-24,0.9999999999999998,1.838381896000972e-86,2.406695509719277e-30,6.085307177837001e-48,2.0990100298781928e-50
2.9873546610909564e-19,4.5047736633474186e-26,2.5489449609524685e-16,3.258356294596837e-39,5.706723124541453e-24,0.9999999999999998,1.5740565064188286e-86,2.0610001373219527e-30,5.210352309096768e-48,1.7972111244977157e-50
1.7214009421894038e-19,1.1363706237306564e-26,1.6405543323063585e-16,1.0137777635055518e-39,1.696477135039164e-24,0.9999999999999998,4.897387946868941e-87,6.411761059815931e-31,1.621105499926206e-48,5.591692587401896e-51
4.035537904748186e-19,9.554188920889582e-27,4.372489208288356e-16,4.4867992514643915e-39,4.796881839731914e-24,0.9999999999999996,2.1674964053985893e-86,2.836588588274624e-30,7.174723305527422e-48,2.4747832344048297e-50
6.567960744823973e-19,1.290775280502672e-26,5.130777399793664e-16,3.845965253832815e-39,5.1244482211978875e-24,0.9999999999999996,1.8579204001042902e-86,2.431992480563886e-30,6.149982422689077e-48,2.1213185154931202e-50
1.1779944987442908e-18,5.886999483982161e-26,6.988344790673915e-16,1.2882904150845182e-38,2.2007647210053122e-23,0.9999999999999993,6.223511877390204e-86,8.148004746221618e-30,2.0600714998999548e-47,7.105821635931293e-50
2.74830913476529e-19,7.4239564678841e-27,1.956663262014589e-16,1.563300505071073e-39,2.6237376304565808e-24,0.9999999999999998,7.552038847260454e-87,9.886924285833352e-31,2.4998329402887904e-48,8.622694403655648e-51
2.8974892030634447e-19,9.143798317238788e-26,2.2431280412486377e-16,4.186946754875486e-39,7.473903500639058e-24,0.9999999999999998,2.0226427640485257e-86,2.6482449170457813e-30,6.69523702177388e-48,2.3093936346053756e-50
2.392324571312372e-19,1.2616350890903521e-26,1.323489744659959e-16,9.576927296595624e-40,1.6134683644962324e-24,0.9999999999999998,4.62645068845113e-87,6.056663763609785e-31,1.5314213898419348e-48,5.2823444459064983e-51
3.0441392162235026e-19,1.8213550972282245e-26,3.5561063827093696e-16,3.353597778149684e-39,4.9070536157811086e-24,0.9999999999999996,1.6200660475050987e-86,2.1204204154699826e-30,5.3626504747997056e-48,1.849743456555735e-50
2.0452208279442597e-19,1.729155233072059e-26,8.89994640769566e-17,8.322192353717096e-40,1.550114134655486e-24,1.0,4.0203095783213987e-87,5.26405586061091e-31,1.3307800075329463e-48,4.590270469084038e-51
3.0258177494696706e-19,2.153474160858625e-26,5.292283684503736e-16,1.8936353336283555e-39,3.1993037035243645e-24,0.9999999999999996,9.14783021628212e-87,1.1977549180014919e-30,3.0280627217742977e-48,1.0444721750887401e-50
1.3775385175262796e-19,3.689234796177333e-28,2.4618782563114537e-17,7.240575182332033e-41,1.2303822643383465e-25,1.0,3.4977987189187016e-88,4.5793764745547876e-32,1.1578214350981796e-49,3.993683036955651e-52
2.1905840882133443e-19,8.310520166209118e-27,1.6550085409909836e-16,1.1869032101480037e-39,1.9078688840328268e-24,0.9999999999999998,5.733727535119916e-87,7.505960001209382e-31,1.8979458730052917e-48,6.546600372308664e-51
2.0567381073334005e-19,3.4024210409368806e-27,2.9368420465514266e-16,5.126741891375478e-40,8.118288121269502e-25,0.9999999999999998,2.476641809258619e-87,3.2423586360295305e-31,8.198038835989578e-49,2.8277563053453646e-51
2.9330970090338706e-19,5.534084167512663e-27,2.5925910457506736e-16,1.3972514039716747e-39,2.0549683300911114e-24,0.9999999999999998,6.7498838832395635e-87,8.835309758152172e-31,2.234308167067714e-48,7.706817610776513e-51
2.7766134428114993e-19,6.663460302718573e-26,2.0631992171854732e-16,2.9060668483818472e-39,5.3110509955354074e-24,0.9999999999999998,1.403871466612269e-86,1.8382503569797043e-30,4.647015471114786e-48,1.6028988837895976e-50
1.8480873843778946e-19,8.041182202117863e-28,6.883159139073599e-17,1.7682907160695604e-40,3.0047880499493084e-25,1.0,8.542311688116201e-88,1.1184359715966763e-31,2.8276274230111044e-49,9.753358619721818e-52
2.8066409789078095e-19,1.4293271903041832e-26,1.266654022784193e-16,1.3729532168033968e-39,2.32937559898937e-24,0.9999999999999998,6.632503472753172e-87,8.683885804243851e-31,2.1954535712938922e-48,7.572796132726652e-51
2.618518914750132e-19,8.239365515198337e-27,2.4268767403211104e-16,1.674178415029259e-39,2.6178685430374253e-24,0.9999999999999998,8.087671172216164e-87,1.0586785716035925e-30,2.6771349056108415e-48,9.234263536736589e-51
2.7244857955456555e-19,6.030858713603747e-27,2.8127263151651326e-16,5.4436158443557044e-40,9.73886518638698e-25,0.9999999999999998,2.6297182257265e-87,3.443238264042438e-31,8.704743682194258e-49,3.0025344263673545e-51
2.326370752833681e-19,9.99137260418619e-27,1.298713795539479e-16,1.1907251566820955e-39,1.933131684934838e-24,0.9999999999999998,5.752190708716462e-87,7.530630952396616e-31,1.9040574477035148e-48,6.567681077382424e-51
3.74130072319845e-19,5.4347941353430245e-27,1.3593838923282773e-16,8.653864317181204e-40,1.553403553651975e-24,0.9999999999999998,4.180534662179499e-87,5.473434500955646e-31,1.3838168033691208e-48,4.773210726920458e-51
1.0357391634452205e-18,8.041904417138615e-26,5.308554801662356e-14,5.464498561574869e-38,6.720416608748051e-23,0.9999999999999469,2.639806314279912e-85,3.453967268725977e-29,8.738136698908646e-47,3.0140527072544617e-49
2.957204370569949e-19,6.292294244728449e-27,1.602563715067009e-16,1.182029308631497e-39,2.041654629587577e-24,0.9999999999999998,5.7101825453547275e-87,7.4761354646349935e-31,1.890152144426269e-48,6.519717399963247e-51
2.867467819334563e-19,1.0528695371398647e-26,2.633329088578742e-16,1.7193200454044443e-39,2.6904066727958907e-24,0.9999999999999998,8.305742710785615e-87,1.087220802052638e-30,2.749319705832456e-48,9.483251164217013e-51
2.709144475170308e-19,3.6197481376793994e-27,1.0050269843783221e-16,4.676944429646798e-40,8.176957927701556e-25,1.0,2.259352305895023e-87,2.957973637172695e-31,7.478779482235148e-49,2.579661582513522e-51
2.2364731463965865e-19,6.60910535933474e-27,1.454683444209427e-16,9.404859135453228e-40,1.5819057309911281e-24,0.9999999999999998,4.543327486417991e-87,5.947920356678613e-31,1.5039064203419965e-48,5.187436834401681e-51
3.282486243902514e-19,6.021072894175906e-26,1.956460051788215e-16,3.6050164131849463e-39,7.068293988913605e-24,0.9999999999999998,1.7415221134735874e-86,2.2805056725815844e-30,5.764687435475639e-48,1.9884183973892854e-50
1.856349557281056e-19,1.0707658633555604e-26,1.0213039869638592e-16,7.158082380291529e-40,1.3407345455881454e-24,1.0,3.457947849280455e-87,4.527907814254902e-31,1.1446302269176193e-48,3.94818249365069e-51
3.7023012735074607e-19,2.0399752069863066e-27,3.4207468840545233e-16,6.609562437663007e-40,1.0952048514087075e-24,0.9999999999999996,3.192967193932224e-87,4.180146857761043e-31,1.056917837696587e-48,3.645635425215383e-51
3.6173440203242737e-19,1.3282663047982814e-25,3.398809884599977e-16,1.1834766884323615e-38,2.0842371651424753e-23,0.9999999999999996,5.717174592807097e-86,7.485712279919453e-30,1.8924666122004697e-47,6.527700712768836e-50
3.6436789877240927e-19,4.288042837329212e-26,7.826119521363058e-16,6.882554561908577e-39,1.0213589448553858e-23,0.9999999999999991,3.324845047307581e-86,4.3526713545416374e-30,1.1005712945461996e-47,3.796209654408911e-50
6.15038814639141e-19,1.4553744607950487e-26,2.048210456792927e-14,5.044628448527384e-39,7.387952848151669e-24,0.9999999999999796,2.436974201623816e-86,3.1899911715061706e-30,8.066733377615029e-48,2.782465005171095e-50
2.553343862367402e-19,1.433622494989248e-26,2.1348795641265138e-16,2.1008588012639787e-39,3.438009806517099e-24,0.9999999999999998,1.0148891546848587e-86,1.328613355701363e-30,3.3594283489992725e-48,1.1587703945149128e-50
2.6881812080440965e-19,1.0292457483049258e-26,2.4966471008274425e-16,1.7802697857308483e-39,2.6332061568594537e-24,0.9999999999999998,8.600180540508452e-87,1.1256911451219414e-30,2.8467828413505276e-48,9.819431562374869e-51
2.490671984884964e-19,4.180695485325533e-27,2.517657456345392e-16,7.700943971803514e-40,1.255139488476749e-24,0.9999999999999998,3.7201950510190927e-87,4.870750119954813e-31,1.2314378038724395e-48,4.247608585669058e-51
3.1523919138847846e-19,3.879951270695708e-27,1.7635969920790859e-16,1.2052293628397779e-39,2.017162361334549e-24,0.9999999999999998,5.822258060639739e-87,7.62211121736127e-31,1.927250743966835e-48,6.647681905705357e-51
3.210459805324157e-19,7.739860113837455e-27,5.296327159243034e-16,2.0741266105055943e-39,3.1250328182091515e-24,0.9999999999999996,1.0019752877629964e-86,1.3115641522292515e-30,3.3166816013038315e-48,1.1440257235341628e-50
2.492152347430156e-19,4.9412035071327275e-27,6.99775778437316e-17,4.239516195937392e-40,7.511017299764635e-25,1.0,2.0480381664925584e-87,2.6813867454513313e-31,6.77929943835495e-49,2.3383893533723917e-51
3.5509093048274033e-19,4.189419135163352e-26,2.0273728296920775e-16,3.6020051697463236e-39,7.031459558554383e-24,0.9999999999999998,1.7400674328708034e-86,2.2785750546666212e-30,5.759872234492188e-48,1.9867574861378446e-50
1.7771398683579814e-19,7.434704199787107e-27,9.078105913807433e-17,6.325144115788122e-40,1.1099363134957712e-24,1.0,3.0555695413951327e-87,4.000448095510348e-31,1.0114372483258004e-48,3.488758852733666e-51
3.3803511560923295e-19,1.2063310048672585e-25,2.935245198271213e-16,7.173411481977895e-39,1.279414211710089e-23,0.9999999999999998,3.465353079139816e-86,4.5373263202451195e-30,1.1470814639820584e-47,3.9566375658977376e-50
8.105386567157191e-19,1.8463823475817042e-26,7.757982479595077e-14,8.49041333312447e-39,1.2431083746984009e-23,0.9999999999999225,4.101574271351933e-86,5.36882559311925e-30,1.3576797839454345e-47,4.683056090024449e-50
3.074972377805335e-19,2.480848756559872e-26,1.6414792723490827e-16,2.2727547586422016e-39,3.9639473673608e-24,0.9999999999999998,1.0979291679602407e-86,1.4375636527657578e-30,3.634302677304828e-48,1.2535830235586403e-50
3.302742143827405e-19,2.9741217414665784e-26,1.8058396665400596e-16,2.5797490747075633e-39,4.897893979238332e-24,0.9999999999999998,1.2462329004724336e-86,1.63188642882769e-30,4.1252092565741383e-48,1.4229118353189258e-50
2.030343032161163e-19,1.3458973646129273e-26,1.1828300784814584e-16,1.042325602053465e-39,1.7969188274496366e-24,0.9999999999999998,5.035297699939286e-87,6.592135988056651e-31,1.6667556019040818e-48,5.749153861113506e-51
6.496407604161568e-19,6.380371393698114e-26,2.9641770390441174e-16,4.647194052533079e-39,9.072033849940154e-24,0.9999999999999998,2.2449804049752746e-86,2.9396387810761203e-30,7.431206433340678e-48,2.56325217147407e-50
2.5195300473461225e-19,5.251894686429308e-26,1.7984541692307367e-16,2.6396619646465223e-39,4.618128120053926e-24,0.9999999999999998,1.2751757986389067e-86,1.6694934508805474e-30,4.22101439170029e-48,1.4559579796904093e-50
2.750572416037877e-19,2.4452877490482717e-27,6.52549250144914e-16,5.272165108536089e-40,8.698310336224621e-25,0.9999999999999993,2.5468932916660914e-87,3.3344337742505427e-31,8.430581296873904e-49,2.9079673684046037e-51
3.0961105198151696e-19,2.5596727664420713e-26,1.5664579287846123e-16,1.8920702502822837e-39,3.575968446399063e-24,0.9999999999999998,9.140269567137181e-87,1.1968544953569152e-30,3.0255600387089307e-48,1.043608922550073e-50
3.8266558266686085e-19,7.838744558955753e-26,7.684663343045267e-16,6.106905119225317e-39,1.0369347189412693e-23,0.9999999999999993,2.950141993454015e-86,3.862718658110581e-30,9.765392211159015e-48,3.368384799314598e-50
2.6200619960894464e-19,3.621737432368971e-27,1.0262150820590494e-16,5.382857242882434e-40,9.352132628973253e-25,1.0,2.6003667799880996e-87,3.404578189517885e-31,8.60758619615024e-49,2.969021814471892e-51
1.6143744233540584e-19,8.336576710783225e-27,1.1709054251369e-16,6.796533158583901e-40,1.1334816787137234e-24,0.9999999999999998,3.283289570336456e-87,4.298376418682116e-31,1.0868158369458759e-48,3.748762840910309e-51
1.1487925203972278e-18,2.437675639880839e-26,6.720454372018531e-16,1.2471917332328405e-38,1.6727864550270454e-23,0.9999999999999993,6.0249711377533605e-86,7.885328343168475e-30,1.9943516736416896e-47,6.879133696529964e-50
5.041411614900867e-19,1.0201387541721224e-26,2.65567637511219e-15,3.598189403497365e-39,5.329385960452292e-24,0.9999999999999973,1.738224100777018e-86,2.2753180579382196e-30,5.753770541436997e-48,1.9846528241186697e-50
9.210341442863145e-19,5.405764176286722e-26,6.581057843439734e-14,3.537112860617068e-38,4.2645195562583784e-23,0.9999999999999343,1.7087190628641118e-85,2.2357632126032543e-29,5.656104643229528e-47,1.950964845224923e-49
2.166622338832103e-19,3.5894258441211284e-27,1.0864546124969331e-16,5.263237039618644e-40,9.369479054221868e-25,1.0,2.5425802938282025e-87,3.3292216788082626e-31,8.416304656781301e-49,2.903042915144775e-51
3.9408717944476607e-19,1.7138028061054265e-25,6.155566974251957e-16,1.380470825001843e-38,2.3191358850817005e-23,0.9999999999999993,6.668819758325634e-86,8.731625482935494e-30,2.2074747815562043e-47,7.614260992574511e-50
6.445355734613959e-19,3.71900993618689e-27,1.857451569363738e-16,1.2888631296118066e-39,2.165913378595394e-24,0.9999999999999998,6.226278563962374e-87,8.150519226415936e-31,2.0609873127505194e-48,7.108980556761154e-51
1.0205800238584378e-18,6.152041831410293e-26,1.4068063140821399e-14,5.216026364654214e-38,6.108550758685366e-23,0.999999999999986,2.5197736211410595e-85,3.296603606154471e-29,8.340811306046125e-47,2.877002931383732e-49
5.700734215035334e-19,1.789192652943676e-26,1.681737036103899e-15,4.559496068121965e-39,6.799035917488408e-24,0.9999999999999982,2.2026149999982604e-86,2.8832639115054557e-30,7.290970879674519e-48,2.5148806061534773e-50
1.298624917973592e-18,1.0778627095802724e-25,1.1263026206591675e-15,3.217442443757124e-38,5.042346803238724e-23,0.9999999999999989,1.554291721368823e-85,2.0346778000361722e-29,5.144928041922647e-47,1.774644277996129e-49
8.351049906485182e-19,4.713845638151866e-26,6.191077876447093e-14,2.3321174144548226e-38,2.86714461274702e-23,0.999999999999938,1.1266062575547435e-85,1.4742641576494737e-29,3.729227947970714e-47,1.2863256755709972e-49
3.128879714985192e-19,4.848380568946808e-26,1.994824696093703e-16,3.436359757807641e-39,5.992518523865322e-24,0.9999999999999998,1.660046952077278e-86,2.1735515045016593e-30,5.494992990845334e-48,1.8953924698990227e-50
3.9150908172761573e-19,3.1666644904952206e-27,1.4738996942974988e-16,7.682178239389369e-40,1.3084996623247894e-24,0.9999999999999998,3.7111296448724872e-87,4.858389253357872e-31,1.2284370246982831e-48,4.2372579732810465e-51
1.64078916784058e-19,2.58578584129871e-27,5.225280072280842e-17,2.9978195684401736e-40,5.385491451508574e-25,1.0,1.448195645167704e-87,1.8961345117973859e-31,4.793734845638764e-49,1.653506918799272e-51
1.0205631993048593e-18,6.412193887071556e-26,1.6429471724471427e-13,3.963100572124139e-38,4.916080550032781e-23,0.9999999999998357,1.9145064811162924e-85,2.505095094714243e-29,6.337290449112067e-47,2.1859268277562378e-49
7.499784691327442e-19,2.3241100803706902e-26,3.4379210151767927e-16,2.921978674413532e-39,5.395509225250756e-24,0.9999999999999996,1.4115581988882077e-86,1.8482337643809762e-30,4.672459655043784e-48,1.6116753671629817e-50
4.642980708368723e-19,6.617759171311309e-26,2.1847051918467206e-16,3.776509105375912e-39,7.590768957685146e-24,0.9999999999999998,1.8243673160480384e-86,2.389005165483922e-30,6.038916912480562e-48,2.0830085973413914e-50
1.3224904306794996e-18,4.228735497433717e-26,7.361202760558461e-16,1.1250369077754736e-38,1.9495978331349526e-23,0.9999999999999993,5.434861949806491e-86,7.115255275588433e-30,1.7990170870184173e-47,6.2053644938859565e-50
3.381910680810987e-19,3.6420027627245254e-27,9.21183235415056e-16,8.051288308646434e-40,1.3396542087221496e-24,0.9999999999999991,3.889440440486362e-87,5.0921888335996405e-31,1.287460449959087e-48,4.4408479614348925e-51
3.190488484324371e-19,3.6990831276534154e-27,3.6055559079668975e-16,1.2401705937042493e-39,1.9504966215993863e-24,0.9999999999999996,5.991053203226176e-87,7.8426121618392275e-31,1.9831243518928942e-48,6.840407202910666e-51
7.720485082858656e-19,8.172690163240145e-26,5.934140128878704e-15,1.5573066763965112e-38,2.3981451815445725e-23,0.999999999999994,7.523083678780442e-86,9.848028488709707e-30,2.4902483651034957e-47,8.589634249403383e-50
3.6436467614500263e-19,2.2010210509731057e-26,5.593549028047141e-16,5.65553991298439e-39,7.692621095893881e-24,0.9999999999999993,2.732095141187895e-86,3.575546508786433e-30,9.043625924172779e-48,3.1194253579245637e-50
8.484477676773506e-19,8.002018757639045e-27,3.144211975022835e-16,3.3421309766931974e-39,4.8685924604947416e-24,0.9999999999999998,1.6145266311919936e-86,2.1131282547978422e-30,5.344314214018654e-48,1.843418714984807e-50
2.073477655240637e-19,1.8015965532335273e-27,7.455816712015819e-17,3.4750331823776927e-40,5.935886290094053e-25,1.0,1.6787294254287064e-87,2.1978231213129543e-31,5.556834651401555e-49,1.9167235649412894e-51
1.8593261985516446e-19,1.2375544830916794e-27,1.0590062450296344e-16,3.0484655087330186e-40,4.715497314674133e-25,1.0,1.4726618375191393e-87,1.9278717000469814e-31,4.8747214438278034e-49,1.681441692988631e-51
7.142547802218238e-19,2.0316600295368406e-26,1.8272931169804833e-16,1.7623908520695613e-39,3.426898428434158e-24,0.9999999999999998,8.513810449247801e-87,1.1148033628470666e-30,2.8181931050480666e-48,9.720816748863073e-51
4.0318880925170505e-19,3.6305074352923614e-27,1.3523010798311105e-16,9.288617420857081e-40,1.6047611855978022e-24,0.9999999999999998,4.487173089855607e-87,5.87443051827289e-31,1.4853185114199427e-48,5.1233214066646026e-51
8.87036434923531e-19,4.466911403460925e-26,1.5608278470443644e-14,1.8776354602803218e-38,2.762698076266591e-23,0.9999999999999845,9.070537551641075e-86,1.1873348519238633e-29,3.0024777435691074e-47,1.0356471274383862e-49
4.068401225242441e-19,4.9460095677064955e-27,1.6452873495777256e-16,1.0143090820390713e-39,1.737994310021766e-24,0.9999999999999998,4.899954657098906e-87,6.415377527053909e-31,1.6219551177468752e-48,5.594623181163836e-51
3.6151385464649745e-19,2.1732789914876002e-27,1.1470518815637378e-16,5.98652910043778e-40,9.981416730141342e-25,0.9999999999999998,2.891990386705359e-87,3.7862172361402657e-31,9.572902070421836e-49,3.3019890161073763e-51
2.8802240290315767e-19,5.364322970447121e-27,9.845749209926244e-17,6.6152832563047695e-40,1.1563402116357403e-24,1.0,3.195730825353287e-87,4.184169825987308e-31,1.0578326392497851e-48,3.6487908577641464e-51
2.0339618922700194e-19,1.137964707838132e-27,2.947426017175327e-17,1.486706180684115e-40,2.752339935832586e-25,1.0,7.182024691899453e-88,9.403656299369194e-32,2.377352959365479e-49,8.200223194061425e-52
9.639150594324768e-19,1.2345928158393514e-26,4.881422393433629e-16,6.401099222454458e-39,9.292600991987554e-24,0.9999999999999996,3.0922621630769874e-86,4.0469215570763324e-30,1.0235830312320935e-47,3.530653402011091e-50
8.975654454269653e-19,9.33866078593369e-27,4.248371406573277e-16,5.186085823680553e-39,7.460969768010406e-24,0.9999999999999996,2.5053098552937714e-86,3.2787682753139335e-30,8.29293417122664e-48,2.8604886316893587e-50
2.9487202827286715e-19,3.91344343353275e-26,1.6487536840811838e-16,2.1022111382319072e-39,3.971576233323183e-24,0.9999999999999998,1.0155424455189517e-86,1.3297636807983156e-30,3.361590835156565e-48,1.1595163026508508e-50
8.982678667517826e-19,1.3653208439274568e-26,5.9311791595277764e-15,5.130789847516971e-39,8.004918024527113e-24,0.999999999999994,2.4785973074157372e-86,3.244737725426647e-30,8.2045118147228e-48,2.8299890352553625e-50
2.3467500487516205e-19,3.2051029515447555e-26,1.383585709448116e-16,1.4880541547935092e-39,2.6670840187949623e-24,0.9999999999999998,7.188536526825418e-87,9.411821451762654e-31,2.379508469920825e-48,8.207658214419407e-51
5.127515023018406e-19,4.6792682491546555e-27,2.0417063272875677e-15,1.5952509889123028e-39,2.559223569648675e-24,0.999999999999998,7.706386196606236e-87,1.0088785894209128e-30,2.550924121875907e-48,8.798923638216026e-51
3.481088431226619e-19,5.361894580700197e-27,1.1846601301103668e-16,7.496832130361486e-40,1.3830850659521285e-24,0.9999999999999998,3.6215920922480043e-87,4.741896438229544e-31,1.1987988133529165e-48,4.13502664614583e-51
