i = 0,i = 1,i = 2,i = 3,i = 4,i = 5,i = 6,i = 7,i = 8,i = 9
2.3318317834019405e-54,7.391836885026175e-09,0.0005003155458188291,8.137050365036506e-48,0.01380787996625148,5.5931946377629126e-09,0.9844029219697089,4.628364188543525e-07,0.0012883891562009788,1.754056934500807e-08
2.491400551281312e-54,8.011981967806774e-09,0.0005599067226139188,8.693874021941547e-48,0.014008223574480862,5.342154018218243e-09,0.9841827764539645,4.901906777335258e-07,0.001248571290534114,1.8413592754493828e-08
2.951342495974063e-54,9.355136239235994e-09,0.0006539707690221719,1.0298865769458448e-47,0.017840700728289936,6.823067850791526e-09,0.9801297361915896,5.622623025828936e-07,0.001374991203825349,2.2666766467494664e-08
2.616623269042811e-54,8.27686405776802e-09,0.0005579803988947684,9.130845320010701e-48,0.007306351030542266,5.86511784180899e-09,0.9912310823676264,5.334197190118172e-07,0.0009040192890482781,1.935218753767012e-08
4.804711422842513e-54,1.2437682031065282e-08,0.0008621151890613328,1.6766294685330088e-47,0.013069690821201014,8.976177646362275e-09,0.9849928945054637,7.272290022328262e-07,0.0010745218518521393,2.8989559798886792e-08
1.158341287864964e-85,1.9425745553096877e-05,0.9978226472657205,4.0293490653920655e-89,1.3562561015565099e-14,7.496967556607607e-06,4.864342595646295e-68,0.002113332034530302,1.2161209543437295e-21,3.7097986625974375e-05
8.226616570550013e-54,1.8593662065075062e-08,0.0012741871590513077,2.870721372137278e-47,0.020063219366626073,1.4330422810111849e-08,0.9774553585900033,1.005155751054968e-06,0.0012061517049323433,4.509955079443667e-08
3.2805628565014096e-54,8.303157502828565e-09,0.0003573223091404537,1.1447697633692773e-47,0.005424130414711581,6.98953320445247e-09,0.9934375837796291,3.6701097520810625e-07,0.0007805582308677165,2.296198518578889e-08
3.9303167713088153e-54,1.075672947241372e-08,0.0007097051706348081,1.3715048292218455e-47,0.009759345807664592,7.0488131450775805e-09,0.9885126181635114,7.309238534599983e-07,0.001017556556433334,2.5572359776372735e-08
4.859966862678763e-54,1.2413112361462596e-08,0.0005410239952203986,1.6959111465721452e-47,0.006270088869517056,8.76325413365907e-09,0.9923812811807088,7.031759690259289e-07,0.0008068495037275903,3.2098490742695136e-08
1.5517374686790697e-54,5.108970164227799e-09,0.0003777192228672381,5.414869985833532e-48,0.004051573333829556,3.639072495949457e-09,0.9949298857129775,2.8900597098159817e-07,0.0006405123957467277,1.1580565602250707e-08
2.638084940113742e-54,8.09962968289937e-09,0.0005606142321099138,9.205736956562306e-48,0.004778875787876099,5.569248488869741e-09,0.9939613070482751,4.282967866530749e-07,0.0006987421388097146,1.8827264221203113e-08
2.1731017672436933e-54,6.803951598837384e-09,0.0005042898856109312,7.583153576633359e-48,0.006033567263098917,4.5327086060905785e-09,0.9926708196053596,4.1524152072191026e-07,0.0007908814451267101,1.5222622930895163e-08
3.591794151281771e-54,1.0160555647607563e-08,0.0007623144774292528,1.2533755701358623e-47,0.013965527307961462,7.412180436514394e-09,0.9841277428378694,5.87877154974674e-07,0.0011437858745849407,2.4052264088832237e-08
2.620920629735178e-54,7.618557644130636e-09,0.00043765951075591734,9.145841187482542e-48,0.016076963177455526,5.842613884048301e-09,0.9821065852277084,4.964023420884144e-07,0.0013782629803847089,1.9240181519535934e-08
1.6486796545015695e-54,5.593393534717727e-09,0.00044489920595836214,5.753154871625587e-48,0.004857308953814397,3.964290736531805e-09,0.9939805566655089,3.5449051206776925e-07,0.0007168587697902926,1.2356731499502917e-08
2.6394179357145537e-54,6.556031015004428e-09,0.0003415122860346807,9.210388515228493e-48,0.003390819671614729,6.729130567129637e-09,0.9956670616913873,1.8717118323887018e-07,0.00060038613528659,1.9759331633128185e-08
1.7960927685569188e-54,5.986796760472869e-09,0.0004767475867539516,6.267560731462211e-48,0.006690943751622988,4.7143172921858666e-09,0.9919357940740209,3.4381625424975114e-07,0.0008961462963677644,1.3773865853098504e-08
2.1579135634405796e-54,6.922370547771011e-09,0.0005141961469581863,7.530153535987172e-48,0.005096613728786766,4.5588583689874355e-09,0.9936561098280601,4.446738156211398e-07,0.0007326086978448886,1.544330589529023e-08
1.7323786389622152e-54,5.758475450606772e-09,0.00044859021779413306,6.045226905683324e-48,0.014944455545182115,4.2733657494048605e-09,0.9831924950686938,3.4365519564052725e-07,0.0014140922504109557,1.3230882295596079e-08
1.387922943766811e-54,4.700552173096209e-09,0.0003782485883129793,4.843230535156308e-48,0.00417680137857437,3.2722229139387756e-09,0.9947870565677239,2.957487350195242e-07,0.0006575793007027056,1.0443175558187038e-08
7.647607572333754e-55,2.6353161509885912e-09,0.00022192125335229797,2.6686731191787615e-48,0.003353118792749625,1.8647333943211246e-09,0.99582833913924,1.6422745029350705e-07,0.0005964462038065764,5.8833519266044266e-09
4.763085606268008e-54,1.292136749319229e-08,0.0008369248536945715,1.6621039196334928e-47,0.02864929970448496,9.128869366490134e-09,0.9690040001738729,7.595850060679018e-07,0.0015089592287723728,3.440393237355748e-08
2.0656582974915525e-54,6.733989497003579e-09,0.0004212471360754986,7.208223905037599e-48,0.006572646966234451,4.740044532820834e-09,0.9921496328160886,4.411559360760865e-07,0.0008560049919354483,1.54596962843871e-08
2.717409043095865e-54,7.959951636303027e-09,0.0003675912263079317,9.482542610263963e-48,0.0077900658668787984,5.810773473597103e-09,0.9909088548528835,5.63889984710994e-07,0.0009328908546212142,1.9538598862604088e-08
3.8038506119761906e-54,1.050598964044937e-08,0.0007440741974016247,1.3273737939007217e-47,0.01822397683467191,7.894284788027663e-09,0.9798157773278218,6.108753737609966e-07,0.0012155177855335314,2.4578923104451805e-08
3.165367503021687e-54,8.541268460359802e-09,0.0003619500441596298,1.1045717353745145e-47,0.00842975006217901,6.864992832175745e-09,0.9902247649687252,5.459089019621938e-07,0.0009829511196405587,2.249013227021569e-08
2.0430974606639033e-54,6.620252051453973e-09,0.0005072590838521071,7.129496671430667e-48,0.00684109038339161,4.560676879812189e-09,0.9917551280221207,4.3330351063320967e-07,0.0008960629467267806,1.5079469464338617e-08
3.4577057798793805e-54,1.0597378394136848e-08,0.0007192021538760747,1.2065847235905268e-47,0.017781893468472157,6.9964094787767525e-09,0.9801398523998616,6.682562823268736e-07,0.001358341364661229,2.4763058979153467e-08
1.787351999765605e-53,2.9577252705924208e-08,0.0012669215588760367,6.237059356367182e-47,0.01652261054914168,1.8807422131486542e-08,0.9809775345611798,1.3337242760963386e-06,0.0012314540191377785,9.7202713751384e-08
3.515929874389056e-54,9.220254037969796e-09,0.0004375710574280877,1.2269023293825136e-47,0.008198098133407626,8.666148980344608e-09,0.9903799333789094,4.249548897675594e-07,0.000983928384882304,2.6204079572519263e-08
1.9705486700019508e-53,3.0321776237762625e-08,0.0018541440361539373,6.876333828492851e-47,0.018030557461604688,2.3972425682525035e-08,0.978957586175383,1.5374416691032916e-06,0.0011560421648233456,7.842616403371718e-08
5.906755722465908e-54,1.1182380548304002e-08,0.0004643046589911015,2.0611936568405496e-47,0.004500752419450779,1.0967349634487251e-08,0.9943158897918011,2.582803888529488e-07,0.0007187315220593784,4.117757879112069e-08
3.273608092861938e-54,9.813349599932385e-09,0.000743495619108248,1.142342861805703e-47,0.010696467057780617,6.228244331177847e-09,0.9875350826186039,5.927765679915165e-07,0.0010243239443178728,2.1942027186500986e-08
9.814180274963774e-54,2.0487158631644007e-08,0.0008331523434204984,3.424710125205578e-47,0.018725193270117048,1.3231557757969066e-08,0.9791330439786835,1.3708622260689833e-06,0.0013071470566486984,5.8770187764641595e-08
7.029130569602498e-54,1.548160589644521e-08,0.0006105692775264651,2.452852297253993e-47,0.020023944505845055,1.0730247060821962e-08,0.9780167689437038,1.0999068877260433e-06,0.0013475488691032254,4.22850807958237e-08
4.0705853791284584e-54,1.1493219183802711e-08,0.0007316215068593686,1.4204523019592154e-47,0.029580913626352942,8.53280339827344e-09,0.9681541956566682,6.505295911031301e-07,0.0015325683105022214,3.034400366805417e-08
2.5851390110439745e-54,7.887376808907838e-09,0.00043823506837384265,9.020979336166629e-48,0.0056180061898533406,5.437190732091686e-09,0.993175474084826,5.033733984429974e-07,0.000767749434442918,1.8524537889855373e-08
2.818774944293207e-54,8.004615522969452e-09,0.0006152918216799978,9.836264284876677e-48,0.033430170153851704,6.3407867393602465e-09,0.9644485511080784,4.607607035352037e-07,0.0015054920728242488,1.9737459904989963e-08
1.1421301027493425e-54,3.758377662516699e-09,0.0003008222632566432,3.9855234136731794e-48,0.018787861183729434,2.802985574259285e-09,0.9793533114976342,2.2932544788248427e-07,0.001557760579879038,8.588689798039238e-09
1.0728912396117635e-53,2.3649727875964353e-08,0.0012383249533906712,3.743910737931021e-47,0.019741463855352217,1.4578373785403551e-08,0.9777052670563986,1.3690207522069884e-06,0.0013134651231909418,7.176281383474069e-08
1.2005085070527687e-53,2.6082427727402436e-08,0.001331958326849709,4.18923794378153e-47,0.021139429712757576,1.5039840025784917e-08,0.9762111990363819,1.4946027419837269e-06,0.0013158043502273945,7.284877364852979e-08
7.993881888068643e-54,1.7488355401176755e-08,0.0007228185784097852,2.7895073734894495e-47,0.01819690270213911,1.2298012698754605e-08,0.9797870674043796,1.1389164442562062e-06,0.0012919894028322553,5.3209426895472313e-08
2.3580652530485763e-54,7.133014239337997e-09,0.0005053917869540718,8.228593445152219e-48,0.008691796767177852,5.199682068856389e-09,0.9897921281972804,4.415067548886034e-07,0.0010102115890642854,1.7820071975236793e-08
2.9259658997495086e-54,9.019332244572377e-09,0.0005909487879031537,1.0210312794478779e-47,0.005020630005999199,5.735514587924268e-09,0.9936779571064865,5.60816823922813e-07,0.0007098683111354403,2.0216804927014297e-08
4.508523403578713e-54,1.0418990527688246e-08,0.0005412929674247088,1.573273092338761e-47,0.005808976212831637,8.623594750800273e-09,0.9928480845409032,3.722794482652517e-07,0.0008012261377246753,2.8819082325759688e-08
1.278073561381141e-53,2.078669799974115e-08,0.0007053423523838906,4.459905304150023e-47,0.013885686248903514,1.5282095897815032e-08,0.984234829602089,1.023932644803467e-06,0.0011730191253423194,6.266984266357284e-08
1.0731262660362348e-54,3.4946978062574204e-09,0.00026080501777225147,3.7447308750724097e-48,0.004298259581176655,2.4556179846809232e-09,0.9947485251112808,2.2498175991181312e-07,0.0006921715701767386,7.787517789387256e-09
5.199870892478194e-54,1.340033294650628e-08,0.0006149032275474896,1.814522455906035e-47,0.018568947491027922,9.402998908977672e-09,0.9794905415174483,8.765311693652027e-07,0.001324672068634221,3.6360840641581015e-08
8.234353818670721e-54,1.895848435197605e-08,0.0010823913419779217,2.8734213258000217e-47,0.008233514871025163,1.1984604638406743e-08,0.9897659356148267,1.1549889691270476e-06,0.0009169200681711732,5.2171940711819847e-08
1.004756420853923e-54,3.3516164787600696e-09,0.00026510327691207545,3.506150683457308e-48,0.0033244339503840322,2.6068575560408374e-09,0.9958232330597383,1.7598245176483329e-07,0.0005870400469613583,7.725078358360133e-09
8.196107017787768e-54,8.612562003667646e-09,0.0002858290695483874,2.8600749023014943e-47,0.002838475566296031,1.2826132994002563e-08,0.9963183395738111,1.3474350310838708e-07,0.0005571388746081246,6.073353806481377e-08
3.158520623294483e-54,7.574275806062942e-09,0.00039308529610225203,1.1021824804728457e-47,0.005573586295620934,7.130472034367477e-09,0.993231894721673,2.471197066863348e-07,0.0008011502405930543,2.1621556264115875e-08
1.1764630591418536e-54,3.9237553695754805e-09,0.00032369726590009037,4.1053300812617343e-48,0.006700038865334596,2.7649449599280774e-09,0.9920302955130567,2.5138084448750696e-07,0.0009457014916622807,8.794501834492272e-09
2.586919444694888e-54,7.716088775482161e-09,0.00044353961513462435,9.02719225357869e-48,0.014300996065691565,5.456368342133901e-09,0.9839464620034463,5.264538628932409e-07,0.0013084443563446519,1.8333062872514183e-08
2.5876926455625398e-54,7.500716377371514e-09,0.00039409017577451006,9.029890378909664e-48,0.012211340020416267,5.387508676971733e-09,0.986168749443993,5.319362726308795e-07,0.001225257500911278,1.8034407192987125e-08
3.731465363608903e-54,1.1422959986744644e-08,0.0007796883165269164,1.3021145785558223e-47,0.015764928047894717,8.27768584040465e-09,0.9821716530972063,6.920498738823936e-07,0.00128299109894077,2.7688911857333264e-08
1.3580492537425013e-54,4.295479069288091e-09,0.0002896205039482857,4.7389847134604316e-48,0.007997115889220434,3.1983619444520602e-09,0.9907195136871394,2.693781646135251e-07,0.0009934629952167773,1.0052469603605452e-08
1.2405715567664922e-54,4.285708730980715e-09,0.00034197889500853663,4.329040075143651e-48,0.004177836856736226,2.8026656263601604e-09,0.9948176809691237,2.7867156151387736e-07,0.0006622082348611657,9.284334584539223e-09
9.323861748059135e-54,2.0438927894425088e-08,0.0013968005708493826,3.25361088139508e-47,0.019297562434214897,1.525369771976699e-08,0.9781130329803326,1.097485010445545e-06,0.0011914215887132789,4.92482538425498e-08
5.671809909979133e-54,1.458617484636293e-08,0.0009709173601508842,1.9792080726801782e-47,0.010674372807654535,9.838965382043678e-09,0.9873599190029729,8.479249319042494e-07,0.000993884286075579,3.4193073657475835e-08
3.9631341245008174e-54,1.0853768044143363e-08,0.000549825021695567,1.3829566182261503e-47,0.005950665617082684,7.117962595051221e-09,0.9927154166518679,7.238871477482361e-07,0.0007833248668807075,2.5983594896390185e-08
1.6622478329473488e-54,3.852595945214475e-09,0.000194507903542493,5.800501748085963e-48,0.0023831695540123617,4.372186117355891e-09,0.996922115505047,9.517020226601566e-08,0.0005000909359895621,1.2706424060804862e-08
3.5022388098966425e-54,9.65323488258523e-09,0.0004357041351398862,1.2221247600004206e-47,0.006452254583724981,6.793909634698247e-09,0.9922842765685426,6.334874899587692e-07,0.0008270908073369408,2.397062129438174e-08
2.3451976179940705e-54,7.337866529363216e-09,0.0005375771043963747,8.183691151915329e-48,0.007779724656863454,6.3164299531518665e-09,0.9907306687089996,3.9559153006024797e-07,0.0009516021484675686,1.813544618748355e-08
1.0140086046448785e-54,3.231198900648704e-09,0.000250358321109456,3.5384366682480915e-48,0.007042753717981208,2.88838541324131e-09,0.991591594344443,1.5800898806653164e-07,0.0011151213722376582,8.115656260564137e-09
4.314548926802803e-54,1.2863901861032086e-08,0.0007390543801629257,1.5055846725182515e-47,0.006681566933022714,7.910099873900488e-09,0.9917570088973211,8.692071940103912e-07,0.0008214501307566921,2.967754088292402e-08
1.6194473331298904e-54,5.562206711112631e-09,0.0004427181578024149,5.651147139772278e-48,0.006261903475633561,3.934844665161724e-09,0.9924389700056055,3.5570301269607866e-07,0.0008560309172227677,1.2243671575546385e-08
3.879432220176845e-54,1.096508211874414e-08,0.0005457383954239038,1.3537483959186222e-47,0.006639228236803218,7.2907070924403085e-09,0.9919829374447865,7.740419042177127e-07,0.0008312771189542763,2.6506338491911897e-08
1.430143579084368e-53,2.909650512737799e-08,0.001340144034446491,4.990561675622018e-47,0.019556977095521736,1.62944666231437e-08,0.9778136211352902,1.6713579743731413e-06,0.001287458672915579,8.231287995544913e-08
1.6088446868728756e-54,5.07052237228613e-09,0.0002991709810673386,5.614148644765008e-48,0.005524916098569299,3.6287195430025828e-09,0.9933880489814464,3.3545016795044447e-07,0.0007875078858019886,1.190370507378276e-08
1.7226569763146624e-54,5.0188105445378635e-09,0.0002606906496676366,6.011302649586418e-48,0.00953527831117224,4.3849233099797716e-09,0.9890516605053337,2.680125009220963e-07,0.001152080077609046,1.3039982999552394e-08
7.515895416333123e-54,1.6667414776546054e-08,0.001039268238387806,2.622711465568351e-47,0.021178656258935502,1.3198228597882613e-08,0.9765324702257463,9.423642586199262e-07,0.001248590961446615,4.208558198868356e-08
8.956085730640539e-54,1.9418511038816876e-08,0.0011964685920007605,3.1252734945351374e-47,0.017017329780555916,1.4181076508740008e-08,0.980631892419974,1.1121674586032457e-06,0.0011531174821174694,4.5958305561355053e-08
2.018202750220663e-54,5.787032754694921e-09,0.0002767778412475426,7.04262526237726e-48,0.005774679345463661,4.017952827419596e-09,0.9931333697446105,4.5213591112839523e-07,0.0008146976826168656,1.3445164576728574e-08
6.838745294365823e-54,1.4376060156985493e-08,0.0006098356904451458,2.38641634829793e-47,0.01185126994015721,1.0772574310474527e-08,0.9864866089978216,9.81574131996216e-07,0.0010512428979628377,3.5750846741282364e-08
2.2458059522985247e-54,6.8951379766260175e-09,0.0005562956561723498,7.83685867652569e-48,0.02656791829008711,5.056801042182858e-09,0.9713774721893793,4.116671838307524e-07,0.0014978742611395093,1.5984098694402587e-08
4.205823198994478e-54,1.1363258192984625e-08,0.0008745291559397333,1.4676442546266627e-47,0.018564896605948712,9.047130577880478e-09,0.9793417903481262,5.903534203256386e-07,0.001218146627951579,2.649822443689633e-08
7.178900871326283e-54,1.3438804916428228e-08,0.000410417005816902,2.5051154363443787e-47,0.012668325218045657,9.839782744755448e-09,0.985782982305123,1.2253760976792736e-06,0.0011369900748800289,3.674144922210926e-08
3.4855936899405964e-54,9.806908827283196e-09,0.000691018684442449,1.216316357336965e-47,0.01652671040080161,6.988666353617127e-09,0.9815864708342171,5.900981069262328e-07,0.0011951709128235047,2.2274033104158684e-08
3.7838519693924897e-54,1.058486576078837e-08,0.0007901562805718298,1.3203951617757866e-47,0.01280115961197934,7.569242301401869e-09,0.9853303776301076,6.228185076212708e-07,0.0010776412668291678,2.4237896458664256e-08
3.1715289725059954e-54,8.579865213371151e-09,0.0005141813958202073,1.106721812746018e-47,0.021877923024339597,6.563246415686571e-09,0.9762603784865753,5.364955326681457e-07,0.0013469449028868298,2.0551733801296578e-08
8.08664335751436e-54,1.754503682206867e-08,0.0008393196195730837,2.821876978972458e-47,0.015015284607736053,1.2561537824124281e-08,0.9830111176227193,1.1159279667680605e-06,0.0011330877925185337,4.432291155154734e-08
3.3543458517106047e-54,9.112731035456858e-09,0.0005175418319438642,1.1705167298689177e-47,0.010125938604190176,6.2116941795589664e-09,0.9883083219322534,6.449964294123058e-07,0.0010475157912883308,2.151946967737402e-08
9.46827311817071e-86,2.4303256844031213e-05,0.9988512072617214,3.2935869453377796e-89,1.1086027341209272e-14,1.345226840435629e-05,3.97611003928056e-68,0.000999872327838488,9.940563684542665e-22,0.00011116488518070554
1.4176671152484405e-53,2.4071749146365743e-08,0.001156986535070149,4.947024395045808e-47,0.010918005819625784,1.544900257753624e-08,0.9868821329302241,1.5655304739318898e-06,0.0010411883497053519,8.131414899516686e-08
4.931206663377551e-54,1.2581789803563928e-08,0.0006877009536344676,1.7207706518935578e-47,0.008571288188903445,8.984045904096777e-09,0.9897889744284886,8.041166989759353e-07,0.000951175951630745,3.479480811397331e-08
6.165973801250455e-54,1.643826250737627e-08,0.001065461148739952,2.151649176728894e-47,0.02539537601910472,1.0736006651772951e-08,0.9721004223470483,9.433086133824589e-07,0.001437725694254964,4.430796948968235e-08
1.367178871781057e-54,3.924864139121016e-09,0.00025121938427055327,4.770842998574331e-48,0.003833262785680007,3.4927468624626937e-09,0.9952207908287545,1.4467561041973427e-07,0.0006945647145437431,1.0193530038785148e-08
1.8976736803438357e-54,5.507440681208004e-09,0.0003783460053284318,6.622032696901582e-48,0.006156653464502839,4.586374989439877e-09,0.9926273872637639,2.3486862324867478e-07,0.0008373548062190377,1.349774696437987e-08
5.0285093905720305e-54,1.2473119547180718e-08,0.0007720620605171091,1.7547249532918252e-47,0.007655079593622288,8.971590490770265e-09,0.9906840464433745,5.421403980875195e-07,0.0008882170480841242,3.126929391782327e-08
1.2587028334173212e-54,4.122064081484129e-09,0.00032297651483140867,4.392310124184224e-48,0.0040405654090077845,3.1534839422246414e-09,0.9949778991151544,2.247600737677206e-07,0.0006583172893740305,9.636010548323765e-09
2.085829796394329e-54,6.238467956585882e-09,0.0003273171297636924,7.278613417556684e-48,0.004986474470656128,4.135448599023737e-09,0.9939576698705053,4.6647932640998964e-07,0.0007280475180621833,1.4157769800238843e-08
7.42852499272567e-54,1.1609593436692227e-08,0.00044912425341464015,2.5922230940499206e-47,0.0038859897961921893,1.1468694719796925e-08,0.9950146636105146,2.4013256358878785e-07,0.0006499098327204171,4.929630652623742e-08
7.891496928865216e-55,2.6563401741730473e-09,0.00020858082423386433,2.753779600346008e-48,0.009027971326637046,2.1493614279471276e-09,0.9893541244133285,1.3856075859507605e-07,0.0014091739271807544,6.142159566518032e-09
4.2512049752974117e-54,1.00270985222995e-08,0.0004256225174490227,1.4834804655429173e-47,0.008850240172671883,7.277447215808825e-09,0.9897353754971343,7.458955755848114e-07,0.0009879715029075913,2.7109715771081843e-08
5.423404429941426e-54,1.4263310650678772e-08,0.0007767777442395448,1.8925256663245624e-47,0.024651051904401818,9.485216968731112e-09,0.9731442055834508,8.970349151199953e-07,0.001427008560811046,3.542365400239893e-08
7.215484775393e-54,1.6497167733035126e-08,0.0007252086467991037,2.5178815832019453e-47,0.019845981575540246,1.1750228661952906e-08,0.978104357551336,1.0479210899894271e-06,0.0013233289182296645,4.713960845835026e-08
9.491786047334182e-54,2.2140008445826055e-08,0.0012225598160490925,3.3122089539679247e-47,0.021589288754004066,1.3822885760039964e-08,0.9758354780663171,1.2650276974469312e-06,0.0013513090390780318,6.333395993541207e-08
6.624997817962436e-54,1.2393503365003008e-08,0.000348174102084327,2.31182803565574e-47,0.0112577693282661,9.19433106064751e-09,0.9872864232680918,1.2438254969454713e-06,0.0011063332392333121,3.464899328189493e-08
5.27496835021757e-54,1.2277751417898485e-08,0.0005478754799096067,1.8407281110592555e-47,0.010221131174392415,8.61383563621865e-09,0.9881818401073266,8.770268660267278e-07,0.001048221531824052,3.378809407066907e-08
3.94929280904225e-54,1.117421131423674e-08,0.0007162308115993892,1.378126617974571e-47,0.007196923539266412,7.636485839052891e-09,0.9912156809731927,7.058660884330754e-07,0.000870411954411259,2.8044744420502554e-08
3.3782186694860696e-54,7.986774317871674e-09,0.00030146500535318047,1.1788472759218965e-47,0.010634210709851065,6.050792327650423e-09,0.987988079550045,6.399256032361221e-07,0.001075570762123648,2.000945731009904e-08
6.842514022238396e-54,1.2213177363016568e-08,0.0005140159326537535,2.387731465826113e-47,0.004383840454831939,1.1139798972115746e-08,0.9944092041532075,2.896031905077067e-07,0.0006925826584778932,4.384466201959876e-08
1.4782538354566672e-54,4.704625641093543e-09,0.0003106035082308118,5.158444960326668e-48,0.0043482458736092125,3.1943327903048184e-09,0.9946613207560487,3.20075019639718e-07,0.0006794914013738937,1.048675944392751e-08
3.8647666040406863e-54,1.0727630052190805e-08,0.0006865537649195596,1.3486307515849426e-47,0.011162550570605945,7.933500445059863e-09,0.9870462759405505,6.608791751967075e-07,0.00110391165050776,2.8533110459357445e-08
3.346772868779561e-54,9.973091227636834e-09,0.0005530112349368165,1.1678740974130914e-47,0.00592995498033724,6.429417203013235e-09,0.9927369802450565,6.666500449666696e-07,0.0007793470785740942,2.3408541938488227e-08
3.046014004799042e-54,9.875911304686235e-09,0.0006941671059230143,1.0629227007745969e-47,0.006683178793412595,5.719487212423354e-09,0.9917817836910928,6.530709767541064e-07,0.0008401800971422152,2.1646054018245687e-08
6.012704739215871e-54,1.4674345819445513e-08,0.0005528833763355377,2.0981651267191715e-47,0.01449145802148811,1.0508827118060466e-08,0.9837470311951707,1.0514870520460674e-06,0.0012075106395033463,4.00972772630421e-08
4.2536400321400734e-54,1.2596174262943753e-08,0.0007126927638870126,1.4843301915099232e-47,0.008745448195710347,7.340006487199265e-09,0.9895844432421698,8.190819623774978e-07,0.0009565469546438846,2.9825445649366675e-08
1.4991339364840254e-85,1.519961129615033e-05,0.999290254241064,5.214813621124781e-89,1.7552767648941097e-14,9.239127994816308e-06,6.2954684773942615e-68,0.0006507026572468657,1.573912811902255e-21,3.460436238071743e-05
1.4244842046313118e-54,4.52981914398368e-09,0.000345655806682358,4.9708129890800016e-48,0.007741608348432396,3.394898269584668e-09,0.9909055082041563,2.7869513261954546e-07,0.0010069300441422064,1.0976736614086835e-08
8.293054653960127e-54,1.1755627656488399e-08,0.00043043372861557416,2.8939052928091153e-47,0.003682488891691656,1.1786327850886273e-08,0.9952581568061072,2.2676258608974424e-07,0.000628616808446547,5.346059731829266e-08
2.9933160597866505e-54,8.524049732405313e-09,0.000635619908124176,1.0445334740837175e-47,0.009711301085552536,6.37581453330887e-09,0.9886724576956668,4.593873536677299e-07,0.0009801273198209066,1.9703617561031342e-08
2.4128351144564954e-53,1.0068164416737468e-08,0.0002875580558988218,8.419715773930206e-47,0.0027448318917759765,1.583795619543833e-08,0.9964227977997091,1.333002164145322e-07,0.0005445040086205224,1.4903765871785936e-07
6.295832466719839e-54,1.5390205179308534e-08,0.0011041290651985192,2.196964045013227e-47,0.015185299786995295,1.1335202151753856e-08,0.9825941851476503,8.652762148458927e-07,0.0011154580792458292,3.59192880403756e-08
4.1473165558247703e-54,1.1505394252153534e-08,0.0007063399798104158,1.447228051985039e-47,0.022436363177830657,7.860756570795581e-09,0.9754767906522391,7.239555059067204e-07,0.0013797358765064904,2.6991956474291212e-08
3.3923466018760153e-54,9.496482124729583e-09,0.0006720215385015298,1.18377729266792e-47,0.011620394545382126,6.674229982229261e-09,0.9866541407264122,5.896416231120714e-07,0.001052815914029306,2.1463339588742562e-08
1.6990480764426773e-53,1.6773762384483695e-08,0.0003259089971574305,5.928918144542414e-47,0.009405277039507345,1.2705724725308638e-08,0.9892760465733309,2.723470970146404e-06,0.0009899590571364855,5.538241071811938e-08
4.0487820670655606e-54,1.1384653902379436e-08,0.0007261835652266073,1.4128439208725838e-47,0.006948048695886248,7.0525824901516e-09,0.9914723436435525,7.886486048535922e-07,0.000852590036117689,2.6973375631691655e-08
7.474042482508479e-54,1.631802635676371e-08,0.0009279249821611054,2.6081066629029187e-47,0.017209685291063852,1.2173572584891132e-08,0.9805845970556363,9.902002789224564e-07,0.0012767231065673437,5.087269360652858e-08
2.766421772773197e-54,8.212976711018196e-09,0.0006554814552473167,9.653575123308507e-48,0.019935778274605687,6.043023702433177e-09,0.9781134878242462,4.844165836376884e-07,0.0012947350036223017,1.8769694151635058e-08
4.3898167969397335e-54,1.2324560476904641e-08,0.0008603359322705016,1.5318497939791012e-47,0.029810408846708297,8.623370810459177e-09,0.9678780797882729,7.1775924442992e-07,0.0014504068592050606,2.986636764810528e-08
2.814799555770859e-54,7.89094473829303e-09,0.0005392550635658233,9.822391956324855e-48,0.02139942052424844,6.945076917567992e-09,0.9766227172500703,3.471959116037757e-07,0.0014382250273427294,2.0102839391066224e-08
4.077951652651669e-54,1.0397574451596519e-08,0.0006233553898659104,1.42302280207366e-47,0.015765217453265576,8.16634497486571e-09,0.9823456138537404,6.365675985277179e-07,0.0012651287220621546,2.9449548103297194e-08
2.1065072378117635e-54,6.834561624825202e-09,0.0004683878817565253,7.350768443245666e-48,0.012858580303707064,4.86723769560007e-09,0.9854004546894664,4.416478708634851e-07,0.001272108161136034,1.5614263923677684e-08
2.1149281104498653e-54,6.912146511117399e-09,0.0005157708515541861,7.380153523791153e-48,0.004499587521324561,4.778799975670012e-09,0.9943125629999277,3.888103166441245e-07,0.000671662517934733,1.5607995718178366e-08
6.907001513860557e-54,1.736337199240356e-08,0.0011272136656087291,2.4102347171746664e-47,0.021306992675586774,1.1797960931690644e-08,0.976290606252682,9.737256284599259e-07,0.001274142977009212,4.1542151855834706e-08
3.338175867794162e-54,9.606030750235079e-09,0.0004967991230073661,1.164874128440012e-47,0.007715504139128647,7.41386995550746e-09,0.9908682111732281,6.51536360243092e-07,0.0009187943428411155,2.2665533830565494e-08
5.394151451464633e-54,1.0630923449518787e-08,0.0005059919451773785,1.8823176847331226e-47,0.005262357719956517,9.905153587709904e-09,0.9934679435597942,2.9145832659743225e-07,0.0007633614164198415,3.336424815175655e-08
2.834913011890088e-54,8.81014215941666e-09,0.0005331023743098898,9.892578925480214e-48,0.009778793271038373,5.941660426128845e-09,0.9886204964022741,6.015592412339213e-07,0.0010669716854958041,1.995583785890575e-08
1.657338717174125e-54,5.127045604907839e-09,0.00034710547462720283,5.783371128896854e-48,0.006895806508363916,3.941930847420727e-09,0.9917990799621483,2.3483542045836477e-07,0.0009577520151289525,1.2135334944778622e-08
3.318937973768589e-54,8.00435122442979e-09,0.00029385162596359094,1.158160963548892e-47,0.00884090784465369,6.204034467101111e-09,0.9898361691632339,6.299834904748735e-07,0.001028406616651716,2.055762092984312e-08
2.534374040950151e-54,7.4251892120823545e-09,0.0005253828627503694,8.843832287493001e-48,0.021188062213606324,6.0327970714673395e-09,0.9768968579447155,3.9731878453120834e-07,0.001389268137475973,1.8064680915835707e-08
2.434877630426873e-54,8.156524097568864e-09,0.0006032074697107531,8.496634299485859e-48,0.006756922913026358,5.043362211765287e-09,0.9917800277858692,5.283091491883001e-07,0.0008592824908358129,1.7831522399469503e-08
2.029568362422421e-54,6.26356739199977e-09,0.00038677035946233065,7.082286167410582e-48,0.005126048897147674,4.670960112256551e-09,0.9937266837918499,2.9034535355823524e-07,0.0007601803702847818,1.530137439336748e-08
5.844753794042876e-54,7.748542832948348e-09,0.0002714949870174057,2.039557755919277e-47,0.002892235290898378,1.0437854018253337e-08,0.9962684118662499,1.32086859136287e-07,0.0005676642479493199,4.333462899212208e-08
9.447960624638648e-55,3.2817362174974192e-09,0.00025524797949515773,3.29691584087628e-48,0.005900639319625776,2.425848716432814e-09,0.9929427819006675,2.0572848187449828e-07,0.000901111968992635,7.395151819120516e-09
5.639091402735009e-54,1.5521290077316847e-08,0.0009374880310597004,1.9677907764922927e-47,0.005934897420241541,9.18364835210997e-09,0.9923547393738243,7.958490253066045e-07,0.0007720177301935792,3.689071711558696e-08
9.236080960812538e-54,1.750925881548629e-08,0.0005469502704843094,3.2229793113138943e-47,0.008553655696618864,1.138754738420808e-08,0.9899666502991741,1.4889201917215009e-06,0.0009311765040421588,4.941268267686649e-08
1.999283254118134e-54,6.384292025617213e-09,0.00040289678237993306,6.97660467986217e-48,0.004926911163006106,4.1604972146348626e-09,0.9939512454905417,4.478812363750776e-07,0.0007184740246753462,1.411337128315782e-08
3.42426805082313e-54,9.523590169720564e-09,0.0006269058839998622,1.1949164511465253e-47,0.018783081305407522,7.265954333265072e-09,0.9793294779667467,5.639866099826034e-07,0.0012599311162016852,2.2951489717990712e-08
3.9601677841485985e-54,1.0308463166916378e-08,0.0004388716699897341,1.381921498067927e-47,0.012109450570989437,7.314033320755785e-09,0.9862784261523202,7.90837023311879e-07,0.0011724174133446068,2.5733836442308884e-08
2.986832067989222e-54,7.99958522991199e-09,0.0004095777124839084,1.0422708508448671e-47,0.0074061647773235395,5.634868653199943e-09,0.9912755650284086,5.563381041911211e-07,0.0009081022919235374,2.0217302438469506e-08
1.7765217761520073e-54,5.966312931344127e-09,0.0004085593736064378,6.199266718134982e-48,0.00692748836941891,4.1026359845522e-09,0.9917623204257243,3.862021381567961e-07,0.0009012221465085512,1.3413654630637449e-08
9.906342862597235e-54,1.3798503940643861e-08,0.0005091021527079182,3.4568707477120363e-47,0.004129184259206578,1.3495888768933751e-08,0.9946927802280835,2.6915935049810517e-07,0.0006685738855262079,6.302073260995164e-08
1.8990506377590512e-54,5.668700068003299e-09,0.0003043236202248762,6.626837662644768e-48,0.007572319537023524,4.562328620539908e-09,0.9911371554924195,3.77246856461469e-07,0.000985800217732817,1.365471407938589e-08
1.3993604875319656e-54,4.400054165232063e-09,0.0002956056934157665,4.883142449185369e-48,0.006436947827952945,3.415118136249133e-09,0.9923664606093913,2.2290685073214173e-07,0.0009007446103263937,1.0536890452850224e-08
1.3584040060082028e-53,1.1308758097551293e-08,0.0003607355419292322,4.740222640258442e-47,0.003318054913299557,1.4144751724283749e-08,0.9957173391866009,1.739871665965839e-07,0.0006035855490425618,8.536845135605188e-08
1.9609161540987526e-54,6.394884856455616e-09,0.0005019708293640451,6.842720654676345e-48,0.0051578662974251805,4.389318402872828e-09,0.9935955516814551,3.9467798660301396e-07,0.0007441912464606263,1.4483105149214115e-08
1.4950016485596881e-54,4.90539640634596e-09,0.0003528964505116711,5.2168873401301916e-48,0.00746621606441425,3.961000734291892e-09,0.9911854385783186,2.979256985890413e-07,0.0009951307157911467,1.1398868645668173e-08
3.397120404597022e-54,7.406274768584412e-09,0.0003336542591724753,1.1854431363814371e-47,0.0032944006532001644,7.863375094645084e-09,0.9957814175735348,1.8176332105183803e-07,0.0005903051279563853,2.535316499097306e-08
2.681762580615019e-54,6.213654777183917e-09,0.00031788622913853115,9.358152393694027e-48,0.0038279877251194776,6.09664363380077e-09,0.995197895746451,1.8355923798400796e-07,0.0006560152825954053,1.914715924090095e-08
1.0179536543652996e-54,3.0951923459076156e-09,0.00019442473744542542,3.552203127945629e-48,0.0028064816487506188,2.711088487237739e-09,0.9964588142117016,1.2580138994922394e-07,0.0005401399360869888,7.85834456773398e-09
3.9801711047232974e-54,1.1969332069296632e-08,0.0007438664684552856,1.3889017626025683e-47,0.009882406201203031,8.150794368847194e-09,0.988331148526293,6.344864792238587e-07,0.0010418952171284456,2.898031458772606e-08
3.537327489134292e-54,1.0925244204378292e-08,0.0007500954832966783,1.2343691402439567e-47,0.00587126151515302,6.901233011253304e-09,0.992606066706112,6.770045543620769e-07,0.0007718563992034198,2.5065203441911688e-08
2.542237040235193e-54,8.234516855830488e-09,0.0005911341576871005,8.871270639460779e-48,0.0053765894227865004,5.440636780700806e-09,0.9932899024162063,5.436495516169252e-07,0.0007417985338910029,1.8144723914469848e-08
1.2540154165100321e-53,2.3019060426973994e-08,0.0012429377180822512,4.3759531349159463e-47,0.016806576806390177,1.895670755555898e-08,0.980745873139829,8.510915535451975e-07,0.0012036537019535416,6.556642350161829e-08
7.90971926207827e-55,2.6532445715578517e-09,0.00019238184175234931,2.760138379919155e-48,0.0032711896107497115,2.1013193046786495e-09,0.9959289266063974,1.539640821320453e-07,0.0006073372299261852,5.992528565525927e-09
6.618101932980937e-54,1.5201079872776148e-08,0.0006564616066734499,2.309421680111341e-47,0.021803774233365988,1.1138180224522204e-08,0.9762039184564982,9.776790332688688e-07,0.0013347996629300219,4.2022238741544596e-08
6.928304577634452e-54,1.588257902480994e-08,0.0008115602551512506,2.417668533974474e-47,0.006854250925980889,1.042600133498313e-08,0.9914870105044881,8.23272200362556e-07,0.0008462857930048709,4.294059417060668e-08
6.928304577634452e-54,1.588257902480994e-08,0.0008115602551512506,2.417668533974474e-47,0.006854250925980889,1.042600133498313e-08,0.9914870105044881,8.23272200362556e-07,0.0008462857930048709,4.294059417060668e-08
5.558323311372625e-55,1.939263098559155e-09,0.00016470767320376554,1.9396063237379535e-48,0.0049648530029237845,1.4874576063039625e-09,0.9939352658371557,1.1919190792885921e-07,0.0009350464562345851,4.411853300834193e-09
2.956555359712381e-54,6.258455704565195e-09,0.0002803875218548502,1.0317056333240408e-47,0.002944228039256976,7.4162645363441414e-09,0.996210469853889,1.3957742628385447e-07,0.0005647384229539327,2.290989869180699e-08
1.7398548337081016e-54,5.5000345202668645e-09,0.00032104864588500373,6.071315482749265e-48,0.008414292571871549,4.3237979524034805e-09,0.9902277417670766,3.454912748711116e-07,0.0010365484421250878,1.3257934594341121e-08
4.1871846436669186e-54,1.18064950630509e-08,0.0006275615301498009,1.4611402321447921e-47,0.007368294036681798,8.007248649395213e-09,0.9911294952344948,7.707060778086338e-07,0.0008738289959697345,2.968288247660695e-08
1.8465061031435685e-54,5.748348517504541e-09,0.00041350791371926656,6.443480729431595e-48,0.005606700697662047,4.119264424567185e-09,0.9931871324555539,3.6165007024708867e-07,0.0007922736628510636,1.3752530426303746e-08
6.65566737513081e-54,1.5956627628256525e-08,0.000930739007150695,2.322530339875487e-47,0.009550542272954076,9.901302623034319e-09,0.9885296086690231,1.003464502864621e-06,0.0009880365882800031,4.4140159071441926e-08
5.449702435630856e-54,9.46087653667547e-09,0.00041558147606347666,1.9017024945296698e-47,0.004617800437782668,1.0361808632569154e-08,0.9942317103015622,2.2525455978188505e-07,0.0007346257377270724,3.696961954023147e-08
1.0914496806755711e-53,1.656529326498846e-08,0.0006812778057698239,3.8086713997882213e-47,0.006037975436155251,1.4917732947990072e-08,0.9924583249718305,4.3254690129135464e-07,0.0008218878203050167,6.993601187571719e-08
2.315742395416908e-54,7.036758780831632e-09,0.0004680958504580213,8.080905594513727e-48,0.004269532146290475,4.931299600600128e-09,0.9946004215880128,3.0789254010520413e-07,0.0006616136243051374,1.693033507463455e-08
1.792574416244347e-54,5.5672894860417225e-09,0.0003492112835075606,6.2552832549422e-48,0.011302890832710754,4.14930965354153e-09,0.9871196274572643,3.6218967967047633e-07,0.0012278852471642703,1.3273074264833599e-08
1.7026621011277346e-54,5.48651391515355e-09,0.0004232318665716666,5.941529474867404e-48,0.010970566579249351,4.040013203040895e-09,0.9873868521782129,3.368450999757478e-07,0.0012189899955364519,1.3008802757395797e-08
6.240269364707547e-54,1.7661075001784823e-08,0.0010796643041805904,2.1775750066301896e-47,0.006733486389501454,9.59746762043076e-09,0.9913665337958678,1.0392049239552724e-06,0.0008192081472091438,4.089977423929722e-08
5.38308124418996e-54,1.4406103240886964e-08,0.000932533524849498,1.878454677341827e-47,0.017113325510852016,9.48560507489606e-09,0.9807315026260109,8.380114931405288e-07,0.0012217415948583598,3.4840227655247895e-08
3.563002528057935e-86,2.9713463740503384e-05,0.9988702600829158,1.2394085453762617e-89,4.1717790509278624e-15,7.710872052618057e-06,1.4962485708830334e-68,0.0010188176143819038,3.740730025032198e-22,7.349796690519646e-05
4.9494955493762645e-54,1.3018863762280091e-08,0.0007810218392524146,1.727152655413333e-47,0.005803798334165813,8.417106444204444e-09,0.9926443680684401,5.53127560838222e-07,0.0007702047409830702,3.245362750370677e-08
2.657660498557187e-54,7.841067426421378e-09,0.0005816664745184317,9.274046903322549e-48,0.006137118244098373,5.836066147113829e-09,0.9924686864295751,3.853445066390309e-07,0.0008121110992984025,1.8730869270624246e-08
2.484505530103975e-54,7.936988560658956e-09,0.0005685055165108871,8.669813480787868e-48,0.004905192140907813,4.846572989995211e-09,0.9938245363789241,5.255716301764446e-07,0.0007012101825886593,1.7425876689230944e-08
1.0229475900263563e-53,2.124440440994294e-08,0.0012851909892809665,3.569629730620409e-47,0.013336857394834357,1.471468660355503e-08,0.9843150996937292,1.2135463604831496e-06,0.0010615519415821608,5.047512177551715e-08
9.984308846784154e-54,2.3109450922685768e-08,0.0012364492832230524,3.4840773903439975e-47,0.007525343309141261,1.1498320829113124e-08,0.9903718859884907,1.6376717244588146e-06,0.0008645920181545388,5.712149414431622e-08
1.5659802618449917e-54,5.055528392050851e-09,0.0003322613143036953,5.464570966047821e-48,0.004873043843065107,3.6889533899804436e-09,0.9940603974182066,3.373782574769949e-07,0.0007339398618276908,1.1439857668683717e-08
1.5884696405115824e-54,5.162592038170774e-09,0.0003720317173131307,5.543048842621512e-48,0.005027497856773833,3.670581947604581e-09,0.9938471499595425,3.329141642415288e-07,0.0007529670263258006,1.1692706434133753e-08
