i = 0,i = 1,i = 2,i = 3,i = 4,i = 5,i = 6,i = 7,i = 8,i = 9
0.004450608459425311,0.009066627009943084,1.950978569379179e-60,9.50419009419554e-72,5.541587638042907e-06,3.9175509584136725e-73,0.9864772229428344,1.5934319184602166e-13,3.008132597669742e-88,1.7307439971217318e-65
0.006466843516588882,0.008806414473852005,2.3115452605006587e-60,1.1260690359159546e-71,3.9326759923239535e-06,4.641566285155309e-73,0.9847228093333332,2.3343907321003693e-13,3.564075361070561e-88,2.050608421065212e-65
0.006542159334988377,0.009879993671602402,2.821775073139944e-60,1.3746274366672579e-71,4.453317204877621e-06,5.666104085256474e-73,0.9835733936760425,1.6184685408889873e-13,4.35077745805544e-88,2.50324137113344e-65
0.004130491688693387,0.01902541411988665,2.7566863968752646e-60,1.3429194947191352e-71,1.1777044609629481e-05,5.5354064906828367e-73,0.9768323171465163,2.941116193057405e-13,4.250419939072922e-88,2.4455001752567775e-65
0.006145821895650131,0.007151389835910512,4.846169990799211e-60,2.3608112126007587e-71,7.30509573094641e-06,9.731074543854305e-73,0.9866954831726341,7.431966270254545e-14,7.472107665339867e-88,4.2991141739071944e-65
0.005189112329398956,1.6583390456498194e-91,1.738765452037675e-111,2.760574262628436e-78,1.724672483136927e-05,1.940901490263776e-96,0.9947936409425817,3.1879294832038216e-12,4.812288360097486e-95,9.554310623334904e-70
0.008337996750132975,0.0070933292970206336,1.0858851690136964e-59,5.289888484043112e-71,5.524415610411231e-06,2.180449622237762e-72,0.9845631495371617,7.440836294829852e-14,1.6742811148743915e-87,9.63305936482948e-65
0.006281306049946394,0.04193252675209882,5.437291896426604e-60,2.64877618813166e-71,1.1366036946225548e-05,1.0918043085834144e-72,0.9517748011602184,7.901320561108257e-13,8.383533911339206e-88,4.823507781191834e-65
0.0058747552409504295,0.013915515962327962,5.834162285349817e-60,2.8421115572784254e-71,2.6031424263833174e-05,1.1714955977084854e-72,0.9801836973720347,4.2300975186000526e-13,8.995451834327806e-88,5.175577790593726e-65
0.005977329277553049,0.02865005400373168,7.278441060954608e-60,3.545691814273657e-71,1.5549658995453414e-05,1.4615057387930965e-72,0.9653570670586767,1.042963323397457e-12,1.122232512407481e-87,6.456820373306328e-65
0.004152254627801024,0.025901216390419497,8.686577474701921e-61,4.231665323407174e-72,7.440795236479529e-06,1.7442585195685593e-73,0.9699390881863854,1.575967288996993e-13,1.3393472011406818e-88,7.706000494232618e-66
0.007353463113764165,0.027005302273975667,2.1903270719049895e-60,1.0670176078085775e-71,1.4247910257656847e-05,4.398161032856078e-73,0.965626986701608,3.9443823645483354e-13,3.377174084824794e-88,1.943073845572318e-65
0.004746773359298279,0.01352923074256344,1.6639703141484653e-60,8.106029674020291e-72,1.0640730083448554e-05,3.341240442758185e-73,0.9817133551678915,1.6324874938285028e-13,2.5656065228525495e-88,1.47613442700072e-65
0.006225595816264587,0.008105952611793959,3.4692733324902054e-60,1.6900561471160786e-71,5.510830401087906e-06,6.966275940704363e-73,0.9856629407414716,6.872829212481204e-14,5.349128055779191e-88,3.077647334943609e-65
0.0045968861005596644,0.009339791711060495,2.7239378533991347e-60,1.3269660451328484e-71,8.05088462106438e-06,5.4696476505319725e-73,0.9860552713036141,1.4467002589565825e-13,4.199926323867247e-88,2.4164484235228626e-65
0.002772200927917203,0.0180804556887725,1.1504750896297051e-60,5.604538215894798e-72,1.4103314293086003e-05,2.310145719050155e-73,0.9791332400687983,2.1890808435351396e-13,1.7738696232954466e-88,1.0206046783221772e-65
0.020072672369892006,0.06746796204062536,5.1593950257897e-60,2.513398756181925e-71,7.932355703042934e-06,1.0360028165019204e-72,0.9124514332334255,3.5416937420738875e-13,7.955056300937113e-88,4.576981064690389e-65
0.003739708371783397,0.014719194306204069,8.9692498395675e-61,4.369369136879259e-72,6.059637541908874e-06,1.8010189274621522e-73,0.9815350376843752,9.556340953073913e-14,1.3829312757460283e-88,7.956763627319715e-66
0.00404859094422068,0.016006311214246737,1.8848388307465666e-60,9.181990425469917e-72,1.546320422659463e-05,3.7847428381523244e-73,0.9799296346370949,2.108563580155886e-13,2.906154489398962e-88,1.672070387167102e-65
0.004933200477361303,0.00791057151580248,1.0145794366128627e-60,4.942522681988701e-72,4.100194738820722e-06,2.0372682235839746e-73,0.9871521278119869,1.1053288130580935e-13,1.564337775976559e-88,9.000494916146775e-66
0.002824888506900276,0.017321022416900384,9.694079420566039e-61,4.722469792715696e-72,1.1310429458996389e-05,1.946564186866564e-73,0.9798427786465792,1.612569271738103e-13,1.4946897299176092e-88,8.599771431679492e-66
0.002200522739657004,0.014467717584143853,5.5468687338887586e-61,2.70215653323163e-72,6.8513528708794435e-06,1.1138072588647391e-73,0.9833249083232252,1.030387570482316e-13,8.552485873135662e-89,4.920715129666992e-66
0.012243679609323169,0.008083964763771271,6.032094182922283e-60,2.9385340608240267e-71,5.102483534772829e-06,1.2112401806170715e-72,0.9796672531432405,1.3037086061531572e-13,9.300634783311109e-88,5.351166312650873e-65
0.0032817256427258453,0.01967077584409135,2.0180576960540758e-60,9.830965990803009e-72,9.077926324896498e-06,4.0522453631186985e-73,0.9770384205863493,5.085955179869542e-13,3.1115591092373097e-88,1.7902509530908526e-65
0.0032180645110467337,0.021942763461466407,3.687849950244764e-60,1.7965357239751262e-71,1.0425715978422953e-05,7.40517621967753e-73,0.974828746310782,7.265164752039607e-13,5.686142238956568e-88,3.2715501153366585e-65
0.00541997810098247,0.007457405862800734,3.748170001645996e-60,1.825920630811462e-71,5.2744917315072675e-06,7.526298449766226e-73,0.9871173415444138,7.14654540290966e-14,5.779147213875845e-88,3.3250609885503895e-65
0.0038257229561549236,0.02250384455420639,4.0412793671190854e-60,1.968708828056076e-71,8.574131455689988e-06,8.114859950979702e-73,0.9736618583578655,3.176873641151381e-13,6.231080336463895e-88,3.5850829502237764e-65
0.0039467573563853955,0.01770702015353945,2.1071268571937497e-60,1.0264866317689415e-71,1.9664342948145715e-05,4.2310955991307045e-73,0.9783265581467547,3.7231725978289996e-13,3.2488911390589447e-88,1.8692656170090795e-65
0.0072635012331221036,0.0090916522824049,3.711658947969285e-60,1.8081342747679276e-71,6.466889814439971e-06,7.452984516149106e-73,0.9836383795943976,2.6109624379227994e-13,5.722852340900828e-88,3.292671454410267e-65
0.025533680606899263,0.010355681024551519,4.771542350269235e-59,2.3244563651918572e-70,5.386919198193574e-06,9.58122277752999e-72,0.9641052514491014,2.4946826660517127e-13,7.357042414655526e-87,4.232910811710493e-64
0.0075329379183289415,0.022178581541300934,4.4195293101607996e-60,2.1529732489067382e-71,5.374946101538351e-06,8.874383120603498e-73,0.9702831055940357,2.3296824874572486e-13,6.81428816949128e-88,3.9206344670912305e-65
0.010525761386724206,0.007714349970492791,4.291542778952381e-59,2.0906246233916677e-70,6.582641496648754e-06,8.617387084937599e-72,0.9817533060011988,8.773065992464728e-14,6.616951067673074e-87,3.807095587639629e-64
0.019894144295274137,0.0481966077086468,2.405840563348517e-59,1.1720049830002411e-70,1.085264569868951e-05,4.830910576191312e-72,0.9318983953484968,1.8835592513765562e-12,3.709465361122713e-87,2.134259278087511e-64
0.00648432862863037,0.008125461007888099,2.9589770728967335e-60,1.4414653767378779e-71,7.316189621137928e-06,5.941604715596314e-73,0.9853828941737238,1.366069312697395e-13,4.562323507003177e-88,2.624955438729643e-65
0.010111714982032156,0.009697037460547946,1.949534156164451e-59,9.497153636705536e-71,7.969101838044233e-06,3.9146505870500317e-72,0.9801832784552951,2.8689203583991694e-13,3.005905517093909e-87,1.729462635275943e-64
0.006535660213115922,0.00938507275485393,1.2154095139758738e-59,5.920866197313643e-71,9.805048705811818e-06,2.440533576879019e-72,0.9840694619830743,2.502391692309663e-13,1.8739893076694191e-87,1.0782090348782046e-64
0.012495899354712592,0.008254187573863474,4.2738500631549547e-60,2.0820056187106056e-71,3.886003784805935e-06,8.58186023865799e-73,0.9792460270675332,1.0604459386880413e-13,6.589671406088435e-88,3.7914000991602645e-65
0.004080580221321819,0.02709437887339956,2.558095040458684e-60,1.2461757358654471e-71,1.4168338680302594e-05,5.1366364729732064e-73,0.9688108725657975,8.005699649084058e-13,3.944220197964408e-88,2.2693266368115903e-65
0.006631928219009058,0.006280467052432511,2.6082048420217974e-60,1.270586720543244e-71,4.102284700287495e-06,5.237256594701125e-73,0.9870835024438022,5.5799258703428033e-14,4.021482413916237e-88,2.313779835638842e-65
0.002978833081100765,0.007699303509065995,9.209644795736472e-61,4.486477515052923e-72,3.912824257703702e-06,1.849290062046539e-73,0.9893179505855118,6.400465809611631e-14,1.4199967727902824e-88,8.170021801375509e-66
0.017805345982300453,0.010083790070075071,2.1493466470455006e-59,1.0470539980530166e-70,6.298533477192424e-06,4.315872633996024e-72,0.9721045654139249,2.222595444397229e-13,3.313988074572814e-87,1.906719461450288e-64
0.016914242103441616,0.009124088427106975,2.385187944946027e-59,1.1619440620695404e-70,5.924060559725093e-06,4.789440266734161e-72,0.9739557454086886,2.0314711381020176e-13,3.6776219489915714e-87,2.1159380131151693e-64
0.008600630645216318,0.012322587243338855,1.6223845239330744e-59,7.903444539756013e-71,7.4392349514915825e-06,3.257736474610275e-72,0.9790693428762459,2.473369421241115e-13,2.5014871249718344e-87,1.4392430136810156e-64
0.00633836947405477,0.012567400650805298,2.625826149954881e-60,1.2791709388905362e-71,6.906340077948594e-06,5.2726400545018755e-73,0.9810873235348375,2.245090750999891e-13,4.0486519746889884e-88,2.3294119770704745e-65
0.005427490702270468,0.01865480348094919,2.305045013446569e-60,1.1229024412320897e-71,2.6162243935199254e-05,4.628513835745381e-73,0.9758915435723732,4.720298914498374e-13,3.5540529008738117e-88,2.044841948923873e-65
0.015095081138228439,0.020328026623182976,7.373047831717279e-60,3.591779492920609e-71,9.647524748880764e-06,1.4805027104303423e-72,0.9645672447136358,2.0387219644217885e-13,1.1368195363532135e-87,6.540747538450261e-65
0.009687220963925686,0.011583997824658725,3.176402256573029e-59,1.547384032604122e-70,1.0033943730790824e-05,6.378192923208141e-72,0.9787187472673657,3.1906183897623487e-13,4.897562341932624e-87,2.8178367637103596e-64
0.0022728236364681948,0.010866954059362067,8.079944403453182e-61,3.9361440851391206e-72,1.3768234751903467e-05,1.6224470344515208e-73,0.9868464540693284,8.932924738210842e-14,1.2458129745177555e-88,7.167846686190855e-66
0.006639276771971905,0.012172753034914796,8.217675348177749e-60,4.0032397006963935e-71,7.015091579438411e-06,1.6501033092552282e-72,0.9811809551013029,2.309670432773358e-13,1.2670491352340495e-87,7.290029989247743e-65
0.012145715372377557,0.014371829576318156,1.5074824614574175e-59,7.343699260579893e-71,9.478565588455934e-06,3.027013958207415e-72,0.9734729764854223,2.935967082257386e-13,2.324324420523218e-87,1.337311573731919e-64
0.003668164730344012,0.0249258976013863,3.773341372211813e-61,1.8381828613937847e-72,3.1582094264039998e-06,7.576842381120675e-74,0.9714027794587947,4.857837534064934e-14,5.8179579017611345e-89,3.3473909101547963e-66
0.019697352652308316,0.07231213527070565,1.1723426011135032e-58,5.7110657755979043e-70,1.1351773644711785e-05,2.354055525091098e-71,0.9079791603012883,2.053082898206188e-12,1.8075862284682355e-86,1.0400036941937957e-63
0.01478450373109228,0.025866503042919837,5.601668670408628e-60,2.728852316671241e-71,6.448535682316671e-06,1.1248110467691206e-72,0.9593425446901226,1.8293156687000358e-13,8.636979612832717e-88,4.969329021517477e-65
0.0029406834416304812,0.013169932655141114,1.083555871146947e-60,5.278541311880869e-72,1.269338365707973e-05,2.17577240884673e-73,0.9838766905194113,1.6016256682747397e-13,1.6706896675091433e-88,9.612395794436353e-66
0.004084106387094214,0.009961434872176024,2.757726496033643e-60,1.343426178917168e-71,1.2351187307916325e-05,5.5374950023244856e-73,0.9859421075531619,2.6001646156756294e-13,4.252023624644993e-88,2.4464228636978654e-65
0.0035281308430423295,0.011011312540776448,2.9382919153116707e-60,1.4313886043477335e-71,1.869560515225083e-05,5.9000690676942e-73,0.9854418610107245,3.0455341013794956e-13,4.530429924061686e-88,2.6066053077329415e-65
0.006960997826495052,0.009428579920034411,3.615122927271563e-60,1.7611067622135332e-71,5.789794682331478e-06,7.259140879759935e-73,0.9836046324586172,1.7093864863465656e-13,5.574007471322099e-88,3.2070328210849557e-65
0.0028873409228113668,0.012266979462608118,1.3172668385180088e-60,6.417064049062816e-72,5.3738499982092235e-06,2.6450623531784273e-73,0.9848403057644926,8.997955288379868e-14,2.0310388740130022e-88,1.1685682811462336e-65
0.0026941685819727086,0.016691259613356164,9.151173822056223e-61,4.457993386238192e-72,2.0121839292229604e-05,1.8375491325163222e-73,0.9805944499648669,5.121429245194707e-13,1.4109813768907255e-88,8.118151274301934e-66
0.009073100531706891,0.007085200098739051,1.3007046665828522e-59,6.336381445514499e-71,5.710318286844259e-06,2.6118056308564425e-72,0.983835989051186,8.127672470087581e-14,2.0055023509223303e-87,1.1538757160376416e-64
0.007208238252293494,0.009398674562891627,6.800668093569142e-60,3.3129447623496423e-71,7.152979985837699e-06,1.3655692700044782e-72,0.9833859342047262,1.0308599464991064e-13,1.0485666884955886e-87,6.032980404857796e-65
0.0052839018376270325,0.015017046352334137,4.0948729087174283e-60,1.99481691633374e-71,1.8914725099661685e-05,8.222475397683548e-73,0.9796801370845919,3.4717327386343546e-13,6.313713986077916e-88,3.632626630027158e-65
0.030862474037256914,0.08425384386743333,6.126849993737938e-60,2.9846943443174626e-71,6.357781511656969e-06,1.2302670793899397e-72,0.8848773243134858,3.1234263534027844e-13,9.4467348214186e-88,5.435225693586965e-65
0.004304258164139113,0.027533083043548998,4.6456978301995505e-60,2.26315122018272e-71,1.6268626149917737e-05,9.328527884850067e-73,0.9681463901648794,1.2825092568108716e-12,7.163007990597149e-88,4.1212721442747055e-65
0.005929508349699258,0.013862038041833323,1.4321082092485756e-60,6.97651366846515e-72,4.14322140176848e-06,2.875663000992941e-73,0.9802043103869786,8.708682337783973e-14,2.208108000387682e-88,1.2704458804867573e-65
0.008473666598976965,0.009634636662619192,4.38738027030703e-61,2.137311847448427e-72,1.7128705351346237e-06,8.809828079421636e-74,0.9818899838678413,2.737315651387546e-14,6.764718903951537e-89,3.892114544518302e-66
0.005235685833946776,0.020849776754453122,5.467939420084343e-60,2.6637061261295022e-71,1.8422728746656672e-05,1.0979583093275941e-72,0.973896114681701,1.1524125107967109e-12,8.430788051594592e-88,4.850695684959611e-65
0.0029247004268507645,0.015873477776270805,1.23167441424132e-60,6.000100642228702e-72,1.1001360686516748e-05,2.4731933798227682e-73,0.9811908204358337,3.582332617938422e-13,1.8990674799539597e-88,1.092637885579093e-65
0.004337372302842083,0.02397545761279315,5.707184805586579e-60,2.7802544910710966e-71,1.7470326474892887e-05,1.1459986109475437e-72,0.9716696997570609,8.289547551140556e-13,8.79967054690583e-88,5.062934056664961e-65
0.017760752714776503,0.009295470296923946,3.189730295882268e-59,1.5538767855828596e-70,5.3793631215131e-06,6.404955530439798e-72,0.9729383976249322,2.4595569688237726e-13,4.918112290629344e-87,2.8296602785300058e-64
0.002863217475438705,0.021394249573906936,1.7983601677317943e-60,8.760709707534706e-72,8.861187719937485e-06,3.611094303774185e-73,0.9757336717626873,2.4713740528144563e-13,2.772816640741603e-88,1.5953537951752399e-65
0.0042293309324721055,0.017130776305218982,1.5826921863043212e-60,7.710083357820167e-72,3.725054035636905e-06,3.1780345456604954e-73,0.978636167708165,1.0815974973113124e-13,2.4402871627719616e-88,1.404031312147793e-65
0.0078542867488271,0.006982881507600282,9.989236849469339e-60,4.866255703849698e-71,6.364738389509486e-06,2.0058315866540956e-72,0.9851564670051091,7.387956424216963e-14,1.5401988245465133e-87,8.861610262868098e-65
0.007358052347675039,0.007322846161786347,1.252210431154622e-59,6.100141827501048e-71,7.818376053392004e-06,2.514429554326882e-72,0.9853112831143931,9.219045364400176e-14,1.930731109105385e-87,1.1108557115231257e-64
0.0023760019624159347,0.016839430912732208,2.575509940695393e-60,1.2546594027246787e-71,0.0008584690043924446,5.171605467601737e-73,0.9799260981187822,1.6772408071001853e-12,3.971071507307022e-88,2.284775670705771e-65
0.004556484589674628,0.009467456318554794,9.849687034122062e-60,4.798274025655638e-71,1.727938705233635e-05,1.9778100839353788e-72,0.9859587797045714,1.4692343847437568e-13,1.5186822197445183e-87,8.737813410866489e-65
0.004995286878716413,0.006533021258811143,1.832340134575038e-60,8.926243081063979e-72,5.171925188306808e-06,3.6793258332040415e-73,0.9884665199372199,6.429754853808022e-14,2.8252089363481223e-88,1.6254979620868496e-65
0.008056482576699157,0.005862745053367467,3.104027208763042e-60,1.5121265355070879e-71,4.151332087085734e-06,6.232864346890936e-73,0.9860766210377968,4.939837387831516e-14,4.7859702701425124e-88,2.7536317122020825e-65
0.003611866836099269,0.012987342233343926,1.6095546192602552e-59,7.840943672337626e-71,3.9813683647291175e-05,3.2319741181517144e-72,0.9833609772462957,6.138716798557622e-13,2.48170522932365e-87,1.4278614019889958e-64
0.005175344432398505,0.0063967845962118255,3.078248112423193e-60,1.4995682513764492e-71,6.389838204834943e-06,6.181100106545974e-73,0.9884214811331041,8.067859170091787e-14,4.746222555198087e-88,2.730762667435684e-65
0.005455644452496134,0.008252610862230092,3.723822950437639e-60,1.8140599673193473e-71,6.863001970285956e-06,7.477409745762573e-73,0.9862848816832218,8.162910563488963e-14,5.74160750967484e-88,3.3034623337072004e-65
0.004485404007409497,0.006451147963999138,3.099270840802768e-60,1.5098094713444217e-71,6.383092644794238e-06,6.223313594179557e-73,0.989057064935865,8.151163429560079e-14,4.778636624487777e-88,2.7494122628321355e-65
0.006151761166533087,0.01082547290838122,1.4335350971038012e-59,6.983464751184362e-71,9.258161924661947e-06,2.8785281815605416e-72,0.9830135077629863,1.746464509886272e-13,2.2103080593416305e-87,1.2717116953084873e-64
0.004333411779803931,0.012251519638894441,4.59668285257423e-60,2.23927357887362e-71,3.207480969176913e-05,9.230106161727912e-73,0.9833829937712482,3.618804102723819e-13,7.087433838075474e-88,4.077790181107332e-65
0.005950056528496207,1.633514750951021e-91,1.7127372245128508e-111,2.7193770464900984e-78,9.79737203102393e-06,1.91184741311229e-96,0.9940401460986136,8.592942872837774e-13,4.7404060249279974e-95,9.421525627011259e-70
0.013570035540350547,0.014953961369352061,4.267182007955584e-59,2.0787572763060256e-70,1.2847130732370709e-05,8.568470831697276e-72,0.9714631559589739,5.910302176513789e-13,6.579390209501705e-87,3.78548476175476e-64
0.007756723921636357,0.016772305999572135,8.203813016242944e-60,3.99648666712006e-71,9.82855767319371e-06,1.6473197629564937e-72,0.9754611415207584,3.5991797028957844e-13,1.2649117600097754e-87,7.277732494975466e-65
0.015771664287914988,0.008462604135804914,8.428547004221776e-60,4.105965806250592e-71,5.314400808295058e-06,1.6924461863735777e-72,0.9757604171753261,1.4564373195229806e-13,1.2995625575968839e-87,7.477097576042123e-65
0.014675298707145974,0.03832590806324961,1.7522259093838628e-60,8.53596671544075e-72,6.8655633539987445e-06,3.518457044276172e-73,0.9469919276660238,2.265851022660705e-13,2.701684149291484e-88,1.5544273637164088e-65
0.010970651717608778,0.012547973901894868,1.3315526978674527e-60,6.486657598190964e-72,3.7209593635415854e-06,2.673748256173244e-73,0.9764776534210703,6.261743313144475e-14,2.053065645536413e-88,1.1812414932977353e-65
0.012811820694855045,0.014661665491242771,6.605991411669132e-60,3.2181080367840873e-71,1.143111237178671e-05,1.3264783320655307e-72,0.9725150827013094,2.208090013068252e-13,1.018550301743788e-87,5.860279636194182e-65
0.004691948214010748,0.01645024315614796,5.664369121968993e-61,2.759396835200281e-72,3.2956367973792067e-06,1.1374012524207105e-73,0.9788545129929891,5.481244900819322e-14,8.733654827613454e-89,5.02495158542368e-66
0.0026186537756115393,0.017977536665883826,2.2987827382621766e-60,1.1198517745200731e-71,0.00038332682816921725,4.6159392321410614e-73,0.9790204827287512,1.5840024950672976e-12,3.544397359591395e-88,2.039286585398194e-65
0.019318530143127084,0.05751361484149693,4.3647765058276e-59,2.1263004259070164e-70,1.4014526783666874e-05,8.764439882652091e-72,0.9231538404862254,2.367005210979989e-12,6.729867100949794e-87,3.872062386950229e-64
0.004330031852667172,0.004523319228881659,2.227915313188642e-61,1.0853287156840469e-72,1.0331146538055624e-06,4.473637951453248e-74,0.9911456158037656,3.174760070019949e-14,3.43512982850598e-89,1.9764189699038194e-66
0.004711218884976686,0.013683375844837753,7.224099558549657e-60,3.51921935696598e-71,2.2114149856800206e-05,1.4505940041298137e-72,0.9815832911198468,4.81997932000586e-13,1.1138538224845723e-87,6.4086131656218915e-65
0.00865719623799409,0.007774398933797902,7.031654015577815e-60,3.4254695304998135e-71,6.1424166371186955e-06,1.4119510772855847e-72,0.9835622624113968,1.7430341277169998e-13,1.0841814457513893e-87,6.2378916756481e-65
0.008893658842089936,0.011023093409461619,1.371658489984287e-59,6.6820329232402665e-71,5.6551444113282885e-06,2.7542803987663004e-72,0.9800775926037766,2.6058117271538436e-13,2.1149030959910347e-87,1.2168199768574549e-64
0.018245005647453245,0.009233139341533915,1.7267485086737846e-59,8.411853584084504e-71,5.248513458278885e-06,3.467298606589479e-72,0.9725166064973448,2.0999737466557234e-13,2.6624016062729472e-87,1.5318259579227693e-64
0.0031734292317068063,0.014971155503665923,1.5594675187649286e-59,7.596944413788037e-71,6.325856369442952e-05,3.131399580004908e-72,0.9817921566996055,1.3271018465535188e-12,2.4044780152027408e-87,1.3834283416386183e-64
0.006371830826944173,0.012953347190111562,9.364900949680681e-60,4.562110534479119e-71,1.5147224772847032e-05,1.880465386277666e-72,0.9806596747576551,5.16299916111743e-13,1.4439350725234783e-87,8.3077519951729e-65
0.007047050603945822,0.015008060677392505,4.827075596612978e-60,2.3515093804367485e-71,1.2018489986322986e-05,9.692733137434648e-73,0.9779328702283557,3.1954768699677e-13,7.442666814227574e-88,4.282175234323141e-65
0.002606950524783751,0.010852295228473197,4.993056987820328e-60,2.432367198092617e-71,3.9596663682624034e-05,1.0026022579158302e-72,0.9865011575827591,3.0115616704310716e-13,7.698586608188349e-88,4.429419956010395e-65
0.022858553987784826,0.0388961289099771,2.611703771808235e-59,1.2722912238288501e-70,1.0167092373275127e-05,5.244282420588409e-72,0.9382351500092397,6.248951650123802e-13,4.026877268023162e-87,2.3168837916839123e-64
0.0025341312585472407,0.015701454592764043,1.3221570687427662e-60,6.440886800573234e-72,4.665279285447224e-05,2.6548819003556968e-73,0.981717761355572,2.6221980802224447e-13,2.0385789163179684e-88,1.172906481851706e-65
0.008410095984817801,0.012898478950744868,5.352373544593606e-60,2.6074082217698647e-71,6.980691836154356e-06,1.0747527645105272e-72,0.9786844443723178,2.8339083236505627e-13,8.252601841505899e-88,4.748175365968429e-65
0.004579882075606781,0.021812971172344237,4.1146186623040636e-60,2.004436058162666e-71,1.2537430423719646e-05,8.262124729102162e-73,0.9735946093211364,4.890043588658371e-13,6.344159141120503e-88,3.6501434008544206e-65
0.005796605302442197,0.014519599112495016,2.986612462153159e-60,1.454927953771912e-71,1.788500622938456e-05,5.997096378788747e-73,0.9796659105771315,1.7019386735162324e-12,4.604933362680884e-88,2.649471230350512e-65
0.005306769565965965,0.014868722861585816,1.095594948586715e-59,5.337189665246792e-71,8.05339361197564e-06,2.1999467898998164e-72,0.9798164541783445,4.916377651394316e-13,1.6892522195847204e-87,9.719196357685964e-65
0.00750485900469323,0.013586548577633037,5.331198776215399e-60,2.597092935532197e-71,8.887611828927758e-06,1.070500886224615e-72,0.9788997048050913,7.533704090523688e-13,8.219953348074805e-88,4.729390893480511e-65
0.006877463461425357,1.6816629213901857e-91,1.763220493032671e-111,2.799400636066667e-78,9.107296484474244e-06,1.9681994938306323e-96,0.9931134292417593,3.309045746193455e-13,4.879971272124528e-95,9.68868818282619e-70
0.004536112879653711,0.011349422165503664,1.3840587406623967e-60,6.742440731665315e-72,5.456844378359462e-06,2.7791800130885925e-73,0.9841090081103288,1.354391204298109e-13,2.1340225260399099e-88,1.2278204356840083e-65
0.020692531130617878,0.05480077377423923,5.593790136799121e-59,2.7250142898336587e-70,1.2937258401877325e-05,1.1232290428774712e-71,0.924493757835039,1.702144767803514e-12,8.624832030001944e-87,4.962339849537432e-64
0.006860499774622028,0.006436917617576482,1.8189720737529071e-60,8.861120586517701e-72,5.101377049241155e-06,3.6524828630618645e-73,0.9866974812307022,4.9857578973778165e-14,2.804597280147572e-88,1.6136389435490783e-65
0.01605840234531256,0.06776411092591828,9.064262651660993e-58,4.4156546185187627e-69,1.3630281311989726e-05,1.820097431907072e-70,0.9161638564439958,3.461453475153395e-12,1.397580905513394e-85,8.041050998160898e-63
0.007055613003051195,0.00698752134096374,6.969157847573441e-60,3.395024528684065e-71,6.70740361644051e-06,1.3994018916253534e-72,0.9859501582522978,7.075560533580602e-14,1.0745454219039708e-87,6.182450334920765e-65
0.006575060868284709,0.007471720678746031,4.672494683987876e-60,2.2762053047497107e-71,6.576280300617415e-06,9.382335774843615e-73,0.9859466421725158,1.528709930913998e-13,7.204324943361678e-88,4.145044057797389e-65
0.0045956512812540574,0.008034289403923351,3.271713526351278e-60,1.593814907874058e-71,1.1172188629047163e-05,6.569577268545268e-73,0.9873588871260964,9.718352076739561e-14,5.044518819079618e-88,2.9023889010919837e-65
0.002990048524501418,0.019479393595334026,7.892318093269993e-59,3.8447419474303016e-70,0.00012793628158094884,1.5847718060908288e-71,0.9774026215850802,1.3503735971565823e-11,1.2168836552161015e-86,7.001400413972198e-64
0.005934806413071788,0.02043713934551851,6.381789663631757e-60,3.1088881782862966e-71,3.033597903943698e-05,1.2814587820465203e-72,0.9735977182613567,1.0134177598357832e-12,9.83981568016468e-88,5.6613867136115625e-65
0.013248614421236368,0.01160735623830237,1.5454194989121248e-59,7.528509499523156e-71,7.5650255865287e-06,3.1031912570115504e-72,0.9751364643146334,2.411037165538143e-13,2.382817958493159e-87,1.3709661206725396e-64
0.0049537171213430015,0.006980914568572923,2.3955894308059943e-60,1.1670111448364557e-71,5.361629674020479e-06,4.810326375653648e-73,0.9880600066803413,6.867850487096438e-14,3.693659566816109e-88,2.1251653360062724e-65
0.00858525368058339,0.007596522085544458,4.96067155019999e-60,2.416590635486635e-71,4.900029721463089e-06,9.960992852958605e-73,0.9838133242040453,1.0518743603657422e-13,7.648652850778326e-88,4.4006903212336305e-65
0.016103057199290505,0.007027939135299174,2.088743863041686e-60,1.017531358058411e-71,2.499450708814925e-06,4.19418267887149e-73,0.9768665042146499,5.133739043331356e-14,3.2205471660294557e-88,1.8529577716656368e-65
0.008681818157488847,0.011953466918473548,6.605503394167698e-60,3.2178702991084546e-71,6.473563571435223e-06,1.3263803385016612e-72,0.9793582413602839,1.8249271626233773e-13,1.0184750563578393e-87,5.8598467081372835e-65
0.003981568588757203,0.009443963846487461,1.788605008900577e-60,8.713187461321381e-72,7.202601860252019e-06,3.591506014887508e-73,0.986567264962656,2.390521224814619e-13,2.757775567643107e-88,1.5866998392307255e-65
0.00536055248307456,0.0233279946963814,1.236790483311713e-60,6.025023567443364e-72,9.04684021317654e-06,2.4834664097804495e-73,0.9713024059801192,2.1158431377513863e-13,1.9069557337688008e-88,1.0971764315023626e-65
0.010353418047901623,0.007266943122945966,8.953164295408848e-60,4.3615330656967325e-71,4.570892540369788e-06,1.797788961745236e-72,0.982375067936496,1.160297478994225e-13,1.3804511126886608e-87,7.9424938862626e-65
0.0032671596421515823,0.01461313894088588,2.9630163341400605e-60,1.4434331024371365e-71,2.650972074701694e-05,5.94971552316921e-73,0.9820931916958625,3.530551816058666e-13,4.5685514756786216e-88,2.6285387313702793e-65
0.01856862072833966,0.027307430982903527,1.4898722021817214e-59,7.257910900630072e-71,1.0630606211714719e-05,2.9916526840313634e-72,0.9541133176822237,3.2136260489016137e-13,2.297171895215113e-87,1.3216892337392928e-64
0.004225014831990725,0.011744650721680079,2.9032072837527794e-60,1.4142971296921908e-71,1.2495478910108014e-05,5.829619379447311e-73,0.9840178389667074,7.115336600327935e-13,4.476334391939508e-88,2.575481175251516e-65
0.012352405839397191,0.00945528192728022,9.646663216274596e-61,4.699370993671763e-72,3.3591603259022505e-06,1.9370430470917997e-73,0.978188953072868,1.288248573189866e-13,1.4873788228668854e-88,8.55770776566504e-66
0.0027426791899699677,0.014630306038556619,4.630001588781257e-60,2.25550479779012e-71,9.20666546532483e-05,9.297009944788177e-73,0.982534948116187,6.333214466071425e-13,7.138806609704336e-88,4.107347759846061e-65
0.006812174483622528,0.006949429541393203,1.7278266072952502e-60,8.417105540410175e-72,3.2292478733066813e-06,3.469463420880152e-73,0.9862351667270631,4.771385003810745e-14,2.6640638816344683e-88,1.5327823562895651e-65
0.004820573391122469,0.014179153493830084,2.136763826109229e-60,1.0409242781280248e-71,1.187278519751237e-05,4.2906064199062785e-73,0.9809884003287863,1.0636324790115523e-12,3.2945871470469484e-88,1.8955570416553638e-65
0.009758298344959991,0.02362405689911945,1.5561494673370602e-60,7.580780529669711e-72,5.286823858670069e-06,3.124736956562843e-73,0.9666123579317102,3.5147716538560443e-13,2.3993620499032902e-88,1.380484845650986e-65
0.021148224442984444,0.07099877996351112,6.242364548877892e-59,3.040967247973494e-70,1.0256047946785986e-05,1.2534623191174194e-71,0.9078427395437676,1.7900917024394833e-12,9.624841902795919e-87,5.537700485481928e-64
0.0022769279507845034,0.014273370128935455,7.260785195812317e-61,3.5370907613854543e-72,4.757547655735656e-06,1.4579604537502257e-73,0.9834449443724615,1.629446120329789e-13,1.119510228098049e-88,6.441157575626937e-66
0.012622841295853338,0.019663834730542295,6.635152285701963e-60,3.232313753570054e-71,1.585859090232254e-05,1.3323338146325103e-72,0.9676974653820449,6.573973423623618e-13,1.023046495455573e-87,5.886148709527575e-65
0.004933494072554241,0.021135790457799303,2.48902917349409e-59,1.2125303058769055e-70,1.9771050283476243e-05,4.997952708032152e-72,0.9739109444182036,1.1594259539684706e-12,3.8377304142920896e-87,2.2080572120567007e-64
0.0029383463745374515,0.01842909133016587,1.8741546416246023e-60,9.129942409150703e-72,9.501498550972413e-05,3.763289063112682e-73,0.9785375473084202,1.3667262574549174e-12,2.889680983189369e-88,1.6625922737335764e-65
0.005154397005228033,0.008232393548792129,3.5506210702219077e-60,1.7296846891856561e-71,5.1824391156388765e-06,7.129621613956442e-73,0.9866080270067896,7.457779914031501e-14,5.474554744446148e-88,3.14981220183058e-65
0.0038608160971712402,0.012286081660005608,5.673078887946214e-60,2.763639796800305e-71,2.3141502610637894e-05,1.139150167174934e-72,0.9838299607396386,5.737836078641305e-13,8.74708405301109e-88,5.032678156805859e-65
0.004513670991819458,0.012857495366014318,3.926343866948075e-60,1.9127180109686114e-71,1.89703779739944e-05,7.884070291924666e-73,0.98260986326387,3.2233436103916293e-13,6.053866075825493e-88,3.483121847165396e-65
0.00335904959318571,0.01640048188889101,1.61088496222853e-60,7.847424436739349e-72,7.680431191302395e-06,3.234645437279551e-73,0.9802327880862007,5.313836236269348e-13,2.4837564297375115e-88,1.429041570312007e-65
0.019730300723593337,0.05160431791151769,6.4006670515321105e-59,3.11808429586046e-70,1.3331059566104102e-05,1.285249347982101e-71,0.9286520503034285,1.8943283588483114e-12,9.868921938323104e-87,5.678133143481506e-64
0.0024351113766986144,0.011782394764952653,1.3648286876340755e-60,6.6487615481155e-72,1.7345938783872184e-05,2.740566204688115e-73,0.9857651479194169,1.4802893651570136e-13,2.104372508209207e-88,1.2107611509919722e-65
0.00656382649107925,0.011755396694869056,8.175753735194988e-61,3.9828175912433806e-72,2.807581975764418e-06,1.6416854794698848e-73,0.9816779692319854,9.041719070672926e-14,1.2605854163321826e-88,7.25284066223086e-66
0.019358759461022355,0.058398765360513125,2.1170772660741565e-58,1.0313339724316552e-69,1.2304482625823643e-05,4.251075948714169e-71,0.9222301706939493,1.8894122376280706e-12,3.264233260076101e-86,1.878092782365463e-63
0.004177710184155494,0.014592923020461059,1.5257355455788434e-60,7.432619141104553e-72,8.332335997435013e-06,3.063666020057919e-73,0.9812210344592575,1.285397547391145e-13,2.352468090687231e-88,1.3535041738290936e-65
0.0025952029971016382,0.01004496801519331,7.051523913912523e-61,3.435149149429995e-72,6.112022411239002e-06,1.415940938603718e-73,0.9873537169652189,7.508464481507838e-14,1.0872451026172889e-88,6.255518577248133e-66
0.019652462880023612,0.08114003804109154,1.1059854947132338e-59,5.387807200015699e-71,8.675694820890567e-06,2.2208109319130928e-72,0.8991988233833454,7.185194131280409e-13,1.7052729698898957e-87,9.811372538488457e-65
0.026134714742649483,0.03473742237525444,5.853776036307228e-60,2.8516663940401003e-71,7.173877822499456e-06,1.1754340248171817e-72,0.9391206890040478,2.2602294230682846e-13,9.025693460014314e-88,5.19297745979736e-65
0.008629667021269743,0.08154071620114618,8.647644776040575e-61,4.212699263258435e-72,3.644746845992402e-06,1.736440861632782e-73,0.909825972030625,1.1315314588471976e-13,1.3333443304891748e-88,7.671462680461903e-66
0.013338407393348864,0.011165615108972548,3.567378716996644e-60,1.737848175088485e-71,4.351059188674895e-06,7.163270848352703e-73,0.975491626438146,3.4370065118695754e-13,5.500392662050419e-88,3.164678175766156e-65
0.006141514535885903,0.017459983035247147,3.6169420952004104e-60,1.7619929696829744e-71,9.384442268262674e-06,7.262793755898619e-73,0.976389117986328,2.7050013273297846e-13,5.57681237058306e-88,3.208646633774663e-65
0.003675960841058635,0.01941194269565854,2.248202025243297e-60,1.095211385375032e-71,3.0517124770334404e-05,4.5143735235913173e-73,0.9768815793379538,5.588046074875768e-13,3.466409064879431e-88,1.9944156335581533e-65
0.019940783276364397,0.009079040226947357,2.4168400383438156e-59,1.1773633761129304e-70,5.071462628706212e-06,4.852997443000715e-72,0.9709751050339446,1.1481141595374273e-13,3.7264249934887084e-87,2.1440170866141624e-64
0.0013939170466588373,0.018208204056792496,2.5530140627863983e-61,1.2437005381149598e-72,1.0773621719010377e-05,5.12643390629095e-74,0.9803871052747591,7.059938744643341e-14,3.9363860501147464e-89,2.2648192210235147e-66
0.006695976490395973,0.010705857309269163,1.1523307261795436e-59,5.613577947438857e-71,6.555628333384883e-06,2.313871823917929e-72,0.9825916105718269,1.74798267586976e-13,1.7767307520041906e-87,1.0222508429033156e-64
0.01017454888435078,0.025285292053910703,1.4120770398541709e-59,6.878931847361886e-71,2.5846464411322444e-05,2.835440556681742e-72,0.9645143125954144,1.912785764036055e-12,2.1772227745986925e-87,1.2526759127747453e-64
0.01017454888435078,0.025285292053910703,1.4120770398541709e-59,6.878931847361886e-71,2.5846464411322444e-05,2.835440556681742e-72,0.9645143125954144,1.912785764036055e-12,2.1772227745986925e-87,1.2526759127747453e-64
0.0017637791481249733,0.011375808018095563,4.2461738868086694e-61,2.0685231722499416e-72,3.509598603500963e-06,8.526286675281987e-74,0.9868569032351163,5.954049760967381e-14,6.546998662495659e-89,3.7668481246658143e-66
0.023885269063399793,0.0877663851152255,1.2149434535737864e-59,5.918595784544206e-71,8.207933645617508e-06,2.43959773093815e-72,0.8883401378868478,8.813777905450595e-13,1.873270708546904e-87,1.0777955853119875e-64
0.0031020053538113,0.018142910825406623,1.4693464735023533e-60,7.157919834478754e-72,5.6245466260653135e-06,2.950437168227115e-73,0.9787494592739753,1.8079377269932318e-13,2.2655241290630844e-88,1.3034805346505734e-65
0.005647066403453166,0.018421713808605827,5.599841305413631e-60,2.7279621160018688e-71,1.0360373565406869e-05,1.1244441131902552e-72,0.9759208594139184,4.571611010715248e-13,8.634162074856869e-88,4.967707937080529e-65
0.004455458273053901,0.013831925238803753,1.7355450040384735e-60,8.4547057022066e-72,9.588658641749e-06,3.484961906119e-73,0.9817030278293323,1.6821599655404168e-13,2.6759645561008336e-88,1.5396294683185754e-65
0.01206670812104421,0.013425136735444715,1.1924129651253342e-59,5.8088385332396445e-71,1.1195094492239153e-05,2.3943566719126534e-72,0.9744969600486134,4.051920349775007e-13,1.838531886805373e-87,1.0578084320718635e-64
0.026195904995839465,0.03462610050948443,2.2715395146129772e-59,1.1065802409212667e-70,8.6979120866685e-06,4.561235034672014e-72,0.9391692965821933,3.959160231034221e-13,3.502392167729734e-87,2.015118690100348e-64
0.022875627587000406,0.029360106059002918,4.591434915227623e-59,2.236717046734958e-70,1.103393854776123e-05,9.219568341218463e-72,0.9477532324146978,7.510867021851145e-13,7.079342262057864e-87,4.0731346527471195e-64
0.014541026258564148,0.02747840976875196,1.821670398640854e-60,8.874265473434169e-72,9.640810726457607e-06,3.6579010800616793e-73,0.9579709231615688,3.8869640857593626e-13,2.808757714906791e-88,1.6160326703051776e-65
0.003736381521459327,0.009023311726128802,1.6511298369683462e-60,8.043477302643466e-72,6.401629936349163e-06,3.315456856780882e-73,0.9872339051222745,2.0104675599509512e-13,2.545808325895706e-88,1.46474343626998e-65
0.004229056966025393,0.009021301132848682,1.320863261619004e-60,6.434584020500479e-72,6.2907297063471824e-06,2.6522839449412973e-73,0.9867433511713418,7.77082491253585e-14,2.0365840490010381e-88,1.1717587250551784e-65
0.011478448240156697,0.016398133853808262,7.237377266464891e-60,3.5256875910113046e-71,1.8411874945539614e-05,1.4532601583452038e-72,0.9721050060302173,8.722365540885542e-13,1.1159010569662336e-87,6.420392030664545e-65
0.01017475533676159,0.00803700252367451,6.663314156471827e-60,3.2460328060192106e-71,4.877545858044572e-06,1.3379886980616146e-72,0.981783364593555,1.5095258351969535e-13,1.0273886570150995e-87,5.911131551239757e-65
0.004729879024007037,1.1928366990713502e-91,1.2506870942396483e-111,1.9857627473379994e-78,1.24952854044197e-05,1.396082744926093e-96,0.9952576256874204,3.1682029494388963e-12,3.4615728273901565e-95,6.879853103620496e-70
0.01822405995232958,0.018753163715165895,6.067951671318364e-60,2.95600203260832e-71,9.562059041467664e-06,1.2184403385397222e-72,0.96301321427316,3.03097603031268e-13,9.355921951200988e-88,5.3829760586764945e-65
0.012387797346369514,0.010777890475891363,1.7072389725339079e-60,8.316812898844186e-72,3.992575517551126e-06,3.428123598107812e-73,0.9768303196021599,6.15375448621375e-14,2.632320665073037e-88,1.514518739334783e-65
0.004440265523951254,0.018046856090967674,2.3490910916430286e-60,1.1443594836954607e-71,2.918963935211041e-05,4.716958044493309e-73,0.9774836887451923,5.368135211023723e-13,3.6219657143212926e-88,2.083915922688503e-65
0.007958793676935659,0.008084092743259034,1.5485488952477505e-59,7.543754350553646e-71,8.921435781893259e-06,3.109475062383019e-72,0.9839481921439228,1.0049781648382622e-13,2.3876430443633835e-87,1.3737422577390898e-64
0.010012792283608268,0.01840073099883359,2.1662112313356865e-59,1.055269578555498e-70,2.7910982614180454e-05,4.349736598155451e-72,0.9715585657330494,1.8944880996731026e-12,3.3399908746781996e-87,1.92168030134997e-64
0.0022962434269232163,0.015924380457961417,1.214824425124327e-60,5.918015937575085e-72,2.5641014404720117e-05,2.4393587226663135e-73,0.9817537351004931,2.1758978569398405e-13,1.8730871835382303e-88,1.077689993288773e-65
0.0028788485808588665,0.014411854764530801,1.2300968288968438e-60,5.992415436845598e-72,1.4296957758248691e-05,2.4700255997788292e-73,0.9826949996967124,1.3965537334983379e-13,1.8966350668179023e-88,1.0912383846272357e-65
