i = 0,i = 1,i = 2,i = 3,i = 4,i = 5,i = 6,i = 7,i = 8,i = 9
2.3348635446702914e-08,8.604694265359601e-06,0.0004243799862005593,0.07644932454461102,1.5115907531378756e-07,0.9230829553159502,4.0133963838505365e-22,3.454276490950048e-05,4.404760546314387e-17,1.818635262556411e-08
2.9317650402156304e-08,9.797336976399451e-06,0.0005013832533932789,0.08078471916345656,1.9024811468794847e-07,0.9186606929886134,4.740489902371658e-22,4.3166394294672324e-05,5.202756193274546e-17,2.1297500497758835e-08
2.8464028727947128e-08,9.956572042229157e-06,0.0005437104193063802,0.07847087560527463,1.8028292045883346e-07,0.9209339358635206,5.140958960546479e-22,4.129043638525909e-05,5.642276773538312e-17,2.235652184611122e-08
2.6153423774186054e-08,1.1374865313937039e-05,0.0004832827020985075,0.09651236871931684,1.76761157676045e-07,0.9029521246348508,4.570853464530481e-22,4.062484107747196e-05,5.0165777505892316e-17,2.1322761046707135e-08
4.012236108879085e-08,1.2481834935590234e-05,0.0007070161639196336,0.06793456376712644,2.655600721321488e-07,0.931286762957161,6.6918709709792595e-22,5.883984883110232e-05,7.344425124068086e-17,2.9745592997533625e-08
2.7070737931744793e-05,0.022202604197962075,0.9314265030907273,7.63234901003261e-17,0.00019212813243773562,8.927860963483495e-25,5.069959225981541e-20,0.04599664560357786,1.1359591400329018e-91,0.00015504823736330043
4.955159563915909e-08,1.3580828626927286e-05,0.001124542973155235,0.06393570671347293,3.0703728040177653e-07,0.9348580461349352,1.0653532681357313e-21,6.772370793581868e-05,1.169240611856441e-16,4.305299774783176e-08
2.768281757301931e-08,9.45569376030055e-06,0.0006279578749167177,0.13644379861726313,1.7256277899341421e-07,0.8628764690981438,6.261257681905042e-22,4.209247074758008e-05,6.871820814547768e-17,2.599957191524555e-08
3.747775132689499e-08,1.5623647903129746e-05,0.0007514796807805926,0.08668316021375518,2.592470188447294e-07,0.9124898894812651,7.115169206392872e-22,5.9517154918177177e-05,7.809001056359949e-17,3.30966076677517e-08
3.351658735135472e-08,1.3450988984309833e-05,0.0008458811144616255,0.12455208755973288,2.2039679736079344e-07,0.8745360743315403,8.161585392485463e-22,5.221663161925295e-05,8.957457946811251e-17,3.546027693531564e-08
1.874381839106127e-08,7.354190541521203e-06,0.00027873550356937127,0.13719701949270963,1.2473786223709634e-07,0.8624878965017073,2.6460871184945273e-22,2.883830363477884e-05,2.904118862644289e-17,1.2526156792555359e-08
2.7890900288650954e-08,1.0561524617452208e-05,0.0004744486204330634,0.13855008478575614,1.7996353762937774e-07,0.8609224693484957,4.545534051548597e-22,4.2206940032031e-05,4.98878932884148e-17,2.0926227826560013e-08
2.5904821468145778e-08,1.0063380729214938e-05,0.00038897993562597553,0.09520466335006682,1.7930981833577396e-07,0.904355275111354,3.6761248740348063e-22,4.079547147868412e-05,4.0346001889204806e-17,1.7536105268996822e-08
3.5964813284725216e-08,1.1946166412907967e-05,0.0005891690489906926,0.07031787928418251,2.3819490162021474e-07,0.9290271941818018,5.572856548413594e-22,5.3512666329245786e-05,6.116290619502649e-17,2.4492567936248834e-08
2.562342876758034e-08,9.673951190736746e-06,0.0005001052417460878,0.07705826919238619,1.6894580441488575e-07,0.9223927950042901,4.730921463240811e-22,3.894119815282236e-05,5.1922546930371206e-17,2.0843000902868105e-08
1.9000054355387554e-08,8.224081359609023e-06,0.0002966126462970962,0.10464197840852506,1.2909692020762753e-07,0.8950236694348165,2.8043824526613896e-22,2.9353663165771468e-05,3.0778502801076156e-17,1.366886132782145e-08
3.1017067489442766e-08,7.1595602885654554e-06,0.0005838396861550933,0.21247860363301402,1.591671821803116e-07,0.786889533825977,6.271615779483001e-22,4.065013236097351e-05,6.883188976343584e-17,2.2977954490383386e-08
1.6658994751119855e-08,6.512633585734974e-06,0.00027019449513875586,0.08988254808813628,1.0761107994693522e-07,0.9098158440009692,2.557869303660686e-22,2.4764539161998676e-05,2.8072985356493335e-17,1.1972933442570376e-08
2.859393016468661e-08,1.2855037699448792e-05,0.0004465531283535245,0.111872592075809,1.9886236309303674e-07,0.887622312167163,4.222106488448525e-22,4.5440031960585476e-05,4.63382290308192e-17,2.0102721069240184e-08
1.9458718894391643e-08,7.121946247135777e-06,0.0003116876527932265,0.07144250690913061,1.2637003072309103e-07,0.9282095262608706,2.9448256376176037e-22,2.8997859083463933e-05,3.2319887057624544e-17,1.3543125495306329e-08
1.9376374910382612e-08,8.266420102496637e-06,0.00028312406918883695,0.11405438085977834,1.3285185022917897e-07,0.8856238614528602,2.6765304745941877e-22,3.0202021924440307e-05,2.937530886033266e-17,1.2947920488970163e-08
1.4357286261859396e-08,5.771177187716745e-06,0.00019085652907411765,0.10328618660973185,9.928506825613141e-08,0.8964945710389496,1.8041112961212368e-22,2.2492252105183508e-05,1.9800382265408912e-17,8.75059711638783e-09
4.081990878840989e-08,1.2480803645064703e-05,0.0008953293742384943,0.07763247968041893,2.4985471150573216e-07,0.9214020066961621,8.469905631589966e-22,5.7379409137792046e-05,9.295843866158476e-17,3.336177725001262e-08
2.1285749060448714e-08,8.892754364778327e-06,0.00038120046758568376,0.09730687930022812,1.449692619726089e-07,0.9022696937560146,3.6049965234554883e-22,3.315028635266673e-05,3.956535795953743e-17,1.718044312658558e-08
2.3638500368809114e-08,1.0494141099163405e-05,0.0005090021039712803,0.09607561680648587,1.6529125891710534e-07,0.9033664954909312,4.8164991334177425e-22,3.818011115724925e-05,5.286177423081387e-17,2.2416596049418074e-08
3.341502413509172e-08,1.0630360838634244e-05,0.0005657688444754537,0.06195591177789389,2.2241613957847263e-07,0.9374178916366032,5.353369356401812e-22,4.951764245897239e-05,5.875400253521143e-17,2.390656631717312e-08
2.3935294259090977e-08,1.0120916754911135e-05,0.0005521102500565965,0.09800472537974492,1.631185126880698e-07,0.9013945453083584,5.24738434797031e-22,3.828800746535222e-05,5.759080174656124e-17,2.3083813096386526e-08
2.449398339980249e-08,1.0892915485511301e-05,0.0004114748015336474,0.09360916171470905,1.6825506692995366e-07,0.9059296333729542,3.891554023756707e-22,3.862580215385006e-05,4.2710367948426857e-17,1.8644113493394754e-08
3.45427064787486e-08,1.2462963734913628e-05,0.0006717981221091792,0.07929290665034781,2.2386118023595525e-07,0.9199712484223456,6.352898525625194e-22,5.129750195362193e-05,6.972397965253702e-17,2.7935622205998795e-08
6.582309631265005e-08,1.7211960278640668e-05,0.0030853282158744186,0.09194128976737931,3.6730658311498e-07,0.9048693957334695,3.0522132717852293e-21,8.62606950618716e-05,3.3498481866569566e-16,8.0498256470648e-08
2.5379037872165358e-08,7.991665066261686e-06,0.0005868780870567222,0.1078201733334513,1.5234542232371881e-07,0.891548466454241,5.744991229775455e-22,3.628955030775804e-05,6.305210920512288e-17,2.3185416523705886e-08
6.582062092906883e-08,1.6869869623478666e-05,0.002603313557954623,0.06816272803420347,3.8531572409653726e-07,0.929131700447941,2.474568128070719e-21,8.485527999463661e-05,2.715874291440209e-16,8.167393744400496e-08
4.968634703581632e-08,1.026180908207909e-05,0.001294900438155162,0.16694088966156329,2.422109187840008e-07,0.8316900819063823,1.567488865919499e-21,6.352827546912385e-05,1.7203416889464398e-16,4.601208208381956e-08
3.4913535565045903e-08,1.13042768384047e-05,0.0005577577108564193,0.07672753563302889,2.3330871057451195e-07,0.9226509527752047,5.274486622331968e-22,5.215709681431895e-05,5.788825312573412e-17,2.4285011128065362e-08
5.05097158251784e-08,1.6990871300045796e-05,0.0017958314994561929,0.08579170283242386,3.1671412815227675e-07,0.9123215235254556,1.7013256004416447e-21,7.352416614027241e-05,1.8672294397667666e-16,5.98813797128741e-08
4.213725093493052e-08,1.5541769759515707e-05,0.0012769085883769353,0.08007609732256091,2.7908466148139005e-07,0.918566312658934,1.2094466307819251e-21,6.477124548544644e-05,1.327385160275324e-16,4.719297082771515e-08
3.4977604642587996e-08,1.073275077565155e-05,0.0007274352235274248,0.07606726226345892,2.142561965433752e-07,0.9231449326726154,6.875756761236488e-22,4.936035577641563e-05,7.546242436930818e-17,2.75000449717273e-08
2.3969959770173812e-08,1.0274813316189267e-05,0.00045658380188449553,0.11763483936624242,1.641424653244545e-07,0.8818600497318535,4.324578811317107e-22,3.804373789808578e-05,4.7462877586986513e-17,2.043638022103123e-08
2.9403793902992708e-08,8.817478886590471e-06,0.0004729517122019931,0.06077609151146802,1.883230664686121e-07,0.9386995883685179,4.474520177278537e-22,4.2313774772262744e-05,4.9108505753459936e-17,1.9427292795223975e-08
1.68789320317862e-08,6.228958949605911e-06,0.00023412960541750288,0.058115372720111275,1.1607992794710262e-07,0.9416178641957313,2.2134305673696972e-22,2.626116561601267e-05,2.42927204359778e-17,1.0395314168107622e-08
5.6200315507325644e-08,1.6681336605866534e-05,0.0019476072673717101,0.08759674905949809,3.314250614505221e-07,0.9103617402743576,1.8439147695036832e-21,7.677401110836106e-05,2.0237231139796962e-16,6.042568128489006e-08
6.093502616737898e-08,1.7953586796538086e-05,0.002122740292696617,0.08363098142325771,3.6328510463442974e-07,0.9141441557891624,2.0088936383484445e-21,8.367894747137747e-05,2.2047898073719993e-16,6.574048431204941e-08
4.4480736621692446e-08,1.5284266809193508e-05,0.0014597547529598888,0.08666889350412181,2.828685282701985e-07,0.9117898136500644,1.3828040133087907e-21,6.587666939207254e-05,1.5176473935317775e-16,4.9807387550901777e-08
2.6677182455062025e-08,9.068325127587639e-06,0.00047546316552986854,0.09399111558988958,1.7134140188438707e-07,0.9054850183810126,4.498700833821534e-22,3.911637048493911e-05,4.9373891954047934e-17,2.014937105179357e-08
2.9747276115820513e-08,1.2607865612401471e-05,0.0005197422120247075,0.12885518462963286,2.0108718294835982e-07,0.8705658336841529,4.921276837103869e-22,4.637740883998659e-05,5.4011724674824835e-17,2.3365278256927202e-08
4.36323180219897e-08,1.1454810209082202e-05,0.0008676798077029692,0.12437850762406923,2.458810183468492e-07,0.8746810902213966,8.94898272924795e-22,6.094419543696739e-05,9.821637906078404e-17,3.382784867695251e-08
5.1519882212004065e-08,1.612888733559482e-05,0.0021294239691019103,0.08914409449095724,3.1576962100109985e-07,0.9086344445050424,2.1505084019214065e-21,7.547165560600282e-05,2.3602140575264137e-16,6.920245333043608e-08
1.8571091420640417e-08,8.12649252556719e-06,0.00025074766370562215,0.0904900217947178,1.336681481382843e-07,0.90922060671373,2.370601717956221e-22,3.0333570408171603e-05,2.6017696533281187e-17,1.1525673483415074e-08
3.7439189660555255e-08,1.375284963137351e-05,0.0009622035245830125,0.0827356180918723,2.456548683504219e-07,0.9162310888871507,9.105154323767814e-22,5.701702093907773e-05,9.993038488540723e-17,3.653176544565077e-08
5.47012441099431e-08,1.853400175769084e-05,0.0015380075106750403,0.11081327565226819,3.372586187603541e-07,0.8875520448581564,1.4573224621132362e-21,7.769044831394858e-05,1.5994324682814955e-16,5.556896590519396e-08
1.3146667466006244e-08,4.7642137544792535e-06,0.00018018922918205252,0.14698704495257556,8.489100599729749e-08,0.8528081686414621,1.7170481489891742e-22,1.9726907438482392e-05,1.8844851640343583e-17,8.017913883160173e-09
6.786786752709983e-08,1.010171058792774e-05,0.0020018683225925026,0.2032335355516857,2.774029060325539e-07,0.7946752976544227,3.6432672519685945e-21,7.879163619294788e-05,3.9985384737352023e-16,5.98537442504229e-08
3.4667796637202085e-08,8.055638475713456e-06,0.0006323722560339186,0.12210188738647963,1.8880863537292858e-07,0.8772102309671368,6.606279698348333e-22,4.720529593548291e-05,7.250487465037209e-17,2.497950657156962e-08
1.8714017986321087e-08,8.034372611873288e-06,0.0002678059682310386,0.07862280974334278,1.3151525600215543e-07,0.9210711932210942,2.5320682318188936e-22,2.9994209528110148e-05,2.778981486349559e-17,1.225591793318721e-08
2.659510372496514e-08,1.0992578253212777e-05,0.0005076703369059873,0.07693105082900918,1.8181824312004506e-07,0.9225081498467386,4.801921848907504e-22,4.19059682295393e-05,5.2701786426496957e-17,2.2027516416535127e-08
2.5506590483941335e-08,1.120064281432162e-05,0.000505565824462899,0.07873501030872046,1.7777527341648809e-07,0.9207068856443109,4.782965392497769e-22,4.111213899066858e-05,5.249373657722035e-17,2.2158836855336028e-08
3.134111669064584e-08,1.1063781063192444e-05,0.0006468237191720303,0.07975139691258999,1.9672050544507514e-07,0.9195454042593562,6.117002896533718e-22,4.5056876096405726e-05,6.713499102351212e-17,2.6390100169429015e-08
1.9119898410359136e-08,7.589251348876876e-06,0.00028351106565782517,0.07492787206698057,1.3450843324263826e-07,0.9247502667216937,2.6808197309303944e-22,3.0594698006117294e-05,2.9422384068745826e-17,1.2567981459179195e-08
1.8278235621406186e-08,7.762359274876811e-06,0.0002647302132353954,0.10788614565090629,1.2743537818150664e-07,0.8918122686522008,2.5024689191917255e-22,2.8935037099158164e-05,2.746495812861978e-17,1.237366971064197e-08
5.3069572960832486e-08,1.4256171581769748e-05,0.00128014059684373,0.06545046484627243,3.2525905070306645e-07,0.9331830619366177,1.2129965021195143e-21,7.164985772687793e-05,1.331281195394688e-16,4.826233376319694e-08
4.704415513224555e-08,1.536885256821467e-05,0.0009009865247717144,0.07956475447067204,3.107962567264819e-07,0.9194490562143194,8.526989727932833e-22,6.943920909323799e-05,9.358494487097363e-17,3.68881634957942e-08
3.4301272284787596e-08,1.4455930186638886e-05,0.0007139560052336928,0.11866250835777155,2.3317992241175186e-07,0.8805549187100444,6.751369665562163e-22,5.386284451045533e-05,7.409725801356612e-17,3.0671058599324305e-08
3.380073961171341e-08,6.315627842981433e-06,0.0005646621104446018,0.22922198981963493,1.6043564004915685e-07,0.770164208568166,6.35910334670397e-22,4.260804625425484e-05,6.979207846044655e-17,2.1591277734431666e-08
2.7313583051461253e-08,1.194960681805504e-05,0.0006210982697584255,0.11388523016418402,1.88263469050461e-07,0.8854374237403256,5.90361971519629e-22,4.405545866410548e-05,6.479307976303486e-17,2.718319771755551e-08
1.9146784956968225e-08,6.551426621310533e-06,0.00034183041466805705,0.09288723487616395,1.1796575270287122e-07,0.9067370355203126,3.2467712406060375e-22,2.719618114500298e-05,3.563378369761053e-17,1.446855144961977e-08
1.2464208967217595e-08,3.8402737447479275e-06,0.00018105559091350845,0.08564438615543477,7.560939934254213e-08,0.9141529056750264,1.73412228374821e-22,1.771660088468554e-05,1.903224273749229e-17,7.630387540830866e-09
3.425431639253006e-08,1.4607423176556865e-05,0.0007538760045945719,0.11101195582202955,2.3084013396654093e-07,0.8881662871920878,7.132515481119346e-22,5.297512595978681e-05,7.828038843503957e-17,3.333770124668448e-08
1.8521152558538892e-08,7.812244889489859e-06,0.00029706206185017544,0.08906572629981026,1.2525418185643998e-07,0.9106007344713634,2.8087209979508404e-22,2.8507463091232574e-05,3.082611896281017e-17,1.368366101335619e-08
3.2448651441034226e-08,1.5232681321293477e-05,0.0007291139323257341,0.11000638912595746,2.2660889077693945e-07,0.8891965316875583,6.900807063817308e-22,5.244152389506173e-05,7.573735506102007e-17,3.1991399965679006e-08
6.44651095418798e-08,1.883113448135741e-05,0.002573383495779453,0.08657327808985506,3.8104597617954404e-07,0.9107462175421938,2.436516314502818e-21,8.776920232500033e-05,2.6741118758916606e-16,7.502427935439574e-08
2.0791045495498672e-08,9.175586824826453e-06,0.00034513075839591033,0.10016193008990194,1.4765330482089269e-07,0.8994496961374117,3.2638806730037603e-22,3.388350878694632e-05,3.5821562191395147e-17,1.5474328261872222e-08
1.6965992382263278e-08,5.897067883096177e-06,0.00030705154370935523,0.08517606254518043,1.0980519251960265e-07,0.9144849912806985,2.9423271435732434e-22,2.5857942284804634e-05,3.229246572427722e-17,1.2849058941550227e-08
4.673805344396144e-08,1.3453169425032326e-05,0.0010734037933562259,0.06475320760669541,2.935129654671554e-07,0.9340941357488737,1.0170065738751823e-21,6.541859678992133e-05,1.1161794160372592e-16,4.083384073029199e-08
5.0804601464733156e-08,1.5049531989678895e-05,0.0012344332892707816,0.06602468175522742,3.248355407452793e-07,0.9326536065410541,1.1698518114232905e-21,7.180455431838616e-05,1.2839292736861733e-16,4.8687997338902456e-08
2.1858806421368674e-08,1.1577948536684032e-05,0.00041992029807051803,0.09427269299259798,1.6369440509188076e-07,0.9052577249638609,3.97408641871755e-22,3.787835748837196e-05,4.3616172913683915e-17,1.9886233779914184e-08
3.909855306912437e-08,1.5470370899824545e-05,0.0010192828674729932,0.0742627799803802,2.756566277118717e-07,0.9246392510279626,9.656922486531594e-22,6.28583382231704e-05,1.0598612023391596e-16,4.2659880365378555e-08
2.6266694941928376e-08,8.996235855827373e-06,0.000395213619687534,0.06060204591039273,1.75613909957941e-07,0.9389538931277396,3.7369908167977e-22,3.963225646024074e-05,4.1014014409589127e-17,1.6969259275402474e-08
3.27964326766016e-08,9.197758138383151e-06,0.0005430698964191354,0.05870204056839196,2.0546702616933698e-07,0.9406994627016527,5.160200101427167e-22,4.5968221251446225e-05,5.663394203871179e-17,2.2590687440887557e-08
3.563130371523792e-08,1.7772057582466944e-05,0.001278749070360052,0.08231393802596836,2.64620263903003e-07,0.9163271454149498,1.213631251234209e-21,6.204207603567332e-05,1.3319778417268206e-16,5.3103535917524456e-08
3.2590156764988694e-08,1.0452652312413287e-05,0.0005334584078263721,0.06257124666248291,2.190561628629376e-07,0.9368358794289812,5.047047690208492e-22,4.8688077398062676e-05,5.539207796889078e-17,2.3124679386414853e-08
3.546306455664959e-08,1.1846952479185526e-05,0.0005809160656095506,0.0676059223774472,2.3978811705189136e-07,0.9317476396303056,5.496358270360088e-22,5.337468235209416e-05,6.032332653544857e-17,2.5040624546511803e-08
2.9080437220640664e-08,9.688652326729144e-06,0.0005125514121934264,0.061417156563770836,1.9656882546736643e-07,0.9380161674205071,4.850718896427561e-22,4.418848038176652e-05,5.323734107715128e-17,2.182155750310126e-08
4.542724059390999e-08,1.594695104473514e-05,0.0012540372962917968,0.07441668640367924,3.05000857555025e-07,0.9242438283408083,1.1887521933195829e-21,6.910111717140375e-05,1.3046727160210294e-16,4.946290605929646e-08
3.2203127737566675e-08,1.4092246104404769e-05,0.0006341871798093399,0.08071674518196727,2.2986169417958578e-07,0.918581923982195,6.003991403934273e-22,5.276086705222626e-05,6.589467355683234e-17,2.847804991331274e-08
1.0953673225410192e-06,0.0002445501515738181,0.9984296111359281,3.75375987049083e-18,5.703471623405859e-06,4.3909216114191764e-26,3.694476601315016e-21,0.0013180549061174779,5.586901003567394e-93,9.849674345425586e-07
5.689650003433738e-08,1.7893415921033955e-05,0.002590181035560289,0.10271470367048179,3.4214646030572087e-07,0.8945973832317622,2.464140792907808e-21,7.935875340642467e-05,2.7044301403049065e-16,8.084990773216969e-08
3.7809472418502445e-08,1.325832994226848e-05,0.000927920429842849,0.10533919507742412,2.4116078410853754e-07,0.8936637177506298,8.79023401677342e-22,5.559285687161812e-05,9.64740889932803e-17,3.658503275678943e-08
4.6996842681571007e-08,1.4137353747320448e-05,0.0011341835364709358,0.08069281681450637,2.8279621486208207e-07,0.9180933744749319,1.072620570116375e-21,6.511770263634913e-05,1.1772165808123907e-16,4.032464934441216e-08
2.143006084303993e-08,5.697225216074666e-06,0.0003306202709251353,0.1426095617602386,1.2205120480748682e-07,0.8570237911305821,3.328325093745109e-22,3.0172070195078237e-05,3.652884902486309e-17,1.4061577280776996e-08
2.1868281770753062e-08,5.870121373117913e-06,0.0003147705013300896,0.09220621951849176,1.3079313175657157e-07,0.9074419692743749,3.078159962047665e-22,3.100451998090428e-05,3.378325054225462e-17,1.3403035396877961e-08
4.221745606603922e-08,1.1974703496604066e-05,0.0008334850317590434,0.09955278036102377,2.5328332594256635e-07,0.8995413412015445,8.23041582706458e-22,6.0088934834654685e-05,9.033000343826765e-17,3.4266559454771586e-08
1.634168427955958e-08,5.810104072531297e-06,0.0002300693453502869,0.1294345665163647,1.0556699615560666e-07,0.870305076064025,2.1840639040749626e-22,2.4345971231459564e-05,2.397041706114191e-17,1.0090275530325343e-08
2.325431032291061e-08,1.1822033065930503e-05,0.00042349418599160765,0.10703723198694608,1.710522308511648e-07,0.8924878373910362,4.0064927708149084e-22,3.9400095684531474e-05,4.397183731226331e-17,2.0000734543035634e-08
5.819760987049082e-08,1.1163415320699381e-05,0.0016291357032325207,0.18331269192912408,2.72731503643913e-07,0.8149731213321687,2.1782160545088197e-21,7.350154905473892e-05,2.3906236067056747e-16,5.514198560909821e-08
1.0255591658711273e-08,3.237118011727305e-06,0.00014192570616709672,0.06508478466905167,6.43122351460005e-08,0.9347551068958447,1.3524355761757692e-22,1.4864818561814819e-05,1.4843175947759314e-17,6.224536055006429e-09
3.273886161303656e-08,1.3106871563792696e-05,0.0008244624066765419,0.09611902163286813,2.2539355288101207e-07,0.9029908783763356,7.813176013597143e-22,5.2238223094536955e-05,8.575073617193327e-17,3.4357046795287284e-08
4.278973515679022e-08,1.4238348885870384e-05,0.0009926744625074393,0.07595256085272517,2.737603075883306e-07,0.9229774380520079,9.391469298701207e-22,6.273357463973807e-05,1.030727331237781e-16,3.8159190856246765e-08
4.463536093967704e-08,1.4497019048157303e-05,0.001342953007414243,0.0842590491934988,2.814720881277479e-07,0.9143181905375687,1.2723424782371142e-21,6.493677562850606e-05,1.396414262030087e-16,4.735939242015135e-08
5.569502140146777e-08,1.6186402645412553e-05,0.001747149855490753,0.08555207643856083,3.2803077300650977e-07,0.9126085449733582,1.6537884183891485e-21,7.560235086734181e-05,1.8150566952847292e-16,5.625328292109867e-08
3.241411628773457e-08,1.7633890838801427e-05,0.0012270723056366254,0.08748524000097618,2.4383534579223547e-07,0.9112121079906704,1.1646567720902737e-21,5.761784733776052e-05,1.2782276429171317e-16,5.1715077987923185e-08
3.754055609390779e-08,1.3748425926451568e-05,0.001009487165504452,0.09561818891331585,2.4827037570422544e-07,0.9033008267560837,9.568179844515994e-22,5.742261170263667e-05,1.050121569084677e-16,4.031653487729487e-08
3.454209200563887e-08,1.2451844042316514e-05,0.0007201085699117645,0.10815622417945467,2.214438322005823e-07,0.8910602268064194,6.8156434125951175e-22,5.070250522473928e-05,7.480267167824079e-17,3.010902283192119e-08
2.5794342611360865e-08,1.2270125470456483e-05,0.0006020764616976831,0.07465881405051765,1.948414079812986e-07,0.9246815756301353,5.703625304907037e-22,4.501607042133301e-05,6.259811220111392e-17,2.7026007166609272e-08
5.946426075863944e-08,1.2084614319574807e-05,0.0014718346613343091,0.16777180903769345,2.8784441014182426e-07,0.8306678608684034,1.7812726229400317e-21,7.601313446401911e-05,1.9549724525966915e-16,5.037511419158818e-08
2.1531784075255494e-08,1.0381098123576692e-05,0.00032710681326216613,0.10509019958500175,1.565183062292042e-07,0.8945363223363604,3.093190484569996e-22,3.579689131542352e-05,3.394821269960397e-17,1.5225846245662352e-08
3.373953485561477e-08,1.1082674867331713e-05,0.000735608759746525,0.09325871596107767,2.1051048754834352e-07,0.9059460613162479,6.964878290628818e-22,4.825755858266785e-05,7.644054603724586e-17,2.9479455556713147e-08
3.2711811069255834e-08,1.4520098471704515e-05,0.0006449381149678255,0.11638965110535096,2.2656256020355976e-07,0.8828984715505434,6.100507883119523e-22,5.213165731370389e-05,6.69539558666222e-17,2.8198981155777727e-08
3.2099545785749253e-08,1.257553081545007e-05,0.0005782737932419806,0.10587709477801788,2.1579904247086147e-07,0.8934825753159351,5.467362804246664e-22,4.920666789010368e-05,6.000509710280818e-17,2.6015510957384567e-08
3.594495496766636e-08,1.4434581574240796e-05,0.00109508370909382,0.08798815622398423,2.4061019011482986e-07,0.9108460152611096,1.0370574858934152e-21,5.5991514997394264e-05,1.1381855817975016e-16,4.215409518811693e-08
3.7879984138721286e-08,1.3385438304454615e-05,0.0008023660047768287,0.10103801581209637,2.4840593264036363e-07,0.8980890588535421,7.588208449075095e-22,5.685409637866432e-05,8.328168463032965e-17,3.350898488270301e-08
4.2629714738409206e-05,0.006149312938962979,0.9460211385470669,8.056275297753269e-17,0.00021007483542121008,9.423744334456276e-25,5.351561782493868e-20,0.04752824012104202,1.1990541243691123e-91,4.8603842768326157e-05
2.0130015696282646e-08,6.995084549973844e-06,0.00031258980952517844,0.08701902711300963,1.3198775035123502e-07,0.9126311901287143,2.9566005027430315e-22,3.003214191578295e-05,3.244911790445504e-17,1.3604519066959067e-08
6.392235133689158e-08,1.1406695329138157e-05,0.0018014057916807414,0.18843208233841038,2.889124218981902e-07,0.8096757165714652,2.565108360494053e-21,7.897734640090674e-05,2.815243505182083e-16,5.8421939981874255e-08
2.8335126604987488e-08,8.542064405557771e-06,0.00042125587678961237,0.07002735827854964,1.8331033881839971e-07,0.9295013026174006,4.001259853684842e-22,4.131137937834039e-05,4.3914405290508915e-17,1.813801080501132e-08
8.599248409106389e-08,1.174117567072787e-05,0.003238633786376711,0.19289729672094202,3.3446942977487474e-07,0.8037536182856826,1.2284612459955539e-20,9.820556996012692e-05,1.3482539753388679e-15,8.399945258833975e-08
4.563342327411806e-08,1.3414118955319286e-05,0.0008755502112879419,0.06545194284618452,2.9405932527065605e-07,0.9335939458141903,8.289946552185363e-22,6.477151981375234e-05,9.098336175243972e-17,3.5796819807591875e-08
3.75189940729798e-08,1.284430531282126e-05,0.0007384527692330686,0.07059338908083575,2.476954122635585e-07,0.9285987844120117,6.986565428179412e-22,5.621366587105076e-05,7.667856550736869e-17,3.0552329354988825e-08
3.296297470370635e-08,1.1929991262950235e-05,0.0005362129475790976,0.06771003408332431,2.2962553120510076e-07,0.9316902381884995,5.073809197965879e-22,5.129835896894931e-05,5.568578938505007e-17,2.384185921240657e-08
3.5419249856149706e-08,2.252400308063962e-05,0.0030354993221145855,0.09829406898317569,2.788036152580619e-07,0.8985806339711212,2.905138529952383e-21,6.6841568324768e-05,3.188431531591376e-16,1.1792931776115242e-07
3.863985067234082e-08,1.7384875423045285e-05,0.0008049549984813118,0.10622292300505373,2.6811151466520634e-07,0.8928925028108725,7.620676910212786e-22,6.189184578872402e-05,8.363803068551205e-17,3.571301524328436e-08
4.7556079277915124e-08,1.4327755095479567e-05,0.0014184211574373177,0.08869538726432687,2.860556153688081e-07,0.9098053955515208,1.345289303590768e-21,6.60859497089397e-05,1.4764744573398625e-16,4.871021565324146e-08
2.8758530587271072e-08,9.564372520740638e-06,0.00043920184179087004,0.05982667466492766,1.9357020738296463e-07,0.9396810785820365,4.154215277132046e-22,4.3239171299640966e-05,4.55931131731229e-17,1.9038686506903583e-08
3.922628437815067e-08,1.2318100394715664e-05,0.0007583852445631591,0.0689193788702899,2.4978581631468257e-07,0.930252977575747,7.173222094986885e-22,5.662112940039524e-05,7.872714940728669e-17,3.006750410181737e-08
2.6637535836712103e-08,6.847798302521666e-06,0.0004385020828276889,0.06731959990249103,1.5535396041741243e-07,0.9321985242182323,4.255369037024006e-22,3.632652684920992e-05,4.6703290309948613e-17,1.7479800883114123e-08
3.572285890760383e-08,1.1309400658113621e-05,0.0007952803006962638,0.08513142902435343,2.2431712967996507e-07,0.9140101532924024,7.533592491004626e-22,5.153728576634621e-05,8.268226659641677e-17,3.0656134656660264e-08
2.3367598388496633e-08,9.190563950950072e-06,0.00040762519616836676,0.07649031314764032,1.556786342129405e-07,0.9230570633813362,3.8543461833114896e-22,3.5610737115929905e-05,4.2302006521000796e-17,1.79275556268856e-08
2.2638849992153828e-08,8.761328207579644e-06,0.0003582063393235318,0.1392285131183454,1.4784523766097705e-07,0.8603702030233327,3.400589999776316e-22,3.412972942031013e-05,3.732196681446926e-17,1.5977282849779288e-08
4.951868885056115e-08,1.3905272500139913e-05,0.0011061805876477185,0.07128966383872545,3.058066062528194e-07,0.9275214973556941,1.0470550580399114e-21,6.835550886485785e-05,1.1491580617584697e-16,4.2111272565332824e-08
2.302820300558326e-08,1.0296847841701957e-05,0.0005000351794323349,0.08967346560867702,1.557834109755099e-07,0.9097800774519678,4.72969913414618e-22,3.59236124622191e-05,5.1909131691875664e-17,2.2488004999906563e-08
5.065216099717435e-08,1.0517577567451965e-05,0.0010846864345522061,0.13425163395770315,2.568123909267146e-07,0.8645866626895958,1.2227881244575628e-21,6.61515225520464e-05,1.3420276424350055e-16,4.0353477132520635e-08
2.7578372652889356e-08,1.1440952531609331e-05,0.0005360127219622033,0.08584293162823935,1.8642515880753418e-07,0.9135666618774786,5.07026551449275e-22,4.271490226686868e-05,5.56468969461886e-17,2.3913989964946496e-08
2.0496447164988807e-08,5.8604616582397015e-06,0.00030976444963210187,0.09418785902489939,1.2393691153560588e-07,0.9054671186601501,3.0049103058777814e-22,2.923962731140301e-05,3.297932497724271e-17,1.3342990060660408e-08
2.382933578691195e-08,1.2101297039746818e-05,0.000596622836551211,0.08679565307760749,1.7471453803733775e-07,0.9125542620801906,5.658695679017096e-22,4.1135659474933265e-05,6.210500306207464e-17,2.650526219913159e-08
2.3726689226148345e-08,7.371487644898655e-06,0.00037824726167691447,0.06157609839083396,1.513837611882288e-07,0.9380034506303859,3.592092499632041e-22,3.464142671702452e-05,3.9423734433089456e-17,1.569229089556234e-08
2.70727872796682e-08,1.0593266694276045e-05,0.00046325646635194507,0.10033047847932869,1.8136638076181e-07,0.8991541739220432,4.379716070606558e-22,4.1268463562924455e-05,4.8068016977955984e-17,2.096285088081425e-08
2.1701583830185105e-08,6.6600596062052795e-06,0.00036671923232511054,0.1341410192731516,1.322407954452338e-07,0.8654541013850824,3.5576216778258444e-22,3.133040625780117e-05,3.904541218054214e-17,1.5701197742100626e-08
6.16583654909929e-08,9.551008373679661e-06,0.001623883288549206,0.20195054422464856,2.5991724971170566e-07,0.79634268657277,2.523328388144829e-21,7.296182956043533e-05,2.769389381578034e-16,5.1500482552140484e-08
1.3656919645614541e-08,5.4429752800171875e-06,0.00020207291923501425,0.08078600488488231,9.264483804314644e-08,0.9189852964066297,1.910301957468525e-22,2.1067326661381437e-05,2.0965840123912532e-17,9.1855539448384e-09
4.443277995409115e-08,1.5631809969684893e-05,0.0009764373227901065,0.13225563145972863,2.757608034187405e-07,0.8666871747165802,9.41200258878335e-22,6.476416750767363e-05,1.0329808894949374e-16,4.03298404121116e-08
4.37630986792646e-08,2.143319774425412e-05,0.0017204455904805138,0.10473328635276677,3.147913207707306e-07,0.8934504490957098,1.6330413030185162e-21,7.395996709309984e-05,1.792286436266813e-16,6.724178577516302e-08
2.2892587670837934e-08,1.0816584437641731e-05,0.0003908276715096165,0.10931120109938115,1.6273778034652974e-07,0.8902496926161438,3.696271528139184e-22,3.725799926039251e-05,4.056711433022543e-17,1.8398899121289618e-08
3.1438376795419174e-08,1.0487054066661046e-05,0.00054419081282915,0.06443520974167222,2.1058913526259572e-07,0.9349624693907339,5.148644315970519e-22,4.737826151823278e-05,5.650711562261242e-17,2.271166777013147e-08
3.023139790582835e-08,1.3757770405245641e-05,0.0007443594081360213,0.08377399344321926,2.1173467939429184e-07,0.9154183713006724,7.047048966936999e-22,4.924415340949125e-05,7.734238108825951e-17,3.195808035046848e-08
2.9580872110178705e-08,1.1559610058761519e-05,0.0005947439173631237,0.09790149572718419,2.0340899183374235e-07,0.9014451611176657,5.630293741347751e-22,4.678100989898505e-05,6.179328769017156e-17,2.5627965105911645e-08
2.068656906234138e-08,8.386273710055188e-06,0.00034735095206573805,0.09213618809218994,1.4049208766320328e-07,0.9074758528785806,3.284264055931682e-22,3.2044909809717426e-05,3.604527276549854e-17,1.5714987250898056e-08
6.3702593089101e-08,1.1870539104408147e-05,0.0019617470010802164,0.1777067886583449,2.9298944837796525e-07,0.8202400916431978,2.79439798773854e-21,7.90824623056013e-05,3.066892185547973e-16,6.300392527736996e-08
1.685790184218665e-08,7.380806527672045e-06,0.00031226310205931777,0.08263796463670087,1.1554076949677112e-07,0.9170155058057914,2.95224372865558e-22,2.6739356427020113e-05,3.240130167913912e-17,1.3893822261501687e-08
1.6529340696720602e-08,5.078890948556389e-06,0.0002472432854249348,0.09216847308689316,1.0416101812729995e-07,0.9075548376560356,2.36818075182722e-22,2.4235693223572686e-05,2.5991126080005148e-17,1.0697115189880817e-08
7.821942537902502e-08,1.1530879876201029e-05,0.0025785681744154615,0.1871818028065956,3.1986627755377014e-07,0.8101365292722563,5.3790436431060574e-21,9.109829125136569e-05,5.903578154298134e-16,7.248990155571072e-08
2.655380714344834e-08,1.1057268911587026e-05,0.0004025580587285385,0.11086725516612878,1.798457123627027e-07,0.8886779101302996,3.8056666637273803e-22,4.099517284916364e-05,4.176774175660441e-17,1.780356262448176e-08
1.4012635832339401e-08,5.560632810947135e-06,0.0002268061076146141,0.07715908813212424,9.212304633122998e-08,0.9225872890129485,2.143294965353129e-22,2.113988835067783e-05,2.352297206544747e-17,1.0090468910223461e-08
3.9287232674672854e-08,8.232248225667453e-06,0.0008266376284509299,0.21454720348089798,1.9292929189957092e-07,0.7845670140221065,9.472338073878202e-22,5.0649525205615295e-05,1.0396027961973961e-16,3.0878588515603595e-08
3.630269261005148e-08,7.657175886001515e-06,0.0006478394953393088,0.17088863639188928,1.8537923030198625e-07,0.8284081714164736,6.960821934125467e-22,4.7448959088286156e-05,7.639602693817025e-17,2.4879400668275474e-08
1.4755111300874576e-08,4.283859597404185e-06,0.0002192709815381712,0.21456366797486873,8.73730649973062e-08,0.7851914432471481,2.162676190234428e-22,2.1222407667004613e-05,2.3735683810072074e-17,9.40100433580328e-09
3.32762624622214e-08,1.0261256137420395e-05,0.0006870509330756328,0.0982622112893914,2.0135492060624956e-07,0.900993681335098,6.550255553665495e-22,4.6532799293999424e-05,7.189000156348719e-17,2.775582054337633e-08
3.650715984129735e-08,1.4795123820937967e-05,0.0006670893385231358,0.11914556499881526,2.4222507406904186e-07,0.8801168958617563,6.307940249376866e-22,5.534730649428594e-05,6.923055607126924e-17,2.8638356227628507e-08
2.577868217129809e-08,1.1641406348155591e-05,0.00045112027305722094,0.1107070327943384,1.764657212560847e-07,0.8887897159271245,4.266375994471611e-22,4.0266493584596274e-05,4.6824093258730004e-17,2.0861143799588425e-08
5.965451357822958e-08,1.3624820605149013e-05,0.001840577196199809,0.07894479741938612,3.22317831661588e-07,0.9191249407442202,1.877836923922253e-21,7.561923426189703e-05,2.06095316884401e-16,5.861298133075221e-08
8.503606122305042e-09,3.4726122448541315e-06,0.00012289942672097262,0.10833768119599495,5.6999316689006736e-08,0.891522690248872,1.1667886668680375e-22,1.3185341090774022e-05,1.2805674282203264e-17,5.672153655754376e-09
4.100246206424275e-08,1.417493789255459e-05,0.0011466336713851911,0.07686226373223966,2.68961493590769e-07,0.9219145880816668,1.0858803013394787e-21,6.198748160210588e-05,1.1917693275094546e-16,4.213125769061273e-08
4.498899583005202e-08,1.636861064736729e-05,0.0012646146138936458,0.1214064567427334,2.8239646768794865e-07,0.8772447092901601,1.2396818735310868e-21,6.747216832545155e-05,1.36056877625041e-16,5.1188776383950755e-08
4.498899583005202e-08,1.636861064736729e-05,0.0012646146138936458,0.1214064567427334,2.8239646768794865e-07,0.8772447092901601,1.2396818735310868e-21,6.747216832545155e-05,1.36056877625041e-16,5.1188776383950755e-08
1.0498899315430132e-08,4.165867990068078e-06,0.00014237115978057643,0.07024046703110472,7.147529395418498e-08,0.9295966598738539,1.3457699839510093e-22,1.6247650479056234e-05,1.4770020109533075e-17,6.442598289649807e-09
3.9017746081807876e-08,7.390534735790462e-06,0.0008099007873245172,0.22464929749044438,1.8219850104709659e-07,0.774484693100952,9.616952775951596e-22,4.846703232627221e-05,1.0554744687956765e-16,2.983796965621877e-08
1.7123571193852146e-08,7.011568685958076e-06,0.0003052880945261037,0.08495764766366322,1.1574150667234552e-07,0.9147031624728733,2.8854940751423295e-22,2.674397987758026e-05,3.166871458278978e-17,1.335529580611754e-08
3.302498776186936e-08,1.2660214444541108e-05,0.0007469574849038,0.10816545281444453,2.171747924991722e-07,0.8910247494428849,7.069222756026526e-22,4.989856873364975e-05,7.758574162791416e-17,3.127480818586803e-08
2.3912359872645524e-08,9.00692573122541e-06,0.00038406574652569733,0.10596799685661173,1.593839373508071e-07,0.8936023782603953,3.63269120786458e-22,3.635206294578735e-05,3.986931112440647e-17,1.6851493064204073e-08
4.821910675083424e-08,1.5181027790476469e-05,0.0012533629987091593,0.10268960036427505,2.9985866476507225e-07,0.8959725344386469,1.1874620628142015e-21,6.892582835847362e-05,1.3032567791269983e-16,4.7264448293205414e-08
5.327640810473416e-08,9.643315330150196e-06,0.0012445514602521513,0.15651642530742704,2.493834582294616e-07,0.8421633502386362,1.5071377412646099e-21,6.568476388951764e-05,1.6541054572518796e-16,4.2254598345044715e-08
5.81664119093275e-08,1.2379507740897293e-05,0.0020025277696552675,0.14433664955437545,2.8911648742271084e-07,0.8535743088158355,2.428564499305325e-21,7.372486597949773e-05,2.6653846437626057e-16,6.220351390503662e-08
2.6384460609422793e-08,7.941031385287341e-06,0.0004258363761677644,0.16153399953151015,1.5855203068837458e-07,0.8379941069928953,4.1630187848582015e-22,3.791279303187503e-05,4.5689732942491836e-17,1.8338518007524447e-08
2.1251997995620115e-08,7.866605741632152e-06,0.00036735727200984375,0.07839778537979869,1.4151247217084495e-07,0.9211944936421496,3.4747740841391635e-22,3.2318291771501475e-05,3.813614786413287e-17,1.6044058584537847e-08
2.2386475075412828e-08,8.580544842049308e-06,0.0003463518148405881,0.077385110322084,1.4894833596384627e-07,0.9222256449695516,3.2741298784102147e-22,3.4126121834893436e-05,3.593404870238855e-17,1.4892035967200994e-08
4.4609046060482163e-08,1.6080473286136633e-05,0.001043374082187507,0.12074870358898536,2.816304241951755e-07,0.87812637655504,9.908920831273954e-22,6.509577393467756e-05,1.087518384920269e-16,4.328709595673943e-08
4.467445047409755e-08,1.2967858405355023e-05,0.0009268369749169394,0.07697837583477143,2.7956137216443927e-07,0.9220185550646688,8.770552083688477e-22,6.29036726421833e-05,9.625807693301648e-17,3.635877264457587e-08
2.265390703636581e-06,0.00062073588636496,0.9964390643482955,3.447355758089371e-18,1.2469724809530314e-05,4.03250858411081e-26,3.392911540463255e-21,0.002924187359916487,5.130865055042787e-93,1.277289910022069e-06
4.610970312941392e-08,1.3457411977340766e-05,0.000896746053560712,0.1310051680274432,2.732173964486297e-07,0.8680189074873641,8.847462135376993e-22,6.536575418642218e-05,9.71021758672041e-17,3.5938368654191615e-08
3.153702283569315e-08,9.80394760594693e-06,0.00046984227093823706,0.10674683017831148,1.9573169676614027e-07,0.8927278306100268,4.50035996018288e-22,4.5446167816438485e-05,4.939210110565883e-17,1.9556581479054948e-08
3.0768153777234515e-08,1.3792654232277959e-05,0.000500607850024309,0.12025842398837241,2.1547556255669739e-07,0.879177706790145,4.733419652537539e-22,4.919956420903621e-05,5.1949964918792155e-17,2.290930076030251e-08
5.655319713286311e-08,1.70222483985712e-05,0.0014466635257848806,0.0724820355441993,3.615239909361542e-07,0.9259737814169827,1.371173899889981e-21,8.002315422902842e-05,1.5048831759653524e-16,5.603321723621116e-08
5.7895012619939934e-08,2.3486856024265624e-05,0.0018432177628250187,0.11472553681880854,3.7989554070011146e-07,0.8833192178313777,1.746649098143888e-21,8.80297708897893e-05,1.9169726336551372e-16,7.316952124984173e-08
1.8187229851748406e-08,8.355573073912322e-06,0.0002959475536738034,0.09989895558642112,1.2691378164800585e-07,0.8997675687338323,2.7986996561411545e-22,2.9013791704048018e-05,3.0716133287866185e-17,1.366028338758571e-08
2.1426610854782384e-08,9.599533918254e-06,0.00032865371774274364,0.10177756529855732,1.488011164801652e-07,0.8978499701199821,3.107342771330328e-22,3.40262370511522e-05,3.410353609248662e-17,1.4865021054089e-08
