i = 0,i = 1,i = 2,i = 3,i = 4,i = 5,i = 6,i = 7,i = 8,i = 9
2.492349311172473e-10,2.0815899289817357e-07,3.407410908166388e-11,1.160270246733299e-06,0.8230521504423115,5.930909502834409e-29,0.1769463168833643,2.945009214368058e-16,1.6338954542773282e-07,5.722298377134916e-10
2.523023059143183e-10,2.146195098869305e-07,3.531956669119591e-11,1.0622883071987097e-06,0.8398779115377685,6.146305716710729e-29,0.1601206361034845,2.986947719499117e-16,1.7456429335701526e-07,5.990145392873981e-10
3.1503593201768154e-10,2.4610057905474426e-07,4.2057935835326634e-11,1.10947168235433e-06,0.8315784558955278,7.410825018001328e-29,0.16841997839558337,3.521521409015095e-16,2.090444285680297e-07,7.351046327205687e-10
2.3087866160362836e-10,2.2427283940558474e-07,3.571676596334077e-11,1.0357214712206861e-06,0.837850107939858,6.176810706323985e-29,0.16214846011905065,2.948845094768198e-16,1.71083095348158e-07,5.970894678575216e-10
5.203059856818822e-10,4.3965890782778006e-07,7.598427218429646e-11,1.6236903669375958e-06,0.779417732763095,1.430042426417876e-28,0.22057984647994694,5.906996377772798e-16,3.5560233886479686e-07,1.2090535574339205e-09
3.6269342149454213e-60,0.570737296879369,0.00015152949316532053,1.4560921959962023e-69,5.6033617987565684e-83,5.226092432310334e-92,1.2620034030564112e-59,6.822905203060085e-10,0.42775977667578896,0.0013513962693861533
9.126681079447006e-10,6.196628510049748e-07,1.2228400810280077e-10,1.7009732266527225e-06,0.7730277693750257,2.5019689607647836e-28,0.22696933431953278,8.587386981766658e-16,5.726364117814601e-07,1.99799921273839e-09
2.590378825928455e-10,2.155377580010276e-07,3.981817187691164e-11,9.505357909198319e-07,0.8504483292962345,7.462554107629734e-29,0.14955033344909555,3.204913424962875e-16,1.707039842674618e-07,1.7828032890769996e-10
4.1207199385942087e-10,3.338880555453885e-07,5.884354658351035e-11,1.1572360420076155e-06,0.8283218801232215,1.0409519346942337e-28,0.17167636516288692,4.49296145858293e-16,2.6223860429473773e-07,8.802736217718565e-10
3.1200698815498856e-10,2.8908707256426367e-07,5.490758998880939e-11,8.416574758282796e-07,0.8670434253525998,1.0039235782796097e-28,0.13295521319816506,3.976639091720749e-16,2.2993133570917806e-07,4.064359359853735e-10
9.530190444809937e-11,1.050832655709014e-07,1.5567663319361855e-11,6.658111011671049e-07,0.8909365651877676,2.676294484493671e-29,0.10906258652316961,1.380309186252716e-16,7.711344163764433e-08,1.7038465463230417e-10
1.6773807790767152e-10,1.7298140497679566e-07,2.7936416373301012e-11,7.34093686150805e-07,0.8821910907556285,4.9396004535491115e-29,0.11780786695678662,2.3438925295295346e-16,1.3478449293793502e-07,2.323260293755274e-10
1.896416436498453e-10,1.9811191396556742e-07,3.006765946684693e-11,1.0326600965821884e-06,0.8439981131659192,5.201345399622737e-29,0.15600050912317856,2.564131860666425e-16,1.4630872391076502e-07,4.1045819005457924e-10
4.167572016259461e-10,3.510598932196595e-07,5.821303361567796e-11,1.5145916703288514e-06,0.7897592032927286,1.0622283674867394e-28,0.21023864148660892,4.706798680344403e-16,2.8813047645205297e-07,9.636516847307534e-10
2.8588504672692806e-10,2.2031495256917026e-07,3.800520547794647e-11,1.1024232565459173e-06,0.83118742174409,6.66951653834144e-29,0.16881108100984463,3.187278108397508e-16,1.735558950642018e-07,6.280705421691266e-10
1.319545867309005e-10,1.4598504325960002e-07,2.127322416804089e-11,1.0111055161082233e-06,0.8358014276472021,3.6267905013071613e-29,0.16419731023847314,1.8844199032332258e-16,1.0451805815914764e-07,3.5247915309565256e-10
2.1366422905225992e-10,1.6221771663502304e-07,3.0625364350107575e-11,1.1961192083452605e-06,0.8063543251686949,6.419749527059362e-29,0.19364416853505265,2.844154746702421e-16,1.4763547994707016e-07,7.955776415058321e-11
1.6101273888065157e-10,1.5803719870857832e-07,2.3908965357728358e-11,1.0369978580526463e-06,0.837659563995274,4.1301583938840734e-29,0.1623391214074653,2.1513975104099106e-16,1.190759543299308e-07,3.013277594353933e-10
1.629526328945653e-10,1.743274327926837e-07,2.6509783157808414e-11,8.605945779462988e-07,0.8620364079555997,4.5659761775057365e-29,0.13796242736398354,2.2385549149171174e-16,1.29134093478214e-07,4.348500170431577e-10
2.0096634518010677e-10,1.6886917402944112e-07,2.6272232548824297e-11,1.1154713168195561e-06,0.832298400129768,4.51280541322416e-29,0.16770018382929547,2.3856665664358845e-16,1.3110265571010388e-07,3.7055122226616606e-10
9.916595482335151e-11,1.1163152638605627e-07,1.6126473669679498e-11,8.37584226547792e-07,0.8604281203103397,2.743217982739049e-29,0.1395708500702541,1.43454861290383e-16,8.002182068284553e-08,2.6654019720115494e-10
5.571758638225913e-11,6.252225135751682e-08,8.756208713760703e-12,7.962581361569193e-07,0.8627288053328598,1.475293093133179e-29,0.13727029168369329,8.062486835501864e-17,4.399505874943234e-08,1.4352675844529045e-10
5.371198007168737e-10,3.278477423213643e-07,6.528941265050973e-11,1.0782548596010484e-06,0.8387402541052734,1.21028322537622e-28,0.16125802229374753,5.02117508947497e-16,3.157763824103778e-07,1.1195849484990968e-09
1.7251148510715564e-10,1.7817531217999695e-07,2.743436499333046e-11,1.0106638921474596e-06,0.8393426719431989,4.67995908980545e-29,0.16065600860245594,2.3276527763907686e-16,1.2995394485935853e-07,4.612499211449551e-10
2.3311164870792847e-10,2.2474458719784678e-07,3.72097331333778e-11,1.0205951257465016e-06,0.8396947738850382,6.382946373177194e-29,0.16030381865290858,2.9390457878543225e-16,1.6122775998734606e-07,6.242586437506054e-10
4.805583061201907e-10,3.9465748678742465e-07,6.537212627994244e-11,1.779243623504735e-06,0.7648660821488626,1.199972349991612e-28,0.23513142731724404,5.270675791831516e-16,3.150224055186925e-07,1.0644465857476784e-09
2.6918458590984765e-10,2.358177320112294e-07,4.145752949436759e-11,9.551842860772201e-07,0.8512453084912202,7.285322828080826e-29,0.14875332423480087,3.21370076014966e-16,1.7549835064044182e-07,4.629678196808108e-10
1.9652288378459575e-10,1.896373746298473e-07,2.918041667966581e-11,1.0403227688324354e-06,0.8372961414225547,4.9797736079653944e-29,0.16270248714663957,2.498082079100841e-16,1.4077468599141271e-07,4.702728541736595e-10
4.023613261995389e-10,2.892555894001459e-07,5.083362970627232e-11,1.1109318081884843e-06,0.8337716626470143,8.971314209989088e-29,0.16622669020927827,4.170304713938788e-16,2.456438270321468e-07,8.592873391849108e-10
1.416480280607638e-09,5.50395901056675e-07,1.7248437212327912e-10,9.850517711995033e-07,0.8517188343868074,4.189623685427556e-28,0.14827887614404806,9.36419426542072e-16,7.513411994374215e-07,1.0913072578306378e-09
2.866923886944122e-10,2.2582634622163743e-07,4.252652479994211e-11,9.99003627853307e-07,0.8449219442065572,7.972633402384647e-29,0.15507664062244317,3.416827735968647e-16,1.897646817672418e-07,2.4712446680308515e-10
1.6053253574470974e-09,8.776571953409215e-07,2.25399302415625e-10,1.5998807960317806e-06,0.7824602471023635,5.7641858626821825e-28,0.2175362937440554,1.2548212115921514e-15,9.76092366655563e-07,3.6924972829769867e-09
4.92354646621116e-10,2.6695306813934026e-07,6.269822963086078e-11,1.3098461091147262e-06,0.7953217953691344,1.568237276959107e-28,0.20467634095330997,5.3550777959057015e-16,2.862161505773998e-07,1.071745054661309e-10
3.3283772991632875e-10,3.0597190873128316e-07,4.985257428643235e-11,1.3244579275974953e-06,0.8099887564074094,8.888920010890067e-29,0.19000936805014002,4.1333525949292903e-16,2.4391296175414674e-07,8.169617184287606e-10
9.61157336300913e-10,4.6650714500822446e-07,1.1824587958994696e-10,1.0017805036288114e-06,0.8482319632767417,2.354634598648245e-28,0.15176608970998987,7.423343774493406e-16,4.75576623963455e-07,2.069591999551222e-09
7.932843665245897e-10,4.2932853651121e-07,9.601838569673269e-11,1.1128872694159119e-06,0.8339667300338347,1.8183224439728602e-28,0.16603134942848952,6.590484271191812e-16,3.758227028177145e-07,1.6098635388585006e-09
4.538686950445429e-10,2.9614704078693514e-07,5.627177845779432e-11,1.0664851938473832e-06,0.840953187209759,1.0291321009464093e-28,0.15904517174200455,4.472970906073557e-16,2.770738292907254e-07,8.320317104216293e-10
1.789669654527935e-10,1.8688558506690544e-07,2.9998948861680985e-11,8.041836796716966e-07,0.8713259978032695,5.161570575524052e-29,0.1286728737143339,2.4450132511062713e-16,1.368321879391585e-07,3.7197783751974255e-10
3.816277206373423e-10,2.9179715223383085e-07,4.894052196971579e-11,1.6346755557580743e-06,0.7784657890579286,8.864184922982175e-29,0.22153204318730993,4.1029247225429483e-16,2.4006290476277084e-07,7.885800600869922e-10
1.7114020105686838e-10,1.565847123848579e-07,2.2801418267653247e-11,1.8125292340363305e-06,0.7550095027859103,3.8963252313242466e-29,0.2449884128791177,2.0871792408099038e-16,1.1465121219477176e-07,3.758714025528274e-10
9.544629519502424e-10,4.6560549583118905e-07,1.21024238280173e-10,9.578900914186172e-07,0.8540468257794244,2.478749924471007e-28,0.1459511850515078,7.518919765486526e-16,5.623400786483715e-07,2.257914004531877e-09
1.1937917261898846e-09,5.464399199628445e-07,1.417082949052666e-10,1.0579832065713927e-06,0.8421299229848414,2.9634493418262495e-28,0.15786780189613936,8.725329569151174e-16,6.665934619532048e-07,2.7669299186933732e-09
7.278350108312622e-10,4.176334865846283e-07,9.87743712630886e-11,1.0011734900589544e-06,0.8476419940580264,1.9096304096858724e-28,0.15235617352068753,6.336093266223326e-16,4.110399408703409e-07,1.7477583882536423e-09
1.8043009630303306e-10,1.6507164273578293e-07,2.7876543794277807e-11,8.518925838744447e-07,0.8646509144409659,4.870644638950343e-29,0.13534793530410244,2.290262818016112e-16,1.3263855417826274e-07,4.438437916562773e-10
1.7682407923806232e-10,1.9139064005871478e-07,3.07535678516639e-11,7.222138647380315e-07,0.8833860075157205,5.359500585571685e-29,0.11661293394764011,2.527554786153884e-16,1.4434450665826696e-07,3.8005011783387957e-10
3.944550662601896e-10,2.879056840522979e-07,5.625254064815271e-11,1.1643592109270114e-06,0.825494830771491,1.1580978385865532e-28,0.17450345727545832,4.613050866307232e-16,2.5904493666570567e-07,1.9251080197176497e-10
1.2786479460641689e-09,5.399422048138834e-07,1.4766436758054423e-10,1.1552382347448822e-06,0.8295097297047982,3.3228748829708594e-28,0.17048804263600495,9.051386114456186e-16,5.30376467738841e-07,6.759761953350067e-10
1.0709995618223077e-10,1.1501323945779025e-07,1.6336457953449528e-11,1.122832313585477e-06,0.8243271162547784,2.77289186618782e-29,0.1756715661028502,1.4767635536796516e-16,7.941018141178007e-08,2.632005295038432e-10
5.397027556849528e-10,3.5698731443774014e-07,7.155405584760786e-11,1.0717453948273282e-06,0.8381667904040658,1.3071319497353512e-28,0.16183146233923884,5.200939345192754e-16,3.1664188047279796e-07,1.2708482877217447e-09
4.459578470625026e-10,3.696904107948993e-07,8.363508974717874e-11,8.007963345868592e-07,0.8739961581697373,1.635798867331859e-28,0.12600229793567733,5.188422638775135e-16,3.715387753412984e-07,1.3394712289719283e-09
5.988267415041762e-11,6.455180139950404e-08,9.360521897712054e-12,6.119958053153596e-07,0.8979437040364125,1.6151407891781165e-29,0.10205557187909527,8.676421604838266e-17,4.737810309225721e-08,8.95391958731084e-11
6.520121256744626e-10,2.1866098335492639e-07,6.206396048998355e-11,2.289596049138781e-06,0.6333525879155255,2.552359797998514e-28,0.36664461975876206,5.833975156687163e-16,2.8329530418325676e-07,5.929920218162182e-11
3.3957136945161984e-10,2.441106224945977e-07,4.542139646368683e-11,1.5689063962907773e-06,0.7773703317730267,9.324218835420275e-29,0.22262763984372883,4.015553587208936e-16,2.1484094230563573e-07,1.4029026242739608e-10
1.408522267086236e-10,1.3826568352113542e-07,1.9971092210153797e-11,1.2757827021695227e-06,0.8071799510553094,3.3742263182833285e-29,0.19281853569035473,1.8076544424375609e-16,9.87236254479154e-08,3.215012706093203e-10
3.102281243760463e-10,2.410854989387012e-07,4.029523415189879e-11,1.169680950143898e-06,0.8237963870152355,6.973909648504348e-29,0.1762020184451773,3.4113589200371864e-16,1.8276311582348773e-07,6.594986858449633e-10
3.0234279961153347e-10,2.3978243694697605e-07,4.017547561196114e-11,1.160479147124936e-06,0.8238652947726511,6.933691187982144e-29,0.1761331281298156,3.3677181103748814e-16,1.7584352262591667e-07,6.499078390718319e-10
3.878778571648374e-10,2.924536970089703e-07,5.201414166887816e-11,1.124530903891943e-06,0.829587349319704,9.310745614782361e-29,0.17041097923376752,4.2574901760242244e-16,2.5311545767671613e-07,9.065775938335835e-10
1.58328449537212e-10,1.5709219769059956e-07,2.3179848400160674e-11,1.3983344481932777e-06,0.7954642756348848,3.9686425987825816e-29,0.20453405558714238,2.0319834201228382e-16,1.1278781477726062e-07,3.8200381100912275e-10
9.239184711376837e-11,1.0335655884064583e-07,1.4761599841539616e-11,8.3545839794821e-07,0.8608951492607311,2.4820922784961662e-29,0.1391038389387858,1.3384255400731975e-16,7.263635719562082e-08,2.4201537840413865e-10
9.90880738704131e-10,6.549073153099571e-07,1.338813393991254e-10,1.6541158458153342e-06,0.7776132007114276,2.7952603900795907e-28,0.22238386375470534,9.154827398372502e-16,6.231944118128591e-07,2.1915310798821144e-09
5.23489835724713e-10,4.6021922788985457e-07,8.248984543963842e-11,1.378360705033277e-06,0.8046254866173617,1.5651609002648712e-28,0.19537228087823832,6.046800444760588e-16,3.9196234042314266e-07,1.3561463308245825e-09
2.379081836752844e-10,2.4005625197310475e-07,4.242731928155887e-11,7.592780007397789e-07,0.878336633760479,7.554120468472124e-29,0.12166218185768554,3.232776332753218e-16,1.8418027723147806e-07,5.869696784522642e-10
1.9077146375959244e-10,1.2424245839751847e-07,2.3788093308355245e-11,2.063277010647058e-06,0.6838618139566683,5.254023036016805e-29,0.3161358807229878,2.3689033634888517e-16,1.1753678235628471e-07,4.953267415840541e-11
2.50884371277252e-10,2.426757871553941e-07,4.2319216212048237e-11,8.52504500172297e-07,0.8653629625765861,7.385382022393832e-29,0.13463576264335952,3.2183542192186e-16,1.7884661867489659e-07,4.599443759778744e-10
1.895154056448241e-10,1.7758259760913438e-07,2.8900661230301702e-11,9.933759421104875e-07,0.8447511979071417,5.123222541176405e-29,0.15524748878110406,2.4924163176849686e-16,1.4181290041585877e-07,3.218978453781256e-10
9.209087595844329e-11,8.17448054909646e-08,1.2672179865292401e-11,9.03219178277163e-07,0.8578894943355916,2.229661993237814e-29,0.14210945623832674,1.192425719936361e-16,6.425110309298619e-08,1.0623158193181899e-10
2.9056427616714765e-10,2.99214154087567e-07,5.192033751702914e-11,9.103937044609536e-07,0.8560235060136494,9.144248714926162e-29,0.14397504705311007,3.915367092358891e-16,2.3611137581383383e-07,8.715212687167642e-10
1.5352399185736964e-10,1.5801959717214508e-07,2.3230137026490813e-11,1.1399843649978335e-06,0.8203813921937145,3.940302502246955e-29,0.17961719516401572,2.0757184988493293e-16,1.1407705618509025e-07,3.8449714753828944e-10
2.8325897989692913e-10,2.819421807303192e-07,4.8825761776536076e-11,9.174395925416865e-07,0.8552025846918062,8.528244378815358e-29,0.14479600216191102,3.6151805107601654e-16,2.126309243653453e-07,8.015000472633604e-10
1.3080250309189818e-09,5.674221957858186e-07,1.5885601748703844e-10,1.0145188891011974e-06,0.8478241888528784,3.436807196756773e-28,0.15217349886168716,9.073897403621656e-16,7.2570139739479e-07,3.1760702582259136e-09
1.3811025978485885e-10,1.458527786288869e-07,2.1923716606371446e-11,9.711113231951238e-07,0.8451513027358185,3.724604070527067e-29,0.15484747672691296,1.8578039126261207e-16,1.0304963641324722e-07,3.6349614780695255e-10
1.7822864150767582e-10,1.5168843990707433e-07,2.4792541780090234e-11,1.0787018762473393e-06,0.8366625561486511,4.365684674520389e-29,0.16333609827701553,2.1586772490239704e-16,1.1477194864783021e-07,2.0904719970774774e-10
8.718303211159332e-10,5.628522586302086e-07,1.1256889975030721e-10,1.6327116622959124e-06,0.7791356023239766,2.270972944343473e-28,0.2208616918333657,8.005413990551548e-16,5.074962434642979e-07,1.798093294145787e-09
9.650605611348533e-10,6.544403957694543e-07,1.3143831281159596e-10,1.6621619249299857e-06,0.7763038215301581,2.697827630542682e-28,0.22369327760704477,9.055750620482242e-16,5.810742601053778e-07,2.0897164928095363e-09
1.9847498694930342e-10,1.9283608827507728e-07,3.0303591210092515e-11,1.061340853843498e-06,0.8332917383581394,5.108433112540583e-29,0.16670688195601271,2.528643092106272e-16,1.248154160320634e-07,4.6471103044370726e-10
7.012684872408769e-10,5.214404474931516e-07,1.0258187181424354e-10,1.4423716062174927e-06,0.7973654508540388,1.9682153869644455e-28,0.20263219275415337,7.12288816412636e-16,3.9042641226097836e-07,1.349490770759495e-09
3.264847171255404e-10,2.6244398987003755e-07,4.122616449819241e-11,1.670206977584008e-06,0.7733630694493949,7.262393972146651e-29,0.22663479105482964,3.6228649843585784e-16,2.0579933765065395e-07,6.777589891830814e-10
5.360186717857782e-10,4.1498569581634864e-07,7.016328502506911e-11,1.7859514484554149e-06,0.7673492741801577,1.3210449750988127e-28,0.23264818069217924,5.784034068838422e-16,3.428058653011324e-07,7.78470926012126e-10
7.777473701567307e-10,4.744337417797933e-07,1.0622535806813351e-10,1.2061185576258187e-06,0.8212407225440681,1.9556277304526106e-28,0.17875726392472313,6.744241065398969e-16,3.3052520083924023e-07,1.5697351810074068e-09
4.406186420751843e-10,3.6496769502272316e-07,5.985126197078217e-11,1.7223126770194844e-06,0.7701630668625408,1.0857347325879636e-28,0.2298345611647964,4.959520115639342e-16,2.832342394559038e-07,9.575807278118815e-10
4.410145530497444e-10,3.8786611565080276e-07,6.32299059306313e-11,1.6651530429513856e-06,0.7751555015615818,1.1542846502040017e-28,0.22484213814539983,5.082449164167448e-16,3.057516755564771e-07,1.0179391922100785e-09
4.250907372314679e-10,3.283448639495702e-07,5.5379120057920915e-11,1.6826818695153842e-06,0.7732222702520358,9.996392258096262e-29,0.2267754670181071,4.567048011634975e-16,2.5034788682034847e-07,8.747665018264589e-10
8.341752296067841e-10,5.779760542833949e-07,1.189111891241963e-10,1.4490746696450577e-06,0.7970005295063886,2.3297713028658913e-28,0.20299694804673843,7.828229605634479e-16,4.925477917889903e-07,1.895270193606772e-09
3.86100372123796e-10,3.1518233872234774e-07,5.374598110478341e-11,1.2675263271030973e-06,0.8146490865807292,9.414336707829258e-29,0.18534909858447382,4.2453016926581814e-16,2.3087706044302353e-07,8.0922403620933e-10
2.408629048430159e-60,0.3029748357597088,0.0001716660134403139,9.66983615533178e-70,3.7211648178603746e-83,3.470622100167625e-92,8.380902094374291e-60,5.485226066992168e-10,0.6934616562124035,0.0033918414659247875
7.458370793801525e-10,4.5620380239892874e-07,1.3730978735817422e-10,8.38850931008228e-07,0.8693563754198341,2.9339190950625104e-28,0.13064181299105782,6.951573001475881e-16,5.137370839092092e-07,1.914143135422289e-09
3.145272569326813e-10,2.723997370963283e-07,5.439812521262607e-11,8.236579249268111e-07,0.8696415328734229,9.945884602984329e-29,0.13035713182349856,3.7874511563773343e-16,2.3802253205252248e-07,8.539585931666962e-10
6.624361548571599e-10,3.7790589411173604e-07,7.996050594032187e-11,1.037360916116817e-06,0.84383236164799,1.5169787510551499e-28,0.15616582395238968,5.911501999049808e-16,3.969398663272345e-07,1.4505465189233464e-09
1.5909702157447534e-10,1.2714398885709872e-07,2.1000279989005363e-11,1.3474226192552985e-06,0.799149792198747,3.930131385604767e-29,0.20084863034063782,2.0122069476441265e-16,1.0263083234261605e-07,8.307728455811566e-11
2.0958505644932998e-10,1.8663089479201685e-07,2.973519673286652e-11,1.5024268272811372e-06,0.7915025433677155,5.479957428432671e-29,0.20849561974972533,2.725015372919765e-16,1.474165129917523e-07,1.6900366473360734e-10
4.4905842252368125e-10,3.5636099626598715e-07,6.707187561937593e-11,1.215996200937067e-06,0.8227231130695525,1.3098047087655785e-28,0.17727500293550277,5.285811605309104e-16,3.107770139187068e-07,3.446027014976854e-10
7.250445982920377e-11,7.771273349458402e-08,1.1555905443083568e-11,6.057130311682724e-07,0.8999509450251972,1.9990077821122328e-29,0.10004831310332188,1.0409449884490895e-16,5.8234914751716095e-08,1.2674120187002472e-10
1.6917439600976603e-10,1.7755299220586016e-07,2.7484522078991107e-11,9.1804892349731e-07,0.8520494180801939,4.649736222922374e-29,0.14794936748077206,2.3072014578637033e-16,1.1820910796537101e-07,4.3135126546566465e-10
5.39713691015307e-10,2.7497234474162214e-07,6.995310310833196e-11,1.341983292055011e-06,0.7869402698371497,1.9971320406846996e-28,0.213057799590148,5.844459852842362e-16,3.1291067223768556e-07,9.672578531633475e-11
8.857807974144555e-11,7.979738928847177e-08,1.1845383972303357e-11,1.1021566083773506e-06,0.836184141164276,2.0398727674100058e-29,0.16381461688433427,1.1451872152846424e-16,5.978390713956143e-08,1.1306117458005034e-10
3.2844097393527365e-10,2.6780838460117277e-07,5.273439102405738e-11,9.08996474044459e-07,0.8577506171208623,9.437927053890362e-29,0.1422480025919388,3.7821653871626263e-16,2.023167245131768e-07,7.844398204709782e-10
6.708390911214003e-10,3.953570102241506e-07,7.874080097501133e-11,1.1830821092559481e-06,0.826663720387442,1.4606466045303116e-28,0.17333433937205597,5.954162586143707e-16,3.597008102954485e-07,1.350991817322967e-09
6.990441511839529e-10,4.087947890774912e-07,9.293934951726643e-11,1.0463391885036616e-06,0.8431656932729804,1.779672026216995e-28,0.1568324556021644,6.076920214911503e-16,3.9362183073700926e-07,1.577062874853176e-09
9.131887779211174e-10,4.5299519768602637e-07,1.1183519157939825e-10,9.869066171474047e-07,0.8508854495271029,2.248299729554778e-28,0.14911257728012708,7.208015388253577e-16,5.302124045181448e-07,2.05352591002737e-09
6.745982359265097e-10,4.2495694628820286e-07,9.580096624368209e-11,1.0989512150653716e-06,0.832751919931401,1.7191288203253924e-28,0.1672462709781161,6.055429323375748e-16,2.8298704080095963e-07,1.4248808711955757e-09
3.9761773480475576e-10,3.004500843282296e-07,6.304267437050341e-11,8.917504461431438e-07,0.8610315109538125,1.1515277863119452e-28,0.13896704853375016,4.3581297830273947e-16,2.4690727245394506e-07,9.439736924377822e-10
2.5106074430132124e-10,2.3980868180817294e-07,4.349018086522351e-11,8.238771225964978e-07,0.8684185081926044,7.802467116974259e-29,0.13158022753899573,3.3006697131914115e-16,1.9959126802090853e-07,6.967763451387106e-10
3.9550881369899147e-10,3.1954591193768794e-07,5.6454889250111036e-11,1.3925469024591286e-06,0.7984191743629894,9.909681442304228e-29,0.2015789046811007,4.339029449291143e-16,2.0755867153789153e-07,8.524597078487459e-10
4.865328832399327e-10,2.8374019002138845e-07,6.730140052332571e-11,1.1653047063724396e-06,0.817250890886308,1.7298203280953068e-28,0.1827473477698074,5.461903671848568e-16,3.1162714868959474e-07,1.1800480545500104e-10
1.2657204096850524e-10,1.3677529126759367e-07,1.9999596918711063e-11,9.39649917964159e-07,0.848688140888562,3.3870420982224146e-29,0.15131068881674697,1.75124985390476e-16,9.340363692460643e-08,3.192732168272534e-10
3.0095374414653274e-10,2.43370423060191e-07,4.612778145215974e-11,8.955754512162689e-07,0.8601638537266267,8.306488710394398e-29,0.13983479398033913,3.4769487630295455e-16,2.122701913895611e-07,7.298866127202938e-10
2.2316772421040421e-10,2.3661027302563843e-07,3.9260884748154396e-11,8.371945958780722e-07,0.866158842727599,6.848436672630681e-29,0.133839901860316,3.0205092984861407e-16,1.8068423791644975e-07,6.60549172752027e-10
2.1755044219657055e-10,2.198704633286201e-07,3.589172881332568e-11,8.400871129007244e-07,0.8661064137527857,6.192778294042173e-29,0.13389235340099861,2.9700078669274163e-16,1.7203656259120684e-07,5.986344529100754e-10
5.647501441002413e-10,3.8492387172190124e-07,8.056341461302063e-11,1.042784336316997e-06,0.8410151700085831,1.4681392607235659e-28,0.15898307623650298,5.481379314051267e-16,3.2397867418312394e-07,1.4227176156055817e-09
2.983684809316445e-10,2.723146791869138e-07,4.954487691276656e-11,8.485176822442039e-07,0.8666341663212451,8.779790696721574e-29,0.1333644804934415,3.7852488497958127e-16,2.311516766126553e-07,8.533616526027752e-10
5.327274283939436e-60,0.4898373131439512,0.0001370826789844683,2.138721589934379e-69,8.230269270150984e-83,7.676132559949477e-92,1.8536421883923373e-59,7.227174152436776e-10,0.5095368191050175,0.000488784349329374
1.1891804249033166e-10,1.1426415541983669e-07,1.7864339721721477e-11,8.99097586693997e-07,0.8563450522111856,3.070488186629543e-29,0.14365384695030242,1.5560385055252023e-16,8.705416480215982e-08,2.858223080762171e-10
5.630795019391708e-10,2.749879085332433e-07,7.229464218252356e-11,1.3869741276587844e-06,0.7785189001092598,2.253074926847822e-28,0.22147911115043517,6.115464671965758e-16,3.260517105184227e-07,9.118334228284317e-11
3.1904593142184754e-10,2.938419362128261e-07,4.7074464701926705e-11,1.4945348807637153e-06,0.7944326910583015,8.569766324081351e-29,0.20556529104962737,4.0130718158448543e-16,2.2863524920059936e-07,5.138841163954019e-10
1.1373529778968263e-09,2.3848484218837895e-07,8.048972698335606e-11,2.744703469776071e-06,0.5628053687184542,7.554333590456062e-28,0.4371912937755987,7.360964106953958e-16,3.530430023758843e-07,5.6789311720886917e-11
6.858033738261193e-10,5.382693098185894e-07,9.750866112209577e-11,1.6989505443669742e-06,0.772707589002755,1.9057457205624007e-28,0.22728971296670097,7.269606498040597e-16,4.5846534707331733e-07,1.5620300605098434e-09
5.480970582693885e-10,3.7207260162930115e-07,6.679495621911841e-11,1.3716866053633862e-06,0.8056686644814183,1.2101280286487718e-28,0.19432928084838863,5.323748904473635e-16,3.0920193182770064e-07,1.0941617221971785e-09
4.1032971471906945e-10,3.6143923035754685e-07,5.8070993485960775e-11,1.6620446267085992e-06,0.7747642487383847,1.0446978886849846e-28,0.2252334552235307,4.762539023640603e-16,2.7117734056757275e-07,9.084858261290064e-10
1.0503758427709923e-09,5.927795520834695e-07,2.113239528439254e-10,1.0056577553882106e-06,0.8443261089744852,4.116379774202441e-28,0.1556719338701276,8.354018258200076e-16,3.5471228663046093e-07,2.744092339913875e-09
3.178916966737364e-10,2.9628652122922e-07,5.217998270155958e-11,9.188390631316403e-07,0.857085299464135,9.145805104908413e-29,0.14291325079113373,3.8530780530994897e-16,2.334546074021883e-07,7.944674814876845e-10
6.385267964088975e-10,3.6708665835251265e-07,8.785635954274342e-11,9.435511298798644e-07,0.8560598536126071,1.7152640081261692e-28,0.143938454889102,5.616575352697048e-16,3.788077417991793e-07,1.3263772181102862e-09
3.8471306293101947e-10,3.2058231447298654e-07,5.0484841635865065e-11,1.8258954833643993e-06,0.7602608549636553,9.014837272644117e-29,0.23973674809448883,4.299782986803975e-16,2.4921103500309764e-07,8.178247158102983e-10
5.79428003850791e-10,3.8575147789006427e-07,7.002969058054926e-11,1.3956775415761334e-06,0.8032258750748925,1.288307734480633e-28,0.19677199656873526,5.554643375735783e-16,3.450829359830592e-07,1.1949585180701984e-09
3.821990165651126e-10,2.6678228005519343e-07,4.607294478967229e-11,1.577646916730027e-06,0.7868005267329291,8.64180421742871e-29,0.21319739779391522,4.0740870740944467e-16,2.3031063110883705e-07,3.05055508025233e-10
3.7109598226836666e-10,2.6958143124517534e-07,5.305681591778315e-11,9.99583120573474e-07,0.8482427123232307,9.70371863620236e-29,0.15175577837947696,3.879693006407802e-16,2.388917751924056e-07,8.168120377574603e-10
2.4135753048373433e-10,2.0365149054553377e-07,3.234848785207272e-11,1.1781113379013827e-06,0.8213642292796635,5.558773471882325e-29,0.17863423294798186,2.840081352366736e-16,1.5519610468688428e-07,5.397153132863599e-10
1.2341724891750133e-10,1.3665932638504625e-07,2.090510927967626e-11,6.821651488909429e-07,0.8884570119057794,3.6306408319928903e-29,0.11154206542238908,1.8087291095199489e-16,1.0347199868902063e-07,2.3103508811380666e-10
7.805396751666577e-10,5.08259334349689e-07,1.0111101973403134e-10,1.4123019339196505e-06,0.802671958286704,1.9712902571799524e-28,0.19732563533020486,7.279071500091651e-16,4.832282563530296e-07,1.7119150141411064e-09
3.009166224162477e-10,2.773851206353192e-07,4.646915267561322e-11,1.1325612663442362e-06,0.8261462415937709,8.146564785978884e-29,0.17385214823765605,3.789557667052881e-16,1.9923636328250274e-07,6.384366725777995e-10
5.098681882543517e-10,3.1215363208747504e-07,6.669145814732476e-11,1.5191574117687213e-06,0.779530864888504,1.5588443982839055e-28,0.22046699768257016,5.652098504124001e-16,3.0539614171404253e-07,1.4518018090109368e-10
2.88510435451756e-10,2.475761881997767e-07,4.091906599616715e-11,1.0893915448900122e-06,0.8332448220638783,7.060375779561117e-29,0.16675365309437887,3.41325681407861e-16,1.868758549363526e-07,6.687248612005927e-10
1.699967223926665e-10,1.4457913586688843e-07,2.3175482136400222e-11,1.0962869264948131e-06,0.8371972466858016,4.1502065605128004e-29,0.16280139827390244,2.1708464481228453e-16,1.1383289856819196e-07,1.4816256748956395e-10
3.4737519530729547e-10,2.717341345624003e-07,4.922774729087903e-11,1.0732111859020585e-06,0.8357774532077242,8.545953785474796e-29,0.16422102110430656,3.808960017876006e-16,1.797684022737004e-07,5.776430899416675e-10
3.34975319494691e-10,2.655468457079312e-07,4.315840116653574e-11,1.5469640901660643e-06,0.789166983044329,7.762619350811886e-29,0.21083098978760592,3.747130416295195e-16,2.1379751161522115e-07,4.814835521376772e-10
1.8982683360066703e-10,1.9239548483132864e-07,3.0178875970693046e-11,9.010889393702505e-07,0.8568067116112517,5.168087253493014e-29,0.1431920471828736,2.5795025858110575e-16,1.469964281160765e-07,5.050165692503899e-10
1.3514940854439898e-10,1.281981815110005e-07,2.1018063388763626e-11,7.468907501381846e-07,0.879764820913782,3.7588806709144696e-29,0.12023420151424016,1.8771478366122568e-16,1.0219138765589505e-07,1.3549073490839862e-10
5.429082713064825e-10,2.074358530997239e-07,5.44669272865399e-11,2.1815668745164473e-06,0.6556320971248937,1.8400192557533006e-28,0.34436526137688533,5.185535708863985e-16,2.5183822788337144e-07,5.988979844438667e-11
9.303143367073481e-11,9.632995925092125e-08,1.3789744377933737e-11,1.145718592527804e-06,0.8148363745893853,2.3218878774581106e-29,0.18516231431550853,1.2665771829534952e-16,6.870960653721736e-08,2.3012644978348484e-10
3.0336847350389697e-10,2.9548831976178543e-07,5.63102128413433e-11,7.484148936518941e-07,0.8807312971913547,1.0542818684796321e-28,0.11926739411299905,4.171142880656215e-16,2.6400526559695824e-07,4.2748828300098823e-10
6.044676432082041e-10,4.7634400371757524e-07,1.1307834103427688e-10,9.461473589527711e-07,0.8538476182247766,2.1209525989328154e-28,0.14615058239839926,6.254326817998347e-16,3.743952459847656e-07,1.77266875231208e-09
1.5501722691620576e-10,1.6725029059366293e-07,2.5308248235233866e-11,9.022723481631559e-07,0.8537144223626765,4.2869015790066344e-29,0.14628439183691302,2.1728215539394255e-16,1.1569208841338063e-07,4.053576530185673e-10
4.3311377091257937e-10,3.5211815150721463e-07,5.854151530729439e-11,1.6603769127501302e-06,0.7751733874430288,1.062893485282139e-28,0.22482431797899327,4.736544453704418e-16,2.806262032538092e-07,9.650547351322577e-10
4.316255090763376e-10,3.1344424818557135e-07,5.810527690047594e-11,1.1027929347348147e-06,0.83201888712534,1.019487078004942e-28,0.16797946327525612,4.470825951155613e-16,2.3194160162066155e-07,9.308881855908217e-10
2.2744989027770488e-10,2.083028346381556e-07,3.6680597256635304e-11,8.828446635246989e-07,0.8606235753410607,6.442394811084341e-29,0.13937517725823467,2.8687480593262384e-16,1.554249544844123e-07,5.641213252795437e-10
1.5801280010909514e-10,1.5991132910631355e-07,2.4197377508311533e-11,1.0172853716719031e-06,0.8390879756024003,4.1058784819603734e-29,0.16091072944124202,2.1078604901782727e-16,1.1717174316261776e-07,4.057033947412183e-10
6.285578912569864e-10,3.086976597281467e-07,8.331756590710253e-11,1.3370984775046554e-06,0.7882671605895001,2.6299454733191876e-28,0.21173081953179243,6.73337342123024e-16,3.732643420985773e-07,1.063519764965695e-10
1.854217615675917e-10,1.6972380795939524e-07,2.6875089174488513e-11,1.0655428942656363e-06,0.8331355342075738,4.620246507325776e-29,0.1668631110362778,2.347241897781218e-16,1.1890825041810223e-07,3.6889866476312767e-10
1.248347312060297e-10,1.1781056868120748e-07,1.827325338815028e-11,9.77607454753014e-07,0.8516805302836196,3.2035424695445317e-29,0.14831828411469242,1.668779084200107e-16,8.988792416063957e-08,1.52632353872522e-10
8.582085364540752e-10,2.7701129582481453e-07,8.467559666955322e-11,1.9472687361996144e-06,0.6932883107713188,4.179150320330247e-28,0.3067090835175129,7.376298838861487e-16,3.804127057565574e-07,7.554560885502845e-11
1.4288516850382924e-10,1.5299617196391e-07,2.3167558173478494e-11,8.380864532541284e-07,0.8644685412155244,4.0033765481240547e-29,0.1355303515194824,1.9820324325109996e-16,1.1562966922443959e-07,3.8664584472878935e-10
1.456773554281005e-10,1.3939551622003013e-07,2.1001876339547944e-11,1.110537746047733e-06,0.8262303567773137,3.603125621189178e-29,0.1737682911760475,1.917254550619035e-16,1.0165294830247131e-07,2.937489798892447e-10
2.777379732624028e-10,1.8613828946233757e-07,3.8493211314310473e-11,1.3095655645471133e-06,0.7882585294294835,8.809230620262253e-29,0.2117397913251882,3.5067849540279887e-16,1.831488199675115e-07,7.64227933759052e-11
2.394411986664518e-10,1.7066531350938054e-07,3.304914219727256e-11,1.26426992815888e-06,0.8046160204016056,7.006343005779613e-29,0.19538238764529986,3.011658309852541e-16,1.5665917047784552e-07,8.619170142399343e-11
7.548686317372033e-11,7.186975191417982e-08,1.1249748779208268e-11,8.228974637910982e-07,0.8641141272374949,2.0394760661239544e-29,0.13588492225545049,1.0641909875947023e-16,5.5597165381356905e-08,5.59367870533227e-11
3.0132310708506737e-10,2.479833391172697e-07,4.553000048646259e-11,8.575996744436399e-07,0.8669035899242471,8.252572513546557e-29,0.13309508334397002,3.65739714305929e-16,2.2034642218642616e-07,4.5549362339046743e-10
2.1922329459929044e-10,2.3505801317244088e-07,3.902411680102635e-11,8.016033504485739e-07,0.8714719788114236,6.906933305380156e-29,0.12852679286964894,3.0412618588879925e-16,1.9073313362763905e-07,6.661824756226876e-10
1.9085594999406617e-10,2.0822027060385097e-07,3.202039823338797e-11,9.558336887244711e-07,0.847081537995626,5.509320728509099e-29,0.1529171453975778,2.687822062362086e-16,1.51806134160327e-07,5.238259844391897e-10
1.3273267189842661e-09,6.057875469347551e-07,1.4903213821640734e-10,1.4451331008203223e-06,0.7982812823821241,3.574181876329249e-28,0.20171596878517797,1.0039874266136357e-15,6.957860789790634e-07,6.49611319924324e-10
6.270030952452604e-11,6.64260305488297e-08,9.426075899305192e-12,8.437467485033882e-07,0.8587088191828878,1.5988718876985867e-29,0.14129022490869894,8.954726168129058e-17,4.556206561456751e-08,1.0144207460213816e-10
7.309623115430878e-10,4.469435846186424e-07,9.459896793304562e-11,1.2345540709296704e-06,0.8200416008809184,1.7984722992674874e-28,0.17995631451068542,6.48469351790984e-16,4.0064466724319714e-07,1.6405115275933725e-09
4.4706838426843483e-10,3.5215024769872344e-07,7.626389261277278e-11,8.48309510431877e-07,0.8674353139577451,1.4652663064552268e-28,0.13256316862097803,5.099002361111695e-16,3.160090757411409e-07,4.291103148879244e-10
4.4706838426843483e-10,3.5215024769872344e-07,7.626389261277278e-11,8.48309510431877e-07,0.8674353139577451,1.4652663064552268e-28,0.13256316862097803,5.099002361111695e-16,3.160090757411409e-07,4.291103148879244e-10
6.258583531347481e-11,6.467169886757139e-08,9.037795347469715e-12,1.3211368290486007e-06,0.7814247435075062,1.5199650891840016e-29,0.21857382461870212,8.511220560660735e-17,4.5843620500496384e-08,1.5001950751770336e-10
2.7629899831303024e-10,1.6613903407565446e-07,3.502272012258546e-11,1.6635612989416197e-06,0.7306720169131737,8.347583042978305e-29,0.26932598451587436,3.3803790388077307e-16,1.6849753315850764e-07,6.176367366364788e-11
1.6676568111749518e-10,1.5721930690650683e-07,2.4407917470195606e-11,1.023187651501643e-06,0.8405822667389132,4.1697184882193533e-29,0.15941643733548752,2.1110574152639344e-16,1.1498224437794994e-07,3.4522263132060636e-10
2.7089714267716043e-10,2.647778135866601e-07,4.7975194746216093e-11,8.654108740526815e-07,0.8623810627301463,8.556657294487853e-29,0.1376175907459058,3.559722360427488e-16,2.1521281835237985e-07,8.035691623618361e-10
1.2658304376970652e-10,1.2996025824530616e-07,2.0491481458271224e-11,7.782799571552887e-07,0.8727898792604464,3.541698391430325e-29,0.12720911391540293,1.7367538733841497e-16,9.810858675881516e-08,3.2827403099995404e-10
4.095014556449903e-10,3.250950928185105e-07,7.11579581314257e-11,8.158672606450719e-07,0.8721772146006093,1.3436316609417813e-28,0.1278213302625342,4.723500976449155e-16,3.1259364964138264e-07,1.1001937576986914e-09
4.730367682957969e-10,2.5174174087251695e-07,5.932618974111774e-11,1.4520658115801473e-06,0.7799921228315301,1.5253413181050497e-28,0.2200059007587263,5.05306704760658e-16,2.719663681245611e-07,1.0345963163048551e-10
6.110397277685748e-10,3.2967062984250955e-07,9.184820763296185e-11,1.0117870534492217e-06,0.8405417731352087,2.494450930693763e-28,0.15945649286272334,6.370654663677869e-16,3.916734799390297e-07,1.6801616168775403e-10
1.3635745121216228e-10,1.3451509065658986e-07,2.219182826843458e-11,6.885283799988767e-07,0.8879179008773169,4.032362059637205e-29,0.11208116656918057,1.9785223472278586e-16,1.0922557198464231e-07,1.2591047858629888e-10
1.8279133221257406e-10,1.5982882242283063e-07,2.5694817814396287e-11,1.0679822970565412e-06,0.834781819470324,4.419071876050679e-29,0.1652168326939916,2.2337277513591103e-16,1.1940048358768107e-07,4.1559475156036866e-10
1.8440632852283123e-10,1.636891545887743e-07,2.539054750773596e-11,1.1210325883509713e-06,0.8272228736983915,4.3865682051229513e-29,0.1727757140808817,2.265467381594549e-16,1.2686226124550176e-07,4.269255680205561e-10
3.337883618038976e-10,3.285711905255125e-07,6.361645566228382e-11,7.66617707709641e-07,0.8779870111517453,1.1739074938635319e-28,0.1220115953567998,4.624832267541101e-16,2.971712245844554e-07,7.339267155390696e-10
5.49028310441125e-10,3.997143310046273e-07,7.651589314389941e-11,1.2431924286762953e-06,0.8207553524462271,1.4338306021020897e-28,0.1792426373564535,5.706365276264022e-16,3.6538743116742794e-07,1.2775837207771904e-09
7.198913307464952e-61,0.3320488590174282,0.00012317967175532046,2.8901217572292428e-70,1.1121821745039957e-83,1.0372999378365314e-92,2.5048849948511036e-60,3.795503602125231e-10,0.6646073888799108,0.0032205720513553233
3.0656867997799593e-10,2.7721326429421045e-07,5.241393000007234e-11,8.405608778061702e-07,0.8687273763970846,1.0145889299560583e-28,0.13127125231549,4.0787423404517843e-16,2.5288062142084626e-07,2.7367887407940323e-10
2.09355842653441e-10,2.0070170117704843e-07,3.268797563035532e-11,9.447865423124757e-07,0.8564063992275941,5.948489937109692e-29,0.14359228995569237,2.7725778339511085e-16,1.648076349873019e-07,2.7879100855261485e-10
1.6571597293495141e-10,1.8377085602546323e-07,2.8381469581562437e-11,7.87825652232876e-07,0.8725122280757122,4.877855578327144e-29,0.12748666381252355,2.3561035039905996e-16,1.3585913467079547e-07,4.620237868568499e-10
9.208489383545115e-10,6.759378592175907e-07,1.402527833717848e-10,1.5289403493717581e-06,0.7891289487665646,2.9435010546094963e-28,0.21086822638680072,9.216883221909291e-16,6.166650059542752e-07,2.2423175898531105e-09
5.276847532543506e-10,4.5660111352773473e-07,1.059526111918312e-10,8.155677192962223e-07,0.8717777924580186,2.0258209924622566e-28,0.12822049025980203,6.249104410383097e-16,4.428260396759329e-07,1.653668953402843e-09
1.334558774673059e-10,1.425288801976544e-07,2.106065484700395e-11,1.0289785154354847e-06,0.8327900594255601,3.582945909793468e-29,0.1672086700976926,1.8577957906115338e-16,9.84719930350188e-08,3.4284199088568715e-10
1.3368370648358876e-10,1.4046119102754393e-07,2.0818701046452478e-11,9.460122017279041e-07,0.8470655369170317,3.557707525626813e-29,0.15293327541077584,1.8296352204255657e-16,1.0070221226942768e-07,3.42084853948432e-10
