i = 0,i = 1,i = 2,i = 3,i = 4,i = 5,i = 6,i = 7,i = 8,i = 9
9.239196749528984e-11,8.998324228483507e-12,2.3919597368580867e-07,0.15126728640616327,2.341669451804566e-11,1.0778950721005066e-06,0.8487311901590986,1.216015554201133e-12,2.0621766862518998e-07,5.44003057812178e-16
9.468232866644908e-11,9.254010843218443e-12,2.4391827376920365e-07,0.1426868216636294,2.399718171032752e-11,1.0742832475934863e-06,0.8573116486708456,1.2461599436324868e-12,2.1133482357670995e-07,5.574885768502744e-16
1.1126073726793947e-10,1.0895410897268901e-11,2.8476303999909514e-07,0.18375745274805347,2.8198970467695395e-11,1.0382647298743488e-06,0.8162409757185632,1.4643564386165642e-12,2.4835379331344324e-07,6.551020767330164e-16
1.0385673154156831e-10,1.0102770762671773e-11,2.720849694435285e-07,0.07573599901722142,2.6322429178182988e-11,1.0782945444598318e-06,0.9242624186798039,1.3669087040194636e-12,2.3178181138049007e-07,6.115074103975678e-16
2.0279840827317774e-10,1.9582644923940165e-11,4.830730120981039e-07,0.09200331733225742,5.1399160300935627e-11,1.151374913177648e-06,0.9079945955849213,2.6691290284204797e-12,4.523584453997618e-07,1.1940756196408222e-15
9.422542293127674e-86,2.1029703027255443e-52,1.0,3.0253779891633342e-74,5.57550242919851e-84,5.40500642673861e-62,1.2212754823810817e-80,4.766893973050599e-75,8.03087243727362e-90,1.0547554842559641e-56
3.509406535909439e-10,3.40017131996829e-11,7.621698060749194e-07,0.1153106768479998,8.894575441233514e-11,1.1419928254683094e-06,0.884686635939931,4.618902399672172e-12,7.825709285041107e-07,2.0663364026681574e-15
1.2461727751276133e-10,1.205931256490262e-11,3.0730284571707e-07,0.053266088066735974,3.1584178611254203e-11,1.0074330903989164e-06,0.9467323190013758,1.6401483497027506e-12,2.780260507400114e-07,7.337453733847634e-16
1.5111474708219137e-10,1.461801152905638e-11,3.731918353618545e-07,0.08724026763708267,3.829995901666861e-11,1.132349354487855e-06,0.9127578895328624,1.9888950423054344e-12,3.3708284267660927e-07,8.89762527828918e-16
1.847946349856829e-10,1.7798823901337317e-11,4.4124461539909515e-07,0.06190710940802959,4.68360976391987e-11,1.036191796971318e-06,0.9380910007048991,2.4321717697826216e-12,4.121987962937524e-07,1.0880692029298179e-15
5.721237433468528e-11,5.552825629714271e-12,1.5302269541238986e-07,0.04057301041487834,1.4500441775002442e-11,9.84519475574479e-07,0.9594257242719005,7.529996390191134e-13,1.27693030777575e-07,3.368658580577813e-16
9.79243835471211e-11,9.465976421533689e-12,2.508065674421327e-07,0.046878652059994905,2.4818877378830237e-11,1.0035885349561917e-06,0.9531198748984806,1.2888300919305633e-12,2.1851292364983227e-07,5.765778045818628e-16
8.292470405644262e-11,8.047737096662022e-12,2.1768304121396975e-07,0.05519610132219328,2.1017218521752668e-11,1.0842374587148052e-06,0.9448024115959354,1.091412144663934e-12,1.8504828989088288e-07,4.882598462872697e-16
1.4764548928709185e-10,1.4388114361048185e-11,3.702149085856224e-07,0.10178370232349544,3.742066974529402e-11,1.146295730269756e-06,0.898214451500953,1.9432340308644317e-12,3.294635143104828e-07,8.69335292319552e-16
9.771678086424277e-11,9.498437103101588e-12,2.4824517002092464e-07,0.17868349224794766,2.476626907170014e-11,1.0662773506002544e-06,0.8213149750202908,1.2860981903932434e-12,2.1807597266963254e-07,5.753556073986399e-16
6.727712051855008e-11,6.521388461607144e-12,1.80685435268383e-07,0.0522769208211141,1.705134761744052e-11,1.0385243091661932e-06,0.947721709722758,8.854667127028847e-13,1.5015464753206295e-07,3.9612703080134323e-16
1.0320984266639499e-10,9.924104414080747e-12,2.468454695688332e-07,0.03323249806518429,2.615847437463095e-11,8.667587990369852e-07,0.9667661578885806,1.3583945493516338e-12,2.3030131499565562e-07,6.076985728193584e-16
7.50437146839981e-11,7.303749626066102e-12,2.0035313205193733e-07,0.07288699553257089,1.901978596172432e-11,1.0881790930546903e-06,0.927111548329897,9.876866024966616e-13,1.6750295179743477e-07,4.4185663050922654e-16
8.106913611628774e-11,7.848017501490082e-12,2.1260442336453248e-07,0.05143310868015384,2.0546926730664405e-11,1.033410598740999e-06,0.9485654642740978,1.0669901363945912e-12,1.8092019477177573e-07,4.773343087923842e-16
6.619134999840121e-11,6.473182231337643e-12,1.7596877076808666e-07,0.16352472566727683,1.677616021711089e-11,1.0927488673880635e-06,0.8364738577725764,8.711764205829261e-13,1.4775219627553747e-07,3.897340004456093e-16
5.374760095545027e-11,5.2104449877816875e-12,1.4493225699422744e-07,0.04459328222035472,1.3622298261932858e-11,1.0072643853661606e-06,0.9554054455472859,7.073981423976439e-13,1.1996242894538588e-07,3.164653407041872e-16
2.8385901591258398e-11,2.7586710247037698e-12,7.805494419753702e-08,0.03610531503039951,7.194390075904631e-12,9.941033409945308e-07,0.9638935494115579,3.7360055678781943e-13,6.336104426515908e-08,1.671358969352915e-16
1.6380984554952925e-10,1.6013304013396703e-11,3.860791185908759e-07,0.24898739026772784,4.1517521276279326e-11,9.826424550821741e-07,0.7510108752167937,2.15598120130732e-12,3.6557040722262906e-07,9.645109323982523e-16
8.285810951179427e-11,8.059362870354197e-12,2.2028309787693763e-07,0.07044236126462522,2.1000339613367265e-11,1.0631191705523096e-06,0.9295561702940431,1.0905356268702681e-12,1.8492605429304784e-07,4.878677098203555e-16
1.0651355929915872e-10,1.0357888813151986e-11,2.7695666492522556e-07,0.0819872730643091,2.6995802080258993e-11,1.0736264501941541e-06,0.9180111385219086,1.4018765824311959e-12,2.3768539747258362e-07,6.271508264483458e-16
1.6127890458035956e-10,1.5717328770373797e-11,4.0204262660423097e-07,0.10956169961636195,4.087605450834074e-11,1.16249116078155e-06,0.8904363757837779,2.1226702143187444e-12,3.5984607665883905e-07,9.496087974127712e-16
1.2227947035616154e-10,1.1900156538271988e-11,3.109589508200813e-07,0.0874347619343217,3.0991664034317816e-11,1.08042073527874e-06,0.9125635736618599,1.6093794228025228e-12,2.72857350893423e-07,7.199803714890396e-16
7.934755078343092e-11,7.714546397801775e-12,2.1089595430004782e-07,0.07115478261216512,2.011059243988208e-11,1.0966553728499863e-06,0.928843732647033,1.044331575621329e-12,1.7708125709368817e-07,4.671976257682457e-16
1.2831176497587261e-10,1.2542694644275253e-11,3.2083552283286046e-07,0.17052046249559155,3.25205484148131e-11,1.0628010375659788e-06,0.8294778673282487,1.6887735323672232e-12,2.863645349546859e-07,7.55498487821709e-16
6.715925362801572e-10,6.531920873647713e-11,1.0836093164307855e-06,0.1480293324952805,1.7021483133702764e-10,1.0506896589992398e-06,0.8519670351425339,8.83915958653048e-12,1.497147240304658e-06,3.954332509449631e-15
1.4246241462342116e-10,1.3830389677673694e-11,3.4861281182588023e-07,0.0860181555240927,3.6107018318354226e-11,1.0591202735909991e-06,0.9139801186395241,1.8750168139148638e-12,3.1790902233638433e-07,8.388173287116998e-16
8.397712334266316e-10,7.98884535729648e-11,1.3763728447281161e-06,0.11156920040339205,2.1283981597819498e-10,1.12897228670433e-06,0.8884264233795037,1.1052650798764055e-11,1.8697284157941916e-06,4.944573179343973e-15
2.2862411592166802e-10,2.18574653875722e-11,4.711294696444457e-07,0.04261029799772882,5.79446539320827e-11,9.12163767873926e-07,0.957387808543543,3.0090326718450407e-12,5.098540539723304e-07,1.3461368658477855e-15
1.3192482040638622e-10,1.2805097161905073e-11,3.3161274364310446e-07,0.0872732565680961,3.343627404738874e-11,1.127952485502359e-06,0.91272498932484,1.7363266077957061e-12,2.943619316060072e-07,7.767721548507282e-16
3.582526367138147e-10,3.4671922824196e-11,7.1632821664943e-07,0.17590256712946445,9.079899348726324e-11,1.0410224132053049e-06,0.8240948760966649,4.715139956393538e-12,7.989347999154394e-07,2.1093897857876163e-15
2.5901876207431463e-10,2.5056426604938014e-11,5.62964079465992e-07,0.17526890673446296,6.564820821065533e-11,1.0601378600459997e-06,0.8247288921324232,3.4090740035287675e-12,5.776780405309338e-07,1.5251012740061986e-15
1.3998930695671314e-10,1.3737225121181717e-11,3.405876805224793e-07,0.25218508540703377,3.5480212022528583e-11,9.792904225673633e-07,0.747813282070172,1.8424671889125974e-12,3.1245364102829423e-07,8.242556313456854e-16
9.780229588289768e-11,9.480858317065158e-12,2.5431165792014357e-07,0.05683673509628022,2.4787934983584083e-11,1.038512701386879e-06,0.9431617537059445,1.2872232897020892e-12,2.1824005708030475e-07,5.758589546932075e-16
1.1377065700325223e-10,1.1094638609807567e-11,2.8757487695904276e-07,0.17074028911506747,2.8835114101826758e-11,1.131552052691197e-06,0.8292580377068487,1.4973910210208864e-12,2.538959555080026e-07,6.698806364722897e-16
4.607828729365998e-11,4.510785789356836e-12,1.2581357036101936e-07,0.14089857736343558,1.1678515598046046e-11,1.197954414554976e-06,0.8590999959505063,6.064586511322331e-13,1.0285519883162598e-07,2.713084818594827e-16
3.875664967335762e-10,3.7872207119164894e-11,7.690369544616493e-07,0.1850226615761101,9.822853673577584e-11,1.0253777339678622e-06,0.8149746789188795,5.100952019808556e-12,8.645615515471451e-07,2.2819883513641935e-15
4.441070823834474e-10,4.358197464381244e-11,8.604681876178086e-07,0.1735355758034385,1.1255872394485057e-10,1.0433708627415843e-06,0.8264615291606271,5.845110639453055e-12,9.905907887462648e-07,2.6148988600447045e-15
2.9163197685306326e-10,2.8447956077224505e-11,6.296478321482228e-07,0.17155834444285048,7.391398282868443e-11,1.0445392628940022e-06,0.8284393304328938,3.838311071934358e-12,6.505393269832291e-07,1.7171267936523346e-15
9.090038357072948e-11,8.810952069166857e-12,2.3267175138757e-07,0.09927980013304921,2.303865183042216e-11,1.0893115513115325e-06,0.9007186748985787,1.1963840043771184e-12,2.0286112235418164e-07,5.352206167995459e-16
1.0925132943897809e-10,1.0518909093136453e-11,2.7697486982232617e-07,0.04996946449571476,2.7689688341539083e-11,1.0165395833545517e-06,0.9500289980750157,1.4379096364631997e-12,2.4376591789281866e-07,6.432708541021725e-16
1.7545238086199853e-10,1.685700877774647e-11,4.014093362462796e-07,0.05289683243136442,4.446831452300541e-11,1.0221824074319224e-06,0.9471013523714626,2.3092141067533723e-12,3.9136634113394535e-07,1.033062250269705e-15
4.974321022045898e-10,4.75687470582766e-11,8.975167197852861e-07,0.11805141235696873,1.2607403282834912e-10,1.0863275199903472e-06,0.8819454947565947,6.546952731785337e-12,1.1083645720252245e-06,2.928879682297121e-15
4.01571018056305e-11,3.895339722071515e-12,1.0881191558441174e-07,0.04231434919263207,1.0177795218447807e-11,1.0714405069938286e-06,0.9576843808755614,5.285270787443054e-13,8.962462526453207e-08,2.364446419276166e-16
1.906846565532872e-10,1.8676111022381218e-11,4.5390634150298726e-07,0.1716350200857731,4.8328925319859346e-11,1.0511195022607278e-06,0.8283630491343411,2.5096935799328876e-12,4.2549384138596686e-07,1.1227495047236147e-15
3.1365706484114894e-10,2.991756590994428e-11,6.600258672549414e-07,0.08378867816092263,7.949622240148558e-11,1.060139486157534e-06,0.9162089017579212,4.1281932202159705e-12,6.994886019581264e-07,1.8468105689879672e-15
3.739968072770621e-11,3.635497069910659e-12,1.0138423933330606e-07,0.03430416617666534,9.478926430297931e-12,9.551348051134888e-07,0.9656946937709061,4.92235220917852e-13,8.348237758551099e-08,2.2020891909464868e-16
3.0357211782559477e-10,2.8243417457403526e-11,4.770375472218194e-07,0.025214359445311335,7.694019366220815e-11,7.275756346932909e-07,0.9747837591341133,3.995459829635837e-12,6.763946407258836e-07,1.7874308213934827e-15
1.279313957883787e-10,1.2390321311892739e-11,3.0713469707622377e-07,0.04865727136352937,3.24241397467005e-11,1.0119530245340222e-06,0.9513411239464967,1.6837670489195195e-12,2.8542782188175544e-07,7.532588523021956e-16
4.5506273329299684e-11,4.436334235488787e-12,1.2431440709237842e-07,0.06806333722235978,1.1533539257733953e-11,1.1556134099128614e-06,0.9319352812191003,5.989301065159328e-13,1.0156864770261266e-07,2.67940488842565e-16
9.794457380379231e-11,9.529683609096167e-12,2.5124027068420727e-07,0.14605839145681546,2.4824003333717774e-11,1.10370555696925e-06,0.8539400348929216,1.2890963160609519e-12,2.1857084747617893e-07,5.766968558528344e-16
9.90272851167834e-11,9.611218612683049e-12,2.535907263658007e-07,0.12683616412663365,2.5098417696156305e-11,1.1175842344219968e-06,0.8731622435948199,1.303346490137332e-12,2.2096854492973985e-07,5.830719096659674e-16
1.4578949446574004e-10,1.42206043766082e-11,3.621162879145779e-07,0.15595141815332986,3.695026894924204e-11,1.0628617324750026e-06,0.8440468312843693,1.918806351401424e-12,3.2538540031330035e-07,8.584071940267829e-16
5.392287353262667e-11,5.263575527005573e-12,1.462123892559892e-07,0.07553038986244953,1.366672117642969e-11,1.14976814379416e-06,0.9244681937271184,7.09705025847935e-13,1.2035633586340752e-07,3.1749732733385004e-16
4.6725486088398564e-11,4.53263060964852e-12,1.2672794237488987e-07,0.04372575807901666,1.184254747579815e-11,1.0129259716238495e-06,0.956272997917791,6.149767090160874e-13,1.0428556277263566e-07,2.7511920096729653e-16
3.963963368131683e-10,3.83252276425206e-11,8.331675148525605e-07,0.11431909927884078,1.0046648421814798e-10,1.1373511943987307e-06,0.8856780458591901,5.217167342069677e-12,8.838028523231875e-07,2.3339794177183707e-15
2.322563695734e-10,2.2465727535913662e-11,5.445551952148329e-07,0.08394659754729344,5.886525618916796e-11,1.1204594635922365e-06,0.9160512190494992,3.0568391450039693e-12,5.180719031040956e-07,1.3675236183109892e-15
1.4994144351004726e-10,1.4358569942979152e-11,3.6199023731495934e-07,0.06056976849306138,3.8002582325390586e-11,1.0405242079890603e-06,0.9394284942979829,1.9734522743437e-12,3.3449023361186417e-07,8.828541126104226e-16
6.047117250576246e-11,5.842143428376832e-12,1.454190679929928e-07,0.020773150743605178,1.5326382411989107e-11,7.158129489871566e-07,0.9792258529981337,7.958902540298274e-13,1.349438081458385e-07,3.5605364729737424e-16
1.323859639257344e-10,1.281157179476372e-11,3.3317537737511053e-07,0.0645243984585813,3.355314884100074e-11,1.0538337425480142e-06,0.9354739190010009,1.742395853136709e-12,2.953508040731056e-07,7.794873551634618e-16
9.869973502237447e-11,9.58718187653374e-12,2.5568749769368484e-07,0.08497735768440078,2.5015390785052226e-11,1.0835802947626195e-06,0.9150210826167561,1.2990349188216153e-12,2.2029644855826183e-07,5.811430535317196e-16
4.166659979729226e-11,4.064643039595837e-12,1.1164769283309681e-07,0.08862653492031992,1.0560375231812843e-11,1.1155455130745694e-06,0.9113721448148141,5.483942440807119e-13,9.301481978076222e-08,2.4533250058543436e-16
1.6842941579736968e-10,1.6252864452771074e-11,4.1645396227877106e-07,0.0666886860640848,4.26883400745789e-11,1.048543002614956e-06,0.9333094729453592,2.216781067466816e-12,3.757640026208194e-07,9.917108598424727e-16
6.701463935646212e-11,6.5181883883804235e-12,1.8073273297896583e-07,0.0682731650532442,1.6984821986594175e-11,1.0815686921584717e-06,0.9317254229798116,8.820120902194782e-13,1.4957411899127876e-07,3.9458153286075523e-16
1.4835953163313742e-10,1.4350713165130163e-11,3.722202162715931e-07,0.06645312658366605,3.760164089978516e-11,1.054512507658825e-06,0.933545115487366,1.9526317234464325e-12,3.3099397884795e-07,8.735395847290986e-16
5.285952421066936e-10,5.185751059834554e-11,9.58621276692398e-07,0.16904386318106698,1.3397221066091284e-10,1.0391848811641622e-06,0.830952959377623,6.957100879267991e-12,1.1789137670109955e-06,3.1123645643791273e-15
6.07912438751095e-11,5.917281952847829e-12,1.6379121876301782e-07,0.05700737280681628,1.5407505285498896e-11,1.0570534347277557e-06,0.9429912705877302,8.001029425178962e-13,1.3567788364174827e-07,3.5793822355979477e-16
6.77091931604822e-11,6.617825741796975e-12,1.786282239324054e-07,0.10059992295292458,1.7160855785983623e-11,1.1067379772588687e-06,0.8993986404604151,8.911534449048681e-13,1.511280797607068e-07,3.9867102730805894e-16
3.158124412539195e-10,3.050845500748139e-11,6.896486339662596e-07,0.12367772138797156,8.004253603865049e-11,1.1416060499648089e-06,0.8763197426792141,4.156563272467963e-12,7.042476085999598e-07,1.8595020299341056e-15
3.805514016771489e-10,3.661018270171844e-11,8.058583059364347e-07,0.10635728469503986,9.645060788648524e-11,1.1439553868277483e-06,0.8936399166304287,5.0086251201126965e-12,8.483422155752033e-07,2.240685041888549e-15
7.595333809314058e-11,7.31428918019352e-12,1.9777170233560638e-07,0.05860205024290356,1.925033797662988e-11,1.1005768310229298e-06,0.9413964818593937,9.996590329532263e-13,1.6944565132684555e-07,4.47212749037173e-16
2.8072859012843183e-10,2.6806085307212864e-11,6.209127425602876e-07,0.09069776227561936,7.115056531248993e-11,1.1425894719355012e-06,0.9092998480644615,3.694808211692577e-12,6.257753230117195e-07,1.6529291418875656e-15
9.022755268188555e-11,8.820232014268232e-12,2.3576647063596372e-07,0.15441726996875196,2.2868124904155255e-11,1.1537155643330212e-06,0.8455811390521173,1.1875286833560105e-12,2.0137399178753167e-07,5.312589912214434e-16
1.8131402200475208e-10,1.7640520672281055e-11,4.415746017922327e-07,0.10727041458621192,4.595394673076925e-11,1.1668087109254689e-06,0.8927275722600713,2.386362253595142e-12,4.0452310823959224e-07,1.0675754676298492e-15
2.761684535191062e-10,2.627771694177799e-11,5.965121921644089e-07,0.11184712559370906,6.999483054313111e-11,1.1224520061149833e-06,0.8881505396380598,3.6347916070854036e-12,6.154279556531266e-07,1.6260798867966153e-15
1.4692412069014772e-10,1.425999114404894e-11,3.653557832575352e-07,0.10638445947078924,3.72378459600246e-11,1.1658461462153012e-06,0.893613681326685,1.9337400833481473e-12,3.2780023979535274e-07,8.650880844767659e-16
1.5887755859256135e-10,1.54405992211329e-11,3.9681651689797165e-07,0.08992383325580897,4.0267434046627556e-11,1.15677407366548e-06,0.9100742584681002,2.091064883141582e-12,3.5446882274273734e-07,9.354697079206303e-16
1.3106095224716916e-10,1.2713252847243552e-11,3.256849376572341e-07,0.13318489857262963,3.3217337136472035e-11,1.1618393727516246e-06,0.8668133213119039,1.7249573490386895e-12,2.9241243880512336e-07,7.716859555659818e-16
3.301915396041727e-10,3.1964155752293586e-11,7.25241218278268e-07,0.10658976809145373,8.36869016322864e-11,1.1295784201836044e-06,0.8934076404579925,4.3458132545814076e-12,7.361807249145725e-07,1.9441658211709683e-15
1.3048870782435968e-10,1.260967233009857e-11,3.2625986120263223e-07,0.08880047849119836,3.3072302813468316e-11,1.1491791748774251e-06,0.9111977548149146,1.7174258161790422e-12,2.910769619633661e-07,7.683166464592711e-16
4.9043591367398156e-86,1.09457949856981e-52,1.0,1.574685442809472e-74,2.90200515210192e-84,2.8132633241080373e-62,6.356642808449346e-81,2.481130811973304e-75,4.180005924989181e-90,5.489919318282091e-57
5.342873695766255e-10,5.0225576117612284e-11,9.39627701900896e-07,0.11034848151680277,1.354149397032911e-10,1.07472089491497e-06,0.8896483132405625,7.0320204538397656e-12,1.1901670747571357e-06,3.1458828347740024e-15
1.8849007114131255e-10,1.8143967741305905e-11,4.4273514544514215e-07,0.09049794684391035,4.7772708052639745e-11,1.0716078856670742e-06,0.9095001180713692,2.4808093880099595e-12,4.2048480077877126e-07,1.1098279912020308e-15
2.1676891647763279e-10,2.124863769207963e-11,4.928793271989141e-07,0.2228065845316213,5.4939967460814765e-11,1.0001293249066063e-06,0.7771914384118338,2.8530012049566193e-12,4.83752081109209e-07,1.2763333657089826e-15
5.231178766142566e-11,5.082395629763162e-12,1.3558446131413594e-07,0.035725904473920676,1.3258392333865229e-11,9.54013056060856e-07,0.9642728891114758,6.885007356040882e-13,1.1674574480084489e-07,3.0801128484864453e-16
7.836241964545875e-11,7.617136390268718e-12,2.0236290179879512e-07,0.05303084146650796,1.9860909819607536e-11,1.0821061060709129e-06,0.9469676990783636,1.031365693851578e-12,1.7487924830990653e-07,4.613971412837061e-16
2.0006832743938662e-10,1.9267200880163083e-11,4.6460089174989163e-07,0.0656373817729002,5.070721310261434e-11,1.0850324978771708e-06,0.934360622103059,2.6331966164131053e-12,4.4621797389419557e-07,1.1780007367640877e-15
4.7364066362390586e-11,4.5999675410420294e-12,1.2691077876083168e-07,0.04270970571638697,1.200439410382411e-11,9.98599054630856e-07,0.9572890629871931,6.233813088083383e-13,1.0572199446139751e-07,2.78879121380846e-16
7.78293567624852e-11,7.490629833807258e-12,2.0268617165748405e-07,0.050401698281979636,1.9725811635403232e-11,1.0503900677042516e-06,0.9495968748938562,1.0243500952792706e-12,1.736418541263596e-07,4.5825867682318e-16
2.7682353339562903e-10,2.610562583588684e-11,5.214210880446046e-07,0.03558044791628505,7.016077458450606e-11,8.64485938533554e-07,0.9644175487741513,3.643408719711614e-12,6.170258019495342e-07,1.629935015679221e-15
3.275033407030262e-11,3.199032117518479e-12,8.867487926766264e-08,0.11494508457610275,8.300553098729577e-12,1.1512142882814473e-06,0.8850536023795508,4.310429767272705e-13,7.311049768151169e-08,1.9283362411750568e-16
1.607910019702538e-10,1.536065525143803e-11,3.7713263245164004e-07,0.09268422202699472,4.0752412973958375e-11,1.1002598516708294e-06,0.9073139417749682,2.116249452352635e-12,3.5858653147532186e-07,9.467366484016855e-16
1.9972314574326682e-10,1.9491105974726495e-11,4.620908121211641e-07,0.19263425678629686,5.0619737149941484e-11,1.0488252470701153e-06,0.8073637863952471,2.6286541000082286e-12,4.456299328875632e-07,1.1759683663635289e-15
2.642982715806408e-10,2.5797533940147155e-11,5.783331421670341e-07,0.17890436683989272,6.698626650478349e-11,1.0422882997271487e-06,0.8210934225634218,3.4785587092740814e-12,5.896146814491395e-07,1.5561860905589867e-15
3.4096426732260974e-10,3.3386516647755385e-11,6.974493132657767e-07,0.19653397906844952,8.641722108632966e-11,1.0167057033760881e-06,0.8034635455933345,4.487597118349132e-12,7.607179416765842e-07,2.007594665521728e-15
2.50461456187597e-10,2.378398292983406e-11,5.478406595881272e-07,0.10992382524325967,6.34794002344122e-11,1.1099704177065336e-06,0.8900739584478589,3.2964489776312546e-12,5.581567817184957e-07,1.474717161645157e-15
1.990658646667058e-10,1.9034175045540714e-11,4.513469308916298e-07,0.107131534216887,5.0453159733239196e-11,1.0905495929513422e-06,0.8928664796826172,2.6200036929344323e-12,4.4393279746668616e-07,1.1720988143813706e-15
1.5383900734099845e-10,1.4786811116579956e-11,3.733895832934329e-07,0.07592373826089303,3.899041415248993e-11,1.0630807660925576e-06,0.9240744818334915,2.024749843083232e-12,3.4322562425773216e-07,9.058028110187684e-16
1.3397342665642014e-10,1.2847751171271796e-11,3.2719956379185507e-07,0.09263112876062815,3.395551528498525e-11,1.1582372004163496e-06,0.9073670868456808,1.7632904843891604e-12,2.9877438595547735e-07,7.888350047482427e-16
2.5674441301920576e-10,2.438317982025232e-11,5.08847502855276e-07,0.04063646807556582,6.507173001981831e-11,9.09375979472598e-07,0.9593615408415694,3.3791375328445636e-12,5.725098026040134e-07,1.5117090953732387e-15
5.4372045054548406e-11,5.258111152563143e-12,1.4529657790315908e-07,0.043261803174157634,1.3780565521407394e-11,1.0379375326146211e-06,0.9567368921824053,7.156168748434228e-13,1.2133519963853902e-07,3.201421272806631e-16
1.482087674164414e-10,1.4349730595880591e-11,3.594082229226412e-07,0.12230005851402775,3.756343280854368e-11,1.077647095433527e-06,0.8776981735216913,1.9506475849476064e-12,3.3070688919214346e-07,8.726519363489833e-16
1.265087987732934e-10,1.2243405868111016e-11,3.2134303465364975e-07,0.059604220679023955,3.2063581504556886e-11,1.0325170656821157e-06,0.9403941430014868,1.6650434375273972e-12,2.8228690724140865e-07,7.448825739469167e-16
1.1613399674398355e-10,1.123573716593461e-11,2.9537665830793606e-07,0.0682215701829321,2.9434095855550886e-11,1.052518823648859e-06,0.931776822623297,1.5284957471795433e-12,2.5913995584119273e-07,6.837958870027469e-16
2.2719979184577694e-10,2.217075632548131e-11,5.284137964075016e-07,0.14218845675002115,5.758367209049675e-11,1.06156613466834e-06,0.8578094460832164,2.990287305144759e-12,5.068768855286899e-07,1.337750474449474e-15
1.6128674055685783e-10,1.563892095369083e-11,3.92762026418109e-07,0.08888726718802517,4.0878031856074244e-11,1.0612705469057973e-06,0.9111109186840517,2.1227728181624357e-12,3.5987542224612727e-07,9.49654766142715e-16
1.2607189018333621e-85,2.8137357500363908e-52,1.0,4.04790034098406e-74,7.459920137302105e-84,7.231799608572831e-62,1.6340442282826956e-80,6.37801683229759e-75,1.0745160239044867e-89,1.4112435205345246e-56
5.5363999332166626e-11,5.379745379244908e-12,1.4692980321088056e-07,0.09326751391370862,1.403197434007225e-11,1.1128345393739456e-06,0.9067311026757953,7.286723982415832e-13,1.2357064875547568e-07,3.259826908074926e-16
3.0675331729510715e-10,2.8720350676223092e-11,5.438814678273045e-07,0.033462337028080935,7.774646445731262e-11,8.400280700681419e-07,0.966535594997164,4.0373290705084715e-12,6.836479579315946e-07,1.806161548550318e-15
1.2547054667400664e-10,1.2149132364771306e-11,3.151461464905839e-07,0.07589981651138558,3.180044353753917e-11,1.1491824121226236e-06,0.9240984390355687,1.6513788473592355e-12,2.7995341484626417e-07,7.387695073527502e-16
8.76874549242174e-10,7.445475075258897e-11,7.258281812713832e-07,0.02363276648567342,2.2224362481329517e-10,6.992308941083955e-07,0.9763638618760624,1.1540981133911076e-11,1.9453940695588952e-06,5.1630433447143114e-15
2.6887158007798724e-10,2.5964158113654587e-11,6.154055179506225e-07,0.09837052378335141,6.814537974793823e-11,1.150753865979161e-06,0.9016271100508043,3.5387506863143893e-12,5.996399389937928e-07,1.583114144146636e-15
1.6127451965570414e-10,1.572032096355624e-11,3.9128186224300944e-07,0.1564254222130821,4.087494910965272e-11,1.1069927718066666e-06,0.8435727194499245,2.1226128113023305e-12,3.5984236591391856e-07,9.495831178539204e-16
1.4153446758576046e-10,1.370597985386319e-11,3.5521637988551e-07,0.08494802485172559,3.5871841335875225e-11,1.1669228421702562e-06,0.9150501370660268,1.8628042424553956e-12,3.1575004956793366e-07,8.33353880535212e-16
6.391553789761149e-10,5.726085623625549e-11,1.022786652833298e-06,0.09260754209499407,1.6199416517301868e-10,1.0909276465850617e-06,0.9073889236325833,8.412264094632664e-12,1.4196912967001247e-06,3.763359198667257e-15
1.510445374498516e-10,1.4580182353555006e-11,3.7413634128191586e-07,0.06697672232875256,3.828215769853813e-11,1.077746900919437e-06,0.9330214886495272,1.987970601157109e-12,3.369325825202668e-07,8.893489898111202e-16
2.720192360925759e-10,2.6276058629933225e-11,5.787502057916753e-07,0.17154405428565775,6.894315208667808e-11,1.055182208260585e-06,0.828453704706672,3.580178590922026e-12,6.067044359435068e-07,1.601647512051051e-15
1.1638074469058176e-10,1.1360716020158579e-11,3.0008227849781686e-07,0.11646020829339385,2.949663786160359e-11,1.177489694163245e-06,0.8835380542668528,1.531743589601131e-12,2.597090100779166e-07,6.852487698020034e-16
1.694972833892182e-10,1.6617408738947386e-11,4.125139231252683e-07,0.17808260840182227,4.295899703727538e-11,1.0845691289637717e-06,0.8219155160378206,2.2308362651487455e-12,3.7824599944305533e-07,9.979984394012176e-16
1.1676930600664932e-10,1.1429704353709442e-11,2.924731768485049e-07,0.134030185358152,2.959511542609911e-11,1.1285022954515616e-06,0.8659681328918853,1.5368574678304281e-12,2.6061515837781674e-07,6.87536513306073e-16
1.5097647698187136e-10,1.46521076082298e-11,3.618713936643583e-07,0.15856015153463668,3.82649103318826e-11,1.079939990420246e-06,0.841438069588089,1.9870749588717265e-12,3.368600089239914e-07,8.889482425858603e-16
8.253221237421729e-11,8.046779340223872e-12,2.163746443019107e-07,0.1391895901889223,2.0917744766787542e-11,1.0949706197467732e-06,0.8608089141448204,1.086246533195486e-12,1.8420840964407793e-07,4.859489037708275e-16
8.020227037967733e-11,7.764268618845096e-12,2.1015249531527118e-07,0.04580074355523371,2.0327217252419526e-11,9.946476729773379e-07,0.954197872541672,1.0555807420683724e-12,1.7899357608250897e-07,4.722301414830937e-16
2.792800967982155e-10,2.7230921455584157e-11,6.236278450691985e-07,0.13701038836465984,7.078340255023009e-11,1.108181974668762e-06,0.862987256429263,3.675741799785065e-12,6.230152855053419e-07,1.6443989760487928e-15
1.382862888494773e-10,1.3321981114717573e-11,3.471583322546218e-07,0.07832479180462099,3.504859284805781e-11,1.0954780949781751e-06,0.9216734568486433,1.8200533474710185e-12,3.0852183075517046e-07,8.142286859839965e-16
2.1478797782264787e-10,2.052532986928983e-11,4.6018599368590506e-07,0.046194739018021076,5.4437904465878545e-11,9.848519588805294e-07,0.9538033366968125,2.826929203223045e-12,4.789546345124635e-07,1.2646701061970705e-15
1.1195030259898423e-10,1.0866441577517276e-11,2.8585158215794597e-07,0.101892501001067,2.837374626777462e-11,1.0972672632339746e-06,0.8981058659105717,1.4734324253996257e-12,2.498168511962676e-07,6.591624421969881e-16
6.619018998715997e-11,6.439041709503529e-12,1.714613592143436e-07,0.06775674690361448,1.6775865977251442e-11,1.0818941660993057e-06,0.9322418519221239,8.711611260693316e-13,1.4772845931371872e-07,3.897271865919567e-16
1.2689220564849423e-10,1.2180503414508215e-11,3.113569434146276e-07,0.08957900144554319,3.216078018861902e-11,1.1290491404919206e-06,0.910419274969797,1.6700909177662728e-12,2.830056715570673e-07,7.47140739915964e-16
1.0378860591549233e-10,1.0157499028837133e-11,2.6775635393472814e-07,0.13364846920571138,2.6305164258986186e-11,1.1532779449257198e-06,0.8663498779767084,1.3660121821821152e-12,2.3164166362509282e-07,6.111062836382638e-16
9.486878940785189e-11,9.206571418978841e-12,2.470756554363226e-07,0.07079948335473453,2.404444016538989e-11,1.0592502519770991e-06,0.9291989984719558,1.2486140188446358e-12,2.1171803327366775e-07,5.585865025143559e-16
7.757633185383453e-11,7.531803379012894e-12,2.0025674478139815e-07,0.052819216013706476,1.9661674416117902e-11,1.0015056110451178e-06,0.9471794089821574,1.0210194973011029e-12,1.731359890002439e-07,4.567686213018094e-16
2.151579530992393e-10,2.0359148026721915e-11,3.882852504101368e-07,0.025536272599705326,5.453166223093132e-11,7.352288709225089e-07,0.9744621239137548,2.8317978604465113e-12,4.79679536716793e-07,1.2668483218651555e-15
3.926070189978728e-11,3.83042446659526e-12,1.080797880202106e-07,0.07216737049845094,9.950601757480944e-12,1.0950791391660385e-06,0.9278313386488766,5.167290591283413e-13,8.764018664022927e-08,2.3116659880547505e-16
2.1291174935611246e-10,2.0390943785758915e-11,4.905382924488835e-07,0.058256644263021046,5.396236082820615e-11,1.019932134420635e-06,0.9417413700559714,2.8022344310645453e-12,4.749205121006913e-07,1.25362249482628e-15
3.4739410376143803e-10,3.319757371641295e-11,7.336895991376761e-07,0.08173270794850733,8.804689036846318e-11,1.0741426643613514e-06,0.918264709551716,4.572224874438628e-12,7.741943004561407e-07,2.0454548854630795e-15
7.625317456005297e-11,7.358454745338201e-12,2.0063648676577638e-07,0.05057523060961438,1.932632639170844e-11,1.0393037221417394e-06,0.9494233591983182,1.0036050569725941e-12,1.7014791646122395e-07,4.489780487494252e-16
1.4193192695576561e-10,1.3856664355939644e-11,3.5825784950597043e-07,0.11859993099277324,3.597257145620376e-11,1.1540119787097746e-06,0.8813982398323739,1.8680351342413634e-12,3.167113948284195e-07,8.356939006152302e-16
1.5139624053904803e-10,1.4625815905062682e-11,3.6818029024766666e-07,0.12281456515425844,3.837131239181599e-11,1.102457097084667e-06,0.8771836262745246,1.9926003281049844e-12,3.37727442564027e-07,8.914201778206914e-16
1.1310467156755684e-10,1.0862195147222356e-11,2.7954068822095837e-07,0.07748002320020707,2.866632490167382e-11,1.0947118732870638e-06,0.9225183500739007,1.4886258209111112e-12,2.5231920830900695e-07,6.65959539659053e-16
7.07516739687888e-11,6.892980830757428e-12,1.8956772914553714e-07,0.0755322366563913,1.7931970406700382e-11,1.073394808283551e-06,0.9244663423688102,9.311969726110529e-13,1.5791575291600586e-07,4.1658512787604947e-16
3.752713854116836e-10,3.5098524592109817e-11,6.472271970672701e-07,0.03815451160642115,9.511233040084561e-11,8.798593887182545e-07,0.9618431245947592,4.9391285358719795e-12,8.36201810339124e-07,2.2095955020492866e-15
7.72895465840517e-11,7.479707721141866e-12,2.0199545107847233e-07,0.08503598732097385,1.9588996680589515e-11,1.118412457849353e-06,0.914962519688077,1.017245378004005e-12,1.724776642856377e-07,4.550802386072407e-16
5.5191653613145015e-11,5.377754399502718e-12,1.4624132247025776e-07,0.06469124729211374,1.3988291808844824e-11,1.0861211949748943e-06,0.9353073970818301,7.264039963904998e-13,1.2318825406140155e-07,3.2496787351676925e-16
5.018169629108113e-10,4.5739380731723956e-11,6.605415942613786e-07,0.029262594784825374,1.2718526635628375e-10,7.813061894180136e-07,0.9707348457570709,6.604657238841725e-12,1.116928970757199e-06,2.954696530944728e-15
7.508079675825267e-11,7.279907429905713e-12,1.980270079950748e-07,0.05399556244431133,1.9029184397790467e-11,1.0323489631850042e-06,0.9460030395028242,9.881746425431688e-13,1.6757451486871903e-07,4.4207498587799686e-16
6.346543277665218e-11,6.169582008416629e-12,1.6980628795472444e-07,0.08630638953583766,1.608527883955208e-11,1.1159124232082194e-06,0.9136921830010648,8.35299321436067e-13,1.4165783037025708e-07,3.736838691661243e-16
1.2816414339338603e-10,1.2308159458746856e-11,2.916950109781393e-07,0.03092188725960747,3.248312463252282e-11,8.287233267132132e-07,0.9690767062059605,1.6868300160107512e-12,2.8594145124467187e-07,7.546292073759009e-16
1.019934877582707e-10,9.800110549878326e-12,2.395026398725587e-07,0.03551111981927161,2.5850192688221563e-11,9.022166483012168e-07,0.9644875107630989,1.342385671884513e-12,2.2755935454345916e-07,6.005367600001611e-16
3.688024023505331e-11,3.584013717524753e-12,9.791363628287584e-08,0.026954024219328552,9.347274319533583e-12,8.521531313800703e-07,0.9730449433452284,4.853986039507975e-13,8.231837840477407e-08,2.1715045446311594e-16
1.5517535081656532e-10,1.5090909249447524e-11,3.763771417940294e-07,0.10342600656817898,3.9329102128505016e-11,1.0614422318988566e-06,0.8965722090951344,2.042337779943386e-12,3.4630567414176723e-07,9.136708893140676e-16
1.3548212363182164e-10,1.309329733233905e-11,3.399833585225814e-07,0.05967408491809276,3.433786405558579e-11,1.026587106771929e-06,0.9403242459939484,1.7831455963625415e-12,3.023327963797202e-07,7.97717393584853e-16
1.0078897169033232e-10,9.731690697250217e-12,2.62463879063715e-07,0.05507894689464728,2.5544908936141046e-11,1.0408697896984234e-06,0.9449195247301437,1.3265324833741568e-12,2.2490414756274774e-07,5.934445594171917e-16
5.181362786213211e-10,5.027698024351336e-11,9.636651746454875e-07,0.11537008555659813,1.313214180272885e-10,1.1032282798191415e-06,0.8846266917196737,6.8194466309126015e-12,1.155123716410025e-06,3.0507833285339667e-15
3.199021421832482e-11,3.1038902695270437e-12,8.73720696018948e-08,0.03696864056231163,8.107901706037319e-12,1.0193364696156466e-06,0.9630301812833005,4.2103869139568065e-13,7.140222525771437e-08,1.8835807377683953e-16
2.516999802675114e-10,2.4608411182680163e-11,5.706600433830069e-07,0.16293427629238016,6.379323810879055e-11,1.076645887269756e-06,0.8370635145692578,3.3127465906041884e-12,5.614890156531505e-07,1.482007491474883e-15
2.59516535307829e-10,2.4802439181999568e-11,5.729269723692807e-07,0.06616323358321065,6.577433465439857e-11,1.0540159954928596e-06,0.9338345605332239,3.4156236629262275e-12,5.785870870128872e-07,1.52803158206333e-15
2.59516535307829e-10,2.4802439181999568e-11,5.729269723692807e-07,0.06616323358321065,6.577433465439857e-11,1.0540159954928596e-06,0.9338345605332239,3.4156236629262275e-12,5.785870870128872e-07,1.52803158206333e-15
2.3634963087916813e-11,2.3074763610924852e-12,6.583777840319603e-08,0.06803170362749719,5.990267492284289e-12,1.1499730008620615e-06,0.9319670277670251,3.110711651088052e-13,5.276245455768369e-08,1.3916241258953158e-16
1.1377612770892723e-10,1.0925939595906033e-11,2.566244338471743e-07,0.027807827661715225,2.8836491601063497e-11,7.840125564362482e-07,0.972190877696558,1.497462449521207e-12,2.5384969973447093e-07,6.699127303640024e-16
6.902069524557976e-11,6.741064347795386e-12,1.851802900413975e-07,0.093377605538194,1.749325503203081e-11,1.1009317466338605e-06,0.906620954198098,9.084147438680983e-13,1.5405750737847743e-07,4.0639313671671453e-16
1.634197803366441e-10,1.577543135926123e-11,4.0001490989085733e-07,0.07631575237081402,4.1418651240269673e-11,1.0555775118647668e-06,0.9236824272007773,2.1508468391379845e-12,3.646132211048895e-07,9.622141704106573e-16
7.072644394615163e-11,6.8388211260888124e-12,1.847467659501867e-07,0.061690184081028124,1.792557787128764e-11,1.0603023699910606e-06,0.9383084129327477,9.308649848816595e-13,1.5784066617349447e-07,4.164366530115425e-16
2.502573759939393e-10,2.3969207809861583e-11,5.495038272623243e-07,0.09677070945761086,6.342760610056207e-11,1.0761824132654718e-06,0.9032271064009813,3.2937592780780997e-12,5.581142179463487e-07,1.4735136489156715e-15
2.1224730987399038e-10,2.0201380605458692e-11,4.3042870554841935e-07,0.04242257525536902,5.379397057383771e-11,9.268255891379077e-07,0.9575755939004095,2.7934900120196896e-12,4.7330088931817737e-07,1.2497106335710434e-15
4.2084468094053003e-10,3.946208650726008e-11,7.378970434789279e-07,0.058887401062105514,1.0666288032412366e-10,9.873236373643929e-07,0.9411099353385,5.5389420447573125e-12,9.378062026010251e-07,2.4779312634502612e-15
8.503885325527257e-11,8.215535261197183e-12,2.159573648185336e-07,0.04142037370302622,2.1553046358519833e-11,9.576092966838114e-07,0.9585782628464777,1.119237341700602e-12,1.897679076238714e-07,5.007079051359276e-16
6.964562961358919e-11,6.764585874442939e-12,1.8170693583443244e-07,0.135708976108245,1.765164820028155e-11,1.1013057994996623e-06,0.8642895853467928,9.166399910835106e-13,1.5543724818611036e-07,4.100728603344804e-16
6.601744273380696e-11,6.439034023229671e-12,1.7553649295424554e-07,0.12221466244818248,1.6732084084908424e-11,1.117436755282212e-06,0.8777838971284043,8.688875598504516e-13,1.4736010703114493e-07,3.8871005903795804e-16
2.385752306211906e-10,2.2843423058936936e-11,5.446508474821888e-07,0.06666627824019153,6.046675716321401e-11,1.0380543033890268e-06,0.9333316065916075,3.1400039945074123e-12,5.321380232267445e-07,1.4047288921583472e-15
2.1244269449505933e-10,2.0678948875537036e-11,4.9412187796369e-07,0.13119681980691214,5.3843489665347523e-11,1.1010000296363914e-06,0.8688011108002855,2.796061712777049e-12,4.739811324231154e-07,1.2508607425422585e-15
1.5969731259424511e-86,3.564204811855492e-53,1.0,5.127541160558621e-75,9.449602098948335e-85,9.160638117106979e-63,2.0698703853603007e-81,8.079137596157134e-76,1.3611069137415166e-90,1.7876451072294133e-57
1.8610736259916802e-10,1.7894324970977688e-11,4.3157121358647524e-07,0.054541561900183805,4.716880184827435e-11,1.0144831716398972e-06,0.9454565766223864,2.4494488453226507e-12,4.151694235122977e-07,1.095798391434365e-15
1.0317079431861907e-10,1.0002811107263526e-11,2.609312310157502e-07,0.05806866254666252,2.6148577411399002e-11,1.0591677858357215e-06,0.9419297869643726,1.3578806514074581e-12,2.302492672678686e-07,6.074686011010237e-16
9.165449721276185e-11,8.845963021638466e-12,2.374903439259337e-07,0.04841404999655571,2.3229780672628296e-11,1.0155830638329154e-06,0.9515844922877356,1.2063091989201986e-12,2.0451736399433295e-07,5.396608389282357e-16
4.3009787314414377e-10,4.111986290932585e-11,8.793264886190363e-07,0.09413968872164157,1.0900814242749425e-10,1.1324168033425046e-06,0.905857340355583,5.660730631217798e-12,9.585935942290285e-07,2.5324146420723475e-15
3.739741670939645e-10,3.5496765663920454e-11,7.703925269457346e-07,0.07296370209375269,9.4783567418382e-11,1.0557798941866916e-06,0.9270336377012824,4.922056447904006e-12,8.335233648350956e-07,2.2019576025706875e-15
6.31671236486586e-11,6.1096086816715435e-12,1.6866685197440775e-07,0.053117083880300134,1.6009673400167766e-11,1.055070221549063e-06,0.9468815513260813,8.313731638437928e-13,1.409704267675163e-07,3.7192746990694086e-16
6.169626674681267e-11,5.980411615605464e-12,1.6475923487462184e-07,0.05372505360914502,1.5636884514565777e-11,1.0535851399232381e-06,0.9462735902650645,8.12014455506046e-13,1.3769728967331703e-07,3.6326704392910374e-16
