i = 0,i = 1,i = 2,i = 3,i = 4,i = 5,i = 6,i = 7,i = 8,i = 9
4.28367369406659e-25,0.0061376662340192805,5.195361597018837e-21,2.7080555308944967e-18,0.1459289721307533,0.001451514058331114,0.8393072232861818,0.007174624289575614,1.1389371251130935e-12,1.031408866519537e-20
4.592462698910772e-25,0.006129228335918073,5.569869706630304e-21,2.903265964498477e-18,0.14627984290772011,0.0014389530182136107,0.8377959669550232,0.008356008781380531,1.7444222603958761e-12,1.105758067749924e-20
5.345164643804034e-25,0.006090967854850688,6.482768087273096e-21,3.3791095575430404e-18,0.14449326539817411,0.0014749194106615504,0.8372307321442237,0.01071011519028701,1.8029580534499893e-12,1.2869911670144868e-20
4.780375439465857e-25,0.006281411385730386,5.797775636349035e-21,3.022060750626907e-18,0.15082476812017984,0.0012188334338922246,0.8344881337498077,0.007186853309032753,1.3571173776689129e-12,1.1510030795261961e-20
8.513332106267571e-25,0.006481327889461589,1.0325211920030712e-20,5.381963593533466e-18,0.1641836293245444,0.0019677130645720294,0.8192140995586408,0.008153230161583636,1.1975844701389713e-12,2.0498121110764682e-20
3.567288458429745e-33,1.5109883122456597e-51,3.174802933088811e-24,1.4259967350699674e-20,3.919754765643463e-35,7.889891322459496e-25,0.9999999999878206,2.5660106469865015e-81,1.2179290218392493e-11,5.607223935135393e-24
1.447101367804033e-24,0.00643951046881971,1.755085800230014e-20,9.14829441174954e-18,0.1627707899069703,0.002193658752569287,0.8164258525874496,0.01217018828273256,1.4585755091208247e-12,3.4842830899276747e-20
6.129552514087035e-25,0.006575534936971082,7.434096061673278e-21,3.874984343905679e-18,0.1575225441205787,0.001036769977257686,0.8272342300768164,0.007630920887167957,1.2081848597707503e-12,1.475853499197936e-20
7.110275994866816e-25,0.006337067117293975,8.62354546263871e-21,4.4949786839630365e-18,0.1555760630459196,0.001444150080557841,0.8295201611284532,0.007122558626667512,1.1078802087377098e-12,1.7119888740903203e-20
8.612988111394771e-25,0.006429511040667173,1.044607756454752e-20,5.4449642032506884e-18,0.15439775351791948,0.001101368332726047,0.8291742705859833,0.008897096521350473,1.3535738136006404e-12,2.0738069563029418e-20
2.733613764462599e-25,0.0064434273273788764,3.3154047173649955e-21,1.7281376727134869e-18,0.15404099111339292,0.0009248136467173578,0.8342552293972169,0.004335538514063038,1.2309191195802866e-12,6.5819053356265785e-21
4.639946237295068e-25,0.006464210574895128,5.627459095876268e-21,2.933284124419209e-18,0.15502368135011804,0.0009830929269935822,0.8316072770955004,0.005921738051134053,1.3588863833716953e-12,1.1171909979837896e-20
3.835982990250195e-25,0.006446863538103887,4.6523895463726895e-21,2.4250341347860074e-18,0.1593304002558147,0.0012574086499364458,0.8277393989923877,0.005225928562528605,1.228863715271529e-12,9.236153709462459e-21
6.438249896751812e-25,0.006371914386827692,7.808493049301182e-21,4.070136857789326e-18,0.1593253231112542,0.001849994067943578,0.8237480334635877,0.00870473496887097,1.515958970979576e-12,1.550180639943156e-20
4.784964002552291e-25,0.006125133458781492,5.803340776493612e-21,3.0249615430553256e-18,0.14568942723958736,0.0014737088336930753,0.8395219917235297,0.00718973874340326,1.0052138021765532e-12,1.1521078986570582e-20
3.071891967259428e-25,0.006365124593466142,3.72567816707965e-21,1.941990597726687e-18,0.15287827733492934,0.00107274989516272,0.8351569153822822,0.004526932793170451,9.890016091048354e-13,7.39640046908261e-21
5.641380575949553e-25,0.006937342399493669,6.842027215791425e-21,3.566371511027937e-18,0.16372175208915704,0.0008263168997957253,0.8219570877996633,0.006557500810582383,1.3078489168029094e-12,1.358313065134469e-20
3.126633303003627e-25,0.006311059699072708,3.792070019918581e-21,1.9765970125525202e-18,0.15097779643172418,0.0012107690556248203,0.836048694180594,0.005451680631843173,1.1411697277638725e-12,7.528204857296455e-21
3.996903319803914e-25,0.006317703775377552,4.847558310393009e-21,2.526764850865183e-18,0.1521012589479626,0.001050359336992042,0.8351478323452687,0.005382845593155612,1.2434926486012694e-12,9.623612387589264e-21
3.0658433349268184e-25,0.006080923631170061,3.718342213326631e-21,1.938166771235046e-18,0.14491431154286108,0.0015228040627723748,0.8412668426355342,0.006215118126348702,1.3135769372368618e-12,7.381836771057132e-21
2.631380411226941e-25,0.006329286997414401,3.1914131915697605e-21,1.6635077258478119e-18,0.15099920444519035,0.0009713988920071817,0.8377170479913734,0.003983061673022595,9.921680502232631e-13,6.335751229331138e-21
1.5461652059730426e-25,0.006253629078259007,1.8752332477801528e-21,9.774556947681458e-19,0.14832807333002274,0.0009056939852807035,0.8419034370495914,0.0026091665560827623,7.632102068959257e-13,3.7228057420750296e-21
8.52123929382383e-25,0.006087115479195798,1.0334801982579338e-20,5.386962402524566e-18,0.14510892044584198,0.001581371592502455,0.8340540207002628,0.013168571780472513,1.7244805227150836e-12,2.051715977704029e-20
3.8354263164487304e-25,0.0063030678881547154,4.651714396516103e-21,2.4246822251774906e-18,0.15073254945669246,0.0011807156806105765,0.8356946608566821,0.006089006116660686,1.1994395544748043e-12,9.234813368598074e-21
5.050787434944226e-25,0.006305266661746041,6.1257390147509135e-21,3.1930099752096774e-18,0.15123461423785642,0.0012436626101539922,0.833712509049847,0.0075039474392487775,1.147974698052791e-12,1.2161119906308027e-20
6.837109835913112e-25,0.006439771794531545,8.29224175625255e-21,4.3222883766057085e-18,0.16348589617629092,0.002253139293633529,0.8191837131383946,0.008637479595813494,1.3359066011088503e-12,1.6462168245660125e-20
5.646073760609349e-25,0.006319576585118855,6.84771924398238e-21,3.569338457058993e-18,0.15150902064148522,0.0012526311145542104,0.832196841057308,0.008721930600324874,1.2089093980672574e-12,1.3594430747093017e-20
3.781878920489131e-25,0.006261594999955727,4.586770587893659e-21,2.390830587574573e-18,0.1507625964258979,0.0012097357285265763,0.8362572793954177,0.00550879344908667,1.1153599884314044e-12,9.105883709338657e-21
6.254074791001689e-25,0.00611093057694866,7.585120229646873e-21,3.95370492692487e-18,0.14636543637693997,0.0015152848427844702,0.8357597374239296,0.010248610777726064,1.6712900062273742e-12,1.5058355635845742e-20
3.1017578243013878e-24,0.006133703176950497,3.761900330069505e-20,1.9608711831066445e-17,0.14652282051471033,0.0013961923773161912,0.8211823429013729,0.02476494102731755,2.332464697385591e-12,7.468310497604238e-20
6.342151161449589e-25,0.006408920690850713,7.691941763048175e-21,4.0093851093547814e-18,0.15199399058735666,0.001191441360142399,0.8310345099530694,0.009371137407323921,1.2568474107568856e-12,1.527042302447572e-20
3.421142029899554e-24,0.0064331462422511695,4.149258601242247e-20,2.1627796439987454e-17,0.1617696578022469,0.002025563194913214,0.814711084284903,0.015060548474174058,1.5116620212148603e-12,8.237313285809706e-20
1.2793291312970188e-24,0.006774598180291912,1.551606848080758e-20,8.087670830693578e-18,0.16057628215644418,0.0009263720342535613,0.8215466481668547,0.010176099460481168,1.6743702707223593e-12,3.080326615524801e-20
5.830047353948061e-25,0.0063849577632999035,7.070847663637225e-21,3.685642991526839e-18,0.15847494836225345,0.001637993698486421,0.8263176831378907,0.007184417036699702,1.369864085093195e-12,1.403739631571694e-20
1.7279021739169432e-24,0.006129848235646711,2.095649024387234e-20,1.0923462670519575e-17,0.14640290978146706,0.0014593215165154543,0.8297928907893611,0.01621502967541431,1.5952380304084855e-12,4.160386037612723e-20
1.2519876675196509e-24,0.006182304816819462,1.5184463412268732e-20,7.914823393722954e-18,0.14906262910103202,0.0015763365399282712,0.8307190409680469,0.01245968857290018,1.2731691529427504e-12,3.014494738092129e-20
7.159478406844255e-25,0.006084472957118983,8.683219550818358e-21,4.52608357071451e-18,0.14501940722206072,0.001606124423087428,0.8332075822855552,0.014082413110173187,2.004474270938622e-12,1.7238356690699988e-20
4.57829350777908e-25,0.006394661100340489,5.5526849076111555e-21,2.8943084659342387e-18,0.1534895229076712,0.0010795213107010484,0.8327629715833363,0.006273323096733232,1.217863039192216e-12,1.1023464564976984e-20
5.196263547307141e-25,0.006297135320214163,6.302176591803319e-21,3.2849771465239396e-18,0.15650320407389004,0.002235678047843396,0.8274152644256573,0.00754871813122164,1.1735167299824747e-12,1.2511392506124821e-20
2.219928893668503e-25,0.00618898860450499,2.6923930593174506e-21,1.403396046608782e-18,0.1538853344836748,0.0021698136857887644,0.8333252431418312,0.0044306200830929975,1.1072051067454175e-12,5.345071794677363e-21
1.8613359645548922e-24,0.006077029039656038,2.2574813302883272e-20,1.1767005336499228e-17,0.14436296605635363,0.0014248069065480697,0.8268065834462676,0.0213286145489525,2.222122832325191e-12,4.4816635311695854e-20
2.077907043650349e-24,0.006097007225284147,2.5201449101316485e-20,1.3136125744770133e-17,0.14637101967393837,0.001523688190051452,0.8222287792692953,0.023779505638934557,2.496063860817613e-12,5.003116254148365e-20
1.4098444083214716e-24,0.006140559570326593,1.7098994974598403e-20,8.912763184615745e-18,0.14652465528126699,0.0014471260401538667,0.8289731078822858,0.01691455122425481,1.7117638083297192e-12,3.3945770079739696e-20
4.349131691224842e-25,0.006203363307808766,5.274750922378508e-21,2.749436801676159e-18,0.14620591287237067,0.0011988009962762367,0.840447801117661,0.005944121704850403,1.0328361062291238e-12,1.047169627835519e-20
5.110575191595248e-25,0.0064023323630547895,6.198251310741516e-21,3.2308066277881875e-18,0.15373102954777737,0.0010139880910087782,0.8330091107026384,0.005843539294319398,1.2013152805887086e-12,1.2305074900806075e-20
8.477754057054128e-25,0.006627532335385511,1.0282061847491863e-20,5.359471835451543e-18,0.16157322598642998,0.0011202717116513081,0.8225559756435294,0.008122994321610635,1.393102884175928e-12,2.0412457453710832e-20
2.2648716471367465e-24,0.006314734766396649,2.746900912170354e-20,1.4318079387807377e-17,0.15332295840700305,0.0014810673427730562,0.8243385248931634,0.014542714589263112,1.4008878370352851e-12,5.453283478609466e-20
2.102094004207411e-25,0.006352074352057469,2.549479545536154e-21,1.3289031082114612e-18,0.15650167011667546,0.0011190975171726833,0.8329028045522174,0.0031243534611240346,7.528591028378164e-13,5.061352822456557e-21
9.262316813658728e-25,0.006141239510704991,1.1233601929063084e-20,5.855457258850139e-18,0.14708154633555337,0.0015007401443483692,0.8305699954858548,0.014706478521765818,1.7727134484139555e-12,2.230150186126358e-20
1.4612727904112938e-24,0.006260415411005503,1.7722733056350888e-20,9.237883398527737e-18,0.1489953442185135,0.0011597584760649948,0.8323953930010803,0.01118908889173519,1.6004897010470443e-12,3.518404575287685e-20
1.7798650626154638e-25,0.006487971839447304,2.1586710974255374e-21,1.1251962189415908e-18,0.15356873453108516,0.0008320460686029829,0.8359112353229742,0.0032000122368507715,1.0396133302559807e-12,4.285500572402319e-21
2.4090616314419346e-24,0.007110677988024361,2.9217786364123774e-20,1.5229620389781588e-17,0.16694386004337403,0.0007891755464818783,0.8145099129723694,0.010646373447956436,1.7937602762184994e-12,5.800459381503814e-20
6.240158370009942e-25,0.006840442333458331,7.568241997450993e-21,3.9449072232290765e-18,0.1688046286055837,0.0011734620815255245,0.8157092053347716,0.0074722616432830145,1.3777625661692935e-12,1.502484813493673e-20
2.2711506846989354e-25,0.006224386804933098,2.7545163079700145e-21,1.435777466750816e-18,0.15216846890591068,0.0013395940497366204,0.8364671968118645,0.0038003534266243147,9.307162695474776e-13,5.468401938842756e-21
4.736739047872417e-25,0.006156400601554863,5.7448521764151946e-21,2.9944746557944743e-18,0.14819671666194692,0.0015165843738138118,0.8371946736222572,0.006935624739386487,1.0406653784496927e-12,1.1404964526418678e-20
4.746820892053469e-25,0.0061933983478906045,5.757079724500504e-21,3.000848196938097e-18,0.14940460232559585,0.0014728410523828328,0.8365173314639827,0.006411826809235057,9.128495888700107e-13,1.1429239259317104e-20
6.659936280866599e-25,0.0061432703609088715,8.077360616926302e-21,4.210282709289343e-18,0.14642832232000147,0.0014721436178804792,0.8350903672352267,0.010865896464415922,1.5666476119721845e-12,1.603557558564358e-20
2.620911441537003e-25,0.006310767664484151,3.178716126630299e-21,1.6568894459498093e-18,0.1557143301444395,0.0014935269003660732,0.8318016452259105,0.004679730063698162,1.1015985053082442e-12,6.31054438836005e-21
2.3464709088171406e-25,0.0063180054923926525,2.8458668233917568e-21,1.4833934559052257e-18,0.1511046822517444,0.0009893451176439332,0.8380643035504824,0.00352366358683793,8.985420004445208e-13,5.649755497797546e-21
1.6349784324633765e-24,0.006432506729610402,1.98294846120713e-20,1.0336016784763996e-17,0.1622172056305212,0.0021282891099543345,0.8166115294411688,0.012610469087258738,1.486666603250924e-12,3.936647308452615e-20
1.0042174112952668e-24,0.006434384314892874,1.2179435097777576e-20,6.348467901404306e-18,0.1607750974320269,0.0016456555744177013,0.8213080827881574,0.009836779888946075,1.55910713331361e-12,2.417921662322355e-20
6.986824113384488e-25,0.006358312250917769,8.473819500765623e-21,4.416934832589842e-18,0.15233349995939266,0.0010782524161272048,0.8333479432213229,0.006881992151121182,1.1183324521099917e-12,1.6822645359994873e-20
4.511466561300089e-25,0.007385004717567472,5.471635281468688e-21,2.8520617591302078e-18,0.1750417368959927,0.0007480519333776363,0.8111043547399951,0.005720851711636076,1.4309027123506245e-12,1.0862560840619866e-20
6.220335644968314e-25,0.006396905053321762,7.544200431316842e-21,3.932375681229619e-18,0.15392131101719636,0.0011385058508691143,0.8310000577668208,0.007543220310602666,1.1891586725726728e-12,1.4977119629395856e-20
4.0883301682210774e-25,0.00633140162234295,4.9584433990201704e-21,2.584563143233216e-18,0.15034776122446014,0.00122849239985793,0.8354520056484758,0.006640339103717982,1.1451908585853461e-12,9.843746946934015e-21
1.7799191571593224e-25,0.006241306071475756,2.158736704832029e-21,1.125230416469398e-18,0.14473889251972288,0.0011224629693956404,0.8441502082267083,0.0037471302117780495,9.1939196764934e-13,4.28563081946935e-21
7.692816188337329e-25,0.0063576877600172626,9.330066819306562e-21,4.863249359256726e-18,0.15284341708250218,0.0011583725014786305,0.8312545934770041,0.008385929177566167,1.431633228920517e-12,1.8522509863732038e-20
3.0288514792348785e-25,0.006283819844649627,3.673477435987417e-21,1.9147812347987358e-18,0.15086718462815382,0.0012087306100331259,0.8367657539969815,0.004874510919141843,1.0399967142562308e-12,7.292768997275511e-21
7.064120383261645e-25,0.006344924519595731,8.567566620844253e-21,4.4658000444765045e-18,0.15276603495831997,0.001154064448433758,0.8315540349545191,0.008180941117797975,1.3334356586613865e-12,1.7008756776997852e-20
2.480357277277731e-24,0.00607306670679009,3.0082480285827714e-20,1.5680338140930667e-17,0.14536609140658968,0.001463818561981693,0.8205152230737602,0.026581800248254392,2.6238740744943638e-12,5.972122693343233e-20
3.08733370406283e-25,0.006317141191255216,3.744406345768911e-21,1.9517525652760197e-18,0.15217518160956167,0.0011231666892658337,0.8353171174150672,0.005067393093722608,1.1274459508806263e-12,7.433580575210519e-21
3.1033861343550413e-25,0.006338521857594781,3.7638751909343834e-21,1.9619006032414346e-18,0.15162468875565566,0.0013428716473895418,0.834351717928303,0.006342199809933702,1.1232255802658493e-12,7.472231089041388e-21
1.3274326220642392e-24,0.006411833616687987,1.609948133268278e-20,8.391771769505598e-18,0.16120954195123893,0.002139446814137588,0.8191574299072243,0.0110817477094244,1.2867036174965524e-12,3.1961486188695966e-20
1.5707563960066032e-24,0.006460902047488811,1.90505814422103e-20,9.930017469578618e-18,0.16354201427675288,0.0021058631445718145,0.8167602584377622,0.011130962092106053,1.3182425089463496e-12,3.7820156008079634e-20
3.8159698274861224e-25,0.006388706463489396,4.628117011929841e-21,2.4123821795950118e-18,0.15636827939298628,0.0012073450978350682,0.8318768186592924,0.004158850385767067,6.298885334276708e-13,9.187966674196378e-21
1.2016689739940954e-24,0.0064833439831809715,1.4574183949736397e-20,7.596718298522708e-18,0.16327390692548788,0.0017907201539476417,0.8199652301624306,0.008486798773963593,9.893000567446012e-13,2.893339042384261e-20
4.1270140978593236e-25,0.006259546629679917,5.005360371888819e-21,2.60901836370519e-18,0.15611337286961108,0.002233064427350857,0.8285818851378398,0.006812130934247048,1.2712238357731473e-12,9.936888840718101e-21
7.297654981100641e-25,0.006495948725810126,8.850804039907361e-21,4.6134360898709176e-18,0.16591038611082606,0.002399082008966004,0.8164421889751445,0.008752394177945788,1.3075444914465394e-12,1.7571053702628158e-20
1.297535348570493e-24,0.0063523722972397756,1.5736878675071494e-20,8.202766856873476e-18,0.15614315841858797,0.0015691332293970555,0.8273122661154673,0.008623069938454896,8.529817451443943e-13,3.124162946807949e-20
6.261944648670065e-25,0.006434383171240249,7.59466501741111e-21,3.9586800800956625e-18,0.1631147502429881,0.002186217857843417,0.8209749125527408,0.007289736174054693,1.132819358840151e-12,1.50773044203273e-20
6.772653440149467e-25,0.006468089854537614,8.214067201614423e-21,4.281540286832016e-18,0.16418113804881287,0.0019835864898757063,0.8194441975946809,0.007922988010770522,1.3224692023568678e-12,1.630697225537733e-20
5.799048694283651e-25,0.0063773169743254225,7.033251605328808e-21,3.666046221808541e-18,0.16027809807210341,0.0022231720216366693,0.8242146234325939,0.0069067894983809025,9.596726412623294e-13,1.3962758762256027e-20
1.4343668425460364e-24,0.006405709657056556,1.739641004896009e-20,9.067789172044878e-18,0.15996059151329378,0.001822695346115241,0.8200049043310422,0.011806099151108834,1.3833328283558866e-12,3.45362131874312e-20
6.11889253955992e-25,0.006361146043481245,7.421167340618034e-21,3.8682452786153876e-18,0.15744895300896553,0.0015455648848053149,0.8283814267894186,0.006262909272406909,9.224700677922022e-13,1.473286825580367e-20
3.663780447915455e-33,1.5518592051953464e-51,3.260835569536053e-24,1.4651766989709298e-20,4.0257806535456275e-35,8.103305881004725e-25,0.9999999999859781,2.6354189578323176e-81,1.4021970297311752e-11,5.759141106814873e-24
2.4984903284759172e-24,0.006245798229302427,3.0302403100849307e-20,1.579497124117372e-17,0.1484807716378318,0.0012534879953635522,0.8319713950872822,0.012048547048882304,1.3376339698539867e-12,6.015782857680109e-20
8.877674768968124e-25,0.006271894685837804,1.0767097089891281e-20,5.612293972630579e-18,0.14875801702117017,0.0011824309467155013,0.8349438713896276,0.008843785955405381,1.2436910817588463e-12,2.1375373393727256e-20
1.0819676327952859e-24,0.006068120730091823,1.3122411953163328e-20,6.839989781674093e-18,0.14449725091134855,0.001530283358589008,0.8306563229119173,0.017248022085835153,2.2181026768980083e-12,2.6051260890839275e-20
2.782882482342404e-25,0.006925118801411027,3.375159223213409e-21,1.7592843934765026e-18,0.1676295445498199,0.0009496841469269574,0.8202604324936522,0.004235220007186309,1.0034745338930003e-12,6.700532934480698e-21
3.4217020130214916e-25,0.0067664642123131565,4.149937764751745e-21,2.1631337302252167e-18,0.17021978557312342,0.001382888034995071,0.8165049574034288,0.005125904774967392,1.1722020259169232e-12,8.238661594846723e-21
8.902128391896919e-25,0.006562924399016858,1.0796755141024429e-20,5.627753057959505e-18,0.16242090587807462,0.00135536813659175,0.8215328392505838,0.008127962334385142,1.3479434035369544e-12,2.1434252022910898e-20
2.2255403578907977e-25,0.006384165440256745,2.6991988031230884e-21,1.4069435080530208e-18,0.1507331778047021,0.0009032037859196612,0.838169520290293,0.0038099326777211806,1.1072646930304318e-12,5.358582893710141e-21
3.887374840473244e-25,0.006401390135954745,4.7147190476586894e-21,2.45752305230042e-18,0.15542369392722646,0.0010884420454446303,0.8327916780459474,0.004294795844703572,7.231993762975939e-13,9.359893316537546e-21
1.688728935680627e-24,0.006854776273140663,2.0481386040898718e-20,1.0675816930792437e-17,0.1624717088407273,0.0008722226191731061,0.8200187883865961,0.009782503878714207,1.6485827806327015e-12,4.066066002639789e-20
1.39902488231811e-25,0.006137349105581575,1.696777267824815e-21,8.844364333555734e-19,0.14446040978121033,0.001387259395406122,0.8449513261422154,0.0030636555747456783,8.410785810887958e-13,3.3685261090379314e-21
7.746071915862281e-25,0.0063115966660491785,9.394656884119639e-21,4.896916530930041e-18,0.1513513690819831,0.0012610524488514102,0.8345302421723403,0.006545739629963232,8.12701285457345e-13,1.8650737253222594e-20
9.702876704034733e-25,0.00614833072677985,1.1767925525836672e-20,6.133970660313624e-18,0.14859139059167098,0.0016692970367324822,0.830523060099428,0.013067921543760883,1.6278099413681923e-12,2.3362267478821005e-20
1.2947362524169377e-24,0.006150134001435645,1.570293043887541e-20,8.185071726964207e-18,0.14722491459987758,0.0014947320028299636,0.8290828375440055,0.0160473818501497,1.7016377927589558e-12,3.117423375164193e-20
1.6613941759539586e-24,0.006068818617596388,2.0149862281116853e-20,1.050301210684638e-17,0.14438926385253686,0.0014577329063174842,0.8267767444121894,0.021307440209047523,2.3123401875360602e-12,4.000250267047652e-20
1.2058518140318947e-24,0.006326467176009071,1.4624914626361438e-20,7.623161335571738e-18,0.1540442121041348,0.001442892289591158,0.8299948502251404,0.00819157820433993,7.845845534889189e-13,2.9034103470772235e-20
9.51251947360819e-25,0.00626577365746534,1.1537054849060108e-20,6.0136304375623695e-18,0.14952408672990603,0.0012811850876860921,0.835049681196657,0.007879273327323761,9.618424481223496e-13,2.290393159856413e-20
7.07760177797381e-25,0.006304292110519316,8.583917240738112e-21,4.474322718032309e-18,0.14980442062192265,0.001139916815068305,0.835429620806173,0.007321749645157927,1.158913101140487e-12,1.7041216835869117e-20
6.246629614314918e-25,0.006437609659811848,7.576090507052035e-21,3.948998169030889e-18,0.16089787148054382,0.0016836108850555188,0.8253348547640499,0.00564605320987017,6.687090982892406e-13,1.5040429384118646e-20
1.4475832719024046e-24,0.006723462698025374,1.7556702672527818e-20,9.151340889667446e-18,0.16004612605347696,0.0009148873820361468,0.8219481883187297,0.010367335545854455,1.877540198867028e-12,3.485443402748085e-20
2.8231405156252817e-25,0.0063708785624826585,3.423985313859208e-21,1.7847347404495466e-18,0.15515788422379007,0.0010442417164788897,0.8337141346929096,0.0037128608035591907,7.797577110155601e-13,6.797464903251446e-21
7.010738448947907e-25,0.006200323976798976,8.50282348882475e-21,4.432053018534878e-18,0.14652415345732814,0.0012739837584925559,0.8375106920640193,0.008490846742148587,1.2124099529745387e-12,1.6880225510862906e-20
6.100013594515725e-25,0.006336819507506637,7.398270417772548e-21,3.85631042693791e-18,0.152002530643542,0.0010884771773394218,0.832874656087466,0.007697516582636714,1.5091895631220001e-12,1.4687412152748048e-20
5.431422632744681e-25,0.006285998871470323,6.5873842357291305e-21,3.4336401695469875e-18,0.15020408547456457,0.0011412682501273348,0.8356415038620806,0.0067271435403763935,1.3807085631847331e-12,1.3077600819541786e-20
1.0796199426202441e-24,0.006181450015428679,1.3093938497313302e-20,6.825148115172544e-18,0.14792546585722324,0.001415452022412123,0.8296879308247929,0.014789701278584583,1.5583013487887304e-12,2.599473397872316e-20
7.544640154186677e-25,0.006238716007058026,9.15035470013438e-21,4.769575355548482e-18,0.14859107901581786,0.0012189949694142342,0.8344480469903582,0.00950316301563778,1.7136108914722634e-12,1.8165736481042957e-20
3.7625022027837996e-33,1.5936745568670234e-51,3.3485385800309456e-24,1.504031961357283e-20,4.1342566243150587e-35,8.32165209693913e-25,0.9999999999899583,2.7064311799173047e-81,1.004169791572495e-11,5.9140696507440736e-24
2.7212518472065976e-25,0.006164308639777175,3.3004118316409138e-21,1.7203227039925262e-18,0.14507090018668692,0.001188772246431847,0.8433049693644615,0.004271049561782235,8.604306898678511e-13,6.552140717739525e-21
1.938559496901344e-24,0.006875198331156376,2.3511402321778177e-20,1.2255197291559448e-17,0.16271140677638654,0.0008517800395215311,0.8193701379478927,0.01019147690326981,1.7730324687781193e-12,4.667599813021063e-20
5.163566165188166e-25,0.0065456702425469296,6.262520274457312e-21,3.264306492599274e-18,0.16609068686910347,0.0018040548387435126,0.8193623011425482,0.006197286905945065,1.112677787534511e-12,1.243266482459092e-20
7.67998470437319e-24,0.007091073838665206,9.314504429327974e-20,4.855136854294063e-17,0.1670552686967361,0.0007959128643323372,0.813223204730834,0.01183453986753055,1.9017149371860018e-12,1.8491614637175963e-19
1.1081717309878953e-24,0.006483355785709831,1.3440222727613456e-20,7.005646935899968e-18,0.1646995829067644,0.0021007003541206985,0.8170559066709967,0.009660454281097417,1.3111218046053487e-12,2.6682194550573198e-20
7.50544921393999e-25,0.006238776260871599,9.102822810357794e-21,4.744799571716881e-18,0.15334317628533603,0.001850692589583268,0.8287471515509763,0.009820203311848286,1.384387142268004e-12,1.8071373823785145e-20
6.09591906073784e-25,0.006481657216684672,7.393304450459133e-21,3.853721910591663e-18,0.16504754338466682,0.001959003874279773,0.8199263711371038,0.006585424386201503,1.0635823095697429e-12,1.4677553468930265e-20
3.0833892852212667e-24,0.0063957849339365104,3.739622442079349e-20,1.949258799694808e-17,0.15564133888107962,0.001338544831365261,0.8274496744002575,0.009174656952610433,7.507293040594735e-13,7.424083332937474e-20
7.341333708205946e-25,0.0063397272757053395,8.903778845546695e-21,4.641048904524925e-18,0.15345210703410989,0.001184396027534175,0.8317351456185291,0.007288624042864264,1.257336660933671e-12,1.767622190546273e-20
1.3363326031642034e-24,0.0061661737835651065,1.6207422841125868e-20,8.448035708311082e-18,0.14650087835535652,0.0013992300611524351,0.8338383356914598,0.012095382107109368,1.3568178720767684e-12,3.2175777007136153e-20
5.033745898781714e-25,0.006393853572794181,6.105070553789072e-21,3.182236637620151e-18,0.16228984781123887,0.0023513517548456914,0.8217308893415887,0.007234057518260101,1.2724188554769903e-12,1.2120087855898175e-20
7.89676234806645e-25,0.006213503652973883,9.577418536989155e-21,4.992180176627821e-18,0.152445674796802,0.001925836155522001,0.8270762231324409,0.012338762260436615,1.824777063357983e-12,1.9013564721052264e-20
5.008066314590329e-25,0.006412282091375495,6.0739256218788556e-21,3.166002514769487e-18,0.15866794411711135,0.0019772264574675286,0.8238664498863562,0.009076097446139568,1.5499337189352496e-12,1.2058257397491676e-20
7.4487144953570985e-25,0.006199254551595157,9.034013325971427e-21,4.708932975457472e-18,0.14776033356108895,0.001423665038601354,0.8356886420495702,0.008928104797963727,1.1806004419032584e-12,1.793476983391418e-20
3.894728230487725e-25,0.006126831784840082,4.723637448746657e-21,2.462171741013799e-18,0.14645249976653535,0.0014589235185388193,0.8393449301833463,0.006616814745580985,1.1584717955356e-12,9.377598567260445e-21
3.6873112664119967e-25,0.006427796994756628,4.472076240607382e-21,2.331046759947221e-18,0.15327505454553794,0.0009565236034998056,0.8340289096926872,0.005311715162169466,1.3490211258066187e-12,8.878186821418245e-21
1.2272161473972795e-24,0.006298409549867811,1.4884027353110924e-20,7.758222711043328e-18,0.1556595461687253,0.001880586677512187,0.8224950766584203,0.013666380943699602,1.7750752081457423e-12,2.954850686487809e-20
5.884163171855318e-25,0.00639398914822675,7.136480870600104e-21,3.7198539487351005e-18,0.15530245145058938,0.0013253508877636938,0.8303772143475693,0.006600994164959734,8.91164048392837e-13,1.4167694602609238e-20
1.0938117897894075e-24,0.006824042181081065,1.326606126625597e-20,6.914866135494122e-18,0.16733785835456735,0.0011010382261591905,0.8163218696481671,0.008415191588648781,1.3764093192732814e-12,2.6336440608109848e-20
5.189372741967879e-25,0.006221421302191657,6.2938192266054714e-21,3.280620909642251e-18,0.14946990075431743,0.0013525495541833908,0.8359025018339156,0.007053626554273547,1.1183338646137075e-12,1.2494801051595318e-20
2.9676004483934622e-25,0.006479128999034135,3.5991904393245015e-21,1.8760595188875727e-18,0.15637438892944888,0.0012399435907922743,0.8309869852341201,0.004919553245480599,1.123844025415e-12,7.14529077926496e-21
5.958272916131267e-25,0.006364748142149132,7.226363281552067e-21,3.7667046568883004e-18,0.15534833512991433,0.0013835243736244143,0.8311001328843345,0.005803259469301899,6.758476048376935e-13,1.4346133607963073e-20
4.432635123026852e-25,0.006353781018201648,5.3760262654186234e-21,2.8022260611933783e-18,0.15852714849605587,0.002140151808331949,0.8250614718564718,0.007917446819513816,1.4247400937034615e-12,1.0672753095721125e-20
4.406867792856631e-25,0.006266251048314016,5.344774912673877e-21,2.7859364534754835e-18,0.14956059777392955,0.0011616426019554098,0.8367605667939366,0.006250941780521048,1.343297221072853e-12,1.0610711365396527e-20
3.599217597072889e-25,0.006490139432406993,4.3652337266095985e-21,2.2753556503052104e-18,0.15315293964459256,0.000986170753264675,0.8336482532748067,0.00572249689356438,1.3644720418227806e-12,8.66607778107668e-21
1.676799867679307e-24,0.007118744629619435,2.033670690281567e-20,1.060040369588409e-17,0.16729717556186463,0.0007932987414903412,0.8145945028689673,0.010196278196223355,1.834928205822902e-12,4.037343584955091e-20
1.8727973189580922e-25,0.006151123990397114,2.271381987706828e-21,1.183946191308205e-18,0.1455168568730328,0.0011733033589390678,0.8435067388753432,0.003651976901344264,9.435341355227935e-13,4.509259803436904e-21
9.77881997006159e-25,0.006395743222225769,1.186003168421384e-20,6.181980524709328e-18,0.15294422880380695,0.0010517543023093393,0.8305881369460133,0.009020136723935852,1.708866708789427e-12,2.3545121177518056e-20
1.6615810379351416e-24,0.006336682776191556,2.0152128596426598e-20,1.0504193201776174e-17,0.15339169518540383,0.0012576136132094486,0.8276102960869732,0.011403712336930542,1.2913699826297118e-12,4.000700187144478e-20
3.6939962159441206e-25,0.006381397942768998,4.480183938006402e-21,2.3352728405656508e-18,0.15401599015783363,0.0010670448535169358,0.8340797950680718,0.004455771976967916,8.405971675444404e-13,8.894282623068709e-21
6.196804932909539e-25,0.0063816378567064435,7.515661712808828e-21,3.917500028774033e-18,0.16036468746764718,0.0021060046864680333,0.8223911661976488,0.008756503790155246,1.3741545768082436e-12,1.4920463154668694e-20
7.187857481065228e-25,0.006231427589145017,8.717638501188375e-21,4.544024207964834e-18,0.15030259965727827,0.0014370831217868664,0.8341218632428243,0.007907026388015173,9.503873041925134e-13,1.7306686892340566e-20
5.469381851448487e-25,0.006319237867849989,6.633422258501076e-21,3.4576372241342007e-18,0.1515671419758965,0.0012024017814816212,0.8353793649927993,0.005531853381157499,8.150989639318163e-13,1.3168997778123477e-20
3.325353890562992e-25,0.006242905281470362,4.0330840146523316e-21,2.1022243184428012e-18,0.14893969386383354,0.0012019752942814142,0.8379654704377434,0.00564995512143306,1.2383311847072318e-12,8.006677753709701e-21
2.2132242116673534e-24,0.006805666993130474,2.6842614297875198e-20,1.3991574337083216e-17,0.16145045545761505,0.0008936253911772363,0.8198750629562921,0.010975189199987368,1.7979156140347062e-12,5.328928481720315e-20
3.3856397622529527e-25,0.0062942041563759776,4.10620043877182e-21,2.1403358665876802e-18,0.15125667342205898,0.001291409339710055,0.8364132362582098,0.004744476822942534,7.026033421546386e-13,8.151832093228974e-21
2.467510923351223e-25,0.006454849855184396,2.992667604247441e-21,1.5599126119253241e-18,0.15541409630461453,0.0012164344949124816,0.8324544733151649,0.004460146029004987,1.1188540090069418e-12,5.941191664773582e-21
3.6620842279171896e-24,0.006983274313753497,4.4414801689442303e-20,2.3150985775518977e-17,0.1650621751924329,0.0008340149203868243,0.8155535852841653,0.01156695028732666,1.9347788172867727e-12,8.817445987362535e-20
3.644883996477225e-25,0.006281006311791871,4.4206192378987036e-21,2.304225060243339e-18,0.15002344053440017,0.0010368283660435135,0.8372402850496556,0.005418439736769992,1.3387596250454717e-12,8.776031835960621e-21
2.638571706546929e-25,0.006246658406655655,3.2001349995818582e-21,1.6680539229020366e-18,0.14904307795731436,0.001289732032921681,0.8389165913944843,0.004503940207796313,8.278710709914549e-13,6.353066193742099e-21
7.752984802728374e-25,0.00697137228153184,9.403041030416581e-21,4.901286784886423e-18,0.16432126768238775,0.0008128956760323613,0.8198297217099428,0.008064742648466516,1.6386394771685706e-12,1.8667381874959902e-20
5.725256719029764e-25,0.0069323506527795625,6.943754593686251e-21,3.619396370690172e-18,0.16565962707605983,0.0008953684277703727,0.8203701927833362,0.006142461058870129,1.183980856912377e-12,1.3785084870632018e-20
2.0171765628321228e-25,0.006940629872017958,2.4464892513761488e-21,1.2752199521173127e-18,0.1634689128361161,0.0007587384868744812,0.8252830012556347,0.003548717548293876,1.0629155314763667e-12,4.856891399366641e-21
6.924412689316958e-25,0.006225262350880086,8.398125146133124e-21,4.377479578884509e-18,0.14736273814234524,0.0012427250425033943,0.8346050301373883,0.010564244325045302,1.8377253683235218e-12,1.667237318541674e-20
6.383253304143278e-25,0.00631517777342639,7.741791613651538e-21,4.035369091572699e-18,0.15086930096275158,0.001066258359907471,0.8337447708545774,0.008004492047595221,1.7418937234494359e-12,1.536938741212748e-20
4.623055080786098e-25,0.006392038308565666,5.606973019642563e-21,2.9226058607435822e-18,0.1542300778463982,0.0011013173562732963,0.8326529081976972,0.0056236582899834115,1.0821832468537018e-12,1.1131240008604364e-20
2.2090565321232477e-24,0.006384555703642408,2.6792067492258004e-20,1.396522726686224e-17,0.15767990737974602,0.0017323220758212422,0.8168983519959441,0.01730486284298878,1.8573301980480196e-12,5.318893680024382e-20
1.3977512245127184e-25,0.0064916016534514644,1.6952325393208515e-21,8.836312489008163e-19,0.15527207682915986,0.0009014527864451432,0.8350263723183848,0.002308496412035813,5.228006334225075e-13,3.3654594376478404e-21
1.1806095539233274e-24,0.006223424946041773,1.4318769298477917e-20,7.463584856030007e-18,0.15143267494004337,0.0016925760553313878,0.8256665653745954,0.01498475868238138,1.6067536280241637e-12,2.842632863236303e-20
1.2304533741255533e-24,0.006412715160597446,1.4923289361857033e-20,7.77868770829801e-18,0.1540746846160476,0.0011241661042619565,0.8293588112087759,0.009029622908990969,1.3261586699465233e-12,2.9626451745369946e-20
1.2304533741255533e-24,0.006412715160597446,1.4923289361857033e-20,7.77868770829801e-18,0.1540746846160476,0.0011241661042619565,0.8293588112087759,0.009029622908990969,1.3261586699465233e-12,2.9626451745369946e-20
1.1843236668971632e-25,0.005994399854784001,1.4363815119631003e-21,7.487064835175321e-19,0.14093536594090342,0.0011493333415366928,0.8494618974245849,0.002459003437464233,7.268314834156088e-13,2.851575582332919e-21
7.41601538345839e-25,0.007118984581076935,8.9943549106792e-21,4.6882612435953785e-18,0.16678814718986743,0.0007833253963875757,0.8175985676461521,0.007710975184980084,1.5357769746037462e-12,1.7856037987436162e-20
3.134932239722601e-25,0.006233018818085829,3.8021352070017384e-21,1.981843440186921e-18,0.14872979273090267,0.0012896101887919689,0.8376398119602386,0.006107766300812446,1.168329880978681e-12,7.548186764248767e-21
7.513116967694548e-25,0.006315701704192848,9.112122480728417e-21,4.749646999866736e-18,0.15052851757899074,0.00116285280755836,0.8333751473050913,0.00861778060281812,1.3485704326891325e-12,1.808983598913058e-20
3.447683421358732e-25,0.0062756940055356345,4.181448757591542e-21,2.1795586701177704e-18,0.14855089637585825,0.0010521092714673682,0.8395152471828399,0.004606053163390676,9.081759655562824e-13,8.301218775512873e-21
1.1755051061726736e-24,0.006257783693717489,1.4256861100670573e-20,7.431315471370843e-18,0.1488669643399903,0.0012250167300704021,0.8340890145275702,0.009561220707297237,1.3544206362013848e-12,2.8303425417712566e-20
1.2010782021498497e-24,0.006852356387400654,1.4567018900330046e-20,7.59298359711602e-18,0.16370038699193312,0.0009602190591669852,0.8196800248334561,0.008807012726647186,1.3958876355561299e-12,2.891916601361643e-20
2.1444986221152204e-24,0.006558278248309059,2.6009090752036997e-20,1.3557104487500014e-17,0.15507806043358563,0.0010109063808703053,0.8260942973472598,0.011258457588466013,1.5091418154079359e-12,5.163453267040101e-20
4.1052039935438736e-25,0.006583837112651056,4.978908455489905e-21,2.5952304434665267e-18,0.1563553258578178,0.0009083388557709854,0.8307292086295532,0.005423289542826401,1.3805647774520233e-12,9.884375188684583e-21
3.3850567519086586e-25,0.006136762226220234,4.105493347204673e-21,2.139967302449322e-18,0.14557659808151913,0.0013706117490063664,0.8417375579948101,0.005178469947594518,8.49711939483756e-13,8.150428340101663e-21
3.1290727840194206e-25,0.006098166292034958,3.795028692052725e-21,1.97813920313563e-18,0.14539086051067462,0.0013854966649179238,0.8414582830293464,0.005667193501826832,1.1991614157386057e-12,7.534078559472344e-21
1.0657998748150353e-24,0.006345351776940378,1.2926324774395914e-20,6.7377803201252375e-18,0.15164379763079172,0.001112601648577138,0.8313327563000992,0.009565492641895991,1.6957067397391286e-12,2.566197893031433e-20
9.599644683899945e-25,0.0062707043854489525,1.1642722788344159e-20,6.06870938842509e-18,0.1532179825799929,0.0016725557454452507,0.8272895718067323,0.011549185480688177,1.692247270234638e-12,2.3113708815207997e-20
3.3871238343870414e-33,1.4346763885703733e-51,3.0146058243955894e-24,1.354539386088217e-20,3.7217889547385064e-35,7.491415186326457e-25,0.9999999999736404,2.4364151980635522e-81,2.635959330101539e-11,5.324261206642306e-24
8.761394795504201e-25,0.006477983015891981,1.0626069422563979e-20,5.538784048791553e-18,0.15601958898086477,0.0010655300153627901,0.8276182819547886,0.008818616031223728,1.8682755055179365e-12,2.109539829713397e-20
4.666763599768957e-25,0.006441943358502564,5.659983957733468e-21,2.9502375498951454e-18,0.15676051510450517,0.00116551447022525,0.8289591036977607,0.0066729233673706355,1.635797179678197e-12,1.1236479943409658e-20
4.531887861295209e-25,0.006361958414307254,5.496402816382191e-21,2.8649717099387382e-18,0.15313040925836413,0.001023267821464829,0.8340677043685419,0.005416660136108229,1.21353430457939e-12,1.0911730575265338e-20
1.7852106757313306e-24,0.006467835418902064,2.1651544094265847e-20,1.1285755836060049e-17,0.16296550152553846,0.0018713343642705624,0.8174981441515742,0.011197184538337663,1.3770421069828182e-12,4.298371563852376e-20
1.750654394510579e-24,0.006311744770369386,2.1232435662524836e-20,1.1067297708224911e-17,0.15146601379959532,0.001157614601068779,0.8303583987755059,0.01070622805184605,1.6144083881576612e-12,4.21516808619962e-20
2.95559196346053e-25,0.006357864178563638,3.5846262063965806e-21,1.8684679831742104e-18,0.15309272771640248,0.0010870965952273326,0.8353992102331488,0.004063101275895759,7.619991963402466e-13,7.116377144094661e-21
2.994144704389105e-25,0.006286228941573793,3.631384069854446e-21,1.8928402813996886e-18,0.15088443975296847,0.001067585935681489,0.837351124684613,0.004410620684208766,9.545911779974812e-13,7.209203166019828e-21
8.081392446371302e-25,0.006446840678213354,9.801343184578346e-21,5.108899731261643e-18,0.16300894718856038,0.002130778035687688,0.8190233221480618,0.00939011194806641,1.410333336052463e-12,1.945811100071815e-20
1.0249724104187985e-24,0.006264649926374793,1.2431157645051133e-20,6.47967696076828e-18,0.15091480885914496,0.0013431556876156458,0.8303423284282687,0.011135057097262754,1.3329253408446246e-12,2.4678948667469816e-20
4.879273953815447e-25,0.006277765038255368,5.917722574451165e-21,3.0845824788649675e-18,0.14950507032890767,0.0011277874773595957,0.8364427937494184,0.0066465834046069054,1.4519742699862454e-12,1.1748155386133251e-20
