i = 0,i = 1,i = 2,i = 3,i = 4,i = 5,i = 6,i = 7,i = 8,i = 9
1.606703572098917e-135,0.006338482756474476,2.6186506872312747e-134,1.1911539399236268e-118,0.9004470735937861,9.090799328135671e-14,1.8706077285571478e-14,0.09321444364943607,1.9377987346105535e-13,3.225194618391435e-86
1.8788531794264934e-135,0.0062220636361719475,3.0622077743217646e-134,1.3929161583230222e-118,0.9507248687219743,2.167467196590966e-13,3.1033770305057685e-14,0.043053067641379526,2.2660305745656794e-13,3.7714904405906806e-86
2.0946336774532246e-135,0.005532168021606341,3.4138929011000964e-134,1.5528882868765518e-118,0.7790093989704624,1.085457420245763e-13,2.3863993135208234e-14,0.21545843300754616,2.5262771503103383e-13,4.204634495956477e-86
1.6615352211751647e-135,0.006143985404549359,2.7080168516121557e-134,1.2318042104301896e-118,0.9793887947511284,6.104745573381217e-14,1.77967791673339e-14,0.014467219844043122,2.0039295926985813e-13,3.3352601853007204e-86
4.0798515056219443e-135,0.003990835471109403,6.64945677256558e-134,3.0246594826925104e-118,0.9722976784529415,2.6114519068118275e-12,5.74974233369075e-14,0.02371148607278813,4.920590186082031e-13,8.18963457122257e-86
7.323684408987039e-125,3.62928705560731e-92,1.1936347247256175e-123,5.4295212235530955e-108,1.509781360266501e-56,6.638817890756494e-17,0.019523008725147017,8.165099851271934e-154,0.980476991274853,1.994893927428591e-75
1.0066981401679898e-134,0.004063588245251084,1.640744952811404e-133,7.463308582854533e-118,0.9174084776773099,8.006919192441965e-11,9.839050962963506e-14,0.07852793399605733,1.2141491347051836e-12,2.020781854473015e-85
2.4179951719489336e-135,0.006466934334942543,3.940916562769773e-134,1.7926172106661376e-118,0.9834054627933264,5.923229348809821e-14,2.3251449602912626e-14,0.01012760287136133,2.8728881952856674e-13,4.853729805105617e-86
3.459591428416283e-135,0.004227061638874094,5.638539447402172e-134,2.564820314117257e-118,0.9767590656191704,2.3270315229064725e-13,4.231531395271544e-14,0.01901387274126325,4.1725128882591155e-13,6.944563919892994e-86
4.086656437983366e-135,0.0065068187000630155,6.660547642788467e-134,3.0297044219918186e-118,0.9828227126100342,7.971569784690771e-14,3.220106935613011e-14,0.010670468689300657,4.903211246660701e-13,8.203294359880353e-86
4.8254501052084485e-136,0.0065391404240034215,7.864654347968539e-135,3.5774202563172343e-119,0.9909442587157709,2.2907541832250733e-14,6.853173390353792e-15,0.0025166008601379035,5.81404136498602e-14,9.686301805070322e-87
1.2752326949157127e-135,0.005883394427182335,2.0784101254959e-134,9.454130029000506e-119,0.9898011076440497,4.000746853824639e-14,1.4321499057664887e-14,0.004315497928560438,1.532644239912868e-13,2.559821049919066e-86
9.768663887037836e-136,0.004203796165427135,1.5921243249434992e-134,7.242146391467906e-119,0.9911255369733999,9.245739804312216e-14,1.6626868875238568e-14,0.0046706668609458315,1.178531810966125e-13,1.9608994928785487e-86
2.818309079854139e-135,0.004167749687402873,4.593359432909644e-134,2.0893959674249807e-118,0.9646887751663484,5.40272314381597e-13,4.3056335473272195e-14,0.031143475145325644,3.3990808946847854e-13,5.6572944973509295e-86
1.8791132233219783e-135,0.005339179377284856,3.0626316011790933e-134,1.3931089457892602e-118,0.8279672845859648,1.0774932092058535e-13,2.2070397963493274e-14,0.16669353603639384,2.2663441298430171e-13,3.7720124361764415e-86
6.152426306626244e-136,0.007053971291760405,1.0027397496191479e-134,4.561194088623361e-119,0.9884471363000453,2.751727689525188e-14,7.426965568679207e-15,0.004498892408085323,7.4202635706304e-14,1.2349989480797167e-86
1.653586016765654e-135,0.008783399450705791,2.6950610146106144e-134,1.2259109477798323e-118,0.9857022980240929,2.6122605595927645e-14,1.3113399602063381e-14,0.005514302524970109,1.9191689860342823e-13,3.3193034576707725e-86
8.191669262069795e-136,0.0067420136542822124,1.3351013040113996e-134,6.07301762783719e-119,0.9825867829364564,3.3917041640374215e-14,9.173599808225232e-15,0.010671203409119577,9.877818279804813e-14,1.644343616237601e-86
1.0350106753152905e-135,0.0053100484060458995,1.6868895191820907e-134,7.673207834810993e-119,0.9893570763901504,4.3845731376912215e-14,1.308360819065781e-14,0.005332875203621927,1.248296497288264e-13,2.0776146378039218e-86
1.0701553818041028e-135,0.005284374373526061,1.7441693506317996e-134,7.933758420050064e-119,0.9429109780036985,8.201042575717846e-14,1.518711305254131e-14,0.051804647622548904,1.2910795305360458e-13,2.1481618875897627e-86
4.524309268549123e-136,0.00728448124467944,7.37384653963014e-135,3.3541649525463843e-119,0.9896171690773687,2.2898310252004182e-14,6.251668957188651e-15,0.003098349677868132,5.456638779865573e-14,9.081810831976402e-87
1.8226242498286117e-136,0.007723296359813475,2.970564282833524e-135,1.3512299928153992e-119,0.9906034368630872,1.5503380962051e-14,3.302788492369768e-15,0.0016732667770586332,2.1982145079378968e-14,3.6586200615822537e-87
5.829163945928402e-136,0.0006091641511204328,9.500535405574748e-135,4.3215386591708515e-119,0.0954819832745483,3.637063715009137e-14,6.421616946276676e-15,0.9039088525742182,7.030385876819992e-14,1.1701093166532294e-86
1.0932785223436774e-135,0.007524251118913299,1.7818560956645502e-134,8.105185311951109e-119,0.9826760637493565,5.4943657323043004e-14,1.3819899169700279e-14,0.009799685131529675,1.3185716320623572e-13,2.1945778100558595e-86
1.8883564055974508e-135,0.007028753987201272,3.077696399713306e-134,1.399961518457956e-118,0.9747496132100577,8.53723987376185e-14,2.2208897927906255e-14,0.018221632802405817,2.277492076286359e-13,3.7905666127211065e-86
3.068163722265108e-135,0.003890656732002177,5.000579558898839e-134,2.274629477130349e-118,0.9576459631786793,3.964229484547351e-12,5.1288472161295776e-14,0.03846338008493308,3.7004231613466274e-13,6.158836824185544e-86
2.4315812706286012e-135,0.006581706948733107,3.9630595686497115e-134,1.8026894699499934e-118,0.9670534342969886,8.601205694607768e-14,2.573405323857289e-14,0.02636485875387361,2.9297398798537704e-13,4.88100167597683e-86
1.162084659937854e-135,0.005082672163238164,1.8939982746113137e-134,8.615289996533117e-119,0.9843896162121109,5.645643299005734e-14,1.4553817976799742e-14,0.010527711624439868,1.4015567215652232e-13,2.3326948769091707e-86
3.0064740015692703e-135,0.004778458128539177,4.900035916437007e-134,2.22889487173351e-118,0.8601223869825071,1.9389734138451865e-13,3.572931287571356e-14,0.1350991548883613,3.6260214379241165e-13,6.0350048002494936e-86
3.1556641416854583e-134,0.004372020983367637,5.143190204339054e-133,2.339499233535611e-117,0.658361422998253,3.3046116769984626e-13,1.0910228319913455e-13,0.3372665560141796,3.760182615899285e-12,6.334479604049938e-85
2.8798530527900147e-135,0.008729511827127553,4.693665531571604e-134,2.135022520520494e-118,0.9562498299670952,7.584165008656769e-14,2.537246150901226e-14,0.03502065820533228,3.440451738943157e-13,5.78083395649828e-86
4.0317989130746415e-134,0.004246856335541368,6.571139305247787e-133,2.9890349680463575e-117,0.8964391897607602,1.1364627886650965e-11,1.4072308871489544e-13,0.09931395388733057,4.8626319874921436e-12,8.093176851469783e-85
7.683183493584965e-135,0.007115714980232124,1.2522268628130984e-133,5.696044029817139e-118,0.9793847201189855,6.629962502680639e-14,4.104892458688635e-14,0.013499564899818394,8.566938380291883e-13,1.54227341532907e-85
2.237441064511074e-135,0.004465349219091978,3.6466443984856497e-134,1.658760698376788e-118,0.9817169574119606,6.772238838783985e-13,4.0324960540156616e-14,0.013817693367959688,2.698512862421981e-13,4.491296966995761e-86
7.841139931364398e-135,0.0026662629494948607,1.2779710474608843e-133,5.813147418683999e-118,0.4224049707580265,1.7792850684923089e-13,4.4753782646253754e-14,0.5749287662913103,9.45697135482718e-13,1.5739805865779028e-85
5.300854667823403e-135,0.002738266517583723,8.63948207986823e-134,3.9298686031374952e-118,0.4881122897327076,2.4027201018563497e-13,4.1641835215824295e-14,0.5091494437487876,6.393207157316804e-13,1.0640598704343092e-85
9.703575326669572e-136,0.00135472860038057,1.5815160082446954e-134,7.193892004988062e-119,0.2080874007353256,6.486007043738287e-14,1.1707395409165512e-14,0.7905578706641001,1.1706792423268332e-13,1.947834029014276e-86
1.3704099506756602e-135,0.006494226190052554,2.233532694794096e-134,1.0159740977767356e-118,0.9872568680378789,5.324516397285175e-14,1.636981253894697e-14,0.0062489057718335675,1.6524910926111943e-13,2.750873823063302e-86
2.12277277515998e-135,0.004185505447460967,3.4597547942504325e-134,1.573749631608307e-118,0.8806354130519497,1.1370695494669825e-12,3.835287755414072e-14,0.11517908149915791,2.560214700891369e-13,4.2611191319940154e-86
6.1023373537434086e-136,0.003910956678348405,9.9457611115048e-135,4.5240598875117654e-119,0.9740637137850774,1.5639218941040016e-13,1.2902437490827705e-14,0.022025329536331396,7.359852852747606e-14,1.2249444100750774e-86
9.285459845530307e-135,0.0030200525418967133,1.513370370739386e-133,6.883915783268774e-118,0.43830686541577274,1.7012771574261525e-13,5.159191848770002e-14,0.5586730820409891,1.119892338861696e-12,1.8639041851367954e-85
1.2671929065056027e-134,0.003078171332180577,2.065306652141556e-133,9.39452584433847e-118,0.5080407543818185,3.187982668555087e-13,7.143666144158447e-14,0.4888810742840824,1.5283245576175413e-12,2.5436824897244073e-85
8.162974075615698e-135,0.004187945407851317,1.33042448178774e-133,6.051744018320662e-118,0.6183066308594382,2.1848376197689414e-13,5.97672092146371e-14,0.37750542373144785,9.845126160665157e-13,1.6385835269135572e-85
1.5786892039575152e-135,0.008754358504378572,2.5729920818358823e-134,1.1703850653374393e-118,0.9730355357154274,1.0000140299566709e-13,2.2733623121729192e-14,0.018210105779880904,1.904011361241817e-13,3.168960356554789e-86
1.4541244752040398e-135,0.0058908943489425864,2.369972982221293e-134,1.0780371238709312e-118,0.9895869609306066,4.601459447359969e-14,1.557504617261574e-14,0.004522144720214079,1.7534371764735293e-13,2.918917038176976e-86
3.9270429351954905e-135,0.004869041599021413,6.400405065137484e-134,2.911372542974199e-118,0.984169590361114,9.791019825562471e-14,3.542430265894084e-14,0.010961368039269373,4.617456182067003e-13,7.882896360427615e-86
2.243417654495724e-134,0.004529149205988894,3.656385212997039e-133,1.66319153355457e-117,0.8398245156253396,4.1879063712484793e-13,9.737438994172901e-14,0.1556463351654984,2.656996671893855e-12,4.503293993821091e-85
3.4168235539737284e-136,0.003692501186764517,5.568835162339739e-135,2.533113704989689e-119,0.993451361089853,3.2899438744676627e-14,6.0841564711066256e-15,0.002856137723302285,4.120932274307783e-14,6.858714407333578e-87
4.798808697002957e-135,0.004523984460518399,7.821233431305622e-134,3.5576692462988595e-118,0.7245695122611147,2.1138675510936228e-13,4.782887567753285e-14,0.270906503277529,5.787704339067179e-13,9.632823535735006e-86
1.0665505215469315e-134,0.007342412641736151,1.7382940479600795e-133,7.90703324452441e-118,0.9694812621433795,1.4686631936204495e-13,6.495301356582536e-14,0.023176325213386133,1.2863355970286582e-12,2.1409257202572317e-85
2.2787440469870052e-136,0.007776618648012284,3.7139611614053984e-135,1.689381287738229e-119,0.990527598292104,1.2070249448389266e-14,3.4457637567276495e-15,0.0016957830598407597,2.7425644970641485e-14,4.5742059485391755e-87
1.9885342147419197e-134,0.008137407809607568,3.2409690116107137e-133,1.4742298490495582e-117,0.9782212983057484,5.397253116961488e-14,5.885064022289868e-14,0.01364129388265982,1.8713945674907635e-12,3.991657178862633e-85
2.330191719779776e-135,0.004835646678770158,3.7978120260295706e-134,1.7275227963594834e-118,0.985337100276122,1.0959946328698199e-13,2.940999303703745e-14,0.00982725304469599,2.728782731087374e-13,4.6774787365639436e-86
5.327442476618886e-136,0.0038812416863636175,8.682815638704668e-135,3.949579876424391e-119,0.9889898189174834,5.2678816277700225e-14,9.226654613566022e-15,0.0071289393960267435,6.425274542032905e-14,1.0693969381629876e-86
2.0041876901819773e-135,0.004675020818637848,3.2664814863014354e-134,1.4858347892934925e-118,0.9212171603066135,1.360509483192238e-13,2.4800174960888222e-14,0.07410781887434613,2.4171928671998963e-13,4.023078970427112e-86
1.9880889690030067e-135,0.004683301384326623,3.2402433375782177e-134,1.473899759401816e-118,0.9401310941811879,1.2111633059623507e-13,2.3514402268806018e-14,0.05518560443410116,2.397776651897549e-13,3.990763420868974e-86
2.9377658396332397e-135,0.005483434607744798,4.788053420974487e-134,2.1779570390080257e-118,0.8028357140104935,1.137575449291295e-13,2.685125848677846e-14,0.19168085138126664,3.543154380413438e-13,5.897084403504394e-86
6.5248435116652004e-136,0.004593855368068534,1.0634373535111977e-134,4.837291203723436e-119,0.9859575765657342,9.294995043153691e-14,1.282448737204486e-14,0.009448568066012885,7.869425332412266e-14,1.3097556104999626e-86
3.7896577936844634e-136,0.006063776903093636,6.176490896101783e-135,2.809519995037154e-119,0.9913981722110926,2.6376422263582994e-14,5.9837068392690495e-15,0.00253805088573579,4.570596860310576e-14,7.607118160426803e-87
1.230271945426315e-134,0.004138292831618747,2.0051318309844617e-133,9.120806727638496e-118,0.9194162187531117,8.242471307013668e-11,1.0803615187705411e-13,0.07644548833125285,1.4837948941290429e-12,2.469569699383621e-85
5.3126694801656515e-135,0.004430893212904016,8.658738193439396e-134,3.9386276925646395e-118,0.9757694710619704,7.019901365899097e-13,6.466224478080836e-14,0.019799635723718047,6.407456233732543e-13,1.0664315007614731e-85
2.724220701242461e-135,0.006508449955899941,4.440011546223812e-134,2.0196421280544e-118,0.9851136427249926,7.240405431413412e-14,2.5141264827634735e-14,0.008377907318681163,3.2866119385635947e-13,5.46842746697821e-86
1.139364005185276e-135,0.006872091989731234,1.8569675122383523e-134,8.446846993753064e-119,0.9887465263742118,2.632215659620826e-14,1.3275508060878533e-14,0.004381381635887144,1.3019670397201814e-13,2.2870868788273477e-86
2.469629077962807e-135,0.006235946434616261,4.025070955537462e-134,1.8308967860962993e-118,0.9837342048061846,7.936029692680871e-14,2.5803342184166418e-14,0.010029848758796516,2.9755824976306526e-13,4.957376425860263e-86
1.3072989875136963e-135,0.009437861353849565,2.1306726713735911e-134,9.691858328296781e-119,0.9720156976506251,4.7198021379936396e-14,1.3363976812201865e-14,0.01854644099530714,1.5751255714817177e-13,2.624188887343911e-86
4.42514697552126e-136,0.00897720687909204,7.21222904447164e-135,3.2806494901529707e-119,0.9772918009489192,2.8655635084616273e-14,6.799017467328638e-15,0.013730992171900125,5.318383189918397e-14,8.882758748334723e-87
3.22111038727398e-135,0.006715106551895649,5.249856336762725e-134,2.388018795351321e-118,0.9831935803470717,8.356977263154955e-14,2.7885806985653914e-14,0.010091313100532583,3.8848879481792536e-13,6.465852237267079e-86
7.369468644963623e-136,0.00632444717452233,1.2010967341320648e-134,5.463466792523954e-119,0.9854565855779391,4.01498478413538e-14,9.365243895492141e-15,0.008218967247400254,8.8881031775531e-14,1.4793002907867942e-86
2.9791391183264536e-135,0.006165449186309445,4.855484754646984e-134,2.208629743530989e-118,0.9822128238820292,8.181682290171958e-14,2.8097282720412267e-14,0.011621726931192284,3.593053499558655e-13,5.980134493205911e-86
1.63187977779912e-134,0.003076367224747827,2.659683575626854e-133,1.2098186999533495e-117,0.4858838505394895,2.9453390758150577e-13,7.637549692482392e-14,0.5110397822334236,1.968162819769713e-12,3.275731733355173e-85
7.523302064594205e-136,0.006148207291224151,1.226168937681629e-134,5.577513519665736e-119,0.9875267567066768,4.986444684013899e-14,1.1956351942149885e-14,0.006325036001946746,9.073637451328319e-14,1.5101798335809373e-86
1.0413374621036338e-135,0.006587465770349787,1.6972010942971067e-134,7.72011242344116e-119,0.9654562143367447,7.41901631717363e-14,1.594858024960467e-14,0.027956319892690297,1.2515362021347412e-13,2.0903146274322636e-86
8.8104458756688e-135,0.003988566319122511,1.4359512574553268e-133,6.531757008280714e-118,0.887019856656427,6.986457114274527e-12,8.590697514316878e-14,0.10899157701631536,1.0626021069653284e-12,1.768552900315991e-85
1.149292412990378e-134,0.003960293153999881,1.873149110619925e-133,8.520452743311252e-118,0.9399391733321888,2.195046376258614e-11,9.812715707794079e-14,0.0561005334903766,1.3861278755198855e-12,2.3070165335429218e-85
1.1037805174420677e-135,0.004119228871728818,1.798972542754895e-134,8.18304343746809e-119,0.9883110502819399,6.81157816447547e-14,1.4272494868461414e-14,0.007569720846115746,1.3312377791269012e-13,2.2156588474431443e-86
7.517256633315877e-135,0.003950629352984082,1.2251836362827579e-133,5.573031647956001e-118,0.9646402882764382,9.549897085085544e-13,6.69158694264684e-14,0.03140908236864869,9.069125840272914e-13,1.50896631213471e-85
1.554472461114021e-135,0.003753181596747829,2.5335229529991453e-134,1.1524316175757825e-118,0.9345596562450665,4.723005032591414e-13,2.7940188417399403e-14,0.06168716215749799,1.8748042665098674e-13,3.1203492063400818e-86
3.3936772789818736e-135,0.003732412481498543,5.531110712125761e-134,2.515953864724265e-118,0.9578227459443727,5.929184347297191e-12,5.109671280892451e-14,0.0384448415677394,4.088940118763643e-13,6.812252046238544e-86
9.471542048853082e-135,0.004254464451741102,1.5436985717887024e-133,7.02187063286685e-118,0.914637333835441,4.3216517884733664e-13,6.801419527669707e-14,0.0811082017111754,1.1423351575225228e-12,1.9012571437756468e-85
2.6501311004188314e-135,0.0037922026504999084,4.319258230252756e-134,1.964714684398352e-118,0.9666370470399366,5.0583825868311e-12,4.5875407979285493e-14,0.029570750304139744,3.1962462155962876e-13,5.3197047118884356e-86
2.851946319847415e-135,0.0038033262147777525,4.648182353051588e-134,2.11433344291326e-118,0.9759701585253606,1.303966654036347e-12,4.5953148814221626e-14,0.02022651525816771,3.439649657679561e-13,5.7248157547177346e-86
2.507822219053862e-135,0.003944989742288107,4.08731921147117e-134,1.859211847616477e-118,0.9325717550245016,2.47148716121693e-12,4.251428039064573e-14,0.0634832552303939,3.0246116439171084e-13,5.0340429094888655e-86
1.0467119693085373e-134,0.004334852017220882,1.705960617354159e-133,7.759957143671072e-118,0.9421218103913162,1.6575249562164645e-12,9.607100982306044e-14,0.05354333758844713,1.2624087379838083e-12,2.1011030715577203e-85
2.7171534232744232e-135,0.003903142901417538,4.428493097750035e-134,2.0144026948805723e-118,0.9761119502657728,2.608729530018136e-13,3.5874068648096523e-14,0.019984906832185078,3.2770800053583e-13,5.4542410624260554e-86
3.098689317307848e-127,8.099855379690256e-95,5.050331244884021e-126,2.2972583893019815e-110,3.369535251893801e-59,1.4816536746922256e-19,7.682021332036654e-05,1.8222898035538863e-156,0.9999231797866797,9.9505497022552e-78
2.8176627816786044e-134,0.007191227130874478,4.59230607795923e-133,2.088916824519269e-117,0.9436509231682323,2.6930511496395425e-13,1.1350929576379047e-13,0.04915784969711215,3.398300199455107e-12,5.655997159476162e-85
4.844696385841836e-135,0.008319470372205871,7.896022477648756e-134,3.591688776910232e-118,0.9685849723890649,1.3297250181926018e-13,4.540814026281291e-14,0.02309555723796652,5.843047669274773e-13,9.724935565398473e-86
1.6486054113525238e-135,0.0011890715760195603,2.6869434837764217e-134,1.22221850079454e-118,0.18539174580733253,6.990844460038742e-14,1.5035940225810027e-14,0.8134191826163641,1.9883352580921174e-13,3.309305706963233e-86
6.464519333482256e-136,0.0044955898036350425,1.0536055492257896e-134,4.7925689638759203e-119,0.9909067608263173,3.33899582109277e-14,9.421736150830673e-15,0.0045976493699281945,7.656269459065628e-14,1.2976465184301447e-86
8.372391901092429e-136,0.0041023106965299315,1.3645559881916705e-134,6.206999083560219e-119,0.9903074087112389,1.0685475266268014e-13,1.5015396931224794e-14,0.005590280592009251,1.0002180879141293e-13,1.6806207300076206e-86
4.298131159525939e-135,0.004443823479289853,7.005215093907701e-134,3.186484398170387e-118,0.984279227599366,2.352816385558426e-13,4.731141395096639e-14,0.011276948920549486,5.1215081497673e-13,8.627795273234235e-86
3.6902286633606576e-136,0.009032931854910616,6.014438502010751e-135,2.735806708787554e-119,0.9882732948863998,2.005220739870427e-14,5.6467779762182255e-15,0.0026937732586194496,4.446246801580999e-14,7.407530444559117e-87
9.876449094772464e-136,0.004699907546645351,1.6096914613592675e-134,7.322054581807505e-119,0.9903730276687644,5.025944676164665e-14,1.241359949148189e-14,0.004927064784408325,1.1911699866109954e-13,1.982535610328253e-86
1.1312581865767323e-134,0.006970560750937789,1.8437564210088073e-133,8.386753284250325e-118,0.9829666377690753,6.128813689271618e-14,4.8177880454863653e-14,0.010062801478661136,1.216161543971799e-12,2.2708157738096503e-85
3.3428160263394026e-136,0.0063520237682728915,5.448215611561778e-135,2.4782471075310955e-119,0.9816374684192182,4.1021928077901824e-14,6.153359435425137e-15,0.012010507812421373,4.0232199707635045e-14,6.710156400746916e-87
4.000109318921625e-135,0.006349302858365052,6.519490713094308e-134,2.9655414091936595e-118,0.9689610120121663,1.825795787559289e-13,4.2746969779181245e-14,0.024689685128760873,4.824415811840386e-13,8.029565174558032e-86
3.654761211170216e-135,0.0027158291605110453,5.956632650535914e-134,2.709512377867193e-118,0.5058102508297034,2.9326337759532626e-13,3.81616153584216e-14,0.49147392000901313,4.4079017282403933e-13,7.336335335567585e-86
6.730999353221269e-135,0.0038994497775956005,1.0970372125979805e-133,4.990127947956843e-118,0.5827062051297266,3.049236747868579e-13,6.10159293501477e-14,0.4133943450915,8.118063085829197e-13,1.3511380236770248e-85
4.531024334048123e-135,0.0017175900480025808,7.384790942312205e-134,3.3591432676910554e-118,0.2546506966256312,1.1634292551942692e-13,2.992426552878644e-14,0.7436317133256733,5.464737028019093e-13,9.095290227607061e-86
8.506453652024558e-135,0.004557580641898137,1.3864057495481623e-133,6.306387785738341e-118,0.9112305012617483,2.526284245543959e-13,5.591185133602486e-14,0.08421191809501886,1.025938700028294e-12,1.7075314337084653e-85
5.780457712057936e-135,0.006667358635980655,9.42115261523793e-134,4.285429557665677e-118,0.9567689778443633,2.2452546189521983e-13,5.561194356713158e-14,0.03656366351867855,6.971642193822309e-13,1.1603323368736968e-85
3.0219099553611886e-135,0.00827905602655918,4.92519386822551e-134,2.2403385490209786e-118,0.9783521544918177,8.985711434780026e-14,2.8934560491908186e-14,0.013368789481139606,3.644637993019547e-13,6.065989952684551e-86
2.76929679480584e-135,0.003957559050890288,4.51347783175229e-134,2.053059970260504e-118,0.9670780914275845,4.2510470516340776e-13,3.624810653433725e-14,0.0289643495207299,3.33996862102316e-13,5.55891035187577e-86
9.023851902607605e-135,0.0064699344966152655,1.4707327721545542e-133,6.689968786860087e-118,0.9825812709369367,6.715304842716443e-14,4.649457039059313e-14,0.010948794565328032,1.0061817105298535e-12,1.81139066962002e-85
5.5112544689814845e-136,0.004209072953747722,8.982397595501384e-135,4.0858516708674076e-119,0.9924025862164715,3.424742687617425e-14,8.145064405595989e-15,0.003388340829672063,6.646964914529547e-14,1.106294189084589e-86
3.572932330693054e-135,0.008147692562331194,5.823265638836948e-134,2.6488473024466034e-118,0.9466554290727301,1.503571065404732e-13,3.921931050287117e-14,0.04519687836431838,4.309210077588447e-13,7.172077242458863e-86
2.183217673607808e-135,0.006629452775451032,3.5582695903887484e-134,1.6185613692459834e-118,0.985217285946493,6.862561723842066e-14,2.3672834388026116e-14,0.008153261277700264,2.6331157592928745e-13,4.3824523788781816e-86
1.879055841869186e-135,0.006303283201246114,3.0625380792728753e-134,1.3930664051832892e-118,0.9854781609883091,8.958538204403429e-14,2.3127973924094428e-14,0.008218555810105412,2.2662749438034478e-13,3.771897252295634e-86
6.597772881391302e-135,0.005409100505865548,1.075323587379659e-133,4.891358492546297e-118,0.8074520172140013,1.89803744555952e-13,5.1523918739132823e-14,0.18713888227909609,7.957382896033797e-13,1.3243949885935852e-85
3.6268004384535054e-135,0.007044124433970114,5.911061396471618e-134,2.6887832370579083e-118,0.9758047780816657,1.7421475414378144e-13,4.421857156012193e-14,0.017151097483708223,4.3741791492547745e-13,7.280208657779598e-86
7.048340368224598e-125,3.4928389910577945e-92,1.1487583769822588e-123,5.225390866534432e-108,1.4530190426694357e-56,6.38922237377828e-17,0.06427012258961258,7.858121633652505e-154,0.9357298774103873,1.9198931321735947e-75
7.455647352362735e-136,0.008859798558369021,1.2151423823321607e-134,5.52735667777633e-119,0.9794519076268732,6.898058998377443e-14,1.2996600100135386e-14,0.011688293814585854,8.992040751627497e-14,1.4965992567037282e-86
1.381870434692826e-134,0.007151152190615145,2.252211314091836e-133,1.0244705005529154e-117,0.9829444903312664,6.024965571567549e-14,5.216405638967217e-14,0.009904357476556916,1.4491105737377702e-12,2.7738788701785194e-85
1.7107201487781208e-135,0.0038792627471805,2.7881798304624766e-134,1.2682681987579092e-118,0.985613207513969,5.058090236048724e-13,2.919806111406327e-14,0.010507529738109358,2.0611956193348719e-13,3.433990882465848e-86
1.3614589428521857e-133,0.007393679057488581,2.2189440904022278e-132,1.0093381330472304e-116,0.9757423648551581,6.721659696436074e-14,1.0348960731270473e-13,0.016863956079050526,8.132017587146386e-12,2.732906138941123e-84
6.340262276684564e-135,0.00394417306338395,1.0333537845053344e-133,4.700449119656906e-118,0.961253014723157,8.671126362090464e-12,7.46221997205326e-14,0.034802812203948486,7.646805254336774e-13,1.2727039467050095e-85
3.8595508783493765e-135,0.003978646057360808,6.290404611966242e-134,2.861336288109353e-118,0.863144698425199,7.385994785365099e-13,5.1826946909539754e-14,0.13287665551618427,4.654892552204232e-13,7.747417095736681e-86
2.3862625964640868e-135,0.0034908724544949555,3.8891979184323735e-134,1.7690917869544557e-118,0.9801354582416196,9.81982789684864e-13,3.82450075112397e-14,0.016373669302577526,2.87800207170671e-13,4.790031850200511e-86
3.854518854262367e-134,0.005143893301015924,6.282203277530669e-133,2.857605721114223e-117,0.9334753164984522,2.9947305193339203e-13,9.354270843781557e-14,0.061380790195490045,4.648822351070412e-12,7.737316130451693e-85
3.2960655255064785e-135,0.005009142351529015,5.372020329955095e-134,2.4435879182272518e-118,0.9844968021153775,1.1340418531768741e-13,3.5265152815109696e-14,0.010494055532547175,3.9752891464427076e-13,6.616312417132392e-86
9.432932164010368e-135,0.0056493632121990146,1.5374058241261562e-133,6.9932466120773045e-118,0.7794757940905441,2.887130998271946e-13,7.674212855634235e-14,0.21487484269575377,1.1376784654846292e-12,1.8935068409211653e-85
1.958424848898094e-135,0.00362963956794746,3.1918959200160834e-134,1.4519078163010894e-118,0.9612928282030817,1.5156106572804199e-12,3.615882188279244e-14,0.03507753222718272,2.361999453682372e-13,3.931217551809444e-86
3.729814926136022e-135,0.0036939698702612178,6.078957306861734e-134,2.7651545820919813e-118,0.7533679614164541,7.196478833629078e-13,5.1051343347826487e-14,0.2429380687120642,4.498421718964665e-13,7.486993392101175e-86
2.0897805916317332e-135,0.004378310271172752,3.4059832052841845e-134,1.5492903784649183e-118,0.8988182682249567,4.274919806300745e-13,3.3819732897528406e-14,0.09680342150315913,2.5023271944250667e-13,4.194892719971242e-86
4.076024481059335e-135,0.006614196164772757,6.643219380258153e-134,3.0218222602794296e-118,0.8999576602994492,2.750786792221485e-13,5.386761035435296e-14,0.09342814353495728,4.915974818290639e-13,8.181952445385473e-86
1.445007294067433e-135,0.0054260640803640075,2.355113543888311e-134,1.0712779640480157e-118,0.9391040733071592,9.553572611074372e-14,1.8351227992350093e-14,0.05546986261218873,1.742781564459794e-13,2.9006157883090433e-86
7.964488721353497e-136,0.007437890038174961,1.2980747803014193e-134,5.904593905597816e-119,0.989186783733212,2.8675080375426314e-14,9.521514628362016e-15,0.0033753262284785335,9.596175532396919e-14,1.598740838597398e-86
8.10820133756981e-135,0.004410690247019831,1.3214974668351289e-133,6.011137422395484e-118,0.8747008373375268,3.324342828230215e-12,9.387378812953794e-14,0.12088847241105716,9.77906576562578e-13,1.6275887956483878e-85
2.2604711366420406e-135,0.005762335801127182,3.684179458007523e-134,1.6758343898976766e-118,0.9757549312187277,6.780770691987591e-14,1.8018402693139534e-14,0.01848273297978665,2.7271252388628027e-13,4.5375260698544345e-86
5.648760421915547e-135,0.0048564962169931275,9.206508666393438e-134,4.187793784176083e-118,0.9843681227798462,1.1934726182410655e-13,4.588229452354264e-14,0.01077538100234983,6.454915965417159e-13,1.133896260001776e-85
2.1334452566991915e-135,0.005459473953878884,3.47714910493875e-134,1.581661836855717e-118,0.9650709954259443,1.0926974398826295e-13,2.3573350155826835e-14,0.029469530619786504,2.57308665711359e-13,4.282542393025409e-86
8.314015933281387e-136,0.005180716648492327,1.3550417087140645e-134,6.163721178872339e-119,0.9857715128954717,8.403208610412111e-14,1.4012440445668658e-14,0.009047770455838225,9.955298469786606e-14,1.668902709303801e-86
2.7336252628294528e-135,0.0044434738707612,4.455339365300428e-134,2.0266143417110644e-118,0.9655917065822961,1.2297698668375227e-13,2.677580309496906e-14,0.029964819546463323,3.2963065338269484e-13,5.48730558609453e-86
1.7315822427802453e-135,0.004158679623381052,2.8221814582327935e-134,1.2837346269760432e-118,0.9418241816316293,3.9423426503029103e-13,2.959447467861019e-14,0.05401713874435713,2.0863318214650365e-13,3.475868123839085e-86
1.3653889349939357e-135,0.006594230719912487,2.225349302167185e-134,1.0122516920289902e-118,0.9847179323832861,7.402731842087286e-14,1.77127280229256e-14,0.00868783689654502,1.6467561461152538e-13,2.740794955351318e-86
9.390435415285527e-136,0.008558471316679748,1.5304795844522115e-134,6.961741006092119e-119,0.9860456348485938,4.4153754144455514e-14,1.293831785079468e-14,0.005395893834556819,1.1244215510190357e-13,1.8849763137183507e-86
1.1113739099540594e-134,0.007794415549978946,1.8113484675149106e-133,8.239338198773871e-118,0.979732708129505,5.4748868224092653e-14,5.209083160080491e-14,0.012472876319285255,1.1238160675247334e-12,2.2309013408876674e-85
3.72180807724388e-136,0.00807484560398298,6.065907519260542e-135,2.7592185838345123e-119,0.9850250979156756,3.0298676944724345e-14,6.0478595277094435e-15,0.0069000564802602655,4.4887652865675067e-14,7.470920952601039e-87
4.6363850867831036e-135,0.006543808828286388,7.55651086149819e-134,3.4372540517292366e-118,0.9856090724635685,7.689093538113035e-14,3.377769280007242e-14,0.007847118707478295,5.562781236978661e-13,9.306784705251512e-86
1.350960793887385e-134,0.0056273494108118475,2.20183391184862e-133,1.0015551718847108e-117,0.9685654355331241,2.1168526571158643e-13,8.036949704578277e-14,0.025807215054142574,1.6293545714824746e-12,2.711832822037921e-85
8.699660822808885e-136,0.005322991186431598,1.417895197840821e-134,6.449624837486851e-119,0.9902410813374732,4.1578786477732355e-14,1.0774899651891218e-14,0.004435927475938048,1.0492409512296906e-13,1.7463146130247485e-86
2.732436670216461e-135,0.004105766775909705,4.453402163618116e-134,2.0257331606403837e-118,0.9468074386836363,1.1024694692074052e-12,4.5425256671300635e-14,0.04908679453897648,3.295512632536231e-13,5.484919680837674e-86
3.750641062129129e-135,0.004842452596095124,6.112900329257257e-134,2.780594352297489e-118,0.9183860617518631,1.5597982594395894e-13,3.4321227910776177e-14,0.07677148565139924,4.523539675084398e-13,7.52879845365283e-86
2.1080839622715682e-135,0.006389438779671499,3.435814553727657e-134,1.5628598585047497e-118,0.9806886025660774,1.2771168465315004e-13,2.8037228876734712e-14,0.0129219586538412,2.5424990304849614e-13,4.231633742715656e-86
9.191533171251543e-136,0.007000802952780865,1.4980619370979444e-134,6.814281825845678e-119,0.9829028946297748,5.846865104931366e-14,1.3022078614819288e-14,0.01009630241726218,1.1085642705486641e-13,1.8450499415994182e-86
1.7655678591791355e-134,0.0072038828981799636,2.877572172042356e-133,1.3089303765699691e-117,0.9812968306986198,6.75033796957816e-14,5.589101944758711e-14,0.01149928640122542,1.8514781268400853e-12,3.54408868985751e-85
1.0329276708123672e-135,0.005789971977700701,1.683494579836833e-134,7.657765166582564e-119,0.9753712784336226,4.805110575095684e-14,1.144752632563544e-14,0.018838749588492663,1.246166450499513e-13,2.073433346973693e-86
5.810378485096912e-136,0.006459688427195971,9.469918332973061e-135,4.307611774292218e-119,0.987432046852021,6.741589497973567e-14,1.1073132896865626e-14,0.006108264720634713,6.983230007393652e-14,1.166338442658185e-86
4.030277519185834e-134,0.007298520218613765,6.568659694682617e-133,2.9879070597275488e-117,0.9788172563423632,7.277223662465651e-14,8.693358470558014e-14,0.013884223435323365,3.540115897219331e-12,8.09012290208681e-85
9.014775822939782e-136,0.006491135721641595,1.4692535271542793e-134,6.68324009823132e-119,0.9877256887207241,3.8833993426954466e-14,1.1632572753952714e-14,0.005783175557475033,1.0872460916770362e-13,1.8095687950808033e-86
6.7744325134764065e-136,0.006807816881019306,1.1041160712577745e-134,5.022327776761393e-119,0.9782660321828096,3.441007632997575e-14,8.09432276026629e-15,0.014926150936046902,8.17295421588084e-14,1.3598565201780076e-86
2.8818554071782576e-135,0.00848525531076636,4.696929025090823e-134,2.136506996163728e-118,0.9849601204808732,3.352068368410807e-14,2.062127695818776e-14,0.006554624207978874,3.274320490979919e-13,5.78485335541493e-86
1.8625053798218063e-135,0.006724696294248793,3.0355636705723648e-134,1.3807964703816013e-118,0.9869452812227442,4.9282780826454814e-14,2.092392635781074e-14,0.006330022482720715,2.1616429326288956e-13,3.738674906833759e-86
2.881768465838861e-136,0.008799544465807434,4.696787325649736e-135,2.1364425408897362e-119,0.9893114066443884,1.3369156884272871e-14,4.331708372382575e-15,0.0018890488897522785,3.4338186703496525e-14,5.784678834896768e-87
3.401246371785599e-135,0.007689192573520405,5.543447032537561e-134,2.5215653258994137e-118,0.9619113957582458,1.3402333343313507e-13,3.581772287894455e-14,0.03039941166765445,4.093543158030442e-13,6.827445761993339e-86
2.279179129722816e-135,0.00719957418865677,3.7146702714894985e-134,1.6897038428902523e-118,0.9848271275983407,6.245044143163256e-14,2.2858506787483056e-14,0.007973298212642166,2.748852098602969e-13,4.5750793059664334e-86
1.2459919652016663e-135,0.006114155110801038,2.0307527615051024e-134,9.237349466549729e-119,0.988176627300923,4.32566436083837e-14,1.2854023029642722e-14,0.005709217588069552,1.502754869704307e-13,2.501125067816789e-86
2.0294077428638227e-134,0.004314233308691162,3.307585837741353e-133,1.5045320559447501e-117,0.8419998519848338,1.0717909965002962e-12,1.0905322286478175e-13,0.15368591470289894,2.3951964809611204e-12,4.073704101034608e-85
1.6292450490443282e-136,0.00576926101558441,2.6553894205728563e-135,1.2078654040303185e-119,0.992531277614063,9.371926912231041e-15,2.2851403636478425e-15,0.0016994613703212853,1.9630289065384133e-14,3.2704429463328248e-87
6.452304250424221e-135,0.0038202099573129266,1.0516147006212315e-133,4.783513127713145e-118,0.6765615494810705,4.941793519620106e-13,6.449562778002648e-14,0.3196182405602796,7.781936881406501e-13,1.295194540303867e-85
7.832879241357275e-135,0.005723526840297914,1.2766246969616502e-133,5.807023231485224e-118,0.9815133879855361,1.1572022220008313e-13,5.1179208291607085e-14,0.012763085173063043,9.35764432427004e-13,1.5723223881760418e-85
7.832879241357275e-135,0.005723526840297914,1.2766246969616502e-133,5.807023231485224e-118,0.9815133879855361,1.1572022220008313e-13,5.1179208291607085e-14,0.012763085173063043,9.35764432427004e-13,1.5723223881760418e-85
1.9449976307018215e-136,0.007514534621905845,3.170011862018165e-135,1.4419533454612623e-119,0.9875020634393472,1.8375933455185017e-14,3.463970710367711e-15,0.004983401938701669,2.345805516564595e-14,3.9042646075211486e-87
2.6972992384914274e-135,0.009371912124668693,4.3961341887830943e-134,1.9996834953723873e-118,0.9833464179759731,3.146544181218086e-14,1.9407394079100558e-14,0.0072816698990047805,3.0272640079739106e-13,5.414387033950215e-86
9.681829935813035e-136,0.0067524454345359135,1.57797188326113e-134,7.177770731317083e-119,0.974266354077283,5.4899195353280765e-14,1.310316162457546e-14,0.018981200487996366,1.1680558320608003e-13,1.9434689974811902e-86
3.328773852651491e-135,0.008305230645546433,5.425329281801502e-134,2.467836730157255e-118,0.9771839252090017,9.541532203010478e-14,3.134254856229802e-14,0.014510844144923618,4.0147377117846936e-13,6.681969033895165e-86
8.88190761350345e-136,0.00840075339122296,1.447598292548862e-134,6.584736246052829e-119,0.9850127894992246,4.953201028209346e-14,1.2794782093155302e-14,0.006586457109383092,1.0712212016210762e-13,1.7828976753129203e-86
7.81384551219207e-135,0.007288668202469018,1.2735225262299375e-133,5.7929122891307765e-118,0.9686237954145811,2.3950147565120256e-13,7.416099502864457e-14,0.024087536381693597,9.424051869492939e-13,1.568501678373839e-85
6.92565696528914e-135,0.006875381905008161,1.1287630578919213e-133,5.134440306239502e-118,0.9793007126694655,9.125693903488276e-14,5.1341912609024526e-14,0.01382390542461146,7.722277315417402e-13,1.3902123553566442e-85
1.932101731494123e-134,0.008059619886542123,3.148993762656757e-133,1.432392775971745e-117,0.9714445117742438,1.0845781000855937e-13,7.186861418809107e-14,0.020495868336879483,2.154340515691978e-12,3.878378199196524e-85
9.67691824246112e-136,0.007100890393763201,1.577171361659335e-134,7.174129373328323e-119,0.9896650586759557,3.553699076768055e-14,1.2324977757312788e-14,0.0032340509301176175,1.1560649763074763e-13,1.9424830553795563e-86
1.1618197627154574e-135,0.006717945868272354,1.8935665376652335e-134,8.613326140999268e-119,0.9567748711493209,1.0049069772807702e-13,1.715017851874897e-14,0.036507182982148674,1.4012372453733466e-13,2.3321631390634744e-86
1.0154497611052772e-135,0.005508887688351945,1.655008590846314e-134,7.528190045379383e-119,0.9631076422969118,6.958056665031275e-14,1.4605063525078673e-14,0.031383470014529534,1.224704639995753e-13,2.0383493020341527e-86
5.4889792796534685e-135,0.006873176534931499,8.946092865210773e-134,4.069337623104415e-118,0.9835931079714089,9.784161679236278e-14,3.876346495993211e-14,0.009533715492861767,6.613507326040629e-13,1.101822809174073e-85
5.740101796593788e-135,0.005166165360808221,9.355379408780196e-134,4.255511090725599e-118,0.9293916685644444,1.2389818006780163e-12,7.973110562947313e-14,0.06544216607273617,6.922970231491627e-13,1.1522315469311435e-85
3.0984119170409558e-127,8.099130266000555e-95,5.0498791301052355e-126,2.2970527345799185e-110,3.3692336050094387e-59,1.481521033981802e-19,0.00015067096030439394,1.822126668877868e-156,0.9998493290396957,9.949658911065613e-78
3.880618189375139e-135,0.005845356157217971,6.324740708215572e-134,2.87695485706489e-118,0.9867755465935774,9.438726534763682e-14,3.74631102681596e-14,0.0073790972486103045,4.624014261886034e-13,7.78970627671828e-86
1.4287858535814404e-135,0.0052980853086731184,2.3286753837857382e-134,1.0592519543461228e-118,0.9875239016033149,7.711471627042151e-14,2.0033589616636974e-14,0.0071780130877431205,1.71719281244626e-13,2.868053899814803e-86
1.1782591673871348e-135,0.005469550342283362,1.920359941930168e-134,8.73520214840172e-119,0.990328896237118,4.883978838992481e-14,1.4838732038727407e-14,0.00420155342039292,1.4210643514935965e-13,2.365162555008875e-86
1.3802147280608629e-134,0.004187617643864231,2.249512796838912e-133,1.0232430174550568e-117,0.9607361284027162,3.0920561227500044e-12,1.0068200531366212e-13,0.03507625394856249,1.6646364655871564e-12,2.7705553099327016e-85
1.3642465114146661e-134,0.005948416399998455,2.2234873480750214e-133,1.0114047390681957e-117,0.9799853845298734,1.590526107130485e-13,7.216681024581739e-14,0.014066199068251512,1.6453780291406511e-12,2.7385017268779604e-85
