i = 0,i = 1,i = 2,i = 3,i = 4,i = 5,i = 6,i = 7,i = 8,i = 9
0.0006700516426684527,0.008082318010145223,3.743298197041524e-11,1.0211523935640652e-28,0.9912476187331154,7.987670363181707e-57,1.4749416630862033e-15,1.096581663783731e-23,8.616026120410519e-09,2.9606100194570344e-09
0.0010433944153771,0.008687715223510651,5.0062193310626624e-11,1.4916925495894453e-28,0.9902688724386409,1.1668335150446934e-56,2.0773061529709525e-15,1.6018791207252377e-23,1.4069406438428119e-08,3.803000608061076e-09
0.0011011446050958435,0.008724472755171346,4.6035375381833e-11,1.615152069903438e-28,0.99017436652852,1.2634061672398147e-56,2.3392434283706854e-15,1.734458202100215e-23,1.2669955167521338e-08,3.395219821376675e-09
0.0008186518336005894,0.008396794360127064,2.8562298880176502e-11,1.244586697723316e-28,0.9907845386954519,9.735420823678727e-57,1.752364120089665e-15,1.3365203465925837e-23,1.1501233692461496e-08,3.5810226947913894e-09
0.0009284348377181501,0.0031770369949377505,5.997114297622037e-11,1.9093479106512403e-28,0.9958945153851616,1.4935323912287348e-56,2.3056545923458403e-15,2.050385354859874e-23,6.600737958571846e-09,6.121471206356914e-09
0.9999999999977891,6.1238063296276e-73,1.1623770036807625e-18,4.278349874173738e-77,2.6894884307911397e-139,8.619640308814401e-132,2.210890510655173e-12,1.4607570373053338e-114,6.7480317439436125e-99,1.2740143679031323e-20
0.0013631606058371584,0.002814844071047712,8.657471313945214e-11,3.8596855594615037e-28,0.9958219818191046,3.0191278295259406e-56,4.322049794520764e-15,4.144788238092598e-23,7.208047162776036e-09,6.2093842764264895e-09
1.8262456147553857e-05,0.013115241209695845,3.483345896894855e-11,2.204944684062112e-28,0.9868664581418973,1.7247544461454213e-56,3.1688903235149812e-15,2.3678169135436187e-23,2.8135197428085584e-08,1.0022225427987306e-08
0.0013331446568520585,0.007580662715835178,4.8533848714773085e-11,2.813616320051064e-28,0.991086171435793,2.2008703012322114e-56,3.564786668928373e-15,3.0214491900534276e-23,1.1474778941082384e-08,9.668203467823392e-09
9.217862211361084e-05,0.010863023661471908,2.8539756315000572e-11,3.366935190720293e-28,0.9890447595969304,2.6336880387765447e-56,4.5193660548583e-15,3.615639950162445e-23,2.690988795205931e-08,1.1181051779640366e-08
6.274710291237724e-05,0.010475048865483182,1.868960703704594e-11,5.22504287609849e-29,0.9894621906924738,4.087139231305544e-57,7.481568645711779e-16,5.611000119870947e-24,1.0199052268106244e-08,3.121388160241044e-09
6.0331052639710694e-05,0.011259669491333188,2.4089971566420862e-11,1.3152465939840065e-28,0.9886799734975861,1.0288137502684182e-56,1.8214968027016154e-15,1.412399663094212e-23,1.6905015526655205e-08,9.02933345153779e-09
0.0002925915821918654,0.006433866784020005,3.2427290332247146e-11,8.836842186150523e-29,0.9932735281394347,6.912365176922654e-57,1.19023008022205e-15,9.48959153159931e-24,8.984861220529788e-09,4.477063827553223e-09
0.0010036981289540474,0.004289584326305087,6.272798142916284e-11,1.6154416548621928e-28,0.9947067052104295,1.263632688838003e-56,2.111280343787011e-15,1.7347691800009027e-23,7.967191668882939e-09,4.3043894581453344e-09
0.0007817375928067388,0.009269422675188443,4.241950863739187e-11,1.4544569447624867e-28,0.9899488257563797,1.1377070371390444e-56,2.0883997619579076e-15,1.5618930411169356e-23,9.779957724293458e-09,4.153245716620825e-09
0.00040221169846104755,0.006861743240753897,1.6812502665902434e-11,4.8839958195155595e-29,0.9927360361740666,3.8203649988024237e-57,6.919853704830269e-16,5.244761005135048e-24,6.7354716128435194e-09,2.1344338601360157e-09
5.295458592421581e-06,0.016423220108282195,3.47815797114209e-11,2.3147406730291464e-28,0.9835713721436596,1.8106391931282417e-56,3.4712797692822028e-15,2.4857231779699264e-23,6.994421512739842e-08,4.2310465491110867e-08
8.124306082182733e-05,0.006902065206176911,2.0013847852465306e-11,3.9837869759471316e-29,0.9930166848058913,3.116202570716975e-57,5.874947470560145e-16,4.27805660957236e-24,5.131536681530542e-09,1.7755587408280214e-09
0.0008985682161521672,0.00951855572301935,2.485985147751573e-11,1.1890863296546815e-28,0.9895828582405174,9.301285186744509e-57,1.6254716383917286e-15,1.2769203428566557e-23,1.2181573119697328e-08,5.613876644277515e-09
0.00023649210365753214,0.008781625411409127,4.9017089867309835e-11,6.6507804955396e-29,0.9909818734849853,5.202381406848501e-57,9.716766462180971e-16,7.142052440737594e-24,6.43930110880011e-09,2.5116290234117243e-09
0.00043758118453426237,0.00854370311604949,1.757239007400174e-11,5.123712263103194e-29,0.9910187050632066,4.007876279070408e-57,7.26296234760362e-16,5.502184537242389e-24,8.234387151335928e-09,2.384249509359756e-09
0.00026548546175745886,0.008485514412225201,1.8010785249310545e-11,2.885451530449868e-29,0.9912489928558709,2.2570613160687366e-57,4.144895947737672e-16,3.0985906280496716e-24,5.9105545001717345e-09,1.341580752141053e-09
0.001989051770161524,0.008931048615523825,6.010194341717612e-11,3.9465403780367467e-28,0.9890798764046634,3.087067499802209e-56,5.451635855368454e-15,4.2380587368170595e-23,1.6470676766423755e-08,6.67886701414918e-09
0.0005357581684882811,0.00802406334518467,2.4616431967892593e-11,8.069530922621613e-29,0.9914401651875899,6.312158042952122e-57,1.145042152126938e-15,8.665601423809065e-24,1.0890135344684864e-08,2.383984137227863e-09
0.0006182642761176842,0.00896029929937696,2.9749470058790684e-11,1.3652518936954645e-28,0.9904214186806142,1.067928954955765e-56,1.925599451464007e-15,1.466098695436606e-23,1.4591583076057873e-08,3.1225564728829894e-09
0.0007434247856657727,0.003029315254995137,9.206424469922082e-11,1.3415073415893337e-28,0.9962272506610518,1.0493554657883957e-56,1.7121937928738493e-15,1.4406002131570675e-23,5.823471820645541e-09,3.38274956746719e-09
0.0001463708112904863,0.010186769439953188,3.275200633275267e-11,1.6011001903638052e-28,0.9896668402030212,1.2524144896295086e-56,2.3232095467435394e-15,1.7193683541000163e-23,1.555381917176723e-08,3.959161537111254e-09
0.0007507653252315325,0.00896778509806051,3.163171324380191e-11,1.0214219743999622e-28,0.9902814366198032,7.989779083665048e-57,1.4267094092319141e-15,1.0968711577280258e-23,9.102985036199651e-09,3.822286771372197e-09
0.0015660974467386244,0.009121507512161089,5.6037932543087864e-11,2.4453637912104606e-28,0.9893123761441944,1.9128153667537548e-56,3.350615890815746e-15,2.6259950184118168e-23,1.2775700251113454e-08,6.065164355121164e-09
0.0003062484566009424,0.009786585833946497,5.49517155559265e-11,3.2290871619291726e-27,0.9899071108331019,2.5258604029071393e-55,3.6194724852572685e-14,3.467609549337682e-22,3.591821228400708e-08,1.8903150395294426e-08
2.4776887424733813e-05,0.010415528338201103,3.30447259269728e-11,1.700520202874135e-28,0.989559667572969,1.330182929336819e-56,2.5739033113260788e-15,1.8261322047691928e-23,2.2453237784548192e-08,4.7151200912391115e-09
0.0023023918587382936,0.0029127146085271027,6.837393832937925e-11,1.5131677887343561e-27,0.9947848732241198,1.1836319148645158e-55,1.2752515625434396e-14,1.6249406802567595e-22,9.089710259188668e-09,1.1150517691073314e-08
8.245542443882787e-06,0.015388515470738372,5.245825688389272e-11,1.0854717050026947e-27,0.9846030075234107,8.490789653061181e-56,1.5005542258435618e-14,1.1656520362375154e-22,1.3551672700052177e-07,9.589420662812094e-08
0.0010636309150047153,0.004911272744568433,5.055182042978047e-11,1.5375905255600979e-28,0.9940250816048462,1.202735885745422e-56,1.962924764333887e-15,1.6511674347150848e-23,9.428238993245607e-09,5.256787934244662e-09
0.0028635442833407016,0.00984947037474017,5.1341455086244236e-11,1.2411984043176586e-27,0.9872869488295791,9.708916917580791e-56,1.53096878465137e-14,1.3328817760951646e-22,2.2462302749033416e-08,1.399868055052622e-08
0.0018088691988149917,0.00873962315882441,5.538401247509444e-11,6.936000253635593e-28,0.9894514801541026,5.42548636546833e-56,8.76649509051607e-15,7.448340493767687e-23,1.5642170922534847e-08,1.1790694540444988e-08
0.0007614440763695566,0.008778673104459454,6.265223756632509e-11,2.75462622406166e-28,0.9904598623178876,2.154726993440503e-56,3.949546034492925e-15,2.958101681912809e-23,1.543167357334022e-08,5.006953620081846e-09
0.0002000699222914328,0.010012469158571508,2.423059306654296e-11,1.1630424367607221e-28,0.9897874414604971,9.097564338013275e-57,1.6214654897217355e-15,1.248952670597917e-23,1.4927510803700223e-08,4.506897038459554e-09
0.0006955632447935191,0.004181343199019804,9.254042007339418e-11,1.1658671203259902e-28,0.9951230839043542,9.119659630178397e-57,1.5882953282532709e-15,1.2519860082915085e-23,6.493817451057589e-09,3.0654729647027647e-09
0.00035034012951644166,0.004869127360254031,8.365872260330623e-11,4.114496922305666e-29,0.9947805267397845,3.218446662624767e-57,5.86466314177431e-16,4.418421689736098e-24,4.304371705365292e-09,1.382413985834479e-09
0.004247324469759707,0.009958863797914011,5.163821991489042e-11,1.424540223668295e-27,0.9857937716460567,1.1143055462472714e-55,1.8097764572183324e-14,1.5297664711171393e-22,2.8685991151175178e-08,1.1348622046045791e-08
0.004948446413553603,0.008529627033966126,5.867835966899145e-11,1.6037170351362487e-27,0.9865218897827374,1.2544614455671567e-55,1.8820110596380884e-14,1.7221785048884424e-22,2.4297417934360836e-08,1.2413627717584057e-08
0.0022230810183500598,0.009682698773430568,5.047580073948384e-11,8.716964702937718e-28,0.9880941865619322,6.818594483164012e-56,1.1593872707462532e-14,9.360859104790211e-23,2.533310293204822e-08,8.262696904063558e-09
0.0007623369600288127,0.009979408390845766,3.1763576701232036e-11,1.3294304296925467e-28,0.9892582348054624,1.0399086474239619e-56,1.888081270824522e-15,1.4276312145810765e-23,1.6063496495080318e-08,3.7484010954808595e-09
0.0002748991006794167,0.010265686862880801,2.172715348937021e-11,1.4854820559625977e-28,0.9894593885592836,1.1619755353196132e-56,1.993622086520482e-15,1.595209874959075e-23,1.51240614377127e-08,1.0331365557157758e-08
1.619544136604051e-05,0.0097285502834183,4.550840027007848e-11,3.945342710821647e-28,0.9902551808871841,3.0861306597310235e-56,5.226378351020357e-15,4.236772594186902e-23,2.490877593166844e-08,4.843374205566283e-08
9.849279525551445e-05,0.008463457489571077,5.7997076756974995e-11,1.7077790289215424e-27,0.9914379995929722,1.3358609473025417e-55,1.9072423073025485e-14,1.8339272286624962e-22,2.061367369327122e-08,2.9450511263601024e-08
0.0003738037278735165,0.007114546574561862,2.5676132436772297e-11,4.5883528942055037e-29,0.9925116415291048,3.589106842243806e-57,6.390005387553522e-16,4.927279885334438e-24,5.535072494658746e-09,2.607710676627461e-09
0.00168791500046989,0.009164141485065811,5.3480342521159454e-11,4.35249815991164e-28,0.9891479186677075,3.404616276224322e-56,5.978558704924593e-15,4.674003324207512e-23,1.8792306311148923e-08,6.0009640444738234e-09
0.0027152220060466833,0.010515412086587145,3.177918018755113e-11,9.343124983976066e-28,0.9867693127292143,7.308390315133713e-56,1.1510625831759175e-14,1.0033271816269679e-22,3.750923871254966e-08,1.563712225612508e-08
1.8553760316914012e-05,0.01132829953028988,1.513800299084142e-11,2.4629174633155915e-29,0.9886531388204974,1.9265462168949203e-57,3.6421159664004346e-16,2.6448453170674688e-24,6.205746162075617e-09,1.668011177079538e-09
5.5885417183999875e-06,0.018254375867739158,6.879353068569429e-11,4.869147948810493e-27,0.9817275746380445,3.8087506901447664e-55,6.657188807148771e-14,5.228816359575877e-22,1.1727853127092669e-05,7.330305109071659e-07
7.325813475450779e-06,0.007992912141992858,6.714771063032998e-11,2.18731152594324e-28,0.9919997201556151,1.7109614176694463e-56,3.051243280188463e-15,2.3488812527739986e-23,2.4204190266498294e-08,1.7617575489573615e-08
0.0004544798733533842,0.007527677417876392,3.960920421544125e-11,5.308418747860757e-29,0.992017834783057,4.152357609293802e-57,7.49232786452155e-16,5.700534710844396e-24,5.633371289699272e-09,2.252731919301456e-09
0.0008777726770788244,0.008968365904327688,4.876860212616088e-11,1.5245022169845285e-28,0.9901538474383448,1.1924979336105527e-56,2.1174092251567778e-15,1.637112335048723e-23,8.816534767036968e-09,5.114943231289732e-09
0.0007750823798815191,0.009076923664408033,4.3913183602743955e-11,1.495610257963991e-28,0.9901479800640899,1.1698980313454843e-56,2.070534472066796e-15,1.6060862189833273e-23,8.432271624150636e-09,5.4154339264559245e-09
0.0012782857343833773,0.008069059630296468,4.1600609868757935e-11,2.0514136641451703e-28,0.9906526380031097,1.60465922951672e-56,2.9106031817253767e-15,2.2029450489964898e-23,1.207411209639082e-08,4.516495052908039e-09
0.00038937705858584846,0.00589415623469386,4.255908852235409e-11,5.429424581480911e-29,0.9937164582826022,4.2470109343508416e-57,7.692948612372878e-16,5.830478858227292e-24,6.6275265129298854e-09,1.7540317682970308e-09
0.0004349180438576138,0.008723334325917532,2.0165227468343518e-11,4.834522204802378e-29,0.9908417376852658,3.7816656900505785e-57,6.757645446078119e-16,5.191632934021095e-24,7.500327430213339e-09,2.4244658587641865e-09
0.0015939092406020475,0.0029461157076623007,8.107167346656674e-11,4.841808627931711e-28,0.9954599597506597,3.787365306480433e-56,5.226770836232882e-15,5.1994576110461096e-23,7.845868421349954e-09,7.374130696116656e-09
0.0014695354601362881,0.004369644989308761,4.8082956057459485e-11,3.129121504568529e-28,0.9941608006675091,2.447665139303555e-56,3.734878392661555e-15,3.360259734156284e-23,1.1195361763702567e-08,7.639597431196832e-09
0.0006034388109687097,0.010401036705291234,2.3890814040044404e-11,2.5232647959136413e-28,0.9889954920993789,1.9737511817348627e-56,3.3197870314815147e-15,2.7096503139500464e-23,1.8917517716388848e-08,1.3442949285433446e-08
3.648421703922103e-06,0.018201076689607854,6.648029503501781e-11,2.6527363193703253e-28,0.9817950544839205,2.0750265493915654e-56,4.017902568834821e-15,2.848685487143467e-23,1.483261021138291e-07,7.20121813834044e-08
0.00018422546542467367,0.010417370575664183,2.8561637544095966e-11,1.9775871115812532e-28,0.9893983788812426,1.5469105360878043e-56,2.712318748990885e-15,2.123665162463341e-23,1.873596764196886e-08,6.313136562679771e-09
6.324544759448115e-05,0.006903994126793567,2.0322327704714775e-11,5.672877837266154e-29,0.993032750280649,4.4374452259918503e-57,8.500198916457663e-16,6.0919152218104485e-24,8.11603988335324e-09,2.0085998923415217e-09
1.2072752760495217e-05,0.01184468949048897,3.0841798085886206e-11,2.5495402262747826e-29,0.9881432311977065,1.994304378174787e-57,3.936834739849198e-16,2.737866629666808e-24,5.232853378249867e-09,1.2953484774026478e-09
0.0013439637868502081,0.008488242782396868,2.5778545787037422e-11,2.5687342520681425e-28,0.9901677667266926,2.0093183524747396e-56,3.362044800444617e-15,2.7584784539750717e-23,1.9727540446379807e-08,6.95073826018084e-09
0.0004227490716941017,0.00698252228356885,2.317363069082705e-11,5.118699552269029e-29,0.9925947204028638,4.003955231981653e-57,7.288838102264253e-16,5.4968015571940496e-24,6.2599632882193104e-09,1.958735574026538e-09
0.0011215329189984112,0.009520461971999886,2.846063807574402e-11,2.566603544202417e-28,0.9893579791507747,2.007651668353223e-56,3.4276866924890105e-15,2.756190359328011e-23,1.9505145503628537e-08,6.424617386570334e-09
0.005326006805256674,0.009134874577156421,5.596885714640833e-11,2.229857604138425e-27,0.9855390755864482,1.7442418659628712e-55,2.52396008832138e-14,2.394570083697601e-22,2.9060170807582075e-08,1.39149740792098e-08
0.0004905510709153687,0.008919597799979733,2.74248966795067e-11,7.656862074403036e-29,0.9905898374799046,5.989359728473548e-57,1.0854560153829762e-15,8.222450047281156e-24,1.1200312688537856e-08,2.4214616060297998e-09
2.6997661686868935e-05,0.009731834054957839,4.553369144212945e-11,6.176648412763037e-29,0.9902411566733961,4.8315052451585583e-57,9.330096957986828e-16,6.632897730429798e-24,9.490920581593299e-09,2.0735041601338583e-09
0.00127455053655174,0.003303586000549065,7.985301156500393e-11,3.8454543237371486e-28,0.9954218487378931,3.007995856268656e-56,4.452959904072299e-15,4.129505786434467e-23,7.432940094202902e-09,7.212208431729468e-09
0.0014300512614951466,0.002961594131199188,7.509323971501498e-11,4.567186277278632e-28,0.9956083382265416,3.572549886813906e-56,4.8560132312729975e-15,4.904549782308649e-23,7.0683296049577095e-09,9.237336405066844e-09
0.0004982637514891181,0.009209387255476108,2.8656102943916935e-11,1.067781011837092e-28,0.9902923350499128,8.352409306489567e-57,1.432279727757857e-15,1.1466545896357801e-23,7.370578846833974e-09,6.543885556489018e-09
0.000578779030739574,0.004198554797292501,5.0876766844960644e-11,3.713658471861808e-28,0.9952226439011395,2.9049023494808585e-56,4.2362999422968686e-15,3.987974590950078e-23,7.721828434324254e-09,1.4498118913948098e-08
0.000701606652928853,0.004565549499979513,9.585108329938938e-11,9.181891949259824e-29,0.9947328353149881,7.182270418609887e-57,1.2569540361889859e-15,9.86012903808479e-24,5.504692009800803e-09,2.9315591887314553e-09
0.0001185986086684496,0.002411557948076765,1.241885504615179e-10,1.118390800888855e-28,0.9974698349224626,8.748289808488902e-57,1.4251444731671595e-15,1.2010027651778606e-23,4.385871386931655e-09,4.010730989246981e-09
0.0010345000090931887,0.007821073024426814,4.793193721699911e-11,6.611124371644288e-28,0.9911443976639114,5.1713615800352425e-56,7.727956053273695e-15,7.099467070093349e-23,1.181680405338822e-08,1.743782488148828e-08
0.0007332831546199252,0.003286643686016885,8.114923253169731e-11,1.2695575200075408e-28,0.9959800631530815,9.930747911656398e-57,1.6037449267429827e-15,1.3633356873397225e-23,5.520558283967311e-09,4.404572694210258e-09
0.0008374980105435717,0.003321860764534299,6.722811570796814e-11,1.4314628695345451e-28,0.995840630489047,1.1197205856254736e-56,1.800615633541017e-15,1.5372004686808583e-23,6.3965653909937995e-09,4.272080026166313e-09
0.0006160152958705526,0.0038888743326891584,8.288204993850456e-11,1.2731424698383021e-28,0.9954951003841654,9.958790150530661e-57,1.660841896177223e-15,1.367185446181661e-23,5.700097263078982e-09,4.204293874461464e-09
0.00144204201894875,0.0044599356837169805,6.375912911954668e-11,5.436682396680873e-28,0.9940980030920419,4.252688171430788e-56,6.164810675417877e-15,5.838272807380556e-23,1.1081189610549513e-08,8.060337480050186e-09
0.0009456964250468248,0.006875539841817142,5.026263787486427e-11,2.0844176856192566e-28,0.9921787462497987,1.6304756788627675e-56,2.6658944523352227e-15,2.2383869763312796e-23,8.7500574870331e-09,8.683014507851973e-09
0.9999999999703084,4.655228434840425e-73,8.836235220195559e-19,3.2523392995122227e-77,2.044509957413144e-139,6.552525096940756e-132,2.969155803154391e-11,1.1104462372621402e-114,5.12975550869886e-99,9.684871811764063e-21
0.002938465134113137,0.01059715672662426,3.812430092454751e-11,2.254836811616897e-27,0.9864643202638715,1.7637811364545106e-55,2.516684092399156e-14,2.421394421107434e-22,3.968592602000605e-08,1.815131562332341e-08
0.0013585907333289113,0.010337470280481953,3.130774320069474e-11,3.9611290175036434e-28,0.9883039017766155,3.098479040030924e-56,5.369158649710365e-15,4.2537249811737163e-23,2.9971056628888256e-08,7.207204086598134e-09
0.003017453370575843,0.009196700638038612,5.81261025104218e-11,5.834083735878979e-28,0.9877858182766476,4.563543905758214e-56,7.896125704537952e-15,6.265028907597902e-23,1.968059100491521e-08,7.976013000685485e-09
5.262877335495161e-06,0.013071727030070222,5.790308797706937e-11,7.817612677881282e-29,0.9869229864912328,6.115102262741744e-57,1.1508564542414785e-15,8.395074792398789e-24,1.363633534969846e-08,9.907122112827859e-09
8.501684214989445e-06,0.004712474761192175,5.865264955735314e-11,5.439741664100161e-29,0.9952790122340276,4.2550811773809595e-57,7.666602855422133e-16,5.8415580314731965e-24,7.110145418963757e-09,4.151766654393313e-09
3.489426103166461e-05,0.006401967478580636,4.86892095280232e-11,3.1460953566784087e-28,0.9935631019714194,2.4609424474357385e-56,3.9281276092453455e-15,3.378487390505247e-23,1.5020444018024273e-08,2.121983113169376e-08
4.5596628516448815e-05,0.010757152222493375,1.7475123285418592e-11,3.782971362176946e-29,0.9891972400523444,2.9591203421358704e-57,5.552998957866794e-16,4.062407384948051e-24,8.942572143724845e-09,2.1365976242384296e-09
0.0005762541657231991,0.009460790211451874,2.3584145464765886e-11,1.0653145358788039e-28,0.9899629400007616,8.333116002711003e-57,1.4265254049053775e-15,1.1440059220194446e-23,8.907543583401019e-09,6.690934536963888e-09
8.141013790606766e-06,0.016258891139011373,5.180610575841238e-11,1.972771697798359e-27,0.9837323860914062,1.5431438201057004e-55,2.561908334972494e-14,2.1184940469249877e-22,2.4307555918192766e-07,3.3862840088071513e-07
1.3430433965774786e-05,0.00894641629858937,4.8928602152114314e-11,1.7851487929203597e-29,0.991040148950799,1.396381205269607e-57,2.678438318024234e-16,1.917012040132994e-24,3.257303987878863e-09,1.0104129367571814e-09
0.00092559940323307,0.010097237222087439,3.3721442721445934e-11,3.332438559943074e-28,0.9889771359700226,2.606704049359944e-56,4.361578930896564e-15,3.578595169314581e-23,1.6909475286092848e-08,1.0461455869158433e-08
0.0020335795737259897,0.007900185344029951,6.54311199854285e-11,4.559478985694456e-28,0.9900662123003878,3.5665210683642164e-56,5.917003525110074e-15,4.896273169135151e-23,1.3892305159319363e-08,8.824114321070304e-09
0.00198442494656649,0.009121971469112724,5.5441877172171204e-11,7.5383048966143056e-28,0.9888935710548763,5.896621809565248e-56,9.904055880615917e-15,8.09513545559367e-23,2.4625226598971963e-08,7.848766014668675e-09
0.003933001617134855,0.009700705317326091,5.513358985071394e-11,1.1906881987580509e-27,0.9863662552382284,9.313815371933744e-56,1.5225017865975274e-14,1.2786405421320568e-22,2.7047340742906942e-08,1.072482108729203e-08
0.0009310430099425223,0.009676286251750663,4.1322554731895455e-11,6.372533382586775e-28,0.9893926402605796,4.984730648869444e-56,7.748869824963401e-15,6.843252117904875e-23,1.3010497430645928e-08,1.7425899743711704e-08
0.0012640027425807375,0.010331997147840968,3.6790099971052546e-11,4.702703618124217e-28,0.988403967884771,3.6785544118563523e-56,6.08439611761609e-15,5.050077339116361e-23,2.086982121233441e-08,1.1318189882094227e-08
0.0011878269907052116,0.009479095880321487,2.5916613279269522e-11,2.4869612851014316e-28,0.9893330485799693,1.9453538061811765e-56,3.363757976194045e-15,2.670665179373289e-23,2.1409679235177538e-08,7.113404964037047e-09
0.0005124856528818489,0.005964052943109753,4.486895751822444e-11,1.789859226298016e-28,0.9935234460836256,1.4000658114393595e-56,2.2809879501959976e-15,1.9220704218339137e-23,6.931009562808706e-09,8.344502022198578e-09
1.0519367208968198e-05,0.015001873640314235,4.7169878391834207e-11,1.386286370262448e-27,0.9849872483582065,1.0843825698059284e-55,1.811809753042805e-14,1.4886869201755464e-22,1.2517219160195395e-07,2.334148905680245e-07
0.0005072031748279777,0.008906940456928867,2.3493480667719503e-11,7.128755119141929e-29,0.9905858444911463,5.576263284354554e-57,9.783165859930391e-16,7.655333517081503e-24,7.544040894664107e-09,4.309561513889792e-09
0.0011638686267904776,0.00999049799728733,3.621136158930675e-11,2.7017595440389316e-28,0.9888456062029909,2.1133735561342683e-56,3.786934783924357e-15,2.9013299041627855e-23,2.1726718362913082e-08,5.409997967200313e-09
0.001153340631651416,0.009806334521323155,2.614499536813546e-11,2.1367773851082264e-28,0.989040297062926,1.6714325391637625e-56,2.8741802100313944e-15,2.2946143117561023e-23,2.166005844735331e-08,6.097893197134681e-09
0.001334278301442439,0.009500768151515003,2.8890552035763682e-11,1.8103935095929723e-28,0.9891649302441231,1.4161281579294082e-56,2.394424360879769e-15,1.9441215018962905e-23,1.635022163257941e-08,6.923804770805881e-09
0.0014651005158721412,0.009590766915334309,4.524225143838869e-11,5.19711507417359e-28,0.988944104590793,4.0652935208671784e-56,7.069320813454609e-15,5.581009393951736e-23,2.1586100493713152e-08,6.346650925731739e-09
0.001748938177926692,0.009816802611481722,3.508841107008046e-11,3.1873011371053195e-28,0.9884342264239901,2.4931744750660484e-56,4.1781040321656976e-15,3.4227369034812246e-23,2.5483413619485272e-08,7.268095111961641e-09
0.9999999999213862,2.6526974315845754e-71,5.035166929016029e-17,1.8532865201390248e-75,1.1650268915460527e-137,3.7338374987056986e-130,7.861387355619345e-11,6.327676337969028e-113,2.9230980719958476e-97,5.518748409609317e-19
0.0004615091558583033,0.00937592596932796,3.074906490566815e-11,6.747814551102088e-29,0.9901625522592401,5.278283499569117e-57,9.751994525999761e-16,7.246254086123822e-24,1.0351150031658868e-08,2.233673698913723e-09
7.909778130697268e-06,0.016553046242645367,5.197403662422575e-11,2.6337504880180892e-27,0.9834377634927712,2.060175433456894e-55,3.328700725416497e-14,2.828297227588693e-22,3.6635815269580996e-07,9.14076292803363e-07
8.856226834839664e-05,0.003148764579450316,5.097946711425624e-11,7.996102360278312e-29,0.9967626634111275,6.25472068003012e-57,1.0480819295809826e-15,8.586748944815932e-24,5.151696732794756e-09,4.53839653792126e-09
6.255229975510792e-06,0.01734381907086376,7.353094616681593e-11,3.7135920154588327e-26,0.982619807935615,2.904850378222413e-54,3.2645836644166644e-13,3.987903186533923e-21,2.9260507317295043e-05,8.571823710716443e-07
0.0011150195729970787,0.002786988786459171,7.062531573399893e-11,2.5556449718824e-28,0.9960979786273411,1.9990796481642742e-56,2.948233052539302e-15,2.744422322476305e-23,6.371657045281511e-09,6.57091753548762e-09
0.0013651843362748005,0.006137365435396752,7.542820183842016e-11,2.6546912421961335e-28,0.9924974335665496,2.076555736916589e-56,3.4247871464093693e-15,2.85078482436648e-23,9.648451072526671e-09,6.937896053575125e-09
0.0007411740039283386,0.003516522937320661,6.292137733809581e-11,1.2946331279451811e-28,0.9957422920825846,1.0126894631692107e-56,1.6218535832178223e-15,1.3902635503832903e-23,5.569062945344798e-09,5.344180615568594e-09
0.0009667677920952957,0.010506231780791967,3.464779660120052e-11,2.8542586957328424e-27,0.9885269432133867,2.2326616541074373e-55,2.6481596960310487e-14,3.065093695629593e-22,1.974515685335249e-08,3.743389477855243e-08
0.0015400240730928387,0.009669835869188596,3.5011199313960374e-11,3.2320025435185865e-28,0.9887901119166053,2.528140866944681e-56,4.125121598451955e-15,3.470740264932267e-23,1.7720918591800848e-08,1.0385179419059951e-08
0.00210984421778947,0.010097004873442325,4.9050526700523054e-11,8.440024465542044e-28,0.9877931147049862,6.601965971790146e-56,1.1179586118553341e-14,9.063462179670604e-23,2.6391125483062355e-08,9.763594870064447e-09
0.0006545784300891373,0.0033376853429544933,1.0532527144808564e-10,9.56327817746551e-29,0.9960077281552764,7.480598809659945e-57,1.2612090800903068e-15,1.0269687053582854e-23,5.0395165294258035e-09,2.926836977331408e-09
0.0015862227205045345,0.005717939126726616,8.446780887007508e-11,2.727092257519759e-28,0.9926958223416694,2.1331893438631085e-56,3.592622550787949e-15,2.9285338720946425e-23,1.0482218123619088e-08,5.244409987067849e-09
2.1761007986935736e-05,0.004784060037578904,1.442518791014103e-10,1.017589449537121e-28,0.9951941675802486,7.959800268840215e-57,1.453297089088502e-15,1.0927555383386822e-23,7.459447598877517e-09,3.7704844271958355e-09
0.0011588128365422191,0.00918124935971541,4.8180749720584323e-11,3.181607841299189e-28,0.9896599122203587,2.4887210632446246e-56,4.435199371483775e-15,3.4166230695443654e-23,2.0094060596581842e-08,5.441138039916177e-09
0.0007226779890595408,0.008569071480460516,4.248871208894701e-11,1.012343718399452e-28,0.9907082391161487,7.918767041771743e-57,1.4386019116863355e-15,1.08712232026205e-23,8.027976272908884e-09,3.3438647742425473e-09
9.072016064047404e-05,0.010080301633744005,1.8076254363706048e-11,7.622007944881235e-29,0.9898289604536591,5.962096087569666e-57,1.077730597143911e-15,8.185021345888012e-24,1.3250560228399998e-08,4.483318659346195e-09
0.0019391808675077757,0.004805426865787055,7.526671749713676e-11,4.652283638874599e-28,0.9932553726913499,3.639114836091418e-56,5.556109093805519e-15,4.995933008189349e-23,1.2145382585249884e-08,7.354700397913134e-09
0.00026735430905657826,0.006349916404872067,2.261990375356258e-11,1.089539498805197e-28,0.9933827174199277,8.522608795345098e-57,1.507541932762623e-15,1.1700203057261884e-23,6.806261086035335e-09,5.037261153942436e-09
8.747299520052242e-06,0.00928949553394151,6.011577104364988e-11,6.453272324983021e-28,0.9907015852233807,5.0478863455244855e-56,8.253370173986356e-15,6.929954973445129e-23,3.904671601316731e-08,1.3283631772880004e-07
0.0009156363147021004,0.008789578948507414,3.7297665462298325e-11,1.5556103516468556e-28,0.9902947690956759,1.2168313749866457e-56,2.1279121222794833e-15,1.6705183269802783e-23,1.0210120563570032e-08,5.393694043009348e-09
1.4112176324581178e-05,0.00906622222608106,5.181253191735676e-11,6.441992071057587e-29,0.9909196516864386,5.039062678605964e-57,9.245204694955875e-16,6.917841478396682e-24,8.794470358598448e-09,5.064872095905271e-09
0.0002268427748485913,0.009703209005932337,3.58611231101234e-11,1.8884325324319285e-28,0.9900699289005197,1.4771719394064106e-56,2.54476106275363e-15,2.0279250229036425e-23,8.284899479178182e-09,1.0997936041023504e-08
8.69446354505859e-05,0.004091820315720977,1.03753054316255e-10,7.745018042392236e-29,0.9958212269235432,6.058317204015899e-57,1.0901909494843758e-15,8.317117834560023e-24,5.46767176546489e-09,2.5538592299484714e-09
0.0009529228522112519,0.008967775069829804,2.8225033268294653e-11,1.2158316770641454e-28,0.9900792845217751,9.510492959217183e-57,1.6598546023956354e-15,1.305641283830834e-23,1.3091643295137016e-08,4.436313788336726e-09
1.8609540212376294e-05,0.012623271410903693,2.777547227636034e-11,8.577907663680726e-29,0.9873580946371071,6.709821099909004e-57,1.246022123572171e-15,9.211530330996587e-24,1.947397873617977e-08,4.9100213554268325e-09
5.424312574542468e-06,0.018458858886622284,7.137349065327795e-11,2.6420474574650176e-27,0.9815323101455983,2.06666549798203e-55,3.738246384205098e-14,2.83720707017356e-22,2.9473101428426448e-06,4.5927365116490966e-07
0.00025262393238273845,0.0076298662934769935,2.3782545078590827e-11,2.927989875100984e-29,0.9921175034691403,2.290335710345259e-57,4.2877859197793165e-16,3.1442711455336085e-24,5.251306284522521e-09,1.0299108333131871e-09
0.00013079406220039216,0.010895145314508518,2.6730916452155033e-11,4.412642561598585e-28,0.9889740047105295,3.451662497715656e-56,5.60303256910891e-15,4.738590383693429e-23,3.1210863834651853e-08,2.467516100975259e-08
0.0016953593584545794,0.00985857484614416,3.684309911043011e-11,1.117417029478798e-27,0.9884460234773911,8.74067277102846e-56,1.2875361929772535e-14,1.1999570628406768e-22,2.8278733463426478e-08,1.4002420691447318e-08
0.0005994010834265624,0.008910900855583756,2.171975848937287e-11,8.969925227731796e-29,0.9904896841065651,7.016465550287982e-57,1.217223647370104e-15,9.632504984580666e-24,8.933617685280372e-09,4.999085765863668e-09
0.0007544518014291694,0.003778210177688125,8.182692659032998e-11,1.370184535907556e-28,0.9954673278520212,1.0717873742871465e-56,1.8088928785510203e-15,1.4713957000218807e-23,6.857725150945667e-09,3.2293076560591195e-09
0.0010024269540717954,0.009466601772266795,4.232651482170574e-11,2.784826613482257e-28,0.9895309515193336,2.17835038134581e-56,3.723983772083763e-15,2.9905328771733215e-23,1.1066330784758826e-08,8.645666816666778e-09
0.0007964639854504489,0.00963406897587984,3.0576243564447586e-11,1.9373407904140548e-28,0.9895694449004245,1.5154290127171932e-56,2.5955751501334855e-15,2.0804459750173098e-23,1.4520012830200076e-08,7.587653602581426e-09
0.0005461297880285517,0.008453846538716286,2.828741706671649e-11,7.323018710924889e-29,0.9910000114085138,5.728220376542281e-57,1.0398221515581496e-15,7.863946739440572e-24,9.922474657650384e-09,2.3139782675764392e-09
8.786773827785972e-06,0.01528655138107698,5.013268562016577e-11,2.9310679095722715e-27,0.9847040528178638,2.2927434204426346e-55,3.619576503318342e-14,3.147576537781136e-22,2.81462908299877e-07,3.2751415414586313e-07
0.00015509448757167373,0.00826494506024291,2.3224549933152825e-11,5.664049760161318e-29,0.9915799524294175,4.430539722361198e-57,8.20885882528023e-16,6.0824350478932065e-24,5.062044541349011e-09,2.937497837589739e-09
1.962954168742701e-05,0.007935086836636266,3.830150489070882e-11,4.215782947844986e-29,0.9920452731991569,3.297674735769956e-57,6.140158857477144e-16,4.5271893858764626e-24,8.23246547031912e-09,2.1517516290972703e-09
6.857888911239262e-06,0.016536465007947143,6.588593919387292e-11,9.184357218272365e-27,0.9834540547664233,7.184198823595854e-55,1.0325137190972119e-13,9.862776355955238e-22,1.8547931815500892e-06,7.674775474273515e-07
0.0007841197814978612,0.009452193909817835,2.3147959544038783e-11,9.824236845838866e-29,0.9897636698069492,7.684726190280718e-57,1.3761893776488406e-15,1.0549921872618933e-23,1.2403239383209218e-08,4.075346569724035e-09
0.00010075039865715627,0.006630988989477007,1.9554902399478646e-11,2.991692834831116e-29,0.9932682555372012,2.3401655162656833e-57,4.430190935662284e-16,3.212679640131285e-24,3.6524867409559466e-09,1.4026224882579522e-09
5.759950193843334e-06,0.01771204628298031,4.4182030015939943e-11,4.921838044627673e-28,0.9822819082137947,3.84996598960263e-56,7.30532854716932e-15,5.285398509735662e-23,2.1628429046096248e-07,6.92245513605526e-08
6.3355246044075e-06,0.013955679195794662,4.801210306404746e-11,2.7837052937424114e-28,0.9860378727337458,2.177473257367157e-56,4.018577393872199e-15,2.9893287222307306e-23,5.7513503726836846e-08,5.4984335269247914e-08
4.671514747589969e-06,0.017399000886089686,2.5721966357422882e-11,4.0285199387103767e-29,0.9825963084334745,3.151193640894913e-57,6.082206451263845e-16,4.326093851674998e-24,1.5654459591452147e-08,3.485506083083524e-09
0.00016023305251331522,0.010255304774733617,3.655255690777901e-11,2.3753997097772593e-28,0.9895844328293883,1.8580879773272855e-56,3.329526476846126e-15,2.5508629081057816e-23,2.2605860209515766e-08,6.700948608733098e-09
0.0014443289463648245,0.009614871393488829,2.4436206300047497e-11,2.231638513224378e-28,0.9889407695167242,1.7456349225999463e-56,2.9982302940332093e-15,2.396482527510149e-23,2.3117186867782876e-08,7.001795795165244e-09
0.0007331356808462504,0.007665439545413819,2.0325690840335688e-11,1.0406959478529825e-28,0.9916014098611449,8.140544182620218e-57,1.4158604473124807e-15,1.1175688365669082e-23,1.019253884857587e-08,4.6997291011441765e-09
5.713787467568975e-05,0.0050650578316615335,8.073217002418167e-11,1.1646204779343572e-27,0.9948777722659801,9.109908167627572e-56,1.2949275573593847e-14,1.2506472848941633e-22,1.5758392052283867e-08,1.6188545491916205e-08
1.2114785168730468e-05,0.008174970748760616,9.57787422797311e-12,1.0038022173287847e-29,0.9918129118108199,7.851953604594447e-58,1.4820441874274097e-16,1.0779498843115128e-24,1.822878198578645e-09,8.227944908572899e-10
0.0016111162351466013,0.006911842338443208,6.358120768395545e-11,5.45907458679684e-28,0.991477018715108,4.27020380828589e-56,7.0606010344167725e-15,5.862319031846326e-23,1.6156599491270055e-08,6.491114477513841e-09
9.994140440287676e-05,0.01145319733624484,3.566051073161484e-11,7.168082006747663e-28,0.988446804437685,5.607025626122854e-56,8.86805118677318e-15,7.697565368160387e-23,2.961898372324519e-08,2.716701419819619e-08
9.994140440287676e-05,0.01145319733624484,3.566051073161484e-11,7.168082006747663e-28,0.988446804437685,5.607025626122854e-56,8.86805118677318e-15,7.697565368160387e-23,2.961898372324519e-08,2.716701419819619e-08
0.00016561087689386512,0.007357149760339553,2.313135299517103e-11,1.7618550283420576e-29,0.992477235327986,1.3781603284946235e-57,2.6126787885484237e-16,1.8919976384916056e-24,3.3378576265868757e-09,6.737911601970566e-10
4.484662334456151e-06,0.018956183484498457,5.253133286647786e-11,5.110872594122422e-28,0.98103885114494,3.9978328194204263e-56,7.780361704107615e-15,5.488396438571463e-23,3.8254376984009336e-07,9.811191805567817e-08
0.00017486488846993095,0.008938570404660673,3.061087830402188e-11,5.821967039502234e-29,0.9908865549323771,4.5540659594179213e-57,8.61514872042143e-16,6.2520171726603485e-24,7.956909462074481e-09,1.7869710416633016e-09
0.0011409470030130742,0.009138251788407551,2.6444186804825844e-11,2.583658874111875e-28,0.9897207709600069,2.0209927075931288e-56,3.5093486770367477e-15,2.7745055099575967e-23,2.4611028821281604e-08,5.6110960084330416e-09
0.0006003080435641702,0.00988527287081178,2.349013731277389e-11,9.19342040257293e-29,0.9895144026173479,7.191288208041619e-57,1.2973895773796934e-15,9.872509033976547e-24,1.2824217494233935e-08,3.620566953602418e-09
0.0022122983664338227,0.010174250300380756,3.632450498116361e-11,6.788761477240502e-28,0.987613406789709,5.310313065245739e-56,8.483574766278294e-15,7.290225636712408e-23,3.222121673163861e-08,1.2285926526909007e-08
7.599657021011509e-06,0.013311126830919928,5.976371342675699e-11,1.0038923136169484e-27,0.9866810399389524,7.852658378707245e-56,1.3824232662455561e-14,1.078046636564683e-22,1.2308806561447308e-07,1.104252634760298e-07
1.6559533651710277e-05,0.01381598246537679,4.3636046231803585e-11,2.2242764021640438e-27,0.9861672701026294,1.7398761305857885e-55,2.8377491319151654e-14,2.3885766025464274e-22,1.2410235450001376e-07,6.375232325303687e-08
1.847949646969951e-05,0.012967221246080454,2.5403015478205962e-11,1.173594140140667e-28,0.987014264305579,9.180101995323628e-57,1.64936603244617e-15,1.2602837939756159e-23,2.3285312419202396e-08,1.1641153676869528e-08
0.0005257968861537051,0.009204200141316845,3.700419009104939e-11,8.692930109847242e-29,0.9902699912454639,6.799794101797238e-57,1.2430732968239078e-15,9.335049130223078e-24,8.670432595736011e-09,3.0196275042169182e-09
0.0006657202589858655,0.008683992619680177,3.901941146530313e-11,8.111854434017098e-29,0.9906502765873836,6.345264395074161e-57,1.1730066846268961e-15,8.711051248642953e-24,7.714737467404332e-09,2.7801923867790904e-09
0.0004899597233261506,0.009802258242088779,2.6328497987910028e-11,4.680861326103595e-28,0.9897077352205552,3.661468897615493e-56,5.8140092953920845e-15,5.026621611748478e-23,2.8426186459797958e-08,1.8361509217329598e-08
0.0017393933879729134,0.006008313855159976,6.105580310190906e-11,3.7248147688120004e-28,0.9922522707877793,2.9136290313306026e-56,4.673038924556116e-15,3.999954962663172e-23,1.498281249826733e-08,6.925214802050966e-09
0.999999999992647,7.280845815490426e-74,1.3820008730954225e-19,5.086706551752779e-78,3.1976436766781914e-140,1.0248245730736617e-132,7.353003050952832e-12,1.7367542652446194e-115,8.023013145922951e-100,1.5147282154265644e-21
4.5527671701275865e-05,0.01037498477617788,3.3145186737885234e-11,4.035826284430442e-28,0.9895794266554131,3.156908823380799e-56,5.18680403353701e-15,4.333939894356631e-23,3.32353728001965e-08,2.7628184361239256e-08
5.7151481436588656e-05,0.007803988026950114,3.2209710249615856e-11,1.237413217820933e-28,0.9921388393556906,9.679308345949425e-57,1.717233282366306e-15,1.3288169845948586e-23,1.3797069961379687e-08,7.306641478621086e-09
0.00106094710779934,0.009713385807059436,2.3913374788063507e-11,1.4445385311060586e-28,0.9892256449849072,1.1299486427107224e-56,1.919440078606966e-15,1.5512419829781085e-23,1.4652623751163897e-08,7.423695015008592e-09
0.0017735700273235197,0.00334697585965742,5.6116335480095446e-11,6.116181309583199e-28,0.9948794327083206,4.784206624989127e-56,6.229090007332801e-15,6.5679641400026e-23,8.868016079001117e-09,1.2480559840005133e-08
0.0037694956868535045,0.010345144352314737,3.286386923730165e-11,1.2759666912991264e-27,0.9858853007164181,9.980881815462867e-56,1.3782187004440162e-14,1.3702182809617695e-22,3.28545252921142e-08,2.6357010725631734e-08
0.0003564211581105355,0.007605547620701383,1.7794919918815678e-11,5.120653906873627e-29,0.9920380226618705,4.005483970458305e-57,7.239374854804658e-16,5.498900271877899e-24,5.973617327994258e-09,2.567904883338633e-09
