i = 0,i = 1,i = 2,i = 3,i = 4,i = 5,i = 6,i = 7,i = 8,i = 9
1.5065407607978617e-13,1.4164731826073868e-06,3.307126835730686e-05,0.00018647926023194044,8.705941030834935e-17,8.31775119328272e-138,2.6342197804983695e-17,7.605914359167799e-14,0.9281618231916055,0.07161720980639591
2.19050474746936e-13,5.680754132964024e-07,1.6378549737119912e-05,0.0001956959149761614,1.166622150263409e-16,1.0345855740464775e-137,2.977281513121081e-17,7.382838138896407e-14,0.9680227024707659,0.03176465498881431
2.8034015224283074e-13,2.904271644469499e-06,2.2193325097379297e-05,0.00017477484502462465,1.403509559780398e-16,1.316877387517022e-137,3.131978698204971e-17,8.802189160379649e-14,0.9465829568821567,0.05321717067570839
2.4893129404011964e-13,2.1290704010040226e-07,1.0990265843941904e-05,0.0004982941580613701,1.295032056080709e-16,1.1971563922854593e-137,3.740504271355848e-17,8.768639803345589e-14,0.974333119600895,0.025157383067822683
3.881484610334962e-13,1.3606830303282394e-07,4.471851978961183e-05,0.00020576260113578957,1.9779761483004311e-16,2.628897175005987e-137,4.3593943122149465e-17,3.275829800776555e-13,0.9705714728147865,0.029177909995269292
0.9990790922568128,8.246207204660838e-86,4.839937554935922e-136,6.523280542207308e-89,0.0007906977393901709,3.161077033463015e-126,0.00013021000379710108,3.2741293804832775e-80,6.742966552350069e-100,4.1395685684821256e-140
9.022153912548698e-13,2.2738164510230935e-07,5.1811835553110556e-05,0.0001715326195175109,3.919578767897797e-16,6.48577897736105e-137,6.179347262119527e-17,5.206362213563074e-13,0.9640321459216361,0.035744282240224745
2.3589437634823247e-13,1.1665856273181121e-07,1.1201383635581454e-05,0.0008752285285992997,1.828675662924989e-16,2.4437885116357617e-137,5.820821094717354e-17,1.2941028546695395e-13,0.9837645125940431,0.015348940834793757
3.4108930354052993e-13,1.7452896079528937e-07,4.393771495721789e-05,0.0003535765521092137,1.9439796639033114e-16,2.3782002485500923e-137,8.42749355719375e-17,3.4944325904398087e-13,0.9520324369640271,0.04756987423925484
3.74847578148124e-13,1.773048785675914e-07,1.2921681239720519e-05,0.001535533022044296,3.252945910572434e-16,4.1610130734824635e-137,1.0356138343927228e-16,2.271449455943292e-13,0.9788129385292578,0.01963842946197702
1.2308568018957562e-13,5.6126080355039036e-08,4.828082161978575e-06,0.002812613821757774,5.782674143206234e-17,5.1019824675685685e-138,1.7195943307153605e-17,4.0046834531272235e-14,0.9879749951908331,0.00920750677900357
2.3531132549558755e-13,7.26631367565889e-08,8.754961922465702e-06,0.0032412504524192854,1.167016291959745e-16,1.1878087477539267e-137,3.8364981798232604e-17,1.0557690570868636e-13,0.9841900301137196,0.012559891808460675
1.9278660397951914e-13,7.136913482540284e-08,9.279119278269616e-06,0.0005298512760337964,9.246609035669077e-17,8.755962526462511e-138,2.902192757357418e-17,7.923748655065367e-14,0.9845689764345429,0.014891821800737984
3.614205558123371e-13,1.653009080792469e-07,2.631036519047036e-05,0.00016956059618545075,1.5254751268791435e-16,1.7408282259439536e-137,2.726478511259945e-17,1.5132743137276643e-13,0.9701914891674867,0.02961247456971633
1.4515383882677888e-13,2.3121663553539527e-06,8.605629922710294e-05,0.00019180396603594974,1.0283546256962596e-16,1.1425152796063375e-137,3.0263312909328854e-17,1.2058683302726844e-13,0.8823164544280794,0.11740337314003632
1.0531965713663872e-13,8.13758393695017e-08,5.848088127527592e-06,0.0015477872723388077,5.029316854625146e-17,4.204073281001042e-138,1.8372138662536674e-17,3.845729746690602e-14,0.9853158946725078,0.013130388591042694
1.1468612781172274e-13,2.4962679498539985e-08,6.56258122558353e-06,0.002170892010940939,5.335416941793467e-17,8.333176397226015e-138,1.4749332369273036e-17,6.253450835683059e-14,0.9937986100752628,0.004023910369713948
1.394577500521124e-13,1.3367114543315817e-07,9.253616715239492e-06,0.0003324610751347711,6.073917927588012e-17,5.429429281227378e-138,1.8780811793770295e-17,4.5160010329230504e-14,0.9772424717526859,0.022415679884133777
1.560602907537594e-13,8.519604975597194e-08,1.0665859106819976e-05,0.0018235457959736895,8.128327075766879e-17,7.600733896585701e-138,2.2843013505081977e-17,8.793365556585042e-14,0.9817026256870953,0.016463077461530272
1.239618409122438e-13,3.4303674293737374e-07,2.831650783526531e-05,0.00012442237002284365,5.865221810769127e-17,5.293094612504646e-138,1.8562567734128102e-17,5.086103818872109e-14,0.913328960810402,0.08651795727482198
8.106560055407588e-14,6.275799786347178e-08,4.596320565488142e-06,0.0037652978105549044,3.8268313180158916e-17,3.2032393702186755e-138,1.2051073834449936e-17,2.95785634225682e-14,0.9865088691762388,0.009721173934532078
3.363451704582672e-14,3.6040668611053974e-08,2.1433351844701063e-06,0.0008768574205670417,1.4808728973823663e-17,1.1865749348327072e-138,4.7307250478151535e-18,1.0128470608719375e-14,0.9935344909358221,0.0055864722677139685
4.112097986897598e-13,9.282866060557536e-06,8.672051688584226e-05,0.00016706085185840813,2.3038314943829024e-16,2.9106676751079663e-137,4.2700108114883094e-17,2.3441642355062147e-13,0.9206313388136069,0.07910559695094242
1.744737303187664e-13,2.0949210558957804e-07,7.12275517196897e-06,0.0006045341627619453,1.0348147588309363e-16,8.687009958177746e-138,3.603041669831894e-17,5.491662164113647e-14,0.9810896135136237,0.018298520076107314
2.15813689753787e-13,3.9199135776027137e-07,1.0449846821378864e-05,0.00058865001409381,1.8784925550701944e-16,1.8012069232056335e-137,6.00339487006378e-17,9.343626060952318e-14,0.9732798101831172,0.026120697964300495
3.7530232823301715e-13,1.6211465268741435e-07,2.8833896598594146e-05,0.00014442121714280552,1.6787500044836274e-16,1.9448474349586362e-137,3.400623933886264e-17,1.5686441837702636e-13,0.9678833463981629,0.031943236372910494
2.4259318995292393e-13,3.931845296962499e-07,1.3700948907608938e-05,0.0004974439868640146,2.2203348536640592e-16,2.5287884282789275e-137,5.527495515761208e-17,1.2284864675325867e-13,0.969766147924281,0.02972231395505204
1.735239579194717e-13,1.3777047130148937e-07,1.345359960610508e-05,0.00042090632851107405,8.289266046611193e-17,7.580574751615923e-138,3.202006507593387e-17,7.615567381577138e-14,0.9682793151852114,0.03128618711595045
2.8245311890839146e-13,7.353050666014898e-07,7.138585234053934e-05,0.00017983700184835423,1.6182524086416182e-16,1.6617497987733423e-137,4.6127097630270705e-17,1.819568313144816e-13,0.907564058262012,0.09218398357826793
1.2002751543589404e-12,1.3488956397624744e-06,5.74721093833332e-05,0.00030322359910700606,9.61888563118084e-16,2.8011284387211627e-136,1.0483898920382636e-16,1.0739627274113405e-12,0.957849815917932,0.041788139475662574
2.733016635369382e-13,3.545582124995737e-07,1.2396210510596603e-05,0.00041971108814234745,1.8660076880002187e-16,2.3537874506644724e-137,4.319265246111986e-17,1.0124092013775038e-13,0.9799601730188553,0.019607365123904385
1.85343305977378e-12,2.75753299076758e-07,6.286317555085177e-05,0.00021819100092906996,8.511968123051753e-16,2.7368011353136076e-136,1.0499391488409368e-16,1.9861288628138212e-12,0.9633710634023455,0.036347606664035144
2.858506595362232e-13,4.350559122861917e-08,1.230067867442818e-05,0.000758486861510989,1.479422228600154e-16,3.609475480584183e-137,4.809069873692436e-17,2.0597354672008936e-13,0.9929815696241573,0.006247599329574036
2.855400320045489e-13,1.2688710613544303e-07,1.9491208435130006e-05,0.00023777283687549374,1.3981187067815138e-16,1.4135351958754223e-137,4.165538433802612e-17,1.3894483363078635e-13,0.9776081501270845,0.02213445894007417
4.997108407226159e-13,3.3176086590408087e-06,0.00015354101348609992,0.0002894649932650494,5.5037243474089e-16,1.0685951643757179e-136,1.103718403139488e-16,1.1727991925548031e-12,0.9176894504035631,0.08186422597935346
3.1190070246167584e-13,1.5621945959771216e-06,0.0003660089850694541,0.0002515340567081981,3.660616443811519e-16,6.413205777563342e-137,9.704489962517937e-17,9.96106768274457e-13,0.8850377940486859,0.11434310071363202
4.0695678652201e-13,3.987409640613078e-06,3.8812832109887464e-05,0.00016052466158319014,2.1445473424754517e-16,2.4821203145138783e-137,3.710668476713974e-17,1.501946206170933e-13,0.9403836573478564,0.0594130177482523
2.2899969160421696e-13,1.3883061354304845e-07,8.477033964376567e-06,0.0014146480963957524,1.54536124183321e-16,1.4654498507788124e-137,5.666784218614202e-17,9.40668462407046e-14,0.9813582519366655,0.017218484102037412
2.34110207787988e-13,3.6958051135303174e-07,5.4369990436984855e-05,0.00010523336296801732,1.0084286902181491e-16,1.1534503711757151e-137,2.0208251794553364e-17,1.0083096253503095e-13,0.9500314927262726,0.04980853433947607
8.052802914548675e-14,1.2700628257639322e-07,1.1144949175764171e-05,7.278412778554267e-05,3.3953177736531946e-17,2.958820115370025e-138,8.965686384404424e-18,2.47179793315694e-14,0.9619895695014901,0.03792637441516074
9.725688171578335e-13,6.569306999298316e-06,5.309336812632875e-05,0.0002669655943813756,6.671048761989061e-16,1.1769180045654958e-136,9.104934419348984e-17,5.82811791672659e-13,0.945859143864125,0.053814227864811985
1.0756131401343547e-12,1.680893236536813e-06,6.63632462577012e-05,0.00023885373419022988,7.642552809206214e-16,1.3874625645997914e-136,9.80131003452853e-17,8.36919424593756e-13,0.9436067099474269,0.056086392176975204
5.64130186125304e-13,3.6316485084135192e-06,3.554388073755695e-05,0.00029357215668677464,5.323027310581872e-16,8.756285508945177e-137,8.590102119681142e-17,3.56202672214545e-13,0.9491200772891574,0.050547175023988894
1.912959928181232e-13,6.455155527255624e-07,1.1275917797095676e-05,0.00041253689756743587,9.87843592498485e-17,9.746459429885909e-138,2.817829310431824e-17,6.514440170874938e-14,0.9784129237758706,0.02116261789295552
2.1181047491365616e-13,8.788101351398177e-08,1.1843545657730027e-05,0.011538127197017198,1.3193919065405087e-16,1.3277368146804714e-137,5.080439144442164e-17,1.5948576464619928e-13,0.9728439223673844,0.015606019008555641
2.6900011115958565e-13,6.364280484130003e-08,2.714652349986085e-05,0.0005479985799358413,1.5195426997287985e-16,2.662747954595221e-137,3.582671949760848e-17,3.4416041609014183e-13,0.9863387328709579,0.01308605838218839
4.672097214628019e-13,4.301977204360224e-07,0.0001915976023580296,0.0003221849097156006,5.839861692663624e-16,1.762247105886052e-136,1.4690159912290642e-16,3.49330827473943e-12,0.9435483217015417,0.0559374655847031
5.1047678108205143e-14,4.1925136774319745e-08,8.776222341488962e-06,0.0004941240727554953,2.688644225633983e-17,2.4385619733117943e-138,8.557157554955323e-18,3.058241115479471e-14,0.9848522235568706,0.014644834222813987
4.1792434102432743e-13,1.715370494694993e-06,3.065033848355544e-05,0.0002462603954048503,3.4592279876664703e-16,4.352579334695192e-137,6.566141686014489e-17,2.252203008091893e-13,0.9459842765574307,0.05373709733754268
7.330906265014514e-13,4.527418028517825e-07,2.0827184569889394e-05,0.001113811753596754,4.747530978411069e-16,7.594369002025417e-137,7.351564337226476e-17,4.731481588342627e-13,0.9758958240368586,0.022969084281965202
6.190613741634955e-14,3.457373163614797e-08,3.1328338309253754e-06,0.0012339039269340787,2.593674248071462e-17,2.29017186211192e-138,6.927196779368158e-18,1.8177780709388754e-14,0.9926532244872989,0.006109704178124396
1.1623580317068814e-13,1.0312998781063706e-08,5.900339136893236e-06,0.0007255728014792112,5.1689272382813674e-17,3.4692313932960093e-137,1.2547282135701913e-17,1.1987922600227963e-13,0.9978196350577463,0.0014488814884027275
2.0435225874023932e-13,4.382737464876489e-08,1.1744694203232467e-05,0.0002584112260425662,9.767918788605236e-17,1.530664292590231e-137,2.3730869333879374e-17,9.957096568599576e-14,0.9916045488188658,0.008125251433209595
8.019361152065736e-14,7.393093233379702e-08,1.0247644759519164e-05,0.00017467831085973148,3.5144456848024194e-17,3.054387797929572e-138,1.2599015747406262e-17,3.189683992591961e-14,0.9692516057958845,0.030563394317451614
1.3792829887435787e-13,4.4803143201000153e-07,0.00014776969721122727,0.0001852692120370856,1.0082478794190151e-16,1.0783100511201097e-137,3.9627644472418684e-17,1.5315084179705698e-13,0.829477267781445,0.1701892452775835
1.2609824328988493e-13,3.8878289063099674e-07,0.00016860366496591523,0.00022811860005238397,1.0420576847162461e-16,1.1624576827515703e-137,4.5839213723928186e-17,1.807718653319067e-13,0.8272159636046028,0.1723869253471813
3.1371274349263743e-13,1.7985704548532972e-06,4.025609221848637e-05,0.00020788315488338378,1.725899245838083e-16,1.7745950240613946e-137,4.288816781963312e-17,1.5014086522874015e-13,0.9340598746289974,0.06569018755298187
1.0917049684709367e-13,1.2154499300755717e-07,7.262790981149337e-06,0.00018289912514471757,5.5082565005520196e-17,4.958639777152725e-138,1.3031345937125744e-17,3.488866125852622e-14,0.9814809888986887,0.018328727640048312
6.866008864611997e-14,5.233065683285322e-08,4.583382463818905e-06,0.0022761541599853386,3.4496151132272595e-17,2.7591625045907906e-138,1.6508717921892505e-17,2.7333506983245297e-14,0.9872975317439425,0.010421678382855263
1.0125082108185406e-12,2.3247567854566537e-07,5.612494514701467e-05,0.00018231541529041347,4.500433732963852e-16,7.875761687326565e-137,7.178379147009007e-17,6.763171495658281e-13,0.9639403658612954,0.03582096130089927
5.846768558942661e-13,1.4975073387809252e-07,2.2656237721871594e-05,0.0002986029151277612,2.873423527107003e-16,3.7537586425433154e-137,4.932209854491925e-17,3.1130586211967004e-13,0.976851330245819,0.022827260849701127
2.3179761988427214e-13,1.6886270266644438e-07,2.0344226317195186e-05,0.003912995540221367,2.027934692324251e-16,2.448730731834104e-137,6.335676774196071e-17,3.07478628651973e-13,0.9741998262459439,0.021866665124275316
4.395189149478776e-14,7.06694606130416e-09,3.085193867615689e-06,0.00024511811059495963,1.7180102669833044e-17,3.008580943154129e-138,4.303465042373608e-18,2.0176687299425254e-14,0.9984387222079418,0.001313067420585603
2.817403282422025e-13,1.9851163168163776e-07,1.1758330685901256e-05,0.00112274565488574,2.469099442557531e-16,2.708965307511653e-137,9.211405058161341e-17,1.530535851241883e-13,0.9765525385952062,0.02231275890715537
2.0170280896561236e-13,3.028283405602054e-07,9.259357959676363e-06,0.00036584654124111743,8.99202389801242e-17,8.782073421330956e-138,2.2151477832964906e-17,5.475445456416449e-14,0.9808271061677558,0.01879748510444639
6.042192249269389e-14,1.2306393022482007e-07,6.851934970356907e-06,0.00011121223320694,2.4357050507499323e-17,2.377823652350396e-138,5.758726914867868e-18,1.7388807681598357e-14,0.9862342357344014,0.01364757703341305
4.0735788787233577e-13,1.9199564373210632e-07,1.108099135548251e-05,0.0015508193652298086,2.765163950065388e-16,2.700444791063355e-137,1.0793163069246633e-16,1.7934128553860942e-13,0.9790861240281121,0.019351783619071874
1.1410655533334861e-13,1.2161357830076652e-07,7.583797179923925e-06,0.00040521551594202256,5.38518608242952e-17,4.389864115980685e-138,2.273920648613943e-17,3.870486024653892e-14,0.9781972915592562,0.021389787513890708
3.3643835383988805e-13,2.1726731279329334e-07,1.200674546595827e-05,0.0012038212984754213,2.620357223956003e-16,2.7617547886721446e-137,7.915361475221107e-17,1.7081591849804875e-13,0.976053084774502,0.0227308699137361
1.1489740272173717e-12,2.1286060763337626e-06,6.235759058328756e-05,0.0002694726833106554,9.466907313204051e-16,1.893059908007908e-136,1.0389218340706252e-16,9.662313984332822e-13,0.9470246712022984,0.05264136991561498
1.3460052745577285e-13,1.4253130706973098e-07,6.31141039209654e-06,0.000608830002961311,8.301435975274456e-17,7.330082982022133e-138,2.223953445856038e-17,4.6896309597491987e-14,0.9835805133904092,0.01580420266474862
1.434249980238403e-13,2.701404316101669e-07,1.0447228763595523e-05,0.00021568816779377696,9.284700644443907e-17,9.713523252808157e-138,2.1811079100394305e-17,5.1855356379293256e-14,0.9763088506609202,0.023464743801895286
6.044704762529765e-13,2.8116323846331114e-07,0.00010972094373635626,0.00017191461633030277,3.26597882572425e-16,5.731942290353504e-137,5.735256621580048e-17,6.659419792188227e-13,0.9522124885200982,0.047505594755325925
7.368759347780367e-13,1.9370499928078035e-07,8.764166456289274e-05,0.00020071420222290653,4.1384736872265314e-16,7.48915357650297e-137,8.549682662924982e-17,1.1482050084861234e-12,0.9586202907950192,0.041091159631310104
9.772694571178674e-14,1.2988456324807854e-07,5.397147051117537e-05,0.001101392130024224,9.56520203864592e-17,1.0521341334817016e-137,7.684763775320628e-17,2.0355309516525104e-13,0.9349577506815154,0.06388675583308437
3.1928306056799253e-13,1.8921257816802155e-07,0.0001309712190922668,0.00033445324065645057,3.278185369533056e-16,6.16103721881821e-137,1.0525588349717912e-16,1.6622610347831816e-12,0.9476586583176373,0.051875728008053776
1.7245743441415745e-13,1.8731207474032642e-07,6.464243287295814e-05,9.214812838978905e-05,7.411486630132611e-17,7.543575824255536e-138,1.8328915017590586e-17,8.316254881035455e-14,0.9258544860785233,0.07398853604788355
4.139473359241065e-13,1.2729758204195852e-07,4.8716306508911316e-05,0.00013341442826640305,1.6626182666349903e-16,2.1099101347513147e-137,3.5335431802177656e-17,2.109581726220615e-13,0.9667788860494229,0.033038855917594714
2.193300994903367e-13,4.6159620056901533e-07,0.00044290296990112974,0.0004247084577939018,3.839192622435596e-16,8.376959983132251e-137,2.2861021172252245e-16,3.374710055743888e-12,0.8789187235090786,0.12021320346343133
2.562613124753246e-13,1.3937090548358827e-07,6.397609140712952e-05,0.00014935339718249923,1.3478249364291145e-16,1.5551571581617985e-137,3.7222890081404376e-17,2.0037843903069003e-13,0.9600081657612847,0.039778365378763524
3.7789835801843535e-13,1.1888612192439134e-07,2.4819788782707476e-05,0.00018197346878796828,1.6327055290383204e-16,1.869447913244049e-137,3.574919611394199e-17,1.7492648238420862e-13,0.9732780292962122,0.026515058559542098
1.8619083593621174e-13,2.4076705521374746e-07,0.00018060144681499336,0.0001408025140252558,1.216260815958466e-16,1.4991739551138553e-137,3.3559489239403047e-17,1.962949537256965e-13,0.9317477501933658,0.0679306050783561
6.435448739861677e-13,2.697939450533386e-07,3.6604153457014766e-05,0.00026073309657752503,4.794183643350391e-16,7.999015698210831e-137,1.0056760818739522e-16,5.230013830932283e-13,0.961169035417142,0.03853335753771114
2.1375766582747495e-13,1.647958894489285e-07,9.02196361934081e-05,0.0003137514547335719,1.5506654108438226e-16,1.9148725467007995e-137,7.720546132942748e-17,3.6747692426184067e-13,0.9310336959688199,0.0685621681437823
0.9992158071326798,3.520382650907963e-86,2.0662144155490095e-136,2.7848492134435293e-89,0.0007601339003561831,3.4644084091309525e-126,2.4058966963993305e-05,1.3977563238244426e-80,2.8786352170642773e-100,1.7672203728390018e-140
9.938362816110526e-13,1.2672898051638698e-06,3.0468592030755027e-05,0.0006991292399913515,7.887298445285929e-16,2.0333341746325904e-136,1.850934710795269e-16,7.950897900808062e-13,0.9664697877452536,0.03279934713112917
4.4265755062617073e-13,6.965191548059065e-07,1.4076801023748632e-05,0.0007949709142026428,2.9456263807582716e-16,3.7232345858817767e-137,6.63909407903658e-17,1.7482609465906315e-13,0.976716721186806,0.02247353457819505
6.160610299153633e-13,5.562623261103483e-06,6.874928372291466e-05,0.00018650572340510148,3.3590332188971757e-16,4.399275251486262e-137,5.476674039547393e-17,3.207106296867486e-13,0.9319401615628913,0.06779902080578248
7.52201645228468e-14,2.293626460771392e-08,8.447499469419489e-06,0.0002100918555369967,3.1924636771980306e-17,3.814506432563164e-138,1.1609558008309167e-17,3.489558010194169e-14,0.9934003146615058,0.006381123047113205
1.33478503531308e-13,4.006197173709509e-08,8.778850868767782e-06,0.00018273863470809614,5.57189286562226e-17,6.255140364883518e-138,1.4484780663508324e-17,4.882957086837652e-14,0.9910079199577003,0.008800522494568664
4.3513641472734894e-13,8.562501703850067e-08,2.3289374570831973e-05,0.0004090639504125932,2.150062578828359e-16,3.1951763516856077e-137,6.822257508901505e-17,3.409670842640032e-13,0.9819967642594534,0.0175707967897697
8.613495049095535e-14,5.870547409162009e-08,3.9883246387857054e-06,0.0011426091489086985,3.712906394742933e-17,3.340368701482771e-138,8.942938241400184e-18,2.4969065442234292e-14,0.991319267854399,0.007534075966468135
1.0714073419395943e-13,1.0302205882263122e-07,2.2968536536086367e-05,0.0037863673099326855,9.391534212095768e-17,9.619097383787425e-138,6.57855772661403e-17,1.5880181055361827e-13,0.9652056525069775,0.030984908624229018
2.8651715575748523e-13,3.2117983032078377e-08,1.094324595004728e-05,0.0017674167014197955,1.4628304090226292e-16,4.973781473833684e-137,4.64550816886131e-17,2.9599887589435254e-13,0.9934283953039621,0.004793212630102422
3.7593936955651e-14,8.067350384091101e-08,8.443916950777872e-06,6.814980926295366e-05,1.684210447325841e-17,1.4819820403536325e-138,5.365998816755219e-18,1.2840637528697703e-14,0.9796880899376228,0.02023523566260906
2.044646409002842e-13,5.616034055117764e-07,4.840966784250196e-05,0.0007782039588830458,2.247932574705168e-16,3.3438563763028076e-137,9.587359944340775e-17,3.7667818661253394e-13,0.954728107065933,0.04444471770335455
3.611535440659456e-13,1.0768666104452867e-06,0.00026865288352263334,0.000178208308884323,2.7048445571811704e-16,3.613030281493654e-137,6.070669699760668e-17,4.77112095208156e-13,0.8939650921669119,0.10558696977323215
5.490456574749625e-13,3.491880116114133e-06,3.630890462512973e-05,0.0002679742573375824,4.802502094426594e-16,7.284254615078639e-137,7.580416638136465e-17,3.0997817732126814e-13,0.9510030428873516,0.04868918206970999
9.047240041114498e-13,6.905575491408696e-06,5.98066752240782e-05,0.00024069362953343536,5.876937155146766e-16,9.452335769348477e-137,7.806577490986299e-17,5.204939494010629e-13,0.9432843438408439,0.056408250277481295
1.837921136507052e-13,6.104257747560018e-07,0.00039014609228149724,0.0005523415300109276,3.719020272476708e-16,7.996993818814516e-137,2.871079989672969e-16,2.8706140207880463e-12,0.8591120384802855,0.1399448634685922
2.822362306278782e-13,8.619792665361886e-07,4.555553275117574e-05,0.0006248735328232348,2.8615427355230085e-16,4.37048999030271e-137,1.0887068749259236e-16,4.135617266306035e-13,0.9560625114883444,0.04326619746611839
3.198947841103917e-13,3.354321722793308e-07,1.3833885109352869e-05,0.0012641922903532303,1.937562749163092e-16,2.159566000614535e-137,5.603566004882864e-17,1.5818932488459217e-13,0.9789854112708654,0.019736227121021493
1.2780098500568188e-13,2.464234571022522e-07,0.00040499897302901365,0.0003813880619015659,1.6800476275790173e-16,2.494979152099752e-137,9.142017493393536e-17,5.828888898150273e-13,0.8959678944802338,0.10324547206066767
3.0649509053359796e-13,4.26226499046259e-08,1.5432628119662955e-05,0.0013922720340439523,1.6411763510612334e-16,4.548395216851997e-137,3.3218640383728814e-17,3.971230408872426e-13,0.9921087765164774,0.006483476198005287
7.942087785921363e-14,6.142622639026718e-08,1.2834450025563885e-05,0.002104123174632362,5.003016128494744e-17,4.705237448153313e-138,2.026802049804155e-17,6.646516172466666e-14,0.9779548608871088,0.0199281200618609
3.5834738636504917e-13,1.8744292992999084e-06,1.7552073734053023e-05,0.00039717486805665523,2.0053568830179072e-16,2.277217448667505e-137,4.9423080235259514e-17,1.2783739628102217e-13,0.9704616994781126,0.029121699150310848
2.9932751249079557e-13,1.6864354016335063e-07,9.30798980919849e-06,0.0018030740936333376,2.047040780120383e-16,1.9920284237214074e-137,5.097833232828428e-17,1.276491870414594e-13,0.9813597932118081,0.016827656060781963
2.4962582579547293e-13,1.493145606782922e-07,1.2325673182685932e-05,0.0011170108515287148,1.4985195749552968e-16,1.3256734168600155e-137,8.09645425977869e-17,1.3152665131125218e-13,0.9792724116319352,0.01959810252841153
4.05546864922864e-13,1.692328387433938e-06,2.6487370242575563e-05,0.00035063477777559865,4.603144783927424e-16,6.039321635923356e-137,1.0026654257760841e-16,2.6229859362581507e-13,0.9499134802590321,0.049707705263893905
3.835102141870879e-13,3.439256278011955e-07,1.3451127611057205e-05,0.0006305411581219166,2.745872784058877e-16,2.6765656921078325e-137,8.702252949004398e-17,1.6385651796110765e-13,0.9776594186970439,0.021696245091047586
0.9995921049120815,8.926684837334133e-86,5.239329562428514e-136,7.06158213837822e-89,0.00037577809991420485,3.421929345688815e-126,3.2116988004396174e-05,3.5443107808048794e-80,7.2993966544393e-100,4.481166075051857e-140
9.746543557312866e-14,3.7779664411473597e-07,7.345174498025836e-06,0.00026604488521911963,4.6059291909770974e-17,4.1975368289443215e-138,1.319200145762049e-17,3.016242938275382e-14,0.9827620825049709,0.016964149638540087
2.461457282892599e-13,2.6888263963700063e-08,1.1066995385919533e-05,0.0026083269813116476,1.3282299966802298e-16,5.393870918499096e-137,3.501566755832363e-17,3.650536177709005e-13,0.9934060801706025,0.0039744989638247595
2.2704114176967442e-13,8.063326885747145e-08,2.3817891306606286e-05,0.0002074109798065237,1.0506063419752634e-16,1.212616797719334e-137,2.6197286323272117e-17,1.3332878578636922e-13,0.98036684148956,0.019401849005697448
1.197881287750803e-13,7.930743618851704e-09,6.265349007975195e-06,0.0007543461689729822,5.435811529462671e-17,1.6995678171672978e-136,1.2554173682270604e-17,2.8892440690576607e-13,0.9981163056786673,0.0011230748721992162
5.950272100159208e-13,1.5084583222386273e-07,5.21517108844476e-05,0.0001885950596986504,2.722633907960587e-16,4.010157074852946e-137,5.242059001340958e-17,4.821176236634182e-13,0.968100117997914,0.03165898438459333
2.927424958877063e-13,3.752658580490713e-07,0.00022113150871763866,0.00015686423773430665,1.8768374566671705e-16,2.268805827237121e-137,5.082209191539974e-17,3.252471506346901e-13,0.9053603980078411,0.09426123097923071
2.545109301829865e-13,1.00899366523158e-07,5.017618435804598e-05,0.00019560710112248822,1.3233134833943458e-16,1.5516676720336124e-137,4.0123792190797414e-17,2.35651192252983e-13,0.9642829583643059,0.03547115745035662
2.2269078142800375e-13,7.259767195612051e-07,0.00013034884389026007,0.0012348058373639302,8.372014297295524e-16,4.651776298701599e-136,1.4518833797359016e-15,2.6178905585956123e-11,0.912081476341431,0.08655264297419142
4.0670956677670026e-13,1.5920861196437912e-07,1.7291054651083488e-05,0.0009450242224966585,2.351429568880263e-16,2.653796960813542e-137,9.486629116349459e-17,2.6020756824755025e-13,0.9727122587081375,0.026325266805435663
6.583700846456151e-13,8.147654670416345e-06,4.4254996792211394e-05,0.0003022934652245451,4.0095901401489105e-16,7.014963119369885e-137,7.357710062748287e-17,3.591806322982311e-13,0.9517988225799637,0.047846481302330886
2.5343388916930857e-13,1.3499837776620006e-07,3.504971825363662e-05,0.00011312403017914477,1.0395258080101253e-16,1.0932445636824658e-137,2.4759993291511554e-17,1.0757047166552028e-13,0.9596265715764432,0.04022511967638525
4.541307442707702e-13,5.117396244242166e-07,5.971788813196857e-05,0.0001373363752911919,2.163521178804145e-16,2.5232039430879446e-137,4.1301033012711887e-17,2.1043765408710894e-13,0.9372125068839268,0.06258992711236074
2.443622491577676e-13,1.6612729071903757e-07,3.4085394758147994e-05,0.00010300070978012496,1.0190269749584762e-16,1.229965194856435e-137,2.0244761748761997e-17,8.824347580781332e-14,0.971783083444312,0.02807966432352632
3.802653135852933e-13,2.870263024393495e-06,2.3056928203766487e-05,0.0002666658412898599,2.1401379239174635e-16,2.783584353126262e-137,4.2711141617624835e-17,1.421969154627553e-13,0.9638739723655314,0.03583343460142794
1.309113104664463e-13,4.730171829608861e-07,4.2215589508620794e-05,0.00017387567830108594,7.661687369118961e-17,7.077422722885276e-138,2.792261708763434e-17,7.782332446003749e-14,0.8996667601127836,0.10011667560201504
1.739848380527818e-13,7.058563512093518e-08,5.914468917811637e-06,0.007089140094475435,8.320641959991747e-17,7.490977741062221e-138,2.5094587622594264e-17,6.024734334235927e-14,0.9827701199930697,0.010134754857667506
7.209356522608684e-13,3.901569699260891e-07,5.174479329100041e-05,0.00018139725409031988,3.736253355651935e-16,5.132663804987786e-137,6.137132163856396e-17,3.907412764533462e-13,0.9588481394875401,0.04091832830699639
1.903637438933947e-13,2.2824082444795796e-07,3.5151587809283374e-05,0.0006667402787403533,1.5817342150556388e-16,1.7876702003903026e-137,8.161365227061827e-17,2.2760254568685397e-13,0.9512360284497353,0.048061851442472284
2.6927171855977335e-13,3.962764484060605e-08,2.1805938204738e-05,0.00041291659641281257,1.3475151578509574e-16,3.0981843944312993e-137,3.638517231506237e-17,3.356258841525802e-13,0.991601937317975,0.00796330051915753
1.8471357069801142e-13,3.1491414218734605e-07,4.132037571904124e-05,0.0003420450686678962,1.2996374234568684e-16,1.2765826192355957e-137,6.243608681495747e-17,1.590889067252737e-13,0.9353916406701597,0.06422467897096723
9.520798004639849e-14,6.092852659523306e-08,1.6513529170607784e-05,0.00018464133031415044,4.8485773440049484e-17,4.97899270201352e-138,1.7610553103646756e-17,4.935736675988457e-14,0.9851522757052293,0.014646508506614583
1.2870914669781326e-13,2.8907184230757417e-07,0.00030318485831023426,0.0005333485904258228,1.7264044102022067e-16,2.5632371772481887e-137,1.1384472943945255e-16,5.987761567621412e-13,0.8664028924856154,0.13276028499307846
2.3562755081833934e-13,1.864025566431215e-07,2.5457488489831752e-05,0.0001159894847331419,1.0300341992398433e-16,1.1220453078792066e-137,2.10824726603754e-17,8.354926225634559e-14,0.963961065143056,0.035897301480845085
1.9744224191283587e-13,1.5322400877455665e-07,1.0009347679111397e-05,0.0007240924675313031,1.0764223958063236e-16,8.992909911814024e-138,5.0741899842713255e-17,7.968623606530367e-14,0.9800444779325044,0.019221267027999204
1.5465374190135826e-13,8.252668865779221e-08,6.385856585587906e-06,0.0007493649906993688,8.282101176304318e-17,8.1112071944584e-138,2.847098471689938e-17,5.164190844465351e-14,0.9894964413694224,0.009747725256397579
1.1036919608280258e-13,1.1408785065822253e-08,6.00768935517708e-06,0.0004998874824863471,5.071329719790715e-17,2.2815750861638107e-137,1.2722258753040387e-17,9.265263531026936e-14,0.997831035924491,0.0016630574946794102
5.824870741006623e-14,1.3650730535806061e-07,3.691575964183506e-06,0.0001978120814477482,2.6796575461922276e-17,2.0884295711316123e-138,8.847165596751902e-18,1.5108040855915945e-14,0.9856361234745761,0.01416223636063324
5.040764993356436e-13,1.218684342066003e-07,1.412516167215961e-05,0.003916798237548082,3.1085618569531737e-16,3.834199606405773e-137,9.456021963613536e-17,3.70487826811617e-13,0.9804751688618336,0.01559378586963702
4.578966511567498e-13,3.817169971109625e-07,2.3174014481837725e-05,0.000936097390918414,7.07094719335778e-16,1.3546785931384525e-136,1.8852291772227544e-16,6.095205073140428e-13,0.9654235992162898,0.033616747660244306
1.1605772711130754e-13,8.897209542768704e-08,1.290951870206038e-05,0.004019654662748634,7.987054716135474e-17,7.367850047814976e-138,5.0797643721171694e-17,9.717187792338826e-14,0.9743922833867769,0.02157506345946366
3.242764545076679e-13,2.1333542359784874e-07,2.556428791819236e-05,0.00014754284654890174,1.578568714142149e-16,1.796229688252506e-137,3.014520423663914e-17,1.3012349400414812e-13,0.9654295622093177,0.0343971173203369
1.794243241246014e-13,5.610650852944943e-07,0.00020676698019832408,0.0003368751531241875,1.9766411958377284e-16,2.603973691857703e-137,9.973344784667876e-17,4.699788861988059e-13,0.8587637491560076,0.1406920476449348
1.6312945500970722e-13,2.9868337983293784e-07,2.826314330946071e-05,0.0008700021940774325,1.400377006834729e-16,1.704047392840254e-137,5.409651494462301e-17,1.8826666208926295e-13,0.9684726924866989,0.030628743492183023
1.4536802157294976e-13,1.921234651130091e-07,7.114572049075746e-06,0.0004116378149040025,7.894547589900002e-17,6.399826801338342e-138,2.9110754738101754e-17,4.471032099678519e-14,0.980177610738197,0.019403444751194578
3.561648457007584e-13,3.6228348274474744e-08,1.1427797803327507e-05,0.0018640637847368992,1.8568473047189768e-16,7.676181766055279e-137,5.07692793195082e-17,3.983492423177962e-13,0.9931169515269335,0.005007520661423311
9.373613338086835e-14,2.561326211402223e-07,4.656008760489468e-05,0.0004048926793502189,7.419829232479359e-17,7.923564042399081e-138,3.045183933173984e-17,9.932567084840554e-14,0.9244220141528239,0.07512627694740662
1.0386403291077344e-13,8.200774094929297e-08,6.220614483678044e-06,0.0002241941489323333,5.1064303335922596e-17,4.804794091185735e-138,1.4920765492876055e-17,3.1774657486284224e-14,0.9888505698022756,0.010918933426431753
2.0532718748618545e-13,1.629349245762483e-08,8.603861303423631e-06,0.0009351998886915632,9.761279137854434e-17,9.593117683964003e-137,2.1621924559459976e-17,3.0829804748192736e-13,0.996802364525411,0.0022538154305877423
1.4242495444435557e-13,9.761254376101168e-08,7.855703114813649e-06,0.0013225784951427211,6.715529729283808e-17,6.074308084898704e-138,1.572240507127607e-17,5.744646578004973e-14,0.9851835249145295,0.013485943274469146
8.365834984630331e-14,1.9552186926001227e-07,1.520240479188495e-05,0.0002445798850543476,4.440759773061806e-17,4.082421407683086e-138,1.5244546261941863e-17,3.984943087987346e-14,0.9591027824224927,0.04063723976566841
1.537276393319823e-13,2.4405261591394426e-08,5.770935172533965e-06,0.001832079517084167,7.206725459467451e-17,1.3754401886666638e-137,1.8329816577326172e-17,7.476267409827061e-14,0.9946036706370466,0.0035584545052064994
1.1253991086617686e-13,2.772058672093492e-08,1.0089926329721645e-05,0.0005893511417049643,5.582892382543621e-17,9.664117421743742e-138,1.401506497471101e-17,7.905121762941767e-14,0.994798670477259,0.004601860733927891
6.07461972911111e-14,2.454862513204332e-08,2.9663719547219175e-06,0.000704712785435049,2.7605500666055172e-17,2.853729235158938e-138,7.641805517503557e-18,1.8748793687456457e-14,0.9952138875259766,0.004078408767928919
3.747163195180932e-13,4.295530084727101e-07,1.627773102044393e-05,0.0004031476125960285,2.1998010036779016e-16,2.245948907061431e-137,5.709208679842929e-17,1.3697970881086729e-13,0.9758835425363294,0.023696602566533814
3.4371168619022147e-13,1.5117324040059465e-07,9.138662576255375e-06,0.0024707391879085386,1.8305462961681648e-16,1.7544143652393391e-137,3.8045223949533677e-17,1.2889119279145703e-13,0.9831345214086009,0.014385449567200968
1.887454891651621e-13,1.010564952746676e-07,1.004632916412676e-05,0.0029161135596325006,1.0508466491712385e-16,9.516711675186082e-138,4.708110885156682e-17,1.0067682336638489e-13,0.9795311220123135,0.017542617042105108
1.0956331527098017e-12,2.560472121997907e-07,6.992535584384032e-05,0.0001946514928301754,5.333811191712188e-16,1.3501009069103453e-136,7.413750394440862e-17,9.157180457098463e-13,0.9674170379532022,0.03231812914889954
3.42351403740558e-14,3.395031245710516e-08,5.504618352830253e-06,0.0008462161260824894,1.8099676989779435e-17,1.6045836740766852e-138,7.953269150316639e-18,1.730684465357239e-14,0.9863613187762341,0.012786926528966448
4.847329711523782e-13,1.0438102275779795e-06,3.836007435046235e-05,0.0002257386738153215,4.254269094309733e-16,6.404457337996293e-137,7.188638432170328e-17,3.1127930292315724e-13,0.9478666632164982,0.051868194224312054
6.024139441334762e-13,1.67216317393463e-07,2.0232807786638983e-05,0.0012654600266567447,4.0272015520096186e-16,6.616305232928216e-137,1.7932323580160607e-16,5.315185291240192e-13,0.9758513878495801,0.022862752098524574
6.024139441334762e-13,1.67216317393463e-07,2.0232807786638983e-05,0.0012654600266567447,4.0272015520096186e-16,6.616305232928216e-137,1.7932323580160607e-16,5.315185291240192e-13,0.9758513878495801,0.022862752098524574
2.3675354033086505e-14,7.424639591678357e-08,2.1317095908377127e-06,8.017994774304227e-05,9.746281543614244e-18,7.701084726939886e-139,2.839665339006582e-18,6.034733051657946e-15,0.9891370749567924,0.010780539139448073
9.45419978857606e-14,1.4387635346335926e-08,4.572688574359804e-06,0.0008527349892823546,4.081558452771251e-17,8.335335164408176e-138,1.1709828851852938e-17,4.6099119520694293e-14,0.9969858045938069,0.0021568733405603257
1.5256519485540729e-13,3.129293598410579e-07,9.040887630896378e-06,0.00028698337167109086,9.254581887334504e-17,8.374432307774028e-138,2.577436346395409e-17,5.028684296796738e-14,0.9718822725744275,0.027821390236707794
3.6552287571748627e-13,3.6202965180085014e-07,1.064095320115966e-05,0.0010854444267539567,2.6311715633858676e-16,2.7616876238917395e-137,6.899610122341582e-17,1.3924066412286795e-13,0.9799203049087204,0.018983247681167548
1.2033200041732817e-13,1.706286895456867e-07,8.394024887323962e-06,0.0011144039398907845,6.403571205362405e-17,6.124100900559886e-138,1.8677864069479683e-17,5.177949242531922e-14,0.9843718268271419,0.014505204579218075
5.840594283171401e-13,5.785315419217409e-07,2.0825477752105134e-05,0.0007006663168802606,3.837200816420714e-16,5.53659842038005e-137,9.8448277447791e-17,3.2843802965621974e-13,0.9746433244246455,0.024634605248267178
2.2215957693405272e-13,3.85124525591132e-08,1.4316374930429315e-05,0.00044529652257698936,1.0642645211693304e-16,3.007571568964571e-137,2.3776053418067398e-17,1.7788024552404342e-13,0.9942916755700567,0.005248673019583173
5.518832427867435e-13,1.2180390608350056e-07,1.7412095288346317e-05,0.0009853579397355067,3.259268162079775e-16,1.1211007568146878e-136,7.579728057397548e-17,4.3213825080372033e-13,0.9884294582784474,0.01056764988163839
1.6222663437160836e-13,4.815843691061826e-08,6.660610223401717e-06,0.003941633872114099,8.06680529785629e-17,8.42771094317607e-138,3.004196692658557e-17,7.134812402303932e-14,0.988330641051092,0.0077210163078999285
9.835706339284429e-14,8.287731413914441e-07,3.138138838266524e-05,0.0002201545776562995,6.467297962293499e-17,6.269219125229295e-138,2.298087595331089e-17,6.143509456029569e-14,0.9402954384989044,0.059452196761755324
1.0938360443805686e-13,3.1666519192701765e-07,2.331298292460745e-05,0.00015131476734779213,5.217025535361329e-17,4.9222591629164986e-138,1.3188459165967656e-17,4.958648908631433e-14,0.9473139765938812,0.05251107899049557
5.739901328218106e-13,1.6907919741362287e-07,1.4884961222011109e-05,0.0025127121978693674,3.864692872549674e-16,4.419464408043636e-137,1.5133379264623607e-16,3.9814132636056016e-13,0.9794038312810746,0.01806840247966416
5.322453942026165e-13,4.3356937130042335e-07,3.29037999081598e-05,0.0002143944893441112,2.915740530626431e-16,3.536101607675454e-137,5.638767985223897e-17,2.4712420438459283e-13,0.9660932325174458,0.03365903562315066
0.9989426670732237,4.950232288680228e-87,2.905434530689222e-137,3.915952287725983e-90,0.0010490804786693188,4.871523373640131e-127,8.252448107037987e-06,1.9654734078746118e-81,4.0478307081670003e-101,2.4850001316149113e-141
4.3286189520726663e-13,8.591169187776232e-08,1.3122918862433978e-05,0.0014587206393621745,2.3060040817397807e-16,3.0888036384506045e-137,5.401661892210671e-17,2.681250340851251e-13,0.9862292250344249,0.012298845494957482
2.2331640127649604e-13,7.736594356573146e-08,1.1540163850512525e-05,0.00048517697797186715,9.635127713749722e-17,1.0672773776814799e-137,1.7721562842074275e-17,9.42256405939363e-14,0.9871436083940522,0.012359597097864215
1.829525929594483e-13,7.995913652599342e-08,9.758615809800355e-06,0.008617782251090746,1.0406666502517957e-16,9.624781628415658e-138,3.9352669466536875e-17,1.1371383510509775e-13,0.9768978076705066,0.014474571503159445
8.403692934110714e-13,1.752890235226844e-07,5.723114979607853e-05,0.00026529640387724495,4.83001225329701e-16,9.374546173553038e-137,9.070490201974925e-17,1.4570709880583456e-12,0.9672130470128539,0.03246425014215115
8.958050805148476e-13,2.3084137351183972e-07,2.1532562125336845e-05,0.001735547772051097,6.89764608504169e-16,1.0772423009173478e-136,2.713961682950908e-16,1.0917881863390695e-12,0.9735119767953946,0.024730712027067062
8.063407042183648e-14,9.762199173857891e-08,1.1166599322968933e-05,0.0014889089765718793,5.051578215238621e-17,4.631916756175852e-138,2.051620153980384e-17,5.3410101823594455e-14,0.9765134497332728,0.021986377068706542
