i = 0,i = 1,i = 2,i = 3,i = 4,i = 5,i = 6,i = 7,i = 8,i = 9
5.63298815850011e-09,0.015160820141462781,4.469228897351814e-09,0.9847960563986509,6.940898939674509e-09,1.2548961290114765e-08,7.606684988970186e-11,3.6996864004473095e-22,4.3061260288850105e-05,3.2531453325736536e-08
5.995215329610397e-09,0.012674631042614811,5.574310204883221e-09,0.9872782207968821,7.644001370045071e-09,1.3637265478136154e-08,8.380611941652977e-11,3.9228704870717827e-22,4.707717559970581e-05,3.805030498037805e-08
6.2336215797696586e-09,0.02201842631856466,6.810933156375309e-09,0.9779293914927357,8.999061257860144e-09,1.4989741953579303e-08,1.1118974766353452e-10,4.647702532456513e-22,5.2109719956148754e-05,3.532419587661665e-08
6.584583031637002e-09,0.006219911804269696,5.613136246952174e-09,0.9937537778264103,7.765328581233538e-09,1.4874003963410615e-08,8.437346435711119e-11,4.096395434742961e-22,2.6251537572816733e-05,2.3910321725009722e-08
6.441291802522846e-09,0.008408976540140419,7.550117259850568e-09,0.9915394175391654,1.2227957849622823e-08,2.618803772331484e-08,1.2163426296223394e-10,7.702466260098931e-22,5.1468917638894364e-05,8.447401641693751e-08
0.19796080889855214,3.815365491708039e-61,1.0630052787016842e-64,5.855733519922829e-65,0.22178778399191929,0.5790732134606149,0.001178193648913635,1.6764173061528492e-73,3.082702949046101e-60,2.081851014242254e-58
7.549549749887116e-09,0.012822779440142528,1.2914756822693447e-08,0.9871047156090863,1.8942765021655788e-08,3.899498065145259e-08,2.2237565090209267e-10,1.3258386383135244e-21,7.232846013811941e-05,9.786620533550693e-08
4.060052976464542e-09,0.004415282763850213,7.715929349623189e-09,0.9955640610369959,7.543349495818834e-09,8.924672231131477e-09,7.56624314995371e-11,5.017515278938443e-22,2.060607353346377e-05,2.1805954070494352e-08
8.836377567921681e-09,0.007607541780085095,7.104984246784381e-09,0.9923563245094217,9.713178482663945e-09,1.8654886497722093e-08,8.790362941721814e-11,5.990676158987213e-22,3.603207941399349e-05,5.723374867085371e-08
8.197091956923392e-09,0.0051455560769535355,8.804074660375855e-09,0.9948312359023286,1.1252960089741866e-08,1.460189025480422e-08,1.0006282417032545e-10,7.484644974225433e-22,2.3140402092744858e-05,2.4662545177099503e-08
3.6906195687362055e-09,0.00304973650871806,3.4171269039151778e-09,0.9969343009124176,4.6422380628783014e-09,9.624755186529547e-09,5.1452051351202233e-11,2.4155680810703902e-22,1.592477599196872e-05,1.637668038409448e-08
5.430285957881764e-09,0.0036822277815444773,5.153847864491751e-09,0.9962992465546153,7.099669064715214e-09,1.357039925106826e-08,7.618876082949914e-11,4.07805819512972e-22,1.8473082410890426e-05,2.1251038365923794e-08
5.023019987203773e-09,0.004207466944824701,4.728343227420917e-09,0.9957682896130854,6.292455992364405e-09,1.3266071991543626e-08,6.335373037997153e-11,3.369141464519721e-22,2.418345820451106e-05,3.061064035822668e-08
5.334372154362744e-09,0.009410674035988697,7.933760277608474e-09,0.9905355042257958,1.027642734512403e-08,2.1806705369522262e-08,1.1412777132344181e-10,5.721816651479737e-22,5.3705098762411736e-05,7.117406037529182e-08
5.503308119875573e-09,0.019219365328766218,4.655347274761957e-09,0.9807315335803505,7.2167120868549456e-09,1.101368822986755e-08,6.928525289926312e-11,4.0875167706984507e-22,4.9028740301333485e-05,4.389224103161442e-08
4.9877300052145306e-09,0.003906612981384451,3.1102048970176613e-09,0.9960747944754619,5.174460700956998e-09,1.2041075271317148e-08,5.749911992260549e-11,2.6456956259156746e-22,1.855013804896181e-05,1.7034134871008035e-08
2.0716372797580393e-09,0.0027877390534467267,4.723441900488858e-09,0.9971980942913123,5.787348822813183e-09,6.902473403563393e-09,9.285950605176323e-11,4.258003284658342e-22,1.4131279517098085e-05,1.5797962950402037e-08
4.2815190993961636e-09,0.005649412390391554,4.048165203281672e-09,0.9943261101102178,5.522920519555123e-09,1.165706859207454e-08,6.830914500975548e-11,2.854694365828223e-22,2.4431273532168355e-05,2.064787596523185e-08
5.815061856141862e-09,0.00398718186208821,3.9220416687569295e-09,0.9959930281191165,6.365994107345453e-09,1.4860151863072084e-08,6.195979961151351e-11,3.3914434932834427e-22,1.973587988707334e-05,2.3113698696794463e-08
4.368345507222702e-09,0.014941454750581989,4.436409436993608e-09,0.9850097023565717,5.34356069984827e-09,1.026321977126569e-08,6.032156939996783e-11,2.713276396205762e-22,4.877900261083367e-05,3.941837845747611e-08
4.027529755238432e-09,0.003280364702062088,2.633996432537021e-09,0.9967033038551126,4.3845876890419225e-09,1.0329641428898756e-08,4.789461023276524e-11,2.215708673946449e-22,1.6294292916473405e-05,1.5726258913843807e-08
2.2058753724571757e-09,0.002486029081360562,1.5945369743171515e-09,0.997500483230935,2.493453963986845e-09,5.7707640682218965e-09,2.819689448057199e-11,1.2127539806184537e-22,1.346347816408272e-05,1.2116712896194299e-08
6.936225475103655e-09,0.04403960425520249,8.721437257745958e-09,0.9558846431126974,1.2432653105323297e-08,1.7475775718559167e-08,1.4302615976025282e-10,7.329919751444724e-22,7.563960599780243e-05,6.731698437603678e-08
5.980793777783508e-09,0.005490902377992378,4.394201214182247e-09,0.9944852467953059,6.341619558548616e-09,1.129461332562787e-08,6.725634431772858e-11,3.254166508705552e-22,2.3803357468011445e-05,1.939074930550769e-08
7.00047968766203e-09,0.00683238127604184,5.927211807395506e-09,0.9931402763625388,7.688094962013912e-09,1.0729618751060094e-08,6.824614738176482e-11,4.2136486443637917e-22,2.728847457732177e-05,2.247319077191633e-08
5.504072410453078e-09,0.010924592336049305,8.51843812530377e-09,0.9890046641779381,1.0704748222956733e-08,2.2287592647888288e-08,1.169863830815092e-10,6.098308913001154e-22,7.060100113435578e-05,9.535304046079903e-08
5.796192728224632e-09,0.00753856588268923,7.911004084938327e-09,0.9924318777555399,8.30856253706506e-09,1.0368177174008524e-08,7.277742737648419e-11,4.860822180920785e-22,2.9498014646257946e-05,2.5890410782581827e-08
5.949031764517483e-09,0.005604044698435729,4.3449605054960775e-09,0.9943708603636173,6.011855089075606e-09,1.2784598979961986e-08,6.31649699886098e-11,3.1527321515934136e-22,2.5039747518192e-05,2.6036817575282144e-08
8.208060424491904e-09,0.019313180667670758,7.51936494755882e-09,0.9806309207195503,9.859022531060246e-09,1.6822393461808235e-08,9.844928850600797e-11,5.404868445895802e-22,5.579833991686724e-05,5.7765571410652645e-08
1.0609487238570212e-08,0.01769530196060068,2.1173315681734535e-08,0.9822519886505228,2.8339732924947758e-08,2.7236074861637873e-08,3.151776797306405e-10,2.790844270120094e-21,5.256540864686865e-05,5.63064411260037e-08
4.296458314857034e-09,0.007596784591570175,7.319888742527812e-09,0.9923744159714253,8.653592837667787e-09,1.0765056630923494e-08,1.0859923263804636e-10,5.474641106947118e-22,2.8745158074743602e-05,2.3135333981392158e-08
9.689836435099092e-09,0.01258240181951174,1.7096431595601975e-08,0.9873541852302293,3.0370282723853377e-08,5.8960593575698595e-08,3.783234712274281e-10,3.1720928263846824e-21,6.321547466221236e-05,8.098012893672858e-08
2.809376699261017e-09,0.0037761255476642303,9.336067354871329e-09,0.9962055288166352,9.529509225843571e-09,8.500043938001825e-09,1.6690805389922898e-10,9.367462464637752e-22,1.829364016551952e-05,2.1653629891414424e-08
6.553795646531698e-09,0.00722878962812536,6.142924715662918e-09,0.9927291065341983,9.374780318516301e-09,1.807859901819561e-08,9.513140280067602e-11,5.2030281593420825e-22,4.200824008739556e-05,5.535235768546179e-08
1.238416104614671e-08,0.02296053935190374,1.1931553294857342e-08,0.9769830917389197,1.9493310620243016e-08,2.0436128449462158e-08,1.5128245792057073e-10,1.5256123987572313e-21,5.624014299780048e-05,6.436974308242587e-08
1.0556157289482279e-08,0.02307191409037721,9.715019847844237e-09,0.9768667829360508,1.4904860129800492e-08,1.6359335154092765e-08,1.0502944335054863e-10,1.0935985186705748e-21,6.116735224274819e-05,8.398092705618502e-08
5.954828962654957e-09,0.044106524054256024,9.877497341340696e-09,0.95581548593296,1.1233921618038283e-08,1.551790205089183e-08,1.3842286459485815e-10,6.262498861244588e-22,7.788965325306025e-05,5.7636958078962656e-08
6.6783832675854355e-09,0.004440699921186324,5.48324084070356e-09,0.9955383134063315,7.192305580387249e-09,1.1695061612012586e-08,6.88012977984982e-11,3.979434321011576e-22,2.0934822354184227e-05,2.0732335269455584e-08
4.2296072897771405e-09,0.02084074049732842,5.8611098582756564e-09,0.9790473903205184,8.116178838619234e-09,1.6145904552488473e-08,9.757183187145293e-11,4.5057544354001225e-22,0.00011170899219089964,1.2573958997249484e-07
2.6334105893230034e-09,0.011165277510714966,3.2609227643097837e-09,0.9887586017933832,3.730219684616886e-09,7.888747171012781e-09,4.211177129085323e-11,1.8079060639098935e-22,7.604586037561336e-05,5.728011444522265e-08
1.110708323387278e-08,0.024666577093524347,1.5695303044994685e-08,0.975275559725783,2.3209110509540453e-08,2.4010385586322703e-08,2.683116907692249e-10,1.6667797701786518e-21,5.7734844666143534e-05,5.404583246573884e-08
1.2025438276653526e-08,0.023053875717726817,2.0119441407948115e-08,0.9768822150702384,2.5947240414134662e-08,2.7321090651774653e-08,2.612863628042772e-10,1.8837875411499107e-21,6.37555588006523e-05,6.797873713547887e-08
9.371111390027912e-09,0.02165402057966883,1.4228749742467111e-08,0.9782913169009558,1.789136574087213e-08,1.7592128344165425e-08,1.640454604559965e-10,1.2339072600767007e-21,5.45546260807807e-05,4.864589394816962e-08
4.938626646261124e-09,0.007689726600057999,3.901446349532961e-09,0.9922803859813877,6.5983696292770694e-09,1.1830403319488119e-08,8.00359956776133e-11,3.625662539341728e-22,2.9835339559848296e-05,2.4730112812359825e-08
7.89993184816216e-09,0.00391032267801739,4.687074600117415e-09,0.9960702970016111,7.900594325333894e-09,1.5395182627256966e-08,7.283851191817952e-11,4.573899076413621e-22,1.9321269746150733e-05,2.3095003445377564e-08
3.813740611308152e-09,0.004468615906577949,7.670582745077915e-09,0.9955076886316281,9.341558987025012e-09,1.2642416744365742e-08,1.0238725147401987e-10,7.084700232519839e-22,2.362625127304208e-05,3.563983477523198e-08
9.429072938597137e-09,0.012886637707087806,1.4598908645911617e-08,0.9870651180481833,1.932568844297328e-08,1.839149973264145e-08,1.3798561638265684e-10,1.9999453054341683e-21,4.810956403451402e-05,7.279753900449983e-08
2.90517502771323e-09,0.0030583089890357427,2.1320362776175345e-09,0.9969238723717067,3.292657714959673e-09,7.665327644504562e-09,3.14097095403349e-11,1.691218397134901e-22,1.777911864098062e-05,2.3494010286085505e-08
8.1977000847494e-09,0.021099376295393126,1.2503445281520002e-08,0.9788440820028537,1.3598544594192815e-08,1.5349643846113613e-08,1.2444066109372856e-10,8.064884438565325e-22,5.644317840460273e-05,4.874957421161017e-08
1.0409703597053126e-08,0.007209475841439878,8.418778961820054e-09,0.992761313756552,1.740977124696664e-08,2.8590955267500916e-08,1.8725474493022578e-10,1.2779289302318594e-21,2.9113886705300246e-05,3.1498839119739305e-08
2.1361710333886342e-09,0.002495662634672529,2.3501300195897793e-09,0.9974909176736189,3.0871615287259875e-09,6.624703336606806e-09,3.759783029625855e-11,1.578179631784078e-22,1.3392452558323324e-05,1.3003386346693177e-08
1.4442275336865563e-09,0.0024524049239343895,8.084994450545997e-09,0.9975349498169421,7.664474417345037e-09,5.01140428455606e-09,3.008671752028163e-10,1.352174129882602e-21,1.2606885017616507e-05,1.5868137989035024e-08
2.5104151771847976e-09,0.004074673376337371,7.796922766540487e-09,0.9959014778383549,7.048569162156116e-09,8.633140400079205e-09,9.576733811136058e-11,4.992047200913811e-22,2.379136337602429e-05,3.1337116797825616e-08
3.3105673680967804e-09,0.004893074723334606,2.836108104672212e-09,0.9950807544550758,3.6274229014270602e-09,8.225837949494574e-09,3.8258528446140047e-11,1.806517732663279e-22,2.6123502843809797e-05,2.9280550965996135e-08
6.837356434953771e-09,0.014399195580190916,5.099199839828655e-09,0.9855533881362826,7.1687006996020964e-09,1.1475555531734273e-08,6.194540933844981e-11,4.028804554455645e-22,4.7328505001491584e-05,5.713576731412227e-08
7.029989432157681e-09,0.01182919253767809,4.782951366748468e-09,0.9881292609871287,6.947858081140716e-09,1.0636073179415604e-08,5.624590948897421e-11,4.01891027603305e-22,4.146400301489666e-05,5.3019060728759096e-08
7.70181026581438e-09,0.017752694446489078,7.046489133888889e-09,0.9821992386045744,1.0726329831234628e-08,1.7836608934943433e-08,1.246232311737449e-10,5.918179270234406e-22,4.7985357841090434e-05,3.8155234211905536e-08
2.9531781358117078e-09,0.005573643921667224,3.5182301707017075e-09,0.9943946067265841,4.2540660612367845e-09,8.325583539682419e-09,4.481014800160895e-11,2.117903938993731e-22,3.170152685359134e-05,2.8729026855523778e-08
4.449975770944491e-09,0.0031647134370742106,2.428820616460108e-09,0.9968188427833442,3.9111068375134915e-09,8.403304572919677e-09,4.018391892178638e-11,1.961705007484313e-22,1.64081188650501e-05,1.6427324696306703e-08
8.191586498195117e-09,0.012620791943389281,1.3315979339980393e-08,0.9873097064276795,2.0538527890283026e-08,4.190003010133361e-08,2.3779577942989385e-10,1.5022302986869189e-21,6.932283474009231e-05,9.461027164498286e-08
7.35572218547059e-09,0.007461086194702542,9.62117784853119e-09,0.9924974991812683,1.4461829653653111e-08,3.004455297958425e-08,1.4693748992408658e-10,9.0251351220614e-22,4.129780034972224e-05,5.519345924966988e-08
8.924415234458137e-09,0.0048306250189848205,5.161642667054411e-09,0.9951469622801469,9.733805540149582e-09,1.5831706242934626e-08,7.893758574351042e-11,6.203289626276946e-22,2.2346079293455197e-05,2.6891067365459622e-08
1.0336334982834976e-09,0.0018824806474538119,4.0104891430888675e-09,0.998106601376196,3.548971500668325e-09,3.731272841576293e-09,6.784470486746857e-11,2.7093876817010274e-22,1.0891658619913198e-05,1.3925518573924348e-08
7.977329624519652e-09,0.005251402547529307,7.309851699991458e-09,0.9947249608542155,8.886202301882553e-09,1.2109872488259307e-08,7.59400243268598e-11,5.349680931460942e-22,2.3576204604549645e-05,2.4034454294389852e-08
4.288275918917748e-09,0.006908893690290109,4.591700886941719e-09,0.9930638271005631,6.8260974481112065e-09,1.3013569524242242e-08,9.75284858052241e-11,3.7155996285676395e-22,2.7229691128947102e-05,2.070084553826408e-08
1.6906816893791653e-09,0.005978874604089517,2.507514596152304e-09,0.9939948298813319,3.023665818557033e-09,5.479440494269099e-09,4.2944990418164693e-11,1.577626192665703e-22,2.6263789993514587e-05,1.8980337156406027e-08
1.1922120570610425e-08,0.005477609844469197,6.9953023053877395e-09,0.9944978657607108,1.1624918838666748e-08,1.8997142066362563e-08,1.1230460636513025e-10,6.767799232676629e-22,2.4450500580260374e-05,2.424245159048389e-08
5.279124195084504e-09,0.005187044141787922,3.412656016974341e-09,0.994789877847492,5.120675753445347e-09,1.132178497818766e-08,5.745476814625457e-11,2.5769193043685186e-22,2.303322260870107e-05,1.9596415961204e-08
9.64383190066845e-09,0.005501388275834803,7.224850790844001e-09,0.9944743853645419,1.0255637339699818e-08,1.6113084612635893e-08,9.024441986392213e-11,5.996221978442255e-22,2.4158474637035e-05,2.4557337247672878e-08
1.3307916121851164e-08,0.022008315029078074,2.1060936490962705e-08,0.9779321622207449,2.8700736309326224e-08,2.982922745631055e-08,2.746886389668381e-10,2.2416741028399315e-21,5.936746010913683e-05,6.211656268678645e-08
4.053080950980467e-09,0.00428315661965317,3.749264646329091e-09,0.995695904494109,4.889268781548324e-09,8.702560665300714e-09,4.779143715905392e-11,2.4870770339918614e-22,2.0898495360674662e-05,1.8948910571214738e-08
2.77610522454113e-09,0.00821359684759585,5.216826052337566e-09,0.9917519414267046,4.8454262959803795e-09,6.721775635655209e-09,5.252807365419319e-11,2.637684994770637e-22,3.441654861357431e-05,2.5564424944963127e-08
7.207577426701778e-09,0.01419080901889658,1.0685507094306055e-08,0.9857343865982106,1.681364795986079e-08,3.1038334188300715e-08,1.7546563830636125e-10,1.2053939057303485e-21,7.462098194317143e-05,1.1748041715515555e-07
8.71564564949224e-09,0.01120477451828743,1.1842000229927743e-08,0.9887320529619158,1.9026820425299658e-08,3.772295577012145e-08,1.8250260441003035e-10,1.439249360823665e-21,6.29900442506471e-05,1.0498562164776605e-07
7.59816592111575e-09,0.004547675202728787,3.1983741239711206e-09,0.9954304645626226,5.1479660464378194e-09,8.2760430310046e-09,3.6972678200737016e-11,3.080898730543666e-22,2.180331683733349e-05,3.266028945601855e-08
8.851616001814524e-09,0.008546387708175366,8.657067182141908e-09,0.9914084311426432,1.3744868378379748e-08,2.0394696217877283e-08,9.565323604835403e-11,1.0782642999347807e-21,4.5040162225689305e-05,8.9243054725849e-08
4.3127362772596624e-09,0.016363080881442695,5.602456454174507e-09,0.9835385391976765,6.86287488990102e-09,1.4099831920747827e-08,7.465434307968612e-11,3.5902333648708193e-22,9.81859686509667e-05,1.629996760630119e-07
5.314560411768522e-09,0.010754189110291074,9.146017501547122e-09,0.9891717489531509,1.1205248608280132e-08,2.4328609627053177e-08,1.306323124685248e-10,6.768476483749428e-22,7.388363402450374e-05,1.2817746500134288e-07
1.3571224595826778e-08,0.011498973869082345,8.220158292804504e-09,0.9884569155567156,1.2755741732444608e-08,1.311540946442305e-08,6.89968859287085e-11,1.1053939944918023e-21,4.397720475612178e-05,8.563791505638682e-08
5.895574361260233e-09,0.01003862535618372,6.4770303245399974e-09,0.9898958515012851,9.588846213610014e-09,1.9888228229309073e-08,9.315238832940112e-11,5.595178203783051e-22,6.53559382477117e-05,1.252614519682236e-07
5.824125001888482e-09,0.008095590277827103,7.889867908270229e-09,0.9918531016844198,1.052506599849703e-08,2.3811643637594827e-08,1.1133693291784491e-10,6.033332193894947e-22,5.1183795541059645e-05,7.608017267635601e-08
5.278364951628395e-09,0.01400905367835579,5.620736503169822e-09,0.9859098139290653,8.452956038543173e-09,1.5277241293092212e-08,7.695490116759783e-11,5.059769521100435e-22,8.092481906727075e-05,1.7286725793002702e-07
9.177895430982638e-09,0.011053291620980418,1.4333099562207885e-08,0.9888924667845471,1.7671819903965026e-08,2.6234286035561034e-08,1.5334825519725425e-10,1.273554837133547e-21,5.4103319406552246e-05,7.070461662032223e-08
8.047978998088386e-09,0.007734202589124715,5.842046593596827e-09,0.9922276665909442,8.30012334890318e-09,1.470933317356964e-08,6.67862062233098e-11,5.141317619881163e-22,3.802078983820639e-05,7.306382445617937e-08
0.08152381853671566,4.076009873305554e-61,1.1356238401748236e-64,6.255764406981268e-65,0.5385618536294563,0.3751342870200218,0.0047800408138061875,1.7909407385766115e-73,3.2932959330077115e-60,2.2240714047565096e-58
1.3245861424241973e-08,0.010510341954027043,1.0310059705991134e-08,0.9894534686157289,2.17200835488782e-08,2.5847819542464238e-08,2.4236953962346545e-10,2.1617988389832662e-21,3.608042913947213e-05,3.763491083942159e-08
7.81853809138317e-09,0.007664248952338991,6.647568336359996e-09,0.9923062721285978,1.1809879700452265e-08,1.734068243542548e-08,1.340983884086645e-10,7.5585542133046085e-22,2.9408249444943905e-05,2.6918851232749903e-08
8.413911208052476e-09,0.03441536045919061,1.1806501138856185e-08,0.9655144041896427,1.6056487044788926e-08,2.0277775288265256e-08,1.9043572721253856e-10,9.590166889387231e-22,7.011478783616114e-05,6.381822011457958e-08
1.6396201084254398e-09,0.0028102868654061165,3.6366711302265556e-09,0.9971733966732108,3.437377561102667e-09,5.075391449826434e-09,4.5288712381145154e-11,2.100687692739303e-22,1.6281106475791063e-05,2.1520558318066403e-08
2.478819155404053e-09,0.004078312958140732,4.82033829748373e-09,0.9958947209372734,5.1834373539304145e-09,8.776268500908704e-09,6.512956516676005e-11,3.0031369488529826e-22,2.6909841828178976e-05,3.4938764833905125e-08
5.62852619730798e-09,0.005535439286859441,8.969835692396838e-09,0.9944339440000046,1.1162108410341132e-08,1.741288318113088e-08,1.21279994514898e-10,7.850358722465254e-22,3.052786531240039e-05,4.555319002183976e-08
2.60670555151913e-09,0.0030687726353495564,2.6917800924827034e-09,0.9969153020916581,3.823494876661411e-09,8.177904690261257e-09,4.6739980385339077e-11,1.9692164911250476e-22,1.5892829305302246e-05,1.5097062078994173e-08
7.911077472022808e-09,0.003882366995057899,3.233116338685054e-09,0.9960984911530687,5.550083484237429e-09,9.499276011272807e-09,4.24358784315702e-11,3.2297032620966646e-22,1.9090559947757753e-05,2.5055936403718503e-08
2.570881565585014e-09,0.0032037097680029125,9.125770736298111e-09,0.9967801813356255,9.816350566275265e-09,8.028968066078344e-09,1.8051534127540852e-10,1.1769187055977636e-21,1.6058763875012236e-05,2.0410010083045805e-08
1.7332411176274228e-09,0.007065352663443838,2.06679550973709e-09,0.9928993384913674,2.4661521123400537e-09,4.772429450191528e-09,3.01173092687761e-11,1.2464749864805006e-22,3.527338479574796e-05,2.4391657863293694e-08
8.278465544732787e-09,0.007795705967974397,4.882234823675222e-09,0.9921732863111176,9.18588451834969e-09,1.1953894540322054e-08,6.950153112742451e-11,6.481144196926985e-22,3.093551655793332e-05,3.7834369251867194e-08
8.999411773929276e-09,0.027334961516071274,9.883352467666691e-09,0.9725913134118789,1.3672733897693502e-08,1.9215044469217363e-08,1.195493905891651e-10,8.507304984204656e-22,7.357612325985085e-05,9.705869791709727e-08
8.988867867864923e-09,0.023999022191414875,1.285076095731148e-08,0.9759420077415318,1.6559851861077914e-08,1.918081093618135e-08,1.5793926786868153e-10,1.113051235044899e-21,5.886058461772902e-05,5.1744204608583943e-08
1.0595094106452811e-08,0.02818520098662912,1.497375763543889e-08,0.9717527141792719,2.1571429044049908e-08,2.5055899761456034e-08,2.491172759114205e-10,1.474839503430354e-21,6.195439700250883e-05,5.799179868519586e-08
1.604344197259892e-08,0.011037139714209636,7.296685215262057e-09,0.9889244073125675,1.1649660498110456e-08,1.1088417465943464e-08,5.959998397830382e-11,1.0138137009142687e-21,3.834234556975285e-05,6.448984773290007e-08
9.45107070214735e-09,0.00948959080405554,5.888210841364465e-09,0.9904756432253249,1.1197682739292745e-08,1.4457380285295146e-08,9.164805712077047e-11,8.064159024429721e-22,3.4685513867342826e-05,3.937075960146133e-08
7.87168697493583e-09,0.006114429215731513,5.167520928459037e-09,0.9938598197056955,1.013278964112434e-08,1.74817791628534e-08,1.1183771411182578e-10,6.155038947007685e-22,2.5685331039787073e-05,2.4981918757325675e-08
7.461970148153882e-09,0.008227873597270688,4.689165327363542e-09,0.9917319922851441,7.583850989532993e-09,9.822701451309663e-09,4.732626464887046e-11,5.241350970694942e-22,4.001308799721528e-05,9.142457384199033e-08
3.008367171835571e-09,0.003593991032169435,8.998857137583877e-09,0.9963879158836757,1.0614793527753805e-08,1.0224245594852994e-08,1.5675493977628744e-10,1.0877817076685583e-21,1.8035998396842328e-05,2.408273973860089e-08
4.599721848225935e-09,0.0032636749383989786,2.6586749799720634e-09,0.9967190647600359,4.290317276819083e-09,9.146584809949017e-09,3.756576707162207e-11,2.303439488443419e-22,1.7217078484563075e-05,2.2490215485336697e-08
6.773837272643526e-09,0.011087751657975566,5.815021418882162e-09,0.988875963299888,9.960976123964732e-09,1.6147737887665534e-08,1.2554538395955712e-10,5.939806951018127e-22,3.621647506417919e-05,2.974395386438949e-08
8.15258201980329e-09,0.004785460846278364,6.150269505493207e-09,0.9951923497503574,9.390489450707388e-09,1.611467957655901e-08,8.724058136843509e-11,5.221916988308514e-22,2.2126953966282113e-05,2.255413665947166e-08
1.0715593689930743e-08,0.005346332216852854,5.125792284943963e-09,0.9946287144811761,8.753905299862461e-09,1.5232475104083196e-08,8.402474861235505e-11,4.787074466538141e-22,2.4886838690849858e-05,2.6551489140150764e-08
1.0566541856869361e-08,0.016174247436231186,1.2755573300652748e-08,0.9837803867302445,1.4663291311077342e-08,1.5544387146623634e-08,1.171348116336327e-10,9.323079385537311e-22,4.5273796533238034e-05,3.839006276639724e-08
1.0466390776075508e-08,0.007321199655702819,7.262655852490041e-09,0.9926474626631966,1.1711000107024072e-08,1.6140194545205578e-08,1.1241202027800042e-10,6.657109051365274e-22,3.1261611141990724e-05,3.037730521580821e-08
0.07000943521774763,6.516885307525894e-61,1.8156801747169504e-64,1.0001962806370153e-64,0.27528511716230747,0.6525862788491931,0.0021191687707518233,2.8634266718334234e-73,5.265451396403883e-60,3.555933059796994e-58
3.183731792096755e-09,0.0064516870809000594,2.6492797272253455e-09,0.9935209416622828,4.222906929814173e-09,8.285324139276743e-09,5.1470457046857025e-11,2.18650959345871e-22,2.7331787303129286e-05,2.1076800784393815e-08
2.4178250691378014e-09,0.003053145003163555,8.633078340788715e-09,0.9969313058226634,1.0041524059059406e-08,7.79100771179061e-09,1.844721789811353e-10,1.331288156851111e-21,1.5499872281373026e-05,2.023398421999899e-08
4.554751968819835e-09,0.00617263732420053,5.680769732172634e-09,0.9937868392680198,8.15694363259996e-09,1.7190884529804306e-08,8.698404965303888e-11,4.774476947386232e-22,4.042361867118839e-05,6.411877474005706e-08
1.4326579279468808e-09,0.002402123425551569,9.351331475257154e-09,0.9975854461005859,9.04834440276303e-09,5.013582112513984e-09,5.564358231963628e-10,4.021206088167075e-21,1.2388628998728827e-05,1.6442512043964044e-08
7.0831342963459605e-09,0.009623557046243588,9.655621491410216e-09,0.9903177010020903,1.5277030556876737e-08,3.449080400515885e-08,1.6098534984008546e-10,1.0135506469231466e-21,5.858068764485979e-05,9.459644557584507e-08
7.700677907373225e-09,0.018644341791169985,8.253250234414278e-09,0.9812805691847584,1.1023488188979637e-08,1.8982321473198173e-08,9.889548894442302e-11,6.550487717905106e-22,7.491420276189464e-05,1.287626765664794e-07
6.044467410768516e-09,0.007408117856658784,6.273827033652795e-09,0.9925444756632776,9.126306803690002e-09,2.0284203998250642e-08,8.495408720165905e-11,5.384566960501505e-22,4.726737999573336e-05,9.728630832559694e-08
3.6087347670304445e-08,0.008969922577962718,8.928948456817921e-09,0.9909976344447384,1.6160358062509565e-08,1.1042730916457563e-08,6.193717030038178e-11,2.587591316456436e-21,3.232198189250834e-05,4.8714084185496744e-08
1.0455842889990679e-08,0.005514192518950256,7.076141330237182e-09,0.994460148777579,1.0148111916308433e-08,1.9298905484689556e-08,9.373164000617044e-11,6.146442938583612e-22,2.5579582590457573e-05,3.204814680742908e-08
8.201705923237924e-09,0.020876023400362195,9.329757702781577e-09,0.9790722886218209,1.5529605122756436e-08,2.089467542347337e-08,1.9499891454431623e-10,1.1352077519702878e-21,5.158537059645511e-05,4.845647730791439e-08
4.8158737251968894e-09,0.01143933344330703,6.749289017828971e-09,0.9884810436853123,8.215846536703284e-09,1.8367448003643574e-08,9.014936069065284e-11,4.42668621597191e-22,7.945447155889045e-05,1.3016121501988633e-07
6.715534196763272e-09,0.024613602307209985,1.0878336996946183e-08,0.9752940497991065,1.237957594785462e-08,2.0732420921124016e-08,1.3691404999164542e-10,6.964106336737735e-22,9.219296825946784e-05,1.040826417377774e-07
3.3568659445929707e-09,0.014555669790080706,8.23038412619047e-09,0.9853618979722437,7.741899905415894e-09,1.237986676637874e-08,1.0494986487596284e-10,4.487456437845406e-22,8.231275450847135e-05,8.766920051874417e-08
5.640576352814435e-09,0.016680598405324876,6.658165296861015e-09,0.9832701528801094,1.004947994151544e-08,1.5287607951062107e-08,1.2468020497758605e-10,6.181820274819457e-22,4.917002056046236e-05,4.093349531187675e-08
6.034230375840165e-09,0.012992166520242904,4.43446850027333e-09,0.9869655672907366,6.343425191035734e-09,1.1810154654257323e-08,6.368654494818144e-11,3.326683145166089e-22,4.2200116978424264e-05,3.7386076804663505e-08
5.03876094310768e-09,0.0034972284639499967,4.109427016828893e-09,0.9964852768466823,6.214772560442789e-09,1.2822849028718508e-08,6.963147554452072e-11,3.328743117239116e-22,1.7448590099844734e-05,1.7843827077696475e-08
8.339278159298997e-09,0.01594974536710683,1.2412674451480185e-08,0.9839781197399771,1.7260779218224176e-08,3.0658228885633094e-08,1.8749893357787385e-10,1.1031829475233383e-21,7.197959876228484e-05,8.643569434524394e-08
8.691293650842526e-09,0.006676984182795079,5.155348460707056e-09,0.9932953578990116,8.590616781131278e-09,1.4465742110975078e-08,7.470271267723899e-11,5.279618823695134e-22,2.759239472258955e-05,2.854576698107359e-08
2.9748633236966583e-09,0.003989403759493012,8.529894224697327e-09,0.9959882727112815,9.454224844677453e-09,1.0374579484741241e-08,1.2770599102918028e-10,8.5677601173017e-22,2.2258272306402016e-05,3.379565110413437e-08
9.162031464330837e-09,0.008941036227949926,5.155899804214558e-09,0.9910249494507369,7.92507283857237e-09,1.4170557782181454e-08,7.136462676185517e-11,4.447801786833974e-22,3.394229703185843e-05,3.553935470186113e-08
2.870474030875885e-09,0.0050961513569850155,3.852855638864388e-09,0.9948754941043352,4.620699474136202e-09,7.5564630769801e-09,5.207760756946213e-11,2.6096999532347426e-22,2.830121635445502e-05,3.436975585552286e-08
8.391315925626942e-09,0.00782538783473369,4.933590172294267e-09,0.9921428405465497,7.2761430919980204e-09,8.917216185176047e-09,4.592657073210643e-11,5.060784811400651e-22,3.168841703945098e-05,5.363748515886908e-08
3.822658650283615e-09,0.013528104521257148,7.469813573868463e-09,0.9863914352345712,7.426026192652924e-09,1.3338534924210692e-08,8.833702840284481e-11,4.0194555307883957e-22,8.034207486282473e-05,8.602393841262815e-08
8.36964230985912e-09,0.005485781613614726,4.545292834659805e-09,0.9944891876253346,7.346308963593907e-09,1.3816106828392621e-08,7.56851755645323e-11,3.8442751657145873e-22,2.497251104867828e-05,2.409696589401202e-08
3.546459309263771e-09,0.004013002223451734,4.499059248043978e-09,0.995967054281781,5.634305956875275e-09,8.243495620017876e-09,6.743391949641036e-11,3.171053110354379e-22,1.9902498449663455e-05,1.9005563513708927e-08
1.4202299284666256e-09,0.002460685750445492,8.105007291405004e-09,0.9975264081430462,6.940304824738382e-09,4.829098786286083e-09,2.046049341690494e-10,9.587057320904638e-22,1.2868249691599942e-05,1.6357571216554368e-08
2.8099090018600152e-09,0.004873550969222497,2.2577539797077272e-09,0.9951047220522841,3.142002421878753e-09,6.595434890803567e-09,3.707623440959429e-11,1.5045061253252124e-22,2.1697389741503352e-05,1.4746575369535178e-08
9.813624166467816e-09,0.004757915689374654,7.770217580836734e-09,0.9952195202377692,1.3250404673895921e-08,2.0943179190923362e-08,1.3124269993275703e-10,8.831663456368461e-22,2.248567631086841e-05,2.6487877022236758e-08
1.496853119004764e-08,0.007362277433787063,1.3027709983875827e-08,0.9926072453145233,1.717764814897176e-08,1.7518921059162033e-08,1.0566048179656375e-10,1.4124226843112248e-21,3.0378830653994752e-05,3.56225646066085e-08
7.598600492015863e-09,0.0038586858183331436,3.3097362606826433e-09,0.9961224284058645,5.670075080538131e-09,1.0887020173749215e-08,4.954586850099386e-11,3.1289789970518745e-22,1.8836622973393192e-05,2.1637851055246487e-08
5.092747412048048e-09,0.012030388803319431,8.296874953262295e-09,0.9878991784245024,9.805348426545982e-09,1.8350631461033923e-08,1.0562490790336329e-10,5.454926518223111e-22,7.030914151622721e-05,8.19794351696395e-08
1.0584001172973385e-08,0.012181954033843596,6.2015206893379985e-09,0.9877774800074398,9.47731901005226e-09,1.2449713258426298e-08,6.726926603719577e-11,6.13654255345641e-22,4.047427763191466e-05,5.2901261313490195e-08
6.460346476496304e-09,0.00604990542894328,3.964828265308761e-09,0.9939230620314345,7.327977859625652e-09,1.1135404524028839e-08,6.152609632607165e-11,4.585058506395198e-22,2.6971247155462522e-05,3.234238367958932e-08
5.51438856790572e-09,0.005768825863453408,3.974801245014581e-09,0.9942060145799493,5.582253656844124e-09,1.0476827043607787e-08,6.009124796427148e-11,2.7969616677366124e-22,2.5113625911249776e-05,2.0322324626826036e-08
2.850956692575469e-09,0.003438124603342011,9.993087189410095e-09,0.9965448006403226,1.1673749322653031e-08,9.056426081920906e-09,2.3020677619282611e-10,1.582845009060083e-21,1.7019797564879304e-05,2.115434441000815e-08
4.812441967748448e-09,0.006757492301269023,3.366498060014408e-09,0.9932154367840652,5.221760805137932e-09,8.624442259567218e-09,4.5774867832879304e-11,2.9830019256385283e-22,2.7021035279279543e-05,2.7808468570398965e-08
2.5550634798045292e-09,0.004596315531493107,3.5191845222208254e-09,0.9953778451334183,4.097288036510792e-09,6.798443006904315e-09,4.866419304858714e-11,2.1734925588252765e-22,2.5798966582633102e-05,2.3349862815125378e-08
1.8258998500244174e-09,0.0028062741868765026,9.816072220638603e-09,0.9971791843748836,1.0001465313062418e-08,6.276649901664129e-09,3.2833676965334154e-10,2.2174562676928384e-21,1.4494080214053084e-05,1.9109601658071678e-08
4.805499031853361e-09,0.004115357783059195,3.6553549509849282e-09,0.9958647455845557,6.009738161017229e-09,1.4244849278947242e-08,6.473658249322024e-11,3.110536779837234e-22,1.9847219871190382e-05,2.0632336035097145e-08
3.781517531532669e-09,0.006600225762156167,3.082148530039316e-09,0.993373127077239,4.5679433092140245e-09,9.12066471711123e-09,5.081825076914234e-11,2.388303097402491e-22,2.6604710838313282e-05,2.184667385144728e-08
1.96708939168712e-09,0.002708843694765313,6.390564322382991e-09,0.9972772840499641,6.5612062653726e-09,6.488441061527896e-09,1.190976872729776e-10,5.451442183460206e-22,1.3834991548734226e-05,1.5737323220343764e-08
1.912622475010113e-09,0.002965586750206863,4.618366197948936e-09,0.9970180881889089,5.586568510007283e-09,6.482287552838515e-09,8.051035356117422e-11,4.249310454877212e-22,1.6284921975340158e-05,2.1458553710020375e-08
1.4258891273747163e-09,0.0020991945929328044,2.6362139882733222e-09,0.9978891085749395,2.820050486893444e-09,4.346383907112197e-09,3.7333415194285057e-11,1.586683024258346e-22,1.1673853897341446e-05,1.1712359478730734e-08
7.489504191484733e-09,0.008955471717970788,7.489627133133656e-09,0.9910101974414519,1.0825335113423305e-08,1.629272420395866e-08,1.2753744657001757e-10,6.257918419535662e-22,3.425832720542889e-05,3.028864375693014e-08
7.94990588946486e-09,0.004769148345698136,5.816775001110644e-09,0.9952087201857245,1.0138954065211582e-08,2.096537479483446e-08,1.070165246516786e-10,5.589448595935684e-22,2.206384766838923e-05,2.2642882732893013e-08
8.103214006309926e-09,0.004306608007321326,4.233040294076305e-09,0.9956730121723709,7.3595385949722055e-09,1.591277200295036e-08,7.358681257477107e-11,4.025730440537051e-22,2.0323072266120163e-05,2.106588954433613e-08
6.91076101374913e-09,0.013105259013106002,1.9650414205303135e-08,0.9868346510474245,2.2225564354736442e-08,2.826428421860812e-08,3.019976694710486e-10,2.004317732400527e-21,5.9934807781848856e-05,7.777866615312565e-08
2.159924494163583e-09,0.0025231938053303766,1.6843917109513344e-09,0.9974637603473956,2.3991531052270388e-09,5.014158399940327e-09,2.5372186721020337e-11,1.2506583259768746e-22,1.302171678029384e-05,1.2847493950322788e-08
8.093656998808775e-09,0.021387915169125457,1.4548301215244096e-08,0.9785445431809957,1.5863265204279683e-08,1.7873494748213222e-08,1.389513124705729e-10,1.0334848554780505e-21,6.742004282836415e-05,6.508938088168296e-08
9.702838541292265e-09,0.005617853616326071,1.0107153517523878e-08,0.9943569534707664,1.3520810905537023e-08,1.8849518203810386e-08,1.3183513326409076e-10,1.0503676779032513e-21,2.5109340127438245e-05,3.1260624010609184e-08
9.702838541292265e-09,0.005617853616326071,1.0107153517523878e-08,0.9943569534707664,1.3520810905537023e-08,1.8849518203810386e-08,1.3183513326409076e-10,1.0503676779032513e-21,2.5109340127438245e-05,3.1260624010609184e-08
1.538279390777968e-09,0.003959034774612648,1.3836848231323277e-09,0.9960220170905763,1.8923982803404133e-09,4.266524460411992e-09,2.3163949106789517e-11,8.90395130273367e-23,1.892715208470061e-05,1.187867529027445e-08
1.5405535768092052e-09,0.002470441657568002,5.5025591137621246e-09,0.997516800816004,5.5512846823435884e-09,5.154740530134294e-09,1.2191823613824558e-10,4.824121215014792e-22,1.2725331484153871e-05,1.4323887769849209e-08
4.0831914765399194e-09,0.007449150617299529,4.70778602466801e-09,0.9925214944596934,5.258689213549907e-09,8.61002324022485e-09,5.585928784143986e-11,2.692600123041863e-22,2.9310508938598488e-05,2.1698519174307565e-08
8.575503511515844e-09,0.00627784722641061,6.4505221404614834e-09,0.9936958808890073,1.1098454861821284e-08,1.6392674120567046e-08,1.1513606461250848e-10,6.542105860629425e-22,2.6205681241867212e-05,2.3571049677782002e-08
4.273083408128902e-09,0.004504179533121188,3.0021872770086736e-09,0.9954749704030146,5.30755101889272e-09,1.0629276389134203e-08,5.8190586092785486e-11,2.8682248079954413e-22,2.0806704087370794e-05,2.0089488088945473e-08
9.827747785194883e-09,0.008267621213813274,7.517348771391245e-09,0.9916991123398908,1.4632852655116878e-08,2.0072655586128227e-08,1.582936403655142e-10,1.022386086026469e-21,3.317906424750097e-05,3.517315006170666e-08
2.239492730423707e-09,0.0037113789316278257,7.277029967086519e-09,0.9962692574446795,8.472958527858744e-09,7.843307415882806e-09,1.5841344491214082e-10,8.628025630239706e-22,1.9312472237196786e-05,2.5160253460576567e-08
4.229788584248133e-09,0.005183996554001917,9.551471085900826e-09,0.9947929323212078,1.428235015950705e-08,1.2530468797333541e-08,2.5114771975079585e-10,1.7012517912926943e-21,2.3004207068132486e-05,2.6072495713322823e-08
3.828087295369269e-09,0.0032410826326442575,4.432059014157919e-09,0.9967417788757217,6.1540881499468115e-09,9.43710802513093e-09,7.137340868183086e-11,3.6297958218135116e-22,1.7095023651200544e-05,1.954526682345976e-08
4.5888879699461325e-09,0.011097504376801496,3.2072564264712384e-09,0.9888648709988346,5.174419981169366e-09,9.13169317023717e-09,5.130593088687244e-11,2.8014774584723506e-22,3.75706344930286e-05,3.183630742939689e-08
3.850023232624179e-09,0.00975705404875212,3.743176690278281e-09,0.9902044407607451,5.296649878749269e-09,1.0135184259036966e-08,5.861405125475862e-11,2.6912286375656336e-22,3.844690640794336e-05,3.520044682352734e-08
1.3779412559280117e-08,0.005454440880573729,7.972347098506089e-09,0.994520473458519,1.506443075771835e-08,2.2067031976499827e-08,1.4491698635771494e-10,9.818453591614332e-22,2.4998761412517617e-05,2.7871355170879546e-08
7.87548835685481e-09,0.013470397517858607,9.502048559520377e-09,0.9864706133197807,1.4069155864014346e-08,2.3374376036654876e-08,1.5207873516864192e-10,8.516311110084499e-22,5.887015098979447e-05,6.403822319800495e-08
0.052684257575926,1.1902400625819285e-61,3.3161474888750493e-65,1.8267525473937967e-65,0.5271385636762357,0.41832056515971733,0.0018566135881210662,5.2297454692749095e-74,9.616789162056245e-61,6.494535023874372e-59
6.035616191426404e-09,0.004462113840005911,8.060305910161087e-09,0.9955149947738936,1.1520142682970658e-08,1.7106955545171135e-08,1.2409565010160003e-10,7.756042567304337e-22,2.2819423312744246e-05,2.9115671868143114e-08
3.940490197967591e-09,0.004538933673881262,5.3912544091314835e-09,0.9954363690032968,7.369814418383729e-09,1.5276844776235162e-08,8.556040300497033e-11,4.190908928511326e-22,2.4634581798105327e-05,3.0677059573536384e-08
7.73711365595446e-09,0.00377071193455237,4.135464852712404e-09,0.9962102158547732,7.114090743103971e-09,1.5125351552042633e-08,6.593878693365346e-11,3.8888927577126536e-22,1.9015320038229364e-05,2.271267648137804e-08
9.303084311489125e-09,0.009167397279255031,1.1765839360934443e-08,0.9907821248057156,2.0602247469415906e-08,4.0891016713629504e-08,1.9343531113929385e-10,1.6393983970643849e-21,5.0317470020376345e-05,7.76893857024066e-08
2.149452874687643e-08,0.0062197804174591925,1.050089283010363e-08,0.9937527969952272,1.9776832585650956e-08,2.8575665101910957e-08,1.6596231794580945e-10,1.5405689555129927e-21,2.7308471669812118e-05,3.360176211651549e-08
4.766406651000908e-09,0.003959674472858689,2.7416880688730543e-09,0.9960217066942197,4.6702283806537996e-09,9.685478648306225e-09,4.456262571851815e-11,2.4961288864491387e-22,1.857814089558928e-05,1.878366160205906e-08
