i = 0,i = 1,i = 2,i = 3,i = 4,i = 5,i = 6,i = 7,i = 8,i = 9
2.753029360895773e-06,9.145530354822453e-06,3.859757085060996e-06,0.0010702093698347149,0.00011529160040066663,1.5996918880245374e-10,0.9804239861556598,5.073209340053534e-06,0.018369679945227264,1.2427673482148254e-09
3.2386986564458885e-06,9.127844315519678e-06,4.276686314661482e-06,0.001148036197125145,0.00012857826556963176,1.7436829795287343e-10,0.9818967053849911,5.539130081863096e-06,0.016804496265038677,1.353538499853957e-09
3.807370900893409e-06,9.267738564491982e-06,4.867417609198143e-06,0.0010917359097411788,0.00015058126841320868,2.024447259454335e-10,0.9802578946208905,6.418008567175848e-06,0.01847542589440229,1.5684663108476192e-09
3.142553982820408e-06,8.468600054080805e-06,4.361584449207694e-06,0.0013610207392969708,0.00012859613590939192,1.791430414671145e-10,0.9840545300495586,5.708213864477292e-06,0.014434170546407091,1.3973344629337497e-09
4.205701291713811e-06,8.493024619128211e-06,6.482156048524108e-06,0.0013046101522139178,0.00020603558609121633,3.106389260230382e-10,0.9857597215239473,9.861712674277517e-06,0.01270058738604026,2.4464348005328645e-09
3.4348629520705616e-81,4.247114620104673e-21,0.4003843944514854,1.3675636404802642e-61,2.8682149539254655e-95,2.5861716451109415e-59,1.3002082473445533e-58,0.5994667112354585,4.345250100209812e-20,0.00014889431305608754
6.494942970492629e-06,8.681111289828058e-06,9.394923958501238e-06,0.001274032466012226,0.0003411660762512258,5.244727138994871e-10,0.9850473766004473,1.6570405653712748e-05,0.013296278802299577,4.146644280805024e-09
3.7040741550146166e-06,8.289851818973242e-06,4.426332682438571e-06,0.0018126652919311496,0.00015779883696024694,2.2797745810143087e-10,0.9883457211625432,3.9285788807587116e-06,0.009663463902862757,1.7401879672736688e-09
3.692125346823192e-06,8.455527925252597e-06,5.6720448167612726e-06,0.0012578552868851814,0.00017522316050977375,2.630531666245553e-10,0.9841324135048614,8.428569312488062e-06,0.01440825743238535,2.0849035775607407e-09
4.793620498871492e-06,8.25023272383565e-06,6.253729185283511e-06,0.001761330506163797,0.00021626932847779723,3.2185918627953555e-10,0.9862245029292901,7.472206696650447e-06,0.011771124618907372,2.506197080817132e-09
1.9659955610234694e-06,7.933308069998519e-06,2.6855223465025454e-06,0.0019074583480528538,7.591193548389763e-05,1.0442904906693894e-10,0.9876700498697608,2.896134480693449e-06,0.010331097973472722,8.083425669146858e-10
3.021897514860739e-06,8.047345790950985e-06,4.1533972862865364e-06,0.0019319153964423082,0.00012403135521982882,1.7620885893731248e-10,0.987507394726234,4.36169168495354e-06,0.010417072648068158,1.3655499130627066e-09
2.5048111901411105e-06,8.110779704250646e-06,3.6043603359288567e-06,0.0015166319498343488,0.00010292809793211122,1.4474985533734717e-10,0.98668848844473,4.3866641376114e-06,0.011673343617668423,1.129717209670395e-09
3.928505447267047e-06,8.650306924825875e-06,5.507925273992608e-06,0.0012066167059885365,0.00016979440256387082,2.3913518671934786e-10,0.9848805713039728,7.5872398983767286e-06,0.013717341503073164,1.8677220313581594e-09
2.8607559493372627e-06,9.159664918340055e-06,4.092378571215352e-06,0.0010217386774968274,0.00012627266136297846,1.7935414213357055e-10,0.9793554246912164,5.685349400555347e-06,0.01947476424406449,1.397666022213456e-09
2.000517225757671e-06,8.139090392330385e-06,2.9633036679297223e-06,0.001562235419868245,8.162091998981313e-05,1.1418385379257206e-10,0.9858010182788008,3.6376368701438023e-06,0.012538383830017253,8.889840021617614e-10
3.3711189840173896e-06,8.243297479038777e-06,3.763837585132175e-06,0.0032768618554335025,0.00014177731976583558,2.0603162464661977e-10,0.9903729676213366,2.2494795360305674e-06,0.006190763750113195,1.5137348805217406e-09
2.1815120039672128e-06,8.550018906880379e-06,2.9855321287497717e-06,0.001291661756809125,8.550094274067793e-05,1.1684950876461282e-10,0.9850271407351114,3.390723383338146e-06,0.013578587757732824,9.043334387319532e-10
2.5682703601222214e-06,8.10485096595797e-06,3.837438219794635e-06,0.0015616699543319259,0.00010711748285030813,1.51772651056258e-10,0.9857540661927514,4.842212926379405e-06,0.012557792260875836,1.1849456026451858e-09
2.216291632220751e-06,9.249561023474829e-06,2.992183679029259e-06,0.0009609053468282998,8.62769013735282e-05,1.1620066842367564e-10,0.9798641190950002,3.5042648339888062e-06,0.019070735339663993,8.997647811150909e-10
1.7725474680053043e-06,8.05055193908806e-06,2.611375359519895e-06,0.001624153272357673,7.117808784150927e-05,9.905605173495033e-11,0.9861993576720586,3.1548226967790713e-06,0.012089720800620925,7.706018945667328e-10
1.0950167168500143e-06,8.062614654026685e-06,1.5873746133423535e-06,0.0014037027460124048,4.259950142839509e-05,5.836897510037751e-11,0.9865098257514847,1.8575288441030155e-06,0.01203126895451206,4.5336519508264853e-10
5.260781808973894e-06,9.348262332206848e-06,6.817448716672227e-06,0.0010764539391134875,0.00023214903488716154,3.240393865110474e-10,0.9802248055836601,1.0254571362542066e-05,0.018434907530864818,2.5232146628683978e-09
2.5711739427920133e-06,8.46110068947338e-06,3.545336778504882e-06,0.0014282370680876208,0.00010339877549466405,1.430845659334042e-10,0.9842997077588349,4.556197720994656e-06,0.014149521331571812,1.1137945556745055e-09
3.1772255213379056e-06,8.494260822692132e-06,4.253302304714379e-06,0.001370363229413465,0.00013351310788461659,1.8809631999761219e-10,0.9833548940938105,5.983274289604153e-06,0.01511931984936509,1.4684915410956903e-09
3.925526645360113e-06,8.657909535169989e-06,5.57885170533525e-06,0.0011849859645792415,0.0001754922868245466,2.5032871269074196e-10,0.9850962177649725,7.938354240087826e-06,0.013517201131603146,1.9595657492384905e-09
3.60648597050236e-06,8.55247135886273e-06,4.515036613808125e-06,0.0013356094414105834,0.00015081003749948423,2.1192994517045582e-10,0.9839170148717401,5.859465728183788e-06,0.014574030331877222,1.6458713057865048e-09
2.444266527035662e-06,8.412078472864496e-06,3.5682367007875405e-06,0.0012577482332807829,0.00010119327922725604,1.4193552366561353e-10,0.9838693069306259,4.531642187473132e-06,0.014752794081525166,1.1095171979412015e-09
4.049449230130765e-06,9.10401944639568e-06,5.551228943758765e-06,0.0010870240008220428,0.00017140215073695547,2.3736500974669463e-10,0.980691976254842,7.5531672023988045e-06,0.018023337641687728,1.849723722960764e-09
1.354761976715128e-05,9.047441571552193e-06,1.4099989843745726e-05,0.00131536708580345,0.0007536384405339781,1.1698079465919847e-09,0.9830189439503824,2.1731111652924105e-05,0.014853614142640718,9.047995952308701e-09
4.022644228115629e-06,8.81812993902811e-06,4.653668890286557e-06,0.0014791553019012176,0.00016768399435545815,2.3584238101816513e-10,0.9865635064772519,4.690878161202982e-06,0.011767466867972998,1.8014574740609022e-09
9.734557476802958e-06,8.636311337747436e-06,1.4451632506808018e-05,0.001357400909835165,0.0006571130465295137,1.2017193039940855e-09,0.9848032007749615,3.7745969759563097e-05,0.013111705825988008,9.769885505595957e-09
6.221960963335266e-06,8.514947524317075e-06,6.159236891113853e-06,0.0024942098428616262,0.0002950310454059711,4.6148664010701934e-10,0.9901720879231204,3.1883233966323997e-06,0.00701458299128314,3.267066961275692e-09
3.4623821124326737e-06,8.579370108869367e-06,5.1158080072234364e-06,0.0013212065819173755,0.00015204936459537206,2.174765096143074e-10,0.9853843654516132,6.9332239672308505e-06,0.01311828589808954,1.702112093159486e-09
7.681909395054654e-06,9.058162099935158e-06,1.0338691734292703e-05,0.0011933987500497966,0.0004177902509660367,6.50144264698448e-10,0.9810809342412481,2.0593645418013906e-05,0.017260198566708265,5.132236168732803e-09
5.650404857445946e-06,8.99160946890471e-06,8.130108664531132e-06,0.0011330715686726127,0.00030144222629072744,4.675852543405842e-10,0.9809565612315382,1.4820350091197465e-05,0.017571328343103043,3.689728156651423e-09
5.029409597629638e-06,9.394245669194308e-06,6.030758090807547e-06,0.0010677038910202655,0.00020358910682421682,2.73935019188752e-10,0.9804030967940603,8.223847755502068e-06,0.018296929552871856,2.1201749756889514e-09
2.969949453141979e-06,8.169363678604134e-06,4.0553354664608914e-06,0.001672004039963433,0.0001222260265803486,1.726559613709082e-10,0.9857909710473107,5.033941639892158e-06,0.012394568777452215,1.345799453849684e-09
3.1352363942066123e-06,9.1127449124829e-06,4.396091947418604e-06,0.00102100538594079,0.00013643325062021725,1.915919336992542e-10,0.9829802554218885,6.060247371840749e-06,0.015839599935325792,1.4940070122830834e-09
1.5860967471541281e-06,9.08182124445106e-06,2.1847388429501733e-06,0.0008608724505254137,6.124040687859163e-05,8.230794520393151e-11,0.9812155256563231,2.614059056559862e-06,0.01784689404914016,6.389337449507379e-10
1.000045747904153e-05,9.16810998089664e-06,1.1680649892577394e-05,0.0012201783415251974,0.0004907650128655858,7.114686552479748e-10,0.9812379231601941,2.2533895534819704e-05,0.016997744084780046,5.5762789236743915e-09
1.1063374774179486e-05,9.089446570561775e-06,1.2948239323266385e-05,0.0012222250592597253,0.0005508318516268022,7.950278999983452e-10,0.9817366712251111,2.521623605665735e-05,0.01643194753986507,6.2323847089233955e-09
7.556001238986777e-06,9.058522558511028e-06,9.080783334178294e-06,0.0012067337922367733,0.0003646742726962221,5.327263828035831e-10,0.9812574111995757,1.6854636272443416e-05,0.017128626077269803,4.182091127127954e-09
2.70817776645153e-06,8.910594754000172e-06,3.781055806864448e-06,0.0012795317442519155,0.00011505670516561862,1.6301673444032092e-10,0.9831580025094541,5.1778187724496785e-06,0.015426829958514838,1.2724972783480856e-09
3.063827866763673e-06,8.035940566716202e-06,4.600369180303023e-06,0.0018493455586166762,0.00013320560161513142,1.9409586416992182e-10,0.986430832772947,5.670064500908124e-06,0.011565244154339925,1.5162705749050038e-09
4.481267749595868e-06,8.318925100782348e-06,5.652751539527479e-06,0.0018103969037840091,0.00020788327624278146,3.139209224832834e-10,0.9891728336995665,4.313143235396711e-06,0.008786117348820453,2.37004003767914e-09
7.848522424233661e-06,8.803204624999792e-06,1.0436448077223003e-05,0.0013043893155488112,0.0004794678397067114,8.258309920871572e-10,0.9845229120386971,1.3341755357086351e-05,0.013652793623990045,6.4257426463946595e-09
1.3719835637370946e-06,7.928545805563812e-06,2.0893780949180603e-06,0.0012610222426945674,5.651579728351967e-05,7.929771132935034e-11,0.9863343144333999,2.5251079269239066e-06,0.012334231813922765,6.180104913854341e-10
5.786936873225031e-06,9.053933412165046e-06,7.116496207517231e-06,0.001153694314373651,0.0002522335742555932,3.517063682778723e-10,0.9809982920209983,1.1152893537687098e-05,0.01756266673490204,2.743733456144118e-09
6.8700224779188965e-06,8.58075026480398e-06,9.506119584989657e-06,0.0015727610534061064,0.0003469949028452167,5.459537627729368e-10,0.9843433345487542,1.738075151260985e-05,0.013694566977865875,4.3273343342192116e-09
1.340936346342375e-06,7.914394186085578e-06,1.7853150036635942e-06,0.0018575562666316163,5.017013509064588e-05,6.797961037557294e-11,0.9891075429301173,1.778719775584193e-06,0.008971910711422918,5.234460241961743e-10
7.864490158150821e-06,8.517943656178133e-06,6.065601503799422e-06,0.004492939243311815,0.0004382171831738935,8.094915820296432e-10,0.9898732093051567,2.2062030743630393e-06,0.005170974402892065,4.81758139627651e-09
3.724026935153051e-06,8.396231150621864e-06,4.2262829194108805e-06,0.00192244261633789,0.00015838688447090317,2.2794584698125408e-10,0.9905353445949133,2.8910113778217384e-06,0.007364586422801164,1.701147793669327e-09
1.556461252864247e-06,8.432441944015517e-06,2.2671432905370887e-06,0.0010345723122584297,6.203774153136323e-05,8.532630770121253e-11,0.9834632912666778,2.7201390791355884e-06,0.015425121743615768,6.650240257154508e-10
2.8202248919040665e-06,8.932581910015755e-06,4.160090272362452e-06,0.001026532124632153,0.0001248131829100596,1.7783336812046081e-10,0.9800819276823891,5.659728513104838e-06,0.018745152817021306,1.389626643898501e-09
2.689206218981021e-06,8.791005814772898e-06,4.060936322074357e-06,0.0010447514539195049,0.0001224246169096544,1.7746466154479423e-10,0.9804351020246959,5.649744558183011e-06,0.01837652944447654,1.3896198611272708e-09
4.262338874216202e-06,9.122031673469376e-06,5.755047216312152e-06,0.0011441062550008633,0.0001810998679636043,2.510503467145908e-10,0.9812101521790733,7.962054654543353e-06,0.017437538024001137,1.9504920964434156e-09
1.8342361173174669e-06,8.516874691337651e-06,2.5090237672853344e-06,0.001107130096189284,7.176556539211865e-05,9.770750813948374e-11,0.9843516832952742,3.103482661594377e-06,0.0144534565686575,7.595418189455082e-10
1.575649658068148e-06,8.061021514587691e-06,2.364449727739858e-06,0.0015470308854987195,6.36293067995567e-05,8.871152787044814e-11,0.9860480367076168,2.832092024499247e-06,0.012326469107315812,6.91132778247193e-10
6.961420785058107e-06,8.678022511955647e-06,1.0174756160359169e-05,0.001295474280556917,0.000377720909255146,5.918119538753429e-10,0.9850140185197775,1.8707035255806808e-05,0.01326825977194241,4.691943095853265e-09
5.2853526520165265e-06,8.43635807302588e-06,7.643143499076646e-06,0.0014246536019111786,0.0002497346021183731,3.7075498010207527e-10,0.9857057966481746,1.1789180027644981e-05,0.012586657824752295,2.918036795719356e-09
3.6859832706799684e-06,8.217885500030915e-06,5.615520470678588e-06,0.0016848049491453888,0.00017384415977618887,2.635649475767116e-10,0.9854559393755059,7.983347270081363e-06,0.012659906447661459,2.0678347246656178e-09
2.817161882560886e-06,8.285873267030593e-06,2.811414989210745e-06,0.005364337825513684,0.00011326666839807903,1.6155147288083656e-10,0.9900132004868505,1.426818184587468e-06,0.004493852427617865,1.1617449627814533e-09
3.6995547297858773e-06,8.2466173846894e-06,4.962083868791545e-06,0.0016012292071334372,0.00016074984291399394,2.330773726833611e-10,0.98535850399466,6.485815936246084e-06,0.012856120828095565,1.8222002236348307e-09
2.7495489514494873e-06,8.775764140275098e-06,3.5961877499167377e-06,0.0013723566438099848,0.00011013649136773229,1.5186961512969663e-10,0.9851876497605989,4.188653888104954e-06,0.013310545624675265,1.172949007106218e-09
1.3470736441747589e-06,9.490331895973299e-06,1.6913445950527914e-06,0.0010094760600428915,5.027427353871667e-05,6.724427621970052e-11,0.9871299152499385,1.647651669632485e-06,0.011796157432196202,5.152346164598266e-10
4.421922547540786e-06,8.308831137030645e-06,6.35886725468819e-06,0.0016821605165640314,0.00019658758797347153,2.877459706970888e-10,0.9851113768401375,9.213422801104645e-06,0.012981569463430135,2.260408610977038e-09
2.020779548255938e-06,8.448855433808657e-06,2.9265582114001796e-06,0.00129967272108234,8.131015093545659e-05,1.124125809393597e-10,0.9842254868953744,3.5820032015157645e-06,0.014376551048893777,8.74906494951448e-10
4.117093273189119e-06,8.262573817546133e-06,5.754443711554956e-06,0.0015758631494869203,0.00018139065546057123,2.641850883652638e-10,0.9847359113949246,8.442084627276092e-06,0.013480256264116851,2.0763962068216783e-09
1.2691604049565088e-05,9.071627660044468e-06,1.4176998895535929e-05,0.001253135164407376,0.0006517127646619717,9.512502827398935e-10,0.9816816814443143,3.010217284866519e-05,0.016347419810685264,7.461227030906754e-09
2.1279583252982968e-06,8.23809869679823e-06,2.913359848534702e-06,0.0013954969351275361,8.424469871559964e-05,1.1610279352888546e-10,0.9848615431419474,3.694565532901723e-06,0.013641740221802017,9.039012742741626e-10
2.254072608412853e-06,8.97105741363337e-06,2.7000676887989358e-06,0.0011314327226472393,8.637492564865822e-05,1.1648585416771095e-10,0.9854108837369844,2.856651434421869e-06,0.013354525754122437,8.949661674127443e-10
5.754961293807795e-06,8.739759126626262e-06,8.590851455974228e-06,0.0012172625180952037,0.00030852096091541924,4.8142945823477e-10,0.984545186527845,1.5201111048035805e-05,0.01389073901951198,3.80927853828385e-09
6.225268227344211e-06,8.57599248198083e-06,9.709291217217965e-06,0.001299445820991686,0.00034956639619740295,5.651594476890989e-10,0.985162615430403,1.792340970427195e-05,0.013145933322356827,4.503260985779041e-09
1.9785024690677645e-06,8.02207395127446e-06,3.223718490209547e-06,0.0012621052416388397,9.376733407872763e-05,1.414336389278054e-10,0.9840263923478578,4.520026040622769e-06,0.01459998949947547,1.1145642288463266e-09
4.610423851166892e-06,8.368191652095046e-06,7.459653393680475e-06,0.0013103355644111525,0.00026072630297712724,4.331922252268696e-10,0.9850830780022587,1.309732055461021e-05,0.013312320650960642,3.4567483168757517e-09
2.674788637569851e-06,9.01425285700077e-06,3.8108411878786823e-06,0.0009708448330758951,0.0001113599923299429,1.535226317740146e-10,0.982479964790721,4.874941677269734e-06,0.01641745421036704,1.1956235660396077e-09
4.080095852797981e-06,8.665109516387352e-06,5.7672055199184385e-06,0.001204034550420534,0.00018550390748827873,2.668266334606292e-10,0.9860117376972076,7.370890480211546e-06,0.012572838197276028,2.0794114108305677e-09
4.420679758550561e-06,8.498575182105516e-06,7.2032606689694624e-06,0.0011968738083941674,0.00026786263246374604,4.677067390920747e-10,0.98234795940188,1.4907489104256905e-05,0.016152269914269633,3.770572089408748e-09
3.39291600502846e-06,8.643148357405649e-06,5.158517122180923e-06,0.0011715520212301227,0.00015737311526968823,2.294089992505975e-10,0.9850499050446228,7.288075508227253e-06,0.01359668513360256,1.798872862522533e-09
3.82493203363866e-06,8.473114021904462e-06,5.609784723203274e-06,0.0012696320906842935,0.00017221812642543438,2.4845269713023106e-10,0.9857283998404449,7.899467141023331e-06,0.012803940446918204,1.949154583391234e-09
3.0619647006286805e-06,8.815847895125946e-06,4.628474193696386e-06,0.0010701463679848712,0.00014452518804946898,2.1211263245344312e-10,0.9836606667458904,6.721222201254096e-06,0.01510143231423278,1.6627389599558516e-09
6.340596533178791e-06,8.575033536402554e-06,8.995087322801016e-06,0.0013055128142240634,0.0003336536263224807,5.2083708740445e-10,0.9844980840726886,1.6561683876815925e-05,0.013822272418872511,4.145786140738806e-09
3.0948650078384136e-06,8.419882522145174e-06,4.89430015758459e-06,0.0011875131924434035,0.00014935645473701523,2.2563565198153702e-10,0.983873000010005,7.215007444707425e-06,0.014766504276746431,1.7853004075412894e-09
2.2498414297605212e-82,2.7818677375448355e-22,0.03544196057886856,8.957566514646241e-63,1.87868596879833e-96,1.6939470927464796e-60,8.516387474582414e-60,0.9631510022818863,2.846146654040438e-21,0.0014070371392450485
8.122246500869656e-06,8.779598850932752e-06,1.1281097765118222e-05,0.0014415798231775753,0.000497099433150543,8.958509157413422e-10,0.983185922301041,2.8647792805153092e-05,0.014818559483290665,7.327567264622861e-09
4.736463522628262e-06,8.6785995819107e-06,6.421864677346587e-06,0.0014764611632738984,0.00022108345721133984,3.307712161811492e-10,0.9838974846935059,1.0514044301315098e-05,0.01437461677753208,2.605622286604178e-09
6.87036470594385e-06,9.2978853455979e-06,8.489694864769864e-06,0.0011248724941596933,0.00030108562528251927,4.1549066519771705e-10,0.9806678522929114,1.3163130447312555e-05,0.01786836486524731,3.2315447227628735e-09
1.866466206766283e-06,8.328474858867103e-06,2.2724153136754406e-06,0.0018341121532069928,7.391761379386444e-05,1.0287214857337049e-10,0.9916681241264039,1.6362363198629943e-06,0.006409741633919834,7.771042871412199e-10
2.281554445970361e-06,8.340932760364634e-06,2.904712803102889e-06,0.0015817171590350747,9.120770894077223e-05,1.2648951566634026e-10,0.9901258581717615,2.522069585095809e-06,0.008185166597860616,9.663181292844588e-10
4.605609778267595e-06,8.349941189312335e-06,6.2911103991025e-06,0.0016172759124048223,0.00021694545966359076,3.2797826287445526e-10,0.9878823637610861,6.135654706679263e-06,0.010258029686975785,2.5358181649127627e-09
1.6403306476883785e-06,8.162941649307507e-06,2.197392522561382e-06,0.0017188676645279236,6.241547910674629e-05,8.506981875086147e-11,0.9878406696123136,2.3517304698660515e-06,0.010363694107001043,6.566915196992601e-10
2.107494789353215e-06,7.948574427466559e-06,3.4112070184027602e-06,0.0014820223997567604,9.730147347753526e-05,1.4525354375355836e-10,0.9852459627992156,4.645013174661398e-06,0.013156599750723547,1.142163102792628e-09
6.82997715983615e-06,8.370321000132988e-06,6.656180901363079e-06,0.003000169109744123,0.00035247850454625393,5.966652157842554e-10,0.9900905438458995,3.1193578362763086e-06,0.006531828011147088,4.095100319074986e-09
1.0590982145688115e-06,9.792359966635252e-06,1.3834505599710575e-06,0.0008511597897149398,3.960730709865935e-05,5.2843660996553625e-11,0.985526565404231,1.3794453991305296e-06,0.013569052685992287,4.059789486362836e-10
3.421560573213503e-06,8.571201585549189e-06,5.320161974519819e-06,0.0013176857777785756,0.00017884656754288015,2.854254940215062e-10,0.9832416026266593,9.080732578824339e-06,0.015235468821147138,2.2647345151687323e-09
5.435322152515088e-06,9.113659781674216e-06,7.4891280978709715e-06,0.0011009549868706673,0.0002551672162709027,3.6671630763529975e-10,0.9811125434349063,1.1632951344958923e-05,0.017497660066674182,2.8671846517142605e-09
7.097117239095237e-06,9.083102854855044e-06,8.544540721465882e-06,0.0012011649142209754,0.00033644514148379234,4.87431352560142e-10,0.9814490389147377,1.5396691939131236e-05,0.016973225266974395,3.822397168683449e-09
9.453493028312325e-06,9.201722214445082e-06,1.1027244080914285e-05,0.001200324684093058,0.0004477073780145944,6.365739678502922e-10,0.9811688058538076,2.0132651998584164e-05,0.01713334136273134,4.973457253243714e-09
4.101036774062596e-06,8.47101646321488e-06,6.684205525202835e-06,0.001196359257358095,0.0002486028033797311,4.360781951601799e-10,0.9815401444159877,1.3897980416463737e-05,0.01698173533596516,3.512052308430604e-09
4.194534885567965e-06,8.733164019129344e-06,6.320413928326657e-06,0.0013171733355739025,0.00022033200841515137,3.5128146081880995e-10,0.9829064596218264,1.1177096362076376e-05,0.015525606684471362,2.7892367605054498e-09
3.86507077666333e-06,8.540337803772203e-06,5.644312637270982e-06,0.001557295254385584,0.0001778503485469443,2.6449045185899973e-10,0.9846658425523921,8.421983333663288e-06,0.01357253779913256,2.0765011173935692e-09
2.692161939543465e-06,8.336796365398616e-06,4.414214367395136e-06,0.001147722954510786,0.00014251262554089352,2.2701940702940563e-10,0.9833305881898439,7.2182954702782095e-06,0.015356512735548484,1.7993937553128823e-09
6.764480621023545e-06,8.366618175061376e-06,6.929751832009559e-06,0.002532283239513025,0.00032937786145191805,5.272602796973571e-10,0.9898731086651963,3.644025665768705e-06,0.007239521095081932,3.7352028880877565e-09
1.7317470020211967e-06,7.869885774588863e-06,2.704120088793493e-06,0.0014373376228049171,7.422378494875764e-05,1.065048549684413e-10,0.9859707430113615,3.398828624560998e-06,0.012501990059982992,8.329071400819694e-10
4.050968370775559e-06,8.982936859090292e-06,5.46853958546422e-06,0.0012885134609715162,0.0001810894072735671,2.6185442603843866e-10,0.9826081674550198,8.307266940792338e-06,0.015895417652098405,2.051026263590616e-09
3.831309409935201e-06,8.221618240611115e-06,5.321935185574803e-06,0.0016898969676367695,0.00016151608344575633,2.3051195181954536e-10,0.9852888999141404,7.357474652442267e-06,0.012834952663582602,1.8031941720857304e-09
3.3391366358502423e-06,8.439233259908174e-06,4.9832445495907205e-06,0.0015492417241251102,0.00014375452898237215,2.060338133126011e-10,0.9848609493679843,6.598968594629399e-06,0.013422691977272125,1.6125623042772556e-09
6.143479545382678e-06,8.889541049405096e-06,7.583023158283852e-06,0.0012359618739022002,0.00028234693409746544,4.0616417186784857e-10,0.9814274407496021,1.2879646980684328e-05,0.017018751164907503,3.180592958363047e-09
4.665346379515797e-06,8.693087878730859e-06,6.352267002016285e-06,0.0014745382034055312,0.000201345892798891,2.8693009873032345e-10,0.9840060978513662,9.165526759576037e-06,0.014289139293909767,2.2435698074912833e-09
5.997843054677252e-81,7.416169809994135e-21,0.4678307883958556,2.387993989087454e-61,5.008381231150177e-95,4.515886617974519e-59,2.2703802494561392e-58,0.5319192917393079,7.587530710262722e-20,0.00024991986483643546
1.8030551098254387e-06,8.981472301823816e-06,2.527703480030454e-06,0.0011496906264242361,7.334754942867844e-05,1.0183005271545536e-10,0.9828228135173568,3.2327191160509574e-06,0.01593760246242266,7.925299149855149e-10
7.347087354298219e-06,8.365898119443762e-06,6.9359694240721064e-06,0.0032604481467968325,0.00039131342581008767,6.826707447046974e-10,0.9900102268441289,3.043292372078643e-06,0.006312314103360818,4.549962520668974e-09
2.9894984799999474e-06,8.395299909965623e-06,4.3669500631748035e-06,0.0013479360340144279,0.00013221321740444276,1.9057793228316556e-10,0.9871201642557396,5.2750202477192205e-06,0.011378658049851916,1.4837108352756353e-09
1.0455475063934133e-05,8.506539353323811e-06,7.378778029812362e-06,0.004389988126126307,0.0007753109878743415,2.1664888815677505e-09,0.9896166509500579,2.3614094280119367e-06,0.005189336136210086,9.431367509653696e-09
5.1516486177960615e-06,8.532129164623e-06,7.888465514141003e-06,0.0013064144530546482,0.0002625573714297267,4.021852624539597e-10,0.9856582769430563,1.2752814349853516e-05,0.012738422596237281,3.1763903954442798e-09
4.224165938027704e-06,8.951094493216858e-06,6.101942015976358e-06,0.001090310765646831,0.00019473548535993543,2.8012630964528577e-10,0.9822877548169434,8.902036422112578e-06,0.01639901721893352,2.1941203247581253e-09
3.2254552316408276e-06,8.383196771985803e-06,5.044798746688409e-06,0.001235529903191449,0.0001509608551769871,2.2301889206186688e-10,0.9856949441225588,7.1046227397126335e-06,0.012894805067557271,1.7550067929813877e-09
5.278746975332318e-06,8.283589606939474e-06,8.949127059365989e-06,0.0013634767052061153,0.00042255830674970004,1.0339532674954861e-09,0.9823168422315794,3.303405894312669e-05,0.015841567314811202,8.885115705952455e-09
3.997472537638452e-06,8.266061663689192e-06,5.964135314409095e-06,0.0014947454037358913,0.00018348673366176379,2.739277510407096e-10,0.9848866182659237,8.796357081165435e-06,0.013408123126280803,2.1698728824079018e-09
6.331840945041909e-06,9.10765150926993e-06,8.274938253621687e-06,0.0012122696744083913,0.00032297365045581426,4.955296989499171e-10,0.9816482679770717,1.568318231886695e-05,0.016777086661614975,3.927892507659805e-09
3.083470798334584e-06,8.734591936049969e-06,4.43375079162517e-06,0.0010846031121329101,0.00013217334895432198,1.8507391596490715e-10,0.9845499934423344,5.878376010574428e-06,0.01421109827630638,1.445661344674572e-09
4.9726443558371384e-06,9.088416352562477e-06,6.574911356360133e-06,0.0010882067531250276,0.00021451189518432092,2.9664997313988266e-10,0.9822538187349569,9.40807052818418e-06,0.016413415964633426,2.31285733707115e-09
3.4331419514287075e-06,9.199752119612892e-06,4.124529086029948e-06,0.0011075402997426178,0.00013748239404503946,1.8645780054858018e-10,0.9866842783685408,3.98291118665699e-06,0.012049956992209093,1.4246610257109409e-09
4.199301737290381e-06,9.093082354384492e-06,5.525956257141287e-06,0.0011757994957631848,0.0001909796116136687,2.770818907419393e-10,0.9819480228552495,8.769761161759012e-06,0.016657607483463233,2.1753177160043066e-09
2.5420790892648706e-06,9.027017271728647e-06,3.633135373105147e-06,0.0010402042578194011,0.00010557804398605983,1.4615900883250697e-10,0.9802548981280529,4.647630351527018e-06,0.018579468424924434,1.1369725778903616e-09
2.5394035245596083e-06,8.035959031647347e-06,3.5181017378082504e-06,0.001995617102248766,0.00010071972242685274,1.403556483064732e-10,0.9871784015835054,3.895037224209658e-06,0.010707271862509145,1.0874358705716587e-09
6.550124142395374e-06,8.89348104463247e-06,8.823439847897403e-06,0.001230179878717263,0.00031366014336460404,4.559083154283359e-10,0.9838204381893669,1.4432606928021672e-05,0.014597018105672759,3.5750073870117515e-09
3.0838030772795764e-06,8.367546508094645e-06,4.719036930539624e-06,0.0013663985641789254,0.0001449512763252312,2.1631837303982794e-10,0.9843566341378113,6.539560966486116e-06,0.014109304163437508,1.6944461762628125e-09
5.05830852863753e-06,8.336631265990823e-06,5.890887344489901e-06,0.0021283165065487486,0.0002492879901109452,3.9389935700138756e-10,0.9902806348345268,3.5331333582076347e-06,0.007318938431670476,2.8827462954394504e-09
3.0675242402753273e-06,8.705950764730263e-06,4.551041410995655e-06,0.0012011910224958965,0.00013546166136079395,1.9413057143565908e-10,0.9823937760874811,6.189651083174985e-06,0.016247055348689282,1.5183431613396986e-09
2.0411301168071676e-06,8.816303885441206e-06,2.665365093174392e-06,0.0013243684628695903,8.137652135374255e-05,1.121372213951283e-10,0.9887468757528536,2.4056310485152517e-06,0.00983144986248101,8.581608891469394e-10
2.7135803746480936e-06,8.349340726727895e-06,4.290135090302709e-06,0.0011581555308120951,0.00013970290394213302,2.196434200390008e-10,0.9825833408451168,6.397625099228363e-06,0.01609704808586189,1.7333327781397771e-09
3.0308038517616287e-06,8.985693452821745e-06,3.912243345313194e-06,0.0010531311996272654,0.00012154712185002891,1.6519100673744718e-10,0.9846298005504132,4.556477615110383e-06,0.01417503446711255,1.2775409134130293e-09
2.8679393626445205e-06,8.507506382269063e-06,4.170419092202031e-06,0.0014650520792958846,0.0001187687637577967,1.666311309046166e-10,0.9845692077145666,5.323870979668636e-06,0.013826100240112727,1.2998193286646878e-09
2.5535263488721895e-06,8.49105998193373e-06,3.1874721249322255e-06,0.0018465567286744698,9.931117445663966e-05,1.3671851263415607e-10,0.9884291375764899,2.935667412347893e-06,0.009607825611468843,1.0463236283477047e-09
6.869835723989911e-06,8.533416078741305e-06,5.472097283780113e-06,0.004289998197387898,0.00034582519402745097,5.798171569450876e-10,0.9901859314384569,2.1090945375846194e-06,0.00515525646846704,3.6782196500234456e-09
1.3524632708924796e-06,8.760067407439147e-06,1.8666389203678615e-06,0.0010969795259277073,5.151466155863115e-05,6.944345529628217e-11,0.9825796239542481,2.207320786858842e-06,0.016257694760011356,5.384253417502347e-10
5.402764033024824e-06,8.256227870108111e-06,7.539699054246784e-06,0.0019263781352668865,0.0002461338488867393,3.699274251966947e-10,0.9865304435247738,8.608503261359206e-06,0.011267234048737642,2.878188709354483e-09
6.630278586671905e-06,8.35893117310053e-06,9.191426057672502e-06,0.0015001958639274053,0.0003647017394073831,6.069766737056795e-10,0.9839014149388107,1.944705320817462e-05,0.01419005427313436,4.88871795076533e-09
2.1545035140825227e-06,8.021321222577194e-06,3.39929198226737e-06,0.0015589169083425004,9.496706722384518e-05,1.3832227972008947e-10,0.9855412019412929,4.4234009631694744e-06,0.01278691434298978,1.0841464130151568e-09
3.7569393141583385e-06,8.748370435970091e-06,5.164510166442634e-06,0.0011417222474236419,0.00016269819296212986,2.2846687513420695e-10,0.984358415878947,7.240089815477256e-06,0.014312251758232683,1.784235743343426e-09
3.551019305587092e-06,8.712733262360475e-06,5.4436753231007e-06,0.001134375436002626,0.00017604177803515506,2.671478500132025e-10,0.9811170566509448,8.510169757769151e-06,0.017546306165299487,2.104921337556329e-09
2.792805056272339e-06,8.487265216499323e-06,4.31305290744357e-06,0.001357996913733161,0.00013417535338739654,2.0376323954401137e-10,0.9841226578912935,6.485990570404024e-06,0.01436308891958206,1.6044900049590296e-09
2.3032248860425707e-06,8.588900845577094e-06,3.1838213620182003e-06,0.0013171575912680246,9.098532234956852e-05,1.2465998020115872e-10,0.9837264897497174,3.970736944717492e-06,0.014847319558542158,9.694245327954146e-10
8.106848921548202e-06,8.40072231643216e-06,7.653161277674862e-06,0.002914235326540916,0.00043968973238405233,7.766717229434509e-10,0.9898476550249293,3.4781983034560263e-06,0.006770775009103816,5.199551220876994e-09
1.975448213140557e-06,8.529570253103633e-06,2.950706762102799e-06,0.0011251331199613613,8.724674354277776e-05,1.2564610127187405e-10,0.982642480214181,3.78800908423962e-06,0.016127895083670015,9.78686135601129e-10
1.7978632985541309e-06,8.73291470764844e-06,2.2897589677195846e-06,0.0013550433360159878,6.871158675937798e-05,9.317030475366496e-11,0.9881014948737263,2.2905051400070015e-06,0.010459638351942165,7.162723635670324e-10
9.434232158155018e-06,8.487887840321358e-06,7.365418941853246e-06,0.003671344118443071,0.0005828895602142555,1.2027418779996062e-09,0.9900349897135313,2.673548840533384e-06,0.005682807493940045,6.823348741930162e-09
2.464526000406483e-06,8.23648565812953e-06,3.555889394596463e-06,0.0015418494038208594,9.947389235944628e-05,1.385378576402291e-10,0.9856154669299043,4.409125150660433e-06,0.01272454253137379,1.077800003896087e-09
1.7454767508627147e-06,8.735825998812197e-06,2.4859710768598427e-06,0.0011035315440086758,7.08108940865032e-05,9.788238841213678e-11,0.9830526494326414,2.9490467686478822e-06,0.015757090952125068,7.586607193182053e-10
4.499187330352392e-06,8.284175348849619e-06,4.458543646577652e-06,0.003719124426331397,0.00019079777761242701,2.8148823419354985e-10,0.9901323544483607,2.333388774426811e-06,0.005938145753322214,2.017784722134192e-09
3.2441863050534236e-06,8.368594188976549e-06,3.7076977927085195e-06,0.0026187929295496608,0.0001419352687515869,2.0963451570349887e-10,0.9909274673531243,2.294126332018351e-06,0.006294188089013169,1.5453078915929383e-09
1.488982792546171e-06,8.00734582859539e-06,1.7801215550118577e-06,0.002827837269484742,5.545290907699435e-05,7.539750850811546e-11,0.991048557586907,1.3921518282244774e-06,0.0060554829855305305,5.715989545481617e-10
4.656290508140019e-06,8.92900184399106e-06,5.8006724146566414e-06,0.0014059383438818594,0.00019066233389299168,2.639377971671901e-10,0.984414295246973,6.90749638649715e-06,0.013962808312815048,2.0373462735940836e-09
4.08526931859247e-06,8.275889704293243e-06,5.731516205519294e-06,0.001753081111462873,0.00017058551772338365,2.4237573711664225e-10,0.9855433569185372,7.728530395866409e-06,0.012507153112891247,1.891385311100516e-09
2.7593960523028984e-06,8.109711281069459e-06,4.223323759094575e-06,0.001664069023167495,0.00011942174510363548,1.72406042278786e-10,0.985742157552527,5.509257970354012e-06,0.01245374846833898,1.3493939807291347e-09
9.54720492140729e-06,8.855568123021543e-06,1.1244434906307691e-05,0.0013417657037926535,0.0005198393694378535,8.094463299872925e-10,0.9858466427159582,1.1985818668779679e-05,0.012250112201640058,6.173105310773612e-09
9.419550166836919e-07,7.808534178479977e-06,1.3616867759440671e-06,0.00134632225664636,3.754213199750579e-05,5.2037551014629656e-11,0.9883463070298937,1.4408830512926533e-06,0.010258275067849442,4.0255306780109797e-10
6.448946367962179e-06,8.96835484540016e-06,8.080773687881155e-06,0.001171064936330419,0.00030559634685234675,4.417617372332372e-10,0.9820721712723806,1.3970783207757719e-05,0.016413694680396856,3.4641688909166343e-09
5.666241241830899e-06,8.333592500943881e-06,7.775673068920805e-06,0.0016803597481960387,0.0002837760054453714,4.524599654078304e-10,0.9862219760127775,9.218877470518934e-06,0.011782889835357996,3.561480768161139e-09
5.666241241830899e-06,8.333592500943881e-06,7.775673068920805e-06,0.0016803597481960387,0.0002837760054453714,4.524599654078304e-10,0.9862219760127775,9.218877470518934e-06,0.011782889835357996,3.561480768161139e-09
8.697029208142193e-07,8.974264283466992e-06,1.2061018943041552e-06,0.0008497673338792381,3.2639980211715815e-05,4.370978160408303e-11,0.9801655668314091,1.387981115224339e-06,0.018939587422043293,3.385332363528213e-10
4.197527678534795e-06,8.419724079784846e-06,4.008999888723025e-06,0.004418063188902688,0.0001792986667900041,2.6532924598418094e-10,0.9901089640271046,1.929071731696464e-06,0.0052751166577792215,1.870715439598275e-09
2.2528264931745546e-06,8.732101327944316e-06,2.910132098322543e-06,0.001157110962212475,8.691202640026159e-05,1.1758530503535543e-10,0.9825623709975344,3.543855501398741e-06,0.016176166069591522,9.112551283579308e-10
4.368591970562961e-06,8.507049079655846e-06,5.9706790585691506e-06,0.0015951259506405207,0.00019335294671264804,2.812632545506282e-10,0.9845677475777855,8.95545488849161e-06,0.013615969265686803,2.202913873205438e-09
2.153607317274717e-06,8.450448687776173e-06,3.154706438812762e-06,0.0014480149191038914,9.111388179792916e-05,1.2970023421149405e-10,0.9849988405324596,4.124366957345778e-06,0.01344414639554114,1.0119957979143014e-09
5.617051013492408e-06,8.739392663939436e-06,7.945582189911168e-06,0.001463024634887319,0.0002815515056387196,4.3826997752596306e-10,0.9839401049770337,1.399037737442686e-05,0.014279022563544781,3.477383954156747e-09
5.429828133982692e-06,8.573836556665156e-06,5.564971529897406e-06,0.002407871588770432,0.00026864214771270246,4.2978513398930204e-10,0.9906124702537241,2.9698341573133912e-06,0.006688474064457077,3.0451727324987527e-09
7.889056994508343e-06,8.642529055596041e-06,8.389584999058386e-06,0.00203275110880733,0.00043905152717178423,7.662655692992121e-10,0.9886693931748577,5.38139864232032e-06,0.008828495332090076,5.521115873002379e-09
2.744696159321911e-06,8.14987891732731e-06,3.6018759786836395e-06,0.002322579884101557,0.00011084585368482223,1.5648273741910875e-10,0.9889461204688408,3.1321396090561236e-06,0.008602823848808455,1.1974170828918243e-09
2.0937931126794193e-06,9.084174713690535e-06,3.0335200002738013e-06,0.0010442137624959151,8.956393193769509e-05,1.2627516380130287e-10,0.9803437897880478,4.00749855173179e-06,0.018504212421430435,9.834345690736932e-10
2.1687405506988606e-06,9.039673247545825e-06,3.051885697003634e-06,0.0010040466110092558,8.684697801556961e-05,1.1863191262356853e-10,0.9808534506073529,3.767129605265287e-06,0.018037627335033796,9.208558141911852e-10
5.712909396347124e-06,8.36957551505149e-06,8.287693845412486e-06,0.0018029760603255672,0.00026666384722782294,4.031443464428028e-10,0.985596272073255,1.1284203293599617e-05,0.012300430072868752,3.16112823852523e-09
5.473665688723561e-06,8.921229718870162e-06,7.3783909567852175e-06,0.001249565805927531,0.0002500801376250582,3.5902633684189704e-10,0.983685442281339,1.13902057864972e-05,0.014781745113626725,2.8103044521048933e-09
5.5531748358094275e-83,6.866349651285616e-23,0.029945189952752988,2.2109528387748387e-63,4.6370697544802626e-97,4.181087717650204e-61,2.10205874913094e-60,0.968635149901466,7.025006193402218e-22,0.0014196601457809686
5.1448583692753574e-06,8.275759083938787e-06,6.651410737285464e-06,0.001963230257535043,0.00022538661868534056,3.3157111139909857e-10,0.9877654875978528,6.181865115802239e-06,0.010019638756198223,2.544851069402598e-09
3.1687919966570975e-06,8.327253345009873e-06,4.1857769109453685e-06,0.001610889814636366,0.00012743925309804708,1.7747083931445618e-10,0.9876470692691425,4.365446220978733e-06,0.01059455284933493,1.3678437510970988e-09
2.7768501679812904e-06,8.027388045732733e-06,4.263011800683812e-06,0.001752486477230245,0.00011918732664280212,1.72022812279852e-10,0.9860910492067082,5.505287989441671e-06,0.012016702931991778,1.347400298179242e-09
6.7170676003906124e-06,8.478044128885397e-06,1.0595275653353865e-05,0.001394158180955089,0.0003864929020156625,6.422754445647935e-10,0.9854712287289564,2.040715727450096e-05,0.012701916862644894,5.138495499736536e-09
7.257897758789633e-06,8.3751103201469e-06,1.1003102432333762e-05,0.0016622750853166877,0.0003891530573674194,6.455627355681813e-10,0.9847021333270357,2.0949531906920048e-05,0.013198847034369033,5.207930399377884e-09
1.7975089862934452e-06,8.10230598798674e-06,2.755799288659346e-06,0.0014064311875265107,7.679760112978406e-05,1.096498629272613e-10,0.985185141456125,3.491074558053788e-06,0.013315482101384252,8.553635882920858e-10
1.939885691865028e-06,8.183133420682579e-06,2.8999166623073235e-06,0.0013674679767538994,8.029665967531155e-05,1.1287438938731787e-10,0.9851155179377288,3.593267667865677e-06,0.013420100230291216,8.792335978433591e-10
