i = 0,i = 1,i = 2,i = 3,i = 4,i = 5,i = 6,i = 7,i = 8,i = 9
3.0900790281350655e-08,1.6687083927480385e-06,5.656200723301066e-07,0.0014647041601106175,4.116496112685906e-06,5.081866098511346e-18,0.22320173736413176,4.182427084478423e-05,0.7752853524583926,2.1152409239678863e-11
6.286655685971035e-08,1.940974524201848e-06,7.555732967458856e-07,0.002807248481713932,8.777472107198523e-06,9.081874316759987e-18,0.4009437120665282,7.618872140420072e-05,0.5961613138060503,3.7818365471417635e-11
4.312183643740707e-08,4.0348352584488975e-06,6.579693939789876e-07,0.0014752740933262607,6.129881970952091e-06,5.886210037616015e-18,0.17689315085448218,4.859835701516786e-05,0.8215721108621968,2.4519636786158095e-11
6.861171647141376e-08,1.0244555458153917e-06,1.0640856036139052e-06,0.004236378664760819,1.0352129878743904e-05,1.1856961253637518e-17,0.6847020814656065,9.71796178513969e-05,0.310951850919666,4.937055606974066e-11
1.2981766595455034e-07,1.3023782803789744e-06,1.4411671985230412e-06,0.005479830044629076,1.1094968969839274e-05,2.648944141146664e-17,0.8032395509521513,0.000201694456112344,0.19106495610495902,1.1003360355847144e-10
1.2212546851022795e-92,2.803715886266722e-32,0.0011291285756531524,4.883973928583756e-70,1.0456317831278545e-101,4.153755387743137e-68,6.630710969256856e-67,0.9988705489264623,1.845414309952302e-31,3.2249788457169677e-07
3.7642421783966284e-07,4.373592623447164e-06,3.238723411354106e-06,0.007895453623109103,2.2180969758359238e-05,6.595521949147419e-17,0.7083818048166304,0.00044745245210987724,0.28324511912428335,2.7385615446426625e-10
1.0231758338022285e-07,9.529413881961162e-07,1.4505342061981618e-06,0.011084627970452711,1.3091984919152631e-05,1.9660340458125836e-17,0.8881066537041049,3.395611699164232e-05,0.10075916434869596,8.165777461067613e-11
1.1564683062290624e-07,1.1670087732561465e-06,1.0485555052121966e-06,0.004159554886589684,9.090740246475461e-06,2.1387660764148136e-17,0.708298142755305,0.0001660820635853993,0.2873647982543012,8.886317895197672e-11
1.3006488914760736e-07,9.135859227663298e-07,1.5108635278967084e-06,0.012067338674874686,1.5726205165755422e-05,2.903563024019501e-17,0.8437563281371401,9.751330470581199e-05,0.1440605390430942,1.206796469898103e-10
1.5991653344413043e-08,1.6069019147719165e-07,2.5250431231343267e-07,0.0024561489995325427,3.2648611969003805e-06,3.0271476188529223e-18,0.9473323421896712,1.8492677630330996e-05,0.050189322073212674,1.2599347094984356e-11
3.688469393176836e-08,2.855868198153279e-07,4.855362109722931e-07,0.005110922661964712,6.150970564607487e-06,7.684719362618711e-18,0.9324686796309613,3.364879061269125e-05,0.06237978990621505,3.195678057074088e-11
3.230682794114514e-08,2.834592089924707e-07,3.837105165139362e-07,0.002872133328649933,4.7124507808326215e-06,5.918657662377106e-18,0.9121094791159947,4.497051580873902e-05,0.08496800508758579,2.4626482891666697e-11
1.1740852137030589e-07,1.6275385446352499e-06,1.3670680392842528e-06,0.004274338355679476,1.288270403971922e-05,1.8590894438279577e-17,0.7232954898810023,0.00015008688210807917,0.2722640900847237,7.734131066220321e-11
2.7134404033317945e-08,1.6533729067133604e-06,4.795354786946592e-07,0.0010620542872351456,2.991462985590128e-06,4.677255085750664e-18,0.1634414405740716,3.742305302856214e-05,0.8354539305604327,1.9456922919456145e-11
2.5931926558613447e-08,3.555181241361353e-07,4.921157358261382e-07,0.002905376484252391,4.611119744510263e-06,5.112911668944971e-18,0.8560669160190912,4.374135955947276e-05,0.1409784814302806,2.128522150020471e-11
5.3789065737077433e-08,5.147701330229959e-07,1.2861862806990299e-06,0.02425263946649702,9.357833531147802e-06,1.2746228822934146e-17,0.9481872407449404,8.686232229012485e-06,0.027540220924512162,5.281051834398899e-11
3.8322767743024164e-08,7.388609462270134e-07,7.530667503890365e-07,0.003340975378724677,7.022308919607528e-06,6.602152975411167e-18,0.7427924981828969,4.534935570774227e-05,0.25381262449580094,2.748574809447166e-11
3.547580961466891e-08,3.512127016857364e-07,5.158802396080623e-07,0.0031135871775369883,5.6834002490997305e-06,7.229656222368462e-18,0.8745830637690455,6.191867253976907e-05,0.12223484438179413,3.008349162580746e-11
2.525820895779989e-08,9.89253320352026e-07,3.719959843315555e-07,0.0011697991239272465,3.7077059795742916e-06,3.57804915941711e-18,0.2524853638242897,2.7618535480942257e-05,0.7463121242879112,1.4897714341429487e-11
1.8309889503497908e-08,2.3572595040600857e-07,3.377757112117876e-07,0.0022176914525502607,3.458056086702663e-06,3.623426785475073e-18,0.8971936760182163,3.1458045784703214e-05,0.10055312460072674,1.5083823521542428e-11
9.181696797209132e-09,1.4167908391299285e-07,1.7173563569445648e-07,0.0011200164200342653,1.799308531713489e-06,1.6747850492625296e-18,0.9149995301786544,1.4769368947321437e-05,0.083863562120443,6.972917137155254e-12
8.782930411327154e-08,4.057046028806466e-05,9.746782716089741e-07,0.0017414107891236378,7.81757658860664e-06,1.2133603998701088e-17,0.175176880255381,9.562817590073548e-05,0.8229366301846586,5.048379894058871e-11
4.9574510688177855e-08,8.063852199771911e-07,8.231472277192984e-07,0.004203987169864808,8.18797798222109e-06,8.642656767765644e-18,0.7048887746230039,7.098326454598163e-05,0.29082638782164977,3.599486587057653e-11
7.568345469747113e-08,1.2837086642299942e-06,1.1721902115630128e-06,0.004798078441741519,1.009705809123455e-05,1.3018727617671923e-17,0.5866371474429651,9.895081484521593e-05,0.408453194605817,5.4209419000245505e-11
1.324629882215165e-07,1.951051272702934e-06,1.454126181060301e-06,0.004487123665913264,1.2234733307224486e-05,2.0304745693116818e-17,0.715945522115451,0.00015828839800515192,0.27939329336243157,8.444978049487583e-11
1.0185160340255058e-07,1.7325180708445152e-06,1.5725002360196793e-06,0.005732013120727449,1.3165877954251322e-05,1.6965267647299948e-17,0.6139248272670534,9.090649153767389e-05,0.3802356803022101,7.060675881874789e-11
4.791429449020249e-08,6.974548067578841e-07,6.761481944186846e-07,0.0028729503599165865,6.523906661191464e-06,8.246698432588251e-18,0.7043651109373192,6.958567084188122e-05,0.29268440757364095,3.43244269570354e-11
7.323371157003379e-08,2.949439965664498e-06,7.394082881943597e-07,0.0019242794888068716,7.38849535123815e-06,1.0166938674676637e-17,0.25550190717572313,8.404693223544737e-05,0.7424786157835982,4.2319766010034486e-11
1.6862729603842497e-06,0.00010944805244929172,5.780336740454659e-06,0.011233315902706755,6.232043870828858e-05,2.3710548141103234e-16,0.49882928914565816,0.00042638638993059547,0.4893317724778092,9.830367541711215e-10
1.3533598706151955e-07,3.6288004412342445e-06,2.9469092174439405e-06,0.011604284577323702,1.973548301068732e-05,2.426263637783718e-17,0.7419320595430535,5.8666677837586784e-05,0.2463785425722762,1.0085270093678732e-10
1.0105209868702067e-06,6.789549167213057e-06,6.344233505923379e-06,0.012629973819421292,3.44195661508155e-05,2.6479602948347957e-16,0.7148856155900873,0.0012967698735377824,0.27113907575225443,1.0948879875657893e-09
2.576523116964536e-07,1.794154472804241e-06,3.6906580449806638e-06,0.05074156344248908,2.5581707026885644e-05,6.337059413497823e-17,0.8996179350104823,1.684310906795006e-05,0.04959233400466076,2.614435723330587e-10
8.458256553429227e-08,9.25789851980158e-07,8.745902062504297e-07,0.004559175711620374,9.469067059341568e-06,1.5104613984708426e-17,0.7970989080399146,0.0001258736814531517,0.19820468847449108,6.283785671457762e-11
3.111604222502721e-07,2.993565117505127e-05,2.2266251515270238e-06,0.003945053012047296,1.5777951732495885e-05,5.574012034740005e-17,0.27712592645901696,0.00036383698632370704,0.7185169319226481,2.3148261651094173e-10
1.750189916867267e-07,9.084831168806814e-06,1.5474323005083134e-06,0.002890098665131513,9.529121141717712e-06,3.2038131493877005e-17,0.2652913768171944,0.00021680768737137327,0.7315813802936533,1.330468014497193e-10
8.260190090933726e-08,2.9363111002268934e-05,9.600120617015903e-07,0.0018557853369577213,9.218057892380203e-06,1.0091773612502292e-17,0.18851223011447665,7.253964176138151e-05,0.8095198210819294,4.2017507443748913e-11
5.2673410929076694e-08,5.050314247635711e-07,7.130443244055296e-07,0.0055466049438986365,8.131496651432829e-06,1.0051447789659561e-17,0.8513744386461776,6.559315068475743e-05,0.1430039609715926,4.183491776236906e-11
7.85971044939961e-08,3.3058874246008226e-06,1.1325192836029006e-06,0.0026988145960010037,8.036107315112809e-06,1.1927235228197654e-17,0.47887832770415184,9.589426938228251e-05,0.5183144102697352,4.960175633342044e-11
2.4403366152903556e-08,7.13940459369968e-07,3.6311810956697655e-07,0.0011756878127154805,3.5906537695888676e-06,3.34275214579692e-18,0.4333379121216101,2.8902360327637454e-05,0.5654528055757223,1.3919733286992816e-11
4.976124460135455e-07,0.0009658337426955745,3.0364967699336256e-06,0.004943460851542685,2.93379761323764e-05,6.67098051500499e-17,0.2975019783383977,0.00046206515085557874,0.6960937895536076,2.7755251814750285e-10
8.315240994352669e-07,8.118997628893354e-05,3.2273523956129363e-06,0.005707982324785813,3.82515605255024e-05,9.226341885790963e-17,0.35947438603907855,0.0006412593881367419,0.634052871450695,3.839942048593833e-10
2.9468024321421106e-07,3.6871522583040744e-05,2.5816983712889106e-06,0.00430494597479015,1.9261925144883452e-05,4.2348220180498586e-17,0.2928862625395344,0.0002798579179738141,0.702469923565177,1.761821468610511e-10
5.357096787046665e-08,1.3731358993680237e-06,9.445280345580208e-07,0.004070687385440026,7.50079014086366e-06,1.017106684412123e-17,0.5921719557736336,8.213655882190807e-05,0.4036653482147522,4.230957650845516e-11
3.830239056965447e-08,2.93682696360825e-07,5.049368357523081e-07,0.0048818022739178,5.813583856024432e-06,9.005136621167969e-18,0.9140773081726931,6.1004846079300866e-05,0.08097323416408203,3.744904007533298e-11
1.1504122541414167e-07,7.820676205998726e-07,1.3890567514118618e-06,0.010375591526392336,1.2504445063808394e-05,2.6808483189058948e-17,0.9266381175692884,2.8643799099788446e-05,0.06294285638350322,1.110550669338849e-10
7.256029099661118e-07,9.633149153313111e-06,4.297981273123068e-06,0.01003183485057554,2.7223552716289516e-05,1.6467237274248954e-16,0.6229472296228181,0.0002147998894628416,0.3667642546703288,6.807618310097692e-10
1.3663271260367221e-08,1.7347409967696e-07,2.2046588987305132e-07,0.0012144024435072965,2.1235139492333107e-06,2.5988188677917467e-18,0.9068467968444317,2.260217713636365e-05,0.09191366740690138,1.0813295579920701e-11
1.5563951135787336e-07,9.877486935269982e-06,1.5174251872411194e-06,0.0029425170109002646,1.34655912835939e-05,2.0062440539909063e-17,0.2658981320856719,0.00014805565007284854,0.7309862790268927,8.354481354526083e-11
2.319509847860679e-07,2.0250016638649205e-06,2.6580126962477733e-06,0.012850921697435557,2.486819591938744e-05,6.750538712724076e-17,0.7319047613825928,0.00046661902627685676,0.254747914452229,2.8020154063933835e-10
8.29587075448603e-09,1.0530783268523608e-07,1.5706961753980767e-07,0.001394064193760991,1.897752107627407e-06,1.5083733791353393e-18,0.9652265245052931,8.017783451598199e-06,0.033369225085788184,6.2775564358542734e-12
1.3034181685363807e-07,7.5977372209565e-07,4.840847061865597e-06,0.7391623379977516,9.534437955329466e-06,5.1406814797030114e-17,0.2530876985933468,2.3563728650668725e-06,0.007732341427067651,2.0841290184103139e-10
9.29866998108302e-08,8.080760250285581e-07,1.3015438027460556e-06,0.011143506729721026,1.1330158266315667e-05,1.7063859015525375e-17,0.9428267385113404,1.56110330206074e-05,0.0460006108903772,7.07469818991291e-11
2.5560473130274978e-08,4.3120871566160066e-07,3.6837828488331273e-07,0.0015492877308490275,3.7028090983390026e-06,4.0411527470261824e-18,0.7110805640912704,3.5166295164646985e-05,0.2873304539093213,1.6822700177145175e-11
4.11078554881177e-08,1.2749200927830545e-06,5.347771524631154e-07,0.0014291377900280458,4.059273670468429e-06,6.718464549854019e-18,0.25695941259742994,5.4672020616234286e-05,0.7415508674852045,2.7950055853525433e-11
4.431857893625757e-08,1.1573468081132044e-06,6.070427087760046e-07,0.0016618873704305384,4.210637583175047e-06,7.822108931320133e-18,0.3084947151537777,6.239647807236126e-05,0.6897749816195089,3.2531506745904127e-11
7.433240314116037e-08,4.9873672068718745e-06,1.144433215345311e-06,0.0024831170065500886,9.051514510347522e-06,1.157640283920917e-17,0.2680403760777009,9.374473410902341e-05,0.7293675044861073,4.819694243940496e-11
3.3173538813316425e-08,5.918795691107581e-07,5.213147819320645e-07,0.0021134662890595368,5.25729958700589e-06,5.1100286518608785e-18,0.7231429204813804,4.294018637872516e-05,0.27469426935442776,2.1276779145305837e-11
1.6318796087694962e-08,2.039287265602631e-07,2.557783891038314e-07,0.001862827134395971,2.7855198858018923e-06,3.1075240303167235e-18,0.8977359188331931,2.731387219779176e-05,0.10037067860147851,1.2937295786957306e-11
4.3465163410120534e-07,4.496917042944481e-06,3.4011059788571328e-06,0.008641344519490838,2.3780003210319617e-05,8.015517852881093e-17,0.7113243944086394,0.0005317290716067462,0.2794704189897067,3.326898986282366e-10
1.7152003883559802e-07,1.2609938661138413e-06,1.6339082963905558e-06,0.007166175342298521,1.640971902489614e-05,3.391021024818046e-17,0.8159306663939433,0.00025628025099637327,0.17662740173058364,1.4095205186716333e-10
6.912602885893483e-08,5.804262202799623e-07,9.652385933185827e-07,0.007056481323795042,8.853486062937544e-06,1.8669611485386673e-17,0.8475146382103504,0.0001308145484032931,0.14528759756297,7.757571569553302e-11
4.392512965714132e-08,4.2616883477384974e-07,1.0003655139104348e-06,0.023063243593409322,7.19585302081473e-06,8.782006101667736e-18,0.9623062311818511,3.9407009014323095e-06,0.014617918174998735,3.634039085136534e-11
9.220983379902899e-08,8.250146326757532e-07,1.1184834169959392e-06,0.007502609411738964,1.13707846811887e-05,1.8006390712816472e-17,0.8006115682101008,9.764707976678501e-05,0.19177476873092317,7.490567375477967e-11
5.545646540207749e-08,1.4396738781575653e-06,1.3530738270346143e-06,0.0055946669021073505,1.0267951451598875e-05,1.0188036640877802e-17,0.7098399652540229,5.917632580524295e-05,0.2844930753200465,4.239598128022165e-11
2.7055494250942922e-08,9.671431089352018e-07,6.366912848543122e-07,0.0025811070942036093,5.508964937913249e-06,4.300540362488944e-18,0.7619306244333084,1.915456552243296e-05,0.23546197403424604,1.7893539616082285e-11
1.040620141432219e-07,8.675668801169835e-07,1.2769111867170444e-06,0.008789907626132748,1.3939050470253146e-05,2.271620602087752e-17,0.804036611696783,0.0001777606603808338,0.18697953233160186,9.455043968771949e-11
3.4227659331974626e-08,6.087985867565673e-07,5.875025833026142e-07,0.002781558053397369,5.567095095508524e-06,5.949412901235155e-18,0.7078937083476005,5.082337962655598e-05,0.2892671125706777,2.4772990606028276e-11
1.0439447805692099e-07,9.225767697865103e-07,1.2951960323013367e-06,0.0069500551372164,1.3058692020629144e-05,2.104511794508754e-17,0.7691082558475759,0.0001591868164927695,0.2237671212518364,8.757763724980293e-11
1.1154782720280922e-06,0.00013144043484811688,3.5715332442062435e-06,0.006453737760926977,4.5900022003538475e-05,1.23176824454334e-16,0.356966651328621,0.0007981894232263534,0.6355993935063842,5.124733947124344e-10
3.6151927209705874e-08,4.944584477818266e-07,5.764390537512671e-07,0.0029984451535213586,6.078176630335621e-06,6.1780487103767434e-18,0.7871459609699316,5.0930169766470936e-05,0.2097974784549953,2.5726026942104684e-11
5.894358356544848e-08,1.7681730096876013e-06,1.0660559021101435e-06,0.003928675398431475,9.448250903306483e-06,8.530826605355483e-18,0.6501850676954903,3.603172729120522e-05,0.3458378837198858,3.55024076588811e-11
3.019651124113599e-07,4.9082048996393896e-06,3.039958891892952e-06,0.0065281984647877515,1.7672080597649722e-05,5.785886833786825e-17,0.6558583885163375,0.0003940352344335167,0.3371934553348516,2.4008816145914667e-10
3.520591604482119e-07,3.012520117174564e-06,2.79879718569483e-06,0.00784783919999764,1.857534856740791e-05,7.422459409950021e-17,0.7364329166380418,0.00049135359245801,0.2552031515366102,3.078615181085227e-10
3.8330212500568256e-08,4.5399847720220264e-07,5.344183784385905e-07,0.0025534665288755518,3.761374522130329e-06,8.504365106922647e-18,0.7505274839748878,6.67010511078604e-05,0.2468475602881959,3.534265121414911e-11
1.8980775019564102e-07,1.536641916431036e-06,1.863259792167867e-06,0.0063762237133289145,1.115679850527663e-05,4.92631414516478e-17,0.7540034599245391,0.00029052690577023723,0.23931504274423115,2.04166439608912e-10
5.975119351506341e-08,1.6936772213184296e-06,7.442864485517944e-07,0.002002909397154885,6.587521564881475e-06,8.397774720301105e-18,0.47423472333461403,7.1128949585493e-05,0.5236821530472687,3.49484967945873e-11
1.415292541621027e-07,1.890923513759399e-06,1.5133423778657035e-06,0.005197707271943753,1.257877573388948e-05,2.258864292414004e-17,0.7788356836543191,0.00012691733999614955,0.2158235670689891,9.387228578963393e-11
1.8935706538704603e-07,2.43249335091103e-06,1.7687750758788414e-06,0.004326819582524414,8.484993173758296e-06,5.102151598303672e-17,0.4676650526933377,0.0002941762168692613,0.527701075677284,2.1131866399724516e-10
1.0121791091922671e-07,1.4417809512915557e-06,1.10951299602174e-06,0.003968463689358672,8.9889502055133e-06,1.7632468480658308e-17,0.7278107113711595,0.0001404180904276198,0.2680687653136941,7.329625703242332e-11
1.1036568327394184e-07,1.1425111483300505e-06,1.171793453185312e-06,0.004510778721662879,1.0735670123696027e-05,1.8653009985857026e-17,0.7998266499468721,0.0001477263754801931,0.19550168453800967,7.756678399061674e-11
8.747065443613474e-08,2.05670458959445e-06,1.1210151538591808e-06,0.003162108584941414,7.348716511602266e-06,1.5419233181061672e-17,0.5699982036196958,0.00011922467660624931,0.4267098491477741,6.407296232260635e-11
3.8100543154674266e-07,3.3301900479638057e-06,2.7145689018599946e-06,0.007715543933371283,2.0468259288799325e-05,6.635285446395346e-17,0.6763974766055681,0.00042694463324729543,0.31543314052858024,2.755627345277686e-10
8.947477732662063e-08,1.0361352689522465e-06,9.084269727170559e-07,0.003395139788661621,6.941431555717562e-06,1.7200240491014993e-17,0.6799600282310183,0.000132821284493575,0.31650303515579764,7.145425005105244e-11
2.3381216023037673e-93,5.367781806997498e-33,0.0013716106144540507,9.350486091730909e-71,2.001887313113474e-102,7.952465051918729e-69,1.2694656360359104e-67,0.9975485755040424,3.5330902848807604e-32,0.001079813881503569
4.575199281132877e-07,6.0836813178055594e-06,3.921308528094435e-06,0.013423890498295165,2.489087917120728e-05,1.5905364693150233e-16,0.5924480624395041,0.0008403358259335161,0.3932523571896143,6.57707570524601e-10
1.3695258312384097e-07,2.1723869150073745e-06,2.0877588672889777e-06,0.009121502316398938,1.5664475381347284e-05,3.1157652658722223e-17,0.6635443107763982,0.00022276710388582615,0.32709135810007545,1.2949484755551963e-10
1.74554761474547e-07,0.00011175031319111086,1.503204025174606e-06,0.0025937615800255163,1.4774120674037455e-05,2.1891680801562456e-17,0.2223445226638182,0.00017338963926193985,0.7747601238331011,9.114130004513097e-11
2.908018763064048e-08,3.536618885307956e-07,4.486212432024157e-07,0.003832362337548007,4.316782202204099e-06,4.941741578223609e-18,0.9628632804495848,7.588896714425247e-06,0.033291620150111646,2.0519671507101464e-11
3.140289889647416e-08,3.445796321761485e-07,4.5349747648014013e-07,0.003667434962032039,4.809312654027765e-06,5.394157480167092e-18,0.952171694791448,1.3971506545589876e-05,0.04414125992489533,2.2417409290041365e-11
1.270210562018327e-07,7.992718264825881e-07,1.161379327039786e-06,0.008814853353768404,1.1772684481127516e-05,2.6998039229956293e-17,0.9041952052276578,5.630250096495719e-05,0.08691977844892075,1.1199708838542663e-10
1.3871653238320254e-08,1.8428305460199335e-07,2.640661301028701e-07,0.0021836922056840554,3.0760403748135997e-06,2.599971016681303e-18,0.9385853650697721,1.59167951795094e-05,0.059211487657331294,1.0820192819889782e-11
3.2878018730806935e-08,3.356039458017018e-07,4.6933444074532493e-07,0.0028780102500769386,3.7912359866665752e-06,7.592069058775637e-18,0.8486594734637256,6.138976714701824e-05,0.14839649743509492,3.15634836832386e-11
2.53364192526019e-07,1.2091786687348082e-06,3.5546698770080777e-06,0.09278550946258908,2.2338082842089144e-05,8.306856579889798e-17,0.8728709910181204,1.271925779792515e-05,0.03430342462476309,3.41149273496385e-10
2.0789651593463848e-08,7.101422585958201e-07,3.707410071439429e-07,0.0017573143598485824,3.7903975582795717e-06,3.105267914168163e-18,0.6573561087811627,1.6498802858107717e-05,0.34086518597273147,1.29236173584595e-11
9.469397590725491e-08,1.510857138562511e-06,1.3823627215490214e-06,0.005373485658771162,7.721199120427367e-06,2.5265689486824794e-17,0.612428973500255,0.00017463142092919475,0.382012200202262,1.0482623432109684e-10
1.4984344168116906e-07,8.979072448806464e-06,1.229331675621306e-06,0.00254886968311844,1.0444079309425503e-05,2.1297473069640837e-17,0.26831601802332833,0.00016375635642729323,0.7289505535216791,8.857133966064602e-11
2.6139525164658676e-07,3.887118632982854e-05,2.1702801093288973e-06,0.004159613336377048,1.7276224997914524e-05,3.610360707566693e-17,0.28752682177242733,0.0002398886832344687,0.7080150969711418,1.5013052417319753e-10
4.0242235636010774e-07,0.028086271812993654,2.4389442039858235e-06,0.0041397683817067715,2.5093406567789843e-05,5.014866066479397e-17,0.26423970129856944,0.00035667768374072415,0.7031496458412174,2.0864366214070967e-10
1.4196694594130348e-07,2.079266139616949e-06,1.5249222851822619e-06,0.003658884552297643,6.750214231211477e-06,4.067593863882752e-17,0.38705670045821117,0.00023076018584904527,0.6090431582655429,1.6849720645256712e-10
1.297705466733346e-07,2.398358275247611e-06,1.6906575699011172e-06,0.006148063876099432,1.0061548707886013e-05,3.344488644312045e-17,0.5540129310795706,0.00022835261874930605,0.43959637195172124,1.3875981276356007e-10
8.643191145182336e-08,1.1437501646580919e-06,1.4234370610781766e-06,0.007926069196365888,1.1381665959292418e-05,2.1010142890767362e-17,0.7586902323650294,0.0001628901853630622,0.23320677288080216,8.734302724203682e-11
7.635726080724154e-08,1.0757963577667257e-06,1.0060988463409636e-06,0.0032802682258020674,5.298715305264677e-06,1.8246486344473438e-17,0.602188266424893,0.00012665515327235551,0.394397353152546,7.571637648415487e-11
2.1756265192202462e-07,1.0853051817743974e-06,2.862425033490071e-06,0.04129228302937863,2.4060579623108638e-05,6.578088052156593e-17,0.9160143311227352,1.7515024798842946e-05,0.042647644679496194,2.711007694864434e-10
1.9740410216960487e-08,2.1443669009475095e-07,3.0005136822319104e-07,0.0017970018722919228,2.7923271586103978e-06,4.076742950492045e-18,0.8958825615240205,3.4685836312167695e-05,0.10228242419479028,1.6958268489389552e-11
9.89084961193609e-08,3.485028892995189e-06,1.6078107841767093e-06,0.005296682737140891,1.1432660529313003e-05,1.8950423299370455e-17,0.4775833102598124,0.00014296459745579955,0.5169604179180952,7.879309457007594e-11
7.59962627316798e-08,6.479814591878746e-07,9.981004653909744e-07,0.006643389129952989,1.1866909271197582e-05,1.5576527737091928e-17,0.8283253144966629,0.0001241125864192751,0.16489359473466583,6.484059954357025e-11
6.70361772703962e-08,6.760477154701822e-07,7.677070087560363e-07,0.00544619682807526,9.170330930603183e-06,1.3531680394701103e-17,0.7996882137776834,0.00011523981072342577,0.19473966840536105,5.632478544981981e-11
1.9236153579030958e-07,8.136710199735685e-06,1.9447650900199694e-06,0.0040415608421757385,1.520998029385008e-05,2.7883603259198633e-17,0.29690740367324314,0.0001880393839169182,0.6988375121674653,1.1607952662022473e-10
1.310624729256836e-07,1.51312149865739e-06,1.330207750671196e-06,0.00781562311429211,1.679281020953193e-05,2.4623145963035607e-17,0.6907390553474907,0.00019807791366163797,0.3012274763201075,1.025164162450144e-10
7.689350434299684e-92,1.7652954973853305e-31,0.005326670623921734,3.075082331882203e-69,6.583581052987611e-101,2.6153169510291306e-67,4.1748753059564187e-66,0.9946713131341068,1.1619228567795562e-30,2.016241971444523e-06
2.9243008435938085e-08,8.065529020666263e-07,5.611692113012346e-07,0.002440528579303405,4.593552287937069e-06,5.203060793324809e-18,0.5959054324938844,4.352338126382142e-05,0.4016045250064877,2.1650962795470418e-11
2.5190160800807935e-07,1.1128997277733355e-06,3.833306842755431e-06,0.1395245470903894,2.3077045509318678e-05,9.706784070310199e-17,0.8308814704343127,1.108810110912817e-05,0.029554618822902307,3.975983925417405e-10
5.553932504822013e-08,5.73007724187012e-07,7.062069269045658e-07,0.0039907414912850395,6.549203477067034e-06,1.0725519309479286e-17,0.8890568749538497,6.261410948643582e-05,0.10688188544335031,4.457524844107044e-11
3.994039906097538e-07,1.362297146982392e-06,1.9713399236739553e-05,0.6919982468254094,1.492762918415394e-05,4.324158610587074e-16,0.29826747472140985,3.03946517462904e-06,0.00969483459955843,1.658888659225343e-09
2.0433093273434185e-07,1.8925976984789304e-06,2.0213984597759117e-06,0.006615594220369131,1.4933589678656728e-05,4.0826685743627314e-17,0.7848345880311512,0.00029777614130832634,0.20823298952087102,1.6953045071001867e-10
1.3071299332196497e-07,3.490385575149914e-06,1.1632787396970656e-06,0.0029997213928737274,9.905693311360084e-06,1.9308772745317963e-17,0.41352936830121984,0.00015202162942913556,0.58330419852557,8.028771459125001e-11
8.355415762630295e-08,8.558166805593298e-07,9.031616244752703e-07,0.003654306103777975,7.480605731368229e-06,1.558361678313171e-17,0.810039091390847,0.00012421015274340698,0.18617306914967283,6.476486882266887e-11
3.044408022506277e-07,2.393696878022236e-06,2.93287722811001e-06,0.0075912778025719226,9.679205646985052e-06,2.205717668833514e-16,0.4917176125788986,0.0006413592041923116,0.5000344392883573,9.05424023324753e-10
1.0325610507490682e-07,7.755919626413912e-07,9.850916648825414e-07,0.005527215885103644,1.0235708425782652e-05,2.104173590487129e-17,0.802384240162795,0.00016388555350175645,0.19191255866296905,8.747203482386067e-11
2.2463317744663825e-07,2.9725305161000026e-05,2.4870635993405145e-06,0.004844536500312613,1.4585428430061164e-05,4.2132847712344936e-17,0.34111807554739265,0.00027711601286810534,0.6537132493342233,1.7483549083316124e-10
8.739549011074291e-08,1.5541946652888676e-06,9.92872931273509e-07,0.0030903204826894307,8.869635220781323e-06,1.2730232756249627e-17,0.6720637724621518,0.00010452645728643784,0.3247298764466021,5.296274621213018e-11
1.6409784223056025e-07,7.132656057307054e-06,1.440550234888335e-06,0.0031443552279980945,1.3847984261412675e-05,2.0057913717461897e-17,0.38628786223401396,0.0001601689801279877,0.6103850281859824,8.348166448940059e-11
1.2914833656240697e-07,4.727939312985411e-06,1.7162374236064191e-06,0.005218833830428398,1.5509591767047057e-05,1.7014849529276868e-17,0.7207463798771154,5.173186967279397e-05,0.27396097143520476,7.073838432643355e-11
1.0584125252385894e-07,6.193836849557267e-06,1.58015472480713e-06,0.0039000087064349383,1.0029348265193483e-05,1.8279808648463388e-17,0.3850338233194929,0.00013280044735487268,0.6109154582696581,7.596694544812252e-11
3.1348922223757597e-08,1.1141444175157011e-06,4.651214457179041e-07,0.001367099161017801,3.953266582136062e-06,4.9119334674245434e-18,0.25399220342122425,4.128549618281782e-05,0.7445938480197605,2.0447090206381878e-11
2.4657015514819014e-08,2.2938573679994309e-07,3.897996545236308e-07,0.004135448252112359,4.977783119175988e-06,5.069901960174761e-18,0.9338629549671975,3.079327700245421e-05,0.061965181857062526,2.1099292149888696e-11
3.4591204787995205e-07,6.701310677992395e-06,2.4927998569468494e-06,0.006547218152939102,2.3446600559323407e-05,5.0053816205784566e-17,0.5718742024498393,0.0003656892655076857,0.4211799033004822,2.080895423703019e-10
7.299724917746009e-08,1.0898597257347647e-06,1.2872990998635329e-06,0.005091981378335528,8.101134206502893e-06,1.6395240399585288e-17,0.6889073475550535,0.00011261417533648673,0.3058775055328363,6.815687761958708e-11
1.5483632308648654e-07,9.047419031754505e-07,1.8936487375193918e-06,0.018973143796238556,1.379335559628667e-05,3.9145922327394824e-17,0.9392363074494758,1.720516190385731e-05,0.04175659684818098,1.6164068729248265e-10
6.734252581457924e-08,1.3377775656817958e-06,8.637065868376641e-07,0.003134946126027361,7.344679592626953e-06,1.1966528808985478e-17,0.48473022040104347,9.70377798075033e-05,0.5120281821370641,4.978658654557928e-11
4.2441001906510125e-08,6.869779280617196e-07,5.807713440731155e-07,0.003962431241732089,6.296854537637703e-06,7.080246490702712e-18,0.8836711361026421,2.2201228113138797e-05,0.11233662435326519,2.943572375731138e-11
7.25176289740611e-08,1.0753998130183789e-06,9.918697978980667e-07,0.0032397686084017835,5.387283264500107e-06,1.6949311966516934e-17,0.5407581189952015,9.803927703050841e-05,0.4558965459785135,7.034835247703406e-11
8.635621083284189e-08,2.2395233809886243e-06,1.1325879047473898e-06,0.0034008274153143926,1.070589410070314e-05,1.1678975721920815e-17,0.6368460066729241,6.842476808205959e-05,0.3596705767334855,4.859666376072699e-11
5.5388889871658486e-08,7.115393302605547e-07,7.2006494472976e-07,0.0044956848976689156,8.307849091776695e-06,1.0264431187254211e-17,0.759793659092527,8.778869262286578e-05,0.2356130724321874,4.273696940762317e-11
4.144138132357683e-08,5.042997157811184e-07,6.294091428502407e-07,0.00683628704171832,7.75992840149158e-06,7.573122892977311e-18,0.912303445625913,2.350223490770051e-05,0.08082782998731718,3.150237176018415e-11
2.443118967742084e-07,1.5719147984946137e-06,6.313681158647944e-06,0.3442624661352615,2.078353207227737e-05,7.118166233337721e-17,0.6365540604339182,5.688655901174224e-06,0.01914887104408288,2.9090985961047566e-10
1.950607859967913e-08,4.900330296915281e-07,3.761200033387268e-07,0.0016772553018487304,3.7017739134381883e-06,3.101533505007982e-18,0.5834949995197635,2.6802386055068076e-05,0.41479635534638903,1.2918775755703494e-11
1.0818787579433091e-07,6.024088400738741e-07,1.1209086431423105e-06,0.013500837999144292,1.529225557056432e-05,2.894678884375952e-17,0.8907857118437562,0.00010391431920697136,0.09559241195668314,1.2028000832200616e-10
3.4133919699496424e-07,1.9465891171829527e-06,2.5512065464828207e-06,0.010422757172270355,2.070077840218859e-05,8.669151333715547e-17,0.6810350527982906,0.0004872091813089033,0.30802944057501264,3.5985446584649744e-10
3.054328402732637e-08,3.2373335954977267e-07,4.4932694986815415e-07,0.002994993090981873,4.0773997720248584e-06,6.644230633364308e-18,0.8637565212542972,5.55679617191096e-05,0.1331880366619969,2.7639484337816982e-11
1.211547553010045e-07,2.2732462945319093e-06,1.4373021838046785e-06,0.003975113903653314,1.2137380402635514e-05,1.7694955195126257e-17,0.6424762681403472,0.00013876387077442254,0.3533938849279669,7.362172861619628e-11
8.026702385632862e-08,1.838775478491562e-06,9.776827653634451e-07,0.0025308805267781525,6.060926304854442e-06,1.5843084573286827e-17,0.3366221664149221,0.000116421472153601,0.6607215738687363,6.583727526776019e-11
6.1419614190586e-08,8.805491349769014e-07,9.419303603013735e-07,0.004568433714217805,6.417049757392162e-06,1.483441123090707e-17,0.7251205617727805,0.000113183866232554,0.2701895196362818,6.162047084992499e-11
4.275178584958127e-08,7.723105897761836e-07,6.597578722986158e-07,0.003284273397472465,7.0524012500737974e-06,7.031665094448852e-18,0.656405118650538,5.9237306869344885e-05,0.340242843394335,2.9287049205423545e-11
3.235982386900359e-07,1.381458110218128e-06,4.57848722307124e-06,0.13034979675115943,2.7975720044947924e-05,1.2574194537481456e-16,0.8333485206521052,1.4304107796156274e-05,0.03625311871021216,5.15110088106338e-10
3.561407794350905e-08,7.953925871271109e-07,7.155632586330473e-07,0.00247815548541944,4.483218446211552e-06,7.127070669548008e-18,0.5546021026503374,5.133119156235858e-05,0.4428623808546721,2.963874555126635e-11
3.034173254568926e-08,5.078750578263446e-07,4.702868274739345e-07,0.003424843046044991,5.4020204135885485e-06,4.912698850956501e-18,0.8827289721096278,2.1673855707896875e-05,0.11381810044414678,2.044124626532708e-11
4.103681536361189e-07,1.557806431682599e-06,8.402567104103359e-06,0.4061581050062657,2.452104037017593e-05,2.2073389757820292e-16,0.5741134373669393,6.678507338137342e-06,0.019686886450013222,8.873839100672966e-10
3.391901148150315e-08,4.046907484851129e-07,5.703128704932762e-07,0.0032340207490303683,6.268485107696428e-06,6.70108593900704e-18,0.8566326458193709,5.773008066678635e-05,0.14006832591530186,2.7892177318340927e-11
2.8053450746641813e-08,7.454950327752489e-07,6.09853727314988e-07,0.0022441316966553128,4.585634543867973e-06,4.994354530955533e-18,0.5772180157474721,3.778208716343254e-05,0.4204941014111679,2.0786560973451692e-11
9.240691973002081e-08,7.006140865777496e-07,2.0026394172117437e-06,0.06413852083190508,1.4857928349338616e-05,2.196391240729058e-17,0.9094978032447645,8.547437900588476e-06,0.026337474805814567,9.084244881159609e-11
5.688026763964959e-08,5.365213879361037e-07,1.0828648938880474e-06,0.015387221753792603,7.926060531503812e-06,1.3361814981653794e-17,0.956247186922744,9.07810763275397e-06,0.02834691083343779,5.531187364442667e-11
1.1396541573005903e-08,1.3857137680717856e-07,2.2338440289466962e-07,0.0028516589132977412,2.5087010032785825e-06,2.039203387793841e-18,0.9782945544056483,4.456030995892381e-06,0.018846448588255484,8.477806296976155e-12
1.3584734028271363e-07,2.6339822610892625e-06,1.6443237822103828e-06,0.00855163718743939,1.9996275925731228e-05,2.3260521410925584e-17,0.6485600523788062,0.00011605342851181641,0.34274784647913786,9.679547125743662e-11
7.193565135611104e-08,6.168186212734692e-07,1.01318801941156e-06,0.007234050495371935,1.2914345497980713e-05,1.5703913070237556e-17,0.8497067818982685,0.00012970728106984157,0.14291484397213397,6.536565864682889e-11
4.195552381970715e-08,4.275728456062881e-07,6.554523745081379e-07,0.004341731007174583,6.26389438694191e-06,9.121451361077026e-18,0.8617062443713813,7.60565585246587e-05,0.13386857914983272,3.795583591449886e-11
1.0282378488415887e-06,1.3374415497535904e-05,5.962569463745719e-06,0.013208669290817874,4.5254903481553634e-05,1.5845532688598358e-16,0.7278901874849086,0.00018481658708696905,0.2586507058547186,6.561760021038574e-10
8.37321665393306e-09,1.3182883931078325e-07,1.68720509814871e-07,0.001129276292397002,1.4950000573005052e-06,1.5809190977102607e-18,0.9325620488086089,9.66458402791665e-06,0.06629720638576542,6.577763739648092e-12
2.841291015808342e-07,1.4031371241630942e-05,2.380734665547757e-06,0.004352696278536003,1.8068556908243283e-05,3.7364037153879906e-17,0.36528374424906507,0.0002541798707359088,0.6300746146543021,1.554439135489096e-10
2.0156666153336623e-07,1.1176391981940135e-06,1.6567275808262578e-06,0.012539796095258009,1.6361950881703232e-05,5.0674684489542314e-17,0.8452496917331552,0.00011911051808711787,0.14207206355908156,2.1009589234450843e-10
2.0156666153336623e-07,1.1176391981940135e-06,1.6567275808262578e-06,0.012539796095258009,1.6361950881703232e-05,5.0674684489542314e-17,0.8452496917331552,0.00011911051808711787,0.14207206355908156,2.1009589234450843e-10
1.079512545379006e-08,3.122476191170032e-07,2.2890801686440224e-07,0.0009066080624073501,2.151218125660365e-06,1.6883026012044372e-18,0.5203671063100405,1.4843506338379077e-05,0.478708738945295,7.031784075596206e-12
9.480807571970587e-08,9.009693391817796e-07,2.5391018644972375e-06,0.10239258739763983,1.4393071119148027e-05,2.2087213786495018e-17,0.8743242307662428,6.69463447981577e-06,0.0232585591599894,9.124959936008067e-11
4.138868971984401e-08,1.022552793365305e-06,7.256103994236195e-07,0.0027082967962582054,6.9162432549675915e-06,6.245611810509412e-18,0.5117382653539583,4.575090536205361e-05,0.48549898112327283,2.6011205564738044e-11
1.0887200316209825e-07,1.3257989760856117e-06,1.6684834828578769e-06,0.009383555073872486,1.5306883314953254e-05,2.371832078316436e-17,0.7371804592346949,0.00017923073270228947,0.25323834482225344,9.869978410295768e-11
3.267566545486068e-08,5.144673345957894e-07,6.084092560469143e-07,0.00343415981753455,5.156404366652958e-06,6.834873715798268e-18,0.8094998122861891,5.689533087936922e-05,0.18700282058034273,2.8431462227896537e-11
1.9331371425769773e-07,2.3267186178040233e-06,2.042457333353965e-06,0.010190205262993593,1.767239537203723e-05,4.86213215503351e-17,0.6869863166705673,0.0003482212786884765,0.3024530217008253,2.0188796455830137e-10
1.9625370079963246e-07,1.653530295496896e-06,3.636649704587727e-06,0.04171095128077441,1.8749638703291085e-05,5.418515114260659e-17,0.9162980655853926,1.4353560854973867e-05,0.04195239327741337,2.2316029524350422e-10
3.952421565738087e-07,2.97251222061451e-06,5.60058879009517e-06,0.051555017535713094,3.205505467594191e-05,1.4822315789924984e-16,0.863300153771225,3.835403973411528e-05,0.08506545064588436,6.095999821366804e-10
2.7233983298506112e-08,2.2328932194152229e-07,3.787141963753561e-07,0.0061732032268358794,4.9490212567624436e-06,5.787727481300855e-18,0.9582266367570843,1.5209884400150258e-05,0.03557937184886209,2.4059104211110175e-11
2.581681308420139e-08,9.656311627472288e-07,4.543902040107577e-07,0.001509383323412005,3.270556164784192e-06,4.580857472886595e-18,0.2946149806569283,3.7531116204973646e-05,0.7038333884900531,1.9056996802854334e-11
3.216619334640007e-08,9.832722646098183e-07,5.590818788560388e-07,0.0016039631529375625,4.902715850661342e-06,5.131047612695156e-18,0.4001297298081661,4.441993645956638e-05,0.598215409844887,2.136223663899445e-11
1.3229984237523877e-07,7.981689115960066e-07,1.3149054022695312e-06,0.013859710768926989,1.7610965598372415e-05,3.568788070721035e-17,0.8495851676222057,0.00020560179522475096,0.13632966332547372,1.4841422529671174e-10
2.1743411532928616e-07,4.221476259533138e-06,1.877756893225765e-06,0.006186750782183139,1.8843445386954174e-05,3.427527371263355e-17,0.5793221906086246,0.00026168073342903205,0.41420421762056653,1.425416587024783e-10
4.798201668024342e-94,1.10155517978829e-33,0.00038145307523082094,1.918870169882326e-71,4.10819481566464e-103,1.6319737621612516e-69,2.605147707598028e-68,0.9986317432015055,7.25046964259347e-33,0.0009868037232637072
9.823317610207878e-08,5.370729160262721e-07,9.82602928975016e-07,0.012509147207169362,1.4129878831519483e-05,2.3476313859876136e-17,0.9203094763567569,5.022312188913558e-05,0.06711540542884675,9.74852196678298e-11
4.6029676349106414e-08,4.332072842248729e-07,6.498849409608535e-07,0.004719600684718603,8.131885202041547e-06,8.945707326442246e-18,0.9163074723053419,3.93700632688865e-05,0.07892429590237293,3.719409325290948e-11
3.4490599215819484e-08,2.8184442882537724e-07,4.476784706057064e-07,0.0036174374615724476,5.201960715455316e-06,7.599985504347928e-18,0.9057925329070655,6.495199272799285e-05,0.09051911163279928,3.162049289953036e-11
3.448404749212818e-07,2.1133850522714033e-06,2.7243876006121855e-06,0.009357172916625927,1.976412790914866e-05,8.739110598383985e-17,0.7876317248309671,0.0005676207394291767,0.20241853440963542,3.6230547467556386e-10
2.7471485963212904e-07,1.2039760051040183e-06,1.8145949426594575e-06,0.013158601346510623,2.1832545901992624e-05,8.432522602902956e-17,0.796445751417205,0.0005891261137225534,0.1897813949407991,3.5005324091084844e-10
2.5625683486333994e-08,3.7496098248395024e-07,4.972777444846026e-07,0.002519312434798971,3.8920104096519826e-06,5.330993923320305e-18,0.8182703281487148,4.4625829413280394e-05,0.17916094369007174,2.218097231076535e-11
2.7611917720774308e-08,3.8101265046087266e-07,4.894322406211429e-07,0.002392011565184832,4.486274508423409e-06,5.423042763780684e-18,0.8239171551030493,4.641525174477114e-05,0.1736390337261357,2.25681725950722e-11
1.6301039547262192e-07,1.9406110256204124e-06,1.5520355386152715e-06,0.005741129653846768,1.4212872482048269e-05,2.6158099696482457e-17,0.7509589735611242,0.000181835538489481,0.24310019260834884,1.0874883053732781e-10
