i = 0,i = 1,i = 2,i = 3,i = 4,i = 5,i = 6,i = 7,i = 8,i = 9
2.2864029850929483e-33,7.662877715110312e-13,0.9870706386213549,1.5788040860869702e-09,8.952987591219764e-17,5.1946618684112716e-15,0.001481594231539389,0.011447765567530112,1.4848192285226526e-17,1.884774444826099e-34
2.4337784097316212e-33,8.288729109701192e-13,0.9868284471574438,1.6969875069599086e-09,9.530073219982373e-17,5.532875791660794e-15,0.001380987550132983,0.011790563594601143,1.580526718981605e-17,2.006261967351824e-34
2.842924768779052e-33,9.583913997831461e-13,0.9858152849111018,1.9536854403659088e-09,1.113218883139045e-16,6.464757542675948e-15,0.0017740728875054947,0.01241064024674233,1.846231588181337e-17,2.3435378573651024e-34
2.559618514958866e-33,8.65934665358392e-13,0.9911063296248148,1.7827243869193488e-09,1.0022831983322431e-16,5.814857314604062e-15,0.000743563079113125,0.00815010551247567,1.66224886747411e-17,2.109997055178827e-34
4.586325724626829e-33,1.255129292398686e-12,0.9850928845128434,2.7114752918333045e-09,1.7958914119919004e-16,1.0400791627033351e-14,0.001046193718297022,0.01386091905611851,2.9784182367495433e-17,3.78069376998901e-34
1.651208915558929e-25,0.00046832388671513744,1.0100162197302618e-50,0.9995316761132848,9.993660238415847e-66,9.415932655971916e-55,6.819803250285631e-64,7.208552611512098e-57,7.732784639160641e-65,1.3596356413967807e-26
7.796555708925839e-33,1.826409278207217e-12,0.9817794406150933,3.949299725315804e-09,3.0529375581166277e-16,1.768076082166976e-14,0.001396546833154063,0.016824008600608707,5.063182355188135e-17,6.42701617066384e-34
3.234012013970999e-33,8.742380470217087e-13,0.9936519025821349,1.6730997366425808e-09,1.2663589869189603e-16,7.340863099095777e-15,0.00039769033989246733,0.005950405403991182,2.100208558516904e-17,2.665926889500334e-34
3.7654567092430724e-33,1.0771560313327414e-12,0.9888728591064765,2.259397092106275e-09,1.474459498061312e-16,8.540591465924442e-15,0.0008531101035621846,0.010274028529478481,2.445335458693158e-17,3.1040182439194152e-34
4.535872819900871e-33,1.2233343074596663e-12,0.9926495743435381,2.3848041564883948e-09,1.7761353441798453e-16,1.0287605673210468e-14,0.000542083507589613,0.006808339762834322,2.945653489098425e-17,3.7391034002620983e-34
1.4410615834375427e-33,5.1416140001026e-13,0.9943952301829728,1.0591566926984311e-09,5.642840383834558e-17,3.2738381802888575e-15,0.00038538062337473204,0.005219388133978137,9.358437524953775e-18,1.1879253410672477e-34
2.449163566971374e-33,7.963454605140356e-13,0.9938671041939432,1.613065421424513e-09,9.590317908720427e-17,5.559887822053163e-15,0.0004202696715727377,0.0057126245206164765,1.590517999698894e-17,2.018944574654289e-34
2.0324928109173854e-33,6.86811737475721e-13,0.9917012945781272,1.4440728926806318e-09,7.95873847730505e-17,4.615931801914667e-15,0.0005619492077556215,0.007736754769352782,1.3199267130099997e-17,1.675466019895054e-34
3.4505557910033836e-33,1.061623686898434e-12,0.9850185158223206,2.2694316074463984e-09,1.3511521227246302e-16,7.838689669634905e-15,0.0011120526819891484,0.013869429225189004,2.240834871163721e-17,2.8444326821352092e-34
2.52349863415624e-33,7.883547236863496e-13,0.9861753506340258,1.622249740318669e-09,9.881395292259195e-17,5.730513845491639e-15,0.0016425567139824152,0.012182091028947692,1.6387921469495538e-17,2.0802219767124265e-34
1.6750835987588514e-33,6.033961723301636e-13,0.9929603886588834,1.2603970321391262e-09,6.559212561133381e-17,3.8040655209150805e-15,0.0005481659288236724,0.006491444151288493,1.0878206249893114e-17,1.380839152359518e-34
3.1208154841461454e-33,7.950105950086571e-13,0.9954774695272772,1.4618926116995307e-09,1.2220340544119725e-16,7.079899288807025e-15,0.00024295665169291053,0.004279572358334809,2.0266972886969866e-17,2.572614412195199e-34
1.6688227345782314e-33,5.959532765992274e-13,0.9918047328956221,1.2365686644676691e-09,6.534696571775445e-17,3.792320764751016e-15,0.0006580603099628026,0.007537205557246696,1.0837547511649048e-17,1.3756780688203972e-34
2.143805059523534e-33,7.389509138090884e-13,0.9928920767618116,1.5410151638424426e-09,8.394609612236509e-17,4.867151816245796e-15,0.0005322839605321747,0.006575637735897189,1.3922143015866254e-17,1.7672252079895656e-34
1.607825827401872e-33,5.737545740841581e-13,0.9862044004824635,1.1919159819621088e-09,6.29584773659447e-17,3.655651557468578e-15,0.0014325928477301152,0.01236300547731288,1.0441425887263844e-17,1.32539585146458e-34
1.4300727779202044e-33,5.206305209855371e-13,0.9936706505970653,1.0889931996003514e-09,5.59981090093595e-17,3.247914368186892e-15,0.00048085066752247464,0.00584849764589511,9.287074788102655e-18,1.1788668242820266e-34
8.454330822359072e-34,3.1684915363449436e-13,0.9941551568074892,6.671793976115168e-10,3.3105066677352796e-17,1.9208740595265683e-15,0.0004283824896930248,0.005416460035319659,5.490350167474462e-18,6.969246797690047e-35
4.4894229070631173e-33,1.2905018744428899e-12,0.9828857409366122,2.6299334816452424e-09,1.7579466344628477e-16,1.0201926740519016e-14,0.0023981035694657185,0.014716152862687706,2.9154884200935874e-17,3.7008128586332616e-34
2.0575160910951832e-33,7.152447688688408e-13,0.9915568756857345,1.4634289276923404e-09,8.056723398881308e-17,4.6746153947933045e-15,0.0007152847218545594,0.007727838128261899,1.3361771626639497e-17,1.6960937217097974e-34
2.6750249801182596e-33,8.478443315461857e-13,0.9907588030702936,1.7028583073906598e-09,1.0474735065384964e-16,6.076069550169131e-15,0.0008039444368405783,0.00843725078915349,1.737195289043709e-17,2.205131271552016e-34
3.670496366730544e-33,1.0902514510912873e-12,0.9813947748551668,2.3451560024701943e-09,1.4372753908838494e-16,8.336822325482164e-15,0.0013037101344723083,0.01730151266410612,2.3836670696866243e-17,3.0257385933038113e-34
2.941907031728588e-33,8.763768679151578e-13,0.9908582479548302,1.7402458450240754e-09,1.1519779010195924e-16,6.6831396846071536e-15,0.0007533370532790137,0.008388413250761702,1.9105118935763688e-17,2.4251329396470466e-34
2.0221317312841102e-33,6.976210927499555e-13,0.9912256689782578,1.4561780779012082e-09,7.918167004709002e-17,4.593025209269334e-15,0.000698282423943591,0.008076047140918132,1.3131980992161469e-17,1.6669249629418716e-34
3.308651754310363e-33,1.062853273765692e-12,0.9855206450340557,2.1769639805381317e-09,1.295586004946076e-16,7.519507532166303e-15,0.001578081816214546,0.012901270971695238,2.148680600613191e-17,2.727455445960985e-34
1.6552002072919552e-32,2.7204717900310037e-12,0.9875602069306466,5.073541010649911e-09,6.481350917070777e-16,3.754486271471064e-14,0.0012118088394567285,0.011227979153597063,1.0749080360335017e-16,1.3644484686709395e-33
3.351144200814955e-33,9.354248906575896e-13,0.9918417546975318,1.8122816459877776e-09,1.3122250249797764e-16,7.611375595190544e-15,0.0006084684975397891,0.007549774991703685,2.1762757231106685e-17,2.7624836880478614e-34
1.8495662802501298e-32,2.805543287752796e-12,0.9836046516723659,6.0516713120508565e-09,7.242439783219282e-16,4.1757253760872606e-14,0.001313544356285971,0.015081797916828564,1.2011317276757978e-16,1.5246722829509408e-33
7.085493972780055e-33,1.3028415312316675e-12,0.9945673113050572,2.245932378479729e-09,2.774503708927666e-16,1.6049804695593993e-14,0.00029432496023049944,0.0051383614874605564,4.601409767915776e-17,5.840859225576238e-34
3.123691139006536e-33,9.875350677120097e-13,0.9873158683554709,2.089682966638402e-09,1.2231600347952917e-16,7.092296305378321e-15,0.0009561068773851706,0.011728022676466054,2.0285647891370387e-17,2.574984930790714e-34
9.121017625999575e-33,1.960241481352607e-12,0.9860439014120564,3.832080039874131e-09,3.5715636523238396e-16,2.0677125956509754e-14,0.001622170132302506,0.012333924621579614,5.923304724657107e-17,7.518823691350956e-34
6.579921543886585e-33,1.5303414392281277e-12,0.9849164458801601,3.0592764676619537e-09,2.5765338523568806e-16,1.4916531420659804e-14,0.0016673153166138143,0.013416235742403812,4.273084660060576e-17,5.424095426631e-34
3.750369956359632e-33,1.1431032024853452e-12,0.9826849749771762,2.3212238484217683e-09,1.468551880839302e-16,8.529670027878566e-15,0.0023943879909521172,0.01492063470949613,2.4355380580859904e-17,3.091581623395601e-34
2.406975730057713e-33,7.875390443210518e-13,0.9928398823755868,1.594749364931104e-09,9.425120757428239e-17,5.46576169922432e-15,0.0005430063557874603,0.0066171096730833,1.5631206872732557e-17,1.9841674345719045e-34
2.7549236582810398e-33,8.466499637022681e-13,0.9769738170731751,1.8103483924697747e-09,1.0787598319386614e-16,6.25870363343449e-15,0.002137998868125451,0.02088818224749818,1.7890825104962065e-17,2.2709949831367315e-34
1.182563049354808e-33,4.281800888196853e-13,0.9787721701933421,9.106543836274819e-10,4.630624098871622e-17,2.6890371422359116e-15,0.0015634560102323382,0.01966437288534023,7.679715198288567e-18,9.748345455072774e-35
9.886322057855958e-33,2.2363899771501113e-12,0.9859973602948829,4.3515096234865485e-09,3.8712377632769134e-16,2.2454567838320325e-14,0.0017243630143514467,0.012278272336996892,6.420303342617589e-17,8.1496950841367e-34
1.108783808048856e-32,2.464528841443452e-12,0.9850335604920605,4.82729675626613e-09,4.341721399198619e-16,2.5194003537881918e-14,0.0017109170376558862,0.013255517640496746,7.200583149602922e-17,9.140153331992321e-34
7.433007797571083e-33,1.7433415078647797e-12,0.9862723395899691,3.412025312650074e-09,2.9105811979389267e-16,1.687864566476056e-14,0.001583398847425119,0.012144258148819946,4.8270898366250734e-17,6.1273289251262845e-34
2.303926761482306e-33,7.374613885698544e-13,0.990366902477041,1.5174552646312358e-09,9.021606381575527e-17,5.231072462184921e-15,0.0009438984799532849,0.00868919752480767,1.4961993744167528e-17,1.8992200023812844e-34
2.7062442080784234e-33,8.783213595911954e-13,0.9934135186692726,1.8004838778157668e-09,1.0596981859719257e-16,6.1391605725746125e-15,0.0004887097448050789,0.0060977697845539,1.7574694222784784e-17,2.2308665436935214e-34
4.558138648497512e-33,1.1013457762879357e-12,0.9931907638053303,2.12559604922031e-09,1.7848541085424143e-16,1.033356856950745e-14,0.00039162619391779876,0.006417607874044063,2.9601131804683684e-17,3.7574580232246465e-34
1.2003689231566441e-32,1.9925638480517832e-12,0.9882044298279785,3.806231113554568e-09,4.700345870539179e-16,2.714120909637169e-14,0.0009265709622981824,0.010868995401471937,7.795347851787e-17,9.895126473678444e-34
1.1374221884693193e-33,4.050183791069721e-13,0.9927889728014825,8.600132838822269e-10,4.4538636849822824e-17,2.583028695700831e-15,0.00047824907170561576,0.006732777266391037,7.386564554301509e-18,9.376231083419435e-35
4.8810487731642874e-33,1.3660539636853877e-12,0.985695690381733,2.721413124540418e-09,1.9112976094477352e-16,1.1094493648856646e-14,0.0016041054127764994,0.012700201482700148,3.1698152467465154e-17,4.023645897766285e-34
7.753207320979887e-33,1.8287719223661984e-12,0.9911097570132297,3.630574385782016e-09,3.0359633925921303e-16,1.755459115761594e-14,0.0007930370584568103,0.008097202295892428,5.035031274817299e-17,6.3912823414318e-34
9.371174709138371e-34,3.4191761246403865e-13,0.995290631736014,7.05907845081971e-10,3.6695200593198865e-17,2.129644776096966e-15,0.0003026847980046687,0.00440668275972943,6.085760295945517e-18,7.725038291561984e-35
1.4013144359709496e-32,1.3797725230658943e-12,0.9955603322299823,2.162625734181121e-09,5.487199379524752e-16,3.1583329406003544e-14,0.00021507976021966092,0.004224585845760263,9.100312996860847e-17,1.15516015999978e-33
3.3972665022217636e-33,8.588576035617499e-13,0.9934045127598344,1.643841899689053e-09,1.3302854083146014e-16,7.712433475710734e-15,0.0003336861897871429,0.006261799405669693,2.206228104240477e-17,2.8005041663252662e-34
1.2186239735067702e-33,4.4115682673846853e-13,0.9902123952663227,9.34878262432635e-10,4.7718297567398224e-17,2.7692651181707395e-15,0.0006958469652594807,0.009091756833095543,7.913899352896265e-18,1.0045610236222748e-34
2.498891310912986e-33,7.953169459713555e-13,0.9864140412337328,1.6431859084025407e-09,9.785039151178612e-17,5.674777207323358e-15,0.0013474685239037766,0.012238488598376365,1.6228118343007163e-17,2.0599371650205036e-34
2.502344141239922e-33,7.765398906320692e-13,0.9874807530011308,1.6020718477935511e-09,9.798559583437276e-17,5.680099986925139e-15,0.001172855150233391,0.011346390245781433,1.6250541340910855e-17,2.0627834726945923e-34
3.5549996721104906e-33,1.1365331949712726e-12,0.9866183647736093,2.3178387491155453e-09,1.392049733102977e-16,8.07807423142175e-15,0.0015501865409520206,0.011831446366455145,2.3086620797733598e-17,2.9305299971372383e-34
1.3993717681107762e-33,4.914117150844411e-13,0.9888530601665024,1.0337132960420172e-09,5.4795933515668544e-17,3.180870298223252e-15,0.00079466027727834,0.010352278522011173,9.087698603116027e-18,1.1535587403193858e-34
1.2721812031018129e-33,4.677111476024974e-13,0.9935220477033514,9.782709517464432e-10,4.9815466044728363e-17,2.889361584022445e-15,0.0004847518846141275,0.005993199433292837,8.261706780164076e-18,1.048710413880492e-34
8.812021839108944e-33,1.975263196368755e-12,0.9823826010172226,4.2611385936832696e-09,3.4505687593119804e-16,1.997427364227496e-14,0.001371840096016862,0.0162455546236265,5.722638908314886e-17,7.2641059681466576e-34
5.39764119546273e-33,1.4743818687211796e-12,0.9877099191109159,3.1267531397214685e-09,2.1135823939885433e-16,1.2245859808966629e-14,0.0009007393617559504,0.011389338399088145,3.5052968370735354e-17,4.44949392293379e-34
3.6895198632287355e-33,1.0686715562172923e-12,0.9925938827372642,2.1645038068038365e-09,1.4447245185748587e-16,8.361128268078466e-15,0.0005892602699685909,0.006816854827186194,2.396021101097876e-17,3.0414204307947523e-34
2.5714190627729166e-33,6.173463607029423e-13,0.9961586506141517,1.1124126157031784e-09,1.0069040517451758e-16,5.837377974199073e-15,0.00017701726113082355,0.003664331011681496,1.6699122738893117e-17,2.1197247239668235e-34
3.2551644033669595e-33,9.626981232202333e-13,0.9922412985010702,1.9162841078144406e-09,1.2746417196138758e-16,7.388202715743178e-15,0.0005939933509334547,0.007164706230741928,2.113945185869651e-17,2.6833636595012694e-34
2.176466725068147e-33,7.250821441062827e-13,0.9913687053245225,1.484487213745035e-09,8.522504584666019e-17,4.944624115520637e-15,0.0007442149412950325,0.00788707824896518,1.4134252228782647e-17,1.794149539765419e-34
9.237776804200615e-34,3.2312033956828215e-13,0.9926115946030813,6.636168349123216e-10,3.617284714560333e-17,2.1002197622670333e-15,0.0005101073636282927,0.0068782973693483854,5.999130035626545e-18,7.61507300378932e-35
4.1150319443178304e-33,1.2663044859067725e-12,0.9918178822306923,2.5533109271604477e-09,1.6113444921543657e-16,9.336239278934208e-15,0.0006717889663009384,0.007510326248420028,2.6723540976108073e-17,3.392187247331643e-34
1.6436503668923484e-33,5.960307619787026e-13,0.9915095102408522,1.2418647292874863e-09,6.436127798165113e-17,3.7342457506333e-15,0.0006992478272711223,0.007791240689412333,1.0674074894189636e-17,1.3549274681435042e-34
3.7520521703371934e-33,1.1303622874346002e-12,0.9918212477160478,2.275913846543088e-09,1.469210630336941e-16,8.514924067863763e-15,0.0006570604494630896,0.007521689557435975,2.4366304194502362e-17,3.092968340407566e-34
1.3266722423038506e-32,2.7174565823695117e-12,0.9858043519891693,5.207423725335308e-09,5.194917889529404e-16,3.0139758830462593e-14,0.001613216101478376,0.012582426699180494,8.615578316371828e-17,1.0936295811618634e-33
1.641941414344936e-33,5.700498141310365e-13,0.9922221635140515,1.1752406609586171e-09,6.4294359947168e-17,3.73088188924871e-15,0.0005931947592890712,0.007184640550844986,1.0662976741343855e-17,1.353518709447079e-34
1.6003310677542404e-33,5.179681371867277e-13,0.9904700237742153,1.0416227442073367e-09,6.266500192689551e-17,3.6386591142167455e-15,0.0006772461021368662,0.008852729081503296,1.0392753954514414e-17,1.3192176179921484e-34
7.115636343271073e-33,1.6517772288647313e-12,0.9816358041966736,3.553440671290048e-09,2.78630648049834e-16,1.612833348440825e-14,0.001476077651985516,0.016888114596231976,4.6209846359072334e-17,5.8657068005568315e-34
8.461455739469719e-33,1.875392497720102e-12,0.9832246220324157,4.054242338925673e-09,3.313295821625247e-16,1.9161671720663365e-14,0.001245022912148708,0.015530350999298287,5.4949767429410856e-17,6.975120155002476e-34
2.018168974404959e-33,6.182757516479569e-13,0.9918299543018971,1.2801960393694466e-09,7.902649786562287e-17,4.5755617510269386e-15,0.0005979212515212171,0.007572123165762698,1.3106245928234941e-17,1.6636583021888988e-34
6.390061091944726e-33,1.4213419001463168e-12,0.9867468923201262,2.984657133299951e-09,2.5021893044802196e-16,1.4455376290027812e-14,0.000952166046030787,0.012300938647749783,4.1497867132181164e-17,5.267585777966152e-34
2.19217065648263e-33,7.309567467253103e-13,0.9776543035361975,1.5652010136783145e-09,8.583997206071764e-17,4.982457215276217e-15,0.0018086291921799167,0.020537065705685476,1.4236235552060138e-17,1.8070949255116318e-34
3.904771705741008e-33,1.120997304185223e-12,0.9814082312462538,2.4156234453915e-09,1.529011798558184e-16,8.86680613992905e-15,0.0011824832283098149,0.01740928310868305,2.5358084479503363e-17,3.2188612295576927e-34
6.794834602049315e-33,1.3575622818349478e-12,0.9872925724292363,2.72331054452148e-09,2.6606884778294297e-16,1.535201275107134e-14,0.0010744074064887642,0.0116330174395912,4.412651649545506e-17,5.601256951753864e-34
3.360359553505539e-33,1.0012539860649615e-12,0.9821239969370973,2.153583333108881e-09,1.3158335068441727e-16,7.627290306157143e-15,0.0012567460271073825,0.01661925488120295,2.1822602545923823e-17,2.770080275947945e-34
3.647429577223245e-33,1.0929556581476694e-12,0.9849762409161867,2.3563712099050707e-09,1.4282430138009977e-16,8.281312037409893e-15,0.0010124895403501066,0.014011267185990673,2.368687188592055e-17,3.0067237058710207e-34
3.0826328681579375e-33,8.926211185687926e-13,0.9799087795565544,1.900379475513874e-09,1.2070826234979167e-16,6.9957534568766475e-15,0.0015802837379911732,0.018510934804175313,2.0019010070004795e-17,2.541138937696438e-34
7.659648844453898e-33,1.7446316585279257e-12,0.9852647942560087,3.6330231307714853e-09,2.999328255602468e-16,1.7365096363380457e-14,0.0011541061218440334,0.013581095987361748,4.974273249021821e-17,6.314158305641634e-34
3.2390086032246125e-33,9.29690897692916e-13,0.9881278440563332,1.953263690288533e-09,1.2683154874168977e-16,7.345151568491419e-15,0.0008822603332655159,0.010989893656200437,2.1034533639366042e-17,2.670045780088697e-34
2.0425935508027593e-25,0.0005146766799705321,7.782602546010367e-51,0.9994853233200296,7.700538278110922e-66,7.255374718734684e-55,5.254947108981807e-64,5.55449494884214e-57,5.958437918606262e-65,1.6807706541587756e-26
1.3173376950274734e-32,2.1857902920645574e-12,0.9896783042550116,4.263597587279478e-09,5.158366185965027e-16,2.97167404650384e-14,0.001016574588331781,0.009305116890843014,8.554957536568576e-17,1.0859347363443733e-33
4.689731098643906e-33,1.2535749967999938e-12,0.9908139476037988,2.5135318834589598e-09,1.8363823770406346e-16,1.0634205375275015e-14,0.0008561634696917419,0.00832988641171316,3.0455710051300304e-17,3.865935001598559e-34
5.728146119017964e-33,1.6081942819108673e-12,0.9838977676473752,3.2373041985536868e-09,2.2429998246275134e-16,1.3022011480249935e-14,0.0021580877642826276,0.013944141349416544,3.719931068060355e-17,4.721942497339748e-34
1.4983793264573296e-33,4.553770017135637e-13,0.9950302488256076,8.928469669189937e-10,5.867282531682224e-17,3.403812132954875e-15,0.00024198363786275174,0.004727766643223786,9.730666200868768e-18,1.2351746746200603e-34
1.8336319545206875e-33,5.74121925467507e-13,0.9922724174421367,1.1712841903901449e-09,7.180048722814719e-17,4.165787651317026e-15,0.00039423124729142533,0.007333350138709403,1.1907839491631219e-17,1.5115369738535522e-34
4.7535059293043125e-33,1.2170701155285692e-12,0.9912158141074768,2.455002440914499e-09,1.861355063804954e-16,1.0777953159467229e-14,0.0005423950225695769,0.008241788413723016,3.086987170368164e-17,3.918507173624025e-34
1.170157320695607e-33,4.191092124877218e-13,0.9944711849575494,8.671103967476845e-10,4.5820463825443724e-17,2.658830996326517e-15,0.0003886923396400685,0.005140121835278199,7.599150762369731e-18,9.6460800167456e-35
2.0696825197807247e-33,6.576006517914434e-13,0.9928337622663365,1.3605516696045095e-09,8.104364081361269e-17,4.692983549649254e-15,0.0005292509345596857,0.006636985437889829,1.344078150187109e-17,1.7061230008967186e-34
9.430922191686204e-33,1.4142947771345432e-12,0.9949539647904543,2.3761600659830586e-09,3.6929150963815843e-16,2.1311646838736986e-14,0.00026746473579096285,0.004778568096158706,6.124560351824256e-17,7.77429055766864e-34
7.236892770371416e-34,2.633887168461353e-13,0.990234953018606,5.441333850664535e-10,2.8337880659166874e-17,1.6455035341774452e-15,0.0006524432162987843,0.009112603220696614,4.69973043970034e-18,5.965663377135723e-35
4.059242667781908e-33,1.0113127498834558e-12,0.9902263089180946,2.0478569691239722e-09,1.5894987581539656e-16,9.188923703867833e-15,0.0008757158525282135,0.008897973180499332,2.6361237245735065e-17,3.3461978905140526e-34
5.12416194810914e-33,1.4136686288326446e-12,0.9831092776170535,2.8806929167190295e-09,2.0064946575564773e-16,1.1637893147133936e-14,0.001920223059998901,0.014970496440829147,3.3276959970393126e-17,4.224053919590998e-34
6.827500365595385e-33,1.6472478683867296e-12,0.9855848773734099,3.241759080155787e-09,2.673479578517597e-16,1.5505894109329602e-14,0.0016587189567275145,0.012756400426440455,4.433865622153214e-17,5.6281846616780464e-34
8.826925997856234e-33,2.109096497621333e-12,0.9853572594006946,4.127512412538202e-09,3.456404740312342e-16,2.0056836704974163e-14,0.001832229840540883,0.012810506629122453,5.732318114775528e-17,7.27639206893977e-34
6.283105882785538e-33,1.2617618013337172e-12,0.9884782141783583,2.4910605234725933e-09,2.4603082533226977e-16,1.4192469807595414e-14,0.0010128830022179459,0.010508900327086818,4.0803285337332034e-17,5.1794182736904055e-34
4.9915492337769306e-33,1.2058850234220118e-12,0.9895978662520081,2.423186896034239e-09,1.9545668233621335e-16,1.1300337079214101e-14,0.0009964583134762952,0.009405673010111294,3.2415754432268854e-17,4.114735896188306e-34
3.7696119565754e-33,1.1064144003611011e-12,0.9915929940890402,2.2530844905094024e-09,1.4760865857727456e-16,8.547442928006042e-15,0.0007449724346331397,0.007662031222126882,2.4480339462174374e-17,3.1074435823374297e-34
3.2863472386628125e-33,8.409265409486978e-13,0.9872744842010118,1.7380027903281124e-09,1.286852112435796e-16,7.441755818780633e-15,0.0009464409688905681,0.01177907309124632,2.1341956285870292e-17,2.7090689316978314e-34
7.975333300337694e-33,1.4164291738473935e-12,0.9945774939191036,2.464000664589212e-09,3.1229426482051774e-16,1.8049523161458598e-14,0.00029905395283992764,0.005123449662621027,5.17928265629701e-17,6.57438976919285e-34
1.5153356474545362e-33,5.207862674685948e-13,0.9932583504176663,1.0936396619509389e-09,5.9336791599728e-17,3.4393340625352048e-15,0.0004726198650135838,0.006269028623156165,9.840782587752393e-18,1.2491524557470845e-34
3.705590799130636e-33,1.0705410446736928e-12,0.9892381208046291,2.1686954776515274e-09,1.4510174791138328e-16,8.410362754439458e-15,0.001133374292046556,0.00962850273354978,2.4064578239361598e-17,3.0546683531819374e-34
3.247801283492523e-33,1.0386407588212654e-12,0.992410233963393,2.1016132621891837e-09,1.2717585009337072e-16,7.37308491362014e-15,0.000601776184761055,0.006987987749186601,2.109163497417686e-17,2.6772939420175137e-34
2.8993994481891017e-33,9.682787492636254e-13,0.9917015687045594,1.9805205143763985e-09,1.1353329755235452e-16,6.581217559827537e-15,0.0006916256482961926,0.0076068036656490624,1.882906908094991e-17,2.3900922194901506e-34
5.6987129504458566e-33,1.4888147823675569e-12,0.9875060302420733,2.8988631584522554e-09,2.2314745659288293e-16,1.2943882473314855e-14,0.0013159071695640376,0.011178059687997437,3.7008167299896593e-17,4.697679546181683e-34
3.998252633199902e-33,1.2308840283653613e-12,0.990403233302109,2.461278724746417e-09,1.5656165953388997e-16,9.078082452524035e-15,0.0008759159045547323,0.00872084833081746,2.5965161590002315e-17,3.2959213385156963e-34
2.4317444377880406e-25,0.0004368921760260541,1.4874564334419096e-50,0.9995631078239738,1.471771831469616e-65,1.3866895731359266e-54,1.0043561698597811e-63,1.0616075017747445e-56,1.1388114403758862e-64,2.002342875714082e-26
1.447211323425154e-33,4.949608596918682e-13,0.9905170398863418,1.0311037473717058e-09,5.66692114530025e-17,3.2874585785462874e-15,0.0009022953230751208,0.008580663758981087,9.39837469477443e-18,1.1929948204401076e-34
1.0896048184664528e-32,1.4780036693722962e-12,0.9950802873365128,2.4383940337944415e-09,4.26662196424977e-16,2.459603877000914e-14,0.0002583026496109091,0.0046614075739792446,7.076031612081778e-17,8.98205316470694e-34
2.760546713735197e-33,8.436365693357191e-13,0.9878027585934365,1.8013147218884885e-09,1.0809616973835242e-16,6.266021765557034e-15,0.0007628662479134911,0.011434373356485419,1.7927341712454443e-17,2.275630295149064e-34
4.5247698794695224e-32,1.6984471540605711e-12,0.9954435117442754,2.528754455935713e-09,1.7717866133277227e-15,9.999217364592642e-14,0.00021882280968092525,0.004337662915488763,2.938441485214293e-16,3.7299507974515395e-33
5.981521236204742e-33,1.5291163012415722e-12,0.9837823298228272,3.326958342542934e-09,2.3422152773859114e-16,1.3561675250756036e-14,0.0011465040798676674,0.01507116276880398,3.8844759099632866e-17,4.930809853156749e-34
3.974425979071274e-33,1.159870353422192e-12,0.9822601997661417,2.4210718703163114e-09,1.5562866535010948e-16,9.025666392342487e-15,0.0016566640066752508,0.016083133804942126,2.5810428209365063e-17,3.2762800639459273e-34
3.279984502842585e-33,9.767827457123355e-13,0.9855392734056305,2.1098740951032603e-09,1.2843606398546117e-16,7.44209289195214e-15,0.0009432527265406926,0.013517471756970186,2.1300636583346936e-17,2.7038238712464002e-34
1.6011438573146403e-32,1.7019899311591465e-12,0.9899199054967355,3.1966598532609755e-09,6.2696797860435e-16,3.5714368877301177e-14,0.0008639413658736784,0.009216149938992628,1.0398028437490138e-16,1.3198876332967337e-33
3.8877485961218124e-33,1.1408701665509689e-12,0.9914779163602919,2.3478881723031287e-09,1.5223459756797668e-16,8.817663788376584e-15,0.0006583656586367565,0.007863715632033273,2.5247533681624117e-17,3.2048283918685715e-34
7.020884293518175e-33,1.5808696048542132e-12,0.9868700045193881,3.1693837215384e-09,2.7492038835877017e-16,1.591699235990555e-14,0.0015175065980481202,0.011612485711582927,4.559451467624084e-17,5.7875988540865395e-34
2.696144952770124e-33,8.630056434694589e-13,0.9796160762983908,1.861364100319604e-09,1.0557435587805943e-16,6.126020010052554e-15,0.0013860195426483289,0.018997902296727452,1.7509108715585718e-17,2.2225413191198304e-34
4.188057553097792e-33,1.2546555131565337e-12,0.9802935602099134,2.6240768057471944e-09,1.639939475174531e-16,9.520726227547413e-15,0.0020092636585067416,0.01769717350623872,2.7197779303092853e-17,3.4523852098709316e-34
2.649565415873972e-33,8.011416128451182e-13,0.9846078868875848,1.6396802357747225e-09,1.0375041731504974e-16,6.0244089236587675e-15,0.0009275586185473136,0.014464552853380268,1.7206615514280034e-17,2.184143923137541e-34
3.907597221904382e-33,1.0611997528819502e-12,0.9869194167148221,2.1674875719521848e-09,1.530118173112863e-16,8.869959653051726e-15,0.0014337295118499634,0.011646851604770024,2.5376433595165463e-17,3.221190416797603e-34
2.0747962392690648e-33,7.124295889426655e-13,0.9871907202271015,1.473504307547715e-09,8.124388071649789e-17,4.714419620371377e-15,0.0013228833169101756,0.011486394981766788,1.347399112265362e-17,1.7103384466744199e-34
1.9564097676734424e-33,6.825274069613996e-13,0.9940182608977624,1.3979097522124971e-09,7.660816162468955e-17,4.4429704390872876e-15,0.0004333308789711304,0.00554840682466981,1.270517422140096e-17,1.6127476904816793e-34
6.559611103416744e-33,1.701845329316732e-12,0.9828240692184154,3.5485531702579e-09,2.568580843793412e-16,1.489540717844306e-14,0.0015575678683072984,0.015618359363007121,4.25989492154833e-17,5.407352709179045e-34
3.1380842966469074e-33,9.425576796107498e-13,0.9907957619136649,1.9330152327786776e-09,1.2287960389276007e-16,7.116306462604669e-15,0.0007597377358226818,0.00844449841654745,2.037911856091515e-17,2.586849792706044e-34
6.017799615986474e-33,1.1991634570923985e-12,0.9936762980452909,2.2171324157144478e-09,2.3564211175876784e-16,1.3627729157276074e-14,0.0003282870589500864,0.005995412677413696,3.908035474665636e-17,4.960715588741469e-34
2.7633126659253983e-33,8.918438282713826e-13,0.9892292825810535,1.8284373557513119e-09,1.0820447611288936e-16,6.273662208428152e-15,0.000980037066294786,0.009790678523316271,1.794530423403439e-17,2.277910381397067e-34
1.561681799782423e-33,5.116712788329653e-13,0.9922265121100774,1.0328821576785089e-09,6.115159227864054e-17,3.548326463102836e-15,0.0004558691989600158,0.007317617657565074,1.014176058222633e-17,1.2873574633914685e-34
3.086605833973126e-33,8.054312069875418e-13,0.9899025479106074,1.6316514616537584e-09,1.2086383404319542e-16,6.991606544385809e-15,0.0007938145415887752,0.009303635915339826,2.0044810365566434e-17,2.5444140140882458e-34
2.3304898178785616e-33,7.499521585132885e-13,0.9816012611071726,1.578877056235551e-09,9.125620808376579e-17,5.298630888334499e-15,0.0012906802466733718,0.017108057066521493,1.5134497896304225e-17,1.921117004002852e-34
2.3614032953371326e-33,8.215440196951665e-13,0.9915082578863643,1.6873550389259133e-09,9.246670294776002e-17,5.362935434836593e-15,0.0007188358179560097,0.007772904607497571,1.5335253741621928e-17,1.9466002336410657e-34
1.8935701195712657e-33,6.197576589756664e-13,0.9939089847278109,1.2263064661890187e-09,7.414751683243472e-17,4.302031533088396e-15,0.00040366212653665187,0.005687351918721912,1.2297085611911761e-17,1.5609464272585937e-34
9.692156521263918e-33,1.2305991237005479e-12,0.995574763982588,1.9750335689482725e-09,3.7952081083481137e-16,2.191329091263071e-14,0.00021277006610038383,0.00421246397502516,6.294209286922346e-17,7.989636580093176e-34
1.0171952223945866e-33,3.8197757599798474e-13,0.9914110617206982,7.96066474107469e-10,3.98308466185883e-17,2.3123383517100693e-15,0.0007466668278886289,0.0078422706549626,6.605795443855512e-18,8.385151581188032e-35
5.1885697483472474e-33,1.454803670573878e-12,0.9929480608886309,2.8644055646738167e-09,2.0317152313325176e-16,1.1760780903448392e-14,0.0005260298130721833,0.006525906432424749,3.3695231536317373e-17,4.277147874037226e-34
8.739894924298714e-33,1.7725351542063583e-12,0.9905557302217401,3.4334411688733896e-09,3.4223256985380576e-16,1.9773887514953604e-14,0.0007801694050370697,0.008664096937988974,5.675798563872548e-17,7.20464883539062e-34
1.9831200806751045e-33,6.663853507063995e-13,0.9929573664877388,1.3829989803632443e-09,7.76540704747427e-17,4.499343694134474e-15,0.0005317781266827552,0.006510854001908481,1.2878634157626672e-17,1.634766081678274e-34
3.309165813148026e-33,1.0040003717555512e-12,0.9818550349351346,2.1369528276614253e-09,1.295787315848736e-16,7.518875947332621e-15,0.0013662927212941688,0.016778670205606742,2.149014423429427e-17,2.727879205449876e-34
3.7810034479644205e-33,1.041276533582982e-12,0.9879947840333133,2.109296301799383e-09,1.4805471937014347e-16,8.573487457834653e-15,0.0011340924569521555,0.010871121399388518,2.455431710008165e-17,3.116834049371661e-34
2.8816053863015074e-33,8.209192490275498e-13,0.9910476948218558,1.6865902316398242e-09,1.1283652527452067e-16,6.5311188348282765e-15,0.0007593027487643325,0.008193000741961986,1.871351169190042e-17,2.375423854668178e-34
1.783012365724435e-33,6.372913465078302e-13,0.9911273254770366,1.3103091853601863e-09,6.981834842403932e-17,4.051951691739351e-15,0.000763381178064985,0.008109292033947859,1.1579109510074326e-17,1.469809199706641e-34
1.2380089054166316e-32,1.6312351629192609e-12,0.9947505093459238,2.694181239013133e-09,4.847735323376741e-16,2.7937549614406968e-14,0.00028353647161019326,0.004965951486625188,8.039786466086252e-17,1.020540806939832e-33
1.7835660575732877e-33,5.747863108941261e-13,0.9908217678124065,1.187346403791062e-09,6.984002920111864e-17,4.04813802552064e-15,0.0007796657719811827,0.008398565227686871,1.158270502766539e-17,1.4702656302894515e-34
1.285733387090119e-33,4.384431361854247e-13,0.9922595001280299,8.948607021305375e-10,5.0346136230670887e-17,2.92240345954291e-15,0.0004916410259086451,0.007248857950759338,8.349716486149897e-18,1.0598820272046857e-34
2.1092654190209334e-32,1.6309548530652163e-12,0.995201660718574,2.537557967189436e-09,8.259358376586761e-16,4.734709937561619e-14,0.0002383848460900392,0.004559951896098643,1.3697834933413867e-16,1.7387527855088308e-33
1.9605839235963217e-33,6.912863807926597e-13,0.9928816737810453,1.4400671526614508e-09,7.677161062509625e-17,4.452836667987735e-15,0.0005540593295430829,0.0065642654486486145,1.273228173413829e-17,1.6161886160155664e-34
1.4070885486098022e-33,4.963903524651163e-13,0.990856865661169,1.034649476139929e-09,5.5098103233011236e-17,3.1966582451695898e-15,0.0008016703032067092,0.008341463000475254,9.137812318802619e-18,1.159919994558347e-34
4.323361664612035e-33,9.545495601576959e-13,0.9955053813054426,1.6810843589367697e-09,1.6929213318985363e-16,9.805519411452948e-15,0.00023474689919668557,0.004259870113311788,2.8076460559894916e-17,3.5639218608133192e-34
3.137972214398762e-33,7.569280767798916e-13,0.9950606282396277,1.4121729894508432e-09,1.2287521978073684e-16,7.11653576535219e-15,0.00025458856156594385,0.004684781785869183,2.0378390697567636e-17,2.58675739877619e-34
1.0724237883993063e-33,3.536380223572034e-13,0.9960952063885351,6.978052610572262e-10,4.1993461348739247e-17,2.437070781692612e-15,0.00020847302838420295,0.0036963198849192078,6.96445675520243e-18,8.840422985698794e-35
3.65326233520124e-33,1.1327958957861318e-12,0.9902862688168366,2.240243414800902e-09,1.430526965081615e-16,8.300126906589287e-15,0.0008810183707372182,0.008832710571041482,2.3724751006264258e-17,3.011531884154314e-34
3.418474173422115e-33,1.1195612731456786e-12,0.9925404817574242,2.2797710187873163e-09,1.338589765819167e-16,7.760127437235744e-15,0.0006010920268984803,0.00685842393477871,2.2200006491451062e-17,2.817986507353206e-34
2.4974343692533067e-33,8.440728517633679e-13,0.992666605165415,1.7501769483395757e-09,9.779334298469083e-17,5.667348187690266e-15,0.0005683515862969687,0.006765041497261219,1.621865665564432e-17,2.058736149090386e-34
1.1911061093695271e-32,2.1965287728449625e-12,0.9864496592699452,4.34559347128254e-09,4.664075128740285e-16,2.7011730796902428e-14,0.0009633278600867056,0.012587008522150602,7.735194374504678e-17,9.81876935366519e-34
7.417880186784676e-34,2.6865918387205684e-13,0.9950803782819657,5.596207886752345e-10,2.904658272819964e-17,1.6849188592597966e-15,0.0003205743791037518,0.004599046779039468,4.8172658982238725e-18,6.114858623780724e-35
6.238093715958128e-33,1.5515282655104232e-12,0.9838697354635149,3.1227761779309154e-09,2.442682640116747e-16,1.4169890176915575e-14,0.001671952473434433,0.014458308938708477,4.051097452524873e-17,5.142312924241651e-34
6.483839764175508e-33,1.5001598615361515e-12,0.9922984291270056,2.9291603808157757e-09,2.5389107540913563e-16,1.4679728583945395e-14,0.0005597021609763304,0.007141865781342593,4.2106878240721565e-17,5.344891329980694e-34
6.483839764175508e-33,1.5001598615361515e-12,0.9922984291270056,2.9291603808157757e-09,2.5389107540913563e-16,1.4679728583945395e-14,0.0005597021609763304,0.007141865781342593,4.2106878240721565e-17,5.344891329980694e-34
6.516925953003936e-34,2.494204892127457e-13,0.9915243101660346,5.25646649027285e-10,2.5518668894410993e-17,1.4816532947366194e-15,0.0007142739479274687,0.007761415360140313,4.2321748020973265e-18,5.372165613467503e-35
4.2084319310225594e-33,8.875864339104253e-13,0.9957511260045026,1.5382359611572902e-09,1.6479177082643542e-16,9.544314297102396e-15,0.00021196108345933028,0.00403691137290498,2.7330092243049715e-17,3.469180633552671e-34
1.6419881676554118e-33,5.695726743629491e-13,0.9903431410870361,1.164955967939347e-09,6.429619052215572e-17,3.7329139383155345e-15,0.0008432324528348097,0.008813625294599815,1.0663280457976742e-17,1.3535572500916509e-34
3.999022946208015e-33,1.1854614323436031e-12,0.9914392592785898,2.375239471641979e-09,1.5659182412890637e-16,9.074135250659552e-15,0.0007547105832403397,0.00780602776173556,2.597016387760883e-17,3.296556338680442e-34
1.8407718325150588e-33,6.1389923329964e-13,0.9925267864926017,1.2755720993952996e-09,7.208006570499331e-17,4.178437746785632e-15,0.0006239103107742608,0.006849301920433781,1.1954206640815972e-17,1.5174226640274654e-34
6.200064235479198e-33,1.518302045714098e-12,0.9901723719715333,3.0467953182652365e-09,2.427791236944415e-16,1.4044340669034365e-14,0.0009217365982339513,0.00890588838190481,4.026400459804131e-17,5.110963685536125e-34
6.656165026894483e-33,1.158272800202124e-12,0.9944387621309484,2.0503131506286567e-09,2.6063891587489844e-16,1.506592554407051e-14,0.00028924973984655717,0.005271986077718233,4.322598047690722e-17,5.486946013030131e-34
1.1640675141926865e-32,1.7105163361719385e-12,0.9935068639860626,2.9971570299595912e-09,4.558198977933388e-16,2.6276949763347758e-14,0.0004043692184186321,0.006088763796624533,7.559601774421221e-17,9.59587927896895e-34
2.175901757049452e-33,6.945063758647827e-13,0.9946203520157065,1.3746973029147032e-09,8.520292429696966e-17,4.939852983933013e-15,0.00033922924469289044,0.005040417364203711,1.4130583065380667e-17,1.7936838137797892e-34
1.794114499188101e-33,5.92893828672803e-13,0.9880926568055192,1.22482674125849e-09,7.025307953891936e-17,4.074368595322239e-15,0.0012702329166703994,0.010637109052386693,1.1651208050440519e-17,1.4789611373011046e-34
1.667003992438319e-33,5.871024824922953e-13,0.9880952535127875,1.231324657281848e-09,6.527574760102721e-17,3.788677675549766e-15,0.001149649469157309,0.010755095786139646,1.0825736371605262e-17,1.374178806122883e-34
5.660624334906366e-33,1.6088011251376876e-12,0.9921676299528118,3.1922555237321295e-09,2.216560047721206e-16,1.2829231186958743e-14,0.0006376547789268253,0.007194712074383726,3.67608139586256e-17,4.6662815600542645e-34
5.107220746273359e-33,1.4207896629554482e-12,0.9850022094391213,2.932010378284185e-09,1.9998609292251058e-16,1.1597841405272222e-14,0.0014058335566943508,0.013591954070741404,3.316694159369327e-17,4.21008860180017e-34
6.194691434533416e-26,0.0005520240538696648,2.3602748237015162e-51,0.9994479759461304,2.3353867192013255e-66,2.2003793954412657e-55,1.5936981604657555e-64,1.6845437639430857e-57,1.8070498814158626e-65,5.097370238264255e-27
4.6579618989628595e-33,1.2738925091114053e-12,0.9931123368184797,2.49229077966585e-09,1.823942400184116e-16,1.0564951727907708e-14,0.0004592020506922953,0.006428458637252616,3.024939700430317e-17,3.8397463655261752e-34
2.470215656908671e-33,7.927684809681274e-13,0.9924176963723601,1.6323938662003072e-09,9.672752633546923e-17,5.6105428228840906e-15,0.0005042823279515073,0.007078019666495914,1.6041895103461818e-17,2.036298663755246e-34
2.4266460560492347e-33,8.196652711608672e-13,0.9931691224477732,1.7000617992071984e-09,9.502144822320399e-17,5.506562350827551e-15,0.0005102773461639701,0.006320598505175688,1.575894831760847e-17,2.00038247977257e-34
9.626421218201646e-33,2.0386030263232296e-12,0.9857731599597981,4.384808598649315e-09,3.769467244761022e-16,2.1779617638822126e-14,0.001052964313749474,0.013173871339583086,6.251520007097156e-17,7.935448311383567e-34
9.284682540583458e-33,2.113010209696727e-12,0.9914536437488973,4.174761493346744e-09,3.635650916074316e-16,2.099520567054909e-14,0.0007089120012495017,0.007837440072957403,6.029590528011789e-17,7.653739299200292e-34
1.6011166265231688e-33,5.530391710909234e-13,0.9928595150872648,1.1541748148320792e-09,6.269576206543302e-17,3.634349384772956e-15,0.0005521714401952397,0.006588312317808305,1.0397855224400386e-17,1.3198651858540864e-34
