i = 0,i = 1,i = 2,i = 3,i = 4,i = 5,i = 6,i = 7,i = 8,i = 9
0.0015802526466355492,0.1540909955664083,7.498438167552832e-15,0.007195997757060561,6.76342300330058e-13,1.0631027912924217e-06,9.752681264841833e-38,5.0971655768055984e-48,5.79747254382919e-13,0.8371316909258407
0.001772991791925673,0.13822634113382015,8.21404203999655e-15,0.007728934967153963,6.846380267438529e-13,9.418084681087579e-07,1.068341594578098e-37,5.583607063817437e-48,5.969905291722118e-13,0.8522707902973422
0.002016108421678276,0.16854925230106668,9.32244952941489e-15,0.00834050318842684,8.173124061549809e-13,9.889410380836565e-07,1.2125042148188907e-37,6.337062165444182e-48,7.749298761469722e-13,0.8210931471461886
0.0018266957983597918,0.08721628009175646,8.554703595412587e-15,0.008231003818549338,6.901266391769252e-13,7.047969781144837e-07,1.1126490027540722e-37,5.815176403180761e-48,6.22069461170527e-13,0.9027253154930356
0.0028017850457872696,0.09401198726709593,1.5082482400243207e-14,0.013519798360697097,7.423122951531702e-13,1.7667184736706266e-06,1.961670421809274e-37,1.0252523050384044e-47,8.06842672749428e-13,0.8896646626063818
0.1718974079819561,3.069220818843035e-76,7.739006264300996e-57,0.8281025919664338,2.740475185362414e-11,2.452431601050577e-57,1.1806928112060387e-72,1.710314371755219e-48,2.4205244845307333e-11,2.8493566117510665e-77
0.004390560497286591,0.11120359229742492,2.5386114962066432e-14,0.017916534717536254,9.134899065876183e-13,1.9683284246504227e-06,3.3017900841813887e-37,1.7256557762836283e-47,1.291279922330844e-12,0.8664873441570975
0.0018889104040036649,0.061020925102479744,1.0947004636806402e-14,0.008410574609769067,6.906789892543652e-13,7.663639925413268e-07,1.4237984592589178e-37,7.441375656360182e-48,6.556553717976569e-13,0.9286788235183977
0.002484582014015389,0.09575776822239757,1.2848603089804568e-14,0.011108520913944826,6.965602547176943e-13,1.3337322796600478e-06,1.671125745203878e-37,8.73401313100839e-48,6.655208407837673e-13,0.8906477951159877
0.0028147567160116227,0.06931171365349899,1.5457686936191374e-14,0.011172513262440946,7.609409171213054e-13,8.598494985599081e-07,2.010470588376196e-37,1.0507573453870522e-47,7.95604815342787e-13,0.9167001565169779
0.0010268407788514345,0.04995431736140166,4.850647785254297e-15,0.005385659862674366,4.771890744379357e-13,5.624502253334136e-07,6.308890029444813e-38,3.2972939659029934e-48,3.535990043341494e-13,0.9436326195460115
0.001653880125026689,0.05518293461839133,8.28633506994516e-15,0.008174054952675818,6.292749357676315e-13,7.860568040416685e-07,1.0777442320495713e-37,5.632749242003399e-48,5.235503623605828e-13,0.934988344245941
0.0014427945574978754,0.06472520915563484,6.916425433477592e-15,0.00739738844096357,5.357983830663558e-13,8.176962777793537e-07,8.995699005134175e-38,4.7015344870924485e-48,4.3961291659995337e-13,0.9264337901486437
0.002321773524713507,0.10468645595201002,1.1517792147190127e-14,0.011040265671872301,7.561546498979768e-13,1.3047313533584274e-06,1.4980366999544623e-37,7.829376242742592e-48,7.501146845225529e-13,0.8819502001185331
0.0016933823727066355,0.16939324627738359,8.371129561976243e-15,0.007577153943767729,6.708566965151749e-13,1.435305534617188e-06,1.0887728435109208e-37,5.690389451064068e-48,5.822725118987576e-13,0.821334782099346
0.0011569139769574998,0.06356075463447944,5.345673813825583e-15,0.005945625649736995,5.154827371986306e-13,5.469095534646152e-07,6.952734917451782e-38,3.633794658464549e-48,4.0846564267672637e-13,0.9293361588283434
0.0014065791093133193,0.039003116160003216,9.33388518166029e-15,0.007541802946942574,8.034803937671353e-13,6.447518898553024e-07,1.2139915700913941e-37,6.344835716009004e-48,7.199622193547117e-13,0.9520478570303182
0.0012084035420159864,0.0822181824927068,5.659543468008849e-15,0.006102609316400696,6.02289065990505e-13,7.801429411475405e-07,7.360962685670154e-38,3.8471518339071744e-48,4.706820997099941e-13,0.9104700245048567
0.0015086547635921566,0.06410258733303759,7.113179374202394e-15,0.007651809396356811,5.864989201932949e-13,7.156203728578314e-07,9.251602760445637e-38,4.835280661824021e-48,4.57709737039154e-13,0.9267362328855893
0.0011872185543558684,0.16346311632736968,5.494221845470047e-15,0.00577797922464309,5.894957549563586e-13,1.2405732749602695e-06,7.145940693251201e-38,3.7347722053464514e-48,4.329646902022356e-13,0.8295704453193283
0.0009958436325993426,0.05713392377287707,4.582181262946093e-15,0.005253815676217999,4.652358041805707e-13,4.95953410468161e-07,5.9597148597819e-38,3.1148001873461985e-48,3.470532435019984e-13,0.9366159209640783
0.0005911828508088533,0.05216297405960773,2.685095602870913e-15,0.0032459813933474286,3.17552438656381e-13,3.5300973789468375e-07,3.492311465299297e-38,1.8252303444570518e-48,2.1741140781274987e-13,0.9439995086859604
0.0029501790481852573,0.18789371972553842,1.4753800037254068e-14,0.01109727755837938,9.341037861539736e-13,1.8503524437682187e-06,1.9189210598391597e-37,1.0029096722436675e-47,1.0238625037578313e-12,0.7980569733134804
0.0014704529319777755,0.082882496331538,6.809869283720252e-15,0.0066948075868723395,5.811210299905495e-13,5.695858281152033e-07,8.857109054810167e-38,4.629101490986102e-48,5.11670233831155e-13,0.9089516735626841
0.0018628680616071965,0.09443558661399093,9.009447043277893e-15,0.007707001225445501,6.20485096112028e-13,6.372891197398115e-07,1.1717942249103422e-37,6.124294462328518e-48,5.92252379758742e-13,0.8959939068086149
0.0023827873659015672,0.11092430435381195,1.2098901274467148e-14,0.01129736591301683,7.210721054453079e-13,1.4095103594537829e-06,1.5736174005466347e-37,8.224393094895935e-48,7.61826039188621e-13,0.8753941328554151
0.002015622544224998,0.09599711817166638,1.0274473185803698e-14,0.00826381447868025,6.800605686580013e-13,8.211691755357932e-07,1.3363271113551198e-37,6.984213229552156e-48,6.496259073666281e-13,0.8937226236349128
0.0014577544622574727,0.08571610170752988,6.820066163184489e-15,0.007077149045672254,5.909339892903908e-13,7.418890128325832e-07,8.87037140519419e-38,4.6360329587547324e-48,4.785189397464986e-13,0.9057482528944513
0.0023279982894382142,0.15671909466156164,1.1084975053250434e-14,0.009673323344727782,7.999898906381214e-13,1.4869647593580943e-06,1.441743281361932e-37,7.535162920622699e-48,7.171368570479587e-13,0.8312780967379848
0.00805606845948627,0.1266008647567426,5.599391998541048e-14,0.019383043110553017,1.2615279926731157e-12,1.9650872795054984e-06,7.282727980344093e-37,3.8062630530611207e-47,2.0661621426739422e-12,0.8459580585825549
0.0020738028978624957,0.08777786720136672,1.1469525924204893e-14,0.008697466710809851,8.179031273237902e-13,8.981060085687246e-07,1.4917590589014816e-37,7.796566623510855e-48,8.916196491562722e-13,0.9014499650822314
0.007851549456105921,0.10568362457993763,5.950850051541615e-14,0.025343192291616422,1.0513267673700865e-12,2.1474342194187724e-06,7.739844302874596e-37,4.0451714640432404e-47,1.9860851852767224e-12,0.8611194862350237
0.0025242158443936165,0.049009950366824435,2.1766187448233285e-14,0.011453277804873692,1.0631254561204648e-12,7.263265579441047e-07,2.830972052607151e-37,1.4795862700309298e-47,1.3217876472784558e-12,0.9370118296549436
0.002143359125909941,0.0916403410349577,1.0486441366990287e-14,0.01015485696420543,6.664415728117543e-13,1.1963459428657897e-06,1.3638962940727888e-37,7.128301491347148e-48,6.363341656289181e-13,0.8960602465276708
0.0052443946088624755,0.14989643287749485,3.0673951923580234e-14,0.015548151620897298,1.0242044547667963e-12,2.266912295370546e-06,3.989541151473868e-37,2.0851037035169383e-47,1.2655795968215839e-12,0.8293087539781295
0.0038481034847335335,0.15422118448732405,2.2124878121950206e-14,0.013400010559098745,8.680530488846808e-13,2.6826497646063113e-06,2.877624375209155e-37,1.50396875587123e-47,9.377314236484253e-13,0.828528018817251
0.0025627600889849694,0.18976730134473768,1.247842863274211e-14,0.009893676699345886,9.100507729525688e-13,1.6111737668185238e-06,1.6229798038116367e-37,8.482381986235803e-48,9.610977283434223e-13,0.797774650691281
0.0016972048511805329,0.0670082709053677,8.229348868137845e-15,0.007668527988352877,5.930673569188444e-13,6.722895924424896e-07,1.0703324448735217e-37,5.594012093284552e-48,5.253084887237502e-13,0.9236253239643798
0.0018127129666256517,0.15833201735964025,9.058324344032157e-15,0.00876022615459375,6.849477066944356e-13,1.7257535194454245e-06,1.178151344721455e-37,6.157519471317222e-48,6.64214499101523e-13,0.8310933177642628
0.0008525667270840863,0.15725186693018298,3.906191232744812e-15,0.004470407232806393,4.32732972162097e-13,7.1228627193566e-07,5.080503057132773e-38,2.65528674550534e-48,3.145725857384548e-13,0.8374244468229034
0.006124702392944381,0.15080870137197355,3.319796396572073e-14,0.016334119284715013,1.1924455789103401e-12,1.7026784300692665e-06,4.3178213100944874e-37,2.2566768615674844e-47,1.8208321825276866e-12,0.8267307742688905
0.006820265203317377,0.1451804959014718,3.7126703098189254e-14,0.017906572249813017,1.1805989960909065e-12,1.9064295793443828e-06,4.8288042578747255e-37,2.5237382594570543e-47,1.7172240494015196e-12,0.8300907602128835
0.004588111288556601,0.14775618138618776,2.5104077350543583e-14,0.01369263384761393,1.0041337894121343e-12,1.3590425168690474e-06,3.2651074712507213e-37,1.7064838842859345e-47,1.3631118067992205e-12,0.8339617144327325
0.0016177978156166131,0.10612766543554818,7.850987696334457e-15,0.007286970082679019,6.414466479136255e-13,7.961435480709784e-07,1.021121718111977e-37,5.336815927792315e-48,6.064570744241381e-13,0.8849667705213523
0.0018506580096576436,0.05891150028665534,9.128431528950307e-15,0.00900573908170564,6.224464678973387e-13,8.809351085904009e-07,1.1872696853524926e-37,6.205175793430059e-48,5.228571405711232e-13,0.9302312216857185
0.0023124889226775113,0.05806707958222979,1.503228627574576e-14,0.01160896120201104,8.250859034795558e-13,1.3151814346481048e-06,1.955141772448725e-37,1.0218401555094751e-47,7.760429254265171e-13,0.9280101551100308
0.005327475896683578,0.1106404797232422,4.0810652682745003e-14,0.017325701163116634,9.900648698080984e-13,2.810331061179377e-06,5.307949196744955e-37,2.774159761235681e-47,1.2140122268278751e-12,0.8667035328836514
0.000792511049858025,0.05865111580350989,3.7254081752847435e-15,0.004485524012661885,3.708506616946226e-13,6.164345466157675e-07,4.845371491130483e-38,2.532396999424142e-48,2.5429856268833936e-13,0.9360702326987946
0.003282045818674528,0.1522191016228523,1.6464033460631934e-14,0.011362018201783916,8.972214740030657e-13,1.2042969568135972e-06,2.1413588672525313e-37,1.1191651207852784e-47,1.0132574705517805e-12,0.8331356300578054
0.00468995910615698,0.08750408402388896,2.6272784361271702e-14,0.015902662114132146,9.924161830233613e-13,1.1214829875085372e-06,3.417112824862376e-37,1.7859283401108788e-47,1.274437505141984e-12,0.8919021732705413
0.0006618811715649517,0.042660908111549586,3.135437877748375e-15,0.0036945849475424975,3.841087417212257e-13,4.811685935408287e-07,4.0780393954632966e-38,2.131356645720313e-48,2.547425721129682e-13,0.9529821446001074
0.002292141480125512,0.03605662660768217,3.762229518296944e-14,0.011283623959957873,1.4135170098820506e-12,4.717916145701314e-07,4.893262392834375e-37,2.5574268193247743e-47,2.9268738695431863e-12,0.9503671361562418
0.001694559060548534,0.052536607444700754,1.0880677199369184e-14,0.008815833042154483,7.423287774907663e-13,9.313080391256173e-07,1.415171724448581e-37,7.396288675127649e-48,7.164552671344578e-13,0.9369520691430875
0.0008983742688962792,0.08870485324389975,4.131786101949774e-15,0.004777210525388824,4.3183558533431073e-13,6.421048678520429e-07,5.373918141574321e-38,2.808637934528867e-48,3.0587800136591466e-13,0.9056189198562055
0.0017233899561763617,0.14889447745412973,8.436437417513588e-15,0.007865728376209998,6.366100630865634e-13,1.5611667993276875e-06,1.0972669682709724e-37,5.734783355833732e-48,5.205822478413395e-13,0.841514843045519
0.0017047277903329272,0.1357495925446286,8.510666545984448e-15,0.00784080560200084,6.091175884356275e-13,1.5673375894422413e-06,1.1069214194038007e-37,5.785241619198295e-48,4.980530292072373e-13,0.8547033067243326
0.002456979182585953,0.1490445541634147,1.1736817608697087e-14,0.009989434162472183,8.82771901215216e-13,1.2573167890807064e-06,1.52652377242798e-37,7.978261786371949e-48,8.876267778011172e-13,0.8385077751729559
0.0010136323654676262,0.09214836885123913,4.715993887156253e-15,0.005168064202720584,4.625121089920388e-13,5.775453383167004e-07,6.133755348838979e-38,3.205761141129255e-48,3.5805565673865867e-13,0.9016693570344091
0.0009022548322599912,0.057537151750073325,4.124987887717749e-15,0.0047431423067313076,4.068641078352466e-13,4.904033973569058e-07,5.365076193844473e-38,2.804016756990443e-48,2.989040299433185e-13,0.9368169607068282
0.004841751951011375,0.10979094088414565,2.867913716832059e-14,0.019061402220078686,9.353193177096309e-13,2.0456142263097766e-06,3.7300898890914318e-37,1.9495034508723698e-47,1.3602169380938766e-12,0.8663038593282139
0.0033787489523053453,0.0868972821999522,1.784100788059009e-14,0.014766333217810753,8.181025145402426e-13,1.2740137896405023e-06,2.3204520663110767e-37,1.212766835482146e-47,9.311309896834243e-13,0.894956361614375
0.0024003971709563128,0.06935752240787674,1.2561978102386857e-14,0.010744830755410275,6.920460408274327e-13,1.0915440756665581e-06,1.6338464881554952e-37,8.539175895384873e-48,6.313918151202428e-13,0.9174961581203449
0.0009755560763588711,0.02944616256549231,7.022834036096094e-15,0.005657687380134964,7.289216842265984e-13,4.894581898177929e-07,9.134097054017545e-38,4.773867187352884e-48,5.938796853475187e-13,0.9639201045184942
0.0021919233493418785,0.07419871934543065,1.123032847081579e-14,0.009085393441600809,6.516840114986033e-13,7.772315327921037e-07,1.460648360373463e-37,7.633968895459333e-48,6.278358642018741e-13,0.914523186630803
0.0015124271429932908,0.09020800407470662,7.36202921581984e-15,0.007164190437200408,7.129126098523282e-13,8.342346055258323e-07,9.575263917497199e-38,5.0044397334138636e-48,6.635176824738288e-13,0.9011145441091103
0.0006984571206898237,0.09315875369456202,3.3986250168315404e-15,0.003754621229225136,4.840544997391939e-13,8.884385422192925e-07,4.420348048658903e-38,2.310261691043726e-48,3.2433465837817704e-13,0.902387279516169
0.0028026085869063146,0.07474011543573268,1.3665583011217836e-14,0.011216954098588014,7.567598893987669e-13,7.616713897694974e-07,1.7773844706021244e-37,9.289366374518667e-48,8.021660464761619e-13,0.9112395602058105
0.0011719933438308584,0.08236473676018169,5.3641400678399486e-15,0.005827785151850164,5.282525432099364e-13,5.960928807845501e-07,6.976752649005685e-38,3.6463473453805915e-48,4.177336082136201e-13,0.9106348886503051
0.0025440903742570227,0.07711449326008764,1.259836423923647e-14,0.010301290418709894,7.14351531652772e-13,7.279974880387388e-07,1.6385789710139056e-37,8.56390986142319e-48,7.146782169822468e-13,0.9100393979480158
0.007876145869316065,0.14201947575656151,4.4393666265763853e-14,0.01875405585666257,1.21312953883842e-12,1.8391105505443077e-06,5.7739660894135294e-37,3.0177199883173645e-47,1.8067311494953324e-12,0.831348483403845
0.001181889024879383,0.07305057382644954,5.5069449580872405e-15,0.005677693939094378,4.906486157306296e-13,4.992574963333501e-07,7.162488737337694e-38,3.7434209162384195e-48,3.950017822839026e-13,0.9200893439511891
0.0011492331457666634,0.10523882922621884,5.7503339090143836e-15,0.00542216882234917,5.574694886056028e-13,8.063664163598139e-07,7.479047304544389e-38,3.9088678726180653e-48,4.524944020582901e-13,0.8881889624382332
0.003972423167324662,0.11874022363758609,2.3338278635509695e-14,0.016674655958109772,8.865409871210935e-13,2.509518203747772e-06,3.0354426863547144e-37,1.5864513102699543e-47,1.1594706539724122e-12,0.8606101877167064
0.004559135729700703,0.10431992809740827,2.7586594476236616e-14,0.018878622218732273,8.779041880297912e-13,2.319434446290079e-06,3.5879906905638375e-37,1.8752363725625703e-47,1.163488407929585e-12,0.8722399945176436
0.0013382943739301463,0.07617036920413475,6.853757671036206e-15,0.006697986214101298,4.4923483382865277e-13,1.0556959719320492e-06,8.914191542731621e-38,4.658935224353412e-48,3.515002493433913e-13,0.9157922945110543
0.0034440812689645406,0.09425640894457228,2.139661023586786e-14,0.015100679642350475,7.31230541096974e-13,2.662578672966328e-06,2.782903792342592e-37,1.454463755011321e-47,7.863309585203632e-13,0.8871961675639009
0.0015249218027672206,0.15249955919008165,7.28382627747497e-15,0.0076721377923686255,6.23192331341302e-13,1.5759542220059531e-06,9.473550952555323e-38,4.9512802166063615e-48,5.208980435523837e-13,0.8383018052594091
0.0024536227686457633,0.10528781563737134,1.3036845211741564e-14,0.012213385054811744,7.545564263277645e-13,2.5384362441974954e-06,1.6956090483484914e-37,8.861973275102413e-48,7.98515246936524e-13,0.8800426381013609
0.003528358972051673,0.11682521677599565,2.3188417839056113e-14,0.013188759638339455,6.923155389370026e-13,2.618635644844747e-06,3.015951370622848e-37,1.5762643205696678e-47,7.036603511009576e-13,0.8664550459765493
0.0021709652403371724,0.10881932604570789,1.1127945687636364e-14,0.010753473355670333,6.644126602036947e-13,1.8993554889587258e-06,1.4473321647033173e-37,7.564372799431299e-48,6.443665535078442e-13,0.8782543360014758
0.0023740702030051616,0.09395821403892571,1.2030638235193004e-14,0.011571494987287805,7.046824765747401e-13,1.304411021923144e-06,1.5647389164934159e-37,8.17799036516311e-48,7.199782086777952e-13,0.8920949163583226
0.0019549187413566817,0.13325483872917956,1.0230893512459442e-14,0.009535344441495152,6.315198721947716e-13,2.3969950701636775e-06,1.3306590156412654e-37,6.95458935323124e-48,5.932233501908998e-13,0.8552525010916635
0.004367091600484936,0.10643369887993882,2.5397717143612587e-14,0.016124053076512598,8.516127005524579e-13,1.4876737236533566e-06,3.3032990973538924e-37,1.726444450678798e-47,1.097301362589558e-12,0.8730736687673657
0.002110474182867896,0.09905610630445802,1.10445288620609e-14,0.009933866986655928,6.188348236578127e-13,1.5951822679010397e-06,1.4364827364751045e-37,7.507669078073944e-48,5.529003758405505e-13,0.8888979573425674
0.4597528852593036,2.594568890338766e-76,6.542176689346601e-57,0.5402471146480783,2.7197090210711182e-11,2.0731655079050645e-57,9.98099849380201e-73,1.461297812536417e-48,6.54211012815811e-11,2.4087064628726123e-77
0.006530051529890325,0.10628499537940445,4.4802910057812885e-14,0.0174842742932416,1.0284084145868664e-12,1.3505194720166539e-06,5.82719351967718e-37,3.045538904768552e-47,1.7170432750811766e-12,0.8696993282752015
0.003031652182522358,0.09512742467472353,1.596866390182235e-14,0.011314336125058676,8.283901009239619e-13,8.886099534513556e-07,2.0769297012145177e-37,1.0854917013067651e-47,1.0146806666983888e-12,0.890525698405883
0.0038452325648299494,0.17270039362191028,1.9043451891586026e-14,0.013028894229470447,1.0666745538260126e-12,1.7992006266722085e-06,2.4768453406248343e-37,1.2945046050891308e-47,1.2875969513651919e-12,0.8104236803807894
0.0008656376282107052,0.04295069551700746,4.874807380118951e-15,0.004888507622272674,5.075087947897937e-13,8.294858892048834e-07,6.340312682828574e-38,3.313716779569324e-48,3.626202122937042e-13,0.951294329745745
0.0011486023268589961,0.05610899261823092,6.124912995574935e-15,0.0063893835621582785,5.43287240878147e-13,1.0647777443285335e-06,7.96623548714969e-38,4.1634931152940835e-48,4.4148459083230096e-13,0.9363519567140167
0.002691452891651465,0.06874282491386577,1.596485040530097e-14,0.012712328107850715,7.769915506673997e-13,1.4600188350822762e-06,2.0764337068168814e-37,1.0852324735619775e-47,8.097214182645365e-13,0.9158519340661944
0.0008444299341317836,0.05203348772635862,3.996252623896775e-15,0.004547091352883411,4.5254869506403767e-13,5.555946258378117e-07,5.197639459324575e-38,2.7165072058925067e-48,3.222759100273997e-13,0.9425744353912215
0.0013821234965992696,0.06488432575855653,6.9085196538953255e-15,0.006939589717719426,4.701499570662855e-13,8.475151621789568e-07,8.985416530700766e-38,4.6961604290972084e-48,3.7202278423010845e-13,0.9267931135111135
0.002683762252433554,0.04362561356919199,2.8075397007798617e-14,0.012380452115102818,1.0913525978173602e-12,6.492980132340716e-07,3.6515657406731215e-37,1.9084633947691644e-47,1.46449223328325e-12,0.9413095227626744
0.0005651931922000157,0.12151185382099028,2.6771417612759624e-15,0.0030750308132108835,3.641369506083582e-13,1.0908063081330092e-06,3.481966471904891e-38,1.8198236113966436e-48,2.2800786751452865e-13,0.8748468313666957
0.0024562049271821844,0.10025506993542158,1.3984837122406686e-14,0.010186057731298565,6.545206914366567e-13,1.398994032871852e-06,1.8189075668425578e-37,9.506383716777269e-48,6.573049598947467e-13,0.8871012684107389
0.0033056810482362774,0.16409168833163604,1.705504600282022e-14,0.012490959588626461,8.895835801021648e-13,2.4400934354853746e-06,2.21822763447434e-37,1.1593400043454495e-47,9.095035465718985e-13,0.8201092309362495
0.0042117458593517445,0.1525183566612299,2.2872777529495758e-14,0.013181684735922116,9.582753144589468e-13,1.3764443140373341e-06,2.9748982905136074e-37,1.5548082367428522e-47,1.2355727230796278e-12,0.8300868362969654
0.00556711163944701,0.15733625495774123,2.9482878473375617e-14,0.015700386501545958,1.1631753342984706e-12,1.7629310536756458e-06,3.834626757874982e-37,2.0041388598025714e-47,1.6438255974641445e-12,0.8213944839673756
0.0032893392384662863,0.11756249352704629,2.1600061289208306e-14,0.01206079622574208,6.609894411061087e-13,2.3280992869859374e-06,2.8093652148473015e-37,1.4682936186397522e-47,6.484918196145467e-13,0.8670850429081274
0.0030010427819602073,0.10928337048023742,1.7152172428177873e-14,0.011484076640408705,7.478394208175509e-13,1.444526410234323e-06,2.2308601768143865e-37,1.1659423076725716e-47,8.16269895979136e-13,0.8762300655694022
0.002497482808092337,0.08295720881152346,1.2680624833086423e-14,0.010499987267640868,7.645909619621441e-13,8.943040018004104e-07,1.6492780178664503e-37,8.619827625820987e-48,8.196235119378927e-13,0.9040444268071446
0.0019531832296726904,0.10466960629836058,1.1181976446261958e-14,0.00914321934608503,5.29335392198557e-13,2.3598572906157175e-06,1.4543595599169714e-37,7.601100952443716e-48,4.682242956078019e-13,0.8842316312675823
0.002794666607265935,0.04779349837103614,2.46850093583613e-14,0.013135043389867247,1.0812534518628033e-12,8.098144433454672e-07,3.210602307333471e-37,1.6779971699421879e-47,1.216749430259021e-12,0.9362759818150646
0.0010430271600392659,0.05856028348086943,4.990995720120684e-15,0.005634070646697307,4.272661470108219e-13,6.821452059274444e-07,6.491430534265758e-38,3.392697389051893e-48,3.097066980986061e-13,0.934761936566446
0.002480173029755935,0.12057034924689107,1.255612043287374e-14,0.009794549240255582,8.076517316958203e-13,9.826827636642976e-07,1.6330846215664475e-37,8.535194056907479e-48,9.187177930706245e-13,0.867153945798595
0.002260507261819347,0.07025261332400491,1.0861535242825676e-14,0.009646922676141053,6.945790825538927e-13,6.729329276568703e-07,1.412682067469967e-37,7.383276670013534e-48,6.566572734106193e-13,0.917839283803745
0.0020809060024633294,0.07741435665415365,9.80132106432366e-15,0.009205298748159917,6.647226928790619e-13,8.367495138861231e-07,1.274787605583675e-37,6.662581627007493e-48,6.006473679161994e-13,0.9112986018444341
0.0036841087143669815,0.13606525804687608,1.9216734892784488e-14,0.01186355028280291,8.79503416779771e-13,1.0721483847569222e-06,2.499383020430747e-37,1.3062837540808958e-47,1.0313376281217705e-12,0.8483860108056392
0.0028430998477782417,0.09340490841853147,1.3693944918023986e-14,0.010839631220258907,7.824758036298812e-13,9.036379543004724e-07,1.7810732997767583e-37,9.308645763003804e-48,8.177626013595901e-13,0.8929114568738632
0.14284474784985288,3.7691692087924864e-76,9.503918368783636e-57,0.8571552521015855,2.2691416372748833e-11,3.011718681366805e-57,1.4499546470292707e-72,2.100358575635193e-48,2.5870211386345348e-11,3.499164067944064e-77
0.0010413705915422267,0.10643900318503524,4.9189333980674594e-15,0.005131493632205997,4.967345287678961e-13,6.344222153625152e-07,6.397704232627267e-38,3.3437120418043367e-48,4.06581762084959e-13,0.887387498168093
0.002746382099640288,0.041883034708579195,3.191675548390933e-14,0.012895096633976018,1.150829890762603e-12,6.363996523444162e-07,4.151183718427048e-37,2.1695849764762482e-47,1.5548661700007115e-12,0.9424748501554144
0.0017965784444283052,0.07871591923488434,9.306438976886592e-15,0.00960357491229191,6.250949440895294e-13,1.81031203133807e-06,1.2104218380316533e-37,6.326178779645337e-48,5.721001548896664e-13,0.9098821170951576
0.0028301390246947187,0.03622830324130344,1.1823454062569504e-13,0.013381566372400412,1.599082200448029e-12,4.3612298864754594e-07,1.5377919754397692e-36,8.037154202666946e-47,5.998444412093929e-12,0.947559555230897
0.0035036928168994297,0.09819474273101195,1.9528602927483408e-14,0.01611558060605295,8.210254623725754e-13,1.935306753265662e-06,2.539945462942416e-37,1.327483409854224e-47,9.957490548011485e-13,0.882184048537446
0.0026086666942450438,0.14676432234385683,1.32715006600287e-14,0.011235481423070195,7.677916430223596e-13,2.2869324957609764e-06,1.7261290009430396e-37,9.021483513924095e-48,7.311556585366112e-13,0.83938924260482
0.002109164339463235,0.09112004749378635,1.085839313487208e-14,0.010805369260257961,6.366583662936916e-13,1.6182594397821851e-06,1.4122733957658534e-37,7.381140778061512e-48,5.986489905242186e-13,0.8959638006458066
0.005252907529615638,0.10122493992796859,5.499838596380664e-14,0.014919760369745799,6.776900150641097e-13,1.916872085631007e-06,7.153246058327114e-37,3.738590299507406e-47,7.509949798750739e-13,0.8786004752991008
0.002618722105137583,0.0777103754939551,1.3210302314662034e-14,0.011139843698907418,7.109169855883505e-13,9.00429360803791e-07,1.7181693722498697e-37,8.979883112683423e-48,6.933220207509571e-13,0.9085301582712216
0.004134304523715962,0.1461112342022085,2.3710894814960615e-14,0.013519614084751682,9.87568307015638e-13,1.5395437959201615e-06,3.0839062033755954e-37,1.6117804032631078e-47,1.4040804633367908e-12,0.8362333076431125
0.0018281943384465013,0.11983481400089756,8.938310941449274e-15,0.009180064186988326,6.486274661579029e-13,1.4282164292295863e-06,1.1625420612684247e-37,6.075938724305414e-48,5.994238584246493e-13,0.8691554992559813
0.002816508377593145,0.15781519637220515,1.3871668977941633e-14,0.01156298956988669,8.579192693127762e-13,1.7271750319384597e-06,1.8041885929935897e-37,9.429456106009012e-48,9.04034874971419e-13,0.8278035785035073
0.00172466118445861,0.12036647010928966,9.12787726869649e-15,0.008469968791743695,7.660554216362661e-13,2.3131079095669942e-06,1.1871975949508087e-37,6.204799018362872e-48,7.029256528074873e-13,0.8694365868051204
0.002524210357591119,0.1429792831749156,1.3229399689451772e-14,0.009896617798141813,7.996119666468319e-13,1.126118358008517e-06,1.7206532300950638e-37,8.992864809062493e-48,9.404848659598463e-13,0.8445987625492402
0.0014710722671768459,0.1469535313025873,6.8962896955288886e-15,0.006878109800243251,6.234657622924523e-13,1.093142538328648e-06,8.969509890049489e-38,4.687846942890847e-48,4.938333821983316e-13,0.8446961934863302
0.001371463057180777,0.05378031919139332,6.534953639771551e-15,0.006917333472224357,5.763294465716846e-13,6.50042294325059e-07,8.499545977307242e-38,4.442223835427434e-48,4.624982544533838e-13,0.9379302342358619
0.004071571118215764,0.127496326474935,2.1703703116995507e-14,0.015377781012583431,9.27961108071281e-13,1.8402089368942182e-06,2.8228451580698874e-37,1.4753388096703617e-47,1.1552398452480953e-12,0.853052481183224
0.00203151905593283,0.08720838370543088,1.0489950996400136e-14,0.009344722280419193,6.636629735192202e-13,1.2244137401430757e-06,1.3643527674451775e-37,7.13068721512637e-48,6.116803205458543e-13,0.9014141505431911
0.002377874941279494,0.05073308681355392,1.8785625895722872e-14,0.012192477872896394,8.834685057123524e-13,1.0403345871134946e-06,2.4433117660923072e-37,1.2769785343468595e-47,9.626548951535247e-13,0.9346955200358182
0.00192224786093742,0.11186479376540771,9.31437149974339e-15,0.00858974055685293,6.640175807366008e-13,1.1439595667551483e-06,1.2114535643024064e-37,6.331571019470631e-48,5.690315635969144e-13,0.8776220738559929
0.001076085514043468,0.07188876170924301,5.5265438347697885e-15,0.005702986819609966,5.337253661738061e-13,1.5276009544386325e-06,7.187979592028095e-38,3.756743519892008e-48,3.896898855869958e-13,0.9213306383552201
0.0019105988433206428,0.10241121125520193,1.0871622515021428e-14,0.008659800324564919,5.538735044401442e-13,2.6068876227047265e-06,1.41399404763507e-37,7.390133635758046e-48,4.672133360375951e-13,0.8870157826882579
0.0016231697400609937,0.12891990156136446,8.029438756892827e-15,0.00798976217055053,6.755381947380404e-13,1.6902049349498105e-06,1.0443315680641684e-37,5.4581204644694404e-48,5.996128160943705e-13,0.8614654763218059
0.0017146170385559576,0.08113207439881397,7.928581472997424e-15,0.007847565262492643,6.244572661932929e-13,7.418241672656628e-07,1.0312137846153267e-37,5.3895613550064185e-48,5.395920020329087e-13,0.9093050014747982
0.0012863503589610869,0.058840322066384676,6.528981285982395e-15,0.006259645199680818,5.886864461590569e-13,7.265960569284015e-07,8.491778162710696e-38,4.438164045499586e-48,4.865333406599247e-13,0.9336129557778348
0.0020522864682123634,0.036156811591983216,2.644038620119906e-14,0.010257415327698123,1.2747345506032135e-12,4.896871158219491e-07,3.438911598011049e-37,1.7973213050907315e-47,1.9861053160713176e-12,0.9515329969217032
0.000740612446388727,0.09364608091805461,3.3295610499340187e-15,0.00377646687376211,4.009568480843347e-13,4.155863423486852e-07,4.3305214954879867e-38,2.2633145180281915e-48,2.890336716593888e-13,0.9018364241747588
0.00326645465740469,0.06406711332582357,1.7533869034851013e-14,0.013485338887121457,8.510897199043147e-13,1.0295909361543313e-06,2.2805047194275567e-37,1.1918886548167498e-47,8.747386454115023e-13,0.9191800635369708
0.004838297035839875,0.08906212068152346,2.9795711498798927e-14,0.01484594645349775,8.141682599039079e-13,1.0191144194440693e-06,3.8753147169988865e-37,2.0254041158900934e-47,9.672136443478318e-13,0.8912526167129083
0.001356001491491308,0.06344965260351267,6.528333868826408e-15,0.006812746702786163,4.952853581945716e-13,7.17544225450921e-07,8.490936117840727e-38,4.437723957075821e-48,3.9542903825939e-13,0.9283808816570871
0.0022006604168473033,0.11965232338595592,1.0995261586367826e-14,0.010214587200784137,7.153608736153367e-13,1.2647638704693333e-06,1.4300748936393884e-37,7.474178969008718e-48,7.285061035822274e-13,0.8679311642310873
0.002418254434272277,0.1284749825866744,1.2874473800287496e-14,0.010019371356981693,6.883121139840058e-13,1.796382711053476e-06,1.6744905633836503e-37,8.751599100376606e-48,6.241025519679169e-13,0.8590855952380354
0.0018778343947814602,0.08794040752904526,9.898648525376315e-15,0.008588463397904728,5.92996962613054e-13,1.1305399151268545e-06,1.2874462918562055e-37,6.728741299577261e-48,5.443670202524364e-13,0.9015921641372061
0.0013024085476591833,0.08945799450736476,5.948826773715027e-15,0.006084915441624896,5.493570098606658e-13,5.775927740084094e-07,7.7372127539196e-38,4.043796104756616e-48,4.532124112490735e-13,0.9031541039095686
0.003152108589751024,0.04543219017674685,3.689617280926408e-14,0.013903054667016471,1.1820747900911556e-12,6.636159904356218e-07,4.798820855833503e-37,2.5080676596896867e-47,1.789740916558095e-12,0.9375119829474866
0.0012309675438149943,0.09932682539961592,6.152442578936551e-15,0.006164639935776844,5.206516711397417e-13,1.3085734990192022e-06,8.00204124701702e-38,4.1822067266273143e-48,4.0176412450794184e-13,0.8932762585463646
0.0009345078846799907,0.07080350159401712,4.583036039089508e-15,0.004817074812487863,4.692968114258783e-13,7.796495436514723e-07,5.960826603306606e-38,3.115381231745219e-48,3.5784106469462424e-13,0.9234441360584397
0.0028956020457233914,0.0394594461666677,5.850442628082417e-14,0.013489376595933337,1.3898899047292884e-12,5.253164394667528e-07,7.609251590792523e-37,3.976918164409006e-47,2.9144335785799393e-12,0.9441550498708734
0.0013954084160961969,0.06634773115222023,6.4887596671965266e-15,0.007069709841177843,5.979880569931621e-13,6.496710795095722e-07,8.439464785358819e-38,4.41082285193411e-48,4.654661091495421e-13,0.9251865009183563
0.001010977249942031,0.09984920139238077,4.781698401897809e-15,0.0052211527054790135,5.201751856586588e-13,9.08843722530849e-07,6.219212505786109e-38,3.250424682042139e-48,3.856724876026811e-13,0.893917759807565
0.0016809040472671687,0.038276967915011915,1.2689979245031637e-14,0.008560850865901998,9.252202308101543e-13,5.595017387453969e-07,1.650494679398464e-37,8.626186415892349e-48,9.567498191736975e-13,0.9514807176681854
0.0014181814465885813,0.042000174208837,9.7120603880185e-15,0.0077372305210512545,7.398264514009999e-13,8.265483104011325e-07,1.2631781096179847e-37,6.6019054687353e-48,6.615159221679429e-13,0.9488435872738016
0.0006482920875765195,0.03395937441727085,3.4038840078049248e-15,0.003604228520300176,4.066905833652326e-13,4.4999787392643095e-07,4.4271880430383373e-38,2.3138365627071814e-48,2.8083257845011636e-13,0.9617876549762877
0.0025529627784269776,0.10226337806974566,1.2662044094107481e-14,0.010202940052276958,8.58230858130564e-13,1.159515166637624e-06,1.646861352651944e-37,8.607197106677033e-48,8.688154019225959e-13,0.8849795595826441
0.0023903359979867062,0.06874349756301136,1.1349688184044654e-14,0.010470917234737451,7.651319740329787e-13,7.242025313166811e-07,1.4761726231073591e-37,7.715105288071447e-48,7.254433643838576e-13,0.9183945250002312
0.0017037847050710606,0.0651811047831808,8.1110483126198e-15,0.00825537806117679,6.073184833219278e-13,6.972513174244364e-07,1.054945939549158e-37,5.513595679421618e-48,5.282867262447203e-13,0.9248590351981102
0.005497588708698814,0.10560151527290466,3.94103419583241e-14,0.019497283242535277,1.1295547569451975e-12,2.3022453014054616e-06,5.125820807002905e-37,2.6789717269359383e-47,1.7666018567738865e-12,0.8694013105276244
0.0005177490010435577,0.046179356984550515,2.4698192256759068e-15,0.0029556405102539067,2.935463674398113e-13,5.73289164034047e-07,3.2123169064061434e-38,1.6788932922632112e-48,1.8878145564309365e-13,0.9503466802145032
0.003867088755372333,0.14623504507443966,2.0876434728482902e-14,0.013119334156378703,8.999608420042797e-13,1.4325949295950508e-06,2.715248285670224e-37,1.4191041128445137e-47,1.1158111248400659e-12,0.8367770994168431
0.003653580178020666,0.0725350998889946,2.2183848633274504e-14,0.013906798484567514,8.467595282191592e-13,1.1127613754644613e-06,2.8852942505970754e-37,1.5079773586076515e-47,9.62230704114218e-13,0.9099034086852106
0.003653580178020666,0.0725350998889946,2.2183848633274504e-14,0.013906798484567514,8.467595282191592e-13,1.1127613754644613e-06,2.8852942505970754e-37,1.5079773586076515e-47,9.62230704114218e-13,0.9099034086852106
0.00047308474061278803,0.10057508164591915,2.1184793662128916e-15,0.002561113762333869,2.9955773529442594e-13,3.296839912926847e-07,2.7553543228994996e-38,1.4400652318266444e-48,1.9366830952119804e-13,0.8963903901666477
0.0014754760998484406,0.03539803903229085,1.1841880872579899e-14,0.007756654244936596,9.671560411842701e-13,5.17166677598044e-07,1.5401886005420626e-37,8.049679983670325e-48,1.0266632907611592e-12,0.9553693134542408
0.0012179492996417147,0.1066594472904422,5.7024203651876495e-15,0.005654003543219893,5.545845574575553e-13,6.522287736542518e-07,7.416729591682268e-38,3.876297988275473e-48,4.5006314673802997e-13,0.8864679476369122
0.002696320033617071,0.08349768664318216,1.3421412063920192e-14,0.010522352382154218,7.734192959355072e-13,7.578260081546976e-07,1.7456269048464917e-37,9.123387843510685e-48,8.672898693168164e-13,0.9032828831133842
0.0012865334388070507,0.07439677688689554,6.186303728424684e-15,0.006378369817109548,5.424413932365546e-13,6.74985732054329e-07,8.046082018481168e-38,4.205224304889844e-48,4.526255587295371e-13,0.9179376448704546
0.0038728429217752616,0.09737611347064785,2.128753974521293e-14,0.013613598441030599,8.836612427162033e-13,1.1724152150750245e-06,2.768717774520482e-37,1.447049539397049e-47,1.1265224878477218e-12,0.8851362727492998
0.002264717092495109,0.04831784250625873,2.041151073771723e-14,0.011144360169409609,1.0154455762320903e-12,8.159816227576907e-07,2.654778959393257e-37,1.3875002738610006e-47,1.287969277572502e-12,0.93827226424789
0.003913118857487363,0.06249360582508402,3.766819489374809e-14,0.01485001798302951,1.1395965020921404e-12,9.331946791050772e-07,4.899232236025457e-37,2.560546913008366e-47,1.87841846437259e-12,0.9187423241366642
0.0013923863749996644,0.047803157017819085,7.282198721857501e-15,0.007124425363377133,5.995330370346014e-13,7.752672286252144e-07,9.471434117940177e-38,4.9501738689016534e-48,4.883720497992117e-13,0.9436792559754804
0.0012431506860169992,0.1438713478285003,6.0030963301194966e-15,0.005938551118546761,5.355252773681288e-13,1.021917776844199e-06,7.80779727911677e-38,4.0806865764453795e-48,4.29032896143909e-13,0.8489459284481884
0.0012208210516319522,0.13214807378678511,5.662250204813068e-15,0.00608252829884923,6.014623977219975e-13,9.505965890472006e-07,7.364483142399282e-38,3.8489917741622745e-48,4.504624068828443e-13,0.8605476262650871
0.003727580605805917,0.07139866741736767,1.9192656992071004e-14,0.014186514449677577,8.691506344827912e-13,1.0598258664668378e-06,2.4962513843311575e-37,1.3046470280060415e-47,9.611144413052347e-13,0.910686177699433
0.0033372040751931454,0.12338049762749068,1.7128215609956325e-14,0.013005052838327792,8.616483161051635e-13,1.5012737051950538e-06,2.2277442815816597e-37,1.1643138084434987e-47,9.910180434165556e-13,0.8602757441834133
0.5116158696615374,8.11667577075183e-77,2.046610796118185e-57,0.48838413029301597,1.8197311599300746e-11,6.485552304827937e-58,3.122388807798265e-73,4.57142633330439e-49,2.7249247780417434e-11,7.535236184651391e-78
0.0027779611783972998,0.05993978047440704,1.5697106124796904e-14,0.012491870714455379,8.307061675767601e-13,1.0533994135209198e-06,2.041610126864398e-37,1.0670321911806772e-47,8.191244221316763e-13,0.9247893342316612
0.0016703834779300737,0.06416264871673202,8.4648267843195e-15,0.008676380403530843,6.879839403579171e-13,1.095073100360579e-06,1.1009593700906333e-37,5.754081416479637e-48,5.650299576755367e-13,0.9254894923274453
0.001688306023313714,0.05987549956889955,8.026293845617122e-15,0.008311545234566408,5.824759452566677e-13,7.108801308751181e-07,1.043922533270984e-37,5.455982674859673e-48,4.79644702521311e-13,0.9301239382920193
0.005054249451333308,0.09342155955538466,3.1385366545846264e-14,0.020352367612349546,8.987741944968787e-13,1.9809281905763262e-06,4.082069758362481e-37,2.1334630846035164e-47,1.215997868825377e-12,0.8811698424505957
0.005574145768467361,0.07861033031285376,3.140614561265055e-14,0.017622031630232973,9.215855820761876e-13,1.103236113546237e-06,4.08477234597014e-37,2.1348755717081369e-47,1.13474295483007e-12,0.8981923890502446
0.001087777697319022,0.06678837377393658,5.185842443544819e-15,0.005683485354832799,4.707198789425493e-13,6.484825360628378e-07,6.744853707024333e-38,3.5251471059524695e-48,3.585743216842569e-13,0.9264397146905411
0.0011351077438648642,0.06829165399354123,5.3323654621837235e-15,0.005957233461652066,5.083910041862872e-13,6.69787115630694e-07,6.935425697671285e-38,3.624748124815944e-48,3.74387297908961e-13,0.9246153350129381
0.0027625923216509298,0.10547561029317164,1.44142147553381e-14,0.012755096164607209,7.677528239550231e-13,1.8318035685127186e-06,1.8747536361777092e-37,9.798259001619409e-48,8.419226031540012e-13,0.8790048694153775
0.003456924154233279,0.10960138913270517,1.8413759158782446e-14,0.01171794068470353,7.746955750576528e-13,9.858844464917296e-07,2.3949457211916856e-37,1.2517003844249077e-47,8.497384043223811e-13,0.8752227601422687
