i = 0,i = 1,i = 2,i = 3,i = 4,i = 5,i = 6,i = 7,i = 8,i = 9
0.008094673414242448,4.245634138239716e-05,0.00023066930583260118,6.976639004436582e-17,3.117004894161358e-64,9.173245676912118e-07,0.014570837407316297,0.49601860747172444,0.48080240113681083,0.00023943759812327325
0.007600695980489454,4.423616163434737e-05,0.0002256715742325362,7.082655892514768e-17,3.164370847709092e-64,9.456324114519763e-07,0.012494224527551005,0.5426425635806341,0.436753770860311,0.00023789168273600594
0.007929659282329247,5.629038172251902e-05,0.0002750895006667278,8.128652950543875e-17,3.631698732537556e-64,1.0999519370536133e-06,0.013155897616675788,0.5380523916775598,0.4402932390517174,0.00023633253739126952
0.009464905096732047,4.6608803879703165e-05,0.00010803363348174871,7.752452373235869e-17,3.4636208027622456e-64,1.0158052947293905e-06,0.017494524703178447,0.347980527874127,0.6247509902991886,0.00015339378411772706
0.00772919082916177,4.908992632661945e-05,0.00010947276786726703,1.2948091558422261e-16,5.7849151621556645e-64,1.564871526745837e-06,0.013355367135877878,0.42301360450990566,0.5553970534395865,0.00034465651974746044
1.5580301726720913e-16,0.0006432853966594067,0.00024207685150051805,1.6379753900581564e-63,3.8838993068977315e-83,2.508363295880703e-05,0.004500429328085132,0.8035940871193727,0.19076098233451103,0.00023405533691229116
0.007803716557291936,6.962957887473281e-05,0.00012419179124346997,2.1160111027921483e-16,9.453860174374346e-64,2.475923140219806e-06,0.012757772146628835,0.4551984172482916,0.5236756634134212,0.000368133341107803
0.011864671299732829,2.2058275875648685e-05,1.545967119345462e-05,9.050702822062419e-17,4.043649811037755e-64,3.9262483156757103e-07,0.012123565777894902,0.2323934834902753,0.7435197048127852,6.06640474109428e-05
0.008526456496422348,4.590591424371758e-05,9.270362155870213e-05,1.200650825243239e-16,5.3642369858640937e-64,1.3486428170020527e-06,0.01717727557682854,0.3250406424197387,0.6488973423777058,0.00021832495068509376
0.010788405992781481,4.127386613056218e-05,3.4644972725635793e-05,1.2566787269540456e-16,5.614557009203555e-64,8.504885189805594e-07,0.01456517647430412,0.27702816532851576,0.69743137755552,0.0001101053215034113
0.010559525818100272,1.9534507517048013e-05,3.0126695745353344e-05,4.043648866945972e-17,1.806611077414986e-64,3.9737911077744853e-07,0.01366146923978024,0.30705500059839225,0.668575550753833,9.839500752101748e-05
0.011114998488603282,2.63377853482412e-05,2.8619820883943433e-05,7.130893716617375e-17,3.185922419134228e-64,5.461065959201989e-07,0.01309292085085052,0.3092160162985353,0.6664038338315129,0.0001167268176698847
0.008531173467465939,2.840037824610391e-05,5.727165002656398e-05,5.9080469556427e-17,2.6395820772671034e-64,6.751155772244601e-07,0.014961857259583171,0.32755697388699284,0.6487049935090914,0.00015865473301670825
0.007663300415481706,4.7463180185000495e-05,0.0001284256650622683,9.92454832371367e-17,4.434064264710331e-64,1.2662221433620035e-06,0.013592546193427181,0.448657410807019,0.5296399834290758,0.00026960408760542726
0.008092872243139882,4.555585070651803e-05,0.00021191288171242155,8.138728721555439e-17,3.6362003596871897e-64,1.0429894901937251e-06,0.01596524970440812,0.4544668492759481,0.5209545129899307,0.0002620040646640939
0.009487389550986623,3.0260866377299412e-05,9.459215384612196e-05,5.0169976488235644e-17,2.2414813516127932e-64,6.665169467393162e-07,0.01703945437686474,0.34540540925760904,0.6277969468539748,0.00014528042339459138
0.01942502212076044,1.579567450823656e-05,9.414193497671223e-06,1.0851199060791661e-16,4.848070906133717e-64,2.59406663831687e-07,0.008627503254881451,0.2982891627945244,0.6735836427533707,4.919980179311145e-05
0.009692674509199526,2.6273215557749358e-05,5.273958106887027e-05,4.8224105747872695e-17,2.1545442373768467e-64,5.243170705907477e-07,0.015233650970685783,0.39208176030897496,0.5827751204689962,0.00013725662844642003
0.009154453194978564,3.631855769304275e-05,9.629177012597597e-05,6.703880996115997e-17,2.9951427702480622e-64,8.692593772618357e-07,0.015766002754481617,0.35931893183364233,0.615433339533198,0.0001937930965031194
0.007563439272915038,2.9208511453594553e-05,9.989120170114748e-05,4.902418485327741e-17,2.1902899665979955e-64,5.795867728416622e-07,0.01403461849426898,0.5148583256756532,0.4632102732373987,0.00020366401983639516
0.009331304135392062,2.64022549971714e-05,9.532831236004619e-05,4.428626457134038e-17,1.978610378510479e-64,5.877206129103361e-07,0.016437523937425945,0.35981313652684743,0.614148838658024,0.00014687845434031434
0.008365436703129035,1.734471953566454e-05,9.807954661574023e-05,2.843531632351751e-17,1.2704257750912254e-64,3.779756709751321e-07,0.017855389640003515,0.36893887265503617,0.6046113834549405,0.00011311530506833132
0.007360102769125309,6.601142525315408e-05,0.00027456320259360175,1.2605016484956323e-16,5.6316369600904364e-64,1.57991002621914e-06,0.011814782612209588,0.5661810437165969,0.4138315511103725,0.0004703652538224583
0.00956898858586019,4.0123405145785175e-05,0.00010660085340401513,6.124306596536475e-17,2.736202005379592e-64,8.260254470156147e-07,0.018016808208218486,0.3377549539449012,0.634385942275667,0.00012575670135618714
0.00921559938563428,4.914104749546132e-05,9.687788701691637e-05,7.620811337142412e-17,3.4048065580356916e-64,1.022266073336591e-06,0.01982895439303853,0.2819511810579902,0.6887491187486131,0.00010810521413799698
0.007518380060981909,4.712519989756627e-05,0.0001204750789581511,1.0437621509252846e-16,4.663293787604036e-64,1.3169835363610605e-06,0.013959053577421367,0.4269833934389212,0.551124477103098,0.000245778557185356
0.0094492837253819,4.0340960728262526e-05,4.887566178565985e-05,8.028044045700648e-17,3.586748943879566e-64,7.901752262123966e-07,0.01782010606369622,0.2707834234787418,0.7017596391243222,9.754081011772031e-05
0.008915844263578733,3.597351014734511e-05,9.865342350134253e-05,6.525050772825355e-17,2.9152454614054524e-64,8.27645768888316e-07,0.01869279963901232,0.3291061762149796,0.6429915294083138,0.0001581958946979563
0.007926827718524092,6.040167461934633e-05,0.00020831279973815013,1.0215998826584311e-16,4.564277773432203e-64,1.3289681711478138e-06,0.013821402249807324,0.5025349656670252,0.47512491246047533,0.0003218484616393286
0.00886254205220229,9.596801042906712e-05,7.428559728479847e-05,4.681105895036582e-16,2.09141249470384e-63,2.1383729307731407e-06,0.011389408284705187,0.5196793137811535,0.4595741627137669,0.00032218118752707834
0.011961760716846598,2.960023957861551e-05,2.488404854264351e-05,9.929319895641258e-17,4.4361960953871894e-64,5.405412202903343e-07,0.012910453631726332,0.34893305665424224,0.6260489389866034,9.076518123978498e-05
0.008240320413260692,9.692243182981959e-05,0.00012021122059326434,4.9483181884372305e-16,2.2107969183181949e-63,4.847600535553714e-06,0.012621217160366089,0.4488724870534614,0.5296103939570177,0.0004336001629348621
0.016329280921104368,2.1939640710204785e-05,1.152036096077754e-05,2.589847757174656e-16,1.1570855434992058e-63,3.4991576427358395e-07,0.009606064798234578,0.3136403481976909,0.6603326179254116,5.787824012295701e-05
0.007823179671022312,4.533126487976423e-05,0.0001182470193039298,9.136790392809219e-17,4.082111795264488e-64,1.1790903478234758e-06,0.013231558803878309,0.45275431654587284,0.5257197643543581,0.0003064232503367929
0.008467779429342896,0.0001174335527304408,0.0001976285285718475,2.7295532206758817e-16,1.2195027924349093e-63,3.258583186398814e-06,0.013476345005190866,0.48563211828453956,0.49165482199254457,0.00045061462389309973
0.008309947325463198,9.256311077342955e-05,0.00017642706195065603,2.0458447434012384e-16,9.140372712162425e-64,2.513887991347128e-06,0.015028455080200634,0.436716301674432,0.5393181375234858,0.000355654335702634
0.007357102961741284,5.6738821417496255e-05,0.00016170779986833533,1.0090416102706817e-16,4.508170245910803e-64,1.1770790254022366e-06,0.011535719952938018,0.5724860468000462,0.40808398506364224,0.0003175215213210024
0.009895659177272037,3.311248890763487e-05,4.72102933458334e-05,6.551251203178188e-17,2.9269512225301074e-64,7.011916343439928e-07,0.016485725395536208,0.26875341679521564,0.7046760222780776,0.00010815238001061966
0.0068912096419638325,3.648783058930085e-05,0.00017859673575451102,7.979738009600704e-17,3.565166896873084e-64,9.83089567825244e-07,0.0127930645231899,0.515070737091683,0.46470652500457554,0.000322396082675979
0.006704680167925636,2.43185630798166e-05,0.00017651156368272874,3.9251796687230366e-17,1.753681712654476e-64,5.22786232622373e-07,0.01716478428119551,0.450013695566219,0.52577232135595,0.0001431657157145965
0.008267222912962113,0.0001346032608865662,0.0002179439319207232,2.7647742704810185e-16,1.2352387627997612e-63,3.3620670728777374e-06,0.01202061234276978,0.5387026201021289,0.4401597837394884,0.0004938516427704544
0.007986188841883719,0.0001621914769258,0.00020747709933407012,3.0487846575627416e-16,1.36212819565754e-63,3.973470414250514e-06,0.011802075403076467,0.5399351698174821,0.43937840554328533,0.0005245183475978447
0.0089209085562434,0.00011419892093683839,0.0001785080900533176,2.2321753102575057e-16,9.972855643346755e-64,2.768446887523623e-06,0.014683199677547677,0.44688325696095293,0.5289505895842559,0.0002665697631220606
0.009099433875298218,3.52544991763202e-05,0.0001455704127565733,7.349492364933528e-17,3.283587362988315e-64,8.918238242790203e-07,0.014881258373495467,0.4440727241086529,0.531548495086751,0.00021637182004518614
0.010076037703247153,3.570387969681118e-05,5.3804353338486896e-05,7.896312775728475e-17,3.5278943846919275e-64,8.313347312200421e-07,0.014331390948074306,0.33368546042843544,0.6416252322073333,0.00019153914514323942
0.011572020984545985,2.4710327341784974e-05,1.6877623272845086e-05,1.4715887412696058e-16,6.574726463291563e-64,4.5976675836103857e-07,0.010672310028780866,0.33645467164873183,0.6411698351723947,8.911444817341464e-05
0.009362979428504418,6.504560879595761e-05,4.5908947791486694e-05,3.7048895282258295e-16,1.6552610482588535e-63,1.3859584773071007e-06,0.0133438010020256,0.39947517145901085,0.5775060860163529,0.00019962157904114167
0.007466694350120051,2.0748191697159315e-05,8.67550052203356e-05,3.764014922118662e-17,1.681676940211375e-64,4.911994017955377e-07,0.017971837104553114,0.32082677887175987,0.6534792079827961,0.0001474872944514402
0.008659709116327696,9.683142095928209e-05,0.00018233877533477237,1.4807934563691597e-16,6.615851053508183e-64,1.9859498536265657e-06,0.015377479723697062,0.4386116232757491,0.5368451056612588,0.0002249260768193301
0.009881997578636661,7.347694201629076e-05,0.0001248371892823084,2.3103688452115583e-16,1.0322206714813316e-63,2.4561864419906132e-06,0.013390349965100015,0.436124665124514,0.5400572024766366,0.00034501453737199037
0.011416756445534247,1.2238002374680046e-05,1.8039593663277776e-05,2.683511221722077e-17,1.1989322661421135e-64,2.3773532320554148e-07,0.011662297712514258,0.33117566335407267,0.6456445274385052,7.023971801236341e-05
0.02002569822416638,1.8526760259444004e-05,8.856346886682786e-06,5.971388635627822e-16,2.6678817107142113e-63,2.81493237183381e-07,0.0085819038790234,0.295163063986144,0.6761571953621799,4.4473948102373316e-05
0.012687378894671664,1.810962210869024e-05,1.1669587131709546e-05,1.0970735597164431e-16,4.901477133497381e-64,3.1473947527287084e-07,0.009543827087723484,0.3025448739345735,0.6751354025221574,5.842361215806117e-05
0.007684008329399405,2.4335021547590806e-05,0.00010072929457364967,4.215138694033481e-17,1.8832288628544744e-64,5.452372493642846e-07,0.020513532342191214,0.32948399287015023,0.642057781372091,0.0001350755327974691
0.008083616717130124,4.767866120680012e-05,0.0001613764054834127,8.365088007985786e-17,3.737332581548404e-64,1.0796960256189025e-06,0.017454088305947607,0.40404044546525447,0.5699711563209632,0.0002405584279887693
0.008133494218004965,4.6016055482543406e-05,0.0001364708102979896,8.349564177039066e-17,3.730396884143641e-64,1.069062628227811e-06,0.01894790484737399,0.3565687023487183,0.6159554929745384,0.00021084968295551675
0.0081757599375215,6.455095603234385e-05,0.00022579198092751611,1.0200351693213647e-16,4.5572869872864696e-64,1.3571023638147372e-06,0.013195285935744898,0.5208968929292747,0.4571337692532798,0.00030659190485543943
0.007594987282562136,2.625017773215167e-05,0.00011084090758867346,4.364756677006715e-17,1.950074801835343e-64,5.802756927018397e-07,0.018689399080539182,0.34226102997791136,0.6312028708010874,0.0001140414968863365
0.008882998109734587,2.5220017599207196e-05,8.822028724694852e-05,4.099320692103935e-17,1.8314839927792362e-64,5.46726392967182e-07,0.017633857628947865,0.33761134881991667,0.6356168455124436,0.0001409628977180514
0.00786228046395298,7.439668450224293e-05,0.00012472150333237632,2.3854609268576443e-16,1.0657701192676988e-63,2.7537247466353634e-06,0.012574333289865864,0.4608544932104528,0.5181040166185672,0.0004030045045797877
0.008317361062180652,6.0501698171236125e-05,0.00010808665972525997,1.5166516100884112e-16,6.776057193696062e-64,1.8707453721202287e-06,0.01337138168675443,0.41680105508896487,0.5610519513191338,0.00028779173969744465
0.00974196493003647,4.6939474515083163e-05,7.696690871206258e-05,1.0876148926853263e-16,4.859217943349388e-64,1.2174271572668714e-06,0.014662773711100271,0.35236940992938964,0.6228621750860371,0.00023855253305193032
0.023476607013511435,1.2015370145009177e-05,6.820384039672285e-06,1.039117569258307e-16,4.642542844667029e-64,1.920021557348317e-07,0.007367587176151191,0.2729234400292219,0.6961772869586857,3.605106608923771e-05
0.009666018633811974,3.8511539964420816e-05,4.369476300452396e-05,8.681636684213656e-17,3.8787593878393824e-64,8.276866103677957e-07,0.01675320909657828,0.24798002465406566,0.7254153254304823,0.00010238819548249172
0.01029002367805674,2.8111750770820457e-05,4.922045114158482e-05,6.06045968419526e-17,2.7076766455153184e-64,5.835741723693094e-07,0.013289464205505834,0.43754991749035627,0.5386490359753385,0.00014364287465780037
0.009125742137575051,1.1348413277620168e-05,1.645364989313064e-05,2.7402224439616067e-17,1.2242695606706225e-64,2.139794425380801e-07,0.009755661369609035,0.5355166690707341,0.44550124920641626,7.266217305217394e-05
0.01012270276004626,6.544200670160447e-05,9.409667822099379e-05,1.192627732313254e-16,5.328391616893166e-64,1.548038476209178e-06,0.01585306024114838,0.3407105806096026,0.6329727749093521,0.0001797947564517048
0.00911427187945014,3.234528509951614e-05,0.00011143002253700772,5.147324644100285e-17,2.2997085125509707e-64,6.841043551790707e-07,0.01804758723826237,0.3634966600430846,0.60905278701166,0.000144234415551148
0.00966919362377789,5.664953141239377e-05,8.56552970731034e-05,1.0769857473317583e-16,4.8117293201502336e-64,1.367430568713205e-06,0.01751702379395874,0.2907590299415166,0.6817722776027568,0.00013880277893557746
0.008099191189306904,0.00017739157475878413,0.00021367386519443953,3.631149518167075e-16,1.622315675551081e-63,4.6339609774699e-06,0.011599893906070906,0.5443409957842815,0.43504466313073037,0.000519556588679293
0.008611373830688326,3.0044194144081825e-05,8.661288437492716e-05,4.805759299891526e-17,2.1471048234540342e-64,6.430861370856348e-07,0.019757536401540567,0.2784775611541997,0.6929386093138883,9.761913502697016e-05
0.009600230354426012,2.047303083027889e-05,2.4473527058262425e-05,4.723581584985185e-17,2.110389674599239e-64,3.738386958175273e-07,0.014899420423137409,0.3145992337511583,0.6607837264899226,7.206858477138363e-05
0.00774274885875398,6.419666197525802e-05,0.00013048385018734953,1.9914399469226192e-16,8.897304356781175e-64,2.270023311586382e-06,0.013132081842088108,0.45151553430652075,0.5270021018167799,0.00041058264038276905
0.007943988674358063,7.10401325423258e-05,0.00011412778340902189,2.3512067391303624e-16,1.0504661210640431e-63,2.6754917164508355e-06,0.013344352247066166,0.4242909505829644,0.5538463896604016,0.0003864754275417558
0.007071151262767653,2.7459449922786672e-05,6.276096101823795e-05,5.6918882524263e-17,2.543007245831428e-64,7.056559823205004e-07,0.02208795022483071,0.20378390484254705,0.7668513992826377,0.00011466832029358615
0.008007382908729797,5.487704605116159e-05,7.98820402474819e-05,1.802636955296944e-16,8.053775189577178e-64,1.8448742293031763e-06,0.015486818694059566,0.32065873753203755,0.6554661651835735,0.00024429172107151174
0.00686297563750153,3.65673554596814e-05,0.00016987780027559297,6.712831313431418e-17,2.9991415700797278e-64,8.712946599036674e-07,0.014131716693099424,0.4875700323860526,0.4909511237281084,0.0002768351048428086
0.0074903989858441525,3.7950592178038425e-05,6.252128943886682e-05,1.0596399120686696e-16,4.7342320419135745e-64,9.887387987707503e-07,0.012186160856564144,0.4536356138639241,0.5263155100065021,0.0002708556667497079
0.007909161820762347,6.785164538290677e-05,9.208243924553541e-05,1.99283643150821e-16,8.903543534822614e-64,2.2306319518054803e-06,0.01906168814077231,0.2679081965470949,0.7047786372628544,0.00018015151193561638
0.007333305814434033,4.314485136135548e-05,0.00012236410612029294,9.822676168173503e-17,4.388550084143514e-64,1.2286274121736535e-06,0.013697582355742349,0.439216029283559,0.5392620388845746,0.0003243060767961404
0.007743884935821783,4.557328646747941e-05,0.00010531524585571861,1.045471279780423e-16,4.6709297897002176e-64,1.3037247258072795e-06,0.014171652744727708,0.4011962653738205,0.5764895651089591,0.00024643957962177954
0.007275169677243316,4.0621570850041305e-05,0.00013917567379861918,9.40107962755597e-17,4.200190262224872e-64,1.1549615008303371e-06,0.014664907782208997,0.4289582890330303,0.5486185811577752,0.00030210014359269624
0.008433694117987296,7.639215868408244e-05,0.00010733408966479077,2.195115397030391e-16,9.807280312829264e-64,2.536220872677489e-06,0.0151393743775732,0.36673882384729145,0.6092714671948675,0.00023037799305874592
0.007978879447150256,4.15014280936247e-05,9.01899435893337e-05,1.0253003402041089e-16,4.5808105828167696e-64,1.1915427738748182e-06,0.0180744938952817,0.30357270848254864,0.6700385642741408,0.00020247098642173886
1.4108473604296634e-16,0.0009913802783964563,0.00027096978783427435,1.4832403736757834e-63,3.51699805396806e-83,8.894034191333406e-05,0.004011553805796647,0.82484280980403,0.16960751227135196,0.0001868337106772931
0.009997723560827268,7.986803068107136e-05,0.00012304803513167663,4.066481134505887e-16,1.8168120193992346e-63,3.230098109794179e-06,0.01448087648883455,0.4083895587159849,0.5665893452773437,0.00033634979308656897
0.010059407471228401,5.5611635177044133e-05,0.00011791795529647648,1.4332050232463187e-16,6.403236671633119e-64,1.609405450900138e-06,0.015278837651849234,0.3860613319315692,0.5882102802084853,0.00021500374094320673
0.007398119119732347,9.21898641035443e-05,0.0002691908214151997,1.5463077248428086e-16,6.908554023147152e-64,2.0198640122487467e-06,0.011303109882742607,0.5784585570875702,0.40194624704799264,0.000530566312431017
0.014005804633514909,1.1693872850988778e-05,8.650660257891655e-06,5.254659169614001e-17,2.347663156775218e-64,2.0454666025944473e-07,0.008914751043284617,0.261003226576892,0.7160110158861874,4.4652780351759446e-05
0.010073453690855856,1.5653806243961378e-05,1.4293165919153105e-05,5.447102447982653e-17,2.4336424714770515e-64,2.9856951674238753e-07,0.009887362646410956,0.34756097706469746,0.6323754591514954,7.250190486041801e-05
0.009974456218446368,3.146431321982644e-05,2.6071621351224438e-05,1.4254908621584187e-16,6.368771540428778e-64,6.683967442682254e-07,0.012014489280815464,0.3455274434934063,0.6322942198517922,0.00013118682422428156
0.010465347402722284,1.6016527447594685e-05,2.948440571915964e-05,3.380536935382926e-17,1.5103476281030165e-64,3.303257152809239e-07,0.012190401401171677,0.39815996159157413,0.5790351247603878,0.00010333358526194205
0.007994256232980047,3.049760731262737e-05,6.780177014403975e-05,6.017904647385534e-17,2.6886640152326426e-64,7.630429700171645e-07,0.019442498413353798,0.23676632052698157,0.7355630439904309,0.00013481841582693675
0.01685656171281117,2.1310372300627597e-05,1.083878233044765e-05,3.520695695528113e-16,1.5729673997515796e-63,3.400993400019055e-07,0.009408770909804803,0.29462631125677974,0.6790212176092981,5.464925733478533e-05
0.006339393013606494,9.172455737817755e-06,1.6484596259187522e-05,1.947291715411754e-17,8.700060019499984e-65,1.7270543150007717e-07,0.008418978126896987,0.6372316137059304,0.3479133588412399,7.082655489754229e-05
0.00889028547462703,4.603652146603629e-05,0.00010274956077485175,1.2799404296905997e-16,5.7184850485220266e-64,1.4199586906208688e-06,0.01742031555463756,0.3179428630804166,0.6553838230355962,0.00021250681379107348
0.007639327395687708,7.879096507226201e-05,0.00021516476852944026,1.5140251807891087e-16,6.7643229001847e-64,1.942381708207042e-06,0.012958570861908086,0.5145311736878747,0.4641238259528237,0.0004512039863957522
0.0086972903611613,9.109762815142545e-05,0.00018866276586606084,2.0461306204559881e-16,9.141649946340937e-64,2.438951228388782e-06,0.014006910218920332,0.46678877665197055,0.509952297999616,0.00027252542308555945
0.00792895179046935,0.0001173635546480521,0.00023809276146660198,2.42154919378051e-16,1.0818935426738405e-63,2.96471768051313e-06,0.011499288127934432,0.5590998518034906,0.4205971619789,0.0005163252654101849
0.007797038519559686,6.704940986890825e-05,8.631759781781121e-05,1.7950280340415618e-16,8.019780246199417e-64,2.0628772081824637e-06,0.02061856636094734,0.2396513150575506,0.7316264637406494,0.00015118643639775963
0.009226244052382442,5.4967607334401606e-05,0.00012086527750905388,1.5944109630217108e-16,7.123468437857899e-64,1.7238151406532744e-06,0.016088637365555117,0.36968978619717086,0.6045529475940709,0.0002648280908365583
0.009904959489441287,4.953101573434429e-05,0.00011500349448948791,1.1414888177791922e-16,5.0999144851633965e-64,1.3590756637692046e-06,0.014565066654976781,0.4046854307829266,0.5704240252450519,0.0002546242417158341
0.006976476542471285,3.832549247734007e-05,7.991460073039454e-05,9.337041501431912e-17,4.171579472356774e-64,1.1290117059802485e-06,0.01982942751435376,0.24005818986184208,0.7328669498999817,0.0001495870764373485
0.015152226963566834,2.3624268404874464e-05,1.2648859612337385e-05,2.871570128427075e-16,1.2829527425086598e-63,3.8750830273546806e-07,0.009596073932448155,0.334382517687439,0.64076673466643,6.578611379588654e-05
0.008002716527120904,2.521485657972601e-05,7.474649547767375e-05,4.7279270164080224e-17,2.112331115313546e-64,6.091079960974616e-07,0.01867345588615581,0.27275903026565146,0.7003227349327165,0.00014149192830175222
0.009360518199709377,4.8843719219626244e-05,0.00015409507460038813,1.150314294181775e-16,5.139344722449097e-64,1.326034337404523e-06,0.014473943899688825,0.4495545190646506,0.5261564916716718,0.0002502623361219287
0.009903522683859241,5.3830128828676207e-05,9.310503277986416e-05,9.484055758098504e-17,4.237262125171342e-64,1.2489896819639989e-06,0.01611585619283869,0.32946441888590206,0.6442131686920713,0.0001548493940379703
0.009410063592806996,5.2529036767221935e-05,0.00011042380314256371,8.96436455201904e-17,4.005075820021802e-64,1.184100576341836e-06,0.01483565932594038,0.405352388716187,0.5699922376877291,0.0002455137368502328
0.009285357897032104,0.00010959904406504242,0.0001521204126827138,1.7232914371354498e-16,7.699277317060175e-64,2.293822939101598e-06,0.01674606359809713,0.38210958368392434,0.591411819256814,0.00018316228444534882
0.009312598540418413,7.178214461245883e-05,0.00013393084074086643,1.1944349414683301e-16,5.336465819639735e-64,1.59426852394006e-06,0.013968306428726615,0.44204498027617467,0.5342186014712065,0.0002482060295964315
1.5430016018730426e-16,0.00026659646542432275,0.0001535878991004282,1.6221756773514583e-63,3.846435683449429e-83,8.571215390570622e-06,0.00431626079016893,0.8100274030754473,0.18499075141281954,0.00023682914164864185
0.008456482456052739,2.5052807177732772e-05,0.0001547274506253534,4.804164004729951e-17,2.1463920815702847e-64,6.007129083866159e-07,0.01562788446458738,0.4501498055617154,0.5254121294681102,0.00017331707882277728
0.017135275105646164,2.1555508856712578e-05,1.0701552296950652e-05,4.1663591145357995e-16,1.8614352473423925e-63,3.3877920846773446e-07,0.009187332319261075,0.308379207967524,0.6652108130044158,5.4775762790512486e-05
0.0077899684780730425,2.8664035501632028e-05,4.872859404277337e-05,7.631157267522336e-17,3.409428886295532e-64,7.188712687866195e-07,0.012124762801750368,0.4209300616964432,0.5588405667104982,0.00023652881242194944
0.01856990263688338,2.0358293569258435e-05,9.337750712943009e-06,1.9857168524256657e-15,8.871734861863899e-63,3.054497609744053e-07,0.008902045636912062,0.294317180661085,0.6781350870573944,4.57825136800116e-05
0.007761269631875046,5.747994616176451e-05,0.00011186936753765604,1.64973142868287e-16,7.370627796545472e-64,1.9606825510624188e-06,0.01303274376335676,0.43358870366754015,0.5450755194005673,0.0003704535404100585
0.007609294873851343,5.840578956577669e-05,0.0001683582161692161,1.2164241483766012e-16,5.434708634709056e-64,1.5275801624193726e-06,0.013932505285424094,0.47205933204662165,0.5058087950012162,0.0003617812069892541
0.007596901689572936,4.06328970959014e-05,9.722201333255988e-05,9.746212998307593e-17,4.3543880650762305e-64,1.1896546065208057e-06,0.015054862154628604,0.36869153910439834,0.6082575688787196,0.0002600836076454767
0.007403480881711414,8.542794638887882e-05,6.457840066731168e-05,3.880102052200093e-16,1.7335420506726507e-63,3.7011570766924185e-06,0.020424317759795117,0.18538417247485695,0.7865224883478359,0.00011183303166741279
0.009327061668282066,4.8303207880001375e-05,8.277274983374958e-05,1.1970642303705126e-16,5.348212889211587e-64,1.3669227397015057e-06,0.017077694188251384,0.3023713644577842,0.6709116452466942,0.0001797915585346456
0.009003811502197322,6.518013152992673e-05,0.0001654592988156737,2.1839577230195803e-16,9.757430342840767e-64,2.1449999354347203e-06,0.013995150539841787,0.4632546851469678,0.5131590308104703,0.00035453757024156944
0.007206889863976357,3.916915749310924e-05,0.0001279053463904772,8.014134314676765e-17,3.580534389901599e-64,1.0199472739867555e-06,0.014352968061543485,0.43857115963071447,0.5394546260503332,0.00024626194227482724
0.007377320495480729,6.407265887995867e-05,0.00019062809352124322,1.1991276641500064e-16,5.35743184576842e-64,1.554336125927074e-06,0.012785849109973083,0.5160864070027621,0.463153601485188,0.0003405668180688713
0.008004936355628024,2.386614022180943e-05,2.5073039641087147e-05,7.483654606942531e-17,3.343528025632294e-64,4.6072674898994485e-07,0.010083674730459593,0.5149327102644717,0.46680637856629054,0.00012290017653806155
0.008880833501965463,4.6939814825726564e-05,0.00015613613235075898,1.238924067800224e-16,5.535233198065517e-64,1.364569697973878e-06,0.014995165747962861,0.4365431714087045,0.5391341315037759,0.00024225732071676424
0.008075451032506514,4.209522101691927e-05,0.00019605089123853194,6.719051439343328e-17,3.0019205819932515e-64,8.89867993892818e-07,0.015921631876655084,0.46021614959847884,0.5153205836667358,0.0002271478453742881
0.011056441912321049,2.6228616488047688e-05,3.78613666118131e-05,5.5130658847992456e-17,2.46311344672204e-64,5.415777711620556e-07,0.013240646270739514,0.34942042331234613,0.6260859816434683,0.0001318753002540253
0.007651165273111284,7.435048571773305e-05,0.00016035214810987712,1.79964334328176e-16,8.040400406538168e-64,2.2254517581356865e-06,0.012009040300602736,0.5115738486810641,0.46812121420550057,0.00040780345413542196
0.009173800395500566,4.2369089873389825e-05,7.23957797745376e-05,8.913373144341888e-17,3.9822940095843244e-64,1.0093368805606492e-06,0.0172851902121246,0.3062363763804511,0.6670178255758341,0.00017103322956108343
0.013044535428958153,2.1463998800614743e-05,1.2560865460892774e-05,2.048759086785596e-16,9.153393340844098e-64,3.726690088586487e-07,0.00970002355703705,0.3134924667516677,0.6636622903297212,6.628639934525142e-05
0.008776284206234249,4.9794942091983524e-05,0.00013648644360433312,8.926979576833658e-17,3.988373056621434e-64,1.147986967109777e-06,0.016663394569611436,0.39482479891107947,0.5793232488257913,0.00022484411462001268
0.009758324558000067,1.693069291164702e-05,1.7121405071658197e-05,5.0621658815583326e-17,2.261661498873585e-64,3.139302376036561e-07,0.010092155254079232,0.4457689948583899,0.5342539515370023,9.220776430767629e-05
0.007317106657186479,3.391908560616023e-05,5.10707767964445e-05,8.448288228680749e-17,3.774504562918905e-64,8.503966695135348e-07,0.02047727340177004,0.2140234571117401,0.7579742530501189,0.00012206952011218996
0.0074306394038856985,2.9679273685116973e-05,5.38041344359756e-05,6.576140870672773e-17,2.938071364384283e-64,6.389522088093616e-07,0.012705698420982655,0.47035816019601556,0.509246911870449,0.00017446774833710982
0.009292578953333836,4.53575180816611e-05,0.00011855938133350992,7.320059636605861e-17,3.2704374840584265e-64,9.772258379145704e-07,0.015161884779402784,0.41415112254622655,0.5610208538101302,0.00020866578565352606
0.012610318327919338,2.02437873684093e-05,1.827525046659421e-05,5.748187703278517e-17,2.5681605701948128e-64,3.598947068127282e-07,0.01106447917775656,0.3661242693089704,0.6100805356773314,8.151857548029942e-05
0.020173954506410238,1.7724008494590985e-05,8.624644131143935e-06,4.1039906643808272e-16,1.8335704310245823e-63,2.699381466372457e-07,0.008451364706964028,0.29466550696679755,0.6766389444362073,4.361079284811024e-05
0.008487610481427025,2.268784549147967e-05,0.00014957689185773987,3.338132532168612e-17,1.4914022975120341e-64,4.520551690386354e-07,0.01957622383778444,0.39912888618524656,0.5725286668904259,0.00010589581259770663
0.011061224613129732,4.8309329402564336e-05,4.191703659932942e-05,1.520179525249806e-16,6.791819122638117e-64,1.0331014169430348e-06,0.012559864560059631,0.3816717302879824,0.5944210576340356,0.0001948634373736627
0.009274198546320438,8.872613548482828e-05,8.557134337593807e-05,2.4685045189493e-16,1.1028721225122173e-63,2.7761785273454674e-06,0.017464065808060123,0.2754213044902313,0.6975131023140846,0.0001502551839153383
0.008821447309290091,3.256311710180365e-05,7.717864148742169e-05,6.009729065461078e-17,2.6850113496934097e-64,7.747246807810977e-07,0.018252935895995796,0.28134257922186173,0.6913200981553893,0.000152422934193102
0.007587852976437979,4.70967696950012e-05,0.000130736677557314,9.595128547569458e-17,4.2868869413857214e-64,1.2298970284731296e-06,0.014548201781298275,0.4244994483431488,0.5529671099964564,0.0002183235583777093
0.00848434209333723,6.075470539009785e-05,0.0001249582359317845,1.2151441456621638e-16,5.428989871386347e-64,1.5147974005198211e-06,0.01861031819775274,0.3363411615216196,0.6361628287313716,0.0002141217171962924
0.0088068026359879,3.8394587914236464e-05,0.00010296588381838129,9.201396038557658e-17,4.110976140095905e-64,1.0867714803948743e-06,0.016750922427352405,0.33753422934024907,0.6365477618054456,0.0002178365477519808
0.009201797265872905,3.70209533030778e-05,0.0001223417858234157,5.568461047402962e-17,2.487862755499357e-64,7.518377703201094e-07,0.01759252669695148,0.3749340899500675,0.5979753632007088,0.0001361083095025013
0.01646087031955051,2.3540483374671044e-05,1.1633130893792785e-05,4.577500333766366e-16,2.045123867567435e-63,3.714972986315615e-07,0.009540772987380736,0.3122924450376355,0.6616117418438997,5.8624699965978964e-05
0.008374532526202176,2.794616528956447e-05,6.899711410798099e-05,5.380493085575172e-17,2.4038829112519864e-64,6.211311037739592e-07,0.019265496344499207,0.3051453100600336,0.6669683343700163,0.00014876228874731307
0.009676336617904735,1.5944143329202712e-05,2.0444567696552222e-05,3.86745990701583e-17,1.7278938254473546e-64,3.0464992740843094e-07,0.011330408050354387,0.40667512857905125,0.5721987543574371,8.267903429935902e-05
0.017873401714485624,2.0987929303861654e-05,9.906854029573069e-06,8.712864224787063e-16,3.892711148384643e-63,3.204844186311905e-07,0.00896347388632805,0.3071947523839697,0.6658875203929037,4.963635456008998e-05
0.009201685770830697,3.45007738463174e-05,0.00011299715482615155,6.029446772873256e-17,2.6938207764770326e-64,7.945397824950694e-07,0.014726772254786578,0.4110726217941623,0.5646542874871572,0.0001963402246081656
0.008715591768027485,2.405843058241025e-05,7.333417114771845e-05,4.236442252498491e-17,1.8927468121071508e-64,4.988197233182512e-07,0.016645201471355456,0.40460410190723306,0.5697826063802323,0.00015460705169833484
0.0201299550588845,1.6778672011832413e-05,9.091099540534794e-06,1.5605388424002992e-16,6.972135445444987e-64,2.6612728197521174e-07,0.00859325408408211,0.2849933315027089,0.6862113404936261,4.598296186386574e-05
0.015956464989002668,1.569845139108021e-05,9.87068337018313e-06,1.137772794782268e-16,5.083312132854697e-64,2.693301799814354e-07,0.00865574217491477,0.31622128565288954,0.659087186765344,5.348195290776544e-05
0.018563846060531672,9.205716014773682e-06,7.4096994171758215e-06,3.215751185361972e-17,1.4367250730336305e-64,1.5895055696542145e-07,0.008022084646915348,0.2394296019959696,0.7339324056948425,3.528723575183772e-05
0.009333626246180405,4.540960877897528e-05,5.854481392160192e-05,1.0204340924510231e-16,4.559069285821254e-64,8.968435744448384e-07,0.011449271773440108,0.5126404030853211,0.4662584605058875,0.0002133871228958195
0.010018672816326069,5.511440086511753e-05,0.00010846658183000438,1.0005739024504793e-16,4.4703384379282976e-64,1.3166740441643116e-06,0.01400882305962425,0.40633198425654066,0.5692577664074464,0.00021785580332320378
0.00966382419515127,4.033119595387365e-05,8.646239690301292e-05,7.386940823858239e-17,3.300318489491045e-64,9.56363948109366e-07,0.016525098938558004,0.32517160159141506,0.6483392243216544,0.00017250099641634526
0.008896270230435693,5.502228595502778e-05,3.9402195804772766e-05,3.3709834739186866e-16,1.5060793570743597e-63,1.1531656399453601e-06,0.011124969993778286,0.4745675512706419,0.5051150710036161,0.00020055985412805827
0.008551799291055668,9.712155923045989e-06,1.7708282497603425e-05,1.9928917941234228e-17,8.903790882495804e-65,1.9525459214789114e-07,0.015574704822699426,0.222355456203933,0.753428970279704,6.145370959504495e-05
0.008420598922194903,9.45566108022176e-05,0.00016151785189662832,1.8500727789573231e-16,8.265707746806987e-64,2.37085736451796e-06,0.015000571224866947,0.42748031878513654,0.5486021452445281,0.00023792050321007108
0.010807396544958986,4.162915934742232e-05,3.514022932439361e-05,1.962797730871063e-16,8.769337397969665e-64,9.671865228058465e-07,0.014242431277642461,0.2991536596509323,0.6755800713165292,0.00013870463474226403
0.010807396544958986,4.162915934742232e-05,3.514022932439361e-05,1.962797730871063e-16,8.769337397969665e-64,9.671865228058465e-07,0.014242431277642461,0.2991536596509323,0.6755800713165292,0.00013870463474226403
0.0073743681668710405,1.5503157009748428e-05,0.00019686203596961012,2.31634734588554e-17,1.0348917306903083e-64,3.1218587068294217e-07,0.02168259138722106,0.43448968095995794,0.5361491580387527,9.152406834712214e-05
0.022673195348275058,1.536965285027735e-05,8.1628859828225e-06,1.637539765314216e-16,7.316158195403806e-64,2.3980173249047374e-07,0.008149790621199495,0.2898032793955586,0.6793079162561526,4.204603824852619e-05
0.009077020875698465,2.9749705676956932e-05,6.984504787534585e-05,4.799964142386323e-17,2.144515677836113e-64,5.742788641823283e-07,0.019438115420619417,0.32125696533793213,0.6500267904440252,0.00010093888930826149
0.010170477839789508,6.104883752457759e-05,0.00011015268843140835,1.1699273978302103e-16,5.226971644270599e-64,1.4885706996196662e-06,0.015461852653508452,0.3704768888488066,0.6035359488209953,0.00018214174024451486
0.009231530419063865,2.951534835374261e-05,0.00011298705120758789,5.901935038551761e-17,2.6368514106132797e-64,7.369892417202723e-07,0.015569354019286117,0.3943705776482388,0.5804911360435442,0.00019416248106383729
0.009547053884947738,6.384422977042839e-05,0.00012472215028076628,1.900880180242702e-16,8.492703752140535e-64,2.0293845166912786e-06,0.013867742680666938,0.43151313887388904,0.5445414241422811,0.0003400446536471365
0.015480708073878002,1.9806456387463093e-05,1.1144591627597767e-05,2.484092253926069e-16,1.1098363707957438e-63,3.322277063384259e-07,0.009190613702465414,0.3289793302315684,0.646259650086197,5.8414630169411845e-05
0.013867731564706675,3.0044425419662015e-05,1.7025789406486577e-05,4.005064562134607e-16,1.7893724805980667e-63,5.264258422383058e-07,0.010674738115972143,0.3574568564148378,0.6178676736819915,8.540358182305184e-05
0.013023329652419133,2.025098646174107e-05,1.6780192843126544e-05,6.674168493601388e-17,2.981867894523955e-64,3.68815538014908e-07,0.010442130915097223,0.3474723298545014,0.6289372599281755,8.754965496373492e-05
0.008072243872335974,3.267882045804661e-05,0.00019480660708763876,5.978164837387946e-17,2.670909164770009e-64,7.626961281667181e-07,0.01608724409133313,0.4513193195254257,0.5240760364735502,0.00021690791368121805
0.00752769079536524,3.3263004161803656e-05,0.00020899819546838302,5.2755988622396005e-17,2.3570185389807066e-64,7.027757935644323e-07,0.014968497108532767,0.4945105319375637,0.4825213368745251,0.00022897930858944006
0.010409897189325907,6.870477754700044e-05,6.858026023678233e-05,1.6228914799924246e-16,7.250712961660074e-64,1.56672632593154e-06,0.013035718783016695,0.410300996865772,0.5658296454909667,0.00028488990680878656
0.007824833332559337,6.4025392099416e-05,0.0001620539869063566,1.43654655245972e-16,6.41816587021361e-64,1.782414486373395e-06,0.012171772638224746,0.5109552719176804,0.4684499731788401,0.00037028713920313547
1.2674754522264106e-16,0.0021039797657149448,0.00025615332866044566,1.3325118053966158e-63,3.1595967246059854e-83,0.0003009961313038199,0.003729983363868247,0.8346692819282496,0.15877183634021574,0.00016776914198697511
0.011230780907489966,3.4632572700925586e-05,2.6411260131858926e-05,1.4010517146349902e-16,6.25958294346792e-64,6.7826438250622e-07,0.01123740486152261,0.3852840096578643,0.592049146724043,0.00013693575186473185
0.009409818158486523,2.550603930443469e-05,3.192864275863866e-05,7.058153024412666e-17,3.153423519096174e-64,5.456237159234069e-07,0.010905371056147086,0.4442058439907328,0.5352626915257073,0.0001582949631473278
0.009438954547351127,3.9394293545674614e-05,8.567226680599634e-05,7.462438825658043e-17,3.334049293243359e-64,9.62543508712782e-07,0.015618433331286517,0.33889119510242427,0.6357270900270594,0.0001982978880181998
0.008221828368996886,7.526332541963346e-05,0.00010783431408889335,2.6581870519643276e-16,1.187617998480401e-63,2.983093508421995e-06,0.013209072456728832,0.4166420518682374,0.5613498275185642,0.00039113905445551116
0.010100084142436799,8.960556266129239e-05,9.740825173055853e-05,2.8113382218613374e-16,1.2560424856599597e-63,2.973820626663062e-06,0.014807598777504458,0.3653520594808469,0.6092621396575795,0.00028813030661349587
0.008733018690619345,2.77771648526083e-05,8.935650099085852e-05,4.8739587660188565e-17,2.1775748061438213e-64,6.382911834440675e-07,0.018884372624933133,0.3014060567123766,0.6707181326476812,0.00014064736736271675
0.008747326674788397,2.959344523258805e-05,0.00010349506982249243,5.142224450971627e-17,2.2974298613360975e-64,6.754109012450389e-07,0.01727508529363028,0.352169640506503,0.6215071566267433,0.00016702697237873024
0.007680015733191619,4.767410612366469e-05,9.238900540202926e-05,1.187063025548888e-16,5.3035297626277294e-64,1.3234675746241703e-06,0.012821607896868122,0.4479666082571588,0.5310928760664332,0.00029750546724793
0.009241175871144636,8.096711865609161e-05,0.00010585370772907392,1.6173796351099532e-16,7.226087282355812e-64,1.998426914024975e-06,0.01811047842607957,0.3106121317909886,0.6616942516963245,0.00015314296216333936
0.009483439737366886,4.957828906890068e-05,0.00011575486280937934,7.929448918868458e-17,3.542698865800276e-64,1.0659676218186605e-06,0.014613144124316125,0.41930274684641966,0.5562168246999482,0.0002174454724490866
