i = 0,i = 1,i = 2,i = 3,i = 4,i = 5,i = 6,i = 7,i = 8,i = 9
3.5022408466181734e-20,4.7979777726921755e-76,1.498327869493447e-06,0.9930129105754713,4.430059226647356e-46,5.520201751678612e-13,2.8473445560693964e-10,0.006985590811372605,3.040765067618916e-17,4.2763039244877145e-28
4.001079211626594e-20,5.478858179163432e-76,1.8324064682791954e-06,0.9891401020781968,5.0587283597348354e-46,6.823773384693393e-13,3.9058246443146267e-10,0.010858065124070053,3.4722796623692805e-17,4.883153670220234e-28
5.1602552922802166e-20,7.067639808886915e-76,2.2341053347780332e-06,0.9913932862058725,6.525679031733271e-46,7.071698945391308e-13,4.120168030805016e-10,0.008604479276068742,4.479185488565913e-17,6.299190479362095e-28
4.418958696234145e-20,6.053962035327071e-76,1.9265624493924176e-06,0.9870437823073298,5.589732100264599e-46,7.450789516714903e-13,3.499141199555041e-10,0.012954290779561636,3.836757295001439e-17,5.395727708217989e-28
1.1118237116258952e-19,1.526590537941214e-75,3.0801067534160154e-06,0.9908084299309968,1.4095285177038925e-45,1.0672070969193377e-12,1.1340384900384139e-09,0.009188488827144205,9.674915857231582e-17,1.360607616153672e-27
2.928922916424934e-14,2.922584435259108e-106,0.9998616910480304,1.2749739699711924e-159,2.230185723562298e-143,4.2879428088657904e-07,0.0001378801576594841,9.538348186702594e-60,5.0554799481636634e-136,1.0965304880840283e-68
2.6929828442493827e-19,3.7053944367050433e-75,5.037390934028555e-06,0.9894932370869151,3.421257369327565e-45,1.5416677090546352e-12,2.0482852608820497e-09,0.010501723472323803,2.3483297374817597e-16,3.302514834961655e-27
6.201354705822865e-20,9.64970053294907e-76,2.6125467196028657e-06,0.9865043078699404,8.9097421675608e-46,3.135260012721791e-14,3.339662736324932e-10,0.01349307924934239,6.115591484263418e-17,8.600509247711537e-28
8.444791329304708e-20,1.1590996557183265e-75,3.157836877556563e-06,0.9938428070794942,1.070217572420627e-45,1.0349643489414432e-12,6.328131738160243e-10,0.006154034449780137,7.345906676061916e-17,1.0330732320227913e-27
1.1628709355737407e-19,1.689454650555261e-75,3.992504566278971e-06,0.9829701214021562,1.559903883942981e-45,1.6358971372893046e-13,6.010292658519697e-10,0.01702588549208458,1.0707082909442137e-16,1.5057638603657961e-27
1.795521351915922e-20,2.514668923974636e-76,9.229650328954938e-07,0.967338529693055,2.3218390739576967e-46,8.440810892634948e-14,1.8445900341412984e-10,0.03266054715736865,1.593695873169546e-17,2.2412543557065397e-28
4.2537874805698677e-20,6.089949949230827e-76,2.0005283059548486e-06,0.9754516931437348,5.622960388845783e-46,9.142124898932948e-14,3.4953472303716517e-10,0.024546305978332968,3.859564945030063e-17,5.4278027244293365e-28
3.0975138138271373e-20,4.278193129109362e-76,1.4294024136213486e-06,0.9877485251080731,3.950132710672354e-46,2.9273384413767816e-13,3.507491569426098e-10,0.01225004513847136,2.7113464788691194e-17,3.8130343517589724e-28
6.992950676822178e-20,9.589438790118635e-76,2.5409574634279294e-06,0.9917162289508848,8.854101415875948e-46,7.682100222647035e-13,7.803960467870049e-10,0.008281229310487451,6.077400092761557e-17,8.546799657314517e-28
4.194993826776124e-20,5.750206691737342e-76,1.7341568347619616e-06,0.9957581969909496,5.309269324848684e-46,5.270701013209758e-13,3.2708064772235273e-10,0.004240068524608082,3.644249396311122e-17,5.124999029986512e-28
2.09382107090992e-20,2.867155067775742e-76,9.752119517144787e-07,0.9727319664622098,2.6472958742161215e-46,4.771653354949687e-13,1.9514637290140014e-10,0.027267058130214926,1.8170873887129553e-17,2.5554154340344133e-28
4.359564872775996e-20,7.840626208553004e-76,2.2791106317392104e-06,0.901583430324925,7.239391285967462e-46,7.512073529693753e-15,2.1255005469965198e-10,0.09841429035188573,4.9690730130342955e-17,6.988131685093229e-28
2.1590636195168654e-20,3.0001340140371756e-76,1.0113145593716344e-06,0.9881971129225027,2.7700777285190343e-46,1.3960638219636372e-13,1.9092516290843047e-10,0.011801875571873285,1.9013641016266905e-17,2.673935867187822e-28
3.318393661074072e-20,4.544384253894966e-76,1.5898727703446068e-06,0.9832500393826594,4.1959117668238426e-46,6.991595530562136e-13,3.3049336349266637e-10,0.016748370413377782,2.880047680479848e-17,4.050283080615562e-28
2.0042677745816478e-20,2.7667375348646026e-76,1.0076733358832051e-06,0.9951676431625384,2.554578558866712e-46,1.8379396909859916e-13,1.9732189167343468e-10,0.004831348966620155,1.7534468277684156e-17,2.4659160916611715e-28
1.6314680811284662e-20,2.2337266839801284e-76,8.157984508068717e-07,0.9709111392842262,2.062440047658269e-46,3.784954008952519e-13,1.699124126758351e-10,0.029088044747032134,1.4156459951754938e-17,1.9908583628858132e-28
6.671353244253158e-21,9.133028121990159e-77,3.6424237907542213e-07,0.9822957149810553,8.432689231978243e-47,1.5697418876816182e-13,8.066654583705281e-11,0.017703920695742125,5.7881453596970715e-18,8.14001353050929e-29
1.1233447032806039e-19,1.5405568646931146e-75,4.130665840011865e-06,0.9940576135849369,1.4224238785456566e-45,9.293385151821924e-13,8.133054283440898e-10,0.0059382549349884,9.763428977531372e-17,1.3730554182971434e-27
3.042770792090783e-20,4.1672441715476315e-76,1.3480975100971432e-06,0.980324070364509,3.847691541409192e-46,6.066750386383388e-13,2.549090951362075e-10,0.019674581282465273,2.6410315064602546e-17,3.714148636463458e-28
4.8354304535196205e-20,6.627071722905608e-76,1.892554461527036e-06,0.9884882390209204,6.1188945890507195e-46,7.747640214391873e-13,3.3797384352262874e-10,0.011509868085869518,4.199971131964938e-17,5.906524405397082e-28
7.628517477235717e-20,1.0466674148185014e-75,2.449092568464523e-06,0.9918598183355727,9.664068609567775e-46,8.012165377930196e-13,8.327189643903373e-10,0.008137731738338863,6.633356533514909e-17,9.328655095842885e-28
5.800160045365772e-20,8.135152895549932e-76,2.2092687793783604e-06,0.992038904295664,7.511333076663275e-46,2.128672476275711e-13,3.751876119393112e-10,0.0079588860601563,5.1557322497638497e-17,7.250635143102965e-28
2.9687903385322207e-20,4.066990049840804e-76,1.4248545135649682e-06,0.9918832831909952,3.7551251065656325e-46,5.572332125877397e-13,2.622025043245145e-10,0.00811529169173139,2.5774944799215703e-17,3.6247949318855757e-28
6.69458762436895e-20,9.16994201404257e-76,2.8601626179851675e-06,0.9932876899505372,8.466772492848896e-46,9.482957123023316e-13,5.407942500348547e-10,0.0067094493451023115,5.811539946851473e-17,8.172913870815191e-28
9.133408892235142e-19,1.3995308681733026e-74,1.5182336510081923e-05,0.988790359598262,1.2922120379165615e-44,4.098855176354585e-13,2.238689005743237e-09,0.011194455826128116,8.869662872297306e-16,1.2473628753152727e-26
6.616191538087498e-20,9.919344542530021e-76,2.466255685905794e-06,0.9870114838670663,9.158709334385339e-46,5.181622338737772e-14,3.545543350657526e-10,0.012986049522641636,6.286481023639292e-17,8.840835443743652e-28
1.138036122098483e-18,1.577329009693421e-74,8.826645653184301e-06,0.9872929655579277,1.456376261812079e-44,2.574566696675001e-12,3.863139541572557e-09,0.012698203930703889,9.996475580291149e-16,1.4058293978321855e-26
1.4125769011534526e-19,3.162461758645417e-75,7.0337634951241375e-06,0.9519596790850179,2.9199578565253567e-45,1.0462051316785083e-14,4.078791731675535e-10,0.0480332867435972,2.0042408347326574e-16,2.8186140511066472e-27
5.994305357261663e-20,8.214136724785924e-76,2.3020108062608978e-06,0.9893053994898239,7.584260267667436e-46,8.723902603420124e-13,6.797098124385908e-10,0.010692297818787671,5.2057889907934194e-17,7.321031229975665e-28
3.7227959646407145e-19,5.115207319276592e-75,8.471309320144289e-06,0.9930596639550754,4.7229629761832563e-45,1.984092856239768e-12,1.4253206262712215e-09,0.006931863308299451,3.241812338723325e-16,4.559041775464372e-27
2.1333619455533224e-19,2.929744853792529e-75,5.502253884009786e-06,0.9947973569265872,2.7050861500726866e-45,1.4677869639457502e-12,1.0528659453121516e-09,0.005197139765194892,1.8567542722421208e-16,2.6111999659836603e-27
8.425115984634949e-20,1.1643188224062303e-75,3.345125866735262e-06,0.9938592152359776,1.0750365229528182e-45,4.80015832770259e-13,6.664438800701666e-10,0.006137438971231663,7.378983838275184e-17,1.0377249331472246e-27
4.2206130760551616e-20,5.867185626431154e-76,1.8239286317762176e-06,0.9829130758226348,5.41727808051929e-46,2.722082532626756e-13,3.314515246320923e-10,0.017085099917009777,3.718385908290264e-17,5.229259093449281e-28
4.711881541617008e-20,6.463937629548046e-76,1.7814755668944307e-06,0.9949986239534226,5.968269944732306e-46,4.877048415652036e-13,5.186707531364619e-10,0.0049995940518519815,4.0965833397714147e-17,5.761127541115445e-28
1.1080585937583021e-20,1.5173809533185294e-76,5.70920615981846e-07,0.9963207817865309,1.4010251424770369e-46,1.9474343316453941e-13,1.4186928101537984e-10,0.003678647150789112,9.616549428875571e-18,1.3523993748197038e-28
4.293075559520583e-19,5.896386765284069e-75,1.058714978882062e-05,0.9913628522917449,5.44424001755456e-45,1.9018652307982836e-12,1.696039961691821e-09,0.008626558860524035,3.7368924447247767e-16,5.25528526930891e-27
5.154265989972813e-19,7.074445904986674e-75,1.1490083290638365e-05,0.9908204369227752,6.531963222751368e-45,2.3061090374273834e-12,2.2156808098821376e-09,0.009168070775946812,4.483498918357898e-16,6.3052565740172384e-27
2.675824464926389e-19,3.676256190575574e-75,7.03951231459692e-06,0.992813574677674,3.394353502275728e-45,1.4285759525450032e-12,1.172602911547132e-09,0.0071793846359798985,2.3298631082576006e-16,3.276544731713352e-27
3.7273102450679016e-20,5.1111569395342765e-76,1.614318047347872e-06,0.9905257680934891,4.719223187672565e-46,5.15881027395157e-13,3.099055093533745e-10,0.009472617278042165,3.239245377005824e-17,4.555431786737264e-28
5.077167688089884e-20,7.056219100192274e-76,2.1936922402514604e-06,0.9790721723210146,6.5151340858572166e-46,3.468095055151987e-13,4.284135955829553e-10,0.02092563355798462,4.471947378595149e-17,6.28901148971421e-28
9.743325873847916e-20,1.6217520582088306e-75,3.9875718799997664e-06,0.9858670774272308,1.4973928619871712e-45,2.6622387305645534e-14,5.615665021532255e-10,0.014128934439296144,1.027801116858807e-16,1.445422425520542e-27
5.066538042652087e-19,8.082642185537188e-75,9.104473094977703e-06,0.9927455259177013,7.462848993074195e-45,1.7320897935537814e-13,1.4280900927093837e-09,0.007245368180939835,5.12245294135412e-16,7.203833778284101e-27
1.09154663171813e-20,1.4947276297961573e-76,5.633114776998598e-07,0.993699185456755,1.38010892117737e-46,2.4010035231492094e-13,1.3559368696589478e-10,0.006300251095933603,9.472981648534816e-18,1.332209094720385e-28
1.3159729523267796e-19,1.8045012835154704e-75,4.5066290549246e-06,0.9932879772211662,1.6661285106473498e-45,1.1055251023230613e-12,8.126927605174993e-10,0.0067075153359803805,1.1436202449795675e-16,1.6083017270561922e-27
2.8958299770343433e-19,3.9818199821336016e-75,7.650843785234208e-06,0.9824710294720778,3.676486050247377e-45,2.0822970401663654e-12,1.316745642103474e-09,0.01752131836530875,2.523517028122435e-16,3.5488852032770906e-27
8.833153641013444e-21,1.2492716813181067e-76,4.836001882069783e-07,0.9691942947204024,1.1534750264812457e-46,2.8074030311356344e-14,9.654362796359217e-11,0.03080522158283758,7.917380737156082e-18,1.1134410463979598e-28
1.1456352369425278e-19,5.237013270336136e-75,9.501791388909353e-06,0.5547495506553176,4.835428602936068e-45,2.7227616227674998e-15,1.9212439472515744e-10,0.44524094736116593,3.3190078921753536e-16,4.667603975841586e-27
5.67878094191448e-20,9.688143605299536e-76,2.548489428111092e-06,0.9831352914283868,8.945237348121276e-46,1.3121879077054806e-14,3.5350536523607785e-10,0.016862159728666518,6.139955182194682e-17,8.634772493125952e-28
1.2207398434402487e-20,1.6716943002468318e-76,6.519741267251732e-07,0.995408210083856,1.5435054328705e-46,2.48784184590463e-13,1.386265695737785e-10,0.004591137803141809,1.0594525196681567e-17,1.4899345605337059e-28
4.1315404987689176e-20,5.660740116666962e-76,1.7765145148480267e-06,0.9958557844787673,5.226663225957841e-46,6.242034062926357e-13,3.378648092112208e-10,0.004142438668228828,3.5875490899516534e-17,5.0452599672369795e-28
4.1513352953109326e-20,5.689251626390014e-76,1.7207593524348826e-06,0.9961862325934533,5.2529884160062666e-46,6.211247855622565e-13,3.222070864134167e-10,0.0038120463243662152,3.605618523677983e-17,5.070671477505934e-28
7.467447829068537e-20,1.0231279721806208e-75,2.858435798192773e-06,0.991262818061172,9.446724699302915e-46,9.417885574983425e-13,5.213643688733258e-10,0.008734322980723665,6.484173020234206e-17,9.118854592456132e-28
1.5510779802290558e-20,2.1246007244441835e-76,7.625644710994961e-07,0.9935803177239652,1.961682085280778e-46,2.670906886411712e-13,1.8448069246408627e-10,0.00641891952681607,1.3464863746557638e-17,1.893597440117062e-28
1.3557579150704933e-20,1.8557541004655082e-76,7.012525388707204e-07,0.9811294335393254,1.7134511589333553e-46,3.5028529603121395e-13,1.462058790976515e-10,0.018869865061579456,1.1761021976079003e-17,1.653981929961558e-28
3.3101353671262546e-19,4.5564635245254e-75,5.6379651179241685e-06,0.988803612499646,4.207064774787341e-45,1.766737671398695e-12,2.3165390428135546e-09,0.011190747216929923,2.887703032022787e-16,4.0610490013127846e-27
1.4991038094263062e-19,2.0577777950010017e-75,4.1846314450931204e-06,0.9861547425278496,1.8999832719148155e-45,1.422799291678316e-12,1.396416796883e-09,0.013841071442865569,1.3041366727411019e-16,1.8340400209110835e-27
8.477124006074096e-20,1.1717572846393433e-75,3.0412490151106397e-06,0.9858564654938322,1.0819045890025243e-45,7.112520501885126e-13,5.992021652583197e-10,0.014140492657239226,7.426125523014619e-17,1.044354619312607e-27
2.702691113923889e-20,5.308164789063586e-76,1.7925520430184825e-06,0.8828942394170803,4.901124080689742e-46,3.110913639588278e-15,1.3886745406552436e-10,0.11710396789200614,3.3641010264441644e-17,4.731019390893654e-28
6.95721450289961e-20,9.758125545141922e-76,2.6334573254464477e-06,0.9877010239748942,9.009852932641477e-46,2.7807353521616086e-13,4.4186547082328933e-10,0.012296342125636859,6.184306876451865e-17,8.697145440997824e-28
3.3455709678966094e-20,4.6907421400312536e-76,1.388758964306816e-06,0.9846323544471031,4.331046637093752e-46,1.3160727050482037e-13,2.5569702705214875e-10,0.015366256538104067,2.9728034277221037e-17,4.180727788580463e-28
8.16239383574817e-21,1.1684546394021087e-76,4.414546634733533e-07,0.9957319095501218,1.078855197217338e-46,1.6537834645545862e-14,8.217575463340352e-11,0.004267648913022536,7.405194923280586e-18,1.0414110693883109e-28
9.918758934516731e-20,1.3593408756250802e-75,3.5148619188175864e-06,0.9750134236531072,1.2551038944982073e-45,1.6349240826538711e-12,6.279709971607773e-10,0.024983060855368132,8.614954817516327e-17,1.211542650510383e-27
2.020947154114784e-20,2.7671925356903565e-76,9.587120641432127e-07,0.9847768445323485,2.5549986693177724e-46,4.566980225836647e-13,1.8457049198693604e-10,0.015222196570560157,1.753735171651452e-17,2.4663216169397597e-28
8.638751423270702e-20,1.1844766637239626e-75,3.191641168017122e-06,0.984220592119766,1.0936486206217926e-45,1.3089899483760688e-12,5.525377400238927e-10,0.015776215685219374,7.506735932303269e-17,1.0556910512004058e-27
6.97175170033247e-19,9.574322454559282e-75,1.3529062610954716e-05,0.9892211840504628,8.840144231205574e-45,2.852405338363606e-12,2.4459580699960113e-09,0.01076528443811502,6.067819989497127e-16,8.533326906393366e-27
2.1371600384377026e-20,2.92716769066032e-76,1.0293606495507687e-06,0.9877773407814086,2.7027066089715585e-46,4.081437539282199e-13,2.1151162491329814e-10,0.012221629646022211,1.8551209857208452e-17,2.6089030171206257e-28
2.0607683880756735e-20,2.9511639699997316e-76,9.67914092786187e-07,0.9947499977860831,2.72486280554625e-46,4.034052209032168e-14,1.7654069791603033e-10,0.005249034123243123,1.8703288763744536e-17,2.6302902351626473e-28
2.317789398932152e-19,3.18938597867535e-75,4.662576898320643e-06,0.9922494182361367,2.944817473433704e-45,1.3176649979804419e-12,1.6951769189834383e-09,0.007745917490470299,2.021304354239239e-16,2.8426108683055762e-27
3.0914449474703445e-19,4.2552728682396714e-75,5.326518125918613e-06,0.9902857855541187,3.928970021315841e-45,1.8136473205401611e-12,2.109678833526871e-09,0.009708885816262811,2.6968205077375284e-16,3.7926061545543976e-27
2.960265582616765e-20,4.0580787902626414e-76,1.215506271630255e-06,0.9959882104971373,3.7468971802213366e-46,5.877006137203555e-13,2.337234193406874e-10,0.0040105737622801885,2.5718468490711935e-17,3.6168525635391287e-28
1.9793355827987063e-19,2.745507009790471e-75,4.101373007579902e-06,0.9936286861308121,2.534976032980384e-45,9.772764669922354e-13,1.2060903954195097e-09,0.0063672112891124165,1.7399917147918262e-16,2.4469939005691274e-27
3.195950766385522e-20,4.379038255912428e-76,1.4060801094243715e-06,0.9956758511664933,4.043244831157579e-46,4.3324871593677183e-13,3.8203843849890793e-10,0.004322742370925588,2.7752580961737103e-17,3.9029148120242503e-28
8.39162918216097e-20,1.1780800236614008e-75,2.538024224970081e-06,0.9920136830730651,1.087742487731812e-45,2.736098945924675e-13,8.97124895086111e-10,0.007983778005311352,7.466196706177627e-17,1.049989906517237e-27
2.251935703725764e-19,3.099866205535047e-75,4.5649690503647295e-06,0.9958952005969905,2.8621622558074963e-45,1.5983399441124192e-12,8.69870302226861e-10,0.004100233562490085,1.9645702848278538e-16,2.7628243742626447e-27
6.54042811297146e-20,8.97092523694053e-76,2.1738182974482236e-06,0.9929846312799342,8.283016720849181e-46,7.977464148927533e-13,7.277104728610568e-10,0.007013194173260222,5.685411077254506e-17,7.995535747835413e-28
7.605044275907874e-20,1.0433017652439143e-75,2.5221183038889708e-06,0.9906727640474317,9.63299296133026e-46,8.741812150803416e-13,8.452797117911545e-10,0.009324712988110705,6.61202636899893e-17,9.298657992060348e-28
5.656815228718591e-20,7.762033286791011e-76,1.894719565023903e-06,0.9952045961969669,7.1668250268692e-46,6.357017751087319e-13,5.662060045372402e-10,0.004793508516626449,4.919264051415335e-17,6.918084027664667e-28
2.69734587352196e-19,3.7110763956559644e-75,5.4846609246760275e-06,0.9908855992381129,3.426503624285063e-45,1.7100338421828707e-12,1.5526133761719912e-09,0.009108914546638903,2.351930727546345e-16,3.3075790066809584e-27
6.454360566323961e-20,8.856587352669153e-76,2.384051075353914e-06,0.9952529324280966,8.177446494564551e-46,8.618714350310882e-13,5.118130028421352e-10,0.004744683008153007,5.612948281492604e-17,7.893629568379263e-28
1.6231200952570065e-10,1.9329992111403036e-106,0.9998565049945848,8.432685976308626e-160,1.475046261224645e-143,9.518535215436721e-08,0.0001433996577511648,6.308669579581548e-60,3.3436976649297746e-136,7.252459647995767e-69
7.016335215612369e-19,9.711301647585967e-75,1.1229477390288506e-05,0.9895008604792838,8.966619585339212e-45,2.2197467859185844e-12,1.5388538132384989e-09,0.010487908502251718,6.154631376723003e-16,8.655412542123358e-27
1.2543760472134647e-19,1.7234362426341085e-75,4.047626115689175e-06,0.987317850050239,1.59127969947549e-45,1.123253892862045e-12,6.877056859220049e-10,0.01267810163481629,1.0922444505295415e-16,1.5360507063685718e-27
1.7036238851355256e-19,2.3354110211840365e-75,5.940823377295887e-06,0.9929779044663682,2.1563270262098467e-45,1.2335082510802844e-12,1.121271467996903e-09,0.007016153587749384,1.4800894561781548e-16,2.081486787572872e-27
1.6401544369237023e-20,2.6036818738411328e-76,9.332646775594645e-07,0.9905758921536905,2.4040263325339092e-46,6.8832001942571505e-15,1.264810383479074e-10,0.009423174455144193,1.650108701709406e-17,2.320589119677893e-28
2.3627042816629654e-20,3.5380451381617526e-76,1.1074643782612611e-06,0.9884648055427752,3.2667407502001927e-46,1.9694790212260856e-14,2.4080646101982903e-10,0.011534086752020537,2.242270507141456e-17,3.1533610678497944e-28
1.1409876213892894e-19,1.7424664541762755e-75,3.931330075770019e-06,0.9877480570429826,1.6088506362787512e-45,7.005502156898596e-14,7.754903182086645e-10,0.012248010851381042,1.1043050376503331e-16,1.5530118053990416e-27
1.2705964608681057e-20,1.779825164020826e-76,6.655103173133144e-07,0.9740496634875294,1.6433446054222615e-46,5.712517671829375e-14,1.388639471504069e-10,0.02594967086323222,1.1279814994151876e-17,1.5863085845477352e-28
3.136148222046143e-20,4.297211147946027e-76,1.3302394390588023e-06,0.993190150628878,3.967692389731194e-46,6.854247911832647e-13,2.605365161766294e-10,0.006808518870460884,2.7233992986940673e-17,3.8299845704303213e-28
1.859841615935774e-19,4.9730273648135675e-75,1.0068738097659044e-05,0.9368710537213194,4.591685665417434e-45,9.081086568647737e-15,4.365948344107933e-10,0.06311887710397862,3.1517042942496065e-16,4.4323207133486684e-27
5.266095618721308e-21,7.447548476149536e-77,2.891835532011451e-07,0.9962099581815074,6.876455541426379e-47,1.6385506488074422e-14,5.908253777540456e-11,0.0037897525758402626,4.719956292438795e-18,6.637792486896487e-29
9.733434574375514e-20,1.3376822248837774e-75,2.960021852439162e-06,0.9945316953553678,1.2351060724784098e-45,9.516165721413874e-13,5.461937838828568e-10,0.005465344075634194,8.47769089883307e-17,1.1922388949616026e-27
1.3896062672137926e-19,1.9052926806038872e-75,4.568976613865365e-06,0.9938713766326194,1.759191021520067e-45,1.29104581142046e-12,9.81374056674868e-10,0.0061240534081015005,1.207497767548039e-16,1.6981342899669193e-27
2.300950049578549e-19,3.1615780644492506e-75,6.178760363214598e-06,0.9916746168379638,2.9191419257702076e-45,1.4718184499923567e-12,1.1258278762460659e-09,0.008319203274373004,2.0036808422756566e-16,2.8178264564197982e-27
3.533164997801177e-19,4.850366005718548e-75,9.385169432653741e-06,0.9909338656868342,4.478430225030704e-45,1.878697077518735e-12,1.6165940583632838e-09,0.009056747525260244,3.073966631129766e-16,4.3229961077025016e-27
1.9992572413553836e-19,2.751052222401809e-75,4.216132695478833e-06,0.996243450855069,2.5400960275815247e-45,1.5686422554266325e-12,6.982303166623764e-10,0.0037523323124361266,1.743506033748725e-16,2.451936187645246e-27
1.37678889452976e-19,1.892831260555374e-75,3.967176186322372e-06,0.9933991694943745,1.74768516812132e-45,1.17836361283009e-12,6.964800339010946e-10,0.006596862631780672,1.199600177135294e-16,1.687027762923001e-27
8.581227955874358e-20,1.1773729655109052e-75,3.0559721227088636e-06,0.9842460948343288,1.0870896482165462e-45,1.0669736024250198e-12,5.636921231234448e-10,0.015750848628789338,7.461715467025089e-17,1.0493597205184905e-27
6.501967636542076e-20,8.928381162021226e-76,1.922365548215595e-06,0.9966394671949158,8.24373501081123e-46,7.790296016352302e-13,4.5187451076367945e-10,0.0033586099868823686,5.658448262848744e-17,7.957617365922082e-28
1.7404795696955947e-19,3.896662290210884e-75,8.614830781621341e-06,0.9504959355503623,3.597858420713665e-45,1.2847589668648402e-14,5.469774636641491e-10,0.04949544907186564,2.4695475273773806e-16,3.472986521561478e-27
1.8348164414512566e-20,2.512942958867999e-76,8.942636443106048e-07,0.992253922215974,2.3202454593125754e-46,4.1891003191904245e-13,1.9178070592890146e-10,0.0077451833281819375,1.592602018330972e-17,2.239716048878525e-28
8.290759044954884e-20,1.138190162242101e-75,3.0032908661118814e-06,0.9899812174329815,1.0509114607862456e-45,8.528394370041425e-13,5.241149618844981e-10,0.010015778751184527,7.213390728315631e-17,1.0144371820911257e-27
6.765060186799249e-20,9.268680053756594e-76,2.7592099870518284e-06,0.9750986440270406,8.557939101903596e-46,1.1754774084770015e-12,5.238367188101817e-10,0.024898596237960233,5.874116041019776e-17,8.26091630928974e-28
5.532411351875294e-20,7.574366398619579e-76,2.4163449692825537e-06,0.9819433610050287,6.993548811582865e-46,1.154925600506628e-12,4.686723175674965e-10,0.018054222180174807,4.80032829148043e-17,6.750821751288229e-28
1.7113871591844025e-19,2.3482618119635355e-75,4.9523686904753735e-06,0.9915393657907041,2.168192392612011e-45,1.4970047526772342e-12,7.985353622458023e-10,0.008455681040572954,1.4882337606280942e-16,2.0929403358802692e-27
9.560706632431937e-20,1.3095711731365333e-75,3.6925378311342237e-06,0.9833348179538951,1.2091506324860808e-45,1.3980950911514172e-12,7.142574001329635e-10,0.016661488792618293,8.299534562154011e-17,1.1671843031631928e-27
6.99182686084236e-14,8.064536940418917e-106,0.9987489179016315,3.5181446102492707e-159,6.153942016073355e-143,2.3578517030313096e-08,0.0012510585197816329,2.6319979116504515e-59,1.39500177656624e-135,3.0257502643085256e-68
1.6720839662964715e-20,2.2915747580697825e-76,8.114425292949354e-07,0.9927872553057634,2.115852215556008e-46,2.708322932373327e-13,1.6741532071552267e-10,0.00721193308402107,1.4523077786267987e-17,2.042416741563953e-28
2.0148641669010628e-19,6.021152896172196e-75,1.1602835709641219e-05,0.9026036318853906,5.559438831617409e-45,8.062657531292648e-15,4.439668074757032e-10,0.09738476483492438,3.815963978231112e-16,5.366485779570617e-27
4.81694066537311e-20,6.756767492104828e-76,1.763754477661717e-06,0.9911734830006378,6.2386450268848124e-46,1.798386201032642e-13,5.675323214188298e-10,0.008824752677172417,4.2821670660727806e-17,6.022118627652868e-28
1.6035267977532034e-19,2.5297829354427525e-74,1.9830046620878807e-05,0.3942419254222702,2.3357941127528046e-44,1.9706156344205596e-15,1.6328083805914053e-10,0.6057382443678244,1.6032742459059083e-15,2.2547249717470042e-26
1.725868304295978e-19,2.371806935612595e-75,3.960443164163032e-06,0.9898575484514824,2.1899320290183598e-45,1.3353396178005805e-12,1.6026549502753957e-09,0.010138489501362974,1.5031556900488114e-16,2.1139254444421616e-27
8.921691151033605e-20,1.2233037406585461e-75,3.1219275010751617e-06,0.9941079544590083,1.129498359525707e-45,1.0293516212979303e-12,7.709532867962478e-10,0.00588892284150795,7.752806424472087e-17,1.0902965460494267e-27
6.337559064669727e-20,8.693967775069928e-76,2.170728939546482e-06,0.993104031452614,8.02729691190554e-46,8.122843456349236e-13,6.876597002076284e-10,0.006893797129974501,5.509886571742739e-17,7.748691273941104e-28
9.672724862232176e-19,1.3444662744185172e-74,7.2013882132127845e-06,0.9955902327646483,1.2413699075062538e-44,3.014338817024909e-12,1.0336121634799652e-09,0.004402564810510963,8.520684663711133e-16,1.1982853036278552e-26
9.207466708391626e-20,1.263284397420766e-75,3.615702738529428e-06,0.9894082956406873,1.1664132194454333e-45,1.3057637151823456e-12,6.330282566289446e-10,0.010588088022240157,8.00618755701377e-17,1.125930188955414e-27
2.422361893504351e-19,3.3364395892426523e-75,6.460845618402719e-06,0.9929776192620121,3.080594718591708e-45,1.2138101393555888e-12,1.0444256769939736e-09,0.007015918846729725,2.1145009885110076e-16,2.973675654418753e-27
4.5142664035863234e-20,6.188963764497572e-76,1.7402271156056625e-06,0.9938159324290844,5.7143816264314416e-46,5.78179340747677e-13,5.404938576172618e-10,0.006182326802727918,3.922315985370196e-17,5.516050998323118e-28
9.786740076049e-20,1.3417473522201707e-75,3.4810459651177117e-06,0.993337595399719,1.2388594777081257e-45,9.48058292063974e-13,8.959249146069218e-10,0.0066589226574428695,8.503454406364933e-17,1.1958620396504791e-27
4.293078873020725e-20,6.326206012425288e-76,1.7845446630726675e-06,0.9936916270458043,5.841099863889397e-46,4.3774617617736e-14,4.061504354226001e-10,0.006306588003338561,4.009294616836442e-17,5.6383711930799475e-28
9.04950533272108e-20,1.2436400413155996e-75,3.164607068869558e-06,0.9934971708021705,1.1482752319144055e-45,7.168414622376418e-13,5.962031432123316e-10,0.006499663993840847,7.881689617417275e-17,1.1084217228293916e-27
2.982940673897059e-20,4.084911209490383e-76,1.3699252514957472e-06,0.9940036052840946,3.77167203579688e-46,5.433542411129949e-13,2.610707786810907e-10,0.005995024529039724,2.5888522044422407e-17,3.6407675637544377e-28
2.889736276580563e-20,4.047385545217113e-76,1.3798347435115323e-06,0.9504043902801369,3.737023914624657e-46,1.3457224052545053e-13,2.679819837308156e-10,0.049594229617003056,2.5650699175779e-17,3.6073219769679524e-28
2.0622961297939741e-19,2.831500039359312e-75,5.1570464524901605e-06,0.9892694469823247,2.6143749447963187e-45,1.6036088201582346e-12,1.6044940717526899e-09,0.010725394365124962,1.794490685020364e-16,2.5236371079798807e-27
6.146329380091623e-20,8.497921678246793e-76,2.061629474303191e-06,0.9914039360293395,7.846284022470616e-46,5.204930962441961e-13,3.7847844932405907e-10,0.008594001962187146,5.3856404016482165e-17,7.573960826827564e-28
1.2494985435561213e-19,2.4584287151300924e-75,5.1009467625756476e-06,0.9796649804936625,2.2699114769774904e-45,1.4077962261572221e-14,5.318559185867254e-10,0.020329918027704758,1.5580530626719645e-16,2.1911290164727207e-27
4.933018270374116e-20,6.758237876623152e-76,2.0254108705701734e-06,0.9920336917542254,6.240002659373065e-46,9.16034917134725e-13,3.7069636288771786e-10,0.007964282463291459,4.283098942807659e-17,6.0234291413655445e-28
1.8761040109371496e-20,2.7615063472875664e-76,9.539574103468862e-07,0.9917924370965201,2.5497485092312444e-46,2.136662095746756e-14,1.807715982482389e-10,0.008206608765276496,1.750131498653417e-17,2.461253676383639e-28
6.109841265366883e-20,8.509278123002151e-76,1.992824058212612e-06,0.9968893042664991,7.856769632294973e-46,3.188797700937825e-13,3.565543991129123e-10,0.00310870255256927,5.392837645482676e-17,7.584082504604423e-28
3.651933818610748e-20,5.1202536188117666e-76,1.5214543359547025e-06,0.9947322698028908,4.727622315362248e-46,1.3057911702551273e-13,4.0281635391583413e-10,0.005266208339826247,3.245010550605239e-17,4.5635394183715e-28
3.858292838656542e-20,5.281964227117239e-76,1.7609253942797948e-06,0.9804563978544637,4.876932630313634e-46,8.526524712303972e-13,3.424864737862785e-10,0.019541840876802774,3.3474961630022745e-17,4.707667565157925e-28
2.6984746335508984e-20,3.971871886859758e-76,1.3405862920427571e-06,0.9747750193609931,3.667300794845345e-46,3.0641524606496685e-14,2.2235183211508715e-10,0.02522363983033226,2.5172124160156904e-17,3.5400187602995756e-28
1.0885946028475804e-19,3.788821916384764e-75,8.570789945379069e-06,0.7307376702822453,3.498287462758718e-45,3.492462870618584e-15,2.328515975046218e-10,0.269253758694954,2.4012026497255686e-16,3.37687139891201e-27
8.856277728078889e-21,1.212406830095164e-76,4.6291524335556444e-07,0.9879726734905961,1.11943704589103e-46,1.978420068865987e-13,9.351446221435915e-11,0.012026863500448211,7.683746197641574e-18,1.0805844326647051e-28
1.4325736715265193e-19,2.0790794203249422e-75,5.2067443648571635e-06,0.9701066639682437,1.919651445941382e-45,2.0883673700775858e-13,8.54260798162188e-10,0.029888128432921553,1.3176367580520697e-16,1.8530255592148944e-27
3.584825190303807e-19,4.934477285848187e-75,7.451083159463375e-06,0.9901470773489468,4.556091683723613e-45,2.445053838550877e-12,1.1868419284257038e-09,0.009845470378606546,3.127272856073823e-16,4.397962119303584e-27
2.900146813868445e-20,3.972257699974928e-76,1.2945849393387782e-06,0.9888082204474457,3.667657023038052e-46,6.793103836896446e-13,2.5184413994218423e-10,0.011190484715091664,2.5174569032863215e-17,3.5403626185686412e-28
6.479930157297789e-20,8.888171048256202e-76,2.266367380466211e-06,0.992980631922074,8.206608289111281e-46,6.856765291816168e-13,6.875479274413891e-10,0.007017101022311751,5.632964859624666e-17,7.92177925861964e-28
8.422614574605274e-20,1.1552919040376857e-75,2.846468990838724e-06,0.9954699396580093,1.066701806765852e-45,1.0516666410309046e-12,4.944730047317016e-10,0.004527213377474979,7.321774693088769e-17,1.0296794872350807e-27
5.47050322350965e-20,7.506764804688372e-76,2.0329861900554865e-06,0.993773155652096,6.931131043281497e-46,7.080078952622555e-13,4.129770433657967e-10,0.006224810948029081,4.7574850778212624e-17,6.690570318632714e-28
2.379834865538265e-20,3.258373625750475e-76,1.1311513679809105e-06,0.9834713030031694,3.008515009547624e-46,5.113276122691829e-13,2.1814857637171452e-10,0.016527565626802732,2.065025967787602e-17,2.904097640566764e-28
2.5463310629240113e-19,7.613175374350537e-75,1.2667149091266101e-05,0.9165172491815794,7.029381837319706e-45,1.0154385624101978e-14,5.116992122472797e-10,0.08347008315761943,4.824923623610884e-16,6.785411046596515e-27
2.3912137684560015e-20,3.3040171603980485e-76,9.96740267634357e-07,0.9958437189252721,3.0506585065336103e-46,2.1031314597297978e-13,1.8987129112537087e-10,0.004155284144378643,2.0939529852329638e-17,2.944778444264381e-28
1.438213750721193e-20,2.058500923597485e-76,7.266137602611764e-07,0.9901209869040493,1.900650949562081e-46,3.017827684927804e-14,1.5182712193356914e-10,0.00987828633033301,1.3045949783936427e-17,1.8346845276819823e-28
2.6379754013485255e-19,1.5223812174739804e-74,2.0483250945731927e-05,0.8037914199723705,1.4056419763614296e-44,5.170494894865093e-15,3.819983571968441e-10,0.19618809639467946,9.648238140033163e-16,1.3568559446563237e-26
2.82397073390109e-20,3.866960358399945e-76,1.3764440982554242e-06,0.9777658103418232,3.570434092527486e-46,5.691999182012826e-13,2.9002285069037236e-10,0.022232812923486556,2.450723710636704e-17,3.4465140362946314e-28
1.582217131584305e-20,2.1849346831601265e-76,7.32578451161745e-07,0.9938155062805264,2.017389515192391e-46,1.49201528364822e-13,1.432161727695265e-10,0.006183760997657188,1.3847235981269183e-17,1.9473714129171344e-28
5.891656463685482e-20,1.194241088151395e-75,3.3323008258667876e-06,0.8072509202697542,1.1026642894258137e-45,6.01397743989428e-15,2.2922598001304376e-10,0.19274574720018803,7.568618879741154e-17,1.0643938080593631e-27
4.7377261647907074e-20,8.526030957676129e-76,2.455845813852826e-06,0.9757058979667904,7.872237826049929e-46,8.055553911975716e-15,2.6228843426996936e-10,0.024291645925099206,5.403454927946069e-17,7.599013844189807e-28
1.0301824325656873e-20,1.5697306960804055e-76,5.857279766589678e-07,0.9593474688368543,1.4493606021064672e-46,6.896232732336072e-15,9.003531422980757e-11,0.04065194534512686,9.948320905132697e-18,1.3990572386482938e-28
8.038351553508514e-20,1.1375951969497743e-75,3.1701598896174644e-06,0.9820641119229104,1.0503621186242602e-45,2.2148885250511216e-13,5.590559400731707e-10,0.017932717357922387,7.209620142058341e-17,1.0139069071499175e-27
7.191251259087141e-20,9.850239339564638e-76,2.9710631688713873e-06,0.9579038749531085,9.094903256802293e-46,1.2737767816235732e-12,5.897459118169952e-10,0.04209315339270298,6.242684872348126e-17,8.77924389338267e-28
4.208660609682193e-20,5.765073346940131e-76,1.7696992826435406e-06,0.9772324469551318,5.3229959751523474e-46,9.1226636855142e-13,3.398212407214059e-10,0.022765783004852165,3.653671234938676e-17,5.138249256139201e-28
4.731642339883469e-19,7.717007920555422e-75,8.430950030406925e-06,0.9883714930251076,7.125252295903165e-45,1.3346986855089589e-13,1.9121087110287626e-09,0.01162007411261945,4.890728786552722e-16,6.877954179422431e-27
5.7769635359341966e-21,8.091328775031863e-77,2.9843042910810647e-07,0.9937554006435819,7.470869477487025e-47,2.7909572842383814e-14,5.8290875930459e-11,0.006244300867670059,5.127958263226429e-18,7.211575917595208e-29
1.9532451551078555e-19,2.6823955986121656e-75,5.199664753686995e-06,0.9931318774529372,2.476704131224509e-45,1.2650924077384725e-12,1.137809082688116e-09,0.006862921743234636,1.6999943052138475e-16,2.3907444746826638e-27
2.0373155906018447e-19,3.060505133500695e-75,6.482056269955937e-06,0.9875419635864531,2.825819469617665e-45,1.5492347888027944e-13,8.247390844876951e-10,0.012451553532382708,1.93962481389612e-16,2.727742954238517e-27
2.0373155906018447e-19,3.060505133500695e-75,6.482056269955937e-06,0.9875419635864531,2.825819469617665e-45,1.5492347888027944e-13,8.247390844876951e-10,0.012451553532382708,1.93962481389612e-16,2.727742954238517e-27
3.9388811931725766e-21,5.392126869489089e-77,2.199888488300573e-07,0.9948609273743958,4.978647780610676e-47,8.506989416441711e-14,4.643806038329205e-11,0.005138852590232149,3.4173128505580038e-18,4.8058524670192695e-29
3.956144059459856e-20,8.557154772640535e-76,2.422326057993757e-06,0.6276460965184464,7.900975004541309e-46,3.2599076350207472e-15,1.4330268524728208e-10,0.3723514810121897,5.4231799492211854e-17,7.626753629493002e-28
2.1611046849903228e-20,2.9845190945724576e-76,1.0110568516532653e-06,0.992569298806259,2.7556601923558317e-46,1.919726268055943e-13,1.891505680694271e-10,0.007429689947547013,1.8914680060567937e-17,2.6600187277458024e-28
9.505574215859655e-20,1.3036308155868665e-75,3.2820097999778633e-06,0.9796163397955098,1.2036657934519641e-45,1.2167089831434027e-12,5.931440167458661e-10,0.020380377600329458,8.261886910357267e-17,1.1618898259712965e-27
2.5644358985169974e-20,3.514579286442141e-76,1.1810847976883964e-06,0.9882908322893905,3.245074306992959e-46,4.3456458346784125e-13,2.4189064321200894e-10,0.011707986383486418,2.227398769378077e-17,3.1324466014738308e-28
2.0038351510628668e-19,2.7544530119270975e-75,5.908868913943244e-06,0.988786641516976,2.5432360377541725e-45,1.4820742413229273e-12,1.0628341770032176e-09,0.011207448549793686,1.7456613192354455e-16,2.4549672253767882e-27
1.279420477723962e-19,2.8682392599365378e-75,6.037828314044723e-06,0.9730223577296001,2.6482969283503704e-45,9.331547997762415e-15,4.2586949678893537e-10,0.026971604016206904,1.8177744620267208e-16,2.5563817330581086e-27
3.3901717523518914e-19,7.616479763946369e-75,1.0942684292729724e-05,0.9761547889707027,7.032432839702578e-45,2.4153078924452742e-14,7.359989907057957e-10,0.0238342676089809,4.827017789267887e-16,6.788356160606994e-27
3.3360752719659757e-20,4.9915760993952045e-76,1.6951695089560378e-06,0.9641178643784866,4.608812045877906e-46,2.8946849332284746e-14,2.764934154799395e-10,0.03588044017548226,3.163459846905484e-17,4.448852711080525e-28
2.3427333179161173e-20,3.210218171158488e-76,1.0471403440393183e-06,0.9948165512766535,2.964052211669983e-46,3.94958171281507e-13,2.0827528894741816e-10,0.00518240137433225,2.0345069726273026e-17,2.8611780223951516e-28
2.0714698580143215e-20,2.836579609602132e-76,1.0466205279770272e-06,0.9953779454303935,2.6190650034184494e-46,3.289350403208794e-13,2.1770994900961955e-10,0.004621007731039662,1.79770991574759e-17,2.528164385191959e-28
1.702029892903316e-19,2.385337252986289e-75,5.603785605041625e-06,0.9740042849556991,2.2024248145543718e-45,6.594295749276867e-13,9.965293893036614e-10,0.02599011026150674,1.5117306287428582e-16,2.125984631941413e-27
1.3771097653554605e-19,1.8893757730444517e-75,4.22573136972069e-06,0.9892576687629322,1.7444946543141372e-45,1.3111180392897014e-12,1.1400578764824965e-09,0.01073810436432876,1.197410264971669e-16,1.683947992999982e-27
2.2862788629731898e-10,2.3386088431733412e-107,0.999936033463413,1.0202153152595249e-160,1.7845616339154053e-144,1.4113370407881e-07,6.382517425510723e-05,7.632445156956247e-61,4.045320289339346e-137,8.774274800430665e-70
1.1361485635659352e-19,1.732428711335718e-75,4.628475079863737e-06,0.9718088243273726,1.599582607664985e-45,7.244628963383264e-14,7.826494838241611e-10,0.028186546414825393,1.0979435171840808e-16,1.5440654431914963e-27
4.1725970519231744e-20,5.974634007305338e-76,1.9071117911903281e-06,0.9822757446197832,5.5164871043270234e-46,8.371228396258099e-14,4.4285900140590005e-10,0.017722347825482983,3.786482374507516e-17,5.325024842671482e-28
4.136756935150752e-20,5.664933001643776e-76,1.911467267129216e-06,0.9786523109568684,5.2305345921162105e-46,9.27893092862565e-13,3.925266262723026e-10,0.021345777182409775,3.5902063165167096e-17,5.048996957431169e-28
3.8726737227291853e-19,5.332729257036363e-75,6.186279096935408e-06,0.9882631180876504,4.9238048960552996e-45,2.1287910955616858e-12,2.4606174498439687e-09,0.011730693170505893,3.379668921498102e-16,4.752913007177572e-27
3.963101108096033e-19,5.445607346905133e-75,9.982264628150573e-06,0.9834573193022472,5.0280272678961136e-45,3.4651901573332556e-12,1.537018227057732e-09,0.016532696892640614,3.451206423918583e-16,4.8535180941202556e-27
1.9554795257138985e-20,2.678484382039405e-76,8.85685592044e-07,0.9898218817896783,2.4730928345727843e-46,4.2391796116823443e-13,1.7686274988333426e-10,0.010177232347442975,1.6975155039607222e-17,2.3872585064220774e-28
