i = 0,i = 1,i = 2,i = 3,i = 4,i = 5,i = 6,i = 7,i = 8,i = 9
9.387433962225283e-09,1.5829275272900674e-35,0.019242553207785038,0.023153495583368346,9.048650750947464e-21,5.986981126830712e-06,2.093791751006086e-07,0.0004352701701523356,0.9571624752909584,2.2111565689423816e-24
8.105491470929305e-09,1.3667564026403244e-35,0.01740224294951965,0.017701971921186804,7.812929610420093e-21,5.493448716402734e-06,1.8747662181077592e-07,0.00041009093163571427,0.9644800051668281,1.9091918901783167e-24
1.03106558152143e-08,1.7386032530627313e-35,0.021614212537097242,0.021394411573098886,9.938555846810375e-21,6.571861687452912e-06,2.3580150908856574e-07,0.00041385188433879487,0.9565707060316126,2.4286165585708395e-24
1.4043892004715724e-08,2.3681086238983527e-35,0.026657080176951387,0.042762811952346866,1.3537061873355326e-20,9.19014853644424e-06,3.1386039101031466e-07,0.0007306222515344929,0.9298399675663477,3.3079587343245534e-24
1.796877186141181e-08,3.0300228018440966e-35,0.02888291981170698,0.018299652104116323,1.7320829683360686e-20,9.742528555665542e-06,3.4786649444519495e-07,0.0005260598791300068,0.9522812598412247,4.2325720583132196e-24
1.1051658729216895e-06,6.3930888409615344e-55,0.9995318865154561,6.4113619207101285e-83,8.394934455462075e-74,0.0004494988601255479,1.7509458541032294e-05,4.324830928972262e-15,3.178748242436681e-90,4.534100561562955e-88
3.0751132282073775e-08,5.185637969963595e-35,0.04098150342774159,0.01912730066776012,2.964319345142973e-20,1.300432802290456e-05,5.192191429854275e-07,0.0005840592807586254,0.9392935823254415,7.243703368449212e-24
9.796282591964034e-09,3.618227768968769e-35,0.01703522555262866,0.04807537918995812,2.0683245982100282e-20,6.490432551726105e-06,4.001674915747588e-07,0.0013151146831317457,0.9335673801779556,5.054222610545939e-24
2.9171314145514127e-08,4.91899357135318e-35,0.04488235227069818,0.03641691234012264,2.811894676538423e-20,1.729306789438542e-05,5.530073208534301e-07,0.0008111157402206263,0.9178717444024291,6.871233685918337e-24
1.613381046764035e-08,4.159851412387274e-35,0.02714142663990515,0.041658744379994304,2.377938468918316e-20,9.420353602065547e-06,4.4136696688386776e-07,0.0011762339517748922,0.9300137171739462,5.810804738528525e-24
4.347086092002344e-09,8.844948396441676e-36,0.009716388278307612,0.034570579491793214,5.056128443642093e-21,3.1733895842150205e-06,1.2835564589344829e-07,0.0005511357506420038,0.9551585903869411,1.2355313437647057e-24
8.127571802726286e-09,1.925609050082912e-35,0.01633924611863883,0.034396896406961565,1.1007556237835922e-20,5.317222244172682e-06,2.4982841022805977e-07,0.0007907114976087764,0.9484675707985647,2.689840834087343e-24
9.187775458208439e-09,1.6645215290004318e-35,0.018993706649587012,0.027446246934146067,9.515074899950216e-21,6.65178164533293e-06,2.3035737248598968e-07,0.0005929173080091555,0.9529602377814645,2.325133431279875e-24
1.3322513688863378e-08,2.2465055283459867e-35,0.02450618216200189,0.018623954704091016,1.284192964340971e-20,8.668630334677904e-06,2.9668766747608546e-07,0.0004404116059518943,0.9564204728874395,3.1380940507564668e-24
1.1911922429575687e-08,2.0086244597940154e-35,0.023202772078127737,0.022971819236467534,1.1482105726976833e-20,7.699976452706203e-06,2.5343066829304725e-07,0.00043355702356227225,0.9533838863427989,2.8058032299276625e-24
7.47349271194988e-09,1.260187501391043e-35,0.015543500387280505,0.04562165126887936,7.203738885202355e-21,5.039434774725968e-06,1.7530201994361763e-07,0.0006629966522849846,0.9381666294812677,1.7603281412196183e-24
3.876277368363498e-09,2.404262489744665e-35,0.00683991673521537,0.03450600419856344,1.3743731919646046e-20,2.507103402334525e-06,2.5170764636026355e-07,0.0019871286163552345,0.9566641877625399,3.358461272552311e-24
6.187404660714799e-09,1.1813247229904118e-35,0.013622863215795557,0.033568267225679196,6.752927507742552e-21,4.2456953192730185e-06,1.6887791806140185e-07,0.00046484457395803763,0.9523396042239253,1.6501664645166214e-24
7.800504074156112e-09,1.3153279038241406e-35,0.015889499074915336,0.024846113035491595,7.518943615224315e-21,5.279749792656916e-06,1.7870393573659903e-07,0.0004698710513091761,0.9587890505840514,1.837352553867746e-24
5.515634310020786e-09,9.992469713038002e-36,0.01254975993071765,0.017070795379203387,5.712097806997843e-21,4.036269051979925e-06,1.4485303261708348e-07,0.00027518513134129814,0.9701000729210189,1.3958260668931397e-24
5.6213425134589775e-09,9.478739844141423e-36,0.012221913057725766,0.040041912498660744,5.41842914031331e-21,4.005562341726937e-06,1.3586662995285583e-07,0.0005572550979714336,0.9471747722953279,1.3240642739690327e-24
4.451748060748617e-09,7.506551615542557e-36,0.010172480905461823,0.056017965572211434,4.2910469836410985e-21,3.5415168869434854e-06,1.1341287412139735e-07,0.0005396391147313562,0.9332662550260862,1.0485736477921773e-24
1.7250274510000573e-08,2.90881780544084e-35,0.03350687155717648,0.018016481425254176,1.662797314835525e-20,9.583242230355033e-06,3.4987435839107276e-07,0.00041413570271738693,0.9480525609479887,4.0632634706708564e-24
1.0825586602024355e-08,1.825424686952198e-35,0.021454061482500834,0.050874030796865095,1.0434862101782907e-20,7.391888508064872e-06,2.468399994406104e-07,0.0008789087004127964,0.9267853494661271,2.54989550568622e-24
1.593452860047565e-08,2.686921047932013e-35,0.028030098574553346,0.051284794039353945,1.535952198628438e-20,1.0771819253296644e-05,3.3478694887243535e-07,0.0010046603069320688,0.9196693245384299,3.7533007815813344e-24
1.6427836833725306e-08,2.770158666744629e-35,0.028103106248455727,0.020797799056439754,1.5835341712071384e-20,1.0362842612339344e-05,3.512415643502426e-07,0.0005330525353874383,0.9505553116477035,3.869573576417197e-24
1.3638106170528443e-08,2.774966232794316e-35,0.024812231509378124,0.04148344687194985,1.5862823694282026e-20,9.372039414086044e-06,3.4092257965950477e-07,0.0008095158362852672,0.9328850791822868,3.8762891594544e-24
1.4163010645979552e-08,2.388187501481428e-35,0.027237002551796025,0.04379555026478613,1.3651840817803478e-20,9.821203510176838e-06,3.2142631152219004e-07,0.0006973698079833009,0.9282599205826022,3.336006475803164e-24
1.2068495133344193e-08,2.0350122501023275e-35,0.023604031108824083,0.017044135251636602,1.1632948955408102e-20,7.447512853109763e-06,2.584830885205234e-07,0.0003616679175894877,0.9589824476575132,2.8426637525189837e-24
2.6853666046518596e-08,9.057650907594031e-35,0.039868826984788074,0.016944920142467384,5.177717758635064e-20,1.018925518237119e-05,6.202186769094262e-07,0.0005337953584110607,0.942641621186808,1.2652432886678462e-23
1.0710058256427958e-08,3.298866789399973e-35,0.01964791984041695,0.045682102412766275,1.8857650104981542e-20,6.681131321843604e-06,3.820765346109999e-07,0.001227892138153744,0.9334350116907484,4.6081142981544415e-24
7.107749807064795e-08,1.198712901438535e-34,0.058810948390818595,0.01984562087880763,6.852325333138629e-20,1.613141644587859e-05,7.638786370954294e-07,0.0006709757379166359,0.9206554886198761,1.6744556276871759e-23
6.841392346486513e-09,7.113818345949936e-35,0.011030452880474152,0.03789205187762913,4.066544842288792e-20,4.2465970608989205e-06,5.191938970424261e-07,0.0022979667500937734,0.9487747558594526,9.93713603100895e-24
1.0977296503110086e-08,1.85102529252229e-35,0.021123077308315988,0.01710405640987867,1.0581205465469997e-20,6.984628556945655e-06,2.3851738195411207e-07,0.00045923884368915066,0.9613063933148807,2.5856564272693583e-24
3.047285190753361e-08,5.138578040729561e-35,0.04336975358939852,0.016282282651539512,2.937417995797429e-20,1.1689522283961798e-05,4.3941763222564247e-07,0.00043116695674251835,0.9399046373895513,7.177966390687542e-24
2.337898525195128e-08,3.942334083748243e-35,0.03402550372145372,0.015985136405665956,2.253596810491083e-20,1.1065505095204621e-05,3.684739698893476e-07,0.0003968707303663979,0.9495810317844636,5.5069595770874375e-24
1.2203471579398799e-08,2.210891181105068e-35,0.02607294503342499,0.01709826558329257,1.2638343702581607e-20,7.6149894474215305e-06,2.8958518730470507e-07,0.00037307226934582023,0.9564478003358303,3.088345154175478e-24
1.1838695311648478e-08,2.260295298902258e-35,0.02312340682264271,0.04790488583717249,1.2920757521217237e-20,7.988986248584821e-06,2.9214985211965677e-07,0.0009740293577624718,0.9279893850076264,3.1573566772659104e-24
1.4571183377126235e-08,2.4570636490701916e-35,0.02792002384718734,0.022163054284486415,1.4045564594702095e-20,9.74111957105572e-06,3.2655892601189626e-07,0.0005070354644188826,0.9493998041542269,3.4322180480695615e-24
6.781017320189539e-09,1.1434254903213397e-35,0.014653045866589944,0.023995873100937988,6.536280242318827e-21,5.7544152589285095e-06,1.7394407894648547e-07,0.0003680783711687857,0.9609770675209481,1.5972258618488798e-24
3.454049791147399e-08,5.824498039722381e-35,0.05526362491024359,0.018621174487949838,3.3295174701556707e-20,1.2954035301601925e-05,5.417373368092922e-07,0.0004889235277013187,0.9256127467609689,8.136112916914452e-24
2.886597413201915e-08,4.867622654852512e-35,0.044440251592359634,0.013122921202763843,2.782528993387633e-20,1.0574746162705024e-05,4.460930093665759e-07,0.00035415911236247387,0.9420716183873677,6.799474785074971e-24
3.38502461538388e-08,5.708103196967209e-35,0.05031356956508348,0.025370745302078664,3.262981494051567e-20,1.594525108104011e-05,5.588729791631092e-07,0.0006318011135242844,0.9236673460450072,7.973523526868451e-24
1.718531105017591e-08,2.897830531652665e-35,0.0342712253486536,0.0498900684726048,1.6565165469860682e-20,1.0889771475179452e-05,3.7364062167711325e-07,0.0011250028185632297,0.9147024227627705,4.047915590118749e-24
7.88743307812755e-09,1.5058989049541133e-35,0.016049590917698708,0.023253082249831636,8.608324147658219e-21,4.847240622880396e-06,1.8955363549887443e-07,0.0005564774330998268,0.9601358047176783,2.1035569844141412e-24
6.48031143605557e-09,3.125163280650032e-35,0.011166858392028432,0.02061544585125924,1.7864690946842943e-20,4.060265427021185e-06,3.177505571814428e-07,0.0006777826713677995,0.967535528589049,4.365471695888046e-24
1.8380791872687954e-08,7.429600557402779e-35,0.025687253805978846,0.01709758591325296,4.247058662128062e-20,8.701841619817656e-06,4.981364027285834e-07,0.0005059452535719789,0.9566999966683819,1.037824524110935e-23
4.676530409508733e-09,7.88560815402671e-36,0.009975539223160159,0.02113580036620458,4.507730955109974e-21,3.692501143303572e-06,1.139266205228071e-07,0.00032635294265007537,0.968558496363691,1.1015232200637956e-24
2.009681232539146e-08,3.388821799817211e-35,0.03445335531091142,0.022507832102467262,1.9371869144407137e-20,1.1932248648267835e-05,3.935132272411362e-07,0.0004989038552306074,0.9425275628727029,4.7337704692451524e-24
3.709867012250206e-08,6.255816376383107e-35,0.0557351829246905,0.031860221386225525,3.5760763885923267e-20,1.422315721928638e-05,5.835633071628562e-07,0.0010465665814107994,0.9113431852884767,8.738611993448547e-24
1.9002992691597028e-09,4.157881493923625e-36,0.004396563257420181,0.028344272069984067,2.3768123842506287e-21,1.4415133170729126e-06,6.321684692420353e-08,0.00031130837228080725,0.9669463496698516,5.80805300285138e-25
5.622515607028533e-09,1.612112514638725e-34,0.008664381256645894,0.04430940364547088,9.215483883315142e-20,3.5707816899463862e-06,6.364362510068603e-07,0.030360101135847264,0.9166619011215793,2.2519244344181707e-23
5.798234954351213e-09,3.046777411300677e-35,0.010111948931251951,0.02768566186800502,1.7416605773438963e-20,3.881014226346348e-06,3.339532076019267e-07,0.0010345335350337628,0.9611636349000403,4.255976202925832e-24
9.374357599446836e-09,1.580713475620181e-35,0.019440786394352542,0.03783663182764774,9.035994340619157e-21,7.53757160719508e-06,2.3060667801270003e-07,0.0005229322591511579,0.9421918719662057,2.208063808971097e-24
1.1509668153539183e-08,1.940786525991662e-35,0.021625222463202764,0.020292230058363284,1.1094316797881473e-20,7.705887731376048e-06,2.4386895912966964e-07,0.00038211046700822605,0.957692475745067,2.711041915613199e-24
1.260000011717619e-08,2.1246453733642275e-35,0.02272332507837745,0.022442564677074176,1.2145327958319291e-20,8.398658368379643e-06,2.5901138588459085e-07,0.0004180565737192554,0.9544073834010747,2.9678702865380577e-24
1.183361705603178e-08,1.995417231249916e-35,0.02341257710262538,0.01906632195234905,1.1406607893738635e-20,6.66424051903163e-06,2.508108018256881e-07,0.0003992186015371803,0.9571149554585505,2.7873543435135114e-24
8.238746050949518e-09,1.3892322143836285e-35,0.01709649767768179,0.03432032297630634,7.941410395107296e-21,6.871141505153482e-06,2.0522790550319106e-07,0.0005405301048173187,0.948035564633038,1.940587856147523e-24
5.7862915215884635e-09,9.756853567000272e-36,0.01255263894345965,0.03739839430359245,5.5774101362091755e-21,4.2596927370682025e-06,1.3909851304938345e-07,0.000546391257373133,0.9494981709180332,1.3629133668434964e-24
3.3262057280734345e-08,5.609093440576158e-35,0.042472542453808555,0.01839202379163844,3.206383532927423e-20,1.2915988852550429e-05,5.31444971277543e-07,0.0005796002316219707,0.9385423528270499,7.835218980729025e-24
1.961766412483332e-08,3.308060819959926e-35,0.031278351935555754,0.019396320808114494,1.8910206883542962e-20,1.031397994846535e-05,3.790554363704193e-07,0.0005767681973490639,0.9487378464059317,4.620957236771158e-24
1.0638370429697312e-08,1.9273314033689905e-35,0.019888516343537388,0.020233028962769656,1.1017401902332108e-20,5.864724216102687e-06,2.1784638289622604e-07,0.0005599638618038947,0.9593123976229196,2.6922467514252466e-24
3.395190496444042e-09,2.659582177585671e-35,0.005899113193656131,0.03512699622725333,1.520324200162015e-20,2.314818465899577e-06,2.7580965954569215e-07,0.0028446087839356354,0.9561266877718391,3.715111716250423e-24
1.675297617356801e-08,3.408743165025212e-35,0.029307991946672614,0.04762857060410578,1.948574768473291e-20,1.0744012521342113e-05,3.982424691622768e-07,0.0011018974626339402,0.921950380978621,4.761598185159212e-24
9.174044611884103e-09,1.8666482198591727e-35,0.019579650204741398,0.0455441828782016,1.0670512405138233e-20,5.789341092144954e-06,2.531955435652952e-07,0.0008377617704134776,0.9340323534359631,2.6074797500756764e-24
3.3903232166222665e-09,8.032467589818924e-36,0.00777223996082047,0.029129842111868833,4.591681718556482e-21,2.560126683050479e-06,1.2146712785475307e-07,0.0003762816470083463,0.9627189512961682,1.1220376909138324e-24
1.9253402620193623e-08,3.246557414674429e-35,0.032868435688076555,0.03883196703490402,1.8558628668603966e-20,1.0296276954805555e-05,3.7383814135894535e-07,0.0010131379529489544,0.9272757699555717,4.535044485704045e-24
8.899972907095588e-09,1.5007210433506167e-35,0.018313690334898356,0.044026308648437554,8.578725407046897e-21,6.141251421286637e-06,2.0930541963822134e-07,0.0006441502904228183,0.9370094912694275,2.0963241436805877e-24
2.158973008087786e-08,3.6405240359511296e-35,0.03520042604031554,0.045881419157405755,2.081070041668116e-20,1.2800069252226044e-05,4.2337839342120425e-07,0.00103878292601444,0.9178661268388886,5.085367774396454e-24
3.2744435279285075e-08,5.521651443230677e-35,0.04739183013307915,0.012740795849513691,3.15639816838587e-20,1.0446510254900665e-05,4.594970711605012e-07,0.0003680333280654505,0.9394884019375804,7.713073182201592e-24
9.647180887946094e-09,1.6267207154330286e-35,0.019334891129660445,0.05197664546220841,9.298990237717647e-21,7.552491722175233e-06,2.2936893034401765e-07,0.0007818850427276546,0.9278987868575701,2.2723303080857116e-24
6.688903661700656e-09,1.5847641470385728e-35,0.013773310394443124,0.035942496266887045,9.059149608526226e-21,5.131310128925984e-06,2.2153775359000086e-07,0.0006081923742778161,0.9496706414276059,2.2137221025827685e-24
2.974950875768219e-08,5.016717437214625e-35,0.040502132867750465,0.019184797707129192,2.867757570888773e-20,1.3066470148160707e-05,4.9765830119965e-07,0.0005492174315506268,0.9397502581156117,7.007741999923027e-24
3.290941809705778e-08,5.549615575351392e-35,0.04041928271867779,0.018296875963996526,3.172383591644438e-20,1.2980192308256817e-05,5.082135284119722e-07,0.0005587420865921403,0.9407115779154788,7.752135661921903e-24
1.445704766232974e-08,2.437781319592626e-35,0.024326861622025724,0.03434116683068166,1.393533903977357e-20,9.90528677981139e-06,2.857244455588165e-07,0.000648843664126765,0.9406729224148929,3.4052829870804954e-24
2.667224860156351e-08,4.832365390557467e-35,0.03449552888347018,0.020323883556898324,2.7623745222864907e-20,1.2769174746343885e-05,4.37426523234157e-07,0.0005701358913818587,0.9445972183947315,6.750224689789567e-24
9.323001654775115e-09,1.5720726780973656e-35,0.01876004547411763,0.016759555324353793,8.986600064731201e-21,6.891205110738851e-06,2.2116608108842255e-07,0.00032927608754683245,0.9641440014197883,2.1959936693885328e-24
1.2228982112645994e-08,2.48828645644794e-35,0.022162962981892746,0.016298940113681427,1.422404672641979e-20,7.38282983873054e-06,3.096360152034914e-07,0.0004411482303847822,0.961089243979205,3.475832499422444e-24
3.799058358035939e-08,6.406368483791137e-35,0.04073632313235764,0.024704046203679424,3.6621380317356865e-20,1.802423030555861e-05,4.971167901249803e-07,0.0006178232262392164,0.9339232481000445,8.948914913528086e-24
1.3192343344809583e-08,2.2245584905099645e-35,0.02316506105382614,0.0166014825377895,1.2716471543166812e-20,8.15117479304472e-06,2.748147222067965e-07,0.00043448247031781614,0.959790534756208,3.107436717402092e-24
1.6539043760783014e-08,2.7889026489295046e-35,0.0282124853251784,0.02168182126275161,1.5942489857232072e-20,1.033932672725484e-05,3.5171108327665073e-07,0.0005585929129703072,0.9495363929222453,3.895756631940391e-24
1.431130572050611e-08,2.413247742445068e-35,0.024846189876693483,0.018542962539961183,1.3795095239945456e-20,9.059863778302729e-06,2.9174099679796756e-07,0.00045923368621087596,0.9561422479810536,3.371012573979303e-24
3.8907542725730384e-08,6.561018891915959e-35,0.04732260283393602,0.025946669994621495,3.7505424284934274e-20,1.7722949855139564e-05,6.15892891145115e-07,0.0007432880210114551,0.925969061400142,9.164942659536295e-24
2.3424274808909003e-08,3.9499000198294575e-35,0.036602057738831004,0.031153023532813014,2.2579218040250635e-20,1.467334357669526e-05,4.465897006537036e-07,0.0006813205615395657,0.9315484548092643,5.517528266416391e-24
0.025746165102358252,1.3294839809938367e-54,0.972980555158409,1.3332839855633846e-82,1.7457806637255205e-73,0.001211328975330172,6.195076389359474e-05,8.993764334597365e-15,6.6104116070695285e-90,9.428954007631904e-88
9.176492289945454e-08,1.5474794355000273e-34,0.09135746306051917,0.0422747318592933,8.84601519318145e-20,2.4499997662525174e-05,9.928559111061598e-07,0.0013948843789647046,0.8649473360827263,2.1616399109358043e-23
3.2768601434650856e-08,5.52561808299475e-35,0.05287273877339567,0.05138129375188405,3.158665659301348e-20,1.6395372505576662e-05,5.90733265671731e-07,0.0014893085187495658,0.8942396400815981,7.71861409384773e-24
1.6965295018706102e-08,2.8607671134588943e-35,0.033238716103973415,0.014542529863485767,1.6353296056327967e-20,8.68824723914554e-06,3.355312649712649e-07,0.00034078561566086124,0.9518689276730807,3.996142518266927e-24
4.69882945316087e-09,1.8992341448698625e-35,0.008871627427032609,0.034127234764816904,1.0856786665794427e-20,3.3400042427401905e-06,2.4306663901287247e-07,0.0008218940374655695,0.9561756560009737,2.6529983104015573e-24
4.041486020397909e-09,1.2448348731925094e-35,0.008033857085101105,0.019013667308133458,7.11597708418326e-21,2.89314728742469e-06,1.695687000318872e-07,0.0005175531985872622,0.9724318556507047,1.738882393321208e-24
1.2315264076932847e-08,4.1538042577098935e-35,0.021017019731859547,0.025935192757424435,2.3744816719538797e-20,7.36512091881312e-06,4.392380614316686e-07,0.0008064774616159123,0.9522334933748557,5.802357601462691e-24
3.152507545092616e-09,6.414365739532405e-36,0.007394666985673029,0.03174777953151945,3.666709584944609e-21,2.3404496664032237e-06,9.612711347775199e-08,0.0004609022159295592,0.9603942115375906,8.960086103782192e-25
1.1595902671907595e-08,1.9553205191217164e-35,0.02072893164929054,0.032283220472639595,1.1177398951412329e-20,7.714739537908525e-06,2.3632871761855865e-07,0.0006351986201569999,0.9463446865937546,2.731344130230378e-24
7.2526297069848396e-09,1.0321564144170442e-34,0.011368912516840812,0.041847457180760356,5.900221427319059e-20,4.494323370963669e-06,6.120883752752113e-07,0.0032700509504978393,0.943508465687525,1.441796542524871e-23
1.0969321228722689e-09,2.4001031752306008e-36,0.0025970121428493787,0.0075914246856591625,1.3719955604083735e-21,8.512209759525571e-07,3.659955522084962e-08,0.00011419996215746427,0.9896964742918707,3.352651217795214e-25
2.8988695339569415e-08,4.888245303035153e-35,0.04300140896875713,0.037525616177352554,2.79431772898969e-20,1.535889613070349e-05,4.80258283306518e-07,0.0009998295059630317,0.918457277204818,6.82828210771728e-24
1.4522855977554648e-08,2.448908314926439e-35,0.025586395583017632,0.012388840370821596,1.3998945422850034e-20,7.75103438241618e-06,2.744173307319353e-07,0.0003005858861154331,0.9617161381854761,3.420826041579694e-24
3.2484013557578776e-08,5.477682114875511e-35,0.04912301475920972,0.02545392394188571,3.1312635308752846e-20,1.53936151027252e-05,5.477047879947282e-07,0.0007010923976256216,0.9247059950973746,7.651653396678653e-24
2.8818551838289593e-08,4.859575637585562e-35,0.048537905252755933,0.016824616831130988,2.777928994488118e-20,1.148369116134886e-05,4.77659320728851e-07,0.00045197263607238007,0.9341735151110068,6.788234084042582e-24
3.593265404543433e-08,6.059302801413522e-35,0.03867820085790236,0.026201116256343297,3.463741320999932e-20,1.755393616959782e-05,4.6460902650691993e-07,0.0006299937953193597,0.9344726346125849,8.464106512503224e-24
3.3758791272545484e-08,5.69262089804375e-35,0.04945752880018488,0.036215432200775326,3.254131188945054e-20,1.6178317091520782e-05,5.395987989273622e-07,0.0010199610513873018,0.9132903262729708,7.951896644792844e-24
2.1309639228947398e-08,3.593307435799726e-35,0.03834167647617738,0.04206562441755023,2.0540791329214208e-20,1.1069725028722013e-05,4.108996255140003e-07,0.001171577841297911,0.9184096193306811,5.019411946483955e-24
1.857609662450228e-08,3.13241328475872e-35,0.02664158338032848,0.023091907548877515,1.7906134887889798e-20,1.1673340470181397e-05,3.190798753122724e-07,0.0005525572757049357,0.9497019407986469,4.3755990668089564e-24
5.59065882036299e-09,5.81328061874258e-35,0.009066117687278497,0.02610076514451437,3.323105140909849e-20,3.4448997223569332e-06,4.2286851978881786e-07,0.0014824111664713427,0.9633468326428347,8.120443548823706e-24
7.4349909800140215e-09,1.253695462574147e-35,0.014816642102139496,0.028361385298321422,7.166627778785338e-21,5.446160766609975e-06,1.694087789523692e-07,0.00047449345266940965,0.9563418561423331,1.7512595553062863e-24
2.6436036496768086e-08,4.457754775136469e-35,0.04717960739956491,0.046150206285659114,2.5482320193542675e-20,1.4219030588299147e-05,5.153701765371334e-07,0.0011982450368425539,0.9054571804411322,6.226939378994729e-24
1.39218231879318e-08,2.347523098563387e-35,0.02558201723723443,0.036637741388639185,1.341938672647114e-20,8.656224238416963e-06,2.9411072770450326e-07,0.000871285696661885,0.9368999914206751,3.2792032677698316e-24
1.0584323097064398e-08,1.784736297397089e-35,0.02110415726190367,0.024110157791769327,1.0202270893180329e-20,6.391463748889461e-06,2.2463127355200788e-07,0.0005843236457901789,0.9541947346211913,2.4930587912483258e-24
2.583851314004567e-08,4.357029182565465e-35,0.03871832856973048,0.027878309231212293,2.4906532172206288e-20,1.371073375603461e-05,4.520548012973735e-07,0.0006723130213740827,0.9327168605506126,6.086238019119282e-24
1.4062664445354653e-08,2.371272147017004e-35,0.027089797277135078,0.023148832891851052,1.355514584457303e-20,8.006850168855572e-06,2.8382208890997466e-07,0.0006593142056725122,0.949093750890419,3.312377790032544e-24
7.49244216544596e-07,1.0000817672627174e-54,0.9996027640061463,1.0029402562252385e-82,1.3132338835151347e-73,0.0003703960133787157,2.6090736251561192e-05,6.7654066229241585e-15,4.972569972140732e-90,7.092770670574261e-88
1.206087209311741e-08,2.0337254622132152e-35,0.025714078076136297,0.055004461522635766,1.16255931580021e-20,8.684836890756441e-06,2.8429525403443376e-07,0.0009725894670321421,0.9182998897411788,2.840866266882533e-24
5.902355966641244e-09,9.954897319208358e-35,0.009257544482489161,0.034583384153924854,5.690619914688803e-20,3.6595417425492453e-06,5.369808489412585e-07,0.0034549714740323813,0.952699897464606,1.390577662023364e-23
7.66702216617693e-09,1.5600260872770365e-35,0.01522941867684752,0.01507730028427484,8.917736903788298e-21,5.0162019928291995e-06,2.0389806463649434e-07,0.00040892160664298294,0.9692791316651551,2.1791660522257096e-24
6.272210124316065e-09,5.4249663576905476e-34,0.009290245595258534,0.04542197002016829,3.101129082669995e-19,3.951648786642914e-06,7.88903968996985e-07,0.0342142790086885,0.911068758550919,7.578015917528955e-23
2.2863550759705052e-08,3.8554685798736597e-35,0.03351279823851386,0.018101539396421482,2.2039409928168638e-20,1.0987698569089705e-05,4.1576861331866546e-07,0.0005382623086369183,0.9478359737256945,5.3856190695813246e-24
1.4642638477982283e-08,2.469101507738765e-35,0.02559533161611258,0.015318258186204073,1.4114377839151554e-20,8.662428759914418e-06,2.925849069159546e-07,0.00036761399327816635,0.9587098265480998,3.4490334674820886e-24
1.6105881747365165e-08,2.7158532790203863e-35,0.0270653529655849,0.02133264895521196,1.5524910262153577e-20,1.0138149648003426e-05,3.3223509179467143e-07,0.0005268054864433285,0.9510647061021383,3.793715577408871e-24
9.47424312875483e-08,1.5977927112697996e-34,0.050527011819200454,0.030767412177069606,9.133626124653582e-20,2.6891306655456315e-05,6.272479421691632e-07,0.0008991907495489129,0.9177787719571522,2.2319214167567308e-23
2.9274541617660483e-08,4.936367099533633e-35,0.04579876127750346,0.04531859577359363,2.8218260843954716e-20,1.693034804487787e-05,5.574638522212153e-07,0.001033042636287582,0.9078320832261767,6.895502384452934e-24
5.014705360719822e-08,8.456255535096293e-35,0.07140694703461002,0.03785088410885672,4.8339359622388487e-20,2.103682477895581e-05,7.869198078121421e-07,0.0010238394132749166,0.8896964555516179,1.181235694794836e-23
1.2870075062878491e-08,2.1702049971440113e-35,0.023886439407057054,0.02022880467027547,1.2405765102042218e-20,8.979855415840194e-06,2.934892419382347e-07,0.00045454650505268127,0.955420923202882,3.031511520683297e-24
1.5034290778284247e-08,2.535151603291634e-35,0.02766619225719652,0.01606585493350223,1.4491946765347316e-20,9.150734533543189e-06,3.206160946297357e-07,0.0003754886158646652,0.9558829778085177,3.541297389956813e-24
5.484989097844014e-09,1.5441950677049579e-35,0.010991801927051799,0.01431632798460326,8.827240425162778e-21,3.7773031889251217e-06,2.07769522089907e-07,0.0003536786557838585,0.9743342008748609,2.1570520499632155e-24
3.216148033474345e-08,5.423259653263368e-35,0.054019839539542196,0.04532901431335434,3.1001534617378686e-20,1.8247862119859595e-05,6.195209434144089e-07,0.001133614689494161,0.8994986319130657,7.575631859737086e-24
8.296840765680202e-09,1.3990237941602512e-35,0.016949922649874688,0.02011902471774968,7.997383005458182e-21,5.609141383455548e-06,1.8792386949361045e-07,0.00036071999358805527,0.9625645272766938,1.9542654980926773e-24
4.836311931589184e-09,9.840376090629335e-36,0.010661699433298073,0.02895094909765927,5.625154971846154e-21,3.2388545183519426e-06,1.3685655927797563e-07,0.0005863539492393825,0.9597976169724137,1.37458044405285e-24
2.1383903029975136e-08,3.6059101225239607e-35,0.033958571123212516,0.015533001988977693,2.0612833358129097e-20,1.0042643125771694e-05,3.904005489988995e-07,0.0004636740516255385,0.9500342984086065,5.037016361756409e-24
1.3865939064603496e-08,2.512077182894944e-35,0.02421825943198882,0.03034005358917884,1.4360044092704028e-20,7.755570570349488e-06,2.8634447009411587e-07,0.0006354605143402622,0.9447981706835125,3.5090652407553734e-24
6.8031625147980505e-09,5.329205927065002e-35,0.01106812921674554,0.02683172119408857,3.046388566913452e-20,4.259507091071083e-06,4.450437858849603e-07,0.001186868676758648,0.9609085695583678,7.444250282923486e-24
1.2689051039555253e-08,2.1396486959056468e-35,0.02344411605438004,0.024481811060781403,1.2231092987634016e-20,7.736460466980821e-06,2.6200539632323384e-07,0.0005112821075412824,0.9515547796223829,2.9888280970641114e-24
2.18323905294319e-09,6.146430792834496e-36,0.004590707175156378,0.009765998768180975,3.513547187118746e-21,1.5475913585797394e-06,8.37409875831225e-08,0.0002388514938354217,0.985402809047242,8.585813683076637e-25
1.6508712727625356e-08,3.151969581053752e-35,0.0256834700203905,0.02617362122122142,1.801792654739726e-20,1.0459593988299796e-05,3.2307426362502656e-07,0.0005441003583356525,0.9475880092230878,4.402916826006039e-24
7.683609608839246e-09,1.5633971562882568e-35,0.01598973997468706,0.017109619338714414,8.937007290848972e-21,5.616700177709096e-06,2.2159762001268005e-07,0.0003589374073878582,0.9665358572978033,2.183875024215905e-24
9.083518435516627e-09,1.5316679002084967e-35,0.01870076888985466,0.0269647282704767,8.755630094544446e-21,5.809411345949271e-06,2.0259147802844406e-07,0.0005850672929220514,0.9537434144604042,2.139553125835297e-24
3.996477288577296e-09,1.1251202475650693e-35,0.008332984933511057,0.026815340629034692,6.4316401082904755e-21,2.7538636161390876e-06,1.508060592064134e-07,0.0007160674501686675,0.9641326983211329,1.5716556717619681e-24
5.2503606476988305e-09,1.0904436186856158e-34,0.008250560774129693,0.04151204439313915,6.233414542975066e-20,3.378405065962962e-06,5.650824571559086e-07,0.011962775836704872,0.9382706702581425,1.5232166532891214e-23
5.94613196732725e-09,1.0026397771727901e-35,0.013215786811723003,0.05858172706620515,5.7314924506849185e-21,4.6483333061688615e-06,1.5019661077209604e-07,0.0005792097750007205,0.9276184718710223,1.4005654026207878e-24
1.0437734038216376e-08,2.6911897011676525e-35,0.019413968011356423,0.021562030519714285,1.5383923325979527e-20,5.530909609788812e-06,2.9031736526294935e-07,0.0007029932340703964,0.9583151765701499,3.759263569188345e-24
5.121959239831719e-08,8.637127699479235e-35,0.05387420680529599,0.037351261727452865,4.9373297700950485e-20,2.244018847562988e-05,6.810257832877063e-07,0.001065816890316184,0.9076855421430835,1.2065013287243216e-23
1.0372328147617184e-08,1.7489933802976178e-35,0.019740843616575705,0.035457749557765574,9.9979499953014e-21,6.827215996380267e-06,2.2232923392670558e-07,0.0006672556854462161,0.944127091222654,2.4431302982661107e-24
1.5251427745475245e-08,2.571775841411334e-35,0.027089808172590563,0.021852936270756053,1.4701305648840894e-20,1.026425912436056e-05,3.359245111739228e-07,0.0005147125996384384,0.9505319275219517,3.592456980844416e-24
1.875655248949787e-08,3.162806317037989e-35,0.029336619915414544,0.02330144997778932,1.8079873691224784e-20,1.0800573987807162e-05,3.349878246639529e-07,0.0004948479808777451,0.9468559278075533,4.4180544236182694e-24
1.8832903250927267e-08,3.1756747714095865e-35,0.0327166339468048,0.035442585690393116,1.815343495496276e-20,1.1327360962633336e-05,3.600040810285562e-07,0.0008911152062725907,0.9309379589585826,4.4360300838587644e-24
9.024936029313747e-09,1.5217915186776027e-35,0.018667619263444023,0.04161468401798085,8.69917272324005e-21,6.4098209070955095e-06,2.1205663928262643e-07,0.0006954733010100019,0.9390155925150827,2.1257570261889646e-24
7.009121609561037e-09,1.1821575544102972e-34,0.010872123392105927,0.03773033605354249,6.757688307288354e-20,4.262937953214371e-06,6.10403617801577e-07,0.003296861151629382,0.9480957990520296,1.6513298283681895e-23
7.644154420066937e-09,1.3848742448793648e-35,0.015233763305674683,0.025086942301342983,7.916498487677857e-21,5.1720973034388e-06,1.7730461514691206e-07,0.00041066257833026205,0.9592632747685791,1.9345003046137517e-24
3.8131006113880815e-09,9.034117673557149e-36,0.008396752373127652,0.02332146901534364,5.164265215030328e-21,2.8679842522305767e-06,1.3077876496236744e-07,0.0004987765475372449,0.9677799994878736,1.261955983081709e-24
6.164128017624294e-09,2.2520115679518674e-34,0.009353176316035475,0.03981144075623895,1.2873404381548724e-19,3.8623123994850255e-06,6.945011007526833e-07,0.00832893796540617,0.9425018819846912,3.14578531610722e-23
5.9123075412566445e-09,9.969382820934651e-36,0.012746184861563379,0.023608149044038847,5.698900410404097e-21,4.055016020473985e-06,1.4069792217854874e-07,0.00042397925913619465,0.9632174852090114,1.3926011098277844e-24
5.322926655799701e-09,9.643378279237142e-36,0.011771729898245526,0.026947398678453936,5.5125430952278555e-21,3.717512333152985e-06,1.3614945770054786e-07,0.00036573552170830433,0.9609112769168748,1.3470622540398905e-24
4.690830448882974e-09,3.9556689864390284e-35,0.00791763503295671,0.04120849429131035,2.261219577495038e-20,3.037238063647988e-06,3.5995912944306945e-07,0.004063340505357983,0.9468071282823515,5.5255868087026564e-24
4.464742682864646e-09,2.7692631133557895e-35,0.007849614274957843,0.02843949429616405,1.5830222368510338e-20,2.9432688987358767e-06,2.865281428220078e-07,0.0014629149604963685,0.9622447422065975,3.8683225976298355e-24
2.5302178914448937e-09,8.534033054592658e-36,0.005140143154928566,0.04294957468197497,4.8783967223219384e-21,1.8568427099760178e-06,1.198571863729774e-07,0.0008886147621364938,0.9510196881708457,1.1921002650411352e-24
8.164749759622527e-09,1.7864692119401753e-35,0.017219222568799528,0.018203833387681796,1.0212176930071654e-20,4.720062833346064e-06,2.2061738636106372e-07,0.0005270316782362397,0.964044963520313,2.4954794613733326e-24
1.0371975866292672e-08,1.7489371620544147e-35,0.020605627177919358,0.025873069223268527,9.997628629199788e-21,6.0079557537148024e-06,2.2416365366360805e-07,0.0006742882176197148,0.9528407728898091,2.44305176824145e-24
1.172222691591506e-08,1.9766188032907068e-35,0.022238962063033958,0.03875873320653026,1.1299148514621681e-20,7.115626531647639e-06,2.5169905458871497e-07,0.0007735212220060384,0.9382214044606166,2.76109523388835e-24
1.501258875211483e-08,6.633190842030822e-35,0.022792733032036654,0.01603635082229348,3.7917988195375714e-20,7.266736659753238e-06,5.287906278743163e-07,0.0005243062636297517,0.9606387993421638,9.26575806569899e-24
2.833783211705087e-09,5.76585842956707e-36,0.006346650363149023,0.03491094872673293,3.295996709203619e-21,2.1258623314053774e-06,8.375534290079886e-08,0.00033330894812141123,0.958406879510539,8.054200538135422e-25
2.6877958188547454e-08,4.532373588724845e-35,0.04013178491571851,0.02207974234897345,2.5908871360270566e-20,1.4412186604470578e-05,4.782224224972602e-07,0.0005559556426958798,0.9372175998056269,6.331172754805111e-24
2.643283187868706e-08,8.141770680386144e-35,0.03991785787108756,0.045524654678381765,4.6541637637221995e-20,1.3879538008046932e-05,7.25650040177212e-07,0.0013145803584388386,0.9132282754712118,1.1373059986882998e-23
2.643283187868706e-08,8.141770680386144e-35,0.03991785787108756,0.045524654678381765,4.6541637637221995e-20,1.3879538008046932e-05,7.25650040177212e-07,0.0013145803584388386,0.9132282754712118,1.1373059986882998e-23
4.421983561619883e-09,7.456370907171862e-36,0.010223877756050052,0.06341294621319978,4.262361671354003e-21,3.7006763901776153e-06,1.1656965305076209e-07,0.0004187742796935125,0.9259405800830299,1.0415640152578313e-24
4.345659086175225e-09,4.2218812194057615e-35,0.007289567965258,0.042826344790659186,2.4133972028263598e-20,2.8249782932279658e-06,3.657325547460824e-07,0.007420873947415278,0.9424600182401606,5.8974528085724956e-24
8.794010725626007e-09,1.593184365002988e-35,0.018538171375433943,0.04511563367696613,9.107282962892288e-21,6.664285027176903e-06,2.2634653056078234e-07,0.0006186660751967369,0.9357206294468347,2.225484119442642e-24
2.040710003975501e-08,3.4411158431011806e-35,0.035782221280299266,0.04413342586192027,1.9670802940094967e-20,1.104598810728662e-05,3.977907507522193e-07,0.0012454067504490932,0.9188274819213733,4.8068188655427795e-24
1.1523000096702903e-08,1.9430287856152339e-35,0.02381929796212175,0.04667254731889533,1.1107134456224545e-20,7.713801495803197e-06,2.600988726304082e-07,0.0009320425275851305,0.9285681267680292,2.7141740786531723e-24
3.786689437033377e-08,6.38535148304299e-35,0.05919832351981892,0.03687733437648104,3.6501238683375704e-20,1.663900929033512e-05,6.221839329414507e-07,0.0011638122212556865,0.9027432308223268,8.9195567284801e-24
7.0152860246762945e-09,7.294657149986536e-35,0.011363436146005875,0.03621803190619813,4.1699195800285286e-20,4.409251291024538e-06,5.403279554843183e-07,0.002364368963353493,0.95004920638991,1.0189745769971392e-23
1.213864543310019e-08,1.262208838009767e-34,0.01878517141188142,0.04161313315263319,7.21529365874543e-20,6.854119240387991e-06,7.461577795430019e-07,0.002295987833351539,0.9372980951864684,1.7631517017841297e-23
3.3335951974448117e-09,1.0267878306846086e-35,0.006801473294259285,0.01983389720459319,5.8695324422679285e-21,2.230389662609798e-06,1.3294504959631754e-07,0.0006020882847051656,0.972760174548135,1.4342972862536668e-24
9.949317427315306e-09,1.6776715248316554e-35,0.020279611525271524,0.028048598919124756,9.59024556796991e-21,6.763416330985808e-06,2.205805138070847e-07,0.0005466155576824026,0.9511181800517592,2.343502370579044e-24
6.000074025003214e-09,1.0117416085296734e-35,0.013235768478523006,0.018292984458371474,5.783522181498594e-21,4.481342380360634e-06,1.4675718079978589e-07,0.00027937480108705583,0.9681872381623833,1.413279550203168e-24
1.3139687433251137e-08,2.673537128669856e-35,0.024760837248499812,0.01991414768239692,1.528301411779752e-20,6.273415695809192e-06,2.847891843445235e-07,0.0006357968654102199,0.9546826468591255,3.734605079798084e-24
1.8823074740676324e-08,3.1740426414559474e-35,0.03303846659379526,0.01819509471115474,1.814410504334266e-20,9.861932453876476e-06,3.6501735719632203e-07,0.0005392922271553358,0.9482169006950089,4.43375019750507e-24
0.09957865936432517,1.1037101918659615e-54,0.8973629040301037,1.1068648773172385e-82,1.4493111153366446e-73,0.0029191239915702526,0.00013931261399343438,7.466437731666366e-15,5.487827433390874e-90,7.827723226179272e-88
6.63031914557424e-09,2.236314371785245e-35,0.01236361438480369,0.017575935247508126,1.2783672891362281e-20,3.961140607290672e-06,2.5016414257066145e-07,0.0006220205777960553,0.969434211854823,3.123858248809815e-24
3.543756847131097e-09,8.39600790627352e-36,0.007599050469460896,0.011370203525639649,4.799495993106257e-21,2.3959421769476316e-06,1.160368450150274e-07,0.0002947022146813752,0.9807335282674392,1.1728198363339789e-24
9.494361666930606e-09,1.6009465521418026e-35,0.01878921283226147,0.02770077662189611,9.151654748253096e-21,6.123651127657181e-06,2.0821641407041394e-07,0.0006056850301574388,0.9528979841537817,2.2363269475478135e-24
3.5128826727894885e-08,5.923909517250629e-35,0.041587996351433225,0.01820366509573411,3.3863450712479814e-20,1.2761991954267523e-05,5.15870149253781e-07,0.0005832161644356198,0.9396118093974668,8.274978618454918e-24
4.7665472630180014e-08,8.037625454845031e-35,0.06007434013352122,0.03268856490348114,4.594630161769272e-20,1.7142119776781022e-05,6.667090240161376e-07,0.0009988374194280657,0.9062204010492962,1.1227581817093725e-23
7.526487597014196e-09,1.2691265044502952e-35,0.01505881294135685,0.03623732569247079,7.254837823941072e-21,5.137832855991324e-06,1.6992827564286273e-07,0.0005495012554899185,0.9481490448230632,1.7728148375424125e-24
6.180165160221814e-09,1.042105726899264e-35,0.012918725617499842,0.026492838585794817,5.957095701290259e-21,4.394434131872202e-06,1.4524099039821717e-07,0.00040510993221968996,0.9601787800091981,1.4556945178094273e-24
1.5400825915660517e-08,2.7901925258516384e-35,0.02702845161088148,0.017679981706454725,1.5949863312793913e-20,8.911056100515755e-06,3.3897601347775e-07,0.0004956692181753963,0.9547866320315485,3.897558432578974e-24
