i = 0,i = 1,i = 2,i = 3,i = 4,i = 5,i = 6,i = 7,i = 8,i = 9
2.8157389101889467e-14,0.0020572871108657403,6.161305017890893e-07,8.033335741683883e-05,0.8763203932488085,4.955805211105536e-06,0.12146688685697084,2.3152901779955165e-18,6.952749019699258e-05,1.0380626714549898e-68
2.993012721259979e-14,0.002190557055378388,7.79022530641577e-07,8.208162397846726e-05,0.8683346970100301,5.268094040131135e-06,0.1293217145523883,2.4610566446010427e-18,6.490264162408544e-05,1.1034172128299465e-68
3.535082024976894e-14,0.0024581603160676742,8.038792797450629e-07,7.846164714207775e-05,0.8773505837555823,6.2221792940497615e-06,0.1200397164266114,2.9067825351652724e-18,6.605179598742376e-05,1.3032588625258863e-68
3.205455583995386e-14,0.002352606181353352,3.3388774266790744e-07,0.00011286540390429448,0.83969725798901,5.6414849938297545e-06,0.15776404615298434,2.6357414757534775e-18,6.72488999794361e-05,1.1817373319288816e-68
5.911213372179873e-14,0.0040593130109891455,7.764665449027954e-07,0.0001007632430372897,0.8056780299808678,1.0399351033296604e-05,0.18988434000976714,4.860597769920962e-18,0.00026637793770129166,2.179253880946223e-68
1.1370576278217356e-62,0.9976994615571264,1.1584257617584742e-56,3.2290261581673054e-17,6.458120209897925e-66,0.0023005384428736748,8.324084668490547e-54,1.3910441262980734e-53,2.9451376477003805e-72,3.6706674694098486e-67
1.0185049446042873e-13,0.005474038247626667,1.0039820191815483e-06,9.379401513681962e-05,0.8167403019985465,1.7911775318263328e-05,0.17743342847236956,8.374833641029671e-18,0.00023952150888105128,3.7548650553706945e-68
4.0476236516136535e-14,0.002391331190228437,2.9042117647786084e-07,0.00012755548504775254,0.8160947870910165,7.282222081412151e-08,0.18131564404165557,3.3282287843211867e-18,7.031894861394678e-05,1.4922147106669448e-68
4.6767975023919e-14,0.003425067163068862,4.0036646795640584e-07,9.918223830395755e-05,0.8366923682454052,8.227359896827815e-06,0.15954261672721978,3.845577900875044e-18,0.00023213789959065947,1.7241687055085854e-68
5.863921644496389e-14,0.003356897145513995,3.2835363159704974e-07,0.0001371427518769399,0.8124612885991472,2.3437907415011747e-07,0.1839504287426035,4.821711327830395e-18,9.368002809399421e-05,2.16181910566764e-68
1.856061189664438e-14,0.0015903907292467302,2.5380963085134636e-07,0.00019148871994955738,0.7796845265708907,1.834200645376048e-07,0.2184836004488125,1.5261785203005012e-18,4.955630138655702e-05,6.842636689593536e-69
3.1231084677043895e-14,0.0025142128214975475,3.032349776685514e-07,0.0001703593248815481,0.7873546514502331,1.6191759483709335e-07,0.20987332785577695,2.568030131812418e-18,8.698339500716727e-05,1.1513788830198364e-68
2.5971406075107293e-14,0.002212718716816623,3.359593651756359e-07,0.00013170664428244544,0.7901546153907881,6.482165375075543e-07,0.20741198043330614,2.1355439310547306e-18,8.799463887806248e-05,9.5747326151567e-69
4.421417670069289e-14,0.0032937943271860465,8.308151798675636e-07,9.273229987666673e-05,0.82823458909453,7.780282304966232e-06,0.168234560936143,3.6355873999396526e-18,0.00013571224473534483,1.630019253982429e-68
3.121355100203676e-14,0.0021958386396822194,7.186132043590189e-07,7.622650275530744e-05,0.8813777403678454,5.493430736726061e-06,0.11625154200111902,2.5665883936359025e-18,9.244044462585752e-05,1.150732478263161e-68
2.0638493193806136e-14,0.0016821659931662224,2.602500677338771e-07,0.0001561263816776069,0.8077480468160582,3.6325507008550442e-06,0.19035582734316492,1.6970359156757688e-18,5.394066514376488e-05,7.608677533919394e-69
3.373299944243619e-14,0.0019983092346889013,3.4168544266383504e-07,0.00017940966817064653,0.7574177147216482,2.7127527718961613e-08,0.240334995802041,2.773754416385429e-18,6.920176044706818e-05,1.2436155721651419e-68
2.196380804701822e-14,0.0018162122467757396,3.3851321372282063e-07,0.00011039893299794058,0.8439466838446816,3.287585811164062e-07,0.15407073801756987,1.806012228748302e-18,5.5299686158183034e-05,8.097273925629947e-69
2.622887088351578e-14,0.002231132973900549,3.376245021852642e-07,0.0001502920729405366,0.8063082902985279,4.616413320536131e-06,0.1912138718329275,2.1567144220779045e-18,9.145878385455104e-05,9.66965072380917e-69
2.025019342931206e-14,0.0017460750453666303,6.164761485281488e-07,7.131925721833863e-05,0.8854375845614088,5.054300806368931e-07,0.11268086121174593,1.665107292696341e-18,6.303801801112988e-05,7.465525232831754e-69
1.7282161071814643e-14,0.0014526927261826676,2.5702222746042423e-07,0.00017794107241740108,0.7995493444370693,3.0419277800601e-06,0.1987681499150604,1.4210556828885176e-18,4.857289924531029e-05,6.371317394621452e-69
9.756061647009562e-15,0.0008452980855787505,2.0066727919858734e-07,0.00017149189773130505,0.8078673333343079,1.7172590537427508e-06,0.19108558051416966,8.022090979292939e-19,2.837824186956843e-05,3.5967125294983935e-69
5.6434407763095264e-14,0.0034873723146379185,2.465389996380277e-06,7.541574919759083e-05,0.8766770043380653,9.931385978035935e-06,0.11962759248260776,4.640417102899266e-18,0.0001202183394604403,2.080535658243284e-68
2.5756442097865543e-14,0.0018448663158162294,2.848003129690826e-07,0.00011899684730629222,0.8361194004157686,4.533398405821448e-06,0.16186317827235036,2.117868144635062e-18,4.873995001392205e-05,9.495483049614566e-69
3.380494293771039e-14,0.0021016045915066266,2.931789262411521e-07,0.0001075760113930149,0.8451859277789652,5.949760091973638e-06,0.1525442187652833,2.779670092035859e-18,5.4429913799897496e-05,1.246267871269887e-68
4.7420799141053444e-14,0.003342303536666899,7.651507842458156e-07,8.939583285239775e-05,0.82282460084162,8.343619510151716e-06,0.17359532287658225,3.899257494093829e-18,0.00013926814193653962,1.7482360049200254e-68
3.8684157567063456e-14,0.0023502931352344415,3.4142831711663426e-07,0.00010118292071766046,0.8501389085871458,3.822834294957445e-07,0.14734649157582644,3.1808719813043428e-18,6.240006929042023e-05,1.4261471403675464e-68
2.47148691381781e-14,0.0020289196612459123,2.9487249398833354e-07,0.00010772900067180377,0.8448667437871327,4.349507507744723e-06,0.15291686331063203,2.0322230008296592e-18,7.50998602910041e-05,9.111492189113158e-69
4.095873511295087e-14,0.0030809884760024052,8.887934515590285e-07,7.831530673662428e-05,0.8730710818957856,7.2085198082666e-06,0.12364246600000736,3.3679030659172246e-18,0.00011905100816719271,1.5100027145770575e-68
2.1160872723817983e-13,0.006630946310805872,1.7099628163724873e-06,8.958766696654822e-05,0.8541826687632178,4.521977529067291e-07,0.1389175040448752,1.7399894786031072e-17,0.00017713105335355874,7.801260263740738e-68
4.314129714397074e-14,0.0023546025834237727,4.2815289810458724e-07,0.00010193163327109599,0.8486206132224801,1.1126803104346834e-07,0.1488635824108949,3.547368018185889e-18,5.873072895771718e-05,1.5904660057692606e-68
2.4196995471560334e-13,0.00792544782618792,9.728881004395439e-07,9.906011434778684e-05,0.81080631978195,4.250115464953172e-05,0.1807883333676229,1.989639942235789e-17,0.00033736486689961534,8.92057061918646e-68
7.589103865246934e-14,0.0030105527138238855,4.060625938829264e-07,0.00013436112795282815,0.7946835476186951,3.1707882235163634e-08,0.20207160656801515,6.24027235157384e-18,9.949420096108251e-05,2.7978323622056244e-68
3.9930182598242234e-14,0.0030597445615526977,6.417992043682434e-07,0.00010278395317295552,0.8175227423371144,7.026883520912579e-06,0.1791740302093048,3.2833285521814657e-18,0.00013303025609001,1.4720836465920392e-68
1.1629027105415035e-13,0.005249534428730492,1.309322242650364e-06,8.460888416486829e-05,0.8644922322641463,2.0460446736926485e-05,0.12993646579608512,9.562169328942565e-18,0.00021538885777745722,4.2872082008750315e-68
8.417592239789681e-14,0.00445935614898438,1.0564233951251375e-06,8.17851956449883e-05,0.8651572807158169,1.4810906167199546e-05,0.13001594691912025,6.921511284414589e-18,0.00026976369078693705,3.1032665204091457e-68
4.8239550674703856e-14,0.0031140049362044725,2.03024344607323e-06,7.428518045448509e-05,0.8778939298065485,1.2040123838018564e-06,0.11882555577965759,3.966580758080277e-18,8.899004125698578e-05,1.7784204577926452e-68
3.130194406434741e-14,0.0022501448584079284,2.705786726671292e-07,0.00014268248292365795,0.8125283226183019,4.685315596991918e-07,0.18501448031866807,2.573856667186726e-18,6.363061143489779e-05,1.1539912159934891e-68
3.500358786754052e-14,0.002512497838968952,1.5508735019034627e-06,7.533950522091157e-05,0.8579891525065834,6.159341623108726e-06,0.1393046082099336,2.8782307508209394e-18,0.00011069172413325012,1.2904576414034792e-68
1.4181698842755607e-14,0.0012278077946002656,4.927474782656088e-07,6.559290386680689e-05,0.8759637277012194,2.496075375969896e-06,0.12269472606927923,1.166114795195691e-18,4.5156708165885876e-05,5.228287369887146e-69
1.264122830370317e-13,0.005412610937074911,1.6057886226260113e-06,8.539255613271937e-05,0.864746858841064,2.224256708137563e-05,0.1295892685722547,1.0394469322735668e-17,0.0001420207376433006,4.66037073713835e-68
1.428490569690776e-13,0.006440042705258976,1.873955198850952e-06,8.579814762000459e-05,0.8577569670256514,2.5135275376109823e-05,0.13550824942758397,1.1746011575171494e-17,0.00018193346316778408,5.266336060396129e-68
9.52217803094413e-14,0.004160202400386937,8.68253589560648e-07,8.525204626542825e-05,0.8651786191928693,1.675506277551432e-05,0.13044810430333734,7.829776114725882e-18,0.00011019874068048752,3.5104879672501968e-68
2.8139561558500433e-14,0.0018509822571098314,4.4588210381268764e-07,9.837883516855229e-05,0.8601438576248592,4.952046125220368e-06,0.13784473602679456,2.3138242783009413e-18,5.6647327810670415e-05,1.0374054338582138e-68
3.475329727879153e-14,0.002831515750276744,3.2982339525264717e-07,0.0001749389208660876,0.7887407376651824,5.201915871110957e-07,0.2081328973983509,2.8576501755944987e-18,0.00011906025030692368,1.281230319877751e-68
5.5061362472271784e-14,0.0035555065159958857,5.433983946018183e-07,0.00012542810599535777,0.7932130975630565,6.363436446480325e-08,0.20287607100360558,4.527516077564621e-18,0.0002292897785326978,2.0299163703985196e-68
1.5400741956111054e-13,0.006051000266013097,9.027636041664518e-07,9.132569164713691e-05,0.8453550951089578,2.3644824262505717e-07,0.1480665948487312,1.266352732332949e-17,0.00043484487264993835,5.677705165530336e-68
1.34210935667159e-14,0.0012340138999516815,2.7267062576428816e-07,0.00013383073468928002,0.8011083154484416,2.3622229135021097e-06,0.1974543033381513,1.103572707304907e-18,6.690168521339681e-05,4.94787929209684e-69
6.235815442752981e-14,0.0034847744879376538,7.669034494497945e-07,8.229808969351832e-05,0.8679474839916645,1.0974676306157605e-05,0.12837848705864238,5.127507450084117e-18,9.521479224412431e-05,2.2989231035163037e-68
9.778031187743918e-14,0.0045588153592649415,6.202478656637784e-07,0.00012109821653411888,0.8307238592853192,1.7201345811857912e-05,0.1644433221991458,8.04015582716607e-18,0.00013508334596072408,3.6048119221477116e-68
1.2178242749229635e-14,0.001082483250997727,2.3959723110080673e-07,0.00019857536870807946,0.7805017927764399,8.503396062963558e-08,0.21818230187032636,1.001377142120993e-18,3.452210232408356e-05,4.48968445149389e-69
1.1664917572018537e-13,0.0022652970382415235,3.8913238824741586e-07,0.0001519338361442823,0.7452647277982432,1.575912063883313e-08,0.2522371737559997,9.591680928783859e-18,8.04626797459556e-05,4.30043975625745e-68
3.9711124705424017e-14,0.002436832367422462,4.588485658844096e-07,0.00011510080783907144,0.7799973840744915,4.036874517562766e-08,0.21735613777347607,3.2653161379804434e-18,9.404575942010604e-05,1.4640077626354839e-68
1.4359017809848678e-14,0.0012997647129409002,2.660904967142669e-07,8.960510008375276e-05,0.8555834502918274,2.5271725037011955e-06,0.14296926141060218,1.180695155338447e-18,5.5125221530912475e-05,5.293658560697746e-69
3.087564085447929e-14,0.0024090673071389033,5.56084650545068e-07,7.778672447681697e-05,0.8752292177177738,5.433864209083097e-06,0.12214615238799156,2.5388031451756413e-18,0.0001317859137282556,1.1382749342723463e-68
3.107794979357672e-14,0.002377770060314648,4.6502896190622283e-07,8.120083314077707e-05,0.8716135502870527,5.469333646356301e-06,0.1257733894245085,2.555438349153105e-18,0.00014815503234405692,1.145733344645861e-68
4.488039348704085e-14,0.003041057612490696,8.202729191979821e-07,8.439304551255762e-05,0.8687444909202966,7.898940166476764e-06,0.12802919827582618,3.690368231127257e-18,9.214093274340112e-05,1.6545802945412703e-68
1.7112942353003217e-14,0.0013678076748399987,3.404054350019287e-07,9.065864430612765e-05,0.843535923410311,3.0120124383108977e-06,0.15495779790683037,1.4071413793509516e-18,4.4459945822152026e-05,6.308932475273605e-69
1.5367572038209352e-14,0.0013373577715754743,2.2441517776937934e-07,0.00016805151462409747,0.8026396353723818,2.7049253567691896e-06,0.19580383986404823,1.2636252772499101e-18,4.8186136820333786e-05,5.665476593331442e-69
1.1506407210879807e-13,0.005919222480937058,1.020635714771653e-06,9.50748191914313e-05,0.8157842176565188,2.023371810048154e-05,0.1779134386818241,9.461342992989399e-18,0.0002667920075981547,4.242002612112401e-68
6.916301370185466e-14,0.004464551790938593,6.77675056943815e-07,0.00010922982316960372,0.8035307324467185,1.2168328793108666e-05,0.19170310149867292,5.6870488165387914e-18,0.00017953843658113745,2.549794035883374e-68
4.7640566853858915e-14,0.003274077910249746,4.1872959375698254e-07,0.00014723984285103765,0.8096985242778237,1.189053387372856e-06,0.18672820713481433,3.917328280790506e-18,0.0001503430512323046,1.7563380602456282e-68
2.2015846143407223e-14,0.0012690997155102612,3.2613711727425265e-07,0.00015598307045202727,0.6894043050883585,1.302338532841597e-08,0.30912114410252367,1.8102911529755054e-18,4.9128862630862664e-05,8.11645852528934e-69
4.241016106442295e-14,0.0026684251636712518,2.875389127788466e-07,0.00012817641524658703,0.822146278990598,4.1910198688838143e-07,0.17498071077381286,3.4872490858354075e-18,7.570201572937775e-05,1.5635116222047365e-68
2.862217171816199e-14,0.001993212416985313,4.228610038126757e-07,0.00010802055670889926,0.8465660272476971,2.828488983022815e-07,0.15127891720390454,2.3535077357523885e-18,5.311686477344776e-05,1.0551975517733024e-68
1.1889066635315846e-14,0.000973671955953163,5.750676116507446e-07,7.385862982974121e-05,0.8867679563960897,6.163910699993698e-08,0.112152528670703,9.775991341436089e-19,3.134764069399783e-05,4.383075514447388e-69
5.240112455263321e-14,0.0033225623852985125,3.4076294742144324e-07,0.0001395030447280524,0.8123918644673297,9.221736323021913e-06,0.18404728713913757,4.308773396377207e-18,8.922046418321284e-05,1.9318428700854316e-68
2.0192873963509327e-14,0.0016459346261420867,2.723281164409224e-07,0.00011432704542097386,0.8402541429919164,3.5540615305927494e-06,0.1579301812501459,1.660394100802244e-18,5.158769670749683e-05,7.444393589745447e-69
4.727546563926228e-14,0.0029620585649414335,3.1209142021005136e-07,0.00013025030548165792,0.8212333628764259,8.319484448028333e-06,0.17558282304810668,3.887307197139886e-18,8.287362912875962e-05,1.742878077306051e-68
1.6983189259151124e-13,0.006702577344903277,1.933701352116506e-06,8.702950917454249e-05,0.8572835295506853,2.9882323406509028e-05,0.1357190635302409,1.3964722053863293e-17,0.0001759840400673873,6.261097126885526e-68
2.0177323890523784e-14,0.0015132247192910253,2.550214271475111e-07,0.00012239603656927692,0.8286862008439156,3.5514775219601194e-06,0.16963082206754476,1.6591154689305309e-18,4.354983371010832e-05,7.438660830935242e-69
2.0984467216211893e-14,0.0014719236559428593,3.8743970189777563e-07,7.9839167180945e-05,0.8701433121527538,1.0879433808653769e-07,0.1282631342718563,1.7254842289946474e-18,4.129451820531639e-05,7.736225831762891e-69
9.285140713833684e-14,0.005130387920453741,1.12258360744648e-06,9.04756206077936e-05,0.8269566503002174,1.6329764212786056e-05,0.1674894518445967,7.634868072242937e-18,0.0003155819662112742,3.4231007510864666e-68
1.1024317262623098e-13,0.006057436526324833,8.599128649075848e-07,9.705600887314683e-05,0.8112578596161536,1.938533068820038e-05,0.18211218968229861,9.064936170595916e-18,0.0004552129226865209,4.064273216053853e-68
2.4925508059891593e-14,0.00195891789826561,2.3958959101648235e-07,0.00011658232246825414,0.8314588815021681,4.386286740048779e-06,0.16627093083713196,2.0495431528422656e-18,0.00019006156361004773,9.189147264229484e-69
8.363172009371864e-14,0.004897989240242601,5.686295490053832e-07,0.00010183924020818922,0.8127821529171604,2.0871622504400533e-06,0.1809411443381698,6.876763311778982e-18,0.0012742184723357809,3.083203722037474e-68
2.769569296764104e-14,0.00234163588497652,1.0326772154351413e-06,7.356918044775437e-05,0.8610402242604224,4.874047669987473e-06,0.1364202242904605,2.2773264115440394e-18,0.00011843965877967734,1.0210415787227873e-68
5.191007376886956e-14,0.0038534482472045014,9.845665848291626e-07,8.981085797927685e-05,0.8165546633670749,5.129735185030175e-07,0.17929083341799798,4.268395890751672e-18,0.00020974656958797975,1.9137395749750576e-68
8.740580371385253e-14,0.004256253585830914,4.5752706971967345e-07,9.152722228627499e-05,0.8469116809370535,1.5373438878852558e-05,0.14747763243627443,7.187093887782492e-18,0.0012470748525188762,3.22234074677085e-68
4.3235015030453845e-14,0.0032769189538590254,8.194563198560307e-07,8.984082143764361e-05,0.8233433028847912,7.607311021923653e-06,0.173061959815491,3.555074133415132e-18,0.00021955075703606266,1.5939210502540821e-68
4.665921519281127e-14,0.0034550905214527634,6.276232551559608e-07,9.82161117648973e-05,0.8086051204222419,8.209540909232968e-06,0.1876714240480453,3.836634933277183e-18,0.00016131173228418612,1.7201591170240595e-68
3.9480195784381724e-14,0.0028269496736996105,9.255619328914222e-07,8.104009559094377e-05,0.8448476381525679,6.9466753623599535e-06,0.15203159557769197,3.2463276055744574e-18,0.0002049042631149003,1.4554942351020257e-68
9.91356612733138e-14,0.004977359592457465,6.046897136946586e-07,9.649726994518759e-05,0.8239888378327658,1.743508165824874e-05,0.1707256429343748,8.151601771961394e-18,0.0001936225989857032,3.6547788231735724e-68
4.040358336271443e-14,0.0030628635974066644,3.959705521377662e-07,9.48261567518772e-05,0.8386633388143792,7.108358265967675e-06,0.1578315023891296,3.3222547526561472e-18,0.00033996471347426047,1.4895362475828512e-68
3.9061120504195615e-63,0.2365703343026871,3.979517587151389e-57,1.1092611033004461e-17,2.2185455299452304e-66,0.7634296656973129,2.859556687077712e-54,4.778626950339684e-54,1.0117374330327561e-72,1.81910938028497e-67
1.6625233179896518e-13,0.004923960504167758,5.846080359723984e-07,0.00010496822850794233,0.8459827857138641,2.921591972206198e-05,0.14881146045534174,1.3670386505942286e-17,0.00014702457019404882,6.12913148903297e-68
5.891990850437617e-14,0.0029543614333833244,4.484140622267592e-07,0.00011247696427817509,0.8429648615107156,1.0366375160352237e-05,0.15387801370082602,4.844791720093205e-18,7.947160151538616e-05,2.17216722266742e-68
7.29523138295697e-14,0.004316652364781142,2.608573023820809e-06,7.904576311800358e-05,0.8718390686795476,1.2838988478905189e-05,0.12361876125176204,5.998630589677662e-18,0.0001310243792153681,2.6894920361048027e-68
1.714842681851083e-14,0.0013681259073926358,2.8759818726634834e-07,0.0001127718784070753,0.7968937549862705,2.632821311264709e-08,0.20156328590187167,1.410059151819642e-18,6.174739964061656e-05,6.322014337378846e-69
2.325984033684787e-14,0.0018621797895318026,4.7401309843441907e-07,0.00011016572808174722,0.7776606795922973,5.999072392691286e-08,0.2202910282981447,1.9125807328788606e-18,7.541258809870771e-05,8.575074881822974e-69
6.030021893104283e-14,0.004052347612057788,4.940522746244993e-07,0.00011776779407154566,0.7951711761573215,1.2885904349922674e-07,0.2004359191753572,4.9582901398241374e-18,0.00022216634981369286,2.223054352890616e-68
1.52216356806367e-14,0.0012795958208098284,3.0722106038889427e-07,0.0001677702895802049,0.8020397215221979,1.504237106712241e-07,0.19647286111117168,1.2516254069755954e-18,3.9593611454050416e-05,5.611675054706021e-69
2.5650212922387414e-14,0.0020488054758193274,2.463545975582827e-07,0.00014688132577193318,0.8091525703063173,4.514143438395885e-06,0.18850955021035395,2.109133267850788e-18,0.00013743218367592066,9.456320142023143e-69
9.559279762887475e-14,0.0031078739393187666,3.69330456120094e-07,0.00015534558711768215,0.769349909253602,2.7755849604906748e-08,0.22727179224149988,7.860283682582364e-18,0.0001146818920604386,3.5241660658801303e-68
9.135902308648319e-15,0.000813345339449367,5.982796448598493e-07,5.9894847083472335e-05,0.8981250861526369,6.37909563162378e-08,0.10097154502410186,7.512154199529126e-19,2.9466566118289622e-05,3.3680818632834143e-69
5.1062515934489154e-14,0.0027802218426185884,4.249232763286776e-07,0.00010351957101809863,0.848068133096356,8.983509387867434e-06,0.14888545145982196,4.198703982837636e-18,0.00015326559747001582,1.882493138224932e-68
6.502389305879242e-14,0.004235584177343741,1.7086119988035195e-06,7.845772996932499e-05,0.8668211322182708,1.1442674149430412e-05,0.12864297685859008,5.346702435800523e-18,0.0002086977296127286,2.397199395017506e-68
8.620566327020104e-14,0.003893199698302187,9.631659729868588e-07,8.304123207510271e-05,0.8653453319621666,1.5167669227863725e-05,0.1305566775739497,7.088410246295178e-18,0.00010561869821952372,3.1780958372170465e-68
1.1206287666462587e-13,0.005185373578233905,2.0700808736582427e-06,8.310990006445345e-05,0.8663329872673785,1.971868750901511e-05,0.1282362306585019,9.214564483317938e-18,0.0001405098273263736,4.131359220003305e-68
8.066923619271551e-14,0.0038126599854628137,3.969962789209717e-07,9.23141099980386e-05,0.8539949218793695,1.4190486394971432e-05,0.14138705033540608,6.633167934060932e-18,0.0006984662070091863,2.973987490331131e-68
6.27387131562315e-14,0.003179678402996746,5.111514886331624e-07,9.938304019037464e-05,0.8527913429333083,1.1036948565855638e-05,0.14377389346037184,5.158799561308281e-18,0.00014415406301565827,2.3129529529436386e-68
4.7543379066283876e-14,0.002855138736729832,4.3429411015261955e-07,0.00012707516179356104,0.8302579976929783,8.366053541447311e-06,0.16666216159551792,3.909336845666139e-18,8.882646528117189e-05,1.7527550922992241e-68
4.2105134588728246e-14,0.0027201425376366804,3.969953306900633e-07,9.257690385163314e-05,0.838664881528214,7.408248118085514e-06,0.15787766350806698,3.462167756071253e-18,0.0006369302787399816,1.5522663828710983e-68
8.6180331282415e-14,0.0035945723628215123,5.126063998286495e-07,0.00014809512277434757,0.779145791718394,3.6006836641752766e-08,0.2169603328213719,7.086327296908256e-18,0.00015065936131557724,3.1771619447787143e-68
1.8211663715742375e-14,0.0016111715490899885,2.475600483868042e-07,0.00015412801411531546,0.799425162616961,3.2052763569214086e-06,0.19871309131483592,1.4974856509082542e-18,9.299366857430636e-05,6.713991922142387e-69
4.583100509166554e-14,0.002556432425039218,5.481547051860844e-07,9.418544757553427e-05,0.8619345224345989,8.064171346051318e-06,0.13533389601258447,3.7685339223024016e-18,7.235135410474017e-05,1.6896259605100336e-68
4.079090354845383e-14,0.0027561079812870545,3.344774661494868e-07,0.0001447114896294034,0.8106567914899168,7.179332908671033e-06,0.18635931355849064,3.3541028267260626e-18,7.556167026044276e-05,1.5038153635072348e-68
3.669668108993601e-14,0.0028029982729706523,3.817725329364649e-07,0.00013037618384807178,0.8233639662225156,6.458765237006228e-06,0.1736001814041312,3.0174482806600384e-18,9.563737872799137e-05,1.3528759604172296e-68
7.270542036725497e-14,0.0035337549681702415,5.47047835347072e-07,8.838816908910632e-05,0.862414829158689,1.2795031302443388e-05,0.13385990399246323,5.978329347603003e-18,8.978163237794027e-05,2.680389953877214e-68
5.115194296110956e-14,0.0032050365386807446,5.132926076079511e-07,0.00011227969247625573,0.8381883315345152,9.003088734516928e-06,0.1583980668529767,4.206057270784206e-18,8.676899995781148e-05,1.8857899922437125e-68
1.348182782220378e-62,0.9999745733986692,1.3735184816227714e-56,3.828581211068455e-17,7.657242921955798e-66,2.5426601330822376e-05,9.869673579607693e-54,1.6493286659327246e-53,3.4919812072367316e-72,4.352225041570761e-67
1.7112266502814632e-14,0.0012512271078456564,3.7804761959838846e-07,9.07795566356459e-05,0.869042757550137,3.0116896376417095e-06,0.1295717388082423,1.4070858069665948e-18,4.0107239865131623e-05,6.308683315932888e-69
1.0763949642650459e-13,0.003176152017337616,4.182073862575646e-07,0.00016243907458437208,0.7594186259797746,2.5836885529219483e-08,0.23711697547921742,8.850844402840463e-18,0.00012536340470668846,3.968284957451501e-68
3.6355172506303697e-14,0.002927431306517494,6.892895014253802e-07,0.00010576398052638907,0.7944832521518156,3.592640687173911e-07,0.2023093462804907,2.9893671444841973e-18,0.00017315772704333576,1.3402857548725672e-68
3.5317690693868506e-13,0.0024656183951188215,3.82312106921174e-07,0.00015035491374805395,0.7383613859392204,1.519099068939382e-08,0.2589281492559446,2.9040584419026363e-17,9.409399251727854e-05,1.3020375126007023e-67
7.756766148918194e-14,0.004937844650947978,8.57116129210882e-07,9.902891504697899e-05,0.8054276693274982,1.3643763851217832e-05,0.18921337759737208,6.3781355653947914e-18,0.00030757862907673436,2.859643472270499e-68
5.0330811683341436e-14,0.003671442922377025,1.0929208201658184e-06,7.95208504761969e-05,0.8579548739508662,8.856389790816608e-06,0.13805936147202633,4.1385383247957406e-18,0.00022485149359284415,1.85551780514829e-68
4.169211249288469e-14,0.0033147108985669377,5.568696084024195e-07,9.847794938679112e-05,0.8081428429715215,7.335412815256224e-06,0.18814371848271708,3.4282062956198755e-18,0.0002923574153423949,1.537039728044517e-68
2.0867600452892065e-13,0.0046064463480417804,3.422660444642902e-07,0.00010557005820607106,0.8400648843416515,3.6673457803494576e-05,0.15449469876904812,1.7158746657207628e-17,0.000691384758995964,7.693141258546565e-68
4.8084805993117606e-14,0.0033347101091443184,3.239712770126141e-07,0.00012385106490452508,0.8215778676203204,8.45981414380113e-06,0.1748210569672868,3.9538566131175885e-18,0.0001337304528750794,1.7727155746488557e-68
8.729330374981637e-14,0.0037531533325899044,8.789330208288004e-07,8.487456160842826e-05,0.8674275266741424,1.535231482244361e-05,0.12859993092701175,7.177843379110123e-18,0.00011828325671701638,3.21819327193687e-68
3.4450522040041584e-14,0.002757321228604683,7.602606441677119e-07,8.287720045358965e-05,0.8349187212631858,6.062100443317989e-06,0.16210200946671638,2.832753953169311e-18,0.00013224847991759832,1.2700680736040406e-68
5.3623211508933334e-14,0.003724332213009959,1.4334568731340206e-06,7.821267752374455e-05,0.859520355620024,9.436197559186498e-06,0.1365280562534426,4.409261611731632e-18,0.00013817358151371823,1.9768968621372335e-68
3.458995068320651e-14,0.0025364888789254996,1.986685149541188e-06,7.542201754015799e-05,0.8545648869907129,1.0976189174791784e-07,0.14272695227907986,2.844218714958709e-18,9.415338666561431e-05,1.2752083110412364e-68
4.80883413059073e-14,0.0025570147643920607,6.670756083775395e-07,8.318191213260106e-05,0.8687483217804226,8.460235152769546e-06,0.1285248036373981,3.954147308941469e-18,7.755059484530924e-05,1.7728459084124705e-68
2.5311141354523388e-14,0.0020264639774590543,5.270501421284386e-07,7.881046384367557e-05,0.876601956269406,4.454903754328238e-06,0.12120913535627752,2.0812525179380086e-18,7.865197909204854e-05,9.331316520391708e-69
2.5289077730682727e-14,0.0020763109023686074,2.9741373727221465e-07,0.00019125645390599558,0.7828270472091491,2.4991210364419804e-07,0.2148422096516532,2.0794382993848837e-18,6.262845705678197e-05,9.32318245333252e-69
8.459460011873615e-14,0.004868604956870155,1.3538530866400485e-06,8.807330318889656e-05,0.8391118560159658,1.4882774295045228e-05,0.15573756980125988,6.955937783099257e-18,0.00017765929524899194,3.11870167559255e-68
4.107406068354956e-14,0.002868363134692076,3.4938281607884296e-07,0.00011459184942186187,0.8324092665398045,1.0251461016518592e-06,0.16448081039467574,3.3773859144825388e-18,0.00012559355244715642,1.514254359234959e-68
6.736138179650184e-14,0.003413459644115752,4.969738323124055e-07,0.00012714046709462253,0.7692548852664451,3.9847293592195306e-08,0.2269975228184816,5.5389065136091916e-18,0.00020645498266957433,2.4833742859144418e-68
3.428333450989098e-14,0.002586656112467152,4.309939062971997e-07,9.359632132262185e-05,0.8576133019157235,6.033493723564001e-06,0.13959060486591587,2.819006669620629e-18,0.00010937629690675464,1.2639044652491898e-68
2.0109858956472355e-14,0.0016952126361307336,5.928041266733756e-07,9.285708969958482e-05,0.8405697867527202,6.381338501871952e-08,0.15756638182802754,1.653568047828077e-18,7.510507589003555e-05,7.41378891283279e-69
4.030249913467465e-14,0.0026985721950164537,3.379972858456118e-07,9.396595593755883e-05,0.853497754876567,6.032410834500737e-07,0.14327404698580284,3.313942927773577e-18,0.0004347187482667179,1.4858096325678313e-68
3.1063167511710757e-14,0.002435192762698458,9.93918632640491e-07,7.772629741600206e-05,0.8521134552813149,3.06970169997561e-07,0.14528197557416056,2.554222848978316e-18,9.034919557639941e-05,1.1451883739241802e-68
2.9621570070396615e-14,0.0023038121797468733,3.5903533114845673e-07,0.0001224074974813236,0.8317349730069376,5.213669432403258e-06,0.16576094236949535,2.4356849994477065e-18,7.229224154552079e-05,1.0920418103008757e-68
2.4684075132993073e-14,0.0018239633159342224,3.473080895079904e-07,0.0001353608434051871,0.8160300495735662,7.832854297702506e-08,0.18195827115358854,2.029690910576987e-18,5.1929476848563094e-05,9.100139537093932e-69
8.254750646281961e-14,0.0021507794397633917,3.983553982499216e-07,0.00014519640107131163,0.7494560485851364,1.5765877596539845e-08,0.2481711708966703,6.7876119765341494e-18,7.639055600006331e-05,3.0432326315502042e-68
1.197248407389553e-14,0.0009759932798229868,2.3634883794949385e-07,9.391962617339083e-05,0.8671648665423224,2.107402538328396e-06,0.13173494255248558,9.844582776969624e-19,2.7934247807376284e-05,4.4138285533039423e-69
6.679744702396346e-14,0.004457731131531474,4.3768036838532063e-07,0.00015658838555431735,0.7969553666720737,2.6698773726088295e-07,0.19828127777932003,5.492535996502144e-18,0.00014833136334821087,2.46258401810041e-68
1.1162507623825733e-13,0.004455704321805264,3.7985302380169557e-07,0.00011468942484174779,0.8289654811365419,1.9634440910106746e-05,0.16630445271719424,9.178565598208042e-18,0.0001396581055713942,4.115219083793371e-68
2.4519569254541888e-14,0.002005881908957801,2.503921557479407e-07,0.00015549667663039473,0.8056161303478123,4.315334968017368e-06,0.19212390199901155,2.0161641299698103e-18,9.402334043980264e-05,9.039492080689963e-69
4.264202870324681e-14,0.002985620812047569,7.621363022060775e-07,8.587176455155202e-05,0.8361242270888131,7.503491065165317e-06,0.16068453370013916,3.5063148023102954e-18,0.00011148100703848596,1.5720597552912096e-68
4.767888690657226e-14,0.003140939238391989,4.7306398046839303e-07,8.7000730298224e-05,0.8640068664729023,8.389973063767431e-06,0.13254309975060508,3.920479210802193e-18,0.00021323077071058624,1.7577507828729968e-68
3.6066492476292434e-14,0.0023259184947730816,4.061141257240967e-07,0.00011208702919232905,0.8393676100738291,6.346450063132798e-06,0.15806888008750877,2.9656299299220586e-18,0.00011875175047189853,1.329643150936985e-68
2.2011500071421794e-14,0.0016776547229442663,2.964359763904272e-07,0.00010782726587246537,0.8470466017971302,3.874328845627392e-06,0.15111709798170428,1.8099337880082856e-18,4.664746750467212e-05,8.114856275869623e-69
1.27413265872207e-13,0.003508486880724292,4.124621785585973e-07,0.00015474515794275672,0.7715964420139599,3.058320911783757e-08,0.2246190858514878,1.0476776914257633e-17,0.0001207970503702919,4.697273428293935e-68
2.328159398250074e-14,0.0018099053592045237,3.4564961946321243e-07,9.638553489009236e-05,0.859593372559219,5.81085461880298e-07,0.13840930002101529,1.914369464566386e-18,9.010979056652435e-05,8.583094678268616e-69
1.705965215308145e-14,0.001351922510224256,4.02562968884996e-07,9.958905076963247e-05,0.8355440897555142,8.844608479455609e-08,0.16296162546084805,1.4027595004552533e-18,4.228221357321887e-05,6.289286277335306e-69
1.863392866484331e-13,0.00284628747092087,4.400083908987109e-07,0.00015016076112944518,0.7522561573953696,1.9498233488486887e-08,0.24464094584097346,1.53220712812698e-17,0.00010598902479586158,6.869666013238112e-68
2.4041337677240432e-14,0.001983215695645353,3.7471919650903525e-07,0.0001459956194458493,0.8148909246600536,4.231627270175434e-06,0.18290756920764348,1.9768407080611074e-18,6.768847072080398e-05,8.86318512450107e-69
1.8330044104459722e-14,0.0015148880953567685,3.5631783130578474e-07,9.483336498654837e-05,0.8627619446826537,4.575036649634531e-07,0.13557289715070042,1.507219683265935e-18,5.462288478799894e-05,6.757634553761646e-69
4.40345811911086e-14,0.0021381317010919433,3.315645444763643e-07,0.0001755498159771588,0.7513650148117741,2.3741342398225175e-08,0.24625481090465692,3.6208198528115146e-18,6.613746056879291e-05,1.6233982094313784e-68
3.393515924451252e-14,0.0019906934494924883,4.7268934653249546e-07,0.00014342080543665038,0.7652589462227011,2.729008889623591e-08,0.23251601359337676,2.7903773570310157e-18,9.042594952367627e-05,1.2510684842614225e-68
1.2700622553623997e-14,0.0009977016316699326,2.210177894579719e-07,0.0001886372151568051,0.7519067757642437,2.7140880175736814e-08,0.2468759061977709,1.0443307280589543e-18,3.073103247629609e-05,4.682267284485084e-69
4.7469127729155473e-14,0.0030598447789106135,6.91690279021597e-07,0.00010058146879667934,0.8507706864313623,3.314496506633748e-07,0.14598753371764092,3.903231397207647e-18,8.033046331237392e-05,1.7500177083639306e-68
4.285357947728995e-14,0.0030243481740189174,4.12409156907878e-07,0.00015203562251461935,0.8064863619004933,7.542603549983246e-06,0.19024556323496358,3.5237099346941674e-18,8.373605525971724e-05,1.5798588803280457e-68
3.1125660316800286e-14,0.0024292808936090967,2.8672319586420676e-07,0.00015729539125622287,0.8009596142094766,5.4778898694410315e-06,0.1963624016799957,2.5593614308608687e-18,8.564321256589881e-05,1.1474922622612387e-68
1.534582047300978e-13,0.006445485006953731,1.4075727710676818e-06,9.202626310622317e-05,0.8298880033652961,2.0339367731579744e-07,0.16332550367021123,1.2618367169190933e-17,0.00024737072783079066,5.657457565165029e-68
9.916492939394094e-15,0.0009079940569233958,1.7807685504316992e-07,0.00015791986153131183,0.8139283125449732,9.799687607975732e-08,0.18496735199594183,8.15400839429593e-19,3.8145466889277885e-05,3.655857834709619e-69
8.055262707242815e-14,0.004022194556428427,8.611129772138043e-07,8.345175748984746e-05,0.8575521898902426,1.417366038446199e-05,0.1382070315182428,6.623579534296119e-18,0.00012009750415407366,2.9696885216853783e-68
8.170381375412917e-14,0.004364866364475767,3.572083490632741e-07,0.00012801053483847355,0.8177209650626486,2.107247346198314e-07,0.1776213244926928,6.718237870314212e-18,0.00016426561217892124,3.012128681499643e-68
8.170381375412917e-14,0.004364866364475767,3.572083490632741e-07,0.00012801053483847355,0.8177209650626486,2.107247346198314e-07,0.1776213244926928,6.718237870314212e-18,0.00016426561217892124,3.012128681499643e-68
7.072552514257604e-15,0.0006108260788708135,2.0134932800352462e-07,7.456810213178356e-05,0.8917223876252945,1.2449274673055902e-06,0.10757181285677399,5.81552902794502e-19,1.895906012637185e-05,2.607398267416673e-69
3.9906567554641486e-14,0.0018305264127889465,3.3529121924619527e-07,0.00016508685984622845,0.7484781107824465,1.8088027784284947e-08,0.24946707639176405,3.281386768307897e-18,5.8846173867395015e-05,1.4712130458485172e-68
2.124410000610708e-14,0.0015753968004930169,3.0623767472219443e-07,9.052681164356221e-05,0.864988949525784,5.302381556170184e-07,0.1333017808727538,1.7468329857258834e-18,4.250951347397487e-05,7.831943196502923e-69
5.099457807423608e-14,0.0028797669149663173,3.8907416580717094e-07,0.00012670398149355582,0.8281989362877474,8.974307545388954e-06,0.1687128040852593,4.1931176714047895e-18,7.242534877118614e-05,1.879988509895515e-68
2.2487703752110906e-14,0.0016554432448989908,3.4868086013745525e-07,0.00013028739145236394,0.8331220800773145,3.9577385155892904e-06,0.1650298674452524,1.8490904630552453e-18,5.801542168356111e-05,8.290415620833856e-69
7.853535146297739e-14,0.0038096909916475363,5.909271350828198e-07,0.00010992728769437651,0.8407294864537209,1.3815572327423095e-05,0.15521596386911726,6.45770555835246e-18,0.00012052489827891596,2.8953187583517642e-68
7.013416726991173e-14,0.002702610800394026,5.549286194193156e-07,0.00012622860118892244,0.7872877402975422,2.930260421363754e-08,0.2097716256581415,5.7669036138447e-18,0.0001112104114394644,2.5855970142822475e-68
1.3463327371817386e-13,0.003862330760026791,5.272411239238902e-07,0.0001266712403710665,0.8160347883728741,5.625078231085114e-08,0.17985553133571297,1.1070454586457948e-17,0.0001200947989743295,4.963449407546111e-68
2.7523413762960292e-14,0.002171041860933249,3.364182730760468e-07,0.0001856001033788167,0.7723205546525228,7.098727392216017e-08,0.2252471254468209,2.263160457212129e-18,7.52705307696068e-05,1.0146902589031927e-68
2.1521626207938957e-14,0.0015885576467340402,5.024330451016955e-07,7.883022289458307e-05,0.8794764127581615,3.787784894732325e-06,0.11878879850441156,1.769653059921857e-18,6.311064983703771e-05,7.934257227841685e-69
2.039694819177875e-14,0.0017112477545753633,6.451409979399152e-07,7.958189801414346e-05,0.8769503965775173,3.590155411534161e-06,0.1211883988942547,1.6771744579797686e-18,6.613957920854362e-05,7.519628489305556e-69
7.410936748357996e-14,0.0047304110683910145,4.6415497158353033e-07,0.00014655748456295618,0.806516568781051,7.3235854122671e-07,0.1884618514011115,6.093771344567058e-18,0.00014341475129659755,2.7321484889030122e-68
6.529383447779899e-14,0.003919051741458854,1.1168961379219002e-06,8.968614922775348e-05,0.8441208808300176,1.1488919605250646e-05,0.15172541646117724,5.36889883864279e-18,0.00013235900231003332,2.407151174475324e-68
8.32461747050972e-64,0.11236440899673826,8.481057686668979e-58,2.3640321221455887e-18,4.7281139504739957e-67,0.8876355910032617,6.0942224001493054e-55,1.0184101449822327e-54,2.1561918864279598e-73,3.876844681468315e-68
5.883449212801183e-14,0.004006758451366378,5.039532952965652e-07,0.00014851163783293595,0.788122840465238,1.2572739730061131e-07,0.20757505384288868,4.837768210609223e-18,0.00014620592192264603,2.16901822515252e-68
3.185543366297274e-14,0.0026006629486787333,6.420370472300466e-07,0.0001283855634892799,0.7995868389489966,1.6515477360295894e-07,0.19758254839356296,2.619368309922062e-18,0.00010075695341976043,1.1743964066210813e-68
2.983265947583402e-14,0.002473418859335809,3.0738970777255906e-07,0.00017323462761915798,0.7892792576689928,5.250569765864382e-06,0.20796650989952983,2.4530421930860305e-18,0.00010202098501895521,1.0998239254624577e-68
1.2488758136097897e-13,0.006532388424728829,7.840894795237373e-07,0.00010510130691561183,0.802025472201568,2.1959252559754852e-05,0.19085497818302713,1.0269098095368075e-17,0.0004593165415963507,4.604160421716606e-68
1.177622466813078e-13,0.005906976514118547,4.3883589775139845e-07,0.0001323024309997138,0.8156347724871541,2.0712593733802026e-05,0.178097660028537,9.68320509520879e-18,0.00020713710944115997,4.341474707974591e-68
1.973137392036398e-14,0.0016072677705083153,2.580714520179423e-07,0.00014181589603570077,0.8201320746783902,3.472809166155359e-06,0.17804854455793145,1.6224464595507728e-18,6.656621649651695e-05,7.274254959922781e-69
1.9717764859102887e-14,0.0016818957349663834,3.096689707015108e-07,0.00013397684522340278,0.8255928768321403,3.4705272328419695e-06,0.17251784635229303,1.6213274306441766e-18,6.962403915356659e-05,7.269237782605648e-69
5.693207727723968e-14,0.003979900251850934,8.39880604211399e-07,9.302022992138938e-05,0.8183777737005894,1.4208991191349246e-06,0.1773717304584961,4.681338843454449e-18,0.00017531457936194645,2.0988829616292e-68
