i = 0,i = 1,i = 2,i = 3,i = 4,i = 5,i = 6,i = 7,i = 8,i = 9
1.2804902041873637e-13,1.2927505298784316e-05,2.3815961897838606e-15,3.733430380584604e-10,0.006103860843524384,1.1405209243520866e-13,1.1147863141097804e-06,0.008578531090813938,0.9853026937329948,8.716674664878027e-07
1.324904083119034e-13,1.2897310936854767e-05,2.5792388969917948e-15,3.859706781253729e-10,0.005959707181038245,1.179052331295754e-13,1.173504453283977e-06,0.007953460836269115,0.9860718743045991,8.864764798452098e-07
1.6210504813247197e-13,1.321007874786297e-05,4.8329581111261036e-15,4.725098260879571e-10,0.006073154424593145,1.443388203774302e-13,1.4105310646895317e-06,0.008998500168980444,0.9849128403773157,8.839464769481283e-07
1.0582269616630709e-13,1.1503387345924424e-05,1.953471070233081e-15,3.0854402436524325e-10,0.0056303520209692315,9.425775881743982e-14,9.259284648103275e-07,0.004655782240435679,0.9897005862251766,8.498888617073455e-07
2.2717406767626043e-13,1.2456865847056835e-05,1.83511475073378e-15,6.652411428086815e-10,0.0063402238651387565,2.0325675852772177e-13,1.6866386626564551e-06,0.006431257689710483,0.9872133179894328,1.056285534824246e-06
1.3326819030784288e-07,4.483150881550273e-61,5.100327295398877e-10,1.396292349693386e-68,3.291935074109933e-27,3.647322584866124e-52,0.999999866221777,1.0126477082288248e-82,1.2026674098531703e-77,1.415225816736101e-58
4.0576390191822195e-13,1.2886467190580777e-05,3.1280037262136334e-15,1.1933277676090636e-09,0.006384987337933741,3.6462476281318105e-13,2.5768771144122552e-06,0.007428531631229093,0.9861699431892473,1.0733031836159837e-06
3.825252039996234e-14,1.090085938810049e-05,7.843201726965543e-16,3.012296092283301e-10,0.005119295677960767,9.203001247742444e-14,7.111886063397258e-07,0.002801649140911905,0.9920665659354821,8.768962899911742e-07
1.7720254122291968e-13,1.1856500777212075e-05,1.4734928353140036e-15,5.18172629404854e-10,0.006031092232240342,1.5832226580950984e-13,1.349845505055214e-06,0.00562662283089616,0.9883281702125984,9.078594730520617e-07
8.450472117632034e-14,1.0666927356281871e-05,1.1949774090268022e-15,4.3291853512734867e-10,0.005095663109154826,1.322702825659454e-13,1.019724246484195e-06,0.0031247020612107062,0.9917670849113474,8.628335477522119e-07
2.99246122101922e-14,9.655898304684852e-06,5.450788251175356e-16,1.1290357943946398e-10,0.004801439810033864,3.449024152697894e-14,3.592798650015627e-07,0.0021557045486794344,0.9930320602139902,7.801361583604607e-07
4.3846465372694946e-14,1.0076711449224799e-05,6.945200526484991e-16,2.017510129983356e-10,0.004863372714015456,6.163548347068186e-14,5.835786217798614e-07,0.0023781812694010016,0.9927469595169341,8.260077211912243e-07
7.1327023305761e-14,1.1103467869255507e-05,9.58070273174108e-16,2.300391163011817e-10,0.005758293096405253,7.027640629994357e-14,7.045722407542777e-07,0.0037925368707638647,0.9904364346272139,9.271353253065525e-07
1.826914195762804e-13,1.2700595916676824e-05,2.268758726636341e-15,5.337663708903038e-10,0.006377202856311057,1.6306513292225587e-13,1.5107942699287647e-06,0.0071290483111225685,0.9864785320269679,1.0048812974145669e-06
1.4939767182463762e-13,1.2957626826013713e-05,2.0701198360147716e-15,4.359035199393062e-10,0.006220543219423138,1.3316951185164933e-13,1.225502950771936e-06,0.009323803961815907,0.9844406014449902,8.678078058196301e-07
5.432252026947177e-14,1.0322880903747567e-05,9.472837347027503e-16,1.5827131625887827e-10,0.005194344032923973,4.8350689565360814e-14,5.079375396271078e-07,0.003170093061074997,0.9916239302148289,8.017143538157086e-07
1.1632750009908687e-14,1.0175503019049538e-05,3.018142921870008e-16,1.6363907714950906e-10,0.0038569204696626094,4.9994012157508734e-14,3.639097275806476e-07,0.0012643436614318832,0.9948672800591067,9.162333512284427e-07
6.302977844820341e-14,1.2192757163159393e-05,1.4746294166498974e-15,2.1841139596702484e-10,0.0059358424914393035,6.672044682025364e-14,6.917224851447228e-07,0.004970260080158046,0.9890801417658076,8.709644040910938e-07
7.141520607776437e-14,1.0235724888359876e-05,8.95933644372478e-16,2.0805436291817825e-10,0.005210816178437598,6.356064058664618e-14,6.485258407172771e-07,0.003151904364513662,0.9916255962879652,7.987101640705786e-07
9.418850641213287e-14,1.343713479267052e-05,2.310125208389681e-15,3.035478299602346e-10,0.006465021065847345,9.272595264920104e-14,9.704209350737182e-07,0.010249038326900156,0.983270650891322,8.818564657633245e-07
4.214109118436626e-14,9.73642382449651e-06,6.756867536588772e-16,1.2273984365987266e-10,0.004918729259503178,3.749571993422894e-14,4.006672862634777e-07,0.0026825265537463875,0.9923878617382801,7.452345396152208e-07
2.707304342725739e-14,9.823002186213572e-06,4.734449316161135e-16,7.883669704691884e-11,0.005100501989088971,2.408313610208909e-14,2.66070395263278e-07,0.0028532321627400214,0.9920354792425229,6.974541784951995e-07
2.699123718921331e-13,1.3442380612495008e-05,3.844343180675015e-15,7.884373223602436e-10,0.006169271479014742,2.40862857091671e-13,2.0433233724378276e-06,0.009992402380194894,0.9838219344763788,9.051714747423965e-07
7.96633812698155e-14,1.1213995293092727e-05,1.6652403390944127e-15,2.3212669682703395e-10,0.00541356172547404,7.091182198376144e-14,7.107241129152917e-07,0.00428990156656907,0.990283777121833,8.346344389845251e-07
1.100991456703869e-13,1.127629340223351e-05,1.8863974496751227e-15,3.2106639413010857e-10,0.005533342038994269,9.808533562496452e-14,8.925044678951975e-07,0.004763231735385451,0.9896904109755809,8.461308927918772e-07
2.0161664961299293e-13,1.2848037422979154e-05,2.3959680383635733e-15,5.89665882664116e-10,0.0065315170733256725,1.801470463899632e-13,1.6090424761766613e-06,0.007851654024773697,0.9856013181672152,1.0530647362500902e-06
1.0106990368367837e-13,1.1754288405015464e-05,1.767638017028945e-15,3.819042630816223e-10,0.005758240851245768,1.1667102171118318e-13,9.990282531173143e-07,0.005069119571187527,0.989159015044417,8.708343677189426e-07
8.81403090097721e-14,1.1473034978959352e-05,1.3889210374593552e-15,2.5695239540684294e-10,0.005806973787448766,7.849805754192593e-14,7.948561497959854e-07,0.004860110608130144,0.9893198159581986,8.31497973222705e-07
1.9041834519419473e-13,1.2994848165550666e-05,3.356373712075309e-15,5.550347676375512e-10,0.0061544763062102185,1.6955744811421827e-13,1.601424406498633e-06,0.00873330143268843,0.9850967339475201,8.914856112616692e-07
3.405605507271241e-13,1.297640504499623e-05,4.075842779161033e-15,2.4198607305705785e-09,0.005812693690172779,7.394167367093579e-13,3.492916662692133e-06,0.006773570769704816,0.9873963399553906,9.238420793235501e-07
6.461256491390859e-14,1.246489107407874e-05,1.4060491806131216e-15,4.11176002059555e-10,0.00556297319055765,1.256132095406632e-13,9.95135727601292e-07,0.004628072308930986,0.9897945937448409,9.003175011572007e-07
8.930917085503385e-13,1.2741205367355483e-05,3.620605791259865e-15,2.6630812653693622e-09,0.00623071148998771,8.140491589317569e-13,3.7150791734116465e-06,0.006736296489528343,0.9870154591881559,1.0738829950518556e-06
2.0706908207713923e-14,1.120305591732615e-05,5.684850677358058e-16,5.058106964840156e-10,0.004403174344396219,1.5455707284120012e-13,8.008757928672484e-07,0.0019610939150052752,0.9936228011711395,9.26131762319765e-07
1.5112229889903354e-13,1.2368889992576717e-05,1.828529146201401e-15,4.409436522507826e-10,0.006094385760240553,1.3471127954921631e-13,1.2732760905974183e-06,0.006043244233374429,0.9878477385543719,9.88844698516114e-07
4.874735990067229e-13,1.2852130190787989e-05,3.646488782748887e-15,1.4273957175160906e-09,0.005959336918594403,4.3615413852399763e-13,2.744119806631894e-06,0.007827534725667851,0.9861966304501345,9.002272827097158e-07
3.681220614552559e-13,1.2788675481285257e-05,2.865430285399052e-15,1.0769251400604665e-09,0.006144751487759631,3.2906224883290783e-13,2.2668329565100372e-06,0.008382149226201865,0.9854571303817157,9.123182598716741e-07
2.0954794197452858e-13,1.36312413744737e-05,4.545786955290165e-15,6.765271708506817e-10,0.006235300284287117,2.0666171848888604e-13,1.8444777134975093e-06,0.010323039059665586,0.9834252695569503,9.147030611119304e-07
6.684530076398913e-14,1.0446594975353417e-05,1.0620724995268567e-15,2.3166791345183582e-10,0.005144514762416878,7.077454127479648e-14,6.684152200353983e-07,0.0031250659331472923,0.9917184747905209,8.292719128989063e-07
1.7464578583597765e-13,1.3435051028987589e-05,2.1053125076293273e-15,5.105375171468459e-10,0.006606246824983981,1.5596783440939732e-13,1.441041127161465e-06,0.010791387758630857,0.9825865006892258,9.881241328459593e-07
8.32687813527378e-14,1.3278908336862924e-05,1.811033672158227e-15,2.4264634927259806e-10,0.006880684050055981,7.412196181003912e-14,7.991733386086113e-07,0.01227875305509106,0.9808255515093035,9.33061068351284e-07
5.256507712169795e-13,1.3124387644515346e-05,6.242339429311085e-15,1.5394222677812334e-09,0.005896026514806681,4.703198723473038e-13,3.081757049564562e-06,0.007853123999444976,0.9862337399521577,9.018484721978803e-07
5.965354607287547e-13,1.3104216543935139e-05,7.916319316294747e-15,1.7456442448795234e-09,0.00599704462963047,5.333211900854977e-13,3.468396794618618e-06,0.007932478769272671,0.9860529724253992,9.29815577126432e-07
3.9206498166054204e-13,1.2854705230247791e-05,4.411590544643803e-15,1.1480486414231067e-09,0.005929238056674561,3.5075442998396143e-13,2.3807688861589954e-06,0.00766090507549518,0.9863937209917875,8.99253130570091e-07
1.0473379660429884e-13,1.2224433410971397e-05,1.24121496834136e-15,3.057808187541837e-10,0.005556633930595086,9.341628770158314e-14,8.720380322251088e-07,0.005714860615249709,0.988714580342733,8.283339989064997e-07
6.625297000210761e-14,9.903563272262554e-06,7.84970523836318e-16,2.2955257512856146e-10,0.004888189990566549,7.013196311261893e-14,6.67271492935119e-07,0.0025754245390619177,0.9925250012013976,8.132045188589171e-07
4.2839875808187455e-14,1.1552761613362841e-05,7.628074559824437e-16,4.5687369485455333e-10,0.005425064848904364,1.395930692656231e-13,9.935318642694396e-07,0.003052928916427362,0.9915084846067976,9.748773360221098e-07
1.9845890785083495e-13,1.2603978247023373e-05,2.2602233627060683e-15,1.737088402978956e-09,0.005993197183454626,5.309107453124626e-13,2.585587157802015e-06,0.006299964947614679,0.9876906964228463,9.501428595290073e-07
4.529431381517571e-14,1.0399807114159832e-05,5.953323679025136e-16,1.319455454326508e-10,0.005934455513163913,4.030867988860847e-14,4.296091888701637e-07,0.003762832370202818,0.9902910666918846,8.158764138734283e-07
2.685665444243878e-13,1.2889189955649749e-05,4.971380279123012e-15,7.840718743797416e-10,0.006054972062462839,2.395298267299626e-13,1.949588937166018e-06,0.008139427926556395,0.9857898583516144,9.020958886733968e-07
2.9200646493061647e-13,1.1503441321948581e-05,1.6332663514056413e-15,8.560727310675078e-10,0.00522448337983491,2.615852077693532e-13,1.7942708045638928e-06,0.004188452725506162,0.9905729107081725,8.546177318009845e-07
1.7692154281236443e-14,9.980439128028796e-06,3.6740789947141125e-16,7.34466858987438e-11,0.004941932076362278,2.2436166307576598e-14,2.3948110973564973e-07,0.0019603545035877844,0.9930867391136723,7.54312652730894e-07
7.973988968505588e-15,9.759171341919092e-06,2.461856381591452e-16,5.543025670783082e-10,0.0030695616255442372,1.6944232937482592e-13,4.67780066683925e-07,0.0009475505945782526,0.9959717278967752,9.323772135937272e-07
2.926178408388883e-14,1.2240943289514832e-05,6.818046630117553e-16,3.4328319528922757e-10,0.005581920368042933,1.0487709559370889e-13,7.729134707221553e-07,0.0029799917707716856,0.991423980292529,1.0933684782650055e-06
6.438927366695966e-14,1.190079878449322e-05,1.1192867370710753e-15,1.876048662622263e-10,0.006382925090594507,5.731058645991443e-14,6.159857060763014e-07,0.006263166716192156,0.987340544208899,8.470120959544227e-07
1.4636612138462136e-13,1.2666699148614611e-05,2.0691861564801037e-15,4.267323191333708e-10,0.006306191233621481,1.3036892768898892e-13,1.2274755044701666e-06,0.008676278805554048,0.9850027587845274,8.765746329449293e-07
1.4128345828012428e-13,1.2375462882314497e-05,1.7611100503384232e-15,4.120261633360101e-10,0.0062821351049352795,1.2588017029198301e-13,1.1561332501979e-06,0.007944956169610641,0.9857585073322795,8.693847467525004e-07
1.9311932424834483e-13,1.3025603039859854e-05,4.209839083734996e-15,5.63288442677742e-10,0.006038089585470569,1.7207816761590253e-13,1.597032663970951e-06,0.008131899239559173,0.9858144934204629,8.945551455924213e-07
7.29171624650581e-14,1.2064941155798547e-05,1.2912027240303725e-15,2.1253107739965524e-10,0.006316894968475342,6.492393828544132e-14,6.756416700213894e-07,0.006449761283942691,0.9872196993144983,9.036375876460125e-07
4.0090072455283444e-14,9.896183058108207e-06,6.839463020604112e-16,1.1671454805763197e-10,0.005061433808289201,3.5655237336704075e-14,3.8479430141336174e-07,0.002894837842471309,0.9920326965887002,7.506663887913959e-07
4.513214267175717e-13,1.2850920681840103e-05,3.2004513638680334e-15,1.3284132524763411e-09,0.006332637734475275,4.059166741035944e-13,2.7433479631811224e-06,0.0072411593926784285,0.986409536946922,1.0703280054831186e-06
2.4191040993134107e-13,1.20934070227734e-05,2.0762792233778338e-15,7.079969242174204e-10,0.006021622646661646,2.1631400909306066e-13,1.7751229039534803e-06,0.0053880651837006415,0.9885754220594418,1.020871812094171e-06
1.1070891613644267e-13,1.0461623614358983e-05,9.482797069309281e-16,3.5728202061733687e-10,0.005096841380609615,1.0916347951180787e-13,9.287303417114772e-07,0.0032211934649784063,0.9916697445232794,8.299196737129406e-07
5.576922661838416e-15,1.077452381887758e-05,1.5875186891314193e-16,1.0090411814860218e-10,0.0033519670874114786,3.0826697918568603e-14,2.1322522129252448e-07,0.000822399028134702,0.9958134612630772,1.1847713956628636e-06
8.912443731572139e-14,1.0725207741701345e-05,1.2315112462324318e-15,3.367595164683807e-10,0.005290164960430986,1.0288550353480044e-13,8.742959188003735e-07,0.00351688741112427,0.9911804974559959,8.503318355899034e-07
7.377754393641696e-14,1.2527473839713918e-05,1.4831621998658262e-15,2.788136452262346e-10,0.005723464693634889,8.517337181985969e-14,8.167252145084621e-07,0.005109849061560455,0.9891524555551667,8.862116096625186e-07
3.6665112649113785e-14,1.4385119016055656e-05,8.673983363124167e-16,1.6872049831007845e-10,0.0064729094573541006,5.15389327919793e-14,5.273963865176343e-07,0.0073557235179401645,0.986155585853014,8.684874796876058e-07
1.3928714397817545e-13,1.0781585182038633e-05,1.830124127548269e-15,4.0631166077555003e-10,0.005130762383062478,1.2413619123581723e-13,1.0969558617045374e-06,0.0034972629541565685,0.9913592366297406,8.59085419741594e-07
6.834134820820461e-14,1.1448197623320784e-05,1.4429477907179984e-15,1.99097566178731e-10,0.005687632655956929,6.082170986584391e-14,6.412344170828567e-07,0.004694199310933989,0.9896052438374158,8.345644246252803e-07
1.3147424043165882e-13,1.0631693043310002e-05,1.5448479734906754e-15,3.836763857492012e-10,0.005236592701486418,1.1722013911964767e-13,1.0195970437300314e-06,0.003614173923513785,0.9911367428347831,8.388662029553924e-07
6.92133903659599e-13,1.2982236849076906e-05,7.218386465627215e-15,2.0264230910409924e-09,0.005897157319037812,6.19116756418694e-13,3.677065314392713e-06,0.007540927376700053,0.9865443332249736,9.207493836887136e-07
6.202610980201016e-14,1.0633905572754445e-05,1.0589877924754405e-15,1.8072238914646086e-10,0.005453849775783351,5.520814039933783e-14,5.603793507602487e-07,0.0038595733114522362,0.990674573636736,8.088102643167675e-07
5.664449025389739e-14,1.3073990777006057e-05,1.3410989540319016e-15,2.607129451978004e-10,0.006276847811756312,7.964134540914338e-14,7.475951809022904e-07,0.0068195628731082935,0.9868888616665458,9.058017810812346e-07
3.8308448351000226e-13,1.2927000402749282e-05,2.6301385804124425e-15,1.1262936296302218e-09,0.006420094300678845,3.441523222599067e-13,2.4208303551460267e-06,0.007864729429052076,0.9856987826869246,1.0446255631437171e-06
4.268750714251294e-13,1.2647806734286048e-05,2.665730355138291e-15,1.2560214568503413e-09,0.006356601302003879,3.838223059444364e-13,2.578528005069778e-06,0.006919018887795728,0.9867080825852123,1.0696334139188438e-06
8.235528611265072e-14,1.0334400169464454e-05,7.497953100466234e-16,2.402007474225186e-10,0.005843280180850344,7.339055203204704e-14,6.665162694992871e-07,0.00419950096617099,0.9899454028278614,8.148683210146966e-07
2.7717837502463034e-13,1.2006451769526899e-05,1.5937907232601492e-15,8.995200887357081e-10,0.0062811192289902885,2.748968177844354e-13,1.8454707288370312e-06,0.005953683372687647,0.9877503259047257,1.0186710242061719e-06
1.440498312656355e-13,1.3331052375070372e-05,2.364028790360169e-15,4.20248357461488e-10,0.006748862828166085,1.283805338309214e-13,1.2881800143411672e-06,0.010951175731972585,0.982284367221031,9.745659178675704e-07
1.693077158733188e-13,1.3154322148550037e-05,2.1439926090241572e-15,6.412238090618972e-10,0.006660213476620266,1.9590141602629843e-13,1.6942758610421732e-06,0.007861501638145734,0.9854623401675991,1.095478034111664e-06
3.4002736834504547e-13,1.1790855332142475e-05,1.5993835295596134e-15,9.974987394492463e-10,0.006147746780984468,3.0487694904726637e-13,1.8119909256072847e-06,0.006508066978517956,0.9873296653982578,9.169978367941922e-07
1.8544064751636447e-13,1.2765882244792564e-05,1.9026919252682192e-15,5.419813608753226e-10,0.006528244775638561,1.6558533537537045e-13,1.4903061554082416e-06,0.007819816152753185,0.9856366429572238,1.0393836501003337e-06
1.8389790528935092e-13,1.2450273722743782e-05,1.9807450789276637e-15,5.376907805460355e-10,0.006400458507559872,1.6427169660461242e-13,1.4836993345002492e-06,0.006521602676247909,0.9870629560094669,1.0482956272345492e-06
1.837642411919606e-13,1.2920359068810272e-05,1.7356575310830904e-15,5.372618504655807e-10,0.006597973628665468,1.6414553910624585e-13,1.4328338733500387e-06,0.009247308510053913,0.9841393620998286,1.0020308984273484e-06
3.7522513961076225e-13,1.2380786421999255e-05,2.732745708872525e-15,1.1021525731042116e-09,0.00618226148558866,3.367797573785305e-13,2.2781844808557753e-06,0.006502788047908064,0.9872992766736352,1.0137190980814257e-06
1.6102398782186374e-13,1.1855347799587904e-05,1.3352143273741026e-15,4.705889560022225e-10,0.006227096245098993,1.4378481029468723e-13,1.235660691026919e-06,0.0061105389315678545,0.9876483544867785,9.188571688319824e-07
7.4914664574365345e-06,3.343699173240845e-61,6.876067677824507e-10,1.0414063007528821e-68,2.455246516677043e-27,2.7203076215320913e-52,0.9999925078459359,7.552699862776162e-83,8.969936837412817e-78,1.055527578347585e-58
5.515241163827878e-13,1.207353338460646e-05,1.874548144342104e-15,1.6335889387062614e-09,0.005435842241308837,4.993394889046592e-13,2.376299115901618e-06,0.005191197529896135,0.9893576398582455,8.689034071357234e-07
1.8596482417587722e-13,1.1678693658979913e-05,1.493129655346758e-15,5.44524761401082e-10,0.00530669533542222,1.66370756041194e-13,1.2824764733367592e-06,0.00460642516551488,0.9900730747524543,8.430315975259479e-07
3.3312661279570367e-13,1.341407798302228e-05,6.214836332842477e-15,9.726718911187536e-10,0.006097027307954054,2.97139451020455e-13,2.452313714499563e-06,0.009268277209573244,0.9846179192567222,9.08860744589967e-07
1.693739434093781e-14,1.2415654943396572e-05,4.0823310675717885e-16,1.4789676659111108e-10,0.0056553228511341406,4.518135726431812e-14,4.003901272137795e-07,0.0024775013595444693,0.9918533727869443,9.868093473777449e-07
3.60976795562604e-14,1.2723130060506817e-05,7.40408590706919e-16,2.2955086025465216e-10,0.006248230323142616,7.012543609284654e-14,6.485301430925562e-07,0.003964373627590525,0.989772909311688,1.1148477172691186e-06
7.806464476829526e-14,1.1949074933845436e-05,1.1350743205479224e-15,5.534322734104782e-10,0.005798203586944683,1.6909704637261e-13,1.2795193170512723e-06,0.004023906048524949,0.9901636441238026,1.0170927961031702e-06
2.7969304255172773e-14,1.0608354493320365e-05,5.005717906259043e-16,1.0555410441798308e-10,0.005032854612977186,3.224450496524781e-14,3.382966089094911e-07,0.0025591893760514672,0.9923962328964843,7.763577701273678e-07
6.985766755943529e-14,9.751585945954112e-06,6.865003822325286e-16,2.0362843562487972e-10,0.005345227191172332,6.221479237734158e-14,5.840883165534351e-07,0.003192594114493749,0.9914510534494375,7.893668727815842e-07
1.5789902706102634e-14,1.019031162173311e-05,4.151953679406888e-16,5.350785721066709e-10,0.0038911445301005178,1.6352988019361894e-13,6.928982905379541e-07,0.001464492422633188,0.9946325750768514,9.042252441171278e-07
3.8705183808273613e-14,1.4553246421220564e-05,9.510838697072148e-16,1.6067790771482267e-10,0.0068263444295322525,4.9081978898058996e-14,5.234286588154884e-07,0.011049334510784764,0.9821083501255549,8.940982813045292e-07
1.7762337756487832e-13,1.1513383311722898e-05,1.0628036348334835e-15,5.200415966227156e-10,0.00564009690512207,1.5891133905968026e-13,1.1661375347477795e-06,0.005214365331055955,0.9891320090373462,8.4868525010045e-07
3.005975497235015e-13,1.311718996125899e-05,3.6129420100492205e-15,8.776181093661495e-10,0.006232725805390074,2.681218821825149e-13,2.1979362559051886e-06,0.00922937314421061,0.9845216582312446,9.268147470815042e-07
3.6218593987170546e-13,1.286152842957858e-05,3.5049207849614827e-15,1.0605868586186988e-09,0.0059293033398021226,3.240277965307708e-13,2.263676388236705e-06,0.007863241295644701,0.9861914225274526,9.065710060445413e-07
4.784488984696786e-13,1.3172950028568186e-05,5.746749625318071e-15,1.3999346124139506e-09,0.0059297874551376235,4.2768793468743485e-13,2.9688192268199295e-06,0.00817930020171438,0.9858738635041149,9.056689312020788e-07
3.0618144357514333e-13,1.15157114661382e-05,1.4668528607027116e-15,8.972236744042627e-10,0.006030451789690583,2.7423066076915417e-13,1.6242187239894057e-06,0.00618186997006021,0.9877736577985627,8.796136906483599e-07
2.2513210751701838e-13,1.1913589362394895e-05,1.3369122486287261e-15,6.595951326653869e-10,0.005629943670373714,2.0155527796277645e-13,1.4258493572455186e-06,0.005628253852838972,0.9887276044484439,8.579296007991831e-07
1.3886115444382093e-13,1.1335531573475968e-05,1.2693333077879974e-15,4.0578760955253975e-10,0.005201333806610655,1.239794395143709e-13,1.056879972547712e-06,0.004032723384191156,0.9907527128308308,8.371607696697786e-07
1.680722431026134e-13,1.1583241285210034e-05,1.1006485050414589e-15,4.91453070350401e-10,0.006358884957848316,1.501750254932366e-13,1.1520271535900674e-06,0.006500229684496313,0.9871272151988523,9.343985918033194e-07
2.23486230633687e-14,1.062984250265763e-05,5.272726197313718e-16,5.458778938928883e-10,0.004332957829878574,1.6680724786599261e-13,8.506847550780555e-07,0.001846506647896369,0.993808143485307,9.109635927630405e-07
5.10534116681067e-14,9.689315139517626e-06,5.981503332019532e-16,1.487388890217831e-10,0.005433720363528481,4.544085837828985e-14,4.6465494909627607e-07,0.0030538769631842104,0.991501472880814,7.756735486571228e-07
1.7284204172414748e-13,1.2456421184423127e-05,1.7354057051473487e-15,5.055470270873272e-10,0.00560718825647792,1.5445140583498827e-13,1.2903143435500774e-06,0.006177395550533816,0.9882008149843725,8.53967211826109e-07
1.0493252099993951e-13,1.0340866418990324e-05,1.3460487038006528e-15,3.05873906811121e-10,0.005011998229883226,9.34459653520292e-14,8.672588381678734e-07,0.003178734565919187,0.991797236701855,8.220710117634403e-07
1.0831744193222626e-13,1.1199659582365326e-05,1.5714864815713021e-15,3.154596989657854e-10,0.00527395190522756,9.637507570238914e-14,9.380052516948545e-07,0.003953316868242168,0.9907597509064321,8.423395982109545e-07
2.848180675256475e-13,1.2400003386578163e-05,4.268709740030523e-15,8.320136742065764e-10,0.005854041534044711,2.541905820770026e-13,1.89770484994036e-06,0.006892731687434935,0.9872380390930195,8.891447073143267e-07
1.66356311377413e-13,1.1866122943764101e-05,2.397112554709779e-15,4.848101845631865e-10,0.005407691443212041,1.481114235102126e-13,1.3187129460519213e-06,0.004846405940507847,0.9897318481947033,8.691005600872321e-07
6.953946786043601e-08,6.724011894494592e-61,4.328242736997394e-10,2.0942160136005774e-68,4.9373780136003e-27,5.470402645743201e-52,0.9999999300277078,1.5188101884067606e-82,1.803809459604295e-77,2.1226131969573004e-58
7.098841397053417e-14,1.2354362184173876e-05,9.867137231501107e-16,2.0707450465431763e-10,0.005741903248041327,6.325904792414268e-14,6.348879207132336e-07,0.006336195201515828,0.9879081003767181,8.11716410050783e-07
1.4140238970883338e-14,9.94031188860426e-06,3.779681920110739e-16,5.710375193209335e-10,0.003697700387764983,1.7453059166308105e-13,6.707607073411442e-07,0.0013295985562250434,0.9949611846746603,9.047375272378837e-07
1.043501779099679e-13,1.2519311183908523e-05,1.2453719545184771e-15,3.946474498837411e-10,0.006415501524505275,1.205691757583493e-13,1.108581964199254e-06,0.00571898844359277,0.9878508085521098,1.0731917704548346e-06
8.103093780806378e-15,9.233127862137114e-06,2.551525107799578e-16,1.7164286308042573e-09,0.0029706910519452473,5.255813675350158e-13,5.523998474802529e-07,0.0009265988106512782,0.9960920207849803,9.021077511135135e-07
3.000583929049793e-13,1.2615297051460646e-05,2.289496403852908e-15,8.803353705022469e-10,0.006380494666194787,2.689857413184728e-13,2.088395597940209e-06,0.006713880570686489,0.986889842651821,1.077537741674884e-06
2.3354244261364526e-13,1.2981248245616481e-05,2.6701973938835133e-15,6.819562575430908e-10,0.006382071608932734,2.0834573372939576e-13,1.8190278251140614e-06,0.009042991222429691,0.9845591811433057,9.550668603583045e-07
1.6627459603251083e-13,1.225194607931448e-05,1.5495488443813679e-15,4.860385572319808e-10,0.006469799215777821,1.4849795268278066e-13,1.3394304080902224e-06,0.006423890801603311,0.9870916850475399,1.0330722366839998e-06
6.601824363617938e-13,1.0767662884375472e-05,1.273450018146161e-15,1.9568161660932756e-09,0.005678173866442924,5.987200879878337e-13,1.8479278721641478e-06,0.0048281107834600165,0.9894802290153851,8.687858789653449e-07
1.451798779679112e-13,1.0887584665111517e-05,1.2556255159083166e-15,4.2417138091253814e-10,0.005422882855312384,1.2959936069866784e-13,1.117072137059817e-06,0.0038754461351248773,0.9906888185949766,8.4733333681184e-07
3.6108533735060127e-13,1.287934031047026e-05,2.2212593830338094e-15,1.0616590605053052e-09,0.00583719431638033,3.243935453530048e-13,2.1289208779779214e-06,0.00745186442710552,0.9866950495921548,8.82340824085614e-07
1.5977989323137638e-13,1.3009401975624863e-05,2.2092112808494005e-15,4.666456948774917e-10,0.006686246677587652,1.425585864697064e-13,1.3743826893095453e-06,0.008872333261327452,0.9844260072338866,1.0285755828786488e-06
2.52167176469362e-13,1.3309738835771125e-05,4.169239709349006e-15,7.364734387984834e-10,0.006401476059149435,2.2498535365597279e-13,2.0094335286292754e-06,0.009701400231879643,0.9838808353988808,9.684007708379707e-07
8.431732515914658e-14,1.4010630897718465e-05,1.8936801029710498e-15,4.812877693162397e-10,0.006636919353837503,1.4702315798899057e-13,1.3139968133880089e-06,0.008954913461382111,0.9843918083629705,1.0337125776538522e-06
2.045952220852118e-13,1.2826895047068542e-05,1.759556665370231e-15,5.993988556236066e-10,0.0058988058596625825,1.8312679589148255e-13,1.45513738261546e-06,0.007594628071609468,0.9864914025493635,8.808871464647537e-07
1.1858346453890084e-13,1.2765430577487572e-05,2.2888907096690873e-15,3.454979112123619e-10,0.006199873563123869,1.0554554852152783e-13,1.0623383163882592e-06,0.0085192234928017,0.9852662072325838,8.675968723412664e-07
4.0254756948659084e-14,9.83223102815105e-06,6.941509343829066e-16,1.5189606026025494e-10,0.004685370156266571,4.64027907584493e-14,4.7050766188659456e-07,0.002246271862593219,0.9930572557908409,7.99299625800359e-07
3.522484029893465e-13,1.2993788234952804e-05,3.5360000042615973e-15,1.0314520404124124e-09,0.0062160560442803305,3.151272862919418e-13,2.4347879603661625e-06,0.00788988937310956,0.9858776218945015,1.0030797904808758e-06
1.195044057380223e-13,1.1486400036088017e-05,1.4319673368417517e-15,3.8595076706905333e-10,0.005826121379335024,1.1791977469885288e-13,1.028429420742714e-06,0.004780953961522322,0.9893795143769649,8.950665311890506e-07
2.935718668033804e-14,1.1609981051566355e-05,6.318791967973123e-16,5.313928210412657e-10,0.005189223604761601,1.623775955756457e-13,9.451184635907739e-07,0.0025479992931889033,0.9922491609450953,1.0605258538006004e-06
1.3470760722470032e-13,1.2072190262238067e-05,1.8876746400167484e-15,3.926804160704922e-10,0.0059120168626640305,1.1996696686117011e-13,1.1308317130241478e-06,0.00625628357496098,0.9878176302084942,8.659389684595697e-07
3.991190896881137e-14,1.3222300864512662e-05,8.542860451052975e-16,2.2754068410353818e-10,0.006145970360008552,6.951040516733768e-14,6.678731916808778e-07,0.0051104723152796995,0.9887287088551707,9.58067833887644e-07
1.2913509180881474e-13,1.146055085464532e-05,1.0626068500321482e-15,4.483838108150271e-10,0.006204150762834069,1.370106146277203e-13,1.057551520588036e-06,0.005863541267783628,0.9879189178529995,8.715653566062114e-07
1.1429853834979524e-13,1.3571534821956645e-05,2.208668196522417e-15,4.3201422826434203e-10,0.006738898927155186,1.3197167398902171e-13,1.2641726115649925e-06,0.00959454113795405,0.9836507094879273,1.0143072672283202e-06
9.245677844478707e-14,1.140013725124182e-05,1.6315662696297567e-15,2.6924533992262025e-10,0.005380097891387355,8.225304523816221e-14,8.316212029630385e-07,0.004288146742411799,0.990318683243841,8.400944841113732e-07
3.235802377572714e-14,1.1690240706536207e-05,7.628421193541033e-16,1.8446444650521733e-10,0.005073645342685183,5.635102711416609e-14,5.309689400322926e-07,0.0029350939497181645,0.991978169457453,8.698559431309247e-07
8.30657096786905e-15,1.0218526253406525e-05,2.5669804859360405e-16,4.1548438483801124e-10,0.0032523366612369356,1.2697633819720694e-13,4.539566532931051e-07,0.0010204926558082606,0.9957155360084966,9.617759316123026e-07
4.8962318118779474e-14,1.196895256425171e-05,1.2524971209951335e-15,1.4258315105553138e-10,0.005871143224206772,4.35553403829967e-14,4.763487183012615e-07,0.005957169794861844,0.988158443125109,7.984118627644824e-07
9.028561338359713e-14,1.065412203765738e-05,1.1784925991717805e-15,4.621831926548634e-10,0.00488759120958966,1.4121291417607757e-13,1.1455087376238606e-06,0.0028298199424433446,0.9922699267626599,8.619921159926655e-07
3.383775558505479e-13,1.1022507926623594e-05,1.800026518245951e-15,9.924790691670528e-10,0.0054473199589196416,3.0331090733358425e-13,1.774641383122775e-06,0.0042827701336334584,0.9902562359448522,8.75820162350613e-07
6.414542426947086e-14,9.894334957323287e-06,7.767369198266825e-16,1.869073763221471e-10,0.0051890312558812175,5.710320703966601e-14,5.635272426705205e-07,0.003062219913856775,0.9917375017648647,7.890161678394469e-07
1.8671637278233798e-13,1.2901010496023449e-05,2.4922121324971624e-15,5.457172868508629e-10,0.006509016377455618,1.6671557685561026e-13,1.5149870315100667e-06,0.008236760738031668,0.9852387891051946,1.0172357173773778e-06
1.9778003577110537e-13,1.2129430659177321e-05,1.8723903108180807e-15,5.774169281908095e-10,0.006097075821726175,1.7642565352124774e-13,1.430137092316642e-06,0.007051513935962036,0.9868369757196526,8.743771149336976e-07
1.203269230119675e-13,1.1311195659188874e-05,9.20442177539815e-16,3.515562487346922e-10,0.0055605273038251,1.0741501786981127e-13,9.050580193312829e-07,0.004703050570356863,0.989723367219033,8.383013216527231e-07
7.579141821670054e-14,1.1596773139245637e-05,1.7022792250222631e-15,2.2074493864399286e-10,0.005580214293125379,6.743367858201037e-14,6.979394450940723e-07,0.004930351421371557,0.9894763068773322,8.324746965669515e-07
1.8185930182823936e-14,1.0335491060191286e-05,4.888815393257734e-16,7.344744065731843e-10,0.0039714750352265,2.2449117902910653e-13,8.324746278905803e-07,0.0015774439948502146,0.9944389985082557,9.137612620082433e-07
8.112838505241255e-14,1.1911919943465414e-05,1.0984554600631814e-15,2.6173709387214353e-10,0.006185290087723079,7.996315546203999e-14,7.564833776989474e-07,0.006049045779130929,0.9877521436461595,8.518217660855336e-07
3.913369247425233e-14,1.2933370143213907e-05,8.426784383100608e-16,1.8003711610158075e-10,0.006021817605730806,5.499719642585415e-14,5.478376338578069e-07,0.004908966412906829,0.9890547957297289,9.388637242733671e-07
1.1279196434374847e-14,1.0005386877570786e-05,3.339553220034895e-16,1.0025717673631978e-09,0.0034547912832868723,3.0657484324990393e-13,6.678773740777626e-07,0.0011937158063271731,0.9953398855019645,9.331412797948481e-07
6.689965522490646e-14,1.0551902541635903e-05,9.563833298345916e-16,1.9488732689616813e-10,0.005185901758393863,5.953611514146268e-14,6.191462046416001e-07,0.003316862379627353,0.9914852709262476,7.936919700845222e-07
6.609429817664976e-14,1.251419565970037e-05,1.3049690955646792e-15,2.1311938418601176e-10,0.0062226970522614704,6.51050558497499e-14,6.707656460431412e-07,0.006479680960253866,0.9872835772169622,8.595959647928929e-07
1.0271943082634315e-14,9.796187276750208e-06,2.8970020757435592e-16,2.010541907648985e-10,0.003514586645218336,6.142688002639056e-14,3.842446078149415e-07,0.0011096777208815054,0.9953646379627157,9.170381738607658e-07
1.5721827475742064e-14,1.1350846662024474e-05,3.4852353333480416e-16,2.2120299241304172e-10,0.004554952196387564,6.75829463814817e-14,4.742148427099761e-07,0.0017769682396296866,0.9936552651538402,9.891273513143208e-07
8.549061055644854e-15,1.0133850594911593e-05,2.1545002197463986e-16,6.050809518760085e-11,0.004227567535103524,1.848389027872042e-14,1.7652053517837545e-07,0.0012102057424117016,0.9945510690642281,8.472265913049925e-07
1.1681360568019791e-13,1.2644629994133754e-05,2.280541843834394e-15,4.852902379189037e-10,0.005591037349212615,1.4825013487579066e-13,1.3168527274813807e-06,0.005526125567201792,0.9888679851102924,8.900050140844592e-07
1.0803778988264229e-13,1.0492554160148075e-05,1.3589219342563213e-15,3.14873354501632e-10,0.0049257989360331576,9.619408118028478e-14,9.174374362348495e-07,0.0031003860987181436,0.9919615804979064,8.241606669801603e-07
7.890798012119384e-14,1.0211818912748332e-05,1.0640235124904045e-15,2.300153659660835e-10,0.005114528220346785,7.027213863398492e-14,6.921836667025058e-07,0.003068650490166792,0.9918050916955424,8.253611990099765e-07
1.812734950620759e-13,1.3124878338116906e-05,2.994997046602958e-15,1.756403907024616e-09,0.006155724837269928,5.366918894021578e-13,2.9187065124123996e-06,0.006632633710822231,0.98719456041993,1.0356900023118784e-06
2.0367842757496594e-14,1.0367104147270329e-05,3.845555052274203e-16,7.685394608449764e-11,0.005930866281903485,2.347794581599851e-14,2.4899956172229185e-07,0.0027814743765341415,0.9912762831777707,7.599831844607268e-07
3.4343906323482544e-13,1.2894189913037122e-05,4.098585428638078e-15,1.005264302136091e-09,0.00616761078576752,3.071247286056404e-13,2.2412351981610737e-06,0.008236367325928485,0.9855799384904204,9.469668534211351e-07
1.0321523573403133e-13,1.104984047981851e-05,1.1238414111188681e-15,6.576459575138554e-10,0.005215160150342609,2.0096347270364814e-13,1.3401008066324217e-06,0.003400392764914851,0.9913711897977681,8.666877367159536e-07
1.0321523573403133e-13,1.104984047981851e-05,1.1238414111188681e-15,6.576459575138554e-10,0.005215160150342609,2.0096347270364814e-13,1.3401008066324217e-06,0.003400392764914851,0.9913711897977681,8.666877367159536e-07
3.8505246449951874e-14,1.248350321831058e-05,9.636457373383442e-16,1.1213096462145387e-10,0.006385739909282164,3.425261736085529e-14,3.8518878811029753e-07,0.00800679321854703,0.9855938241978819,7.738700777911442e-07
7.847578374358848e-15,1.03165286982706e-05,2.368380970759461e-16,1.784457048359921e-10,0.0033038725099653007,5.451971684522956e-14,3.2475346913775316e-07,0.0009828720278636201,0.9957016477418995,9.662595959261279e-07
7.51956061192591e-14,1.229442389282217e-05,1.829906881388087e-15,2.424416317598054e-10,0.006038873219237051,7.406020853514188e-14,7.433044923784065e-07,0.006277414953238297,0.987669817325416,8.565311308073717e-07
1.4521821270244888e-13,1.1227636957388729e-05,1.726816549442634e-15,4.2403548638293195e-10,0.005178152100050527,1.2954936685168782e-13,1.1016523736359982e-06,0.003974130153191675,0.9908345378707699,8.501623447766533e-07
6.771054578033317e-14,1.0982701598424295e-05,7.824042106711785e-16,1.97503193620505e-10,0.005223568419256122,6.033769613277903e-14,5.916865949322728e-07,0.0038252891455564644,0.9909387842845895,7.835647723871122e-07
2.584935075920574e-13,1.199433093668042e-05,1.6416822811461266e-15,7.575629255138558e-10,0.005411659807904194,2.314802200596653e-13,1.652555730429589e-06,0.004951835212428002,0.9896219902511157,8.670838303357709e-07
2.1031559846392787e-14,1.1750474638209535e-05,4.885429860632891e-16,5.13906035708193e-10,0.004640915837621269,1.5703791225466086e-13,7.873537961686587e-07,0.002134650826961143,0.9932109082729873,9.86719911420535e-07
4.1801252606610905e-14,1.1601387607822613e-05,8.309823937973041e-16,1.0217480401602314e-09,0.0047521554000836365,3.1228722900681895e-13,1.297837623852366e-06,0.0027518108789546954,0.9924822420606123,8.914130146466969e-07
2.5153117994876587e-14,1.0356282207267134e-05,5.15676760326972e-16,1.5982636834491793e-10,0.004538716928963781,4.88266113752794e-14,4.5242343732588613e-07,0.0019569566980032387,0.9934926632804763,8.542270114554847e-07
1.0022933821353917e-13,1.2623125369076424e-05,1.3620826643131798e-15,2.922614509612189e-10,0.006061455745408222,8.928519318029938e-14,8.663090469762272e-07,0.008276638806101397,0.9856475716057345,8.441158876025833e-07
9.843793262292126e-14,1.2930070027228304e-05,1.92442414621945e-15,2.8681843620325017e-10,0.006313444476418455,8.76174554616976e-14,9.155188164063412e-07,0.008523640806127324,0.9851482098106172,8.590309869325785e-07
1.4652260873653855e-13,1.1075385481680555e-05,1.7465795951737771e-15,5.53351210537603e-10,0.005052418403812087,1.6906944240814075e-13,1.3849066605384649e-06,0.003344948402647774,0.9915892985611864,8.737865429000362e-07
2.666672081168132e-13,1.2878879641477433e-05,2.8290112994733126e-15,7.796002848652461e-10,0.006060715080247631,2.3817567644428545e-13,1.9606759874216957e-06,0.007418206634021512,0.9865052712716478,9.666783462389637e-07
1.0273675780281004e-05,9.752477302653413e-62,3.17860341547634e-10,3.037441702953457e-69,7.161151373286832e-28,7.934247957334378e-53,0.9999897260063593,2.2028756227518607e-83,2.616237313248341e-78,3.078628852900719e-59
6.00759367559911e-14,1.1000736413647903e-05,9.601968665397092e-16,4.2538922774241343e-10,0.005017700557790616,1.2996596482816e-13,1.0389936895222216e-06,0.0028101915345385316,0.9921591533127594,9.144392279657363e-07
6.037986342717016e-14,1.1714304750710483e-05,9.117304184916737e-16,2.7791172459948065e-10,0.0056305763615611005,8.489944422237443e-14,8.088970990097112e-07,0.0036822653819794673,0.9906736953710389,9.394055128740465e-07
7.134847485847597e-14,9.729385472391185e-06,8.229279233334034e-16,2.0784372077469955e-10,0.004889041871235179,6.349846231357627e-14,6.327339101308188e-07,0.002670812449262003,0.9924289927337245,7.906184162736299e-07
4.49003802408353e-13,1.235211819806983e-05,2.4409723012469034e-15,1.3220204832755527e-09,0.00617876422464742,4.0401450063693845e-13,2.5937915698758705e-06,0.005968259130706136,0.9878369678448561,1.061567146408645e-06
3.2708290301075054e-13,1.1020965534493955e-05,1.7873780734439673e-15,9.578650725482195e-10,0.005165194360467639,2.92727783023768e-13,1.931554608022393e-06,0.003687659021251648,0.9911333323372471,8.608024046438769e-07
5.6682523525627006e-14,1.0308215559184253e-05,7.834881778853122e-16,1.6518963942146556e-10,0.005450181074666423,5.046607201457309e-14,5.11937704678917e-07,0.0035154771709704604,0.9910227305086913,7.909271103023291e-07
6.043890791145208e-14,1.0623070726828228e-05,8.62321126045091e-16,1.7607860749115276e-10,0.005519851247550152,5.379120461792774e-14,5.59090176859986e-07,0.003721630824109744,0.9907465453473107,7.902439321896126e-07
