i = 0,i = 1,i = 2,i = 3,i = 4,i = 5,i = 6,i = 7,i = 8,i = 9
1.6987887770677308e-08,0.009285959179203737,1.6509554463192354e-06,8.040415826038542e-21,0.9907121456758244,3.701271532947502e-36,2.2720163763654725e-07,1.4469516999187655e-21,5.110165210991124e-72,5.8296849559788055e-33
1.9060837617029593e-08,0.01014916314600425,1.2977822266368227e-06,8.697829757591589e-21,0.9898492790120426,4.003901085462769e-36,2.409988888746339e-07,1.5652597844674577e-21,5.527991084428135e-72,6.306341406019882e-33
2.2014227650271082e-08,0.009586128749310556,1.3535937109127183e-06,1.0102476210491653e-20,0.990412216504644,4.650506689402031e-36,2.7913810693694984e-07,1.8180396925256613e-21,6.42072792717768e-72,7.324777078242628e-33
1.9695655061323484e-08,0.013097879802576075,1.2123625121818893e-06,9.09555084654656e-21,0.9869006223915838,4.186985366783053e-36,2.657476728200738e-07,1.6368335962579765e-21,5.780766628387528e-72,6.594708166196238e-33
2.80806983953744e-08,0.012586718239355005,4.656686719983948e-06,1.604305503367009e-20,0.9874082069987397,7.385153232802395e-36,3.8999448685599983e-07,2.887105128397387e-21,1.019632112698626e-71,1.1631980068368848e-32
0.05793585272032473,2.3382384826101906e-82,2.303200404048227e-61,3.9395025224716114e-15,1.6649829158363387e-33,4.4039350542324e-62,0.9420641472796714,1.3241261506375198e-71,2.5402313684698094e-66,3.507671265431807e-72
4.267244321383033e-08,0.012393170357442406,3.904428920901662e-06,2.726355810785214e-20,0.9876023243223017,1.2550324979666344e-35,5.582188917793106e-07,4.906344725646136e-21,1.7327622014981065e-71,1.9767379959919208e-32
2.0426072816077066e-08,0.02097932583195096,1.1827336034313513e-06,1.170099794903319e-20,0.9790191767317634,5.386359553726242e-36,2.9427660925250936e-07,2.105709360488688e-21,7.436684112560065e-72,8.483781581094815e-33
2.477705041604198e-08,0.011966079734547675,3.893819890589616e-06,1.3566596440095335e-20,0.9880296361801176,6.245156757906223e-36,3.6548839380548325e-07,2.441442111628978e-21,8.622383555854387e-72,9.836429474360228e-33
2.8922895130694917e-08,0.021708314589842105,1.5838740105485412e-06,1.6498512025202175e-20,0.9782896589320622,7.594815271264706e-36,4.1368118994196994e-07,2.9690690805854304e-21,1.0485791284870723e-71,1.1962208105026899e-32
1.1752441780794112e-08,0.02079472710578318,8.804077748112385e-07,5.284710091077697e-21,0.9792042228224517,2.432728284582305e-36,1.5791154866587882e-07,9.510354199854258e-22,3.3587493749118946e-72,3.831666862690223e-33
1.8232680179758572e-08,0.023279888612257254,1.668457285556767e-06,8.954517264357233e-21,0.976718180409691,4.122062905303273e-36,2.442880858280712e-07,1.6114532194969481e-21,5.691131350048011e-72,6.492452091864836e-33
1.566877711513738e-08,0.015020552066723826,1.3747578310454568e-06,7.364366002640256e-21,0.9849778411134325,3.390063251774003e-36,2.1639323557965117e-07,1.3252899014086213e-21,4.680495105010354e-72,5.33951658578944e-33
2.40464667468877e-08,0.010935840473431737,2.1113607305690595e-06,1.215380510722581e-20,0.989061701012887,5.594801787074712e-36,3.2310648413278665e-07,2.187196449775069e-21,7.724470144975362e-72,8.812088364621858e-33
1.7614463313369497e-08,0.00882096231755855,2.297932616223314e-06,8.998027581420731e-21,0.991176467376719,4.142092160278668e-36,2.5475864285748166e-07,1.6192833298459923e-21,5.71878476619601e-72,6.523999154913339e-33
1.3109465671449252e-08,0.015288090570719944,1.1031698930562288e-06,5.8348131254446936e-21,0.9847106176972187,2.6859590573290217e-36,1.754527026499545e-07,1.0500318577868461e-21,3.7083727607465884e-72,4.230517801653032e-33
1.6835601795360332e-08,0.04911389366025174,2.0412206060193048e-06,1.049813320493934e-20,0.950883835308049,4.832640799768853e-36,2.1297549156802654e-07,1.889242050489006e-21,6.67219161641157e-72,7.611647272370347e-33
1.3242204797514395e-08,0.011738782338831542,1.0545814895717848e-06,5.9324633810696e-21,0.9882599732097058,2.7309107255268913e-36,1.7662776821603122e-07,1.067604978843786e-21,3.7704353381489644e-72,4.301318892982471e-33
1.6419143627840563e-08,0.015628280886181654,1.9753973289574977e-06,7.68304867665928e-21,0.9843695063924751,3.536763515368959e-36,2.209048706068825e-07,1.3826399752677558e-21,4.883037009000085e-72,5.570576726096571e-33
1.2914666207161379e-08,0.007772870683059665,1.3064902934560209e-06,5.780149373675642e-21,0.9922256381080634,2.6607955083640378e-36,1.7180391732175156e-07,1.0401945789958253e-21,3.673630675125128e-72,4.1908839727014485e-33
1.1370076675287738e-08,0.01568865099740703,1.002775844326814e-06,5.032785186942268e-21,0.9843101822197827,2.3167588513971862e-36,1.5263688924255732e-07,9.056990627384356e-22,3.198636030693396e-72,3.649009293804892e-33
6.88393577379687e-09,0.01139130210419446,5.564135310960039e-07,2.9578798414056583e-21,0.9886080407563181,1.3616107280059292e-36,9.384202042094867e-08,5.322994922090607e-22,1.8799095692466424e-72,2.144603957395768e-33
3.0182429528733655e-08,0.00961399449492864,2.8832632251233664e-06,1.6197500735784985e-20,0.9903826954552997,7.456249737323596e-36,3.966041171296426e-07,2.9148991465231835e-21,1.029448060563926e-71,1.174396056456872e-32
1.620342293083537e-08,0.013987484774471084,8.620779733775464e-07,7.264140508941578e-21,0.9860114183238045,3.343926115532666e-36,2.1862032807938073e-07,1.30725334096729e-21,4.616795809658337e-72,5.266848323905968e-33
1.97305510392316e-08,0.013722866345734192,8.9139413145574e-07,9.553473377847114e-21,0.9862759369316172,4.397782379658359e-36,2.855979659593728e-07,1.7192412481696496e-21,6.071803790127026e-72,6.926723843453461e-33
2.4762785803454554e-08,0.01074602079651327,1.9953483762837903e-06,1.2824334499777491e-20,0.9892516215381013,5.903468827811443e-36,3.3755422321457025e-07,2.3078647918102818e-21,8.150631684141418e-72,9.298254155964498e-33
2.0749142347990855e-08,0.01338259558266031,9.667502973027273e-07,1.0731215157313247e-20,0.9866161050671284,4.939936195131125e-36,3.1185077160762583e-07,1.9311874342121126e-21,6.820329139367953e-72,7.780642804479043e-33
1.5681530692836396e-08,0.011360785669968588,1.4181092102848184e-06,7.212412469351566e-21,0.9886375637067875,3.320113974548352e-36,2.1683250282453976e-07,1.2979443730709195e-21,4.583919547170146e-72,5.2293430290822316e-33
2.4344544543334023e-08,0.009549852253032355,2.883911031022579e-06,1.1875431308951349e-20,0.9904469252351351,5.4666570462933356e-36,3.142562569080591e-07,2.1371003547280766e-21,7.547546946965356e-72,8.610254086625479e-33
6.849275706628693e-08,0.013378809597510465,4.583305474097581e-06,6.004743834097812e-20,0.9866157581041131,2.7641838355897956e-35,7.805001453175659e-07,1.0806125581955132e-20,3.816373899530201e-71,4.3537256800678456e-32
2.18671571456901e-08,0.01549284592647985,1.0678713659829233e-06,1.2020750517287558e-20,0.9845057626690803,5.5335523252123224e-36,3.0166591673788665e-07,2.163251972269978e-21,7.639905998190956e-72,8.715617445587008e-33
6.8104295135492e-08,0.014009788629530636,6.6228803100441165e-06,6.474530142603885e-20,0.9859826628649052,2.98044214655901e-35,8.57520958916778e-07,1.1651552154669389e-20,4.114951209372293e-71,4.694343170797753e-32
2.9232673681708497e-08,0.03194705485101957,2.9770052663417455e-06,2.4172373943163462e-20,0.9680495869868861,1.1127349818322477e-35,3.5192415431361524e-07,4.350055809709989e-21,1.5362989563437271e-71,1.7526123997752133e-32
2.231293939552988e-08,0.012532428478239105,2.3497426546715155e-06,1.105476858454573e-20,0.9874649016742431,5.0888786268692685e-36,2.977919237780522e-07,1.9894140471139545e-21,7.025966695632992e-72,8.015234470040876e-33
4.6466114200007445e-08,0.011536957120793431,7.467987669651703e-06,3.306788471616811e-20,0.9884548914890194,1.522225010814576e-35,6.369364031647363e-07,5.9508902479872535e-21,2.1016618814158123e-71,2.3975793632448085e-32
3.536009232460686e-08,0.010609303474903277,9.440311869972754e-06,2.3772611430990425e-20,0.9893806886065033,1.0943325826291066e-35,5.322466313101994e-07,4.278114633353321e-21,1.510891660669914e-71,1.7236277146923988e-32
2.707381846528766e-08,0.00946100615742684,1.7279310192395525e-06,1.3619633413375852e-20,0.9905368858042553,6.269571437591455e-36,3.5303348037537446e-07,2.450986632196857e-21,8.656091714160087e-72,9.874883797313591e-33
1.8348875290073422e-08,0.01878900617986651,1.044053813825292e-06,8.776259311555966e-21,0.9812096730644891,4.0400048255358974e-36,2.5835295513182724e-07,1.5793739524249315e-21,5.577837758703729e-72,6.363206574782919e-33
1.9064064325777866e-08,0.008664284924833177,1.9453306859732367e-06,9.699053158087257e-21,0.9913334864418846,4.464797607799767e-36,2.6423853199064797e-07,1.7454397579024482e-21,6.164328449397874e-72,7.032276128347928e-33
9.401294923000548e-09,0.006417140693889418,7.264504461403312e-07,4.106660156599695e-21,0.9935819945239506,1.89043261507841e-36,1.2893041892507148e-07,7.390337784245943e-22,2.6100281747239457e-72,2.9775244745791513e-33
5.527987300113685e-08,0.011872269928146596,3.354408741983851e-06,3.5891527162250027e-20,0.9881236418671904,1.6522066863460454e-35,6.785160478970502e-07,6.459032395069268e-21,2.281121245705763e-71,2.6023069039435824e-32
6.096785885486355e-08,0.01181576422160518,4.278284123457125e-06,4.010445086649629e-20,0.9881791820744246,1.8461416125299114e-35,7.144519879711867e-07,7.2171893382101e-21,2.5488777461837792e-71,2.9077639641859606e-32
4.2817000492962606e-08,0.011713291987074327,2.020530728300894e-06,2.6975210786031265e-20,0.988284036209694,1.2417589093977728e-35,6.084555029436409e-07,4.8544537974265515e-21,1.714436004696331e-71,1.9558314402575124e-32
1.6914539694080828e-08,0.012208332791634803,1.1638576967377465e-06,8.263320100083979e-21,0.9877902522557493,3.8038818043034936e-36,2.3418037931026583e-07,1.4870655108742789e-21,5.251834211578115e-72,5.9913011870302366e-33
1.9757244658015836e-08,0.02240778753262205,2.7767212071607008e-06,9.84715191831846e-21,0.977589145966804,4.5329724062677123e-36,2.7002212209482465e-07,1.7720915827298624e-21,6.258454070902813e-72,7.13965479361677e-33
2.4622143166590145e-08,0.019926317551297913,7.019042023145025e-06,1.6216091933817825e-20,0.9800663095399159,7.464807885238391e-36,3.2924461980332533e-07,2.9182448147788723e-21,1.0306296423353632e-71,1.1757440069032475e-32
4.665707310975392e-08,0.013115051129571991,2.417978534829718e-05,4.32264339995255e-20,0.9868600442894515,1.9898569145363696e-35,6.781385551355243e-07,7.779020856626106e-21,2.747298459190923e-71,3.1341226429786537e-32
8.759747779997315e-09,0.010394629962450611,1.332296063253025e-06,4.0115700480569535e-21,0.989603904946627,1.8466594683763718e-36,1.2403511139525656e-07,7.219213811126174e-22,2.5495927245114523e-72,2.908579612649091e-33
3.2796075804391666e-08,0.010717635692962578,1.6535491354534821e-06,1.7646111345897086e-20,0.9892802207454252,8.123093505530182e-36,4.572164007783224e-07,3.1755908346086454e-21,1.1215159295414237e-71,1.2794272342263766e-32
4.3434686145340415e-08,0.01809856085826101,3.252061727668898e-06,2.808330171135506e-20,0.9818975805358714,1.2927680311312174e-35,5.631094537625885e-07,5.053865633998278e-21,1.7848618129638694e-71,2.036173319241556e-32
7.786430840386539e-09,0.017402631055311573,6.303337026215814e-07,3.4531246100046205e-21,0.9825966265215849,1.5895884094530344e-36,1.0430297011002648e-07,6.214236461050963e-22,2.194667242722619e-72,2.5036800338198995e-33
2.8886884413209097e-08,0.06962224757946445,3.6458466059454847e-06,4.3525735983047115e-20,0.9303737529128635,2.003634778776129e-35,3.247741816880718e-07,7.832883168281729e-21,2.7663208848338497e-71,3.1558234577308424e-32
1.9228478485415006e-08,0.020120802826349645,1.724890572520128e-06,1.1832673422480392e-20,0.9798771974393076,5.4469741624438635e-36,2.5561529173815356e-07,2.1294056525178287e-21,7.520371748549297e-72,8.579252575159453e-33
9.726360634062189e-09,0.008134766803533552,9.655393652967649e-07,4.300060773971572e-21,0.9918641221259936,1.9794613692178186e-36,1.358047467436084e-07,7.738381168788122e-22,2.732945836433241e-72,3.117749147110196e-33
1.7748869616194966e-08,0.008781783134418412,3.342632522131379e-06,8.9331969756065e-21,0.99121460061428,4.1122484694050196e-36,2.558699096210364e-07,1.6076164259571307e-21,5.677581036744513e-72,6.476993871953609e-33
1.725772664345054e-08,0.009057217518840787,3.836076302370054e-06,8.950037218625471e-21,0.9909386699481337,4.1200005962959486e-36,2.591989964600351e-07,1.6106469934480502e-21,5.688284020515517e-72,6.489203853607373e-33
2.5810360050686233e-08,0.010400596430832632,2.21652489872585e-06,1.2602988637928641e-20,0.989596831677659,5.80157594875101e-36,3.295562496354172e-07,2.268031433664655e-21,8.009953152132259e-72,9.137767853110911e-33
1.0987592084411758e-08,0.009073965311860487,6.851745957880801e-07,4.92231691714783e-21,0.9909251842756982,2.2659066219247972e-36,1.5425025349275463e-07,8.858192135501929e-22,3.1284268359239975e-72,3.5689145278591226e-33
1.0272123664266281e-08,0.014361159886132726,9.741962456581028e-07,4.499489128172075e-21,0.9856377159208185,2.071264891463062e-36,1.3972467951754218e-07,8.097272056389398e-22,2.8596944852281327e-72,3.262344216068234e-33
4.6349211127395474e-08,0.01276869107945929,4.675540713585631e-06,3.0847553746626663e-20,0.9872259906247843,1.420015769531733e-35,5.96405831719961e-07,5.5513199000537586e-21,1.9605465635052013e-71,2.2365947743097475e-32
3.396732023513174e-08,0.014500448092926383,2.874103483399422e-06,1.9066158307308493e-20,0.9854961958288385,8.77678847768607e-36,4.4800743134031883e-07,3.431142215470475e-21,1.211768408333506e-71,1.3823874118586674e-32
2.4029143337024582e-08,0.019932758358432456,4.160247932274933e-06,1.3402968789438032e-20,0.9800627136509196,6.169833496361026e-36,3.4371357243761823e-07,2.4119957118266233e-21,8.518388399784299e-72,9.717791627675251e-33
1.2575882396264453e-08,0.06504900659305712,1.4893440474504795e-06,8.240986233166662e-21,0.934949333215613,3.793600775775968e-36,1.5827140002535937e-07,1.4830463105609824e-21,5.237639696572421e-72,5.975108060747719e-33
2.2790353036812112e-08,0.018160645319023516,1.1897031146520562e-06,1.1903195649673604e-20,0.9818378045758284,5.479437899223369e-36,3.37611680473948e-07,2.1420968205936324e-21,7.565192847685816e-72,8.630384559460978e-33
1.634589413728576e-08,0.013454677558615189,1.0243953951564165e-06,7.732219484172923e-21,0.9865440643799585,3.5593984779730974e-36,2.1732013708934613e-07,1.3914887444883095e-21,4.914287998672717e-72,5.606227906994236e-33
7.3152283809023705e-09,0.007784362620149916,6.033529068627752e-07,3.3622036189366475e-21,0.9922149268252988,1.547734445659046e-36,9.98864161147533e-08,6.050615220293673e-22,2.1368815148131074e-72,2.4377579794918316e-33
2.9365821008120252e-08,0.01959004575236762,1.663574499068047e-06,1.4695306954648057e-20,0.9804078698364915,6.764739843919949e-36,3.9147082073070224e-07,2.6445646393506595e-21,9.339746598995488e-72,1.0654798424855227e-32
1.3061023713120247e-08,0.011665887245172363,1.0169398658751183e-06,5.724359793297652e-21,0.9883329090460824,2.635113704793206e-36,1.7370785553876977e-07,1.0301546970247232e-21,3.6381730606283446e-72,4.150433867221061e-33
2.644254038018438e-08,0.017404886570502168,1.3967560702076067e-06,1.3501268078015763e-20,0.9825933159232652,6.215083930387639e-36,3.743076220672568e-07,2.4296856305083604e-21,8.580863468605015e-72,9.7890632898995e-33
6.816915057208294e-08,0.01234813915634855,4.3810301217990455e-06,4.804710271735179e-20,0.9876466542712472,2.211768364826477e-35,7.573731319572186e-07,8.646547454905713e-21,3.0536807829676464e-71,3.4836441065621326e-32
1.2998386310071861e-08,0.01301888379863539,7.078052112121685e-07,5.870645040097677e-21,0.9869802119848214,2.7024536813755252e-36,1.834129456893086e-07,1.0564801618605012e-21,3.7311460842437964e-72,4.256497646904172e-33
1.2110961418243966e-08,0.00979648432571944,6.442978326329583e-07,5.8465847639889414e-21,0.9902026849038612,2.6913779335589684e-36,1.743616252958588e-07,1.052150279011221e-21,3.7158543390491894e-72,4.239052798600653e-33
3.789446503807694e-08,0.0116036864228106,6.121178651941577e-06,2.4984390158174067e-20,0.9883896268804069,1.1501147975957738e-35,5.276236655736954e-07,4.49618609893687e-21,1.5879074461309955e-71,1.811487450598721e-32
4.313122875188761e-08,0.012838834946024428,8.832545056795852e-06,2.9620719242771654e-20,0.9871517020523823,1.363540486970166e-35,5.873253077331163e-07,5.330538999818706e-21,1.8825738933949404e-71,2.147643422807136e-32
1.3627075991384654e-08,0.011878042336533333,4.441663527864076e-06,7.2490237820489e-21,0.9881172824083254,3.3369673878455555e-36,2.199645374680078e-07,1.3045329399465852e-21,4.607188233498932e-72,5.2558879850739786e-33
3.1926116182470446e-08,0.013197486222155228,2.683956507927723e-05,2.2703869881749594e-20,0.9867751264951623,1.0451348453697976e-35,5.157914869985321e-07,4.085784108759725e-21,1.4429667426615904e-71,1.646138855467744e-32
1.6252295731815185e-08,0.007881075682818846,2.009992751760705e-06,7.712772586547356e-21,0.9921166753106849,3.5504464213689e-36,2.2276144881786865e-07,1.3879890840592092e-21,4.901928330429421e-72,5.592127976944253e-33
2.5288368444852912e-08,0.011063352636585828,3.1617226564551677e-06,1.371491758652877e-20,0.9889331200011875,6.313433921842417e-36,3.403512017364123e-07,2.468133954565569e-21,8.716650508372195e-72,9.943969370283172e-33
3.0866698909862566e-08,0.011760309021463845,4.203709175754993e-05,2.4521551861117364e-20,0.9881970368420852,1.1288088109302249e-35,5.861779945864977e-07,4.4128938212703025e-21,1.5584913087644332e-71,1.777929472257823e-32
2.2234338565850938e-08,0.0105594656944549,3.868812251341216e-06,1.1747095863919691e-20,0.9894363353107992,5.4075799637393106e-36,3.0794815588095093e-07,2.1140051334596946e-21,7.465982098413428e-72,8.517204771993314e-33
2.4677888890814702e-08,0.011837027372527125,2.3124955360286164e-06,1.276641919440365e-20,0.9881602988354309,5.876808481662324e-36,3.366186171187338e-07,2.297442364588313e-21,8.113823043599526e-72,9.256262797729038e-33
1.978344793577997e-08,0.009369179408435435,4.012256931386311e-06,1.0824708050333136e-20,0.9906264999222801,4.982974096360483e-36,2.886289051900954e-07,1.948012399305977e-21,6.879749471991103e-72,7.848429618578004e-33
4.159112332711276e-08,0.01302268271385614,2.7616494180906756e-06,2.715257816375337e-20,0.9869739169715838,1.2499237213006206e-35,5.970740186390099e-07,4.8863727970383805e-21,1.725708762549628e-71,1.9686914211302272e-32
2.0941307212355363e-08,0.010949998090015024,5.9990785313681815e-06,1.1610412561115721e-20,0.9890436596927592,5.344660085616973e-36,3.221973870852429e-07,2.089407633979483e-21,7.379111689312551e-72,8.418102865079258e-33
0.07750894151539146,1.6929018691633352e-82,1.6675340424294154e-61,4.963642889805655e-15,1.2054598841423048e-33,3.188481389058921e-62,0.9224910584846037,9.586770776777137e-72,3.235467637533306e-66,2.539579810110405e-72
5.44682806519355e-08,0.01613456671559005,3.3457185851073813e-06,4.7942139370475e-20,0.9838612409694226,2.2069365632292875e-35,7.921281216877294e-07,8.627658315126347e-21,3.0470097499973347e-71,3.4760337810751553e-32
2.9881500398220756e-08,0.016197224335355562,1.5202625559760268e-06,1.6956217628826585e-20,0.9838008009834867,7.805512431678421e-36,4.2453710147218236e-07,3.051437696806867e-21,1.0776690585183167e-71,1.2294066509739274e-32
3.8233611136354836e-08,0.010278815685888336,3.1096545639634658e-06,2.071485486424349e-20,0.9897175579555545,9.535738482783608e-36,4.78470382028575e-07,3.72784133366641e-21,1.3165529365262394e-71,1.5019257755715773e-32
1.0135941404634913e-08,0.016220746481196244,1.2818778145154714e-06,5.335528710489923e-21,0.9837778242944003,2.4561217898755823e-36,1.37210647463213e-07,9.601807290906487e-22,3.391047647505163e-72,3.8685127856823214e-33
1.2825176143098212e-08,0.014758460074181273,1.2148752335986215e-06,6.5046818849738016e-21,0.9852401386659156,2.9943219835909392e-36,1.7355949340546105e-07,1.1705813112313726e-21,4.134114423879365e-72,4.716204597719879e-33
2.7897942072159303e-08,0.01747387155006273,4.044432036374234e-06,1.7014668933335016e-20,0.9825216755965925,7.832419507849728e-36,3.8052336625840953e-07,3.0619565791043012e-21,1.0813839873841434e-71,1.23364464799114e-32
9.562846397667481e-09,0.016897934251661518,7.308420311657668e-07,4.299333208299675e-21,0.9831011970536563,1.9791264461444548e-36,1.2828980462040232e-07,7.737071841693279e-22,2.7324834244695065e-72,3.117221626774328e-33
1.4488545389112133e-08,0.015070651045226492,3.3290312012144486e-06,7.428950732378698e-21,0.9849257834914571,3.419793762138892e-36,2.2194356986923404e-07,1.3369125592247236e-21,4.721542571649659e-72,5.386343603873613e-33
3.129848709533797e-08,0.04477372457449266,3.950977370631268e-06,3.160197187203836e-20,0.9552219156429151,1.4547441516520218e-35,3.7750673442062625e-07,5.687084842174511e-21,2.008494348088241e-71,2.29129368655921e-32
5.8894171592577455e-09,0.006112444816849422,5.96942022755138e-07,2.6126275869182353e-21,0.9938868738015061,1.2026796017655047e-36,7.8550204521782e-08,4.701679622101111e-22,1.6604811093166327e-72,1.8942796060389417e-33
2.311674897460259e-08,0.013579860262727941,3.7031528031509086e-06,1.4719210927955577e-20,0.9864160309133154,6.775743658632655e-36,3.8255440444212905e-07,2.6488664011269596e-21,9.354939029659519e-72,1.0672129974977396e-32
3.2621354049833594e-08,0.009931172833702623,6.2832594272414365e-06,1.842505857473763e-20,0.9900620793642415,8.481668896844289e-36,4.319212744800441e-07,3.3157700317824904e-21,1.1710226861762625e-71,1.3359046243805487e-32
4.0353964866022745e-08,0.011592696597584065,1.9992337492316633e-06,2.4701182893542772e-20,0.9884047222719824,1.1370778218478084e-35,5.415427195913478e-07,4.445220169924642e-21,1.569907929118869e-71,1.7909535717106593e-32
5.175032460296692e-08,0.011514933421857592,3.4341290034503095e-06,3.1995218362948076e-20,0.9884809660395303,1.472846598289457e-35,6.146592839556302e-07,5.7578534029287304e-21,2.0334875138738323e-71,2.3198059315780523e-32
2.8640227604655422e-08,0.011881282198894864,2.3430448272214756e-05,2.2794521516253613e-20,0.9880946872390864,1.0493078449953851e-35,5.714735188264647e-07,4.102097769749616e-21,1.4487281998587535e-71,1.6527115354027445e-32
2.7984199923211902e-08,0.0136040951718983,3.5936698153560616e-06,1.811233759566918e-20,0.9863918440705516,8.337713020952884e-36,4.3910353485008996e-07,3.259492831506809e-21,1.1511474000117752e-71,1.3132308649295484e-32
2.5345213972020025e-08,0.017326901201318384,1.9859572846145882e-06,1.3512693806205355e-20,0.9826707384258121,6.220343580168883e-36,3.490703709221779e-07,2.43174180475124e-21,8.588125210710358e-72,9.797347497348346e-33
1.8533655738737398e-08,0.010742384258617062,1.3926736993807347e-05,1.1711361656926293e-20,0.9892433432492403,5.391130329316792e-36,3.272214932035786e-07,2.1075744173452918e-21,7.443270889897327e-72,8.491295787615737e-33
3.145636171711516e-08,0.03395352081562823,6.318508563975889e-06,2.7456977467718187e-20,0.9660397537661517,1.263936235638992e-35,3.754532942074385e-07,4.941152434958911e-21,1.7450551581472067e-71,1.9907618213444992e-32
1.1404395594511575e-08,0.013314936513163504,2.015785729751947e-06,5.414437702942765e-21,0.9866828715683919,2.4924462328062994e-36,1.6472831924673856e-07,9.743811772283586e-22,3.441199035459497e-72,3.925725572315913e-33
2.5148140476422115e-08,0.012780840361711556,1.5094199786686124e-06,1.3330635313631724e-20,0.9872172808954389,6.136535983511307e-36,3.4417473059312497e-07,2.398978592603652e-21,8.472416146664665e-72,9.665346404998783e-33
2.404166348153657e-08,0.019187197580261436,1.3308329080652e-06,1.1683772556398233e-20,0.9808111229694002,5.3784301305425754e-36,3.2457576686287136e-07,2.102609481905653e-21,7.42573634443884e-72,8.471292349047954e-33
2.2007150710488825e-08,0.016360488470486715,2.0986021743162823e-06,1.0418820769247304e-20,0.9836371012522059,4.796130641249642e-36,2.896679822495352e-07,1.8749689998729094e-21,6.621783819995707e-72,7.554141974538184e-33
3.605494820029025e-08,0.012108952494406605,1.5679188882469035e-06,2.055574209514081e-20,0.9878889310426884,9.462493574269067e-36,5.12489068487321e-07,3.69920743206203e-21,1.306440368992585e-71,1.4903893417415186e-32
2.9034447233191586e-08,0.01560595519451452,1.6706790410215395e-06,1.4454187226583848e-20,0.9843919674903104,6.653744390255359e-36,3.776016867531459e-07,2.6011727782203483e-21,9.186500585876516e-72,1.0479975118688548e-32
0.06210847382171385,3.726200879009254e-82,3.670364436273678e-61,6.277964319464474e-15,2.653305405186525e-33,7.018080829745778e-62,0.93789152617828,2.1101183917377214e-71,4.0480953625879874e-66,5.589800976133562e-72
1.1127302919621692e-08,0.009948309203933012,8.049504270989619e-07,5.143290781044201e-21,0.9900507198414314,2.3676282621518213e-36,1.5487690555831744e-07,9.255856286685687e-22,3.2688689468218e-72,3.729131121116395e-33
3.211899448114127e-08,0.05164434651268429,5.778852661393923e-06,3.602889639749278e-20,0.948349466040587,1.6585302510014897e-35,3.764750728996223e-07,6.483753339064575e-21,2.2898518832242624e-71,2.612266829718238e-32
1.8735862458137823e-08,0.012846246022906797,2.87927413667492e-06,9.772898560709807e-21,0.9871505961426102,4.498791108545697e-36,2.598244838343311e-07,1.758728962234707e-21,6.211261619084376e-72,7.08581756623908e-33
3.632055931680942e-08,0.06250562484584721,5.521057464501632e-06,1.3950699744522531e-19,0.937488428961138,6.421972375158961e-35,3.888149909707657e-07,2.5105652915088114e-20,8.86650426086122e-71,1.0114922779891782e-31
3.465007672340402e-08,0.012725194116301127,5.2131066677803704e-06,2.0877370060651388e-20,0.987269089704033,9.610549654834999e-36,4.68422921329974e-07,3.757087540438619e-21,1.3268817504326872e-71,1.5137089036227044e-32
2.635846557840193e-08,0.009657152281577142,5.415764365026591e-06,1.416490330423052e-20,0.9903370490379003,6.520577357135011e-36,3.56557691986309e-07,2.5491132999487883e-21,9.00264335361326e-72,1.0270230482905017e-32
2.1616236661797842e-08,0.011355580838939174,4.429922916799739e-06,1.1490784397821344e-20,0.9886396588629651,5.289591248857086e-36,3.087589422049338e-07,2.0678793709885178e-21,7.303080830372566e-72,8.331366734983256e-33
3.9463597017437823e-08,0.015416819937778659,1.1694271001602142e-05,5.838353447723711e-20,0.9845703344303096,2.687588831077966e-35,1.1118973131951149e-06,1.050668991235588e-20,3.710622909928971e-71,4.2330847755757213e-32
2.6680684139071704e-08,0.01579429099111058,2.284380670851847e-06,1.4111785609987316e-20,0.9842030163089186,6.49612551152042e-36,3.81638615747083e-07,2.5395542499673866e-21,8.968883882120307e-72,1.0231717621782452e-32
3.843380147861489e-08,0.011883284577534545,2.5783354026670065e-06,2.5509487226188845e-20,0.9881135536726385,1.1742867676327781e-35,5.449806226835184e-07,4.590682470856862e-21,1.6212805070546965e-71,1.8495594939024117e-32
1.9305677665377233e-08,0.009270980217758736,1.9478485165969376e-06,9.421456263012545e-21,0.9907267893910142,4.3370104975766874e-36,2.6323703273868637e-07,1.695483472685582e-21,5.98789901446932e-72,6.83100513609456e-33
2.919315425679898e-08,0.009595636473292058,2.4792379353263605e-06,1.4924178684071913e-20,0.9904014768650579,6.870097128864856e-36,3.782305605644671e-07,2.6857523504366554e-21,9.48520826735928e-72,1.0820741337602564e-32
1.82086928153616e-08,0.009484049749847566,1.608616300186335e-06,9.405614295739336e-21,0.9905140840757829,4.3297179100633416e-36,2.3934937639919503e-07,1.6926325546145055e-21,5.97783049431967e-72,6.819518951593294e-33
2.5275850370899633e-08,0.011128333550097224,1.4504368196456678e-06,1.4125722453079403e-20,0.9888698256321636,6.502541108785534e-36,3.6510506901162195e-07,2.5420623230136662e-21,8.977741584577443e-72,1.0241822503450042e-32
1.577597239634974e-08,0.008791796982087404,1.8715167739930362e-06,7.327922006313815e-21,0.991206103797274,3.373286866979745e-36,2.1192789203155811e-07,1.3187314475690536e-21,4.65733276818133e-72,5.313092953483568e-33
1.543889291210918e-08,0.024187267415197198,1.2099733530287066e-06,7.094644669861058e-21,0.9758113041608918,3.2659015279803614e-36,2.0301166502134247e-07,1.2767509018489254e-21,4.509071064428906e-72,5.1439557557166e-33
4.0145730583836935e-08,0.011711907671251815,3.432379012111322e-06,2.3247195741070656e-20,0.9882841252929946,1.0701459437020672e-35,4.945110109882567e-07,4.183560915801744e-21,1.4774983471246813e-71,1.6855325671644447e-32
2.079096780438554e-08,0.013894305990321846,3.1337100137103396e-06,1.112307729198537e-20,0.9861022341108004,5.1203234106168305e-36,3.053978963186043e-07,2.001706872131545e-21,7.06938097598058e-72,8.064761553132557e-33
2.651814202722265e-08,0.024535099857973027,6.62608094409734e-06,2.0745456364973774e-20,0.9754579030019912,9.549825379127402e-36,3.4454094970269016e-07,3.7333483758895445e-21,1.3184978456469587e-71,1.504144531125197e-32
1.995014750497925e-08,0.0110577397305445,2.76422403959662e-06,9.832774565393311e-21,0.9889392038801592,4.526354032626831e-36,2.7221510906924005e-07,1.7695042375688488e-21,6.249316404986681e-72,7.129230529170395e-33
1.1514007868560968e-08,0.011590130524765416,1.6472157791716513e-06,5.656754789609285e-21,0.98840805767688,2.6039928664770543e-36,1.5306856731950112e-07,1.0179885131866532e-21,3.5952060359492787e-72,4.10141701413851e-33
1.805156209479542e-08,0.011015907940231632,1.3197375361528644e-05,1.1269970515422698e-20,0.9889705554054045,5.1879432662780096e-36,3.212274401749032e-07,2.0281417511254917e-21,7.162740414999318e-72,8.171266156149217e-33
1.7108911984553252e-08,0.008921949866090956,1.336963397837407e-06,8.321172722729976e-21,0.9910764615369023,3.8305132910812485e-36,2.3452469686154704e-07,1.4974766559960064e-21,5.288603007392529e-72,6.033247090334442e-33
1.8546926327105172e-08,0.014607900815361242,1.5061971974985492e-06,8.419215672157355e-21,0.9853903330153575,3.875645732326641e-36,2.4142515739235156e-07,1.5151204473256038e-21,5.350915169331008e-72,6.1043329081169975e-33
1.4298244578795291e-08,0.02045980664341841,9.64219531470178e-07,6.905207090061126e-21,0.9795390255505638,3.178697092230961e-36,1.8928824176570677e-07,1.242659750895845e-21,4.3886721502060896e-72,5.006604474499451e-33
2.5908242657178636e-08,0.062194380180398384,3.0208470307536832e-06,3.056330693285346e-20,0.9378022755046761,1.406930939865733e-35,2.9755965223378494e-07,5.500166893958881e-21,1.942480976920774e-71,2.2159855231439246e-32
8.306691652109014e-09,0.008714257978119568,5.194583789133992e-07,3.50579986078846e-21,0.9912851030050134,1.6138365843016656e-36,1.1125179661061193e-07,6.30903074324515e-22,2.2281455159156227e-72,2.5418721034550706e-33
3.3433118726662826e-08,0.025423708007901922,3.671673934084731e-06,1.8820900773899036e-20,0.9745721611824779,8.663888258148663e-36,4.257025675528781e-07,3.3870057172085497e-21,1.1961808252810984e-71,1.3646050712358548e-32
4.331984254566775e-08,0.01698995613551757,2.110001588836267e-06,3.179367933172596e-20,0.9830071736781056,1.4635690873323758e-35,7.168649456253144e-07,5.721584487960275e-21,2.0206785066676763e-71,2.3051933948933e-32
1.467124239493098e-08,0.015990232677722375,2.1434633619644e-06,7.064492915732872e-21,0.9840073985942027,3.252021673501893e-36,2.1059347056196168e-07,1.271324799264052e-21,4.489907825834249e-72,5.122094301315315e-33
2.2915131156887756e-08,0.010159364125733749,1.6133171700471127e-06,1.1626219964999214e-20,0.989838682631106,5.351936752787274e-36,3.1701085887136724e-07,2.0922523282522713e-21,7.389158229020495e-72,8.429563974256132e-33
2.341788047149689e-08,0.01050609770491505,6.520897270839199e-06,1.3597496307032827e-20,0.989486991685961,6.259381003843367e-36,3.662939725898778e-07,2.447002848434047e-21,8.642022278950905e-72,9.858833362270576e-33
1.8545701158178698e-08,0.013767424426479975,2.75744084310948e-06,1.041268932162494e-20,0.9862295121397247,4.793308139530112e-36,2.874472511571433e-07,1.8738655888897534e-21,6.61788692943615e-72,7.549696395318695e-33
1.4371951220872949e-08,0.012100842834505073,8.510007918667994e-07,6.299670116800374e-21,0.987898100948848,2.8999482311012203e-36,1.9084390381239094e-07,1.1336874329041138e-21,4.003817183455181e-72,4.567561289540202e-33
3.637061577870055e-08,0.043841577951889976,4.417131024799448e-06,4.144301842115523e-20,0.9561535460795547,1.9077603432194205e-35,4.224669147740902e-07,7.458077709474825e-21,2.6339517244401662e-71,3.004816499810408e-32
1.2602042407514995e-08,0.01004801828464426,2.161079383400076e-06,6.374414817815004e-21,0.9899496176575199,2.934355713543122e-36,1.9037641004608083e-07,1.1471384766241045e-21,4.0513219174924523e-72,4.621754768991551e-33
1.011582896680844e-08,0.012050326828822925,6.996316580197498e-07,4.700298906862136e-21,0.9879488258476993,2.1637043279101396e-36,1.3757599093712512e-07,8.458648946779588e-22,2.9873211097679703e-72,3.407940881213613e-33
3.547819094688968e-08,0.05421482417744484,4.9661598934555285e-06,6.746002155827761e-20,0.9457797806530845,3.1054097647759575e-35,3.9353138612590954e-07,1.214009266298982e-20,4.2874879091058885e-71,4.8911733242784645e-32
1.5334849827096564e-08,0.015133838513917553,1.4323256539409776e-06,6.989409273059997e-21,0.984864512036336,3.2174581662718546e-36,2.0178924259698918e-07,1.2578127601995112e-21,4.442187675976416e-72,5.067655075138263e-33
1.0809350494930617e-08,0.009401369864798776,1.1567370490199448e-06,4.95733545597672e-21,0.9905973125544267,2.282026824827722e-36,1.5003437501789173e-07,8.921211437884339e-22,3.150683214397004e-72,3.5943046413684846e-33
2.0267208979523524e-08,0.06339289948291653,1.7623065599889756e-06,1.4228430839430882e-20,0.9366050691137345,6.549821194748566e-36,2.488295800378527e-07,2.5605457009954045e-21,9.043018894904511e-72,1.031629096743668e-32
1.643740110756679e-08,0.031819130585173876,2.6857444910458547e-06,1.0827627921944329e-20,0.9681779498518103,4.984318207006402e-36,2.1738112375538933e-07,1.948537857426701e-21,6.88160522004994e-72,7.850546659044214e-33
7.968759738503436e-09,0.029595442417801703,5.823890017145286e-07,3.8634739308856484e-21,0.9704038601362143,1.7784858855439654e-36,1.0708822276757928e-07,6.952700315180774e-22,2.4554687813752527e-72,2.8012028620660938e-33
2.6556678414825784e-08,0.014393250862471995,1.7244592642396754e-06,1.3252126956471937e-20,0.9856046707718044,6.100395960952069e-36,3.273497810741481e-07,2.3848502406003747e-21,8.422519378928852e-72,9.60842408953317e-33
2.553912020590261e-08,0.020297611487171546,1.7021666037006985e-06,1.2243910934215327e-20,0.9797003379729425,5.636280504878281e-36,3.2283416183475377e-07,2.2034118775549725e-21,7.781737789034838e-72,8.877419388033746e-33
1.8647348418082413e-08,0.018049209409705363,1.8574089280350921e-06,8.819612414560823e-21,0.9819486621158733,4.059961707003676e-36,2.524181449000109e-07,1.587175769532331e-21,5.605391252277139e-72,6.394639645992453e-33
5.240900783325066e-08,0.013344950439700992,5.664081617561503e-06,4.2053658362792397e-20,0.9866487060163278,1.935870134674111e-35,6.270533457636763e-07,7.567968351562726e-21,2.672761543471623e-71,3.049090805788877e-32
5.9088204862430526e-09,0.011060246256091972,7.612399181230376e-07,2.675690687674028e-21,0.9889389030087541,1.2317096506920525e-36,8.35864153117168e-08,4.815167860586393e-22,1.7005614829874828e-72,1.9400033628592506e-33
3.7433037203457404e-08,0.011041647124856677,1.948416440777288e-06,2.240929542182376e-20,0.9889558332130498,1.0315745981252221e-35,5.338126155372532e-07,4.032772535231013e-21,1.4242447701975801e-71,1.6247807982008398e-32
3.5832547433520064e-08,0.02001101604628792,3.0767329957200704e-06,2.3689545232626374e-20,0.9799853562858022,1.0905087672554324e-35,5.151023666398153e-07,4.2631660512083424e-21,1.5056123051506387e-71,1.7176050171518602e-32
3.5832547433520064e-08,0.02001101604628792,3.0767329957200704e-06,2.3689545232626374e-20,0.9799853562858022,1.0905087672554324e-35,5.151023666398153e-07,4.2631660512083424e-21,1.5056123051506387e-71,1.7176050171518602e-32
5.236959407985817e-09,0.005902671279977055,3.689856188302305e-07,2.1899911023789638e-21,0.9940968833409706,1.008125934294385e-36,7.115647415487936e-08,3.9411038108782384e-22,1.3918703428998494e-72,1.587847997795468e-33
1.8254265968416207e-08,0.07282887247157557,1.8209710242037147e-06,1.3401156791247293e-20,0.9271690675488494,6.168999363901721e-36,2.2075428466675264e-07,2.4116696213549555e-21,8.517236753752129e-72,9.71647782796993e-33
1.3123818327443722e-08,0.010208397392371935,6.912537134629324e-07,5.919797561972257e-21,0.9897907140913426,2.725080226108169e-36,1.841387537994209e-07,1.065325640251576e-21,3.7623854517715314e-72,4.292135569239644e-33
2.7763071966571492e-08,0.01812308826226187,1.338256689679874e-06,1.431994185498982e-20,0.9818751663574665,6.59194677281057e-36,3.793605099081926e-07,2.5770140082363856e-21,9.10117962739579e-72,1.0382640827614167e-32
1.3738062904734547e-08,0.014230479632709056,1.233337154217702e-06,6.5830732039804205e-21,0.9857680810130516,3.030408125483844e-36,1.9227902239370962e-07,1.1846885994674959e-21,4.183936801205236e-72,4.7730420484823347e-33
3.634797471248104e-08,0.016030120658217493,2.5873260536461465e-06,2.2546452629190982e-20,0.9839667462806189,1.0378884032597324e-35,5.093871353358464e-07,4.05745532597201e-21,1.4329619332211907e-71,1.6347253522493574e-32
2.5671828526704867e-08,0.02912519514873197,3.5386414561524066e-06,2.2665986285758605e-20,0.9708709137037903,1.0433909352935142e-35,3.268341930453113e-07,4.07896657692797e-21,1.4405590110148872e-71,1.6433921112081595e-32
4.0109550287691076e-08,0.025996521411672618,3.44052678802339e-06,4.0846166098472414e-20,0.973999489268338,1.8802852435057884e-35,5.086836509994125e-07,7.350668291164955e-21,2.596018193361644e-71,2.961541864583355e-32
1.569313060739476e-08,0.030997100063077355,1.6048622354674982e-06,7.888334941032352e-21,0.9690010726630901,3.631263627133259e-36,2.06718466306489e-07,1.4195832516911902e-21,5.013508707516117e-72,5.719419056357043e-33
1.312583228440478e-08,0.008919526266557292,1.5134220156589657e-06,6.3511349599752286e-21,0.9910787624884513,2.9236392176533192e-36,1.8469714345316606e-07,1.1429490374524873e-21,4.0365261739237034e-72,4.604875760166214e-33
1.2952028701764773e-08,0.008140404397666853,1.3944778748510654e-06,5.902851455748388e-21,0.9918580104786857,2.7172793692713345e-36,1.7769374404061457e-07,1.0622760225835925e-21,3.7516151889392424e-72,4.279848835521077e-33
3.7227550700698314e-08,0.02291660550758343,3.5075451426849773e-06,2.0500384524475444e-20,0.9770793753771978,9.437010637820226e-36,4.7434252536095753e-07,3.689245293946698e-21,1.302922064157191e-71,1.4863756537446358e-32
3.338775743443846e-08,0.011963129601693958,2.5627286750093766e-06,1.821343886751723e-20,0.9880338511351924,8.384253283901577e-36,4.231466810753555e-07,3.2776869877552304e-21,1.1575729872866812e-71,1.320561185559746e-32
0.0895851456812636,5.424138519259797e-83,5.342858789676081e-62,1.590374911813966e-15,3.862351096717862e-34,1.0216046798320854e-62,0.9104148543187348,3.0716471871656943e-72,1.0366592984646101e-66,8.136935118136654e-73
2.927229415365036e-08,0.024840906897428565,3.224517811464025e-06,1.6857639566236553e-20,0.9751554681670391,7.760133649150298e-36,3.7114542657294856e-07,3.033697602373151e-21,1.071403831184193e-71,1.2222592692303847e-32
1.7959917670125302e-08,0.01653259774057686,1.947585607215457e-06,8.968802200985786e-21,0.9834652026240154,4.128638737004665e-36,2.3408988274993663e-07,1.6140239335810163e-21,5.700210280381725e-72,6.502809350661283e-33
1.832899927341108e-08,0.01945642006757366,2.2200239347083653e-06,8.726957672266763e-21,0.9805410930008851,4.017309638392893e-36,2.485786073561532e-07,1.570501639403792e-21,5.54650361994554e-72,6.327460537270418e-33
4.702567198079245e-08,0.01439742175926949,9.449777487298576e-06,3.3791640727859636e-20,0.9855924471115397,1.5555419127136667e-35,6.343260316743424e-07,6.081137238541134e-21,2.1476609040509216e-71,2.4500551246289726e-32
5.0737043426020737e-08,0.020038599319467134,4.642040079875838e-06,3.374731744559076e-20,0.979956027440216,1.5535015639979603e-35,6.804631935326189e-07,6.0731608282282504e-21,2.1448438940227515e-71,2.4468414749123754e-32
1.1917715813639752e-08,0.013213837957093378,1.5005076242419757e-06,5.6017356725867595e-21,0.9867844802953103,2.5786657346188337e-36,1.6932225636116822e-07,1.0080872843332447e-21,3.5602380993999177e-72,4.0615255340734465e-33
