i = 0,i = 1,i = 2,i = 3,i = 4,i = 5,i = 6,i = 7,i = 8,i = 9
1.524101730274872e-08,6.051686658265148e-06,1.526506513972461e-20,0.003717434992587806,2.1516641668373848e-08,7.377725817513354e-48,1.4375370689451778e-38,0.9962642289599426,2.8414374022373104e-08,1.2219188778225947e-05
1.647037788818454e-08,6.717552783969026e-06,1.6496521093674578e-20,0.0036865986886961497,2.3264363869896933e-08,7.97289814736763e-48,1.5535053642896586e-38,0.9962929934616886,3.0791121478921676e-08,1.3619770968027234e-05
1.9129123334544475e-08,8.002723902805478e-06,1.9158980919641964e-20,0.004332929098844633,2.8129767088075548e-08,9.259685882391083e-48,1.8042337207933824e-38,0.9956430925003944,3.586654911172617e-08,1.5892551418465688e-05
1.7114545734783766e-08,6.797105516262255e-06,1.71419836886105e-20,0.0045726477169576365,2.4001024481976764e-08,8.284855286581242e-48,1.6142896713558176e-38,0.9954063929178534,3.19201087457016e-08,1.40892239938116e-05
3.026927971113759e-08,1.0644876328144477e-05,3.032449328712775e-20,0.006702876391954407,3.507706321319482e-08,1.4656065662323722e-47,2.855708953627942e-38,0.9932643429703727,5.5447399192083724e-08,2.2014967602551773e-05
5.872762552649634e-06,0.0016358289922177506,1.3121956140255234e-62,0.9943695182424127,4.910820947279323e-06,6.3368059297233054e-86,5.960496054029534e-63,1.140559567158984e-63,1.0305046557774777e-05,0.003973564135312067
5.132931526921112e-08,1.779438830469777e-05,5.1427306211882005e-20,0.009533616669715724,5.583370410455294e-08,2.4855220812468243e-47,4.842996630468928e-38,0.9904126446760612,9.364237586376754e-08,3.574346052335855e-05
2.193434196977788e-08,5.838242642004233e-06,2.1971472778449628e-20,0.0051838369406346785,2.8148801054690276e-08,1.0618985276684117e-47,2.0690908482366972e-38,0.9947993734086471,4.035380873371637e-08,1.0860971124561367e-05
2.5572978408334318e-08,9.066940647506422e-06,2.5617565512686433e-20,0.006033635881388706,3.114882872513428e-08,1.2381170518096855e-47,2.4124495836434204e-38,0.9939378833350616,4.696291791936598e-08,1.9310158177270835e-05
3.09527360854906e-08,9.125843590723316e-06,3.10080747953062e-20,0.006263416514343256,3.758255129562164e-08,1.4986445971552711e-47,2.920082983391807e-38,0.9937084470915841,5.667149933952421e-08,1.8885343695397185e-05
9.879388837515996e-09,3.7193207098104803e-06,9.89550945042697e-21,0.0027113847702931898,1.4050753996198164e-08,4.782577400202271e-48,9.318769046106226e-39,0.9972773845073951,1.8463778012784455e-08,7.469007681013939e-06
1.6798525226413384e-08,5.7215657702513084e-06,1.68273947142379e-20,0.004049758889579859,2.280582420920711e-08,8.132811965646181e-48,1.5846642941954405e-38,0.995933066009456,3.1254739109087696e-08,1.138267610544387e-05
1.3829036782953888e-08,5.26067798108848e-06,1.385216308039087e-20,0.003697855294998793,1.8478530098131164e-08,6.69485916051903e-48,1.304481686181323e-38,0.9962859686047039,2.569836358493031e-08,1.0857416385911036e-05
2.2975673666461926e-08,8.942181158908907e-06,2.3014677129957422e-20,0.005416765907928641,2.9738338643557836e-08,1.1123174129244768e-47,2.1673311709638386e-38,0.9945561157379306,4.2618162888807206e-08,1.8080840806545536e-05
1.7073955629847082e-08,6.3889056349272815e-06,1.7101620585926512e-20,0.003928289156685251,2.2970359750381265e-08,8.265347482191226e-48,1.6104886095329712e-38,0.9960521081177862,3.159777908084279e-08,1.3142177799032395e-05
1.0966764225472002e-08,4.3933791569317645e-06,1.0984320419626385e-20,0.003243855364063179,1.562418355747791e-08,5.308808289119341e-48,1.034412079860227e-38,0.9967426545122123,2.049479723948749e-08,9.049658822558422e-06
2.0143785052347482e-08,4.262614025112079e-06,2.017924847415568e-20,0.004689679675840882,2.8749435132311008e-08,9.752789200903542e-48,1.9003140464540155e-38,0.9952990457020744,3.761466732131975e-08,6.925500172073235e-06
1.1131254898866962e-08,4.411109609677148e-06,1.1148821915479954e-20,0.003196004706683451,1.6306596735447942e-08,5.3883131534530106e-48,1.0499034646674261e-38,0.9967908521544745,2.0846972072966795e-08,8.6837444088193e-06
1.4451789349681473e-08,5.5254480021940865e-06,1.4476079590864467e-20,0.003571044582812794,1.944583547846782e-08,6.996402907968571e-48,1.363236961938299e-38,0.996411668764087,2.6863072327038842e-08,1.170044440082487e-05
1.0964729834937089e-08,4.468729105412368e-06,1.0981770680846178e-20,0.002855944574735717,1.585566569262566e-08,5.3075759803506284e-48,1.0341719666357415e-38,0.9971307542465117,2.0503284876286295e-08,8.78512596655438e-06
9.454876473062858e-09,3.785046880624053e-06,9.470107808354721e-21,0.00271018099244661,1.3510048922496944e-08,4.576977447054241e-48,8.918161106296258e-39,0.9972781653345095,1.7679557714036676e-08,7.827981680060143e-06
5.557966070947072e-09,2.287071030599778e-06,5.566694499960072e-21,0.0017264538670581895,8.150518160553002e-09,2.6904271521048963e-48,5.242250604199002e-39,0.9982665742653801,1.0418544364588865e-08,4.660669502484122e-06
3.0680502999810065e-08,1.1934537226342843e-05,3.0732357346724414e-20,0.005341979639548957,4.222340872321507e-08,1.4853189564185856e-47,2.894118203729004e-38,0.994622115594031,5.7146313794453355e-08,2.384017896794324e-05
1.3664300792882739e-08,5.449716334621505e-06,1.368573014106872e-20,0.0038590839041746294,1.9343922050815716e-08,6.614420814394565e-48,1.2888084140675685e-38,0.9961240918378461,2.5498052832225128e-08,1.1316035368912385e-05
1.7972713004055017e-08,6.641115769621127e-06,1.800107967850933e-20,0.004690769049106736,2.371024389402067e-08,8.700063122668676e-48,1.6951921974805105e-38,0.9952882241007741,3.3193646769536486e-08,1.4290857745616993e-05
2.4256388563389066e-08,9.302388887217904e-06,2.42972825049405e-20,0.006096151984673862,3.03514349017117e-08,1.1743067375823135e-47,2.288116294020298e-38,0.9938757299939194,4.482125699629019e-08,1.871620343904959e-05
2.0138728488660287e-08,6.8223025968540595e-06,2.0171236700017947e-20,0.004780661196373117,2.5926690902693486e-08,9.748917047567867e-48,1.899559564098022e-38,0.9951981586357511,3.7026740588944716e-08,1.4274773119065286e-05
1.3595064524762612e-08,5.411981342576299e-06,1.3616839557724327e-20,0.003859973310015835,1.8969016165734243e-08,6.581125454651826e-48,1.2823208710173195e-38,0.9961233987939293,2.5340072029546803e-08,1.1158010559662617e-05
2.250141650988419e-08,8.877901098127162e-06,2.253807806696183e-20,0.004579869948350616,3.0290168694020504e-08,1.0892830060648893e-47,2.1224490290398072e-38,0.9953930880875165,4.1803373721427256e-08,1.8069468075856567e-05
1.1285777129514309e-07,2.7209824774325977e-05,1.1311895436061964e-19,0.008094832029445172,1.1866636128279373e-07,5.467127866127887e-47,1.0652603746219068e-37,0.9918248385285214,2.0500101765883367e-07,5.268309210907683e-05
2.25394151082806e-08,6.795262643691542e-06,2.2576238872604352e-20,0.005105236845709513,3.156796529891695e-08,1.0911273477590055e-47,2.1260426968158577e-38,0.9948752484684859,4.1903932252257483e-08,1.2623411848217643e-05
1.2120445454049422e-07,3.293027730102333e-05,1.21506281219072e-19,0.013688528540107407,9.867964486069756e-08,5.872493957507981e-47,1.1442452538741304e-37,0.986210460165319,2.1375766374498437e-07,6.764737550928144e-05
4.577170373177064e-08,6.654141673990323e-06,4.585983770067058e-20,0.00798977080406006,6.115920856171916e-08,2.216441957464935e-47,4.318698680097011e-38,0.9919932035925445,8.496756601768603e-08,1.0179563243347196e-05
2.0868127187560235e-08,8.035800041121093e-06,2.090384454462641e-20,0.00492474100915955,2.694997443039935e-08,1.0102992170065393e-47,1.96855048709671e-38,0.9950506180066052,3.8695265645319706e-08,1.651867082683459e-05
6.236099398793624e-08,1.8712120228618727e-05,6.248368249984335e-20,0.00693576002111176,6.652145064533957e-08,3.0198854268414734e-47,5.884194333634291e-38,0.9930039266416938,1.1221758687898901e-07,4.13601169346039e-05
4.492068463795338e-08,1.3529751690792717e-05,4.5004245937658625e-20,0.00634750143445196,4.71743019381958e-08,2.1750905358925601e-47,4.2381261529603163e-38,0.9936089179098724,8.042299968534337e-08,2.987838599873316e-05
2.5770035352585534e-08,1.0267699026604062e-05,2.5812047704662728e-20,0.004900386056340634,3.68827401086838e-08,1.2475165288224374e-47,2.4307643014423036e-38,0.9950691583777933,4.8184947371530214e-08,2.0077029116506922e-05
1.645019925501509e-08,5.9675393981205235e-06,1.647728876183414e-20,0.004268143258139855,2.2058848551638287e-08,7.963603010409394e-48,1.5516942229882742e-38,0.9957133035915778,3.0499141441222555e-08,1.2516602695056353e-05
1.8445340852982818e-08,7.272624328631879e-06,1.8475613143041988e-20,0.004549705625751041,2.4904310876164126e-08,8.929408871311832e-48,1.7398798184946837e-38,0.9954285920973871,3.432058141832431e-08,1.4351982299954932e-05
7.867403431764063e-09,3.3165008260718934e-06,7.879449278952613e-21,0.002409590843347031,1.12896465965999e-08,3.808199692632586e-48,7.420210996605076e-39,0.9975804859026334,1.4714027398010492e-08,6.572882116361592e-06
6.760091035508696e-08,2.4192346488660312e-05,6.773104556499023e-20,0.007475806763901468,8.747581332697139e-08,3.2734946031223852e-47,6.378347411352406e-38,0.9924496318314728,1.2537554420233273e-07,5.008860586924745e-05
7.55507046723199e-08,2.664865053460267e-05,7.570073479637309e-20,0.007752623323408046,8.840878291515369e-08,3.658675940127752e-47,7.128866560351777e-38,0.9921648712814435,1.3879648220002047e-07,5.5553988644081066e-05
5.0814462907420324e-08,1.7095412209804527e-05,5.090535597364092e-20,0.007240414585978499,6.215275427696533e-08,2.460295816485547e-47,4.793843691470735e-38,0.9927054284884779,9.304959760453612e-08,3.68554965192384e-05
1.5584028266515348e-08,6.072303199875803e-06,1.5609375653130903e-20,0.003858253539422051,2.2563862351470583e-08,7.544133791586677e-48,1.4699613738347162e-38,0.9961231596342833,2.9170110313709976e-08,1.2447205093757723e-05
1.849860516977674e-08,6.478690300294775e-06,1.8531206559693662e-20,0.004180940622456228,2.390346058596677e-08,8.956277606005104e-48,1.7451151448096773e-38,0.9957987653132415,3.420966569514903e-08,1.3738762270476128e-05
3.047653775741772e-08,6.937624341090775e-06,3.053479716821573e-20,0.00563164503421905,3.643194341414123e-08,1.475770717900408e-47,2.875513626719069e-38,0.9943490981242499,5.58636684081612e-08,1.2196445040227757e-05
8.126611062349438e-08,1.586576610866702e-05,8.14472838189039e-20,0.008106033668301335,6.893594319833973e-08,3.9364111656054506e-47,7.670028826138724e-38,0.9918463807927523,1.4086493219532297e-07,3.1428705851724175e-05
7.573304819421761e-09,2.9403720691617495e-06,7.58560195159665e-21,0.0021849446748256505,1.026495615483367e-08,3.666180972529011e-48,7.14348998570981e-39,0.9978059706470177,1.407022365369329e-08,6.112397602928245e-06
3.3310575388254796e-08,1.230321234093872e-05,3.336580666143263e-20,0.006065465189994038,4.29897792684241e-08,1.612595629137626e-47,3.1421145911947706e-38,0.993896229850568,6.14154291633318e-08,2.5864031312947262e-05
5.277772434832677e-08,1.6722989303687314e-05,5.288544158416829e-20,0.006972379840642621,6.420194213912896e-08,2.555994908470804e-47,4.98031171101496e-38,0.9929729737548749,9.736672452265693e-08,3.770906878782096e-05
6.413514150185792e-09,2.409913364102772e-06,6.423777271304781e-21,0.0018493133964703782,9.426004428284416e-09,3.104661983860735e-48,6.049379983395681e-39,0.9981435685381023,1.2022900361592696e-08,4.680289644293827e-06
8.553042101657791e-08,5.47032289172608e-06,8.572448109718338e-20,0.012234448327201435,1.2355330631712683e-07,4.1431314677968997e-47,8.072819746612263e-38,0.9877521390057297,1.6032590470340885e-07,7.572934545101963e-06
2.2239251350276286e-08,5.160215406989964e-06,2.227814589180593e-20,0.005347528227005322,2.917415705514851e-08,1.0767202799848048e-47,2.0979707753423646e-38,0.9946386110389095,4.119979065534823e-08,8.607905479084228e-06
8.158756871891515e-09,3.3418075107172284e-06,8.171520932886098e-21,0.002531061336803359,1.154325094702569e-08,3.949360215831491e-48,7.69525982572857e-39,0.997458783665336,1.5230404671998857e-08,6.778257937360319e-06
1.695359529853916e-08,6.304374128902569e-06,1.6981125557232033e-20,0.003977615745746827,2.18813588487921e-08,8.207111288899928e-48,1.5991413883592356e-38,0.9960028879383087,3.123924789076568e-08,1.3121867613597884e-05
1.6968943055381757e-08,6.077266323287842e-06,1.6996760106613997e-20,0.0040409676773541,2.124093758271351e-08,8.214667589352281e-48,1.6006137203858018e-38,0.9959400338744189,3.1115249629860556e-08,1.2851856773534151e-05
2.3825000294643256e-08,9.530594315454858e-06,2.3863577157424446e-20,0.005006515711100462,3.3577295169268525e-08,1.1533454176647452e-47,2.2472735260171919e-38,0.9949647286154798,4.446252185293238e-08,1.912321428673449e-05
9.324850761316476e-09,3.7714397289549214e-06,9.339411944152611e-21,0.0027803236926424967,1.3067111550477727e-08,4.513811109882388e-48,8.795082594787366e-39,0.9972081660937367,1.7389470134942197e-08,7.69899245948023e-06
8.454146357162686e-09,3.399148089974911e-06,8.467659995950425e-21,0.002522255223902715,1.1981287165226788e-08,4.092486549793753e-48,7.974139003001011e-39,0.9974672804568729,1.5789047861339292e-08,7.028946653029853e-06
5.80374900021142e-08,1.960177993889793e-05,5.815196891535253e-20,0.009896947001335022,6.101785559576466e-08,2.8105303087738426e-47,5.476269520162367e-38,0.99004364367175,1.0552881562515617e-07,3.958296281479875e-05
3.589254066643337e-08,1.2746555413359005e-05,3.595907553399562e-20,0.007086550889436241,4.198585728691083e-08,1.737930349544898e-47,3.3863271182903636e-38,0.9928736808699131,6.594885430232516e-08,2.687785798495776e-05
2.5193425914614906e-08,8.110686972746701e-06,2.5239951246567564e-20,0.004773736340938129,3.001828960735858e-08,1.219866657889278e-47,2.3768890078882755e-38,0.9952000900905027,4.6056195463096396e-08,1.7961613675466278e-05
1.6100682310871995e-08,3.0041526626739833e-06,1.612841802085835e-20,0.00413037066084298,2.371778849657362e-08,7.794991042552532e-48,1.518840473735808e-38,0.9958619270209641,3.017701851720011e-08,4.628170041101757e-06
2.231492331312613e-08,7.404493585976907e-06,2.2352494694190885e-20,0.005288698984038428,2.797252659616262e-08,1.08031361597018e-47,2.104972328135083e-38,0.9946879981307295,4.097682082365069e-08,1.5807127375503225e-05
1.4505729172719493e-08,5.534029198826543e-06,1.452890361746307e-20,0.0038568203249017643,2.166602443535974e-08,7.02193317470863e-48,1.3682114900959833e-38,0.9961268414736996,2.7224763532676804e-08,1.074077568272181e-05
6.315385562335141e-09,2.353690076389703e-06,6.325231014925714e-21,0.0017924042275521198,9.690936282358316e-09,3.057033804534129e-48,5.956577302729728e-39,0.99820085286744,1.1874643400443914e-08,4.3613339661122105e-06
2.7614339508518642e-08,1.0117070310636228e-05,2.7662034079105075e-20,0.006227891846795705,3.598478626218559e-08,1.3369278225957805e-47,2.6049806553171193e-38,0.9937398616734502,5.114317489195702e-08,2.2014667142858165e-05
1.0787263593926592e-08,4.418179471728112e-06,1.0804101599378433e-20,0.0032440055159134746,1.5515363146969924e-08,5.221707118520003e-48,1.017440567963182e-38,0.9967425429201346,2.017411017921621e-08,8.986907743182315e-06
2.5363259706427384e-08,9.007572977884364e-06,2.5406278866868762e-20,0.005840477854043242,3.208737510745251e-08,1.2279054023507634e-47,2.3925523619312393e-38,0.9941305138238289,4.672194007502385e-08,1.9896576575065192e-05
9.047757516403003e-08,2.986998308316133e-05,9.066604670989729e-20,0.007695889400353774,9.977155431428072e-08,4.381961213141264e-47,8.538175359698702e-38,0.9922094611152694,1.6529053730741148e-07,6.442396162687985e-05
1.1044378101433928e-08,4.32649265229378e-06,1.1061797669931772e-20,0.003162247900347364,1.529533201265575e-08,5.3462536524123196e-48,1.0417082438984728e-38,0.996824285384666,2.055263108526474e-08,9.09332999281222e-06
1.0990357291604248e-08,3.861395370831274e-06,1.1007409061432055e-20,0.0029667895321647377,1.5493040195623306e-08,5.3199672109570034e-48,1.036586376410123e-38,0.9970218698037894,2.0444217640954725e-08,7.432341059843625e-06
4.711442665946243e-08,1.5635749876813403e-05,4.7204553759298424e-20,0.008570850403216432,5.0864133449063534e-08,2.2814331402221304e-47,4.4453328715524305e-38,0.9913814420136571,8.556023268176691e-08,3.18882944568328e-05
5.572880604205456e-08,1.7660235955953046e-05,5.584059164226468e-20,0.009795523798211605,5.52705686357645e-08,2.698819630662832e-47,5.25860320298862e-38,0.9901498483797607,1.0023708125782418e-07,3.67563496155954e-05
1.366987215970843e-08,4.563481605943108e-06,1.3692865666735772e-20,0.003658772301936882,1.6093613726866402e-08,6.617869469965537e-48,1.2894803786192365e-38,0.9963265466378481,2.4855125624326995e-08,1.006295999750092e-05
4.272203457627906e-08,1.1735844583182508e-05,4.280696912527799e-20,0.007780668198067483,3.9824727105150514e-08,2.0688944226199214e-47,4.0312048696497733e-38,0.9921813007224034,7.539186721588314e-08,2.6137296316853823e-05
1.469816424903778e-08,5.975055307024699e-06,1.4721753068753652e-20,0.0038921355350270037,1.9968198292404943e-08,7.115138828445227e-48,1.3863724499358796e-38,0.9960899954912111,2.7349672852991366e-08,1.1831902419185572e-05
2.5888805941660975e-08,9.289226013507145e-06,2.593382823865828e-20,0.0061651218330539105,3.181807694405767e-08,1.25340227763193e-47,2.4422325808300527e-38,0.993807575357739,4.7764539621227344e-08,1.7908111771134966e-05
4.621920745849715e-08,1.1082279396947826e-05,4.631004146074795e-20,0.007312935548235384,3.8678885325305496e-08,2.2382006586133547e-47,4.36109513158712e-38,0.9926491405379549,7.929189894861465e-08,2.6677444420792365e-05
2.2246278471999646e-08,8.225725455093376e-06,2.2284472615454452e-20,0.005360763681165741,2.706243003735887e-08,1.0770260555054115e-47,2.0985665736364747e-38,0.994614137326163,4.09275673582149e-08,1.6783030940560984e-05
2.410507858470911e-08,9.131148841458858e-06,2.414653778931731e-20,0.00606751077434984,2.988304263585528e-08,1.1670211271369783e-47,2.273920408534555e-38,0.9939046316797957,4.451440729298072e-08,1.8627894484305638e-05
2.0555330886902964e-08,7.329992013436337e-06,2.0590215368874223e-20,0.004836137804077676,2.4779643301555074e-08,9.951412727338288e-48,1.9390154957999335e-38,0.995141350212121,3.767149615559083e-08,1.5098985317495846e-05
5.105627610120855e-08,1.6256450592989375e-05,5.1152320328980164e-20,0.009322363384038313,5.280235024384781e-08,2.472231797653753e-47,4.817100743586709e-38,0.99062602933951,9.199344715385783e-08,3.5154973785120406e-05
2.193229132330009e-08,7.50418626111722e-06,2.1970208166033782e-20,0.005323793978462582,2.5682139650433277e-08,1.0618374079575944e-47,2.0689717575411142e-38,0.9946524824435029,3.9988914647356624e-08,1.6131788427616673e-05
0.011340603430886895,0.008031734151548285,1.34086664628446e-62,0.9633113573356782,2.1061768385226723e-05,6.475263005244504e-86,6.09073088549653e-63,1.165480409595681e-63,0.00033669101128717456,0.016958552302214096
8.989869143811848e-08,2.3819900162487725e-05,9.010427119501541e-20,0.009405013838079443,9.951961052437211e-08,4.354810161495862e-47,8.485272006868136e-38,0.9905158166539744,1.6356170731483332e-07,5.499662777424502e-05
3.1872263643454405e-08,1.1128448732266513e-05,3.192848690136415e-20,0.006234557142529143,4.289834320782253e-08,1.543128836793033e-47,3.0067597521480047e-38,0.9937301665735049,5.920055273398657e-08,2.401386407411635e-05
3.9156662515361456e-08,1.5554933688869195e-05,3.922456514646535e-20,0.006017919976673879,5.425575460335331e-08,1.8957540260259411e-47,3.6938438123373917e-38,0.9939354375131558,7.308304257936483e-08,3.092108102158954e-05
9.970598072140876e-09,2.7868118381106997e-06,9.986898238825366e-21,0.0028462999969924565,1.414334086559999e-08,4.8267463190654804e-48,9.404831417806693e-39,0.9971460819253009,1.8602398562052138e-08,4.788549531305322e-06
1.2193990962075845e-08,3.871241206077766e-06,1.2214276398264206e-20,0.0033484753597406674,1.6728818299684378e-08,5.903255669129986e-48,1.1502391199860776e-38,0.9966406078028314,2.27159200962497e-08,6.993957492490196e-06
3.193805531032006e-08,8.81660547441739e-06,3.199810649972904e-20,0.006616924088714126,3.820305109632106e-08,1.546493606635547e-47,3.013315947778914e-38,0.9933577409514633,5.867461161374137e-08,1.638953863027008e-05
8.020174315352313e-09,3.061228368223228e-06,8.033144978321388e-21,0.002188093505080497,1.1764744694067281e-08,3.8824820306963084e-48,7.5649488428951e-39,0.997802758129612,1.5037276659388914e-08,6.052314743533841e-06
1.3976084682866321e-08,4.8129692159312815e-06,1.399980079897692e-20,0.0036689069861017315,1.7051379736764276e-08,6.766213628913439e-48,1.3183849804875913e-38,0.9963156602777253,2.557000515889221e-08,1.0563169487337092e-05
6.04712261459477e-08,6.778933149854407e-06,6.060057640583818e-20,0.009494096410642482,7.680397305812032e-08,2.9288734310216555e-47,5.706859039607643e-38,0.99048873003285,1.117201823829379e-07,1.0145627976219945e-05
4.945425041715056e-09,1.899607846968173e-06,4.953039592034726e-21,0.0013926555058755754,7.320552289237612e-09,2.3938429177236807e-48,4.664361371753355e-39,0.9986018359582726,9.269039232060678e-09,3.5873929882737557e-06
2.77273700256785e-08,8.326619304372214e-06,2.7777896239145243e-20,0.005409395056264797,3.117663948433308e-08,1.3425275317459018e-47,2.6158915913937936e-38,0.9945634274847955,5.0085488559197776e-08,1.8741850137261846e-05
3.488958140014259e-08,1.2495598494401292e-05,3.495052924722635e-20,0.005621044877420978,4.205506197115709e-08,1.6891865157652985e-47,3.291350604288799e-38,0.99434037534661,6.396219487846037e-08,2.59432706363804e-05
4.659721993421566e-08,1.583995030376894e-05,4.667910354153747e-20,0.006650227842703039,5.663902181203947e-08,2.256037718703065e-47,4.3958503335479905e-38,0.9932998148724588,8.549733789873939e-08,3.392860095472163e-05
6.034083407219001e-08,2.204644151714494e-05,6.045365411337537e-20,0.006917951188155738,7.790319545657241e-08,2.9217725612883826e-47,5.693023118192538e-38,0.993014431432315,1.1200812702879797e-07,4.532068585546897e-05
4.295566851023429e-08,1.000209212915512e-05,4.303864269324398e-20,0.006807051414433357,3.572117492481744e-08,2.080091388030638e-47,4.053021962390454e-38,0.9931582438790683,7.33411820573019e-08,2.4550596343837762e-05
3.411045771227471e-08,1.0389352145191362e-05,3.4173514679805324e-20,0.005963344434396163,3.9208487123206206e-08,1.6516327917413635e-47,3.2181778249030517e-38,0.9940029488898746,6.19015159569743e-08,2.318210312307214e-05
2.541281282664661e-08,9.144489452001557e-06,2.545749595378434e-20,0.005389750189537876,3.436909890840396e-08,1.230380764368391e-47,2.397375561854109e-38,0.9945815008555658,4.725126198928932e-08,1.9497432270291556e-05
2.2154687422427446e-08,6.443507096995352e-06,2.2194035117759564e-20,0.004958032849605261,2.2445428351932556e-08,1.0726551402455836e-47,2.0900499211250663e-38,0.9950208428831843,3.935807631443848e-08,1.459680192121213e-05
5.2103797059934774e-08,7.296777776215128e-06,5.221492253005167e-20,0.007201746397616974,6.302759875205496e-08,2.5235881962071446e-47,4.917167794699901e-38,0.9927793072102722,9.586822184426403e-08,1.1438614717022662e-05
1.0190274455182875e-08,3.79219313108142e-06,1.020714189457821e-20,0.0028150022460790665,1.3325715184108797e-08,4.9331918068716725e-48,9.61223860306711e-39,0.997173094015581,1.8839873284051633e-08,8.06918934600207e-06
2.5122533128009842e-08,9.425458898158567e-06,2.5164556845000885e-20,0.005268227634296372,3.567609825989316e-08,1.2162227872746226e-47,2.3697889892476083e-38,0.9947027628016687,4.6944454994490364e-08,1.947636205051137e-05
2.1967166555308478e-08,8.091999139641005e-06,2.2004506827324176e-20,0.004961006799785041,2.880953670849006e-08,1.0634950891832691e-47,2.0722017206345446e-38,0.9950131351648946,4.069949244192839e-08,1.7674559984906058e-05
1.95992560059254e-08,7.528225758814647e-06,1.9632448857205036e-20,0.004541155977946673,2.641216142447274e-08,9.48851665348512e-48,1.8488209993260322e-38,0.9954352946542014,3.6444041322785636e-08,1.593868663413539e-05
3.871960507254374e-08,1.307439582337159e-05,3.8784162837862547e-20,0.006623029031892739,4.6302326799993e-08,1.8744690367217291e-47,3.6523703801528117e-38,0.9933349179672012,7.058860783642066e-08,2.8822994542993834e-05
2.719563853768038e-08,1.0223504680941229e-05,2.7242377688270414e-20,0.005312248736277133,3.623571782621881e-08,1.3166454997834901e-47,2.565460901387301e-38,0.9946555341147799,5.05169528296656e-08,2.187969595291524e-05
8.262856206578739e-06,0.0017021007254683716,1.8472817398884033e-62,0.995093188540861,5.5574581550981335e-06,8.920823814738594e-86,8.391062585179068e-63,1.605656076843762e-63,1.415338738380486e-05,0.0031767370319252574
9.725762605792164e-09,3.916004853505692e-06,9.741122248503217e-21,0.0027160091224884804,1.433641574666278e-08,4.707960853525215e-48,9.173380000134475e-39,0.9972721075949477,1.8233283330204852e-08,7.924982248438736e-06
6.945993035055877e-08,6.7424354394881946e-06,6.961875649571422e-20,0.00926398114278293,8.479143645586953e-08,3.3647291543157633e-47,6.556116350661217e-38,0.9907190212386084,1.2785732490640261e-07,9.973074477557465e-06
1.8406290600358887e-08,6.510879980715311e-06,1.843838147007412e-20,0.004550206188086659,2.3271700218077756e-08,8.911414511486305e-48,1.736373648718122e-38,0.9954303050580579,3.401998968364874e-08,1.2902175894293762e-05
2.7073086472924756e-07,6.145601136856363e-06,2.7173413365866563e-19,0.019453013409340348,3.2584341542930103e-07,1.3133123999425848e-46,2.5589664142047835e-37,0.9805315164696715,5.02584553162078e-07,8.225361017901927e-06
3.934212920214676e-08,1.366123923016585e-05,3.941614968538285e-20,0.008169261333295234,4.375300683349324e-08,1.9050134571916146e-47,3.7118856532342213e-38,0.9917889638884865,7.184472292210248e-08,2.7958599129127585e-05
2.6854315850602663e-08,9.837503755599812e-06,2.6900062325963652e-20,0.005280594462139521,3.259013498643761e-08,1.3001011295950532e-47,2.5332244832599526e-38,0.9946891881235135,4.9312108519815385e-08,2.0271154032058856e-05
2.1718567336453092e-08,7.881822712136093e-06,2.175630171909218e-20,0.0055534239978140745,2.6016056299069537e-08,1.0514991414537277e-47,2.0488278247147353e-38,0.9944222624874427,3.9868158628639975e-08,1.6344089248656267e-05
1.094551878165618e-07,1.3422289371307257e-05,1.09746732005465e-19,0.009499482916784412,4.99161907769377e-08,5.304145712404376e-47,1.0335035848808323e-37,0.9904477400114228,1.5965200274077413e-07,3.9035759040140604e-05
2.6517758314678324e-08,9.441225576292532e-06,2.6564337605655862e-20,0.00608646363344956,3.32714585249255e-08,1.2838752903082844e-47,2.5016087170652976e-38,0.993883368857396,4.8906480514668656e-08,2.0617587880804413e-05
4.8071435624761295e-08,1.6191061062504386e-05,4.816016618110673e-20,0.007109689040004091,6.299281518186191e-08,2.3276186387534447e-47,4.5353245137314763e-38,0.9928400469190493,8.908739135203982e-08,3.387282824213187e-05
1.7882841943878103e-08,7.123026535136316e-06,1.791208158138259e-20,0.00482600825948605,2.3389454275524523e-08,8.657049643664726e-48,1.6868110957613749e-38,0.9951526020313401,3.318385703824584e-08,1.4192226485201205e-05
2.8278502292868614e-08,1.1270973206133368e-05,2.832557414446557e-20,0.00571516942417042,3.707264146790623e-08,1.3689972348541344e-47,2.6674673484268495e-38,0.9942510667944076,5.249593340229244e-08,2.237496113881877e-05
1.7782670690494703e-08,5.997067577653655e-06,1.781166428351575e-20,0.004160917542071687,2.4607778400080336e-08,8.608517175298824e-48,1.6773546285451794e-38,0.9958222930990723,3.316089276870139e-08,1.0716739936566415e-05
2.667305560437592e-08,9.802587404388258e-06,2.6717850883950264e-20,0.005527343991127399,3.693376278229729e-08,1.2912947075609264e-47,2.5160653227923985e-38,0.9944425599877115,4.9683652252521755e-08,2.0180143286197387e-05
1.3906376639231596e-08,5.529460884470996e-06,1.392827678138968e-20,0.0034745319949270907,1.922595652252485e-08,6.731645509727857e-48,1.311649442469219e-38,0.9965086377513988,2.5868822605085286e-08,1.1241791634175407e-05
1.3310748655946283e-08,4.941530657635232e-06,1.3332986502549791e-20,0.0033967584610675463,1.8783771816651048e-08,6.443937044751665e-48,1.2555899474862526e-38,0.9965882493868042,2.4870199201564828e-08,9.99365675083746e-06
4.388446881570681e-08,1.600799625390696e-05,4.3964094584987886e-20,0.0071326868443637205,5.155258071085372e-08,2.1248192044669893e-47,4.140173336310584e-38,0.9928185971806816,8.07345353491282e-08,3.2531807115735965e-05
2.0902593132493133e-08,7.092555665115105e-06,2.0937958022752866e-20,0.00514032825661606,2.5746548785952164e-08,1.011947948184527e-47,1.9717630111775814e-38,0.9948374558103596,3.8270814073791524e-08,1.5038457403048614e-05
3.9098347990065e-08,6.699312638830659e-06,3.917617983487723e-20,0.0074025421806348055,4.6052714279766595e-08,1.8934155259329205e-47,3.6892872854989054e-38,0.9925798442435027,7.161588039671353e-08,1.0757496281109008e-05
1.8574310956784102e-08,6.929583354683366e-06,1.8604658102939104e-20,0.004313865016510432,2.4114574438848886e-08,8.991777313472967e-48,1.7520322011877587e-38,0.9956645787694419,3.430491253221228e-08,1.4549636895117712e-05
1.0619243127364176e-08,3.506577434507039e-06,1.0636589978717573e-20,0.0026341131709836673,1.4723213721225667e-08,5.14074743723656e-48,1.0016657145986576e-38,0.9973558703976775,1.9777495235852018e-08,6.464733952361702e-06
2.1239443942461358e-08,6.063610708986415e-06,2.1276764943768403e-20,0.004627559768396402,2.2216152872737155e-08,1.0283227526511235e-47,2.0036690334393248e-38,0.9953527742373957,3.7821467965235566e-08,1.352110643394397e-05
1.5751681653865524e-08,6.019028945352531e-06,1.5777069543711892e-20,0.004054504293795272,2.1588439024261752e-08,7.625181565353394e-48,1.485753391866691e-38,0.9959278783418966,2.932994166993417e-08,1.153166530030462e-05
1.5845788106257832e-08,6.302041777449199e-06,1.587162646421311e-20,0.003983301223054667,2.2093369249171996e-08,7.670881667332717e-48,1.494657977409014e-38,0.9959972320505854,2.95672456505034e-08,1.3097178179618853e-05
1.292327553092039e-08,4.281014763551778e-06,1.2944452056829578e-20,0.0032531027293258748,1.8611920350540654e-08,6.256155297019472e-48,1.219000999900867e-38,0.9967345609053522,2.4163021858542798e-08,7.999652340710383e-06
5.968580215768672e-08,5.084314711977521e-06,5.980832807096462e-20,0.009853488455743442,8.534260135554673e-08,2.8905834470577607e-47,5.632251670509226e-38,0.9901339995462707,1.1162582315518134e-07,7.17102904710207e-06
6.630761854919388e-09,2.7967334285324576e-06,6.64080895426995e-21,0.0020907877701782,9.894619319398854e-09,3.209555100003664e-48,6.253762399417012e-39,0.9979007680986409,1.2443195570993084e-08,5.618429175691315e-06
3.540460605920211e-08,1.0750239916252763e-05,3.5473197911130047e-20,0.006007609965730639,4.4125510254574776e-08,1.714447502602837e-47,3.3405711986498627e-38,0.9939595159983601,6.538041355603598e-08,2.1978885463161715e-05
5.964293134470264e-08,1.532463925380164e-05,5.976183427782224e-20,0.008530254416420498,5.493864863671536e-08,2.8883363655361235e-47,5.627873271170194e-38,0.9914158622885262,1.0466585829832918e-07,3.833940836119378e-05
1.3283316576838121e-08,4.8897096711258886e-06,1.3305430086688333e-20,0.003634772067931751,1.7300371304096315e-08,6.430618812639432e-48,1.2529949130775864e-38,0.9963498129993084,2.45391137888369e-08,1.0470100287079917e-05
2.2009364290154295e-08,8.525131768476968e-06,2.204573307786954e-20,0.005514954682756683,2.8315812333414618e-08,1.0654875862360092e-47,2.0760840665551238e-38,0.9944592242149854,4.074263943787534e-08,1.7204902673459824e-05
2.5696993179065408e-08,8.289961410819704e-06,2.5741069623388504e-20,0.005198982847214869,2.915061551513155e-08,1.2440861024344644e-47,2.424080175172264e-38,0.9947743846949495,4.644463311784534e-08,1.8241204182975917e-05
1.9620422696003878e-08,6.5443457825646445e-06,1.965479618135991e-20,0.004365167324329596,2.40985102628575e-08,9.49931729068258e-48,1.850925484735713e-38,0.9956139326888548,3.593843732873927e-08,1.4275983662733672e-05
1.186938886457416e-08,4.838500065446574e-06,1.1887849179566999e-20,0.003348811398894688,1.7010285906000433e-08,5.745490831778962e-48,1.1194989152837235e-38,0.9966363641448314,2.2187306365566172e-08,9.934889227282787e-06
7.920318833570633e-08,7.690719125612009e-06,7.938646954416678e-20,0.010327158094683968,9.733032618439162e-08,3.8368103939044373e-47,7.475958451395508e-38,0.9896534529090678,1.4608721638207774e-07,1.1375656391939231e-05
1.2015389120085478e-08,4.255899734817872e-06,1.2034942842076485e-20,0.003168456673120866,1.5587437808291887e-08,5.816582353600557e-48,1.1333509749067138e-38,0.9968183774818756,2.211335223032181e-08,8.86022908945664e-06
8.799802378384372e-09,3.182148731325429e-06,8.81380754130141e-21,0.002411534512584597,1.2671481333813785e-08,4.259782375827214e-48,8.300112016028977e-39,0.9975791960449623,1.6455333265502114e-08,6.049367104469076e-06
1.3034522883242168e-07,6.581357396772952e-06,1.3070340982125835e-19,0.01315614211871985,1.6011248972558147e-07,6.316998402882169e-47,1.2308561734639397e-37,0.9868276279149826,2.412487712700434e-07,9.11690241112204e-06
1.3147640369370256e-08,5.1829492675044565e-06,1.316937217673259e-20,0.0032842539801179725,1.8440781034372676e-08,6.36486095666113e-48,1.2401821089857385e-38,0.9966997036939927,2.4556923708739577e-08,1.0803231276701676e-05
9.341675611696421e-09,3.6579126410154064e-06,9.356367566317997e-21,0.0026833940398256827,1.3358215347943225e-08,4.5220058951818e-48,8.8110499916944e-39,0.9973055993833111,1.7425976242454303e-08,7.3085383549801565e-06
2.771983857815227e-08,4.788646977781446e-06,2.776992513919977e-20,0.00599288078201827,3.969058380266375e-08,1.3421422822279774e-47,2.615140939395456e-38,0.9939947554732792,5.1806265174602166e-08,7.455881037380589e-06
2.050090809947317e-08,4.235848783423376e-06,2.053811814026237e-20,0.004459812433227396,2.7759215805009776e-08,9.926233727770821e-48,1.934109411441082e-38,0.9955289308675566,3.807665227408956e-08,6.93451365652111e-06
7.216146539242583e-09,2.233084868392467e-06,7.227744296479584e-21,0.0020853656679012443,1.062468727161945e-08,3.4932255585176176e-48,6.806489363748584e-39,0.9979083828919842,1.3515742664106558e-08,3.986998669538868e-06
2.4908089691669713e-08,8.945331706637342e-06,2.4950033317176437e-20,0.004690064647939114,3.487575434872165e-08,1.20585469676726e-47,2.3495869448681173e-38,0.995283276158834,4.652418613444881e-08,1.7607553490093015e-05
2.3037268396646447e-08,8.723216926959286e-06,2.307730292066344e-20,0.0048335776629286715,3.123392745211309e-08,1.1153441665524824e-47,2.1732287478682196e-38,0.9951388515054792,4.294047956554116e-08,1.8750402989703126e-05
1.6580941947065966e-08,6.297305750505728e-06,1.660864111313681e-20,0.004433504497365598,2.2320022459374003e-08,8.027086632950572e-48,1.5640638966426182e-38,0.9955468033393319,3.08019058243327e-08,1.3325154681921418e-05
7.902040831047015e-08,1.8432932074444647e-05,7.918778043058903e-20,0.009396839680407559,8.234134201542131e-08,3.8272075930681234e-47,7.457247560655803e-38,0.9905526936364866,1.4350878064203167e-07,3.172888050034343e-05
4.9719183613177865e-09,1.8579793359070587e-06,4.979783886440765e-21,0.0015566355138575529,7.036788905823141e-09,2.406768645161105e-48,4.689546927294428e-39,0.9984378047642906,9.263817212381526e-09,3.6804699915982097e-06
4.2283920929105256e-08,1.4523575614877553e-05,4.235728803135703e-20,0.007108657096781978,4.956779454472197e-08,2.04716098233715e-47,3.988857638517888e-38,0.9928457996825598,7.712918847917089e-08,3.085066413943134e-05
4.440259969873271e-08,1.171883104717772e-05,4.448954897289884e-20,0.007828486656586635,5.171772541201378e-08,2.1502148275326776e-47,4.189656267025122e-38,0.9921360455891439,8.110311962903383e-08,2.3571699777460992e-05
4.440259969873271e-08,1.171883104717772e-05,4.448954897289884e-20,0.007828486656586635,5.171772541201378e-08,2.1502148275326776e-47,4.189656267025122e-38,0.9921360455891439,8.110311962903383e-08,2.3571699777460992e-05
4.1793489523443516e-09,1.7861312002685084e-06,4.185651045245173e-21,0.0013756135533188987,6.329381639981781e-09,2.0229580088227627e-48,3.9416985647515e-39,0.9986190312739718,7.853661928468109e-09,3.550679116622544e-06
2.6398020184102554e-08,4.18773237736446e-06,2.6444893501284414e-20,0.006053035747404496,3.955303012452943e-08,1.278102462976695e-47,2.490360463217099e-38,0.9939363507470409,4.9543254634510366e-08,6.310278872481336e-06
1.1139280367343343e-08,4.385540239957094e-06,1.1156397017909508e-20,0.0031694071720157523,1.5901061715715296e-08,5.3919742599241105e-48,1.0506168249082026e-38,0.9968172707743517,2.0769880456875604e-08,8.88870317013647e-06
2.6915945720533867e-08,9.775452538573135e-06,2.6961979764611068e-20,0.005813512702626624,3.6129449193237557e-08,1.3030936480119874e-47,2.5390553534498317e-38,0.9941554877891763,4.996831005333685e-08,2.1111041953483193e-05
1.2390446827357012e-08,4.754375039058274e-06,1.2410877540113891e-20,0.00322625417442974,1.7472848343841502e-08,5.998274544365733e-48,1.1687533828876096e-38,0.9967590428835986,2.312378877076855e-08,9.895579848715046e-06
4.238304360862364e-08,1.4159562921467111e-05,4.246436707867491e-20,0.006799495243415099,5.4164537889142896e-08,2.052336196754388e-47,3.9989414539761156e-38,0.993155319924028,7.843928148084433e-08,3.085028277268401e-05
4.289289870582986e-08,6.116885155472345e-06,4.297899426517565e-20,0.007403559157399994,5.619048978229293e-08,2.077208532676233e-47,4.0474047687743324e-38,0.9925807848901328,7.949671685198456e-08,9.360487206311423e-06
7.690264901602696e-08,1.033855500792519e-05,7.707798789429007e-20,0.009186856981994123,9.617079055387843e-08,3.7252396635363757e-47,7.258564819969618e-38,0.9907860785531651,1.4192509458003743e-07,1.6410911298900657e-05
1.485858533472033e-08,4.628906845988235e-06,1.4884212924476825e-20,0.003560351718636872,2.0781506754766414e-08,7.193656952076373e-48,1.4016715700300216e-38,0.9964263432994338,2.772571633386084e-08,8.612709274587384e-06
1.2054137128608509e-08,4.606982806894308e-06,1.2073324131286435e-20,0.003023603101158301,1.654221628925912e-08,5.835132331980722e-48,1.1369654059941792e-38,0.9969622618591598,2.2387265366663184e-08,9.47707325602654e-06
1.1211705778631558e-08,4.590413205595988e-06,1.1229463958429855e-20,0.0029639164117878977,1.616517582138864e-08,5.427288085875685e-48,1.0574976625954958e-38,0.9970222342976354,2.095829298242167e-08,9.210542196588394e-06
3.8521870934344115e-08,1.2761607137200548e-05,3.8596421019047924e-20,0.006491502785789737,4.833695018517908e-08,1.8653953272352821e-47,3.63469041472411e-38,0.9934682672439117,7.118853917951082e-08,2.7310315801054884e-05
3.438821705004682e-08,1.2811715232180993e-05,3.444873969044463e-20,0.006082038703982463,4.317712218141749e-08,1.6649346325657106e-47,3.2440962308497934e-38,0.993878714102394,6.364761593021598e-08,2.6294265436008713e-05
0.006351250937467667,0.004477717034710782,4.4551697397645005e-63,0.9675762543288664,1.1299852727438953e-05,2.151473890257523e-86,2.0237090697501423e-63,3.8724306160550584e-64,0.0002011335062794734,0.021382344339948144
3.171743564939982e-08,8.855085492936e-06,3.17783000080279e-20,0.005538756274955979,3.994895298312916e-08,1.5358701863367337e-47,2.992616397732914e-38,0.9944354708017409,5.8684282582946387e-08,1.6787487139032733e-05
1.6830868118403183e-08,5.800726003639421e-06,1.6860124546864968e-20,0.0036725297569599794,2.2796328272315775e-08,8.148630550694156e-48,1.5877465180334084e-38,0.9963103030125393,3.1358530512913435e-08,1.1295518770209778e-05
1.6416053051331503e-08,6.142436417974188e-06,1.644424339519558e-20,0.003994752033920634,2.165028249920834e-08,7.947631925296622e-48,1.548582284777398e-38,0.9959858297315657,3.045178167719954e-08,1.3207279978607661e-05
6.34758467799259e-08,1.9209840340287483e-05,6.361109527109684e-20,0.010075574663825597,6.070439589801504e-08,3.074374171130063e-47,5.990364706039813e-38,0.9898639229307025,1.1375229815297385e-07,4.1054632590912484e-05
6.332576115161255e-08,1.904840226729762e-05,6.346222920143863e-20,0.008497108500708263,6.86240432831337e-08,3.0671793571190103e-47,5.976345735830182e-38,0.9914383499655801,1.1512013697005246e-07,4.5246061503152065e-05
1.0541437891114539e-08,3.991593206683879e-06,1.0558521809138707e-20,0.003022525507578742,1.4254170536770118e-08,5.103016478019807e-48,9.943139026904154e-39,0.9969650649937135,1.955050531427923e-08,8.373559387169951e-06
