i = 0,i = 1,i = 2,i = 3,i = 4,i = 5,i = 6,i = 7,i = 8,i = 9
3.597733871559859e-09,0.030401328732540714,0.8961850936345701,7.155829794145618e-26,1.2971958550535445e-68,0.07341304528480326,9.917354076512005e-09,1.7643188069510117e-07,6.696179569629175e-08,2.754393216450671e-07
4.1497768033711844e-09,0.03398810483102639,0.9086887979493304,8.253789810201527e-26,1.4962320566981782e-68,0.05732247563453718,1.1285694271889984e-08,2.3220543157540902e-07,7.372917351943807e-08,3.002150297881943e-07
4.37215584630395e-09,0.03254765746917051,0.8834091368777425,8.696109103497503e-26,1.5764148964777346e-68,0.08404264035226891,1.242194692523974e-08,2.0709593377585665e-07,6.764355670815624e-08,2.7376722487365994e-07
4.12135237687841e-09,0.03316117016380917,0.9359784533310774,8.197306175247531e-26,1.4859928057309984e-68,0.03085986623549123,1.0933983795424381e-08,2.076049370001089e-07,7.802119460597086e-08,2.0958815431333947e-07
5.957515699071451e-09,0.050246629756967295,0.9294283669289793,1.1849696160410192e-25,2.1480914422396887e-68,0.020324284488062512,1.324965378251379e-08,3.746745818294484e-07,8.129071007181923e-08,2.436535295682637e-07
0.021147094318254952,8.711238191172792e-93,1.3180998565363758e-28,3.2562809732510934e-57,6.105196234431244e-63,2.4111847074372268e-82,0.025666371556670283,0.7272597180936725,0.22592681603140236,1.0723094247263037e-55
9.439724799176704e-09,0.05683531724559608,0.9204138895385393,1.8776358586275416e-25,3.4037442521400255e-68,0.02274999990517299,1.9608836628547424e-08,4.3477764196296423e-07,9.124735799589143e-08,2.3823713035888253e-07
5.347404421432427e-09,0.06735477115178769,0.9191315676385454,1.0949532172748776e-25,1.984911346114684e-68,0.013513087467648656,1.435393045573125e-08,2.0749648651886198e-07,7.851551420914802e-08,2.680286825268999e-07
6.011171735772161e-09,0.05125537930543806,0.9221297203699651,1.1956397159094939e-25,2.1674340058843925e-68,0.026614240428638074,1.3210972049358522e-08,3.04403635453439e-07,1.2389127429863795e-07,2.1237890522637035e-07
6.5238130760107235e-09,0.05732311330349881,0.9250413475903564,1.3143478699465595e-25,2.382625995922949e-68,0.017634921156329718,1.5825088924629906e-08,2.466871205159225e-07,1.0440700799005456e-07,2.445067844187404e-07
2.0925238139718892e-09,0.02625707126159696,0.9607382194032384,4.1824117404952545e-26,7.58180019644458e-69,0.013004305577712252,5.910657433976483e-09,1.3643836394724363e-07,4.211475169509237e-08,2.1720115534745646e-07
3.5172461952383225e-09,0.04450092512797715,0.9420854553844865,7.064488057185974e-26,1.2806375905355176e-68,0.013413072137210004,9.415482621930322e-09,1.9703263781326492e-07,6.909506952362924e-08,2.682898900767308e-07
2.9791358731290027e-09,0.033605780857461805,0.9500568788583937,5.935429895491997e-26,1.075963973415384e-68,0.016336858134530927,7.624709091370528e-09,2.1217215385648917e-07,6.01506892948839e-08,1.992229255501222e-07
4.986919204778196e-09,0.0421604926956811,0.9328293348535546,9.918985169343959e-26,1.7980956532165282e-68,0.025009519826166886,1.2377943722707349e-08,3.322898723727548e-07,6.438966545377012e-08,2.3858019669088923e-07
4.064485529049136e-09,0.03522541982887059,0.8889469638591686,8.084211937657167e-26,1.4654912873253083e-68,0.07582705422434463,1.0726535546887874e-08,1.971160813046828e-07,6.660678878404772e-08,2.8357372511853083e-07
2.696246366860607e-09,0.025331143815552862,0.9508217742784894,5.362775875813761e-26,9.721542906705401e-69,0.023846641000385548,7.359645732663383e-09,1.5685022579413537e-07,6.413928895855521e-08,2.0986016530230213e-07
5.8241115250909304e-09,0.15345783894825402,0.8374427630107869,1.235988246574187e-25,2.2405770909512865e-68,0.009098117812040042,1.8767893962746805e-08,2.184006311168805e-07,7.095707833702228e-08,9.662792041147693e-07
2.1466609348891125e-09,0.023224854709475527,0.955610606940063,4.2828434771778895e-26,7.76386102836533e-69,0.0211641746198783,6.230027993456689e-09,1.1699309269935769e-07,4.275771241638773e-08,1.9560308900200407e-07
3.7158811359944353e-09,0.03624948697166607,0.9413067296900401,7.390801674579861e-26,1.3397911316492514e-68,0.022443179589166827,9.58613488628969e-09,2.416146115808681e-07,7.420047202405057e-08,2.7463202744918783e-07
2.443249562080595e-09,0.026060430763926612,0.9222864494866719,4.867737098607138e-26,8.824145584023725e-69,0.051652683656182155,6.92191557105233e-09,1.409356613889224e-07,4.83811144461648e-08,2.3741127834814553e-07
2.540139598313551e-09,0.025242069431649913,0.9516682139635292,5.052267114536099e-26,9.158658252270599e-69,0.023089252623990583,6.989158499965137e-09,1.6485312412556583e-07,5.564909722581548e-08,2.339493110114122e-07
1.823608203218906e-09,0.01937949351147044,0.9551557502900497,3.6270977690127895e-26,6.575137094074938e-69,0.025464376944428536,5.1374923657027035e-09,1.3232495129862408e-07,4.0089888747854066e-08,1.9987811063200557e-07
6.71474160988711e-09,0.0462177304060089,0.8749327145467888,1.3355585979207891e-25,2.4210764191475906e-68,0.07884880330146282,1.7734561276125785e-08,2.9778636439099095e-07,7.670653363967765e-08,3.5280353864134905e-07
3.4047309905326056e-09,0.02789684995872662,0.9392002276055319,6.771932308988171e-26,1.2276036147630975e-68,0.032902463103665076,9.220391059912038e-09,1.748958179686781e-07,7.429046015775561e-08,1.9752067636322732e-07
4.495248098885361e-09,0.03324506636434949,0.9304614505990647,8.940973415183001e-26,1.6208034550805175e-68,0.03629298982971222,1.1524785207090043e-08,1.9934769767101665e-07,8.44977241913206e-08,1.933414184087743e-07
5.021759578263486e-09,0.04114238062854511,0.9350409789825268,9.98835507132274e-26,1.8106709033134446e-68,0.02381603118409522,1.2010568077174251e-08,3.1597433830258034e-07,6.872474607022124e-08,2.0747342076139062e-07
4.438236585379236e-09,0.03841484906634095,0.9348793739852871,8.870947422519872e-26,1.608109270053515e-68,0.02670530833583734,1.1675076542830026e-08,1.878647563019061e-07,6.459458223173757e-08,2.0003988297523322e-07
3.506271306943758e-09,0.032087754504162506,0.9378443851394327,6.973929177529157e-26,1.264221240970408e-68,0.0300673727187412,9.098989613349576e-09,1.9631303036508192e-07,7.979834971895608e-08,1.9892102249566707e-07
5.325333177608527e-09,0.0420221713216423,0.9000584948847555,1.0591997098174424e-25,1.9200980358325485e-68,0.05791865462532934,1.3618062836324798e-08,2.61787718495209e-07,9.362234359816523e-08,3.048148147565809e-07
2.2725129699744302e-08,0.08714884501709591,0.8782405518747451,4.631864221585726e-25,8.396559507784102e-68,0.034609488365431706,4.9210166201711654e-08,4.5861641999423737e-07,1.1837541427962455e-07,4.6581559690577324e-07
4.918670151506732e-09,0.04803546891125155,0.9325412055459469,9.982371360586747e-26,1.8095861870767737e-68,0.019422775484451874,1.4705583502231466e-08,1.7859819782378573e-07,6.160826527005668e-08,2.902276327555378e-07
2.0933222479294325e-08,0.07329423033798213,0.9050428121449592,4.16412748268599e-25,7.54865482529236e-68,0.02166199938673988,3.2273585367300715e-08,5.323786108189357e-07,1.1934581897375891e-07,2.531990810832521e-07
1.2382940076120798e-08,0.21689390176366757,0.7723982332359856,2.782868057484006e-25,5.044732774782515e-68,0.0107067875174452,3.667538016861326e-08,3.0267546620867676e-07,1.1817602300738215e-07,6.075730921127255e-07
4.5743516487946065e-09,0.04062422291751734,0.935127119863603,9.098358725235954e-26,1.6493339788241136e-68,0.02424799259935711,1.1098449832998786e-08,3.099914778664648e-07,8.454266998364025e-08,2.544125734730545e-07
1.327352762292964e-08,0.06692371827288873,0.878449080667173,2.6401412940635923e-25,4.786000284994062e-68,0.054626265460150245,2.788453908838258e-08,3.76438691485041e-07,1.2510307778312785e-07,3.928999518470985e-07
9.780833798066897e-09,0.06275056246513186,0.8872344725369797,1.9454269911755024e-25,3.526634788500386e-68,0.05001414280416801,2.04378244562855e-08,3.3707088366555853e-07,1.165984644939963e-07,3.3830571403284247e-07
5.343255554934596e-09,0.04107750453592428,0.8889793418005015,1.0645530684735515e-25,1.929802507374061e-68,0.06994250539534609,1.5100297928820726e-08,2.5016313752039016e-07,6.14188399974195e-08,3.1624269712136137e-07
3.5511180341598985e-09,0.034249381852573785,0.9463995638828667,7.084919011251033e-26,1.2843412768570767e-68,0.019350590998891557,9.266404559168588e-09,1.812952968175606e-07,7.481788113947535e-08,1.9433496733356704e-07
4.152686402880746e-09,0.03690864987535418,0.924486205352563,8.259714383845833e-26,1.4973060526700562e-68,0.03860456840160043,1.0810157882220424e-08,2.6057014254034645e-07,5.4769173665472234e-08,2.4606832192773494e-07
2.2815250439945924e-09,0.023009075724718137,0.9335657742367102,4.537891827520376e-26,8.22620805508359e-69,0.04342475854824933,6.2669057520875116e-09,1.6457180498621015e-07,4.192789292114762e-08,1.7644219362807776e-07
1.4065138461001261e-08,0.061033775228125885,0.8787652859857863,2.7975816090557936e-25,5.071405234386924e-68,0.06020000249102891,3.3945418620932786e-08,3.992988210479048e-07,1.0741540148216854e-07,3.815702792096965e-07
1.551179027072064e-08,0.06570919065533233,0.8859133554501443,3.085315224267233e-25,5.593003516835196e-68,0.04837644090568792,3.4193931228728e-08,4.648557454336516e-07,1.1697949788672668e-07,3.814478707325693e-07
1.1055507755954729e-08,0.05470022384269429,0.8892001687717888,2.198956491198395e-25,3.986228470888637e-68,0.056098842595899256,2.6102730883253475e-08,3.3983879639033484e-07,9.628028072255539e-08,2.915123019762926e-07
3.941153667771161e-09,0.03288740342645567,0.9190753903265194,7.838937633384012e-26,1.4210284060093527e-68,0.04803666022298999,1.081586557906663e-08,2.019832543177023e-07,6.671258532659603e-08,2.6257117604864164e-07
3.820054806699267e-09,0.042646113399987494,0.940953333529851,7.621485835578585e-26,1.3816091382372322e-68,0.016399941192895385,9.630344268370228e-09,2.2038632641277887e-07,8.697111699302838e-08,2.91069423647334e-07
6.9205967293669665e-09,0.1419807813133314,0.8468405503842756,1.440287833419632e-25,2.6109276790296673e-68,0.011177761114969655,1.774658593857508e-08,3.071321512978433e-07,7.875703167083027e-08,4.96631057811613e-07
1.624929331671995e-08,0.10986349531354157,0.8669091521594798,3.3441905013942627e-25,6.06228792706496e-68,0.023226408888407962,2.943297282571013e-08,3.8132048486054877e-07,1.3689611849981097e-07,3.7973970115361727e-07
2.289089363266185e-09,0.026424040396089338,0.9525032787334756,4.5529387968415956e-26,8.253484928340935e-69,0.021072220717405693,6.002748049652036e-09,1.7769470312633844e-07,4.902490784905959e-08,2.2514158070563605e-07
7.518924162714546e-09,0.046122456876257836,0.8975405109694615,1.4955039683042335e-25,2.711022487549263e-68,0.056336358261536726,1.877182315362405e-08,2.9693916172733294e-07,8.647686302171851e-08,2.6418597193368853e-07
1.160598488905464e-08,0.06383170631105593,0.9063734059272371,2.3084794064349447e-25,4.184769626513199e-68,0.029793959594799756,2.6694612336130206e-08,4.0486443952338875e-07,1.11321537758054e-07,3.7368033279850054e-07
1.3532047437167726e-09,0.019663434578222883,0.9705029329519883,2.710745183929279e-26,4.913989736838424e-69,0.009833280311819233,4.045014511202032e-09,9.232146061973754e-08,2.5239438783715857e-08,2.291988510241393e-07
1.872341478619425e-08,0.47372727709777623,0.5190766910005067,5.231177292351329e-25,9.482983379845155e-68,0.007194898723790048,6.83054653073055e-08,2.821745515619516e-07,9.165377107244244e-08,6.72320724171621e-07
5.702852281780643e-09,0.12265162449089949,0.8674764562768931,1.194176818033467e-25,2.1647820911299345e-68,0.009871162309733575,1.616182873911944e-08,2.5587585152e-07,6.57327112812709e-08,4.1344922995245646e-07
2.436605781088525e-09,0.02544232657311335,0.9442987013794711,4.846354581441763e-26,8.785383744467076e-69,0.03025856475124186,6.475695152802572e-09,1.672314795939193e-07,5.4801023725583854e-08,1.7635136953084143e-07
4.19890855551145e-09,0.038277063004976915,0.909680657139359,8.351572079376505e-26,1.5139578492226574e-68,0.05204170595559763,1.0436011952950915e-08,2.146606657166131e-07,8.629010028546324e-08,2.5831437991207083e-07
4.225578435707713e-09,0.03930548194644944,0.9146053256377573,8.404634524772882e-26,1.52357691314778e-68,0.04608863075458716,1.0238489499738013e-08,2.1003357702732718e-07,9.054662040197672e-08,2.466169408757364e-07
5.193414815588487e-09,0.037572916055426495,0.8994181766566893,1.0329630539963262e-25,1.8725367017026305e-68,0.06300827509332739,1.4167885016673403e-08,2.2493053866406098e-07,8.200312733773293e-08,3.0589959071963136e-07
2.672355455989543e-09,0.02578404619256137,0.9444239834606472,5.315244261520176e-26,9.635378457830325e-69,0.029791548223138977,7.236980555787864e-09,1.8602635437894072e-07,4.5555073426394215e-08,1.8063288853017287e-07
2.3435672498912327e-09,0.023984877549006963,0.9522536257645455,4.6612877414515385e-26,8.449897931291947e-69,0.023761059085791878,6.280415313266132e-09,1.5549699718694096e-07,6.583944043437323e-08,2.0764023549470428e-07
1.0583712416894635e-08,0.06011094592634994,0.9171485358796398,2.1051970166691156e-25,3.816262994863922e-68,0.02273968039616732,2.1172488645185756e-08,4.5706397487538495e-07,1.0025592626742832e-07,2.48721740639745e-07
7.306433513857991e-09,0.05330855052037246,0.9258700148632162,1.4532672408870792e-25,2.6344565136333053e-68,0.02082063549298713,1.630710124659905e-08,4.326483535723746e-07,8.764580794249792e-08,2.5521572786376067e-07
5.353191455760797e-09,0.0518673808157139,0.9273033970668324,1.0665389477215475e-25,1.9334024732805234e-68,0.020828487725377945,1.2765472024350603e-08,2.670858079290295e-07,9.615117395005865e-08,3.5303643035048266e-07
5.076261881278857e-09,0.3457435912441346,0.6476501426994512,1.1019438283688176e-25,1.997583799200096e-68,0.0066048520162701714,1.716720296175992e-08,2.0225689709048989e-07,5.3068383109766876e-08,1.1364713989539925e-06
4.838460367377855e-09,0.042878218369764236,0.9364890080561469,9.67094790566617e-26,1.7531319076275981e-68,0.02063225701739722,1.1897007218562763e-08,2.090846625683043e-07,9.237259780398522e-08,1.9836396351889557e-07
2.7308649956855026e-09,0.027039895149003963,0.949085559338217,5.458342852781405e-26,9.89478499038918e-69,0.023874123616723215,8.262948693617525e-09,1.2998157506778685e-07,4.36415550650922e-08,2.3727911190341175e-07
1.3925638303311643e-09,0.02039602847682762,0.9638098404779976,2.7969851445485615e-26,5.070323974339206e-69,0.01579371689155623,4.428995166788926e-09,8.446704706184555e-08,2.1401229075812937e-08,3.024637834066054e-07
6.077221293810228e-09,0.04209430506843017,0.9329583444229433,1.2087575171072443e-25,2.1912137181339208e-68,0.024946698911381612,1.4720765202732903e-08,2.6256065200972576e-07,1.3286744053052945e-07,2.3537116570200387e-07
2.7252265065999883e-09,0.02487114880252793,0.9431410334048842,5.4204180401382e-26,9.826035577421455e-69,0.03198739306570997,7.432379295444377e-09,1.514530402173872e-07,6.97898734022498e-08,1.9332635865183306e-07
6.0240780168693534e-09,0.04294248792341677,0.9309466446604276,1.1981873305464057e-25,2.172052275522359e-68,0.026110256321620135,1.4409722588983126e-08,2.6382460964622667e-07,1.0969827536248268e-07,2.1713784975707686e-07
1.8820293442031373e-08,0.0695238449114503,0.8813302448412917,3.7433904609564915e-25,6.785950378211193e-68,0.04914482227359855,4.0057609045331964e-08,4.83981581834653e-07,1.2519398333317193e-07,4.199201917604175e-07
3.1231247204031234e-09,0.02806045495561653,0.9438068454925798,6.211806781857825e-26,1.1260650744392888e-68,0.028132251955708266,8.357039127677244e-09,1.8905927129888034e-07,5.799000382049846e-08,1.8906665656291616e-07
2.536313697071144e-09,0.02986746835588287,0.9492979680214209,5.094229425614552e-26,9.234726769221587e-69,0.02083418285665682,7.446329343354935e-09,1.3200224849888043e-07,3.6847070026980734e-08,2.0193407787034496e-07
8.905585118246869e-09,0.05904583210800892,0.9159482621783126,1.771387240807509e-25,3.2111386835250872e-68,0.025005126843756782,1.858172842927326e-08,4.081739343504368e-07,8.759577076531351e-08,2.5561290297304486e-07
1.0171164368924782e-08,0.06370740883426694,0.9151453613157192,2.0231408579257391e-25,3.6675130775718598e-68,0.021146398063895556,1.9200188530978343e-08,4.480143825097778e-07,1.1274094185815472e-07,2.4165944110230505e-07
3.666240394778374e-09,0.03920227566213722,0.9356714995508153,7.292146122837157e-26,1.3219070320437307e-68,0.025125695520674524,8.3151474951148e-09,1.9461879068673875e-07,1.1940894243027268e-07,2.032572520225218e-07
8.047794853749595e-09,0.07073208576267183,0.9098705584925383,1.603457041967985e-25,2.906717862824225e-68,0.019396637730296467,1.4939793139966573e-08,3.4822735633013996e-07,1.1403965949465721e-07,2.3275988949331005e-07
3.480183786245255e-09,0.033551621424665536,0.9301683440726941,6.922041475475503e-26,1.254815132389218e-68,0.03627950142078823,9.012769459034911e-09,2.3925619349219787e-07,5.677145060879332e-08,2.2456125490955374e-07
4.442556945946443e-09,0.04653162708592415,0.9364815412243288,8.879762754328974e-26,1.6097072974259714e-68,0.016986260888712582,1.079607462166926e-08,2.776360182650094e-07,5.951614690709115e-08,2.1841023757068868e-07
1.026084104566648e-08,0.07381264202058346,0.8950836543465508,2.0409491746233785e-25,3.699795671303418e-68,0.031102944150477124,1.7144305011018118e-08,3.129615990157649e-07,1.7914265043759544e-07,2.3997299297823147e-07
4.663960269025059e-09,0.04285441630426799,0.9332937068844315,9.276677700120595e-26,1.6816593193858745e-68,0.023851242622346638,1.0871218256835165e-08,3.048911579242426e-07,7.810018565328376e-08,2.3566243178296595e-07
5.019548457109177e-09,0.04291641134984904,0.9362577214818092,9.983957479663677e-26,1.809873715868178e-68,0.020825232679885067,1.1773593233354914e-08,3.346139395928266e-07,7.39711700539291e-08,2.091102053681925e-07
4.553482037242151e-09,0.042643402472298225,0.9268161628444136,9.056937841299661e-26,1.641825276060002e-68,0.030539830712655223,1.0723604264030897e-08,2.7002566426560733e-07,7.152855187464896e-08,2.471393303846764e-07
1.0289381343131648e-08,0.05901533207368363,0.9161272631389871,2.0466300296836055e-25,3.710093822390404e-68,0.024856645017700935,2.0048635546085363e-08,3.966546585552662e-07,1.1503768087373242e-07,2.1773927199748015e-07
5.232373321836847e-09,0.04937295696638091,0.924163532947876,1.0407303909965383e-25,1.88661718943268e-68,0.026462887738660706,1.1405802596043706e-08,2.761508800358139e-07,1.1816991747810626e-07,2.113881089524098e-07
0.9970015928357963,3.184681825600844e-95,4.818750865625609e-31,1.1904414283001533e-59,3.295411972614816e-65,8.814884804462246e-85,0.00033590423037103636,0.0022353501281092824,0.0004271528057234921,3.920182483136302e-58
1.914752869414058e-08,0.07147308654931367,0.8909392012565022,3.8087702202533734e-25,6.9044696208484325e-68,0.03758681630269718,3.614940073558858e-08,3.848367316635482e-07,1.5308331346013804e-07,3.0267451229577613e-07
7.36080493386085e-09,0.04661297561494884,0.9170888769600034,1.4640837443241082e-25,2.654064475013502e-68,0.03629748085216031,1.8558449833589026e-08,2.7952768168694607e-07,9.301711885934826e-08,2.6810883215933694e-07
8.309299376055372e-09,0.05036184149340616,0.8789314793844409,1.6527096304268778e-25,2.9960020624733068e-68,0.07070584726695986,2.183610193244132e-08,3.4198058463374724e-07,8.565257952853349e-08,3.7407662757920994e-07
2.9944368900707693e-09,0.07862522393837884,0.9127099279147166,6.162420978577243e-26,1.1171125055329583e-68,0.008664220565036497,8.850871986910699e-09,1.583324297045653e-07,5.044543601873684e-08,4.0695869344488967e-07
2.5780376032136864e-09,0.04751901078748972,0.943372714000167,5.232058357144817e-26,9.484580558133384e-69,0.009107770029631625,7.3202669405077545e-09,1.6787901876016506e-07,3.935297428162089e-08,2.8805241396277085e-07
6.33897671154568e-09,0.08530445216703854,0.9017786919659426,1.291994290456333e-25,2.3421038321844338e-68,0.012916145224064889,1.4940408334460602e-08,3.080772584634623e-07,9.330815968549442e-08,2.879781507883172e-07
1.7297478898060564e-09,0.0225091929343584,0.9639083061195167,3.457314852303416e-26,6.267357700000352e-69,0.013582084209253971,5.134407627265372e-09,1.1714009788498628e-07,2.998242621579759e-08,2.6275019140572454e-07
3.608030474361171e-09,0.03757073338742907,0.9400105775673848,7.176339080772903e-26,1.3009137413600052e-68,0.022418137659290755,8.449169457872472e-09,2.0144554684411313e-07,1.1454948537358402e-07,2.2333366304835383e-07
1.508429590857153e-08,0.3058323091734059,0.6848087253925276,3.562709904483295e-25,6.458415940293804e-68,0.009357896648613952,4.260696162018703e-08,3.202072365180618e-07,1.1830300230526451e-07,5.725839561771495e-07
1.1331024649990432e-09,0.01671765337508906,0.9644712263081854,2.2698358915361883e-26,4.1147173631231733e-69,0.018810733319352978,3.429745162014224e-09,7.32908355786531e-08,2.2479261994213084e-08,2.8666442736375985e-07
6.613614803368869e-09,0.05349979715174009,0.9116394576664234,1.315470136442984e-25,2.3846604202864495e-68,0.03486007313448223,1.4452562849959717e-08,2.63702250524788e-07,1.1172117536709532e-07,2.7555775075273145e-07
7.687213046136374e-09,0.05419500117574592,0.8935585814837507,1.5289847471506164e-25,2.771715836598768e-68,0.05224559664248196,1.8031440959015096e-08,3.385425458969525e-07,1.0047291226968065e-07,3.559639094131522e-07
1.0440569350605766e-08,0.0543175219276081,0.8890495391125287,2.0766501301543593e-25,3.7645137164057875e-68,0.05663215946568566,2.4786928001397107e-08,3.3998414358602324e-07,9.777043886431403e-08,3.065120977435178e-07
1.2778018457489937e-08,0.05987007549934644,0.8776726020044399,2.5415615524994908e-25,4.607296716256552e-68,0.06245637292587941,3.1391151448806646e-08,3.975121077354771e-07,1.0455843344410054e-07,4.033306232762948e-07
9.887723425934538e-09,0.07149375303051231,0.8938342938175263,1.9667208578968963e-25,3.5652359241389853e-68,0.03467120626526433,1.6679430584134793e-08,2.8051788368945805e-07,1.9790515190317192e-07,2.418965072473778e-07
7.88983623233014e-09,0.05593039728502604,0.904484329537526,1.569321470852967e-25,2.8448375182183303e-68,0.039584543674319586,1.7349184571458382e-08,2.859300997333063e-07,1.2048673142555035e-07,2.9784727648193126e-07
5.744029989318566e-09,0.0428279652838337,0.9266315986880612,1.1424932315128628e-25,2.071091022256721e-68,0.030539769803547067,1.4694845551651191e-08,2.552415424448739e-07,9.410891495905261e-08,2.9643522497214126e-07
5.266276317523372e-09,0.05289420022219715,0.9201497745788412,1.047474059846399e-25,1.8988419900938838e-68,0.026955425238762726,1.0684998488106095e-08,2.483403162850169e-07,1.1208530578623238e-07,2.2358330201216965e-07
1.2519521613436613e-08,0.27682820875947156,0.7133331140504454,2.813549565951508e-25,5.100351657226301e-68,0.009837418935156118,3.5143972990882804e-08,3.462473540460055e-07,9.616266725122046e-08,7.68181410968937e-07
2.858751989457584e-09,0.03158087897484669,0.9473864203096722,5.68599878238952e-26,1.0307475533291156e-68,0.021032198708224564,7.188738347305468e-09,1.937481843692919e-07,7.012474569206566e-08,2.2808683598689186e-07
5.890790398181961e-09,0.040780051425807234,0.9064578241573222,1.1716874887346761e-25,2.124013842598936e-68,0.05276149984687112,1.5747541818940635e-08,2.4058157645311403e-07,8.308653960547735e-08,2.792635510837417e-07
5.302088300895579e-09,0.04062486184164172,0.9347874292754128,1.0545750927035317e-25,1.9117146137502032e-68,0.02458707828955692,1.33199194336747e-08,2.723060930707547e-07,9.220265837847595e-08,2.4746262946994174e-07
4.563466668558483e-09,0.0384470565595401,0.933817022639208,9.076643373654922e-26,1.6453974592488447e-68,0.027735254163089404,1.13993632641687e-08,2.479896290808436e-07,1.2691555624799973e-07,2.7577014705110186e-07
8.796509603155152e-09,0.04801501798859086,0.9005536881734085,1.7496238952970547e-25,3.1716864852470387e-68,0.0514306221426074,2.0753120478102025e-08,2.8103299337776635e-07,1.0796581900670864e-07,2.5314695063961815e-07
6.231595091793754e-09,0.04353988758184886,0.9217880850271913,1.2394514894727709e-25,2.2468551949061377e-68,0.03467129582929614,1.5571215909978407e-08,2.960935450504671e-07,1.1428913866801413e-07,2.9937616890340113e-07
0.009810599291586331,4.167172080623637e-93,6.305359583897359e-29,1.5576985568076931e-57,2.920526650348114e-63,1.1534320808998962e-82,0.01162226428909582,0.9370939900938942,0.041473146325423746,5.1295783658367075e-56
2.744698783446497e-09,0.02573645553248319,0.9220868585898242,5.459163500487687e-26,9.896272645676793e-69,0.052176229744749884,7.736135709243817e-09,1.6332110049793997e-07,4.948362760566984e-08,2.3284738002920275e-07
1.579242180086098e-08,0.375591580096509,0.6159711723932525,3.8543147946397463e-25,6.987031999795056e-68,0.008436070455495485,4.558072490288617e-08,3.198846620620106e-07,1.0580391195917544e-07,6.899930222453327e-07
3.259891581634368e-09,0.04160464725785285,0.9444813921330848,6.51578890486607e-26,1.1811704027269015e-68,0.013913421342709207,8.200693822896915e-09,2.3652510376409316e-07,5.092137549320014e-08,2.4035928856080625e-07
4.464475502626065e-08,0.4075363971251612,0.5837146769420986,2.0210942993461808e-24,3.6638031132729616e-67,0.008747568915400043,1.4400467705310215e-07,3.8885634296127204e-07,1.2846951072605267e-07,6.510420544644687e-07
7.354323761571324e-09,0.054711326854136856,0.9252553843929859,1.4628156485248861e-25,2.651765693933063e-68,0.020032520118581844,1.56277257244048e-08,4.197208307652058e-07,8.77757131541322e-08,2.381557019154187e-07
6.041976517909651e-09,0.04928173912853552,0.9116839834545064,1.2017514635246475e-25,2.1785132711849693e-68,0.03903355637097533,1.4076233074707765e-08,3.1505580103934005e-07,9.616621932719087e-08,2.897057527725332e-07
4.621724679962427e-09,0.04454443857242968,0.9353031214700104,9.192692473587358e-26,1.6664346297441819e-68,0.020151819828781392,1.0466222673270788e-08,3.114706640755896e-07,8.284066717471028e-08,2.107294997705346e-07
2.3970599774289584e-08,0.09909868943325088,0.871378098572372,4.768231393617093e-25,8.643763445570867e-68,0.029522211808747843,2.3383743072914737e-08,3.106450218090133e-07,4.106569236940366e-07,2.3152934080897409e-07
6.364043495809236e-09,0.04992403003085879,0.9255184655384894,1.2658205052705215e-25,2.294656468802658e-68,0.024556826546313675,1.4324613318609587e-08,3.066138578715508e-07,1.331997973737275e-07,2.173820260451103e-07
1.069287906798158e-08,0.057444564244972865,0.8850946981422414,2.1268885770050405e-25,3.855585062278698e-68,0.057459970145889015,2.561280590637218e-08,3.29784543438265e-07,9.627998289913015e-08,3.050966855105498e-07
3.956703463822526e-09,0.03633442544899346,0.937617547006886,7.869888241263982e-26,1.4266390761074772e-68,0.026047476337207994,9.813837810014293e-09,2.7184735354380963e-07,6.307635775767478e-08,2.025126599711079e-07
6.159882389411509e-09,0.045236066956533545,0.9123431500274745,1.225199038179349e-25,2.2210186095288487e-68,0.04242008470648257,1.534882247045678e-08,3.269523727083355e-07,7.851335421930923e-08,2.7133507759399025e-07
3.6052713349577817e-09,0.04774906261774146,0.9350213116604452,7.288630137700253e-26,1.321269660630879e-68,0.017229040814559813,1.0405210763540804e-08,2.02232129427372e-07,4.473159550117112e-08,3.239330463881531e-07
6.358608430724348e-09,0.04382204223687595,0.9000782901107844,1.2647449944516927e-25,2.2927068022840507e-68,0.05609904784884026,1.655015304322241e-08,2.6710593429614006e-07,7.272164662255538e-08,2.5706715690580085e-07
3.47732883669952e-09,0.031205598842098076,0.9083606150253607,6.916331252748142e-26,1.2537799935630504e-68,0.06043325627398539,9.265673582632237e-09,1.8323782977331943e-07,7.523806190148409e-08,2.5863966175694224e-07
2.6715527064170914e-09,0.031013811145250883,0.9547591382348333,5.33974913105448e-26,9.679800441168349e-69,0.01422656477842701,7.479114104271937e-09,1.6052021918495352e-07,5.39984265622136e-08,2.611721764155487e-07
8.958337159024672e-09,0.055341065041962595,0.9126667292335074,1.7818400186812079e-25,3.2300872897966484e-68,0.03199136440753939,2.0231607657535904e-08,4.1206110770300536e-07,9.836671214160662e-08,3.0169922585082475e-07
4.084071782150441e-09,0.038246294703672766,0.9380834245444062,8.136928539809859e-26,1.4750476574140613e-68,0.02366977654010182,1.0003204784963896e-08,1.7051573876910514e-07,9.865129064290791e-08,2.2095751314606365e-07
8.93303337327674e-09,0.2514449052758256,0.7394069348593538,1.939212355683591e-25,3.51536900992168e-68,0.009147240405749508,2.3024011487025848e-08,3.1097784941015567e-07,8.753001599249663e-08,4.889941608775303e-07
4.4969893175127226e-09,0.03833287343916154,0.9213246764210868,8.944467649794467e-26,1.6214368835975403e-68,0.04034184534291899,1.1156021061343237e-08,2.142058387299186e-07,1.132113107728161e-07,2.6172667279585755e-07
2.412917209418442e-09,0.042157766463372125,0.9453342653599677,4.8780563612181554e-26,8.842852156247075e-69,0.012507305948270795,6.901608997156857e-09,1.446537028170806e-07,4.6621283314604844e-08,4.6163887693515036e-07
4.726630344772157e-09,0.05517406696001771,0.9190951616846245,9.430358503314707e-26,1.7095182968405642e-68,0.025730228988017093,1.0069276917368746e-08,1.961187484692583e-07,1.089834591409578e-07,2.2246922595946675e-07
3.047771076939773e-09,0.0340463486508479,0.9438647479085646,6.091758678834583e-26,1.1043029719118928e-68,0.022088445003369848,8.361193863628819e-09,1.9390073544635778e-07,4.178118378700725e-08,2.1134633359842233e-07
3.817134443986777e-09,0.03279530331811299,0.936438475599361,7.592190744995512e-26,1.3762985773140434e-68,0.030765641132336586,9.973818552474026e-09,2.0993527474655136e-07,1.0159775450168019e-07,2.5462620732538633e-07
2.8416524941413783e-09,0.038890357805931176,0.9482171238312023,5.744795080684725e-26,1.0414060397150592e-68,0.012891967356330357,8.378850279904379e-09,1.5046975348499206e-07,5.267319315876346e-08,3.3664308687873644e-07
1.3523094150877616e-08,0.48967983224822614,0.5035668923655677,3.45831067740206e-25,6.269162913689723e-68,0.006752204983974911,4.779734585554636e-08,2.55252276237889e-07,8.072588566639454e-08,6.731036292905256e-07
1.9966757102566215e-09,0.018978889017666038,0.9325662559781203,3.971324319230782e-26,7.199144745161719e-69,0.04845450504196141,5.731581196942355e-09,1.2235948486713187e-07,4.4167648421000735e-08,1.7570686235008272e-07
7.019287871104605e-09,0.06763066915032205,0.9161207126776001,1.4141642261941878e-25,2.5635712773449635e-68,0.016247781298090364,1.715248608801227e-08,3.128240108681941e-07,1.189777968795516e-07,3.809004058270006e-07
1.3541302605201931e-08,0.06637683014216053,0.9062020341870859,2.693439618030065e-25,4.882618520641832e-68,0.027420335146813406,2.3946436192581297e-08,3.7217411678519e-07,1.5819177972201195e-07,2.3267030488697854e-07
3.3316463010042136e-09,0.033030256094075255,0.9443585775049461,6.626597600648e-26,1.201257602256131e-68,0.02261063951234706,8.224154123641317e-09,1.8946020964280456e-07,1.0491562669819932e-07,2.2095699462520695e-07
4.799460412619853e-09,0.03924461758058681,0.9330940941917478,9.546144351930765e-26,1.7305077456144139e-68,0.027660703455895202,1.1886428494973586e-08,2.949226867862841e-07,6.304432493397625e-08,2.1011886962153902e-07
6.056352718082142e-09,0.049592455775941534,0.9077467350323117,1.2046123349103293e-25,2.183699406979288e-68,0.04266015653185307,1.3418949316659675e-08,2.435961151199872e-07,1.2763631784221736e-07,2.619521587367306e-07
4.84570356641515e-09,0.044347713389139,0.924578369404529,9.638144179188563e-26,1.7471853075488938e-68,0.031073286866297768,1.1506557061190488e-08,2.443347803686826e-07,8.947141032681003e-08,2.8018158270554375e-07
3.096965358435511e-09,0.026670457336542903,0.9360761153045617,6.159780625568636e-26,1.1166338671252304e-68,0.0372529702040447,8.450588514173546e-09,1.701211945879007e-07,7.161085913754551e-08,2.0387524320318642e-07
1.911983924158069e-08,0.28643780700799776,0.7036004253613362,4.666449498286037e-25,8.45925507052405e-68,0.009960587865021922,5.375369885063383e-08,3.5496789256783806e-07,1.2759199596513857e-07,6.243322175810552e-07
2.584407793246498e-09,0.029373032034205628,0.9418685210525005,5.149007990694849e-26,9.334028359130947e-69,0.028758026729595588,6.7807426568940064e-09,1.313579226043254e-07,5.482613087884243e-08,2.246344945906758e-07
1.90123541541529e-09,0.026427361819044013,0.9599047367981458,3.818660305601463e-26,6.922398188308439e-69,0.013667498151094951,5.56966041182071e-09,1.2007660028598392e-07,3.375392827475063e-08,2.4193029079315185e-07
2.6684339222713488e-08,0.42265516818805265,0.5691248900681377,8.08373058306959e-25,1.4654040282381333e-67,0.00821871309028178,8.337539222408459e-08,3.525517943597031e-07,1.0865323752431603e-07,6.573887644159791e-07
3.4083924806526405e-09,0.032439880265626865,0.9428922055583605,6.779196582708153e-26,1.2289204691364707e-68,0.02466732425759232,9.274367014386319e-09,2.221011676576546e-07,6.095378247619146e-08,2.9418071061648687e-07
1.9012687725834444e-09,0.02111031941860773,0.9491802150273838,3.787949597998406e-26,6.866726374200959e-69,0.029709108937206595,5.431850640819315e-09,1.0482850814679749e-07,3.943462421742252e-08,2.050205502688471e-07
8.299420150998067e-09,0.21261805616691717,0.7782045026227341,1.8164615420242392e-25,3.2928485597935434e-68,0.009176287913982943,2.7251414417721117e-08,2.615540403183845e-07,8.323864894121687e-08,7.729528419830635e-07
5.70127422984298e-09,0.20585922140022261,0.7853571789510224,1.2099243146149384e-25,2.193328867507521e-68,0.008782266829140021,1.731571396535512e-08,2.416779634880817e-07,6.218520952771493e-08,1.0059394538130238e-06
2.067251212292854e-09,0.041130363140078084,0.9510108299541299,4.213289729642696e-26,7.637775255503729e-69,0.007858252820255483,6.458155173953422e-09,1.1915842210092674e-07,3.3362199713270694e-08,3.930395083640599e-07
5.127260053407748e-09,0.04445847454512052,0.9257567739997784,1.027102373743204e-25,1.861912566765318e-68,0.02978403544265694,1.444338788343226e-08,2.2411045987256219e-07,8.210810008351265e-08,3.902232359332794e-07
5.372239123459118e-09,0.04178241051985843,0.9342190711993061,1.0685265943277688e-25,1.9370056430219434e-68,0.02399780741514182,1.402029233997722e-08,2.922045650896507e-07,8.68303021534391e-08,3.124382949506823e-07
3.82194493663489e-09,0.03384468000671829,0.9440588538468396,7.601807557892992e-26,1.3780418957255074e-68,0.022095922343552236,9.716149244155982e-09,2.0286512685827407e-07,1.0007013732798754e-07,2.2732953136814922e-07
1.4780114317728094e-08,0.0957985929654897,0.8850797818898686,3.0583522829931393e-25,5.544125585600133e-68,0.019120681899784192,3.2400725975730884e-08,4.2986346933254016e-07,9.948788531974348e-08,3.667126624267719e-07
9.609529090237687e-10,0.014238031537016447,0.9759457021127758,1.9206992192163522e-26,3.481808731686736e-69,0.009816028734002587,2.739582789343884e-09,6.028037287310332e-08,2.3870617823259038e-08,1.4976467885812467e-07
9.167010910105193e-09,0.05218845089240666,0.9042607124723739,1.823331370425513e-25,3.3053020602028902e-68,0.04355011602939567,2.0988063213178234e-08,3.431116810117636e-07,9.000928820764827e-08,2.5732978048935755e-07
9.426541108953482e-09,0.0817643825049482,0.9005176361036206,1.913162540964013e-25,3.4681463779541113e-68,0.017717233367735646,2.036958961848272e-08,3.0806618394510036e-07,1.527987700850164e-07,2.5736261078810975e-07
9.426541108953482e-09,0.0817643825049482,0.9005176361036206,1.913162540964013e-25,3.4681463779541113e-68,0.017717233367735646,2.036958961848272e-08,3.0806618394510036e-07,1.527987700850164e-07,2.5736261078810975e-07
1.5075422487167211e-09,0.015505081552060368,0.9255118345504508,2.998449754648374e-26,5.435535367957407e-69,0.058982783288114585,4.411775819377175e-09,1.0236966941897397e-07,3.0890287999724e-08,1.6143009855353928e-07
8.184419994887156e-09,0.27588355782162144,0.7157598060542947,1.8226075500251823e-25,3.303989931700505e-68,0.00835529988407657,2.8595656594551216e-08,2.403281645975099e-07,8.081354016290644e-08,9.783182259266875e-07
2.558909285128208e-09,0.02449318897860347,0.9410966428598548,5.098170400910053e-26,9.241870897806612e-69,0.034409806793735315,7.246541265137071e-09,1.3468628563103613e-07,4.605643721112512e-08,1.7081963300232678e-07
6.0784510478152445e-09,0.04068549930506267,0.9286394563622298,1.2090027226640998e-25,2.1916582223230077e-68,0.03067441808869321,1.5574751493888403e-08,2.536305620621395e-07,9.637324457604613e-08,2.545870051727273e-07
3.2691379036106354e-09,0.030965034899247137,0.9385297824205042,6.502269950960348e-26,1.1787197112661413e-68,0.030504645962060456,8.86232652721793e-09,1.94006554028532e-07,6.021081550350403e-08,2.7036935440935683e-07
9.385998433588607e-09,0.05707135546637642,0.908359745058434,1.8669141688019128e-25,3.3843081671560677e-68,0.0345680802668558,2.1687619306461255e-08,3.555662410471255e-07,1.1610373283337823e-07,3.1646474189893045e-07
1.0795516435051301e-08,0.29161384812317726,0.699030792147958,2.426139685222848e-25,4.3980620472929395e-68,0.009354237586498506,3.250036802589216e-08,3.0140421139849196e-07,8.061906249043005e-08,6.968232078633952e-07
1.8290004880173785e-08,0.16574161459994816,0.8203211873153606,4.1105227852797515e-25,7.451481201426037e-68,0.013936095607122638,4.917637928565539e-08,3.5990081184906277e-07,1.2186325903520372e-07,5.532471135677742e-07
3.2386837206442693e-09,0.05318887107675176,0.9362205952850835,6.57278041867144e-26,1.1915017210517216e-68,0.010589831729105052,9.208222584837e-09,1.8379431923257532e-07,6.22029719815796e-08,4.4346486221137737e-07
3.1776437597684874e-09,0.029741307719138008,0.9012941897378205,6.320283655114706e-26,1.1457295654076342e-68,0.06896398288972513,8.51687437080497e-09,1.698767582401968e-07,6.410342106249186e-08,2.7397861906903005e-07
2.922804330234138e-09,0.028290634549945678,0.9200562115124903,5.813372750549275e-26,1.0538376754102382e-68,0.05165264720161902,8.144922861604043e-09,1.8433714648391936e-07,4.9787477115051735e-08,2.615435942746758e-07
7.363555057434138e-09,0.05741939349164433,0.9226394235183871,1.471802731645727e-25,2.6680573153225415e-68,0.019940351564316675,1.7494676656451326e-08,3.143689639441421e-07,1.461150868632239e-07,3.460833694029653e-07
7.421553417651708e-09,0.05027066915301063,0.9143123063705209,1.476155176485957e-25,2.6759473484403135e-68,0.035416229592326195,1.777555172467224e-08,3.649930012280112e-07,9.382890686216612e-08,3.1086512900772684e-07
0.9980336727710267,1.021743837120185e-95,1.5460034217520663e-31,3.819302082363446e-60,1.0572694724867863e-65,2.8280860434729395e-85,0.0001475423766886587,0.0015667699495235806,0.00025201490276091973,1.2577150597376647e-58
6.6413982494093295e-09,0.08433792983230992,0.9022295904807057,1.3536061844543188e-25,2.4537927569008554e-68,0.013431578151054807,1.697672536386616e-08,3.3814663005668773e-07,8.97282126218064e-08,4.500429632725069e-07
3.469563378965544e-09,0.04745260844209917,0.9387509375143046,6.968694838398517e-26,1.2632723694601097e-68,0.013795745307011121,9.674984392778004e-09,2.4036606287821894e-07,4.684719702383696e-08,4.083787774610141e-07
4.048341245857306e-09,0.03863894397533154,0.9406067801157396,8.052070907895659e-26,1.4596648197061522e-68,0.020753641111579225,1.0060927124804274e-08,2.5611278230983334e-07,9.670610838790542e-08,2.6786919042923045e-07
1.1554138899050628e-08,0.06853386334255109,0.9117700784340954,2.2982366543146553e-25,4.166201751120672e-68,0.01969514991770577,2.0997630915080188e-08,5.024491174959686e-07,1.1787241531734093e-07,2.554323449422085e-07
1.3499787124952434e-08,0.07077687154597676,0.9047710212128434,2.685186119046742e-25,4.867656727280543e-68,0.02445111094766639,2.526939625037834e-08,4.3907686771085896e-07,2.3002056930121168e-07,2.8842689285679156e-07
2.7141472952806924e-09,0.0272447221140431,0.9477601162571198,5.398389033082645e-26,9.786101792709598e-69,0.024994709407849876,7.138439300305783e-09,1.5614725991699672e-07,6.553271016802701e-08,2.206884307345833e-07
2.8881269792835328e-09,0.02937650101209261,0.9451775750350484,5.74441259740302e-26,1.0413367038390075e-68,0.02544541909423537,7.705423291533445e-09,1.8354218382310852e-07,5.947693677339286e-08,2.512459526144659e-07
5.269127793367409e-09,0.046236300948481315,0.9332737892755122,1.049806102551518e-25,1.9030694748411636e-68,0.020489282763315016,1.2425734532156176e-08,3.1350095805154797e-07,7.303961315838014e-08,2.227772578663587e-07
