i = 0,i = 1,i = 2,i = 3,i = 4,i = 5,i = 6,i = 7,i = 8,i = 9
3.132331176598599e-11,1.9248705568748523e-24,0.9756967349082563,6.220307250030627e-15,5.470658735064365e-22,0.024207953545326174,6.633636504343615e-15,3.4571666486873406e-05,6.073984859444988e-05,2.78705493697122e-16
4.441797588881219e-11,2.1970068298275598e-24,0.9740626075751356,8.18981286571301e-15,7.267648017835346e-22,0.025854769960913085,8.786636703963806e-15,1.421582657392737e-05,6.840659294189165e-05,3.7000021515276406e-16
5.516711081311134e-11,2.2751454095303673e-24,0.9738411565710968,8.090179780883621e-15,9.194969256983948e-22,0.026060176749936766,1.147240775399815e-14,3.7675947580213007e-05,6.099067619924323e-05,3.434515502065446e-16
3.403146784406032e-11,2.211192088885024e-24,0.970933962854764,6.717603082823424e-15,5.742064004446867e-22,0.028920163317138724,6.727202476624761e-15,1.0564717536381565e-05,0.00013530907651593656,2.8172143941660705e-16
6.545870161464296e-11,1.515680176028278e-24,0.9526209342725392,1.0537701171314648e-14,1.441089721606739e-21,0.04728338961263287,1.460060512890747e-14,3.7614915713696523e-06,9.191455777196567e-05,6.735299908463938e-16
0.999847761142033,2.7155977873253734e-14,1.0145773568369249e-60,0.00014666440500499012,6.090018341817363e-82,3.1515271219090437e-81,2.4135860427471515e-89,4.721845971231949e-28,1.733532222258738e-42,5.574452934879404e-06
1.2202386363439958e-10,1.5506737811540113e-24,0.9512270514148694,1.4306560132697034e-14,3.2733219271755288e-21,0.04869633836036606,3.200157965116283e-14,4.591457378473577e-06,7.201864531496423e-05,9.970226915906563e-16
2.5944950247026275e-11,1.502287539059289e-24,0.9704324291891404,1.125983419006873e-15,6.313836787267981e-22,0.02936607699929407,7.127870055974476e-15,4.384829892513218e-06,0.00019710895571946232,2.2737080715417993e-16
6.059298528160316e-11,4.836620409625586e-24,0.9583749414634989,1.7558474660553354e-14,1.328007581390135e-21,0.04150227844426788,1.44825357982466e-14,8.443295892404086e-06,0.00011433673571492255,8.415488853868624e-16
6.473766306034795e-11,3.8902752567937766e-24,0.9710694097385506,6.140480202152567e-15,1.6013860664327912e-21,0.028683885292436807,1.6768497579218516e-14,6.281357190300943e-06,0.000240423547061247,6.559414179091489e-16
2.064213817226022e-11,1.669487358126911e-24,0.9738856715635996,2.5438557713108796e-15,3.1864885909984686e-22,0.02564494415086273,3.676937802794468e-15,4.019155472234376e-06,0.00046536510941672094,1.7982681083427845e-16
4.488865125362507e-11,4.742797830621473e-24,0.9710370635131935,4.437496402668625e-15,8.10004591320206e-22,0.02863445342975868,8.89715327327512e-15,4.947331188593402e-06,0.000323535680956791,4.464877292247406e-16
3.179538169593654e-11,2.0863504630231915e-24,0.962239213405635,5.65869194415383e-15,5.228649471225951e-22,0.037547227221992406,5.875429740034178e-15,3.8818851347057315e-06,0.00020967745543065805,3.2482546131520155e-16
5.636467635683019e-11,1.3223684479167934e-24,0.9547061163762877,6.8013454955751324e-15,1.0084665590199696e-21,0.045208745656962326,1.1287811625929551e-14,5.298652941342271e-06,7.98392574255667e-05,3.4406785062537873e-16
3.810920246155707e-11,1.9644955023752462e-24,0.9733865762221914,6.81849458843913e-15,7.4211855279258995e-22,0.026507942923489066,8.8417800523783e-15,4.304287692271432e-05,6.243793927171004e-05,2.9964891369009597e-16
1.5972496089769702e-11,1.5564790190921087e-24,0.9768147423036004,3.9903390441893265e-15,2.492600317782446e-22,0.022874166632806336,2.869264296341659e-15,5.195528135439633e-06,0.0003058955194783371,1.8008863018523448e-16
1.9226240418427686e-11,1.1889195186228447e-24,0.9787990420339427,3.2792793745641653e-16,5.0453758855633985e-22,0.020961589752983633,5.409012999807828e-15,1.8929068553742112e-06,0.00023747528698594397,1.4537165866105005e-16
2.0930486514750555e-11,1.6088197647842345e-24,0.9734624811784873,2.948584749631821e-15,3.2793856335093025e-22,0.026417929193008234,3.966624395074558e-15,1.0936797293125592e-05,0.00010865281027367364,1.7710971950969308e-16
3.5017724750238705e-11,3.7104354172605636e-24,0.971115923260783,7.52489417623142e-15,5.74568103154778e-22,0.02860785909194219,6.344907295480763e-15,5.667511191701053e-06,0.0002705501010512252,3.1477084782399225e-16
2.8078141114713218e-11,2.709061152890048e-24,0.9697154205485264,4.5616580319569174e-15,4.377643944981957e-22,0.03019276212356904,5.519092168704683e-15,3.5419115873555414e-05,5.6398183942632696e-05,2.3137823043322727e-16
1.537650555328625e-11,1.2709952192005425e-24,0.9778689563230372,3.3452455238173785e-15,2.3248962029943536e-22,0.02168680166694881,2.663274659518149e-15,4.557656608319885e-06,0.000439684338022997,1.4798474947160893e-16
6.290719512602249e-12,4.159965957347996e-25,0.9814621750058812,1.27450329331227e-15,8.945573964981303e-23,0.018055852797956705,1.0569785669657013e-15,3.2827230671543098e-06,0.00047868946680199357,5.787149029235564e-17
1.2218974590289175e-10,2.9865945782326454e-24,0.9713567946721327,1.3950144788680427e-14,2.5366457231531837e-21,0.02855132644053369,3.014239636062061e-14,2.803334632636335e-05,6.384541877283821e-05,6.19163325589147e-16
1.8878226669859213e-11,1.2433709849933359e-24,0.9768367718902892,4.450584560406296e-15,3.0939660586727134e-22,0.023002929556656573,3.660742533861102e-15,7.899521400391251e-06,0.00015239901276722237,1.976194813772995e-16
1.977423415908597e-11,9.995414285268467e-25,0.9748395240135896,4.427507916972477e-15,3.777469014384178e-22,0.025018263156999718,4.444220036242944e-15,1.0087678005444223e-05,0.0001321251316218278,1.916838080332754e-16
4.430159630830242e-11,9.631599180780923e-25,0.9430164605629411,6.193122656076433e-15,8.41419089938726e-22,0.0569142388916191,9.414648442491103e-15,3.98731869279919e-06,6.53131824292523e-05,3.5691163557126414e-16
2.765505383248355e-11,1.088796467103975e-24,0.9709927734491797,3.1571612187329478e-15,5.757753971829308e-22,0.028883909693790386,6.829043034764837e-15,1.2182338341853044e-05,0.0001111344910227758,1.9318852700882185e-16
2.6871808696283387e-11,3.1387071396095265e-24,0.9673789926872195,6.684728428404581e-15,4.4383169543179965e-22,0.03247807280126519,5.2337943254505794e-15,1.0999379657099998e-05,0.0001319351049742465,2.7947539875585256e-16
7.517054488219958e-11,6.956896895662053e-24,0.9687897173754804,1.5277658501084827e-14,1.380178514506979e-21,0.031118978467043402,1.6664990201168984e-14,2.452155539868105e-05,6.6782526874585e-05,6.286042306366885e-16
4.2633227519225194e-10,5.970542577736076e-24,0.9712623747895349,1.8541561646070123e-14,2.1046173948878105e-20,0.028640518967504715,1.9387240791540208e-13,1.5407050451059668e-05,8.169876596283639e-05,1.6032430339273107e-15
3.206078844564129e-11,8.485818929530793e-25,0.9779522650033782,1.5875359258033137e-15,7.299576752854536e-22,0.02194975806096703,8.631677114388322e-15,9.90375620420397e-06,8.807314737943055e-05,2.14707469926809e-16
2.731503080853933e-10,2.193962942497439e-24,0.9556329201993132,2.7583660124117145e-14,1.4381833029515963e-20,0.044279732353927195,1.0239399833673996e-13,5.015153207753894e-06,8.233202026937034e-05,2.34584097448987e-15
4.6592681258454515e-11,3.15734757439203e-24,0.9745956980900261,5.194138593281581e-16,2.0432067374094375e-21,0.02527071725697969,1.9927933676925708e-14,2.7557368407446364e-06,0.00013082886954000932,4.0277462413769855e-16
5.830058093414394e-11,2.466153638012491e-24,0.9633097099783804,1.208692296169687e-14,1.0464212813397088e-21,0.03658288336663476,1.1442322287869501e-14,4.918111086038976e-06,0.00010248848557382168,6.639350493273836e-16
2.1683428235856963e-10,7.378838389930313e-24,0.970999396015056,3.2910097213626515e-14,7.639421272868609e-21,0.028900853859775096,7.847762709257398e-14,2.271889921640336e-05,7.703100900539977e-05,1.3904295603766131e-15
1.2333908227254708e-10,6.046284571597541e-24,0.9679889726041445,2.3652929412171554e-14,3.8992133667327384e-21,0.03191902931596221,4.148140829519423e-14,2.073556000546742e-05,7.12623964825339e-05,1.035409362835705e-15
1.004790563350048e-10,2.304623004251298e-24,0.9709122415234323,9.297564909476599e-15,1.878379736968978e-21,0.02899825341760878,2.3329064925506638e-14,2.8655476547599477e-05,6.084948189928908e-05,4.557552292888448e-16
3.093844920011087e-11,2.4347185281005634e-24,0.9721442779704347,5.53032478604392e-15,5.596985824205691e-22,0.027562069892335467,6.362543611226538e-15,5.880212264095234e-06,0.0002877718940147342,3.340166772778622e-16
3.815680768155652e-11,7.812179545497804e-25,0.9607201562667453,4.667927481818342e-15,6.92700203763299e-22,0.03922035295527144,8.122483565147283e-15,7.955039365695432e-06,5.153570044781341e-05,2.48585245039574e-16
9.177028143344146e-12,4.351217433430404e-25,0.9481253194878541,1.4860509573409337e-15,1.3309726274110483e-22,0.05182801790556459,1.663145689009248e-15,8.0636137258118e-06,3.8598983675337615e-05,6.821804914182218e-17
3.2919015882595316e-10,5.332681149359873e-24,0.9719146824715256,2.9398866246927696e-14,9.801380882803359e-21,0.027983134311254647,1.0584922095531909e-13,2.344306967073949e-05,7.873981822213086e-05,1.2342089744247522e-15
3.781123605504361e-10,7.39226023008968e-24,0.9689221902842108,3.531727343502898e-14,1.1449160485046424e-20,0.030983270232817453,1.2043366270336e-13,1.7498952075780092e-05,7.704015262643647e-05,1.483280517434462e-15
1.6581256870587657e-10,2.835285874407017e-24,0.9712390139069662,1.7289801679285263e-14,4.777650955211183e-21,0.02866001342286083,5.351630725821253e-14,2.3616489144853367e-05,7.73560151440031e-05,7.396934634667563e-16
3.309623184918256e-11,9.68199143718117e-25,0.9795289082194385,5.732945275280791e-15,5.986610053835775e-22,0.02035444620287015,6.91525841582347e-15,1.3012831264413791e-05,0.0001036327133178151,2.8296025930556483e-16
5.497119664369186e-11,9.40905344345677e-24,0.9721353870495433,1.1241286026706143e-14,1.0224690454589476e-21,0.027521503060274777,1.0768014820427716e-14,5.459974069133206e-06,0.00033764986111908926,6.969885319822166e-16
6.017685594378809e-11,3.290454968740976e-24,0.9646583228895824,1.6374405830548768e-15,1.6817233946371148e-21,0.035191953190791374,1.6822875366085757e-14,3.6330237693410014e-06,0.0001460908356613186,4.574268496002003e-16
1.7718938727771713e-10,8.350044730065957e-24,0.9655399536889413,1.0338919063801138e-14,9.613258961222497e-21,0.0343676763373194,8.622735990715387e-14,1.077372525368286e-05,8.159607119811447e-05,1.6692972147359432e-15
1.0159786244249369e-11,9.61646860361377e-25,0.9657955846612242,2.2130090138522415e-15,1.5764543489903636e-22,0.033934215862923105,1.8075600442345187e-15,3.234350345364001e-06,0.00026696511534377064,9.945694079539078e-17
1.0221125674023314e-10,2.7996231512562062e-24,0.9690927112422062,1.2657319652933775e-14,2.2485202034697786e-21,0.030811973633448342,2.686142833184187e-14,2.4279451536079264e-05,7.103557055806425e-05,5.220620773508547e-16
1.893302471881707e-10,3.486146933627348e-24,0.974812562389596,2.3700677891301887e-14,5.426924718681457e-21,0.0250225895478575,4.895610874067621e-14,9.575316548767376e-06,0.00015527255659403887,1.1065196358693288e-15
1.0714583487184868e-11,7.052408806000482e-25,0.9772629140237248,9.740393702338965e-16,1.5837947445596384e-22,0.02232214076732184,1.879103503046741e-15,3.319011796681702e-06,0.0004116261864393681,8.019932822791663e-17
1.3506824216614329e-11,5.216834548084647e-25,0.9833141624565681,6.465697913723894e-17,1.5406764232987238e-21,0.01657296791614969,1.1255402540925697e-14,5.829066247985e-07,0.00011228670713920758,7.98034019896738e-17
2.3206585828538697e-11,8.027041532496415e-25,0.9576734847764388,4.923146533059551e-16,5.857329893456059e-22,0.04222230006337554,6.433553378356415e-15,1.853306943405303e-06,0.00010236183002875352,1.709034566729634e-16
1.179576275185531e-11,1.211004390286651e-24,0.9576906889882055,2.6242526392121346e-15,1.7712464093918198e-22,0.042207540584533465,2.1467076812617015e-15,8.020709035342305e-06,9.374970642515797e-05,1.1315598284284243e-16
3.8103648774338036e-11,5.343932253771132e-24,0.9666075178339272,9.689966082726869e-15,7.335138214509624e-22,0.033298464725402106,8.733543917625635e-15,2.7613658385567e-05,6.640374416266727e-05,4.0315879495756214e-16
3.263108077939318e-11,5.31290515883542e-24,0.9658837166872398,9.18706895467073e-15,6.631063528723269e-22,0.0340188437863436,7.763752534856462e-15,2.5440824883780317e-05,7.199866888435885e-05,3.8236905806960176e-16
7.369258669648686e-11,3.708494498227013e-24,0.9730344900476429,1.2338741076296358e-14,1.3673466778146989e-21,0.026869332442615135,1.639977102405908e-14,2.770315439296431e-05,6.847428162746557e-05,5.339803153781248e-16
8.98425996358621e-12,3.41300252127312e-25,0.9596111789019324,1.3722444100982465e-15,1.3651073193686373e-22,0.04030261083461401,1.6459970843020323e-15,4.106148639749254e-06,8.210410582683422e-05,6.257035156580205e-17
1.4794304292343065e-11,2.35705609194592e-24,0.9759867330550103,4.515999174247923e-15,2.2370336266330207e-22,0.02366381453243003,2.589377962703907e-15,4.684615214425897e-06,0.0003447677825434371,2.0125739602589674e-16
1.4622112669422969e-10,1.8765000346436265e-24,0.9536274888343366,1.8068998770429173e-14,4.224228830351525e-21,0.04629259798370561,3.9801391907730884e-14,4.7745033252237114e-06,7.513853235236187e-05,1.3187617991821862e-15
9.705339848586795e-11,2.002057287246877e-24,0.9586331911900436,1.3034423873523538e-14,2.0938668131574e-21,0.0412459068031473,2.0849190473242897e-14,4.281151961725899e-06,0.00011662075775942447,7.301900022975548e-16
6.844695812626965e-11,5.77124848537355e-24,0.9739169414891983,1.453854264288283e-14,1.5394949729962665e-21,0.025827667500903914,1.5326509855651177e-14,6.473829810109246e-06,0.000248917111610042,7.720872842242182e-16
5.25956963817699e-12,2.4318994532138093e-25,0.9772166124621542,5.987917585868355e-17,1.4451150051131766e-22,0.022659609428520442,1.602842281272954e-15,5.072365242054993e-07,0.00012327086754000444,3.3121713623970937e-17
3.8239701206759465e-11,2.587736136747741e-24,0.970247026052279,6.2103184409456705e-15,8.198557989070463e-22,0.029513542077214436,9.137404241630802e-15,6.766305271573035e-06,0.000232665526979792,4.2528468807865415e-16
2.6251442019508152e-11,8.564628520962644e-25,0.9788744751078866,2.6778706804881027e-15,4.5101371230494175e-22,0.021015354143285776,5.375912759660591e-15,1.1183881959435164e-05,9.898684060863055e-05,1.9021119416840975e-16
1.1140230316592248e-11,4.059916244897273e-25,0.9792218762969513,7.240743100479449e-16,1.731012852373434e-22,0.020708495458974425,2.1700866889787276e-15,1.4749569719295153e-05,5.487866321164432e-05,6.538771593233324e-17
7.249834774780942e-11,5.609889700173282e-24,0.9726757791514451,2.1418585026405296e-14,1.455512421995023e-21,0.027095800653459515,1.5392690337682434e-14,6.980631884094892e-06,0.00022143949067531476,9.530177799406803e-16
1.513558317142901e-11,1.8573319560368464e-24,0.974709883674535,4.187837792383612e-15,2.346806675090194e-22,0.025155728416636273,2.8068764053422515e-15,8.934483682724047e-06,0.00012545341000333926,1.8595213709770518e-16
4.9688608375326614e-11,3.0470097233149206e-24,0.970584975524019,1.1681772934939352e-14,1.0208834572817095e-21,0.02917419769429937,1.1090692036890052e-14,7.287137894423422e-06,0.0002335395940754032,4.876428077086634e-16
4.308237229943693e-10,8.008995336533619e-24,0.9702950374683017,3.977278251392969e-14,1.4994860549857995e-20,0.029608668598135504,1.5094726158508964e-13,1.7594624632303575e-05,7.869887791429162e-05,1.6485864615641042e-15
1.1620629045519507e-11,5.844646066152845e-25,0.9730049047209052,2.129795345727904e-15,1.8542980829445848e-22,0.02674749521801798,2.1864634020605984e-15,4.802579981837243e-06,0.0002427974694699579,9.180021845405016e-17
1.1368243443898473e-11,3.8466911758838235e-25,0.9718395898620473,8.0891677767583e-16,2.0102413023258592e-22,0.028095119401115635,2.5271917824988952e-15,1.1378904643991347e-05,5.391182082132796e-05,7.019334498558845e-17
1.0870326549162421e-10,1.6180824318724937e-24,0.95436122634691,1.3402011403564816e-14,3.0497290493035134e-21,0.04556329468082446,3.00615038729742e-14,5.57946993969527e-06,6.989939357846351e-05,8.701114077241427e-16
1.2591652620472158e-10,2.34881503757904e-24,0.9496889236342714,2.106555670759489e-14,3.859847040528667e-21,0.0502261519015374,3.543786996104299e-14,4.4897748781742545e-06,8.043456333841442e-05,1.617636837540651e-15
1.3872156727850918e-11,7.084814531403143e-24,0.9618602908259573,7.294146921151888e-15,2.9684383040007764e-22,0.0378947547384884,3.262335573782482e-15,6.2858765847622585e-06,0.00023866854508645428,3.2271999588142175e-16
6.905850103855102e-11,2.8953149746835958e-24,0.9489748490007639,1.566056034906421e-14,2.3010375926943448e-21,0.05091706314016226,2.132449623540657e-14,4.562625213553021e-06,0.00010352516476361129,1.1561717540608608e-15
3.2960395822760525e-11,1.3792825510108321e-24,0.9515554904804262,5.065154729406382e-15,5.396554323246738e-22,0.04838304233104902,6.50286571305759e-15,8.91561752275107e-06,5.255153802993393e-05,2.4312131698779646e-16
5.487230410592942e-11,1.2615785127576129e-24,0.9424940333345194,5.5302033008191484e-15,1.1057677643781617e-21,0.057437319069747084,1.2211140487928518e-14,3.880345815159873e-06,6.47671950279844e-05,4.888922869442678e-16
5.737384391385095e-11,6.867786953758304e-24,0.9574477234235411,2.646755260738065e-14,2.48071656748912e-21,0.04244932513623439,2.356484481365703e-14,1.125441144374707e-05,9.169697135564517e-05,1.2734096032561595e-15
4.3588395539013013e-11,1.5448291707335039e-24,0.9497339835651548,8.587890114199106e-15,8.596245093591813e-22,0.05019197463026796,9.4110510391932e-15,4.235895312634652e-06,6.980586565773138e-05,5.214524021860128e-16
4.804876058141273e-11,1.2650537848851199e-24,0.9446146914914597,7.492323988140986e-15,9.065904663289222e-22,0.055294426736582115,9.85625951520371e-15,3.621730568460455e-06,8.725999332299451e-05,4.2871624622171665e-16
3.2994904232760005e-11,1.1109890569214943e-24,0.9540974856419038,6.200113638854385e-15,6.939246211741488e-22,0.045840285683536396,7.747311157882307e-15,5.69574938412216e-06,5.653289216648512e-05,3.5624749000453243e-16
1.040361271036566e-10,2.0888701025210613e-24,0.9529308223834577,1.716288112730345e-14,3.0905932167592933e-21,0.046977307342651674,3.074962890927691e-14,5.617662769774019e-06,8.625250703567981e-05,1.0224838501023704e-15
4.017994355476952e-11,4.572570328285103e-24,0.9533433753229752,1.3555547166468591e-14,8.985904466909045e-22,0.04654645145516054,9.831217027535096e-15,7.605110864014806e-06,0.00010256807079623693,6.648046108657156e-16
0.9999815411032756,1.904467279945964e-15,3.865324014254069e-61,1.7543950369911377e-05,2.320167504749272e-82,1.2006648269645963e-81,9.195249656058047e-90,1.7989229210784835e-28,6.604389190263522e-43,9.149463524254728e-07
2.487647912956018e-10,3.2310497584806327e-24,0.9745987626291648,3.862286047698381e-14,1.2748482284690369e-20,0.02526565386137223,1.0383900163981836e-13,1.4119187790213841e-05,0.00012146407276324644,2.106854201105304e-15
7.877025098078894e-11,1.4792764893062289e-24,0.9771653622209372,1.1689020037416346e-14,1.8765212919344293e-21,0.022681608707025697,1.9747913829616724e-14,1.112234805527279e-05,0.0001419066451794147,5.766414941731638e-16
1.9480280235475036e-10,4.584595054116647e-24,0.9707729831174741,1.958683022433998e-14,4.134179925347224e-21,0.02913200737964103,4.870215859762974e-14,2.5638906805419146e-05,6.937040120761365e-05,8.25080386211719e-16
9.97757064284238e-12,9.217070715621251e-25,0.960860719534781,3.182552183375543e-16,1.9670184564202853e-22,0.039040549277226,2.3461506776984284e-15,2.118296185040803e-06,9.661288182795868e-05,9.251717837590125e-17
1.7353912932093493e-11,6.693346798882912e-25,0.9551744996463458,8.031168824066203e-16,3.1374448580916933e-22,0.04472209877852308,3.622782378809378e-15,2.0584915398184373e-06,0.00010134306623272678,1.4128525030949044e-16
7.84001672178795e-11,3.631286202693346e-24,0.960149874928076,4.1999917769093734e-15,1.9803673654201123e-21,0.03970982814871095,2.004845920344524e-14,4.093606980597704e-06,0.00013620323780703112,9.196370584217096e-16
1.5907980525105313e-11,7.335618126620495e-25,0.9786770199805319,1.6020546114097948e-15,2.3967401586067525e-22,0.02103046512744379,2.8034405971469165e-15,4.252093270019532e-06,0.0002882627828418635,1.1107620246312082e-16
2.0026100291441384e-11,8.456221970518384e-24,0.9692729541496777,9.586587594257319e-15,4.0053144192663724e-22,0.030315856373585363,4.328311256036289e-15,5.201537641742653e-06,0.00040598791905459205,4.2316902570148303e-16
4.9568091800642e-11,3.1134501279441315e-24,0.9743556365522075,4.2883924564643475e-16,2.972956456723211e-21,0.025446972531357283,2.498470163799922e-14,2.131520638841158e-06,0.0001952593462026429,4.0559917680235e-16
8.01379708948419e-12,5.964045585036079e-25,0.9772817153370548,7.887472741446011e-16,1.2041050149164025e-22,0.022666376561862094,1.5245251336648804e-15,1.3127342011558571e-05,3.8780751055445265e-05,6.989861163111817e-17
4.666315331514901e-11,1.9498777934230503e-24,0.9746297416969877,1.2699438726902551e-14,1.3410894605574146e-21,0.025228650296189713,1.359029109733471e-14,1.0678319490942572e-05,0.00013092964064138996,6.605493906788235e-16
1.2292811474163858e-10,6.121606613766698e-24,0.9669988997985863,2.031652738390556e-14,2.8344550271249435e-21,0.03291720777766019,3.2386616452479e-14,1.8640398054134136e-05,6.525190271759496e-05,8.93223562051673e-16
1.3437856339485297e-10,2.33795258071098e-24,0.9719333114532881,1.574007294810282e-14,3.701700332315671e-21,0.027975644427139314,4.1810540443597696e-14,2.0162678557633576e-05,7.08813065783027e-05,7.213789302259601e-16
2.882762890984855e-10,5.137460992501159e-24,0.9718996175157241,2.7203351343890333e-14,7.877095488245961e-21,0.02800322133023047,8.725741785659918e-14,2.2880919347534943e-05,7.427994630626372e-05,1.1604454727861735e-15
4.597309564087459e-11,9.992241723591589e-24,0.96214196673049,2.636376996841926e-14,2.0413492499992487e-21,0.03774242057332079,1.9653196743833e-14,1.6697760466692506e-05,9.891488970241182e-05,1.1146297356272373e-15
7.353759163881628e-11,2.5039033079544684e-24,0.9750118992805513,1.808959182622838e-14,2.1919444541215572e-21,0.02486257420574315,2.2139202551929018e-14,1.3222388580074569e-05,0.00011230405154670355,9.434539260238364e-16
6.784680921372529e-11,2.1765451587882238e-24,0.977247834965693,1.317549005720492e-14,1.4351514991349314e-21,0.0225723879648903,1.5005338363401736e-14,8.740681047933082e-06,0.00017103632049287232,6.551379372965777e-16
1.849525349158728e-11,1.8342930173099313e-24,0.9485666379309206,7.213598321083859e-15,5.218015989373327e-22,0.05133681581164777,5.4215396543432774e-15,5.261380613703365e-06,9.128485830973523e-05,3.90078925861068e-16
7.261778772881775e-11,3.898925165259205e-24,0.9727652854015206,7.778632894675437e-16,3.2753458725426435e-21,0.027054422384328244,2.838408689503954e-14,2.8787332435852765e-06,0.00017741340826003785,4.383571629932609e-16
1.5377236065976462e-11,2.760640955795475e-24,0.9679676338515164,4.444818029200086e-15,2.6012226317028472e-22,0.0315993254165522,2.9079670238737085e-15,4.202213498837687e-06,0.00042883850304753084,1.925437130575133e-16
6.205987105977806e-11,1.3636712590778947e-24,0.9779715824070258,9.68938352369855e-15,1.3150519843912592e-21,0.021918109371331835,1.490633331746756e-14,1.7727778599464295e-05,9.25803809579578e-05,4.830021835098879e-16
5.12618936109515e-11,2.8411793039472216e-24,0.9730265898185293,1.0189418937049334e-14,9.409500449675309e-22,0.02668784844749107,1.0169585544619493e-14,6.042776741122629e-06,0.00027951890595586705,4.2685938654955446e-16
6.453612568462167e-11,1.1939877902386542e-23,0.9732581059307147,2.3583976569533538e-14,1.1452533022327103e-21,0.02656564023603855,1.2564129037110308e-14,7.867512748132926e-06,0.00016838625592530498,1.0361478153203833e-15
8.674090259711371e-11,2.9461719065793802e-24,0.9711447405475522,1.4396808373126135e-14,2.235687956033457e-21,0.028753588632530448,2.6025982827348266e-14,2.4228537691732284e-05,7.7442195443775e-05,5.89069690692964e-16
9.621955860457763e-11,4.92310744723246e-24,0.9742025087577402,2.1741075534233735e-14,1.8772435277429725e-21,0.025660144918274765,2.0478228681557046e-14,9.522502293505256e-06,0.00012782372542879475,9.703793920724456e-16
0.9999730226031649,4.289549671859588e-15,1.543295278844259e-60,2.3670340404066665e-05,9.263656922428588e-82,4.793855190653167e-81,3.671357260001205e-89,7.182500718871591e-28,2.6369128744180343e-42,3.307056426849942e-06
1.4976969337380435e-11,4.949100159611458e-25,0.9814166069016306,2.5490441517464325e-15,2.429027855152739e-22,0.018482124063983398,2.890835489696704e-15,1.161816247249728e-05,8.96508569308545e-05,1.239167601102812e-16
5.339522512415516e-11,3.2417828318183394e-24,0.9754929161844884,3.943387365321404e-16,3.735925538883941e-21,0.024303894172634063,2.858774206237519e-14,1.930403655056588e-06,0.00020125918579759583,3.79035504281401e-16
3.991214552083302e-11,1.2709312219583044e-24,0.9551161503637191,4.462331900893041e-15,7.4885589734924895e-22,0.04477651198445017,8.108065663707639e-15,3.228435020038057e-06,0.00010410917688564155,3.859458940610928e-16
1.203672270578038e-11,4.616513575722356e-25,0.9835655420132963,4.2386402982703745e-17,6.548451918853896e-21,0.016325080391477106,2.0827293299649695e-14,3.833684046965021e-07,0.0001089942147644237,6.759736077821336e-17
8.962933732779693e-11,1.6346233765573793e-24,0.9491130217359705,1.294431734985369e-14,2.150787273607549e-21,0.05079868535437011,2.1104997425618506e-14,3.844130638817129e-06,8.444868935643835e-05,8.870129132804042e-16
7.346809009894409e-11,4.240202074006611e-24,0.9609214204731927,1.4844675443783892e-14,1.542367027960594e-21,0.03900419636453076,1.7662611042803215e-14,1.1483916256064969e-05,6.289917251912267e-05,7.194628242382027e-16
3.9639241961599904e-11,1.7713539882976675e-24,0.9409085734594841,8.630741974625143e-15,7.87323370851545e-22,0.05899543283244577,8.45746252609819e-15,3.639952667398762e-06,9.235371574588684e-05,5.051769019567611e-16
5.4164780599010915e-11,9.827533781183238e-24,0.9651874422494198,7.937819486889254e-14,7.311670120404875e-21,0.03463143999033346,4.507321161032632e-14,1.1355755068065615e-05,0.0001697619508860134,3.533117744736282e-15
6.824145833962622e-11,5.710070026955888e-24,0.965944541751678,1.988306010140282e-14,1.4419219292966671e-21,0.03384857204361531,1.5328253459218127e-14,7.612154511977657e-06,0.00019927398191705523,8.649646213683182e-16
1.4716419778365132e-10,1.9549751599109456e-24,0.9740703092678573,1.652577934239553e-14,4.468375788507503e-21,0.02582605371580291,4.791866195328782e-14,2.331179063103174e-05,8.032507847927981e-05,8.228748468356386e-16
3.262296442091367e-11,1.0518492719503319e-24,0.9393033711394121,5.155320305688644e-15,5.605208215633511e-22,0.06063400683107493,6.533908765653797e-15,4.674746054968073e-06,5.794725082309466e-05,2.762345331957241e-16
9.251106859872402e-11,2.5745462386595133e-24,0.961417015198697,1.1771871826084128e-14,1.7573290630880243e-21,0.03851068216341549,2.0852722654419806e-14,1.2296862809086622e-05,6.000568253403059e-05,5.591613914402948e-16
3.763537618031908e-11,9.63817377276116e-25,0.9593886304346829,1.8044251635436355e-15,7.0531206602876045e-22,0.04055750201215191,8.63214620369229e-15,6.514530605205433e-06,4.735298491413064e-05,2.260967654689666e-16
6.083504462717412e-11,9.270861322685572e-25,0.975148060211715,7.282325640829936e-15,1.366955607364267e-21,0.02475757127069745,1.568416634709741e-14,1.8905390928711822e-05,7.546306580048459e-05,3.672709005647762e-16
2.962910243889538e-11,3.788541734161291e-24,0.9714471542368864,7.250379449869087e-15,5.025655240267973e-22,0.02846020013907096,6.127678690899446e-15,3.0058051679001538e-05,6.258754272070102e-05,3.0697757298464336e-16
3.4342048156548946e-11,2.901063977997083e-24,0.9750687739185293,4.458881633033621e-15,5.545910546714613e-22,0.02453907684471348,6.21044301142658e-15,4.751742730021203e-06,0.000387397459674318,3.1861866694514456e-16
1.368945075544829e-10,2.6211459880027065e-24,0.9629076259439953,1.8064831748163595e-14,3.226646887913849e-21,0.037015144281133894,3.4308474430703013e-14,7.527937815059284e-06,6.970170010807564e-05,1.0308410095635245e-15
3.2053234195652146e-11,4.730580127232306e-24,0.9702724798918225,9.252531756677449e-15,7.061824480796495e-22,0.029586193801185483,7.787299701388734e-15,9.301224723438715e-06,0.00013202505019749034,5.462545755749914e-16
4.681674939444767e-11,2.079505071448537e-24,0.9618939153319435,7.096744742654455e-16,1.7477847347267615e-21,0.03797063501078959,1.6450511386192572e-14,2.1733156143061585e-06,0.0001332762948183558,4.1119392263511365e-16
3.9696761242483525e-11,8.900041108086542e-24,0.9707886638226534,1.3983175951218684e-14,7.613037245507982e-22,0.029107815743405374,8.840775671610295e-15,1.5735844582500465e-05,8.778454963852076e-05,6.011934981608693e-16
2.2759181130607776e-11,2.1987645278236613e-24,0.9703909687935683,1.4892725077078702e-15,4.0480689979906355e-22,0.029527030560246168,4.8256767925616985e-15,5.1242541528171775e-06,7.687636926693375e-05,2.44246840976434e-16
2.3755519362120982e-11,6.2557184260419126e-24,0.9599966538263279,7.17816363981431e-15,6.705017950101374e-22,0.039883754227506375,7.238649341402217e-15,1.315175144424938e-05,0.00010644017095115868,4.4304904245313096e-16
3.3474589278677925e-11,9.100157958870115e-25,0.9527795968766508,2.8852988027095924e-15,5.690101659227306e-22,0.047159837921518726,6.931948473564683e-15,6.940067007652619e-06,5.362510133804832e-05,2.0223271075963439e-16
4.26733022579774e-11,6.209947333004008e-24,0.9744594649007849,1.370493474628942e-14,7.068119481790173e-22,0.02538554732162651,8.082202858233745e-15,8.309547469861743e-06,0.00014667818742306776,6.065620568337465e-16
2.881247419595555e-11,1.8904117762010487e-24,0.9768735170843773,1.8078869052514408e-15,5.122995097670359e-22,0.022962680122861283,5.9803383227853306e-15,5.043549321520939e-06,0.00015875921461936684,2.704706967274701e-16
1.338149591566701e-11,5.750164616730963e-25,0.9813826045797005,7.444882683265558e-17,1.0138291818098965e-21,0.018517421560271058,8.731773498974589e-15,6.600507266587036e-07,9.931379591157694e-05,8.171286397716393e-17
5.312933228711796e-12,3.5784744409556546e-25,0.9822231197270922,1.0995289440084243e-15,7.608104451568884e-23,0.017690286389762083,9.41615894639532e-16,1.1157778625125079e-05,7.54360992057752e-05,4.883531193878592e-17
1.3895427438024737e-10,1.42595451844174e-23,0.9722775072986028,1.3102365420818794e-14,3.2013502775267665e-21,0.02748299366241546,3.072616309576827e-14,6.292580119410185e-06,0.00023320631986252814,1.4659913262602952e-15
1.0579567187268587e-10,4.065705542833815e-24,0.9669357030121052,2.5629772010186624e-14,4.158278279816448e-21,0.03288084493974574,3.7984509263480396e-14,8.40871638023609e-06,0.00017504322590840895,1.0715197877455388e-15
2.307779703705141e-11,7.420336750424634e-24,0.9720854553690339,9.821668192146511e-15,4.1617405475184545e-22,0.027555962176643085,4.594054640912379e-15,5.497630961007186e-06,0.00035308480026916613,4.360425859924762e-16
4.0475355087372664e-11,8.78193742573282e-25,0.9487681591739748,5.118380137313982e-15,7.452182386200463e-22,0.051164135888965956,8.582213895932768e-15,5.138622630524624e-06,6.256627393960394e-05,2.6774431931704954e-16
4.878109927965965e-11,9.56473913185333e-24,0.9669134570807911,1.7044282621744495e-14,1.233706104788426e-21,0.032982397708535005,1.3767255214369065e-14,2.29305816486409e-05,8.121458021281975e-05,7.031287652659221e-16
3.6651514645758584e-11,1.702845609976589e-24,0.9752370872307164,9.056855548764407e-15,8.330357066729639e-22,0.024600538849510703,8.783582956167069e-15,7.888377003894472e-06,0.00015448550609921356,4.588243856010399e-16
1.823172348725344e-11,1.5190296185200365e-24,0.9762060677831316,4.504789875635106e-15,2.855340069134818e-22,0.023669359775882533,3.4349167246841523e-15,9.439531921913516e-06,0.00011513289082387445,1.9740316948469208e-16
6.781781253303156e-11,3.634755425368847e-24,0.9748412341567079,5.246137918393223e-16,4.98101276136166e-21,0.024968376504458913,3.750765930356101e-14,2.3344118401225862e-06,0.00018805485913686497,5.05809242244789e-16
1.5575657946666542e-11,1.7597376788127033e-24,0.9728523129678958,3.3031762144303482e-15,3.0080905786845526e-22,0.027037738662234016,3.5062396886677484e-15,1.6462727605306408e-05,9.348562668227518e-05,1.7737092488476879e-16
1.482736152402592e-11,6.61598345865125e-25,0.974073455335329,1.1818239256006478e-15,2.407980266847583e-22,0.0258318517398794,2.9105639060138434e-15,4.258067000997487e-06,9.043484295894297e-05,1.2424005608932204e-16
3.407034669858441e-11,1.215794067927715e-24,0.9779648303934025,1.558804460987004e-16,5.68159316667707e-21,0.021891163146388618,3.200880910495731e-14,1.052716946012629e-06,0.0001429537091601755,1.932186844534377e-16
3.1254221482793415e-11,1.9622969922632983e-24,0.974860949008697,5.373585087033724e-15,4.87153797164614e-22,0.024900262184937523,5.478453631726629e-15,6.0205704514047234e-06,0.00023276820464885047,2.294328929924479e-16
1.3904216061079853e-11,1.1503257356367971e-24,0.9759500835265901,2.413414364065993e-15,2.2591626300734237e-22,0.02395324703632157,2.736625139547791e-15,1.7614267531859656e-05,7.905515564696524e-05,1.304379353207295e-16
2.0784012168859058e-11,1.072527905853449e-24,0.9783944165489065,2.4271231701720217e-16,6.692962579677034e-22,0.021358872368693955,6.93271823509237e-15,1.5146864203701764e-06,0.0002451963751876922,1.392029104251754e-16
2.223745260889096e-11,8.57995883073065e-25,0.97500975888816,3.8138763218062725e-16,6.167284667993678e-22,0.0248329744505541,6.4566853071100424e-15,1.865534667529793e-06,0.0001554011043740717,1.576379463106363e-16
6.183343105926814e-12,3.4525201303298917e-25,0.9790066914798653,2.3713062550004005e-16,1.0638569030678736e-22,0.02061230671436161,1.2680808274508876e-15,1.5190367083330378e-06,0.00037948276287996926,4.5186114944151665e-17
8.577607796314825e-11,4.0355377804242214e-24,0.9757520295550528,9.06782904310779e-15,1.6641613844539962e-21,0.024140845057733326,1.91829818269547e-14,1.203589305189724e-05,9.508940835694668e-05,7.345117895811478e-16
7.182161814281212e-11,3.529759578052167e-24,0.9746745217885376,1.226302065263891e-14,1.2529665462615077e-21,0.025070464394177677,1.323940820092233e-14,6.253505890801926e-06,0.00024876023954646757,5.233713217089743e-16
3.352000974803471e-11,5.064443896546754e-24,0.9729227232500988,1.0910906361125754e-14,5.880248771362999e-22,0.026761241303905937,6.447862751326486e-15,5.662395569432207e-06,0.0003103730168878625,4.91145492841089e-16
2.1326298547031668e-10,3.0588319833646444e-24,0.9614602606314705,6.6508591297037704e-15,8.476274641100651e-21,0.038461454849286335,7.991010654520143e-14,6.5990083546233005e-06,7.168529753790797e-05,1.2321347901507893e-15
4.545325176835982e-12,7.374365766347335e-25,0.9773783354557377,6.898442825175709e-16,7.156335521924307e-23,0.022295807005116814,8.560280271506725e-16,3.8110200516124417e-06,0.0003220465145469127,5.3981102918332115e-17
1.100669729745423e-10,2.0644796269127106e-24,0.9650768690712768,1.272738571201227e-14,2.854922130243048e-21,0.03484141780516884,3.2385216781113185e-14,1.4020179368812824e-05,6.769283407311742e-05,5.906753721081723e-16
1.15827476746779e-10,7.743430910048767e-24,0.968648746054939,9.734933523069245e-15,3.623569930141105e-21,0.031151524439730297,3.5100196469171407e-14,7.559239637099489e-06,0.0001921701498197025,1.5773681388455748e-15
1.15827476746779e-10,7.743430910048767e-24,0.968648746054939,9.734933523069245e-15,3.623569930141105e-21,0.031151524439730297,3.5100196469171407e-14,7.559239637099489e-06,0.0001921701498197025,1.5773681388455748e-15
2.2855051964534378e-12,1.3262830707763228e-25,0.9844006726801614,4.0000682397261886e-16,3.129496552953424e-23,0.01553717450604191,3.91149104627998e-16,1.6339917789776236e-05,4.581289372061873e-05,1.7612695970539248e-17
1.1941482458378311e-11,6.413982029291227e-25,0.9822724279883726,1.1835822959732557e-16,4.145612343285007e-22,0.017577693798615502,4.373405887844444e-15,9.865279187248525e-07,0.00014889167314720194,8.580620095939855e-17
1.3659902281321644e-11,7.036452163348946e-25,0.9732438173443211,2.015168009069261e-15,2.214191235469892e-22,0.026659644450907564,2.7587648547669044e-15,1.864640230683012e-05,7.789178879990162e-05,1.015829840847225e-16
6.353496756917002e-11,1.9407803318497593e-24,0.9767237569894024,1.1818081533226301e-14,1.3181414881026596e-21,0.023091035516870084,1.4131505412629443e-14,8.232434666667704e-06,0.00017697499549937612,5.55701219236765e-16
2.374269318275941e-11,9.772605064728955e-25,0.9794289574600377,4.4463833608278224e-15,4.070179133657985e-22,0.020365766265655345,4.5737108754436796e-15,6.913166879318279e-06,0.00019836308367585318,2.1177328014886287e-16
1.476124082219138e-10,2.889066846024408e-24,0.9748111649055451,2.412532969238471e-14,4.010738745149063e-21,0.025047294176397474,3.905133055578674e-14,1.0563855822301472e-05,0.00013097691455838428,1.2469055643147522e-15
3.82972063783701e-11,9.503254644204432e-25,0.9747089805906076,4.0256582288572627e-16,1.7411322970078825e-21,0.02517384997122643,1.6187938446101464e-14,2.0894771220692978e-06,0.00011507992272988173,2.422060825429955e-16
1.1819036164350542e-10,2.4778650855829412e-24,0.9762943680298408,1.5952782470880459e-15,7.253082969433866e-21,0.023560676516866337,5.826643342155191e-14,5.1337249148061924e-06,0.00013982161012701192,8.000176216449897e-16
4.2498107019584394e-11,4.302176437778825e-24,0.9742771893339229,2.3619116197732832e-15,7.874146474178245e-22,0.02544707267949514,8.650220104562792e-15,4.066728635783248e-06,0.0002716712154365286,4.3808597909108913e-16
1.9189273615276447e-11,1.1973827139775639e-24,0.9780815251161948,4.3762676761230895e-15,3.4427682430059043e-22,0.021831050090361518,4.099902246646063e-15,2.4097584137913028e-05,6.332719010795703e-05,2.0581994745447269e-16
2.8444610543734677e-11,1.5916819110556546e-24,0.9709303124100443,4.331383340633259e-15,4.418540764127397e-22,0.028977522497449223,5.360410035615371e-15,2.1313953656058864e-05,7.085111039564384e-05,1.8300602759108818e-16
1.70475771624679e-10,1.7688605139849316e-23,0.9728362265812485,3.103462524243011e-14,3.892427186257136e-21,0.026956386882045734,3.7153019938830505e-14,7.389442151015378e-06,0.00019999692400866068,2.2226507269763437e-15
1.0958446190314748e-10,2.4415776798115534e-24,0.9679361105397422,1.600196787559326e-14,2.3559322108808827e-21,0.031978759964776615,2.5666445658021365e-14,8.334602859751223e-06,7.679478299449241e-05,8.629810292614934e-16
0.9999946058938236,6.728288250125988e-16,4.278733739805285e-62,5.150335936988861e-06,2.568317416072127e-83,1.3290800684201618e-82,1.0178713299123288e-90,1.991323927656031e-29,7.310751376851692e-44,2.4377023864008235e-07
1.1213664744432443e-10,6.373019527544735e-24,0.9703183613459635,5.214546218415823e-15,2.5614129731724886e-21,0.02947090148945106,2.5161372906456324e-14,4.819747157273486e-06,0.00020591730526035198,8.838098386938326e-16
4.939567244822761e-11,1.7578641227322376e-24,0.9692014398615647,3.2937373450861545e-15,8.548936372229039e-22,0.03063521208086599,9.388782713862908e-15,4.389949320410225e-06,0.00015895805884061492,2.9260965529905096e-16
4.476435701059389e-11,7.066135355465629e-24,0.9716575370374037,1.298280287769584e-14,7.697161724803524e-22,0.027970976176822086,8.234162596249181e-15,5.156789542146286e-06,0.0003663299514459854,5.543751002374283e-16
1.5800227152526765e-10,2.7650149552414013e-24,0.9544373282493926,2.503406539774506e-14,5.175578132789433e-21,0.04545756419898351,4.3788331761936224e-14,4.361048711235504e-06,0.00010074634483966596,1.8698647626963407e-15
2.4412818089431653e-10,1.868829537450894e-23,0.9702841063690354,8.446466195326646e-14,7.843745132501543e-21,0.029515017970129637,6.612329278717688e-14,8.467138643309758e-06,0.00019240827790926928,3.578673238199349e-15
1.2365346108494586e-11,1.5472832493623284e-24,0.9760123733757456,3.418851184587851e-15,2.104145047866398e-22,0.02369687047828896,2.3951558104030886e-15,5.657683208383211e-06,0.00028509845038573344,1.5324505979441923e-16
1.8710706085466986e-11,1.86069366621666e-24,0.9733646159633946,3.987358766083806e-15,3.0100825229462627e-22,0.02641525115921276,3.442792932455575e-15,6.482566343034686e-06,0.0002136502923313398,1.698941471826001e-16
