i = 0,i = 1,i = 2,i = 3,i = 4,i = 5,i = 6,i = 7,i = 8,i = 9
1.07672809826942e-07,1.4006704675639234e-14,0.958088120662181,1.7172718293635067e-10,2.6156927011332736e-11,0.041902378029030476,1.897909424599083e-13,2.107575642789598e-06,7.285837275838943e-06,2.4972081573332613e-11
1.2044951361641108e-07,1.517908539198089e-14,0.9586966998129665,2.044461248081979e-10,2.8012463037650084e-11,0.04129413182059829,2.0183352481370104e-13,1.8792620950709858e-06,7.168395113973973e-06,2.7036972163310945e-11
1.3877636307343534e-07,1.5483312136252302e-14,0.9579247651438674,1.971801371398337e-10,3.3991021136832816e-11,0.04206572654458423,2.3951301751363437e-13,2.185161727482341e-06,7.184114292996264e-06,2.7738783961974855e-11
1.2363822569177232e-07,1.703533298147283e-14,0.96197114935159,1.8950475606708117e-10,2.8104904418038023e-11,0.03801969321910528,2.1016178943437977e-13,1.4185461576352917e-06,7.61499833366562e-06,2.875115259510966e-11
1.865364888262048e-07,1.4986736621840102e-14,0.9582357372088556,3.845954254937733e-10,4.170251243855776e-11,0.0417559146080662,3.40519687028907e-13,1.291942458683668e-06,6.869236988814799e-06,4.0488713905468883e-11
0.9985130781792265,1.0903562903864846e-07,8.386190912817045e-51,0.001248352542782079,5.548442397880729e-73,4.706037940273672e-73,2.3950584530494097e-60,4.060983420621403e-11,9.805582357425132e-29,0.00023846020175244336
2.811499987794966e-07,1.7240884465734494e-14,0.9570513564835448,5.518664122897835e-10,6.77406079855492e-11,0.04294019561752304,5.580947384209127e-13,1.4178961805195498e-06,6.748179452544324e-06,5.3117906004510344e-11
1.2805717503220916e-07,5.322367423938053e-15,0.9661783131716519,1.1320826910162756e-10,3.451174937014869e-11,0.033813198481246594,2.626275602826316e-13,9.465201479918978e-07,7.41359843662933e-06,2.33538306691898e-11
1.5824103433533138e-07,2.3615084077972684e-14,0.9594213444331512,2.5168394000105277e-10,3.8519863007200515e-11,0.04056968466552247,2.9707387769307766e-13,1.4352356080568328e-06,7.3770887670368015e-06,4.5392576231955466e-11
1.798195986284851e-07,1.2972396517389317e-14,0.96474576703426,1.9593582844931243e-10,4.4834564294478586e-11,0.035245303039630665,3.5989755403334045e-13,1.1282194089676783e-06,7.621604850200882e-06,4.1108472958821273e-11
7.508744012025499e-08,6.9285266500329235e-15,0.9674922692129465,1.1102809862850688e-10,1.5980372770360262e-11,0.03249879199028187,1.206932444961483e-13,9.235219810699532e-07,7.94004389613112e-06,1.6318222014480497e-11
1.1636083161585209e-07,8.814266939899988e-15,0.9666514278341433,1.4163399639985356e-10,2.5576769980519748e-11,0.03333973476886704,1.9983513664967936e-13,9.640890110595691e-07,7.756753882383501e-06,2.5845489004134485e-11
1.0123595625004751e-07,1.127591620665189e-14,0.9630488026369773,1.7470332078105506e-10,2.1600968805325316e-11,0.036942567953043466,1.6485849654927982e-13,1.0764248895431575e-06,7.4515286285424516e-06,2.4024558710337663e-11
1.5968421072775243e-07,1.274345539462178e-14,0.9577219018223058,2.8754654555369627e-10,3.55616990309082e-11,0.04226960249710386,2.705856045170503e-13,1.411716961778219e-06,6.923926690030192e-06,2.933643990461732e-11
1.1348652713101908e-07,1.3715597062685263e-14,0.9572688466386983,1.6787378401905883e-10,2.8754422327133984e-11,0.042721498864956076,2.1032367273037365e-13,2.2296328571106635e-06,7.3111550476407225e-06,2.5061516719763224e-11
8.269990221741697e-08,1.2747317001513477e-14,0.9646812781049472,1.465360702472812e-10,1.757112481065078e-11,0.03530959972832392,1.3464864044454064e-13,1.1652227003525055e-06,7.874058576229224e-06,2.1295705247602292e-11
1.0960750144430073e-07,2.4482390226216864e-15,0.9714975738817407,6.60544957399679e-11,2.8708889305030242e-11,0.02849472013745512,2.353319825625536e-13,6.262862185536479e-07,6.969977559213799e-06,1.4523805829598146e-11
8.415326075623296e-08,8.458893684711314e-15,0.9625630659272953,1.2317413105004175e-10,1.9187082142603775e-11,0.03742796981235323,1.3978645809763763e-13,1.3431168199025263e-06,7.536829353993759e-06,1.840714234058809e-11
1.0557142872822693e-07,1.563775027648127e-14,0.9644900404648354,1.7765823058306285e-10,2.2006872100176032e-11,0.0355008194601532,1.7241549676843773e-13,1.1392459895452998e-06,7.895032411376812e-06,2.5328507485868442e-11
8.276220543697829e-08,9.610193985291574e-15,0.9565451088049768,1.2424793514160959e-10,1.9874578494676005e-11,0.04344544303960806,1.378231456769599e-13,2.163665899289066e-06,7.2015645908001085e-06,1.84496975703433e-11
7.241505256779228e-08,1.0495300464508247e-14,0.9658995751516913,1.3113843053867086e-10,1.5017927062439094e-11,0.03409120163728352,1.153847937939378e-13,1.0904347149587326e-06,8.06019760288644e-06,1.7372613600338114e-11
4.392153322033827e-08,5.9967286171249e-15,0.9662483205590253,8.605363669514694e-11,9.124516181672656e-12,0.0337423726202265,6.8261300097506e-14,1.05950028477959e-06,8.203293549622289e-06,1.0128024599314503e-11
1.956285815261125e-07,1.7234306756725092e-14,0.9569664208412983,2.44840115886791e-10,5.1300431948211104e-11,0.043024088948438746,3.703856339852619e-13,2.236614938999096e-06,7.057635482522868e-06,3.473180541882225e-11
1.0053836525044358e-07,1.527632888672838e-14,0.9627900008186606,1.7081984289253172e-10,2.2698260302070388e-11,0.03720086741249223,1.6902113440210162e-13,1.3855853076568784e-06,7.645425976968504e-06,2.549478400463863e-11
1.2168425800197727e-07,1.8030194819944902e-14,0.9616836373036135,1.9849660701189426e-10,2.983406779726408e-11,0.038307131248524584,2.212922933851746e-13,1.4887604958448588e-06,7.620743953738191e-06,3.058426976396593e-11
1.6297903605225888e-07,1.2908457318467842e-14,0.9562055898538206,3.383180298865183e-10,3.751850789305036e-11,0.04378607749128746,2.8444791801134364e-13,1.4163884079030738e-06,6.752878648893699e-06,3.26652780952066e-11
1.3019403359593667e-07,1.1506756048399433e-14,0.9616911244669902,1.7167737597285302e-10,3.417199935853313e-11,0.03829977215643923,2.4843777805320147e-13,1.4390490496439374e-06,7.53390053664823e-06,2.6841033718491377e-11
9.914339499967026e-08,1.6102822265957123e-14,0.96133546439549,1.5924521672380258e-10,2.2465885754834605e-11,0.03865530873423529,1.6651223897612912e-13,1.424314037537948e-06,7.703205358150382e-06,2.5590304168789348e-11
1.5404940241647271e-07,2.1502292653727095e-14,0.9573580570404652,2.1824309070842772e-10,3.839351655112379e-11,0.042632562217215855,2.7410093794843716e-13,2.026397105753883e-06,7.2000025532114295e-06,3.63253475058142e-11
4.314004091355125e-07,1.8647621669870288e-14,0.9601220639821413,3.242430344586435e-10,1.407903359715613e-10,0.03986873937634261,1.1559326456225554e-12,1.657272416553457e-06,7.107441168343464e-06,6.131397248782255e-11
1.3708303972128685e-07,6.269753320895103e-15,0.9636251028629685,1.3648771156505678e-10,3.7719346367532053e-11,0.03636628076467619,2.788285033645688e-13,1.255007747899364e-06,7.22408389781509e-06,2.3177931563315634e-11
4.448360348969728e-07,2.1968748678554682e-14,0.9580920418064166,7.565106185057267e-10,1.1450413803672301e-10,0.0418993014579751,1.1061093183157248e-12,1.3957177050196569e-06,6.815228854887089e-06,8.087068710844355e-11
1.8380009563072299e-07,3.1054640780654987e-15,0.9691825351805479,8.387764181344259e-11,5.702195891531357e-11,0.030809664018256737,5.023112517638125e-13,7.288017889131737e-07,6.888035847728894e-06,2.2058089480739466e-11
1.4467325811941528e-07,1.573244798296072e-14,0.9596029677394791,2.6471038974969875e-10,3.129881383293226e-11,0.04038854594299204,2.4340304714007377e-13,1.3209752962815932e-06,7.020337798956923e-06,3.490715479272267e-11
2.9370031357444357e-07,3.124059216751791e-14,0.958641320429281,3.142617339734734e-10,8.868282311816579e-11,0.041349233374794986,6.976030761044879e-13,1.9324822656375063e-06,7.219547675166789e-06,6.199617266216123e-11
2.2617943088666448e-07,2.6605658583424043e-14,0.9575172977956383,2.8076942248327277e-10,6.669626997941422e-11,0.04247335864555377,5.136853132742446e-13,1.9270855310854104e-06,7.1898923252941605e-06,5.3514515256493677e-11
1.751424601907614e-07,1.3536238623820323e-14,0.9569312450855615,2.1488197898888124e-10,4.58200616792044e-11,0.04305935121043296,3.1781002336639887e-13,2.2188673796766078e-06,7.0094040232771145e-06,2.910880916475412e-11
1.146705509944658e-07,1.3818560056468046e-14,0.9646973340904308,1.6748726514653243e-10,2.622321239696875e-11,0.035293613748697106,1.9936597767394462e-13,1.1514574790329853e-06,7.785809958350385e-06,2.8960260454940542e-11
1.2690155654521037e-07,1.004114641451854e-14,0.9542475406222939,2.406145029241359e-10,3.019856359015577e-11,0.04574378396408037,2.2202362936700838e-13,1.819778954431609e-06,6.728438682476963e-06,2.3387281313185098e-11
6.152833399645046e-08,6.7651121354464e-15,0.951886744095884,1.1952371856751694e-10,1.3905813500143489e-11,0.048104406213936315,9.75526371505638e-14,1.9392517394716806e-06,6.848763769734192e-06,1.280234939588843e-11
3.493782513388342e-07,2.715950453662133e-14,0.9590859429995316,3.185477818421482e-10,1.0059535746789388e-10,0.04090458181374861,7.686116321561169e-13,1.9586004062007377e-06,7.166732511702004e-06,5.561160900953496e-11
3.862332984272254e-07,2.972777399777831e-14,0.9585513248676868,3.5711934627527705e-10,1.089868581777258e-10,0.041439360457475975,8.331350108260025e-13,1.8459385630617311e-06,7.081972666083296e-06,6.334054832492258e-11
2.7010675868051344e-07,2.285977509934525e-14,0.9588670274938991,2.918268611397787e-10,7.961697873863466e-11,0.041123559977118064,5.947296820039665e-13,1.924923709941363e-06,7.217079764523893e-06,4.668855455064125e-11
1.0768931507419978e-07,1.2294511464611508e-14,0.9616374887065592,1.8233889800459316e-10,2.504536830657693e-11,0.038353239611038106,1.9005223676167268e-13,1.6823616072715775e-06,7.481400336033382e-06,2.3557775226369493e-11
1.2616438892101452e-07,1.635920625220913e-14,0.96591047728114,1.8012579706098257e-10,2.6829068528394717e-11,0.03408046786610644,2.1683297980584655e-13,1.0488946762954322e-06,7.879552493159403e-06,3.4007107026825194e-11
1.6203531379171455e-07,4.812838051050917e-15,0.9658354419122284,1.2238877016187876e-10,4.108602645138153e-11,0.0341564411766538,3.4080401243892163e-13,8.699696836136443e-07,7.084717657642828e-06,2.4642524844058982e-11
2.969685177272332e-07,1.3866378904854015e-14,0.9599615610745942,2.4932904300466034e-10,9.97120238618044e-11,0.04002960365989255,8.38216253926978e-13,1.4415143502646671e-06,7.096373112920525e-06,5.963933897416898e-11
5.6975926276537315e-08,7.895637241162135e-15,0.9630568729704251,1.1237967823148088e-10,1.2025055246483991e-11,0.03693411992110301,9.134497814417711e-14,1.0618068077509175e-06,7.888187576052076e-06,1.3657916971431383e-11
2.07182766117098e-07,2.0346185724234904e-14,0.9581427208956818,2.4992138972211993e-10,5.640242707670147e-11,0.04184792183110641,4.0313316337040214e-13,1.9511028841004405e-06,7.198642125807544e-06,3.868864428149116e-11
2.7841123996710697e-07,2.6005399803697062e-14,0.9631512242389086,3.522031190311877e-10,6.407667872554571e-11,0.03683957085657407,5.734135519162133e-13,1.3955368897612996e-06,7.530486244313119e-06,5.326394640700539e-11
4.991529386640843e-08,3.680125926464484e-15,0.9692983930083181,7.119385555882081e-11,1.073853539926108e-11,0.03069281565957791,7.94588760153031e-14,8.027369704537527e-07,7.93858810987451e-06,9.714469745722726e-12
1.9017489382665508e-07,1.9012948640798988e-15,0.9725899667401392,5.807622618151968e-11,7.102653064836187e-11,0.027402805799613995,8.116263001117716e-13,5.475089621962312e-07,6.489631072252448e-06,1.5402311052874512e-11
1.2509690257463524e-07,3.1371868603554167e-15,0.966575951538968,9.012917167830318e-11,3.306446605872183e-11,0.03341649634790769,2.5797548085606517e-13,7.524157323720198e-07,6.6744597499065825e-06,1.728444343535852e-11
6.263136098965578e-08,9.142335326264296e-15,0.9587044778572934,1.1339064185955234e-10,1.3895406288946177e-11,0.041286425666539645,1.0043585568550157e-13,1.452845606786592e-06,7.580856628265255e-06,1.5175316319385993e-11
1.1337189679578245e-07,1.795989359356792e-14,0.9568470204462226,1.709776455243231e-10,2.8525635856755532e-11,0.04314352276109821,2.0698068628068798e-13,1.9967449563611726e-06,7.346446383170203e-06,2.9714743184403624e-11
1.102031644380059e-07,1.857454888593194e-14,0.9573881725744018,1.672604927039911e-10,2.8027790499883652e-11,0.04260238259486112,2.0629129365270428e-13,1.8855546676708365e-06,7.448846966530665e-06,3.0425237813958565e-11
1.6244408447415113e-07,1.8948520877726704e-14,0.9585509773680425,2.2029739873415153e-10,4.0317949555512936e-11,0.041439660374350075,2.940131335366078e-13,1.987318279368855e-06,7.21219943820223e-06,3.487705491312766e-11
7.139434347217346e-08,7.675522310332472e-15,0.9587358773868422,1.391452556154893e-10,1.5816824984850115e-11,0.04125537892910436,1.147578228383661e-13,1.3991793738062696e-06,7.272940737236821e-06,1.4514275875060146e-11
6.471436009882044e-08,1.1861451931209272e-14,0.9654464082896137,1.1703005792600593e-10,1.3574243431446252e-11,0.034544386498566705,1.0302582074054534e-13,1.097967464911572e-06,8.042381091790866e-06,1.818356876614903e-11
3.040618393516268e-07,1.872985823526917e-14,0.9573816355354108,5.81905024138125e-10,7.345521423314175e-11,0.042609877542321414,6.180422083435498e-13,1.4132981803452488e-06,6.768846820125407e-06,5.94309833345583e-11
2.2374465020868088e-07,1.7555878552655914e-14,0.9600562400859021,4.085430611930443e-10,4.844500200077227e-11,0.039935239971166034,3.9978952844236345e-13,1.2592191804891036e-06,7.0364773248741336e-06,4.4370894417568085e-11
1.5431932807403525e-07,2.0383184928559896e-14,0.9646776287002253,2.2344424998600241e-10,3.439112921469688e-11,0.03531325295315955,2.888484769815337e-13,1.1778021927891955e-06,7.78592671837322e-06,4.023136485662477e-11
8.341742387586202e-08,1.4415131335914086e-15,0.9741911502192151,4.307905202241533e-11,2.3114312361867465e-11,0.0258019907634087,1.8487221765856216e-13,4.640261540372676e-07,6.311498143652039e-06,9.27490614874291e-12
1.413660609718698e-07,1.5489598599687367e-14,0.9637643025895616,1.903608410992642e-10,3.48852433444574e-11,0.03622664049909236,2.670713161362071e-13,1.2157106313850436e-06,7.699572884208407e-06,3.624091054189511e-11
1.0390692185829235e-07,7.979540364595625e-15,0.9628437997826731,1.4600377430689267e-10,2.4538098219612876e-11,0.037147320624190856,1.8184417330577648e-13,1.4082873946032458e-06,7.367207975357728e-06,2.01124804235947e-11
4.779814277102004e-08,2.755022098093516e-15,0.9629244596530739,6.030235484200071e-11,1.1378406070501477e-11,0.037067130485875746,8.008491752360072e-14,1.3103518498354618e-06,7.051631275599588e-06,8.018515089145566e-12
1.8046421109534578e-07,3.0899829173528446e-14,0.9638138088787322,2.5816972654443597e-10,4.000819026244769e-11,0.03617712462088409,3.2403001012573385e-13,1.2515237060976233e-06,7.63416167371842e-06,5.2259789099094896e-11
8.166968018678788e-08,1.3721887204738151e-14,0.962042031753305,1.4311518529717844e-10,1.8135434006778256e-11,0.03794881982870601,1.3399739180069294e-13,1.4038022721709016e-06,7.662762564288376e-06,2.2074097764929754e-11
1.6403646502339782e-07,2.5671426649349855e-14,0.9632699762595011,2.455885664012295e-10,3.8126411862086624e-11,0.03672085207225778,3.00456583401549e-13,1.2824769508820017e-06,7.724828257990341e-06,4.2526240633215414e-11
4.2577086430645513e-07,3.349607867097295e-14,0.959011274559267,3.9374244265534106e-10,1.2442253089593922e-10,0.04097934078034145,9.719571171382297e-13,1.833769619405641e-06,7.124530834647726e-06,6.990309309003879e-11
8.24921472755244e-08,1.0814018318568231e-14,0.9631168192697599,1.4861399752145956e-10,1.826654268772752e-11,0.03687404163066445,1.3564082919172923e-13,1.257016480941956e-06,7.799405498160328e-06,1.842228123595622e-11
7.775054918716052e-08,4.75018209763009e-15,0.9606793824163838,9.88478586793357e-11,2.0001968052071133e-11,0.03931200140309429,1.3867776557056258e-13,1.4038401432150183e-06,7.134457083907823e-06,1.3752225037279354e-11
2.519930531885462e-07,1.658183816694678e-14,0.9566904390895048,4.5662445619990997e-10,6.304659429542155e-11,0.04330102390652315,5.173001956292341e-13,1.4905207488305813e-06,6.793921567700954e-06,4.83974378210571e-11
2.828429349601562e-07,2.0177827101999692e-14,0.9574940016520181,5.435684056313451e-10,6.885189426145669e-11,0.042497525428706925,5.881802681420394e-13,1.3705874772524786e-06,6.818811066187539e-06,6.476791734215578e-11
8.631604361784717e-08,2.1824501249346382e-14,0.9614055582587617,1.5245095750051006e-10,2.09069625518435e-11,0.03858508153482088,1.6257765623546477e-13,1.2827336723439275e-06,7.990951166594826e-06,3.1992480899335527e-11
2.0877309631340718e-07,2.002553983815598e-14,0.9586613065274517,3.6034024383196656e-10,5.4240666399424426e-11,0.04133008394661017,4.604989494519696e-13,1.3118047965108419e-06,7.08847474560147e-06,5.823807956150888e-11
1.0732568688542202e-07,1.0517242746236515e-14,0.953469805669182,1.90170823152973e-10,2.488495689460639e-11,0.046521494548602736,1.7860469058133807e-13,1.7960798243426828e-06,6.7961394990064835e-06,2.1959872509521364e-11
1.6797295018191168e-07,1.033070374239122e-14,0.9564853037869437,2.9664419546930045e-10,3.9655133627206834e-11,0.04350656559760153,3.0124766996915746e-13,1.3219309919941584e-06,6.640342274917892e-06,3.262656216633764e-11
1.9544963869885947e-07,3.582206171439245e-14,0.9581406587098347,2.874181067371532e-10,6.108518396439248e-11,0.04185016189798857,5.048763440219974e-13,1.5913423690024163e-06,7.392177199291618e-06,7.392559332289633e-11
1.4611048905813749e-07,1.393023442930495e-14,0.9563325772838359,3.055151667298584e-10,3.3537899751107865e-11,0.043659073582562144,2.5876631415729433e-13,1.4087252008006315e-06,6.793923917547142e-06,3.4668919392317804e-11
1.6249385116029608e-07,1.386020434343229e-14,0.9578323058417988,3.3344786852594925e-10,3.600786655048032e-11,0.0421593614715329,2.796096937923605e-13,1.2944935741014295e-06,6.875295100880905e-06,3.4392944651147735e-11
1.3031032900398503e-07,1.2609434966841104e-14,0.9549122188925543,2.6416657495186954e-10,3.185297945274523e-11,0.04507921338539351,2.420019535626982e-13,1.6157628705678857e-06,6.821322461665072e-06,3.011687411318788e-11
2.6560791324357153e-07,2.206015010555761e-14,0.9581845625394786,4.454450403339644e-10,6.926508558057367e-11,0.04180674982294569,5.594029237313073e-13,1.4300869753260096e-06,6.991367223957008e-06,6.017171528892027e-11
1.3445480793324582e-07,2.145953334146067e-14,0.958389127317508,2.2875374073416451e-10,3.327139477773107e-11,0.04160194007217262,2.5592450718828293e-13,1.4466369302869193e-06,7.351214946059178e-06,4.13326083316922e-11
0.9993520211884724,2.3671261987748947e-08,4.701964735540859e-51,0.0005862761004658833,3.110897517506124e-73,2.6385786669208027e-73,1.3428600067506064e-60,2.276909866938731e-11,5.49778832074872e-29,6.167901703044969e-05
3.377038223981447e-07,3.2095934560831033e-14,0.9616381899913832,3.778505329362956e-10,9.799391457492934e-11,0.038352450124105195,9.145315182070918e-13,1.604415519571043e-06,7.417213497985711e-06,7.488071574140508e-11
1.8830653083655423e-07,1.9152716090796924e-14,0.9626006543422407,2.7271731774384293e-10,4.597362662224558e-11,0.0373901223912247,3.7337377902787714e-13,1.5063762356448544e-06,7.528225631454255e-06,3.905307493069533e-11
2.4647743185611946e-07,2.0664974951103865e-14,0.9577495796407219,2.6369380148982396e-10,6.468236637345672e-11,0.04224098392881064,4.678605921332499e-13,2.1136664867126765e-06,7.0759166579582205e-06,4.102632244169761e-11
6.454968311448652e-08,2.1545186630767244e-15,0.9690010753484374,5.4080299746028237e-11,1.6464494924351384e-11,0.030991448435541757,1.204363314398808e-13,6.438203120729163e-07,6.7677646782268835e-06,1.0679850176241103e-11
8.402829578588123e-08,3.4912021687057502e-15,0.9644482328344708,9.436249371525047e-11,1.9603928929669545e-11,0.03554419269989322,1.4636670477095507e-13,8.154169989090305e-07,6.674891956991039e-06,1.4268022327725655e-11
1.8115827963939846e-07,7.903677446856748e-15,0.9631357892367302,1.81253752691607e-10,4.3939449899256133e-11,0.03685595791593129,3.5729354809079284e-13,1.0206516246695508e-06,7.050776309379018e-06,3.556654229747246e-11
6.174210861430354e-08,4.937695005589447e-15,0.9676389046972618,9.431044666414724e-11,1.3187602692664421e-11,0.03235223452737897,9.881104426163686e-14,9.526533513669951e-07,7.846260438807983e-06,1.1858733659604453e-11
9.161700916495117e-08,2.2185297365576842e-14,0.9637981315596902,1.582818526928632e-10,2.0868214471392758e-11,0.036192559476750555,1.655084109782461e-13,1.1529318890515154e-06,8.064202971280416e-06,3.2352071316458206e-11
2.0080787724537942e-07,2.890915892059971e-15,0.9702621798854262,8.026053483989581e-11,6.286781106967661e-11,0.029730042213850217,6.174158217087023e-13,6.713814721567237e-07,6.905545849085461e-06,2.1776397875426632e-11
3.811420864967222e-08,2.8679801181313436e-15,0.9587019414715265,5.619105575709295e-11,9.017988692692367e-12,0.04128966460550529,6.252014047241004e-14,1.5502346169482532e-06,6.8055010838900285e-06,7.78432828156651e-12
1.4758859983669826e-07,2.0791913538813615e-14,0.961178962530784,2.346306885432616e-10,3.867497617121555e-11,0.03881176462801804,3.1859898532232703e-13,1.5376595969428323e-06,7.587277792493663e-06,4.1563565433158575e-11
2.0966107124303306e-07,2.276836737788496e-14,0.9567278471130363,2.784541605091042e-10,5.5842660892684356e-11,0.04326291203776154,4.103095220897016e-13,1.97501853072206e-06,7.055789541589717e-06,4.532881871938478e-11
2.532263666440307e-07,2.2294809225662388e-14,0.9584261121481692,3.3122778976146156e-10,7.365245373740488e-11,0.041564537304899125,5.456017532517317e-13,1.9403533205385335e-06,7.156515021775407e-06,4.677467519467064e-11
3.272821092269222e-07,2.6261460110041485e-14,0.9586672725907363,3.3097994316255325e-10,9.261034275846329e-11,0.04132327524357184,6.934575843064845e-13,1.995482750984707e-06,7.128922942702436e-06,5.357894420448293e-11
1.7940926596974904e-07,4.408837565445007e-14,0.9587618176061586,2.5384701792069176e-10,5.7938898697679406e-11,0.041228780503388976,4.771585740182438e-13,1.6437069726179568e-06,7.5783868556055434e-06,7.505079203103104e-11
1.7732668468109147e-07,2.34720949441494e-14,0.9609196506707188,2.6305545561446356e-10,4.729394298032857e-11,0.03907105637610343,3.8959841629203965e-13,1.632133648441469e-06,7.483134331219659e-06,4.7751107470394656e-11
1.6058489182141397e-07,1.9271934099715554e-14,0.9635611595302723,2.4212627274909423e-10,3.6315382119386215e-11,0.036429707580555644,2.9843365332454305e-13,1.3717996033821555e-06,7.6001882527882445e-06,3.766454464388696e-11
1.1969400787139532e-07,1.909454183239148e-14,0.9575613694527106,2.2391610568781113e-10,3.199940461059493e-11,0.04242969847020813,2.551069249847656e-13,1.4539129988361036e-06,7.358173757393529e-06,4.012746011846873e-11
2.057649585358876e-07,3.431870380855595e-15,0.9691633366102776,9.47367252049444e-11,5.761947347617116e-11,0.030828707350635795,5.424184266507124e-13,7.319083422018725e-07,7.018190098160002e-06,2.278554135997291e-11
7.320744201098535e-08,1.2770272821243919e-14,0.9642288316970297,1.343123482064779e-10,1.5756251201011135e-11,0.03576191172325638,1.220674139597336e-13,1.0761072297545423e-06,8.107094646860453e-06,2.0191866556852132e-11
1.5846486119795214e-07,1.661513629546667e-14,0.9608343471412685,2.428309354141212e-10,3.9542763318362934e-11,0.03915632069917905,3.0332479943895214e-13,1.7918901276176302e-06,7.381488487092972e-06,3.338312172738555e-11
1.5124993787652048e-07,2.1393559646112095e-14,0.9643822499834117,2.338677283896811e-10,3.2700921253542544e-11,0.03560862969650496,2.599733641778194e-13,1.2026306214456295e-06,7.766137000627824e-06,3.567349578815218e-11
1.3703827351038568e-07,2.822715801714216e-14,0.9635571563679176,2.0420542978263733e-10,2.954676336053688e-11,0.03643379284890062,2.3216758569996207e-13,1.2934999407052421e-06,7.6199682472705555e-06,4.2707494733816047e-11
2.2039775591342836e-07,2.679426880169927e-14,0.9592367339684573,2.7902181248327523e-10,6.385296341180976e-11,0.040753880720533577,4.660239914942822e-13,1.835381106904634e-06,7.329140162751012e-06,4.8615960210391835e-11
1.8039506858065049e-07,2.616080997338331e-14,0.9624536737096716,2.492272098634332e-10,4.077017895098363e-11,0.037537264645449826,3.1957873719270015e-13,1.4490242719218527e-06,7.431889630957442e-06,4.5563891578598265e-11
0.9985085893770815,2.344161967796026e-08,1.0909650164240547e-50,0.001382099123811594,7.218004711150233e-73,6.122115287115808e-73,3.115747079611739e-60,5.282959677642644e-11,1.2756145702891313e-28,0.00010928800465746201
7.147892295674344e-08,8.174444290017504e-15,0.9610799841840141,1.3254698080331615e-10,1.618994928951085e-11,0.03891069667060435,1.199960254566332e-13,1.7443903777330163e-06,7.50311187365934e-06,1.5342205748377825e-11
2.0973756319297263e-07,2.7420184888326076e-15,0.9707653391415544,7.791107837030208e-11,6.492240024170248e-11,0.02922693972564911,6.792948780214013e-13,6.469016606574172e-07,6.864329158485742e-06,2.0898735608273047e-11
1.2468993732921436e-07,8.658989213537825e-15,0.9598888743224855,2.1605912157518912e-10,2.755071851491319e-11,0.04010301613839454,2.149939499429513e-13,1.1265701882963266e-06,6.858009555202119e-06,2.560553930081472e-11
2.3701862716572174e-07,1.957741968210492e-15,0.9723358406653498,6.066147014793395e-11,1.0028839528444299e-10,0.027656885846275053,1.6778795434426964e-12,5.505613408355738e-07,6.485728917120684e-06,1.6860249376519886e-11
2.302496451182018e-07,1.6307396173030373e-14,0.9577492253111733,4.756251782755418e-10,5.222366627066133e-11,0.042242426768784216,4.330775474438596e-13,1.3150072765385595e-06,6.802086936915025e-06,4.788573531506431e-11
1.701691667971012e-07,1.9380800868020456e-14,0.9559278875346873,2.7615149125192234e-10,4.295471616794159e-11,0.0440631763998082,3.166262807620787e-13,1.7892124638954758e-06,6.9763237480811515e-06,4.0683495460226727e-11
1.4219362435574338e-07,1.4683466232339666e-14,0.9576439709637491,2.9140508864282396e-10,3.2051816028557483e-11,0.04234765914598939,2.5099297005045073e-13,1.2765972746446739e-06,6.9507402088459415e-06,3.5431053108228e-11
2.4035682045525217e-07,1.0311431080865611e-13,0.9605574561769596,3.22079443325556e-10,9.698161135550178e-11,0.039433095804319605,9.90606931378033e-13,1.487400815251295e-06,7.719660605813872e-06,1.8032449486612557e-10
1.6773504034143358e-07,2.8924991450126975e-14,0.9625349110689145,2.52176944858156e-10,3.870523008667204e-11,0.03745595998869,3.071569545724261e-13,1.2859077965319676e-06,7.674960098973776e-06,4.8241354799007674e-11
2.4552430922963694e-07,2.0078781469724683e-14,0.959122738435683,3.114725498607538e-10,7.104511870227205e-11,0.04086780727265838,5.549424595195652e-13,1.9696375238771717e-06,7.238702357613409e-06,4.437521186859708e-11
1.271085882291416e-07,1.1552310012801577e-14,0.9548239544928714,2.5648926795778207e-10,2.9048957654663554e-11,0.045167679093286256,2.137680376514303e-13,1.4962411852796305e-06,6.74275157152436e-06,2.673381736291198e-11
1.897296186609139e-07,1.6362515701910597e-14,0.9556940565197528,2.8312234133606547e-10,4.707099515953016e-11,0.04429703028988429,3.3786293230672466e-13,1.852381212106536e-06,6.870713124401238e-06,3.586015315232012e-11
1.2017261617641813e-07,5.177473734398813e-15,0.9574981898384823,1.3825889501722039e-10,3.0920285146173113e-11,0.04249381052140327,2.172557745801336e-13,1.3537669775360059e-06,6.525512253039336e-06,1.8865898131621695e-11
1.6270320388406871e-07,1.3920750553793438e-14,0.9588373243741738,2.550029625570524e-10,4.268240948482885e-11,0.041153343347966664,3.2052689723483207e-13,1.9476675904818694e-06,7.221579039594303e-06,3.000584331015486e-11
9.983237116262556e-08,1.569842155527708e-14,0.9575356948507747,1.601193571669738e-10,2.4018474856218516e-11,0.042454829150309126,1.7243299608381948e-13,2.0359579567917497e-06,7.339998762272743e-06,2.550014590658647e-11
9.850346330432195e-08,9.332683079139106e-15,0.9671647087319292,1.3904557435598081e-10,2.0744429205866376e-11,0.0328263509128409,1.6096672199169136e-13,9.78630106672711e-07,7.863039629294367e-06,2.2070425600377864e-11
2.59041050170042e-07,1.985162162697764e-14,0.9573701962277732,4.3814394114978226e-10,6.385258432356656e-11,0.042621087069828506,4.953291117391422e-13,1.5961382647777168e-06,6.860969354425152e-06,5.121737027680827e-11
1.3012697482790617e-07,1.9149995557683355e-14,0.9615677556124237,1.9700592551791383e-10,3.2315003918331853e-11,0.03842318054078201,2.523215310657991e-13,1.372364810518409e-06,7.56108548203389e-06,3.993449773427784e-11
1.737029813683781e-07,3.4714317360299567e-15,0.9672331853890321,9.940002486313096e-11,4.794446802417084e-11,0.03275911603468864,4.1991001677035483e-13,7.457888501794934e-07,6.778914092904967e-06,2.2586997931348134e-11
1.2439787510208023e-07,2.471036678731902e-14,0.9596947038137156,1.9847713210058733e-10,3.0244696535165416e-11,0.04029603272568544,2.255036023023717e-13,1.6651392732934654e-06,7.4736562354930256e-06,3.824303348091331e-11
7.386289353121111e-08,3.9565667515111255e-15,0.963685828333276,8.47933426911789e-11,1.7815390080319936e-11,0.036306204210096636,1.2941240555774666e-13,1.001853971238167e-06,6.891622124574006e-06,1.489617535958821e-11
1.1511260954838842e-07,1.7955037958569127e-14,0.9593286169969348,1.681217422650175e-10,3.241893942623872e-11,0.040662093240526616,2.5056086297183317e-13,1.4977236327276782e-06,7.676687137253835e-06,3.834988629172735e-11
1.1319272952801436e-07,7.368964573485765e-15,0.9556774232794979,1.706818452780861e-10,2.7328389342809842e-11,0.04431422370527513,1.930196861262937e-13,1.5340481270466955e-06,6.70555629672221e-06,1.9862958075381555e-11
1.1529455019964914e-07,2.1790864715401477e-14,0.963074884190739,1.8433954687891018e-10,2.5123650202161426e-11,0.03691605095670866,1.916600764886141e-13,1.3508836114034412e-06,7.5984310582972245e-06,3.365589378621153e-11
9.024955444695761e-08,4.857491631798119e-15,0.9672020366640226,9.622837501278701e-11,2.111163172826783e-11,0.03278958057143144,1.5771397855618306e-13,9.438424789669054e-07,7.3485373527857366e-06,1.765730048795012e-11
1.6943395971687868e-07,1.860584350930203e-15,0.9725669175587671,5.6394071977401804e-11,6.019142300724145e-11,0.027425909311933852,6.07632148913895e-13,5.440031410432428e-07,6.459560365716168e-06,1.4637525726971653e-11
5.251491837577156e-08,7.397909190857017e-15,0.961151334713615,9.848826590535002e-11,1.1620583890988312e-11,0.03883930026920619,8.343842402036855e-14,1.6387078926608813e-06,7.673671887748183e-06,1.2280287272710226e-11
2.1241386700238078e-07,1.5230622736791905e-14,0.9657122216612827,2.1323843442601008e-10,4.604512078359416e-11,0.03427888445068022,3.9524844670759167e-13,1.0739392913150864e-06,7.607226536903698e-06,4.8647742179290335e-11
2.663277645616028e-07,3.990283872545454e-14,0.9618872414201143,3.4777123209947784e-10,7.470732900658702e-11,0.03810353160787564,6.398028010976334e-13,1.376096975573615e-06,7.58405003588187e-06,7.407573305686518e-11
9.224114736805365e-08,2.0784764289232224e-14,0.9643999779346846,1.573549144409416e-10,2.0264622102016723e-11,0.03559078710143764,1.590286792593566e-13,1.1469366113796195e-06,7.995577683571374e-06,3.0636168378907575e-11
1.508133103851012e-07,1.2095920536018863e-14,0.9561128561080086,2.860499591858864e-10,3.531666468296495e-11,0.04387866163749659,2.6212921374997756e-13,1.5113662487359823e-06,6.819724791376615e-06,2.8503648731640535e-11
1.4752403286678803e-07,2.8393006796079652e-14,0.9583912446574725,2.1078976006441343e-10,4.029611888870782e-11,0.041599343008737064,3.057137203387649e-13,1.7898578786640182e-06,7.474654362878671e-06,4.6096352827139327e-11
1.1930679443723046e-07,1.6283353940992e-14,0.9621211341495595,2.009670989810536e-10,2.846136512233663e-11,0.03786970305124988,2.2956874490864586e-13,1.411606022564836e-06,7.631625255901606e-06,3.144341074267906e-11
8.943243041071212e-08,1.432298960927863e-14,0.9619822607354466,1.5481438272397074e-10,2.0093844513946444e-11,0.03800857823210543,1.4719755400309839e-13,1.474068936997317e-06,7.597332974188271e-06,2.303682184064864e-11
2.3331391855843346e-07,3.134149654580957e-15,0.9698697535667116,8.748370471245078e-11,7.305018275273425e-11,0.030122398030682444,7.701671316952319e-13,6.968162112284028e-07,6.918087261109413e-06,2.3907963888781943e-11
8.078037123230933e-08,1.0523352401894067e-14,0.9604004955958115,1.26241605639389e-10,1.989056426252038e-11,0.039590184345212075,1.4846149921903978e-13,1.5508630292716582e-06,7.688248499179589e-06,2.0785594892370548e-11
6.493160311538633e-08,4.0987844935777144e-15,0.9639015168282042,8.821661798273673e-11,1.5081022551263336e-11,0.036090340934699795,1.0876971927464169e-13,1.0516919398299554e-06,7.025497560674366e-06,1.2581818322925847e-11
2.3238903600397777e-07,2.2562271752042713e-15,0.9714535586155293,6.845033247211952e-11,8.463424473252357e-11,0.028539001641124412,1.0808398302498415e-12,5.960131497925405e-07,6.611168579169636e-06,1.8413518134188256e-11
9.888311271930172e-08,1.2485067946350865e-14,0.9646760133634383,1.6819298128992163e-10,2.044329074237881e-11,0.03531485992821689,1.5866207552021998e-13,1.1788233674813642e-06,7.848791843589833e-06,2.1213508359097117e-11
6.923141537301768e-08,7.992727625398991e-15,0.960656278166852,1.1007238801115402e-10,1.61540050356113e-11,0.03933451713720351,1.1756397483393034e-13,1.591019979900069e-06,7.544302207796603e-06,1.598971149409478e-11
1.3297718410912042e-07,2.341879005222218e-15,0.971799891522256,6.571487113936941e-11,3.72098623292674e-11,0.02819250606169219,3.156303806253991e-13,6.056889370251813e-07,6.863631360922769e-06,1.5326768007164905e-11
1.0793635938764819e-07,2.392928822584059e-15,0.9703522679016461,6.81615142101072e-11,2.8419224409693625e-11,0.029640207749024438,2.3393777660461405e-13,6.399944650312008e-07,6.7763077821371705e-06,1.3905951976779898e-11
5.0818271645466955e-08,1.975952134754781e-15,0.972501497568174,4.8892425323232815e-11,1.1971870806398865e-11,0.027490686603206263,8.831653051572094e-14,5.812549977585048e-07,7.183686127588876e-06,8.268226512352437e-12
1.6546782837391268e-07,1.3182985969346217e-14,0.9622498733001624,2.0011361184129567e-10,4.0246660844426754e-11,0.03774119789568945,3.010647487061468e-13,1.490395999070333e-06,7.272664605628099e-06,3.504073072205117e-11
1.6258951520938391e-07,2.04418520141244e-14,0.964878896293979,2.470841733476581e-10,3.328843682216288e-11,0.03511203015478857,2.7068993942052895e-13,1.186072065712746e-06,7.724573648836592e-06,3.5338938465138217e-11
1.1690873572992201e-07,2.129709701385402e-14,0.9644819250384451,1.9255083548083807e-10,2.507391244532048e-11,0.03550898047855435,1.9879275897617056e-13,1.1581828506809554e-06,7.819139062158172e-06,3.45072229910552e-11
3.4179376692927947e-07,1.0334246172855894e-14,0.9594138971914777,2.8443912434547647e-10,9.971341601425196e-11,0.04057765442881928,8.246614364188161e-13,1.3299393031145556e-06,6.7762134818708775e-06,4.8163490669418836e-11
3.7572528743665285e-08,3.8228177901809e-15,0.9672523385754127,5.871536306768125e-11,8.476659721926408e-12,0.03273848196622655,6.22935192583228e-14,8.878321179817517e-07,8.253977277877184e-06,9.178215933578155e-12
2.388821019381123e-07,1.9631645902758247e-14,0.9573882930708489,3.165439375240146e-10,6.720180063126808e-11,0.04260261521461969,4.948754936775475e-13,1.8081188111044932e-06,7.044285631924356e-06,4.3726074754576317e-11
2.2319985024611066e-07,1.4069130987852237e-14,0.9641051404666432,2.1201368618003081e-10,5.850106818878875e-11,0.03588592826020581,4.900730566772135e-13,1.1612199399728874e-06,7.546528002944697e-06,5.433908018085866e-11
2.2319985024611066e-07,1.4069130987852237e-14,0.9641051404666432,2.1201368618003081e-10,5.850106818878875e-11,0.03588592826020581,4.900730566772135e-13,1.1612199399728874e-06,7.546528002944697e-06,5.433908018085866e-11
3.3813099827493844e-08,4.257588460993396e-15,0.959131255743954,6.471591829726248e-11,7.388910765876323e-12,0.040859027933369006,5.261261960655491e-14,1.9102724621736803e-06,7.772157715146272e-06,7.2381730464412325e-12
1.20061165518108e-07,1.89550112754502e-15,0.9728442565873271,5.469615137536027e-11,3.5541300460647534e-11,0.02714847012655963,3.012349949621056e-13,5.504560957590996e-07,6.602665140444234e-06,1.3170793571038587e-11
8.291107053259937e-08,9.103058648264115e-15,0.9603968548178449,1.2890990978608495e-10,1.9986771071057475e-11,0.03959390913342331,1.4079318328830868e-13,1.6332369160828792e-06,7.519733980780777e-06,1.7717723801585216e-11
1.7274579824953962e-07,2.102524556829372e-14,0.9634735940241178,2.538974597648754e-10,3.9667025342032086e-11,0.03651729496139758,3.1915154866283164e-13,1.3621920372531206e-06,7.575742842927832e-06,3.990131064492624e-11
8.82866428225088e-08,1.0868495972648556e-14,0.9641543580181565,1.5628276251770381e-10,1.924641645037865e-11,0.03583644748517831,1.4978680804670012e-13,1.310560521169871e-06,7.795453905950182e-06,1.9905197045017313e-11
2.311522587322147e-07,2.3786877903576947e-14,0.9622153136471444,3.0181131504584693e-10,5.574910228599321e-11,0.037775534600214336,4.7288736149784e-13,1.5020594550954498e-06,7.41813215022981e-06,5.0720084631045204e-11
1.6822201885382818e-07,2.7181090789896014e-15,0.9690751835476296,8.09583381902753e-11,5.0715971159732894e-11,0.030917242273215344,4.597052257201423e-13,7.022228475231527e-07,6.703584058073738e-06,1.809392216570047e-11
2.554496581832375e-07,4.845873757357158e-15,0.9669642054076516,1.2635126365690455e-10,7.896888126920042e-11,0.03302750808905316,7.797405833578248e-13,9.273672423180462e-07,7.103449547681893e-06,3.074241696280729e-11
1.0081228910997352e-07,4.936635072995333e-15,0.9688694240090836,9.814133499357854e-11,2.2422049646223524e-11,0.031122182964199448,1.7602732396766204e-13,8.130042725017164e-07,7.479069632204074e-06,1.977866738402421e-11
8.376829876477298e-08,1.1725539698917796e-14,0.9583414197467363,1.48675993156826e-10,2.019850774822844e-11,0.04164902116773641,1.4854126230491754e-13,2.072516584685625e-06,7.402610817313922e-06,2.0792242834415986e-11
8.45618057567569e-08,9.628683571594745e-15,0.9580955604715429,1.3073769608963577e-10,1.917515238128287e-11,0.04189507289517883,1.388509604458362e-13,1.919548915374132e-06,7.362355511151189e-06,1.698487991196667e-11
2.3286102308323093e-07,2.6384677319328125e-14,0.9647590702561315,2.516695949756528e-10,4.974713151005919e-11,0.03523193992673962,4.2949027668966047e-13,1.1860815847165393e-06,7.570509139738788e-06,6.350878518815351e-11
2.1448473937447746e-07,1.8888587635876278e-14,0.9584032123688884,3.5392825339226815e-10,5.147295893056761e-11,0.04158799031990474,3.966219322623856e-13,1.61295478867969e-06,6.969421700593709e-06,4.4161498900826724e-11
0.9995995444796706,1.309567672115309e-08,1.254074907152938e-51,0.0003721870205217266,8.297166684258504e-74,7.037431122617303e-74,3.5815816004656764e-61,6.0728135802548025e-12,1.4663313669230182e-29,2.825539805829602e-05
1.9048038048059948e-07,8.27560943606703e-15,0.9660808597008117,1.697645252534936e-10,4.209933682209837e-11,0.03391061285579752,3.539239580250758e-13,9.651196060532835e-07,7.371597380856465e-06,3.379741820465042e-11
1.1912348044570181e-07,6.812446083028962e-15,0.9645433007419126,1.5570347103366432e-10,2.5605185224670305e-11,0.03544827490123183,1.9908692483393524e-13,1.0166836678227499e-06,7.288347963042819e-06,2.0229896451379428e-11
1.1677724626069638e-07,2.0980670514998207e-14,0.9653559780185237,1.9108830255443717e-10,2.4041850032936723e-11,0.034634898157717385,1.9296812585362044e-13,1.083235773632411e-06,7.923562889719534e-06,3.250520258481475e-11
3.09741707730234e-07,2.1646641248379116e-14,0.9589585294133222,5.594606250672035e-10,7.184582211815643e-11,0.04103294454116763,6.467919456299494e-13,1.297110820765229e-06,6.91849177142294e-06,6.923535038955562e-11
3.1316143110037905e-07,6.027333954205266e-14,0.9634379496273565,3.4686491235784384e-10,7.141532252845368e-11,0.036552845449311665,6.545703738995991e-13,1.2887458465256952e-06,7.602494931153192e-06,1.0212788979881345e-10
7.573993707772589e-08,1.2428114596208721e-14,0.9638673332138944,1.3530913583895402e-10,1.6715685132870343e-11,0.03612339091836031,1.287556213070686e-13,1.2084006512110572e-06,7.991554494314692e-06,2.0496941074385715e-11
