i = 0,i = 1,i = 2,i = 3,i = 4,i = 5,i = 6,i = 7,i = 8,i = 9
6.1598307795081284e-58,6.777528899687954e-35,0.9999999432234002,1.1302565037577053e-14,4.90625668486642e-181,5.6776588355321494e-08,9.588523657506394e-23,4.942959151527504e-50,4.6611989695163665e-22,3.2369351677771964e-36
2.47378399404845e-58,2.1746806884995454e-35,0.9999999810915624,1.4269345515582372e-15,1.989598317117924e-181,1.8908436194454138e-08,1.330480276718205e-25,2.5077422166262983e-50,4.720125715424931e-22,1.6315200900710426e-35
5.3264757895072956e-58,3.490763737784744e-35,0.9999999961598474,6.59693504631023e-16,4.3189427236075214e-181,3.84015198863376e-09,5.09612060023331e-24,2.847414929490857e-50,8.223096951646016e-22,3.9680671757041466e-35
3.540667900783265e-55,4.443051902686217e-31,0.9853708762263059,5.15869626834515e-12,2.8533788555590736e-178,0.014629123768535306,8.759375397395648e-18,3.000569642665394e-47,4.0679934559584367e-19,1.3683604398404742e-33
2.2170699228286003e-53,3.5376286220849354e-31,0.9705314686287018,0.0001208070031150223,1.776797138066433e-176,0.029347724368183448,1.125164308699204e-24,4.149169092893753e-46,3.8345890977587106e-18,3.174055907859912e-32
5.59547479124426e-16,1.5177769410878385e-241,6.515460524085209e-265,1.2370346069673873e-62,6.1412675566757186e-170,1.1588879691329256e-199,1.5151032174362165e-115,8.665464215208039e-29,0.9999999999999993,1.1061426145056856e-214
7.392391347541227e-52,4.8942275384667344e-31,0.9993061894082746,5.849093845189098e-05,6.083438988360817e-175,0.0006353196532734894,1.9382970886908195e-25,2.2133324322194148e-45,4.734377004784923e-17,7.758826267731867e-30
1.1435391057322967e-54,8.582826661452159e-30,0.041419300084997515,8.178343964564186e-16,9.479166941271848e-178,0.9585806999150017,2.4356651746223234e-22,9.65350870095858e-48,2.1873571499856083e-19,8.095769607078224e-34
8.352588762758419e-54,7.863521177392852e-31,0.9787737626515757,1.6238851373031866e-09,6.624703330829547e-177,0.021226235724539348,9.196820214222378e-21,2.81505015881412e-46,3.7570872801640275e-18,3.057525780233867e-32
7.202995227776537e-55,1.2829098376066979e-29,0.0013594650620398034,1.6068796521724707e-15,5.92573098323481e-178,0.9986405349379586,3.0319443216157867e-21,9.533367227082002e-48,8.279758751878511e-20,1.1968027029437522e-34
6.034496482304082e-61,1.1129037019343947e-35,6.784899559858433e-06,4.3030827401157964e-18,4.837966737849728e-184,0.99999321510044,1.4817445545318423e-24,9.230310073560304e-53,1.372589054255568e-24,9.74887346792448e-40
1.251990034832542e-60,3.731454957522432e-35,1.8301789861274716e-07,1.396936650850137e-19,1.0019995416870783e-183,0.9999998169821014,1.8997199367967588e-25,1.0463411770109198e-52,1.8879306473137743e-24,6.192004495275183e-40
1.7469173979446562e-57,3.035267497982571e-33,0.0070522289673489395,5.852488865946631e-13,1.3977000093092825e-180,0.9929477710320659,3.557021888605074e-24,2.078074690179472e-49,2.760902562924822e-21,7.220162349195784e-36
5.569606301207745e-55,2.6046063917583743e-32,0.9997546176180425,2.2537004423483085e-08,4.535195148221185e-178,0.0002453598449528885,1.1730527811643576e-24,1.4625752206015782e-47,4.809547633991871e-19,2.2406371010521282e-32
1.1865304781915498e-57,8.849377671222461e-35,0.9999999715883169,2.2495656863237963e-14,9.493409135912164e-181,2.8411660597161706e-08,4.306767808691587e-22,4.196024141597999e-50,3.6717558561325337e-22,4.092306500948626e-36
1.629686657828317e-57,6.47319392713364e-33,0.02729178859458938,4.1898612791005704e-13,1.2905931930194587e-180,0.9727082114049916,9.48880769417905e-19,3.965668376530091e-49,2.444255203102708e-21,1.254398477619108e-36
9.554914980301942e-58,5.642712709717489e-32,1.6030307119231072e-05,4.4142635003290805e-21,7.848068437026203e-181,0.9999839696928807,1.0827063720084152e-27,4.9343301969612196e-51,8.793203000175958e-22,4.556181741791042e-38
1.0526307115977934e-56,1.6679078193549073e-32,0.9983118085457485,1.78750558257766e-13,8.409631771583458e-180,0.0016881914540728806,7.26666245552211e-20,1.2541772154746345e-48,1.7738457592265076e-20,3.114227776573064e-35
1.2212223734675266e-57,7.574209926572947e-33,0.0011807378108683628,8.587425457577851e-14,9.693491266140402e-181,0.9988192621890458,2.903676941801488e-19,1.9153407369280023e-49,1.7465381224259492e-21,9.763330507610887e-37
1.3827112694451936e-59,2.024140914935225e-36,0.9999999956128662,3.9606132214193597e-16,1.1021127133505562e-182,4.387133351295691e-09,2.138952436435128e-24,1.547588892172437e-51,2.8059456572966985e-23,7.354253547015638e-37
1.0541310777106045e-58,7.372884208206579e-34,0.0041118064237275825,5.061338106674922e-14,8.369858919095998e-182,0.9958881935762217,1.6306214654702147e-19,2.577815777828159e-50,2.1187068222137657e-22,9.766131447766427e-38
9.899749337049617e-59,3.8321861243232688e-34,0.8371332813483627,1.4418935487934214e-12,7.881801115000016e-182,0.16286671865019536,8.202462151092418e-21,2.7165993095492786e-50,3.0624626711302963e-22,2.9918246552879927e-37
5.427331859359735e-57,4.194337693727988e-35,0.999999999551122,5.760878712008318e-16,4.439137044406918e-180,4.488773719819173e-10,1.2911972613858707e-25,5.818723876149527e-50,3.6487348193108355e-21,6.277877906255328e-34
3.0717179343312922e-56,4.2458426739608245e-32,0.991895789685235,7.274481948550094e-13,2.4708008652432105e-179,0.008104210314037491,7.903119293095132e-20,4.2929807177054774e-48,3.045688238094491e-20,1.007187889236068e-34
3.0837795556871637e-55,2.607350516424518e-31,0.995601841248277,2.2281535016416615e-12,2.5200484643344494e-178,0.004398158749494803,3.078764935688558e-19,1.4784452338455048e-47,7.044329274295916e-20,1.1000544846763937e-33
5.096704124687346e-55,7.152080554449667e-33,0.9998232331538175,3.959511180606488e-05,4.1426625666227165e-178,0.0001371717343765341,8.305346316367404e-26,1.2045614554372263e-47,2.340998193341573e-19,3.2994226425926946e-32
1.1525120941483058e-54,1.2508539324172502e-30,0.9978211500436178,4.858692953257238e-13,9.570290030982208e-178,0.002178849955896306,1.166873074505319e-19,1.7387740023377528e-47,1.490496959607077e-19,5.38222173135722e-33
5.58205232137056e-56,4.983674370647975e-32,0.9891258756547411,1.0398584617085286e-11,4.437741284889329e-179,0.010874124334860255,2.5554165474139824e-17,7.379695297496586e-48,9.497936795946004e-20,2.822846179748934e-34
1.4030097243663829e-56,3.5238785053797943e-34,0.9999999434385599,1.1855438118380092e-14,1.119178132112562e-179,5.6561428435318505e-08,2.8678088923097804e-23,7.939496297255937e-49,1.4199405508177015e-20,1.2102994490561478e-33
1.4176692624653499e-49,1.7116458924372308e-29,0.9999987457340205,7.589396023797795e-15,1.2652708754238033e-172,1.254265968821291e-06,1.3428868173201828e-23,7.368565056326251e-45,3.112581733134129e-15,5.702196447413178e-27
9.022546577678093e-55,8.91816140857794e-31,0.9998215856589295,2.4464641165710693e-15,7.52055043988738e-178,0.00017841434106799495,8.203507507803043e-23,6.951590149390068e-48,2.1633202889438364e-19,9.803600760539673e-34
6.48257663185288e-48,5.840207032569036e-29,0.9924836834964778,1.0421829706507491e-05,5.518472479337109e-171,0.007505894673807651,1.34008885914094e-24,4.0400653656931266e-43,8.105781653473426e-15,5.0020169896817945e-28
1.2692303299149477e-51,3.782578354628496e-27,0.08988169130038935,8.68937811658228e-18,1.0799072617970338e-174,0.91011830869961,1.3160318528674983e-24,4.070594789206506e-46,5.973229220398671e-16,2.7359937181520426e-32
1.982379640853304e-55,1.4715359388442002e-32,0.9989939356976478,5.928964705931816e-11,1.5812298241722085e-178,0.0010060642430626046,7.768988554233345e-25,1.6925107621394673e-47,1.8595390863602067e-19,1.4018396605678218e-33
3.834727504800196e-52,3.477112034982272e-31,0.9999995983181466,4.218370045910585e-14,3.151459495930351e-175,4.0168181113966317e-07,4.0104350381265054e-22,4.5651592037511105e-46,5.063458680073538e-18,6.801209490053897e-31
3.3444897036434895e-53,6.255881285927841e-32,0.9999992272615117,4.232453062749879e-13,2.7046141765573616e-176,7.727380651498709e-07,2.3259849565752347e-22,9.513609614173737e-47,3.649736358498021e-19,5.521058689989477e-32
5.8916856426762486e-58,1.0164516432669596e-35,0.9999999998448721,7.784885104524251e-17,4.871722374672439e-181,1.5512785919670996e-10,1.8034186320695524e-26,7.613442966545319e-51,6.160602107447563e-22,4.335316177948898e-34
1.1536429334691637e-56,8.599172370912943e-32,0.007539169806982309,1.4460025539942237e-14,9.319544763656813e-180,0.9924608301930031,1.6940633831501624e-20,9.426860003704616e-49,6.97045251061713e-21,1.4552290589311858e-35
4.587620810207566e-58,8.626719976507445e-36,0.9999999846243524,1.0208332656350078e-09,3.7171155876086514e-181,1.4354814355018313e-08,1.3193098847389369e-27,1.1197881025941254e-50,3.9785223495497256e-22,2.6631014364471515e-35
3.379635261238716e-61,4.6004914018608645e-38,0.9999999979899343,8.965301227668953e-13,2.717333990545125e-184,2.009169146363431e-09,1.3779396914476261e-27,3.954728434353847e-53,9.003626849110466e-25,7.416925755147733e-38
1.1544741195894397e-52,1.352305174425938e-31,0.9999999648362686,2.4531898874667144e-15,9.858742999296801e-176,3.51637289698944e-08,2.8151849392307314e-23,1.0920883205130772e-46,2.169367128415211e-17,1.5242896651354242e-29
8.439575253323579e-52,2.369672041957437e-31,0.9999998553625506,1.4713338367962752e-14,7.184861606530245e-175,1.4463743473400594e-07,7.057485393915151e-24,7.881223170392945e-46,1.023396923101286e-16,5.350363155452097e-27
2.5706525809520153e-53,1.5195356130894656e-31,0.9999998031745897,2.5451067663866856e-14,2.20972700369699e-176,1.9682538479829717e-07,1.1963928928407761e-22,3.1660914473752694e-47,1.2306665531361752e-18,1.2308789595718809e-30
1.6724635676106218e-57,1.0730162814540034e-33,0.9999970753064471,4.466347165854929e-14,1.3475774640814355e-180,2.924693508282371e-06,7.04730380978791e-23,9.860447583231499e-50,2.189452850188852e-21,2.6888681135973386e-36
1.2385644793506797e-61,2.914121329011215e-36,7.934158923128092e-09,5.987014238983373e-20,9.776595571790779e-185,0.9999999920658412,9.219120686715067e-25,1.6843438224452122e-53,8.124065976248152e-26,1.6500528187470962e-41
4.104378479494979e-54,7.302636770594648e-30,0.006119684227705548,2.930100670284084e-16,3.3496366889548196e-177,0.9938803157722942,8.11795706363282e-25,1.5348168337750172e-47,1.122654309803701e-18,5.3384784004515654e-34
1.1164366124072245e-49,3.422336003163392e-29,0.999855513945714,2.0467414421295396e-13,9.245484364735635e-173,0.00014448605408133082,1.0782167327797175e-22,1.4632545526256096e-44,9.878616222659172e-17,1.0072919856112998e-29
2.8745114963351436e-58,5.495008141224755e-34,0.049412618152018105,1.0421076254701925e-10,2.2743020887121728e-181,0.950587381743771,1.9293018735512156e-21,5.505920678358606e-50,3.912236375419401e-22,6.089598913492781e-37
4.99187073928718e-55,8.456210381327607e-33,0.9999998858751807,2.044667971682219e-14,4.181108525297994e-178,1.1412479889498919e-07,5.716410905534103e-23,3.5212560468287553e-48,8.727389010866013e-20,1.3676172557416977e-31
6.160092142805708e-51,2.920397028623937e-26,0.8971772415837017,5.575903638242651e-12,5.095508192686522e-174,0.1028227584107208,6.639515920665697e-19,2.534439201526227e-44,1.2949153897216626e-15,1.1422647764060211e-31
1.8652645021800124e-59,2.7179727088657406e-34,0.004351902393773396,2.5809549233796044e-16,1.4971090302745141e-182,0.9956480976062263,2.979917015215622e-23,2.598184819600392e-51,5.709134349576278e-23,4.4586979001494527e-38
3.0770443038218394e-50,2.2323717720969244e-25,0.00304286814374291,1.703070040851891e-20,3.0232981498515798e-173,0.9969571318562375,2.2023398792028975e-27,2.1219031542523498e-47,1.971891099872427e-14,4.708280646260111e-33
3.627357576226046e-54,2.138843020432691e-30,0.23761351100595,4.290766623828298e-16,3.01720084002467e-177,0.7623864889940497,1.1005563590033334e-25,1.4491154273474937e-47,2.2220545565344164e-18,6.564353460686768e-33
3.2139477241361606e-58,1.7817047184323526e-34,0.999814675537987,2.3161040901651835e-11,2.5551614719733565e-181,0.00018532443885217398,2.235220742518084e-21,5.63886639497782e-50,8.460727506706646e-22,7.026203386752066e-36
8.751327290992028e-57,4.928209137119057e-34,0.9999993322657375,2.732943439765597e-13,6.924984924372013e-180,6.677339891387432e-07,3.99724142447278e-21,5.2324017761108514e-49,2.871092131102408e-21,6.849605674837428e-35
3.573445581091576e-56,2.706734911640206e-33,0.9999926319119258,1.9332558914870827e-12,2.8223502819880915e-179,7.368086140824686e-06,2.0307441082153496e-19,1.8519981293795332e-48,6.356314945426949e-21,9.86299490572643e-35
3.3068483644837427e-56,1.4625262881293697e-33,0.9999998828131125,1.1038775418546695e-14,2.6549967087662036e-179,1.1718687656365939e-07,1.7986219595759668e-22,1.433883093424237e-48,2.3466604552808608e-20,2.967174666639858e-34
3.5684504097669905e-58,1.9615958504947417e-34,0.9999203161224648,1.1655853367487488e-10,2.8944194828399926e-181,7.96837609765106e-05,5.073564741752718e-24,3.1415980709768096e-50,5.654301784648424e-22,1.385521608421414e-35
3.1841247115448554e-58,9.598712947968464e-34,0.07278259760070616,1.1758346475874426e-13,2.510802169410925e-181,0.9272174023991764,5.515420019521874e-20,1.2001267906956246e-49,6.565492769551531e-22,4.9992878798418135e-37
2.599953916846934e-51,1.0034551597266942e-30,0.9990925953963549,4.969663694006157e-06,2.1336895876729157e-174,0.0009024349399509283,2.6557321650422365e-25,6.221756809942039e-45,1.15768642979412e-16,1.3699195890856196e-29
1.5738334825255486e-52,7.883453242208522e-30,0.7251055208463227,4.034103083564841e-08,1.2853243475575027e-175,0.27489443881264664,1.1142501892126427e-23,2.3348240720264628e-45,4.4425994622664165e-17,3.9215617780291056e-31
4.15717465407557e-56,5.575456722862259e-31,0.00038309271272303914,6.450632574159082e-15,3.2979751495389874e-179,0.9996169072872706,4.4181199150249137e-20,1.9120721006509597e-48,4.98401440529853e-21,1.2280019701454954e-36
9.462766162160529e-57,9.307523343907936e-32,0.0013346218135382368,1.0823303932533543e-20,7.930173035222647e-180,0.9986653781864618,2.2330740897740385e-28,2.023260340747081e-50,2.503393022488662e-20,3.564422941783392e-36
7.015911914713765e-55,3.286712528832271e-30,0.0409440252556895,1.1435464902677404e-13,5.729816751568604e-178,0.9590559747441961,1.146456874948062e-19,2.123873283998033e-47,1.2091405735216306e-19,6.088605067283521e-34
1.9710652965392792e-56,3.181826561068188e-32,0.9998219418540816,4.421896831802319e-14,1.594548132329065e-179,0.00017805814587411436,7.542847185397681e-22,1.020447105170243e-48,2.2839768916407788e-20,2.3084402662898921e-35
5.078606774171513e-61,6.11063010624202e-37,0.9999999944232691,3.0902147278793977e-18,4.1121183805720875e-184,5.576730755198877e-09,1.7779464136666603e-26,2.77512529347707e-53,1.4332119612750427e-24,5.35171151811469e-39
1.3734830124365026e-54,5.34331562565884e-30,0.02057709878193171,1.3680142490235012e-13,1.1033804090423665e-177,0.9794229012179316,1.6544442112624178e-19,1.129956014644847e-46,5.644288055139581e-19,3.4071292910711086e-34
5.826985198240641e-57,5.4540108106333376e-33,0.9960838908416805,1.3020992875404235e-12,4.6143512930041046e-180,0.00391610915701749,2.3191527686518483e-19,1.4271966169417456e-48,1.0202601775298705e-20,1.9032532155858666e-35
1.3425450735656727e-54,5.8957029960828e-30,0.027053788339076686,1.0120977905265515e-12,1.0928210913303085e-177,0.9729462116599112,6.785333714717386e-18,5.432485583739973e-47,3.5736104898897615e-19,9.298260101386724e-34
8.028082777194214e-51,1.274886627560493e-30,0.9999996781580561,1.7677867361592416e-14,6.914346021814278e-174,3.2184192574781185e-07,1.8166424062544597e-23,3.8690635570807845e-45,5.152252965212182e-16,3.689669076336753e-26
1.5816896428670967e-56,4.263834104302617e-32,0.8570373344026585,1.2059787723389653e-11,1.283356775579107e-179,0.14296266558528184,8.783879995964904e-20,1.57417725066515e-48,1.6284628158114004e-20,1.0918908136613788e-34
2.9486628124996906e-58,1.6388202313053233e-34,0.9999993821624962,6.161084820131472e-16,2.432674426447175e-181,6.17837503103289e-07,6.539017628823105e-25,7.359145296793745e-51,1.7948891890858003e-22,1.1186547004958998e-35
2.4815920995196483e-52,2.2131860120355843e-31,0.9998328195709044,1.648637331942168e-05,2.0234279830518036e-175,0.00015069405577620157,3.3437567579993432e-25,6.523211445044722e-46,1.0073264180134158e-17,6.65967060767335e-31
4.899778990627027e-51,2.5391748504434123e-30,0.9905314251592189,0.00012732828681128673,3.941959346482436e-174,0.009341246553969909,1.2026433594795318e-24,1.5240010723358879e-44,1.0171632115170464e-16,4.3278363999439854e-30
1.200752859165228e-56,8.097985292234306e-33,0.013890289490373976,3.315967327779981e-11,9.363942214223939e-180,0.9861097104764652,1.1310843501035674e-15,1.1438841722315908e-48,1.1076338938820118e-21,2.719265629604847e-36
1.5189425707577855e-51,1.1205716411284116e-29,0.4649255253865786,2.944087068771092e-06,1.2080497530264261e-174,0.5350715305263527,7.756419644242376e-23,5.488041709876785e-45,7.356310711531784e-18,9.014460435618566e-32
2.416976463618088e-58,7.578032994786137e-36,0.9999999574232716,5.954446151416953e-11,1.9372364608154746e-181,4.2517184056026546e-08,1.498771658883132e-26,1.4311574582755077e-50,3.4139837051667705e-22,4.081762518241884e-35
1.4398914142256088e-54,1.3526788593211188e-32,0.9997392993399145,6.663372705979578e-08,1.1619512530100936e-177,0.0002606340263585009,3.6834066107004666e-26,2.5338736834014875e-47,5.530918896475107e-19,3.976555474596991e-32
3.75772252662195e-51,1.431179709614292e-29,0.9902571718491503,5.492039313927364e-09,2.982613474928999e-174,0.009742822658810286,3.287842791303039e-19,5.4832959226822697e-45,1.9210368387284598e-18,8.745044707830482e-32
2.9219908826377158e-55,4.13353579144011e-33,0.9998210592331064,1.6547546471435549e-06,2.3228237751491759e-178,0.0001772860122464047,1.188941285625653e-25,1.2352339302595017e-47,9.524403293854635e-20,2.6229338435911708e-33
2.4786354898458864e-54,8.394181185314957e-32,0.9867878648812988,3.7042288489850405e-05,2.001217671344814e-177,0.013175092830211373,9.921934219316377e-25,8.044120985878946e-47,1.3848171009925206e-18,4.340235007048505e-32
4.368098946723249e-56,5.374685686124162e-34,0.9999947342964519,5.802988876134135e-07,3.480868060871681e-179,4.685404660379468e-06,7.267977361412137e-26,1.1412497815959474e-48,7.206700306542948e-21,2.6109646907267678e-34
1.9752106915998162e-51,4.695192885562017e-30,0.9950564091525994,6.990023131026658e-08,1.64049872367211e-174,0.004943520947169376,9.88417411753869e-24,5.030590357872589e-45,4.998653199626852e-17,1.8552682190526138e-29
2.970397218644449e-54,1.9480152250494884e-31,0.9832597086819578,1.3588279116514537e-08,2.3384142138537037e-177,0.01674027772976297,4.7966236462842305e-21,1.1370138103350813e-46,5.101283310564978e-19,5.584218070009063e-33
1.1514411927425509e-39,2.268999636976364e-245,9.740283412981173e-269,1.849307322898993e-66,4.152292658791974e-172,1.7324788050701453e-203,2.2650025550798326e-119,1.0339409774393605e-31,1.0,1.653627171960199e-218
1.1225091662715714e-49,4.089052976340095e-27,0.9995263988958196,1.3763749088857528e-12,9.539129636191632e-173,0.00047360110280204794,3.0717801553819015e-20,2.1187625703014235e-44,1.9705432899658156e-15,3.4726027183789343e-31
1.3387951839414793e-53,2.0855961375355425e-29,0.9979899266106653,1.526458367557385e-12,1.1068524309143984e-176,0.0020100733878083785,3.8366266614831136e-20,1.390714493231973e-46,4.068032454620882e-18,2.674105257721633e-33
9.902944517494812e-56,4.2796868347125415e-34,0.9999999986525305,4.0564492885362356e-16,8.184680931473442e-179,1.3474691084714702e-09,6.569860867280503e-25,7.23765281148973e-49,7.960806969095696e-20,5.254451161202901e-32
2.915407325586977e-56,4.710201967869141e-32,0.8021444807991764,1.1698856938820306e-16,2.3521821831790404e-179,0.19785551920082325,7.787443806421932e-25,7.599610640204621e-49,6.222841251333688e-20,1.1961846856908543e-34
3.3906203613625383e-56,2.2555482422648432e-32,0.8304144626763659,1.6532416335327675e-14,2.7498796460848333e-179,0.16958553732361756,7.8086143236516e-26,1.1342808117684229e-48,4.996341263221367e-20,2.2102484967125223e-34
1.324408398704999e-53,3.126469760750547e-30,0.05370374424229443,6.393305436042417e-14,1.068967182018204e-176,0.9462962557576416,1.2897215054027514e-24,1.3392307672763939e-46,4.9279040997597254e-18,7.412175539480375e-33
9.392101580758854e-58,1.2431933814711725e-32,0.17364304320394616,2.1938215624624487e-14,7.560793501406284e-181,0.8263569567960319,6.610396548986176e-22,1.1048161773774951e-49,2.6151945557508765e-21,1.7266327722500854e-36
1.8755333830532796e-59,4.246191973640196e-35,1.2372047412642969e-05,3.824747825665863e-15,1.4641031218914506e-182,0.9999876279525836,2.1563157241413666e-18,2.771927297100323e-51,3.2619044610150224e-24,2.8700502741684155e-39
1.9865928226841252e-53,1.4598239793409393e-27,3.9795095400350435e-05,6.160435528094786e-21,1.73616985553683e-176,0.9999602049045996,1.4808769228085525e-27,1.0655985785271188e-48,7.251217680289687e-18,3.2891064405222465e-35
2.472297962917712e-63,9.411060118143918e-40,0.999999999973076,6.959180601802744e-20,1.9715965107436976e-186,2.692396307291294e-11,2.1213359252537368e-29,3.2842267037108544e-55,6.599899544613495e-27,6.446871671206977e-41
1.1693303705133347e-53,2.8940815345843975e-30,0.9942287845389175,4.360596445666838e-11,9.333809150284083e-177,0.0057712154174765365,2.4876752509771197e-19,1.2051074265173438e-46,2.7750683529658714e-19,4.02564272336794e-34
6.2136732975561175e-55,1.8867892453323632e-33,0.999999942108255,6.381449018552627e-14,4.997146426101271e-178,5.789168128713143e-08,2.351920441024057e-24,7.761693869977311e-48,1.0702085958926725e-19,4.48013147561703e-32
8.862423482883452e-54,3.8061986062893926e-32,0.9999998634861824,4.8865360534512945e-14,7.510719983399154e-177,1.365137686881297e-07,5.409545673335447e-24,1.949863286046575e-47,7.307701780122266e-19,9.24689039396406e-31
2.9057110343601356e-53,3.3609722755395157e-32,0.9999999812942694,2.353874170849895e-15,2.4506067908604097e-176,1.8705728163415927e-08,4.981519119696942e-24,5.166763976290791e-47,8.944880260257478e-18,1.3990670755530383e-29
3.017409829199232e-51,2.9769180607714373e-29,0.9857115359138171,7.644190845861401e-10,2.3910506724638856e-174,0.014288463321761131,2.5212604254002445e-15,4.7969767358710674e-45,9.581690209691015e-19,2.8742611095634024e-32
1.9109726184026644e-53,2.0198977949070754e-30,0.9997236892830692,3.1991298211361576e-12,1.5332351463205658e-176,0.0002763107137316576,1.9185104025142524e-20,1.4367497825240537e-46,6.310012776779068e-19,9.211439625839458e-34
6.009124033558719e-54,1.7544220527857723e-29,0.9299293227914721,2.44690727337849e-12,4.8263489225086865e-177,0.07007067720608114,3.0761539200975844e-19,2.400102349411137e-46,2.759298614116866e-18,5.207689347930399e-34
8.249771845391682e-54,2.9714188346547993e-31,0.9425383191080712,2.2914407934154585e-06,6.492973690814482e-177,0.05745938945113546,4.527541460078587e-21,1.2086318565049012e-46,6.516445938992773e-20,9.027438205529994e-34
2.6392616098611067e-53,2.307856754084048e-27,0.00018387931044372825,1.6323811063826515e-19,2.257970776645528e-176,0.9998161206895564,2.33060122719717e-26,5.412998882136656e-48,9.742352998201136e-18,1.405224406490133e-34
4.2687406860304354e-60,1.4027191831551954e-35,3.049172784394595e-05,2.2006588690087102e-14,3.3589609863138223e-183,0.999969508272134,1.4206206793522948e-20,8.091803976078557e-52,3.087619955359984e-24,2.8544735299136588e-39
8.170514056977328e-56,1.824111727991611e-32,0.9999983232121515,5.653960493107306e-14,6.657261960827097e-179,1.676787791784963e-06,1.4945767339199328e-22,1.6673320697643172e-48,5.719762801768557e-20,9.802559332751357e-35
5.85046509086685e-56,6.566029713108229e-31,0.003485678170902794,5.573407512298679e-14,4.751708634212651e-179,0.9965143218290414,1.1315747527683737e-19,4.065400106146342e-48,3.463759644868339e-20,4.035725632453147e-35
6.79950155625004e-55,7.425481398237873e-31,0.9062118833264473,2.8445917355199955e-13,5.35936402704259e-178,0.09378811667326825,1.0215031807693689e-19,1.591553985814015e-46,7.582008410643526e-19,5.223563759412758e-34
1.8440272973046602e-53,4.204136740431503e-31,0.9999949232024947,1.5898562806956215e-13,1.5485884861223226e-176,5.07679734637321e-06,5.810335099981121e-21,9.577177573348163e-47,7.222038131491284e-19,3.978281040160599e-31
1.6006783614572679e-54,6.1522592917267426e-31,0.999631110524524,4.604534821883071e-14,1.2949400786294353e-177,0.00036888947542997416,8.265161062681495e-22,1.0832847500868425e-46,1.0350559886118442e-18,3.2699956933765705e-33
7.795193497222035e-18,1.450509970947831e-240,6.22669919384132e-264,1.182211413103178e-61,5.869090235902475e-169,1.1075267444990826e-198,1.4479547443165214e-114,2.7614083871299916e-30,1.0,1.0571190325772274e-213
1.1664537440673417e-59,8.934469075676481e-36,0.9999997820157165,1.9320552575227087e-14,9.370140307587616e-183,2.17984264284589e-07,2.5101408381675426e-24,1.1200679868579251e-51,2.3571619891600905e-23,4.5825606313548484e-38
2.108559781759413e-53,6.540454084075767e-27,9.161018341101144e-06,1.109428546274815e-21,1.872895815598552e-176,0.9999908389816589,2.5554652295695353e-28,4.40622569296374e-49,5.111625008822668e-18,8.3925095257963e-36
4.885560529314495e-55,6.829596552156564e-32,0.8876577319257997,1.8389570280430535e-09,3.908561149039481e-178,0.1123422662352432,4.882180128079967e-25,2.027254808187942e-47,2.7271316857125606e-19,1.0810378537239698e-33
4.569133634392374e-46,3.578170181393641e-23,0.0008333394970620107,5.602625880000232e-21,6.837631181037789e-169,0.9991666604436419,7.81674922724435e-28,4.783195279194616e-47,5.929609436302854e-11,2.624941232679922e-32
2.0720717441370387e-52,8.356187695354649e-31,0.9775626165759022,0.003474855866388842,1.6706232507603503e-175,0.018962527557709045,7.070695891232424e-25,1.9250158847725716e-45,2.2668862654221782e-17,4.100435383405921e-31
2.213264901809631e-55,1.3597255631331817e-33,0.9999993288100439,7.0003025351625506e-12,1.76244533591598e-178,6.711829557784199e-07,7.784392459853861e-25,6.122229760453546e-48,6.342466585851944e-20,1.3034477264028615e-32
2.068361324991987e-54,7.785673774100634e-32,0.9333599123505552,0.0007046563869596195,1.6400005321967397e-177,0.06593543126248531,4.20234138811151e-24,9.39833411158692e-47,6.859325350667625e-19,8.282082235720341e-33
6.007138873322878e-48,1.344117388517694e-26,0.05581430426946444,2.355057347934979e-10,4.920657978444758e-171,0.9441856954078608,8.716905526943021e-11,4.0674407985365034e-44,6.977663298416118e-19,1.54158019131876e-32
1.5493489457097337e-54,2.575856657197112e-30,0.028119248230836367,4.912570821089579e-12,1.239529219908859e-177,0.9718807517642511,6.422246094563942e-19,7.21268286653688e-47,1.0915890976320422e-18,1.5735709147318634e-33
7.789559310060022e-54,7.624324663303698e-32,0.9999998693500858,8.218561797974191e-14,6.531847175318444e-177,1.3064983214428142e-07,2.6717590130790685e-23,1.0316540728578774e-47,1.5888173212715666e-18,1.6678611372960494e-32
1.4845011283820807e-56,3.5254127022326314e-34,0.9999883072633936,1.9074440743738432e-06,1.1934770951330383e-179,9.785292531968864e-06,3.8580456202580194e-26,7.209806238003526e-49,1.5183437321569565e-20,1.8769979448814435e-33
4.442086665900482e-56,2.4117773483301127e-34,0.9999999636707428,6.104413179199938e-13,3.6225595626687614e-179,3.632864684734001e-08,4.106726407260431e-26,8.161261428599694e-49,3.5720300434976163e-20,7.858845384554034e-32
1.0476790209330547e-57,2.855444179382612e-35,0.9999999742150449,5.555520624184191e-16,8.583774689586576e-181,2.5784954472027676e-08,3.3462584335144847e-28,1.52436571888269e-50,1.2014143266068319e-21,2.5036656410085784e-34
2.3285349816131183e-56,1.5746233853864904e-33,0.999999924271781,2.0113633772977243e-13,1.931016485758772e-179,7.572801798816098e-08,1.5847735134814598e-24,1.6999543189332408e-49,1.2382613217434019e-20,1.6423021519899414e-34
7.603267649056444e-58,7.958316314720533e-35,0.9999998085453765,2.6341141010630678e-14,6.017600827667699e-181,1.9145459695238755e-07,4.96097425818003e-22,9.103018314033139e-50,6.983432687100823e-22,8.958811209489737e-36
9.060337060622419e-61,2.7515904700194785e-35,1.1407380351068417e-06,8.763274493742474e-19,7.243011491404153e-184,0.999998859261965,1.7923583656221194e-24,1.3814422995830322e-52,1.6778547659235533e-24,4.86189255972698e-40
2.5482973382210354e-53,3.6070521528111005e-32,0.9999948809740402,4.483901662875828e-11,2.083994967500243e-176,5.1189811207077246e-06,1.1980222067519991e-25,2.0604678425714943e-46,5.821233014841669e-18,3.357388372427658e-30
6.068355285504006e-54,3.1501120948961337e-30,0.6693777424219428,2.6757299028133493e-11,4.769736144678424e-177,0.3306222575513,1.2622578782481953e-17,3.3078701887767013e-46,5.170603430625705e-19,6.292529852512204e-34
5.437964511664372e-54,2.660481098853585e-30,0.0009236933515621665,3.233614862860338e-18,4.521014967356795e-177,0.9990763066484379,4.0265170189620436e-27,3.8025211333573604e-48,1.1659369085344935e-18,2.405416201582967e-34
1.4877004422534033e-55,1.8911596020669753e-32,0.9999013864642665,7.713309965234302e-13,1.169175312183506e-178,9.861353496227741e-05,6.180923272531095e-20,1.6625169880022128e-47,6.13510705316078e-20,3.331538188002231e-34
9.567235779764151e-58,3.4482766261759143e-34,0.9999790324746187,1.2409267346833208e-16,7.620074872027543e-181,2.0967525381016383e-05,5.80392345029066e-26,6.972692674346747e-50,1.3798174244433013e-21,6.066332918286862e-36
1.1807607138214702e-53,1.6216756191811873e-30,0.9512392748281677,1.8253351548153498e-10,9.295584470652684e-177,0.048760724989298065,6.195772182507758e-16,1.6250386741156796e-46,1.0844694733769124e-19,1.0537220505590276e-33
1.1323484110805678e-57,5.681190622701411e-35,0.9999998040970333,5.861109490827122e-13,9.243381556646849e-181,1.9590238057389844e-07,6.4081130346994746e-27,3.0751034897198045e-50,1.2534700200284333e-21,2.7739052603680177e-34
6.959151754505195e-56,6.045292278015259e-32,0.9927765312403133,1.7070616973498982e-13,5.502527831166212e-179,0.007223468759516111,2.3509678389637624e-20,1.7861612397877747e-47,1.0677104558821074e-19,1.299869444048287e-34
3.346063307246818e-56,1.469229844065061e-31,0.9669848558402627,5.212199666709898e-16,2.705345305209036e-179,0.03301514415973685,2.6138034747354676e-23,2.22615489016721e-48,5.0642143250296676e-20,5.880012871807639e-35
4.6487814891950875e-51,1.528889492863697e-26,0.016396502929524236,6.938828906202425e-20,4.313429169964886e-174,0.9836034970704715,6.239421749380885e-27,3.297408962073351e-47,4.378836395412099e-15,1.3265511787569247e-32
6.731293124277713e-60,6.380207297546916e-36,0.9999980663222584,1.6032717787743577e-14,5.384328230386122e-183,1.9336777255975235e-06,1.2714460101179505e-22,1.5169492568851773e-51,1.764366902189232e-23,8.380554745112086e-38
5.498295116229312e-56,4.32912902790121e-30,2.866145210875123e-05,1.716049099889888e-17,4.4014402737328804e-179,0.9999713385478912,4.6294865265380246e-23,2.050748915068132e-48,2.767890895437473e-20,1.7718815808872256e-36
1.3930925542669883e-50,7.384165017537288e-27,0.1533751282794104,2.6999984167747295e-11,1.1861095969371682e-173,0.8466248716935896,3.693730975685604e-18,1.4584328201304683e-44,3.637771979169451e-17,9.023213975450466e-31
7.55246034970474e-59,2.1896232157465215e-34,0.0001383498295978041,5.579265681398059e-15,5.908851182287321e-182,0.9998616501703965,6.234999739640259e-19,1.7545259872485652e-50,3.7485578726762264e-23,2.1507836217180127e-38
1.075397503998522e-55,2.521290411240516e-33,0.9999840072594322,8.320911143462918e-08,8.802991915935737e-179,1.590953145652583e-05,1.1339957013932885e-25,2.31443164483831e-48,5.634051515104111e-20,1.2824174346271673e-32
3.4442370503090626e-54,1.2484207929954613e-31,0.9999204557804787,5.5578912016892245e-12,2.7175888533071674e-177,7.954421396329571e-05,4.701507906510003e-18,7.486906984573413e-47,1.1675650345279368e-19,1.937438598810509e-33
7.305779859239451e-55,5.253666471965688e-31,0.977248865111043,2.8250265403056175e-11,5.809990321424761e-178,0.02275113486070674,5.0191486442493045e-20,2.4957228958573787e-47,9.104222144206302e-20,8.298726023817108e-35
2.9587904926309603e-57,2.3683108222517568e-33,0.9997521547603208,1.2304568415917227e-13,2.367885095357773e-180,0.0002478452395563055,4.4316045650924394e-21,5.5942224672377066e-49,4.690628778226514e-21,2.2671462438181517e-35
4.165465620626146e-52,6.632922022337676e-26,7.82353240759032e-05,1.5940911663977042e-20,3.7318888394912965e-175,0.9999217646759242,3.65666610622995e-27,6.902975184837377e-48,8.477618478273896e-17,1.3675120399433027e-34
3.0962631371958933e-56,1.8480886737781194e-32,0.9989033012074219,3.583872351179959e-12,2.448292208055924e-179,0.0010966987889942706,2.3184576614452376e-17,1.999159948509105e-48,5.576723748836562e-21,1.4577748546513942e-35
1.0445028562955784e-58,9.904976863893274e-35,0.9999819721050849,3.057397675976827e-16,8.447778218163827e-182,1.8027894914856702e-05,3.188850471768828e-26,7.92867336356148e-51,1.9299920543708334e-22,1.2603029114463588e-36
4.287810989274162e-49,2.794126338135727e-24,0.0009080410462064855,1.5949213390706398e-20,4.518790599075219e-172,0.9990919589536875,1.5683194140245154e-27,3.623059477169542e-47,1.0603772222967587e-13,7.431527548135177e-33
2.341097939053445e-56,1.5524979274862577e-31,0.10935360168331688,1.7424064354012501e-12,1.8706198887931753e-179,0.8906463983149409,1.6893986263478503e-18,3.421015115915827e-48,4.730961521164827e-20,2.530684873522408e-35
8.662180007280722e-58,6.722279206863569e-34,0.9999630206732089,1.3819573650733547e-13,6.876407601871222e-181,3.6979326653024934e-05,3.2551761459236475e-20,1.0286963216770162e-49,7.792142183023099e-22,1.6594981899128887e-36
7.734596382130423e-57,1.0291779730049428e-30,1.032506194943707e-05,1.0262876553883599e-21,6.5456604987745945e-180,0.9999896749380506,2.2053453982089336e-28,9.40321437944096e-51,8.179571236359015e-21,3.184930375880937e-37
1.5018789905470959e-55,1.1527127428947197e-30,0.0072669044028625595,1.4159104425711146e-18,1.240483131339058e-178,0.9927330955971373,1.3062012867745573e-26,4.531875501064271e-49,1.0648435328007427e-19,1.361057638143095e-35
5.867637247026326e-59,9.547293931024011e-34,0.00494206897523474,1.4651067911838144e-18,4.775972130542204e-182,0.9950579310247653,5.364090335011833e-26,2.6455981575972816e-51,1.3485846513869443e-22,1.330665930645599e-37
2.9396232789800886e-55,7.453225632324771e-32,0.9999908140769246,1.6018100637012102e-15,2.3776631060067462e-178,9.185923073792236e-06,2.3405210293257646e-23,1.313285796418357e-47,2.8414093696221814e-19,9.684949606028585e-34
9.162923218083142e-56,1.7850862738699985e-30,0.003912753084225964,3.552786888501016e-14,7.393551419895634e-179,0.9960872469157386,5.438296802239741e-20,8.425900205880441e-48,1.1739567703437377e-19,3.064909686772393e-35
2.801107897166274e-58,1.3573202799902025e-33,9.714713949288726e-05,4.187727239668915e-15,2.2065366854010389e-181,0.9999028528605028,5.536812104300152e-20,5.689903753290233e-50,2.223313159922043e-22,7.18766563509886e-38
3.0175149696782585e-50,4.05579748812165e-30,0.9999356848225571,3.759261656839185e-13,2.576308580411316e-173,6.4315177066078e-05,2.599862634991764e-25,5.919184271426598e-45,9.425166505153216e-16,5.274785365299853e-28
1.2693094178467235e-58,5.085238564092891e-34,0.10862600808640506,2.4440666465717643e-14,1.0017215678276114e-181,0.8913739919135705,5.927411941201032e-20,2.485867648267757e-50,1.478658262751873e-22,1.4279833057314177e-37
9.333021979300701e-54,3.1950655728892014e-32,0.9999993720506679,1.2638353093435084e-12,7.906524586133797e-177,6.279480682093433e-07,2.656422175947695e-24,2.3346608563307844e-47,4.838171772946812e-19,2.9358833801566316e-30
5.514388935448286e-53,3.405953900005874e-28,0.006640300399845856,9.135111102046626e-15,4.483403788892343e-176,0.9933596996001449,7.90572648350574e-21,2.747915160828257e-46,9.843053350510063e-18,3.4824023562296043e-33
5.514388935448286e-53,3.405953900005874e-28,0.006640300399845856,9.135111102046626e-15,4.483403788892343e-176,0.9933596996001449,7.90572648350574e-21,2.747915160828257e-46,9.843053350510063e-18,3.4824023562296043e-33
6.411400181068052e-62,6.625239763723314e-38,0.9999999705067428,5.564484636916376e-15,5.131346615102781e-185,2.9493251645435634e-08,8.071297038041259e-24,1.357849945049504e-53,2.2841681035589266e-25,1.1632896258478204e-39
7.825461879431092e-55,1.7938639400967005e-29,0.002692093591820233,3.075556538381932e-20,6.624661481478219e-178,0.9973079064081798,4.225764079662308e-27,6.377126834484743e-49,1.093989775333e-18,2.9777507786150616e-35
1.2293521017984468e-57,9.911851323845106e-34,0.9999866647718196,5.080260489387205e-14,9.99877686673486e-181,1.333522812947305e-05,2.528132717460411e-21,8.398374809506351e-50,1.1037845516375206e-21,2.5000867638642995e-35
1.079090403077026e-53,3.344201803575214e-29,0.9088172966234924,1.4801375974338675e-12,8.824725920827662e-177,0.09118270337502742,1.9310401618010782e-19,3.692509073683451e-46,3.4248184514888306e-18,2.797596813985025e-33
1.6145689708397582e-56,5.490482094496658e-32,0.9685161544031925,3.2773868815207943e-12,1.2899592456587797e-179,0.031483845593530006,8.302305059366305e-20,1.6297679380753758e-48,1.9425590153127374e-20,8.828400972810619e-36
7.701410945824393e-53,2.4687508246996708e-29,0.9994639995339253,4.725505305841064e-13,6.3096000403396946e-176,0.0005360004656021334,1.588022253155136e-21,5.6798584434552634e-46,2.1688381760550324e-17,7.699864307399971e-33
1.2052785520676945e-51,1.7331993951568303e-27,0.27147741092804484,2.4412464747536655e-17,1.0422377883619903e-174,0.7285225890719546,2.04629921377808e-25,1.6194863802900323e-46,4.181808139978805e-16,1.6502485230636443e-32
2.911962553367043e-49,1.8485800276569946e-24,0.7168050790372567,4.824314771920968e-16,2.5737301347735985e-172,0.28319492096272086,5.527424372015556e-23,1.0950177696043643e-44,2.1951925234549e-14,1.9479883130900445e-31
3.918979710280876e-59,8.968352780858324e-34,3.27776481709055e-05,1.701920165425385e-19,3.139765854608255e-182,0.999967222351829,2.8799552145947546e-26,2.89215603267634e-51,6.869511072607697e-23,1.4116066305440654e-38
9.209827939813173e-59,1.6069294926259957e-35,0.9999999277905697,1.9644144973891563e-14,7.307113834508143e-182,7.22094107331372e-08,2.1376103944221802e-23,8.3541974184042e-51,5.421965229286482e-23,2.561469678764711e-37
9.832501303603357e-59,2.9564284924304556e-35,0.9999998868330809,3.574032362067222e-14,7.877395157464117e-182,1.1316688336387362e-07,3.493530427395083e-22,8.675328095085596e-51,1.7710020938931837e-22,1.431431889725825e-36
1.4993830685222386e-53,1.9924520138704904e-28,0.011764355864603192,5.976444719402732e-15,1.1936672157004158e-176,0.9882356441353908,1.352038698346805e-20,8.93872726721636e-46,5.537395080829194e-18,4.318306983199256e-34
1.484923219564733e-54,1.2063249938662118e-32,0.9999976929812043,1.6079420280514988e-12,1.2095404417516323e-177,2.3070171875373305e-06,1.5435099149882502e-25,2.5350258078247444e-47,6.923275283428215e-19,5.12725880667153e-32
2.813074378117801e-45,5.307732333535936e-251,2.2784850365942342e-274,4.3259774846832543e-72,9.713204728733781e-178,4.0526819048284835e-209,5.298382204819577e-125,1.980517401044921e-31,1.0,3.8682290932064105e-224
1.0711681964390978e-55,2.309569592327438e-30,0.0001783320781760717,2.3286478717531084e-17,8.709382973270565e-179,0.9998216679218239,4.0224007866152088e-25,1.919605291130978e-48,9.370260858970914e-20,1.4895213381322382e-35
2.5056537650524908e-55,1.0133532054789951e-30,0.18397466592199196,2.216010492656122e-13,2.0303445049827118e-178,0.8160253340777864,2.5658203413532362e-23,1.0256388910199188e-47,4.486954034076435e-19,4.130054361642807e-34
7.198890597129681e-61,7.308441589193337e-36,2.0087769771739333e-07,7.24454869689541e-18,5.682001502054455e-184,0.9999997991223023,4.342174366241861e-23,1.5185377394830433e-52,8.311949645698779e-25,2.4646920495963597e-40
3.2548882694726027e-50,3.767642905615345e-29,0.7525597380657498,5.424247511277639e-06,2.6296625563109513e-173,0.2474348376867385,5.7716714183039955e-24,7.593486736094568e-44,5.057637591447639e-16,4.0840634498151734e-30
1.8657547309121667e-51,9.055777084039208e-27,0.014749575441755054,1.6414101969793432e-13,1.4982083863981173e-174,0.9852504245580807,7.966993583174745e-19,1.9397890947088548e-44,2.3310617255586067e-16,2.351747702168348e-32
