i = 0,i = 1,i = 2,i = 3,i = 4,i = 5,i = 6,i = 7,i = 8,i = 9
5.4847100052462014e-14,5.2109979851123306e-17,0.9602957890233365,4.3311201347192715e-08,2.073671549778732e-90,0.03748848376592456,0.002215683899154618,3.2057462848619577e-13,7.769604169814483e-15,4.611488603505538e-24
9.087330569952722e-14,6.034674181293602e-17,0.9564253630278519,8.471401248890721e-08,2.401420377930149e-90,0.04210720414547015,0.001467348112194108,3.713205203852028e-13,9.208644311790699e-15,5.3403477713456215e-24
6.990449548985564e-14,6.929401254136917e-17,0.9642721666474968,5.105200990005417e-08,2.75746934963576e-90,0.03386756396639982,0.0018602183335863964,4.263637411970036e-13,1.070461668281825e-14,6.132141132267148e-24
9.897911342498598e-14,9.354546657948304e-17,0.8312491950834103,7.311092783557631e-08,3.722509469233865e-90,0.1562771277194381,0.012473604085534957,5.753267714175346e-13,1.4375114855679838e-14,8.278218693508255e-24
5.392672104277297e-13,2.0703707795137425e-16,0.875556933914291,3.232906473185051e-06,8.238967397562687e-90,0.12355198590566395,0.0008878472717304544,1.2711774399547243e-12,3.077684872021242e-14,1.83220332252551e-23
0.02484733786993095,1.3384242993537867e-130,7.767113875008958e-146,7.631196373874254e-10,4.9054993897045826e-80,6.86892997128823e-90,2.122586217458911e-70,0.9644271979873095,0.010725463379639916,6.797737551756254e-94
7.209556128389693e-13,4.421013771458962e-16,0.9090869939640397,1.367045504722153e-05,1.7593374509139193e-89,0.0901606397024276,0.0007386958749862468,2.7090463090868443e-12,6.872680988135095e-14,3.9124638866257875e-23
1.079449624178875e-13,1.3347373476521717e-16,0.5881769387872754,5.153445475619745e-08,5.311336539090823e-90,0.41122087839607496,0.0006021312816031566,4.647344090080248e-13,1.883663736371812e-14,1.1811482599825372e-23
2.103237695227513e-13,1.6974602602486718e-16,0.862453817333494,4.0250626314585184e-07,6.754935810751844e-90,0.13371152050144297,0.003834259657522005,1.0416179819538812e-12,2.5912106249458726e-14,1.5021809566589307e-23
1.4306271314472264e-13,1.8970755972613762e-16,0.5032822273608046,7.250861102735244e-08,7.549098077061465e-90,0.4943910275607994,0.0023266725687294087,8.858744225119296e-13,2.645158881323498e-14,1.6787866470870036e-23
4.446145638389097e-14,2.4558661561360496e-17,0.33136477128905195,2.3850248372042058e-08,9.772671283037388e-91,0.6670277948956435,0.0016074099648725915,1.353268704837817e-13,3.7628152557483276e-15,2.173272287510621e-24
6.704789019892408e-14,4.7858356440809364e-17,0.2957620250463032,3.163281258765025e-08,1.9044395281233508e-90,0.7030611390595652,0.0011768042610065391,2.379057324695308e-13,7.320491404342915e-15,4.2351404553290855e-24
1.590072370053413e-13,6.635579015689573e-17,0.6817923924460109,1.68845450668366e-07,2.640525149470829e-90,0.3161180985900393,0.0020893401179375806,3.9238231913601003e-13,1.0204193464776273e-14,5.8720706900321496e-24
3.0290816512264895e-13,1.256442998902767e-16,0.9172951551006349,5.667279337308097e-07,4.99988306307114e-90,0.08172614940948691,0.0009781287608497163,7.723061071909051e-13,1.9350839830401132e-14,1.1118882782012905e-23
6.594718867297104e-14,6.052668324494482e-17,0.9630746191833098,5.2365754919417195e-08,2.408629481689403e-90,0.03475080001948326,0.0021745284310052343,3.7221024720914555e-13,8.614778681720145e-15,5.35637672357356e-24
6.166165315131066e-14,4.681494180344123e-17,0.6706444279958752,4.2066693663364904e-08,1.8629399293762215e-90,0.307008900823855,0.02234662911321923,2.88105868846385e-13,7.190730502607753e-15,4.142854640388894e-24
4.741407476741898e-14,6.510428944044684e-17,0.2609819023723603,1.1755008562351752e-08,2.590713963170029e-90,0.7389313892775029,8.669659493596165e-05,1.35035197676676e-13,9.797985481947846e-15,5.7612850250921466e-24
5.865543070918418e-14,4.8798791623747205e-17,0.8788920887233226,3.824154691459447e-08,1.9418720867615563e-90,0.11822998697504834,0.0028778860597359485,2.797787154520276e-13,7.592271223924817e-15,4.318388074768841e-24
1.140323185621489e-13,6.827296598887007e-17,0.6069901138997255,6.988026949131767e-08,2.7168394391007486e-90,0.36790393358361817,0.025105882635842486,4.2013466671275353e-13,1.016648604936815e-14,6.041778298484059e-24
3.8541071860991243e-14,2.762835225393655e-17,0.9737424762271195,3.664470645769141e-08,1.0994317311022466e-90,0.025118661058654315,0.001138826069313509,1.634763536359729e-13,4.253567764115169e-15,2.44494814194547e-24
5.921998949885941e-14,3.6006065093500686e-17,0.5978356589345061,3.661955908914978e-08,1.4328137392337878e-90,0.37154255778866024,0.03062174665698822,2.2162855123783013e-13,5.495136060543075e-15,3.1863287236150137e-24
4.27431803860597e-14,2.0196090390842616e-17,0.787509438041655,3.166687545972866e-08,8.03675309983491e-91,0.2032085945377477,0.009281935753551449,1.2432270394397986e-13,3.12196563047994e-15,1.7872347940798605e-24
1.430023361865914e-13,1.3538341742423994e-16,0.9684334372834696,9.718673478923005e-08,5.3875207128700295e-90,0.030414574257798668,0.0011518912710011587,8.321535686516765e-13,2.0416596813476326e-14,1.1980926926912997e-23
7.546953990066517e-14,6.604813989554911e-17,0.824704587635417,5.936605977830225e-08,2.628286929425894e-90,0.16555963989763242,0.009735713100399005,4.0632958975338944e-13,1.0024696438920301e-14,5.844855905891893e-24
9.463101069346107e-14,1.0035962899752917e-16,0.8329955267972357,8.224521602462364e-08,3.993669943152175e-90,0.15707819465882525,0.009926196297997144,6.169505901939015e-13,1.420326728847702e-14,8.881232200036905e-24
3.0693100807036887e-13,1.2883002720508907e-16,0.9270799385182613,3.7863777063785357e-06,5.12666771125997e-90,0.07223217735649362,0.0006840977464202417,7.91371226058226e-13,1.9875622733730685e-14,1.1400831400351051e-23
1.1299229885912705e-13,1.229004279504348e-16,0.8479824816343272,7.989284855075499e-08,4.890625745279737e-90,0.14875952321753771,0.0032579152544803067,6.762795438295215e-13,1.6805530844549354e-14,1.0875907363033861e-23
8.232782474444284e-14,6.582680524816548e-17,0.8505980364354495,7.748394673360155e-08,2.619494282495481e-90,0.13164006068839243,0.01776182539171384,4.048241744669848e-13,1.024170334426454e-14,5.825303550664158e-24
1.0576549842385302e-13,9.694929519621374e-17,0.9583674373128592,1.065040248732361e-07,3.858005172359417e-90,0.039480815159005506,0.0021516410233938708,5.963564507160569e-13,1.4555049914688014e-14,8.579544968035298e-24
5.019763796881014e-13,1.5859242528070396e-15,0.92403220538668,1.7848818082743787e-07,6.311222436287162e-89,0.07465400496222035,0.001313611156239484,5.961660993636289e-12,2.14225278828996e-13,1.4035072020056054e-22
1.029751974892166e-13,1.429724714905506e-16,0.867917332275225,4.7117990923252885e-08,5.689367397886588e-90,0.13134508118140512,0.0007375394246735133,5.81456704051088e-13,2.0851205588273647e-14,1.265216249943834e-23
1.191683938884079e-12,1.9122414080061436e-15,0.8784724272917178,5.194626522242086e-06,7.610125932157455e-89,0.12061115028114412,0.0009112277874823143,1.1641838993516996e-11,2.980010146355467e-13,1.6923586087719132e-22
1.5407040661246147e-13,4.544047751365425e-16,0.5889042608659834,3.802877176414045e-08,1.808231817270972e-89,0.4109015408854746,0.00019416021903799268,5.079277891308781e-13,6.98851235325943e-14,4.021178726550618e-23
2.859329316573797e-13,1.1341680140183974e-16,0.8887963342636107,5.639646453711853e-07,4.513305422982103e-90,0.11002721515672999,0.0011758866140129,6.974754020238132e-13,1.7494082156704458e-14,1.0036811424681107e-23
2.7917521359844384e-13,5.58096458257047e-16,0.9392370383246605,1.6813472792867923e-07,2.220991023481223e-89,0.058261321055368034,0.0025014724814707173,3.424433002654243e-12,6.863466138391525e-14,4.939100431821202e-23
2.2867214942215467e-13,3.247154642866141e-16,0.94378762173408,2.1707311907017364e-07,1.2922262951591088e-89,0.05412543777239445,0.002086723418145039,1.9934527072668666e-12,3.896768727440697e-14,2.8736880634209024e-23
1.1699013150079947e-13,9.983496772538846e-17,0.9708137745150012,7.87711715879092e-08,3.972817654349003e-90,0.028300665865674705,0.0008854808474298837,5.90241515019001e-13,1.5276093333044593e-14,8.834871344160254e-24
9.222057093997401e-14,7.675233684135723e-17,0.5607314509048844,6.275675597180473e-08,3.0542268338703933e-90,0.4331512000059274,0.006117286331888866,4.397341724474025e-13,1.1373790125563406e-14,6.792069517306095e-24
1.351668503297809e-13,6.02442181872311e-17,0.9694353778015864,2.8608243482682943e-07,2.397378588391997e-90,0.03010072935332814,0.0004636067621360889,3.701747115953327e-13,9.318590390415392e-15,5.331359699544498e-24
3.365221913377826e-14,1.4742246531035355e-17,0.980717932489627,7.282303120583178e-08,5.866470647436958e-91,0.01879681200233119,0.00048518268488382117,9.071579036733974e-14,2.2960828477617262e-15,1.3046030302929012e-24
3.0480576364124724e-13,6.035568734938849e-16,0.9441912734432836,1.3530907181944456e-07,2.401849231261912e-89,0.05365651626357404,0.002152074979969985,3.704626435186425e-12,9.028579018616846e-14,5.341302911959266e-23
4.27116315366361e-13,7.391999924237871e-16,0.9419697685777515,2.3690091534401732e-07,2.941624513047569e-89,0.05628310253435108,0.0017468919819068312,4.540153461616501e-12,1.0728857326098272e-13,6.54167546551569e-23
2.3817162195239537e-13,4.012243734914161e-16,0.9372390729895239,1.4249455778998238e-07,1.5966560056819454e-89,0.06038210202532761,0.0023786824878360303,2.4616098924511114e-12,5.459190619014591e-14,3.55068978816895e-23
8.91413107757796e-14,6.816789282568726e-17,0.9157705125316429,5.6013829222521606e-08,2.7126828459563984e-90,0.0812676553475609,0.00296177610644826,4.189060442803674e-13,1.0574351618745217e-14,6.0325359212656604e-24
7.438798169797419e-14,5.1900526909059865e-17,0.2833125201687847,3.698357917820278e-08,2.065314255776836e-90,0.7116993124635901,0.004988130383666503,2.974963792129225e-13,7.586577208285427e-15,4.5928959021383884e-24
2.7241328939485503e-13,2.3552151179233483e-16,0.6333185232306019,8.491109418499911e-08,9.372294160530469e-90,0.3662920352680092,0.0003893565893520013,6.366017317516107e-13,3.3413525926157876e-14,2.0842321356106386e-23
4.067025018886694e-13,1.0372537158820098e-15,0.9003971586239712,2.5969291845262446e-07,4.127867322911578e-89,0.09856777223368339,0.0010348094455902492,3.3182592563115436e-12,1.1083052353571421e-13,9.179649368541324e-23
7.724865773736464e-14,3.1720510345622576e-17,0.7807357865255743,7.740200085640679e-08,1.2622820514314847e-90,0.21383347257248023,0.0054306634996673184,1.9522514480135094e-13,4.692859518167757e-15,2.8070965981490697e-24
1.6589193673525403e-13,1.9612864532978837e-16,0.9460268759301428,1.3151347948503633e-07,7.80473624082487e-90,0.05173463984671305,0.0022383527082653434,1.2054183134143655e-12,2.7660519738443805e-14,1.7356404865062667e-23
3.8747112783918967e-13,5.371234375657073e-16,0.7533192569827031,1.2217176627613456e-07,2.1374776635270063e-89,0.24027964367579815,0.006400977165974013,3.2925600074277857e-12,7.802399629524103e-14,4.753370027450493e-23
4.059172993848794e-14,2.0612293054008004e-17,0.5054808972030168,1.997624049029627e-08,8.20228521203617e-91,0.4936877170517565,0.0008313657688341412,1.0831850560158227e-13,3.174267410165345e-15,1.824045964674716e-24
1.3419372318769217e-13,1.1576268496467069e-15,0.4534234255970177,2.176384477037802e-08,4.606748240038218e-89,0.5464959847288289,8.056790968212141e-05,3.112949573973831e-13,1.799061820661416e-13,1.0244492927673211e-22
1.987527238571736e-13,1.5598499797824457e-16,0.7139837819165635,7.311304897192023e-08,6.207139942741137e-90,0.2858114102783539,0.00020473469142478633,3.862479368027119e-13,2.3632406620140163e-14,1.3803590634700616e-23
5.257536837057353e-14,2.827477043396568e-17,0.9275934286785562,7.381205454166401e-08,1.1251565110678506e-90,0.0681971227256368,0.004209374783521725,1.7396192608780274e-13,4.4023210600343706e-15,2.502154918060344e-24
7.673480931750138e-14,6.694092650488608e-17,0.9540666574145541,9.074535400915122e-08,2.663869854284008e-90,0.042799893052887776,0.0031333587867060043,4.1171785593103e-13,9.505145927337408e-15,5.923988622982467e-24
8.080031138215111e-14,7.405380935397049e-17,0.9411874524858325,9.623162760304947e-08,2.946933078329827e-90,0.05415156422151546,0.0046608870604780556,4.553721641205106e-13,1.0204668672246856e-14,6.5534707069326596e-24
9.279101780420333e-14,1.0985596189947658e-16,0.9520735528405846,6.349803681471443e-08,4.371623216290835e-90,0.04558230556496186,0.0023440780956314813,6.75788595588977e-13,1.6634654441357105e-14,9.721739535374796e-24
7.489948623258292e-14,3.36832667768063e-17,0.9253249092990737,9.945621213409273e-08,1.3403760668546302e-90,0.07316791336646182,0.0015070778779649261,2.072240656607145e-13,5.104270112844458e-15,2.980766505851118e-24
5.642669099033684e-14,3.256928437961472e-17,0.6751991242429164,4.62451141167598e-08,1.2960506964933594e-90,0.29590702773952077,0.02889380177218684,2.0049029948965524e-13,5.003915223597157e-15,2.8821918450895518e-24
8.061943635503281e-13,5.461732695389472e-16,0.903738962191717,1.1654954129098121e-05,2.1735011070818308e-89,0.09546726820185576,0.000782114648061141,3.345429633392268e-12,8.481845864826436e-14,4.833491651618036e-23
6.429780369103126e-13,2.869430083428421e-16,0.8193896560799021,9.717247678191792e-07,1.1418647205496554e-89,0.1792655816762274,0.0013437905166542162,1.7620211576012697e-12,4.319135634650404e-14,2.5393091322417726e-23
1.6626053352996856e-13,1.3749565756486461e-16,0.5113589969946717,7.325503508626343e-08,5.4715491597117145e-90,0.4802698336325128,0.00837109611678308,8.127945057883368e-13,1.8330408338124475e-14,1.2167756099805677e-23
7.130858199905927e-14,7.694886947936402e-17,0.40096011759588135,1.5193269826181635e-08,3.062029574340529e-90,0.5989810347499369,5.883246070634655e-05,1.2212239259364864e-13,1.192924447095935e-14,6.809409150338608e-24
1.2382692907957964e-13,1.3137011312919357e-16,0.6197189587026737,8.930089679761987e-08,5.227659345386244e-90,0.3751532219508936,0.005127730044670696,7.22655568450439e-13,1.85046205625752e-14,1.1625403907710016e-23
7.07694137440516e-14,6.826444205275986e-17,0.8865795648013934,3.6751572489602474e-08,2.716487660045363e-90,0.11187428275292063,0.0015461156936561202,3.7585042608718493e-13,1.0648284357182498e-14,6.040997275351263e-24
2.5254671740713608e-14,1.487794893595082e-17,0.9706666206506859,1.2861248244210744e-08,5.920445182730563e-91,0.029098771895575505,0.00023459459238875794,7.399219482067201e-14,2.3147909305082423e-15,1.3166049652446166e-24
1.4860536518654413e-13,1.73338092748561e-16,0.612101562104364,9.138221338776838e-08,6.8977581900805125e-90,0.3750436376567393,0.012854708855442933,1.0655610200029128e-12,2.609233166435258e-14,1.5339407053368728e-23
5.57655776308158e-14,4.578647586686371e-17,0.8660408612524385,4.890084927847053e-08,1.8220106262759843e-90,0.12292818496182943,0.011030904884538076,2.817437509586923e-13,7.12421154668092e-15,4.051837017388661e-24
1.4343167217295562e-13,1.598330641415635e-16,0.6345272238070335,1.0064261822352378e-07,6.360338972922503e-90,0.34329138050673097,0.022181295042468647,9.820285326713747e-13,2.299624472606799e-14,1.4144286808473793e-23
4.64860399337608e-13,1.0304463147750862e-15,0.9360273485418718,2.2613783920375879e-07,4.100648284075113e-89,0.061958570138633755,0.002013855174723386,6.324881664447861e-12,1.4116522972441944e-13,9.119147992942226e-23
8.284125919156521e-14,5.107825168911712e-17,0.7811592526146586,7.064344631690484e-08,2.032579608646299e-90,0.2092352011160441,0.009605475625446398,3.1423489255171474e-13,7.56680298844318e-15,4.5201064199684355e-24
5.6667113888581326e-14,4.0545135671181293e-17,0.9438185417181882,4.033471531469847e-08,1.6134218631776137e-90,0.055670796502602635,0.0005106214442296075,2.0153563410495516e-13,5.917726999016716e-15,3.5879732372587085e-24
5.734771654109705e-13,3.732689319008141e-16,0.9221529978573701,3.0244239248659986e-06,1.4854381948031277e-89,0.077076306460073,0.0007676712557158122,2.2874906728172973e-12,5.466824236950367e-14,3.303357983330808e-23
7.732199861663296e-13,5.360057809332491e-16,0.8872351477487541,6.903877046018572e-05,2.133056617174069e-89,0.11180754742436443,0.0008882660522860258,3.2831312357023086e-12,7.827239173410318e-14,4.7435476157748655e-23
8.358414757753152e-14,6.764138073986177e-17,0.6965373877122912,1.2081015592279394e-07,2.691758012492676e-90,0.23655148537979728,0.06691100609724711,4.1575610471454903e-13,8.976456723975733e-15,5.98599946828155e-24
4.86446035999053e-13,3.8883297352027355e-16,0.8274529526063376,2.290392448478544e-06,1.5473825261260853e-89,0.1711068801591396,0.0014378768392493816,2.290990441867488e-12,4.7146499844348276e-14,3.4411064365027594e-23
9.62764039786804e-14,4.327424554269839e-17,0.9709429532023249,2.75208859082305e-07,1.7220545537412133e-90,0.02847372483527573,0.0005830467531710708,2.661743962651575e-13,6.6918034531056694e-15,3.8295556170562294e-24
3.677533151521361e-13,1.4421470627061752e-16,0.9249056994663194,3.578980290533296e-06,5.738882001163394e-90,0.07460961719676273,0.00048110435544398695,7.930930106992147e-13,2.2448026889943472e-14,1.27622879453409e-23
2.553813719008766e-13,4.390236038781758e-16,0.8730538267538489,5.990764585104712e-07,1.7471620974384188e-89,0.12274140804560985,0.004204166121095337,2.6881002192995708e-12,4.351081353509033e-14,3.8853803343067916e-23
2.8032019254034743e-13,1.1275257784659897e-16,0.9279874781149173,4.013137493322872e-06,4.486922232072821e-90,0.07129417268697773,0.0007143360596214364,6.92846230874785e-13,1.682162138645689e-14,9.978142029079543e-24
3.684813616720332e-13,1.440456385479501e-16,0.8865000809554149,2.845628729442936e-06,5.732153995214273e-90,0.11257510841841957,0.000921964996160256,8.849077026703546e-13,2.2311897771079104e-14,1.2747324610749663e-23
1.810202904410502e-13,8.842047111847342e-17,0.9513830045048386,9.431325430061902e-07,3.518668384458583e-90,0.0479644445612377,0.0006516078006440522,5.431722633568773e-13,1.2560262396646288e-14,7.824912047401989e-24
4.895328045076778e-13,4.807241943341e-16,0.8786561414211028,2.245491766980562e-06,1.913022609692064e-89,0.12001161365287816,0.0013299994307497795,2.9441080041499725e-12,6.809172566626726e-14,4.2542329123204224e-23
1.7906201274430212e-13,1.3281527743337253e-16,0.8798112246626887,4.946486453240958e-07,5.285329891751628e-90,0.11702435015699096,0.0031639305306614598,8.154028008911774e-13,1.892994260682862e-14,1.175365843764397e-23
0.00032533206612958093,8.533457098387227e-133,4.952116683975206e-148,4.865459161578177e-12,5.937716421587436e-82,4.3794571908261796e-92,1.3533076493798642e-72,0.9637230731896093,0.03595159473939554,4.334066692603771e-96
3.746412924404995e-13,1.2250937647609194e-15,0.8463037834647501,1.591765862566316e-07,4.875481297806934e-89,0.14908134347251262,0.004614713878133314,7.454378131263225e-12,1.8761364172882171e-13,1.0842190515615649e-22
1.9411350189512126e-13,2.355853889153809e-16,0.8214559095000749,9.345334327553862e-08,9.374983468832668e-90,0.1732124595273224,0.005331537517584629,1.4448432242020433e-12,3.5502665041908286e-14,2.0848319126000596e-23
1.9552860685652792e-13,2.1442494254352364e-16,0.9625655971057274,1.1169195594004455e-07,8.532908962527339e-90,0.03601009907354605,0.0014241921272233836,1.318616198338709e-12,3.286385969658602e-14,1.897573933572001e-23
7.507459954960449e-14,5.316528530680249e-17,0.770765654772607,3.558320115145745e-08,2.1156146716874556e-90,0.2290554137560954,0.00017889588784245273,1.7062390561752227e-13,8.28045907491096e-15,4.704758911608601e-24
1.5111866563656218e-13,6.108891825342931e-17,0.8072126164818932,9.514599447199872e-08,2.430925425618479e-90,0.19253151172262853,0.0002557766490745683,2.486893445445704e-13,9.458244134166745e-15,5.405956549572788e-24
3.615037434441346e-13,2.475840920645761e-16,0.7177356430231756,2.332851054237032e-07,9.852295869041349e-90,0.28163724920497285,0.0006268744854132286,9.328080400409864e-13,3.8190499568740905e-14,2.1909776885571272e-23
6.29362159423824e-14,3.098480332510246e-17,0.6363140875554675,2.909888043701669e-08,1.232988055071743e-90,0.36224153660145586,0.001444346743957703,1.70738074577158e-13,4.758421287151298e-15,2.741951356531058e-24
6.783321733255073e-14,5.116121138246191e-17,0.4578235829316094,6.68366765751196e-08,2.035926072851266e-90,0.36892921052448546,0.173247139706839,3.1462574513344545e-13,7.003599059121742e-15,4.527542790110439e-24
1.241986968335223e-13,4.82786954607913e-16,0.35429019233341474,2.5096719843862658e-08,1.9211912234857096e-89,0.645591375560974,0.00011840700833631399,3.5608701442007557e-13,7.420000800783652e-14,4.2723690530271334e-23
1.3276808522202624e-14,7.024248591153603e-18,0.9869501235691182,1.0669832466730331e-08,2.795188327102183e-91,0.01290982151293461,0.00014004424806344953,3.6911495068016773e-14,1.0788956100414442e-15,6.216018641612492e-25
1.8030980081273918e-13,1.9368812425807052e-16,0.8425913535091933,1.3803991859880002e-07,7.707912075990393e-90,0.15206345763509282,0.005345050814402399,1.187824731445618e-12,2.4597690937302746e-14,1.714103372149055e-23
1.9949564648909686e-13,1.9211782096378206e-16,0.9581885743342122,2.1566846468568313e-07,7.645273687243616e-90,0.04045637837840127,0.0013548316175143167,1.1810106721873852e-12,2.6711547491549122e-14,1.700178366237121e-23
2.33281661408188e-13,3.391743157293471e-16,0.9424332057766588,1.6960694403016928e-07,1.3497291637880469e-89,0.05577979095000436,0.0017868336640324738,2.0800509786404647e-12,4.674204371955097e-14,3.001567137272734e-23
2.897506684297196e-13,4.847164065651072e-16,0.949824780156338,1.425713709083256e-07,1.928916978515996e-89,0.048357339948041284,0.0018177373209112228,2.9761739339453538e-12,7.208113489089902e-14,4.2895834016729255e-23
1.9428244942889823e-13,4.011622503291841e-16,0.8562550353934724,3.0651558008501143e-07,1.596489797123565e-89,0.13350028524691945,0.010244372841338834,2.4572363236573975e-12,3.751474822252622e-14,3.550310353989438e-23
2.0244266143424987e-13,2.5500071044101064e-16,0.8753258599206033,1.370002144421344e-07,1.014788811124474e-89,0.12036094562947186,0.004313057447910984,1.5630860819838798e-12,3.3606467736162163e-14,2.2567111919603053e-23
1.6433470005719083e-13,1.661570521923783e-16,0.7614743434330118,7.725490463341044e-08,6.612121847464943e-90,0.23181063718447711,0.006714942126396195,1.0206504182514045e-12,2.502712293350787e-14,1.4704195229935183e-23
1.7578583747084627e-13,1.3924842132593628e-16,0.8723762403221795,6.358193507283105e-07,5.5414516375619745e-90,0.1251414595891832,0.0024816642682395237,8.547733691697827e-13,1.620103480405547e-14,1.2323217278158452e-23
1.977425146212034e-13,4.3787486338268745e-16,0.42833955403386514,3.541608024152238e-08,1.742466130365107e-89,0.571476813974484,0.00018359657482116962,4.895589313816234e-13,6.164390753999624e-14,3.8749244019857564e-23
7.483219590465124e-14,4.089622202005093e-17,0.5799752291438234,6.747186015977821e-08,1.6274236710935322e-90,0.38014822323041525,0.03987648015356888,2.51633583506202e-13,5.910060805204085e-15,3.6191069794617404e-24
1.2538496465287535e-13,1.393690572738892e-16,0.9186622347128246,7.290737675333042e-08,5.54610976347897e-90,0.07840726192238548,0.002930430456410613,8.554159468052222e-13,2.162347626232804e-14,1.2333585040058165e-23
1.4108114772374595e-13,1.174866319224363e-16,0.5575153256903329,7.914621029249958e-08,4.675205727937664e-90,0.42525303000366066,0.017231565158915146,7.225470802740784e-13,1.7120646511729208e-14,1.0396842922302625e-23
1.4468053611069907e-13,1.1243378791842146e-16,0.7634752318630075,1.0077249432437427e-07,4.4741675296799445e-90,0.22618936953526925,0.010335297828375188,6.918966942535443e-13,1.7160903365436326e-14,9.949769102648929e-24
1.628134734442376e-13,2.86008216741135e-16,0.9190954790852618,1.2961321863291803e-07,1.1381422157411161e-89,0.07687530712110838,0.004029084178454512,1.75625747049214e-12,3.734329817355471e-14,2.5310333594916712e-23
2.1142696204590246e-13,1.8089745027552893e-16,0.8477896196812834,1.2668083679861684e-07,7.198587227540997e-90,0.14761857863928018,0.004591674997248185,1.1127379084608871e-12,2.7016803421785318e-14,1.6008407676265113e-23
0.8906856952880108,3.347597621516012e-131,1.9426703435209453e-146,1.9086754036389607e-10,1.2269381314469525e-80,1.71802123178327e-90,5.308902846771988e-71,0.1064282322352006,0.002886072285920998,1.7002149520848012e-94
5.139656132132654e-14,3.0810127105587134e-17,0.9428203949742147,3.757239214955781e-08,1.2260570927429787e-90,0.055183120546424394,0.0019964469067229856,1.8944952497615812e-13,4.788093758278029e-15,2.7265390179916004e-24
1.2775223087465517e-13,5.459386015134434e-16,0.31075492992911646,2.1534482048661177e-08,2.17251348772483e-89,0.6891476254649825,9.742307089386305e-05,3.1829239453065056e-13,7.852493194393665e-14,4.8312546021568864e-23
3.262692380828443e-13,1.0044452601406543e-16,0.8517919951733598,5.363182809310069e-07,3.997082888234177e-90,0.1475816166208949,0.0006258518865700317,5.528391054464431e-13,1.5188440300903965e-14,8.888818488085559e-24
1.6688269090731767e-13,8.026223799845714e-15,0.4644699465334776,2.5237492956556568e-08,3.194503825752937e-88,0.5354461430000834,8.388522714048122e-05,3.8322889921509975e-13,1.2474423340131541e-12,7.103770066996951e-22
7.106058931834108e-13,3.084683746144972e-16,0.8820258879446632,1.543064536466459e-05,1.2275432120814856e-89,0.11713910685155199,0.0008195745557698431,1.8924158859184733e-12,4.679434442229833e-14,2.729843432178851e-23
1.8796545614169746e-13,1.3264092227862145e-16,0.954157169772742,4.4637437057914545e-07,5.278377050760828e-90,0.04476676020621551,0.0010756236456494932,8.151863255529219e-13,1.9126292378267937e-14,1.1738208268487017e-23
3.080529997461135e-13,1.2605975287603073e-16,0.879590456088899,4.003496168082514e-06,5.01646609789021e-90,0.11934528041032005,0.001060260003511509,7.744158186135934e-13,1.8836161842126928e-14,1.115575370347783e-23
2.596453031773149e-13,1.8149862576039725e-15,0.6887665313492823,3.5615454609826926e-07,7.223898074958457e-89,0.2865279270326059,0.024705185452210517,1.1010402625132115e-11,8.304775225170918e-14,1.6064563937005877e-22
1.9261440265737314e-13,1.785145171549093e-16,0.6853128466966202,1.78006030139723e-07,7.103796677412069e-90,0.2997816586329993,0.014905316663034327,1.0957301223155452e-12,2.749280874545005e-14,1.579760781915226e-23
2.2509112331353074e-13,3.586103084314507e-16,0.9384245943241198,1.2565089770700658e-07,1.4271067677691031e-89,0.05951735742958053,0.002057922592927192,2.193849519613819e-12,5.542919980378093e-14,3.1736382377482666e-23
1.7897151143620858e-13,7.260766262384396e-17,0.948920250269159,1.7620777291245137e-06,2.8893455367047616e-90,0.05045477411988201,0.0006232135325929932,4.463072093305209e-13,1.1341069424280432e-14,6.425410956580585e-24
1.9777280748844274e-13,1.3060643380951787e-16,0.961813645316492,3.5531741447882124e-07,5.197358667022226e-90,0.03736818252557639,0.0008178168394960972,8.028551968031187e-13,2.016089844850836e-14,1.1558044360066986e-23
1.2149394146015086e-13,6.46174539997952e-17,0.9651292980341462,1.0689096673080745e-07,2.5713546895104687e-90,0.034654374669690735,0.00021622040478232028,2.8254478619390934e-13,1.0015416361108466e-14,5.718253061756647e-24
1.458343740924678e-13,1.3643341807055514e-16,0.9439081501336613,1.0254311085690437e-07,5.429310303837286e-90,0.054533264464680944,0.0015584828575436335,8.365543323036573e-13,2.104697053654292e-14,1.207384942273375e-23
5.461240601191129e-14,4.710320935453765e-17,0.9586256726404343,5.442993224202204e-08,1.8744251557521287e-90,0.038420541233880875,0.002953731695401064,2.8984019514759123e-13,7.01372063338961e-15,4.168399736941807e-24
4.804269119626584e-14,3.132241207100886e-17,0.2783377769544186,2.2159137797156783e-08,1.2464209055894493e-90,0.7197623019566839,0.0018998989295342587,1.7259709082944284e-13,4.7964769701984316e-15,2.771822490519311e-24
4.4917630810819854e-13,3.161166743245173e-16,0.9347683102647645,9.634165831439565e-07,1.2579691308397075e-89,0.0643467225920752,0.0008840037241395228,1.94050123682141e-12,4.7793188821544654e-14,2.7975084691568644e-23
1.0104218118106745e-13,1.298763382966333e-16,0.7972000774194267,7.994735474666843e-08,5.168345003723105e-90,0.19650911471173346,0.006290727920598485,7.674173592020287e-13,1.791587949922704e-14,1.1493494407052968e-23
2.678755207492396e-13,3.3943418723641614e-16,0.5836057714820467,7.104739329477683e-08,1.3507406784964604e-89,0.41619404443491076,0.00020011303479260342,5.381734582226509e-13,5.0136840870866766e-14,3.00380416156024e-23
9.26911576649768e-14,9.429805089231752e-17,0.9115997530179121,9.322652735088962e-08,3.752512714393626e-90,0.08214361464987897,0.006256539104995207,5.799126619066535e-13,1.3665276070657094e-14,8.344939859243216e-24
8.010386055293415e-14,4.381424634707498e-17,0.919920165536008,5.1901305271355135e-08,1.7435194740856242e-90,0.07977689964037377,0.00030288292203456863,1.9172737487561184e-13,6.6094261679130524e-15,3.877285422253752e-24
1.2123035061282373e-13,1.3795593801613177e-16,0.8529457438611563,1.5930975292465234e-07,5.489965651332911e-90,0.14091807692474076,0.006136019903423242,7.892705935558383e-13,1.6071969661044458e-14,1.220872107477051e-23
1.2083255565621363e-13,5.491925917352423e-17,0.961372494408413,1.8698538932480184e-07,2.1854314033353736e-90,0.038226237531479315,0.00040108107428665844,3.0236671469635246e-13,8.47847414714084e-15,4.86002651417451e-24
1.043336848995838e-13,8.142950792945026e-17,0.8242466369222358,7.932042196589052e-08,3.2403797597089547e-90,0.16691830856070244,0.00883497519602163,5.011404351515315e-13,1.255438119095691e-14,7.206042726609538e-24
8.993809321916269e-14,6.415323585134901e-17,0.7258685919941316,4.020479401774501e-08,2.552855862660312e-90,0.2735345593484357,0.0005968084522582506,2.807268305975763e-13,9.815891110561149e-15,5.6771067725634444e-24
1.3899922912400709e-13,6.939190700674034e-16,0.4971635935566465,2.3647347632782698e-08,2.761371330799254e-89,0.5027516913031101,8.469149234928376e-05,3.005498833144214e-13,1.0623808488224159e-13,6.140765257261971e-23
2.892390638510781e-14,1.9000347282774223e-17,0.9417555926249309,2.578510665372151e-08,7.560903766243067e-91,0.05394061350250109,0.004303768087312516,1.1694923231260433e-13,2.953909482351342e-15,1.681414990874756e-24
1.8277630838078317e-13,1.8660938762402257e-16,0.3905303423913535,5.9501577622137534e-08,7.425847771307077e-90,0.6074712929275371,0.0019983051784487832,8.724403942640665e-13,2.7644880067056756e-14,1.65137650166467e-23
3.1967108502649915e-13,6.577476804222462e-16,0.6937521793369152,2.579462052025247e-07,2.6174800165282746e-89,0.29582360730622076,0.010423955406240049,4.024460944256451e-12,7.397992675632237e-14,5.820814000620403e-23
6.794815973623401e-14,5.171761416330977e-17,0.5165678969824976,5.752868974195272e-08,2.0580524588562814e-90,0.38163730075123387,0.10179474473718504,3.181568795931618e-13,7.525495035885048e-15,4.576749059312416e-24
2.2924955441884725e-13,1.0634164747578029e-16,0.9384683706921345,8.145843018190131e-07,4.231752908784592e-90,0.060786061688755236,0.0007447530339092764,6.534359004290748e-13,1.6176848612848262e-14,9.410695526100982e-24
1.2100177055391724e-13,1.5542237375464731e-16,0.9164347752716433,1.3651839576018352e-07,6.185026422924499e-90,0.07700247736447778,0.006562610844387349,9.548831861927068e-13,1.9761591108773253e-14,1.3754425383309867e-23
1.5574060055991718e-13,1.1476524699390121e-16,0.8207333279973648,1.1225685034318271e-07,4.567063690103621e-90,0.17431561511428312,0.004950944630625479,7.049009239352383e-13,1.5696663028555108e-14,1.0156347032262793e-23
6.509892153261232e-14,5.090667131084903e-17,0.8835978472852042,5.6946860754930385e-08,2.0257543549240095e-90,0.10916396863885852,0.007238127128690162,3.1325445108020857e-13,7.819592617939697e-15,4.50492863860939e-24
1.504909512731299e-13,7.737289003221338e-16,0.3749339350908607,2.7932703276211052e-08,3.0789768217918604e-89,0.6249310540188177,0.00013498295689887786,4.509820197260026e-13,1.1709699778297727e-13,6.847054897823343e-23
6.02299247998448e-14,5.365696470927048e-17,0.8996660236175461,4.80425067793032e-08,2.1352382652956585e-90,0.09540310544194658,0.004930822897615333,3.1728971750056574e-13,7.39727375530507e-15,4.7483985999413744e-24
6.938700698474541e-14,3.337830806742015e-17,0.906664697502985,4.700717456661234e-08,1.3282305436651859e-90,0.09293872888485112,0.0003965266047488588,1.6598493171663322e-13,5.122668588784543e-15,2.9537553803004265e-24
1.8670877035224023e-13,2.1908434456852248e-15,0.4464215371230092,2.757198505310601e-08,8.718606733244136e-89,0.5534816253851653,9.680991891499076e-05,4.0751778405106317e-13,3.290022090959205e-13,1.9388366288659614e-22
1.0820219579576089e-13,6.370823088879101e-17,0.6978695717594064,5.689248917975763e-08,2.5351868715420304e-90,0.28728035012854936,0.014850021219044891,3.9212613075969036e-13,9.609885226868963e-15,5.6378152305681845e-24
4.10885573880463e-14,3.304024964226755e-17,0.9313219075446623,2.976737231323225e-08,1.3147971233166246e-90,0.06599756857737495,0.002680494110348821,1.954726688417386e-13,4.9544640042143495e-15,2.9238814637408032e-24
5.3284987854065755e-14,9.727728509422048e-17,0.23157893534632285,1.1630908314943927e-08,3.870954629340353e-90,0.768353405404532,6.764761802728833e-05,1.4127632620863248e-13,1.478413778628005e-14,8.608305669217996e-24
1.326155268999005e-13,1.1896336534393416e-16,0.5160244532056317,2.976124843630008e-08,4.733985186304439e-90,0.4838412831079539,0.00013423392476906107,2.4666336506219624e-13,1.7542023069113952e-14,1.0527538395499519e-23
3.395403092611539e-14,2.0755264056462906e-17,0.3780858546431958,1.3030969469358166e-08,8.259128623926311e-91,0.6217822090068137,0.00013192331890556555,7.835059741445874e-14,3.1774281095726133e-15,1.8366863583131164e-24
1.4767388045070075e-13,1.4918383786627834e-16,0.9018699384215129,7.355251216054796e-08,5.936549986289145e-90,0.09657915393283159,0.0015508340921895024,7.8338353482492e-13,2.2618067267161876e-14,1.320185875643309e-23
1.623213238210717e-13,1.2560375472852552e-16,0.5583210195140177,6.845531462821886e-08,4.998226250774828e-90,0.42933467905059686,0.012344232979116767,7.728125311202455e-13,1.8842608790488353e-14,1.1115181343259239e-23
8.311878834940347e-14,7.352333089281525e-17,0.5328795405835997,5.637331113661035e-08,2.925776630708559e-90,0.439253853858432,0.027866549184110554,4.5227106805047214e-13,1.1115130724175463e-14,6.50641595885489e-24
6.142845880378122e-13,9.270251865377525e-16,0.9120655292320593,3.91204483805751e-07,3.689067994220647e-89,0.0874017437810664,0.0005323357789091098,2.7260756281889104e-12,1.402329714225229e-13,8.203849567482587e-23
3.039666862057763e-14,1.9300111486429073e-17,0.732517413756754,2.1755245429781474e-08,7.680201269821183e-91,0.265667373836321,0.0018151906515398765,1.0635315818790038e-13,2.8861520626016674e-15,1.7079434041444847e-24
2.6134638669299593e-13,2.937150441754598e-16,0.9413010354550808,3.00396504189318e-07,1.1688197286532562e-89,0.057329769900506804,0.0013688942458036835,1.8026562923992397e-12,4.0059201125271415e-14,2.5992561521339928e-23
2.2566974692153817e-13,3.7850506099855025e-16,0.595218040672751,1.1739787451297945e-07,1.5062197223846313e-89,0.4025965837796644,0.0021852581478906865,1.5356017547643608e-12,5.770475154833582e-14,3.349565588872152e-23
2.2566974692153817e-13,3.7850506099855025e-16,0.595218040672751,1.1739787451297945e-07,1.5062197223846313e-89,0.4025965837796644,0.0021852581478906865,1.5356017547643608e-12,5.770475154833582e-14,3.349565588872152e-23
1.4566104322270085e-14,8.034333719467581e-18,0.972809315665851,1.3060300573292306e-08,3.197146419808263e-91,0.025022672043954853,0.0021679992298282605,4.9458755372118943e-14,1.2541556589152029e-15,7.109904656085437e-25
7.101286902776408e-14,1.4891363219316801e-16,0.3870498147489134,1.534514916127115e-08,5.9257433310512945e-90,0.6128729932148379,7.717669082356736e-05,1.8154984341915664e-13,2.3167270262383846e-14,1.3177781844012356e-23
5.4045366345007827e-14,4.3723415957096587e-17,0.9230078239072634,4.495654657544339e-08,1.7398998487994566e-90,0.07393565671646932,0.0030564744194015877,2.585941460219024e-13,6.535272947262001e-15,3.8692386399376535e-24
1.606622568818548e-13,1.810553461479722e-16,0.7412079014809843,8.299385924604514e-08,7.204895549051288e-90,0.2515387832951069,0.007253232228749537,1.112505933932045e-12,2.6740479267953138e-14,1.602242671748699e-23
9.287490242344473e-14,5.790509475244434e-17,0.7986798928709333,5.272913925746821e-08,2.304279702554686e-90,0.19444961049523132,0.006870443904238419,3.5609137897100795e-13,8.741859883733102e-15,5.124316314086805e-24
3.3224383099866553e-13,3.6232093124156216e-16,0.8415974048408102,1.4656883763478974e-07,1.4418534692113446e-89,0.1546775379502577,0.003724910637485237,2.2210318545512682e-12,5.554170938840501e-14,3.206427657523482e-23
2.2934825163804715e-13,4.337204806649063e-16,0.6476444374826017,4.400991753272864e-08,1.725956832825143e-89,0.35219428904667055,0.000161229460030514,4.846207944309115e-13,6.535563079161447e-14,3.838212549099771e-23
2.6883460232501493e-13,1.0432885502603926e-15,0.6738959014073144,5.686241757807877e-08,4.151763248795258e-89,0.3257273185333305,0.0003767231953439772,1.16441376781625e-12,1.591430279725903e-13,9.232744454721866e-23
5.999423365338867e-14,3.795884944070197e-17,0.277127004333317,2.1122137703597694e-08,1.5105030522523928e-90,0.7225773235551034,0.00029565098922143497,1.5462081397286828e-13,5.8213166654823485e-15,3.3590933770960745e-24
4.94604606419892e-14,3.7618309926718844e-17,0.9594559092997137,4.432459688546047e-08,1.4969935829451555e-90,0.03844875696597434,0.0020952894094287745,2.31357548974812e-13,5.473685840084449e-15,3.329055063335895e-24
5.522969648130093e-14,3.39458428392169e-17,0.9612639296562947,4.244201767020178e-08,1.350837572893064e-90,0.03646646954957134,0.002269558351846821,2.0894799807378904e-13,5.160121793633683e-15,3.0040307886196114e-24
2.440117850679178e-13,2.7130591577343745e-16,0.5501471614683972,8.972043601795425e-08,1.0796278618135152e-89,0.4450899383135277,0.004762810495859973,1.4941176491469461e-12,4.0700107041665524e-14,2.400900505154051e-23
3.3256636884605366e-13,2.1641800819096966e-16,0.9322837703576758,4.0209786761145755e-07,8.612198945171343e-90,0.06665927293941236,0.0010565546033492264,1.3293142744687151e-12,3.285070149034777e-14,1.9152051447371076e-23
0.0008186337892615852,7.304157749459779e-133,4.238732442953593e-148,4.164558503186558e-12,5.082350202830353e-82,3.748568230904445e-92,1.1583549832915073e-72,0.9737141662271709,0.02546719997940287,3.709716525725579e-96
2.686098626008431e-13,1.8310779080852473e-16,0.4554226689822461,7.438915435251013e-08,7.286462716905567e-90,0.5438674201148419,0.000709836512770638,6.908496929430592e-13,2.735324161860976e-14,1.6203803596148124e-23
2.368965888589929e-13,9.438355853498847e-17,0.7176687199953814,9.099844797772535e-08,3.7558445182555056e-90,0.28143490169561775,0.0008962873098323871,4.693146067559829e-13,1.4211506362947005e-14,8.352344698504068e-24
9.363244696025745e-14,5.736627947666795e-17,0.39208809012239704,5.741753277889324e-08,2.2828221731107585e-90,0.5801947852888532,0.027717067170761788,3.5298651409806326e-13,8.561033710964985e-15,5.07659735577477e-24
1.027842290615334e-12,7.021659374615025e-16,0.8366142157127391,5.409397569089008e-06,2.7943029405666285e-89,0.1622735285484663,0.001106846335795988,4.299846438119127e-12,1.0121511901881371e-13,6.214039352722567e-23
3.7854470255953744e-13,6.517931163533178e-16,0.6086620683206336,1.7804985202502623e-07,2.5937803563322443e-89,0.3782779580940348,0.013059795531008484,3.994249768147723e-12,9.754358107621255e-14,5.76810382123189e-23
6.076199068601971e-14,4.617150975881381e-17,0.7026993156666557,4.5297230463442377e-08,1.8373505891834772e-90,0.25821262745885615,0.039088011576905946,2.84093199220107e-13,6.719207893879752e-15,4.085947631437468e-24
7.800884385908282e-14,4.9523288254200226e-17,0.7562057269086074,5.2935726288752893e-08,1.970724081153706e-90,0.21758163897780622,0.026212581177469774,3.047892033032206e-13,7.318860927127744e-15,4.382548242740751e-24
4.0207184603847587e-13,1.7499972857669296e-16,0.9137024559416081,3.2226834085446892e-06,6.963938928380883e-90,0.08561198678927823,0.0006823345842422528,1.0333133807820517e-12,2.7103460584463032e-14,1.548660415489446e-23
