i = 0,i = 1,i = 2,i = 3,i = 4,i = 5,i = 6,i = 7,i = 8,i = 9
1.0438687412158914e-09,0.5820057718053401,0.41737411307976285,1.885322706760139e-24,2.354705895693713e-16,5.797099063251986e-20,1.2317830847172208e-12,6.842342530077218e-38,1.2270089451142436e-15,0.000620114069795044
1.0970329891112854e-09,0.5818089659877874,0.4179400471178422,1.873492159835583e-24,2.338787445832805e-16,5.760731350393933e-20,1.0860228984787728e-12,6.799406246640745e-38,1.2489223155413392e-15,0.0002509857962498955
1.4664395719715905e-09,0.5846456020295386,0.4141531812205424,2.5520931463417135e-24,3.185498869196837e-16,7.847348731599588e-20,1.257991328290535e-12,9.262231473615511e-38,1.705200786439671e-15,0.0012012152822194336
1.3248307305883934e-09,0.43098393748605013,0.5689224333033959,2.315155062455304e-24,2.898349115964391e-16,7.118764716323904e-20,1.4918644379775799e-12,8.402319623259079e-38,1.5107598246653908e-15,9.362788422951716e-05
2.4196969974408286e-09,0.8544803162786657,0.14547108091134367,5.6084446535028724e-24,6.977229723130783e-16,1.7244697910524865e-19,1.2367462121477842e-12,2.0354552319265245e-37,3.587486502875532e-15,4.860038905253451e-05
0.9923363674299749,2.1964354012480153e-27,2.7701369717694435e-109,2.87142130066392e-67,0.0071183165209235885,2.9497436522174712e-67,0.0005453160491014745,5.705640354996113e-106,6.631032146813924e-66,2.969152283753653e-18
4.518760398753905e-09,0.8667198244166224,0.13321286436415583,1.3061427926006398e-23,1.6124159707978313e-15,4.0160389205555837e-19,1.497906942860429e-12,4.740343038480555e-37,8.49928446815164e-15,6.730669895320908e-05
1.5292957035574105e-09,0.4033636756521632,0.5965830407117749,3.833353084717019e-24,4.796292970671331e-16,1.178691604688325e-19,2.097388659016892e-12,1.3912268206154956e-37,2.4710553007682973e-15,5.3282104665830327e-05
1.7083536905533411e-09,0.755315891613317,0.2446150941570838,3.9013107762586075e-24,4.877137878851558e-16,1.1995630127589275e-19,2.450027543269167e-12,1.415890483621921e-37,2.520803445437422e-15,6.90125187924514e-05
2.4998738392906133e-09,0.37899356048473515,0.6209429137149953,6.346701851286574e-24,7.931782347393665e-16,1.9514976992242505e-19,3.406174591308908e-12,2.3033886279527566e-37,4.007309879853402e-15,6.352329698468554e-05
3.6614692775492676e-10,0.1630107141941346,0.8369728024482064,5.863259859452145e-25,7.351434216466602e-17,1.8028754074977905e-20,4.2525990864465864e-13,2.127934513318404e-38,3.806710650591845e-16,1.6482991086363178e-05
9.047186163676942e-10,0.25003845839576794,0.7499351078063077,1.713159611217849e-24,2.1467654011689592e-16,5.267701362575038e-20,1.22162913786241e-12,6.217516491856352e-38,1.097952458723382e-15,2.6432891982718824e-05
1.1507282460150815e-09,0.6069417826231103,0.3930201128994982,1.9656469169784136e-24,2.461746003504398e-16,6.04404274252641e-20,1.1849857679200698e-12,7.133860690132239e-38,1.2827740250242892e-15,3.810332547672941e-05
1.7330074632252689e-09,0.8442647500576396,0.15567722076450669,3.2544845630904276e-24,4.062901598100113e-16,1.0006940796029807e-19,8.07695107718563e-13,1.1811398615673153e-37,2.1624936259873765e-15,5.802744403583836e-05
1.0493636968506892e-09,0.6876728529835714,0.3114354104033131,2.081756767539015e-24,2.6009814133986675e-16,6.401064615212513e-20,1.1582854244639121e-12,7.555254518832502e-38,1.3465077257754202e-15,0.0008917355625919834
5.528092710698939e-10,0.23587184548743675,0.7640919371140045,8.95553896186641e-25,1.12172150505365e-16,2.753708727459432e-20,7.959055885770071e-13,3.2502056775991436e-38,5.739642032474223e-16,3.621684495287329e-05
5.032269591222075e-10,0.13543634281873929,0.86455114624858,1.4387260470569911e-24,1.8001398910575335e-16,4.423872838767292e-20,6.287197723361363e-13,5.22152343114499e-38,9.05042955202897e-16,1.251042882392631e-05
8.523913373116582e-10,0.41901273141487055,0.5809020464246991,1.3891517262478048e-24,1.7390863646139803e-16,4.271457433684809e-20,9.91710350427143e-13,5.041604774411855e-38,9.045213891823566e-16,8.522130704619696e-05
7.338414622152079e-10,0.2932974227839917,0.7066706514280862,1.2487035361016899e-24,1.5659232237239903e-16,3.8395742636161824e-20,7.958021871096218e-13,4.5318805969157046e-38,8.012311979355622e-16,3.1925053283892696e-05
6.055386400944935e-10,0.7049801777467652,0.294727696591594,9.786705915666748e-25,1.224364418206513e-16,3.009271078979865e-20,7.350403234913885e-13,3.551858435684046e-38,6.5085472362224245e-16,0.0002921250553663189
2.4844732498970267e-10,0.12500215534894069,0.8749813090267036,3.89181382640643e-25,4.87854069658861e-17,1.1966822997085631e-20,3.08577039785917e-13,1.4124437897084693e-38,2.503166659502552e-16,1.6535375599624147e-05
6.36069745065392e-11,0.0649051033423608,0.9350881132544129,9.338023377305181e-26,1.1708052511654193e-17,2.8713258233303428e-21,7.809676800986815e-14,3.3890195300173936e-39,6.08189596769337e-17,6.7833395412611285e-06
2.1749931761482143e-09,0.7313327974787497,0.26707686756938287,4.7425753550967366e-24,5.902233687441274e-16,1.4582609354581736e-19,1.3749484773873002e-12,1.721207973851683e-37,3.169587783775979e-15,0.0015903327754953791
9.115860290164537e-10,0.3290186765473509,0.6708999906688825,1.536273821892066e-24,1.9218543278677217e-16,4.723841261200774e-20,1.3054681485040849e-12,5.575550380810266e-38,9.999361405471984e-16,8.133187087386159e-05
1.4775877987750518e-09,0.4484451648973903,0.5514159332313723,2.835695235892435e-24,3.5454731924651754e-16,8.71935528449176e-20,1.942502089696666e-12,1.029149974538451e-37,1.8440047061394496e-15,0.0001389003917049205
1.6553332054924577e-09,0.8897114552745656,0.11023936671321868,3.297224942522692e-24,4.107267264313878e-16,1.013831114411321e-19,8.0808623644251e-13,1.1966514915536298e-37,2.189811466776572e-15,4.917635607180227e-05
1.8122340098432434e-09,0.5327017105242255,0.4671459761557334,3.762469253910193e-24,4.705751174733419e-16,1.1569020614518446e-19,1.7268043706541483e-12,1.3655011596029045e-37,2.4596371591009845e-15,0.00015231150607730344
8.634794857667836e-10,0.4905890172178164,0.5093387160983899,1.4798533883848635e-24,1.8542884403708376e-16,4.550313245221084e-20,1.336998768525824e-12,5.370785466343041e-38,9.655380473022362e-16,7.226581897616694e-05
1.4307114808037208e-09,0.7105145401628856,0.2891093351702414,2.7442596318976304e-24,3.425296150514604e-16,8.438129339748113e-20,1.5953520914691517e-12,9.959655266539098e-38,1.8244727878876456e-15,0.0003761232345640047
8.741867601360312e-09,0.6213112995382947,0.3783226042308026,4.7288121775585567e-23,5.775148578494764e-15,1.4539833357064022e-18,3.4620998323315545e-12,1.7162129578867383e-36,3.1612729742502224e-14,0.00036608748553577865
1.878271519842505e-09,0.43415757169097224,0.5656843282369651,4.4299773983376534e-24,5.524277932443674e-16,1.3621587481384787e-19,1.701741641751832e-12,1.607757807266384e-37,2.8700661810890564e-15,0.00015809819208601576
1.066968968825841e-08,0.8323750307213854,0.16754166495381853,6.244869916891833e-23,7.550664181715336e-15,1.9200220996141e-18,2.548924719354087e-12,2.2664310888345577e-36,3.801765722263514e-14,8.329365251174398e-05
1.4155943838644407e-09,0.2477209879172696,0.7522532198084544,6.982785411747128e-24,8.697947867462962e-16,2.1470635679902506e-19,2.64115878295785e-12,2.534240488010137e-37,4.3786717745709814e-15,2.579085603522019e-05
1.71537883829846e-09,0.767954661642241,0.23198852431219003,3.2375604867968328e-24,4.038878036012061e-16,9.954913876723634e-20,1.4681855093980576e-12,1.1749976681434935e-37,2.112328182917291e-15,5.6812328719480995e-05
4.6098847553058384e-09,0.6763539404659408,0.3229380942556148,1.6737967590089537e-23,2.069928379114481e-15,5.146509402889001e-19,3.526961152689606e-12,6.074658081908218e-37,1.0654910875468337e-14,0.0007079606650200099
2.8955138173880516e-09,0.7748844467423788,0.22470532562157136,9.213633471473003e-24,1.14404049654219e-15,2.8329599364025437e-19,2.6720737388252408e-12,3.343875098261974e-37,5.83635553074933e-15,0.000410224737856963
1.985826731284218e-09,0.7298551935492241,0.2688487073920448,3.878851704751258e-24,4.832674044380728e-16,1.1926885236741583e-19,1.1483481352181712e-12,1.4077394553595628e-37,2.6347554049956757e-15,0.0012960970717529508
1.155634712096698e-09,0.3258502872232523,0.6741000841369594,2.1397473586880817e-24,2.678975994466642e-16,6.579405630923915e-20,1.764916687368133e-12,7.765717995060631e-38,1.381325249200278e-15,4.962748238703345e-05
8.926697072288758e-10,0.9011798416849058,0.09873333126428273,1.694582564148847e-24,2.1132274086940634e-16,5.210543088233156e-20,4.782111469730419e-13,6.150095276869998e-38,1.126176559524016e-15,8.682615766203292e-05
2.1966949146110695e-10,0.9199132642311595,0.08004352198480665,3.2850258490312362e-25,4.1132294297583085e-17,1.0100974302455367e-20,1.8371951860956072e-13,1.1922241081548808e-38,2.208844856926522e-16,4.321356418038381e-05
6.070421948100375e-09,0.6150494462186459,0.38396891251440707,1.936788162331921e-23,2.3923685931705528e-15,5.955237714287811e-19,3.047964718497908e-12,7.029124430836648e-37,1.3010452884191696e-14,0.000981635193461883
7.037737197177921e-09,0.7010325002281877,0.29855004497775584,2.2942107674016895e-23,2.8286527066140167e-15,7.054163638673386e-19,3.006765539536955e-12,8.32630697482776e-37,1.568097527173027e-14,0.00041744775329387995
4.484484797374504e-09,0.6504988395650517,0.34877828098722674,1.3212362528377134e-23,1.6394205102533682e-15,4.062544367447379e-19,2.576978493576726e-12,4.7951212371518625e-37,8.78859567612417e-15,0.0007228749606492513
8.827504669516712e-10,0.3519067151099974,0.6479238459779969,1.6631512876708193e-24,2.0774921333350845e-16,5.113961974535833e-20,9.892045378540485e-13,6.036022819268818e-38,1.0755129839074853e-15,0.000169438028264784
1.0280898538233449e-09,0.2559399873131254,0.7440303307257424,1.9853617779487605e-24,2.486887062618774e-16,6.104665563419268e-20,1.6510526732936008e-12,7.205411332101789e-38,1.2455195495395818e-15,2.968093138970651e-05
2.1431897494945635e-09,0.584917920805339,0.41504216439990554,6.4158857195603116e-24,8.020032199619625e-16,1.9727474887259675e-19,1.7401437914920617e-12,2.3284973197246422e-37,4.0541313030795694e-15,3.991264982077841e-05
5.02221836216547e-09,0.750256662038063,0.2495921480263485,2.809232085476802e-23,3.4610942558588467e-15,8.6373647523024e-19,4.20308875610519e-12,1.0195458072920645e-36,1.7135574646593923e-14,0.00015118490914638644
3.975705730017147e-10,0.5577726415121746,0.4422004758574409,6.318924220509066e-25,7.926550583188832e-17,1.9429729654515265e-20,4.422413202695874e-13,2.2933073477409713e-38,4.085922685546182e-16,2.688223237120167e-05
2.841711762467805e-09,0.6921220873698118,0.3073402893376673,6.364334677121256e-24,7.930064052772147e-16,1.9569229922054583e-19,1.9201193231178964e-12,2.309787981570378e-37,4.282690849325371e-15,0.000537620448883787
3.879886059961034e-09,0.3521599562873547,0.6477352309173622,1.187886791669123e-23,1.4776686974404618e-15,3.652534066708547e-19,2.3372074259308395e-12,4.3111604041216484e-37,7.296529732818953e-15,0.00010480891305093857
1.446385942753455e-10,0.10012227707118644,0.8998685363634326,2.2201254424218165e-25,2.784362838444076e-17,6.826614719672754e-21,1.4519244053257378e-13,8.057431627931404e-39,1.4487788941838203e-16,9.186420596830628e-06
3.055200650277293e-10,0.05584693930917253,0.9441490252443718,4.1386215834193556e-24,5.146997122322084e-16,1.2725172641647763e-19,4.969705526467062e-13,1.5020170844094192e-37,2.482066404750492e-15,4.035140435655166e-06
1.6330559820047703e-09,0.6728214618686191,0.3271434217988081,4.430112762166599e-24,5.53285791046308e-16,1.3621778587648204e-19,1.2970775792124544e-12,1.6078069352761185e-37,2.8984364672970415e-15,3.5114698216384445e-05
3.833831688529049e-10,0.7125241673884667,0.2874311839905936,5.943386826871468e-25,7.452155053065144e-17,1.8274997580364133e-20,5.002050711924573e-13,2.157014719991408e-38,3.9272694287331416e-16,4.464823705594379e-05
8.901906324175742e-10,0.76734832146695,0.2324137808845779,1.744888593378579e-24,2.1818750439891228e-16,5.3652155602336934e-20,1.3616975366524815e-12,6.332669403702171e-38,1.1337056425308423e-15,0.00023789675691845183
9.124058362224033e-10,0.7604698889771244,0.23933763929367663,1.870443260687033e-24,2.3397219689955145e-16,5.751258673294777e-20,1.578107616447688e-12,6.788341045019313e-38,1.2014104328279112e-15,0.00019247081521358048
1.985727427644988e-09,0.5989966734040426,0.40039172036048903,3.859409767792073e-24,4.811685388419365e-16,1.1867112629321805e-19,1.880794003271672e-12,1.4006834708451697e-37,2.5264663936816388e-15,0.0006116042478570688
5.965937489923406e-10,0.738982731935203,0.2609607913742726,9.262324669067964e-25,1.1604287419715578e-16,2.848033522742319e-20,4.570128935162969e-13,3.3615464032909663e-38,6.166432481506163e-16,5.647609347299496e-05
2.376372456417432e-10,0.15723743024759435,0.842745336329524,3.7167154536179526e-25,4.657512340691761e-17,1.1428387339387058e-20,4.796703632738497e-13,1.3488958836141592e-38,2.3974679017087416e-16,1.7233184764464083e-05
5.2486089434892786e-09,0.8566669318651787,0.1432623407561716,1.644092840239912e-23,2.025177251515107e-15,5.055117654126284e-19,1.7554507216061236e-12,5.966854554830149e-37,1.0609135283979292e-14,7.072212827273836e-05
3.738233927326139e-09,0.7695827436718476,0.2303575679022324,8.547217583923998e-24,1.0640434117981662e-15,2.628087527780109e-19,1.6298159175934653e-12,3.1020148693883427e-37,5.5363645894212055e-15,5.968468604963287e-05
1.6773360972843602e-09,0.3337337534995094,0.6662136381335033,3.854445687020865e-24,4.820903905767585e-16,1.185174462581772e-19,2.1140648688341448e-12,1.3988819165199425e-37,2.3595951276009975e-15,5.260668753436316e-05
3.6848725776823567e-10,0.19626611149099984,0.8037250882962851,1.1181240278633718e-24,1.4003195418542218e-16,3.438058964838433e-20,3.9210225141475254e-13,4.0579725139592665e-38,7.273278110256836e-16,8.79984383486443e-06
1.8487081007070313e-09,0.4228471312946648,0.5770803586076961,4.008733525012898e-24,5.014576821568639e-16,1.2326180689257984e-19,2.904681269638312e-12,1.4548770915894823e-37,2.572947870441276e-15,7.25082460233482e-05
1.211977250095504e-09,0.3844689680483503,0.6153948771014145,2.177160175482826e-24,2.720089052797231e-16,6.694502796760838e-20,1.087928689480835e-12,7.901499150805041e-38,1.4078365835757574e-15,0.00013615363716853486
3.6116714769345026e-10,0.46262541632745335,0.5372618504122616,5.834082154255494e-25,7.305824120440961e-17,1.7939095889930127e-20,3.0324099872444377e-13,2.1173451235743066e-38,3.859209586762503e-16,0.00011273289881410748
2.2863985182465354e-09,0.3455153360893707,0.6544179471513334,4.7834303501180105e-24,5.974433043787699e-16,1.4708284859090628e-19,3.761012163733873e-12,1.736035391446353e-37,3.024770518275127e-15,6.67144691326615e-05
6.610575512628999e-10,0.36677568451280446,0.6331533398964668,1.0646149792755002e-24,1.3326484744514235e-16,3.273544852592605e-20,1.1362354733474166e-12,3.8637737409947076e-38,6.915618888852138e-16,7.097492853417273e-05
2.0523934267090664e-09,0.39375832113507825,0.6061681435671246,4.307965184526038e-24,5.390536140885759e-16,1.3246275844674933e-19,2.5552611736778847e-12,1.5634763005191926e-37,2.7591403033704864e-15,7.353324284523912e-05
8.24630428796925e-09,0.6542717612054753,0.3452415205842353,3.103399870867139e-23,3.812383944141148e-15,9.542227156663351e-19,3.2706584526599823e-12,1.1263071543583637e-36,2.119028763925633e-14,0.0004867099606894565
6.963749813302782e-10,0.3818277272317441,0.6181183622282997,1.1282684488070589e-24,1.414158258347184e-16,3.469272854769047e-20,7.039611627888653e-13,4.094789271977387e-38,7.409120916908474e-16,5.390984287642329e-05
8.429218882862507e-10,0.6494991479349027,0.3503526343338975,1.5106698216882446e-24,1.8902445239316602e-16,4.6451062904081e-20,7.016265744883054e-13,5.48262654006483e-38,1.0081790424297392e-15,0.00014821688757507884
3.513555601014246e-09,0.8745770923213524,0.12534907046763533,1.0446501230475877e-23,1.2921174924266742e-15,3.212014924662081e-19,1.3467142880978077e-12,3.7913159225682594e-37,6.6930666643161865e-15,7.383369610186588e-05
4.53277102041228e-09,0.8659451641067794,0.1339946847503955,1.4841942586566796e-23,1.8314418315193024e-15,4.563435928745507e-19,1.9083475146137383e-12,5.386539691984078e-37,9.348681311071892e-15,6.0146608134494134e-05
8.040043560200364e-10,0.6481991046126279,0.35174466653112146,1.7137057058681976e-24,2.1473360323051982e-16,5.269298724010651e-20,2.7167839172021113e-12,6.219498435624806e-38,1.0683036039714873e-15,5.6228049528380655e-05
3.0093392198879966e-09,0.8472134692447925,0.15272898059641687,1.0131469032332385e-23,1.2588084145853806e-15,3.115112493271059e-19,2.25735280892025e-12,3.6769823484282084e-37,6.14656803560023e-15,5.7547147186775954e-05
4.969391662031504e-10,0.9283274245200733,0.07162286259865404,8.468070276688644e-25,1.0584376663096702e-16,2.603783408785618e-20,3.482587832112948e-13,3.073290136815559e-38,5.664677368039473e-16,4.971238398445175e-05
1.723046001162904e-09,0.9023556846943983,0.0976027737414777,3.683862074683004e-24,4.582214984358819e-16,1.1327090999138891e-19,8.280761197113308e-13,1.3369724953084863e-37,2.4284229075647927e-15,4.153984024713504e-05
2.5089019899621187e-09,0.8193485611491139,0.1805258190696691,1.045472268368133e-23,1.3007486634822964e-15,3.2144651788548754e-19,4.796523108199949e-12,3.794299806236485e-37,6.172037283823408e-15,0.00012561726751091892
1.280431341253171e-09,0.8948035028204919,0.10515290342384022,2.6382826151740425e-24,3.2868860104886076e-16,8.112170643393043e-20,8.747896559411166e-13,9.575036291907473e-38,1.7156166505633596e-15,4.359247435949685e-05
1.8355877929486544e-09,0.862543017821295,0.13741348115377705,3.643264753103959e-24,4.543536328146004e-16,1.1202299546770947e-19,9.83630475780396e-13,1.3222386393223132e-37,2.3964263605271934e-15,4.349918835348277e-05
9.339362312483065e-10,0.9097947861985243,0.09014724035779532,2.0182869827002206e-24,2.5152116111264377e-16,6.205815180868681e-20,6.778347990676089e-13,7.324905612705896e-38,1.3053357040130654e-15,5.797250906462811e-05
4.482303181848089e-09,0.8226183095107176,0.1772995712714312,1.3848480303121408e-23,1.7156845186568427e-15,4.2580224909289156e-19,2.297594158526967e-12,5.025985494546278e-37,8.992437545467531e-15,8.211473323976302e-05
1.2115034053315664e-09,0.8228202753483493,0.17712119543109453,2.7710734954704025e-24,3.464778825351995e-16,8.520405747214827e-20,1.9250983898163188e-12,1.0056970141308165e-37,1.7706067288697585e-15,5.852800712535257e-05
0.9999207354980383,9.101831663372093e-28,1.1479199610060277e-109,1.1898912801357111e-67,1.3962412097471053e-07,1.2223473614260972e-67,7.912487784070328e-05,2.3643662824506274e-106,2.7478403562615926e-66,1.2303901245760874e-18
6.07991440125398e-09,0.4644734367749861,0.5352835316948901,3.3433041720192206e-23,4.1110604486041194e-15,1.0279704249571458e-18,5.967450130454879e-12,1.2133749591734646e-36,1.9756464195805464e-14,0.0002430254442179908
2.3359231159996923e-09,0.3644956172093515,0.6353531281874929,5.798361687429972e-24,7.225589680695092e-16,1.782905503081956e-19,2.0839573542384945e-12,2.1043812510302025e-37,3.6720770601118905e-15,0.00015125226514411133
3.2366281054361074e-09,0.6967577698007648,0.3020686033768221,7.291130698857208e-24,9.061823915340653e-16,2.241897006124095e-19,1.8168319261395289e-12,2.6461471455371652e-37,4.93152474521649e-15,0.0011736235839623361
5.363572914563824e-10,0.55571853776358,0.4442578029009216,1.1236686465383952e-24,1.4075819176770683e-16,3.4550986758053435e-20,7.713251635403516e-13,4.078095371086446e-38,7.376582456923716e-16,2.365879836884379e-05
9.555614015617238e-10,0.7611107034101313,0.23885895430579696,1.8222058747930216e-24,2.278637746350423e-16,5.602991889340649e-20,7.421963356928952e-13,6.613274605498748e-38,1.199283473053085e-15,3.0341327766573133e-05
2.7730738452418663e-09,0.704710449494324,0.2952427307592073,7.508585894564272e-24,9.360483557918302e-16,2.308717374647793e-19,2.5976608239855782e-12,2.725067553848614e-37,4.798361087863583e-15,4.6816970791407244e-05
2.226745011872996e-10,0.12442762862263873,0.8755574156044647,3.4836908107002207e-25,4.366655746735759e-17,1.0711930327218215e-20,1.9752902499868477e-13,1.264324980210956e-38,2.267817904386465e-16,1.4955550024377032e-05
8.478110555222237e-10,0.4482332195473265,0.5517227007433072,1.7077882005811602e-24,2.140038742081803e-16,5.251133878874649e-20,2.562132259720154e-12,6.198022232250316e-38,1.0633423642681586e-15,4.407885899181634e-05
1.1787017852054258e-09,0.17957523006755657,0.8204091392429426,8.079918809190943e-24,1.0074082432864121e-15,2.4843747542786536e-19,2.310151107261455e-12,2.9324197560315505e-37,4.902077811499547e-15,1.5629508483002763e-05
2.3613351165466e-10,0.660232910919901,0.3396682470757411,3.67896367894605e-25,4.6039167363982465e-17,1.1312341280338326e-20,2.8384423439189995e-13,1.335194735565715e-38,2.439306896370486e-16,9.884176794028294e-05
1.8892751163502956e-09,0.5749434376565262,0.4249007531460999,5.441123869689426e-24,6.785863061352328e-16,1.6730277971031014e-19,3.1280349419651007e-12,1.9747300685679377e-37,3.307217420111709e-15,0.00015580730496678224
2.2509504807672026e-09,0.800596857557522,0.1990687865208232,5.3904542410598125e-24,6.703989306220028e-16,1.657452258205868e-19,1.6905782067682184e-12,1.9563406235884936e-37,3.559016791882219e-15,0.00033435366900955003
3.912037909716066e-09,0.6675903928944207,0.331727758813629,1.11361860179674e-23,1.380426786487933e-15,3.4241679679886333e-19,2.218270063124507e-12,4.041621010240809e-37,7.437961830523141e-15,0.0006818443776852216
5.290239332488639e-09,0.6363013552215528,0.3626291536104616,1.5526412425287094e-23,1.919337065865887e-15,4.7740772029324275e-19,2.5735842323573624e-12,5.634952062346814e-37,1.0502759570306764e-14,0.0010694858751600913
2.3893046217654982e-09,0.7710858013490179,0.2287324814109034,1.0059275516885e-23,1.2534207694308252e-15,3.0928936212257656e-19,7.41718418075029e-12,3.6507814231205835e-37,5.847688468945442e-15,0.0001817148433499015
2.3670154151781854e-09,0.5469813986090104,0.4528022962597417,7.180395767541627e-24,8.935344044694263e-16,2.207816958804567e-19,3.616443524173047e-12,2.605958574926192e-37,4.392437056445773e-15,0.0002163027606107129
1.6786233612010669e-09,0.3094830180698582,0.6904290648975734,3.717308408307511e-24,4.6389249078524425e-16,1.1430157179022597e-19,1.938129288251601e-12,1.3491111051310964e-37,2.320690577243287e-15,8.791535200401672e-05
1.087535851414862e-09,0.8655831893936173,0.13435302992396472,2.9922013962181062e-24,3.736387996318498e-16,9.200264770712877e-20,1.7691779528638026e-12,1.0859502838605674e-37,1.8300001013440432e-15,6.377959311061615e-05
1.5856185868242202e-09,0.2423581402734175,0.7576205752771115,8.041476867919195e-24,1.0044228235361902e-15,2.472579102441768e-19,1.4990193212421395e-12,2.9184681011808515e-37,4.949050905336798e-15,2.128286234742431e-05
5.294877369652631e-10,0.41228164823461977,0.5876888115917484,9.135561825430087e-25,1.1460201120598564e-16,2.8090364351477725e-20,8.3094408411263e-13,3.315540816809984e-38,5.823212412317042e-16,2.9539643312531304e-05
1.7891450796416616e-09,0.42710679316004674,0.5725368716552287,3.976364409461188e-24,4.953904770883724e-16,1.2226734050972754e-19,1.7509724866844189e-12,1.4431294696793132e-37,2.563859237329273e-15,0.0003563333938253355
1.463274368236764e-09,0.28986288615510014,0.7100880470496018,2.7631509905845418e-24,3.4595752582669917e-16,8.496285988784281e-20,1.4751831726656923e-12,1.0028217274697824e-37,1.7748004313649872e-15,4.90653305464625e-05
1.1937738195102375e-09,0.3190475482627833,0.6808974692530134,2.2162679729736273e-24,2.7701745926157987e-16,6.814676882497156e-20,2.9264692935148323e-12,8.04343188110688e-38,1.4159437129867244e-15,5.498128750137415e-05
3.4961754219285663e-09,0.6100840830118666,0.3894077168533309,9.042070558089873e-24,1.1250151540461046e-15,2.7802764431864695e-19,3.076029207941979e-12,3.2816102721611176e-37,5.9522399214403976e-15,0.0005081966355440779
2.0937253759632888e-09,0.3903460076927475,0.6095467282027398,4.2584762648471355e-24,5.309858578411413e-16,1.3094175871356915e-19,2.855986359619847e-12,1.5455154356207641e-37,2.7566858444093765e-15,0.00010726200792810346
0.9993842143909033,3.553758186524253e-27,4.4819879226248e-109,4.645862540913525e-67,0.0004900652284881512,4.7725854565354065e-67,0.00012572038060855139,9.231533105598956e-106,1.0728785724112708e-65,4.803987965878179e-18
4.6549166403870946e-10,0.3541520608847834,0.6457160594058853,7.82095886548379e-25,9.783735286917836e-17,2.4048427245260256e-20,5.039631463661799e-13,2.838436065681989e-38,5.10360394383207e-16,0.00013187924333505824
9.724907741216091e-10,0.13941486357374117,0.860573587371844,7.839136886125274e-24,9.772315178452734e-16,2.410337138217643e-19,1.5438883382869097e-12,2.8450335649318064e-37,4.6497793228967135e-15,1.1548080374599615e-05
1.4588637252972186e-09,0.8344179258456906,0.16554414993721334,2.8692192651815294e-24,3.580977330557055e-16,8.822310572361021e-20,9.278868526087814e-13,1.0413167492664894e-37,1.8542904675507205e-15,3.7922757302117934e-05
2.7945652995898346e-10,0.0433091065006837,0.9566880435920855,1.8695114917521793e-23,2.3012320692885778e-15,5.74754644994564e-19,5.19467264223452e-13,6.784961302415016e-37,9.547903023497102e-15,2.849627243198244e-06
3.3153284288165033e-09,0.8657840004491179,0.13416490895627398,8.483208314807217e-24,1.0521938771787996e-15,2.608373146024955e-19,1.368189427644008e-12,3.0787841875994933e-37,5.4360762682752515e-15,5.108727790524393e-05
1.4467841745689466e-09,0.863540466963814,0.13634401342924424,3.1582929628159215e-24,3.9344080076966737e-16,9.711085737307922e-20,1.189347474134257e-12,1.1462293446131326e-37,2.0819654094897677e-15,0.00011551815896561133
1.314871823822308e-09,0.8823027301151157,0.11766198189136913,2.720926561345358e-24,3.3963182435826163e-16,8.366254076310144e-20,9.87094361918347e-13,9.87497340667808e-38,1.7575968185842854e-15,3.5286677654221055e-05
4.805195551019281e-09,0.6979041014909554,0.301915027432685,5.812187658610623e-23,7.169701885038467e-15,1.786879061133263e-18,3.722800313071057e-11,2.1093993032317615e-36,2.6374704163191918e-14,0.00018086623390259173
2.0074526663973263e-09,0.49602029955621996,0.5039171442462559,4.428576505565799e-24,5.543681466419216e-16,1.3616966399567672e-19,3.239875514143855e-12,1.607249390311194e-37,2.8420697015614457e-15,6.255418682814037e-05
3.5989804499297927e-09,0.6076841029856169,0.3914763438480077,1.1574561360717059e-23,1.434593525050311e-15,3.558937412378675e-19,2.3856961943094987e-12,4.200719271949378e-37,7.499704230447238e-15,0.0008395495650003102
8.417805277942751e-10,0.9181332584182951,0.08182844688389117,1.5143825163479183e-24,1.8904356888679532e-16,4.6564418954362875e-20,5.146617666584254e-13,5.496100887655954e-38,1.0105990923127988e-15,3.829385551737513e-05
1.8329830548757e-09,0.8577456200311891,0.14210657073661698,3.668048296533375e-24,4.56732712363394e-16,1.1278554719026678e-19,1.0004441658716408e-12,1.331233234388122e-37,2.4886180780656757e-15,0.00014780739820749602
9.92868844541796e-10,0.879057040050266,0.12087365067652057,1.966879026287879e-24,2.4521894777000476e-16,6.047828688463585e-20,5.583373735326347e-13,7.138332243665531e-38,1.3276333152248743e-15,6.93082797846941e-05
2.012017087040833e-09,0.6253405335185475,0.37415752407305175,4.7097191893663495e-24,5.866367836159697e-16,1.448160187218918e-19,1.3829644672216884e-12,1.709283610230086e-37,3.0920959063680925e-15,0.0005019403949970008
8.240136167699455e-10,0.6468915780110296,0.3527989013488606,1.442051557865444e-24,1.8030006883245894e-16,4.434087589489087e-20,1.2153200871424645e-12,5.233592445954228e-38,9.43902262079413e-16,0.00030951981487962327
5.185486079827514e-10,0.150838218905874,0.8491426885545428,8.746626405401124e-25,1.0958354971051329e-16,2.6894728651870674e-20,6.292140840318467e-13,3.174385707365931e-38,5.610610664137633e-16,1.9092020404595493e-05
3.78695560416155e-09,0.8205748682136363,0.17931112026204754,9.567769628509571e-24,1.1843281317751197e-15,2.9418796490950006e-19,1.6550861756623974e-12,3.4724005712859714e-37,6.367914426371623e-15,0.00011400773569805861
1.9074570777172588e-09,0.567267872026771,0.4326212767721446,4.276108180478638e-24,5.340840471925246e-16,1.314825226445896e-19,3.665690396664383e-12,1.551914550525735e-37,2.6481263026222515e-15,0.00011084928995844397
2.3855508183169813e-09,0.6109765360229482,0.38898993424194944,9.82781964624614e-24,1.2250970033206787e-15,3.0218114215494503e-19,2.2468765749254397e-12,3.5667798520438467e-37,6.1555048975804435e-15,3.3527347297215765e-05
1.2599245880770347e-09,0.5789628041092005,0.42087929069530405,2.489979186901832e-24,3.111005739232048e-16,7.656257881659244e-20,2.601092393092919e-12,9.03680335409489e-38,1.600082426912336e-15,0.00015790393296788083
6.456300266184179e-10,0.6428953187898916,0.357057427736668,1.2036460344288922e-24,1.5047434475619774e-16,3.701028486185542e-20,8.818985133109659e-13,4.368354783710101e-38,7.88166469731615e-16,4.72528269273583e-05
1.2258383921064237e-09,0.7733118753536974,0.22658177595245568,3.3651296066092614e-24,4.209486022388545e-16,1.03469593583579e-19,3.197322844846307e-12,1.221295952464645e-37,2.0583617329689035e-15,0.00010634746480870149
8.738735817847443e-10,0.8929075437665184,0.1070312237211476,1.5446659952508022e-24,1.929165626429674e-16,4.7495921762037244e-20,4.894485434948415e-13,5.606007754473468e-38,1.0408451977932013e-15,6.123163796975296e-05
9.127823643252058e-10,0.31137046413830266,0.6885685967858902,1.579331148251505e-24,1.9746304981936086e-16,4.856216217641041e-20,1.900691870228762e-12,5.731817002330813e-38,1.019637904864415e-15,6.0938161122732484e-05
6.230857388821297e-10,0.2296677457753055,0.7702993934726985,1.1597033264047853e-24,1.450353796519965e-16,3.565937530362024e-20,9.144903723873754e-13,4.208874915023178e-38,7.54264914857176e-16,3.2860127994961927e-05
3.9524169431504495e-10,0.08700373766365753,0.9129903839501085,3.49547962904635e-24,4.356037619465152e-16,1.0747815785784697e-19,6.152943059187199e-13,1.2686035272834875e-37,2.1870526820148334e-15,5.877990374422332e-06
2.726328139574573e-10,0.27165222128293803,0.7282742001643345,4.0238262187517553e-25,5.039384605978186e-17,1.237278013630215e-20,3.587717354925372e-13,1.460354617148878e-38,2.6524227472224743e-16,7.357827973552301e-05
2.3537253988256935e-09,0.2744437938945935,0.725516401742583,5.787076866093261e-24,7.229235917628842e-16,1.7794242284786375e-19,3.1324206224614575e-12,2.1002857065498908e-37,3.578680722451137e-15,3.980200596143179e-05
5.058907882408602e-09,0.5619029086676092,0.43798254959508004,1.9610002816215687e-23,2.442825445962095e-15,6.029535806480795e-19,5.332119448545764e-12,7.116996961359795e-37,1.2070347937239485e-14,0.00011453667305627867
7.333300266082106e-10,0.3308084907391982,0.6691533308158447,1.3542115487221102e-24,1.6964178908983734e-16,4.163976603970282e-20,2.0264117481098392e-12,4.914797545197777e-38,8.529200601429827e-16,3.817770959950288e-05
1.4705381822451914e-09,0.8788106583268132,0.12112727928165017,2.8121645182558623e-24,3.507650229339132e-16,8.646886340981348e-20,7.233302261465734e-13,1.0206100333151996e-37,1.8800059046425627e-15,6.206092027269964e-05
1.612914783812526e-09,0.7234652638811391,0.2763034794630557,4.0716895656718095e-24,5.084341309042634e-16,1.2519550805859962e-19,3.3606789928936207e-12,1.4777255306305256e-37,2.5564376662184038e-15,0.0002312550395265133
1.3101714714864477e-09,0.5140924006525249,0.4858104268174154,3.018954965364551e-24,3.772497365726378e-16,9.282731599565691e-20,1.917123732887901e-12,1.0956598747340875e-37,1.876241647776778e-15,9.717121796883128e-05
6.969412454859285e-10,0.34147986354990545,0.6584360371006532,1.126967831425426e-24,1.410057514971492e-16,3.465278152456221e-20,1.0774931264182317e-12,4.0900689786469985e-38,7.388722009922008e-16,8.409865142166037e-05
1.541352604552338e-09,0.18450847748963295,0.815473877134321,1.3095630127518725e-23,1.6283561694610772e-15,4.02656589295731e-19,2.5540421520957492e-12,4.7527563159819814e-37,7.741657348681291e-15,1.7643832130203604e-05
8.543027198303371e-10,0.6037836155827032,0.39608124664453176,1.659306863991127e-24,2.076928643452581e-16,5.1020975232376555e-20,1.3497749038157915e-12,6.022070390385403e-38,1.0498159440949792e-15,0.00013513691711126253
6.465785019105682e-10,0.5482061571171138,0.45174053239857365,1.0890751607773768e-24,1.3622941239856472e-16,3.3487614409598413e-20,6.722252383306878e-13,3.9525462974985304e-38,7.197425559376444e-16,5.330983706090939e-05
8.276221361008866e-10,0.11948440420051464,0.8805069115944733,1.654110603632065e-23,2.0500033210816324e-15,5.085800736592667e-19,1.1792335632412437e-12,6.00321248727236e-37,9.535326842019205e-15,8.683376199148727e-06
5.506394110304376e-10,0.21680805052825103,0.7831614488569442,8.925896798952444e-25,1.1189477298671294e-16,2.7445939128282364e-20,4.865036581690044e-13,3.2394477370722605e-38,5.760135308648478e-16,3.0500063678315228e-05
6.735716084702894e-10,0.501196968601501,0.498668481651959,1.1245278231219573e-24,1.407536978572142e-16,3.457768784520878e-20,8.708411225747008e-13,4.081213552624924e-38,7.263306228269567e-16,0.0001345490720967837
4.879083229682228e-10,0.10730871253948525,0.8926818919090312,1.74105939172421e-24,2.1778305229083568e-16,5.3534913714721036e-20,6.123453485006839e-13,6.318772399247374e-38,1.1034027114675373e-15,9.395062961441003e-06
9.260704537477761e-10,0.3520237716906175,0.6479533331600529,2.7828081154189245e-24,3.479675749411037e-16,8.556662784829182e-20,9.052101831399967e-13,1.0099558413700076e-37,1.7633992320790164e-15,2.2894222352041508e-05
1.9623314148617864e-10,0.1309723646853348,0.8690180391474072,3.537027164799089e-25,4.433722149681155e-17,1.0875915977150104e-20,2.1384347467748553e-13,1.2836821756428774e-38,2.3159692786843597e-16,9.595970811069548e-06
1.899485124545747e-09,0.39622470604589993,0.6036140869550503,3.894802415973869e-24,4.851105363300057e-16,1.1975994383235107e-19,2.103206639447806e-12,1.4135284222359895e-37,2.5398656003195585e-15,0.000161205097458511
1.295154669561639e-09,0.22037795083603753,0.7795830120015156,2.371845163206304e-24,2.9685412906670387e-16,7.293103898519679e-20,1.0660779776413934e-12,8.608063331198613e-38,1.5140470310781989e-15,3.90358662244045e-05
1.0758278203005517e-09,0.3047226602490187,0.6952339844759918,1.9629632064073875e-24,2.457380755859678e-16,6.035809421677183e-20,1.9596517247433517e-12,7.124120863935388e-38,1.2393585102859865e-15,4.3354197200541146e-05
6.356931565225036e-09,0.8057073720940433,0.19419536206773533,2.801473871254516e-23,3.4359140898739494e-15,8.613684808392546e-19,2.2133040812002694e-12,1.0167301175789615e-36,1.8466041195990342e-14,9.72594790547027e-05
2.3687693069554173e-10,0.2676462120006024,0.7323298624258988,3.822691652479492e-25,4.7923774154480124e-17,1.175424825811649e-20,4.1607544234282797e-13,1.3873574943164187e-38,2.4576822614800307e-16,2.392533620548243e-05
3.5492241724982034e-09,0.7850198072391473,0.2147214571967254,9.37996507363267e-24,1.1648279104533185e-15,2.884143562730644e-19,1.8032107389178873e-12,3.4042412438428203e-37,6.293548527417003e-15,0.00025873201309243617
3.2131902014619456e-09,0.4398741947518573,0.560060336771417,1.0671187753906471e-23,1.3317072848775857e-15,3.28112516591635e-19,6.493414670898085e-12,3.8728607936865146e-37,6.643897365894394e-15,6.546525703411799e-05
3.2131902014619456e-09,0.4398741947518573,0.560060336771417,1.0671187753906471e-23,1.3317072848775857e-15,3.28112516591635e-19,6.493414670898085e-12,3.8728607936865146e-37,6.643897365894394e-15,6.546525703411799e-05
1.39376321224496e-10,0.29790095718029225,0.7020364321482958,1.9643192037852174e-25,2.462294264388836e-17,6.0400461641384666e-21,1.5257009302336599e-13,7.129042009135946e-39,1.300019705040132e-16,6.261053188276419e-05
3.0159137709587995e-10,0.07967062646270283,0.9203228310149817,1.1738617303755825e-24,1.4667748821830477e-16,3.6094466187911193e-20,4.585160670282081e-13,4.260259670516896e-38,7.441104003097377e-16,6.542220264730143e-06
8.561141133698184e-10,0.509184608629421,0.4906543506972306,1.409697140080933e-24,1.7647912152619977e-16,4.334633232482298e-20,9.13109422860061e-13,5.116169564526201e-38,9.339063449713445e-16,0.00016103981632021677
2.0866549928627105e-09,0.3253821361128948,0.6745216245279951,4.4776807086218306e-24,5.58695223129769e-16,1.3768238650043322e-19,2.2215891888564372e-12,1.6250706323928727e-37,2.8408430284990376e-15,9.623727023015219e-05
5.145478475924058e-10,0.23083944706724785,0.769113500629516,9.126103007496878e-25,1.142408576076897e-16,2.8061511384355737e-20,5.792717422520206e-13,3.312107963758249e-38,5.832171573098162e-16,4.705178810834193e-05
3.244683642944397e-09,0.4375844625219233,0.5622724684831114,9.338045541607384e-24,1.1604899286063716e-15,2.871269662838419e-19,3.249715008695718e-12,3.3890276498405725e-37,5.842115695397824e-15,0.00014306574702490195
1.7341667789742102e-09,0.3982752311650417,0.6016930168050413,8.834005843431679e-24,1.0997977224228128e-15,2.716266750527397e-19,1.5853579103587243e-12,3.206098152459293e-37,5.510607994820031e-15,3.1750294158328215e-05
2.8355040345914798e-09,0.2917674909978294,0.7081810995568911,1.9542543938222116e-23,2.417046669346139e-15,6.008866444881449e-19,3.23844270511198e-12,7.092514643245548e-37,1.1551051245305122e-14,5.1406606523265696e-05
5.656289577902947e-10,0.1736543460933943,0.8263289539985137,1.1090575133686727e-24,1.3883959345956738e-16,3.41019266161736e-20,9.073830466432175e-13,4.0250676872939297e-38,7.09255156091075e-16,1.6699341554770666e-05
6.702774225347093e-10,0.5716424355397357,0.4279841430146685,1.2311250624121385e-24,1.5386587796590456e-16,3.785527042925525e-20,9.487762757610383e-13,4.4680835682513536e-38,7.952395483083201e-16,0.0003734207743686039
6.243849484551182e-10,0.6537654449167324,0.3460566180050864,1.0005797733457307e-24,1.2532501435482357e-16,3.0766400109287115e-20,5.608461373549432e-13,3.631372756821998e-38,6.596353834478776e-16,0.0001779364532347104
3.0120123743550933e-09,0.30740497667367955,0.6925400950112294,7.322676130714174e-24,9.128435179819702e-16,2.2515949730024103e-19,5.2273824417593615e-12,2.6575959451888974e-37,4.502887242684395e-15,5.4925297845905756e-05
3.0115357557590345e-09,0.7544448292455112,0.24541863282209847,6.874419711230054e-24,8.535508589821735e-16,2.1137547896328406e-19,1.7513390031546537e-12,2.494911560540956e-37,4.546169234358935e-15,0.00013653491909793012
0.9999760093093087,1.0065148226270602e-28,1.2694131232855452e-110,1.3158265886094974e-68,1.5741258535487484e-08,1.3517177455890584e-68,2.397494943263314e-05,2.6146052766312374e-107,3.0386653489979495e-67,1.3606117359689052e-19
2.365668381118319e-09,0.37294190369633023,0.6270203527168624,5.8054223789594815e-24,7.255142653890429e-16,1.7850643974451577e-19,2.090890408874408e-12,2.106943769507295e-37,3.679483551769507e-15,3.774121904365314e-05
1.4046532059275952e-09,0.5201366283403305,0.4798210668409246,2.5615360250147522e-24,3.206802188996674e-16,7.876342496114895e-20,8.194375314947999e-13,9.29650236983625e-38,1.6669512433593998e-15,4.2303413270308665e-05
7.872098288214866e-10,0.2439568154525636,0.7560171232361413,1.406495468292441e-24,1.762843814255271e-16,4.324750387740554e-20,1.2291181508181405e-12,5.104549934686242e-38,8.924985907980688e-16,2.60605228550381e-05
5.9699751123785165e-09,0.8247536717986176,0.17518453668884237,2.09849829855775e-23,2.5887714264463226e-15,6.452209496304706e-19,2.3498522182263745e-12,7.616014166752119e-37,1.2945456159253872e-14,6.178554019950575e-05
4.959613037523349e-09,0.3961214578213739,0.6038062746223354,1.705047096788317e-23,2.1223378960940977e-15,5.242573854328421e-19,9.016392883718178e-12,6.188074160579436e-37,1.0316256616526996e-14,7.226258764875508e-05
5.965955571206755e-10,0.33546643843956,0.6644859119850421,1.0372341162223097e-24,1.2995985098164618e-16,3.1893415464671317e-20,9.578339410949443e-13,3.7644012701060774e-38,6.574562029480472e-16,4.764897784369105e-05
5.334630705996952e-10,0.32414908066045894,0.6758105505224694,8.820710838857912e-25,1.106022269509502e-16,2.712240926406354e-20,6.227862093889138e-13,3.2012729266366167e-38,5.664475206933459e-16,4.0368282985068576e-05
