i = 0,i = 1,i = 2,i = 3,i = 4,i = 5,i = 6,i = 7,i = 8,i = 9
0.010915335759039843,0.00019143459445275987,4.569012641941804e-08,7.677737498415079e-14,0.0009413578030773415,8.120775694052254e-09,4.289135891914139e-07,1.2932215837282226e-07,1.1414110936465809e-14,0.9879512597966922
0.013070818000883156,0.00019620659399913155,5.7055408325592386e-08,9.513180737219731e-14,0.0011265848861443713,9.748691439411663e-09,5.285572650236353e-07,1.567555246577897e-07,1.3682484772535745e-14,0.9856056384019751
0.011450517022057856,0.0002016424887034078,6.267478707539647e-08,1.0367265674491434e-13,0.0012271329726851613,1.0806980202450603e-08,5.883967456350439e-07,1.8324269875734448e-07,1.516744439940218e-14,0.9871198623952231
0.01645663782577934,0.0001646171581048592,5.200804525461482e-08,8.721613247278025e-14,0.0010725735485322392,9.087801741376411e-09,4.859062768125912e-07,1.3486351675601981e-07,1.2770126848298862e-14,0.982305489601843
0.011756828753952411,0.0001096976676009651,6.974175679713774e-08,1.153253975082544e-13,0.0013815833111528624,1.4143662284608087e-08,6.384282067772081e-07,1.899690063877822e-07,2.0038595310012383e-14,0.9867509779845262
1.5590969074532735e-20,2.0513321474865457e-57,4.905925159657934e-05,9.518905544254841e-11,0.999510726937174,1.0936889071078226e-05,0.00042927682696914103,1.0714266310195175e-65,2.3469666179316728e-79,2.016485419615906e-93
0.010781241401917878,0.00010710574478104395,1.0513750453709185e-07,1.651752983978868e-13,0.0018813063760715544,2.2909053891203314e-08,9.365895386821906e-07,3.2588541870665975e-07,3.2639398779262924e-14,0.987228955955516
0.02707169132628164,0.00015241883065882748,5.556650177535906e-08,5.70295613035433e-14,0.0011255268487548361,6.9419443722064004e-09,5.365564267865231e-07,1.704344715885698e-07,1.6788133772365753e-14,0.9716495934948863
0.014193485933730316,0.00015114985078442587,7.398441193478133e-08,1.212349023907978e-13,0.0014280054685325623,1.421923034324348e-08,6.509248100944329e-07,2.113512404566161e-07,2.0125580325753465e-14,0.9842264082671185
0.030579887550382285,0.0001609377104986974,8.273601795354855e-08,1.0833960680203001e-13,0.0015877494409836277,1.308466385532093e-08,7.491784291123069e-07,2.231669450614636e-07,2.4343960941668268e-14,0.9676703571319466
0.03456589627837067,0.00016621081849200976,3.3837797120252486e-08,5.1192661257452205e-14,0.0007302002142117501,5.207350021917203e-09,3.2800867991519407e-07,8.094245542457871e-08,8.217181476419518e-15,0.9645372446925837
0.03475494687671091,0.00016392645195203052,5.4548077164828967e-08,7.368263862555832e-14,0.0011009528436980544,7.990235766275522e-09,5.143625313443195e-07,1.3128492183259395e-07,1.3971889122727203e-14,0.9639794656417853
0.018976407061570257,0.00014143127302653982,4.484922203297009e-08,7.287637777470744e-14,0.0009447645045529015,7.576478158632816e-09,4.2171195447076294e-07,1.1070329438068365e-07,1.1129444006988395e-14,0.9799368123198171
0.011003522527939649,0.000126151249979346,6.252357384792316e-08,1.0447519780567109e-13,0.001269950673188783,1.1650125237685222e-08,5.951040306248199e-07,1.7486927137860708e-07,1.642778446130612e-14,0.9875995314017703
0.010831615364174743,0.00020535165675593451,5.144097114156182e-08,8.777535770813508e-14,0.0010671590340035665,9.765946291357252e-09,4.82962031239906e-07,1.554128921642273e-07,1.3758683860192472e-14,0.9878951743631235
0.021571388697016976,0.0001487350979700764,3.1371850141428466e-08,5.3179489369654797e-14,0.0006779933233830116,5.338127883865158e-09,2.966486177602014e-07,7.412029997287637e-08,7.491360696040017e-15,0.9776014754026735
0.06116643873713952,0.00013069369987074884,4.301041900862154e-08,3.011422648352348e-14,0.00083630252442511,3.7455657088432976e-09,4.488151697110098e-07,1.2538502524119628e-07,1.3757799863016042e-14,0.937865944082341
0.013262738664858003,0.00015969120629974413,3.2836094614049164e-08,5.1128456773950935e-14,0.000705555296629479,5.237699101749777e-09,3.182615605573182e-07,8.517486051500935e-08,7.937055288733672e-15,0.985871573321939
0.02347424217704679,0.00017051806865626317,4.8167976648656895e-08,8.338018100042916e-14,0.0010189048695499016,8.47261150135425e-09,4.5408646788313964e-07,1.138657210865925e-07,1.1902431593475233e-14,0.9753357102918746
0.009404932334608119,0.00020388155487843584,3.820869433787027e-08,6.172162144318878e-14,0.0008079917515437732,6.2449799631676475e-09,3.666709682750327e-07,1.1009306041132281e-07,9.153468667883068e-15,0.9895826731411957
0.02626600691514215,0.00016735502620472573,2.9958022473590636e-08,5.135198385914909e-14,0.0006531558287525666,5.085210627151964e-09,2.8642595942359145e-07,6.974889828675011e-08,7.135030619418141e-15,0.9729130910117513
0.020109309067654336,0.00018317317930911908,1.876722351439194e-08,3.212435924909879e-14,0.00041930639238262356,3.1263648495524203e-09,1.818228486529069e-07,4.467874924047004e-08,4.384779655872848e-15,0.9792879629654311
0.01169466514955824,0.00020574859212303087,9.770852053040525e-08,1.5969679913924967e-13,0.0017460364169666065,1.8538132136270236e-08,8.914856065973447e-07,3.1892898773476507e-07,2.614028044695164e-14,0.9863522231799193
0.018966160535222546,0.0001626011609193034,4.033808244215004e-08,6.779677542234788e-14,0.0008497103427149903,6.949614430611334e-09,3.759450868701927e-07,1.023583969102491e-07,9.755722410002743e-15,0.9800210023698849
0.01834424336919321,0.0001637155230725231,4.962727550498307e-08,8.467615427049433e-14,0.0010510046828219929,9.256991634625905e-09,4.585641910355e-07,1.394460966469459e-07,1.3029814745815367e-14,0.9804403795302598
0.00965343275153757,0.0001068684677015357,5.808127851135543e-08,9.556273981340466e-14,0.0011832661022452603,1.1042498885840756e-08,5.446306843445705e-07,1.698912577827217e-07,1.5596864036170453e-14,0.989055649032685
0.016871284546038947,0.0001701311048421484,5.523470458174725e-08,8.562357051833169e-14,0.0011756643922309678,9.807188174170917e-09,5.25216191474312e-07,1.702977891111349e-07,1.5544108945587427e-14,0.9817821594009134
0.014549624763518957,0.00016910384270038583,4.3686399171143586e-08,7.320461772003269e-14,0.0009147063769234521,7.533843493378023e-09,4.0639984269488857e-07,1.1376993747131384e-07,1.0588229765154418e-14,0.9843659936267507
0.01173072800417107,0.00019551212910274716,7.562266938490295e-08,1.2603233654711013e-13,0.0014494544731926847,1.3457524519482288e-08,6.878987682544521e-07,2.297743613784038e-07,1.8909847352368264e-14,0.986623298640065
0.01602100988522384,0.0001896716940673095,2.50766634758091e-07,2.770423671726888e-13,0.0032149672277950172,4.1993221694753204e-08,2.0467915927801474e-06,1.0680458847210556e-06,9.561334130674365e-14,0.9805709435952074
0.018061432616493275,0.00016545343595872938,5.6263383434860235e-08,6.401508212525241e-14,0.001108698418407967,7.731274492943818e-09,5.449672123950267e-07,1.742415187699295e-07,1.6321776090765606e-14,0.9806636323256707
0.012208116022614016,0.0001091713948153285,1.8426280947849517e-07,2.7088719696962263e-13,0.002754928568537075,5.313950947915356e-08,1.5077163462705787e-06,6.090215701683139e-07,7.739324369354591e-14,0.9849254298734498
0.03673227123053323,0.00014264416886716584,8.420183725194655e-08,4.3570517407610853e-14,0.0014008418636817096,5.766953137773795e-09,8.488683144304354e-07,3.013348146365002e-07,3.335128710926245e-14,0.9617230025649216
0.013929799128667934,0.00013654146478835866,6.25027785876554e-08,1.034807485716985e-13,0.0012333019202686178,1.1258768685223868e-08,5.683480339828444e-07,1.5933839865500598e-07,1.5843456367358054e-14,0.9846995560381759
0.014261246183271282,0.0001985468837727719,1.5748818035732993e-07,2.627011554201026e-13,0.0025549650269446147,3.730341876172093e-08,1.3259893787235202e-06,5.971056820151201e-07,5.301791121168452e-14,0.9829831240190358
0.012711448471971672,0.0001837254684593634,1.1159253749566309e-07,1.9237583484447193e-13,0.0020677052373557574,2.6156319245471993e-08,9.767846385002925e-07,4.221954589000708e-07,3.7134720524858125e-14,0.9850355840930296
0.011343719165211891,0.00020459518005343968,8.495149427230543e-08,1.343739165133744e-13,0.001577666643346477,1.4971269652851377e-08,7.993140140504227e-07,2.787859580070243e-07,2.2009900012960683e-14,0.9868728409884957
0.02819973693574466,0.00016378144587463352,5.085814534467907e-08,8.005158371332414e-14,0.0010563850146576934,8.549647025550673e-09,4.713165264848368e-07,1.2877728896675253e-07,1.2979356460755114e-14,0.9705794371020221
0.008598795172015648,0.00013265587131071878,4.9137206397239624e-08,8.113853511863689e-14,0.0010026469399616142,9.168928418442552e-09,4.690803004665687e-07,1.4731858643757987e-07,1.2945315112074204e-14,0.9902652273115962
0.006831694738908793,0.00013867958514353481,2.3899492532041543e-08,4.0491746260542e-14,0.0005326738618536565,4.048860629566177e-09,2.3354316410546008e-07,6.747795031786488e-08,5.683156257209654e-15,0.9924966228445803
0.014673468983447579,0.00020708999350875116,1.9613446496776038e-07,3.0556924164016553e-13,0.002806796045195525,4.129845508353611e-08,1.636573647700448e-06,6.97264923293269e-07,5.84642274560983e-14,0.9823100737059931
0.01398325832285425,0.00018823968863349198,2.127634628119081e-07,3.3540265652457437e-13,0.0030267624884675604,4.541110571889891e-08,1.7604159007883492e-06,8.006504971625447e-07,6.41708977629884e-14,0.9827989202586785
0.014398156315321058,0.0001955212203010317,1.3601414498784575e-07,2.229408996586577e-13,0.0023015291526902234,2.989474571480383e-08,1.1923397300131975e-06,5.029855877616481e-07,4.239857021915269e-14,0.9831029320772139
0.017275190050849112,0.00020522016832251992,4.9549112805206545e-08,8.128782593288394e-14,0.0009740780503111533,8.853082974326744e-09,4.567840706729865e-07,1.2757906615166655e-07,1.2481278511543131e-14,0.9815448689650909
0.03580457016637251,0.0001689436871608438,5.98906628315709e-08,9.55471666809933e-14,0.0012147059136768633,1.0180474853671885e-08,5.493937068776016e-07,1.374979877785565e-07,1.5454099617097077e-14,0.9628110232698466
0.021762641175691395,0.0001401391479440078,7.259222973413622e-08,6.343141037429733e-14,0.0013892562988132233,8.012770708089716e-09,7.156471026124371e-07,2.1599813602754246e-07,2.3941116934245037e-14,0.976706951127225
0.014694936652518285,0.00016142166217207176,1.4855310691599422e-07,1.642071989445205e-13,0.00249688324659283,2.480377362411232e-08,1.2842784687853581e-06,6.660948492861585e-07,6.491115189691387e-14,0.9826446347082891
0.014562021906450787,0.00014939153254224123,2.4639180760503795e-08,4.3039499672133656e-14,0.0005600333655129276,4.328267884726439e-09,2.381770960970483e-07,6.123362915835827e-08,6.080307832055963e-15,0.984728224817271
0.01299675274790693,0.0001908254399336671,9.901122683652108e-08,1.6599888712420023e-13,0.001851880081524807,1.9575077759394564e-08,9.018745375907198e-07,3.4164586876103844e-07,2.7591305000840567e-14,0.98495917962373
0.02562726269526251,0.0001869952093896938,1.447663936420066e-07,2.343435475606351e-13,0.002298530660306247,3.0766520126840205e-08,1.2312920241615593e-06,3.410700695675671e-07,4.379138485374775e-14,0.9718854635397559
0.027389808966157992,0.00017038265488265357,2.2190674986131922e-08,3.1921512567611583e-14,0.000493140404873254,3.2503091163044485e-09,2.2196801313001073e-07,5.4545349306582634e-08,5.377504113983028e-15,0.9719463660197022
0.09557697492601164,0.00011716112810907822,7.679022763796194e-08,2.5783332725651328e-14,0.0011884428803326536,3.5449718646282182e-09,8.793809111848613e-07,3.839229473307435e-07,5.302803926109293e-14,0.9031160774264098
0.01839777702654506,0.00011426965105800101,4.887736635543577e-08,3.8758640413563254e-14,0.0009666634927725277,4.842817851526496e-09,4.991570248175491e-07,1.568082766131295e-07,1.5504115226718575e-14,0.9805205801440846
0.010113607992242266,0.00015911503941032798,2.709384481756216e-08,4.5977110368788055e-14,0.0005984377452182469,4.58436691066909e-09,2.5926044627679934e-07,7.18097654404066e-08,6.436366478234212e-15,0.9891284764746532
0.01074128592001494,0.00018782682175033595,5.26174662020078e-08,9.026998447067774e-14,0.001103295204486993,9.846872078155003e-09,4.865303285414772e-07,1.6049336056581535e-07,1.3857331504549256e-14,0.9879668825656162
0.011098392344114354,0.00018238630587140133,5.0216580724263e-08,8.700311486836838e-14,0.001073543456971648,9.695155318096366e-09,4.6354180248237955e-07,1.5379042374638947e-07,1.3658850090838353e-14,0.9876450006489796
0.012070024528676697,0.0001884588351378291,7.32352643591355e-08,1.2090438970473878e-13,0.0013988602782097623,1.3130650456109669e-08,6.739655551507918e-07,2.1279499007449547e-07,1.8453105073268968e-14,0.9863416832313764
0.01060431424750494,0.00014011180888297948,2.7884978231045697e-08,4.781172804900229e-14,0.0006242388265359825,4.864595419748575e-09,2.7226358715494225e-07,7.535137624365072e-08,6.835110257158689e-15,0.9886309547524845
0.024141821234171645,0.00017269273514476844,2.8676210886207287e-08,4.8796062230729426e-14,0.0006220418127348639,4.7974971437293724e-09,2.686888134199494e-07,6.740218076654988e-08,6.726002284590162e-15,0.975063074653191
0.011275420198308286,0.00010949349447563687,1.1779612116233072e-07,1.8332077335897488e-13,0.002036027868930023,2.6238702006413752e-08,1.0287302257145172e-06,3.625874212038108e-07,3.743377009352988e-14,0.9865775230855951
0.014929467158651897,0.00012341043189747732,9.062488986756487e-08,1.4970571402396565e-13,0.0017143229717017565,1.805453668467204e-08,8.239860783426469e-07,2.355610730311903e-07,2.5548717633168306e-14,0.9832316312109958
0.030781541125298555,0.00017596188777347995,7.324943198835773e-08,1.2364257664898174e-13,0.0014649836672770906,1.418436402690267e-08,6.640393840869789e-07,1.758903190524363e-07,2.0912828696317037e-14,0.9675765859560072
0.050842613317228814,0.00011186207757638787,3.2183980598115956e-08,1.9171972358841555e-14,0.0006311974620146912,2.413363542651539e-09,3.539387650061543e-07,1.0699443799176951e-07,1.0837498441497492e-14,0.9484138316126031
0.02578583310359355,0.00016244620709505823,6.342693828898058e-08,9.666641285239706e-14,0.0012924854685754004,1.1053778556665468e-08,5.779511949070058e-07,1.7402218560394503e-07,1.7523527008694743e-14,0.9727584087665245
0.015285141146372052,0.0001628795501290087,3.966556678735686e-08,5.83999968853643e-14,0.0008150812127775029,6.314900809581105e-09,3.837828310973216e-07,1.038939821690017e-07,9.989307455889814e-15,0.9837363644333722
0.00938283010430795,0.00022562960134319023,2.1325133228687755e-08,2.867895394489645e-14,0.0004652275676131258,3.044220482803013e-09,2.170478398272053e-07,5.975409074637727e-08,5.3191850775151415e-15,0.9899260115554175
0.027840421661407544,0.00016015242234292747,8.1932522873062e-08,1.35207428476308e-13,0.001543639569081259,1.491265646661141e-08,7.16090352228453e-07,1.9224426597805472e-07,2.0981629634865247e-14,0.9704547811672146
0.014310079773763088,0.00015509907489488715,3.149221078389663e-08,5.276540349373706e-14,0.0006741096117771582,5.27779121629425e-09,2.9541127195654766e-07,7.900646078921693e-08,7.403896961751334e-15,0.98486030035177
0.024777237054491363,0.00016178182626397814,7.288217422003855e-08,1.233915012619664e-13,0.001450849352616528,1.3812397617704407e-08,6.55277830329293e-07,1.877704864518046e-07,1.9473434780957858e-14,0.9736092020235967
0.014924845531759217,0.0001922085773055629,2.4365332013271e-07,3.841187436321217e-13,0.0032647491046005096,5.443805513141805e-08,1.9622451306069174e-06,9.454917907600567e-07,7.710089512450271e-14,0.9816149909575768
0.01900945602585057,0.0001635206033037766,3.4290895413213875e-08,5.912462091722725e-14,0.0007568827509775725,6.032913239025595e-09,3.2856793247758634e-07,8.86780741157636e-08,8.475188338535618e-15,0.9800696830499852
0.011343287968089612,0.00017204846252421793,3.229261736834818e-08,4.439469025401342e-14,0.0007085701040394791,4.900398917387566e-09,3.2190940726571743e-07,1.0056775108943024e-07,8.573190641270807e-15,0.9877756337951191
0.010541016946184058,0.00011477448292567532,9.678319449495451e-08,1.5583371501367857e-13,0.0017860326622318747,2.1797811622880266e-08,8.705126744544691e-07,3.1153296290451703e-07,3.108917399292499e-14,0.987556875281828
0.011364682962383287,0.00010753441091972876,1.091321942956817e-07,1.7389856065449727e-13,0.0019653311628819096,2.5149573170875626e-08,9.475565527598531e-07,3.357334739590149e-07,3.591012707800491e-14,0.986561033891811
0.016363072311522696,0.0001534888202902061,3.745057369072707e-08,6.599410456551314e-14,0.0008416074562811404,7.437755092454517e-09,3.4122559881569946e-07,1.041460524435713e-07,1.0496737578434996e-14,0.9826413411518494
0.013037797344566426,0.00011728011279043377,8.277720614112197e-08,1.3842336912026377e-13,0.0016824564760839818,1.9707581524610345e-08,7.348356844747175e-07,2.641048463639351e-07,2.94022623381368e-14,0.9851613646410727
0.008103757541131129,0.0001365399579116647,4.336498692151124e-08,7.281271305990846e-14,0.0009182252057912845,7.712281886822222e-09,4.1554899385328467e-07,1.2808469403632128e-07,1.0847021989515097e-14,0.9908408825841255
0.009334723433523841,0.00010175287283324429,5.944679776673592e-08,8.740688520615459e-14,0.0011936813186220608,1.038530796007134e-08,5.620755247771547e-07,1.7762001917091803e-07,1.6500618454052555e-14,0.9893690328472673
0.0136934887614453,0.0001504718650460624,8.785727526708829e-08,1.5795975330925693e-13,0.0018329447321384304,2.4539786898285023e-08,7.569867236020394e-07,3.47215643951814e-07,3.5197149050253406e-14,0.9843218780417473
0.00994060933396936,0.00011199020286142575,5.491707300135677e-08,9.143467050865866e-14,0.001125202988703793,1.0532020039467155e-08,5.06424445703845e-07,1.5609053394506723e-07,1.487107114683514e-14,0.9888214695102864
0.011076420702884372,0.00010866691060431016,5.991436407433274e-08,9.895131506604666e-14,0.0012176675167134172,1.1309540800241002e-08,5.576670540639285e-07,1.6447915605239585e-07,1.597014213447149e-14,0.9875964514995681
0.009131940965110349,0.00012111734385949849,4.9448591473168374e-08,8.358632349807778e-14,0.0010375567026988614,9.873843482295552e-09,4.6040829152194284e-07,1.5120417263871247e-07,1.3965458814727354e-14,0.9897087140533346
0.012849968682085969,0.0001221916617945356,1.092160826977024e-07,1.7646101199327316e-13,0.001994113508200777,2.46782217844018e-08,9.485013702581186e-07,3.6230331101041824e-07,3.518150349080069e-14,0.9850322814487213
0.01262674845462959,0.00014306761742834435,5.968538669107918e-08,1.008115315815694e-13,0.0012280934812342699,1.1867275788339763e-08,5.339961331498471e-07,1.7678922802203317e-07,1.6792373803543568e-14,0.9860013081085667
1.3534073398839192e-20,1.7807026437395065e-57,0.00011676852868684042,1.4676285054156636e-10,0.998706270167652,0.00040729075630506023,0.0007696704005932572,9.300747500920647e-66,2.0373344543154777e-79,1.7504531980215376e-93
0.02162961920639481,0.00019025793661219006,1.983858364458738e-07,2.897766844160514e-13,0.0026536778917628095,5.082981656352015e-08,1.4985794469292086e-06,5.643232571237705e-07,7.383362572086536e-14,0.9755241328465095
0.023164724876823865,0.00018785546824906638,9.004789820881584e-08,1.4497549612331156e-13,0.0016016251272551205,1.7852768061033588e-08,7.926726313581381e-07,2.3284797924853717e-07,2.5326259556151636e-14,0.9750446611062247
0.012538297574113177,0.0002078680044206738,1.2823169114687482e-07,2.0718387245173885e-13,0.002140387591503476,2.417015844507023e-08,1.1483689641108065e-06,4.23710840655442e-07,3.402018332234823e-14,0.985111722348067
0.016199612015265905,0.0001297956491670925,2.7785776265001917e-08,2.546233786267081e-14,0.0005818475903627585,2.9731903569942197e-09,2.820521610339814e-07,8.371708631039084e-08,7.694485520933537e-15,0.9830883482169571
0.013618234499725601,0.00010937678560181891,3.2175941866640166e-08,3.608311653031547e-14,0.0006825589885968934,4.110981797429914e-09,3.22544476372831e-07,8.986346580842754e-08,8.659198167501544e-15,0.9855893810311651
0.01830568511569756,0.0001303550786915915,8.061444326141343e-08,8.593308351092505e-14,0.0014921083096997299,1.0709519092288263e-08,7.421326991930869e-07,2.252170767328867e-07,2.4220013150029424e-14,0.9800707928220627
0.027362750316241635,0.00018436570604240447,2.7929725496638063e-08,4.230121781457823e-14,0.0006078698611042755,4.31031958738549e-09,2.766452831654146e-07,6.770287445620152e-08,6.805017281866373e-15,0.9718446375283599
0.023315433446572668,0.0001590300398707721,4.071909642055635e-08,7.136686332260612e-14,0.0008948042880192338,7.79237357067646e-09,3.70795524551382e-07,1.037123796269698e-07,1.097673999032677e-14,0.9756302092060808
0.05687166957933364,0.00013732037258275024,9.275696454289195e-08,4.1752644529852825e-14,0.0014820869324094807,5.6474530986584914e-09,9.468078155131174e-07,3.345829011314536e-07,4.3550714128582667e-14,0.9415075433204544
0.007522090805753974,0.00021464030983260021,1.758482020643143e-08,2.5014395182916365e-14,0.0003879296836271149,2.5656190136695506e-09,1.7470171009261308e-07,4.934435894028737e-08,4.2443045673864075e-15,0.9918750950042488
0.01889424161676786,0.00018081988935832107,6.967603011298813e-08,1.1916485694677385e-13,0.0013815413197771104,1.5622026612651947e-08,6.136512136684043e-07,2.0236767956031267e-07,2.223399239841018e-14,0.9795424958570053
0.011654332057007118,0.00018116284153337522,1.0267264631737376e-07,1.724973363100078e-13,0.00188103020122518,2.0504595956373043e-08,9.181668953469092e-07,3.517074954252698e-07,2.8923515785815457e-14,0.9862820818483998
0.014140623160901951,0.0001876180920338201,1.2536820286853287e-07,2.0408253892511466e-13,0.002127116707485096,2.671401110719351e-08,1.0965846404399972e-06,4.5560662445103496e-07,3.79179400191879e-14,0.9835429377658582
0.014179822946529926,0.00020474453972557947,1.8020947773846548e-07,2.836746202798116e-13,0.0026567608360241724,3.668933367165117e-08,1.5263423124581386e-06,6.387510643874966e-07,5.1883251364615313e-14,0.9829562896851967
0.014772349152657153,0.0001637585206299065,8.212497997757496e-08,1.5077103325127588e-13,0.0017645741915254854,2.3339909667190095e-08,7.09426973329257e-07,3.2767571949962843e-07,3.3453135511371353e-14,0.9832981755674207
0.018579699698219296,0.0001894059958252527,8.796354457740286e-08,1.4639218514125866e-13,0.0016208881970441083,1.9536298484705432e-08,7.570921694203436e-07,2.566248058136473e-07,2.7824323707448853e-14,0.9796088848919189
0.02535802363852047,0.00018144603298177187,7.463291187792477e-08,1.2245200369917946e-13,0.0013894805204179514,1.4112145859833507e-08,6.649148022740603e-07,1.773893504235759e-07,1.9935236394982978e-14,0.9730701187587271
0.012024562917568706,0.0001302924312420222,4.7633802726229894e-08,8.548494944975474e-14,0.0010785979165613062,1.1077958529336893e-08,4.3266283869232877e-07,1.5515162208956414e-07,1.57406645623119e-14,0.9867659002083048
0.041125606808619354,0.00014819052949509924,9.690597565049818e-08,5.262625459096905e-14,0.0016284770672919324,6.98158584456276e-09,9.973883952944548e-07,3.127103699668335e-07,4.039282754661108e-14,0.9570963116081738
0.020334577578995774,0.00015853307347565843,3.247965152585434e-08,5.683539669529769e-14,0.0007256137873333402,5.848599731502097e-09,3.065408055067753e-07,8.021336780999135e-08,8.222351032528252e-15,0.9787808504777056
0.017000955584279567,0.00019919928496987867,7.497803578040599e-08,1.2002668656602986e-13,0.001361375427749224,1.4048245604452877e-08,6.703807462537953e-07,2.042970723519307e-07,1.9874091185008585e-14,0.9814375059987615
0.029885641426327963,0.00016839237059729445,6.813986621049231e-08,1.166503250180771e-13,0.0013684527528439387,1.2419442169602493e-08,6.247188942031204e-07,1.6310729124911435e-07,1.74670023309535e-14,0.968576645064603
0.023885275427637218,0.00018315768669792152,6.788588736304316e-08,1.1299879948190473e-13,0.0013075662783482336,1.1716084220689426e-08,5.989378215114212e-07,1.5835392294138945e-07,1.6437118088763994e-14,0.9746231637134711
0.01484862608950308,0.00018287535451079524,1.029775018178871e-07,1.7410313685435853e-13,0.00192836158133009,2.161982993413311e-08,9.134846425290762e-07,3.6540217806128033e-07,3.055147641410325e-14,0.9830387334902991
0.021939983414241485,0.0001919312126468091,9.157310124954519e-08,1.5115540517961214e-13,0.0016606289265435352,1.6460221166283156e-08,7.991138101840498e-07,2.2637992261783878e-07,2.3124164588134606e-14,0.9762063229193386
2.3948355297142104e-20,3.1509286475786076e-57,5.265836265330758e-05,6.294163387508013e-11,0.9994216236510229,9.3193157153068e-06,0.0005163986076666868,1.6457543794624185e-65,3.605035079478803e-79,3.0974026726376354e-93
0.0140890150345244,0.0002107900310987559,3.152878885059956e-08,5.2521659980009454e-14,0.000658922220215355,5.474821122683144e-09,2.991976569527993e-07,8.124397646504647e-08,7.704759559273242e-15,0.9850408552688578
0.0678791737985313,0.0001367072483371474,9.615746871999585e-08,4.067120319678871e-14,0.001523467196059932,5.5259016970893295e-09,1.0078110626219126e-06,3.4678001067846515e-07,4.9910235454599027e-14,0.9304591954825374
0.012266072723466108,0.00011134141589634761,4.7398613070534543e-08,7.130371682767249e-14,0.0009879367257416775,8.082038953501976e-09,4.518821073409236e-07,1.2520366116954161e-07,1.2816711532977648e-14,0.9866340165683912
0.09633461601101476,0.00011422261961581549,9.964292186877287e-08,2.6721954925101198e-14,0.0013983838814738316,3.760409514825601e-09,1.1754226642119802e-06,7.064102380016177e-07,1.6544837159777296e-13,0.9021507922514698
0.011240310589959545,0.00010489188227818756,8.457389532243175e-08,1.3696323220036613e-13,0.001609853339737364,1.7732328169679762e-08,7.647706357003275e-07,2.382084222922584e-07,2.518496320086955e-14,0.9870438389025813
0.010610799230803967,0.0001533224659400767,7.648303071633866e-08,1.2812387072491633e-13,0.0014897523238417848,1.476626538941633e-08,6.930297658284783e-07,2.4565657005013333e-07,2.0831773868740273e-14,0.9877450960436333
0.010864823691274582,0.00010914335730104056,5.35716601444536e-08,8.97280131770543e-14,0.0011157949239965332,1.0329002796882496e-08,4.93541920181862e-07,1.4786398847763536e-07,1.459410113242003e-14,0.987909532720752
0.020758216584501454,0.00015811280634350447,1.115688053874649e-07,2.1693361566675779e-13,0.0023983376509068514,5.585167428368483e-08,9.062598550201532e-07,5.48934884789727e-07,8.341970416328322e-14,0.9766837103427285
0.02162890493381465,0.00016425169035255452,8.17316936101364e-08,1.341010265989336e-13,0.0015410672281455633,1.525955510908084e-08,7.126944033275498e-07,2.085186842111815e-07,2.15650469703064e-14,0.9766647579431954
0.01497726786500478,0.00020009543486088177,1.2878005862799697e-07,1.9854673569004366e-13,0.0020403092455890536,2.779307149378035e-08,1.098076205570378e-06,4.268882892313789e-07,3.9740481885063867e-14,0.982780645916682
0.008585035876437561,0.00011136981180232516,4.653540212048933e-08,7.716199581917165e-14,0.0009741240373347147,8.43505419600111e-09,4.407154906743366e-07,1.35091106469795e-07,1.1885185139376392e-14,0.9903288394972829
0.010266217875174033,0.0001536081100172448,8.375527819858906e-08,1.3714684370470636e-13,0.001582260163752241,1.5499460496462574e-08,7.733743598096074e-07,2.713402724593871e-07,2.1832490823335127e-14,0.9879967698815265
0.008999758543855508,0.00013179573353793274,4.767766664162716e-08,5.6689943974673564e-14,0.0009664845968817683,6.551193603639307e-09,4.753758757010275e-07,1.5666760606752834e-07,1.2938313394563365e-14,0.9899012748533131
0.013979362306531493,0.0001906976633279895,7.622845642886694e-08,1.2205540548263992e-13,0.0013947654396218058,1.4978643906396037e-08,6.91412365252958e-07,2.315274120902078e-07,2.1265056399763667e-14,0.9844341604434977
0.010610904856546114,0.00019051316405152915,4.4274692916536334e-08,7.498244790270775e-14,0.0009267423635607641,7.753468629176074e-09,4.1370660661501097e-07,1.2609174054372908e-07,1.0886450049317881e-14,0.9882712477892471
0.040694809617079226,0.00016647160649872972,4.3899101062503816e-08,6.611158832736294e-14,0.0009141104434290563,6.805526764718084e-09,4.1853605290328527e-07,1.0117252620337161e-07,1.0740254351729993e-14,0.9582240379197091
0.011974953492706707,0.0001371910343669317,1.129266251873498e-07,1.8057816329064547e-13,0.001960627395564155,2.2592572735737253e-08,9.964009995232157e-07,3.534975008082098e-07,3.1981652915032655e-14,0.9859257426594513
0.015684375485760033,0.00014160232454663084,5.07446281335834e-08,8.353230873229671e-14,0.0010717025402157698,9.632752651576228e-09,4.6352055919002705e-07,1.3963414466159603e-07,1.419951348433376e-14,0.9831016561172953
0.023526867950340345,0.00012003961129865757,7.32114565414178e-08,4.6811661869800605e-14,0.0013257984018630624,6.189273447474589e-09,7.361959048726059e-07,2.4212543099117774e-07,2.786385784552145e-14,0.9750262363143575
0.01373219475121585,0.00017591588264986377,5.6331878369701677e-08,9.517690845028797e-14,0.0011439857999810247,1.0246146790802083e-08,5.084641571572671e-07,1.571342492083634e-07,1.441170291340698e-14,0.9849471713896121
0.013484250533497449,0.0001625057646447222,3.4721370543616073e-08,4.1389970606485825e-14,0.0007254582025901292,4.570525246620551e-09,3.3880599609126556e-07,9.811051714418203e-08,9.006814166130314e-15,0.9856273092908083
0.013614369366455308,0.0001610007960954739,5.0825959826662385e-08,8.605508431634821e-14,0.0011424710911908924,1.088570523580134e-08,4.6401372566707497e-07,1.7017508528982356e-07,1.6663458921859866e-14,0.9850814628456795
0.008699302584147747,0.000129662720778185,4.414842376692058e-08,6.59220626800158e-14,0.000931584195547544,7.233975509139349e-09,4.3380414604086107e-07,1.3559754623125025e-07,1.1448689078297303e-14,0.9902388297153576
0.020713286937905733,0.0001806595585599166,5.3876518386791446e-08,8.976690999658267e-14,0.0010744159016247048,9.101858130721971e-09,4.865751950928948e-07,1.2922120999495423e-07,1.2763432380280266e-14,0.9780309588270255
0.028527314036958615,0.0001788869066093472,4.2390448509873165e-08,5.0056586628390946e-14,0.0008609782351882185,5.5165780898325385e-09,4.0943281804007163e-07,1.1017210686957716e-07,1.0865805559920563e-14,0.9704322533092314
0.07267775233369038,0.00012164476474855156,7.0047787733809e-08,2.6120834820771463e-14,0.0011355976850196494,3.5403492628655903e-09,7.912374701803152e-07,3.254164350828091e-07,3.8898699767180904e-14,0.9260638149744341
0.01104691062613489,0.00018163623565138284,1.9764297638713263e-08,3.341414599565292e-14,0.00043774756566018053,3.262818369786385e-09,1.9076287061148047e-07,5.0675215608541114e-08,4.574057768284202e-15,0.9883334411073134
0.03670902787245365,0.00017235899251974077,1.0785741895099394e-07,1.3800308308622686e-13,0.001890317462166486,1.6067404611554877e-08,9.529953569890431e-07,2.403319236210127e-07,2.981406170134459e-14,0.9612269784205881
0.02287739625465322,0.00016249316518825754,1.2866659117623603e-07,2.224423221971295e-13,0.002360738376355864,3.302917903502569e-08,1.0795853635670697e-06,4.133792187004126e-07,4.72632716199789e-14,0.9745977175431805
0.024774728425319147,0.00016010789216684693,4.041407764225574e-08,6.939361591464842e-14,0.0008659974974643528,7.276135171060607e-09,3.687451198131768e-07,9.795392216815167e-08,1.022852284277407e-14,0.9741986517957152
0.009702866557120524,0.00011834844150778655,5.585733960144315e-08,9.29996288939821e-14,0.0011545597243720143,1.0551460184142558e-08,5.309585976186463e-07,1.672140525571209e-07,1.4889208428264776e-14,0.9890234606954419
0.012903847564558478,0.00017830532558334394,6.841978812835539e-08,1.1931419934534486e-13,0.0014152566777276875,1.4473759762282423e-08,6.11602350472389e-07,2.2373414827596804e-07,2.046302581898563e-14,0.9855016722019441
0.01991231915058063,0.00018059107331192177,5.567281583643008e-08,9.529145656760897e-14,0.001136109675356951,1.1278231697657846e-08,5.035600663495281e-07,1.4770203872462084e-07,1.596207366449974e-14,0.9787702618874867
0.0162442418369922,0.0001741385151311748,3.7521868544040594e-08,6.300073729488025e-14,0.000791182795542545,6.318185161424565e-09,3.504098578022624e-07,9.588198529121812e-08,8.861619141580589e-15,0.9827899467203653
0.055916040892390016,0.00013822563244227743,1.0929500221221069e-07,4.6043284882410684e-14,0.0016695945192270979,6.296146317209888e-09,1.1153835310237267e-06,3.9178694394112557e-07,5.688131974221729e-14,0.9422745161942142
0.0119382962886382,0.00016881161826921953,3.251139858736997e-08,5.4618728712422423e-14,0.0007293026144059771,5.9939488071256845e-09,3.097913064900943e-07,9.23213710189696e-08,8.820260337954336e-15,0.9871631488605983
0.014767840509180686,0.00016211581918659527,2.9018952075672985e-08,3.896227586029591e-14,0.0006199965432645495,4.162307980811346e-09,2.8473138723482573e-07,7.859170124202416e-08,7.271539026397437e-15,0.9844496506239735
0.06961623958575647,0.00012631872952014727,1.0380899405295543e-07,3.333724570864026e-14,0.001519182356613195,4.6395312191669345e-09,1.1627416681374826e-06,5.131799588931323e-07,8.773552643525721e-14,0.9287364749578368
0.02290290879125039,0.00017856199082985478,4.405603733910547e-08,7.603073418787167e-14,0.0009339413666481826,7.62272926391568e-09,4.2238817974943296e-07,1.0348875169329929e-07,1.0701957087192809e-14,0.9759840102954869
0.010456991396070456,0.00016846537251162972,2.625596666732545e-08,4.295617916459415e-14,0.0005800490019674577,4.4348447868198446e-09,2.544161270666799e-07,7.036209067277557e-08,6.508336558636384e-15,0.9887941387603718
0.0852128777738801,0.0001277798977611913,5.284671462224165e-08,3.048865877454282e-14,0.0009726759612344981,3.903314819409344e-09,5.60842693106103e-07,1.6767597125615722e-07,1.8706783578925037e-14,0.9136858810983813
0.03437376276038502,0.0001358023399584237,4.637266440311219e-08,3.3325333295219275e-14,0.00089983218082831,4.208740815866921e-09,4.81569781038618e-07,1.4094450191565782e-07,1.5477701191046626e-14,0.9645899296230912
0.04022915067718954,0.00014356347402859872,2.1493775426248123e-08,2.2500450312155535e-14,0.0004668008267771201,2.5143540284581962e-09,2.2082747332089459e-07,5.81946945969739e-08,5.656969262543093e-15,0.9591601819916793
0.018599046661209883,0.0001962917728353951,8.162797629219317e-08,1.1360620203609733e-13,0.0014843144939069145,1.2559133570740309e-08,7.429381753519732e-07,2.1849496813495936e-07,2.0810108124899825e-14,0.97971929145166
0.031661370587311465,0.0001736472855627455,7.4473212458475e-08,1.2671030479648498e-13,0.001445748236214713,1.3202003343771265e-08,6.861048874159842e-07,1.658332479657455e-07,1.855022275451848e-14,0.9667182942774146
0.026084150958611475,0.00015060231376121387,4.861089537993604e-08,8.20110903951663e-14,0.0010048898558847306,8.559415419312008e-09,4.4386795567726897e-07,1.1319162858249405e-07,1.2028675368527576e-14,0.9727597426417535
0.012687402232138613,0.00013077322676622466,1.5186644612370177e-07,1.4144706048112722e-13,0.0023712503951507195,2.021591686656724e-08,1.3740739730955883e-06,6.04780137319272e-07,5.658008319989935e-14,0.9848084232092731
0.01425889142326332,0.00014811950794135708,1.4233822128931883e-08,2.1723504519205618e-14,0.0003266808455373323,2.2266814944881987e-09,1.394539574260896e-07,3.6492364455122506e-08,3.5150830665762803e-15,0.9852661158164072
0.012313754498713995,0.00016114371332745167,1.0744604924027686e-07,1.7869491128337194e-13,0.001981352474909637,2.31363102340279e-08,9.683252147235943e-07,3.994357310025054e-07,3.2780730655059e-14,0.9855422509695323
0.02669899489409481,0.00016616035254835902,1.1624708727081145e-07,1.314039879400885e-13,0.001951976617411176,1.713451958116624e-08,9.89072395585012e-07,3.195898441222914e-07,3.6365459836275e-14,0.9711814260919314
0.02669899489409481,0.00016616035254835902,1.1624708727081145e-07,1.314039879400885e-13,0.001951976617411176,1.713451958116624e-08,9.89072395585012e-07,3.195898441222914e-07,3.6365459836275e-14,0.9711814260919314
0.007158531927318927,0.00020541330183499539,1.2435738617532911e-08,2.119244503619543e-14,0.0002832588015202304,2.047279223451735e-09,1.2272946991612325e-07,3.213372017144346e-08,2.8700294743807548e-15,0.9923526266230939
0.0868795766547012,0.00011994388932769593,4.55460631368873e-08,2.384987718678108e-14,0.000829472415446637,3.0780005364114873e-09,4.923468523218468e-07,1.5528016691347711e-07,1.6729449182154224e-14,0.912170310789401
0.012416165350023566,0.00017687473239866294,3.3765764151348426e-08,5.516931109063348e-14,0.0007392566987780404,5.705557262667196e-09,3.266571961242725e-07,9.584574488888746e-08,8.372899470899003e-15,0.9866672412444737
0.0263285311095607,0.00017328068841179994,7.760169295875182e-08,1.282645948583827e-13,0.0014645133248424621,1.4610373399611946e-08,6.932837780210575e-07,1.9013818158967781e-07,2.0602564097822208e-14,0.9720326992430102
0.022652664370785742,0.00019201902280708048,3.955086301439357e-08,6.688649780497058e-14,0.0008233439150629984,7.059632267116024e-09,3.719608499046884e-07,9.570584460305396e-08,9.939283535841563e-15,0.9763314584140775
0.022298754398193763,0.00019292068173674913,1.2345863096776217e-07,1.9420642062241593e-13,0.001993250527699508,2.5223883845277e-08,1.031853378677803e-06,3.096687220096533e-07,3.585101693435343e-14,0.9755135841875245
0.03093485432496652,0.00013519274443592297,7.36136275673909e-08,3.991125656508317e-14,0.0012636850804971208,5.369179285839697e-09,7.660072843700866e-07,2.628288812554848e-07,3.11015686737728e-14,0.9676651600310568
0.03329691891081311,0.00016449519989014986,1.3056746493853738e-07,7.338016502656183e-14,0.0019311481625465916,1.029217248063355e-08,1.2201725397711881e-06,4.289550050609081e-07,5.974244463378176e-14,0.9646056477394347
0.046098993567509065,0.0001685863689443367,4.897267289208306e-08,5.45062734925022e-14,0.0009766980140853108,6.090393573010128e-09,4.707240118916562e-07,1.189049754633894e-07,1.2805486728850861e-14,0.9527550773573401
0.011520975306029108,0.00020433103013079012,3.694303811275896e-08,6.275699669152915e-14,0.000780489893327453,6.701501354456982e-09,3.4584350608092933e-07,1.0312015268728601e-07,9.432149071390858e-15,0.9874937111622423
0.01026467862983889,0.00020503123345992516,3.860880391108748e-08,6.604630383549047e-14,0.0008299500821768483,6.709422131228043e-09,3.7475403061625194e-07,1.0543138732726108e-07,9.41743751872879e-15,0.9886998145508049
0.03237953594573726,0.00017687024007100678,1.2126901487934966e-07,1.7822308361997793e-13,0.002048571541353845,2.0473277651269832e-08,1.026365040304551e-06,2.599625311145679e-07,3.2369329792838354e-14,0.9653935942027633
0.013393166335647176,0.00015383843418912666,9.820616222892277e-08,1.585497773324011e-13,0.0017432722969421709,1.8784176707977002e-08,8.707223726072254e-07,2.839790033690658e-07,2.6531626025644797e-14,0.9847084512413214
3.912900730205464e-21,5.148274632206984e-58,0.00011447082263715031,1.8659478048744964e-10,0.9987102284855266,0.0004512276959576487,0.0007240728092837624,2.688983620476777e-66,5.8902351413636706e-80,5.060819012047349e-94
0.03239460822749464,0.00016245185454795717,9.416637333645709e-08,1.0073674986985979e-13,0.001698944790338288,1.1963827606002038e-08,8.77146636208656e-07,2.2700890659691158e-07,2.69704667114516e-14,0.9657427848417477
0.020222734279086194,0.00015493008114323347,5.3624709105094186e-08,7.371835074238566e-14,0.0011009582458664578,8.041946766392082e-09,5.291676206545609e-07,1.342727021721393e-07,1.4070718143693291e-14,0.9785206522868377
0.032235855878191944,0.00016907129383112514,5.512502026990816e-08,9.45466847823106e-14,0.0011311591664648385,9.716359425086535e-09,5.04016867335829e-07,1.2479546682747291e-07,1.364935278223326e-14,0.9664632200076901
0.013355844243243016,0.00011222330464187999,1.246278788187534e-07,1.992369430522012e-13,0.002177738673770851,2.95903591646979e-08,1.069390157180454e-06,3.5019647932387595e-07,4.231356434525109e-14,0.9843526199732282
0.028190007431596716,0.0001760642447082985,1.7867602767245352e-07,2.8188864871470466e-13,0.0026646916080421347,3.753639201794937e-08,1.378471959898275e-06,4.0038871469266495e-07,5.331856326837239e-14,0.9689672416422234
0.018275611649659317,0.0001529897823419181,2.9179715346500105e-08,5.04898987965959e-14,0.0006493580084923343,5.2337120769622084e-09,2.761885144058537e-07,7.250928613962305e-08,7.356513023488634e-15,0.9809216574482206
0.017624244477703395,0.0001716879532760133,3.408156918112635e-08,5.919072204060024e-14,0.0007507028372483639,6.003866203773526e-09,3.2667120833330645e-07,8.409736388144829e-08,8.432896349669064e-15,0.981452913877697
