i = 0,i = 1,i = 2,i = 3,i = 4,i = 5,i = 6,i = 7,i = 8,i = 9
0.03959797127545746,0.0008189398363017728,1.3578954316668344e-05,2.0607500929379428e-07,6.48964562640099e-07,7.478534788074523e-43,0.3885346600889304,5.096243361577381e-46,0.5710313220841395,2.672721282158427e-06
0.042445279135635554,0.0006658896215575574,1.3055600633517543e-05,2.3054206332936822e-07,7.044420202939143e-07,8.10113772941686e-43,0.38856078163532076,5.52051578881461e-46,0.5683117701050076,2.2889177614348415e-06
0.03977768341266069,0.001253993315657982,1.2703241667722426e-05,2.1289603741817935e-07,8.402845950916707e-07,9.373202445105786e-43,0.3925866363610256,6.387363580064318e-46,0.5663655308251249,2.3996632305545676e-06
0.05413243651674745,0.0009251422413894229,1.2192718479826035e-05,2.7855568311979374e-07,8.751399186595651e-07,1.0008746520698464e-42,0.5285825782576121,6.820454736020941e-46,0.41634386739357393,2.6291765953336476e-06
0.0569941057658942,0.00044674101517487087,2.2566855586305655e-05,3.323189441024936e-07,9.644859002746563e-07,1.2390567466505253e-42,0.332878401731264,8.4435452915252e-46,0.6096511618528806,5.725974355641674e-06
0.3376096353459097,0.012161991046411157,2.324398172982443e-62,1.4176307888180035e-06,3.483711283946822e-05,3.2856354667796676e-77,2.9298276099079e-06,1.455893899842756e-84,0.650189189036441,4.516361980268503e-57
0.06026536712833946,0.0006261194415581794,2.0735855475687892e-05,3.5351103068869917e-07,1.5816390774990062e-06,2.0526951503812532e-42,0.32424107895419174,1.3988079657199693e-45,0.6148394264706488,5.336999677915932e-06
0.0641091935621974,0.001246068137952017,2.040983830905268e-05,3.387367631865357e-07,1.4783146767155825e-06,1.8257990202865572e-42,0.8281410725553046,1.2441897243758777e-45,0.10647703974664885,4.399108148374474e-06
0.04937398912211235,0.0006953702670934533,1.949608941066341e-05,2.6560351106154443e-07,1.0426147831047641e-06,1.2915827545918725e-42,0.42592648169905817,8.801483479775805e-46,0.5239773658209654,5.988783065753187e-06
0.060803577319675534,0.0010730658954797483,2.0346397177606743e-05,3.179262727170668e-07,1.7278954415417537e-06,2.2247802383235664e-42,0.704929565958856,1.5160752529499412e-45,0.23316652981044947,4.868796647382779e-06
0.07280173164195111,0.00046556224347146736,1.3947522877322595e-05,3.53906803211996e-07,5.843438263224578e-07,6.680201299179577e-43,0.7119189506200219,4.552219450691316e-46,0.21479638560683498,2.4841142135774616e-06
0.07819007964679131,0.0006516241381386191,2.4380713342000355e-05,3.7648158586667334e-07,9.955528007912858e-07,1.1683835805201168e-42,0.7154152026440983,7.96194339497712e-46,0.20571222763937508,5.113183867984338e-06
0.06537576217757173,0.0004597555729772029,1.5672568810524667e-05,3.5802555387518583e-07,6.788666785118786e-07,8.033874194673441e-43,0.5310539118403321,5.4746790905673804e-46,0.40309071681469166,3.1441333842620653e-06
0.05534923907754505,0.0005692635281887091,1.7067577419670303e-05,3.200841384556643e-07,9.06509025919915e-07,1.0764766750148868e-42,0.3774729342988652,7.335644299850839e-46,0.5665867804928942,3.488431922722058e-06
0.031226246749347437,0.0008005207622290482,1.5943808220089616e-05,1.7005298390176344e-07,6.86991216365886e-07,8.285868366103941e-43,0.37372292721172495,5.6464003781860116e-46,0.5942301389342645,3.365490013725214e-06
0.06709566933298576,0.0005150032502254759,1.0951204493134652e-05,3.1573186338423047e-07,5.474919612122223e-07,6.2392844099020985e-43,0.539140233181447,4.2517568823322235e-46,0.39323506407460884,2.2157324152264786e-06
0.0985694175359884,0.001003542606783279,6.276846093057643e-05,4.4410454587818966e-07,1.4208442049871024e-06,1.6220643734698034e-42,0.8532229588116991,1.105354862897548e-45,0.04713085574184142,8.591894006390584e-06
0.06930197672037934,0.0007986437860064916,1.3983794886508953e-05,3.344952522095079e-07,6.499372102143652e-07,7.222915793547061e-43,0.6058858909382022,4.922051940280393e-46,0.32399579932839556,2.7209996674773264e-06
0.05179987119387928,0.0004326161024463458,1.5946338709081686e-05,2.519819091127974e-07,6.176459700917693e-07,7.316841032065052e-43,0.4667601254559459,4.986057241699218e-46,0.4809871829617609,3.388319379199786e-06
0.044503052100142534,0.0008484971008170511,1.532531184621801e-05,2.351871258430022e-07,5.555726233839275e-07,6.250989221923902e-43,0.449982939476053,4.259733119958309e-46,0.5046465737711509,2.821480241148246e-06
0.06202219582304666,0.0004025078144090591,1.0778883830087309e-05,2.9515195768845e-07,4.734664987951049e-07,5.4059210829234185e-43,0.5391127423933918,3.68386190781535e-46,0.39844900480789797,2.0016589679400445e-06
0.06402642253863866,0.00031920401425123486,7.988628967219387e-06,3.2811833502672325e-07,3.372037167053111e-07,3.789441584202761e-43,0.5981985716840726,2.582312854701686e-46,0.3374458213721739,1.3264398446382298e-06
0.02378041077254454,0.0007239065228422065,1.4954199453171638e-05,1.3180355724073993e-07,8.087786447859674e-07,9.497205793415536e-43,0.23888848468310023,6.471865592630289e-46,0.7365884511208453,2.8521190125923663e-06
0.055304585906881386,0.0008319804547692921,1.023342646391822e-05,2.912655836318951e-07,7.55781721674632e-07,8.700129000449625e-43,0.5796786489054033,5.92869805648438e-46,0.3641714485012798,2.0557578969918722e-06
0.0467751484603721,0.0011127136782506594,1.0803314254238115e-05,2.564503476971111e-07,1.0002684972709078e-06,1.2206905341968338e-42,0.6069105375898779,8.318388839162767e-46,0.34518723860689055,2.30163150953305e-06
0.06673220015831165,0.0006233882884890418,1.665928781193872e-05,4.066362514409824e-07,1.006754229274793e-06,1.2162117027512523e-42,0.3978772431296664,8.28786786724917e-46,0.5347455319092685,3.5638359717896895e-06
0.046957811355045335,0.0012998635239998557,1.3655062825595641e-05,2.589322347973839e-07,1.1978610958068692e-06,1.4901246971316856e-42,0.6713465682772685,1.0154446440216498e-45,0.2803777262220955,2.9187654347292095e-06
0.05434712197875383,0.0007447745954816758,1.2852176671586301e-05,2.7694159077697087e-07,6.920536268573584e-07,7.911454305643822e-43,0.5128275447963483,5.391256125444976e-46,0.4320638423268196,2.8951307073442004e-06
0.033087003110138326,0.0008456338346704607,1.7191886037457364e-05,1.7610002288809265e-07,7.682717121623314e-07,9.07298378929153e-43,0.319537086505272,6.182779744450576e-46,0.6465083140404844,3.826251662255046e-06
0.05364238294932704,0.0016509467471667956,4.6739831793621754e-05,2.870226463989609e-07,4.8396212007767276e-06,6.845039148150091e-42,0.5055707948683624,4.664548110964751e-45,0.43907336988656226,1.0639072940703134e-05
0.06833343774495858,0.0016061243150753358,1.9674488829245398e-05,3.6082182092213296e-07,1.6333879621580969e-06,1.8977291334774482e-42,0.7715456886324423,1.2932064599042238e-45,0.1584893441541032,3.736454808343814e-06
0.056462155989508225,0.0006709484538559435,2.3821472979563086e-05,3.180570702048407e-07,2.8729891447579724e-06,4.4140103537146133e-42,0.30233185094069526,3.007924894448958e-45,0.6405000398706455,7.992226100472792e-06
0.09329779329623009,0.002087479870255845,6.352213733505917e-05,4.5943246374059205e-07,3.3822565390103984e-06,4.012158007435334e-42,0.8466830411955413,2.7340828371350353e-45,0.05785203757286781,1.2284238767181814e-05
0.049892579028997235,0.0004564904211463031,1.734651050272659e-05,2.911362392762647e-07,7.539173594888225e-07,9.164442988457288e-43,0.36042333501453383,6.2451045647277946e-46,0.589205678551345,3.5254198761359685e-06
0.024754400063060112,0.0008703053844483722,2.367986098132759e-05,1.3441824023798474e-07,1.453442352967002e-06,2.1091017147006264e-42,0.2728258182232754,1.43724618752518e-45,0.7015172094224761,6.999185165410974e-06
0.027583441942238076,0.0008929420366691954,2.6216165403651138e-05,1.526620689388575e-07,1.2514050099358575e-06,1.8362874904161506e-42,0.3232881872233109,1.2513370864977034e-45,0.6481986312109637,9.177354335658053e-06
0.03298303392423184,0.0010949736598022536,1.5917279422553516e-05,1.8531203540093588e-07,9.931708289910956e-07,1.1333536235887416e-42,0.3447107296732755,7.723231948782423e-46,0.6211913127403411,2.8542400623200103e-06
0.05465250984770794,0.000741660932453449,1.3019692334239377e-05,2.881205803661737e-07,8.967035927206423e-07,1.0738231974119569e-42,0.6443608548583344,7.317562191520489e-46,0.3002279917851461,2.7780598507791115e-06
0.04492746741783672,0.0005042465713634315,1.4896547975169072e-05,2.682746336591102e-07,6.806910392243454e-07,7.896525451891978e-43,0.3159093773950116,5.3810828663795605e-46,0.6386403888175939,2.674284546285311e-06
0.05957022774574471,0.0006265802755000348,1.0594427955859437e-05,3.622899800386121e-07,4.963581662073101e-07,5.574636935483819e-43,0.504980242319753,3.798833231472879e-46,0.43480963374251236,1.862840387750024e-06
0.024876017415296804,0.0010491348942495728,1.6916384867776333e-05,1.3634783221365876e-07,1.7125778835273583e-06,2.1287124840297657e-42,0.25702974317228905,1.4506099353502777e-45,0.7170226788620486,3.6603455324417776e-06
0.025775082084833433,0.0009645395333317037,1.9633422204139475e-05,1.4213348881519374e-07,1.7586170211849977e-06,2.322399220981546e-42,0.2505881731102867,1.5825976542534664e-45,0.7226459797503095,4.6913485245560735e-06
0.03402817219902582,0.0014911559941559337,1.638579929032728e-05,1.9088918036530813e-07,1.9021783617818639e-06,2.4802898368736612e-42,0.3993789246917203,1.6901921264191466e-45,0.5650796786798152,3.5895684502652005e-06
0.044959905814012616,0.0005668708930533947,1.1659442118861777e-05,2.40596525921887e-07,7.2405048744843e-07,8.202850843103037e-43,0.432631918747572,5.589828133424563e-46,0.5218266121034376,2.0683527922010105e-06
0.05483036842413672,0.0004904503595847321,2.442589668729283e-05,2.691729016453843e-07,8.193817315710536e-07,1.0101996141372974e-42,0.5410205942950106,6.883999638037027e-46,0.40362708607674846,5.9863931990114455e-06
0.09421930949863927,0.0009855330101115288,0.0001417884932340853,4.7545162616848153e-07,2.047646063496782e-06,2.6125258944709556e-42,0.7957492623952724,1.7803043141388592e-45,0.10886304703555588,3.8536469497212875e-05
0.060587322702014855,0.0016995761482191667,7.895508250228887e-05,3.2930585440523626e-07,3.6494263330609396e-06,6.233581495644691e-42,0.6406160543679512,4.2478706345912486e-45,0.2969494473011812,6.466566594376455e-05
0.05450644052272936,0.000319997638833372,1.38373579862384e-05,2.837494495764241e-07,3.953075744855455e-07,4.6764617362099504e-43,0.5155154530718938,3.186772242717166e-46,0.42964099452057547,2.5978309576625067e-06
0.036431476963562914,0.001618767730501043,1.537515684507898e-05,2.0567359633203592e-07,1.4374873073899708e-06,1.7876346462553336e-42,0.4362757541888813,1.218182632971352e-45,0.5256536709654867,3.311833819212021e-06
0.03773571176986328,0.0005394547018421759,1.877259576466709e-05,1.916119733942362e-07,1.5793004307553793e-06,2.003483586443361e-42,0.3370015898891687,1.3652727729130512e-45,0.6246986112466262,4.08888433083353e-06
0.08483806540957672,0.00037090960755422974,1.2584452064767597e-05,3.8571063333920265e-07,4.163536832472516e-07,4.648186882583255e-43,0.7884438444386079,3.1675043594782723e-46,0.1263318741622277,1.919865651994317e-06
0.09774607214547862,0.0034047192373447433,9.327153162517216e-05,4.795297847389391e-07,6.937786924454702e-06,7.881007110073273e-42,0.8627242422059028,5.370507900999662e-45,0.03601170781478973,1.2569748149684973e-05
0.10543759458202201,0.0010497111845190561,4.365729929612084e-05,5.734419466773295e-07,1.655225529560613e-06,1.9677178061864587e-42,0.8224434338408856,1.3409002018986688e-45,0.07101598531478727,7.389111013741277e-06
0.05847081773713947,0.0005566527725558925,1.1231692872933747e-05,3.1508644972915215e-07,4.799466699309407e-07,5.441987447139525e-43,0.5388113327613414,3.708439311601137e-46,0.4021469283178012,2.241685169308767e-06
0.034063802632593274,0.0008406221770524808,1.8818700331304167e-05,1.8448860051721466e-07,7.004282255017409e-07,8.634676467988376e-43,0.3983621051929391,5.884095464732588e-46,0.5667088344274265,4.931952831376538e-06
0.03445670345744733,0.0008476222375337065,1.9672698711711692e-05,1.869288325603618e-07,7.351734490387916e-07,9.309631386282693e-43,0.4341945789372165,6.344043117474207e-46,0.5304747381772944,5.762389514677013e-06
0.03566527626507541,0.0010477569109894511,1.4874439882242258e-05,1.8698858747835526e-07,8.574207676514205e-07,9.861449102427662e-43,0.33743258992034464,6.720078992467926e-46,0.6258353307944162,3.127259936982926e-06
0.05772751662829338,0.000584017648814294,1.010003420115294e-05,3.391829831159575e-07,5.890336140805496e-07,6.76590195654125e-43,0.5787854928952814,4.6106201158668935e-46,0.3628901063283175,1.8382484951241391e-06
0.05660754500912704,0.0004100338870456181,1.0593594442093107e-05,2.8862289101028203e-07,4.397122380272492e-07,5.075722323533156e-43,0.5563551764621008,3.458848147335542e-46,0.38661388416867193,2.038543483566574e-06
0.057363783753362214,0.0006048190245688642,2.184280347061406e-05,3.3227884465363033e-07,1.657369939504298e-06,2.200851891573406e-42,0.3090398390437151,1.4997692943986105e-45,0.6329617739921116,5.951733987318236e-06
0.05858003776532236,0.0005380035495559511,1.9762801975065504e-05,3.283783813016274e-07,1.2540381155994211e-06,1.5940767220045974e-42,0.37763326616923143,1.086282693411469e-45,0.5632227680606701,4.579236748276298e-06
0.04003652639332476,0.000470469288107337,2.547587589784647e-05,2.0410261979211202e-07,9.092070085381094e-07,1.2072375309766168e-42,0.44607553707418945,8.226713423727598e-46,0.5133841089629666,6.769095885874701e-06
0.10484064193813264,0.0009495584721387986,8.935555987655824e-05,5.016272038713095e-07,1.2234653526899563e-06,1.357386936836826e-42,0.8651977017208609,9.249905712784117e-46,0.02891426199666883,6.755219765855213e-06
0.05180399104198232,0.0009593521767405182,1.462952593390743e-05,2.78767577470207e-07,1.216088468245965e-06,1.5335781938632066e-42,0.6621457285108389,1.0450560051412725e-45,0.28507143996029793,3.363928160722573e-06
0.07403191320030172,0.0008988933315377158,1.5085473227348274e-05,3.64575135673703e-07,8.960125227606707e-07,9.838803251365239e-43,0.6190239163669699,6.7046469898879346e-46,0.306026215725577,2.7153147280273928e-06
0.07154555475559614,0.0006994739216844446,1.763550844600812e-05,3.757353295795024e-07,5.60120906222452e-07,6.076731941568684e-43,0.7942594458473309,4.140985593419697e-46,0.13347458901611986,2.3650945867883214e-06
0.05196999945185033,0.0008113920185703822,1.4211495369129963e-05,2.694279470937593e-07,1.2027564045239744e-06,1.46842264891152e-42,0.5040490725900022,1.0006557953622816e-45,0.44315051115818976,3.341101666636731e-06
0.06464484841942349,0.0006979077596056975,1.0664105613771372e-05,3.1645813315942824e-07,5.749914715490338e-07,6.48233964840941e-43,0.5373019210529683,4.4173867390943666e-46,0.3973415787696177,2.188443166340923e-06
0.05039551329530946,0.0008814637440576531,1.339116282993479e-05,2.642493814950453e-07,1.2096953648297164e-06,1.500598070726956e-42,0.5541290667027299,1.0225817186185784e-45,0.3945759558899747,3.1352603520758256e-06
0.026000092724927003,0.0008950770404597515,2.0267567471085775e-05,1.405509105144618e-07,1.9920647050064363e-06,2.7427438436089196e-42,0.24862630196981503,1.869041262974185e-45,0.7244513688085132,4.7592731983840895e-06
0.050999984558484125,0.0006373099871010477,9.593597523540888e-06,2.8005275431701786e-07,6.600578876096005e-07,7.717164992344677e-43,0.6267036865355236,5.258857781225848e-46,0.321646628180781,1.8570299447946346e-06
0.05436287569761304,0.0011449824747761927,1.3833495142892988e-05,3.1014251858268145e-07,8.66224620100249e-07,1.003266019307347e-42,0.7791685586518624,6.836750694727505e-46,0.1653061172171293,2.4560963376265543e-06
0.047279710628194555,0.0005695515238062826,2.331478754967241e-05,2.73497067490907e-07,1.3321255120947833e-06,1.772566150961314e-42,0.29962401742117445,1.207914215254881e-45,0.652495185505296,6.614511399574752e-06
0.05530504579333195,0.0005789952926157991,2.6104359257703894e-05,3.171295121437249e-07,1.5354778210502295e-06,2.1554171668033552e-42,0.31654707108054253,1.4688078265367912e-45,0.6275311390601622,9.791806756474176e-06
0.03957936390026982,0.0005681824993535675,1.8928082672132797e-05,2.1147665018760396e-07,6.681755391268691e-07,8.880304211776714e-43,0.558301686983594,6.0514783537841525e-46,0.4015239591194842,6.999762436924271e-06
0.04738834412108064,0.0006223737895321527,3.381996421312441e-05,2.65844583792164e-07,1.3805617403424235e-06,2.1324958770230996e-42,0.41687036951885803,1.4531881263961045e-45,0.5350583115094485,2.5134690543334344e-05
0.045360783452950075,0.0005797833420928011,1.5820352223851086e-05,2.6796068688394106e-07,5.963574245616391e-07,6.916053436636431e-43,0.3490298781386586,4.712940758258812e-46,0.6050097601824455,3.1102135177089785e-06
0.09269848286119763,0.0006757487105975575,3.123305276702517e-05,5.596780885644909e-07,1.2126689105577463e-06,1.4725060294593508e-42,0.45854135920859046,1.0034384127598584e-45,0.44804439245755173,7.011362296546295e-06
0.035063068910654145,0.0009568090452685088,2.8324854625854235e-05,1.9547093943864838e-07,1.5147560706022957e-06,2.661693855306451e-42,0.4703615038762646,1.8138097936359607e-45,0.49356559008163353,2.2993004543305045e-05
0.054045479488861105,0.0004598320044227827,2.0986853638365404e-05,3.204782589576822e-07,7.646845130699306e-07,9.56080827990386e-43,0.3357544278453724,6.51520747158535e-46,0.6097132194896449,4.969155288434541e-06
0.06967270297236182,0.0005494073948228476,1.7653187287119998e-05,4.1297785619200896e-07,9.67717580165793e-07,1.1763927719786344e-42,0.3990456384068596,8.016521985514882e-46,0.5307092431558935,3.97418733878404e-06
0.044094041675049524,0.0004933138574403941,2.1226298198838353e-05,2.5795561507580457e-07,7.407490077495696e-07,9.424402148735618e-43,0.3444762789350446,6.4222535895557955e-46,0.6109091885189785,4.9520106652959984e-06
0.05490045138969539,0.0008964142589300536,1.9089438939424202e-05,3.1430491276749505e-07,1.894121699415416e-06,2.618049176049134e-42,0.42773214272017906,1.7840681512907306e-45,0.5164445091739545,5.18459168947974e-06
0.04563587911167413,0.0006490872742808753,2.2066365050823542e-05,2.498153029980478e-07,9.048434495502783e-07,1.1718385152169576e-42,0.43844886099424424,7.985487028205296e-46,0.5152348919255245,8.05967047282453e-06
0.32610707626668034,0.02281266212900057,2.5516790078337977e-62,1.472601089861282e-06,0.00023759919881995666,3.606906572817722e-77,3.2163072607939376e-06,1.59825194540372e-84,0.6508379734971483,4.957974150376715e-57
0.03638866440405667,0.0007773094386659636,1.770439197363189e-05,1.9301926482194007e-07,2.6828759015944307e-06,3.6149878870730155e-42,0.34559793614655965,2.4634314800615883e-45,0.6172112319122336,4.27781134403514e-06
0.044744828836614875,0.0007516831421589192,1.3697959509560538e-05,2.3855868115090894e-07,1.3829095682645967e-06,1.647601726758571e-42,0.45195459393479115,1.1227572780574896e-45,0.50253081729903,2.757359646028502e-06
0.02229865186518604,0.0008628015981941455,1.5249772552792322e-05,1.2373605206719104e-07,9.589870453600307e-07,1.1274068792758462e-42,0.2277328254219083,7.682707892819056e-46,0.7490863629576099,3.0256614513167286e-06
0.09849265109559427,0.0007449862834636272,3.8996430813065524e-05,4.877958275975424e-07,7.605307299645479e-07,8.596110308163309e-43,0.8510825621577308,5.857814576622866e-46,0.049633863860097896,5.691845742700757e-06
0.1230067514780585,0.0006346356315059932,3.200285025940854e-05,7.134680090953448e-07,9.025588871922343e-07,1.0443146093813034e-42,0.7743460624753459,7.116476082914636e-46,0.1019741315554048,4.799982528999873e-06
0.09923313491424916,0.0009431492884461254,5.456737647083804e-05,5.349685491748419e-07,1.994676149779391e-06,2.5099347669309095e-42,0.7131080320790311,1.7103936474777354e-45,0.18664358017706975,1.5006520034083256e-05
0.07667066003455215,0.0004060986241684161,1.3825510605194186e-05,3.696064648964152e-07,5.114714218636966e-07,5.730987873810401e-43,0.7101369110484832,3.905378491219995e-46,0.21276952806978175,2.095634522483475e-06
0.04169069520496385,0.0004941950116411235,1.8047805307039334e-05,2.180957523707074e-07,6.436797089577456e-07,8.350214493126724e-43,0.5421982034604744,5.690249010568651e-46,0.41559240067156106,5.59607059111178e-06
0.09312492281425917,0.0019274488227932725,7.73476706502279e-05,4.5880277279234644e-07,4.2888510657759935e-06,5.2810638683723004e-42,0.8525200582374619,3.598778028575283e-45,0.052329821106446,1.565369455082146e-05
0.07937891518917889,0.0005847255092075528,1.9262924793784665e-05,4.150576487352776e-07,4.503159782047608e-07,5.0115916514968295e-43,0.7600561113247605,3.415146336633291e-46,0.15995763115883163,2.4885196007831306e-06
0.03528684332512466,0.0006087029423195626,1.9865891811378238e-05,1.9281522411821027e-07,1.0611979235761049e-06,1.4781842018250193e-42,0.441747631702071,1.007307800152503e-45,0.5223304333272619,5.268798263795075e-06
0.026151737916663916,0.0006985229357956022,2.242611587700401e-05,1.4356756668007954e-07,8.930168548641655e-07,1.1514364966025036e-42,0.25744438496761585,7.846457586111252e-46,0.7156760484834859,5.84299614030567e-06
0.03707490864643655,0.0011272736280585507,1.641472421162053e-05,2.044754616701606e-07,1.7349696349111723e-06,2.2206668247262863e-42,0.384104239371801,1.513272169547563e-45,0.5776718054321414,3.4187522543494104e-06
0.02446357388835828,0.0008732767646176534,1.6815399206277597e-05,1.327369703221704e-07,1.4545202356602292e-06,1.785927710994992e-42,0.23884080689471615,1.2170194428899163e-45,0.7358004562108096,3.4835850861257356e-06
0.032785515800094596,0.001069048501590634,2.6290605068946702e-05,1.8144612136556265e-07,1.4668499974317366e-06,2.6379511950553844e-42,0.5063999571788107,1.7976303710459056e-45,0.45969798731386596,1.9552304450380334e-05
0.034431550660993675,0.0006431132700003858,1.931772121992529e-05,1.866506140224123e-07,1.188451182948515e-06,1.6205981966396127e-42,0.39334582259217055,1.1043557375141008e-45,0.571554017163202,4.803490616485008e-06
0.043794445503799614,0.0005570289767774029,1.4825470682720582e-05,2.257331411676553e-07,9.793130635563073e-07,1.1693351283048263e-42,0.41023832890642364,7.968427712050545e-46,0.5453911259029062,3.0401932057132953e-06
0.03736550523344113,0.0006350280023995676,2.5942754667953664e-05,2.12199261159626e-07,9.300469901587397e-07,1.396603785459359e-42,0.49795988328766694,9.517148709063642e-46,0.46399983677237955,1.2661703193596455e-05
0.094823093805859,0.0013724447172324752,0.00017770465416362831,4.5811998078912973e-07,3.5556037298366527e-06,4.535181145037436e-42,0.8376053282674008,3.090496662635518e-45,0.06598770675240108,2.970807923261796e-05
0.048708073409163916,0.0003883264617593471,1.5768807352358574e-05,2.468395201621478e-07,4.960928811619331e-07,6.0435102843648966e-43,0.5322372906532468,4.118346713641352e-46,0.41864612984676286,3.6678893135313283e-06
0.042600108499885214,0.0007423392346761523,1.3024598046149758e-05,2.257223307541109e-07,1.0625223330492651e-06,1.2115518341825196e-42,0.39962877469935854,8.256113218869255e-46,0.5570119950239649,2.4696994052670175e-06
0.050595662938603334,0.000675657625177881,1.3400987539159006e-05,2.627431188059965e-07,1.0235062243676321e-06,1.2450944184394556e-42,0.5360401233488514,8.484688972267028e-46,0.41267100754778396,2.8613027010532928e-06
0.04302003982337773,0.0005689082777796882,1.5628841834906902e-05,2.264363328044081e-07,7.667143817352096e-07,9.235391453099118e-43,0.4269048288974211,6.2934523563997154e-46,0.5294861261826396,3.474826232440022e-06
0.039905098980978666,0.0018218888715530602,1.5065075769609014e-05,2.196562507429147e-07,1.7103277802858903e-06,2.2555512523980403e-42,0.48991927546686365,1.5370441433342053e-45,0.46833328053243944,3.461088364429435e-06
0.039751909547732396,0.0007274833198940004,1.4876777941954998e-05,2.1830870282777314e-07,1.0805698690424842e-06,1.3256304395854892e-42,0.4266019672283873,9.033501239327436e-46,0.5328994546055902,3.0096418823597197e-06
0.3673030766466031,0.0063132233666502125,2.436307440649122e-62,1.6280191549821442e-06,3.276421766684739e-05,3.4438239661430063e-77,3.070884837813895e-06,1.5259886116806743e-84,0.626346236865087,4.7338043993876715e-57
0.04950358801993865,0.0004819174841163874,9.977125755593177e-06,2.6936075428627036e-07,5.291481772308295e-07,5.914215418241513e-43,0.4770378259266017,4.030238799211634e-46,0.47296423178283353,1.6611518225131861e-06
0.09255784900513608,0.0018064942337996097,0.00013300502494262084,4.5479688816842383e-07,4.7469631666581845e-06,6.135077219999138e-42,0.855122870039056,4.180744950874949e-45,0.05035164944764433,2.293048936640893e-05
0.08914900002874013,0.000503906281571519,3.499693917624328e-05,5.227109880676407e-07,9.237908093839578e-07,1.1282067315615e-42,0.5131985465987057,7.688158481759961e-46,0.3971053322128119,6.77143719704795e-06
0.09861914588676952,0.005340317415461335,8.739464308971128e-05,4.904080540344844e-07,2.021012882463942e-05,2.591484328102559e-41,0.8591269072999864,1.7659655504691192e-44,0.03679135124050491,1.4182977309425362e-05
0.06117642828330518,0.0004958244023805247,2.3052848589248612e-05,3.5717929410021115e-07,1.1895974470413447e-06,1.5457605740894283e-42,0.3208361122719962,1.0533576813539842e-45,0.6174606479252485,6.3874917392818714e-06
0.035540473166593395,0.0006266740056413948,2.252686832685609e-05,1.9677198393194078e-07,8.308515066320892e-07,1.0480694579112473e-42,0.30251881166880357,7.142063477286286e-46,0.6612844980765237,5.988590620601175e-06
0.06145234880824139,0.0004774227111183438,2.1926905841853546e-05,3.5576237813740166e-07,8.161899888867418e-07,1.0261609286739321e-42,0.3825330212231232,6.9927679269525044e-46,0.5555079712672043,6.137132103844563e-06
0.03255372153724604,0.0011516260690274643,2.422554709683047e-05,1.810444653238733e-07,2.2597323690424988e-06,7.110790616191067e-42,0.559084152219937,4.845644300688027e-45,0.40716612139024094,1.7712459617353236e-05
0.05242009168385686,0.0007106985843816519,1.627318032605501e-05,2.718327212437494e-07,1.157701389232314e-06,1.4124703120800444e-42,0.48467100955672004,9.625271066254383e-46,0.46217621103676504,4.286423839910325e-06
0.03303543121969652,0.0008058546328480378,1.5618484449878923e-05,1.7902288119873743e-07,1.5874403394791396e-06,1.884780225565072e-42,0.315370208402261,1.2843824338271706e-45,0.6507679086202051,3.2121773188319016e-06
0.06449675953650015,0.0005806108831948606,1.6194913832867357e-05,3.9169866273008836e-07,7.635682622302102e-07,8.976044567478178e-43,0.3870707283601449,6.116720565795613e-46,0.547831176165211,3.3748741912374955e-06
0.038855494473330116,0.0008199674831001944,1.705736727014805e-05,2.2239024175322034e-07,9.809804016049505e-07,1.1615583122916155e-42,0.3193178705874974,7.915432642689182e-46,0.6409848333893834,3.5733287753922203e-06
0.0973358119150554,0.0012057934147350344,4.0490316377108594e-05,5.667279903118861e-07,1.397633134274859e-06,1.594330977944564e-42,0.7063428847975636,1.0864559559799953e-45,0.1950668356225879,6.219572556338419e-06
0.04184334204868817,0.0007831542736067384,1.33452124949504e-05,2.3245888106966724e-07,1.181676865125712e-06,1.3586725783829098e-42,0.4034308671285355,9.258666709931642e-46,0.5539253750946281,2.5021063003479994e-06
0.040033615198269944,0.0008188930936138079,1.476128382783311e-05,2.0874690762281453e-07,6.106831329473154e-07,7.122519623721793e-43,0.40517649802964034,4.853637026330177e-46,0.5539522703502994,3.1426143082743464e-06
0.07312254347687573,0.000522759226702322,1.7136118999898965e-05,3.4744881809994206e-07,7.308817902133927e-07,8.420741366306054e-43,0.6598177463560625,5.7383095089735145e-46,0.26651554339611305,3.193094638236546e-06
0.04352869483982872,0.0006178718990556488,1.966004152100018e-05,2.441186250312962e-07,1.2775766160331335e-06,1.6126071050475134e-42,0.294251177777244,1.0989102126042038e-45,0.661576713938443,4.35980866653407e-06
0.04917163758068808,0.0008163064533528699,1.947779315650407e-05,2.481680143754942e-07,9.215539410092333e-07,1.1721424582387948e-42,0.5088102774514085,7.987558246232932e-46,0.4411749946216683,6.136377770277224e-06
0.11019303728758698,0.0011927953648731707,0.00014690860499083126,5.665487493189856e-07,2.6953503355380036e-06,3.443148087051093e-42,0.8167894898889012,2.3463313441482026e-45,0.07164001495935932,3.4491995203572755e-05
0.04252639076331226,0.0007795008991097348,1.7360135127511167e-05,2.1809724792853236e-07,7.713009071690238e-07,9.407747633265341e-43,0.42372804337331893,6.410904379274519e-46,0.5329432597260813,4.455704895116766e-06
0.08685702884998274,0.0007314910971406998,5.403075045401764e-05,4.6018153475389886e-07,8.315677300785494e-07,9.709990208974512e-43,0.7864954162938309,6.6168674139721885e-46,0.12585375701132048,6.984248006441173e-06
0.036401086222982146,0.0008522537328858132,2.93255387382671e-05,1.9914510218339372e-07,9.954242199555236e-07,1.4664196956579117e-42,0.5788766666146915,9.992908839843835e-46,0.38381964961195114,1.9823709428904842e-05
0.07111779220351148,0.0008920742506235765,2.1615253025214823e-05,4.266375373120222e-07,9.809311144628514e-07,1.128914452421773e-42,0.5633582695269409,7.692981241616301e-46,0.36460496264836006,3.878548887079091e-06
0.04886957162591886,0.0006139909228767096,1.34075920232766e-05,2.532670605449477e-07,6.96549342435762e-07,8.135594938195655e-43,0.4600204032599231,5.543996634524845e-46,0.4904789098130329,2.7669698220782086e-06
0.07066778144122063,0.0007863371737231838,2.0922149731102843e-05,3.7348121573649657e-07,9.124469769598442e-07,1.0493887906017148e-42,0.8063847612829582,7.151054062549361e-46,0.12213546196528792,3.4500588861511924e-06
0.09483366892866896,0.0028498972676227205,9.304462541915737e-05,4.7128015288061335e-07,4.778222289927589e-06,5.481728518129935e-42,0.866449341092402,3.735520842269392e-45,0.03575718652390946,1.1612059534788083e-05
0.061072322922734866,0.0006184795387245701,7.831933924821908e-06,3.202756428022369e-07,4.3861606237285125e-07,4.851927343638233e-43,0.6072146248846052,3.3063431830659983e-46,0.3310845926742627,1.3891540426083614e-06
0.06802703589861783,0.0008051374866483107,4.121728228733552e-05,3.385845346365858e-07,1.8024154393272208e-06,2.283391771523437e-42,0.6339561773048621,1.5560160495693576e-45,0.29715760069474895,1.069033286159621e-05
0.042829553626033,0.001069186993252258,1.704395453143062e-05,2.3366596416090063e-07,2.1999063331794366e-06,3.52232115040901e-42,0.531001414060405,2.400283784029466e-45,0.42507563595289205,4.731840588860233e-06
0.048274391819259355,0.0004986345731322107,1.5230157682640689e-05,2.4499503024061613e-07,6.124416042849078e-07,7.523320784918807e-43,0.5276760860570229,5.126762754155892e-46,0.42353090401485527,3.8959414130250625e-06
0.05838395039856574,0.0007119972975732586,1.543766354901586e-05,3.513171021282597e-07,9.956897295448325e-07,1.1903498211915657e-42,0.42614924276006627,8.111632219557028e-46,0.5147348664431414,3.15843027267322e-06
0.03393688521122815,0.0009810914242438938,2.270782243501633e-05,1.8317352144016547e-07,1.003684445364558e-06,1.3774641243732071e-42,0.43669558574124684,9.386721595307773e-46,0.5283538439678586,8.698975020899744e-06
0.03681975491266137,0.0004847492209622493,1.8098481198662302e-05,2.0069475399250203e-07,7.929135878731312e-07,1.0285699202238639e-42,0.43715519116438745,7.009183986437863e-46,0.5255171179223385,4.0946901098429845e-06
0.05527753959616084,0.0007766793344752004,1.0299992734476773e-05,2.910793199361385e-07,6.623187066080519e-07,7.547097554811286e-43,0.5593579930921642,5.142965420742069e-46,0.3845745272279793,2.007358459410444e-06
0.09450781686049205,0.0020422797853806907,8.23228588862017e-05,4.6630750838169095e-07,5.4583698264573314e-06,6.937151879597516e-42,0.8469122336151327,4.7273182804509254e-45,0.05643255912031121,1.6863082462474865e-05
0.04008637214119309,0.0006710011518991833,1.8428132151653204e-05,2.0949471470830235e-07,6.180102309518231e-07,7.65249631485928e-43,0.5406428240543836,5.2147893470103025e-46,0.4185759446943207,4.602321106156037e-06
0.07499328252360285,0.0006201703656705027,1.690828292373396e-05,4.299237521534018e-07,6.784570560381562e-07,7.728367501166614e-43,0.7733714918396176,5.266491724616452e-46,0.1509944570156969,2.581591680209672e-06
0.09662188454038088,0.002830467418333138,0.000104541298705855,4.853881973536164e-07,9.416156541606149e-06,1.2114738500523455e-41,0.8579205755487862,8.255581796448994e-45,0.04249680076426083,1.5828884794122648e-05
0.05296867090534317,0.0004224236407356449,1.3621845744680973e-05,2.559849414911912e-07,5.771416554731264e-07,6.652038032009283e-43,0.4612987314522362,4.5330276079809225e-46,0.4852932000560516,2.5189732917123853e-06
0.05195849907396077,0.0006557490823463037,1.3634417303032363e-05,2.5932582774958767e-07,5.10563284411255e-07,5.827013632695131e-43,0.5371107388981626,3.970815191071562e-46,0.4102579629637657,2.6456753493674795e-06
0.09275987177553163,0.001349490572589814,4.8443326458411936e-05,4.4035062066678277e-07,2.011427360761514e-06,2.2901432150091303e-42,0.862538685485746,1.560616816968326e-45,0.04329375135467911,7.305707013689019e-06
0.09508116495285734,0.0008533485014574269,0.0001412737659809209,4.775066787520642e-07,1.5297695565849932e-06,1.8176839528620242e-42,0.8505421180511157,1.2386597162040925e-45,0.053368177811778515,1.1909640574757149e-05
0.07453448733824099,0.0004574535653290859,1.4350486173019767e-05,3.672590514031606e-07,4.894331427215992e-07,5.477169536399495e-43,0.8811602273019473,3.7324141267111026e-46,0.04383058267177087,2.0419443444962146e-06
0.05967292018721115,0.001027039041624671,2.4865847482043374e-05,3.0992493598844305e-07,1.3751766407529246e-06,1.6046293581069555e-42,0.565021332472763,1.0934737813996589e-45,0.3742476722806958,4.485068646629434e-06
0.05135015854570284,0.0005330356957330871,1.4958926129167835e-05,2.534075137405669e-07,9.320502613592867e-07,1.1026698838998836e-42,0.45204461804774065,7.514137775753947e-46,0.49605303298216774,3.0103447514124746e-06
0.05881513092324095,0.0005659714837066721,1.4209611752784198e-05,2.839020865898092e-07,7.332197461325586e-07,8.69434892673771e-43,0.5021081337128701,5.924759228476151e-46,0.438492144641139,3.392505457711414e-06
0.09394780835337121,0.0016394030152096666,6.835860670145786e-05,5.167568538467405e-07,4.508719866914613e-06,6.046907194752626e-42,0.6369722410729965,4.1206615363310763e-45,0.26734874082393917,1.842265106122656e-05
0.06586763112408382,0.00036410214324108576,1.2559953892187265e-05,3.005139610666997e-07,3.281585606177809e-07,3.777702725137511e-43,0.7884218633756392,2.5743134157368276e-46,0.145330910966517,2.303764104866241e-06
0.0398323560754389,0.0012804681374987378,1.686325912297598e-05,2.285177403795644e-07,1.6887566881721445e-06,2.2216075081123838e-42,0.42255805247439976,1.5139131977165286e-45,0.536306561610332,3.7811687791932512e-06
0.07110705050880517,0.0011622006263457122,3.1139697859798135e-05,3.6384668136481714e-07,2.4997910057438373e-06,3.207372167712869e-42,0.6853850613942714,2.185661975375153e-45,0.2423024332454836,9.25088954732705e-06
0.07110705050880517,0.0011622006263457122,3.1139697859798135e-05,3.6384668136481714e-07,2.4997910057438373e-06,3.207372167712869e-42,0.6853850613942714,2.185661975375153e-45,0.2423024332454836,9.25088954732705e-06
0.061251725408223066,0.00047410265518014837,6.718396102636836e-06,3.264855627378708e-07,3.2060889000294165e-07,3.505088421787232e-43,0.6269504834430552,2.388540550718491e-46,0.3113152072210098,1.1157819764815196e-06
0.09800559438809617,0.0016269047326289148,6.107653789844522e-05,4.6035077057280143e-07,2.0103966515674863e-06,2.2232117990688607e-42,0.8647967632935141,1.5150064408943258e-45,0.035499496394562215,7.693905878110306e-06
0.04883922499909234,0.0010355772086304703,1.0211930765974181e-05,2.667050330847798e-07,7.015276889552538e-07,8.017688715362548e-43,0.6326829815204383,5.463649504715402e-46,0.3174290614487994,1.9746595513800533e-06
0.0478146269308185,0.0007969435117641357,1.3093312493401813e-05,2.5426061262783363e-07,1.2217244195257585e-06,1.4748760920330815e-42,0.4999626838009751,1.0050534905792674e-45,0.4514084692727989,2.7071861178342356e-06
0.047386390499284094,0.0004161821712481445,1.2237201735562612e-05,2.4462331761606267e-07,5.752627418358129e-07,6.6622491569059644e-43,0.46474545766127673,4.539985973348418e-46,0.4874367298770879,2.1827033081807954e-06
0.03541474263551483,0.0005797150504129378,1.6442399502483483e-05,1.9244141206768098e-07,1.3710535641113325e-06,1.710074920953762e-42,0.345759519206333,1.1653296014090467e-45,0.6182245969422875,3.4202709729700156e-06
0.0998313253053484,0.0014023367867516687,0.00010745789267759704,5.122412394870127e-07,3.280585532308577e-06,3.944211818930492e-42,0.8409084599203122,2.687780944862706e-45,0.057732882085413696,1.374518272469404e-05
0.08674132016004,0.001753105181199784,5.9835348480571336e-05,4.4444649516661734e-07,5.399267145891559e-06,6.804734485947378e-42,0.8149300766639894,4.63708252137911e-45,0.09649800683619007,1.181209645914329e-05
0.07859139858421983,0.0006513981978938057,3.652025004524314e-05,3.982845714529507e-07,9.778461015333263e-07,1.1475338509123237e-42,0.8084294101993501,7.819863028815241e-46,0.11228396147192696,5.935165891171048e-06
0.03812331172804618,0.0005665777380561829,1.3672767039473706e-05,2.0295935056841526e-07,5.536528624184067e-07,6.554735511785316e-43,0.4150665121410438,4.466720859826607e-46,0.5462266048512174,2.564162383972437e-06
0.036069562526285376,0.0006102544638560442,1.301299056821507e-05,1.96139326845197e-07,5.017722388731314e-07,5.700031691747049e-43,0.39452524764870894,3.884283418212952e-46,0.5687788663470172,2.3581119985144993e-06
0.04907925989942746,0.0007056465891334406,2.77012184963913e-05,2.538951746197408e-07,1.5020244739435173e-06,1.923680244971037e-42,0.47890591827885354,1.3108908303621448e-45,0.4712725034808648,7.214613575702543e-06
0.04083375927882078,0.0005834091099689499,1.736339196337988e-05,2.2915959539194981e-07,1.0879798578688024e-06,1.3374404577868304e-42,0.312277781036821,9.113980542512156e-46,0.6462829234855555,3.4465574170565545e-06
0.40562342838459114,0.023115060667346164,2.2341815248514442e-62,1.6796907895823008e-06,0.00029226040389501604,3.1581104057816822e-77,2.816113130501747e-06,1.3993864265514433e-84,0.5709647547402477,4.341068846612618e-57
0.08314935753897336,0.0008373640319128537,5.847704952499986e-05,4.2438455444414977e-07,1.925406936270534e-06,2.404436620394637e-42,0.7327434008016271,1.6385019943424797e-45,0.18319714883434327,1.1901952127583244e-05
0.08982282566818536,0.0005767366031562279,4.0672655794383884e-05,4.518296099360109e-07,1.0413599152644158e-06,1.2194818900864631e-42,0.6631090163085087,8.3101525406116e-46,0.24644320901321443,6.0465616158405625e-06
0.050094686243388954,0.000430637528419226,1.652474193556469e-05,2.499603467227691e-07,6.733598284432712e-07,8.1528513823217e-43,0.47195917458780096,5.55575602875298e-46,0.4774942882599469,3.765318333215705e-06
0.0541158798295233,0.0005388811850879756,2.7194961810863427e-05,3.040540885092608e-07,1.665881410980759e-06,2.411652283498542e-42,0.3190170707257213,1.6434191039414476e-45,0.6262884600214343,1.0543340922748527e-05
0.04114917120030088,0.0006921259088962304,2.14362280825552e-05,2.1335789935068736e-07,1.93481552532233e-06,2.6768091417911702e-42,0.3906356412752821,1.8241100971832447e-45,0.5674925844763314,6.892737682209239e-06
0.05154568493920117,0.0004871124478654958,1.3104900533014072e-05,2.534685406093778e-07,5.279332506072922e-07,6.292538112352495e-43,0.5410445849259753,4.28804658817474e-46,0.4069058318323278,2.8995523061569884e-06
0.049701716478787204,0.0004467163914024717,1.387169662535064e-05,2.447111987320571e-07,5.143216598477708e-07,6.032602767346641e-43,0.49900327903879255,4.110913792250891e-46,0.4508308331635214,2.824198012429782e-06
0.06593223087287589,0.0005860859928510564,2.0887995752789284e-05,3.9178259501825416e-07,1.082851166575681e-06,1.3322177892957188e-42,0.37769556864623804,9.078390697199154e-46,0.5557590766120084,4.6752465122836365e-06
0.04332244452203145,0.0013514873141580743,1.5035791791338196e-05,2.3764953691903008e-07,1.6482718885421318e-06,2.2457866741346265e-42,0.5293085085547089,1.530390076920972e-45,0.42599690998560685,3.727910277897282e-06
