i = 0,i = 1,i = 2,i = 3,i = 4,i = 5,i = 6,i = 7,i = 8,i = 9
7.159045985693357e-12,3.2425339428612607e-17,2.1223806082979177e-12,1.872688077973288e-07,6.323051574194723e-09,0.24371084205583685,1.0118752489197698e-11,5.964960908513674e-16,0.7562889643329029,7.197085425227481e-49
9.709551856929293e-12,4.330589062040371e-17,2.3552741654813034e-12,2.2788523082202607e-07,7.4023284577882855e-09,0.30691324690529825,1.33078722146635e-11,6.985376302163519e-16,0.6930865177817691,9.452649188445049e-49
6.938291336101074e-12,3.843819132110537e-17,1.661565733215999e-12,1.8635717462922123e-07,5.924543855756304e-09,0.1816840005990827,1.1434480731972246e-11,5.296105812030292e-16,0.818315807099164,8.118793240817202e-49
1.3424662472840722e-11,5.965602400711163e-17,3.36332419230262e-12,2.871687965046446e-07,1.0263459040581246e-08,0.669037549707385,1.824529508946327e-11,1.0105435244231334e-15,0.33096215282532493,1.2960754556640934e-48
2.824440909962071e-11,1.2462322039686843e-16,1.6964515464792436e-12,7.50673773621448e-07,2.054355852622207e-08,0.6776288723683302,4.2771429104119475e-11,1.8647280942696278e-15,0.3223703563416233,3.053596609685006e-48
5.945778973864182e-05,1.2563324781631547e-10,2.218436014685038e-84,0.9476316084854555,0.052257330571152595,6.589511844581659e-91,5.1597717539162325e-05,5.310480840735358e-09,4.7081878307308786e-163,7.140048434817004e-70
4.954412732092018e-11,2.9303826377137664e-16,1.6420518596338134e-12,1.2784274843121652e-06,3.054213089693728e-08,0.5497847823645037,9.885590728521966e-11,2.542581399444477e-15,0.45021390851583626,7.064209017988774e-48
9.527295406177428e-12,6.683301436240958e-17,3.0637963564499956e-12,2.062354459142701e-07,9.379108649074664e-09,0.8528994927748188,2.2908069127976058e-11,7.796103522210879e-16,0.14710029157512672,1.7328829991222133e-48
2.799422631480886e-11,1.049269159260745e-16,2.1424509533708217e-12,5.458882385459454e-07,1.8401172242763225e-08,0.6437792721799186,3.462715681313267e-11,1.8972691711136096e-15,0.35622016346590485,2.47031060301686e-48
2.1435460440927364e-11,1.1052679594031382e-16,2.8633168390876635e-12,3.1502990415932505e-07,1.469729919272309e-08,0.8220523830179366,3.8469512513957365e-11,1.3768115869608361e-15,0.17794728719209016,2.815593975592726e-48
3.041393128724425e-12,1.3223658378137961e-17,2.493189080347272e-12,8.167094349992379e-08,2.842652859784659e-09,0.9322373692581918,4.139531266594795e-12,2.734070078854229e-16,0.06776254621853728,2.9714374287748053e-49
7.235799496716367e-12,3.337144581031485e-17,2.3630636191367014e-12,1.985620056349066e-07,7.0896059293135896e-09,0.9113886534852498,1.0734436022319431e-11,6.678042670430882e-16,0.08861114084280468,7.791712603887186e-49
7.884623086160072e-12,3.069107460780868e-17,1.8533973001825886e-12,1.8435068729831085e-07,6.106094270933478e-09,0.8644994057793959,9.76442504999912e-12,6.104586180509944e-16,0.13550040374431935,6.968767854156535e-49
1.6870629560307186e-11,9.164792314669708e-17,1.8990148946327526e-12,5.097967093636197e-07,1.3900532947714992e-08,0.5733553758923541,2.8942183541459762e-11,1.2254718934071266e-15,0.42664410036269046,2.0596427894865674e-48
6.463037672889398e-12,3.222793923782719e-17,1.6081336561127868e-12,1.62460303935704e-07,5.919799469768018e-09,0.1986329684277561,1.0568780526641579e-11,5.440833456459676e-16,0.8013668631735,7.531102918730415e-49
6.105802142768987e-12,2.2382084166222812e-17,3.440275842373946e-12,1.5350269499648518e-07,5.27517703266742e-09,0.8533034507591051,6.92974332691189e-12,5.457634939587059e-16,0.14669639044654656,4.923212667997328e-49
2.810047414973222e-12,3.181750160222834e-17,2.993647647118069e-12,2.0248067743825092e-07,7.2824963010374976e-09,0.9567738153429539,1.0867151745656319e-11,4.246381260517561e-16,0.043225974877201076,8.83541683271246e-49
7.333469188859189e-12,3.3791434560335286e-17,4.0788382321998546e-12,2.1695034100687112e-07,7.055513377544985e-09,0.6801068999602828,1.0227123729784761e-11,6.659226022733117e-16,0.3198928760122227,7.313488659415839e-49
8.610405379965469e-12,3.32894184163512e-17,2.6596995453309546e-12,2.268153377582293e-07,7.85990687771697e-09,0.8540688425218473,1.0666541795747097e-11,8.08849610205197e-16,0.14593092278097053,7.584406371024538e-49
4.4343004438700234e-12,2.0252180840933384e-17,1.7417765740276065e-12,1.2956174698570657e-07,4.1124467546520125e-09,0.21440274186773753,6.108285383745818e-12,3.9175387964568795e-16,0.785597124445784,4.356025948764922e-49
4.06205277072312e-12,1.559369958706279e-17,3.492616818959914e-12,1.1148359150763655e-07,3.747202052590069e-09,0.8900645170535664,4.868079274618162e-12,3.7943066200229026e-16,0.10993536770321691,3.458584971652359e-49
1.961131946199755e-12,7.715534331215342e-18,4.656265123518341e-12,5.6445237166708796e-08,1.8142380974265908e-09,0.8958133404935148,2.3820836797062736e-12,1.8006304474957996e-16,0.10418660123801002,1.6919462244205797e-49
8.549475783417095e-12,6.084672763818275e-17,1.090028529842622e-12,2.8248862435557016e-07,8.092435597938296e-09,0.13628550865163824,1.9188592878942892e-11,6.5566872391938845e-16,0.8637142007384729,1.3663667392910462e-48
1.0388998750458742e-11,4.066127134672528e-17,3.987735836256057e-12,1.852974382394907e-07,7.107458799722493e-09,0.6992140981111995,1.2557902793353099e-11,7.19424342025633e-16,0.30078570945696814,8.917995028273777e-49
1.4454786783403516e-11,5.98973475525361e-17,3.3569312099649174e-12,1.8180363771292213e-07,8.183452053931334e-09,0.6159986535658852,1.9468496107510635e-11,8.248759891946795e-16,0.3840011564097438,1.3844235459251923e-48
1.9647006049825953e-11,9.590966801720247e-17,1.6343663747300479e-12,4.85737437619944e-07,1.3569518177791794e-08,0.5547122284304351,3.059473332012364e-11,1.2252051337501808e-15,0.44528727221073156,2.178753014721473e-48
1.3538967903233355e-11,7.341993361342183e-17,3.1682923208149643e-12,1.9513514186871317e-07,8.918123932352472e-09,0.590788672681308,2.4534535235141656e-11,8.31551140835365e-16,0.40921112322418346,1.7649359503371375e-48
1.0942686800648511e-11,4.291709650318828e-17,3.0888613715385115e-12,2.6047454571044854e-07,8.833559715360815e-09,0.6831722164550418,1.3159004740022057e-11,9.1112349880563e-16,0.3168275142096612,9.35317969192729e-49
1.2728413088904719e-11,5.888548062109828e-17,1.6096025716888835e-12,3.1630723258827806e-07,1.0380310894948164e-08,0.23594605047975056,1.8205410257718512e-11,9.974325584092423e-16,0.7640536228001615,1.2945872702067602e-48
5.270466790971265e-11,8.267766245304575e-16,2.3196566802061927e-12,1.4856483867578683e-06,4.723435821551022e-08,0.3555298993654827,3.063404790572007e-10,3.261043059659584e-15,0.6444685673904036,2.306461212975463e-47
1.2182119667208687e-11,9.380084051759126e-17,4.55514935234441e-12,3.0196615478571795e-07,1.1820235356758746e-08,0.6267075355759455,3.084292018023619e-11,9.304091958064474e-16,0.37329215059008314,2.289988705048955e-48
1.24391130090767e-10,1.0285504830663562e-15,1.726403449605121e-12,2.942227380656721e-06,6.234457472826681e-08,0.5807022856679985,3.999427459495922e-10,4.783865712823212e-15,0.41929470923398005,2.882777589015998e-47
8.827300415215781e-12,1.6017615980927249e-16,3.54966777881592e-12,6.873631492467148e-07,2.738817157433198e-08,0.904287738240565,5.793921691840024e-11,1.3520430051080144e-15,0.09571154693779663,5.289845024223652e-48
1.9658695779590992e-11,7.698700956141821e-17,2.136299857024617e-12,4.831807617190457e-07,1.435354872028019e-08,0.6682117828160775,2.4787400032129867e-11,1.3898289837815585e-15,0.3317877196030281,1.763618336736656e-48
3.5684943134824304e-11,2.503033865626631e-16,1.688672576874764e-12,6.407048847862248e-07,2.6311725229171755e-08,0.251502192280781,9.489147308102662e-11,2.238631425319289e-15,0.7484971405703413,6.796813975670744e-48
2.7273346332887398e-11,1.4651893220375086e-16,1.469886859754675e-12,4.15293910721927e-07,1.886396778281964e-08,0.25282388760261837,5.633329034551376e-11,1.7432313352143318e-15,0.7471756781544248,4.0365448583540346e-48
6.291092673629828e-12,4.629856654021588e-17,1.0669852245200175e-12,1.9036206168567156e-07,5.700269775029576e-09,0.12928245190900584,1.4138187563501615e-11,4.628659244879109e-16,0.8707173520071658,1.0089045581096057e-48
1.068190365579266e-11,4.273195932995137e-17,2.9639645539588763e-12,1.723054817665807e-07,7.165338543166717e-09,0.8374427985557541,1.375895048309911e-11,7.243662954471254e-16,0.1625570219460201,9.846810239616372e-49
8.349449701323663e-12,4.713439906661744e-17,1.3656886002026102e-12,2.8966789078151616e-07,7.423568749723646e-09,0.2859006028355196,1.493995327682153e-11,6.275579869823719e-16,0.7140991000483652,1.0642765757928987e-48
3.36114210641962e-12,1.523130329132718e-17,1.5044297202824055e-12,9.443800333451554e-08,2.8452620206959774e-09,0.29205503303364266,4.587885086569721e-12,2.707627385439682e-16,0.7079448696736382,3.258916063510843e-49
2.944781793777515e-11,3.229150189610312e-16,1.8093772629364668e-12,8.206245681865964e-07,2.4962467069891424e-08,0.23686211873185445,1.041461984442727e-10,1.8858683868073465e-15,0.7631370355457048,7.420125963090227e-48
4.162469752429613e-11,4.2101793507901464e-16,1.699294628229966e-12,1.0300682502216062e-06,3.1745718334968564e-08,0.2689809995902715,1.3630638391501919e-10,2.4973474316771182e-15,0.7310179384161266,9.706004269739356e-48
2.329448942875237e-11,2.042650572127772e-16,1.851411433195635e-12,4.0506482751214284e-07,1.5846746865647672e-08,0.2635721906878388,7.010986552215572e-11,1.3031491385184268e-15,0.7364273883053295,5.001529746226641e-48
1.0086752363111194e-11,4.935459022915322e-17,4.557094902249454e-12,2.7283095974526477e-07,8.537291432846797e-09,0.5107780496573326,1.5722223355213307e-11,7.589699455931372e-16,0.4892216689440492,1.1190066184209132e-48
1.0829309967259431e-11,3.86277419306815e-17,2.337079318545797e-12,2.4157830115874133e-07,9.431457007767327e-09,0.8978337368609711,1.2906076554109067e-11,9.898834003048788e-16,0.10216601210319713,9.247376977719627e-49
1.0945488748325835e-11,9.748443630200457e-17,2.2203932748875538e-12,5.479472712228928e-07,1.9260523403007787e-08,0.8753781502136311,3.5247499337222464e-11,1.330146107371882e-15,0.12462128253015949,2.7623862115387656e-48
5.6891474861344394e-11,4.699239240143207e-16,2.222142690071904e-12,9.88441580502376e-07,4.824052278346568e-08,0.4868925066173719,2.1102917170165863e-10,3.883842994478959e-15,0.5131064564303777,1.6320564077852133e-47
3.326532317152336e-12,1.2325464830196226e-17,1.9800440538226638e-12,9.160150095222637e-08,3.113847616169886e-09,0.8787774087521796,3.967143594016237e-12,3.219122740367176e-16,0.12122249652319783,2.822141865771644e-49
1.5786881152467295e-11,1.0717981737187169e-16,1.6831430336303606e-12,2.773773260560703e-07,1.0860886800923316e-08,0.24913781256885592,3.4551546061374327e-11,9.559408745316083e-16,0.7508618991409086,2.4583922810020988e-48
4.328917130016486e-11,2.9346269426610835e-16,3.6041191331089203e-12,1.1232135346869163e-06,3.604424236207036e-08,0.6705745882483278,1.0594134046733665e-10,2.9225425749242077e-15,0.32942425234105716,7.569297095830159e-48
1.426940087984456e-12,6.958498642313036e-18,3.2710363309963515e-12,4.8478900995970285e-08,1.5707281500913218e-09,0.9460738982657395,2.1575795337215176e-12,1.422895084868925e-16,0.05392605167777569,1.555895544818864e-49
3.765957443546254e-12,1.7677494081325299e-16,3.3993877113729588e-12,7.72732016189711e-07,3.1474684839702334e-08,0.956550742684478,7.518501304484076e-11,8.317492171809271e-16,0.04344845302646978,1.0519186534635891e-47
6.1013531381903265e-12,6.138959415784938e-17,2.083631286765225e-12,2.9540943810908863e-07,9.980738864871889e-09,0.8977870190196653,2.087460844995374e-11,6.676191800909159e-16,0.1022126755610975,1.652819920474573e-48
5.572155983521644e-12,2.1869246907178932e-17,2.6574174610244842e-12,1.4937149758521403e-07,4.7706700758973765e-09,0.651344607783982,6.664031236153669e-12,4.881461905639265e-16,0.3486552380589563,4.7354025857516184e-49
1.0433351154498003e-11,4.205639660505213e-17,1.725908462168637e-12,2.1787862259565312e-07,8.476984935690144e-09,0.2860642386539236,1.3735132533826471e-11,8.663748811423761e-16,0.7139355349645735,9.784455509615369e-49
1.2192097287708848e-11,4.662489968904495e-17,1.9400026460978232e-12,2.2447813245345203e-07,9.530825436961672e-09,0.35203382437395225,1.5684991793535293e-11,1.0000628661691349e-15,0.6479659415872716,1.118383585360635e-48
1.2756231119459153e-11,6.778290761793741e-17,2.0280441513441583e-12,3.5305850254927914e-07,1.1333157775923926e-08,0.2569692716197261,2.0746194511629927e-11,1.0210507235164054e-15,0.743030363953082,1.4748410149885405e-48
5.409323746534301e-12,2.4931237542572063e-17,2.549021120585963e-12,1.2660848578497535e-07,4.268130284388823e-09,0.6335181975565654,7.73197811941013e-12,4.0584843481200573e-16,0.36648167155112776,5.493999884733183e-49
4.234737703445332e-12,1.3978241987280607e-17,3.200705223600917e-12,9.993449397240408e-08,3.5187501396300185e-09,0.8852436869870824,4.356689096154715e-12,3.8091091410377744e-16,0.114756209547881,3.0948763861169317e-49
6.093667072077262e-11,3.523353377260476e-16,1.6763958959779993e-12,1.535481843613658e-06,3.600147531578257e-08,0.5563481708827279,1.2081856874697292e-10,2.9975188170353373e-15,0.44365025745051806,8.639670717622183e-48
3.2469887921737656e-11,1.6219878679136617e-16,1.898285947028374e-12,7.680392961440213e-07,2.2186868433288735e-08,0.7179502568057338,5.441610689055047e-11,1.9902631147295915e-15,0.2820489528793152,3.878216671638818e-48
1.9748737838739364e-11,7.506507037415058e-17,2.8829395598935006e-12,3.6312244480869683e-07,1.6207466846731672e-08,0.8237478078642426,2.732125280364728e-11,1.6388825633464665e-15,0.17625181275589116,1.9571428472774274e-48
1.115632546425614e-12,1.643615498709871e-17,2.017803797944328e-12,1.0802140197595937e-07,3.5409975005148534e-09,0.9780686013805743,5.601412573867609e-12,1.8020735150315237e-16,0.021931287048291222,4.76505353320885e-49
1.7299606907552793e-11,7.282968987945339e-17,2.877264793205807e-12,2.1732373472750266e-07,1.0105380670210097e-08,0.7877629406937311,2.458588099637723e-11,1.0140418580024033e-15,0.21223683183238967,1.7688646103349454e-48
8.745385334401526e-12,4.879897901760248e-17,4.935439041640006e-12,2.735052880084096e-07,8.571348958240715e-09,0.6177006781346241,1.501762054097581e-11,7.315663014120731e-16,0.38229903976003965,1.0788416470542754e-48
2.9930289736846185e-12,1.8861474422289625e-17,6.9635778663561065e-12,1.274013168874433e-07,3.728053714533541e-09,0.5006807452197173,5.785766845362876e-12,3.0076297720149453e-16,0.4993191236351695,4.198010068723942e-49
2.7857377498729037e-11,1.0161917786711538e-16,3.0452609295031846e-12,4.0492178782514734e-07,1.6533435091083547e-08,0.7899492784584786,3.2791302582054975e-11,1.7228442085390874e-15,0.21005030002260278,2.3309228170828937e-48
8.310911520440017e-12,2.989300019769965e-17,3.8212915870926506e-12,1.9238538850278096e-07,6.60092195683138e-09,0.6976810530652567,9.059850381214163e-12,6.913656867343769e-16,0.30231874792723995,6.434297614281092e-49
2.2216110146944912e-11,9.015488507281771e-17,2.894354730676661e-12,2.9553901316515457e-07,1.2871063654825877e-08,0.7708016698250307,2.971922347162786e-11,1.3191492061964364e-15,0.2291980217100612,2.1144738660936235e-48
5.163236984823434e-11,5.476453622587614e-16,1.8088875565443285e-12,1.11589449240796e-06,3.6357412281607067e-08,0.27610707103495363,1.8463763335981332e-10,2.849767863890502e-15,0.7238917764750593,1.3158166576011667e-47
6.3558159737317855e-12,2.7087696590909918e-17,3.2698144293775407e-12,1.1787224550346717e-07,4.564758949460789e-09,0.7781237150593991,8.541821171566904e-12,4.525227306022502e-16,0.2218761624854286,6.0688325457907236e-49
5.461934749638467e-12,3.361372422159909e-17,3.4025228466236894e-12,1.2482357803813894e-07,4.791783015310031e-09,0.48319336221396536,1.0695300764112285e-11,4.1264928994929847e-16,0.5168065081511133,7.763797719835462e-49
4.0232956930604937e-11,2.40062385804539e-16,1.6283348870562816e-12,1.112108070259484e-06,2.8603449908967125e-08,0.49480207914883156,8.485266091591438e-11,2.3676712186981064e-15,0.5051967800129317,6.075163127149714e-48
6.914609257639073e-11,3.15878044805523e-16,1.6230981027296107e-12,1.4432649704361987e-06,3.8621828066042674e-08,0.6024690107598902,1.1432479530981814e-10,3.4510036735161018e-15,0.39752950716821356,8.190182872349018e-48
1.2654923841639516e-11,3.3323886638059336e-17,2.0888545138653324e-12,1.5819075563588127e-07,8.050850909293153e-09,0.7833962782577252,1.1899058893623604e-11,9.830771059132332e-16,0.2166035554740246,8.496556260411916e-49
5.1291401500531214e-11,1.8198589612175584e-16,1.6476352688353211e-12,6.222478056799409e-07,2.752167733451636e-08,0.6759631714960209,7.47296550043285e-11,2.786216894618272e-15,0.3240361786068243,5.39084630003246e-48
7.748929057730739e-12,3.7390980328655284e-17,1.3531222199788718e-12,2.48711301339087e-07,6.873172016294813e-09,0.30876711621388514,1.151686736817981e-11,6.343471058248066e-16,0.6912326281810219,8.191801254333937e-49
2.105827188169228e-11,1.0875788659634676e-16,1.610632879491175e-12,6.701053199325802e-07,1.6794308825820162e-08,0.5910443096392879,3.5162781223441304e-11,1.4470347375155215e-15,0.4089550034032501,2.5329814362891108e-48
6.131645726132148e-11,1.8083043528364023e-16,1.7713334488988383e-12,3.7284145927634444e-07,2.444781984162232e-08,0.4940664107410022,8.452536414390882e-11,2.787578908174577e-15,0.5059331918221025,6.102077134298901e-48
2.0836362606011396e-11,8.210358629283727e-17,1.650683483364558e-12,5.177504991929323e-07,1.5004615904189027e-08,0.5678147250247045,2.7220802899845623e-11,1.4351439893953331e-15,0.4321847421704711,1.940786882859671e-48
2.0865440473531764e-11,9.354139642726921e-17,1.6806998310655902e-12,5.254666621152227e-07,1.461579138867091e-08,0.6766853331782142,3.005355563678888e-11,1.3590800737721818e-15,0.32331412668673115,2.1402580737409165e-48
1.5034604110366486e-11,6.368366106060465e-17,1.5116511513782123e-12,3.4934890866871446e-07,1.1308504373407662e-08,0.41431365010225923,2.182901818927035e-11,1.05941535942274e-15,0.5856859892019514,1.5585623354321293e-48
5.575615802768297e-11,2.807014190024036e-16,1.7956102066818904e-12,7.295526181525087e-07,2.6079734525483968e-08,0.5757269738094485,9.959928283556657e-11,2.409987925137403e-15,0.42427227040104504,7.121387945732269e-48
2.4066221032637975e-11,7.987427878204218e-17,1.9321805935982795e-12,4.0190898057578805e-07,1.5565354499387006e-08,0.625273580043847,2.7515908429629534e-11,1.684547885640536e-15,0.3747260024283019,1.9650652103522307e-48
7.587867085870529e-06,3.923462082038637e-09,1.5297671384853877e-84,0.8202179498645789,0.014857586551230007,4.543930323783722e-91,0.16491687101670488,7.769382788089716e-10,3.246625540512363e-163,4.923563893875848e-70
7.224182588207063e-11,6.193642756427487e-16,3.288816568162088e-12,1.3598908208560094e-06,4.4517457174288164e-08,0.5279337369062922,2.495167915673643e-10,3.4466059875847747e-15,0.47206485836037837,1.7976616691397576e-47
2.370194884921987e-11,1.40944274087233e-16,4.020665631345663e-12,4.835932078648392e-07,1.694747346557793e-08,0.6119122401871393,4.773514696730169e-11,1.4446249218034718e-15,0.3880872591967201,3.4044041397147366e-48
1.3282684433942147e-11,1.0892906164519237e-16,1.3031330595119165e-12,4.5021644598582304e-07,1.2686197621053509e-08,0.16677306572250655,3.345947274311715e-11,1.0051173078800536e-15,0.8332264713268034,2.379553957986493e-48
2.7476219906179655e-12,2.0044456107475246e-17,2.4773120162380276e-12,1.3507215532398202e-07,4.438953452128181e-09,0.9227089857522875,6.431868283958959e-12,3.323488248786763e-16,0.07729087472494639,4.9100776811533305e-49
4.438140444171457e-12,2.769261091891272e-17,1.830942927063103e-12,1.7545954139433578e-07,5.303037241360637e-09,0.8843765196537631,8.914621857739438e-12,4.2495944451687575e-16,0.11562329956847406,6.6138489681830986e-49
1.956759742824932e-11,1.1989544667952512e-16,1.9695165254829175e-12,6.533413891361839e-07,2.0538327729657084e-08,0.8304739516130614,4.123057689708675e-11,1.6806298005758404e-15,0.16952537444445234,3.0944070620050484e-48
2.6361204814547122e-12,1.3051521442743885e-17,4.437078475039728e-12,8.790385828664266e-08,2.7833691649691457e-09,0.9007408981277752,4.082837022310068e-12,2.4868525836805743e-16,0.09925901117384085,2.9315595182793015e-49
1.0429091407561446e-11,2.82681071525788e-17,2.1105557590513518e-12,1.502278815843203e-07,7.206604865858402e-09,0.8621908390011354,9.868657072546792e-12,8.667876548322253e-16,0.13780900354196896,7.03759085782418e-49
6.739064646366759e-12,1.6084318490132532e-16,2.8372720241469305e-12,6.929528091740174e-07,2.8618660488706992e-08,0.9392004270973795,6.288950017312688e-11,1.1891399568225152e-15,0.060798851258683784,6.346626052945488e-48
2.3817473637706606e-12,1.1416234518491471e-17,3.934470861714031e-12,8.22189904089212e-08,2.5543049058647904e-09,0.3429407023340646,3.5042655126222824e-12,2.2953939848371333e-16,0.6570592128828193,2.5281001280224555e-49
2.498368457688561e-11,9.982894890979789e-17,2.938836611630294e-12,3.5185789754014505e-07,1.6464160994669072e-08,0.5893572919847906,3.910587504710736e-11,1.5982819179398868e-15,0.41064233962612073,2.8036663019721825e-48
1.855016526775968e-11,1.0023664423969213e-16,1.2876156540470581e-12,4.301736782167479e-07,1.476755993154708e-08,0.21444663220572277,3.348452393358353e-11,1.3352605620759329e-15,0.7855529227997154,2.3877078459354238e-48
2.2532816702537473e-11,1.672615382355872e-16,1.7156019735875162e-12,3.810028632775641e-07,1.4135026486673008e-08,0.24726296178219576,5.720885230335627e-11,1.182947759912148e-15,0.7527366429984558,4.0820072634832676e-48
2.5669349076640357e-11,2.475512258258121e-16,1.6161898059017235e-12,7.258586032760258e-07,2.138526167985233e-08,0.21148816606185936,7.918174023449207e-11,1.6459344054455643e-15,0.7885110865878066,5.639558460943589e-48
5.679025855945473e-11,1.5508624168797906e-16,1.8984258550723988e-12,2.9060439555084837e-07,2.158119489703544e-08,0.47928711852874145,7.474773685786519e-11,2.5695214537843308e-15,0.520712569152229,5.398878774026778e-48
3.066998668182043e-11,1.3726915320444777e-16,3.0054432417840407e-12,4.770468540540594e-07,2.03750335846575e-08,0.5126983635174948,5.271182082640381e-11,1.8851581956411167e-15,0.4873011389742284,3.777887171164976e-48
2.047926766707226e-11,9.638475250234094e-17,4.0930142958185945e-12,4.972935885216285e-07,1.690100916897119e-08,0.7112660264201587,3.227492616167271e-11,1.5259074303386208e-15,0.2887334593283949,2.2998836208280725e-48
2.373935540187755e-11,6.823339905570057e-17,1.7019563946604028e-12,2.2906287759638316e-07,1.2761482632369099e-08,0.5964200414666517,2.7624780453744633e-11,1.4408386878909703e-15,0.4035797166559204,1.9820673560915918e-48
8.432928498986924e-12,1.5703773540870218e-16,2.823218785379777e-12,7.908631766769484e-07,3.020926961955392e-08,0.9206348357743155,6.093429382069746e-11,1.414223436419663e-15,0.07936434308104612,5.572178323543724e-48
5.043874233143976e-12,1.6650960098224156e-17,1.9622604188243568e-12,1.111207293034377e-07,4.312975570618719e-09,0.8925400015759383,5.491608194220603e-12,4.75910469351544e-16,0.10745988297785869,3.9092386804107565e-49
1.6175050605198712e-11,9.186549082577474e-17,3.5686469832034046e-12,4.052705867229671e-07,1.2720880704457384e-08,0.4163091009583677,2.965414720935678e-11,1.080696022724423e-15,0.5836904810007657,2.1128747079933018e-48
1.5916802564560633e-11,6.681632537146154e-17,3.0256142411720592e-12,2.641591744052319e-07,1.0740229921251229e-08,0.8177782039829395,2.175001643542055e-11,1.07551462644298e-15,0.18222152107696238,1.545926726532044e-48
2.059398426034885e-11,6.674112184921439e-17,3.399556361509579e-12,3.9792129373874655e-07,1.4803750659896262e-08,0.7511023534666975,2.1277853807719325e-11,1.6047251043104524e-15,0.24889723376298514,1.5121157559570583e-48
2.5973526268088333e-11,1.4978932919982825e-16,2.110919055696233e-12,2.9570975489313176e-07,1.38049559989923e-08,0.32404329758233874,5.1073859646888794e-11,1.2910035926637999e-15,0.6759563928237907,3.6386610067429264e-48
2.761115354656651e-11,1.1786151616753766e-16,3.55426386921771e-12,4.669131262088405e-07,1.7895902222444496e-08,0.6126611543713353,3.818649083866647e-11,1.7329529161877064e-15,0.38733836075028255,2.713730355823982e-48
1.2466973458013663e-05,1.0498184144566344e-10,2.3377885772050286e-84,0.9861525866137563,0.013784541827204835,6.944029675702566e-91,5.0403696863491017e-05,7.837355887543132e-10,4.961489832097343e-163,7.524185309431009e-70
5.432041667631489e-12,2.5454940007182252e-17,5.094610512472986e-12,1.5822681399622228e-07,4.845070535866733e-09,0.49940745428584965,7.97080126015924e-12,4.387379330631547e-16,0.5005923826237678,5.669158382028097e-49
6.0841922566816344e-12,1.6781574055937122e-16,2.779446631371308e-12,7.769699029220054e-07,3.338863545521292e-08,0.9457801847636073,6.95890986059642e-11,1.2048060781848932e-15,0.054219004799400235,7.49477226478255e-48
1.2408677590973706e-11,5.708161198580745e-17,1.7182527182934068e-12,3.9733169970170517e-07,1.1142422764313968e-08,0.7751675755392236,1.8970006373696807e-11,9.94363538605871e-16,0.22483201595355612,1.3661888510149332e-48
4.351552776243328e-12,3.822865325464738e-16,3.0969025334738604e-12,1.346582990888073e-06,6.274160255091207e-08,0.9567294529203244,2.038626969745426e-10,1.1180840162700983e-15,0.04326913754376972,7.013996214633377e-47
3.9782800788806506e-11,1.8990735456043238e-16,1.6349056391587145e-12,1.0855136071728889e-06,2.6993331968510292e-08,0.6498640318627565,6.501108285079735e-11,2.3761174266468466e-15,0.3501348555238731,4.644113440050328e-48
1.9843055213610303e-11,8.656313173017518e-17,1.4541507934981006e-12,4.474188670521882e-07,1.4582458236910888e-08,0.3106091243875382,2.8487297581607898e-11,1.3999014201025043e-15,0.6893904135613504,2.0308410455144975e-48
2.061438951013129e-11,7.639109306556927e-17,1.5852986507216015e-12,4.881343967289567e-07,1.4684015292000286e-08,0.7023996498926758,2.5470246242040075e-11,1.4635342891320287e-15,0.2975998472412407,1.8164543750974188e-48
2.4448118670803416e-10,3.6407977820712297e-16,2.0520386792086047e-12,2.9120146956195246e-07,3.092159401857556e-08,0.6031239340065404,3.4034167577844934e-10,4.043879755944976e-15,0.39687574328351666,2.534260579173685e-47
2.642030220041802e-11,9.878205674720485e-17,2.500310731055676e-12,4.49423033897633e-07,1.644210785898032e-08,0.7753793514270598,3.226258078605049e-11,1.715853546469276e-15,0.22462018264661346,2.2982008866823448e-48
2.2455769163267342e-11,1.9344995062893923e-16,2.1702313099510862e-12,6.236262129608601e-07,1.7896600897518407e-08,0.2821720877316073,6.637232566081032e-11,1.3665590159826074e-15,0.717827270654579,4.750411932082436e-48
1.3417587835646423e-11,6.111168014969135e-17,1.5702610563162147e-12,3.7722404434474277e-07,1.0260843190909004e-08,0.4945870922327035,1.901038072782298e-11,9.553634066572707e-16,0.5054125202484097,1.352729565005066e-48
1.497982371736245e-11,8.836990768112855e-17,1.3248083988257612e-12,4.184708375638975e-07,1.1756116234465245e-08,0.2575747437039518,2.71657208601746e-11,1.0257894115461975e-15,0.7424248260256229,1.932350818177951e-48
8.86454312487279e-12,6.476349730764508e-17,2.050721546398935e-12,3.581491654708143e-07,9.869411332478187e-09,0.4232115605974962,2.028568747378824e-11,7.605588914972897e-16,0.5767880713527253,1.4934079256109908e-48
1.2328475053586113e-11,8.382279122169705e-17,2.368752369504404e-12,3.178613789922537e-07,9.626767410429433e-09,0.3086872757065036,2.751500527269383e-11,7.818454923148227e-16,0.6913123967631369,1.9631282294229908e-48
7.984245269543977e-12,3.188713724919854e-17,2.0486332965652276e-12,1.9126189467973033e-07,6.717250619577692e-09,0.27987785143128174,9.908377786354166e-12,6.7887321446506695e-16,0.720121950569631,7.04540549855046e-49
5.1880171921084986e-12,2.2267701486607215e-17,2.818052757511478e-12,1.4108544632584542e-07,4.918435868699725e-09,0.9176924702930102,7.024913294334837e-12,4.728689844641352e-16,0.08230738368807622,5.04314069911103e-49
3.8377701380729695e-11,2.1533091238888302e-16,1.7403238982321174e-12,9.166410840155891e-07,2.482628441850301e-08,0.4095765982243359,7.040516037120625e-11,2.131037301691099e-15,0.5904224601977701,5.0184742925179846e-48
2.1154398272941383e-11,7.170277111176946e-17,2.747814416226484e-12,3.3632649913570876e-07,1.5129894030469595e-08,0.6886364310770685,2.4548615692410932e-11,1.6213468080303234e-15,0.31136321741808587,1.7577182933049247e-48
8.45658738514887e-12,1.1235551789583385e-16,1.9356755272090762e-12,6.285533424844466e-07,2.1256452547000087e-08,0.9144190070898844,4.208133968145172e-11,1.1839203255806863e-15,0.08558034304784576,3.594219797626321e-48
1.8765717858200224e-11,6.28344365558357e-17,2.7037447494016474e-12,3.3821756980715457e-07,1.3366152109242078e-08,0.48263582623702406,2.0311463295205035e-11,1.4485465897240847e-15,0.5173638221374715,1.4459098362675996e-48
6.657986462315929e-12,3.4545323940653e-17,3.480333012269285e-12,2.3836962571181232e-07,7.89165743675423e-09,0.7274369640485656,1.1110642680445071e-11,6.795847686823122e-16,0.2725627896689016,8.177263663147796e-49
2.1492386997618214e-11,6.847001678663788e-17,2.0963649718723827e-12,2.188496654419534e-07,1.3121410674119574e-08,0.579483908062351,2.7181487634151298e-11,1.4831236192994113e-15,0.42051585991580115,1.9620052216859604e-48
8.442548073397876e-12,4.991496706164956e-17,1.720581027793727e-12,2.6146647586100983e-07,7.57653735454674e-09,0.4040653737996185,1.545311330018262e-11,6.468230177117648e-16,0.5959343571317514,1.1106947747839363e-48
1.5140654767339028e-11,5.135739683377979e-17,3.739106424738183e-12,3.112836932039258e-07,1.115233694891083e-08,0.7123588770284893,1.596170023894528e-11,1.1845471185943282e-15,0.2876408005006377,1.1336973288589138e-48
6.154479150950803e-12,3.424699632965635e-17,4.609448446287926e-12,1.7955929670165394e-07,6.55854515457647e-09,0.8483089410261037,1.090416428219065e-11,5.612382664069897e-16,0.15169087283438584,8.015646394608513e-49
3.622587028862424e-12,1.303196983303867e-16,3.3596858236948683e-12,5.766115883830447e-07,2.3176771400412673e-08,0.9544286467426973,5.194409727235862e-11,7.355406300652528e-16,0.045570753410015624,6.119271523965865e-48
3.963190652545541e-12,1.6098977449154283e-17,5.584531870993596e-12,9.746972524213877e-08,3.27574226115088e-09,0.566438187707182,4.8358387611471706e-12,3.243060433365089e-16,0.4335617115329666,3.432676764945732e-49
2.538789486705821e-11,1.2525904861274716e-16,2.832823944192946e-12,6.534539696689718e-07,2.4959542525486015e-08,0.858345988426455,4.2955505426897506e-11,2.2781658079474148e-15,0.14165333308885425,3.1410487300256685e-48
6.785828612056464e-11,3.015374002440374e-16,2.4869088873435927e-12,4.321038643833843e-07,2.4431189848749446e-08,0.6834711547666716,1.2679146887441496e-10,2.4919305110226143e-15,0.31652838850113474,9.09251629503491e-48
9.322536961896187e-12,2.6966081246530664e-17,2.4628917334216466e-12,1.6588711138405063e-07,6.931572191524859e-09,0.8670319570402261,8.905165298776928e-12,8.047802080440129e-16,0.132967870120399,6.3389102431342294e-49
1.5150092083102486e-11,8.100922187866113e-17,1.6900595883263931e-12,3.694952019844378e-07,1.1018589679144086e-08,0.4833893146021256,2.5678021950064884e-11,9.820576803024935e-16,0.5166103048415635,1.8277654483417114e-48
2.3884531207966316e-11,8.504249949730751e-17,2.025404534164489e-12,3.0793180584078805e-07,1.5474851444576512e-08,0.3905735303793895,3.081987055540217e-11,1.6774262240255044e-15,0.6094261461572217,2.203073772237844e-48
1.5887177559721844e-11,6.264713708383754e-17,3.1783340039221348e-12,2.9575941434774666e-07,1.2174105615503854e-08,0.6792137223405096,2.2670933262117564e-11,1.1844862961044257e-15,0.32078596968423273,1.6198922436194762e-48
9.236365059292001e-12,3.509824755765956e-17,4.058456922233274e-12,1.8052855921648005e-07,6.599816089820823e-09,0.6341076791770764,1.0705294175786445e-11,6.745498241688945e-16,0.3658921336705474,7.600398025641041e-49
8.350186644520381e-12,2.3621459746726617e-16,2.975155967486175e-12,9.502281661477808e-07,3.981380107525403e-08,0.9316634997891369,9.607832967455105e-11,1.5216902539406257e-15,0.06833551006149043,1.0343471692188014e-47
8.74119927503551e-12,3.4390684602374787e-17,3.0682256564295053e-12,1.788981139943085e-07,7.654263980973891e-09,0.5641483611790779,1.1613542037198309e-11,7.759627656438791e-16,0.43585145224512045,8.310613838168841e-49
4.7803446697763315e-12,2.4828363235729456e-17,3.9432630621845995e-12,1.380313087420231e-07,4.605487977799055e-09,0.7476013408956528,7.811028542223154e-12,4.029401513274782e-16,0.25239851645101546,5.6669150198241795e-49
5.339530069801541e-12,2.9060903006718697e-16,3.0274463330605567e-12,1.1226803082126751e-06,4.680681623111071e-08,0.9480866800361408,1.3561342271224566e-10,1.1828271676817741e-15,0.051912150332752996,2.2168275617013954e-47
7.374631600830983e-12,3.2081469887619543e-17,3.5155498607356195e-12,2.2147454173497435e-07,7.1857812089676085e-09,0.8255504790218469,1.009911767624875e-11,6.945763404730865e-16,0.17444929229684017,7.176548501892793e-49
5.985191643691034e-12,2.5794584330149972e-17,3.930955385672628e-12,1.6855120650507952e-07,5.801230294094437e-09,0.5369629361010639,8.050928964254106e-12,5.58609232539936e-16,0.46303688952853167,5.7468352881624916e-49
3.07535636681956e-12,4.7953000682747863e-17,2.909455998549162e-12,2.3813820664482076e-07,9.117513648487944e-09,0.9588416643588302,1.672299081678497e-11,4.730044504785802e-16,0.041158088362741124,1.4461385359789843e-48
3.391095667105371e-12,3.915363450950975e-17,2.6260736347406616e-12,2.480342732879546e-07,8.324722785582061e-09,0.9417296221353239,1.3993493115772596e-11,4.804924269044207e-16,0.05827012148566871,1.1398535420923316e-48
9.535724798595225e-13,6.428792006607101e-18,2.800947264318751e-12,3.757289043568469e-08,1.3111930812989366e-09,0.9696370817958391,2.04312474962817e-12,1.0296272541125925e-16,0.030362879314279518,1.5273089506063548e-49
1.995062585723056e-11,1.0633735352251865e-16,3.877802589564397e-12,4.923809919416279e-07,1.6934067039585e-08,0.5161586180151854,3.365174326656404e-11,1.4787453297278906e-15,0.4838408726122738,2.4281877146560314e-48
1.6057254605803033e-11,7.215536833492614e-17,3.341741793673043e-12,3.8303086915167156e-07,1.3380386414219253e-08,0.8240676779638167,2.3107777218071083e-11,1.280642289470496e-15,0.17593192558241944,1.641722777189382e-48
1.1907291847268803e-11,3.908176777827014e-17,2.6948295060630714e-12,2.4722167705296217e-07,9.223681503267137e-09,0.859036358879983,1.2469749085002298e-11,1.006118005830867e-15,0.14096338464758562,8.866982042853484e-49
4.602829185590086e-11,5.780710876212071e-16,2.109579987819544e-12,1.941362508354188e-06,4.909596045196011e-08,0.5350858907331114,2.0383452647162315e-10,3.3025643228446634e-15,0.4649121185564436,1.581969283135028e-47
1.7005196876707398e-12,6.60154861105241e-18,3.225627049118641e-12,4.7664064360617564e-08,1.7331777156760335e-09,0.9175916963472376,2.0917940216731985e-12,1.7420290832683883e-16,0.08240825424850204,1.503309078034279e-49
2.3203575982391668e-11,1.6365397078282844e-16,1.5839060969650764e-12,3.7067388380106587e-07,1.422735574831253e-08,0.2958749808427165,5.57335919179052e-11,1.229029424096661e-15,0.7041246341755214,3.975017206813432e-48
3.5393800016998836e-11,2.0286547745558445e-16,2.76180195518379e-12,6.894047645216268e-07,2.742025544172718e-08,0.8015953598600891,7.186042863227526e-11,2.4398302397976887e-15,0.1984039232048721,5.35462260038613e-48
3.5393800016998836e-11,2.0286547745558445e-16,2.76180195518379e-12,6.894047645216268e-07,2.742025544172718e-08,0.8015953598600891,7.186042863227526e-11,2.4398302397976887e-15,0.1984039232048721,5.35462260038613e-48
2.094458531698655e-12,9.1609206995692e-18,6.45995185975367e-12,6.261588171722003e-08,1.958476207329937e-09,0.4845601470796865,2.7409980645479726e-12,1.8820738301462298e-16,0.5154397883346599,1.9459020900917855e-49
2.5888566961989484e-12,4.59309350964144e-17,3.54498421038146e-12,2.5899912334985285e-07,9.518103769296991e-09,0.9607203376216725,1.5999168242558573e-11,4.40015120985382e-16,0.03927939383896695,1.4324602687628872e-48
6.7033607248432184e-12,3.199577755803332e-17,3.48972091884208e-12,1.3178718984645557e-07,5.0401151640920916e-09,0.4942308297418051,9.853608312313532e-12,4.801601357482815e-16,0.5057690334108428,7.026073910511215e-49
2.2211689255547927e-11,1.0615391016994396e-16,3.887928015635135e-12,3.743973411158869e-07,1.469463763207358e-08,0.7076738711217126,3.4987359918713234e-11,1.3666286309840769e-15,0.2923257397252202,2.4892263933086424e-48
7.386882756658848e-12,3.2323370055027077e-17,4.714997027535262e-12,2.0741374513663622e-07,6.805697588107237e-09,0.7629622688699449,1.047227382147658e-11,6.352973406761219e-16,0.2370375168880376,7.453117888319866e-49
3.657999517859506e-11,2.1732519254883577e-16,3.5319766958350262e-12,8.471831119621124e-07,2.7114853192575082e-08,0.5952406802519645,7.659244872937347e-11,2.2630904679640322e-15,0.4047584453333633,5.471083668832812e-48
6.810806709904618e-12,1.3523043168806425e-16,3.2122153861392568e-12,6.887201409140107e-07,2.2228357597472113e-08,0.908087441516077,5.20910956949304e-11,1.0193841518773782e-15,0.09191184747330916,4.7713122582874656e-48
1.838781364942474e-11,3.88521842820194e-16,4.246232681295804e-12,1.2785837732582392e-06,4.508795336921968e-08,0.8300195767662832,1.580591631403415e-10,2.249077797737844e-15,0.16997909938129416,1.4510936871635196e-47
4.463539644709362e-12,2.4764792921432395e-17,2.6575830409458016e-12,1.6261899640584278e-07,5.7580554281244134e-09,0.935339157462391,8.074352684976624e-12,4.856179777190305e-16,0.06466067414536122,5.985761517831561e-49
6.243284140986291e-12,2.543600143828697e-17,2.5563936396352757e-12,1.4710904271280916e-07,5.278751540963467e-09,0.2951338580655748,8.263958097730069e-12,5.114519432905976e-16,0.7048659895295668,5.88469244189448e-49
5.504351152199991e-12,2.7681405247245112e-17,2.546320575364021e-12,1.8429966465374334e-07,5.682584408004982e-09,0.33902203533248537,8.506957727350085e-12,5.227773201693342e-16,0.6609777746687073,6.046294486835444e-49
3.997079340273604e-11,1.6503160620653573e-16,3.140157620666731e-12,8.095546410980423e-07,3.147139414041554e-08,0.8064506636901551,5.596578063934643e-11,3.0741001326507264e-15,0.19354849518472975,4.023551832857859e-48
2.8448899882921927e-11,1.503477927418476e-16,2.059213793776718e-12,6.728391276675542e-07,1.953710379467306e-08,0.42344977926624405,4.9014936343532e-11,1.7026016567518565e-15,0.5765495282779997,3.4910413517247424e-48
3.8690884914241905e-06,1.597594464410117e-09,3.547593485106354e-85,0.6071980656942753,0.017108229191292332,1.053756301066361e-91,0.3756898335533772,8.749692849049117e-10,7.529059375340719e-164,1.141794901589571e-70
1.5262397305411133e-11,1.0115727250126554e-16,2.4819259028742795e-12,5.508089592587879e-07,1.89857723801616e-08,0.8782922229702951,3.475332328638078e-11,1.5149225274358097e-15,0.12170720718247396,2.602360323244153e-48
7.932516428667636e-12,4.6528280220859745e-17,2.545316191634701e-12,3.153956740978978e-07,9.2228628166529e-09,0.8417046601330516,1.5120781810671917e-11,7.653221253414214e-16,0.15829501522281222,1.098086960794664e-48
9.855255236440993e-12,3.3016352232584265e-17,2.301861602522966e-12,2.1845095439724196e-07,8.072093701306951e-09,0.8934695683191063,1.0752874454070425e-11,8.780350457044353e-16,0.10653020513493469,7.64701273518442e-49
7.843128066810788e-11,3.690801070242324e-16,1.7108275384335003e-12,1.6442532126804694e-06,4.457404766431964e-08,0.679128178367802,1.3839593672568526e-10,3.945861051250599e-15,0.3208701325863951,9.9208920296963e-48
9.32742193500814e-11,3.6464781793661047e-16,2.8206671417357374e-12,1.2170313536203295e-06,4.8816771724885757e-08,0.7608305431862828,1.322818619884054e-10,4.986220795042524e-15,0.2391681907372097,9.445483186889649e-48
6.370204897318871e-12,2.2261979209583043e-17,3.157465718803979e-12,1.4268650363278712e-07,5.5279929572426985e-09,0.8277610657780184,7.227926965398366e-12,5.880389124692713e-16,0.17223878599072887,5.143579159948494e-49
6.3771560550697855e-12,2.51335510416021e-17,3.258571310490488e-12,1.7190610836443929e-07,6.066960507687549e-09,0.8067075530232043,8.020490037086362e-12,6.172410482606668e-16,0.1932922689860699,5.7039482735552065e-49
