i = 0,i = 1,i = 2,i = 3,i = 4,i = 5,i = 6,i = 7,i = 8,i = 9
0.0001117294457011679,2.045652067146628e-12,6.503409067353072e-32,9.731575175141003e-37,0.00496205018555155,0.03703753169246653,4.2636989333936164e-07,3.485488671881701e-07,0.0013802196389068409,0.9565076941165678
0.0001309392041077445,2.110046166276654e-12,6.708126892609818e-32,1.0037910957735138e-36,0.004265217696637605,0.03524269108262585,4.939245776793098e-07,3.6257756111044733e-07,0.0015267759056892033,0.9588335196066907
0.0001332117016158982,2.4544718174115036e-12,7.803102879775591e-32,1.1676411784566099e-36,0.004451843434992982,0.03657683899521064,5.227671859915255e-07,4.022277840362939e-07,0.0015537673746154241,0.9572834134961405
0.00012964422873365546,2.7079292500101977e-12,8.608879057987841e-32,1.2882159627182103e-36,0.009072447013618559,0.04321352006391055,5.62075138857629e-07,4.28978557029294e-07,0.0019818853345881906,0.9456015123027454
0.00011275986059716284,3.814148704693869e-12,1.212571808912667e-31,1.8144689333671425e-36,0.006769200136899661,0.05981427510847138,4.68023724772326e-07,6.19078693253082e-07,0.0014612501629243323,0.9318414276248752
6.0661814914190815e-71,5.77166700429276e-53,2.4328829187007446e-85,6.267614610508899e-77,0.002031401892856302,2.213601500115918e-88,5.282842371050938e-06,5.034420800609678e-06,0.016192579914262577,0.9817657009297094
0.000126064403789827,6.369523763256944e-12,2.0249635358297803e-31,3.030116154736571e-36,0.0060763296035430524,0.06402933907879342,5.579053648216375e-07,8.59397031337716e-07,0.001616075967014679,0.9281507736380933
0.00021819771334502354,4.343099429075794e-12,1.3807311692014518e-31,2.0660993381449827e-36,0.015581109396239249,0.09370708122097238,1.6349503546464158e-07,5.512209910713623e-07,0.001871280438339728,0.888621616510734
0.0001175224681379662,4.100201143878195e-12,1.303512742080929e-31,1.9505511816862716e-36,0.010782594327906235,0.06771144748284945,6.378333551746947e-07,6.522497658059233e-07,0.0020867902495936516,0.9193003553842916
0.00017583844531494423,5.002420195644842e-12,1.5903384003011727e-31,2.3797515327977635e-36,0.013201694623588063,0.073564576043717,3.3387336580470066e-07,6.533863190570719e-07,0.0024977069222436414,0.910559196700449
0.00011653950990675289,1.2539380083965848e-12,3.986439232723587e-32,5.965230338827593e-37,0.009831669317813157,0.03357016057886773,1.5880923346184172e-07,2.228551343816624e-07,0.0010266681665735407,0.9554545807612171
0.0001377647651322333,2.1323275015232465e-12,6.778961595867673e-32,1.0143906633637346e-36,0.011849254356264122,0.05280902668754865,1.777458653671114e-07,3.595859027813112e-07,0.0013642821817417305,0.9338391346754128
0.00011182083369956297,1.9022274241334663e-12,6.047443467091061e-32,9.04927709573785e-37,0.009457868621610535,0.043909046317545226,3.0786257693670105e-07,3.378165385221718e-07,0.0013888096398064628,0.9451318089063205
0.00012062345551404197,3.0033661827399893e-12,9.548120435940002e-32,1.4287622205728561e-36,0.006052603253477513,0.04850950984110794,4.6076081388000454e-07,5.01531908765818e-07,0.001388724919850078,0.9439275762343246
0.00011645998096444947,2.5287132319930094e-12,8.039129512996574e-32,1.2029597460069097e-36,0.005766430093800103,0.04699538013681498,5.028780528706398e-07,4.2914248253684307e-07,0.0015259194904505662,0.9455948782749058
9.929607847984357e-05,1.5580041330127905e-12,4.953107321555088e-32,7.4117337155100686e-37,0.00927644959035667,0.031592117677696624,3.455143462340476e-07,2.699518991515012e-07,0.0013966054307447404,0.9576349157549187
0.0004393437375841003,3.457690759591635e-12,1.0992471282391818e-31,1.6448920794815342e-36,0.012457105608989267,0.16032323350194105,6.436846662076175e-08,4.267271958656513e-07,0.001006371218062556,0.8257734548343028
0.00010087296587009294,1.3562624205318156e-12,4.3117430207558587e-32,6.45200861699035e-37,0.006609290027788212,0.03182621838038889,1.9087949417869816e-07,2.3591298684876585e-07,0.0009886865819030337,0.9604745052502124
0.00011010099199760242,1.856326400152668e-12,5.901516114462422e-32,8.830914235965768e-37,0.009353778444195217,0.038030715025718066,4.229466449605707e-07,3.363087787540181e-07,0.0014954334165969815,0.9510092128642121
9.768968576399892e-05,1.2657141745458127e-12,4.0238794193497696e-32,6.021255107829599e-37,0.004117921564958039,0.030376693449393793,2.2501611594986643e-07,2.3345666828482066e-07,0.000951900773014507,0.9644553360528196
9.536277398814014e-05,1.302147634077638e-12,4.13970442828222e-32,6.194573404420511e-37,0.008391435579921468,0.02840372091916698,3.066694175768583e-07,2.339257471028682e-07,0.0012032881083914493,0.9619056520220651
8.177941937579329e-05,9.269516312244371e-13,2.946905393031858e-32,4.409692066009022e-37,0.006837572491691423,0.022656087939771436,2.294315159709444e-07,1.7037742703300933e-07,0.0009206922729820438,0.9695034680663093
0.00013251421461306348,3.6142902869012688e-12,1.149033599594173e-31,1.719391589458276e-36,0.004130461420360048,0.04751186433362524,6.095090780776284e-07,5.977395456519937e-07,0.001530739519617688,0.946693213259546
0.00013284498769411136,2.3728467259868455e-12,7.543603136359613e-32,1.1288101402299121e-36,0.008718482100037714,0.0393316144963214,5.448700461917879e-07,3.7363229641190324e-07,0.0021152810241849332,0.9497008588870465
0.0001574329980276555,3.651551644097982e-12,1.160878195724908e-31,1.737115613346619e-36,0.010858035229031652,0.05191647836238973,8.134098169596815e-07,5.14906578236162e-07,0.002910380529981474,0.9341563445605228
0.00012056824105033544,3.4382029696729138e-12,1.0930530319142598e-31,1.635623353894113e-36,0.006503600353290496,0.053240331934112796,4.761497503666005e-07,5.430722271680544e-07,0.0014923607903081406,0.9386421194558225
0.00017387911828072608,3.884130345493994e-12,1.234818154852809e-31,1.847757933896952e-36,0.011028007437123665,0.06215031920468339,4.5624613591041524e-07,5.369488947614313e-07,0.0023537662518317735,0.9242930347891657
0.00011060991036136633,2.2143689126778335e-12,7.039785539303087e-32,1.0534198523126552e-36,0.010127372036213734,0.04272585905422394,4.7182769543845344e-07,3.7696916625701045e-07,0.0017431452316919902,0.9452921649684328
0.00012630627840465506,2.732629281727889e-12,8.687409626251374e-32,1.2999671246194273e-36,0.004833969470577222,0.043600777414541714,5.854863697778606e-07,4.7607089697987886e-07,0.001690496782304814,0.9497473884941723
0.00019113308597452209,1.2659328162547066e-11,4.024586505821831e-31,6.022313178310317e-36,0.004729178868184214,0.07040892816981098,4.446946381354662e-07,1.3291840680457401e-06,0.002033120969837217,0.9226358650148275
0.00019539618050457157,3.9095445651525e-12,1.2428976308504124e-31,1.859847905053945e-36,0.008059068707532676,0.06837377423285748,1.8841708267642618e-07,5.068589791694178e-07,0.0015833457765230714,0.9217877198226109
0.00013185644426213464,1.438359723832842e-11,4.572766447542063e-31,6.842599009496096e-36,0.006333966862449469,0.07414636978181728,6.60522010920155e-07,1.3558868584429762e-06,0.001817155436433201,0.917568635051785
0.00041150565577800514,8.442175287910137e-12,2.68388723922286e-31,4.0161168026801176e-36,0.011225370818697065,0.17758965183426564,8.466764409517329e-08,7.129024308267803e-07,0.0014816399140188533,0.8092910341987233
0.00011275746810576768,2.5531709787503083e-12,8.116886021961828e-32,1.2145950791762541e-36,0.005738063687917445,0.044660057399928496,4.54566647584e-07,4.477971482503854e-07,0.0015336461945506911,0.9479545728831485
0.00015434112290712966,7.628987703686036e-12,2.4253646803484557e-31,3.629268660405709e-36,0.005318985497176581,0.06640919163982535,1.0890826128516824e-06,1.057718456241019e-06,0.002350474492513975,0.9257648604388788
0.00014483299362388847,6.1215006844630756e-12,1.9461124032936792e-31,2.9121248495652372e-36,0.006286882730065797,0.07207687264850021,9.571915688901955e-07,9.016093285373257e-07,0.002329455667055924,0.9191600971537354
0.00014324644804030346,3.0451344200993116e-12,9.680904637441844e-32,1.4486317909105586e-36,0.004003957867749576,0.044367968551166044,4.4936214366476404e-07,4.985778821516988e-07,0.001408889716406702,0.9500749894735664
0.00014442986299825918,2.7287502443731566e-12,8.675070268596593e-32,1.2981206870758744e-36,0.012608728684138143,0.05080124063347752,3.982967697105414e-07,4.2481803954312043e-07,0.0021707448421559674,0.934274032859692
0.00010736432529794289,2.5582740309568104e-12,8.133111598595002e-32,1.2170230429892394e-36,0.004857813263906848,0.04656536197689808,3.8667333445410054e-07,4.354789388433674e-07,0.0011518196983611585,0.9473168185807044
9.995632470253288e-05,1.4010236694632275e-12,4.4540473822470325e-32,6.664950103103177e-37,0.005440955242646243,0.031565526581158965,3.0957346633480535e-07,2.516396324870116e-07,0.0010756441941199631,0.9618173564428724
0.00016096805447706302,7.72090952130805e-12,2.454587403173808e-31,3.672996975978663e-36,0.004521999826062524,0.05567780233942692,1.0291271582108312e-06,1.033710650018096e-06,0.0021648556890812827,0.9374723112454231
0.00016568501205346152,8.163349543720283e-12,2.595245975565894e-31,3.8834757352086623e-36,0.004452087227792623,0.0562573864017433,1.0849946153896532e-06,1.1240725022631343e-06,0.0022282990366326336,0.9368943332464968
0.00016741620185058923,7.458733364351597e-12,2.371236686447269e-31,3.548272580307774e-36,0.0061211631050192405,0.06251888749339951,1.0913313195624439e-06,9.161416938380125e-07,0.002540146934935845,0.9286503787843227
0.0001161966328371632,2.4930843733202153e-12,7.92585971866058e-32,1.1860102737034224e-36,0.005941151343737711,0.04262456818933794,4.655967195386287e-07,4.034355925807681e-07,0.0015100377145893494,0.9498071770846926
0.00011658066318427488,2.094002968911678e-12,6.657122245857357e-32,9.961588593723813e-37,0.010949188812296704,0.047022526455249396,3.0208312363215854e-07,3.742715739918679e-07,0.0015998235559776012,0.9403112041565005
0.00021038889114220307,4.182377086283505e-12,1.3296363159692327e-31,1.9896419909071727e-36,0.010147383181463854,0.13648928689716702,1.0452287927023734e-07,5.79667489510348e-07,0.0012010822983256001,0.8519511745373503
0.00017353190551568377,1.0784361799646167e-11,3.4285079749238414e-31,5.130352827416634e-36,0.007226164528457552,0.10720247675143288,3.1128712714798146e-07,1.183253839667296e-06,0.0021416878784280887,0.8832546443844147
8.553896370181633e-05,1.1804785343610822e-12,3.752903249586678e-32,5.615771623796727e-37,0.010205796903748725,0.03212508466776926,2.757456163393929e-07,2.2438860044603404e-07,0.0010367104108186863,0.9565463689185641
0.00016468946887301605,5.0259257996388046e-12,1.597811773287584e-31,2.390934543166006e-36,0.006210509798256302,0.055492137162474364,9.494225561949316e-07,7.05124074270605e-07,0.0024446159899949426,0.935686393028745
0.00014679203766244323,6.5653164038787255e-12,2.087206518018408e-31,3.1232553458931445e-36,0.006581711052962422,0.060165483227558464,8.317843981987652e-07,8.903430397235413e-07,0.0020968710351938593,0.9310074205126195
9.924646248539805e-05,7.288851626534727e-13,2.3172246177582106e-32,3.467449968448547e-37,0.0070644151053051605,0.024518359178377625,7.653956999399038e-08,1.3306342410302444e-07,0.0005583602176240503,0.9677594094324848
0.0008664460929565068,1.898241054142961e-11,6.034792993819989e-31,9.030347172929126e-36,0.011670801181162902,0.29483882211590945,6.382326108926055e-08,7.654610761769989e-07,0.0013232110622964815,0.691299890244355
0.0002684559365789956,3.943234162280642e-12,1.253609041576818e-31,1.8758762522848003e-36,0.010582584081670053,0.13726170063286544,8.866579681282214e-08,5.002535330548836e-07,0.0011531868594948094,0.8507334835661176
9.518380150062218e-05,1.4794089155084141e-12,4.703245438974809e-32,7.0378452412422334e-37,0.00906868364845265,0.035009695303675155,3.388258391384196e-07,2.6851924708662515e-07,0.0012784514320349936,0.9545473784677709
0.00011584802340921643,2.533230126758585e-12,8.053491485995366e-32,1.2051088437870679e-36,0.0069401107988524835,0.05012664625525895,5.487964467366931e-07,4.427001742462466e-07,0.00176673244047066,0.9410496709828544
0.00011715453413283832,2.751002399042477e-12,8.745820155027362e-32,1.3087075628406176e-36,0.008610158558000474,0.055924149089950505,5.874887925191954e-07,4.7132805658455757e-07,0.0019391017767431077,0.933408377221573
0.00012585611403378557,2.805995037136908e-12,8.920645065244853e-32,1.3348680232798875e-36,0.004658013506515624,0.040331842213916155,5.371340346399333e-07,4.603707436788878e-07,0.0015901650342574425,0.9532931256236926
0.000121403747872875,1.861567583251133e-12,5.918178748972554e-32,8.855847879024645e-37,0.007940851744482079,0.0380636662592799,4.098014134720101e-07,3.1554069961766063e-07,0.0014243948593589606,0.9524489580450315
9.092595202543832e-05,1.2400768485040866e-12,3.9423736524102564e-32,5.8992914592316455e-37,0.008941976927183959,0.02847304129622629,3.148652757088058e-07,2.2649646118622816e-07,0.001382756952632368,0.9611107575089549
0.0001266285040846889,6.976648194812088e-12,2.217977743806096e-31,3.31893887145925e-36,0.005954357403896539,0.0650355865185909,5.763711672081651e-07,9.237627298935774e-07,0.001656559545053576,0.9272253678875007
0.0001317044916646665,4.52616902252761e-12,1.4389327662720272e-31,2.153191079005764e-36,0.007008663427404083,0.0573671305540505,5.814486736923082e-07,6.909327927178652e-07,0.001735047572163385,0.9337561815687248
0.00013016733262799708,3.1032223418911363e-12,9.865569503856085e-32,1.4762646833075455e-36,0.00955826689562837,0.05795826817291055,4.877503291100809e-07,5.232064370572365e-07,0.0019308690327631945,0.9304214176062005
0.0011835647549267925,3.0005650427486633e-12,9.539210576681376e-32,1.4274289665167562e-36,0.010478589890316954,0.35971094598059944,4.226619249487859e-08,3.41391221789715e-07,0.0007314570488746894,0.6278950586648672
0.00016050583954934023,4.030195035023755e-12,1.281254517850102e-31,1.9172444067126966e-36,0.014144509961671117,0.06479664436570505,4.703106445256389e-07,5.648108963627963e-07,0.0026932438000315255,0.9182040609074719
0.00011862227020743934,1.8897007128631023e-12,6.007615634806084e-32,8.98967950008762e-37,0.0057440730507309695,0.038214856695289845,2.0457478555346713e-07,3.03069994804125e-07,0.0010633599521513673,0.9548585803849503
0.00010309980696325317,8.116601505466465e-13,2.5803781617597866e-32,3.861227827035322e-37,0.0035962093556700255,0.028577936553475375,6.785693198273187e-08,1.4482782649525893e-07,0.00048082710105351204,0.9672417144972677
0.0001420338403839665,3.988219576073574e-12,1.2679098285871538e-31,1.8972756725601428e-36,0.009890997891430433,0.050445900437092066,7.755722935722568e-07,5.823563047671447e-07,0.0028727340849274965,0.9366469758135795
0.00010302473304745483,1.65614968594966e-12,5.26512650639274e-32,7.878633171147367e-37,0.008032013435574784,0.03272362455939355,3.761030106135988e-07,2.836138597096557e-07,0.0015182908980184186,0.9576223866554393
0.00015128256565590371,4.345370111912291e-12,1.3814531341934972e-31,2.0671796725543898e-36,0.01241547239619156,0.05665446454543711,8.60436227885806e-07,6.117995097202761e-07,0.002951942946694133,0.9278253653059383
0.00017752293898474556,9.708675743143893e-12,3.0865276672503377e-31,4.6186201287541656e-36,0.004398679063136594,0.05716515701383424,1.2620689506769813e-06,1.2426067075051826e-06,0.0023463736748820276,0.9359097626237954
0.00013820384032591879,2.262833010590471e-12,7.193854925810958e-32,1.0764744964456197e-36,0.010836554964638747,0.04159833887472498,5.421583189236214e-07,3.6473288530860247e-07,0.0019912427561929137,0.9454347526706504
0.00017516306665463045,2.2507983075120237e-12,7.155594981757726e-32,1.0707493526342022e-36,0.00782822989982452,0.05410068502340058,1.8954690832216272e-07,3.4696582042309266e-07,0.0013284618361334441,0.9365669236590072
0.00012107059771604478,5.939531764398186e-12,1.888263027404893e-31,2.8255601656484928e-36,0.006135143448171888,0.0682569882385092,5.4765935931058e-07,8.469787692048086e-07,0.0015546269675717546,0.9239307761039631
0.00012200567913073915,6.864464470598759e-12,2.182313401477761e-31,3.2655714414166834e-36,0.006854119375738232,0.07168751366434155,5.849135440004057e-07,9.414333688073866e-07,0.001734187752491289,0.919600647174521
0.00011137038132223866,2.7632644880280896e-12,8.784803035839416e-32,1.314540885506271e-36,0.027944286754949116,0.06732658878956885,6.058813535109884e-07,4.6520232772938614e-07,0.0024285329718890213,0.9021881500158263
0.00012493932367974855,6.151343180722994e-12,1.9556007137573687e-31,2.9263229732886853e-36,0.01087855023713413,0.09471794709273211,5.88090343513743e-07,8.738442132157903e-07,0.002019772001221044,0.892257329404525
0.00010147663560064854,1.9634120574560287e-12,6.24196076436386e-32,9.340349006126835e-37,0.005073456675880948,0.0405497523549113,3.613584008481624e-07,3.569987725851516e-07,0.0011477472597150396,0.9531268487147553
0.00011208211867515614,3.0265500252532787e-12,9.621829062078106e-32,1.4397918364080364e-36,0.005671445518159022,0.05933519873484121,2.5956945815879685e-07,5.001456659659519e-07,0.0011264070158073895,0.9337541068943664
0.0001393873965957132,8.256716848718515e-12,2.624930643982073e-31,3.9278952972029005e-36,0.013963358936019365,0.10833108994670063,1.1324799920725202e-06,1.0272670594978253e-06,0.0032543388639490987,0.8743096651014269
0.00010737713248510115,2.891503494634563e-12,9.192496415808037e-32,1.3755473320404228e-36,0.00615187910453314,0.05337579411546983,4.289965008276496e-07,4.97285043611364e-07,0.0013864885065931736,0.9389775348564829
0.00011709395584037129,3.3277387524137625e-12,1.0579349250289347e-31,1.5830732999725823e-36,0.007269977067941338,0.05378117092816602,4.7113764175074414e-07,5.395377891041325e-07,0.0015167755402015772,0.937313971829092
0.00010979783839256631,3.0003257570053946e-12,9.538457923203795e-32,1.4273163409103698e-36,0.006344891298010228,0.05853787770904697,4.5323408842363257e-07,5.069775577201409e-07,0.001406010368653161,0.9336004625712505
0.0001426525818734312,7.697318866248608e-12,2.4470891003489517e-31,3.6617766610837606e-36,0.008444368803346298,0.07283467672128818,7.941797413723233e-07,9.366737156703875e-07,0.002311872621441104,0.9162646984108966
0.00011428506543879977,3.6835484344765756e-12,1.1710525534356507e-31,1.7523403248626003e-36,0.012011869661033094,0.07129504997153442,6.118636222480761e-07,6.045993606269791e-07,0.002058303900091276,0.9145192749352359
6.036976890581055e-71,5.743880293448581e-53,2.4211702169580076e-85,6.237440244119529e-77,0.0019022755146674128,2.2029444915320526e-88,4.709056670696644e-06,1.8127944285709414e-06,0.008634851464254809,0.9894563511699785
0.00014249765248945505,1.3014329807327952e-11,4.137452977187565e-31,6.191204376676157e-36,0.007206541184072763,0.0763766295147664,9.938196941118517e-07,1.254485855214425e-06,0.002496779356515344,0.9137753039735923
0.0001423334997125478,5.1286912783387966e-12,1.6304825879162218e-31,2.4398225164272496e-36,0.007642465648408689,0.05814379077713665,7.496770188095718e-07,6.842193068036678e-07,0.0021922961569490647,0.9318776800163387
0.0001441199752700646,4.228004146997881e-12,1.344141830251775e-31,2.011347761101342e-36,0.003945083655323906,0.046593117782430936,7.21095351552363e-07,6.898727457318952e-07,0.0016973526030454784,0.9476189150116042
0.0002247682901371218,1.9160943849214885e-12,6.091529179496578e-32,9.115246100606025e-37,0.012945410068615092,0.12354069941151799,6.37815717829755e-08,2.965122987401594e-07,0.0008358713396101616,0.862452890594333
0.00015947745756187114,1.762895791349825e-12,5.604488396774664e-32,8.386447720966822e-37,0.007644147186122171,0.06833893865429275,8.657268342098462e-08,2.908857736611769e-07,0.0008225501474538482,0.9230345090943493
0.00015006799529740668,4.250023834571567e-12,1.3511428797555971e-31,2.0218239957723772e-36,0.009383538039998626,0.09394523550410677,1.6774149845507393e-07,6.225331079699619e-07,0.001443167312440435,0.8950772008693003
0.00010080717579566496,9.112464762715676e-13,2.896976012640782e-32,4.334978709722835e-37,0.005657805451583712,0.026344977421508268,1.127469900882551e-07,1.654011368022873e-07,0.0006675485877092085,0.9672285832143649
0.00011021529979603193,2.4468547209962428e-12,7.778889510222201e-32,1.164017936805778e-36,0.0225226973672512,0.056475054813648486,5.589569792462628e-07,4.2220083692343217e-07,0.00232007535340068,0.9185709760056406
0.00042020045435371353,1.1453938558640469e-11,3.641373176688137e-31,5.4488801861737125e-36,0.012947983801978922,0.21678540496661036,8.084910860248483e-08,7.844922834613561e-07,0.0015010324428796715,0.7683445129813313
7.233601432271298e-05,4.765978002417504e-13,1.515169417928613e-32,2.267270125704739e-37,0.0022738519617290817,0.018091923446828202,5.043719516965581e-08,8.984225989655579e-08,0.00035271400758745184,0.9792090342896009
0.00012830762912026904,4.907181859780651e-12,1.56006247894741e-31,2.3344472313768603e-36,0.010238835784473852,0.0777342765780247,7.620210746590911e-07,7.102964107707312e-07,0.0023295542141178547,0.9095675534718707
0.00013644247859366607,4.074557362511959e-12,1.2953593141916103e-31,1.938350550353036e-36,0.004736364177979773,0.05464179683915858,7.129882246993137e-07,6.85007798146637e-07,0.0017954655925068374,0.9386885329116638
0.0001657895897176018,6.805781539391797e-12,2.1636542733071937e-31,3.237650283972351e-36,0.005720669766268936,0.06105328013961315,9.90513710616258e-07,8.595113332547647e-07,0.0023158113408356315,0.9307425991317151
0.00016097926754865842,6.707350644510311e-12,2.1323621661104583e-31,3.190825381768015e-36,0.00423351338092281,0.05329755217845537,9.57900666557686e-07,9.492341071255227e-07,0.0020050862255119243,0.9403009618060802
0.0001439453449958532,8.211423978571073e-12,2.610530132588893e-31,3.9063466512955254e-36,0.016525482352532848,0.11106708780628124,1.3238623551888912e-06,9.988110795516032e-07,0.003840321684260182,0.8684208401302836
0.0001317622851681317,5.494795075407924e-12,1.746873500260596e-31,2.6139876199063586e-36,0.008151338824124905,0.07311385363738243,7.966509298733383e-07,7.722129801675261e-07,0.002300869108282684,0.916300607275637
0.00012445843643026653,3.5204893740033097e-12,1.1192122321402606e-31,1.674767473675664e-36,0.007240707675844875,0.04997794098938736,5.835865602083178e-07,5.408764331993442e-07,0.0018772693974964947,0.9407784990343272
0.00012393767543997995,4.341698643294506e-12,1.3802873238210516e-31,2.0654351765274726e-36,0.015934355366801888,0.09302814950079286,7.344057961879175e-07,6.639646233091855e-07,0.002443665363693716,0.8884684937185104
0.0004383646685412914,8.225482431327021e-12,2.6149969803616694e-31,3.9130307556547134e-36,0.010498362936342858,0.1908013383762008,8.24449879977415e-08,7.441292523214915e-07,0.001348270983193549,0.7969128364532557
9.823437817215637e-05,1.6449764217255002e-12,5.229606322037798e-32,7.825481456299806e-37,0.01634245781763424,0.04150874373615395,3.86364294079321e-07,3.024199421463191e-07,0.0015103428463846854,0.9405395324357738
0.00013063255066960564,3.864870295046923e-12,1.2286962023188742e-31,1.838597162878917e-36,0.006006978528741393,0.051019504328434766,6.096641899143028e-07,5.645310080119532e-07,0.001793329624258148,0.9410483807688333
0.00015111230756785222,3.3662895970878787e-12,1.0701894408188795e-31,1.6014107196873377e-36,0.010175232186734641,0.04809707191806322,7.42252065363716e-07,5.1480210281212e-07,0.002532956734732655,0.9390423697953671
0.00011909245282189064,2.395466096151215e-12,7.615516293663111e-32,1.1395710855915357e-36,0.00698912372605767,0.040328975839851795,5.693473357809738e-07,4.1649553238046967e-07,0.0022335851845065907,0.9503282369514984
0.00017612183424401258,6.398025979805593e-12,2.034021294277381e-31,3.043670008774999e-36,0.007590345432055134,0.061355595346593794,1.2010093560472169e-06,7.879208853107741e-07,0.0031351311467687853,0.927740817303699
0.0001498538125440323,3.5518414255125704e-12,1.129179216201728e-31,1.6896818752855078e-36,0.006014610260073911,0.045803256799076354,8.003780862870873e-07,5.560563032468857e-07,0.0025789802371895642,0.9454519424531748
6.309352877823034e-71,6.00303236473922e-53,2.5304084400086405e-85,6.518860725785706e-77,0.002005883896955604,2.3023368184525834e-88,9.494192978484222e-07,5.522202103021467e-06,0.004925103510974186,0.9930625409706693
0.00010296503628388215,1.7195049992562872e-12,5.466542860952136e-32,8.180028697031976e-37,0.0056229487943338105,0.03514503964594371,3.524435325363596e-07,2.939255529649058e-07,0.0012027474233358593,0.9579256527292977
0.0005388816224237313,1.261168915782073e-11,4.009438176348193e-31,5.9996455119335314e-36,0.01189906262007134,0.2388458705692657,7.436002322500576e-08,7.937268857627804e-07,0.0014277651790452494,0.7472875519096732
0.0001027687450820026,2.072321702922998e-12,6.588198781823604e-32,9.858452859122302e-37,0.006168933796022787,0.05353141415771992,2.027249128419615e-07,3.7054349016859554e-07,0.0009830818324442691,0.9392132281982557
0.0007620896805136085,6.72933141191294e-11,2.1393817905889098e-30,3.2013294116707677e-35,0.01286677013884691,0.2609440560031211,7.280666334309476e-08,9.667010180395188e-07,0.001592922426224089,0.7238331221763197
0.00011648489831156687,4.8065449979533475e-12,1.52806930876938e-31,2.286573272126547e-36,0.006574683728016105,0.0628617259938736,4.96087645451856e-07,7.31995077634727e-07,0.0015098480431643448,0.9289360292491048
0.00012253888704984048,3.3942547059968404e-12,1.0790815442976717e-31,1.614716690843819e-36,0.005451136818110249,0.05489861399726,5.750593523682274e-07,5.816909729968064e-07,0.0016480481426183072,0.9378785054012418
0.00010660533002718509,3.0459366466389034e-12,9.683462731556279e-32,1.4490145791516471e-36,0.008499687445797705,0.05886374509148688,4.4977046768727955e-07,5.210409045987954e-07,0.0015052651835037992,0.9310237261347661
0.00015711618779859493,2.2109474981597525e-11,7.028938741522235e-31,1.0517967585333663e-35,0.024140351253131933,0.14196644694457045,2.358061033846298e-06,1.433679490090089e-06,0.006205671760644782,0.8275266220912209
0.00012914717665348107,4.302274080294887e-12,1.3677538763930103e-31,2.046680368920191e-36,0.012610264211638375,0.06257139891449276,7.421194438208271e-07,6.523511375223708e-07,0.002509689635311089,0.9221781055870207
0.0001377383774694931,7.068511525803522e-12,2.2471826713530042e-31,3.362640558522733e-36,0.0058385996557424125,0.06616963681091795,7.733526526261558e-07,8.999273996945772e-07,0.0019163025757375596,0.9259360492930118
0.00010874082672750174,2.523595278552021e-12,8.022863018430608e-32,1.2005256593138339e-36,0.006119766284978413,0.04700627603063943,4.0484867661700965e-07,4.3248546054101013e-07,0.0013097887968713572,0.9454545907241225
0.00013079503059596582,3.498087050234394e-12,1.1120910739246322e-31,1.664111510658153e-36,0.0047902025008223536,0.048533404520825725,5.645614132721322e-07,5.750671206706079e-07,0.0015645301501318535,0.9449799281655922
0.00015231293839048033,2.2245517854137286e-12,7.072158782278794e-32,1.0582641215938648e-36,0.004443907009288048,0.05854202633977904,1.2266038863904855e-07,3.632782214758311e-07,0.000883269172251406,0.9359779985994564
0.0001337615309622408,4.5335177583053556e-12,1.441269411300141e-31,2.1566875892995514e-36,0.006268888980714664,0.05845338522213803,6.344695729326487e-07,6.381171089521217e-07,0.0017514406130839048,0.9333912510618858
0.00010919780861418483,1.8948551966315007e-12,6.024006009519566e-32,9.01420573886809e-37,0.0054757810469931115,0.03722579410619295,4.3443795095800956e-07,3.3489276896226954e-07,0.0014695009432065455,0.9557189567623785
0.00011934669990993663,1.474205132211552e-12,4.6866980065033106e-32,7.0130839842792756e-37,0.008577306727782695,0.03506039140023852,1.8240615666802385e-07,2.590967392260681e-07,0.0011489421498173584,0.9550935715178813
0.00013736359022160162,5.126615434714449e-12,1.6298239207080322e-31,2.4388368995937527e-36,0.004908764014175785,0.05524375607724004,6.301801600045235e-07,7.643029138367701e-07,0.001692320905806286,0.9380164009243558
0.000117480676690025,3.061568803606734e-12,9.733149675948625e-32,1.4564496371276935e-36,0.011961745988490249,0.05900252161766064,4.375927492018015e-07,4.808967759232807e-07,0.0019167221838102325,0.927000611040762
0.0002599572298931123,6.128415961963031e-12,1.9483109728249982e-31,2.915414746364012e-36,0.011015687962376685,0.2078914378316343,8.322137577822735e-08,6.502582471432487e-07,0.001204475119562385,0.7796277083707822
0.00011874053752949523,2.634868842635259e-12,8.376613578059838e-32,1.25346020685078e-36,0.007335748469851649,0.047184641772702804,5.721272053379403e-07,4.4487281333261255e-07,0.0019829722428319685,0.9433768799744304
0.00014225469578004366,1.2166968301188132e-12,3.8680463090335685e-32,5.788069464405915e-37,0.004771447237929783,0.050935248631043324,7.39031844915534e-08,2.180361126440366e-07,0.0007115494593622799,0.9434392080353707
0.00012737615449301287,4.031075483855946e-12,1.2815355542794708e-31,1.917664944174054e-36,0.020434880042792043,0.10239826703116316,5.309696480975218e-07,6.204689356152728e-07,0.002449096535746104,0.8745892287931908
0.00012188975968651489,2.082121661859932e-12,6.619353313802239e-32,9.905071896438959e-37,0.005123595614827824,0.04705717043415389,2.1881277554447717e-07,3.554262490178854e-07,0.0010300561023370014,0.9466667138478881
0.0001156995256461657,2.0301727742103765e-12,6.45419751885915e-32,9.657935968581203e-37,0.006555756398213113,0.03585188524733001,4.888517578468268e-07,3.5114879299286373e-07,0.0019286851497684954,0.9555471336764612
0.0001851894196994523,1.7891208818966281e-12,5.687858320153974e-32,8.511200857100345e-37,0.006980758407973585,0.049520651579751614,1.0986599283543144e-07,2.9001239198485895e-07,0.0011294428745304724,0.942183557837871
0.0009952324034383014,1.2756833673582828e-11,4.0555829318525165e-31,6.068695628953402e-36,0.011087398069761304,0.3086712027080824,6.043858933797305e-08,6.838189987526508e-07,0.0012342185306851697,0.6780112040176878
0.00010167277301993357,1.244869849030762e-12,3.957610701134139e-32,5.922091883373519e-37,0.006193379802412234,0.026335513053664345,3.0842091084439494e-07,2.1568038998188725e-07,0.0012173877988544415,0.9661515224695033
0.00015760009054938842,3.789724810183648e-12,1.2048056397231101e-31,1.8028477884401792e-36,0.0083046954957489,0.06104518641916186,2.555680419406566e-07,6.006878202200776e-07,0.0018937026509848235,0.9285979590839032
0.00017057931453428216,1.063667661355044e-11,3.381551742093933e-31,5.0600884314678084e-36,0.013225491889041782,0.08271019438266783,1.5096101661963333e-06,1.0755703816078634e-06,0.0040834299662587566,0.8998077192563129
0.00010530885524335474,2.0751846257553854e-12,6.597297541196348e-32,9.872068066149777e-37,0.015187423226993053,0.04485353109961942,4.769412797434454e-07,3.6258082449304176e-07,0.0020325334630787555,0.9378203638308861
0.00012680070452201087,3.309649619678509e-12,1.0521838758026045e-31,1.5744675414692582e-36,0.006506748832708395,0.05169112305259366,5.018005714861389e-07,5.217901399539778e-07,0.0015364806221753893,0.9401378231939795
0.00013094810898455733,4.17837391017804e-12,1.3283638127529634e-31,1.9877378417783878e-36,0.009718382493396923,0.06992025152477578,8.173230189579945e-07,6.524646101253565e-07,0.00253992855474909,0.9176890195262861
0.00011889503127218781,3.2943490458443426e-12,1.0473194859055893e-31,1.567188562786887e-36,0.009356297620058192,0.06221814962867318,5.917797572207758e-07,5.332187295398488e-07,0.0019336273971084308,0.9263719053211069
0.00012422385713470292,1.9663045831938533e-12,6.251150780614654e-32,9.354100768176422e-37,0.007338100187007597,0.035280084964325734,4.785798047121622e-07,3.2507504222120854e-07,0.0018648043146578318,0.9553919830200608
0.00044983428360238515,1.4585721470845383e-11,4.637013047195491e-31,6.938736374960788e-36,0.012018767741479669,0.19551368720385984,8.547833170266647e-08,8.692538280439357e-07,0.0015966052918119128,0.7904201507325007
0.00010594719873432202,1.926207524910693e-12,6.12367808162787e-32,9.163353094130305e-37,0.01047744883034885,0.05074914280877137,3.1537858805555787e-07,3.33128042825863e-07,0.0013884295408379272,0.9372783831127504
0.00013780584845952913,1.3009972915932898e-12,4.136047904583932e-32,6.189101853287705e-37,0.005428859448646552,0.0395513802284412,1.1092939245424106e-07,2.239512085035282e-07,0.0008583735806156574,0.9540232460119352
0.0006999322492270736,2.7884561504075598e-11,8.864939028209782e-31,1.32653227995663e-35,0.0116433287292237,0.25564507854422436,7.273414924242985e-08,9.030750879625573e-07,0.0014959971107161415,0.7305146875294869
0.00010874954828170042,1.5967205248935655e-12,5.076192072147695e-32,7.595915348696638e-37,0.006888319668651295,0.03196525383308942,3.643200318311889e-07,2.881769754736217e-07,0.0012490169441645152,0.959788007507209
8.846313630484352e-05,1.2088639905885905e-12,3.8431435262738415e-32,5.750805423348887e-37,0.006133972489891332,0.031029093333410376,2.0163243539251817e-07,2.1592075892929786e-07,0.0009145536747132571,0.961833499811277
0.0006210136815752997,5.4098348190504095e-12,1.7198609223782734e-31,2.5735665223537226e-36,0.013097663673721444,0.18604350183931756,6.966043706992089e-08,5.423754065353028e-07,0.0012160823140946783,0.7990211264500375
0.00034121567251672673,3.4001550717197425e-12,1.0809563907534184e-31,1.617522174711893e-36,0.009742266152297185,0.21516035782195256,6.273456704165164e-08,4.319523110231531e-07,0.0009098904097631091,0.7738457752531922
0.00027276569527313416,1.4147671201130745e-12,4.497736502659502e-32,6.7303256554060524e-37,0.011963971200105426,0.06362805320578617,6.342147184436398e-08,2.2585410357435963e-07,0.0007739802232494434,0.9233609403985956
0.00015763685867660986,2.7058793899496055e-12,8.602360634283744e-32,1.2872405584395791e-36,0.004463324936280525,0.04387979949048838,2.6700106655474226e-07,4.3406293482833677e-07,0.00149810825099835,0.9500004293968488
0.00013967075506186318,2.7773549257110846e-12,8.829589071085215e-32,1.3212425809444207e-36,0.0073198190248723975,0.04058323221223781,5.900962995058068e-07,4.558402428008916e-07,0.0019121540996726695,0.9500440779688356
0.00011079671362937155,2.2936264519516888e-12,7.291753021404208e-32,1.0911237775672914e-36,0.01151247513687076,0.04167732974425549,4.773501222972247e-07,3.85430884377082e-07,0.0019165476880506928,0.9447819879338935
0.000172898237574547,9.257930249265371e-12,2.9432315961606366e-31,4.404194667635304e-36,0.005513778074876188,0.08453882867063381,2.213994061674683e-07,1.0251384540182776e-06,0.001517806689445374,0.908255441780352
7.156424984151975e-05,7.042053573594814e-13,2.2387646862691626e-32,3.350044048935499e-37,0.015525893611339244,0.027051680889679665,8.87063831665835e-08,1.304855401925321e-07,0.0006130879628683847,0.9567375540936437
0.0001610573460621617,6.42943598015185e-12,2.0440084706172392e-31,3.058614625718538e-36,0.006495993684017229,0.063218352782997,9.219559071464649e-07,8.313845750653568e-07,0.0023492206752845166,0.9277736221647276
0.00015393187793165253,6.818102693447454e-12,2.1675733442889714e-31,3.243514705767274e-36,0.01270321841266538,0.09226347278384286,3.0440448328142056e-07,8.431867099698705e-07,0.002297468980511513,0.8925807603470371
0.00015393187793165253,6.818102693447454e-12,2.1675733442889714e-31,3.243514705767274e-36,0.01270321841266538,0.09226347278384286,3.0440448328142056e-07,8.431867099698705e-07,0.002297468980511513,0.8925807603470371
8.162335345004975e-05,8.671451266787573e-13,2.7567724368213217e-32,4.125180798538082e-37,0.005246549694575927,0.020807775607670737,2.1423341694239929e-07,1.5663713009704925e-07,0.0008218792789539307,0.9730418011939352
0.0008720444345451142,5.3696217456114745e-12,1.7070769397542477e-31,2.5544368187390556e-36,0.011777100821616622,0.24108698871888504,5.869644537629724e-08,5.056902811809806e-07,0.0010824007220028038,0.7451809009108542
0.0001390503165783923,2.088445922831224e-12,6.639454348236073e-32,9.93515069444552e-37,0.0082502991117059,0.04129654271664572,3.6844063659717656e-07,3.342014786068171e-07,0.0016355642295306399,0.9486778409813358
0.0001483423640019867,4.141345283599509e-12,1.316590376368151e-31,1.970120299953485e-36,0.008134531560644333,0.05057608232282727,7.531580216303112e-07,5.815965125483125e-07,0.0024706592991179184,0.9386690496947329
0.00010524833993888115,1.898045247306569e-12,6.034146216265781e-32,9.029379347543213e-37,0.007123978138650583,0.03842158671690859,3.867269769730637e-07,3.275440006130479e-07,0.0013394643670829565,0.9530090081645434
0.00013595173367788804,5.8276055973551e-12,1.85267870494977e-31,2.7723124757919735e-36,0.006480249148261664,0.06146230158489303,7.795044088805876e-07,8.132504145275868e-07,0.0021743896715367963,0.9297455151009796
0.00035094696434721215,7.680979270992979e-12,2.441893231232612e-31,3.6540016633276326e-36,0.009429550330752934,0.22631293856010526,7.567720454325816e-08,6.699965038085696e-07,0.001175038719792505,0.7627307797436128
0.00026170289150566275,1.2773563330475966e-11,4.060902301161509e-31,6.076655430002159e-36,0.009012637703059326,0.13575919264804887,1.2318733940862724e-07,9.461285781351108e-07,0.001685126912725746,0.8532802705159692
0.00017838773419598028,1.7367207416927444e-12,5.521271806282173e-32,8.261924029190776e-37,0.008608515778127306,0.05743073175553743,9.043560650616458e-08,2.9339967543853056e-07,0.001032405974809458,0.9327495749203112
0.00010683480013738564,1.9117250482469183e-12,6.07763744383608e-32,9.094458776835794e-37,0.0056294659157020525,0.0400576086253172,4.124498755884819e-07,3.319424326434311e-07,0.00137655607818871,0.9528287901864346
9.832507962449445e-05,1.4584801295994679e-12,4.636708627487671e-32,6.938280847215145e-37,0.0048307158737190894,0.031296566451265925,3.277357466589723e-07,2.6906902782379166e-07,0.00106694216540214,0.9627068536237553
0.0001425450875022558,3.957452579092568e-12,1.2581285343296603e-31,1.882639133570952e-36,0.007068422580076529,0.05260230892735886,4.3992259359289587e-07,6.352751253851652e-07,0.0023335876343187714,0.9378520605690672
0.00013657236667500888,4.184310647423893e-12,1.3302512045181434e-31,1.9905620982041435e-36,0.004873662731782441,0.05133707629541807,6.21235663583701e-07,6.512410583364555e-07,0.0017173334021946104,0.9419340827230236
4.9824939417205605e-71,4.740592730895997e-53,1.9982627325754806e-85,5.14794222198494e-77,0.0016962206973910909,1.8181546462651254e-88,1.804346888417659e-05,1.6193165313161473e-06,0.030392657821762082,0.9678914586954315
0.00019176299903599263,3.5761597915323244e-12,1.1369105073618517e-31,1.701250829405792e-36,0.007862281743777382,0.07319025765598619,1.527343215109706e-07,5.5712626172852e-07,0.0014599193557044597,0.9172950683813366
0.00013542135665948666,1.6688036521672433e-12,5.305355060748341e-32,7.938830399530867e-37,0.005492064446026017,0.04517817358804264,1.33650221218554e-07,3.01049094839795e-07,0.0008431030414558077,0.9483508028668312
0.00011262747212515144,2.113261542566451e-12,6.718348684242228e-32,1.005320664845138e-36,0.010758557710603902,0.04133837704179014,4.882074576622121e-07,3.7844129491751194e-07,0.001873863295635279,0.9459157078289797
0.000125218593495355,7.592890162154811e-12,2.4138904967152275e-31,3.6120989145933674e-36,0.007168808694447199,0.07227614387356049,6.176814849051245e-07,1.0181223417365007e-06,0.001813170757275162,0.9186150222698023
0.0001445264789145235,8.180504576936033e-12,2.6007005708948282e-31,3.891637885850541e-36,0.009320041492263464,0.06854425961669647,1.1154868764940944e-06,1.0737561395655707e-06,0.0032759036269900364,0.918713079533939
9.907318536544406e-05,1.682154934396755e-12,5.347800443725124e-32,8.002344847261022e-37,0.012191449591875292,0.03797665825182959,3.733086180117231e-07,2.946226023529702e-07,0.0014733902586428953,0.9482587607793842
9.921856080752773e-05,1.5174940410793138e-12,4.8243210250711467e-32,7.2190203996503945e-37,0.009163841209019507,0.03433181940681211,3.490458542569461e-07,2.75644037775165e-07,0.0012751557712234068,0.955129340360728
0.00011946691746055792,3.5137987216241688e-12,1.1170861168039028e-31,1.671585995928762e-36,0.005884565474997197,0.05631179826272732,3.9047326839460234e-07,5.628934593696919e-07,0.0013978809774927898,0.9362853349970806
0.00016671524526526082,6.6836376954429104e-12,2.124822476512898e-31,3.17954313650926e-36,0.010283396744220316,0.06887648771284673,1.244224708091495e-06,8.160852585737438e-07,0.0036554116810736943,0.9170159282999437
