i = 0,i = 1,i = 2,i = 3,i = 4,i = 5,i = 6,i = 7,i = 8,i = 9
4.0785272411683324e-07,0.04846927421580231,3.1568144684975683e-07,1.3382958727427002e-07,1.1555696487623112e-11,0.0003787940429761619,9.096324976232333e-06,6.960978931308767e-07,1.7764592321114125e-05,0.9511235173507172
4.594516680949139e-07,0.037980723791409675,3.409965668647281e-07,1.3761540732771435e-07,1.2686122080306036e-11,0.0004199992963160723,1.0029397360143487e-05,7.51519525850705e-07,1.9603069094530958e-05,0.9615679548499653
5.049583773201263e-07,0.05831374843602117,3.8452881644375686e-07,1.5413790420960235e-07,1.44993549173474e-11,0.0004374128883888775,1.148434476382158e-05,8.47543975219939e-07,2.2411228415918845e-05,0.9412130519188376
4.369639560940077e-07,0.023359826433052594,3.566927374173974e-07,1.4913639157874615e-07,1.3098580833002497e-11,0.00041431270736896236,1.029131701576614e-05,7.861950637875909e-07,2.01857863750933e-05,0.9761936547549401
6.767459419142792e-07,0.019742221537249346,6.070621106222647e-07,2.080387736580478e-07,2.296389597172041e-11,0.0007656668500714993,1.776638944564603e-05,1.339193418375615e-06,3.4526183566980546e-05,0.979436987976458
0.0002126513120037982,3.3433744000258923e-71,0.001994442632879581,6.577482282172987e-05,2.549517984989911e-59,0.9625699063233484,5.4993080032725257e-76,0.004408911228509333,0.016613933955341924,0.014134379725095198
9.687424405160632e-07,0.02422716409427387,9.654671989422796e-07,2.7646057456624745e-07,3.90041638978532e-11,0.0012696956823770734,3.0061346557486334e-05,2.1293862895331874e-06,5.7784701620918476e-05,0.9744109540796628
2.443989864181552e-07,0.013940986596803694,4.205936576692758e-07,1.4323216698848736e-07,1.6720802908357884e-11,0.000479121201232701,1.3023409377505293e-05,9.263967594196233e-07,2.4057004084630322e-05,0.9855410771502102
5.623565794496859e-07,0.022084873320296575,5.442333725542635e-07,2.050440043474114e-07,1.9703500599601575e-11,0.0006167997970863278,1.5237991201174796e-05,1.2000748151023914e-06,2.9803623079567873e-05,0.9772507735398613
4.2080873367369213e-07,0.017096376971838467,6.189922158728662e-07,1.9044755742249267e-07,2.387469673576714e-11,0.0006610691051791744,1.84734509625972e-05,1.3633727184415918e-06,3.527591292232759e-05,0.9821862109139973
2.431166564445798e-07,0.012214788885831744,2.0836478366483582e-07,8.986463306382141e-08,7.619314724349049e-12,0.0002567155414319794,5.9993668410671214e-06,4.593187761083607e-07,1.1675246825709312e-05,0.987509820286601
3.273468026113106e-07,0.013337011379319945,3.5320109920447643e-07,1.2934574822832563e-07,1.2981805978037769e-11,0.0004282087357166628,1.0151051877856913e-05,7.786310448583902e-07,1.9588080168158976e-05,0.9862034522152406
3.5583814751148814e-07,0.014547570964133952,2.915652218044662e-07,1.2449377318192177e-07,1.0636871762999758e-11,0.00034749301304652267,8.340303159942552e-06,6.427377977004373e-07,1.63137647266013e-05,0.9850788673093559
5.938749869144771e-07,0.02274858735449446,4.585443967575398e-07,1.7462116171245372e-07,1.7557902042138105e-11,0.0005594330105748705,1.3779192551239913e-05,1.0110778136920018e-06,2.6820170882426533e-05,0.9766491421355801
4.0618863118130515e-07,0.04995833654893923,3.518316942959578e-07,1.4453547398892744e-07,1.3046834786076257e-11,0.0003769733533024433,1.0224051367991231e-05,7.759094332816428e-07,1.9923217655473027e-05,0.9496328643504552
3.156004971906853e-07,0.016661965986993904,2.3180292700679728e-07,1.0499169873746298e-07,8.263826139052109e-12,0.00028896330612713904,6.487886019288999e-06,5.111428141926729e-07,1.276458853026994e-05,0.9830286546861284
1.5245307800595945e-07,0.008671919797941671,3.550734389624978e-07,1.0102105268019361e-07,1.4729732954418395e-11,0.0004887954213712442,1.1461375529473985e-05,7.828715775037199e-07,1.9942552503679743e-05,0.990806489418777
2.95431024241331e-07,0.021732961933179976,2.356526172003947e-07,1.075799023563615e-07,8.581662440096113e-12,0.00028668982818897185,6.769728674343055e-06,5.19587929575506e-07,1.318245741688578e-05,0.9779592377924847
4.0024101534312433e-07,0.015738980105530924,3.0820657735309664e-07,1.2103251118787934e-07,1.1076950415506418e-11,0.00038555061888810344,8.674318657032031e-06,6.796635609846112e-07,1.706267382581842e-05,0.9838482231283563
3.1393372303305145e-07,0.046879177777931234,2.333567282497817e-07,1.0931600761445886e-07,8.50180711571952e-12,0.0002754808210342199,6.730560307496265e-06,5.144785173941438e-07,1.3110553814989944e-05,0.9528243291934338
2.8151778753702954e-07,0.01469842475601621,1.9949104118550367e-07,8.948742244273862e-08,7.155657972936808e-12,0.0002499299609862115,5.623950555966669e-06,4.399020042612162e-07,1.1066522772003636e-05,0.9850339444042586
1.7657521581222793e-07,0.01308622627546927,1.1618515059726841e-07,5.814239960918736e-08,4.1873479636078565e-12,0.00014442503085683973,3.3016178078694562e-06,2.561810921791177e-07,6.491450114794987e-06,0.9867589485377057
6.861866991543037e-07,0.05735124928219957,5.992931411846687e-07,1.9664671750010115e-07,2.3523115348037488e-11,0.0006050023372570863,1.8508567614892344e-05,1.3214042128149029e-06,3.591507909283169e-05,0.9419865211795418
3.510070086809936e-07,0.022609496564877877,2.841707154503777e-07,1.2749437263639779e-07,1.0384153901021574e-11,0.00033376847472382196,8.16922579386735e-06,6.262108868611774e-07,1.60327323808272e-05,0.9770311441088557
3.768810622249098e-07,0.02539529711753019,3.647201600296372e-07,1.5447258092146024e-07,1.3673740985592927e-11,0.0004037437601529622,1.0717087598358757e-05,8.033303025258328e-07,2.0941666114655488e-05,0.9741676009508243
5.967479460943503e-07,0.023057493430099534,4.799641403317969e-07,1.9086242379187787e-07,1.83636008814103e-11,0.0006070272209287611,1.4374718515565718e-05,1.0581828953207608e-06,2.790731152056269e-05,0.9762908715431664
3.5098074099146866e-07,0.024428234175282507,4.004500874191475e-07,1.5782151335043156e-07,1.554787531124711e-11,0.0004246236973253247,1.2191418512017296e-05,8.819644007421309e-07,2.3476791629915808e-05,0.9751096826849598
3.755863148350158e-07,0.021938331815480227,2.909837518148013e-07,1.31823303210219e-07,1.043524989165903e-11,0.0003421513507524766,8.188232442259839e-06,6.415414004845802e-07,1.6081043003571286e-05,0.977693807613116
5.749879274436821e-07,0.04397399007828727,4.7146632242343264e-07,1.7601078657831293e-07,1.7351292671799448e-11,0.0005363411521420905,1.3666732728801786e-05,1.0393456880582459e-06,2.6680718375723242e-05,0.9554470594903904
9.241170467562428e-07,0.03393852286810543,1.797211933913154e-06,2.799159323271117e-07,8.80407384634468e-11,0.0016744520579611484,6.77131367337059e-05,3.9585894229010665e-06,0.00012301948921968357,0.9641893325256035
3.0289108850180006e-07,0.021992914965100637,4.292741454133188e-07,1.4949846074802513e-07,1.7311935974674194e-11,0.0005052938040492868,1.3569634185305912e-05,9.458124311637316e-07,2.534971484664338e-05,0.9774610443883803
1.3631222543154285e-06,0.024137702585878773,2.0317710569610197e-06,3.5914458822977393e-07,9.2454804117784e-11,0.0027652231457195777,6.828881610974785e-05,4.484069619987258e-06,0.00012865174064739644,0.9728918955116702
1.9863458419342498e-07,0.010773686708232309,7.221256004762519e-07,1.5065289822660786e-07,3.387140761679143e-11,0.0009449326319197385,2.5896441524801872e-05,1.590942899651469e-06,4.098124214210597e-05,0.9882118405863272
5.377342696192824e-07,0.020331683083523254,4.3515294157055616e-07,1.6948974289971724e-07,1.6025192919714883e-11,0.0004951358154677725,1.2532414015550783e-05,9.594227086398003e-07,2.455374651892504e-05,0.9791339931247867
8.554619977706455e-07,0.04210116018334462,1.191998310498751e-06,2.6430494616426674e-07,4.835870739999168e-11,0.0010241214378801824,3.7198557651055235e-05,2.6276554571842097e-06,7.163129810252095e-05,0.9567609490539514
6.767994024495056e-07,0.0397193347319486,8.949091404526673e-07,2.4520091425119416e-07,3.4741447559522476e-11,0.0007972264142834742,2.674151940454961e-05,1.9729977228160485e-06,5.157782847945239e-05,0.9594013295639625
5.781821494670636e-07,0.0586630973490435,5.004658038444144e-07,1.7893157354521657e-07,1.9812096924116667e-11,0.0005120894654463717,1.5695735897944315e-05,1.103033997665733e-06,3.034159100719134e-05,0.9407764152252684
3.4884079695509436e-07,0.01683736774813674,3.4439906944073453e-07,1.405807975961259e-07,1.2681718496084376e-11,0.000385654409467319,9.928875318829894e-06,7.588173778268974e-07,1.9367590204834864e-05,0.9827460887261488
4.999756096707431e-07,0.03395643748572972,3.6680042458426287e-07,1.5332989680912132e-07,1.4049265780327602e-11,0.0004513817359991018,1.1036499868954339e-05,8.089850501159902e-07,2.141768477008168e-05,0.9655578974886018
2.494046422544359e-07,0.03295218592103324,1.6226257253237745e-07,8.545913372322016e-08,5.976938125026531e-12,0.00019818096262452315,4.733712298823501e-06,3.5770171063502504e-07,9.250873214718172e-06,0.9668347936967925
1.0120258352397355e-06,0.04603609022913504,1.2199944897873398e-06,2.6977092854025206e-07,5.2502677792230985e-11,0.0009766184789502645,4.0990464580453635e-05,2.6883861313449975e-06,7.92058807182349e-05,0.9528619047167285
1.109087855544728e-06,0.04068063670222633,1.3688782567531855e-06,2.8540636087453684e-07,5.876875042277355e-11,0.0011121893495992885,4.59592524116728e-05,3.0157078229306838e-06,8.866288927458561e-05,0.9580667726674233
7.416479471131925e-07,0.04309630392568121,9.268306475186904e-07,2.518285769501054e-07,3.9301197714908566e-11,0.0007754512597555719,3.060942720300365e-05,2.04131735665352e-06,5.90204289038869e-05,0.9560346532946269
4.0316171854992984e-07,0.029555503055723756,3.204949129442614e-07,1.3069961590374713e-07,1.2000859226431282e-11,0.00038059046667127876,9.397996682049335e-06,7.066681240356126e-07,1.8382259329441965e-05,0.9700345651852212
4.112626014170507e-07,0.01451084162090733,4.009057318174969e-07,1.4239859253821798e-07,1.4319950716041104e-11,0.00046170174452915693,1.1142846487769405e-05,8.840438428248541e-07,2.1821464302146626e-05,0.984992653698685
2.827623236071635e-07,0.012370717262184321,5.698940844536573e-07,1.511556195295877e-07,2.3154818243312645e-11,0.0007449426779302104,1.7879386491166487e-05,1.2567447716485408e-06,3.20833380510165e-05,0.9868321167553893
5.910971652191504e-07,0.02560734723294697,1.4666179650527821e-06,2.7448137186906036e-07,6.306212678802929e-11,0.0013089801364989488,4.7305597614381926e-05,3.232408588271504e-06,8.497444778433908e-05,0.9729458279170029
2.2602891308181726e-07,0.01282689901066142,1.599074441242027e-07,7.555961072435866e-08,5.7191653480284105e-12,0.00020063458767268449,4.489410308541376e-06,3.526674982661307e-07,8.813065464581488e-06,0.9869583497567074
6.152789714023574e-07,0.043756747409613064,6.432532829233291e-07,2.1638699434231732e-07,2.5694873430695208e-11,0.0005910450565356902,2.0206688265560172e-05,1.4168400100481026e-06,3.920077563552478e-05,0.9555899082849965
8.760341733772348e-07,0.02310840972776016,1.0167411986718296e-06,2.2304718864468812e-07,4.097885147316581e-11,0.0011981122192031006,3.133884751807724e-05,2.2422654612609802e-06,6.115846790810565e-05,0.9755966226086098
1.5841028843036594e-07,0.010207272001062978,1.3407732404545817e-07,6.087171939971661e-08,4.939719179940788e-12,0.00017214528237738223,3.902054378927933e-06,2.95607714254227e-07,7.54779828302877e-06,0.9896084838919119
1.320151759990825e-07,0.007672314612202587,8.522918779891585e-07,1.2466318370683225e-07,5.978423061919884e-11,0.0014258420427025033,4.3689791131960596e-05,1.8774234982446516e-06,5.032953128375591e-05,0.990804837569159
1.9530432751717493e-07,0.01058654826468325,3.9566142162171287e-07,1.2461711252233345e-07,1.652774071773669e-11,0.0005160325368389079,1.2892277149661912e-05,8.719874113403089e-07,2.2824135716414984e-05,0.988860115198811
2.526406862310572e-07,0.020324803848265356,1.7401124944372677e-07,8.941757920243941e-08,6.245199962564516e-12,0.00021016889684788374,4.9214618612983435e-06,3.8366126359690196e-07,9.655909281115656e-06,0.9794495501467207
4.1123649514292576e-07,0.03837571301141705,3.6215011087310544e-07,1.5333728527282658e-07,1.3065287632468372e-11,0.00039155860527929264,1.0230928528976298e-05,7.985471025181657e-07,1.9980718740357028e-05,0.9612007914519753
3.874710124368834e-07,0.03378515383328298,3.642379519598623e-07,1.5483118009206505e-07,1.307775790348152e-11,0.00038506975809932267,1.0203225899987281e-05,8.031828391390546e-07,1.9923304496462474e-05,0.9657979401421599
5.891095278570901e-07,0.0467421119823799,4.880907125730682e-07,1.7893961633481296e-07,1.8212096135870108e-11,0.000543280118260644,1.4341161116175249e-05,1.07616785402897e-06,2.7987717585556204e-05,0.9526699466947349
2.655554174114364e-07,0.020371031830683138,1.8962651207547933e-07,9.282827386640123e-08,7.0695615921222155e-12,0.00023057182317345502,5.582524792086332e-06,4.1795021029201633e-07,1.0913502171504567e-05,0.9793809343516967
2.512047607195961e-07,0.014566048280786226,1.822821550170937e-07,8.76904412825727e-08,6.4368908990342894e-12,0.0002143776188821277,5.057146865195374e-06,4.0189868812828046e-07,9.968047571053433e-06,0.9852036258234133
1.0378605145155483e-06,0.02419142458010707,1.0902493920509568e-06,2.892217763489445e-07,4.417205846721509e-11,0.0014374427922683776,3.3901013219817486e-05,2.4047753669336476e-06,6.512109069650199e-05,0.9742672883724864
7.627120680812317e-07,0.01940694063804947,7.061712563084633e-07,2.165084677708345e-07,2.7389216641869687e-11,0.00088535718778896,2.1248159309269116e-05,1.556984709347893e-06,4.136106772380745e-05,0.9796418505432377
4.872432845561456e-07,0.01705828345664224,5.352156123718178e-07,1.6472997644110806e-07,1.9513309645869165e-11,0.0005968541675793879,1.5060256206828104e-05,1.1803651544368318e-06,2.945266265918442e-05,0.9822979818833711
9.537067193996395e-08,0.006084796917722581,2.5526054455006424e-07,7.37528803144594e-08,1.1213330454752128e-11,0.00036475029964088866,8.759874717642857e-06,5.626586007552946e-07,1.4613827998680584e-05,0.9935260920260094
3.8464397826887437e-07,0.018412990097716773,4.57991164307393e-07,1.7151507515585644e-07,1.721174552145177e-11,0.0004876644074974706,1.3398881400443218e-05,1.0087369092517777e-06,2.5962693282289412e-05,0.9810579610157644
3.37891203237483e-07,0.024736844777117423,2.958446571693625e-07,1.2233998453961975e-07,1.11426202723606e-11,0.00036956333732320826,8.773143257268192e-06,6.523103005956084e-07,1.696554021395935e-05,0.9748664448047999
1.4874427515194494e-07,0.021471868512598295,1.3231065190911237e-07,6.177751030524637e-08,5.016962809850014e-12,0.00016243798388277303,3.975295671052481e-06,2.91749817900883e-07,7.609530170497039e-06,0.9783534740904052
5.717690241717223e-07,0.019667369613053882,5.805246911908365e-07,1.9794072132532434e-07,2.120291154480429e-11,0.0006150866293580261,1.6476884332298256e-05,1.279198361612037e-06,3.2465796493669036e-05,0.9796659716227609
3.155374885140133e-07,0.022266263990840935,2.2943777386906096e-07,1.0988628064677666e-07,8.169447038062646e-12,0.00028367437492866747,6.429909029718688e-06,5.058305743257855e-07,1.2634797478588216e-05,0.9774298362274353
5.06067752146593e-07,0.01983848366015951,5.217058176749511e-07,1.8519670574923916e-07,1.9429311756886995e-11,0.0005805514579766178,1.5114314314217372e-05,1.1493486760585047e-06,2.9638334808381702e-05,0.9795338498943604
1.1938585599810988e-06,0.04026340589702345,1.5866899184179475e-06,2.8551404201195107e-07,7.031294344895516e-11,0.0014155698022684973,5.486582171661821e-05,3.4945128067837327e-06,0.0001052846419035506,0.9581543131914476
2.857521330765052e-07,0.01808334051496658,2.2638959494547254e-07,1.0414385774689579e-07,8.390001468811147e-12,0.00026795076205322373,6.605975571918611e-06,4.988674015143583e-07,1.2945488213525409e-05,0.9816280420978174
2.1031985140389494e-07,0.024090649228657304,2.1985732325167476e-07,9.93236527088392e-08,8.539841672156404e-12,0.0002530100156391133,6.754341460439831e-06,4.844016110295583e-07,1.2882856229757217e-05,0.9756356896470352
8.705764354482045e-07,0.025740720491338086,8.992332975659059e-07,2.6218925014794534e-07,3.5903117988129044e-11,0.0010984784455553005,2.7587184946933184e-05,1.9840815141877273e-06,5.301495969679538e-05,0.9730761828020624
9.528391214009463e-07,0.022513069168134482,1.0858772206463499e-06,2.9200028454430066e-07,4.238345714666545e-11,0.0013810985536091523,3.228990017173006e-05,2.395763740471173e-06,6.216979377908349e-05,0.976006646061555
2.918813189738914e-07,0.017012308076874944,2.9911808383164837e-07,1.337128433764829e-07,1.0391292016944632e-11,0.0003296903157139563,8.031981719876685e-06,6.59608219866313e-07,1.5741402492144554e-05,0.9826328438923416
6.208711031260269e-07,0.01987183977319217,8.680266775683623e-07,2.532293065433798e-07,3.259255998949447e-11,0.0009600580048794512,2.465342620607506e-05,1.9147851554157504e-06,4.741245568955943e-05,0.9790923793951976
4.30783811431359e-07,0.032040400150302205,3.0382235008423275e-07,1.3909719829852794e-07,1.1261174193520283e-11,0.00035654760858031865,8.878613120888397e-06,6.699778078257114e-07,1.7312476263220294e-05,0.9675753174593046
5.617068549393352e-07,0.0210658695815869,5.144474984859938e-07,1.9373838829994878e-07,1.9713603037084453e-11,0.000678198320702735,1.5406214711916125e-05,1.1345745518550228e-06,2.9556610217664098e-05,0.9782085647857737
5.29057456429821e-07,0.026081447650371938,9.601775230814626e-07,2.737242816082484e-07,3.551431791239871e-11,0.0008202662368830488,2.6536875952100146e-05,2.1165204957553813e-06,5.1032847763398194e-05,0.9730168368737583
5.543545024760064e-07,0.022129736171495197,4.568964502409204e-07,1.8102550984427587e-07,1.6888942672208595e-11,0.0005726527654391041,1.316377217950504e-05,1.0077026459925423e-06,2.5621696062335043e-05,0.9772566255988263
5.982559944667822e-07,0.019727680890126897,4.844115527760803e-07,1.8813329732011276e-07,1.826080300473392e-11,0.0006146679047162714,1.4256070503061585e-05,1.0681080104913535e-06,2.7765045890076288e-05,0.9796132911616477
4.829649218988473e-07,0.02678148891935986,4.1913973646565486e-07,1.69033984961506e-07,1.5616300091443534e-11,0.0005168164113101019,1.2157388610458551e-05,9.244940292306654e-07,2.3584634783663144e-05,0.9726639569976471
7.947564702473714e-07,0.024057474393853605,9.739961466985044e-07,2.8245572829282624e-07,3.8989698770430703e-11,0.0010939729128304294,2.990888999240029e-05,2.1461008497995014e-06,5.76400569249649e-05,0.9747568063982139
4.724245383009741e-07,0.021663281136495325,4.7048767270921386e-07,1.8848180683736766e-07,1.6824724588929283e-11,0.0005301255457132909,1.3000902230821803e-05,1.0375711537975723e-06,2.5388620738169102e-05,0.9777660348128261
0.0004865829255175335,4.445847322615578e-71,0.00034091234381684085,0.00010394727614212213,3.3902178910743218e-59,0.6084672783482113,7.312696945456728e-76,0.000752969650006875,0.37105340591251673,0.01879490354378851
9.559128388472384e-07,0.029329129888839265,1.6051636258288552e-06,2.9335871419209047e-07,6.99349104427472e-11,0.0014394370651707206,5.15956698510669e-05,3.539392908512977e-06,9.966912090332926e-05,0.9690737743572133
5.996017513893878e-07,0.025966865187680432,6.248022302205668e-07,1.9503794319427485e-07,2.4604312028360678e-11,0.0006866692564343144,1.9029602457615595e-05,1.3771914585136406e-06,3.7116423323078124e-05,0.9732875228721168
8.189809439865485e-07,0.05317650725206127,7.558983403970275e-07,2.2310618884415974e-07,3.024837392513208e-11,0.000683809771609454,2.385941415701889e-05,1.6663279207047417e-06,4.635107091357063e-05,0.9460660081476163
1.231934575208232e-07,0.008601788141186712,1.9288284549418315e-07,7.683791062443555e-08,7.437743596838519e-12,0.0002500495099216127,5.842914868535058e-06,4.2521440733352995e-07,1.0716392481820814e-05,0.9911307849054827
1.9691200634943458e-07,0.011036741278877781,2.3906225962264483e-07,9.74773603284746e-08,9.210487017798813e-12,0.0003060454499531201,7.243665407162477e-06,5.270258478249427e-07,1.3604157686526074e-05,0.9886353049613908
4.01639261218254e-07,0.014862697785626038,6.312289373407823e-07,1.9013725175862009e-07,2.4488753155496912e-11,0.0007410718289428123,1.889975347316719e-05,1.3917314837937483e-06,3.527587945957896e-05,0.9843394399910755
2.0855109690009702e-07,0.012645135434212246,1.6759412871105814e-07,7.302610053686108e-08,6.217676312677054e-12,0.00021395744738363532,4.906109197128435e-06,3.69519198922775e-07,9.525080928833602e-06,0.9871256572315356
3.1453239879074265e-07,0.015241707529353313,3.0594270706336635e-07,1.3016485440908234e-07,1.0639407672344055e-11,0.00033816478839572784,8.240729086215938e-06,6.746694035310845e-07,1.6203196893642412e-05,0.9843942584362678
1.8899804810475587e-07,0.009603403252179657,8.612523846393205e-07,1.5203773449972182e-07,4.42966499514368e-11,0.0011145457159892232,3.317667791327049e-05,1.897548900300943e-06,4.88532555368664e-05,0.9891969212170167
1.3154898041871712e-07,0.02543988155677211,1.0736800539969336e-07,5.3337235371073556e-08,3.9456223710455375e-12,0.00013850584348856044,3.128670187568511e-06,2.3672080736426962e-07,6.026299027139773e-06,0.9744119286515505
4.630784171969602e-07,0.024369420149179144,5.728438275645208e-07,1.890723373823558e-07,2.1379016861311844e-11,0.0005856463741890846,1.6313718636736203e-05,1.2633739171459158e-06,3.173454250342663e-05,0.9749943968256133
7.19985808296178e-07,0.04254460099789952,7.063539555956907e-07,2.174139273632216e-07,2.6939125208534955e-11,0.0007402507914210586,2.107850211630582e-05,1.5573476467176147e-06,4.0865338912445955e-05,0.9566500032413736
7.544160530693641e-07,0.04320813292500817,8.588023212069014e-07,2.3439428380144957e-07,3.5825430271900264e-11,0.0009189201157043639,2.7951513130939463e-05,1.8916179541657526e-06,5.37530046539867e-05,0.9557875031750648
1.0110130207970806e-06,0.04759272259128428,1.1072415204293689e-06,2.5400419395118617e-07,4.670237859145464e-11,0.0010346397409283367,3.661675003831138e-05,2.440041183499559e-06,7.066312450414604e-05,0.9512605454466239
4.702941563661058e-07,0.027143268472504287,9.034898165732152e-07,2.6305894235405946e-07,3.303500273486304e-11,0.0007316765998033243,2.4654017042401447e-05,1.991122472147297e-06,4.745876225892362e-05,0.9720493141499685
5.587925801562904e-07,0.02799047231139915,6.953314175381067e-07,2.0914822201960884e-07,2.6393050046016402e-11,0.0007078010212221223,2.014265333898798e-05,1.533410108760965e-06,3.9155792203158474e-05,0.9712394315131151
5.534006272282527e-07,0.022101921194132845,5.242673292990375e-07,1.7370124931140224e-07,1.9590315689122263e-11,0.0005902332738752119,1.5179342470868148e-05,1.1561875209717824e-06,2.9773582267375518e-05,0.9772604850309367
3.6893758133563726e-07,0.02106878066215971,4.664499570931652e-07,1.8210188777369698e-07,1.681536799834063e-11,0.00048817640515412325,1.2850244102850237e-05,1.0286282965609056e-06,2.4917206675699275e-05,0.9784032293473696
2.2636249271012456e-07,0.010516393718719926,8.105915481773347e-07,1.4920579425301582e-07,3.8786453142715846e-11,0.0011755324144308314,2.950808559283769e-05,1.7867831792070054e-06,4.671348612810277e-05,0.9882288793133276
2.7488842852662665e-07,0.013544398219031738,2.1893658083967388e-07,9.773033647994796e-08,7.73031039472847e-12,0.0002656650547867556,6.038750284613493e-06,4.828395611414025e-07,1.1870829636851341e-05,0.9861709527436227
5.576418625707973e-07,0.035243573985031695,5.013031617265346e-07,1.7494739195879045e-07,1.93199403507862e-11,0.0005914619628133916,1.5063956238545139e-05,1.105226847019854e-06,2.9349851634371598e-05,0.9641182111056988
4.889540093348994e-07,0.01800097718754313,4.5283802215377443e-07,1.6019167983366715e-07,1.6856241259494082e-11,0.0005208892069467361,1.3171799185367928e-05,9.978144926680058e-07,2.588235800656841e-05,0.9814369796332579
4.877572305780147e-07,0.0200583991838771,4.283678959940582e-07,1.6289086622470465e-07,1.5208294575446823e-11,0.0004486930592306631,1.1879735269416064e-05,9.442893283055158e-07,2.3454144051749847e-05,0.9794555505570418
6.105979248507215e-07,0.039264879789129195,7.446685866956604e-07,2.3218256616511472e-07,2.9730695203692635e-11,0.0007227643236890996,2.321948509728196e-05,1.639412178659189e-06,4.493074537335517e-05,0.9599409787657239
5.823357489520973e-07,0.02485776451225354,5.653170159823142e-07,1.8935558484068273e-07,2.1177071140683057e-11,0.0005580039851592858,1.656226178026548e-05,1.2454986817956578e-06,3.2561395022564005e-05,0.9745325253175757
0.00012659063081551416,3.2876075724576306e-71,0.0006024008182744134,4.32409590939134e-05,2.5069925263245534e-59,0.9693992382788659,5.407580627133949e-76,0.0013322157062637412,0.014598140626636351,0.013898172980049996
2.8195399203673363e-07,0.02887918694808945,2.0125309389241663e-07,9.305093763596404e-08,7.457812798890287e-12,0.0002466992595930078,5.865530410996249e-06,4.437603901988225e-07,1.1478356822336981e-05,0.9708557498792126
1.8348830651648814e-07,0.00918980167567108,9.235409191964999e-07,1.4659493449219769e-07,5.061692748482339e-11,0.0012409787787615255,3.762994450988272e-05,2.035072602682445e-06,5.2804474511742485e-05,0.989475496379166
4.142212027991485e-07,0.015959965713570314,3.7544651933668714e-07,1.4678066595975635e-07,1.4051418020379244e-11,0.00047177737948692305,1.0970678082626293e-05,8.280972437598106e-07,2.1184073639007827e-05,0.9835343375955378
1.3696002777355847e-07,0.0076948955759347775,1.3282606546664782e-06,1.3771644223690755e-07,1.8841193227359289e-10,0.002758165583765051,0.00011640838980927605,2.9243101948802163e-06,8.019415091294662e-05,0.9893458088638465
8.252420306890402e-07,0.020790484016465677,7.734790810649839e-07,2.4268620272081413e-07,2.983517766797236e-11,0.0010097969178979452,2.3006282413718428e-05,1.7064036680616823e-06,4.454257325575358e-05,0.9781286223691492
6.254552255029269e-07,0.033660111695172724,5.563132917324461e-07,1.9854472388318843e-07,2.0655992176266588e-11,0.0006575496189216719,1.6150893512582285e-05,1.2266624688455266e-06,3.137679443797518e-05,0.9656322040015891
5.307684166384093e-07,0.018604299997946338,4.5038229686622614e-07,1.8067793767056198e-07,1.6447851276388775e-11,0.0005611130743339699,1.2777552038973183e-05,9.933956904428861e-07,2.4923992306470044e-05,0.9807947301425848
5.005370967614983e-07,0.023581634537249256,2.1417609664039577e-06,3.526490554082774e-07,8.407684402446102e-11,0.0011093889696608152,5.645718500136959e-05,4.709559034943981e-06,0.00010584171776276927,0.9751389730000953
5.658934828277047e-07,0.019137442133558894,5.622272395542957e-07,1.976715219710607e-07,2.0447917129051938e-11,0.0006357834380779337,1.5819029434100077e-05,1.2392812602576438e-06,3.1081618747907344e-05,0.9801773086862287
7.972658506948126e-07,0.04243203499183313,8.896086270410002e-07,2.3707426140497213e-07,3.710479399014343e-11,0.0009411191128052016,2.8566087684642994e-05,1.9616699781325767e-06,5.502525331261622e-05,0.9565393688985424
4.971186917817999e-07,0.024291875420467093,3.6364544864523636e-07,1.60435682801023e-07,1.3569209804320249e-11,0.00045631900626683255,1.0662427938656202e-05,8.018220002172583e-07,2.0763595538988954e-05,0.9752185565143958
6.885131876157508e-07,0.038262067539881824,5.628617192584723e-07,2.0396612834023228e-07,2.1739358473402016e-11,0.0006253192223078013,1.713441948244409e-05,1.2407377669066175e-06,3.326112320316753e-05,0.9610595215945832
3.136740068607504e-07,0.023834027641260556,3.474470614240709e-07,1.356325473354027e-07,1.3740524700744105e-11,0.00043872015597734744,1.0865292659368782e-05,7.659490534624652e-07,2.0398352239518423e-05,0.9756944258414535
5.598914214198027e-07,0.03970873134100456,5.126495688156449e-07,1.8080876609762313e-07,2.0475099641280705e-11,0.0005938180515935097,1.5956126863031688e-05,1.1301746675949995e-06,3.0903974152362846e-05,0.9596482069614876
3.845777250487951e-07,0.042118063038301734,2.9547592643372527e-07,1.3062041710430974e-07,1.063057925060724e-11,0.00035144002122455224,8.37158802193437e-06,6.514831316573128e-07,1.6377905668980494e-05,0.9575042852789519
3.151987607172167e-07,0.01353197515208541,2.816390107031142e-07,1.1127390853514903e-07,1.0271826816514163e-11,0.0003426800233354059,8.06634601283608e-06,6.20903009493039e-07,1.571894132501079e-05,0.98610023051228
9.094067970966414e-07,0.029708166889836858,8.486796395182483e-07,2.4244156133835254e-07,3.364877255462433e-11,0.0010942821387924751,2.6254073213225833e-05,1.8708409589610358e-06,5.069878129303585e-05,0.9691167267142587
4.21123658693498e-07,0.021886251049799826,4.4851294523743676e-07,1.735555347777595e-07,1.5948121564315828e-11,0.0005160123342974184,1.2355734017448346e-05,9.891374341229282e-07,2.4070094996606987e-05,0.9775592784413677
2.2415380989243172e-07,0.010496344741515161,6.566898598759333e-07,1.5332937531813779e-07,2.8986860045134963e-11,0.0008855529780052745,2.2138535422871757e-05,1.4479185005345942e-06,3.6966261358729565e-05,0.9885565153631655
4.5495744592702334e-07,0.029375742203038756,4.016873004811107e-07,1.60766155992468e-07,1.4265541395565764e-11,0.0004787531448076733,1.115155481142003e-05,8.856249047171616e-07,2.1838023148545025e-05,0.9701106120241211
1.9530845946856003e-07,0.014697614011098968,2.225589532068814e-07,9.204770453238045e-08,8.283264807225111e-12,0.00027778580126164683,6.525249310343476e-06,4.90671548938302e-07,1.2364430206022752e-05,0.9850047099131736
3.315599445216131e-07,0.022383837704730156,4.5767105199723105e-07,1.7682733234338534e-07,1.6397736169149128e-11,0.0004487438563920853,1.2562894306266253e-05,1.009131211019999e-06,2.4248623330656363e-05,0.9771286317153032
3.721872341312658e-07,0.026572780583387474,3.165255160166678e-07,1.380329344005343e-07,1.2172554152402573e-11,0.00037491609361071736,9.620527357911069e-06,6.977632237589668e-07,1.8505284860754468e-05,0.9730226529897021
4.265641584310882e-07,0.021456979669028393,3.430159312876191e-07,1.419703886131194e-07,1.2227611751155985e-11,0.00038756984372945684,9.594553434213744e-06,7.561143342777105e-07,1.8902745404327292e-05,0.9781252855113635
2.2120095784917872e-07,0.013935731351688425,2.6550601936999147e-07,1.048935233443071e-07,1.0043522295435823e-11,0.0003027655346230792,7.906650723234852e-06,5.85110477394897e-07,1.5032599232576389e-05,0.9857373871427111
1.2810684407114292e-07,0.007615762471947154,6.942804931452208e-07,1.1794538025296879e-07,4.186548849202336e-11,0.0010693009629767767,3.144472156077856e-05,1.5292806452471076e-06,4.075585669635828e-05,0.9912402663315908
2.0582147703784489e-07,0.027098389861860476,1.379234253720966e-07,7.176936246847308e-08,5.001727919987472e-12,0.00017123474397770112,3.956875419409001e-06,3.0402437570614086e-07,7.762050536534365e-06,0.9727179369245637
5.34002664111386e-07,0.015981203931160818,7.37456161944616e-07,1.9216427265776887e-07,2.7551855439872118e-11,0.000779755846247615,2.1280762839993867e-05,1.6257675555338437e-06,4.099965699814107e-05,0.9831736703845474
6.514830063647851e-07,0.022110796408507313,1.1350753104455088e-06,2.722972762214988e-07,4.599476733549417e-11,0.001028646059033745,3.467206179511503e-05,2.4977105400859276e-06,6.712708365103664e-05,0.9767542017748849
3.3175953736941316e-07,0.015642556026996605,2.90180600788901e-07,1.2589155869490253e-07,1.0115824816143774e-11,0.0003301869834148198,7.875506692924136e-06,6.398855248759024e-07,1.5514697035059145e-05,0.984002479058523
5.400494474519575e-07,0.025541933022297236,4.3387766070688626e-07,1.76872402572894e-07,1.6731368007916837e-11,0.0005220603227294619,1.3138846034558098e-05,9.56431298190964e-07,2.5509006228718004e-05,0.9738952515551698
4.719791806413344e-07,0.032298103950678,5.497066321003411e-07,1.9947807131556723e-07,1.980245191315886e-11,0.0005486106615773126,1.5298733436853875e-05,1.2120101389608097e-06,2.9787033960058186e-05,0.9671057664265222
4.05167710346184e-07,0.021027838106724112,4.114774140154784e-07,1.5221040132768458e-07,1.5123845069186235e-11,0.00044605904770778196,1.167209024972489e-05,9.075298637108378e-07,2.2815800772770234e-05,0.9784897385540323
3.284936724231044e-07,0.024500428489582914,2.4978087256665365e-07,1.1592447683189887e-07,9.057848511507511e-12,0.0002980335963290558,7.141373475253222e-06,5.504682245186138e-07,1.4020165877303143e-05,0.9751791316984313
2.0771970696690608e-07,0.010105266428265348,1.0531614171293354e-06,1.6324939509627306e-07,5.822890141210789e-11,0.0013498909105805542,4.311427081967763e-05,2.3202154713558336e-06,6.059837601761049e-05,0.9884373856100974
2.753846099322783e-07,0.02432509625220884,2.5725472994691497e-07,1.1501961329785892e-07,9.249964791294201e-12,0.0002916204966260847,7.223887303993779e-06,5.673657504437093e-07,1.4058081177606029e-05,0.97536078624873
1.8904813169685023e-07,0.015254226329472867,1.8201736090914777e-07,8.238844522194693e-08,6.860388606119056e-12,0.00021924327678103834,5.419731182722917e-06,4.011694700115356e-07,1.0394526184849897e-05,0.9845098615061102
1.5787912511628723e-07,0.008449783988350612,1.142990299765339e-06,1.434977981751469e-07,9.279731072769316e-11,0.0017602229474095253,6.545645640104366e-05,2.5173349870244127e-06,6.865800429145694e-05,0.98965191680854
3.829481992746893e-07,0.016765356876123523,2.7648261848411445e-07,1.1011679876365122e-07,1.0078752639932302e-11,0.00035208107714275667,7.921098829955952e-06,6.096962633811737e-07,1.556530822135968e-05,0.9828576963857237
2.555015600912257e-07,0.02678583701320978,1.989193961004948e-07,9.47252308836108e-08,7.184552033262923e-12,0.0002398595240590413,5.657126166481446e-06,4.386839272890697e-07,1.103097276316194e-05,0.9729566275265027
1.5074783884863412e-07,0.00845243302690061,4.4823332671656296e-07,1.1101868879133294e-07,2.0096589337500788e-11,0.0006152764900049646,1.5574358645834656e-05,9.87741864648863e-07,2.5711526171632708e-05,0.9908893068364614
1.5436090239060075e-07,0.008746704738658467,3.568068975845797e-07,1.0093543294965337e-07,1.510457801478701e-11,0.00047669246223933467,1.171654881382429e-05,7.867833533104357e-07,2.0325853517495202e-05,0.99074316149508
1.0696857093018137e-07,0.0075112616192660455,1.3963966480543436e-07,5.8157680916331864e-08,5.378744509116181e-12,0.00017824219687074088,4.244472336952981e-06,3.0778025289424215e-07,7.932133632205558e-06,0.9922977070263459
4.90674445437819e-07,0.027506465526130397,5.11069292896906e-07,1.67756031644875e-07,1.9457854361504018e-11,0.0005965505294655072,1.5310771086416134e-05,1.126258744969064e-06,2.9505442728302935e-05,0.9718498719526166
5.655858212160634e-07,0.01785558281666526,4.774693628924656e-07,1.5661682895772124e-07,1.7725122644295252e-11,0.0005851870006298326,1.3866531375765574e-05,1.0525611135990242e-06,2.728957711897193e-05,0.9815158218233584
4.232535154158412e-07,0.016723850058936552,3.5677150794795385e-07,1.4373308681290904e-07,1.259921823519728e-11,0.00042624643392881933,9.825162086543843e-06,7.867137560809365e-07,1.9360192915889607e-05,0.9828190076676666
6.720426862147857e-07,0.023591258777856654,1.3295091301256313e-06,2.6967957245420654e-07,6.074869741867159e-11,0.0016353583267141058,4.669122283087562e-05,2.931087374523515e-06,8.285503935253166e-05,0.9746386342537339
1.263782119283324e-07,0.010777752128061,1.0630653613337337e-07,5.37233154813222e-08,3.7882994125588025e-12,0.00013281295135919935,2.979989706991309e-06,2.3443456851172512e-07,5.788804706819564e-06,0.9890801452797455
6.923190695412339e-07,0.03736078116725904,7.890903335493931e-07,2.4366094356237363e-07,3.252286016811923e-11,0.0007538891337891105,2.539443366175889e-05,1.7380526763549832e-06,4.8908375806119114e-05,0.961807563733938
5.040142998248507e-07,0.017651750912614655,8.919339426896392e-07,2.303835813939644e-07,3.4439266626873084e-11,0.0009409454288626835,2.620541483391676e-05,1.965556390006297e-06,4.9473469821082665e-05,0.9813280328512145
5.040142998248507e-07,0.017651750912614655,8.919339426896392e-07,2.303835813939644e-07,3.4439266626873084e-11,0.0009409454288626835,2.620541483391676e-05,1.965556390006297e-06,4.9473469821082665e-05,0.9813280328512145
1.388030215482669e-07,0.02898610469913982,8.643967033859674e-08,4.7230019811263e-08,3.1426965609634106e-12,0.00010786039731820423,2.489817303878059e-06,1.9057549901168186e-07,4.8813820169319975e-06,0.9708982006528678
1.2471808765318887e-07,0.007660374084608932,4.086223747896327e-07,1.0037814346485322e-07,1.875890988160043e-11,0.0005771238309095167,1.4530615134777254e-05,9.005388605140334e-07,2.3288559655202797e-05,0.9917231486334662
2.756137374687022e-07,0.029161568651098146,2.2976699133463912e-07,1.0946341577780888e-07,8.579786561851004e-12,0.0002649881598043529,6.781359371214749e-06,5.062834925814005e-07,1.3198239916558938e-05,0.9705523424535928
5.418010146906403e-07,0.022561484437518407,5.433737613127734e-07,1.8360429582384684e-07,2.069034814393149e-11,0.00058364664207712,1.6103141763349948e-05,1.1973615411437604e-06,3.156524834105848e-05,0.9768047343689966
3.356566086704301e-07,0.019022570748464626,2.5915697445936384e-07,1.0794459788257282e-07,9.5075373841331e-12,0.0003140611698844301,7.438228301934378e-06,5.715415562581311e-07,1.45915053922316e-05,0.980640064038712
7.333248840424426e-07,0.02569750511180893,8.376869972670821e-07,2.2488874467527152e-07,3.303917212533383e-11,0.0008046697181467426,2.5331842831864486e-05,1.8469816620641403e-06,4.953590496742905e-05,0.9734193145069178
1.8627754138779392e-07,0.010107125592981428,6.430303382829739e-07,1.3619427478742626e-07,3.155152357652485e-11,0.0008842813741357649,2.401394380825648e-05,1.4176920596466526e-06,3.777711787640043e-05,0.9889444187454325
3.086364788225426e-07,0.014465144992235847,1.1424510159127317e-06,1.9452046793350482e-07,5.846814347473997e-11,0.0012612575945474289,4.347035727476202e-05,2.5181895376837482e-06,6.881782556651312e-05,0.9841571453744069
2.3302128400249036e-07,0.011219806265767074,3.06835795811658e-07,1.1045447962031262e-07,1.1491089955372323e-11,0.00034422581261835957,8.998490102568342e-06,6.764120853905908e-07,1.7053093678978356e-05,0.9884085896026972
3.196765782082654e-07,0.039829824111206905,2.5283513180643746e-07,1.1179795474134327e-07,9.19886006050524e-12,0.00030786887119239734,7.21666385480414e-06,5.575411741855649e-07,1.409562237456639e-05,0.9598397528713335
3.3524652127261863e-07,0.03539812713867634,2.3621606427595235e-07,1.0767401038582071e-07,8.688012454171663e-12,0.0002644922611359097,6.859924797642156e-06,5.209155027117059e-07,1.3428751823032037e-05,0.9643158918627804
6.549893841246117e-07,0.018461801309217436,8.204029848800031e-07,2.1714058152723226e-07,3.0099878513315284e-11,0.0007451496575640627,2.3225264798010347e-05,1.8084903488929454e-06,4.555047899711522e-05,0.980720772236024
7.56005796532261e-07,0.029688522913933,6.797848787692595e-07,2.120818113988166e-07,2.6487087324882885e-11,0.0008160973581433622,2.0707655153453244e-05,1.4984132603773883e-06,4.021212706688121e-05,0.9694313136334691
0.00046353303080972453,1.5358682342369014e-71,0.0001380694934223889,8.478531717886146e-05,1.1711891093415535e-59,0.48790475502632863,2.5262538567160237e-76,0.00030485584961112357,0.5046107535132413,0.006493247769408019
4.073296351214504e-07,0.013981551074888392,6.287429271138715e-07,1.6794082192366084e-07,2.4564692105890325e-11,0.0007136925508443565,1.9065961804225762e-05,1.385969292734869e-06,3.5806279044654736e-05,0.9852472941261767
3.5120757591556297e-07,0.014310041853531023,3.411078173655024e-07,1.1924357542827087e-07,1.3030574218894879e-11,0.0004518160823611808,1.0240371613306393e-05,7.521918484803319e-07,1.963985602196652e-05,0.9852066980726247
4.2514998796439553e-07,0.014825338267395285,3.550382637685155e-07,1.3543298764181796e-07,1.2603901366808538e-11,0.00041376075376518194,9.829211918048577e-06,7.828695319196462e-07,1.9395134237120568e-05,0.9847299781293091
1.004048774085361e-06,0.02062568660027389,1.2268369302838106e-06,2.9294585984207034e-07,4.838454693428271e-11,0.0015145672646020172,3.660290350622108e-05,2.707007363688415e-06,7.064287979729652e-05,0.9777472694645082
8.956962983317774e-07,0.020301393294101615,1.3235593299136204e-06,2.7570346389917373e-07,4.934002491862954e-11,0.0011549217974849914,3.7203657797243456e-05,2.9169687443900086e-06,7.362949583347506e-05,0.978427439777606
2.815456068525873e-07,0.016702646646581713,2.2415577775140237e-07,1.0153489772227517e-07,7.945897870273466e-12,0.00027380013455587923,6.214030474207931e-06,4.943635001929513e-07,1.220347639772581e-05,0.983004034104262
