i = 0,i = 1,i = 2,i = 3,i = 4,i = 5,i = 6,i = 7,i = 8,i = 9
0.43377695978754377,1.0353613663191743e-13,0.2205109812119637,0.0013856370503010514,8.292838578414785e-35,0.34431697521958715,7.947770706077678e-06,3.2649630662340064e-27,1.492637829067834e-06,6.3219657040768996e-09
0.2269299302061659,1.3518884281035563e-13,0.2345157908675559,0.0005620275767814538,1.0827080256663901e-34,0.5379803295367109,1.0489360617606252e-05,4.262716175999209e-27,1.4238772822805068e-06,8.574750783870224e-09
0.6257138840368421,8.59029947792066e-14,0.12678818932850025,0.0007744418164996334,6.879961087823272e-35,0.24671660551759608,6.114872234302304e-06,2.7087008430789873e-27,7.595306434066679e-07,4.897598328835701e-09
0.0495840507845323,1.0034387113914028e-13,0.6816696020650552,0.00036768098247951864,8.037183736257042e-35,0.26836874411424094,7.793624574019888e-06,3.1643095192661886e-27,2.1222476273098623e-06,6.181390259357179e-09
0.05963323526842926,2.1322146166951126e-13,0.12188210868312185,0.0001409222757314075,1.7086021891408912e-34,0.818328457159489,1.4451499374062171e-05,6.726916229807914e-27,8.148230438608835e-07,1.0290597312878982e-08
0.285413120974882,1.235926895432076e-10,4.523212803967662e-47,5.102132411512418e-86,1.6998428547027156e-102,0.7075986070869315,0.006982886019322647,1.1495550541167446e-87,4.077596381187299e-15,5.3857952670580066e-06
0.07855300489277653,2.535707182645755e-13,0.05169714790510256,9.696664742595914e-05,2.0327955240901734e-34,0.869638905011659,1.3581900690163387e-05,8.003293739052698e-27,3.8461416944332543e-07,9.027922662121922e-09
0.002341372196486687,8.208875458462976e-14,0.9289666649313721,0.00011918452190389506,6.698097995814872e-35,0.06856571321245765,5.282023936733596e-06,2.6370997534274672e-27,1.7795765456959142e-06,3.5372149388396613e-09
0.07643427482907006,2.4199767743467663e-13,0.43943973963812627,0.000394016102576517,1.939393362360394e-34,0.4837121574114924,1.7796136992454666e-05,7.635561260637051e-27,2.0030660972396977e-06,1.2815403063859692e-08
0.007117896421512502,1.3095942215603095e-13,0.918786370840329,9.892039743988246e-05,1.0578982874306778e-34,0.07398577963707069,8.29020171743708e-06,4.16503806704217e-27,2.7365018589272916e-06,5.999940491803333e-09
0.0014768490337346328,9.662893668969277e-15,0.9469212836809611,2.6116005684162246e-05,7.76328275226423e-36,0.051574155410098105,8.348759614945459e-07,3.056472306701924e-28,7.603333481686574e-07,6.602027281481357e-10
0.003270960390877094,4.376873147847524e-14,0.8666474694926717,6.715064725725701e-05,3.5277476349750106e-35,0.13000746042512437,3.6107667679711517e-06,1.3889050927830134e-27,3.345560070089449e-06,2.717187853163964e-09
0.017553328774088797,8.205877040041382e-14,0.5756409653465844,0.00014193615310946508,6.580118124645762e-35,0.4066553107990307,6.863569698882577e-06,2.590650046456355e-27,1.5899928208914808e-06,5.364584897114748e-09
0.08292259444831063,1.7230483631938834e-13,0.16851501568711413,0.00021740728408435958,1.380330526927163e-34,0.7483324462568622,1.1684955449138949e-05,5.434481989487821e-27,8.425962285247942e-07,8.771778694056088e-09
0.6473325563081368,1.0006487702939037e-13,0.20777653817559577,0.0007784921071105842,8.015868390687456e-35,0.1441044385208966,6.9030904600864005e-06,3.1559174813203677e-27,1.0664583701265696e-06,5.339330097477417e-09
0.014688623666113529,3.4172229712950036e-14,0.7057103290612782,0.00015529600038378743,2.7367431309567615e-35,0.27944001538544483,3.0978591584085527e-06,1.0774797024991023e-27,2.635519219692364e-06,2.508367258566726e-09
0.0009630996174294096,1.044888411389691e-13,0.500348317113202,0.00014711709178274711,8.718491792142826e-35,0.49850669474760323,7.647456458394513e-06,3.4325464586640856e-27,2.7119689555048643e-05,4.283864651722317e-09
0.023313910482377777,6.482691019597795e-14,0.47395424053590013,0.0006325530521782163,5.20249451631575e-35,0.5020917761479516,5.401866923324097e-06,2.048267585030311e-27,2.1136759377984734e-06,4.2386662422439495e-09
0.01337603324320967,4.8487631490113614e-14,0.8396311030887814,0.00010400007103235657,3.883355935685897e-35,0.14688204573492566,4.028135056839716e-06,1.5289111904404988e-27,2.786414302708548e-06,3.312642919335324e-09
0.12891707309632755,9.798929727888976e-14,0.2912675034274332,0.004866621479221097,7.856440117229339e-35,0.5749395324752782,7.807056145775563e-06,3.09314917591658e-27,1.4561417445199414e-06,6.3237517518938726e-09
0.006629279505367798,1.684711132823703e-14,0.8615217030861745,6.214982008509317e-05,1.3492020293010612e-35,0.13178374673723087,1.5221038460768062e-06,5.311926372257919e-28,1.5975088044410813e-06,1.2384742803842585e-09
0.004544661265007946,8.187127306828215e-15,0.8358329493475597,4.559844415721137e-05,6.556568385853595e-36,0.15957550153070837,7.614243566455733e-07,2.5813783083598304e-28,5.273747504855729e-07,6.134516324521332e-10
0.9811645884247043,1.0042384805583784e-14,0.005825895877614848,2.3062276144282273e-05,8.045687646847875e-36,0.012985824617778759,5.88990768107591e-07,3.1676575832294673e-28,3.937377456774913e-08,4.392050386397158e-10
0.04144758855794907,6.969215643549656e-14,0.7404555180320169,0.00028604727948788373,5.581624455755981e-35,0.2178031159594912,5.774058333355174e-06,2.1975343575438657e-27,1.951449706426989e-06,4.662945441258144e-09
0.056927199666903676,8.528362365477879e-14,0.8600700443345392,0.0002340639098008054,6.831437746737486e-35,0.08276134032292096,5.990774396433486e-06,2.6895967793742146e-27,1.3562105219100914e-06,4.780831771815115e-09
0.07494179313812684,1.3028706733466132e-13,0.09260075739251689,0.000155995839266392,1.0438478971405406e-34,0.832292049600543,8.906310908255767e-06,4.109720451813451e-27,4.911978245277234e-07,6.520683746127065e-09
0.02847212661527188,1.141810149376041e-13,0.8994778759863507,0.0002543574998747373,9.176340421389528e-35,0.07178741956883371,6.9226527444005715e-06,3.6128054677212704e-27,1.2923688520063072e-06,5.307958448853589e-09
0.03581779968580296,6.762593793766989e-14,0.6413749092496474,0.0004241767148353384,5.41671858785809e-35,0.3223756437977455,5.6782699000648895e-06,2.132609475309536e-27,1.7877996041551736e-06,4.48239692120379e-09
0.49015949365456735,1.6808218967338344e-13,0.18565568213443065,0.001119903158822102,1.3462227587310357e-34,0.32305182802449917,1.1788415675027654e-05,5.300196723497143e-27,1.2949441115869287e-06,9.667725957203562e-09
0.14751716251699337,3.4915032895973186e-12,0.3136034470131381,0.0006207344838863,2.8437552638976087e-33,0.5381600771203929,9.532035193483211e-05,1.119611315020793e-25,3.1947704023459137e-06,6.3739760669234e-08
0.016127426111242255,2.7114080809773944e-13,0.6483765905929677,0.0005551544481031008,2.2003517511287406e-34,0.33492048151501586,1.7098706754088035e-05,8.662977257097287e-27,3.237196932801939e-06,1.1428713145294545e-08
0.09517846711785903,1.0349413926789839e-12,0.056926550299124676,9.992961091643202e-05,8.309761039928687e-34,0.8477608481809427,3.366814165030367e-05,3.271625587312871e-26,5.172634794296352e-07,1.938499253533669e-08
0.001335823493941058,3.904541713931284e-13,0.3681594370039632,0.00023187286550546308,3.3819734953021182e-34,0.6302385662922723,2.3198042199321993e-05,1.3315125392509908e-26,1.1091810579695902e-05,1.049114845958494e-08
0.05134132686238438,1.3860556379735942e-13,0.1747932370491082,0.0001679336752799714,1.1102027405051668e-34,0.7736853947314194,1.1066018015870251e-05,4.370965272634101e-27,1.0330979683871702e-06,8.565685105480387e-09
0.9245817565517167,1.5964507151339534e-13,0.04112768355155638,9.983063727917916e-05,1.2795707479211466e-34,0.03418401279497867,6.359709398747554e-06,5.037781928458271e-27,3.5191031404737244e-07,4.8445965850399615e-09
0.9153653454407484,1.2109287046922918e-13,0.052391817171703776,0.00013102451613768534,9.704009641865087e-35,0.03210596779512636,5.483903794775172e-06,3.820553454101421e-27,3.569190368791119e-07,4.253330946579558e-09
0.6283183755625766,1.6410094297026723e-13,0.12533635133622442,0.0004974971369675982,1.316040833288608e-34,0.24583726524748348,9.795686625881854e-06,5.1813678437286965e-27,7.076218795657549e-07,7.40807842047922e-09
0.0055338042789418234,3.011107321045039e-14,0.9469313481670645,5.755683618348124e-05,2.416782009782e-35,0.04747388862962742,2.357524681763741e-06,9.51508211146844e-28,1.0427139669374508e-06,1.8495041784050414e-09
0.16971507250926984,7.612358947393305e-14,0.0683122087942004,0.00017968389072196513,6.099205369677233e-35,0.7617873287082008,5.339923249999826e-06,2.401310489414935e-27,3.623441593391914e-07,3.8301215390835784e-09
0.09138120902273426,4.6144700479505345e-14,0.18012888593658843,0.0006169276891577175,3.6955911414708374e-35,0.7278686944133066,3.7650658795438525e-06,1.4549865490219503e-27,5.148714518973069e-07,3.0008355125380927e-09
0.8823733918469174,2.1499894689830294e-13,0.04704181242113514,0.00010842764348287546,1.7231178632455172e-34,0.07046732239898933,8.66447547057361e-06,6.784065708101682e-27,3.7495557095795767e-07,6.258218663582838e-09
0.8024631024927135,4.4686872893258335e-13,0.07156335276026303,0.00018219825229571013,3.5803747982423315e-34,0.1257739679528155,1.677897730852901e-05,1.4096248671671015e-26,5.865944884257025e-07,1.296966842302996e-08
0.8234160672687081,2.368312135103674e-13,0.1083240845787143,0.0001637515582313287,1.8981929925021728e-34,0.068085566603965,9.971591238779352e-06,7.473351801679998e-27,5.511871442840465e-07,7.211761441880156e-09
0.08112028276981059,1.0028539998780969e-13,0.36957552040232877,0.0002490556784758267,8.035217985686253e-35,0.5490452500292937,8.127771461224965e-06,3.1635355860766907e-27,1.757516388132253e-06,5.832141522619862e-09
0.006677664711162696,5.206438654837811e-14,0.9001353127784724,6.605085429951079e-05,4.1785533444260654e-35,0.09311016402750988,4.3392650967390436e-06,1.6451329916574307e-27,6.464880453826396e-06,3.482952807606845e-09
0.005232056259109663,3.712592627408411e-13,0.5120091893295714,0.00025177529782853005,3.0605173861624233e-34,0.48247908976340215,2.2957999868462288e-05,1.2049524580638126e-26,4.917144142766811e-06,1.4205705717283931e-08
0.07634283126695797,3.0020418517436287e-12,0.5253423708084435,0.0009363839049709725,2.459412265071343e-33,0.3972775149691152,9.617432114308172e-05,9.682921154406143e-26,4.659817371750388e-06,6.490899547957007e-08
0.013710614895516398,3.013103547475737e-14,0.8152541701763105,0.00012351749444663263,2.413123198753477e-35,0.1709078484975346,2.6129140622129076e-06,9.500677052499221e-28,1.2338931664637155e-06,2.1289332532971715e-09
0.735120980878052,1.899861910850213e-13,0.16653728682947336,0.00032177356485068887,1.5219500402786346e-34,0.09800930852213807,9.926503473944884e-06,5.992050397673286e-27,7.159669605116217e-07,7.734861338247678e-09
0.0791120011352047,6.774389630321099e-13,0.5362824508134996,0.00020227174507884374,5.431934721248891e-34,0.38435986102930003,3.757140942849959e-05,2.1386002000851504e-26,5.818477342139079e-06,2.538946867743654e-08
0.0013130763283587938,9.138056717170525e-15,0.8950939852958341,4.077304532685388e-05,7.351757038482522e-36,0.10355061576249928,7.942866994295131e-07,2.894451034540651e-28,7.546649235431392e-07,6.163489488172268e-10
0.00020617267422904907,3.1633884157234e-13,0.12914781639551798,6.813350213865214e-05,3.192010552282785e-34,0.8705344712707856,1.3282032316531513e-05,1.2567224674261689e-26,3.012056870894966e-05,3.5559866648573653e-09
0.0023778195963218463,1.804793023046917e-13,0.2774592230783665,0.00018716611444551828,1.4934320822219334e-34,0.7199621125747852,1.1973875543713717e-05,5.8797727030104555e-27,1.6977523475538034e-06,7.008009252054631e-09
0.03242719601336623,4.216195344649439e-14,0.5060040646191606,0.0004985372681345365,3.3767486961682816e-35,0.4610655832486458,3.6581725871769593e-06,1.3294554901430049e-27,9.577482533323082e-07,2.9298102078373716e-09
0.4057910220874799,1.6176605653768555e-13,0.3681377239377916,0.001814292569091604,1.2956996531117015e-34,0.2242435256721255,1.1587029740510528e-05,5.101282838608653e-27,1.8393025356732039e-06,9.401073458959321e-09
0.3174429585309485,1.6999506267854852e-13,0.5023057580133379,0.0015599336770014361,1.3616858242709597e-34,0.17867720196700487,1.1957270281869998e-05,5.361076164717696e-27,2.180888010214959e-06,9.653245174078015e-09
0.5658024141404092,1.3734141888467275e-13,0.14744585272493596,0.0008048429401674029,1.1000424741322542e-34,0.2859361880250628,9.521668150289569e-06,4.330963415444939e-27,1.172934983831842e-06,7.566153166469242e-09
0.05677563162162611,7.208716280849371e-14,0.5911425243450341,0.00030363708824673766,5.773618224165686e-35,0.3517715495947722,5.661143361136122e-06,2.273123983083711e-27,9.91729718966979e-07,4.477168635010931e-09
0.007255263761793402,1.678434568795676e-14,0.843051895764238,7.967811897359301e-05,1.3440909657730713e-35,0.1496101639086632,1.6000855729690331e-06,5.291803668203964e-28,1.3970378329322436e-06,1.3229088312011015e-09
0.07810734275240742,3.0411916467945117e-13,0.05146567121921471,9.6221807960734e-05,2.4382365052939463e-34,0.8703145357978744,1.58060083334139e-05,9.599550336417967e-27,4.1197895703891983e-07,1.0434948345503739e-08
0.0636192575776128,3.547500385469839e-13,0.21890589178162215,0.0001718534251684047,2.842525773849244e-34,0.717279138773726,2.2465666920252424e-05,1.1191272540373053e-26,1.3763209937954312e-06,1.6453601906589837e-08
0.020506352978791432,1.4031697912582758e-13,0.8794246354809733,0.00011219317682351915,1.125382480050287e-34,0.09993923470793724,9.924242619619103e-06,4.4307292346372696e-27,7.651561130510094e-06,7.851584093143236e-09
0.00018969687017059145,3.120649956388328e-14,0.11706326920109912,4.871479807630623e-05,2.6417826641720314e-35,0.8826945750172486,2.2276060275087534e-06,1.0400929363305765e-27,1.5153832217679156e-06,1.124124949627554e-09
0.007860534220394087,5.671871992424815e-14,0.9499570890217969,7.610481343539456e-05,4.5585278925507577e-35,0.04210124808221639,3.884222142065063e-06,1.794732293995852e-27,1.1366801716915376e-06,2.959786888368338e-09
0.024836185100168617,8.928368898279117e-14,0.33327263966517123,0.0003774431888070391,7.175165054918301e-35,0.6415046968961076,7.015115024592216e-06,2.8249252263775806e-27,2.014932389138156e-06,5.1022425769911825e-09
0.0077954175791807604,4.321544478141986e-14,0.30046419968590776,0.0005999918450838951,3.483019478210436e-35,0.6911359630601175,3.444720222179775e-06,1.3712952263330448e-27,9.80607432498065e-07,2.5020122781664697e-09
0.03261101413256303,1.6601812718136874e-13,0.7588278045181406,0.00016844206398016902,1.3298482699706157e-34,0.20837559381872334,1.2876268042180918e-05,5.235728929356791e-27,4.259024521402984e-06,1.0173863175999697e-08
0.03549544900269669,4.99952355050758e-14,0.46366201815499164,0.0005236881864510036,4.003927600631322e-35,0.500312372592778,4.505355503381023e-06,1.5763813092856663e-27,1.9630392381358983e-06,3.6682911545688514e-09
0.020710215728803414,9.011097012941809e-14,0.9028819657429925,0.00010694132509186264,7.219127470051041e-35,0.07629278418879232,6.263692234974671e-06,2.842233613650949e-27,1.8244076780846406e-06,4.91431683604966e-09
0.812036438714548,5.849862723096431e-13,0.07177430055518871,0.00017263673643821498,4.687821379472224e-34,0.11599666337047722,1.9276061305818593e-05,1.8456362704222042e-26,6.693619552456941e-07,1.5199502002320077e-08
0.00934179927810129,1.8824905217059804e-14,0.9465563396772578,5.952196624139916e-05,1.5077150423040309e-35,0.0440403855325045,1.480030782316779e-06,5.936005965847547e-28,4.7232269958822074e-07,1.1923941064495501e-09
0.022015674168664373,1.224491726260884e-13,0.7569387822834824,0.0007191568437469833,9.869580010893542e-35,0.22031655317182158,8.379099431068631e-06,3.8857399562416704e-27,1.4482145056164724e-06,6.218225342957368e-09
0.18922196775259426,4.1152131013651653e-13,0.09907104004697508,0.00019384191043053482,3.299241198480614e-34,0.7114908299014722,2.158325046794989e-05,1.2989401105279777e-26,7.22792074601759e-07,1.4345573948147695e-08
0.10688930701283826,4.985063490167362e-13,0.09743035431277516,0.00016856050684850617,3.996657556055099e-34,0.7954844139730726,2.6563105013615292e-05,1.573519029162057e-26,7.832075714844131e-07,1.788138176805513e-08
0.01203135938213038,2.6866603879120684e-14,0.9626559812485044,0.00010359244999436117,2.1522696759666503e-35,0.025205848455295075,2.095554915408981e-06,8.473673922578387e-28,1.1212196809014497e-06,1.68945258507113e-09
0.15671748410881936,9.23798969035111e-13,0.46500949950148146,0.0004334611722835292,7.414469152568962e-34,0.3777889145926409,4.7694161702537036e-05,2.919141342251517e-26,2.9124445044742346e-06,3.401764399501527e-08
0.15813605492768554,8.743651825384345e-14,0.121907321215818,0.00045625186922349805,7.003304260786721e-35,0.7194932576377654,6.5393092105266135e-06,2.757262128866698e-27,5.699573945199417e-07,5.082815069641263e-09
0.014195075599961086,6.70854263167771e-14,0.035364054039331884,7.328640910968178e-05,5.392320883483184e-35,0.9503627826005834,4.566727873629003e-06,2.123003885747919e-27,2.314095881361784e-07,3.2134852928877493e-09
0.3713604105088347,6.396910079479406e-13,0.5391414453493832,0.00046505461813446864,5.129179038905633e-34,0.08900412874818996,2.6623178644616646e-05,2.0194026404562703e-26,2.3174157728877935e-06,2.0180400392243578e-08
0.08437701164625964,1.4540242625190393e-13,0.11216026290055083,0.00020126365384329353,1.164879018657939e-34,0.8032500646169803,1.0682202722932793e-05,4.5862305609668465e-27,7.069658535066511e-07,8.013644155867005e-09
0.04279832983996534,1.2505585648694353e-13,0.11011596042791945,0.00012919135398136176,1.001917491027038e-34,0.8469469740366694,8.955824348244793e-06,3.944636776280304e-27,5.819188538864085e-07,6.59813736634889e-09
0.2791020086608405,2.1514396619862297e-13,0.18476919202242284,0.000407772094528949,1.7238213223191212e-34,0.5357051577508496,1.4783414093046496e-05,6.786835287989472e-27,1.0751035958686506e-06,1.0953454090524975e-08
0.20875310057992935,8.192166947107073e-13,0.27388011687157726,0.0003453010427274899,6.567748266473086e-34,0.5169791103747071,4.077121868891709e-05,2.5857799251237614e-26,1.5716034193736827e-06,2.8308131271008837e-08
0.11054648053611188,2.569062500748064e-13,0.537705212025939,0.0005524258963050633,2.0586205186491434e-34,0.3511749766795688,1.8571250110130905e-05,8.104969000934938e-27,2.3197103431707804e-06,1.3901365078758714e-08
0.3844693198461536,8.726904409984762e-06,3.67461899789184e-47,4.144928284748744e-86,1.3809376472055886e-102,0.602190544215639,0.013325049237971454,9.338885929210799e-88,3.3126020169431138e-15,6.359795822608912e-06
0.180532360527493,1.5148429795078649e-12,0.3914311982300323,0.00025019341261870896,1.217044350898089e-33,0.42771788077562983,6.47389758442504e-05,4.791610035668329e-26,3.5941074828537714e-06,3.3969384229030563e-08
0.08807576705960542,2.8822122930911395e-13,0.5933603697331787,0.00020554047074540887,2.310556386395065e-34,0.31833641495725995,1.8938481479540598e-05,9.096862543142645e-27,2.956718414679613e-06,1.2579027961176435e-08
0.9534132033218394,3.573122339964814e-14,0.015270213096589503,5.481988088563349e-05,2.862248500061042e-35,0.031259738400810116,1.915302939469783e-06,1.1268922638150914e-27,1.0853338866631726e-07,1.4635115085163204e-09
0.0011373079312683454,4.399916088006894e-14,0.27769550387105574,0.00022624734932862191,3.6005903240862346e-35,0.7209360415280595,3.566930893371987e-06,1.4175838964694056e-27,1.3300899162058394e-06,2.2994343226696216e-09
0.002542852413581794,5.186554344925602e-14,0.14112829447162575,0.00010011325041603067,4.207495485467258e-35,0.8562240115142168,4.07578497604349e-06,1.656527765674033e-27,6.497688687404288e-07,2.79626293051896e-09
0.008218051808567318,2.8203162033469836e-13,0.27011455391121547,0.00017678630586236474,2.2950319741608125e-34,0.7214690065847629,1.9615629336946046e-05,9.035741574621944e-27,1.9732498796277672e-06,1.2510093278455159e-08
0.004133557774878505,2.2248302378843962e-14,0.7962191175891611,6.878487100467074e-05,1.7875599800056676e-35,0.1995753204644864,1.8932157477177871e-06,7.037779957019418e-28,1.3246274095544066e-06,1.45728964409945e-09
0.004397185500244416,1.3872951562509798e-14,0.9788432064983281,3.5904528872843035e-05,1.1112217400999001e-35,0.01672142675942898,1.1477910376451772e-06,4.37497716314645e-28,1.1279841745451576e-06,9.37899755609183e-10
0.000905145025048867,4.782273159938597e-13,0.45065417805129765,0.00014421383557458576,4.28291066038072e-34,0.5482376283960222,2.5971097659243525e-05,1.6862193795162248e-26,3.285370269699783e-05,9.89122217756431e-09
0.009942009139562035,3.360922233408605e-14,0.1683915837090508,0.0015950354666101633,2.703919862570947e-35,0.820067697752948,2.881222095961117e-06,1.0645568947078452e-27,7.904638199489817e-07,2.2458795224598098e-09
0.12402505235368064,2.838450521353877e-13,0.7339003129267722,0.0002631326351900665,2.2754998839650554e-34,0.14179036355875566,1.7789235600649492e-05,8.958842027509767e-27,3.336896382259091e-06,1.2393334899366992e-08
0.8479943275651807,1.2531538226185888e-13,0.059149895850242155,0.000244331012315745,1.0038698213839556e-34,0.09260398016318287,7.0132289266451885e-06,3.952323271619817e-27,4.465598969721159e-07,5.62012950318541e-09
0.8446743669074247,1.8578332899887302e-13,0.07605700928879114,0.000145234907014662,1.489212284094368e-34,0.0791143101796157,8.600366242860921e-06,5.8631589887759556e-27,4.7210811205693935e-07,6.24261294314247e-09
0.9311794101868225,1.0263193826641817e-13,0.02359926526067951,6.611225570120266e-05,8.224703905819695e-35,0.04515054290853592,4.464682499615608e-06,3.2381378498199235e-27,2.0138381768283915e-07,3.3218409835309218e-09
0.3092890765274392,3.869325795221416e-13,0.646014758154748,0.00036633491756556146,3.1022384575745118e-34,0.04431190811795479,1.5826258493373256e-05,1.221378408714623e-26,2.0836506130261186e-06,1.2372799078321176e-08
0.20589202827815634,4.3689111140853766e-13,0.5644896952584498,0.00034177167257767204,3.5028872342910195e-34,0.22924620662586093,2.664178217857427e-05,1.3791173356384027e-26,3.6382910872431268e-06,1.8091252646210462e-08
0.05323710923285189,1.9272977098490052e-13,0.5747009242517148,0.00018709960243653458,1.5443988877119007e-34,0.37185554469413173,1.480265111675396e-05,6.0804334730896415e-27,4.509050285218555e-06,1.0517270313741236e-08
0.1959729740880938,2.899383661532949e-13,0.6872812082416103,0.0004459454214048844,2.3234695685371098e-34,0.11628013809034547,1.7358971423038647e-05,9.147702870447551e-27,2.3617690832880803e-06,1.3417749336861075e-08
0.0018261266153556544,5.741406688938877e-13,0.5314037203457656,0.00018240138554908097,4.972907524751949e-34,0.4665359643060267,2.980357430915573e-05,1.9578771787953731e-26,2.1969434182660825e-05,1.4338237124935148e-08
0.00467869960291307,1.3351201801599675e-14,0.958408504155645,4.462337385917813e-05,1.0693156888533493e-35,0.0368660932845733,1.14674609364181e-06,4.209989374854239e-28,9.31895797731531e-07,9.411048246462852e-10
0.1833888435795964,2.003058143929411e-13,0.3028875209822012,0.0003145715335720578,1.6054431502070885e-34,0.5133927954101132,1.4312609745857542e-05,6.32077007263596e-27,1.9461132212512146e-06,9.771349657258864e-09
0.014358086004177284,6.697461780071958e-14,0.9078878839961493,7.408482698167641e-05,5.364502116783721e-35,0.0776730092902317,4.937375837953652e-06,2.1120513940331622e-27,1.9945092954411145e-06,3.997259514267367e-09
0.0401514971214449,1.3505582916180746e-13,0.6164831360886955,0.00023834996036379153,1.0815773481727627e-34,0.34311063647068324,1.1879715271321197e-05,4.2582645998330884e-27,4.49081908208616e-06,9.824324032225272e-09
0.6454016963786787,2.81177236802906e-13,0.2630448085808129,0.0003903144948088191,2.252854740871134e-34,0.09114823545756394,1.3756834670624707e-05,8.869686118912029e-27,1.177375426037239e-06,1.0877757678528344e-08
0.09824540315421705,2.9088453895324664e-13,0.5652094330008158,0.00029332894890341573,2.3297680320082686e-34,0.33622694627880617,2.1454134271849195e-05,9.17250047191163e-27,3.4172371692587873e-06,1.724552565168901e-08
0.21537681160239716,1.2220026501288002e-10,4.569375885984837e-47,5.154203841087551e-86,1.7171911397644135e-102,0.780644537023766,0.0039764948649069045,1.1612872026019768e-87,4.119206959587385e-15,2.1563867253584667e-06
0.05287378480094505,4.9536303137795016e-14,0.33427301648144236,0.0002236280363078596,3.968364586169434e-35,0.6126242675797293,4.220681644730729e-06,1.5623798395061618e-27,1.0792970321334812e-06,3.122848981367213e-09
0.0009330661108821755,6.580345232319956e-13,0.47657990270258177,0.0001446077133531734,6.0255553885739514e-34,0.5221986763393867,3.237513944972236e-05,2.372313847811768e-26,0.00011136008080429275,1.1912884273074196e-08
0.01658586834235583,1.0423621190123086e-13,0.13234902579121058,0.00011730746625505784,8.377170357963825e-35,0.8509390638820952,7.949929191560203e-06,3.2981652252937546e-27,7.788310311855472e-07,5.757756332418251e-09
0.0001610582518077371,1.1020039704931771e-12,0.10909429234132449,5.678422496129367e-05,1.6717593082401983e-33,0.8905880703946321,2.333867205300838e-05,6.581862585923236e-26,7.645204879733956e-05,4.065321995956867e-09
0.0493004371207484,2.0231825041640543e-13,0.0690814958370526,9.866754772902942e-05,1.621501464741227e-34,0.881506292947508,1.2595752928490106e-05,6.383993061199107e-27,5.020949721845299e-07,8.698859057463482e-09
0.44418334001054055,2.498360018885976e-13,0.16271947923920865,0.0006027071411049423,2.0014369784753318e-34,0.3924771287859747,1.6213445907697077e-05,7.87983240277426e-27,1.1185791086665215e-06,1.2797905034215654e-08
0.057658783547288366,1.65284275146082e-13,0.180979697681143,0.0002128117773336386,1.3242344519012125e-34,0.7611353316524151,1.2375182637807658e-05,5.213626836709209e-27,9.90938462280743e-07,9.220554560509632e-09
0.08199256040397643,5.863157906280369e-13,0.906767056317579,7.650529126972951e-05,4.71152959551632e-34,0.01115249698970085,1.0029087804420153e-05,1.854970402398639e-26,1.3443239785766083e-06,7.58510464334201e-09
0.02710179382114591,1.455017248228637e-13,0.7461342868659256,0.00016358168691098422,1.1659815167289147e-34,0.2265868195598179,1.1067438344958427e-05,4.5905711922817825e-27,2.4425037971112205e-06,8.123911908625994e-09
0.5599041568276841,3.535028458957938e-13,0.14864160560637524,0.00023049914390269526,2.8359710303520234e-34,0.29120467222465274,1.8034884312690116e-05,1.1165465942035605e-26,1.020361269954174e-06,1.095144898198353e-08
0.0552460611604193,6.565279325975498e-14,0.06945550130939185,0.00015837758553785138,5.259216679052084e-35,0.8751348188366876,4.893247191638404e-06,2.0705995965146594e-27,3.441628878485225e-07,3.697818264228357e-09
0.4775321397794722,1.7922640092067409e-13,0.10132631301333782,0.00037028106972699905,1.4356983339369036e-34,0.42075949946962826,1.1149995911076127e-05,5.6524698874021796e-27,6.080986870752562e-07,8.573057334358393e-09
0.010144402256144974,1.0714468603515293e-13,0.09143553560763798,0.0003276041976158884,8.671808674422463e-35,0.8980847198913235,7.190435980872999e-06,3.41416690699038e-27,5.426031153828921e-07,5.0080742233915855e-09
0.33066602827049074,2.1545924329947676e-13,0.24017025783223273,0.0002818697731020022,1.727382409675617e-34,0.4288670743381418,1.3631031516140909e-05,6.800855600316356e-27,1.1298856111683772e-06,8.868689929943942e-09
0.3126776370841445,1.171741926896016e-13,0.3088262622878271,0.0027468034615368148,9.384226021711678e-35,0.37573817005275034,9.25474032984427e-06,3.694651846453461e-27,1.8647385422777196e-06,7.634751995451865e-09
0.0036866230010946443,2.7681705142067214e-14,0.8766090826857145,5.372739962774509e-05,2.2239993274516753e-35,0.11964509367948331,2.391218204309311e-06,8.756079832976811e-28,3.080125536515719e-06,1.890311033061945e-09
0.24425893299493098,3.575596363331874e-13,0.09846772326000376,0.00022697884900713442,2.865211610983761e-34,0.657025324600706,2.0240770251814417e-05,1.12805886649671e-26,7.845623758851788e-07,1.49623668922831e-08
0.07266377689724338,2.0549092676724676e-13,0.6976839779325725,0.0006750714228282473,1.6481269610164836e-34,0.2289566300111252,1.5145401024494268e-05,6.488819968339387e-27,5.386532346230228e-06,1.180265429297862e-08
0.001841047352095693,3.35302188129023e-13,0.24993931252177287,0.0001559164654758851,2.839893466167754e-34,0.7480406043067283,2.0100792841886626e-05,1.11809089148451e-26,3.0085310571632757e-06,1.0029693024830434e-08
0.18027693340580692,1.902736945844217e-13,0.4678804623246979,0.0012368387294169605,1.524041110726319e-34,0.35058739063291466,1.489002059423397e-05,6.000283124882493e-27,3.4726297580021724e-06,1.225662105361687e-08
0.007187261100105306,9.41410880281301e-14,0.2749108289616355,0.00045952887422901466,7.617545666064941e-35,0.7174327232366319,7.76039892143788e-06,2.999094341446488e-27,1.8916850342937838e-06,5.743348424588065e-09
0.0541965380010198,1.4963734967003482e-13,0.8945520890489354,0.0004248781031505999,1.2015151373452177e-34,0.05081554024387233,8.79808639978282e-06,4.730470163936421e-27,2.149658570601488e-06,6.857901713038009e-09
0.04995364621746571,1.3896573809851357e-13,0.17896376903231676,0.0004450770052260491,1.1166991163628197e-34,0.7706270994034077,9.618391953468234e-06,4.396542072470544e-27,7.828151859066339e-07,7.134305464700065e-09
0.044286696922887635,1.0178119690638945e-13,0.5288100214375616,0.0003083965321796815,8.150889450671533e-35,0.4265824007713139,9.074245348643982e-06,3.2090764533470502e-27,3.4025713291629885e-06,7.51927757609106e-09
0.005204623713938265,8.195144530850561e-14,0.6781774394447943,0.000198324970460166,6.63117036780158e-35,0.31640981066593044,6.737996757663711e-06,2.6107497610204394e-27,3.0582854507211824e-06,4.9225864440811606e-09
0.0003042279936996172,2.8007099913096665e-13,0.17566928675390037,9.799361639500567e-05,2.6494745049623184e-34,0.8239030457532455,1.3623210562663227e-05,1.0431212813121059e-26,1.1818303494207346e-05,4.368422662917639e-09
0.039162047540643764,3.147578389248162e-14,0.5067148453421711,0.0005703674591630397,2.520663801378403e-35,0.45354889059436787,2.8043837277281008e-06,9.924073809075236e-28,1.0424003779881956e-06,2.27951699585199e-09
0.010961854265159726,2.6273259288879756e-13,0.7451214165838759,0.00013225641508142946,2.1217857236916936e-34,0.2437517028767231,1.9153379651712023e-05,8.353655936759093e-27,1.36021752883973e-05,1.4303956815895956e-08
0.05854217408971978,5.144297907797557e-13,0.8713981598442889,0.00014867428766619222,4.125246565481038e-34,0.06988812312594499,2.0642762568840593e-05,1.6241456466380066e-26,2.210602934543825e-06,1.528636227350195e-08
0.008649375869373867,2.6703371308462614e-14,0.9281725884129362,8.119666827084224e-05,2.1387390803774009e-35,0.06309189616964653,2.3759828062551677e-06,8.420402784541244e-28,2.564953271142423e-06,1.9436682215017353e-09
0.15207174545528998,1.900123984881204e-13,0.17688765312646565,0.00028961591541651403,1.5222704610657154e-34,0.6707375835225453,1.2592757342617512e-05,5.9933119223316854e-27,7.99867067132219e-07,9.35568292141719e-09
0.3899299167001146,2.621472292780199e-13,0.48286537362630033,0.0009978378485968773,2.1002631226533408e-34,0.12618825307968645,1.6061561125276067e-05,8.268919574396501e-27,2.5442884128583724e-06,1.2895501317335044e-08
0.06596237767219204,1.631360751719313e-13,0.7629865111836461,0.00020833473683723846,1.3072790861239611e-34,0.17082771690390494,1.1927399610565742e-05,5.146872078957998e-27,3.123422311974829e-06,8.681333983572895e-09
0.05371305665334557,7.127575190500061e-14,0.6093961966233419,0.00044432988864689395,5.708105699174339e-35,0.33643836443353276,6.109243605109557e-06,2.2473311291109827e-27,1.93814735136515e-06,5.010105147058901e-09
0.0010756576435256241,7.660605623172348e-13,0.4271097175385793,0.00015010940022678308,7.0160884426771016e-34,0.5715870274464853,3.6754051429243935e-05,2.762295373070021e-26,4.0720601969765955e-05,1.3317017931397958e-08
0.06499073535345569,9.825842167148338e-14,0.7964527067945206,0.0008777185018650661,7.879659164774212e-35,0.13766857951929273,7.347319047117217e-06,3.1022907179772813e-27,2.9067065824134016e-06,5.805138116017053e-09
0.009912552873817829,7.302267713195822e-14,0.4202320193570922,0.00027231181579753946,5.885064362961693e-35,0.5695757496754456,5.993884352116432e-06,2.3170013024843882e-27,1.367931217041539e-06,4.462204864091093e-09
0.0004370745561193343,9.890907551995903e-13,0.22435689929523162,9.824821041706387e-05,1.0615860829678096e-33,0.7750518884981685,3.284508215703959e-05,4.179557240556354e-26,2.3036091944805398e-05,8.264972491365638e-09
0.01782142738410297,5.2843032494231456e-14,0.7593906657231776,0.00012526237040914756,4.232073313044277e-35,0.2226555130273895,4.3789122585088685e-06,1.6662042713154365e-27,2.7490126169648225e-06,3.5699924841287367e-09
0.056830965693850426,7.684642638511881e-14,0.5368581187666162,0.0014485204051612587,6.161750832739794e-35,0.40485358183416525,6.346769178500388e-06,2.42593518516041e-27,2.461513036355964e-06,5.017915158089134e-09
0.000757571462790803,1.5128807827371983e-13,0.5442274865058929,0.00012998386333284683,1.2876328529916388e-34,0.4548525534083981,1.0003349450143387e-05,5.069523141123081e-27,2.239642509799907e-05,4.984885899515237e-09
0.0013905121326440166,1.5038251927637765e-13,0.3893360147000405,0.00014118752997949405,1.2550450196261566e-34,0.6091172091518198,1.038575970283654e-05,4.941221991473532e-27,4.685083180269597e-06,5.642482787086987e-09
0.0006585772369254921,1.6771351531787176e-14,0.858802646971192,6.109676105693671e-05,1.3639819705402074e-35,0.14047521402127996,1.374465175360589e-06,5.370116293369505e-28,1.089591749254049e-06,9.526041679017492e-10
0.05256995962481434,2.9530161732930613e-13,0.37418718418173974,0.000511382435103756,2.376168088845427e-34,0.5727064761173705,2.138001127128213e-05,9.355181553198815e-27,3.601172226355477e-06,1.6457178941686153e-08
0.022866105921866085,1.198240844705663e-13,0.7570672709328052,0.00011678203142975422,9.59709742454531e-35,0.21993561990039323,9.234602368051404e-06,3.778461179233464e-27,4.979113772329718e-06,7.497245391641535e-09
0.016604553922409813,6.096405390504229e-14,0.7740263224728196,0.00014195989050267018,4.882847542754163e-35,0.20921692643692277,5.387566504378565e-06,1.9224197763404735e-27,4.845368895665512e-06,4.341884179333076e-09
0.021129696191180887,1.0722097998940375e-12,0.11977824678110978,0.0002800954037484149,8.812745209508456e-34,0.8587695315943994,4.128335164462191e-05,3.469654853293387e-26,1.1217780424470385e-06,2.489880234221188e-08
0.0021774391816698417,9.017474929993682e-15,0.9265013520430803,0.00013433084159515684,7.244799138100553e-36,0.0711850137023078,8.117579441089465e-07,2.8523407738516273e-28,1.051831811226427e-06,6.415827343067205e-10
0.7411831733507794,2.9131104616677304e-13,0.13508992157813773,0.0002457840926379423,2.3344391327117812e-34,0.12346699540082784,1.34577092993678e-05,9.190891003852396e-27,6.578693224432398e-07,9.998704015152873e-09
0.01075604717735811,3.645223861822638e-13,0.7420761451377789,0.00017936100516340882,2.9602396845887265e-34,0.24696034780418463,2.321988374379585e-05,1.16547225006155e-26,4.864697216936415e-06,1.4294189785819532e-08
0.01075604717735811,3.645223861822638e-13,0.7420761451377789,0.00017936100516340882,2.9602396845887265e-34,0.24696034780418463,2.321988374379585e-05,1.16547225006155e-26,4.864697216936415e-06,1.4294189785819532e-08
0.02729282277866544,1.7567400093656898e-14,0.43354575384803123,0.0006087660507998154,1.406838612274951e-35,0.5385505125864429,1.564331979964271e-06,5.538846639539487e-28,5.791439189768191e-07,1.26014411931109e-09
0.0003582096382116451,8.914794000541576e-14,0.21305323089485806,0.00010056236926704005,7.673402190140596e-35,0.7864679839067912,6.097641846008095e-06,3.0210855434204203e-27,1.3912763250274142e-05,2.7856865831478588e-09
0.05353386649286399,7.489645194114659e-14,0.771383875682959,0.0006682653382047216,6.005504784717577e-35,0.1744070522717751,5.621220159035042e-06,2.364419749738158e-27,1.3145350117901089e-06,4.458951478279044e-09
0.055402480829330816,1.980366248179749e-13,0.7237628653057101,0.00018352139150717026,1.5866532135588342e-34,0.22063365325059792,1.41026375840867e-05,6.2467924489389104e-27,3.366069525912263e-06,1.051554582571938e-08
0.025922716592327182,5.76687814548445e-14,0.6935771254991026,0.00013268299324840932,4.6197986775595946e-35,0.28036027733117735,4.880604786468937e-06,1.8188551378449803e-27,2.313311053686036e-06,3.6682467055067206e-09
0.10305013212283474,4.970450186552515e-13,0.442561974187552,0.00021112464242360718,3.9852110436869815e-34,0.4541416354459487,3.1897412841135745e-05,1.569012437147072e-26,3.2156933188123106e-06,2.049458390352121e-08
0.001025886573466951,2.9829215977136625e-13,0.2102756663669046,0.00011860382689950442,2.584915295828163e-34,0.7885602110284634,1.6414151464222264e-05,1.017703756128765e-26,3.2111092691533287e-06,6.943233919091517e-09
0.003298270011520562,1.0314988590758072e-12,0.4248638864523042,0.00019573895039108507,8.946104851791788e-34,0.5715865592195668,4.712986447586608e-05,3.522159710642794e-26,8.396170839624987e-06,1.932987025905263e-08
0.0024386816200723093,6.023014241735354e-14,0.7556825323479162,8.752107768998406e-05,4.885182704054577e-35,0.2417806076979002,5.149709252863606e-06,1.9233391497645956e-27,5.5038515832239896e-06,3.6955250787079674e-09
0.2772682922544648,1.1112427874793787e-13,0.3767354380800456,0.0009602383246652127,8.901483708579563e-35,0.34502511053954116,8.857898293853813e-06,3.504591976364205e-27,2.055971019701421e-06,6.9318585699472066e-09
0.15587139294721927,9.719608683026978e-14,0.42301828468811925,0.0009558305902919247,7.784036134945632e-35,0.42014542137267014,7.538257454985585e-06,3.0646430949445174e-27,1.526112920371373e-06,6.0312268201023135e-09
0.02587017535630464,3.5490263828078947e-13,0.6780130549298687,0.0001700990910104561,2.8516761007573277e-34,0.29590963630380523,2.6588623361583408e-05,1.1227298177573624e-26,1.0424989622986828e-05,2.0705671336303544e-08
0.2080349359683396,3.125060050605412e-13,0.14853511422001786,0.0002567974364867165,2.5039254823896543e-34,0.6431521272805013,1.990862554103629e-05,9.858173583510282e-27,1.1016739841679135e-06,1.4794816774072588e-08
0.2950642110814401,9.775953826183325e-05,3.4017512999127e-47,3.8371366361460196e-86,1.2783927909737178e-102,0.5919418093971747,0.11283740596417077,8.64540442632424e-88,3.0666190137927082e-15,5.8814018949665624e-05
0.007423849044361264,2.8982145103706255e-13,0.6165798521155209,0.0001448913609803614,2.3574676011687305e-34,0.37582487587628216,2.022623132013746e-05,9.281556097924775e-27,6.291246066764061e-06,1.412517869262022e-08
0.011695404998913863,1.3675411896841623e-13,0.4386417798987711,0.0001632254664337554,1.1022318204224205e-34,0.5494869629660067,1.013217834252867e-05,4.339583063239835e-27,2.4869295100047954e-06,7.56188520030193e-09
0.007759483113170854,3.7352650238923706e-14,0.8957124921594632,5.6508072628562034e-05,2.991553049597055e-35,0.09646501205323407,3.2562358386944226e-06,1.1778005956895335e-27,3.245687574402623e-06,2.678052456987208e-09
0.08465250632617592,7.259567633971411e-13,0.13862809321405753,0.00016676084859461505,5.820671691847799e-34,0.776514268700351,3.718202622733319e-05,2.2916493447759247e-26,1.1640368414992117e-06,2.484702625028251e-08
0.043818841707124176,7.031669438118438e-13,0.6884549706073858,0.00017287922084818061,5.637061968321785e-34,0.26750307595829365,4.3096418742628776e-05,2.2193605910222626e-26,7.105482256295536e-06,3.0604646252609446e-08
0.015520941106387043,3.1311980765681923e-14,0.8839039058084176,0.000159047531217382,2.5078424850991556e-35,0.10041096374304452,2.6917775565459505e-06,9.873595165705522e-28,2.44785308090126e-06,2.1802647675185202e-09
0.01723997433313462,3.7863649659200106e-14,0.845658084135817,0.00016069758154949615,3.03243436439277e-35,0.13693595414031293,3.171667301622437e-06,1.1938959268171076e-27,2.1155506394779522e-06,2.5912070908461212e-09
0.045572524102284906,1.463357814424007e-13,0.07746875043038272,0.00013221504708148092,1.1738278965950968e-34,0.8768160965319921,9.907862281899736e-06,4.621463075952845e-27,4.988599105026649e-07,7.165920163750748e-09
0.19216786735990063,3.9889725588641745e-13,0.6713747798788072,0.00042609282540464626,3.1966703908151263e-34,0.13600738048716673,2.1570090574208204e-05,1.2585570866049829e-26,2.292576832364111e-06,1.6780915188583944e-08
