i = 0,i = 1,i = 2,i = 3,i = 4,i = 5,i = 6,i = 7,i = 8,i = 9
0.9238931547535396,6.768282229110691e-11,4.0478336902920315e-07,3.1610333992252614e-05,7.548473466595742e-05,4.2624200687149886e-05,0.00012676251975776451,0.06894708593634949,3.464998725217472e-05,0.006848222682703714
0.9037743745902858,1.0235697211824329e-10,6.121562091447593e-07,4.162085036760217e-05,9.093339733465051e-05,4.92958450073692e-05,0.00017304776218232283,0.08653512666887278,5.3879552815333485e-05,0.009281109074568248
0.9222209123527534,9.013932762050182e-11,5.390875469857382e-07,3.085517305401076e-05,7.14167124638893e-05,3.615288477991658e-05,0.00013300062033912702,0.07040959800420532,3.9542840112084265e-05,0.007057982234605913
0.9124423092671669,6.384004495930362e-11,3.8180177795298177e-07,3.817236041524406e-05,5.863957602723272e-05,1.4862018664522413e-05,0.0001802941546360164,0.077503525590563,1.739347119925567e-05,0.009744421695709929
0.947624199755563,9.395203897863451e-11,5.618833355594026e-07,2.5167331681930414e-05,8.423297011374398e-05,2.3231452030023708e-05,9.544394520449726e-05,0.045069621696100765,2.1254109038714012e-05,0.007056286762979624
0.9998860025820597,2.8765762179071107e-89,3.894188367833774e-06,1.478819464066247e-57,4.666738761256082e-58,3.1816432212604403e-06,3.831895270166434e-62,9.475746945430006e-05,1.2164116896811464e-05,1.8876452807803252e-20
0.954116938397434,1.4776174184817493e-10,8.836877606786003e-07,2.1646400582480102e-05,6.8498789739942e-05,1.9219483248767113e-05,8.092242727468229e-05,0.03985268380273925,2.006587981134284e-05,0.005819140983647095
0.9209147694412444,9.078424658651349e-11,5.406454684220586e-07,4.008164503588092e-05,4.119835683606057e-05,7.1689641217377615e-06,0.0001851839095035465,0.06852010688376116,7.963040566186796e-06,0.010282987022678367
0.9366800479145463,8.629294975496437e-11,5.160792091940873e-07,3.5237660449418294e-05,8.467248428125918e-05,1.8063043869757764e-05,0.00011459121429469577,0.05607838298492146,1.7557901922569858e-05,0.006970930630212415
0.9018580092305009,1.411718108148915e-10,8.426974153925197e-07,4.756817191862085e-05,5.926546478248164e-05,1.286288296524563e-05,0.0002453087314060001,0.08462823459620934,1.3550036407305455e-05,0.01313435804722308
0.8427263643470762,5.390549631285919e-11,3.221500118400276e-07,5.921427394396334e-05,6.71344539789047e-05,1.713058110291047e-05,0.000613832492328969,0.12759860665218004,2.0227871421087787e-05,0.028897167124050636
0.8709523611466979,8.556661194526722e-11,5.110005190483458e-07,5.391545176694805e-05,7.296903503699334e-05,1.7417206227661778e-05,0.0004251895012645363,0.10699853503946008,1.9274812594090644e-05,0.021459826720865865
0.9070510178493056,6.075956357876958e-11,3.632817068827038e-07,4.411340350926638e-05,8.139671729448996e-05,1.8975467033237476e-05,0.00020823120226482058,0.07896403245229593,2.1401092658441365e-05,0.013610468473171706
0.934497182053963,8.923008901089583e-11,5.336468580809046e-07,3.101591657655916e-05,8.78111866664836e-05,2.5194936935748105e-05,0.00011710409280566526,0.05730025647100696,2.6968339759122702e-05,0.007913933266198474
0.9344685344538164,6.862572632697378e-11,4.1042169848089725e-07,2.8252434462480003e-05,7.629590667664917e-05,4.095826806345212e-05,0.00010639389689946939,0.0594707646439757,2.4956107856114217e-05,0.005783433797925551
0.8924222188038227,3.582416017044977e-11,2.1425011181505402e-07,3.733611105570476e-05,5.371487031318526e-05,1.5263585715583534e-05,0.00030182969764792336,0.09053391071926219,1.8226959491265213e-05,0.016617284966755495
0.9276877105873718,6.886936339352199e-11,4.079790146507396e-07,2.359852840247446e-05,2.7256205372105005e-05,4.447447178852239e-06,0.0002674613091345195,0.056428438574193385,5.312252629093611e-06,0.015555367047833602
0.9235917779217857,3.7334798436555877e-11,2.2317926686663247e-07,2.8428687172969676e-05,5.049473592517756e-05,1.5167045636544911e-05,0.00014860902524182148,0.06793084864672888,1.7550458995734398e-05,0.008216900261911563
0.8359558735377995,8.281383858454621e-11,4.952764794733173e-07,7.612528854625207e-05,0.00011501519126338002,3.70440522763317e-05,0.0005066945813016544,0.13855842736960108,3.482486082010788e-05,0.024715499759098293
0.9203072802900658,5.578766004561519e-11,3.3355534561105304e-07,3.392315012304389e-05,9.25382969564454e-05,5.148680136849907e-05,0.000124440489540449,0.07267313841694412,4.532853210956595e-05,0.006671530411758833
0.841647502626457,4.1759691419767435e-11,2.4974826975016916e-07,5.2398964732552425e-05,6.890579995259633e-05,2.2677135459610176e-05,0.000611780524836206,0.1293763032874767,2.6548619402694344e-05,0.028193633251653135
0.8640124574020839,2.207527938022306e-11,1.320235885782385e-07,3.971220178118754e-05,4.982453145679701e-05,1.6616246215931393e-05,0.0004117558506251295,0.1147829584609865,2.4254128085108724e-05,0.02066228913310151
0.9305957991816748,1.4327480551402313e-10,8.568651712549611e-07,2.813594791438065e-05,8.524410858797859e-05,7.779778161222973e-05,0.00011903956300044223,0.06252823655929363,5.287118722402331e-05,0.006512018662246283
0.9180966649511442,4.8786590655240184e-11,2.9177335117872327e-07,3.3825284582375544e-05,4.525604294595144e-05,1.1608098218098386e-05,0.00017114227128388486,0.07240399456751355,1.411996293273725e-05,0.009223096999241426
0.9171623525526831,7.277234570452945e-11,4.3522201229844454e-07,4.2867426371059866e-05,4.860717993754318e-05,1.0790037691512807e-05,0.00015968339233338869,0.07388286446389662,1.1693916566930858e-05,0.008680705735735041
0.9536930671410289,7.135649452602802e-11,4.267515480878133e-07,2.3062799481332814e-05,6.730664091970633e-05,1.5810421106549238e-05,7.824766559071146e-05,0.04048088326924959,1.7628838289261992e-05,0.005623566401429346
0.9141542193495973,9.347327008963129e-11,5.586132316568339e-07,4.611297543151077e-05,5.404678814157555e-05,1.1693166045666754e-05,0.00016264415178184,0.07672080157952867,1.1901940017011569e-05,0.008838021342751506
0.919528677837372,4.60820752229196e-11,2.755982642173431e-07,3.80581638096169e-05,6.655995341295641e-05,1.5560995880513963e-05,0.0001531656802253494,0.07183729600787042,1.7781967312893398e-05,0.008342623749769768
0.910405499968404,1.2481753906775508e-10,7.464829280606601e-07,4.053099778654353e-05,0.00011386980107462775,6.79546254583326e-05,0.0001539963898808363,0.08092643140205821,5.1915602852224636e-05,0.008239054604739693
0.9107358583071982,6.476791667226219e-10,3.85965624362378e-06,3.826606226835897e-05,9.109032472508489e-05,4.356333755934934e-05,0.00017553907273214653,0.07941700859498321,3.87374375306777e-05,0.00945607655908019
0.9365323221611279,8.564251166423107e-11,5.106846203240869e-07,2.6994314039794003e-05,3.7406020040276046e-05,8.878522977299476e-06,0.00012613218090496328,0.056241395522234235,9.912004486834968e-06,0.007016448503925722
0.9528849016300527,3.4409076107412533e-10,2.0577762814445905e-06,2.166798559483949e-05,6.653930302455855e-05,1.9537814862955414e-05,8.652400723516578e-05,0.04070519948574762,1.9727165188153015e-05,0.006193844487921882
0.9449070200066008,1.3959387110649855e-10,8.197331813613222e-07,2.0722158009511714e-05,2.677641681059904e-05,4.2789228710053756e-06,0.00015567683015362796,0.04606561386593478,5.210433222145684e-06,0.008813881493622356
0.9395131507709382,7.430996337804852e-11,4.444166234659333e-07,2.5673013761636236e-05,7.898492824379837e-05,2.834995272001268e-05,0.00011569513316327676,0.05256976432687152,2.970989843437257e-05,0.007638227484933696
0.9148632260204957,3.3531900203305167e-10,2.005385181861665e-06,3.787808247655586e-05,0.00010226795113531008,6.189731256022004e-05,0.00015651770771571506,0.07636323742710271,3.7396606268660464e-05,0.008375573171744232
0.9218170362757282,2.2584496688416374e-10,1.350674136207682e-06,3.774348397160683e-05,0.00010699200607414358,4.772073858064661e-05,0.00013645621966579176,0.07023620507005121,2.759672746838397e-05,0.0075888985784786575
0.9309271419414495,1.2339693875171508e-10,7.3779022432024e-07,2.7867816198876063e-05,7.533364154975395e-05,4.544507695211933e-05,0.00011736786892693819,0.0623369387167775,4.146241491595572e-05,0.006427704609608137
0.9000255233495688,7.018604528153001e-11,4.1955649416778073e-07,4.639172816403301e-05,5.5091597248787046e-05,1.2421760057564292e-05,0.0002481375046787143,0.08648836173943555,1.3769987880075895e-05,0.013109882706286383
0.9565434955911196,5.692745461147097e-11,3.4045802250339686e-07,1.9891490929438144e-05,6.660879522354164e-05,2.85223839403711e-05,6.905708083516715e-05,0.03872101068484384,2.756134452580634e-05,0.0045235121136325
0.9490444710171956,2.7067933218356866e-11,1.618825085660046e-07,2.503393524265075e-05,6.451900032479876e-05,1.5823854512164306e-05,7.230382107438996e-05,0.04618839383993854,2.1205939555036804e-05,0.004568086682580469
0.9247320718859263,3.195286768699832e-10,1.910957680309773e-06,2.9618320745741273e-05,8.021172881399808e-05,5.2955248520233205e-05,0.00014141864805123906,0.06741236185886205,4.419479258699889e-05,0.007505256239284416
0.9195506131179303,3.845359860674719e-10,2.2997402087624033e-06,3.314183440881414e-05,9.549191190089664e-05,5.930899332342729e-05,0.00015096088044914917,0.07180456964691707,4.788437023222397e-05,0.008255729120093527
0.9305779246020063,2.2059316560633186e-10,1.3192688881028156e-06,2.9804520352754166e-05,6.613078426905209e-05,2.4481886737502655e-05,0.00012616640491447316,0.062296766618411506,2.2563399485432314e-05,0.006854842294341827
0.9373491559142001,5.557510856864683e-11,3.323710830152201e-07,2.429969455462392e-05,4.59761617071446e-05,2.0631715048550657e-05,0.00011929350625985767,0.055959268987613144,2.348396653659878e-05,0.006457557627421634
0.8594718067011724,9.591493267676774e-11,5.733576224991774e-07,5.693194282113447e-05,9.55725660421839e-05,3.057010279866007e-05,0.0004904269804235112,0.11598585945479176,2.6879936190364e-05,0.023841378862222623
0.9079315587118904,1.5365191676631046e-10,9.128636398256866e-07,4.2715032501611374e-05,6.944496860079348e-05,1.257561682561559e-05,0.00022706343009112364,0.07764370317622994,1.3199380546034978e-05,0.014058826666022917
0.9215863396497471,4.0550468478193377e-10,2.4130759010362487e-06,3.8698803904361375e-05,9.195190578363106e-05,2.5111085591010557e-05,0.0001482823836544814,0.06955367187321458,2.0147102370818483e-05,0.008533383714328166
0.8501964446681178,4.124074229402451e-11,2.4664430985859066e-07,8.895506611666614e-05,0.00014754271396379481,3.569529040415157e-05,0.0003364084763620569,0.12772953043356886,2.8632640918744146e-05,0.02143654402499711
0.9282041282822397,1.4854759846328514e-10,8.884017950775593e-07,3.1561673100560354e-05,6.933849212508308e-05,2.303236132758059e-05,0.00012638022434148088,0.06463060904648826,2.2000728229166435e-05,0.0068920606418056835
0.891629265553687,2.8704630910296803e-10,1.7166871923429966e-06,4.5851341848971546e-05,8.576309276913917e-05,3.983275315028135e-05,0.00026171680132292647,0.09434102837288644,3.703080495062996e-05,0.013557794305145816
0.8219342694385382,3.954312385349781e-11,2.3624102789823826e-07,5.8905016326024956e-05,6.05999588329622e-05,1.5675460760711298e-05,0.0007554403468477347,0.14304596329620603,1.914886666436629e-05,0.034109761335253154
0.9720461717904817,1.2890047585260508e-10,7.292368849889767e-07,9.161715252230233e-06,1.0007551050984929e-05,1.3733137306071715e-06,9.849918298015436e-05,0.021817107753553777,1.7341463894891032e-06,0.00601521518077589
0.9513636774498093,6.856375688796322e-11,4.069761489408556e-07,2.13436990106061e-05,3.060887224101516e-05,4.734982324633649e-06,0.0001081728451466062,0.04088879697786326,5.640333579407747e-06,0.007576617795312153
0.9278674607664871,2.7120658696794085e-11,1.6219783081596894e-07,3.84215368467277e-05,7.68663793063856e-05,1.4831299946254124e-05,0.00011433233500806505,0.0651195353803441,1.8036117028063684e-05,0.006750353960081616
0.9236034163913104,7.654126458401465e-11,4.5776167802501843e-07,3.782947118596301e-05,0.0001108496174122526,4.101473783414162e-05,0.0001232693174580266,0.06930432612059699,2.58005101852764e-05,0.0067530359957979225
0.9257998266306336,7.132761512334672e-11,4.2658064416642557e-07,3.9188976261070464e-05,0.00010697256959227468,3.08506490520995e-05,0.00011992968687603212,0.06726854003223567,1.9387104943553473e-05,0.0066148776984338515
0.9250674146807317,1.0337598058161989e-10,6.182496362634156e-07,2.9658113906156374e-05,7.747723295389103e-05,4.6025944419287566e-05,0.000132260489778892,0.06747040839977354,3.9950115893399175e-05,0.007136186669530687
0.9218273665597749,3.979676269458165e-11,2.3800850429091526e-07,4.163601590870908e-05,5.994912158384926e-05,1.2829116992526224e-05,0.00013190548327607208,0.06954621335094804,1.5569533230783018e-05,0.008364292769983813
0.8952308507425998,2.8226284929869857e-11,1.688103713643185e-07,3.402996032654867e-05,5.687376842030377e-05,1.6931413429322096e-05,0.00030952979631592494,0.08886203361387339,2.04031943913858e-05,0.015469178672045782
0.9515805462759284,1.753203997721183e-10,1.0484999879306506e-06,2.2597487480327698e-05,7.238844946327783e-05,2.157039981120403e-05,8.661528969403381e-05,0.04202466048882144,2.2054414640782527e-05,0.006168518518852118
0.9241124351275191,1.4931877229108325e-10,8.930080445069309e-07,3.5985701464690114e-05,8.890366500468519e-05,2.4766030276021836e-05,0.00015226040728551863,0.0650012280671065,2.5913447512000483e-05,0.010557614396468263
0.8686918446948482,1.4320731934835553e-10,8.56234752051001e-07,5.9142331625565635e-05,0.00010251003948236741,3.866323126372159e-05,0.000369016991844025,0.11202561635100196,2.7490147027863452e-05,0.018684859834947113
0.9614970928678425,3.738018910018355e-11,2.2068397247202083e-07,1.279426353939758e-05,1.3628168881517105e-05,1.8786421704736087e-06,0.00012565150889362693,0.029599584521006164,2.3509947960094603e-06,0.008746798311517456
0.9088892070981304,9.609431472716907e-11,5.742766115265514e-07,4.827933491744874e-05,5.535429117813389e-05,1.1548781444587702e-05,0.00020382861688781587,0.07973918480777477,1.2136676718055995e-05,0.011039886020242938
0.9380325474527869,4.6223370535807e-11,2.762391699322787e-07,2.2473756772563133e-05,3.821729234506613e-05,1.3172960362097486e-05,0.00012205473011986091,0.05484776914225607,1.556979541494883e-05,0.006907918584549097
0.9436228784834154,2.5936290208469797e-11,1.5489059871615723e-07,1.952675424182794e-05,3.5661265139115574e-05,1.1870697663677648e-05,9.398330023787244e-05,0.05105458529090961,1.3943842226880289e-05,0.0051473954496309504
0.9121199506106129,1.0127637807685514e-10,6.056927428625261e-07,3.513151350632885e-05,5.738681923880621e-05,1.5563161893786967e-05,0.0002235318705548519,0.075434013559,1.7417649545521207e-05,0.012096399021628583
0.9232250578802891,3.298172766533728e-11,1.9725068304741427e-07,3.05826225630767e-05,5.003085775168115e-05,1.3637639144158793e-05,0.00014854392938601715,0.06832487672935626,1.725223949794853e-05,0.008189820818347187
0.8951458529002012,1.1260592724837167e-10,6.73449533312261e-07,5.369853046562669e-05,6.540937039821208e-05,1.483652106863223e-05,0.0002478251546422501,0.09124095942863833,1.595844310658574e-05,0.013214786089339918
0.9065309940758717,5.339412433896259e-10,3.1932613273242247e-06,3.9977317926381924e-05,0.00010438112628094614,6.714381339551636e-05,0.0001797070978510534,0.08340790944324401,5.312185878612991e-05,0.009613571471375629
0.886830968098554,5.267340061229183e-11,3.1501879752138764e-07,5.988434053235726e-05,5.736828820270577e-05,1.239885902028767e-05,0.0002438046833040654,0.09949383190357304,1.442101761985709e-05,0.013287007737722761
0.9335572671322467,5.106938318381462e-11,3.049844287180536e-07,3.2614828517719095e-05,4.233376223593316e-05,9.155229799883305e-06,0.00011118053260244686,0.05993126724518817,1.001544378326363e-05,0.006305860790127874
0.9536688097843338,1.391742975364026e-10,8.323301598773638e-07,2.210931701539951e-05,7.561648159236052e-05,2.3479064195810082e-05,8.025244829454511e-05,0.04051929703301599,2.0577946237515195e-05,0.005589025455980392
0.9515865102424537,1.6390040445441575e-10,9.802023137313481e-07,2.36794028576576e-05,8.122485059176219e-05,2.1260896027646102e-05,8.65147699540577e-05,0.041926477505163956,1.948702681345385e-05,0.0062538649399235665
0.9107210143216702,5.2700584503238684e-11,3.1517972471935406e-07,8.261576519216998e-05,0.00011012196551500696,1.5651778828143138e-05,0.00016361229014434604,0.0794181248675365,1.1007199458128431e-05,0.00947753657923047
0.9369426399485258,1.56400287232179e-10,9.351019987277271e-07,3.7271047002388306e-05,0.00010271803678719558,2.031369767765986e-05,0.00011437977695979195,0.05483852924442241,1.5091917226256329e-05,0.00792812107299936
0.9504145967386827,4.879487755298058e-11,2.9182190264859144e-07,2.3232007934426442e-05,9.62234589491732e-05,3.3588724142234225e-05,7.66839616841405e-05,0.04439708165893422,3.153789634742463e-05,0.004926763682628227
0.9561390572952825,7.605076045870793e-11,4.544896897755465e-07,2.1310951257321768e-05,7.381346822083765e-05,1.847078459748341e-05,7.450557716450439e-05,0.03818678537954036,1.9041734104113797e-05,0.005466560244092355
0.9272474004124399,1.9845135810147665e-10,1.1868353929908317e-06,5.021689097202442e-05,0.00010441351262796734,1.9497981555278185e-05,0.00012521417609609857,0.064990524608017,1.3125279326726746e-05,0.00744842010512091
0.9492800645563297,7.251853047312073e-11,4.33701086868812e-07,2.52321307290485e-05,9.508025234091232e-05,2.7228892198726405e-05,8.613536595856517e-05,0.044370297810281706,2.3675253688075683e-05,0.006091851964868136
0.9467921372745838,7.492238239473095e-11,4.4807768902908537e-07,2.66781363145009e-05,7.666104783660499e-05,1.7046632470254343e-05,9.479342196076597e-05,0.045998778162003894,1.895190646171181e-05,0.006974505265756967
0.9480077817067724,7.331335254312824e-11,4.3845404146590624e-07,2.7450933872730326e-05,9.683591402385033e-05,3.0086773379522945e-05,8.383110011520259e-05,0.04610773418828413,2.1301442386332812e-05,0.0056245394138111715
0.9433868969209995,1.7275002492080785e-10,1.0331322055334162e-06,2.962395499824027e-05,6.878082171965729e-05,1.5361943151439673e-05,0.00010188070614193874,0.04957566195142724,1.560484931827981e-05,0.00680515554728829
0.9369212928029862,7.619602790080011e-11,4.5569425608316117e-07,3.929221829054756e-05,0.00010391136997919591,1.902060767677212e-05,0.00010839615622844497,0.05602873967293444,1.549859119120919e-05,0.006763392810260863
0.8768037892353847,2.4502870261399356e-89,0.12310119685229105,1.2596683947561398e-57,3.975159555970222e-58,2.8053636108952153e-06,3.2640342388866226e-62,8.067590054647659e-05,1.15326481670124e-05,1.607908983136724e-20
0.9344773891209045,3.358786095256788e-10,2.0086851956135548e-06,2.7845525362049354e-05,5.7451295157534674e-05,2.3073597707562915e-05,0.00013384994103249188,0.057964900194168285,2.25953019709811e-05,0.007290886002622387
0.9277215896770493,1.2187194025699442e-10,7.288604176383564e-07,3.0058308003244514e-05,5.026142040856037e-05,1.7342601028008366e-05,0.00015323006520594893,0.0637313333171642,1.877946073738735e-05,0.008276676168113638
0.9286425420488076,1.8161077151117533e-10,1.0861382735197027e-06,2.7598812672480928e-05,8.545108864194665e-05,7.893624283494617e-05,0.00012722405179955968,0.0641282611881388,5.785097757201491e-05,0.006851049269648659
0.9545629676826413,2.975101139642681e-11,1.7704575862841084e-07,2.006809626272985e-05,2.5726214746439873e-05,3.6856424495107e-06,9.934742142484559e-05,0.03896537002828464,4.4314100777376925e-06,0.006318226428603308
0.9494341583132233,4.089879915515938e-11,2.438791256736271e-07,2.2013289843373028e-05,3.99879323122138e-05,7.082771709813701e-06,0.00010176719375611941,0.04280647784436923,8.446662823718648e-06,0.007579822071937824
0.9398815935535834,1.0888278892841392e-10,6.488618224215339e-07,2.7333278382414364e-05,5.871761583248894e-05,1.1624265032612253e-05,0.00012823205557196024,0.05127165888176169,1.2667017361824412e-05,0.008607524361768414
0.8480558448177686,4.9913430568848606e-11,2.9829241813455244e-07,5.251133987454279e-05,6.559218557485255e-05,2.2198232160915177e-05,0.0004950976568306989,0.12729206374479288,2.641067914173658e-05,0.023989983001524117
0.8925240876730692,5.591701966833076e-11,3.344164393758642e-07,6.726906237056743e-05,9.781486030250418e-05,1.8619384022785203e-05,0.0002538274666269345,0.09299133621778051,1.3794172029182834e-05,0.014032916691442063
0.9480807159954653,1.598830952731494e-10,9.314527878528211e-07,1.8670644200817306e-05,2.2777971402711605e-05,3.42247379752019e-06,0.00017046209295740753,0.04188624528919159,4.18883950176815e-06,0.009812585080812026
0.9172363170544791,3.655297061118762e-11,2.1837689090610878e-07,3.4035677960590115e-05,7.256664255976284e-05,3.2148910020760067e-05,0.0001255195481164436,0.07555642455246918,3.389879358350666e-05,0.006908870407366719
0.9306406655264827,1.0884895140011486e-10,6.50973636310505e-07,3.581583587564135e-05,6.767703655939044e-05,2.0741088183122337e-05,0.00013197483501625575,0.06165440113812554,1.4965157722351167e-05,0.00743310829954959
0.9167477521166579,1.916526293956649e-10,1.1461916571871033e-06,3.835126268994473e-05,0.00012201279017917701,8.424360104459799e-05,0.00014411795614468098,0.07475628652562712,4.708995482163414e-05,0.008058999409525204
0.9170682848225756,2.5318648766857574e-10,1.5141921790796179e-06,3.890858984422671e-05,8.006797706368231e-05,3.1492604710533345e-05,0.00014942793706005966,0.07440205256363402,2.9449133659522752e-05,0.008198801926086819
0.9157189817499501,3.275758013438417e-10,1.959085240915047e-06,3.4593018213722e-05,9.215373382733136e-05,6.833604659574746e-05,0.00015676862636437793,0.07553896083018569,5.486487003172372e-05,0.008333381712014629
0.9198596725060928,1.9668047481092852e-10,1.1762470019331033e-06,5.982522092464219e-05,0.00010179339770815559,1.865796338836123e-05,0.0001382278529587009,0.0719833907116747,1.2253626500760039e-05,0.00782500227706955
0.9300979309384417,1.3993004937739534e-10,8.368538546543036e-07,3.299414067147603e-05,6.791696516879182e-05,2.5449148882429476e-05,0.0001335828788971012,0.06225572308037997,1.927255324328508e-05,0.007366293300530576
0.921432857013261,9.482235804509979e-11,5.670911701943677e-07,2.9732689518866536e-05,5.6296347413301365e-05,2.3292359564490693e-05,0.0001836714165098504,0.06837143260882843,2.3281498737375783e-05,0.009878868880174092
0.9330983515070227,8.864169846455332e-11,5.301246340971842e-07,5.310579031661168e-05,0.00011289081720288786,1.7494228697962707e-05,0.00011053411980840554,0.059481868698724245,1.1099365323281996e-05,0.007114125259628223
0.9033078265573065,2.5744739947968026e-10,1.5118000601771574e-06,3.787317672648886e-05,4.8845928577707616e-05,8.2318693927433e-06,0.000317627647555428,0.0789122007526231,9.583462390268462e-06,0.0173562985479202
0.8460558191621348,5.11707685365104e-11,3.0603164808375323e-07,9.857719832709304e-05,0.000128821771262467,2.7131639074120824e-05,0.0004105298751909242,0.130588661152083,2.1404241977279533e-05,0.02266874887713131
0.9338358862500968,9.809526729968932e-11,5.866640226361078e-07,2.7179908126157953e-05,5.2192025378802126e-05,2.275317149041471e-05,0.00012461268348309628,0.05916733853595004,2.4779207062783397e-05,0.0067446714562940345
0.8701680438517363,1.144057274906954e-10,6.842148979799682e-07,5.8880870150391796e-05,7.458687767004637e-05,1.9770870850013784e-05,0.0003647826054561172,0.11094587972075406,2.1526431652294515e-05,0.018345844442426942
0.9119410337486215,7.851306963558426e-11,4.695555281523657e-07,3.197109110952771e-05,7.251305196617217e-05,2.8990750402055383e-05,0.00021438848452854016,0.0766544418488085,2.9745481364708307e-05,0.01102644590915804
0.9156801817050907,1.9286015109809934e-10,1.1534150427690525e-06,4.125743108896144e-05,7.061195976499069e-05,2.0122254266177237e-05,0.00015311977745768084,0.07579853919985545,1.926354682863863e-05,0.00821575051774459
0.9147165346467029,1.2496850213180698e-10,7.473864936121723e-07,3.2562391116744255e-05,6.798200360791803e-05,2.7380059135537435e-05,0.00018810213957502083,0.07511180278560103,2.8834257182105363e-05,0.009826054205616821
0.9998752354231376,3.1744448927079106e-89,4.27732575233973e-06,1.6319508121212372e-57,5.1499782741893564e-58,3.4529780252389895e-06,4.228686969616125e-62,0.00010449694472178763,1.2537328362890706e-05,2.0831104295150615e-20
0.942593172268759,3.24112947491367e-11,1.9383852199797483e-07,2.1985790509831992e-05,3.979880972094707e-05,1.7676179265675646e-05,0.00010140850768576043,0.051609418951306774,2.2062711660506034e-05,0.005594282910158118
0.9361502631965049,2.2171008525313458e-10,1.2846693141966876e-06,2.209576836209179e-05,2.7147421636064034e-05,4.103303908150314e-06,0.00023026203095088745,0.05052998401330369,4.974109849244687e-06,0.01302988526446087
0.943480886453958,6.361508309682711e-11,3.801735587890687e-07,2.6076673541426682e-05,8.126042093642801e-05,2.2151681773232062e-05,0.00010608371626578942,0.048291044429480734,2.078112362975089e-05,0.007971335263240783
0.9754221904679831,3.4129748998690934e-10,1.7304599336514933e-06,8.078220108903014e-06,8.600866027098142e-06,1.1303148595272395e-06,8.964819418427672e-05,0.018884413587818446,1.437121679534318e-06,0.005582770426108226
0.9514959865953773,1.1423100772998846e-10,6.831601217376287e-07,2.3219521081905353e-05,7.93913457823084e-05,2.111642428169029e-05,8.742758499171081e-05,0.041740357578906775,2.0554239232644776e-05,0.006531263435992891
0.9233869640619143,1.3567181657791506e-10,8.113940985277434e-07,3.8665656388042643e-05,0.000128572651058314,5.653167660336897e-05,0.00012877835676640398,0.06852637878252743,3.893673103032604e-05,0.007694360553941357
0.94800175657115,6.491076088507348e-11,3.882023082471289e-07,2.8081536004597885e-05,0.00010013693498568972,1.954302566661905e-05,9.086940501668257e-05,0.04502991835888499,1.7896530253339785e-05,0.006711409370818959
0.9145313221270868,5.131054072789676e-10,3.068524458600003e-06,7.396602865435983e-05,8.479023302413291e-05,1.4552552131338817e-05,0.00015943454043202275,0.07612435291905595,1.0259737790590431e-05,0.008998252824261022
0.9108757419606143,1.0589600176789761e-10,6.333178726546316e-07,4.71092328386316e-05,7.558937932157862e-05,1.706224715329624e-05,0.00019661354285863735,0.07780219947706589,1.8498009219357992e-05,0.010966552727159698
0.9367990286992748,1.9523857519136715e-10,1.1676217899410271e-06,2.752107471590107e-05,6.226072585190193e-05,2.957039578479822e-05,0.00011387595191386596,0.056667177873849825,2.8063763444977706e-05,0.006271333698135504
0.954203450591479,5.307022097568693e-11,3.173902631167837e-07,2.3110166151060948e-05,7.939720267309358e-05,1.8675927735747576e-05,7.382670933960885e-05,0.040405417951187204,2.095520373173619e-05,0.0051748488043690255
0.9359583678216606,1.2110027419696552e-10,7.242492812058996e-07,2.8849582396280295e-05,9.116864615182347e-05,3.8343657237515356e-05,0.00010750334365961145,0.057252692413023186,3.729436432818062e-05,0.006485055801161331
0.9468847100882293,7.455974213422468e-11,4.4484698077550935e-07,2.386049142004653e-05,6.0320616557889845e-05,1.5799815607561224e-05,8.897299379973558e-05,0.04723245970886285,1.7565125410995393e-05,0.005675866238571054
0.9434867493180779,9.857163357680671e-11,5.895109785344974e-07,2.5307603791531594e-05,5.015448315476131e-05,1.907056200857436e-05,9.842873296980987e-05,0.05071243115809596,2.04375476139123e-05,0.005586830984737226
0.9140378540178171,6.835379569796222e-11,4.087966329065414e-07,3.893297537418909e-05,9.901380678934246e-05,4.74665883621871e-05,0.0001405177142839088,0.07808265074428444,3.684034792929712e-05,0.0075163149401729105
0.8523525881400259,6.787208087721831e-11,4.05617010859345e-07,5.0137916834088316e-05,6.892121143977246e-05,2.0686594381566445e-05,0.0006108451186549208,0.11887698088935425,2.3577728446364482e-05,0.027995856715980108
0.9276952519199048,2.0778123845180678e-10,1.2426435305493423e-06,3.375432511745365e-05,9.665208421720466e-05,4.070517436036165e-05,0.0001300646370627871,0.06379127412336791,3.926640714994032e-05,0.00817178847750804
0.9276531095760743,6.919991299382592e-11,4.1374514624214425e-07,3.6211624054600696e-05,6.739077934140679e-05,1.6490351367178618e-05,0.00013980378968198457,0.0638155900982248,1.324599050743142e-05,0.00825774397640221
0.9462083461785351,1.207194640671202e-10,7.126932503788022e-07,2.265866993149743e-05,3.500690287173077e-05,5.2848356824345764e-06,0.00013285044794539977,0.04438257102507697,6.124751842422213e-06,0.009206444374144482
0.9068469569975848,9.16075221130229e-11,5.478668896515694e-07,4.606141187020101e-05,0.00010117753948862727,3.58426645963421e-05,0.00016840270103243258,0.08372875953890987,2.872718949690257e-05,0.009043523998523732
0.9215728648919295,6.095654981361629e-11,3.636872684232377e-07,3.3326743775259365e-05,7.106636410137962e-05,1.835233147873468e-05,0.00015120395949942813,0.06934185303862761,1.8800857030735733e-05,0.008792168065332345
0.9201918070360068,9.45119248140016e-11,5.649663273034301e-07,6.421940633972023e-05,0.0001077560479860147,1.766581872846633e-05,0.00013422764262579261,0.07178693419851544,1.1234613480129165e-05,0.007685590175478512
0.9498651874296501,5.6607218311434246e-11,3.3829455359679347e-07,2.3391997564947006e-05,6.432451602284741e-05,1.7250951872456466e-05,8.099394516483563e-05,0.04465350374109587,1.8718495601609057e-05,0.005276290571866549
0.9103057134824649,6.514038023548787e-11,3.8957897820244995e-07,3.318678509272747e-05,6.823582881170564e-05,2.5974341142597585e-05,0.0002035003544103581,0.07881179112328678,2.9601433910858392e-05,0.01052160700676167
0.9225417654767324,5.572232371847093e-11,3.3245867307225673e-07,2.7018354588462594e-05,4.1513138047184314e-05,1.0275543904862215e-05,0.00019530855864360836,0.06690882318524063,1.2148908724193097e-05,0.010262814319723573
0.96737235350598,1.111837913998976e-10,6.391246662494934e-07,1.1046682678171958e-05,1.2202749543365422e-05,1.6873341248728135e-06,0.0001090558409877611,0.025883068661351233,2.1220880808892825e-06,0.006607823901403592
0.9239219708424591,2.254079232323526e-11,1.3480770673831676e-07,2.8124233634293495e-05,3.7786223093862544e-05,1.1021515789190342e-05,0.00012591204590831775,0.06917374459049618,1.6178107825178334e-05,0.006685127610546274
0.8824361578587139,1.8007391141227648e-10,1.074917803423042e-06,4.430884683802267e-05,8.199119044746141e-05,2.6362453744977358e-05,0.00037226100395709456,0.09847041032920004,2.6238333677073695e-05,0.01854119488554394
0.9025168446368388,2.945392215044074e-10,1.761496786816908e-06,5.850679398737377e-05,7.578685706806829e-05,1.6424000427379886e-05,0.00020679652863839099,0.0856813812240916,1.5504539253623796e-05,0.011426993628368728
0.8983939496398626,4.6798641903577715e-11,2.7988367873355466e-07,4.633691162507103e-05,7.609163908706779e-05,1.787552354999069e-05,0.00026523339013070815,0.08693362985605765,1.5666906489111824e-05,0.014250936202720466
0.9490166574745954,7.167628164714063e-11,4.2866480379999857e-07,2.525577772476191e-05,6.624007188784835e-05,1.6086344306027558e-05,8.528972875739336e-05,0.04495426388914519,1.7666267776170896e-05,0.005818111709327133
0.9196710733728477,1.1662288694224043e-10,6.974705951111697e-07,4.4784609725537546e-05,0.0001048222647928464,2.8420488916192876e-05,0.00013713328972765244,0.07247748268074049,1.8407164276537315e-05,0.007517178541754971
0.9258269584312127,7.78593918174054e-11,4.656423045485431e-07,3.512609756041547e-05,6.936620219447727e-05,2.3786196043090906e-05,0.00014913502172273077,0.06543987389225865,1.734717362344657e-05,0.00843794126522043
0.9132210720619041,4.8195554977405e-11,2.882387532978921e-07,3.57565296000454e-05,5.3400498387988516e-05,1.5063210512908235e-05,0.00016991475748697363,0.07751509813582168,1.8928094206679535e-05,0.008970478425130966
0.9423061296824836,2.2833992978584954e-10,1.3230827749606792e-06,2.0198145704765055e-05,2.5801591327024275e-05,4.020024505598564e-06,0.00019282481452046342,0.046420464699184934,4.914066878811623e-06,0.011024323664279693
0.9226827869472843,4.632755442343041e-11,2.769922825604622e-07,4.014768760476077e-05,7.762464020269378e-05,2.123310080812734e-05,0.00013060959423695352,0.06975077631041982,1.3656076903407576e-05,0.007282888603929793
0.9343711581363384,4.0673852462094304e-11,2.4290282291573955e-07,2.638482075117198e-05,4.425314246402533e-05,1.1453610387907143e-05,0.00012607926994218018,0.05789301918359087,1.3715643030323026e-05,0.00751369324999821
0.9595881632111329,2.781525736512289e-10,1.5492146923815984e-06,1.3603567075099204e-05,1.5960065562670445e-05,2.2476455584429264e-06,0.00013983861941952927,0.031770378603013315,2.8167942137073334e-06,0.008465442001179215
0.8350203323853805,7.767525163762714e-11,4.645449336389512e-07,6.592505165774422e-05,9.942276175834114e-05,4.016307416582935e-05,0.0005130169257569978,0.140041946063193,4.132390299146328e-05,0.024177405212487058
0.9329472415935336,3.020890486360803e-11,1.8061935265974265e-07,2.623619659014396e-05,5.453308633505759e-05,2.0641694314657252e-05,0.00011214402234299155,0.0605825234153482,1.7494858318370868e-05,0.006239004483655432
0.9352619732686283,8.832368459638831e-11,5.207902849476633e-07,2.1706447453790422e-05,2.3358579300519893e-05,3.5995446468712144e-06,0.00024160811430953195,0.050587061664759944,4.434130552654082e-06,0.013855737371739724
0.9380077416334117,7.61757497126546e-11,4.512601194059324e-07,2.3179434028892606e-05,3.111331535260937e-05,5.121363034311498e-06,0.00017494080635551573,0.050610864751878905,5.9393124386550636e-06,0.011140648047204358
0.9082971909179542,3.422648657973365e-11,2.0396691330263166e-07,3.200211999669702e-05,2.9920031070583692e-05,5.201300050956957e-06,0.0003045880298080304,0.0738641994913582,6.412386665424532e-06,0.017460281721956007
0.905389772556122,1.4246293331604725e-10,8.51108942041825e-07,3.725162193212263e-05,7.567606897051898e-05,3.528614088718151e-05,0.00019632599471993564,0.08404554935835395,3.642188943946694e-05,0.010182865118169768
0.854446374853443,1.3028682554770244e-10,7.791936200527485e-07,5.680169411498321e-05,8.686274300338215e-05,3.20002264067149e-05,0.0004694263720770982,0.12242567732327589,3.4856507359371875e-05,0.022447220956412713
0.8955549095300761,5.82335394794432e-11,3.4827124909911525e-07,4.127722948824037e-05,6.643937306715787e-05,1.775745575741867e-05,0.0002968237459850662,0.08761534026898997,1.8753986484786045e-05,0.016388350080668627
0.9387864476690639,3.171536061196725e-10,1.8858233103422382e-06,2.726906652228846e-05,7.183701394819505e-05,1.9774555380660597e-05,0.0001149655091577698,0.05359017760052685,2.0605420755354765e-05,0.007367037024180944
0.8896975453597054,1.7572112628549575e-11,1.0501435077529754e-07,4.7095648360320357e-05,4.998070276003612e-05,1.0313831960842145e-05,0.00024060618518637086,0.09655115799080477,9.52970927242413e-06,0.013393665540027052
0.9342703263802103,1.7993010679874637e-10,1.0760814428003178e-06,3.108760769521685e-05,7.070058085218197e-05,2.128347827523238e-05,0.00011441668537436663,0.0587574741500671,2.0138815926740186e-05,0.0067134960402258905
0.9212827725359228,1.7237629810582915e-10,1.0278678159806678e-06,3.786973303299066e-05,5.9506053975054924e-05,1.3046589403542117e-05,0.00018358036433517767,0.06831895644789959,1.4020022492453908e-05,0.010089220212746233
0.9212827725359228,1.7237629810582915e-10,1.0278678159806678e-06,3.786973303299066e-05,5.9506053975054924e-05,1.3046589403542117e-05,0.00018358036433517767,0.06831895644789959,1.4020022492453908e-05,0.010089220212746233
0.9328320417578064,1.180520177211366e-11,7.060231677568503e-08,2.2042916316444322e-05,3.0102612652685566e-05,9.356295351678176e-06,8.886235054717412e-05,0.06221414766216177,1.6130808606986422e-05,0.004787244982434647
0.963805518534905,5.1641012349199845e-11,3.03682339306054e-07,1.1487484621981476e-05,1.2776522048411191e-05,1.886255279888975e-06,0.00012624084780747726,0.02844858332819374,2.3614783066178686e-06,0.007590841814856525
0.9223094706471252,4.631019656949782e-11,2.768894634459794e-07,3.6800071575286354e-05,4.723828031524639e-05,1.1289783901439994e-05,0.00013187406379586375,0.07032154736230523,1.278716956044674e-05,0.0071287156856476
0.9184155133929505,1.0362883363404926e-10,6.197606310447048e-07,3.212586014529433e-05,5.095301603146968e-05,1.5848940170451482e-05,0.00019051540299645182,0.0710533957447435,1.747411673640213e-05,0.010223553661966079
0.9072628508661286,5.128988028835224e-11,3.067434768423499e-07,3.510019990534138e-05,5.9072211446244594e-05,2.5021940225006098e-05,0.00021672769010503329,0.08090660699961091,2.518286902109644e-05,0.011469130428790955
0.9326946747629559,1.6058797276346424e-10,9.604002847166427e-07,2.6512713339629614e-05,5.8543444954351635e-05,2.646932805806907e-05,0.00014304098698966636,0.05921624314102786,2.604884515227958e-05,0.007807506216649704
0.9554246118650228,1.1743560365494482e-10,6.896087638116586e-07,1.6908902435432705e-05,2.3590153832006472e-05,3.817965820318451e-06,0.0001164278944916814,0.03707037675783476,4.584508441841e-06,0.0073389922259216485
0.9432633918875607,2.454134402593506e-10,1.4411127024729662e-06,2.1246816891294693e-05,3.3068960844520975e-05,6.732951938334427e-06,0.0001461066300083233,0.04841476906336842,7.884688167480524e-06,0.008105357643105068
0.9052562357361741,6.403618452213814e-11,3.818483884816484e-07,2.991116897762616e-05,4.9388792543134983e-05,1.1639491748923557e-05,0.00033751342084090255,0.07696269205897474,1.3292825895157886e-05,0.017338944592420785
0.9208338682873971,5.918517918053746e-11,3.5396196082988656e-07,3.60807046835332e-05,7.908673774226524e-05,4.335734125730684e-05,0.00013011715068350434,0.07180516160698583,3.0147992134261724e-05,0.00704182615797015
0.9248780047557223,4.574439125518062e-11,2.735790458829508e-07,2.8682021489618483e-05,8.353607880791703e-05,5.123139402781313e-05,0.000124836709001217,0.0680493673502955,4.0227214972249684e-05,0.006743840850893089
0.9057557889521365,1.6222275345908122e-10,9.694728776141065e-07,3.2683985590541166e-05,7.280011945537453e-05,2.9440940951461993e-05,0.0002693794020706083,0.08002074478720804,2.8266558443568044e-05,0.013789925619043554
0.9256496053902576,1.6656138219624708e-10,9.96129657653166e-07,3.3161701094164864e-05,8.766894116041431e-05,4.071494711662568e-05,0.00013696465450201815,0.06575865939250808,4.008304816499133e-05,0.00825214562897697
0.6685450451556301,1.3458104240190303e-89,0.33140224685957786,6.91867866247811e-58,2.183340608872023e-58,1.5504794072835927e-06,1.7927578508909627e-62,4.4339973359764585e-05,6.817532025112986e-06,8.831376272632886e-21
0.8884284331432979,1.7189195071155365e-10,1.0243572379997459e-06,4.364919750031738e-05,7.826744913871407e-05,2.0487869818398456e-05,0.00032968925758138985,0.09297039848120739,2.1910291895936643e-05,0.01810613978042992
0.8716064385401456,1.1227864760671002e-10,6.705230250398198e-07,5.589972821502883e-05,0.00010153032315303726,3.33197756179019e-05,0.00032319995754651884,0.10861669598073491,3.371618845709846e-05,0.019228528870826232
0.8553111326083229,8.079959747797606e-11,4.832300283426537e-07,5.8684781843268495e-05,9.773751325488516e-05,3.012779051116906e-05,0.0005133723483494751,0.11900376595696949,2.920308833245376e-05,0.024955492601588514
0.9435039491495565,2.049940231673332e-10,1.2259601768243131e-06,2.68533251894666e-05,8.479935238389316e-05,2.3147279834103745e-05,0.00010748152632777544,0.04844633532190224,2.1285223828026657e-05,0.007784922655807368
0.9056588509717862,2.7587005383970857e-10,1.6498503167371345e-06,4.005218054235726e-05,8.115527538341471e-05,2.6395308212538506e-05,0.00023803934350200514,0.08143957131246254,2.605296598137869e-05,0.012488232515942773
0.8868708971246726,3.9023990992360756e-11,2.3338670819027766e-07,5.1827713545342885e-05,7.248020200127923e-05,1.873860135905786e-05,0.0002668662193065989,0.09796645662046027,1.6073933439576587e-05,0.014736426159483167
0.8528060196473156,5.471163531307486e-11,3.2720845313495445e-07,6.676494143020059e-05,0.00010234615649556619,3.2571563486782215e-05,0.00037027535335178803,0.1278436214112463,2.8131831917547324e-05,0.018749941831591413
0.9486788072515645,9.514158190715633e-11,5.688477681047218e-07,2.4585553359213332e-05,7.579020351062509e-05,2.0896558951830585e-05,8.99844768892834e-05,0.044735184738962534,2.2056450935662173e-05,0.0063521258229165605
