i = 0,i = 1,i = 2,i = 3,i = 4,i = 5,i = 6,i = 7,i = 8,i = 9
6.8109347722524995e-06,1.6653841372151106e-20,1.4068796904062781e-11,0.9889474668259266,0.00010001431614092535,5.24258311839972e-15,9.460166361569583e-13,0.010945707060343465,1.854926771766382e-15,8.477950300394143e-10
1.183941359353731e-05,3.1408623099303936e-20,2.6575448326394622e-11,0.980179357082713,6.119738149140783e-05,1.4662501050964092e-14,1.89596900956788e-12,0.01974760431562662,4.3643533857585254e-15,1.7780853334155074e-09
1.2173868379339588e-05,2.8847421942398365e-20,2.4410736387091228e-11,0.9846260854814264,8.32727392827227e-05,9.007128303858133e-15,1.4149228145406433e-12,0.015278466521893444,3.0080441870419005e-15,1.3631803044552328e-09
1.3477479499889066e-05,3.1464046116988683e-20,2.6628776454440085e-11,0.9727027172572229,4.124287346957995e-05,8.481116637933964e-15,1.9973122681009116e-12,0.02724256058120327,3.114069259298447e-15,1.7799665539056852e-09
1.0873221321081812e-05,3.333152345792648e-20,2.8098396951382922e-11,0.9856502880576468,3.185134539042046e-05,1.2717127204146022e-14,8.507216254656185e-13,0.014306986088189123,4.4546538828701395e-15,1.2584863556512017e-09
0.999994067487894,1.7601779905505488e-92,5.931444797716876e-06,7.841186351932654e-113,2.0592562806022958e-119,5.507669038366226e-10,4.496118808286955e-73,2.999572493211906e-10,2.165841952182553e-10,1.3565877417497882e-32
1.4112839203910388e-05,5.701249480614365e-20,4.799417651486376e-11,0.9878830938034964,3.3169223884886454e-05,1.5365221951434404e-14,7.967081176786505e-13,0.012069622589284392,5.896684454900288e-15,1.4953181019866854e-09
3.3670373615912555e-05,1.5351519659864678e-19,1.1248705010154382e-10,0.6395061501425151,3.198274119528105e-05,2.466256833512702e-14,1.4426282092721403e-11,0.36042818580086255,8.8546017807363e-15,1.081486432715538e-08
1.2032531819244803e-05,5.439123508181376e-20,4.5845287350942195e-11,0.9700762339839694,4.508029528435578e-05,1.334771932880186e-14,1.5716298103045218e-12,0.029866651740050647,5.13155016254191e-15,1.401440827522864e-09
2.8121069128442395e-05,1.5524560770305248e-19,1.229639268789768e-10,0.8063381607694966,3.5661920457550806e-05,2.349070609950411e-14,1.016499494968932e-11,0.19359804906254396,8.903251801189789e-15,7.04521209049599e-09
1.2076472024472813e-05,2.327430136056862e-20,1.923838708748002e-11,0.9334805162615809,2.670261501277882e-05,8.361906206262051e-15,3.204488618786926e-12,0.06648070208571717,2.6207215952690803e-15,2.543210912794249e-09
1.942412566193295e-05,5.2707114020965685e-20,4.2485705604256015e-11,0.8627075405040315,2.8828853731496548e-05,1.3305186933134063e-14,5.2872707352924524e-12,0.1372442026978275,4.197255805525077e-15,3.770957145428754e-09
1.1242790600085776e-05,2.5059668678332557e-20,2.1032793071743534e-11,0.9641780501555347,2.8215371677997516e-05,1.0588013865852706e-14,1.7796006937155137e-12,0.03578248991327943,3.4040710086058125e-15,1.7460813442615067e-09
1.3173053686553593e-05,3.2047954676433094e-20,2.7100253427713875e-11,0.9834447155635441,3.8107641070372574e-05,1.3332651529601004e-14,1.0191960446846265e-12,0.016504002317082038,4.172541103746753e-15,1.3964800096842542e-09
9.764328902267094e-06,3.0807028201437454e-20,2.5983306871194194e-11,0.9822070793259479,0.0001222077188060876,8.829828579775119e-15,1.3225026933242978e-12,0.017660947467558856,3.2572986303916463e-15,1.1314670928779957e-09
6.114408797301612e-06,9.811679692582703e-21,8.30452683838748e-12,0.986620259119172,2.6107346806264722e-05,3.3168853406278424e-15,1.0280833893086043e-12,0.013347518237486772,1.1747864025946919e-15,8.78400834256397e-10
2.6367387402626885e-05,6.537266006749545e-20,4.066599489119259e-11,0.152653347165619,7.45306274161771e-06,8.503445423017074e-15,1.8305704252108024e-11,0.8473128191151796,2.3776419975542205e-15,1.3210074437331612e-08
5.265335723914706e-06,8.627581193447656e-21,7.191577323497121e-12,0.9869626852872537,3.25161107797133e-05,2.547958680180773e-15,7.837874867009536e-13,0.012999532529580898,8.95711562516866e-16,7.286828650189583e-10
1.288095901070685e-05,3.02562528471777e-20,2.560056005893979e-11,0.9637595000089343,3.391341360018242e-05,1.0122852891551053e-14,2.154155236249359e-12,0.03619370388711681,3.1118765574371142e-15,1.7035698294936565e-09
5.400879941610218e-06,1.040092201434476e-20,8.727248410415275e-12,0.9900771184530202,0.00010052775871603693,3.872276168528388e-15,6.355915697632051e-13,0.009816952314359806,1.2660171477162865e-15,5.84594308405671e-10
7.129724272160255e-06,1.1984012683376624e-20,1.0145662920785991e-11,0.981815317055658,2.6488056183089083e-05,4.6957720002509996e-15,1.3620498341852711e-12,0.018151064043064574,1.5329728362644794e-15,1.1093082242277243e-09
4.378598473431378e-06,6.5594682709206664e-21,5.5549516427880215e-12,0.9891437756281523,2.3977272558937233e-05,3.4459818778474215e-15,8.593421109754666e-13,0.01082786774932597,1.1020216471569307e-15,7.45070479656189e-10
1.569623418467365e-05,6.387247433951571e-20,5.389687405305051e-11,0.9802639718044974,9.572248962168203e-05,1.7653229213988986e-14,1.6242528894408084e-12,0.019624607870360113,5.5283687801761966e-15,1.5457919196235327e-09
1.2055434055170782e-05,2.5691539846847597e-20,2.1745978658601104e-11,0.9734335821893952,4.0751998791801446e-05,8.517602454505985e-15,2.503180518684717e-12,0.02651360815965382,3.249954636082682e-15,2.193842938212421e-09
1.8182005017601436e-05,6.332617668462761e-20,5.351774883426757e-11,0.9486501956796051,5.22664245568003e-05,1.703235807186946e-14,4.6870021550378015e-12,0.051279351840335524,7.273524425728772e-15,3.992256006914451e-09
1.0325052889281008e-05,2.5844207633265882e-20,2.18340697296836e-11,0.9880432427425679,3.639928942013293e-05,1.1709352074544706e-14,7.633633134642914e-13,0.01191003167322352,4.177305635322592e-15,1.219285801748903e-09
2.124297319878771e-05,9.245253162280815e-20,7.619568114840928e-11,0.9102582096842637,5.258051731529645e-05,1.997708631067545e-14,5.779145034171374e-12,0.08966796177892589,8.186001176427941e-15,4.964293384899662e-09
8.874520593769568e-06,1.9821482215778975e-20,1.6767589761233737e-11,0.9806699735919426,4.168852427547871e-05,6.0664391714197266e-15,1.2043413382014258e-12,0.019279462329671527,2.1902078996333104e-15,1.0155363288625927e-09
1.3919801593960973e-05,4.335258737366801e-20,3.66350358672633e-11,0.9800091556103421,9.330983317163605e-05,1.3085008172669528e-14,1.476676565039365e-12,0.01988361340377335,4.1414817218731795e-15,1.312989907627868e-09
4.2203167594831624e-05,8.534905623005278e-19,6.348253366466385e-10,0.9249198667418508,5.919861211215899e-05,5.902958149689684e-14,6.4496934842808115e-12,0.07497872508180482,1.635236179303398e-14,5.755286889688823e-09
2.7294392154817886e-05,1.1621660517439675e-19,8.883145178673172e-11,0.8651205407240009,4.453174568174959e-05,2.051437413926341e-14,1.0881763600080837e-11,0.1348076232024597,7.625157847102606e-15,9.835961307428195e-09
2.1401113814118073e-05,2.1257719226476445e-19,1.773385064617024e-10,0.9842696607863296,3.1193520012821457e-05,1.9630926169771353e-14,1.0460021633535496e-12,0.015677742264408392,8.479139260378591e-15,2.137022260343736e-09
7.763757834673238e-05,3.8206971499213635e-19,1.8588782237601926e-10,0.25047606830922364,1.3452800753091069e-05,2.5045501970352604e-14,4.586625011100283e-11,0.7494328102077255,6.884567644423666e-15,3.0872165072401924e-08
1.2965210609183551e-05,2.805810302049717e-20,2.3725772611896713e-11,0.9823067938742445,3.651143352765422e-05,1.424969036846442e-14,1.2332497129284342e-12,0.017643728008817056,4.499677567015565e-15,1.4478237920308949e-09
2.6426101041183735e-05,2.8699278741007403e-19,2.405121267465839e-10,0.9554825328601848,9.034293590124654e-05,3.491616815542729e-14,3.520086813755421e-12,0.04440069500395771,1.1973406716410955e-14,2.8548360934085133e-09
2.2906318420246886e-05,1.8810913986591342e-19,1.5771226641946271e-10,0.9580708340709071,0.0001063407098704588,3.023990128025151e-14,2.8666682877595337e-12,0.04179991628328338,1.1482990853701747e-14,2.456898395193783e-09
1.5999353607780047e-05,5.3633934069629024e-20,4.4962780404627424e-11,0.9777849322136449,8.424994510754439e-05,1.6211563229518967e-14,1.759301835445278e-12,0.022114816651818713,5.10096736276697e-15,1.789077623584342e-09
1.659196714476613e-05,4.877832022390218e-20,4.063497887768865e-11,0.9221217029209611,3.553790591452671e-05,1.3234307715545761e-14,4.727241373643587e-12,0.0778261635870999,4.969740562478899e-15,3.5734995651510144e-09
5.458336799665227e-06,1.464865132232351e-20,1.2366843588606654e-11,0.9927383393411713,5.313462238423311e-05,7.150556748413259e-15,5.085327427901965e-13,0.007203067012578856,2.3715095460337003e-15,6.741809487703791e-10
4.925585737979111e-06,7.864042580038679e-21,6.658681176184526e-12,0.9929052099968835,5.864458487834074e-05,4.6057699434345315e-15,4.799823200638203e-13,0.007031219260309801,1.4993010018049076e-15,5.65045685879324e-10
3.213964337547092e-05,2.671092558505006e-19,2.2504870983366924e-10,0.9624809832125345,7.339224906119606e-05,3.443560414457952e-14,3.4239299184517445e-12,0.037413481668604406,1.0854424128839647e-14,2.9979063577414317e-09
4.04315083067909e-05,3.166418200300202e-19,2.67070593058216e-10,0.9619215223665027,7.431513466649503e-05,4.3297906224991556e-14,3.1295867845924843e-12,0.03796372764854988,1.2623816465893596e-14,3.0717178624052462e-09
2.896763024968241e-05,2.368988217688879e-19,1.994347749919581e-10,0.9512178866427368,7.165420705524243e-05,3.551636014207544e-14,4.255228794596327e-12,0.04868148747968288,1.3691393308265932e-14,3.836536094449409e-09
7.142564403349595e-06,2.3579485613618226e-20,1.9910058059279534e-11,0.9814604459200482,3.896900280051242e-05,8.531788624018875e-15,1.8997599603259484e-12,0.018493440966178172,3.051386837185213e-15,1.524748369631695e-09
1.5610180568538476e-05,4.350877359495391e-20,3.622048372424136e-11,0.9222664008806273,3.1099677969306666e-05,1.1407780976520675e-14,3.657230489979247e-12,0.07768688678274442,3.696417610224609e-15,2.438197714423639e-09
5.003445327863036e-05,2.2637397308644423e-19,1.535668827541774e-10,0.6269933444888472,3.0184965370260853e-05,3.380097211659168e-14,1.0555904195558996e-11,0.37292642608790016,9.315502588850944e-15,9.840437759972225e-09
4.3099755038330444e-05,6.945300426850865e-19,4.909389174135016e-10,0.887936610417657,6.582266123251822e-05,4.907080276906629e-14,6.208510995530627e-12,0.11195446112290484,1.7382902241116856e-14,5.545953437255382e-09
6.741916125556686e-06,1.2736612618984085e-20,1.0773231081074571e-11,0.9820245746868559,3.549657130712674e-05,6.126781452617143e-15,9.972203475120538e-13,0.017933185920184586,1.9189074088662415e-15,8.937484663268876e-10
2.7453281680640204e-05,1.2702806482281495e-19,1.0728479502350856e-10,0.9588336415349425,7.743366256368481e-05,2.808296825079658e-14,3.325065475443005e-12,0.041061468241825695,1.0456310908650258e-14,3.1683391226713145e-09
2.0698485862266666e-05,2.0201509913965896e-19,1.699236563703735e-10,0.932311868074611,3.6252740741984526e-05,2.8094634044379868e-14,6.077716802763722e-12,0.06763117628134224,8.76060101132922e-15,4.2414045482699704e-09
9.818596933441526e-06,1.6299369276487607e-20,1.3325264656932427e-11,0.9396796205680141,2.5914440236658732e-05,6.3353746776528645e-15,2.661649671882592e-12,0.06028464410098679,1.9036759996952494e-15,2.277834038946598e-09
0.00012079969791969496,7.553546414316217e-19,1.6852087074570425e-10,0.08102230194610566,4.5788285100059e-06,1.6412727909254974e-14,2.6475287456499e-09,0.918850843449328,3.824973111448596e-15,1.4732620668190427e-06
6.255802475484656e-05,1.8483025016740622e-19,1.2211742332957748e-10,0.5533673420880598,2.6655220329933292e-05,3.531187521510551e-14,1.4372521155953123e-11,0.44654342377061085,1.0085978274265075e-14,2.0759709108932697e-08
5.597522096358086e-06,9.872305732894483e-21,8.356178606138388e-12,0.9888672340324923,4.292753272906107e-05,4.366834717657979e-15,6.57253653758203e-13,0.011084240286176168,1.483527276468714e-15,6.174867613523854e-10
1.1425098899474295e-05,3.453875860439176e-20,2.9143985207598606e-11,0.9791822506550393,0.00012084545752724242,1.0063316930701396e-14,1.3212214854624669e-12,0.020685477638639364,3.676695008552873e-15,1.1194157443415638e-09
1.2022979940554601e-05,3.994399928837667e-20,3.3675518682001915e-11,0.9747425532735976,0.00011685989144195351,1.0663340602880172e-14,1.5177427583226074e-12,0.02512856257662428,4.12645417201605e-15,1.2431875134104191e-09
1.2200039977738691e-05,3.1872645266787146e-20,2.6934145761923645e-11,0.9852014652879746,8.993077809070084e-05,7.89579098473692e-15,1.2742735055834354e-12,0.014696402680197469,2.7265059748711184e-15,1.1855405221539701e-09
9.77334193618357e-06,1.9659988827608596e-20,1.6644305891795087e-11,0.9797912363110463,4.140691151676438e-05,1.0143572492824167e-14,1.401103277900695e-12,0.02015758183576674,3.4201818045697927e-15,1.5816750089279276e-09
6.904553425834852e-06,1.046819041499614e-20,8.862901699324215e-12,0.9839738004015526,3.0151024773787764e-05,4.597321608844395e-15,1.192373830014406e-12,0.015989143080380054,1.5608025154727523e-15,9.298064188656289e-10
1.546760763884219e-05,6.940800973395697e-20,5.838267565531883e-11,0.9870564712947077,3.354531083205329e-05,1.6929187810406632e-14,8.629695642877249e-13,0.01289451413488926,6.433514818439989e-15,1.5926631523663848e-09
2.0194068965696527e-05,7.224670976080084e-20,6.101726993077192e-11,0.9699563295884939,3.207433858508415e-05,2.338035933180916e-14,1.871637212356458e-12,0.029991399309299855,7.437763147813684e-15,2.6317358292533323e-09
1.7647559863381393e-05,8.018427541009324e-20,6.702801485176559e-11,0.9143685683579287,3.964945172621405e-05,1.743194423623636e-14,4.874554095161022e-12,0.08557413140836236,5.858130973208708e-15,3.150193530924756e-09
1.3335305639176508e-05,2.794982137945764e-20,1.575647548511071e-11,0.042042842733661843,2.1745027465681924e-06,4.059125178421239e-15,9.341201718870976e-12,0.9579416353123411,1.0013945585252195e-15,1.212050864028447e-08
2.0883101450158204e-05,9.342886092749516e-20,7.700044803457031e-11,0.8844251418128738,4.057399281010731e-05,1.9531407020952255e-14,6.710969018419207e-12,0.11551339607513711,7.957956785080122e-15,4.933989600181777e-09
6.420586038313559e-06,1.454970369466385e-20,1.2005357536377517e-11,0.9812002176270634,3.061051411700227e-05,3.857144020303904e-15,1.5046162839611866e-12,0.018762749793978444,1.3913973868133395e-15,1.465287717189045e-09
8.260941599754829e-06,1.5134398340873266e-20,1.2199281205298492e-11,0.9688869280839743,4.368290672083071e-05,5.672285619769476e-15,1.7393998047701625e-12,0.031061126356889276,1.7596397191783442e-15,1.6968697257129836e-09
2.245949265762189e-05,6.989499096420495e-20,5.910907408439986e-11,0.9460049173458432,3.5803796598103307e-05,1.4830621814007472e-14,4.559762812599823e-12,0.05393681579798722,5.7046333711515586e-15,3.5032245393109467e-09
5.324907937512316e-06,8.727859375411055e-21,7.387393159418303e-12,0.990131904470394,3.6098859702979926e-05,3.03600343215379e-15,7.817339530071041e-13,0.00982667106196129,1.1082822992518683e-15,6.918310020866204e-10
2.146598292459347e-05,9.031956628170879e-20,7.632037728946845e-11,0.9294402327296195,4.026118951123428e-05,1.8900144879436305e-14,5.082418456674059e-12,0.07049803606206463,7.387253484283772e-15,3.954450970466518e-09
3.8607792539428885e-05,4.711836888496279e-19,3.9674750676671453e-10,0.9544441865399387,7.028074143743453e-05,5.336499606207055e-14,4.064431078354453e-12,0.045446920758128236,1.455061150668589e-14,3.76707624182275e-09
1.4113046659766776e-05,3.3757445881880847e-20,2.8576641157850595e-11,0.9596945472760786,4.038229204484122e-05,1.337371834264383e-14,3.0657934655831283e-12,0.04025095457246,4.788289014021907e-15,2.781096173832145e-09
1.798042146256004e-05,5.139396126699527e-20,4.1401888673836305e-11,0.9254366058786088,5.386772611896542e-05,1.662745552777977e-14,4.475206347003785e-12,0.07449154134250849,5.960237776697148e-15,4.585401514309862e-09
1.2357222513346604e-05,5.923707027671264e-20,4.97689155614345e-11,0.9867138993585245,4.4276732250148735e-05,1.4646503644981844e-14,8.311116300655806e-13,0.01322946534130593,5.6620949075474965e-15,1.2947858528992225e-09
1.5245312090732318e-05,7.327186277793472e-20,6.153452359324478e-11,0.9849651202873085,3.7458000964509e-05,1.6029691617474422e-14,8.894321647638136e-13,0.014982174878708102,6.4685027139577234e-15,1.4584815104989283e-09
1.1431095660892893e-05,4.302513415480484e-20,3.6234054556087406e-11,0.9546913946215215,6.77313387473264e-05,1.159797145231912e-14,2.2377671660840408e-12,0.045229441307220244,4.925707863532314e-15,1.5983618764236813e-09
1.6966820167968144e-05,1.234527305095826e-19,1.0250863169319195e-10,0.9559418690087442,5.3442546264607205e-05,2.169092905436092e-14,1.9984104992622062e-12,0.04398771924319261,9.605240371676006e-15,2.277092414632071e-09
6.655118660775991e-06,1.244361208884001e-20,1.0523418455518901e-11,0.9924399443044923,7.262892513738145e-05,6.0720358720558274e-15,4.631789160125451e-13,0.007480771079528156,1.9522541808142427e-15,5.611866774653927e-10
8.224371948579812e-06,2.02141581877336e-20,1.6652853887442592e-11,0.9890765196287373,3.0638153808028055e-05,7.978659792434323e-15,5.681924745695524e-13,0.01088461685997421,2.6966483452556726e-15,9.68300227247523e-10
2.147039227905476e-05,2.8276488862198916e-19,2.3537887233264654e-10,0.9251573431338965,9.024160023386513e-05,3.195945044200142e-14,3.7673985854639804e-12,0.07473094161896766,1.675303582923356e-14,3.015427867715727e-09
8.031789111059623e-06,2.0637886067196437e-20,1.741380644038403e-11,0.9896108262542614,4.3610395876084305e-05,9.747560135165315e-15,6.402783979326665e-13,0.010337530672091089,3.3735285584641735e-15,8.705931655031926e-10
1.1201636578442723e-05,2.7619579101225224e-20,2.3339322433164404e-11,0.985396654736456,3.079394304678127e-05,1.1876059953363816e-14,8.614975526744312e-13,0.014561348378464713,4.087729040451333e-15,1.2812372639937798e-09
7.633603224428866e-06,2.5929019076543528e-20,2.1840654020772278e-11,0.9874080875689644,7.007488172346904e-05,1.0945738248609867e-14,7.949929002281309e-13,0.012514202953181584,4.046270473040585e-15,9.702556521477674e-10
2.21168764842284e-05,1.4749363434532927e-19,1.2404086145680053e-10,0.9649188809159909,4.5879966220978226e-05,2.829165855016709e-14,2.2112752900523025e-12,0.03501311909111842,1.2391566731186603e-14,3.0238926852982224e-09
1.1428884807792836e-05,4.94275920511998e-20,4.162171315639816e-11,0.9706077305331053,5.8212482402126957e-05,1.315956577884959e-14,1.478046214871581e-12,0.029322626729551937,5.271875325429945e-15,1.3270147711394615e-09
0.9797899918860823,1.6839453004286707e-92,0.02021000646947728,7.501587326968244e-113,1.9700706148551716e-119,1.0210682348390176e-09,4.301393482948646e-73,2.869662082257232e-10,3.364059234251974e-10,1.2978344034538107e-32
1.7767757329530547e-05,4.1967059922820385e-19,3.491049187765606e-10,0.9414983235039058,4.177033339734823e-05,2.9578049824286367e-14,5.8282278326424506e-12,0.05844213418603973,1.2341400793070294e-14,3.864352473117264e-09
1.4830047513491072e-05,9.520343936025779e-20,8.019593398691288e-11,0.9513713053801776,3.8121861147992395e-05,1.9403274724558504e-14,5.154014168785066e-12,0.04857573881527133,7.57267988792706e-15,3.810512730832567e-09
2.484836939416738e-05,9.674162559646475e-20,8.17377969863954e-11,0.9760717916268611,9.07063051610664e-05,2.266026301434356e-14,1.9922244085672504e-12,0.023812651719346094,6.797828707784022e-15,1.8954782642092432e-09
3.6193455032532e-05,7.787267403871034e-20,5.5803240966465866e-11,0.5983780872911034,2.906407076328146e-05,1.9460901969466847e-14,9.188359876469855e-12,0.40155664646531203,5.727626739872597e-15,8.652772006898575e-09
2.8457415059594176e-05,5.491258668420684e-20,4.207286176500289e-11,0.8653335248422928,3.32139063261277e-05,2.0696731568669655e-14,4.883481355468019e-12,0.1346047969146889,6.0310205131730934e-15,6.874649423670156e-09
3.60843163983401e-05,1.418650196191239e-19,1.062024926637709e-10,0.8572061645707552,3.4313589901996224e-05,2.863651140192257e-14,5.365406100162631e-12,0.14272343153319988,9.139401778414754e-15,5.878138906026427e-09
8.473431709686691e-06,1.6414407091640425e-20,1.356370565277444e-11,0.9559964127126518,2.517421116101984e-05,6.6406571077911325e-15,2.4764865531592133e-12,0.04396993753178023,1.9826428179073758e-15,2.0966484885981695e-09
1.2338488597030528e-05,3.834011214642777e-20,3.2335986667884934e-11,0.9528775449903549,5.098233255559085e-05,1.0943435157387315e-14,2.5162752185281017e-12,0.04705913242519834,4.309143106235088e-15,1.7284266797264384e-09
5.844607083057298e-05,3.7196221232627433e-19,1.4865303109985858e-10,0.1300161276999246,6.882219895997768e-06,1.6484041727828432e-14,4.785572802370604e-11,0.8699185178004215,4.347968259114358e-15,2.601239784210762e-08
4.930990537361229e-06,8.534254546209095e-21,6.969868898485561e-12,0.9840997669907819,5.982308172273477e-05,4.091309260814e-15,9.594210978078389e-13,0.015835478012334907,1.2296622422638282e-15,9.166881712672653e-10
1.3433355350436634e-05,1.0407535571664807e-19,8.723743724224238e-11,0.9450388059702705,5.9752642810584106e-05,2.1087560469261128e-14,3.936289128810908e-12,0.05488800523886473,9.302851816560853e-15,2.7014996830003194e-09
1.944601209282886e-05,9.225338088644479e-20,7.774460501375726e-11,0.9741627439861079,0.00010361504378470782,2.345349570287446e-14,1.8437928373918855e-12,0.025714193113551446,7.350786825232939e-15,1.7648437399335369e-09
2.1771274585488047e-05,1.990780907442216e-19,1.6748632906320461e-10,0.956404664888149,6.709934779617888e-05,3.817493135392142e-14,4.12244470969063e-12,0.043506460467709084,1.3515682018555258e-14,3.850099659015752e-09
2.7535405433472693e-05,2.2129766669204527e-19,1.8650587974136157e-10,0.9655116363514661,7.446615881099439e-05,3.544640936072935e-14,3.192391560255463e-12,0.034386359021272225,1.0327894986050116e-14,2.873273301214272e-09
2.197410615241638e-05,3.098944517736025e-19,2.577423719118411e-10,0.9069400261068997,9.708850478180743e-05,3.151287498322281e-14,4.751119159088421e-12,0.09294090769297686,1.7090038582577662e-14,3.3266470901200768e-09
1.3967252876929546e-05,1.2049437339405942e-19,1.0098469073502517e-10,0.951050250071253,5.827629670022798e-05,2.2429260656029445e-14,3.9972705261073124e-12,0.04887750352260191,9.43698925681306e-15,2.75155401697693e-09
1.2355571384016301e-05,5.0256820969103805e-20,4.23897921300063e-11,0.9645384208540574,3.4466009308254036e-05,1.1884949626299333e-14,3.4094035673537763e-12,0.03541475506044268,4.335379774633111e-15,2.458992597182189e-09
1.4527472524345564e-05,9.035166880678339e-20,7.573121394538347e-11,0.9491707456851312,8.873957150358536e-05,2.1886203796954265e-14,2.5722013088791585e-12,0.05072598494714336,1.0654153719271096e-14,2.2453617244966423e-09
6.102311787448288e-05,3.931945228843437e-19,1.9125879301720762e-10,0.2275966097946213,1.1754659404065598e-05,2.570251168265054e-14,2.8461817838735453e-11,0.7723305928715419,6.20618353449089e-15,1.933680579416292e-08
9.512675722736413e-06,2.200544167289861e-20,1.859809625478664e-11,0.9689984867138723,3.9899853730103436e-05,8.154795499279715e-15,1.6393242921611789e-12,0.030952099462719304,2.76146185426328e-15,1.273707164930995e-09
9.696878306370973e-06,4.8742414353929175e-20,4.108540182201688e-11,0.9752306427887795,4.443245868088912e-05,1.2554728786576142e-14,2.6897297238091527e-12,0.02471522568334785,4.6853845625137664e-15,2.147092956565958e-09
2.2197851712306085e-05,7.371548621891402e-20,6.237725728027634e-11,0.9303202170065299,3.6366127533090144e-05,1.9614412449383572e-14,5.403871758890545e-12,0.06962121476220602,6.729815919378476e-15,4.184211179263807e-09
1.712790460604288e-05,3.759346017495595e-20,3.180789743088309e-11,0.9666186611427023,4.06280641546758e-05,1.2217251730027566e-14,2.7189332643245454e-12,0.033323580890126235,4.145613026954225e-15,1.9638676104886868e-09
2.707654583109245e-05,1.862282688060765e-19,1.5695030371540691e-10,0.9427889864759912,7.212066768662899e-05,3.045811017617804e-14,5.111658841248566e-12,0.0571118117148444,1.2636921564799393e-14,4.433542046723247e-09
2.482565663475578e-05,8.152844617741022e-20,6.896340049337776e-11,0.9525441183270983,4.662708554174642e-05,2.5353257669258088e-14,4.825700258804093e-12,0.047384425150751405,8.51100405417796e-15,3.7061507042557817e-09
0.9999936644431967,2.1954454003485545e-92,6.332704683064006e-06,9.780202117083583e-113,2.5684815704195386e-119,1.9511514218778207e-09,5.607946133894547e-73,3.7413247946629936e-10,5.268362915256254e-10,1.6920529252057323e-32
4.572758314368767e-06,1.1444024926354643e-20,9.672739321286647e-12,0.9885563764434478,3.6213632049433564e-05,5.27203708613415e-15,1.092249790412177e-12,0.011402836207791346,1.8223418242846534e-15,9.476252319359798e-10
6.455396369694004e-05,4.2084515611261077e-19,1.4879342212021396e-10,0.10609051877359357,5.704629470644875e-06,1.5939867287902103e-14,6.260130663061691e-11,0.8938391913061081,3.886616862815099e-15,3.111571614920622e-08
9.001151378080165e-06,2.0756517763192253e-20,1.7109182634453326e-11,0.979648061328344,2.7037995959541197e-05,9.208172829787915e-15,9.677713952380309e-13,0.020315898169420536,2.8970386821988035e-15,1.33680871456344e-09
0.0004761581639444859,9.6775560709096e-18,5.865363773637897e-10,0.14458979251922163,8.358499757569887e-06,3.9129735092964894e-14,4.515000533778452e-09,0.8549202290879391,8.635550320982638e-15,5.45662755268036e-06
1.1900472113899572e-05,3.8621387323502096e-20,3.253891188613989e-11,0.9877593670741367,2.9495666004829924e-05,1.2563980380505756e-14,7.257525354694481e-13,0.012199235529272354,4.5502190801855095e-15,1.2251901181584318e-09
1.337776155575442e-05,5.061699391867234e-20,4.2683438741016164e-11,0.9809111366061388,8.624184652092683e-05,1.6702634935043445e-14,1.240426684485372e-12,0.018989242433327832,5.446059646572469e-15,1.3085104927798246e-09
8.944660561807948e-06,2.3949734654728494e-20,2.0208805533547608e-11,0.9859342667698662,3.612108650038193e-05,9.59636779812114e-15,7.406680748199455e-13,0.014020666519629453,3.449364401310676e-15,9.42479524824774e-10
2.580239426732166e-05,1.6622198358638935e-18,1.3384258611649539e-09,0.8016975718440071,7.425120903057481e-05,4.705622595986522e-14,9.799599307220782e-12,0.19820236754246548,3.455895304923996e-14,5.661922687314983e-09
1.6146457206780906e-05,7.56984862967953e-20,6.390051282932132e-11,0.946090029558017,3.624942132873416e-05,1.6575505511698752e-14,3.046495665978956e-12,0.05385757216465661,6.1772868883179486e-15,2.3318209752203363e-09
1.3196268305840197e-05,1.4485374733977945e-19,1.2145507807762323e-10,0.9682294204930652,5.4934538116664495e-05,2.2926122922697422e-14,2.9273180994240587e-12,0.03170244615093821,8.607803090598272e-15,2.42516043609549e-09
6.995015995046266e-06,1.4378854618759793e-20,1.2156483502839444e-11,0.9918248545201344,4.098428628844762e-05,7.221565988250744e-15,4.97688397818734e-13,0.008127165463666649,2.4335703979016404e-15,7.012520086155502e-10
1.6056228532354177e-05,4.6854682296840154e-20,3.9604273092929666e-11,0.9838308342963066,7.317279855302702e-05,1.6850996014295024e-14,1.1407354248489438e-12,0.016079935249404022,5.311647593081933e-15,1.3864370096066338e-09
2.174276204458547e-05,5.3105110734292595e-20,4.142261021860627e-11,0.9560064441692177,5.29597927770469e-05,1.930821026981211e-14,2.421085114948418e-12,0.04391884974138386,5.64207073192026e-15,3.49070798649047e-09
1.0141971293701879e-05,6.31463158053688e-20,5.3165793078479714e-11,0.9738299208621828,4.8576071200271926e-05,1.7498258251418395e-14,2.4441766355118604e-12,0.0261113587956664,6.684164849170278e-15,2.244022772582625e-09
7.879145082624198e-06,1.8035769525348345e-20,1.524383139789376e-11,0.987124662259716,0.0001078951677588445,6.036120975565678e-15,9.587359296728266e-13,0.012759562575780488,2.086581329629434e-15,8.354511554946128e-10
1.3791271724532495e-05,2.754307225495016e-20,2.276267079026489e-11,0.9302087224639412,2.597145060416711e-05,8.524227347672406e-15,3.751285176577929e-12,0.06975151200496152,2.6864067743941256e-15,2.782243528485618e-09
1.7795087566825503e-05,8.314021263372176e-20,7.011132011129731e-11,0.9800929482288339,5.09283850002162e-05,2.6673081278441503e-14,1.5345975397251303e-12,0.01983832611588372,8.124761286447288e-15,2.1110347962078353e-09
9.723209240162982e-06,3.2526951790969205e-20,2.7176128410823624e-11,0.9701663525623597,5.682843318182733e-05,6.0954798557150916e-15,1.7016106764624538e-12,0.02976709437797073,2.568432485051334e-15,1.3883611491606417e-09
7.958345914941108e-05,3.4801200040857165e-19,1.9554940905642264e-10,0.40928617570047227,2.0470974211872224e-05,3.6507418095412573e-14,1.702701540930847e-11,0.5906137493794393,9.878637964099327e-15,2.0274104286740634e-08
1.084849073260719e-05,3.359468355696289e-20,2.8357461022379014e-11,0.9774663645245627,7.444483553322192e-05,9.155151919231169e-15,1.6276289617455259e-12,0.022448340820166432,3.3341926536224258e-15,1.2990072884916934e-09
2.0787216318350513e-05,4.4454784890992746e-20,3.468412061138027e-11,0.9100007375888869,4.737600335273301e-05,1.666183497778747e-14,4.2472211358673745e-12,0.08993109524426642,4.793618245162658e-15,3.9082224710091095e-09
1.528664620287968e-05,9.946159120091917e-20,8.213570623949393e-11,0.9215240143645814,9.168504314330632e-05,1.7354532350661772e-14,3.2108623348373323e-12,0.0783690115549418,8.026160268323106e-15,2.3057585219142437e-09
1.0383789393643402e-05,2.2486459076005854e-20,1.8561670265586718e-11,0.9822556319207896,4.927162947269923e-05,9.533753842447873e-15,9.727741819683323e-13,0.01768471130663388,3.089210944723823e-15,1.334163314030936e-09
1.24804049621979e-05,2.447132292322174e-20,2.0712824628195796e-11,0.9766189810144762,4.058493667327006e-05,8.673511989309136e-15,2.0341371707749053e-12,0.023327952041998584,2.9611580762788928e-15,1.5791309620051442e-09
2.730348259174448e-05,5.811924652520359e-20,4.5396078278391594e-11,0.8349208413498611,3.550682566848443e-05,1.7736154986603678e-14,9.972606220537235e-12,0.1650163407383749,5.5730375846445006e-15,7.548111967410963e-09
8.05251834329182e-05,3.822882898184485e-19,1.1451562323722833e-10,0.0738250604758945,4.164533081390353e-06,1.39733638559884e-14,3.2126465322122423e-10,0.9260899671060308,3.2618105102332563e-15,2.8226576299949944e-07
4.345807514389206e-06,6.626041365296754e-21,5.611764775456935e-12,0.9916983195031324,3.959843073313761e-05,3.059588145407028e-15,7.564564050293417e-13,0.008257735540399385,1.0722954894784526e-15,7.118480743530966e-10
3.367619212562286e-05,1.3538456299197487e-19,1.0740019684925143e-10,0.8264648495694342,3.0850509747388794e-05,2.221476981195966e-14,8.680022280405797e-12,0.17347061819090961,6.740145478075374e-15,5.421673908970874e-09
2.922635635969451e-05,4.4506763972567755e-19,3.729666729571152e-10,0.8701706166282507,4.7695612718858645e-05,4.30990828078082e-14,8.360792272541007e-12,0.12975245483238332,1.9685788842544335e-14,6.188897232563618e-09
1.0466775292370873e-05,2.4394462405692483e-20,2.0609559504172656e-11,0.9684679581955362,4.0682194813763436e-05,7.48436061186483e-15,1.9427032323579477e-12,0.03148089142914973,2.807351367802387e-15,1.3826456070963556e-09
1.2323645047134885e-05,3.217142156471037e-20,2.7190262293053694e-11,0.9842237813768111,4.475835411014466e-05,1.3922863386150637e-14,1.0327257923606265e-12,0.015719135088631125,4.923201708708798e-15,1.5071585701585679e-09
1.6417132556057635e-05,8.70214423458701e-20,7.315124036150416e-11,0.9592668386171844,0.00010583181182642944,1.6457691284131522e-14,2.465568563622468e-12,0.040610910469286186,6.8741029817115754e-15,1.8935067695566964e-09
1.1603631601539372e-05,5.557163196405294e-20,4.676359426264313e-11,0.9578462920224828,5.062533986188579e-05,1.604773512098777e-14,3.0288998295994025e-12,0.042091476770632665,6.267918462542564e-15,2.1856063900337913e-09
1.0077141629404793e-05,1.963405094158152e-20,1.6623378514781858e-11,0.9797231343835835,4.385260948893813e-05,7.483958188085523e-15,1.85525828387899e-12,0.02022293422915031,2.697490646910016e-15,1.617659340869314e-09
9.239150396339242e-05,6.597692096971907e-19,2.3325397576069367e-10,0.16221970619652964,8.598251466431982e-06,2.2230662029087073e-14,7.263816971190908e-11,0.8376792629734359,5.720945282389885e-15,4.076868452443991e-08
7.295560480895305e-06,2.0623752588400825e-20,1.72477409721321e-11,0.9757624234249317,8.540152372537462e-05,5.405725943215863e-15,1.314441970426226e-12,0.02414487842794777,2.1297019780729697e-15,1.044344640790823e-09
1.410274635978607e-05,2.875281705956969e-20,2.3182162665725858e-11,0.9398457280788791,3.815052500240663e-05,1.2975216078853063e-14,3.5949137910559956e-12,0.060102014941826716,4.038981922195382e-15,3.6811378078058872e-09
0.00019791894078886933,2.0057804975859127e-18,3.488588420622815e-10,0.13027245127573983,7.298982503232628e-06,2.961253323120408e-14,3.6117834707117465e-10,0.8695220555940774,6.663420095593878e-15,2.7449681720052433e-07
1.1364854550423455e-05,2.395649795697277e-20,2.0280636538994214e-11,0.9711933739178346,3.176040625672476e-05,8.683058638211303e-15,2.0144896698736064e-12,0.028763499132397695,2.5937716823059375e-15,1.66665404710298e-09
3.0161805022179037e-06,5.428490451805896e-21,4.55103868019868e-12,0.9926868103118051,5.635735123721029e-05,1.7210874528218345e-15,4.603220782113817e-13,0.007253815740590242,6.254941617472009e-16,4.108514823010105e-10
2.0982685404898924e-05,6.332567178346319e-20,3.445832720818509e-11,0.06919869301339011,3.5120405207665314e-06,6.135121650312989e-15,2.5784714152177924e-11,0.9307767945247579,1.6395945977291294e-15,1.76756756268819e-08
3.7379764965760016e-05,1.2505448268118127e-19,7.769379147386201e-11,0.2737688743104491,1.3565358912335815e-05,2.0210144809990664e-14,1.8649860262340543e-11,0.726180163718205,5.2833944313834025e-15,1.6751098458488198e-08
2.611904111710472e-05,4.8839795964378735e-20,3.669153035592962e-11,0.5751112087500965,2.397974487634093e-05,1.4810815113306613e-14,1.2037823413206767e-11,0.4248386816889744,4.3590450600940454e-15,1.0726187163256865e-08
1.9184780050665186e-05,6.675297951264077e-20,5.4468399894386756e-11,0.9494204901586252,4.781108075374798e-05,1.7720148146833284e-14,4.7639239862744726e-12,0.05051251015012403,5.4667719852534404e-15,3.7711908146750004e-09
2.059870241917251e-05,5.936245608400219e-20,5.0258991983244936e-11,0.9445224184078852,3.163037709870302e-05,1.6272299423718052e-14,4.565779012174747e-12,0.05542534892919086,4.923186252555436e-15,3.5285601364215553e-09
1.0861352355764772e-05,2.3062093304662294e-20,1.9502187991628435e-11,0.9729106388205385,3.066865817316215e-05,6.233090018690587e-15,1.86470722834318e-12,0.02704782969630684,2.274652171921668e-15,1.4512500750187166e-09
5.8916033222513577e-05,4.295530645927244e-19,2.9838404153633725e-10,0.9306652484652983,4.918816957133653e-05,4.6971928214407485e-14,4.3149288338515145e-12,0.06922664024969422,1.408418070667947e-14,6.779453618796135e-09
3.934723377305863e-06,6.517353405253771e-21,5.379082292389182e-12,0.9798001926743539,3.222683111710778e-05,2.303050939543355e-15,8.631852261171964e-13,0.020163645078738943,8.04612639513821e-16,6.861671278264009e-10
2.633515882146033e-05,1.636749880204101e-19,1.3791535184974167e-10,0.9601702113693509,7.077772674970385e-05,3.478883912491176e-14,3.0644911897452088e-12,0.039732672163782935,1.3668536358321582e-14,3.440266671078373e-09
2.6763268702940114e-05,2.3339612934318047e-19,1.7785751955965796e-10,0.8136342890014593,3.4001841212122016e-05,2.5041895793965062e-14,8.033801138507324e-12,0.18630494046380208,9.303457762272151e-15,5.238897931740115e-09
2.6763268702940114e-05,2.3339612934318047e-19,1.7785751955965796e-10,0.8136342890014593,3.4001841212122016e-05,2.5041895793965062e-14,8.033801138507324e-12,0.18630494046380208,9.303457762272151e-15,5.238897931740115e-09
2.2159209752311513e-06,3.0001686066165335e-21,2.5412305482777506e-12,0.9959146899106235,3.62865491469876e-05,1.545743984761186e-15,3.3065165985541726e-13,0.004046807291026423,5.172243094413802e-16,3.2535390143787045e-10
2.192993983214632e-05,5.43338332985044e-20,2.74858060241108e-11,0.049393159618688544,2.618300476417247e-06,4.904187607637502e-15,4.4511330858316236e-11,0.9505822589955906,1.2874820300437563e-15,3.307340898967066e-08
1.0669516032028065e-05,2.5027654659597353e-20,2.1003890786316005e-11,0.9701140707416546,5.270290581604651e-05,8.213888674463947e-15,2.123070142408808e-12,0.0298225548256157,3.1076873165651678e-15,1.9877436476433136e-09
1.920923090984054e-05,7.571515798401277e-20,6.395972703064448e-11,0.9480303813974768,3.8108273951495456e-05,1.736543908428298e-14,5.605398955419672e-12,0.05191229667097736,6.720112536088423e-15,4.357095402337867e-09
7.37077422864944e-06,1.974241487960122e-20,1.6681106683630432e-11,0.9777462304749676,3.232270408012658e-05,7.450520687195622e-15,1.8816181743177807e-12,0.02221407457872526,2.522036013936376e-15,1.4494256492166636e-09
1.750665504811142e-05,1.31788254428602e-19,1.108609514617399e-10,0.9519094082129871,3.974257906938517e-05,2.6441061021002352e-14,4.642968778724807e-12,0.04803333910134596,9.548089459184196e-15,3.3360095949716396e-09
7.122029346776502e-05,4.2334238698622223e-19,2.0556182606830428e-10,0.2895525283412326,1.5104600519946558e-05,3.4226861684344516e-14,3.8619288658220424e-11,0.7103611071152979,8.783515163684433e-15,3.940525776004462e-08
7.562510174554272e-05,9.694727392357597e-19,4.692670967296699e-10,0.4951149693883935,2.504824733432683e-05,4.571760353637433e-14,4.9380373558731634e-11,0.5047843277313641,1.3424467620652325e-14,2.9012455938361623e-08
3.250804409153615e-05,6.461708409860896e-20,4.953729796330254e-11,0.7083874784526248,2.747828387931993e-05,1.7769010078162097e-14,1.0697112614132324e-11,0.2915525280116039,5.1948419090827814e-15,7.147543170809008e-09
6.188701029336484e-06,1.8057783399758747e-20,1.523984185975783e-11,0.9857820488516881,8.637399092976071e-05,6.855240995972782e-15,1.2033028642222536e-12,0.014125387450590441,2.4448439112749288e-15,9.893100141951606e-10
7.822063710472045e-06,1.3752990835944474e-20,1.1637460081541824e-11,0.9885319710624739,7.502817468707045e-05,5.383477109915874e-15,7.795381142333213e-13,0.011385177957333232,1.731570904385537e-15,7.293712345704952e-10
3.325458946743559e-05,1.116587523156484e-19,9.213484926755795e-11,0.9070483004304608,3.37620881626568e-05,1.933715595114419e-14,6.378417138061268e-12,0.09288467870650133,6.364254287548926e-15,4.086868763476408e-09
1.6477367015551395e-05,7.105011599367133e-20,5.99623757036185e-11,0.976593050757732,4.9674215525149904e-05,2.6512817850881844e-14,1.979693194231678e-12,0.023340795273429835,8.052861310206952e-15,2.3243208394019183e-09
0.9185900818602655,2.2862199680697286e-93,0.08140991768750361,1.0184581847621646e-113,2.674679977456955e-120,3.222240502595842e-10,5.839816571677735e-74,3.896016721433056e-11,9.104664339938394e-11,1.762013841939309e-33
4.3657557477507075e-05,1.6322138148097388e-19,1.2249165798599448e-10,0.7347015326907232,2.92373598485783e-05,3.223415445198362e-14,1.07780451009204e-11,0.2652255639568952,8.633538240142805e-15,8.301744807198147e-09
1.914605901835952e-05,5.098272845765923e-20,4.109621951648941e-11,0.9153676742562022,3.080166567227906e-05,1.7782282743303062e-14,3.724876751921115e-12,0.08458237419866632,4.624803980066056e-15,3.775597179229663e-09
1.5313724818597402e-05,3.6509112958410114e-20,3.088707528045713e-11,0.9536841826061988,3.204724454032259e-05,1.1903029311952264e-14,2.8309224410904065e-12,0.046268454351289144,3.805111563657954e-15,2.0394192846213746e-09
2.03435308523105e-05,1.1078420182923643e-19,9.302492981795018e-11,0.9777205557504639,3.32072311844096e-05,2.0698657240202142e-14,1.2913927426128672e-12,0.022225891349200607,7.89437401178407e-15,2.0439538706882513e-09
2.997556822472629e-05,2.75923953910063e-19,2.3231967848669827e-10,0.9078997257176324,3.630773739473552e-05,2.946159313967507e-14,6.078132521097234e-12,0.09203398683724924,1.047681499639987e-14,3.901061092744045e-09
6.857595974606049e-06,1.42044384921408e-20,1.2003143199604437e-11,0.981362888825847,4.100177539825453e-05,4.529856681832938e-15,1.2331099442058195e-12,0.018589250809470482,1.6661817722696464e-15,9.800671397086047e-10
8.6070035698679e-06,1.7486200184224748e-20,1.4789847339107817e-11,0.9780999217860594,3.905960066598316e-05,6.1168962359701525e-15,1.366607955620138e-12,0.021852410475126496,2.0104505225439755e-15,1.1184136137391995e-09
