i = 0,i = 1,i = 2,i = 3,i = 4,i = 5,i = 6,i = 7,i = 8,i = 9
3.292882665279442e-07,6.2730522694789985e-06,0.00018112841131036835,0.11827717068696146,8.257400016029626e-09,1.5150583855888424e-19,1.4249354761466112e-15,0.881535090303791,1.0150010933791368e-46,4.403152078619142e-37
3.6620494404300664e-07,6.9325749214067904e-06,0.0001745922962071239,0.12901843828066853,8.514280738446742e-09,1.6426476664732067e-19,1.544935143569868e-15,0.8707996621289766,1.1004784986282487e-46,4.773959575332854e-37
4.178201318015122e-07,6.2950722823028635e-06,0.00019424032299706622,0.11819388541221945,8.620366431909627e-09,1.9025117893444608e-19,1.789341306801317e-15,0.8816051527520011,1.274572362833885e-46,5.529192022915598e-37
3.875303938396872e-07,8.408230658943376e-06,0.00012253007299625274,0.1679687421575743,9.57842836415719e-09,1.7625099051672673e-19,1.6576674066580725e-15,0.8318999224299465,1.180779234551459e-46,5.122310286087072e-37
5.816859751840449e-07,9.148646152192671e-06,0.00014162153459928097,0.143249261306645,1.0485832604129188e-08,3.1251592755663294e-19,2.9392598304757936e-15,0.8565993763407929,2.0936751427255056e-46,9.082522291630204e-37
0.9846416951869437,2.2769804490166144e-76,1.7295196779453717e-63,1.9194822147324655e-74,0.015358304813056294,5.794176762829633e-66,7.986481345774252e-67,1.4514178546216778e-48,3.78171912543097e-41,6.091785059662736e-84
8.505188403984037e-07,8.67955242666887e-06,0.00015991230444526697,0.13502336164436027,1.2157946557729588e-08,5.286054025990998e-19,4.971614154006199e-15,0.8648071838219757,3.541349077422438e-46,1.5362642122341093e-36
4.0409620737080496e-07,1.0722503145514574e-05,9.512206500852345e-05,0.2255072455084229,1.0408910658940558e-08,2.3065764699372056e-19,2.169370293763759e-15,0.7743864954183027,1.5452722226538966e-46,6.7035086401324505e-37
4.972327512694039e-07,7.778260857146499e-06,0.00013432518272999015,0.14378825678117066,1.495548470515891e-08,2.623810822631687e-19,2.4677339961221235e-15,0.8560691275870037,1.757800807628594e-46,7.62547383485148e-37
5.61653274040659e-07,1.0502505275932184e-05,0.00010294688323012817,0.22622460788332088,1.522539193940431e-08,3.22032125010343e-19,3.028761169101724e-15,0.7736613658495041,2.1574281367496376e-46,9.359087637211257e-37
2.3590029675178057e-07,1.2115234811271782e-05,8.08920635857322e-05,0.277453633708836,5.9698213645086975e-09,1.0156112406274642e-19,9.551978445216204e-16,0.7224531171226478,6.804005241581557e-47,2.951629315261699e-37
3.6470981826773135e-07,1.1721509153267328e-05,8.734113680165752e-05,0.26127237084563354,1.006486933068597e-08,1.729580520557545e-19,1.626696825416353e-15,0.7386281917337224,1.1587184600617306e-46,5.026608965483557e-37
3.267977307222998e-07,1.0470411845625186e-05,0.00010440789616635688,0.19101235264558308,8.153902247273456e-09,1.461047605970879e-19,1.374137523149575e-15,0.8088724340947705,9.788170090640466e-47,4.246182763901954e-37
4.897156558034643e-07,8.000040921628909e-06,0.00015068452138716694,0.13039875337670648,7.91446018567361e-09,2.3422096815455354e-19,2.2028838527718767e-15,0.8694420644308666,1.569144404140205e-46,6.807067982302883e-37
3.460511062149477e-07,5.791493531182055e-06,0.00019218346587785183,0.10968078491515641,8.131442377476491e-09,1.6870557494347928e-19,1.5867016052556797e-15,0.8901208859428845,1.1302293341009283e-46,4.9030209664059105e-37
2.590733663533377e-07,1.0430360072345277e-05,9.725886046451e-05,0.2195036410260167,7.561951513394163e-09,1.1138943251573902e-19,1.0476345781813608e-15,0.7803884031181276,7.462444805412731e-47,3.237265414871827e-37
2.9074420171122494e-07,1.749051199044581e-05,6.085830372558369e-05,0.38867261584123153,6.844347575246543e-09,1.7767016893529975e-19,1.6710150016503846e-15,0.6112487377545015,1.1902869054125077e-46,5.163555286696166e-37
2.75310995131538e-07,8.112795936234913e-06,0.00012100915864175043,0.1569966314775643,6.8962668037606915e-09,1.1939681082732297e-19,1.1229451915486226e-15,0.8428739643605947,7.99889262938198e-47,3.46998056824345e-37
3.317202473190417e-07,1.003711748678125e-05,9.800579872261353e-05,0.21332047848774024,8.352775260802303e-09,1.4681518937113763e-19,1.3808192137606914e-15,0.7865711385230264,9.835764690906528e-47,4.266829664132857e-37
2.542113507212875e-07,5.480415163841917e-06,0.00019121451960683994,0.1006670742273109,6.449014302257547e-09,1.0942203007408756e-19,1.0291308549366756e-15,0.8991359701775523,7.330640272440209e-47,3.1800876042157546e-37
2.2345343718174943e-07,1.0861544145478627e-05,8.894299617867566e-05,0.24371824613725498,5.9381302010897e-09,9.433597764667145e-20,8.872442386935205e-16,0.7561817199308526,6.319962409840305e-47,2.7416478468056774e-37
1.3704168642240786e-07,1.015717424510906e-05,8.60852900188905e-05,0.22210568993811391,3.5538328427637868e-09,5.583505606657654e-20,5.251372073080581e-16,0.7777979270021024,3.7406243545145795e-47,1.6227113457662028e-37
5.826044321280201e-07,6.098572062355851e-06,0.00021580743076078052,0.11229768712173152,1.0053823793141907e-08,3.0415259014466894e-19,2.860601387916213e-15,0.8874798142171865,2.0376456411679516e-46,8.839462044841892e-37
3.1410599495428084e-07,9.091508959453004e-06,0.00011747792300993423,0.18618545164947486,8.869578717640099e-09,1.3993586825406681e-19,1.316118154239e-15,0.8136876559429809,9.374890144951415e-47,4.066898774575983e-37
3.798418006135272e-07,8.434786235960592e-06,0.00012671507660435742,0.1723629570384064,1.0083376037416905e-08,1.8462533884431462e-19,1.7364294236949945e-15,0.827501503173575,1.2368825028459687e-46,5.365690538600774e-37
4.973922153312646e-07,8.104162751478238e-06,0.0001591279662145058,0.12518931378301626,8.525464048343988e-09,2.4649070213081998e-19,2.3182825592768356e-15,0.8746429481703362,1.6513444930600192e-46,7.163658231072951e-37
4.1542896105150786e-07,7.979438744938554e-06,0.00012999288688312892,0.16035580557165197,9.046271521883026e-09,2.1316212431343754e-19,2.004822233972851e-15,0.8395057976274855,1.428062385603024e-46,6.195043436487214e-37
3.130901960315295e-07,7.732467763829088e-06,0.00012131765228053411,0.15331929493034674,9.267592767042841e-09,1.3939257433461398e-19,1.3110083867355795e-15,0.8465513325918188,9.338492608889519e-47,4.051109246110155e-37
4.682815522783927e-07,6.2514762535953705e-06,0.00018559631792666202,0.11629233509057982,1.1580775136594314e-08,2.230097854008867e-19,2.0974409741021286e-15,0.8835153372529103,1.494035993393124e-46,6.481241973779305e-37
1.2700624893858562e-06,7.666663022851061e-06,0.00016576531455054434,0.1450959528646945,1.7237435668452684e-08,1.1629952867512998e-18,1.0938147363259164e-14,0.8547293278577961,7.791392720418344e-46,3.37996552673992e-36
4.33678561926009e-07,8.83653132928935e-06,0.0001259192505813108,0.1748828108738679,8.913675828631466e-09,2.401640415693854e-19,2.258779383729168e-15,0.8249819907519815,1.6089595430907817e-46,6.97978908868819e-37
1.325825049624529e-06,9.18241891016966e-06,0.00015372756472369932,0.14596285778998663,1.6216213120039368e-08,1.2633968764892137e-18,1.1882439137727639e-14,0.8538728901851048,8.46402503829835e-46,3.671758551194669e-36
5.127677333560045e-07,1.4292764489549102e-05,7.850755944836865e-05,0.29286254857611344,1.3779869885040673e-08,4.364394111260013e-19,4.104779103684366e-15,0.7070441245523413,2.9238904830369923e-46,1.2684059694140712e-36
4.5285276830868556e-07,8.99430573743269e-06,0.00013778559204132945,0.15059425868488654,1.050870448077203e-08,2.1457866452105764e-19,2.0181450014755718e-15,0.8492584980558598,1.4375523819835899e-46,6.236211763853307e-37
8.975636687869772e-07,6.828633134638126e-06,0.00018100978138456622,0.13034974981415226,1.7456371358236035e-08,6.321852601007835e-19,5.945798416668876e-15,0.8694614967512825,4.23527394273706e-46,1.8372941059993836e-36
6.986122238695284e-07,6.532231000970183e-06,0.00018359885903992184,0.12160135929086961,1.5498017569635166e-08,4.523055297387115e-19,4.254002227069724e-15,0.8782077955088438,3.030184259520352e-46,1.3145170195321385e-36
5.243378225735802e-07,6.061372691877048e-06,0.00021810158461809165,0.11078478313854055,8.59890596866871e-09,2.5855620555676465e-19,2.431760471110889e-15,0.8889905209674185,1.7321763559501545e-46,7.514313011077618e-37
3.637138572728587e-07,1.0309764274024827e-05,0.00010060655098528586,0.22410797167339785,1.062144979831789e-08,1.716386994942272e-19,1.6142881108943921e-15,0.7757807376760342,1.1498795644440243e-46,4.988265162835785e-37
3.7664138284038723e-07,6.374744655226556e-06,0.00020509124368898082,0.10317777640402286,6.387785315454726e-09,1.8092986002903798e-19,1.701672865923328e-15,0.896610374578463,1.2121249418587303e-46,5.25829035269597e-37
1.763916749272153e-07,5.189420497019021e-06,0.00019727332291602436,0.08457755611673651,3.7685953289858154e-09,7.315112095489215e-20,6.879974313411011e-16,0.9152198009795797,4.900700095611618e-47,2.1259610411691473e-37
1.0346793561807347e-06,6.955434924608432e-06,0.00018514363127677865,0.1328872829610998,1.535934982452239e-08,6.879038679828349e-19,6.4698404886870895e-15,0.8669195679339863,4.608556243007871e-46,1.9992268119905886e-36
1.1444170350624944e-06,7.117032880295633e-06,0.00018243886612569514,0.13151394183185988,1.6407577436085855e-08,7.6826263337762e-19,7.225626860044599e-15,0.8682953414445145,5.1469132826723566e-46,2.2327701976776106e-36
8.103227477386326e-07,6.926099824059573e-06,0.0001792202525970948,0.13250419786590273,1.3039102972983929e-08,5.176509840263212e-19,4.868586231057112e-15,0.8673088324198207,3.467960837506504e-46,1.5044278345947266e-36
3.3359189283865774e-07,7.76804037509113e-06,0.0001442204959836471,0.1572751637593976,7.87277689222833e-09,1.5908403872009413e-19,1.4962096070592275e-15,0.8425725062395725,1.0657706315213135e-46,4.6233942033414236e-37
3.9635709882608386e-07,1.1369929954621031e-05,9.088922245611705e-05,0.2567844320316258,1.2508316298664183e-08,1.8850394334269534e-19,1.7729082933565428e-15,0.7431128999505466,1.2628668995139255e-46,5.4784128311642946e-37
5.095272744059376e-07,1.1559301171527401e-05,9.595266140543652e-05,0.21199203063232003,1.051552982955842e-08,3.190207743487171e-19,3.000438935147362e-15,0.7878999373622958,2.137253836913114e-46,9.271569987388693e-37
9.258847555961248e-07,7.779583938293882e-06,0.00015004332206072543,0.14289284453184184,1.9975026363528634e-08,8.426894841757724e-19,7.925622456404552e-15,0.8569483867023693,5.6455299409883955e-46,2.449073903143503e-36
1.8299851143788317e-07,8.963157690296173e-06,9.564983520742086e-05,0.1686793099833368,4.68879424360455e-09,7.76812972345774e-20,7.306044287450405e-16,0.8312158893364591,5.204195586004387e-47,2.257619697311628e-37
6.256172422555746e-07,6.6430857233114396e-06,0.00018185375394139848,0.12502212888360067,1.1202323097692021e-08,3.364864707883249e-19,3.1647064606129555e-15,0.874788737457166,2.2542638554803887e-46,9.779168363227402e-37
8.433689867943028e-07,9.397939011670381e-06,0.00012404914971517073,0.19696400084240828,1.4663139207906776e-08,5.413584015590201e-19,5.091558151843448e-15,0.8029016940367337,3.626786760953951e-46,1.573327730321736e-36
1.6317349432911626e-07,1.2208420445140701e-05,7.468615973578224e-05,0.2747731790126419,3.7480958716736e-09,6.855345405654178e-20,6.447556799501938e-16,0.7251397594855864,4.592683125888086e-47,1.9923409328426695e-37
3.618111375291223e-07,2.3558717818907705e-05,4.648068344784617e-05,0.5029387580553608,8.004506440930196e-09,5.70402583476665e-19,5.364723044521344e-15,0.4969908327277231,3.821365905122673e-46,1.657737645610607e-36
3.9190937968641543e-07,1.3231514776393591e-05,9.17799888036195e-05,0.21228698017477526,7.828594343513604e-09,2.3441743922427963e-19,2.204731706554777e-15,0.7876076085836685,1.5704606461575995e-46,6.8127779404622e-37
1.9387009061663968e-07,6.491236170466474e-06,0.00012583834849151039,0.11868931816817381,5.274290064104515e-09,8.135597093703035e-20,7.651652951252195e-16,0.8811781531027827,5.450377374196981e-47,2.3644152327518542e-37
3.48544198798448e-07,5.876488322312324e-06,0.00017508003674051415,0.10994304237174068,1.020143570455597e-08,1.673421313924064e-19,1.5738782095676736e-15,0.8898756423575603,1.121095054470182e-46,4.863395765403507e-37
3.429340517474196e-07,6.021315854585734e-06,0.00016302346095998415,0.11403989605772327,1.0747869117381355e-08,1.689313761625839e-19,1.5888252948362649e-15,0.8857907054835397,1.1317420710784524e-46,4.909583334673727e-37
4.972036164161694e-07,6.682959416282987e-06,0.00017964033606134548,0.12548485114878738,1.100175598379698e-08,2.398616959696194e-19,2.2559357626446843e-15,0.8743283173503604,1.6069340032353007e-46,6.97100214246403e-37
2.2013599997038376e-07,7.3668510512225724e-06,0.0001327840602656308,0.1278812948170697,4.469327872771063e-09,9.399649075648687e-20,8.840513097670299e-16,0.8719783296662847,6.297218760619187e-47,2.731781478483851e-37
2.0253678008996798e-07,1.0449120861508796e-05,9.073147108809365e-05,0.22995703579627672,7.060001789978736e-09,8.502017445639295e-20,7.996276899698381e-16,0.7699415740149909,5.695857720953502e-47,2.47090647755265e-37
9.203668613995741e-07,8.80669703424193e-06,0.0001583071563118287,0.13806415996915056,1.3361439199739573e-08,5.988209699267028e-19,5.63200221543704e-15,0.8617677924491972,4.0117525832395845e-46,1.7403288371827265e-36
6.908426569682301e-07,9.796515742772476e-06,0.0001311375895870715,0.16255621462431177,1.1219294909702601e-08,3.7194100799473293e-19,3.4981617725839956e-15,0.837302149208403,2.4917886556603643e-46,1.080956904403277e-36
4.898772844688312e-07,1.0295264083934212e-05,0.00010323576499232866,0.22557406781751277,1.337680925622567e-08,2.593340050323016e-19,2.4390757905149745e-15,0.7743118978993148,1.7373871605344562e-46,7.536917878388904e-37
1.8848538346726715e-07,3.1197946215691025e-05,4.428214679651334e-05,0.48382770211367354,3.963432790413032e-09,1.2031784223513619e-19,1.13160763281353e-15,0.5160966253444969,8.060596382510033e-47,3.496748126487144e-37
4.4938870681374804e-07,9.694619519517586e-06,0.00010819065893044109,0.20627572259754354,1.3188586248736534e-08,2.342721525199366e-19,2.2033652658555487e-15,0.7936059295467113,1.5694873096500906e-46,6.8085555325316155e-37
3.342209462115816e-07,8.55061550791376e-06,0.0001298839758647313,0.16640863195579242,7.116336840322467e-09,1.5513589571284958e-19,1.4590767283920816e-15,0.8334525921155505,1.0393203672456074e-46,4.508650941599833e-37
1.589815486065279e-07,6.047632089033491e-06,0.00014024124679576692,0.11196822499144561,3.153571358607368e-09,6.925653806787555e-20,6.513682897995083e-16,0.887885323994549,4.639785669726117e-47,2.0127743752459884e-37
5.571716749774652e-07,1.0432976210364738e-05,0.0001088280451148921,0.21990875486401865,1.75548772814556e-08,2.815851313975965e-19,2.6483510399808657e-15,0.7799714093881012,1.8864567792667454e-46,8.183593242446726e-37
2.5783138310593186e-07,8.389667701987974e-06,0.00011820069922377525,0.16543061933412068,8.235925850956383e-09,1.1045522032792563e-19,1.0388481692937029e-15,0.8344425242316436,7.399858016606845e-47,3.2101147890230135e-37
5.092355052359948e-07,9.669396462967426e-06,0.00011032029313362512,0.20471288943892657,1.35173198157649e-08,2.598281636969789e-19,2.443723440615388e-15,0.7951665981186493,1.7406977364814718e-46,7.551279409088343e-37
1.2561020909760908e-06,7.296118698355358e-06,0.00017819071067984107,0.1369669791997642,1.7455481338686363e-08,9.206589347315583e-19,8.658937218478503e-15,0.8628462604132766,6.167879959420158e-46,2.6756733210581635e-36
2.581566659437117e-07,9.08352758464129e-06,0.00010752755739086892,0.18646300258916995,6.01241514828849e-09,1.1303048097897753e-19,1.0630688886781063e-15,0.8134201221567724,7.572385517950745e-47,3.284958533637345e-37
2.506161280135182e-07,6.815543985826138e-06,0.00014426647565731482,0.1262979556621146,5.015185400722105e-09,1.1760716991043406e-19,1.1061133437840937e-15,0.8735507066869276,7.878997085773581e-47,3.417968967911184e-37
7.678670057250809e-07,8.031911264378783e-06,0.00016608919434957182,0.12821787270067075,1.1608191177066381e-08,4.822724766420562e-19,4.535845924140396e-15,0.8716072267185138,3.230945392962449e-46,1.4016087288699635e-36
8.71685833715261e-07,8.864147294617275e-06,0.0001517409101347438,0.1393593377086855,1.4742324664773521e-08,5.761029070466107e-19,5.418335352827279e-15,0.8604791708057213,3.859554761148781e-46,1.674304262325436e-36
2.8113010784560167e-07,7.896713078090353e-06,0.0001091839676470777,0.16104701298704355,1.3628141602779549e-08,1.4087761686662726e-19,1.3249754201772156e-15,0.8388356115739806,9.43798183043251e-47,4.094268428449439e-37
6.695093587157619e-07,8.680912987894967e-06,0.000136545035588446,0.1460541223893381,1.5402361280468723e-08,4.464876415411042e-19,4.199284087233135e-15,0.8537999667503614,2.9912077887928905e-46,1.2976087295588236e-36
3.184378544623835e-07,5.928263616507293e-06,0.00019588038013708961,0.09644166389722189,6.312238184144446e-09,1.421680641245709e-19,1.3371122813382961e-15,0.9033562027089306,9.524434299208307e-47,4.131772168107946e-37
5.237436115545804e-07,8.332930969550647e-06,0.00015670417133972992,0.1252244824159205,9.017057195766796e-09,2.692215346102669e-19,2.532069493145293e-15,0.8746099477210989,1.803627864047744e-46,7.824275097278894e-37
6.272194957840787e-07,7.157230258661125e-06,0.0001485469937985213,0.13420898226792993,2.272504444009141e-08,4.736021684190181e-19,4.454300256732679e-15,0.8656346635634684,3.1728593653230625e-46,1.376410567507633e-36
4.525237871771726e-07,7.990837315045476e-06,0.00015711322633052963,0.12470370398890658,9.555441025450027e-09,2.2546103503953856e-19,2.1204953337962875e-15,0.8751307298682175,1.5104579417951451e-46,6.552481637177703e-37
5.033596378175866e-07,8.885139915683149e-06,0.00014079521354760986,0.13878101694721626,9.184149479048338e-09,2.4775105747993562e-19,2.33013639605061e-15,0.861068790155531,1.6597881416320221e-46,7.2002874219215736e-37
3.9853490267932503e-07,6.897688152571077e-06,0.0001777019530827522,0.11133408342761811,8.402723861716384e-09,2.045140740842496e-19,1.9234859728209524e-15,0.888480909993518,1.3701254735891432e-46,5.943708697808854e-37
8.132796506617031e-07,8.520995489408962e-06,0.00014901551092432656,0.1432669097349838,1.459926251614561e-08,5.272111356625669e-19,4.95850086443887e-15,0.8565747258796843,3.5320082990179236e-46,1.5322121113924408e-36
4.2544893892952236e-07,7.397762951050776e-06,0.000136917173739013,0.13376286561985803,1.3869491210900157e-08,2.237129968575153e-19,2.1040547625108463e-15,0.8660923801250197,1.4987471015868777e-46,6.5016791200752425e-37
0.9945206763659851,1.5172671630788494e-76,1.1524663799280922e-63,1.2790480198392711e-74,0.005479323634014962,3.8609528435401004e-66,5.321796197116419e-67,9.671530784003472e-49,4.288394134366715e-41,4.0592642943212018e-84
1.0145877201631406e-06,8.403891531639809e-06,0.00014354001028804271,0.17177304958920633,2.1554402624085278e-08,9.299008124440027e-19,8.745858416530213e-15,0.8280739703668424,6.229795170561899e-46,2.7025326113993485e-36
5.758183656050036e-07,8.822947022797192e-06,0.00013120161991963812,0.18445313955635403,1.1926385343156564e-08,3.279440719288313e-19,3.0843639177116218e-15,0.8154062481319494,2.1970347462595153e-46,9.530904126994421e-37
7.340450967904053e-07,6.382271621469015e-06,0.00020468610289927107,0.11844889926898518,1.1756855674738074e-08,3.922706461858448e-19,3.689365113423466e-15,0.8813392865545379,2.6279854200108577e-46,1.1400400984966525e-36
2.1694229804224945e-07,1.1866911866816254e-05,8.050492606320899e-05,0.206300645938772,5.7823368611364144e-09,1.0958822263719977e-19,1.0306939240532173e-15,0.793606759498662,7.341774208589727e-47,3.184917590549735e-37
2.7903972557544136e-07,1.179197967547296e-05,0.00010089353271654996,0.1770014549171341,5.7565706787647446e-09,1.3422813381029676e-19,1.2624360398912133e-15,0.8228855747741762,8.992505099184142e-47,3.901017228232255e-37
5.755608237778585e-07,1.0733488612048512e-05,0.00011086251532083061,0.18587059801311417,1.3689699284705464e-08,3.3912539135997145e-19,3.189525914083253e-15,0.8140072167324267,2.271943090096595e-46,9.855862230018802e-37
1.9996035113163128e-07,1.1211001624962858e-05,8.665465954362693e-05,0.24761254127617435,4.283295799587048e-09,8.521101176154045e-20,8.014225474508278e-16,0.7522893888190092,5.708642711632081e-47,2.4764527039211455e-37
2.9566766374428514e-07,9.432572197484405e-06,9.772110783796121e-05,0.2038567732350354,1.3457994326386438e-08,1.4331581108136337e-19,1.347907014871068e-15,0.7960357639592697,9.601326676898506e-47,4.16512866741273e-37
5.10330635758096e-07,1.6433140582154018e-05,6.69641332802787e-05,0.3586864869872998,1.3497108986279962e-08,5.297518390044734e-19,4.9823966680796046e-15,0.641229591911088,3.549029535258636e-46,1.539596053362833e-36
1.2234005791880958e-07,5.115775244742633e-06,0.00016999140010485962,0.08932517259746216,3.076331684752352e-09,5.16213040166469e-20,4.855062267109796e-16,0.9104995948107982,3.4583274490890907e-47,1.500248797299992e-37
4.6891532914792254e-07,7.899224948902172e-06,0.00013543628998630153,0.16055530159099052,1.4034729979556232e-08,2.857128898992968e-19,2.6871731726551635e-15,0.8393008799440125,1.9141103629992947e-46,8.3035565956761e-37
6.363137328849179e-07,6.396515827316353e-06,0.00019554683486001792,0.11546124986963495,1.288380569601385e-08,3.4717678766786937e-19,3.2652504864523528e-15,0.8843361575821358,2.3258827674943155e-46,1.0089856660372684e-36
7.563678523012208e-07,7.005963803790382e-06,0.00018317775504752678,0.1320412057030827,1.259650574037806e-08,4.712284385175297e-19,4.431975139023097e-15,0.8677678416137034,3.1569567541186327e-46,1.3695118936010719e-36
9.685662603997254e-07,6.873930975112612e-06,0.0001904094088717042,0.1299704457113505,1.4500638898024237e-08,6.102167761330945e-19,5.739181590626917e-15,0.8698312878818976,4.0880978638518444e-46,1.7734480016066277e-36
5.805790848154898e-07,6.9790111829579076e-06,0.00014526352663597964,0.13721851588676365,2.6066859190571464e-08,4.405613747562e-19,4.143546581843624e-15,0.8626286349294692,2.9515052444987975e-46,1.2803854633401631e-36
5.564982868929062e-07,7.796341756281418e-06,0.00014476647040561385,0.15738251386613644,1.5713878852723492e-08,3.5063271932900763e-19,3.2977540400076035e-15,0.8424643511095324,2.349035501726402e-46,1.0190294985537768e-36
4.98038868905936e-07,9.518901661217526e-06,0.00011923230637036771,0.20124142097069112,1.225197467400037e-08,2.6057374933217454e-19,2.450735782516264e-15,0.7986293175304313,1.7456927270515184e-46,7.572948058762365e-37
3.844080191564849e-07,7.252472778819918e-06,0.0001396896624187741,0.12996082368984524,1.2931173062285338e-08,2.259917353945632e-19,2.125486616138318e-15,0.8698918368357629,1.5140133258371637e-46,6.567905164045823e-37
5.663986999614484e-07,1.4671505628197107e-05,7.600848981295492e-05,0.3072256847499898,1.1450290794611082e-08,4.899792263793944e-19,4.608329207301296e-15,0.6926830574055737,3.282576138576336e-46,1.4240065397051805e-36
2.347412085931816e-07,9.589506048425092e-06,9.220577912895282e-05,0.20114168455853954,7.335738732943747e-09,1.041969528616515e-19,9.79988205574331e-16,0.7987562780793346,6.980590456931489e-47,3.0282333271286136e-37
4.848807431532774e-07,7.633355352207454e-06,0.0001561426741645554,0.15271358711535354,1.0550755868812751e-08,2.5662428603234255e-19,2.4135904753576255e-15,0.8471221414236283,1.7192336175828175e-46,7.458166425899628e-37
4.634417508594511e-07,1.0497824325643142e-05,0.00010275974156765504,0.22896191415259923,1.099703838511158e-08,2.2189581037148873e-19,2.0869638913656866e-15,0.7709243538427162,1.4865730079160004e-46,6.448866974155511e-37
4.3138492798267905e-07,9.637736219310909e-06,0.0001139259840789238,0.20110761122667314,1.680881458896716e-08,2.0042915741127004e-19,1.8850667458639785e-15,0.798768376859284,1.3427589052182723e-46,5.824990439086878e-37
6.737172333680519e-07,7.194440473411027e-06,0.00016433976767649944,0.1398918832015245,1.4138228953875409e-08,3.947890034510933e-19,3.71305064285103e-15,0.8599358947348598,2.644856950521678e-46,1.1473590969807709e-36
5.591056158387438e-07,8.986156983732708e-06,0.00013137400149075174,0.1823087664318124,1.516237929838196e-08,2.7914172100801633e-19,2.6253703906574728e-15,0.8175502991417155,1.870087349279097e-46,8.112581407931391e-37
0.9923478471691592,3.2374266659705834e-76,2.459043127541736e-63,2.729133185800936e-74,0.007652152830840727,8.238200889003284e-66,1.1355234818662044e-66,2.063636017624739e-48,5.376874599502477e-41,8.661342438856153e-84
2.2095276003581013e-07,7.129649756441105e-06,0.00014623332628442914,0.1410175129467362,5.158054277981699e-09,9.826797742877812e-20,9.242252922856804e-16,0.8588288979664078,6.583383550304269e-47,2.855921944612277e-37
5.039457811013355e-07,1.76728501889188e-05,6.213959655400656e-05,0.3928189320366008,1.2062540666307545e-08,5.764114233659865e-19,5.4212371445996e-15,0.6071007395083291,3.86162164124016e-46,1.6752008906571662e-36
4.0299366440522997e-07,9.756896835000906e-06,0.00012715637860645534,0.15057901318436395,7.944370750378266e-09,1.9604177465255708e-19,1.8438027289117388e-15,0.8492836626021575,1.313365989806577e-46,5.69748173250922e-37
4.1291443309029456e-07,2.464376775844854e-05,4.440000584243107e-05,0.5210489369144828,9.14559972489526e-09,1.700713680027043e-18,1.599546937656832e-14,0.4788815972518674,1.139379354077846e-45,4.942714450229305e-36
7.110556354812642e-07,9.145085822803335e-06,0.00014663848405697423,0.14102033815089568,1.1569342778856396e-08,4.0659969480838936e-19,3.8241319501620515e-15,0.8588231556542424,2.723981720598756e-46,1.1816840251121545e-36
5.184113299091431e-07,6.593993580828106e-06,0.0001838294996793536,0.1138670432648312,1.1594395456539765e-08,2.666980693122213e-19,2.5083359087505627e-15,0.8859420032361807,1.7867221126854596e-46,7.750936659776684e-37
4.470568627196831e-07,8.581988951973933e-06,0.0001367484231696135,0.13559369028428958,1.0033957188739511e-08,2.2279714104406527e-19,2.0954410061919785e-15,0.8642605222127667,1.4926113997492372e-46,6.475061978008676e-37
7.916873214669392e-07,7.985275800846448e-06,0.00013010265251609063,0.16560237343171785,5.8484486350834256e-08,1.1395555597347697e-18,1.0717691942613813e-14,0.8342586884681467,7.634360167920176e-46,3.3118436089948617e-36
5.253630848270799e-07,9.170091513617078e-06,0.00011335452393010259,0.187649440997759,1.635751653293922e-08,2.7302483141894552e-19,2.567840098153039e-15,0.8122274926661933,1.829107742948681e-46,7.93480875332858e-37
7.337348535539369e-07,6.968091926883603e-06,0.0001794989673407215,0.13475846738353323,1.2700731736942496e-08,4.88697113786185e-19,4.596270668237558e-15,0.8650543191216092,3.2739867291104324e-46,1.4202803884339545e-36
3.852437505321093e-07,7.2008668621443575e-06,0.0001677370857437925,0.11183139123727974,7.3850749104716106e-09,1.7829234534524782e-19,1.676866642001692e-15,0.8879932781812871,1.194455125874661e-46,5.18163734464841e-37
5.661587995761261e-07,6.56222183273254e-06,0.0001970167317241638,0.1116799966884502,9.735302686084694e-09,2.8088143631809324e-19,2.6417326476397234e-15,0.8881158484638881,1.881742431081572e-46,8.16314204082115e-37
3.718062058791512e-07,6.988800103531106e-06,0.0001721203017857109,0.11132731346101866,6.3508473525397954e-09,1.839782355967019e-19,1.7303433133650949e-15,0.8884931992800371,1.232547287054259e-46,5.34688404218511e-37
4.894529731996229e-07,6.912250313996903e-06,0.00017767113244744137,0.13158206519741816,8.802030778208173e-09,2.6986844701232988e-19,2.5381538123212462e-15,0.868232853164814,1.807961801285113e-46,7.84307604722841e-37
3.0542697707639543e-07,6.056542902054679e-06,0.00017394543930531934,0.11377468028305913,8.814851170444412e-09,1.371831927926938e-19,1.2902288120862425e-15,0.8860450034929038,9.190476882098001e-47,3.986898896058153e-37
3.029329503882991e-07,1.2304824077175083e-05,8.399378088984624e-05,0.28592254468821277,7.907098507806895e-09,1.3419263936240728e-19,1.2621022172393853e-15,0.71398084586677,8.990127177396924e-47,3.899985667642964e-37
7.805215598323549e-07,7.87319263182088e-06,0.00017207374806607771,0.13155995870741877,1.2588273538862776e-08,4.457561292123562e-19,4.192404189129119e-15,0.8682593012420458,2.9863070811978376e-46,1.2954827652643398e-36
4.243223500809549e-07,8.539116699347013e-06,0.00012293892817076912,0.166151183678956,1.501792965658811e-08,2.2023219932486846e-19,2.071317348391304e-15,0.8337168989358921,1.4754277804627243e-46,6.400518128279692e-37
5.218620559878425e-07,1.4182356816130625e-05,8.678159410234013e-05,0.23944009466600688,1.134466131554941e-08,3.9717692992759844e-19,3.735509453776042e-15,0.7604584081763537,2.6608546705283602e-46,1.1542990298104075e-36
3.9151436330249234e-07,7.224629160626213e-06,0.00014487806275284107,0.13998642407783343,1.414118510068006e-08,1.882780621990861e-19,1.7707838315783242e-15,0.8598610675747029,1.2613536270889787e-46,5.471848140084764e-37
2.469412180838897e-07,8.584466670258156e-06,0.00011737059462612747,0.1504716447909886,6.781390887223464e-09,1.1568562903130444e-19,1.088040957914065e-15,0.8494021464251049,7.750265011033559e-47,3.362124013046218e-37
3.7904897795742717e-07,6.8407967769606005e-06,0.00013346562187559546,0.13407449772329566,1.526598402419339e-08,2.2204529463593346e-19,2.0883697508820724e-15,0.8657848015430876,1.4875744656381893e-46,6.4532113740580015e-37
3.4906080394385716e-07,6.657871799297355e-06,0.00017730520949632672,0.10707541707385618,6.03035382526286e-09,1.6135102022469208e-19,1.5175309086207103e-15,0.8927402647536888,1.0809580904848455e-46,4.689278557496736e-37
3.627424986725696e-07,9.222293951232856e-06,0.00011780659464911386,0.18911291027907703,1.2881116114045084e-08,1.6200618198748082e-19,1.5236928139998735e-15,0.8107596852087063,1.0853472936460894e-46,4.708319255234874e-37
2.9014262039240035e-07,1.1254586559815438e-05,9.520981985581266e-05,0.23756238076929823,7.860770853643124e-09,1.3727546575730757e-19,1.291096668540639e-15,0.7623308568208935,9.196658634619212e-47,3.989580587402215e-37
3.507882086064884e-07,2.311738178860519e-05,4.987391431170966e-05,0.46801379690636813,7.836437716406713e-09,4.279630576291403e-19,4.0250576822350705e-15,0.5319128531728812,2.867103839374702e-46,1.2437714907213452e-36
1.624531233739022e-07,7.075708003328558e-06,0.00012938234787466816,0.13845760057154366,4.321252029533342e-09,6.66351025686579e-20,6.267132896033974e-16,0.8614057745982023,4.464164721831617e-47,1.9365886699482416e-37
6.531040595053936e-07,1.1461399262927632e-05,9.756411499271085e-05,0.2517096199286303,1.811182290084297e-08,3.6115588709031736e-19,3.396726119367819e-15,0.7481806833412283,2.419534611760484e-46,1.049612549637389e-36
8.263958717097113e-07,9.009497913106585e-06,0.0001228918451716305,0.18455087517223878,2.020147390168084e-08,6.166526958178935e-19,5.799712339484977e-15,0.8153163768873251,4.1312147864701275e-46,1.7921524511573477e-36
2.934789051073647e-07,1.0002236096510335e-05,9.639260700329429e-05,0.21764572330547122,1.25818095764213e-08,1.3524272336242374e-19,1.2719784033058462e-15,0.7822475757907131,9.060476704407e-47,3.9305038284710505e-37
4.5748167166773075e-07,7.510965107322313e-06,0.00016544863961800524,0.12024599530353941,7.619475543955446e-09,2.2217719709272216e-19,2.089610349765487e-15,0.8795805799905858,1.4884581354627902e-46,6.4570448010861934e-37
4.6632590308266346e-07,6.575418872470323e-06,0.00015657105567205655,0.12702849122783313,1.6381798127910458e-08,2.599487535901194e-19,2.4448575552067704e-15,0.8728078795899187,1.7415056187032323e-46,7.55478406372096e-37
3.79651053422708e-07,8.381765607551599e-06,0.0001250844442251879,0.17076992567353846,1.0772743796598065e-08,2.0213013313796002e-19,1.9010646567606363e-15,0.8290962176928297,1.3541544543197157e-46,5.874425199345095e-37
2.7966945733695146e-07,8.341306534799189e-06,0.00012493021659660977,0.16737538192548249,8.247224360975753e-09,1.2109999148473735e-19,1.1389638644964062e-15,0.8324910586347034,8.112995837941304e-47,3.51947940949814e-37
5.902835708961275e-07,1.629294222359454e-05,6.94985196099682e-05,0.3513222559338275,1.4467098861659166e-08,6.981940853395274e-19,6.566621611795734e-15,0.6485913478536626,4.677494720678664e-46,2.0291328488641478e-36
2.6424985495425917e-07,6.802207693901659e-06,0.0001330158718186754,0.1331778019073394,7.856146393775262e-09,1.262854009905238e-19,1.1877334171493626e-15,0.8666821079071454,8.460388147575993e-47,3.6701808402889065e-37
2.1695180844751987e-07,9.079027805826747e-06,0.00011636908636423899,0.1618958314537296,5.052449296755916e-09,9.695692772255031e-20,9.11894673790061e-16,0.8379784984278418,6.495550837191742e-47,2.817819444444061e-37
4.966504042549826e-07,2.0802387434475857e-05,5.6086155165135106e-05,0.4298748193822834,1.0499680677106432e-08,9.898283630366293e-19,9.309486133792813e-15,0.5700477849250227,6.6312749416033e-46,2.876697595054608e-36
3.086896892307404e-07,9.938809014160782e-06,0.00010082702125829255,0.21160470738440806,6.796049333845084e-09,1.334433554494913e-19,1.2550550825664195e-15,0.7882842112995798,8.93992950857513e-47,3.878209536439137e-37
2.2481803920065396e-07,6.813797606759014e-06,0.00013672230850897603,0.13002363879370893,5.951516845674139e-09,9.848246592441262e-20,9.26242588463714e-16,0.8698325943306183,6.597753033332313e-47,2.862155535834625e-37
3.1769726238502805e-07,1.881976106606497e-05,5.568908097015404e-05,0.433334040232449,7.170645066731927e-09,2.2373245230011273e-19,2.104237795481628e-15,0.5665911260576052,1.4988774417480548e-46,6.50224454562538e-37
3.17025199432055e-07,1.6191629012602863e-05,7.224708015692786e-05,0.30219191728752337,6.665143547516485e-09,2.002431897738741e-19,1.883317689046784e-15,0.6977193203129622,1.341513030095148e-46,5.819585737876339e-37
1.5248414695326901e-07,1.647589555840256e-05,5.931400823737049e-05,0.36317760749259903,3.497491357048016e-09,7.103168054948904e-20,6.680637780560382e-16,0.6367464466219661,4.758709902407824e-47,2.064364613497588e-37
5.205952671416822e-07,8.434589577761728e-06,0.00014157416552425077,0.1668403843499094,1.2530501669275756e-08,2.6084892790259793e-19,2.453323893185065e-15,0.8330090737692173,1.747536263594193e-46,7.580945460748273e-37
4.936915676800455e-07,1.0926655696100931e-05,0.00010155340396966876,0.2390918455469806,1.0552546967072822e-08,2.3099569841603423e-19,2.1725497290706546e-15,0.7607951701492368,1.5475369707749424e-46,6.713333290038524e-37
3.6575098378037423e-07,1.0711942160142636e-05,9.831876909712768e-05,0.2278361502981456,1.2517580490527752e-08,1.6812542031025687e-19,1.5812451797190558e-15,0.7720544407220312,1.1263426351283182e-46,4.88616017012515e-37
1.023418794962296e-06,8.576775524154136e-06,0.0001525279197399903,0.1422080908560212,1.414517644538908e-08,8.216814006186642e-19,7.728038409720613e-15,0.8576297668847355,5.5047879868598505e-46,2.3880189710934404e-36
1.3282717978027957e-07,9.204121636400642e-06,8.232253705637106e-05,0.19335619847943575,4.209837242587839e-09,5.678435726445518e-20,5.340655284840073e-16,0.806552137824854,3.804222019328019e-47,1.6503004973292165e-37
7.181071777878502e-07,6.99872363070031e-06,0.00018098612088172247,0.1253145436312381,1.1555075597331308e-08,4.2836287107784727e-19,4.028817946672829e-15,0.8744967418619921,2.8697823571881584e-46,1.2449334521571378e-36
6.957567551799627e-07,9.897151372614882e-06,0.00010838181968905101,0.207975267545912,2.2911484141560862e-08,4.639178747290171e-19,4.36321820899822e-15,0.7919057348147827,3.1079802241771923e-46,1.3482655017477132e-36
6.957567551799627e-07,9.897151372614882e-06,0.00010838181968905101,0.207975267545912,2.2911484141560862e-08,4.639178747290171e-19,4.36321820899822e-15,0.7919057348147827,3.1079802241771923e-46,1.3482655017477132e-36
1.0008730431268596e-07,5.283860386548476e-06,0.00013514352853620553,0.09935424242790927,2.3846186488302346e-09,3.994719336681421e-20,3.757094383703244e-16,0.9005052277112446,2.6762298621896834e-47,1.160968905100624e-37
2.6655382086813275e-07,2.1693336939172913e-05,4.9744239458941876e-05,0.4725024652588488,6.3888565633605765e-09,1.9734717706340273e-19,1.8560802597422728e-15,0.5274258242220737,1.3221114275197694e-46,5.735420107646412e-37
2.640197877878748e-07,7.004174780194927e-06,0.00014037375729561704,0.13648747092190003,6.153515313816302e-09,1.168109494507119e-19,1.0986247703430518e-15,0.86336488097272,7.825654941016682e-47,3.394828739088139e-37
5.30624756523202e-07,9.778173024336214e-06,0.00011845355748660283,0.20634642696930658,1.2503964481471546e-08,2.755981995968642e-19,2.5920430337915022e-15,0.7935247981714587,1.846347814612032e-46,8.00959749776954e-37
2.76869016552147e-07,9.183716717358385e-06,0.00011080800530676237,0.19695694348248902,6.732620337897372e-09,1.2654888456748904e-19,1.1902115298726214e-15,0.8029227811938486,8.478040016390828e-47,3.6778383554749045e-37
7.078262399636687e-07,8.738632310077058e-06,0.0001365361234172112,0.17768274279276544,1.56367776701346e-08,4.371903150973781e-19,4.111841435820919e-15,0.8221712589884854,2.9289211033694626e-46,1.2705882908438854e-36
4.769497294779807e-07,1.4848725463983184e-05,8.084131079348823e-05,0.27341493236263337,9.270367865452455e-09,4.1682826977817516e-19,3.920333303505048e-15,0.7264888913810078,2.792507230089337e-46,1.2114109132426267e-36
7.325409514634745e-07,1.1715484369252893e-05,9.715517559045529e-05,0.24523930211894449,1.5442694828274095e-08,7.690643732001706e-19,7.233167413979171e-15,0.7546510792374422,5.152284473673556e-46,2.2351002612584146e-36
3.060017179862164e-07,1.3654686521065059e-05,7.749329964052768e-05,0.31011866719683584,8.839981140339078e-09,1.4819773298658825e-19,1.3938222552316962e-15,0.6897898699753021,9.928387080555807e-47,4.307009962476492e-37
2.5698027416031756e-07,6.166504012873595e-06,0.00017328120340841905,0.11843698743691423,7.117123660813774e-09,1.1926077625948297e-19,1.1216657548748128e-15,0.8813833007582655,7.989779103699525e-47,3.4660270513641082e-37
2.5746708286886077e-07,5.83403604935905e-06,0.00016715334431046533,0.10862908620885807,5.469562941672236e-09,1.106597343893712e-19,1.0407716509589626e-15,0.8911976634741354,7.413559270496223e-47,3.2160584973535993e-37
7.235002271631688e-07,1.083242375509051e-05,0.0001069935776978384,0.23209301047042416,2.321070759804317e-08,3.9667281011690423e-19,3.7307681825560545e-15,0.7677884168171845,2.6574773606892307e-46,1.1528339270696019e-36
6.510788636701344e-07,7.890812662179443e-06,0.00016702002267221449,0.13726761619249533,1.1876656637784597e-08,3.496700143835778e-19,3.2886996903317555e-15,0.8625568100166465,2.3425859379234318e-46,1.016231628635165e-36
0.9971583971016967,4.255456325674323e-77,3.232305071863684e-64,3.5873266879521764e-75,0.0028416028983032776,1.0828756201269705e-66,1.4925961519534786e-67,2.712559650353593e-49,1.2027594342083005e-41,1.1384957335925272e-84
5.846184272665214e-07,1.2128700477332136e-05,9.514074004203795e-05,0.2473012692899107,1.280345037450057e-08,3.256289155639357e-19,3.062589542922535e-15,0.7525908638476891,2.1815245437213307e-46,9.463619686621604e-37
3.8346425344526e-07,1.0743380726785117e-05,0.00010454602828623967,0.19793019015500274,6.7631053849253675e-09,1.7933675455114993e-19,1.6866894902600723e-15,0.8019541302086238,1.2014520607515948e-46,5.211990581258989e-37
3.6044789298219273e-07,1.1154824179251446e-05,9.163140428827354e-05,0.24901962668373678,1.1259368906165017e-08,1.6371815498118848e-19,1.5397941790855567e-15,0.7508772153805323,1.0968165180468478e-46,4.75807362455503e-37
9.572144150594613e-07,9.583441235776931e-06,0.0001397394489083546,0.15383860492455312,1.5562156827009142e-08,6.609016522965619e-19,6.2158804317857194e-15,0.8460110994087247,4.4276570862122445e-46,1.920751379455504e-36
9.609834871412784e-07,9.904531074660484e-06,0.00011442847563546506,0.20971199171908278,3.209888061777105e-08,6.501644989687933e-19,6.114896027488486e-15,0.7901626821918332,4.3557243972061866e-46,1.889546430891042e-36
2.4237621750677284e-07,9.217631341668208e-06,0.00010074459039391793,0.1931545128262425,7.516095393579401e-09,1.0826539803899943e-19,1.0182525528777617e-15,0.806735275059708,7.253152646127226e-47,3.146472881523054e-37
2.5386705414683776e-07,8.82185359794523e-06,0.00010330250534441594,0.18288421351134546,6.529470174244101e-09,1.10401843448504e-19,1.038346149145628e-15,0.8170034017331869,7.396282075805643e-47,3.2085635186574413e-37
