i = 0,i = 1,i = 2,i = 3,i = 4,i = 5,i = 6,i = 7,i = 8,i = 9
0.00022730830579800154,9.040837562979683e-10,0.9255920034492812,0.06974508058027898,1.0808163329138715e-12,1.3253773118356894e-08,5.267844996217951e-08,2.3411807197818476e-21,3.255950584392172e-13,0.0044355408269285326
0.00031135676696720935,1.2708026928507874e-09,0.9228280522454962,0.0725155371003431,1.439264894002031e-12,1.52789443574011e-08,7.014059655677726e-08,3.1172244490652844e-21,4.3616181417419384e-13,0.00434496719497444
0.00028900892678984273,1.3822278682405384e-09,0.9282862958291298,0.06725656427155895,1.5653534459806033e-12,1.614828704790112e-08,7.631778244030238e-08,3.39175978381416e-21,4.849796185739158e-13,0.004168037122173883
0.0003657233912625582,1.3453071202426573e-09,0.7775291016791105,0.2065979037336164,1.54823819543609e-12,1.746598814080604e-08,7.54503810963987e-08,3.353213060220393e-21,4.653647441286094e-13,0.015507176932320432
0.0005418497907734971,1.7206847812957717e-09,0.9539459762616509,0.042434709924463604,2.7418424997147784e-12,2.299200195762369e-08,1.3363279469582275e-07,5.939221970938312e-21,7.412994174555798e-13,0.0030773056741472088
1.7173435294204138e-102,0.007069055167933647,2.038331302555905e-42,2.495965689961577e-28,0.9929278461763614,2.901225908623224e-87,1.9384953960676767e-133,4.8795652539062975e-118,3.0986557049504547e-06,3.000151156469096e-76
0.0007600168689326233,2.876581215726545e-09,0.9660407560403913,0.031040716787441348,5.473781545331706e-12,2.9685458344861247e-08,2.671161729864283e-07,1.1872109930638047e-20,1.4430714993407529e-12,0.002158210618105471
0.0015225200483340298,1.980301258037136e-09,0.809610766126186,0.17091958178827038,3.3449868543311686e-12,6.244961006313104e-08,1.6304722528864248e-07,7.246275430581263e-21,9.579203897843873e-13,0.017946904555770034
0.00047920088708863594,1.9944324174215053e-09,0.8778244359774281,0.11111723149337789,3.0240518174980717e-12,2.8400423426558224e-08,1.4732683863837948e-07,6.547808065294595e-21,8.309587136930793e-13,0.010578953916555741
0.0013877525022826201,2.5256374466078866e-09,0.6981072853331759,0.2706686372406512,4.22744524337834e-12,5.976318795529282e-08,2.0610192633172843e-07,9.159811041584324e-21,1.165553857260958e-12,0.02983605652774554
0.00016849893752789226,3.3267502497741063e-10,0.38447984484401354,0.5733518572166458,3.7673181222791436e-13,7.815505771680878e-09,1.8350316359975854e-08,8.155251820224425e-22,1.1533301354230366e-13,0.0419997725028236
0.00044731379926644786,8.132802569302658e-10,0.5077916884105304,0.4243785589021239,1.079696024891126e-12,2.6833182994095236e-08,5.25972656888873e-08,2.337548411083935e-21,3.2231894618406143e-13,0.06738235864294834
0.0003645349713784612,9.442265684173419e-10,0.8249965310874442,0.16200992523447957,1.1317561930963737e-12,1.619144743936672e-08,5.512259547022633e-08,2.449791606286438e-21,3.3311166142733217e-13,0.012628936446963477
0.0003831489376952913,1.555750014486047e-09,0.946999774128312,0.04912213532142847,2.008701908585612e-12,1.7325414946571823e-08,9.789325958214083e-08,4.350699892489517e-21,5.825945648952015e-13,0.0034948248355482874
0.0002569344255696726,1.0921262618499093e-09,0.9221641498120838,0.07231776458288411,1.4472860524087408e-12,1.593033739530868e-08,7.053917549903409e-08,3.1349924376721472e-21,4.202539957498507e-13,0.005261063615955525
0.00017768135638969495,4.977574458535543e-10,0.5559754953995735,0.4198975324384868,5.462192314940183e-13,8.19655888662473e-09,2.6609885590609778e-08,1.1826079429243028e-21,1.6582384428377486e-13,0.02394925550063607
0.004382595876944714,1.6780754587926092e-09,0.8390137610055688,0.13990469561313018,3.360005311918161e-12,4.326904814589628e-07,1.637734953894722e-07,7.278499605767539e-21,1.0424300707116563e-12,0.016698349357901602
0.00019240310704423476,5.156516109733664e-10,0.8567643886086916,0.13463180197801614,5.77988019570265e-13,1.0931678432054134e-08,2.8163979267461893e-08,1.2516721938636102e-21,1.798032327466937e-13,0.008411366694180787
0.0002344701373892386,7.576187809895012e-10,0.48860728543523907,0.4446005770544679,8.910955632691808e-13,1.3229901975201043e-08,4.3403178128304844e-08,1.9289488677544456e-21,2.6165261435634753e-13,0.06655760998105212
0.00013270609749007467,5.068000727579394e-10,0.9481492817955278,0.0484873264702137,5.613143980814008e-13,8.888456206905732e-09,2.734955959105187e-08,1.2154820435308104e-21,1.7267887110414896e-13,0.003230648891218706
0.00010099673398018579,2.815773570552124e-10,0.3240770330392313,0.6439865261774403,3.0390653178250886e-13,4.584699151292873e-09,1.480301740973446e-08,6.578798593307861e-22,9.243452339266607e-14,0.03183542437965802
8.226917446805417e-05,2.307537242465591e-10,0.47486938210855534,0.5108323223896866,2.3574737947915644e-13,3.3131521583258543e-09,1.1481428989052701e-08,5.10259264026951e-22,7.273615693488495e-14,0.014216011301646745
0.00038593346439973344,2.1985955723245187e-09,0.9422611892671916,0.05368476693992748,3.1447836014506025e-12,2.5988319003710616e-08,1.533797591233148e-07,6.816734493811552e-21,9.358192363792566e-13,0.0036679287577269224
0.000345348435960224,1.0534353928158566e-09,0.7738829679575431,0.21373636298665202,1.1640272078786567e-12,1.3141217068258873e-08,5.672311835026646e-08,2.5209123931396587e-21,3.5101391131323833e-13,0.012035249700558907
0.0005489786676584772,1.7595837487719679e-09,0.8031975442380084,0.18369140742938667,2.1614244937404946e-12,1.8813156245515055e-08,1.0535394741364338e-07,4.6822203114297416e-21,6.200546031222796e-13,0.012561943735477494
0.00037803341727102004,1.4118169454926393e-09,0.9645256267842085,0.03285721962975287,1.9056952639889925e-12,1.458554790305464e-08,9.288299348244886e-08,4.1280619316479636e-21,5.418166149579955e-13,0.002239011285961763
0.0006802180117118553,1.8650063362541963e-09,0.837679100488216,0.1497918064472091,2.5509541558167592e-12,2.6190750589048886e-08,1.243639523353214e-07,5.527078522396667e-21,7.25053874665606e-13,0.01184872262987769
0.00025038175647148006,9.51145962407249e-10,0.7759079820848864,0.20583034570466782,1.0924747247798613e-12,1.3742457453532142e-08,5.3220197067707284e-08,2.3652525763213968e-21,3.268397244264561e-13,0.01801122253875457
0.00031915726185141786,1.6877592964768694e-09,0.9262017294948429,0.06831502212888722,2.1267370384772442e-12,2.3501678782234048e-08,1.0366034869831316e-07,4.606991658112783e-21,6.240672354596263e-13,0.005163962261880871
0.0016067959362962294,8.96290156061696e-09,0.9150732167001144,0.07740500784465909,2.9708749647125057e-11,1.611180841814667e-07,1.4545506563392115e-06,6.464893893636211e-20,7.677065110633948e-12,0.005913354849902411
0.0010461201297141233,1.680867782750163e-09,0.8947503653581714,0.09764772097461774,2.627924786452472e-12,3.918978943887878e-08,1.2817469763889089e-07,5.696425053181959e-21,7.980397042017621e-13,0.006555624488715741
0.001634811188427083,6.08755026931824e-09,0.9595657279164317,0.03620426385912357,2.229404183665974e-11,6.470574262598285e-08,1.0913385388927694e-06,4.8510021608469444e-20,4.881611462121728e-12,0.0025940348770102607
0.010922822689438793,4.1758182346377824e-09,0.8603335126575984,0.11574045321707065,1.3492352067319321e-11,1.2688050751728675e-06,6.582567239428822e-07,2.925536719910818e-20,4.006823344984043e-12,0.013001280180775612
0.00041261741671537537,1.3765642928840425e-09,0.9324103529238903,0.06290985125415846,1.7769979484049581e-12,1.8246317281762524e-08,8.657714784523125e-08,3.847767930532496e-21,5.111401246115498e-13,0.004267072202918087
0.0008249449565022156,5.102389416500624e-09,0.9110753026058406,0.0814472522493776,1.1591033170508868e-11,7.471170705292956e-08,5.66017260123478e-07,2.51569318864363e-20,2.8815994425616024e-12,0.00665185434245032
0.000640361472657386,3.452798680477331e-09,0.9230899509112669,0.0702345211061453,7.072646101452041e-12,5.112800564014089e-08,3.4504680605203915e-07,1.5335718690219286e-20,1.7283677620090236e-12,0.006034766873519019
0.00035515618857376877,1.758760206764986e-09,0.9487049484692683,0.0478215822895197,2.285348102367665e-12,2.1527230271183208e-08,1.1145610284370386e-07,4.9534308956827654e-21,7.00820370698782e-13,0.003118178307558734
0.0004896039689079557,1.113980595612384e-09,0.6314916894077203,0.3397950378039446,1.3880989288728664e-12,1.965470573461507e-08,6.763522917034165e-08,3.0058776932460615e-21,4.067519785234826e-13,0.028223580413716826
0.00021624886804692378,8.781500777104121e-10,0.9712126716606538,0.026853786520827504,1.14277446017655e-12,9.740892791008982e-09,5.5694213524659064e-08,2.4752400345060148e-21,3.3877576775684823e-13,0.00171722663573372
0.00010538806056821683,4.2557805398356e-10,0.9631180654332788,0.034649150692913806,4.382665293957961e-13,4.7015830610628235e-09,2.1348567251065617e-08,9.487832985663236e-22,1.3389665746908545e-13,0.002127369336938615
0.0008525699879181252,6.210902972729026e-09,0.9127064534902684,0.08063941507072393,1.2161715519850216e-11,6.576143801496873e-08,5.942600631901642e-07,2.6411589795025294e-20,3.489016331310369e-12,0.00580089520303486
0.0008794102483816038,7.064463188511189e-09,0.9259208015674038,0.06807066629296588,1.4179257194952658e-11,7.421387743161102e-08,6.928914084962035e-07,3.0795461396687524e-20,3.844222833432466e-12,0.0051283477034761585
0.0008568022751861122,4.967747130101094e-09,0.9050274780007928,0.08770748359780109,9.034278679701173e-12,4.435739712699107e-08,4.411232744835016e-07,1.9605405397408442e-20,2.4660208869230235e-12,0.006407745666301023
0.00035312730743313614,1.0895625472947524e-09,0.8527118511815295,0.1398153283916348,1.3675745639282941e-12,1.4056936265148463e-08,6.664636647389863e-08,2.9619494802739927e-21,4.183602564231004e-13,0.007119611324751192
0.00025395973587184046,5.476486236557193e-10,0.30752925202058784,0.5037142795200527,7.372680936415921e-13,1.6610791544414408e-08,3.591363301634394e-08,1.596099364038857e-21,2.116960072849757e-13,0.18850245565046544
0.0018827845560606914,2.337786450060943e-09,0.8774176531391437,0.10815851694350259,4.97299574995833e-12,1.9697028391282392e-07,2.423515093421569e-07,1.0770956402895772e-20,1.3830583244227584e-12,0.012540603695357281
0.0015050982968465203,5.329950837878122e-09,0.9209575184892508,0.07089402926118922,1.9204283433084626e-11,1.7668194366579542e-07,9.381298341649603e-07,4.1697499917637785e-20,4.063828609359026e-12,0.0066422337877166445
0.00015491247302554687,4.805837935830022e-10,0.7323004590355109,0.24471043796838607,5.390116877573018e-13,7.748315651776415e-09,2.624708068474358e-08,1.1664880167611515e-21,1.5851835341567745e-13,0.02283415604639983
0.0005871374631241675,3.280174551405372e-09,0.9126485275307467,0.08081796033580654,4.655544603914627e-12,3.047924057375471e-08,2.271057710685967e-07,1.009335632806708e-20,1.3191622357347585e-12,0.0059461137991616685
0.0013234202325107735,4.471562907789307e-09,0.7388825945136143,0.2406812415654835,8.864640243338453e-12,7.139965481402233e-08,4.3252362154269387e-07,1.9223072340034443e-20,2.4639084306382134e-12,0.019112235282223652
0.00012617636395021473,2.2889113769353935e-10,0.5129277553659575,0.46389122034804486,2.5279583207746693e-13,6.065687306472674e-09,1.2313195807046927e-08,5.472213830967162e-22,7.910693790641463e-14,0.023054829313941247
0.5982202313913932,2.960943093880476e-09,0.35244259503348857,0.04401840891559058,2.5151803151592708e-11,5.20005649234189e-06,1.2289991833054095e-06,5.462394215114876e-20,7.6021132291897e-12,0.005312332610154904
0.002127575932036467,1.7332957325869025e-09,0.9298821502588797,0.06245347410578538,3.309720828861387e-12,8.803317130027248e-08,1.6130609040619514e-07,7.168922947079986e-21,9.791600141506705e-13,0.005536548626452119
0.00014348285423681576,5.467484779774723e-10,0.8715972987668575,0.11926739629290115,5.826677888341765e-13,7.340567674320252e-09,2.8377394228486664e-08,1.2611641625406693e-21,1.759256396765055e-13,0.008991785820535544
0.000256251677854448,1.163460249767449e-09,0.9161004744594166,0.07699999782661347,1.5229296299406858e-12,1.8023396091556978e-08,7.420567618683996e-08,3.297952118065031e-21,4.308996575373034e-13,0.006643182641629313
0.0002791412635218434,1.1976009384207293e-09,0.8998174460409877,0.09123569571370534,1.6397677248893875e-12,1.9391467596435703e-08,7.989508588936889e-08,3.5508239783645596e-21,4.532262686664222e-13,0.008667616495537826
0.0003422659520301169,1.6102265731100355e-09,0.9242931518924211,0.07059779462434036,2.030366685830204e-12,2.2803175819888855e-08,9.900561519133754e-08,4.400110690956069e-21,6.12982773142866e-13,0.004766664109547571
0.00021683505637257712,7.57060214284179e-10,0.9048798704094334,0.08936732275275029,8.070594608295553e-13,8.124297012705134e-09,3.931428962461331e-08,1.7472220069446767e-21,2.4275815552808076e-13,0.0055359235847471985
0.00011645134724949276,3.2992008376979306e-10,0.4481250006878015,0.5240229408842069,3.5376961220153385e-13,5.3645432693448805e-09,1.72294695303219e-08,7.657184143699625e-22,1.0668169618029607e-13,0.027735584156348775
0.0008659904470747143,3.268576210574664e-09,0.9643271005171096,0.032529508852698674,6.695768010043595e-12,3.5304099447193226e-08,3.2682408978429435e-07,1.4525989577755428e-20,1.7286444017357564e-12,0.0022770347779271127
0.0008382338489835311,2.8349627826047705e-09,0.9225846467913181,0.07127510362736168,4.393957251326024e-12,3.3726087022041457e-08,2.142014311173286e-07,9.51995264096358e-21,1.200858785914295e-12,0.005301764964260827
0.000622808294565507,1.4288770466643071e-09,0.5585395540139981,0.38204369286827095,2.2585801573942434e-12,3.9716239513884364e-08,1.1005292018431984e-07,4.891114543028944e-21,6.112150817662246e-13,0.05879379362225892
0.006784623165372454,1.7304376970268415e-09,0.9019648791166758,0.08230213373748448,3.725945771211247e-12,3.853283099577196e-07,1.815582924347423e-07,8.068882381968263e-21,1.1798957260460123e-12,0.008947795358521306
0.0008186423301157459,1.8672761788404294e-09,0.7163276527880547,0.2583731930923379,2.6681839645547287e-12,3.1507031084224144e-08,1.3004125240937034e-07,5.779413286741375e-21,7.463448363392109e-13,0.02448034837051755
0.0003243907120549702,7.11533072747557e-10,0.8899718746022037,0.10431105294790256,8.690490976757872e-13,1.4565644112306233e-08,4.2363643845784073e-08,1.8827405745596733e-21,2.744459806179532e-13,0.005392624095874107
9.891147864921509e-05,2.1630889575312555e-10,0.9573523066892254,0.040373185785589606,2.4989164106894315e-13,5.253386558482201e-09,1.2175430188012492e-08,5.411009679208858e-22,8.013002691764583e-14,0.0021755784010801683
0.0007450383384622626,2.154811143331519e-09,0.6659008662442373,0.3082401859660486,2.896388111439755e-12,3.168535852761073e-08,1.4118551552393913e-07,6.274707970818205e-21,8.304753725982762e-13,0.025113734421839742
0.0001981605172998718,6.434922135132988e-10,0.8042028420872255,0.18464051447231639,6.914335806974243e-13,9.59671661563752e-09,3.3686202126320366e-08,1.49709832796357e-21,2.1095330954238345e-13,0.010958438995845048
0.0006918124561483566,2.2441640853639662e-09,0.6661368505496863,0.3035546497304972,3.0355213383882364e-12,2.8127345218201913e-08,1.4795233626074144e-07,6.5754509818146526e-21,8.519330556442869e-13,0.02961650893593501
0.0010765154747450717,8.897931799025463e-09,0.9167436990371944,0.07641339579216468,2.014306223410321e-11,9.558616392775087e-08,9.850362673848097e-07,4.378003268474016e-20,5.282217115991942e-12,0.005765300150107512
0.0003092052984931949,9.721765285301655e-10,0.7229076415120447,0.2599666802347292,1.061042156599874e-12,1.1072299905560306e-08,5.16903849242469e-08,2.2972411260425515e-21,3.1555771056485146e-13,0.016816409218495
0.0003338606997883767,7.83424342193571e-10,0.9307178428562427,0.06473087574089212,9.6677870288921e-13,1.3102585311852724e-08,4.711617601312943e-08,2.093950550478941e-21,2.932531056590902e-13,0.004217359699631187
0.0006321844743001892,2.5053497916956904e-09,0.9644440693502467,0.032574255537652363,4.968661028588615e-12,2.9662202830807028e-08,2.4240845252986856e-07,1.0774002835840019e-20,1.2878113915602951e-12,0.0023492160555388395
0.0008417643718179663,3.051651806805582e-09,0.9607607844875434,0.03572617830972336,6.597390878786421e-12,3.9263194149925415e-08,3.218902933426909e-07,1.4306836060167993e-20,1.6170284628678473e-12,0.0026709086175616356
0.0003101081549075653,9.570147937454281e-10,0.7174479137705998,0.236085997455904,1.3772472673799377e-12,1.8105493664637267e-08,6.707144056651222e-08,2.9809049903864994e-21,3.6399908263982634e-13,0.04615589448289837
0.0009030382121304774,2.6309390231442705e-09,0.931466541478802,0.06194034179051223,5.986611903218763e-12,5.004179417826114e-08,2.9184898359695364e-07,1.2971546601249181e-20,1.364504349939421e-12,0.005689733989487222
0.0001609142867738814,7.260182267113135e-10,0.9679013950427434,0.029847464103632825,8.52679176868839e-13,8.717618338447186e-09,4.154306120046297e-08,1.84630222944744e-21,2.5273748133980807e-13,0.002090175579046899
0.00035853800127775323,1.0152362148769861e-09,0.9764413546830408,0.021691225758227073,1.51775907609465e-12,1.6498080988399737e-08,7.397995818296797e-08,3.287953689792064e-21,4.31889928442165e-13,0.0015087900622292787
0.0008883198271233825,3.5265854045998444e-09,0.8902109491734561,0.09769828126034057,9.420208208243358e-12,5.878067051766084e-08,4.5931399272272735e-07,2.0415206215499502e-20,1.899270776788137e-12,0.011201928106511903
0.0003233783427920587,1.1396822197282694e-09,0.9644217310974186,0.03291734786601513,1.6098208761674532e-12,1.5102458363551503e-08,7.844027003635939e-08,3.4861900628682825e-21,4.4687123985074673e-13,0.002337448009306954
0.00043240841711866135,1.5254119345933816e-09,0.9516651656916851,0.044709094209987005,2.0700634933505743e-12,1.74039252871391e-08,1.00873626377714e-07,4.48319187197882e-21,5.848542539027075e-13,0.003193211875590471
0.0002873863950262902,1.0500797522891182e-09,0.9652055239342983,0.03219654430081967,1.5496072543326138e-12,1.3987903371878552e-08,7.551076088664206e-08,3.3560023362648343e-21,4.2463305528140955e-13,0.002310454819137712
0.000993348357779103,4.014353385937134e-09,0.9375987129025848,0.057040622212150366,7.901738063340113e-12,3.8938394970086646e-08,3.855220839615372e-07,1.7134707937190125e-20,1.9676015227323186e-12,0.00436688804278423
0.0004085812211154516,1.602290213204946e-09,0.8973261107067607,0.09300392290924156,2.4595014190209146e-12,2.4779849574133224e-08,1.1980678455470345e-07,5.3247186799034855e-21,6.547976357632572e-13,0.009261238970843749
6.48123217808357e-101,0.9954117373835984,7.692635865451378e-41,9.419742100540059e-27,0.0006074246101477654,1.0949188902935795e-85,7.315856450864466e-132,1.8415415900713432e-116,0.003980838006253979,1.1322531503632544e-74
0.0017669344905932556,6.579719851014218e-09,0.8305492903024743,0.15640234474435238,2.174302110751475e-11,8.392803376301232e-08,1.0627851240967168e-06,4.723763721246758e-20,5.589231075330246e-12,0.01128027714237004
0.0009122083423790568,2.7215429573844144e-09,0.7873332275817021,0.19953448028689633,4.329579045185214e-12,3.186350622685036e-08,2.111492636451796e-07,9.384196348413615e-21,1.2663297216570874e-12,0.012219838049114078
0.00047750233335153505,3.1666875051057827e-09,0.9349281103706363,0.06035827885271299,4.611414357799685e-12,3.590687422729886e-08,2.2500547925901734e-07,1.0000034842600504e-20,1.379822561057685e-12,0.0042358443582669126
0.0005819487091635607,6.784680200144423e-10,0.9262483327757886,0.06664728146002183,1.0162454136167276e-12,4.058013315409319e-08,4.950190157981144e-08,2.199985494045579e-21,3.1288614106164275e-13,0.006522346293194109
0.00045641546828479587,6.18317705565045e-10,0.9542622395554056,0.042208677645653815,8.529460205228809e-13,1.913966352504648e-08,4.155161642814614e-08,1.8466576341348856e-21,2.5853503647663575e-13,0.003072606019946618
0.0012899591270417634,2.122126327057174e-09,0.9101242623589393,0.0813016021608905,4.0062097067831456e-12,7.708968289370802e-08,1.9523645235773903e-07,8.677058246888891e-21,1.1149426616439787e-12,0.007283901899745808
0.00017502328833496057,3.409054288279341e-10,0.5797022925222256,0.40317271305474767,3.816042264793075e-13,7.713592547490095e-09,1.8588732661702015e-08,8.261191701792856e-22,1.1918220944523471e-13,0.016949944490960298
0.0002572982567673066,7.239568116411096e-10,0.5122433703515524,0.3754521538165632,9.904193020711814e-13,1.4450164429383176e-08,4.8233980770688644e-08,2.1436803928448736e-21,2.6903535407117696e-13,0.11204711416575559
0.026872135489536056,5.290947969178441e-09,0.8180491782886975,0.13706910503403427,2.3622337533040037e-11,3.782073464146586e-06,1.1526091088614249e-06,5.1227177361847405e-20,6.748589062638403e-12,0.01800464118384036
5.090957206597042e-05,1.214262207473168e-10,0.9800213877029713,0.01889166086502505,1.3436621604900064e-13,2.933925745866957e-09,6.545426539699367e-09,2.9089251779456525e-22,4.2146522366109794e-14,0.001036032258982575
0.0007169989245621158,2.088069397695478e-09,0.8264828953197302,0.1589059590519462,3.963500462595639e-12,3.406512590104806e-08,1.9317590758083846e-07,8.58563098617772e-21,1.0123491847791885e-12,0.013893917369682865
0.00044874429631219033,2.5936552518607176e-09,0.9417063108361322,0.05366450012067817,4.068313406029992e-12,3.5880545430323726e-08,1.9839568668782622e-07,8.81751670656931e-21,1.112134682393052e-12,0.0041802078718095785
0.0008429324498573328,4.47422831141275e-09,0.9182110288175512,0.07569697144486014,7.88230164129673e-12,4.0927602701812033e-08,3.847726426866459e-07,1.710087703661601e-20,2.168872110879088e-12,0.005248637103206433
0.0007785452060620697,5.542597960815691e-09,0.9216510954149585,0.07243937111896044,1.0079542953600512e-11,6.016338510472037e-08,4.923262808702824e-07,2.1881037251823697e-20,2.908229183897512e-12,0.005130430214767207
0.0009004130330338159,3.445179196821918e-09,0.8542041653532922,0.1277382046464394,9.216751452769873e-12,6.133983930965785e-08,4.493867342161189e-07,1.997389692497435e-20,1.829358777097149e-12,0.0171567027844356
0.0008085153117871545,2.5897896055627564e-09,0.8490503490503348,0.13924063364274944,5.092286889224043e-12,4.0415041645958276e-08,2.482838759463674e-07,1.1034906828214001e-20,1.3255960151743368e-12,0.010900210700003576
0.0006504950242840596,1.7586915416136318e-09,0.7278111842670552,0.2555173657531644,2.5703745882239623e-12,2.8122757081826918e-08,1.252966106631109e-07,5.568582708384827e-21,7.546658839118888e-13,0.016020799774112117
0.0005216792570989032,1.6293874403718858e-09,0.9075993564352808,0.08319028362485381,3.0130869877746263e-12,2.72100179343665e-08,1.4678791154578097e-07,6.523992795957386e-21,7.134216085913342e-13,0.008688505051723002
0.010004098462255263,4.709950068156849e-09,0.8232257202050177,0.14681089701972777,1.6278962508489064e-11,3.297233839158351e-06,7.939793126296534e-07,3.528739471053925e-20,4.577323484250276e-12,0.019955188369041053
0.00016398670556257546,4.94888852470815e-10,0.48837753247190324,0.414454047469508,5.935380550627871e-13,8.923467029373779e-09,2.8902975607739105e-08,1.284529411961903e-21,1.7004584790713364e-13,0.09700439503093128
0.000564866260132073,1.9372285287732996e-09,0.8744768751028081,0.11823153806779454,2.7768683988403186e-12,2.3423683904710207e-08,1.3540348891286952e-07,6.017767219133697e-21,8.412645035774461e-13,0.006726559801245594
0.0005659778749863025,1.7083836236189719e-09,0.5752335557371369,0.38893171764051704,2.133801843889308e-12,2.2747865494625865e-08,1.0398322151771296e-07,4.621282586270791e-21,6.151986653568826e-13,0.03526862030514014
0.0004302341207944227,1.3589827848445526e-09,0.7090764582748638,0.2698684795079787,1.6790244219522637e-12,2.3474220164373377e-08,8.180279957037103e-08,3.635545170313229e-21,4.906380826673469e-13,0.02062472145819099
0.0008404027329164982,4.143034354649801e-09,0.8863087772169068,0.10486462675185873,6.532099787139133e-12,3.9285355494421444e-08,3.187652291740775e-07,1.4167115379430607e-20,1.754242072772872e-12,0.007985831096412543
0.0007236458874795757,2.4904627468161175e-09,0.8147835212405563,0.17309877516177416,3.2881421464730196e-12,3.225246379846426e-08,1.6028568305852325e-07,7.12354953873243e-21,9.542991290040532e-13,0.011393862677338
3.705382656302892e-102,0.008367713123489115,4.397953773895737e-42,5.385356988786039e-28,0.9916261112687972,6.25975640846719e-87,4.182545365478695e-133,1.052827005917951e-117,6.175607713555153e-06,6.473199957389674e-76
0.00020344395141077884,6.245382544260223e-10,0.8733359939908931,0.1209187961867798,7.126510154286088e-13,7.917082352375748e-09,3.472025875475599e-08,1.543055422710115e-21,2.2038042923782208e-13,0.005541722608104038
0.04687933950633011,5.805612944041256e-09,0.7982809149518925,0.13619547655640757,3.064482420242713e-11,4.2399688743577834e-05,1.4955416934653636e-06,6.646897375558374e-20,8.516397432433768e-12,0.01860036791015871
0.00037363525217595035,8.201087136357988e-10,0.9569767797017835,0.039834185840680617,1.156364767761862e-12,1.6861077286798814e-08,5.633632380243512e-08,2.5037702846080295e-21,3.320584986088394e-13,0.002815325186361574
0.33351492235120345,7.940631937685004e-09,0.5797599528162548,0.07697126373300321,3.097867510822141e-10,2.6587926811503474e-06,1.5225472449719623e-05,6.768767838148224e-19,7.32449493727316e-11,0.009735968510744012
0.0006458077860547562,2.165028027790324e-09,0.9609492095649037,0.03581984106629201,3.761622305484734e-12,2.705798432793236e-08,1.8341334680114823e-07,8.151792182695301e-21,9.978569892180956e-13,0.002584928941630825
0.0003596010424069658,1.772864656107947e-09,0.9514267213930409,0.0447595965365299,2.57916835473232e-12,2.419944863194777e-08,1.2571015583083809e-07,5.5870548238038456e-21,7.108899491490792e-13,0.0034539293422631277
0.00036706336301964147,1.2656835535378926e-09,0.9481571605758689,0.04772367943129099,1.8053361072208005e-12,1.7668152648096766e-08,8.794801674340555e-08,3.908756479261172e-21,4.952340785830901e-13,0.003751989745667169
0.0023187355489394683,6.442976458146034e-09,0.7860825875058692,0.1809448343334533,4.6647185167765203e-11,1.1720732477681395e-07,2.279299615113183e-06,1.013259090456354e-19,5.010202333047217e-12,0.0306514396101643
0.0005988102340089017,2.196193988335981e-09,0.7050031167909181,0.26402925525764964,3.180453187246687e-12,3.115762948063638e-08,1.5495372488202044e-07,6.88669217727467e-21,8.90808368447199e-13,0.030368629405803853
0.0007914183378459485,3.78180495389951e-09,0.9072995360556272,0.08616897024119095,7.646488937790483e-12,4.044643045631455e-08,3.732348897258329e-07,1.6588341187600798e-20,2.2082678972464715e-12,0.005739657892356104
0.00023093316821620215,9.312236876133622e-10,0.967894697656558,0.029817804227595238,1.1479148622055975e-12,1.043464340382734e-08,5.5930883983003525e-08,2.485755067960307e-21,3.3426796746788266e-13,0.0020564976493971992
0.00035328876507357095,1.924779901366275e-09,0.9583932763997378,0.03854560248678576,2.5521290754272867e-12,2.0157281788181174e-08,1.244329417253401e-07,5.5302369945134696e-21,7.437281913973936e-13,0.00270768583010352
0.0002877728604012627,7.209075730479696e-10,0.9779577298739894,0.020373185294911198,1.0066607665459707e-12,1.5496191732529697e-08,4.906848435944139e-08,2.180742117707887e-21,3.076205036704183e-13,0.0013812466838000702
0.0005446850008171377,2.1147183369175813e-09,0.913588204514873,0.08097171502935496,3.2148281888475294e-12,2.1057300567411007e-08,1.5676711636772976e-07,6.967289865242153e-21,9.596544056609476e-13,0.004895215511645148
0.00020576857464074167,8.738977584126753e-10,0.919190988823305,0.07519024734193236,1.0182418030538344e-12,1.3230060079492559e-08,4.96159753256835e-08,2.205075604623125e-21,3.025610361494689e-13,0.005412931538868023
0.00019964287711393415,3.7392446952038243e-10,0.3196445741330979,0.6295051659952634,4.4235858815843843e-13,9.983494186456138e-09,2.1550133564207283e-08,9.57733323023287e-22,1.3491668358164592e-13,0.05065058508639532
0.0006655587882123212,3.0904706779819888e-09,0.9555817221198017,0.04092853875408174,5.084179812547511e-12,3.349017582801816e-08,2.4803421884013956e-07,1.1023721783259833e-20,1.3994880099117926e-12,0.0028238957165550426
0.00046682968756096453,1.2220461686846075e-09,0.8413738102446766,0.1442169872125389,1.8196371002121553e-12,3.0414099465250375e-08,8.868935229843802e-08,3.941675707498825e-21,5.024517086097465e-13,0.013942252527403318
0.005205082179348839,3.0378679347520865e-09,0.9044907724249175,0.0816070753913556,8.697039114577509e-12,4.326110574706214e-07,4.2396834728191167e-07,1.8842955072945945e-20,2.4035262927275773e-12,0.00869621037600483
0.00034110685924384224,1.3359493752964158e-09,0.8753427511906736,0.11481288892679947,1.7336553815313336e-12,2.2624232356775547e-08,8.447888697786868e-08,3.754515604426349e-21,4.945811678962785e-13,0.009503144581986145
0.00027801458424193097,4.975324411126016e-10,0.9503020201263669,0.04605255888802591,6.613753489643535e-13,1.9005541333972684e-08,3.221823818505246e-08,1.4318571974804022e-21,2.0019278389142897e-13,0.003367354679191585
0.0005142814768470415,1.5224319274503026e-09,0.8525645057217047,0.12805897870551736,2.816678215673329e-12,3.754414815575393e-08,1.3723247936353668e-07,6.099250989064141e-21,6.824156660053376e-13,0.018862057793372262
0.00021396820462420553,6.960210184907557e-10,0.9725264060391526,0.025548635457208684,8.62639366603398e-13,1.0266852962136826e-08,4.203933560346505e-08,1.8683464871160825e-21,2.598738437648623e-13,0.001710937295682337
0.00034144711099501953,1.0930016281966971e-09,0.7616967962061401,0.22356850264729938,1.2568515162836886e-12,1.7289718428868108e-08,6.123542710331468e-08,2.7214601370649177e-21,3.758362642258107e-13,0.014393174415785708
0.000607335495118783,8.382648305948441e-10,0.8299767438831375,0.15903604539279184,1.0893344257282833e-12,2.736747958281099e-08,5.307850926443415e-08,2.358919131367369e-21,3.3639052265245243e-13,0.010379793943272472
0.1640512595454699,4.99578975452414e-09,0.7399885464345964,0.08587798069824246,2.84491479317631e-11,5.2717372481571215e-06,1.3886756448055447e-06,6.171892208602786e-20,8.671705449136897e-12,0.010075547875887667
0.00012962087263719533,4.1965852881566125e-10,0.8535982228694705,0.14021805813656812,4.1783395386257814e-13,5.277893932907615e-09,2.035527631568989e-08,9.04632189769647e-22,1.301823749961267e-13,0.00605407206794744
0.0012129084262917547,2.148971082155752e-09,0.571838160581603,0.37223911358016776,3.622341794833652e-12,1.0475902828677207e-07,1.7656024829896016e-07,7.846858027179982e-21,1.0265470109653392e-12,0.0547095339390409
0.0016720454230013775,6.142871385804643e-09,0.7672465509136032,0.20804854693186556,1.454889347076497e-11,6.527199756750632e-08,7.099114854846685e-07,3.1552333847314584e-20,3.212038138769872e-12,0.023032075387414593
0.00021494061183033466,6.045150367493816e-10,0.4823085668301678,0.44377220366637044,7.557033083274254e-13,1.1602844015982674e-08,3.680679159527916e-08,1.6358033787841268e-21,2.152979725148151e-13,0.07370423987650986
0.00035651692403477136,1.4306586424020287e-09,0.9586663324242245,0.03836142940326052,1.850692504749834e-12,1.4103512721643376e-08,9.020259736418576e-08,4.0089101417880954e-21,5.330933728568298e-13,0.002615615509327816
0.00046139976835675906,1.9906593271582987e-09,0.882486128692976,0.10606093949472545,3.2747426678983242e-12,3.435979013663494e-08,1.596088655341773e-07,7.093714458101898e-21,8.423839315038706e-13,0.010991336080509576
0.0005068703560665697,1.4197950088856704e-09,0.8001050758793039,0.18445095031463404,2.2102539627357938e-12,2.338415370867348e-08,1.0768668940596738e-07,4.78599565406138e-21,6.037021556876304e-13,0.014936970956543383
0.00027112557995078194,8.911694389394385e-10,0.816762312255919,0.17331144270022333,9.526892815808685e-13,1.1373575856776379e-08,4.6418438916964986e-08,2.0629445861224594e-21,2.89650797248644e-13,0.009655060779480282
0.040833410323465706,6.347553783520046e-09,0.804266837858006,0.13731887778118612,3.459936060568477e-11,7.646393543733926e-06,1.6895242012462067e-06,7.509100214834032e-20,9.683379577674903e-12,0.017571531727760742
0.00022940422818168522,6.485338740484573e-10,0.8643094341227726,0.12390060956261904,8.640291754882349e-13,1.4677504686381442e-08,4.209772594108457e-08,1.8709542098591343e-21,2.4593601453633437e-13,0.011560494661552324
0.0002564949780314475,4.682866709781723e-10,0.9350775202165719,0.06118657422689993,5.580289494424145e-13,1.022125868306735e-08,2.7185641629049254e-08,1.2081879727010567e-21,1.7239849585365562e-13,0.0034793727025794223
0.22461907236864576,7.1323934303954906e-09,0.6727009199040033,0.0914247720965573,8.834084286963505e-11,5.566985945491997e-06,4.320973682633485e-06,1.9205835602982106e-19,2.3878544065696037e-11,0.011245340426552774
0.0002283349942763175,7.213478118013143e-10,0.5356440241799411,0.4296480225513969,8.092811353069045e-13,1.1677146258532215e-08,3.942334145503923e-08,1.752064931253281e-21,2.4421570765900144e-13,0.03447956645149672
0.00013474692387001612,3.816599710802555e-10,0.9014367483175459,0.09261341223515156,4.3898507435751544e-13,7.910963739780625e-09,2.1389108101315952e-08,9.505860840851442e-22,1.338131688621269e-13,0.005815062841127865
0.013167490314395739,2.78684018834258e-09,0.8330309942014372,0.13726089434273805,6.7969316780122965e-12,7.871613619575426e-07,3.313942393956319e-07,1.4728004404613795e-20,2.112511249240019e-12,0.01653949979007816
0.0035572584418341892,1.7081170037089207e-09,0.8897128988363229,0.09677598376325719,3.666252750648536e-12,2.2847811600855346e-07,1.7865745250480629e-07,7.940050270300237e-21,1.1008859158732262e-12,0.009953450110133091
0.0005334475926055664,5.310177736779992e-10,0.835165271503838,0.15221780937505655,6.884171895795642e-13,2.2283920515337287e-08,3.3535614412295755e-08,1.4903846067424608e-21,2.1637188221303369e-13,0.012083415177042417
0.0006829736949952956,1.7906324262550677e-09,0.889075667469307,0.10374414257624319,2.4439569045059144e-12,4.0300558363383596e-08,1.1916542263608325e-07,5.296010211674806e-21,7.440978278753851e-13,0.006497054999653081
0.0005084723051754033,1.5072534982540802e-09,0.5261030724355582,0.4371863997577484,1.856996810465251e-12,2.3886559811476584e-08,9.049739815232606e-08,4.021922994492338e-21,5.505172127875039e-13,0.03620193960789901
0.000293977389088638,8.198598605593241e-10,0.5274801222525494,0.42845266385655095,1.0017764431644098e-12,1.5124647892080427e-08,4.8805608041437435e-08,2.1690585786114736e-21,2.934037407391429e-13,0.04377317175040005
0.00154329882869146,4.6149092749079405e-09,0.9566422273198693,0.03886129480562525,1.3335782460318517e-11,1.091645393958076e-07,6.517544434721192e-07,2.89679452910046e-20,3.487092222218738e-12,0.0029524134950992143
7.751117440502224e-05,1.5589754270909349e-10,0.6566104086715912,0.318508059481384,1.7839287603679547e-13,4.486531106367053e-09,8.688556103574451e-09,3.8613950248027463e-22,5.4144991999911497e-14,0.02480400734140253
0.0007224284909090981,3.832130945749119e-09,0.9342445934831702,0.060609627578002485,6.401519085777514e-12,3.304582485094612e-08,3.123885430971922e-07,1.388387901948395e-20,1.7139610994725362e-12,0.004423001173303981
0.0015947700973734892,3.380340850187047e-09,0.7371686854007473,0.23232641662233738,7.344749921763884e-12,1.0598015547625306e-07,3.580880586788292e-07,1.591497970247615e-20,1.979752812223282e-12,0.02890966042166233
0.0015947700973734892,3.380340850187047e-09,0.7371686854007473,0.23232641662233738,7.344749921763884e-12,1.0598015547625306e-07,3.580880586788292e-07,1.591497970247615e-20,1.979752812223282e-12,0.02890966042166233
7.16854131354996e-05,2.41985727204348e-10,0.8843444436120173,0.11112021468719649,2.3467203058476833e-13,3.044889714268533e-09,1.1430877443916209e-08,5.080120798986483e-22,7.376620789017206e-14,0.004463641569589496
0.022007552435340628,2.6593633138461246e-09,0.8618389960712116,0.1045367169733537,7.024746689814138e-12,1.5142963016575848e-06,3.425302074702042e-07,1.522295776772665e-20,2.238169704325002e-12,0.011614875024958695
0.0002636639825784863,8.129589465541482e-10,0.8760484139114467,0.11653457375799348,8.993750344003916e-13,1.1073648981960067e-08,4.382784502517827e-08,1.9478098576514506e-21,2.7353047176633487e-13,0.007153292632355313
0.000828200860001932,2.2745697453010974e-09,0.7375032584058266,0.24640808776473758,3.1386777896533685e-12,2.849063931130604e-08,1.5303610794429672e-07,6.801370377269143e-21,9.157833054496786e-13,0.015260269164062396
0.0002693877710724862,7.436197991777026e-10,0.676304076959887,0.30736663083217036,9.029914046970873e-13,1.133558422509511e-08,4.3990902337554893e-08,1.9550713773588424e-21,2.7182070431253177e-13,0.016059848365588807
0.0010591415107270197,3.455625705960453e-09,0.8221798368431327,0.1656800880199155,6.426221615659007e-12,4.63037490719459e-08,3.134206645544833e-07,1.3929704701919356e-20,1.8186127226495724e-12,0.01108057043794052
0.011484293565760148,3.5850812266489847e-09,0.8906566563007751,0.08901945283839004,1.244482915337576e-11,5.606825647926443e-07,6.07023991582207e-07,2.6978650177526805e-20,3.669532240689057e-12,0.008838425987323005
0.00979344816569467,5.610901682653407e-09,0.8399550120793214,0.1370774187799849,2.4872844555912292e-11,5.543769648803358e-07,1.2151898390548656e-06,5.4009476002323373e-20,7.073708966288548e-12,0.01317234576534694
0.0007450557983246477,8.517041086015329e-10,0.6803828078959593,0.28922976998158784,1.1917983208229547e-12,4.5596320430104083e-08,5.805760852567666e-08,2.5802077311329912e-21,3.6232425047391234e-13,0.029642261816941046
0.0002148785537137067,7.490582996409637e-10,0.9133234803910275,0.08137591884835642,9.24201277020713e-13,1.1196085062868978e-08,4.5030899946698046e-08,2.0013051644723675e-21,2.726515892684973e-13,0.0050856652296624024
0.00016145343319979503,6.835136867044198e-10,0.9084112591365738,0.0855146008352908,7.541731731626348e-13,9.478801406012547e-09,3.674358995991514e-08,1.6329795791531299e-21,2.300076832953355e-13,0.005912639688046255
0.001136045216571187,2.4799182334409663e-09,0.6256216286151701,0.3388538998979747,4.032128404383294e-12,8.35527821633362e-08,1.9657835770585918e-07,8.736561851113211e-21,1.1381249209894382e-12,0.0343881436540555
0.0006206104177170275,2.5879226064320397e-09,0.9422966519121738,0.05353380179174506,3.878220466304449e-12,2.9116828230835163e-08,1.8911937939169092e-07,8.405165740048122e-21,1.1037592252492749e-12,0.003548715049251884
7.398150092970128e-102,0.9990889806598108,8.78093442410861e-42,1.0752379174521604e-27,6.955513997832488e-05,1.2498201063390058e-86,8.350850979407882e-133,2.102069592856822e-117,0.0008414642002107346,1.2924361478595408e-75
0.001724067104997739,2.4548937208396003e-09,0.7591353068469084,0.21523777435111305,4.255750350300322e-12,1.284117023915734e-07,2.073960792534662e-07,9.217254415433703e-21,1.2237441748265237e-12,0.02390251342882589
0.0005527310107180943,1.1183209112711583e-09,0.8542510732434692,0.13441595089867908,1.481460634477943e-12,3.1355656478283046e-08,7.217523165392763e-08,3.207636357136019e-21,4.4575386019925993e-13,0.010780140195997375
0.0002058283017730432,5.950258275042142e-10,0.32552916072750826,0.5485222867410597,7.295994965111462e-13,1.1097189800385643e-08,3.553516080347637e-08,1.5792784042961184e-21,2.1096884647091932e-13,0.1257426770013419
0.0011701185790510824,3.865422923856779e-09,0.9463258502543344,0.04874925205762226,9.014136674051134e-12,5.3696561327040536e-08,4.398545792522329e-07,1.9549995251135783e-20,2.1557636759809043e-12,0.0037542816812589606
0.00138099384294187,5.048262593800938e-09,0.6529487442995092,0.30737201954023485,1.0933406710614664e-11,9.480193888974914e-08,5.332368131714793e-07,2.3699637771520386e-20,2.7738598118018446e-12,0.038297609216592206
0.00018454855868945858,5.264996026128758e-10,0.6035302640573955,0.36204043299283567,6.241550738987776e-13,9.484865970386526e-09,3.0403739174699836e-08,1.351226027035735e-21,1.8256862980158233e-13,0.034244713975167845
0.0001827390907931985,5.872351561231636e-10,0.6007102165990582,0.36175810378270273,6.709199437054643e-13,1.0017991292340837e-08,3.267983653032408e-08,1.4523757213433736e-21,1.9891782321399802e-13,0.03734889724151302
0.0004723145640026094,1.4892991528939672e-09,0.9659973911785672,0.031374281670974793,2.1949679850388714e-12,2.001802343468545e-08,1.0699789639062081e-07,4.755398335484973e-21,6.180068652115082e-13,0.0021558840784234
