i = 0,i = 1,i = 2,i = 3,i = 4,i = 5,i = 6,i = 7,i = 8,i = 9
0.8642145944915225,8.715725830448339e-07,0.00037377086945392736,0.06613400491403303,0.0010688599668826975,0.0008415572179194019,1.2975852575654843e-07,1.603394656439718e-07,7.389725170741734e-14,0.06736605086954006
0.8707386667120929,9.958974706904466e-07,0.00037258258502803106,0.06395758132861719,0.0012157834191632276,0.0010000552133122573,1.536429546302656e-07,1.7812450528186987e-07,8.963019264225334e-14,0.06271400307676607
0.8624033087006036,1.1172845200845056e-06,0.0003883303939032551,0.06789150186099707,0.0013355882539365668,0.0011793926551272426,1.839707049686686e-07,2.0345988213587125e-07,1.1386229111801562e-13,0.06680037342021118
0.8790945350784378,9.90404530158953e-07,0.00030391326639090044,0.05591004016276328,0.001240290243157928,0.0009324221740483371,1.4099369253082945e-07,1.821749142688258e-07,8.693663855961418e-14,0.0625174855019779
0.9163010216053629,1.5547467688821365e-06,0.00027809058061147057,0.03930515956609771,0.001537992489429356,0.0012747609181006647,1.9784419062748998e-07,3.1765416651386266e-07,1.02721266400992e-13,0.04130090459516928
1.4797997703771033e-85,0.0011501251788736083,7.285371279848096e-29,1.043354174434019e-23,0.99884987477311,2.2610517083221195e-83,9.039364854947783e-57,2.1250535225598037e-80,4.8016263789767066e-11,1.0914797620606814e-59
0.9149934037408883,2.4074150846886383e-06,0.00028830628522365795,0.03962574728168856,0.0019647805609257856,0.0020114338088958097,3.2483666205978174e-07,5.358714583832742e-07,1.7040626877009232e-13,0.041113060199001995
0.8996460665917798,8.976516956752321e-07,0.0002612473252161623,0.04406266008243182,0.0011382179987243016,0.001089230330217083,1.6177045302005017e-07,2.395575436716218e-07,5.587203229268504e-14,0.05380127869188235
0.8911622568930608,1.4042735369893931e-06,0.00030746297162187653,0.05165981941067003,0.0014568781308295195,0.0011226840189373062,1.7611629329255503e-07,2.776647397571896e-07,9.257718992970984e-14,0.05428904052021778
0.8874394061494932,1.4423050639212548e-06,0.00028127783161968004,0.05091609439828691,0.001530213785731986,0.0014013429197825128,2.0814816163395775e-07,3.368503363984441e-07,8.85939665630941e-14,0.05842967761143502
0.890196872315379,5.728152269238214e-07,0.0002588917721380608,0.04925435743753305,0.0008319112876659156,0.0005772808057431158,8.421414064326072e-08,1.083266007688648e-07,4.603933636154128e-14,0.05887992102552657
0.8925789282459446,9.009392543776764e-07,0.0002636796279509426,0.048246036080870754,0.0011686217812091845,0.0008828330329723982,1.2899838195801026e-07,1.8447969642100119e-07,6.31117817469554e-14,0.056858686813656335
0.9032114215175473,8.108366575546541e-07,0.0002714687100372674,0.04533123968908792,0.0010615461716601891,0.0007450689931856777,1.112949851088168e-07,1.5095153839532574e-07,6.285559952023497e-14,0.04937818183523806
0.9082296566765058,1.2652135660629814e-06,0.0002999445796971565,0.04372000112039083,0.001450700490498623,0.0012013677444575827,1.869740606275372e-07,2.448065000580706e-07,1.0478325536751156e-13,0.04509663239421842
0.8576207995978753,9.418430570729987e-07,0.00039178666626247887,0.0707213088831092,0.0010943839950789786,0.000888653200680436,1.387067547675118e-07,1.8181980138532489e-07,7.057523258157513e-14,0.06928180528730978
0.8870482661963887,6.456846261961606e-07,0.0002676763509438993,0.05015946283841244,0.0008873249249181335,0.0005818994082988175,8.595648001153742e-08,1.1450885638073513e-07,5.4346772272355317e-14,0.0610545241310211
0.9246811233233035,6.372678177814837e-07,0.0002039026623969587,0.030513359247551324,0.0009326060340792495,0.000966354021838416,1.3613254658515674e-07,2.1447996557053538e-07,3.649083230769477e-14,0.04270166683046397
0.8831996815028462,6.28760566279777e-07,0.000301332276005828,0.05391540860020427,0.0008832731613163477,0.0006409094265523113,9.594253472714959e-08,1.1722232971768468e-07,5.703694133061204e-14,0.06105855310758736
0.8833659856621625,8.675620322486246e-07,0.0002789493259409787,0.05321313866853391,0.0011377580503253136,0.0007646225595836154,1.1306001648393867e-07,1.5694156262241186e-07,6.429806540015724e-14,0.061238408169777964
0.8616734256704335,6.486721796389152e-07,0.00039942432406772687,0.069846416349613,0.0009007310981799046,0.0006786203069824274,1.0474862973817718e-07,1.1792864192632269e-07,6.097767315235771e-14,0.06650051090121106
0.8811745393605471,5.682498365912162e-07,0.00026744907256089274,0.05269685731383525,0.0008071012466532528,0.0005191268951013487,7.62826030838427e-08,1.0039568338936971e-07,4.6861489326098196e-14,0.064534181183132
0.8746707176705186,3.396047409328056e-07,0.00027099413440799395,0.05556088810722776,0.0005183393750712887,0.00032256960204136233,4.762830597618003e-08,5.930884528293611e-08,2.9753511066755516e-14,0.06865604456881116
0.8653839601049543,1.6938082458613503e-06,0.0004049273127740552,0.06757776065879591,0.0016516678859210846,0.0016978433939450323,2.744956364890526e-07,3.32014228635294e-07,1.4125139546140385e-13,0.06328154032535745
0.8783003723919963,7.972023535640845e-07,0.0002997317122030801,0.0558437735028415,0.0010312312022462441,0.0007568560152811359,1.1326661091116752e-07,1.4421544778939694e-07,7.040736160989892e-14,0.06376698049094906
0.8746593257110568,9.87848313134163e-07,0.0003111092358026412,0.058204649199608535,0.001168774487769208,0.0009481864846217431,1.4412993270524567e-07,1.9114760805106547e-07,7.768882394764363e-14,0.06470663175520959
0.9163858370500024,1.288114987165555e-06,0.000289431591515622,0.03971690312463021,0.0014181849149502602,0.0011942196056447369,1.881272775752859e-07,2.5392889597606747e-07,1.0513944894765062e-13,0.04099369354199094
0.8754186132025475,1.0158707225485148e-06,0.0003186903061306183,0.05855529674994932,0.0012027662587792273,0.0010854848995470708,1.660796937329574e-07,2.1751512430895617e-07,7.498952110149652e-14,0.06341774911743044
0.877148510601794,8.058102249186311e-07,0.0003057466158630645,0.05723049300720003,0.001056632301527256,0.0007295407600987932,1.1097382237837371e-07,1.4575824251045507e-07,6.788461958123396e-14,0.06352801417115905
0.8682702204320698,1.3257036398561693e-06,0.0003782929251794821,0.06519939559176353,0.001488660509978377,0.0012754942636701693,2.014127590156646e-07,2.4348412090449563e-07,1.1181623606365659e-13,0.06338616567670734
0.8747117603837709,4.000187267247511e-06,0.0003540501047622223,0.05887021573059634,0.0025289690668532402,0.004513123663362598,7.569395746014872e-07,1.2306391057413256e-06,2.2558622054564817e-13,0.05901589328448164
0.8879484497829362,9.753217664056333e-07,0.00030509082033584623,0.05097805715049451,0.001160064098380587,0.0011988658809616737,1.8088334101684686e-07,2.411469179382757e-07,6.895333844808905e-14,0.058408074914796805
0.9120267201672022,4.376855316885304e-06,0.0002855619067686167,0.040103728857991856,0.002462418568012511,0.0030626183437893607,5.061960549144074e-07,1.2683726316582686e-06,2.4553972179607753e-13,0.04205280073198648
0.9185587224477109,1.015658800153638e-06,0.0002249257968440245,0.03337576110319849,0.0013351278302751012,0.0017847963706430305,2.5305937173008386e-07,4.935203974714611e-07,5.200018395584793e-14,0.04471890421270737
0.905744131606301,1.2154624312032018e-06,0.0002974872834527872,0.04491002567493372,0.0013641913815055633,0.0010518426042636056,1.6025778454677e-07,2.2413650338237186e-07,9.336696593853967e-14,0.046630721592730934
0.866259206715721,2.9463324072514582e-06,0.00037443436571221007,0.06519150710750603,0.0021102762858409086,0.0025372331501958977,4.1648069447764215e-07,6.767563953770673e-07,1.641070928480586e-13,0.06352330280536289
0.8731406615598818,2.161486091781427e-06,0.0003684444234731941,0.06212197935703164,0.0017897860268949897,0.0018484911067604545,3.0060837828203654e-07,4.873730140061055e-07,1.1929324242882607e-13,0.06072768805835464
0.8662505846431359,1.4248477847515753e-06,0.0004098180260908812,0.0675869482731219,0.001534029854920411,0.0016074222492028583,2.581908411065536e-07,2.795508192151984e-07,1.3560242768571485e-13,0.06260923436394733
0.8829764964350095,9.201355453046255e-07,0.00028285455762910064,0.05354070655134153,0.001144038191628644,0.0008711093544735044,1.2929549548052165e-07,1.7835560058118204e-07,6.966973123993586e-14,0.061183567123206745
0.9034901691866615,1.0080436498834517e-06,0.00034347152616713,0.04746374067176686,0.0011663275377634841,0.0009760620405728581,1.5465747939625657e-07,1.958182955152045e-07,8.361400205003085e-14,0.0465588705175598
0.8979082102143541,4.7115896062666476e-07,0.0003540162289315271,0.050890857713165365,0.000700117420824957,0.00048638018637034083,7.520302054655102e-08,8.423337379363541e-08,4.6483707008780126e-14,0.04965978764095222
0.8635995658749824,3.389642561722011e-06,0.00038184546262193296,0.06635274244496725,0.002346485237039428,0.0033065369742956707,5.501587166513177e-07,7.336198619184497e-07,2.638589262815911e-13,0.06400815058468909
0.8739365414757704,3.815304259389174e-06,0.00036707954710863284,0.060536018298386035,0.0025616768847778657,0.003733249845615367,6.297154065007367e-07,8.218811386159062e-07,2.97595647160344e-13,0.058860167047239474
0.8664242145295504,2.447828942217704e-06,0.0003726947300516751,0.06506010516353658,0.001969597193923679,0.0024357053643392426,3.994056214713228e-07,5.506127758372395e-07,1.7612204835798134e-13,0.06373428517108282
0.861771619958472,8.858427026975727e-07,0.00035103432431468536,0.06654269561912979,0.0010237269126426977,0.0008102067356877257,1.2312509601658934e-07,1.663048682711967e-07,6.9187193084275e-14,0.06949954117701676
0.8861241819921403,1.0587254992361483e-06,0.00027253175064186915,0.051736490803837805,0.0012677473854454727,0.000902639686760909,1.3183009761476576e-07,2.020923818324179e-07,6.926528819846933e-14,0.05969501573312571
0.913972249275739,1.0864894505476156e-06,0.0002481620015801031,0.03789960845570888,0.0013429915013977083,0.0013290048678045536,1.9568535577715496e-07,3.323629548825766e-07,5.882066396067568e-14,0.045206369359949844
0.8903664575099629,2.591886423378154e-06,0.000322201489448682,0.05114513737746036,0.002018719636037035,0.0025421252805319546,4.1140933768750957e-07,8.850111080683666e-07,1.1761570101180332e-13,0.05360147039957236
0.8960293978714786,4.5670130611354914e-07,0.000265520392344141,0.047839909685949436,0.0006674968299191175,0.00041463986364002626,6.187811468600033e-08,8.22748872102406e-08,3.466842174951669e-14,0.05478243450232611
0.8688298032470679,1.7709391434969175e-06,0.00037263728765685747,0.0642889865403289,0.0017362194210307081,0.0018451774086719786,2.97176276054129e-07,3.608784399929574e-07,1.4761846839009225e-13,0.06292474710123651
0.8739172590464136,2.6333083173928626e-06,0.00031773234252252617,0.058768408409502655,0.002025165699651834,0.002051370954685814,3.086750184575436e-07,5.730567866835108e-07,1.447108925671689e-13,0.06291654850695615
0.8945129681766646,3.652301284264962e-07,0.0002467982138904029,0.046270853192055955,0.0005746441594908511,0.0003963420578458068,5.777360615407446e-08,7.05043549384031e-08,3.020264276211566e-14,0.05799790069193274
0.9338871598389406,8.125945337033321e-07,0.00018337229833988736,0.025208603878920984,0.0011950846661747776,0.002176392491780352,2.8980599124250753e-07,9.01154196293598e-07,3.718414050175323e-14,0.03734738327108501
0.928919035410713,7.551163517541579e-07,0.00022291122602393837,0.030857547881325997,0.0010399531468150013,0.0010833726283630573,1.5965023203453202e-07,2.3684279997388797e-07,4.560917640202608e-14,0.03787602809732946
0.8846931937020505,4.965414447300748e-07,0.0003099222163020176,0.05488409062460093,0.0007302067910538478,0.0004710203273464418,7.180789283307687e-08,8.821343981000486e-08,4.4174881847623755e-14,0.058910909775824825
0.8676663698813922,9.652096907670858e-07,0.0003682740813329254,0.06515968056981314,0.001149119388851621,0.0008802348354643518,1.377358113143908e-07,1.826202007485699e-07,7.105591470500468e-14,0.06477503567737174
0.868540546456655,9.443185037962407e-07,0.0003553675810368753,0.06404524776313052,0.0011097729932522304,0.0008364788816659764,1.3052031755101165e-07,1.8253717548951584e-07,6.474377655946704e-14,0.06511132894819778
0.8695473304227337,1.3601201605132852e-06,0.0003677234923105464,0.0633056881924932,0.0014884810860154526,0.001327464840895158,2.0697221579682472e-07,2.529815345807386e-07,1.2192531538093094e-13,0.06396149189151908
0.8968293502723815,5.47058227168897e-07,0.00030442143760823435,0.049362084434200065,0.0007843737960232693,0.0005541796479439557,8.428848255847215e-08,1.0031238450980002e-07,4.9144061309803184e-14,0.05216485875269952
0.8804695366343271,5.22154431407533e-07,0.0002722862741440974,0.05367454190580555,0.0007442637884769064,0.00046509313083925656,6.866889229573697e-08,9.058849806314667e-08,4.3273551789098144e-14,0.06437359685454211
0.9138471626580605,2.6862255660707493e-06,0.00028910403340555267,0.04005016733316002,0.0020629293963332217,0.0021632907037954213,3.4950807344031754e-07,6.072024858533603e-07,1.818204416743945e-13,0.04158370293893808
0.9094167699249596,1.878026738849063e-06,0.0002811406153424758,0.042177466007976325,0.0018043828142658555,0.001592102990932644,2.444311525721143e-07,3.822043914676459e-07,1.2980247033536323e-13,0.044725632984110274
0.8801922003452665,1.3571024498369357e-06,0.00029040029443321697,0.05515360934606462,0.0014162488111272784,0.0011021671967434545,1.6223841024982763e-07,2.7435617934251274e-07,7.616381681909563e-14,0.061843580309249316
0.9433062626068334,4.35852416383791e-07,0.00016791376844717433,0.02240905653132325,0.000705320147546371,0.0008025186923443453,1.1277091476133127e-07,1.6916805992627034e-07,2.4706845983716244e-14,0.03260821046208961
0.882394804542522,1.1565218194050125e-06,0.00029037286450068746,0.054090997824157244,0.0013067611756793385,0.0010916799408889463,1.6411917717282706e-07,2.424468956586719e-07,7.851978925490846e-14,0.06082382056428114
0.8825297147567849,7.69651532342799e-07,0.0003128890265204358,0.05442839132293462,0.00098235793023753,0.0008069223927882832,1.2083749354556834e-07,1.5196157506623455e-07,6.634141188577189e-14,0.060938682120066916
0.8739242653679427,3.386924697675589e-07,0.00036391308463551143,0.06005384375403812,0.000517399960920277,0.0004062451634650235,6.101434845216624e-08,6.889095397410206e-08,2.923106576563458e-14,0.06473386407119679
0.884721715963949,1.5752028542821943e-06,0.00028782285215932837,0.052564937758289985,0.0016228739600277248,0.0012970381508890603,1.923674676148351e-07,2.9586266885146705e-07,1.1530351788250792e-13,0.0595035478815789
0.8813126094613506,6.402020930984046e-07,0.00029504338704104905,0.05417404691100156,0.0008828677775446322,0.0005936132176830142,8.910022659996844e-08,1.1265653942354129e-07,5.793771047628034e-14,0.06274097728646201
0.8810501057032978,1.3939251906363386e-06,0.00029078262919500855,0.05444030998411707,0.0015078419436513437,0.0012151116853537853,1.8276351287133947e-07,2.7320170744966235e-07,9.850607019678033e-14,0.061493998163875664
0.8708193014945221,4.3901898317370965e-06,0.00036633879041084286,0.061646769460328224,0.0026866387943001004,0.004325997069482425,7.337240419155092e-07,9.839347830779926e-07,3.0532817108477617e-13,0.060148846541994275
0.8800264510905819,6.463552208691505e-07,0.00029059205192584557,0.05527469628423738,0.0008910752135545528,0.0006326075635262587,9.471362387706501e-08,1.1903760977635155e-07,5.43862997658101e-14,0.0628837176896653
0.8838793867360376,5.613960591714124e-07,0.0003375070735853345,0.05553969568059368,0.000784228904079437,0.0006850566096739894,1.046444283461455e-07,1.1991645674338561e-07,4.587207040199354e-14,0.058773339039039786
0.9112344221522407,2.1877662622953996e-06,0.0002999575645078891,0.04183258858450398,0.001823920715638547,0.0018026383912729184,2.915374873596637e-07,4.951321021210202e-07,1.4007744283802023e-13,0.04300349815584401
0.9149161353499381,2.551410471412913e-06,0.00028296781161782293,0.03953746876404187,0.0019857728876040075,0.0019246033405943773,3.087184680398537e-07,5.832039949639709e-07,1.5248995261540735e-13,0.04134960851311672
0.8816164915934456,7.52575364985749e-07,0.0002853206026957826,0.05446636463468998,0.0009023641093914242,0.0006012755077622843,9.156710847914948e-08,1.473974301308588e-07,4.406926994682758e-14,0.06212719201206733
0.9093389355220689,1.883962398602297e-06,0.00028282482940940307,0.0424304172602446,0.0016290929349591044,0.0014205147755369527,2.2348777719023892e-07,4.541790373578988e-07,9.232375479396444e-14,0.04489565304847563
0.9024058252520504,8.516841593231969e-07,0.00034158179628556725,0.048130369055878794,0.0010972409415244677,0.000832748957809925,1.3100480272182027e-07,1.5734783077881588e-07,7.627501496088314e-14,0.047191093959581695
0.9211420648606315,1.2849236295163615e-06,0.00028173211599177134,0.03736693845867575,0.001407307496977538,0.0012346351095919752,1.9418754280292238e-07,2.700011008035565e-07,9.795350240213934e-14,0.038565572845760475
0.8858842647573607,1.9315440290492986e-06,0.00032066188409456305,0.054310054102376826,0.001568225585187797,0.0014072469619219516,2.2612255528190566e-07,5.001313244766228e-07,8.18124908323157e-14,0.0565068889110673
0.9151793402530566,1.204391662951056e-06,0.0002922020979436769,0.04049433616360109,0.001318195938886698,0.0010384703616753421,1.6214906751017494e-07,2.3396241378829198e-07,8.646992128444972e-14,0.04167585468160589
0.9165684247412813,1.299295898275862e-06,0.00027734952435336333,0.039292792146901394,0.0014392716774534263,0.0011505253446914847,1.787705448492034e-07,2.5344300246797597e-07,1.008333444495429e-13,0.04126990505577249
0.9082929419864404,1.0830880231673654e-06,0.00031691113056656273,0.044439879347401505,0.0011842037823781857,0.0009526103302029046,1.502184335570217e-07,2.1740993457162152e-07,7.30505689422007e-14,0.04481200270654626
0.9057355760035457,2.367706900740081e-06,0.00029615170117040676,0.04406937855393637,0.0019405076096042162,0.0019562862380318943,3.155969943200961e-07,5.430432169022907e-07,1.5024153343797623e-13,0.04599887354644913
0.8945901443627793,1.1868028706923311e-06,0.00030512358854385213,0.05018825431758065,0.001279661096457881,0.0009508283901537172,1.4892932413515237e-07,2.372839191463598e-07,7.349796674678955e-14,0.05268441522829713
1.5817550580495482e-85,0.00362454773704689,7.78731900244316e-29,1.1152392207275177e-23,0.9963754521380221,2.4168337147658084e-83,9.662159277957818e-57,2.27146552204046e-80,1.2493091121686591e-10,1.1666805664919393e-59
0.86908397044584,3.6534511767392634e-06,0.0003393837313431245,0.06193211240211601,0.0020940257717540476,0.0024591476031703323,3.9152579772015563e-07,9.740285266568851e-07,1.7050494640757147e-13,0.06408634104010469
0.8697100666726736,1.6494467947082074e-06,0.00032756221747857166,0.0613714584065577,0.001514778517614048,0.0014105301653148945,2.1514145456818365e-07,3.427515580919661e-07,1.0944509908356316e-13,0.06566339668044427
0.8653907508806524,2.1817406340109983e-06,0.0003972700990013214,0.06689528771506018,0.001967914712993755,0.002248441026396959,3.663597920419891e-07,4.250356081123517e-07,1.990688678520522e-13,0.06309736242966225
0.92857034132727,4.191084387010447e-07,0.00021441933174669805,0.030517726542730324,0.0006486801025317186,0.0005550490303363422,8.208050473134286e-08,1.0864255905123856e-07,2.795011158462727e-14,0.03949317383385453
0.9296964526526762,5.623703323603966e-07,0.00023384224259429706,0.03196768996433714,0.0008064879261246805,0.0006692728833494227,9.94828726689455e-08,1.297901073122938e-07,4.042971344055458e-14,0.03662546268756556
0.9127867037094691,1.353528781442375e-06,0.00026323520436629885,0.039743912193363186,0.0014839471437912742,0.001359812394711084,2.0517581337064658e-07,3.4517874826541416e-07,8.043558965130979e-14,0.044360485470875476
0.8844269534299077,4.620833379660446e-07,0.00027339663497139374,0.052334782427062465,0.0006847314817678554,0.00048484349461905887,7.08525172832581e-08,8.791360910822474e-08,3.787048727093868e-14,0.061794671682169185
0.8827622480726971,7.943999930365756e-07,0.00027381153677941497,0.05311695603637263,0.0009635238451924317,0.0006329550678951625,9.477276550416872e-08,1.507981454150082e-07,4.832894299652419e-14,0.06224946547011074
0.9215729489097146,1.0492676524431706e-06,0.00021264603991892695,0.03155125035494841,0.0013805109451357454,0.001921918512909692,2.674342390102976e-07,6.529622170835831e-07,4.972492385267138e-14,0.0433587555732145
0.876756036730823,2.832351681875689e-07,0.0004070254789145692,0.06167029643683716,0.0004416112794815274,0.00032369487601190654,4.8845886762932114e-08,5.4350084187967504e-08,2.469246383434175e-14,0.060400948766768096
0.871526695626326,1.3612511692186857e-06,0.00032879889545945457,0.0611702531139092,0.001258282383882159,0.0010496615778745172,1.6203343394271582e-07,2.9956466788715584e-07,6.945613541902552e-14,0.06466448555320808
0.8775381225320362,1.8981013491980774e-06,0.0003740780815383347,0.06036154430011752,0.0017838822444185838,0.001771467330264705,2.8684954094837253e-07,3.787119001660194e-07,1.3421271505524138e-13,0.05816834184870015
0.8705098256815914,2.2927111362722405e-06,0.00037136773074641677,0.06317441836898882,0.0018885045382524756,0.0022811620461588283,3.740697093612063e-07,5.042081981340858e-07,1.598793050340058e-13,0.0617715506450583
0.865103235789048,3.1202184067515485e-06,0.00038450904385320097,0.06588664792687365,0.0022857232585526267,0.003134081624865342,5.21333452026486e-07,6.548073964252267e-07,2.4440658843900334e-13,0.06320150599730769
0.8749331793031928,1.7813394267902367e-06,0.0003274674784501355,0.05948747757044309,0.0014730146051219037,0.0013037567369255404,2.080972086689115e-07,4.6491123978246293e-07,7.322258761543289e-14,0.062472649957918014
0.8686305764418282,1.6739019342618056e-06,0.0003418507497557854,0.0630519032212233,0.0014373428132377693,0.0012903314933664356,2.0062594069950665e-07,3.686177467878558e-07,8.731276686753927e-14,0.06524575213487928
0.8751491710228996,1.3977676879883307e-06,0.00031052749803942047,0.05798281051797077,0.00139884131048933,0.0011472376653572924,1.7143862456063373e-07,2.7214598223345964e-07,9.314250614131533e-14,0.06400957063285584
0.8976962574577538,1.0715048630016e-06,0.00030070581819236034,0.04862745213407878,0.0010973832264647714,0.0008400460974235994,1.3121931843651308e-07,2.3754597644876692e-07,5.353238447009196e-14,0.05143671499587526
0.9162105729729777,1.1507398960158085e-06,0.00022754269313713044,0.034643967390318595,0.0014848209120311134,0.0019425289735074875,2.7098418971973243e-07,5.684892518619965e-07,5.534559348463292e-14,0.045488576844634934
0.8869606523934412,6.050283122159393e-07,0.0002658600537580551,0.0511571269651422,0.0008262801426991187,0.0005200356078148037,7.747309138490278e-08,1.1057086930865516e-07,4.213035505615311e-14,0.0602692517648294
0.8634792207768218,1.356907831418152e-06,0.00035767355729273375,0.06589756925956111,0.0013460428252883591,0.0012238410226633298,1.8934255827986468e-07,2.6821285661543696e-07,1.0074144890120546e-13,0.0676938380950256
0.8812291353873299,1.2617357037880273e-06,0.0002864867723334971,0.05423792306912911,0.001451651042135068,0.001127771948618948,1.664642902924893e-07,2.3780543882274296e-07,9.274700125120802e-14,0.061665365774928
0.8784229585352433,1.2043618332718533e-06,0.0003046646401620807,0.056710937934796556,0.0013702444161973906,0.0009975233742554452,1.480340762368351e-07,2.1251499534564635e-07,9.085014878748249e-14,0.06219210618834937
0.8684125464121452,1.945382741335209e-06,0.00035395739920575354,0.06319394526000567,0.0017781745339686388,0.0019376785284550327,3.1008008261224326e-07,4.1644470098138957e-07,1.4032286135574508e-13,0.06432102595855445
0.8739963064789974,1.6049218055628213e-06,0.00032880014547120287,0.05991646869070588,0.0016187603232871142,0.001411203437024154,2.115514911243524e-07,2.9595027240327766e-07,1.218954037160467e-13,0.06272634850082318
2.588634585245177e-85,0.0012296060182736513,1.2744402613713576e-28,1.8251541557622752e-23,0.9987703939266154,3.955289606308546e-83,1.5812688284310635e-56,3.717386064057547e-80,5.511118590832794e-11,1.9093409241747876e-59
0.8578258669491846,5.644971317319436e-07,0.00035905591241769207,0.06885509680005744,0.00073817987515149,0.000537513917186607,8.141214551843205e-08,1.0327370505107524e-07,4.719649746990861e-14,0.07168353736297259
0.923061283577034,1.0539182145748279e-06,0.00020842889586711243,0.03068495440181024,0.0014080994854703205,0.0020686864057417255,2.8168699807402787e-07,7.498008454084968e-07,4.820565995918308e-14,0.0425664618279704
0.9200008249527912,9.57323271320988e-07,0.0002679415529421831,0.037765190443088466,0.001143712701214368,0.0008918266718874123,1.352575229679662e-07,1.9472132232966572e-07,6.740285761024517e-14,0.03992921637589217
0.9337431905518154,9.235272616708991e-07,0.00018108278051498316,0.02481893347459534,0.0013455998216563535,0.002871407456471727,3.739926677117416e-07,2.85767578479563e-06,3.944818456964729e-14,0.037035630719192456
0.9176889289054998,1.9393966694826437e-06,0.0002769117323083567,0.03840550411819699,0.0017576590023435693,0.00156688781562937,2.4644755969188497e-07,4.105268236324336e-07,1.2937535001233104e-13,0.04030151205483972
0.8920778865776137,1.4868225049557274e-06,0.000346375212009774,0.052702625066245866,0.0015439701939458773,0.0013441090377173419,2.1501053603470668e-07,2.898465139086483e-07,1.0699321819856978e-13,0.05198304223280593
0.91643166168214,1.1712736178689286e-06,0.0002748830846402242,0.03943296368366382,0.001307851331152317,0.0009742023144572384,1.51146260963351e-07,2.2890144270431555e-07,8.071036254207914e-14,0.04157688658254415
0.8754401686409999,2.739868659233567e-06,0.00031009039825042554,0.057952488163250236,0.0016848926446816762,0.0016799678417685072,2.683553223315959e-07,1.1866121806268829e-06,7.75863489677977e-14,0.06292819747480953
0.883414639333334,1.4884538089707596e-06,0.0002945502549855464,0.054120088147384796,0.0015468025891584118,0.0011854081689398346,1.8111777266505942e-07,2.89061130296047e-07,9.906683208196297e-14,0.05943655287338653
0.8642314381267338,2.283158458056307e-06,0.00037698855894459,0.06657249481951426,0.0017592922605989176,0.0019809629401167893,3.2376872360932016e-07,5.192440951083185e-07,1.453070277798876e-13,0.0650756971226696
0.914817550649008,9.975522517055368e-07,0.00029989418327287006,0.040996620385062583,0.0012147498570866725,0.0009410923891545698,1.47918835151541e-07,1.882352626735945e-07,8.597845891949693e-14,0.04172875882997977
0.8927936296424386,1.5837282706060021e-06,0.0003539637620958243,0.05243630368403483,0.0016660570944365604,0.0015871287545709339,2.5664136220578667e-07,3.046933453221244e-07,1.4361441028934772e-13,0.05116077199930176
0.9126640280529867,8.391097066846503e-07,0.0003176988972655939,0.04186462368134413,0.0010898623275035545,0.0010604887438208667,1.6561476824520717e-07,1.908490098437367e-07,6.703893129146923e-14,0.04300210272352739
0.8683603164689935,1.378899420317729e-06,0.0003729146896474985,0.06481981389489624,0.001342845271695775,0.0012908663347897934,2.0521021310062794e-07,2.8714150109171636e-07,1.006473889634449e-13,0.06381137208874195
0.8653157425676716,8.184103130727556e-07,0.00036844551302573345,0.06581227007800988,0.0010474273232232456,0.0007799999068842298,1.2044420725739894e-07,1.4786647389248352e-07,6.921497739793163e-14,0.06667502789012185
0.8886282961011909,7.629618085718364e-07,0.0002641578053788888,0.04993486893382941,0.0010335121676913895,0.0007394145333310356,1.0716158581777877e-07,1.4457262859819016e-07,5.915340191890106e-14,0.05939873576249611
0.9009666658843032,2.28798897914198e-06,0.0003231351976040039,0.04714213587957842,0.0019691836912087337,0.0020795895396818463,3.351243683062218e-07,4.6870906076873137e-07,1.710383263319407e-13,0.04751619798504463
0.8887713397496186,1.0899856284461328e-06,0.00029172928188891706,0.0511055705133292,0.0012081168743685708,0.0009222036434706752,1.3993984674547178e-07,2.195660821612762e-07,7.048625735695562e-14,0.05769959044569607
0.9265695013471563,1.0174698380883045e-06,0.0002206595143137773,0.03126090140748414,0.0012946360642640002,0.0014669739129665317,2.1366425268082585e-07,4.1759036967829084e-07,5.176552044575111e-14,0.03918567902930317
0.8736946056704227,1.0725453177126072e-06,0.0003329381688513131,0.060126416358647176,0.0012408110878343074,0.0009372323639247449,1.4406725576529703e-07,1.984949901665679e-07,7.830234400355331e-14,0.06366658124267786
0.9069644561549702,5.436478266164795e-07,0.000290746505945057,0.04335392698486604,0.000773946986939997,0.0006237885201735854,9.317053536557366e-08,1.173533418224048e-07,3.9090852085508816e-14,0.047992380675362246
0.8775188196780789,1.0165880807217986e-06,0.0003174206942757513,0.05817966715516579,0.0010808768097292985,0.0008436793177125483,1.3134999683979313e-07,2.3039007223377359e-07,5.188213774065849e-14,0.06205815801683608
0.9080236400091241,8.401336213535996e-07,0.00032640921711896316,0.04495610350830777,0.0010883649239690288,0.0009321047838501862,1.4590721335029608e-07,1.6891692297761878e-07,7.449428659452191e-14,0.04467222259979784
0.8773972789252247,9.728540852739288e-07,0.0003077552486431074,0.05717414026215075,0.0011951249124170981,0.000854684619205308,1.2728593922279516e-07,1.702471137117389e-07,8.046298311556376e-14,0.0630697456451404
0.8946698195682738,6.581351989149899e-07,0.00027684322674707715,0.04737216972990445,0.000906679003459176,0.0007563911096499284,1.1029598351754211e-07,1.4222372060800126e-07,4.8976112744295076e-14,0.056017186707013306
0.9343843695354475,7.564530252910459e-07,0.0001847395784154685,0.025288591538452924,0.0011285804222753576,0.0019191614863384757,2.589583470058277e-07,6.313408427823749e-07,3.5915441470861936e-14,0.0370929106868193
0.8624694502272133,3.930158178384811e-07,0.000325994134909802,0.06352863504170907,0.0005913526033993711,0.0003948404854219163,5.9267505944129786e-08,6.872600900208648e-08,3.865307203877008e-14,0.07268920649797501
0.8879208940262148,1.77805390337539e-06,0.00028039917962787016,0.05072555423659322,0.001795968339606911,0.0015721005774595224,2.2678996142844602e-07,3.8805520740384215e-07,1.0492600095336876e-13,0.057702690741320624
0.8804409821915787,2.5675364235761447e-06,0.00030433857394937953,0.05538626582718337,0.0019726649062817587,0.0020060143249279834,3.127824757169371e-07,6.496586871059734e-07,1.2377656734703283e-13,0.0598862041983684
0.8834468264602324,7.807055036787122e-07,0.00027259608812470426,0.052516299201889785,0.000981827595168127,0.0006393306120191113,9.508445760061973e-08,1.422420345381783e-07,5.3596129103930427e-14,0.06214210201051632
0.9100779532047832,1.1842083389627626e-06,0.0003054957226891452,0.043098127430106735,0.0013556434887236728,0.0011532782799476811,1.818571852188735e-07,2.3281257183568783e-07,1.0010360235661124e-13,0.04400790299555365
0.8701465186039469,1.3371766912323188e-06,0.0003455303433719924,0.06256120504008823,0.0013579654384786128,0.0011130394092518218,1.7510332608317582e-07,2.765963282089119e-07,7.829573834339252e-14,0.06447395228843864
0.8750411008333009,1.0515026188163e-06,0.00031795585506088985,0.05917292540996471,0.0011070082449796488,0.0008494677142906556,1.289617396384102e-07,2.1241677643335285e-07,6.099270500856636e-14,0.06351014906120742
0.8738770789519856,7.108028000146585e-07,0.00031397859591192416,0.058766331638094256,0.0009550421921548847,0.0006827094615037496,1.0254744846824999e-07,1.2589398058222126e-07,6.501790017968624e-14,0.06540391991605554
0.9198801391973697,1.19322127302594e-06,0.00021658452708615857,0.032240620586786076,0.0015202046502097557,0.002272549313899489,3.1175250218374023e-07,8.537490184508361e-07,5.515228700506648e-14,0.04386754300180004
0.8714331080951059,6.461354289039923e-07,0.0003222214769419254,0.0604281415526485,0.000823062708895482,0.0005954757587806976,9.053303278373879e-08,1.2705167296802972e-07,4.443396585357462e-14,0.06639712668744825
0.9017535039242423,4.784500279584548e-07,0.00029741090587542205,0.04638399766097088,0.0006892660330589039,0.0005421192619164978,8.078245121277957e-08,9.69356513935621e-08,3.874592117831536e-14,0.05033304604576657
0.9294154149465196,1.0008769058075339e-06,0.00019471882478133126,0.027292229743168056,0.0013936921941211534,0.002615230334978485,3.471098605499037e-07,1.3900879486567302e-06,4.405379339097584e-14,0.03908597588167247
0.8794249163951395,7.901022592692107e-07,0.00028635933167543324,0.05507260369116016,0.0010654756435532094,0.0007313552304187807,1.077139866560927e-07,1.4191461672517447e-07,6.300908131179668e-14,0.06341824997712694
0.8730192061517016,5.239471657155096e-07,0.00032670876447236696,0.059568203469315545,0.0007306246694595541,0.0005164237473822648,7.79064730136293e-08,9.736856823300408e-08,4.4243224811450836e-14,0.06583813397541755
0.9263653188167654,7.175259235010529e-07,0.0002000747134557069,0.029460435035668787,0.0010521616481389711,0.0012707598715771633,1.763709371831362e-07,2.965866356342123e-07,3.911712518527362e-14,0.04165005943085841
0.9269667400401901,6.453063869275755e-07,0.0002123834605842627,0.030534188338816326,0.0009100468239439763,0.0009509265644416771,1.3631009678458823e-07,2.218559570347442e-07,3.535736394644268e-14,0.040424711299547514
0.9221639026007011,3.3727374700156515e-07,0.00020627546588128024,0.032350108244555094,0.0005399238058856759,0.0004398019091480234,6.354669100084346e-08,7.934947937961635e-08,2.4408266500439004e-14,0.0442995078038871
0.8741272000795599,1.3499120596376032e-06,0.0003414165997863116,0.06013714463696187,0.0014722930624320963,0.0014124686383679618,2.1230645819605365e-07,2.7009418775791163e-07,1.0499410631465586e-13,0.06250764467008137
0.8816040994416522,1.3562471151086919e-06,0.00028709532516872914,0.053996063954212956,0.0015485730689948805,0.0011992949974516565,1.7478582561111793e-07,2.490457931182027e-07,1.0139227449725119e-13,0.06136309313368442
0.8886208635562521,9.70041146292665e-07,0.0002699815603115622,0.04998209878608415,0.0011868673406082151,0.000807846631606751,1.1945275929255613e-07,1.7568202049213227e-07,7.216716404586732e-14,0.05913107694913884
0.9073817999862226,2.578993356827416e-06,0.00029854279809633604,0.042342297426820816,0.002144691341522384,0.003039432803150982,4.940360102505198e-07,8.429993194555056e-07,1.548037364465749e-13,0.04478931961534577
0.8894153740873606,2.769869505172948e-07,0.0002444943613343513,0.04740235985142408,0.0004270283910074924,0.00027568407957522,4.0813369688363425e-08,5.256194887068628e-08,2.1661967993964758e-14,0.06223468886700755
0.8850347824840418,2.0783986893033056e-06,0.00035106311726644843,0.05558863214406658,0.0018430025557840217,0.0020763420289465306,3.406013176151391e-07,4.5662144633365054e-07,1.537243926254795e-13,0.05510330204828762
0.8872840507234016,1.8799396021768188e-06,0.0002879028156717363,0.05127171361709655,0.001741855402874003,0.0016522543609797742,2.509895088612007e-07,4.868996135693599e-07,1.015911792181221e-13,0.05775960525115009
0.8872840507234016,1.8799396021768188e-06,0.0002879028156717363,0.05127171361709655,0.001741855402874003,0.0016522543609797742,2.509895088612007e-07,4.868996135693599e-07,1.015911792181221e-13,0.05775960525115009
0.8432069756388245,2.4436233473721576e-07,0.00035164251845725975,0.07268785596650007,0.00039211829020383536,0.0002511263598549113,3.776918647108641e-08,4.267078572294602e-08,2.453509427879347e-14,0.0831099564238278
0.9330809177249295,6.145222873904748e-07,0.00018698531949563118,0.026256132661161218,0.0009315624465019722,0.0011846877106421996,1.639159527788232e-07,2.7807145747114407e-07,3.31570874210686e-14,0.03835865762753858
0.8679567301791313,6.282271675758557e-07,0.00033718792179015573,0.06307446421414697,0.0008663618067652376,0.0006714594296834282,1.0219715182301508e-07,1.1874461906801864e-07,5.75573501786434e-14,0.0670929472794868
0.8773473830723996,1.474916934738783e-06,0.00030624929668012906,0.05668028409233823,0.0014935678038735403,0.0012917667643494782,1.9263675272057006e-07,2.8801946418745514e-07,1.0710622275235443e-13,0.06287879339710019
0.8699676481185855,7.177218785036578e-07,0.00030700101482705055,0.06024081149618159,0.0008999561071550266,0.0006395903244542024,9.527314946261311e-08,1.3277312722825535e-07,5.3231417571289465e-14,0.06794404717058809
0.8724579667828032,2.1963821390813647e-06,0.00033482861021820036,0.060809689795113864,0.0017514104156882314,0.0016957616950601996,2.5990304997389856e-07,4.6130040703069846e-07,1.2998008412819894e-13,0.06294742511539027
0.9244922294825931,9.186974258451036e-07,0.00022083416050283682,0.03131817169815949,0.0011922984075469739,0.001575720817066408,2.258517642648173e-07,4.6113483912440387e-07,4.559429476105606e-14,0.04119913975005639
0.90249019404032,1.5938283473859848e-06,0.0002628978341299982,0.04161773325593238,0.001638689099477947,0.002294739598890989,3.327419224104127e-07,8.379653338809311e-07,7.494301971219568e-14,0.0516929816355698
0.9024339822437635,7.372153436587293e-07,0.00025111135328097955,0.04300359040871976,0.0010069916116765495,0.0008070936384209131,1.1588025340564714e-07,1.647031009672954e-07,4.9614198346810957e-14,0.05249621294539057
0.856985722433449,6.863484365315222e-07,0.00037890546596931486,0.07031234647699015,0.000854401076702911,0.0006372640944781801,9.776098996985967e-08,1.276439995203528e-07,5.168833189350409e-14,0.07083044869893254
0.8635840971011493,6.668450196898449e-07,0.00037303945074290646,0.0672747815317448,0.0009184153599371983,0.0006637844941654252,1.0154115800396304e-07,1.2050072694007868e-07,6.014986787945473e-14,0.06718499317529568
0.8833502069593454,2.121146511690125e-06,0.00029410750185639514,0.05356126288892758,0.0019259772183469201,0.0016769907890914163,2.4329406092402926e-07,4.1982333741611525e-07,1.3198152919375936e-13,0.0591886703783902
0.8937307890937513,1.88221443567725e-06,0.0003342153931873782,0.05116781093957082,0.0017483404644029,0.0017152133294732086,2.7021543306619075e-07,3.705416335575266e-07,1.4120665872681311e-13,0.05130110780797073
4.3773321903426014e-86,0.0035839999701935943,2.1550544107565156e-29,3.0863012044626187e-24,0.9964159999693115,6.688320018015247e-84,2.673895722374059e-57,6.286029621515271e-81,6.049504028429372e-11,3.2286594397552625e-60
0.89986302320461,1.4300720931096302e-06,0.0002685385280167456,0.04507014630347067,0.0016182063779580761,0.0015027569023237839,2.1657598090282314e-07,3.5014236236947914e-07,8.45536850479396e-14,0.05167533189309971
0.902981600665634,8.873454856621216e-07,0.0002757650330926971,0.044988575931282464,0.0011676631061113187,0.0009453153280552235,1.389943868625521e-07,1.8498466315480772e-07,6.334119611516354e-14,0.049639868611225206
0.8851476554935734,9.941629368388313e-07,0.00027274592251444414,0.05214457179468963,0.0012284262874365513,0.0008219315760568187,1.2072307167373473e-07,1.7882388639950266e-07,6.960297270219388e-14,0.06038337521576448
0.9131800239983151,2.8584395339198665e-06,0.00027798215779639343,0.04002828885682501,0.0021102754327861025,0.0020551115037798708,3.2381611165300583e-07,6.679873296850137e-07,1.5872914615241642e-13,0.04234446780736348
0.8794182425581396,3.287553979323232e-06,0.00030144144272454317,0.05552574764962071,0.0022942164579979876,0.0021335726473713456,3.2108595828493286e-07,6.925080039872737e-07,1.6652294661425973e-13,0.06032247809603765
0.8822193742157645,6.036216211864451e-07,0.0002733543533050398,0.05248396619291636,0.0008109572804787051,0.0005297555652479176,7.887877009595739e-08,1.1053210326548706e-07,4.450745995649613e-14,0.06368179935974855
0.8783496504201727,6.358100099607943e-07,0.0002850415706482872,0.05529418399628388,0.0008790893596944308,0.0005780423397132399,8.60180927571414e-08,1.1517001817584271e-07,4.9008270066486535e-14,0.06461315531531758
0.9153033435552468,1.4952627171325446e-06,0.00029015240904114477,0.040164947033931496,0.0015451177183683008,0.001367924507063882,2.147974246076492e-07,3.0254207284835713e-07,1.151412250042603e-13,0.041326502174018495
0.8744667868516395,1.8519053985601745e-06,0.0003281431124789792,0.05946028287808844,0.0016970269103075426,0.001639676767453044,2.58790223482406e-07,3.977819840249036e-07,1.1716632423108028e-13,0.062405575002309435
0.8772612755499184,1.0820502893002355e-06,0.000305905795704857,0.057175452268667395,0.001284864590120835,0.0009417022646352391,1.392393044135988e-07,1.897974594031878e-07,8.844245983387271e-14,0.06302938844381177
