i = 0,i = 1,i = 2,i = 3,i = 4,i = 5,i = 6,i = 7,i = 8,i = 9
2.2270077006893484e-11,2.464974843835732e-08,5.121403959702564e-12,8.889673938556021e-06,0.00015768283038592026,1.0950945610184146e-11,0.5911008010183747,3.4670362921529808e-15,1.1153484881347049e-08,0.4087325906357218
3.0075772074606686e-11,2.336418073904643e-08,6.278144944440922e-12,7.034238945776195e-06,0.00018627191514365997,1.2850184886607921e-11,0.6907046304032577,4.23269302696052e-15,1.3127494513257187e-08,0.30910202690176924
2.159867158612485e-11,3.877905298737411e-08,4.716155932255577e-12,1.4464517652179277e-05,0.0001378218482060607,9.751319136764321e-12,0.3643276226874942,3.1348371532386034e-15,9.944911675257986e-09,0.6355200421866137
3.4212819606139564e-11,7.430846880473306e-09,6.565482612047542e-12,2.4778142530647253e-06,0.00020648024750607674,1.3798513582660192e-11,0.9226489815100823,4.37831925099042e-15,1.4104525406082676e-08,0.07714203883820499
3.2316194398882e-11,9.132110006812278e-09,1.139942606669959e-11,3.2364910100287424e-06,0.00035081452168822546,3.2641920886478276e-11,0.9408998642410843,8.56611395800658e-15,3.3514303458932396e-08,0.058746042023437764
8.962583800433926e-25,1.0281423249636806e-95,1.896656571815085e-08,3.0258186905652873e-100,0.9999999809996437,5.495112320818455e-102,1.2628660381694369e-11,2.1161764498784334e-11,1.851219344241026e-136,4.729882557352624e-23
5.505313012807048e-11,2.1553140249204097e-08,2.424426878212649e-11,8.46762307736206e-06,0.0006738952972539771,8.47469044610008e-11,0.8969076835261142,1.8913322757789192e-14,8.742424373093399e-08,0.1024098444121073
4.986733663728169e-11,2.3238472963583373e-09,6.6162484194051455e-12,1.092082243642446e-06,0.00017777051799840714,1.7330794120700902e-11,0.9805608845871876,4.786072006910598e-15,1.7829798874330377e-08,0.01926023258510491
2.1206662677073755e-11,9.401201816178118e-09,8.68313041184325e-12,3.1598466172701906e-06,0.0003151137335712283,2.443909449147756e-11,0.9218528354016361,6.9537349997000256e-15,2.50833912136131e-08,0.07782885647924664
4.613096474896306e-11,4.242477866600664e-09,1.055465865539089e-11,1.5624811223963722e-06,0.00032835501299284943,2.8761302084130968e-11,0.9646714638198802,8.156913497738532e-15,2.9606785926453753e-08,0.03499858475128593
1.46645542573844e-11,1.0095955177248683e-09,1.7521446605908004e-12,3.57078205392432e-07,5.0902118142033186e-05,3.251791036116534e-12,0.9890144338207213,1.062753696236385e-15,3.324449025389079e-09,0.010934302629217086
2.0589980093377316e-11,1.5834138466555371e-09,3.865076938826752e-12,5.85271177999779e-07,0.00010901283822173637,8.258653672010965e-12,0.9850076036199241,2.5670988480314407e-15,8.45591965725862e-09,0.01488278819862647
1.5672871549705124e-11,2.0803298263202716e-09,3.1227233589894077e-12,6.941207341028898e-07,9.84292032530664e-05,6.45777103709112e-12,0.9798504833891641,2.0463340406251734e-15,6.6173873479790075e-09,0.020050384563876363
3.674621426375685e-11,1.114084704918864e-08,9.47132060357126e-12,4.092028908760777e-06,0.00028952614171022967,2.2478354321693974e-11,0.9192046163272205,6.503209675713931e-15,2.304022457806416e-08,0.08050173125238655
1.524505314336619e-11,3.104728341606566e-08,4.284268427976753e-12,1.1530109395004733e-05,0.00014737073771131268,1.0162612171944028e-11,0.4591711208339293,3.12527243279265e-15,1.0355865246366671e-08,0.5406699368861206
1.9354039370919905e-11,2.7097414428290987e-09,3.0119784849861147e-12,8.808778545982843e-07,9.050524225194348e-05,5.856861808781567e-12,0.9692465772234112,1.9084534556536145e-15,5.97333043198412e-09,0.03066202794518552
8.200986995925723e-11,8.263195557387944e-10,4.858244000586658e-12,4.6984485871775256e-07,8.394447834552524e-05,1.3653213812910877e-11,0.9935472807318514,3.456213733639957e-15,1.3978058503054437e-08,0.006368290040041646
2.6151806102731496e-11,4.281747808430277e-09,3.988459578462422e-12,1.649576875004386e-06,0.00011441949313646451,7.512738895870619e-12,0.9489100326829145,2.3945367043888504e-15,7.661685643388752e-09,0.0509738862659852
1.734875977122602e-11,2.7081858426244336e-09,3.6876328555258316e-12,8.706621977303273e-07,0.00011795859677134387,7.755826750456407e-12,0.9720002455762535,2.53425964751001e-15,7.918324523265802e-09,0.027880914509472183
1.920561163978447e-11,1.3894155494814201e-08,4.142003332948496e-12,5.764916442916406e-06,0.00012609425609378872,7.974161979413295e-12,0.7392090277698735,2.6206590383562096e-15,8.13008219922889e-09,0.26065909100202767
1.5334700374204214e-11,1.9000701316812384e-09,2.1505477601247855e-12,6.063867735479369e-07,6.552095262361814e-05,4.095071195681531e-12,0.977589481817456,1.3552759493351482e-15,4.176905887308695e-09,0.0223443847445891
9.288726630331176e-12,1.1988040956629598e-09,1.0177654279816856e-12,3.7863700062398803e-07,3.133928296100604e-05,1.8359819354950527e-12,0.9833208389501752,6.158441159796241e-16,1.873264952759277e-09,0.016647440045650976
5.157094301869449e-12,2.2672392134902325e-07,1.9520356871774833e-12,0.00014189561251532997,6.0304359402465495e-05,5.0845168176216515e-12,0.09004769004284592,1.5035031311402459e-15,5.189986127882024e-09,0.9097498780591337
3.460650660796177e-11,6.12606127718831e-09,4.930888699555427e-12,1.92162542011222e-06,0.0001527710571809076,9.796386972484287e-12,0.9296031341586307,3.1883517842613464e-15,1.001525437277797e-08,0.07024215696811595
4.394211550408009e-11,1.0103770979570282e-08,6.886255859944946e-12,3.1406571640464004e-06,0.0002410785340126801,1.537033068015622e-11,0.8927935373923576,4.826669119747459e-15,1.5755240698243892e-08,0.1069622174912506
3.797414392616191e-11,1.2527174813457952e-08,1.0156857122924928e-11,4.710409133508388e-06,0.0003093388114180348,2.5256604113288705e-11,0.9174628959540485,7.000008487612197e-15,2.5934603712729825e-08,0.0822230162902268
5.070150926418783e-11,9.279978816271292e-09,7.990864336447112e-12,3.505142923182365e-06,0.0002817901815394263,1.85846230045847e-11,0.9085666243901653,5.5767552457889615e-15,1.9074802577131586e-08,0.09114805185330785
1.9394609520199255e-11,5.478959495022206e-09,4.438711206507661e-12,1.83425674731155e-06,0.0001450366179097704,9.335414931345385e-12,0.9372099522595151,2.9935671567607186e-15,9.537115274205445e-09,0.06264316181658133
2.0705406975538234e-11,4.054830616224135e-08,7.417338900377667e-12,1.4318585591364583e-05,0.00023403455919068997,1.7294448972589964e-11,0.5487246646302458,5.555469478971558e-15,1.7647746678484414e-08,0.4510269239834966
6.736270157077626e-11,9.717016500852537e-08,4.86453289118374e-11,5.2732845866398445e-05,0.001195934539362632,2.7020136033260076e-10,0.6742132084428575,5.71153766587351e-14,2.7907214086568266e-07,0.324537747543341
9.706363712614379e-11,7.508050930360648e-09,1.0542393596087197e-11,3.841209396598387e-06,0.0002717525369396555,2.5502710566716327e-11,0.9358183021816953,6.9601816579990645e-15,2.6140328537031746e-08,0.0639060702904733
7.006420457059791e-11,2.6748369260995025e-08,5.072199911098775e-11,1.0572237422795294e-05,0.0012866974073033174,3.387457435866401e-10,0.8918164419947743,4.865074708733377e-14,3.537366919147728e-07,0.10688590741585785
1.3319413445912086e-10,1.6855375308607006e-09,1.3723255380155938e-11,1.0445463411792457e-06,0.00019927075227635203,6.330996232535945e-11,0.9881942646850406,1.2913122329537115e-14,6.535324409151948e-08,0.011605352767319858
2.6428288396686366e-11,7.68220096192117e-09,7.56117508129788e-12,2.441210299068205e-06,0.00022889709305586996,1.7574289702860292e-11,0.9385150108332342,5.384309175654562e-15,1.8009467920591167e-08,0.061253625120172774
1.955593487596956e-11,3.2761596536028016e-07,1.3111326348779334e-11,8.919423201686858e-05,0.0004683567957797133,5.425362043602162e-11,0.33670501506722506,1.436592521627933e-14,5.5508094836514545e-08,0.662737050693983
2.0627681358632785e-11,1.2476698871431652e-07,1.1975759703362263e-11,4.33500953362614e-05,0.0004758307028677637,4.473837841404914e-11,0.4777825821530453,1.2199697241748365e-14,4.577772194613825e-08,0.521698066426686
1.2819771756554204e-11,8.508559630100498e-08,3.5886690888239763e-12,5.9522902844533466e-05,0.00010682965728688467,8.19071014616344e-12,0.19189093707115384,2.4884814467363833e-15,8.371453789455957e-09,0.807942616887063
2.7791082370576798e-11,3.090639635019714e-09,4.690068907020585e-12,1.0265878368622808e-06,0.00015109107345579094,9.911396280669666e-12,0.9687055955031529,3.141220941113759e-15,1.016046409715721e-08,0.031142273542054972
3.068488208797445e-11,2.799864921123382e-08,7.520359720773797e-12,1.1710778178760914e-05,0.0002327071706001087,1.7691338533322987e-11,0.7835971418788725,5.0471283142927546e-15,1.809673015858675e-08,0.21615839402106762
1.8206632375466975e-11,8.222137771013052e-09,2.8200561320340315e-12,3.064654556329753e-06,8.95122159724257e-05,5.336069112404046e-12,0.8790906143626983,1.7375893917007313e-15,5.452155547564621e-09,0.12081679506611515
1.9100142026527422e-11,2.7050936197925768e-06,1.1543278936598366e-11,0.0003361931694876258,0.00034010389638445014,4.1730381443047004e-11,0.22437295987313177,1.1218030789602837e-14,4.276372325497667e-08,0.774947995131268
3.514532055823688e-11,3.595468074019764e-07,2.5040586235766722e-11,0.00010926235684445683,0.0007235186231550116,9.519895935564109e-11,0.4457361525283485,2.5935095157867463e-14,9.776111720169338e-08,0.5534306090283168
3.065422773128542e-11,2.1505529544999028e-07,1.2539821164241875e-11,6.1017332517477896e-05,0.00044461578201323616,4.2144166431142145e-11,0.3681904743032354,1.1327793491704797e-14,4.333374634524179e-08,0.6313036341078424
3.2870210344783494e-11,1.3809442768327966e-08,5.803966825953301e-12,4.117051479087029e-06,0.00018012885517797793,1.2748873354883352e-11,0.8202788372592714,3.871416714640699e-15,1.302613616887487e-08,0.17953688994706596
1.7180297299489755e-11,2.1338129813737536e-09,4.403117584045361e-12,6.979147504184948e-07,0.00013729303863918758,9.850453802381041e-12,0.9794509451871009,3.1425142082884206e-15,1.0070217419533013e-08,0.020411051624042453
3.681772452268257e-11,1.9822603729060773e-09,8.531996620058452e-12,9.939208200829508e-07,0.00019243696063048272,2.7346478301452766e-11,0.9851950388817937,6.842964430629019e-15,2.809210174890206e-08,0.014611500089690772
4.5530419132534483e-11,2.4141412577308897e-08,3.142746266032596e-11,1.2686037469272578e-05,0.0009955068434348996,1.865814681426065e-10,0.8723506527684719,3.864022109160839e-14,1.9262132405708076e-07,0.12664093732430923
7.364283079943255e-12,1.3493875325273374e-09,1.3168495177640604e-12,4.4448520315001324e-07,4.39803311440351e-05,2.6340922508991544e-12,0.9840651788309972,8.643131296837606e-16,2.6883417520626526e-09,0.01589039230361023
3.163312706896832e-11,8.563343050349431e-08,1.0148043031303054e-11,2.866252241387419e-05,0.0003524727731171117,2.694242121816111e-11,0.46448817397542663,8.099062311129139e-15,2.7630724975949753e-08,0.5351305773961551
5.969732999244762e-11,1.5877362699619393e-08,2.2812569282507893e-11,4.73172279799951e-06,0.0006940672874183216,7.843334097719246e-11,0.886261605975015,2.0175876983464955e-14,8.049527600202814e-08,0.11303949848116644
1.090203278098354e-11,5.85518187410625e-10,9.305677423448183e-13,2.2667773395892528e-07,2.578511520945304e-05,1.643574868042405e-12,0.9932301051317048,5.346985684310516e-16,1.6781388262683762e-09,0.006743880798218111
5.389477847237734e-09,1.0068969194731594e-09,1.540195867647815e-11,7.289102540531251e-07,0.00015027719409347717,1.8447296368874214e-10,0.9933588088692977,2.0442678473950718e-14,1.9296836473017237e-07,0.006489985461719813
5.88930966214623e-11,1.3862517795844279e-09,6.089796601180341e-12,7.7543888084444e-07,0.0001226629442169602,1.7230885000241474e-11,0.9897249914028641,4.30577853232995e-15,1.7740006637253562e-08,0.010151551005561706
1.1830762794914559e-11,3.4824554266141323e-09,2.236949166260905e-12,1.1949113124435625e-06,7.367383485891579e-05,4.368889822192592e-12,0.9536488827699015,1.4347995264820555e-15,4.4622363754111065e-09,0.046276240520797186
1.7164221935120767e-11,2.2380137930680587e-08,5.80106167231515e-12,7.981965053810844e-06,0.00020698744609183266,1.3883049351171109e-11,0.708188201028592,4.3988987526952206e-15,1.4161250169791305e-08,0.2915967929820215
1.6901529497241374e-11,1.8073747665730093e-08,5.842352328352996e-12,6.336900654893605e-06,0.00021975132964218209,1.45686751185249e-11,0.7783278054056758,4.553826102573096e-15,1.4864199947635253e-08,0.2214460733887625
2.830200427078617e-11,4.486252114552666e-08,8.427648834553339e-12,1.6739994606407898e-05,0.00024688719957597944,1.9243971783171432e-11,0.5350833194184428,5.983796134775677e-15,1.960410570421893e-08,0.46465298886476836
2.2725077369213744e-11,4.466892164227153e-09,2.82925536080655e-12,1.521748424167777e-06,9.273159987357225e-05,5.493596339663164e-12,0.9471742750297898,1.7679877788268579e-15,5.621150809629571e-09,0.052731461502819967
1.0352591946033283e-11,1.6819188500563295e-09,1.7344812497232964e-12,5.180745357118885e-07,5.409055614805158e-05,3.302262087300317e-12,0.9792772937485816,1.1173310198456065e-15,3.3704106881397727e-09,0.02066809255301453
5.5315689055303185e-11,2.2409388854381362e-08,2.735368712153173e-11,8.637186294206306e-06,0.000746031545449538,1.026803869594774e-10,0.8953513018095692,2.2211013547061758e-14,1.0600972183557373e-07,0.10389390085420425
4.399350563361238e-11,8.594580841172542e-09,1.4331511616947217e-11,2.924060623003832e-06,0.00042786954930661944,4.040634421475531e-11,0.9435935038394151,1.084612139756725e-14,4.157676658054957e-08,0.0559756522805658
2.4475983600436054e-11,4.368052092918001e-09,7.511450905665988e-12,1.3766308197005055e-06,0.000256368884992115,1.978536952435814e-11,0.9603683359583028,5.9989417516958104e-15,2.0226850509800694e-08,0.039373893879203786
1.5891476983232496e-10,4.2766764914706714e-10,3.001050432811292e-12,2.755707207447395e-07,4.600348641077136e-05,8.972454400471775e-12,0.9967802050718692,2.159402917246005e-15,9.214546920527109e-09,0.0031735060578944245
3.522341561620337e-11,4.644331110549107e-09,7.21501350325206e-12,1.5801219172533515e-06,0.00025030589420662594,1.7469682853161686e-11,0.9568601846784467,5.265146174051856e-15,1.795780763662164e-08,0.04288790664337734
5.169419885678513e-11,7.180331617119243e-09,6.253377941671866e-12,2.899918860225069e-06,0.00016917080941560112,1.2402751506210951e-11,0.9209330496569764,3.713660552365943e-15,1.2655133038454855e-08,0.0788948597089289
2.6859236370318692e-11,3.1781308771788073e-09,2.3873917525319786e-12,1.6464774874191583e-06,6.446871186003131e-05,4.354305134026735e-12,0.9566947620071886,1.3562313436609034e-15,4.440994591076816e-09,0.043239115150736175
4.0218228507488647e-11,6.354402215006771e-09,1.0443115907119289e-11,1.928465391126909e-06,0.0003232755995820444,2.5200561628227964e-11,0.9451805029625108,7.809954872924025e-15,2.5833623339333344e-08,0.05449426070862073
2.113809997224222e-11,4.808285937950219e-09,3.641420383710125e-12,1.586324937910156e-06,0.00011011451204194908,7.042298751870734e-12,0.9399248448398348,2.3116000314802233e-15,7.1842382351389516e-09,0.059963442298837044
3.92278680959529e-11,6.4237176419994896e-09,9.00433737134937e-12,2.009904338524295e-06,0.0003127004095029875,2.222584047698493e-11,0.9425851969086652,6.781916117477394e-15,2.281387543983675e-08,0.05710006346943569
3.6483387209315976e-11,5.041052205538046e-07,2.7764325861097152e-11,0.00012772516634075874,0.0007822854653332323,1.184860440713991e-10,0.4130055462800927,3.149290344265146e-14,1.217750059522406e-07,0.5860838170252417
2.592058278666111e-11,3.4902266139255298e-09,3.084370248959867e-12,1.1110078021003069e-06,0.00010343120755237049,6.0921647514090425e-12,0.9593841730478297,1.9896320075466027e-15,6.235760860279201e-09,0.040511274975729476
4.5512989418157274e-11,5.85874537945386e-09,4.341630989830034e-12,2.871872037704932e-06,0.00013177750591903634,8.716896523631497e-12,0.9331714112534621,2.667292064026619e-15,8.927744585492281e-09,0.06669392452351716
4.4446226406593475e-11,2.6321783696061738e-08,2.086266359924752e-11,1.0658521448050766e-05,0.000636399420855723,7.518714985606293e-11,0.8742129443273327,1.6998477231200282e-14,7.733996746012605e-08,0.1251398939280993
4.272423396539104e-11,1.7020056173691465e-08,2.3573300714357786e-11,6.417839775766857e-06,0.0007036542515043034,9.326337367527153e-11,0.913840093632211,2.0337800563663647e-14,9.622423433964776e-08,0.0854497208726373
9.715425983734072e-12,3.515066095534853e-09,3.12778944379072e-12,1.1247951601097357e-06,0.0001286377949896752,8.072942936934563e-12,0.9617182926473247,2.505685306741342e-15,8.252067078868328e-09,0.038151932974473814
2.6905045061797697e-11,9.99286055729023e-09,1.400553611698322e-11,3.6282207536469206e-06,0.000550024958671474,5.572376716273941e-11,0.9368094692789499,1.3106242309247823e-14,5.7400855928245416e-08,0.0626368100512607
2.2316181252811546e-11,1.6664259556371685e-08,5.8382517436282196e-12,6.661427581598183e-06,0.0001851639612397119,1.265126147313059e-11,0.8420824315927193,3.908653010106339e-15,1.2928958545177845e-08,0.15772571338443145
3.561940418109056e-11,9.342390366679586e-09,1.0857832691764927e-11,4.002581642789233e-06,0.00030382469583995863,2.771164101941267e-11,0.9386468575904824,7.32276715658554e-15,2.8451417843380583e-08,0.06104527726403066
2.244979607636203e-11,2.554105586613035e-08,1.3874345282994642e-11,8.556562095569955e-06,0.0007653667896647946,6.747797772467515e-11,0.8390903639361403,1.637480551331256e-14,6.948115822144127e-08,0.16013561758606681
2.580286396713598e-11,1.093862357871504e-08,8.481572167468651e-12,3.919808423590587e-06,0.0002667261109732576,2.1710424657630382e-11,0.9226500048861873,6.170101205538398e-15,2.224564024252309e-08,0.07707931595415121
3.20295023722588e-11,7.789532431394746e-09,9.001382932804049e-12,2.7856647523901094e-06,0.00027641038125111747,2.2444998123917887e-11,0.945232419504099,6.293628320550476e-15,2.3048951011945435e-08,0.054488353547931904
2.4224869512817498e-11,1.8103041970296795e-08,7.841407101751106e-12,6.83027441122577e-06,0.0002662147440694825,2.0820525567524594e-11,0.8668098121430288,5.8475724058379786e-15,2.1308855194193883e-08,0.13291710337370066
4.8624594938862414e-11,1.9530355061559533e-08,2.1672169881102632e-11,7.005835447082088e-06,0.0007358086760903393,7.988108851571018e-11,0.8947736828047964,1.8783926175417743e-14,8.268257104552717e-08,0.10448340032054321
1.709089233600614e-11,8.685044165967944e-09,6.928308193991638e-12,2.9600801001051414e-06,0.00026636312226901656,1.9563388310776143e-11,0.9252116733768894,5.642322742345707e-15,2.0052190581621934e-08,0.07451897463991858
5.146293438409101e-25,5.903567785549433e-96,3.4717315139888805e-08,1.7374176038483412e-100,0.9999999651840862,3.1552798953496626e-102,7.251345501051138e-12,9.134736598216096e-11,1.0629655660789305e-136,2.7158868589527026e-23
5.301430584476165e-11,4.870253064058573e-08,3.1591289886628977e-11,1.3012719586639026e-05,0.0010723790695940907,1.811641271766066e-10,0.742773743075045,3.4308386428659034e-14,1.877605640240481e-07,0.2561406284068756
5.718324480040228e-11,1.7664290879224856e-08,1.3139486447634504e-11,5.15529727977948e-06,0.00042573137452243156,3.653802081853072e-11,0.8499883199221427,9.931789624804533e-15,3.750085398570816e-08,0.14958073813403935
9.52924069413534e-12,6.35349973876998e-07,4.2860939643528375e-12,0.00027058864043338996,0.0001264815704251111,1.1524754118515151e-11,0.14311751019559643,3.465140129875532e-15,1.1768641384538142e-08,0.8564847724495862
1.7512631648795653e-11,6.662256913837257e-10,1.9645638684504228e-12,3.6738669263147e-07,4.445544805015701e-05,4.419254064961793e-12,0.9941802215584755,1.2657783853840472e-15,4.526280614420605e-09,0.005774950390377793
2.3463296197719226e-11,1.196075038765945e-09,2.7941607587297854e-12,5.640240298973273e-07,6.880476914192206e-05,5.954080278871372e-12,0.989830032134119,1.7230225492965813e-15,6.10498936319991e-09,0.010100591739431624
3.150621222468081e-11,3.1707392241613872e-09,9.946671452468206e-12,1.3632689903984114e-06,0.0002550661644312927,2.974870858393942e-11,0.9766974998559885,7.637140056430818e-15,3.064419885466482e-08,0.023046036824442305
1.753395396466928e-11,1.1615678416404138e-09,1.593812176576016e-12,4.242716898974626e-07,4.516755306300318e-05,2.8818085444843417e-12,0.9864017531277766,9.295877489085478e-16,2.9427227267107625e-09,0.013552650921169501
1.0246478346246233e-11,2.535103321383531e-09,2.9771260059139213e-12,7.891994399506044e-07,0.00011270902928956925,7.2322804126843835e-12,0.9732184627518531,2.3012627514635272e-15,7.389579311726789e-09,0.026668029074276765
1.5112890260136752e-10,1.2844965242687541e-09,1.4000778277585063e-11,7.84306195895347e-07,0.00018646715076216003,8.895220850498109e-11,0.9911272254170372,1.528735941397303e-14,9.234171775261523e-08,0.008685429245693614
1.5230955729266717e-11,3.293323264123848e-09,1.8665582631022156e-12,1.572997446062864e-06,5.1903586373691174e-05,3.3296079126626537e-12,0.9461546739524311,1.086831678754963e-15,3.3953182166411816e-09,0.05379184275467928
2.4461221859143145e-11,1.5452000630985046e-08,8.919084709129823e-12,4.557840004902224e-06,0.0003675253985587187,2.943394881603213e-11,0.8619963005165946,7.917895533474092e-15,3.0159449571695954e-08,0.1376315705705693
2.107280683570481e-11,1.0382069884875848e-07,1.0399147516583118e-11,4.06503571818429e-05,0.00034350999558040445,3.0123231492033426e-11,0.4725836132981647,8.954621716758298e-15,3.077350720478197e-08,0.5270320916932629
2.958219208625168e-11,2.1430492868439422e-07,1.100400172945023e-11,6.259670657133224e-05,0.0003675060873001862,3.5558883954706136e-11,0.3508965419814246,9.532705578743566e-15,3.6552976037293116e-08,0.6486731042906446
1.4979959525578873e-11,1.529086537067007e-05,8.40561753707878e-12,0.0010503926370359227,0.00024138780698502237,2.821268510491339e-11,0.17908172102761136,7.810814916556204e-15,2.8881402398749794e-08,0.8196111787299886
2.0556166999911807e-11,2.69181687050573e-08,1.2218280798271661e-11,8.601771412847313e-06,0.0007405712758597084,5.911495192475946e-11,0.8099144217502092,1.490222645815095e-14,6.077566972356095e-08,0.18933631741677553
2.943263765793875e-11,2.5781728143369503e-08,1.176993457089301e-11,7.302955258122745e-06,0.00045263172388761906,4.0289592084238175e-11,0.7887378408599484,1.0620870149771613e-14,4.129843082890124e-08,0.21080215729924406
3.9861108591863876e-11,9.53997269248946e-09,9.78997056053757e-12,2.8568251250868373e-06,0.00030171269182793667,2.4737697894965015e-11,0.9126814255403811,7.192202153588606e-15,2.529203598775742e-08,0.08701397003626155
1.565217798871735e-11,9.895888586350587e-09,6.303623461446389e-12,3.3171373550863284e-06,0.0002930919921372937,2.081396485018112e-11,0.9181983505708674,5.747908309658539e-15,2.1333952545164807e-08,0.08150520902702359
1.0642202072221552e-10,1.5158094455192877e-09,1.3753058731258694e-11,8.721090452609737e-07,0.00020695395516204108,6.776654831369272e-11,0.9893456066126263,1.3738297144809613e-14,6.991050779345551e-08,0.010446495708893624
8.474012222172055e-12,1.6147585059849028e-09,1.8703365829302326e-12,5.198216836589145e-07,6.51343329248963e-05,4.001353735442009e-12,0.9819319053484789,1.3051904425590158e-15,4.084984127832778e-09,0.01800243478282279
4.1098427702444906e-11,3.157419159738668e-08,9.433824588096935e-12,9.301482791211113e-06,0.0002907119323889682,2.374582544862046e-11,0.6733469296597735,6.731253952023675e-15,2.429172559487377e-08,0.3263530009848444
3.877489470159262e-11,4.68513344150764e-09,7.2854424997501e-12,1.439674904108843e-06,0.00023627069719451982,1.6360864650887163e-11,0.9565810564036037,5.219787747981179e-15,1.6767271648726624e-08,0.04318121170946605
2.3439566137587882e-11,5.820264106336786e-09,6.70497359155415e-12,1.6972995935954522e-06,0.00020577333202719228,1.4762113412365867e-11,0.9424862407172463,4.916767812205819e-15,1.508973344541969e-08,0.0573062676962237
4.330610217103614e-11,6.71164456821151e-08,1.3810725864685528e-11,2.0837330868644993e-05,0.0005071255005660661,4.053489775790445e-11,0.5667335548301164,1.1809761889314157e-14,4.164103691006942e-08,0.4327383734833027
4.219139870651738e-11,1.3684322540852289e-08,1.1630476684542835e-11,3.750824016144487e-06,0.00035565853615275334,2.7399955540444625e-11,0.8793432553735464,8.88631525934318e-15,2.808056541094659e-08,0.12029729342016568
2.2121822059253922e-24,2.5377036434944926e-95,3.2958658335133953e-08,7.468451525787072e-100,0.9999999669818582,1.3563264753685808e-101,3.1170584589495177e-11,2.8312999012760162e-11,4.5692565715100695e-136,1.1674492828139078e-22
2.4371464958307378e-11,8.55018266760927e-09,3.34018458959711e-12,2.6583639534900846e-06,0.00010417329895498338,6.696734187143822e-12,0.8595560763635318,2.1044842735767003e-15,6.8371962668751404e-09,0.14033707655177038
1.9045938773762225e-10,1.1950111125676308e-09,1.4835694980188575e-11,7.372067302707048e-07,0.00018291286685161067,1.1026852046440761e-10,0.9918328856713724,1.7691843999911358e-14,1.14484438009428e-07,0.007983348260015401
2.263736113606737e-11,3.672407274315548e-09,5.532618815636267e-12,1.39175714313084e-06,0.00016147242605824155,1.293096147995635e-11,0.970685682039465,3.682326602100701e-15,1.325284238751686e-08,0.02915143681097906
1.920049328117626e-08,1.1127598789088148e-09,2.156069083055982e-11,8.25670866854882e-07,0.0001830036175625095,1.2349334391332527e-09,0.9929278091780624,4.480933980875523e-14,1.3614304253048126e-06,0.006886978533290868
4.005919711388672e-11,1.1741776282882116e-08,1.6289500837126934e-11,4.3346566721797e-06,0.00047738893191607104,5.137326133707013e-11,0.9325147924552607,1.250143710989356e-14,5.2851582162676246e-08,0.06700341925505811
2.566131985213082e-11,3.614864768084136e-08,1.081119487145227e-11,1.3702033454632434e-05,0.00035713378112819174,2.9075101576595304e-11,0.7502577729373782,8.595437198011123e-15,2.9740306858082934e-08,0.24937132529352823
2.089941759176386e-11,6.308845809303662e-09,7.045197325366774e-12,2.2313367747438545e-06,0.00023249114894428337,1.8340763406541854e-11,0.9528071353616698,5.191430379748774e-15,1.880742976360984e-08,0.04695811699004488
2.6178632993906596e-11,2.487408388363626e-08,2.020869418152989e-11,7.144084604071342e-06,0.0022301909761874524,2.558170889922441e-10,0.8534154012221878,4.233132877519791e-14,2.688306954322965e-07,0.14434696970999464
2.4824064321298274e-11,5.900791962846662e-09,8.468839491027782e-12,1.8608091772565855e-06,0.0002989802304885558,2.260363003273597e-11,0.9482354953857276,6.668602822024617e-15,2.3219105476010783e-08,0.05146363439880581
2.3403721139822883e-11,1.7843553001903475e-07,9.754475052539685e-12,5.197112776182127e-05,0.0003229314474033579,3.516136545396105e-11,0.3308859449142836,8.340445063139465e-15,3.610522581469223e-08,0.6687389379014675
2.7205516025651154e-11,1.1316204154468238e-08,7.076526428174447e-12,4.31771917317731e-06,0.00021938157984530073,1.6126232735707274e-11,0.9128021795126258,4.751161785035822e-15,1.652095184222405e-08,0.08697409330078683
3.408746504323747e-11,5.4980570334815167e-08,1.2033930610711459e-11,2.3068711900293645e-05,0.00036512005299768824,2.9881639279787115e-11,0.6810065221753628,8.816084974436092e-15,3.0600598825536265e-08,0.3186052034025582
4.7323106429340614e-11,9.076841133432842e-09,8.498126892331933e-12,5.6969781705606215e-06,0.00021295677739147038,1.8979421096057396e-11,0.9295290316457199,5.358270689804702e-15,1.943809435404237e-08,0.07025228600897662
3.369986834405899e-11,5.305393091263246e-08,7.959349780464072e-12,1.6973091976306503e-05,0.0002636785615969146,2.1543388272265004e-11,0.5275121392729517,5.766803105914771e-15,2.2094176190568085e-08,0.4722071338621595
1.9453713265608676e-11,1.848726253966477e-08,5.046397315134577e-12,6.516365698690483e-06,0.0001611412815920208,1.0679002677458128e-11,0.7077173331102442,3.485423823646813e-15,1.0882371514826965e-08,0.2921149798376485
2.1103793908883797e-11,1.521985783699159e-09,2.9990860930513776e-12,5.265533078586493e-07,8.432216032029188e-05,5.7740010562108194e-12,0.9843848115151856,1.870087318963357e-15,5.900682761447123e-09,0.015530332318638936
5.001948396830938e-11,4.0663684275174744e-08,2.1472224941856886e-11,1.492077892408059e-05,0.0006030828485890542,6.501612218078303e-11,0.8064948912790361,1.7129402726403243e-14,6.680809051863259e-08,0.19288699748515098
2.4545294348769816e-11,7.300131954518203e-09,7.557204264728002e-12,2.599828508208876e-06,0.00025585547800455974,1.920164900810776e-11,0.9311042858202371,5.62565843292425e-15,1.9597247851553432e-08,0.06863723192456071
5.645781687978796e-11,1.4801597891259872e-09,9.968716311188814e-12,8.392225498015474e-07,0.00017599263048100432,4.164146924058703e-11,0.9896855152852826,8.725943528784478e-15,4.299193852746754e-08,0.010137608281511376
2.241874164767023e-11,1.4072777543424347e-08,7.1741762513332575e-12,4.590301936328886e-06,0.0002375871341053745,1.6869633339222986e-11,0.8435642057105119,5.3736673098993525e-15,1.721245386750715e-08,0.15619358552174697
1.858702112746872e-11,2.2327396416547963e-09,3.206334088876857e-12,1.0556835141762365e-06,8.283078389295828e-05,6.624751943223208e-12,0.9780574923000085,2.0609479424698376e-15,6.770216975736748e-09,0.021858612201207432
1.499169247963665e-11,8.90554951399634e-09,6.1839976773599525e-12,3.2533249344293177e-06,0.0002900759964384228,1.9606779396036774e-11,0.9132480889823055,5.56855271535663e-15,2.0068394374024982e-08,0.08645855268159004
3.469538364474655e-11,1.0826023266227056e-08,6.747200183564458e-12,5.1066788819332775e-06,0.00019862888802297263,1.4246910698810493e-11,0.9060215457275631,4.220784934509782e-15,1.4591033804210365e-08,0.09377469323278112
2.433370186319776e-11,6.048045660312077e-09,5.575163192675221e-12,1.8083931019532367e-06,0.00016741351509057245,1.1457782972108277e-11,0.9343155750195363,3.8293407667014995e-15,1.1702629069545888e-08,0.06551518528022601
3.276731825270202e-11,1.8661803540403575e-09,3.669072535430831e-12,7.812574884850157e-07,9.230054630743811e-05,7.330165320021865e-12,0.9818570370075647,2.299967386805739e-15,7.502759145535876e-09,0.018049871775930888
1.894305698406788e-09,9.469522854418686e-10,1.2571529506360425e-11,6.776489042788772e-07,0.00013366485180222058,1.0006557729926568e-10,0.9936486600195316,1.4507050014611882e-14,1.0408187034517725e-07,0.006216890443981916
2.0817080825862694e-11,4.560116842198911e-09,2.2397440473419086e-12,1.4935745750451659e-06,6.791522347620697e-05,3.999243835998671e-12,0.9210609155250258,1.3397108301270883e-15,4.080222977068554e-09,0.07886966700952576
3.6312795044794815e-11,3.5271190210845933e-09,1.198771058212612e-11,1.2322417327468582e-06,0.0003185007391441904,3.20444465784575e-11,0.9711855444678195,9.548035597203906e-15,3.286114829930631e-08,0.02849468608268182
4.832091043150606e-11,1.3982639288673106e-08,2.0883367063775304e-11,4.2356666745715575e-06,0.0009862374056616018,9.14679431772896e-11,0.9046742083019063,2.279387479253849e-14,9.506623510113927e-08,0.09433520941618825
1.2200591269309668e-11,2.526757895245477e-09,3.0815262310925987e-12,7.863224388769316e-07,0.00010498323977382786,6.842904185325357e-12,0.9728322229453138,2.2203886501002532e-15,6.987512470765793e-09,0.02706199795607576
3.9493818036033594e-11,1.520130917837227e-08,9.352456369977454e-12,5.786005323461404e-06,0.00029471365757037954,2.2342106991022847e-11,0.8934283121906953,6.379300741361633e-15,2.2924771629851243e-08,0.10627114994913525
2.012172865632736e-11,2.549727619303442e-08,8.865206268561937e-12,8.599182859150541e-06,0.00036242086059679756,2.654643386542207e-11,0.7585812923457134,7.885765763318817e-15,2.7118047096268706e-08,0.24104763493996612
2.1033686250080477e-11,8.268157495062947e-09,6.042700403684895e-12,2.4753854341442094e-06,0.0002246243534556752,1.6353902945737997e-11,0.9175466727970288,4.77214408569908e-15,1.67282676532853e-08,0.08222620242422114
2.801893164741409e-11,6.467702473464108e-09,4.268166355515468e-12,2.0206890577889794e-06,0.00013091752832649703,8.232546075623078e-12,0.917490767773302,2.7367219137675094e-15,8.411010364182153e-09,0.08237627909007876
1.9612751167716566e-10,1.5009425516997058e-09,1.8385630320681252e-11,9.118215951527395e-07,0.00022714683003494706,1.4242367987589154e-10,0.9898435174853424,2.1996290374494107e-14,1.4821594790521419e-07,0.009928273789178191
1.659819051007132e-11,6.525081662244626e-09,3.980471419530974e-12,2.4263936914307165e-06,0.0001405422799489743,8.995294425321082e-12,0.9166116175918143,2.779567400636874e-15,9.168479619547982e-09,0.08324539801140704
2.37605049868009e-11,2.1412067099124184e-09,2.4772272195017446e-12,8.910977880292935e-07,6.804705576596179e-05,4.692562418565322e-12,0.9767093403081404,1.4804178082743913e-15,4.8021758075592615e-09,0.023221714563991445
1.0296377846100198e-09,1.195335663508503e-09,1.9668271041252384e-11,8.270516383114612e-07,0.00019086041730557532,3.4922528776741683e-10,0.992239318876497,3.0929081296854955e-14,3.6989961277310446e-07,0.007568621161048715
2.2712462424142505e-11,3.152548130775437e-09,3.7267510128848525e-12,1.0170333522169506e-06,0.00011351585580075693,7.413703586241178e-12,0.9658102602128549,2.430054746136592e-15,7.563410006760391e-09,0.034075196148178714
1.977800079220918e-11,5.724687599954894e-09,3.394748390983565e-12,2.1949795418155288e-06,0.0001041351169564914,6.609379918620123e-12,0.9180696806116967,2.105672773905701e-15,6.732316785114617e-09,0.08182397680501645
2.2004250479909173e-10,8.520690011235634e-10,6.839475719150927e-12,5.099741882052036e-07,0.0001025682048795929,2.3240778934152668e-11,0.9936865270624988,5.36298532114113e-15,2.390086212179987e-08,0.00621036975537417
5.564340892818187e-11,8.895505853804384e-10,4.633811824737125e-12,5.100750875736312e-07,8.582689946329829e-05,1.4055315159125852e-11,0.9932127159524196,3.439081569828867e-15,1.4423421704034605e-08,0.006700931685721215
2.1137515150450616e-11,3.725074676082707e-10,1.0075837072155802e-12,1.8100954941696712e-07,2.3664911659795424e-05,1.9510062960401564e-12,0.9964365364986193,5.937689643304217e-16,1.996554763024413e-09,0.003539615187012591
5.258300910598383e-11,1.4548861320280906e-08,1.2182465811968507e-11,5.319775960191748e-06,0.0003185261313432978,2.6971202557719517e-11,0.8647722166641919,8.398334020811581e-15,2.7574538166663548e-08,0.13490389521335988
4.195234741436774e-11,4.707764401067279e-09,8.135622430211389e-12,1.453824963675915e-06,0.00023820972729064223,1.772653159869159e-11,0.9570086115793832,5.683944437142135e-15,1.8125038036995525e-08,0.04275170196773979
2.077311151793182e-11,3.2576999325381002e-09,4.752853447549207e-12,1.03652069450811e-06,0.00014757295057019824,1.032454426375218e-11,0.9676798338688749,3.290268470784346e-15,1.0542325720513509e-08,0.03217154282398091
7.743482739766785e-11,1.8079079893499952e-08,3.929385454466379e-11,1.0504139478857593e-05,0.0008256805316187066,1.8433677789755006e-10,0.9103639781594667,3.540611949973731e-14,1.9070277350915665e-07,0.08879962808648147
5.5778542060031725e-12,6.739450499476047e-10,7.752382749604719e-13,2.5915089652269875e-07,2.357994608913941e-05,1.4452514129890888e-12,0.9912623828216406,4.684456863967661e-16,1.4735097790860559e-09,0.008713775926120193
4.4708611194711634e-11,8.910609171353628e-08,1.6422282026803016e-11,3.335772431920257e-05,0.0005780694588443309,5.131028346954121e-11,0.625214077664759,1.3830749083501367e-14,5.2813895953333883e-08,0.3741743531196347
3.663410680301525e-11,5.1423610925666224e-09,1.4827711292930254e-11,1.970823226573103e-06,0.0004492376044253322,5.262707051678479e-11,0.9602397735360039,1.3079610118577858e-14,5.436738614284201e-08,0.039308958422495335
3.663410680301525e-11,5.1423610925666224e-09,1.4827711292930254e-11,1.970823226573103e-06,0.0004492376044253322,5.262707051678479e-11,0.9602397735360039,1.3079610118577858e-14,5.436738614284201e-08,0.039308958422495335
1.4179810651121597e-11,3.250604863776355e-09,1.3647377733407058e-12,1.120498144182141e-06,4.1857376141965044e-05,2.372484647545779e-12,0.9310518413563093,7.956315906035059e-16,2.4188553011890314e-09,0.06890517508202641
3.613981452730182e-10,7.830044431616951e-10,6.6490711336265845e-12,5.095725924773153e-07,9.057928725935092e-05,2.412339652961318e-11,0.9942986971112248,5.304821471274742e-15,2.479044701109093e-08,0.005610188063295923
3.408886202277055e-11,7.66763800326773e-09,4.235491353151528e-12,2.8209880848630717e-06,0.00013635738845745797,8.131047871466393e-12,0.8929943982548438,2.616052421200496e-15,8.314508937823961e-09,0.10686640734000899
5.70245945855197e-11,1.0060186265771316e-08,1.1108250158090735e-11,2.981259687228052e-06,0.0003457115783286281,2.697153526888414e-11,0.9112880439547687,8.056284139834876e-15,2.7645145245906066e-08,0.08836322540677152
2.2407762535058565e-11,4.51332774171526e-09,3.682056742431199e-12,1.394726950415167e-06,0.00011670250162455185,7.784817439339144e-12,0.9464659688547286,2.437478467793328e-15,7.946854625510548e-09,0.053415921422636986
4.528471949614907e-11,2.1565698080609454e-08,1.721536923518654e-11,5.88318817472902e-06,0.0005524174038300103,5.564690433217805e-11,0.8421735182315453,1.471965317484784e-14,5.7192951398941714e-08,0.15726810229963883
1.4024490499854466e-10,1.566412203634204e-09,1.1678152156206682e-11,9.991507901404015e-07,0.00017610435454518372,5.6942521226048745e-11,0.9892460587844806,1.0587339428171483e-14,5.8826488924550164e-08,0.010576777108406928
1.2826811843492497e-10,3.795712367667133e-09,2.4868851872772423e-11,2.157663877413196e-06,0.0004059135028303881,1.5772116651707193e-10,0.9747073986151457,2.6208714004207668e-14,1.6360507719689331e-07,0.024884362506472624
2.0391875218187653e-11,1.0008241535317073e-09,3.0121632915117293e-12,4.0859622192455123e-07,7.332183038445874e-05,6.377696799617331e-12,0.9908855194394677,1.9826575102567736e-15,6.52806942095932e-09,0.009040742575248926
1.7989566414987236e-11,1.627284964610902e-08,3.934624106948085e-12,5.24568280752978e-06,0.00012972436889790992,8.583047923777159e-12,0.6937407784018087,2.713680364643288e-15,8.749852950716444e-09,0.3061242264932733
2.0620462806794382e-11,1.2118936942847013e-08,4.160458888125282e-12,4.357631826638682e-06,0.00013252735559216068,8.294594932448518e-12,0.8132436422553959,2.7094149964442563e-15,8.45291001896063e-09,0.18661945215226022
3.796919892026509e-11,5.702040072967381e-09,1.5000624263460393e-11,1.7783025001389898e-06,0.0004173798515098525,3.998148909201884e-11,0.9540693764476457,1.2308048828808928e-14,4.098124134890485e-08,0.0455114186220991
4.5221351573626437e-11,3.359538397807818e-08,1.582873986807518e-11,1.0828699027319002e-05,0.0004603842065937839,4.292821634425186e-11,0.7988943979145294,1.216381971312573e-14,4.404834948509753e-08,0.20063431143212546
7.065054617732039e-26,8.104673652488473e-97,3.396104495985039e-08,2.3852021673651013e-101,0.99999996589335,4.33170495588491e-103,9.954961409489073e-13,1.4460937609114807e-10,1.4592851864917848e-137,3.728487156998915e-24
3.883323535591016e-11,2.436373182881549e-09,9.665436064923217e-12,9.676292419432726e-07,0.00023192751690373934,2.5747851885794936e-11,0.9807937852748991,7.39323545641793e-15,2.645317152104318e-08,0.018973290615156437
2.937506565700201e-11,2.3283835302919865e-09,4.738513953664997e-12,9.151772058836261e-07,0.00012742862430265706,1.0011393951968032e-11,0.9792072692240497,3.031806106824537e-15,1.0242991487934102e-08,0.02066437435893895
1.580572646873481e-11,2.316303048468551e-09,3.8342495234315495e-12,7.128641073845493e-07,0.0001233252891972693,8.357847162500906e-12,0.9770812710310645,2.744244342157677e-15,8.542516122407284e-09,0.022794679928810898
4.481165632755557e-11,1.2835755342780946e-08,2.5536658504620088e-11,4.583343850497048e-06,0.0007541036941397638,1.0790215661116907e-10,0.9310562055974527,2.292581473233604e-14,1.1150671553358959e-07,0.06818498284381268
3.88494295255238e-11,9.575488648370046e-09,2.377728411784011e-11,2.796057726832347e-06,0.0007972726095276753,9.316892767497705e-11,0.9310855354075698,2.5101524308498896e-14,9.620824811691321e-08,0.06811428998561839
1.42211722387679e-11,2.8329248137796437e-09,2.7258061417085377e-12,9.296848991190451e-07,8.980447456358275e-05,5.706986727472412e-12,0.9668140478074834,1.833488089530585e-15,5.817921986925675e-09,0.033095209359551105
1.5088411546795915e-11,2.8920541175323903e-09,2.8152099563125647e-12,9.551113248077812e-07,9.127289872247586e-05,5.724904151277301e-12,0.9661884538404208,1.8691868163853877e-15,5.837109142074426e-09,0.033719309396738166
