i = 0,i = 1,i = 2,i = 3,i = 4,i = 5,i = 6,i = 7,i = 8,i = 9
1.5461803208650462e-07,5.738060587210515e-08,9.381935757776597e-14,2.5198203367754397e-06,1.461745612707369e-11,7.424320543167285e-10,0.8451473290518523,7.458866331543745e-05,0.15477531805326122,3.1655453204804444e-08
1.524798172908126e-07,6.144739571295269e-08,1.0229845354934542e-13,2.7352869180741e-06,1.559865104075328e-11,7.92022772504283e-10,0.8475440870894414,7.660291250211594e-05,0.15237632621075092,3.376545080588944e-08
1.5850685351590215e-07,7.30426455044177e-08,1.2261884615491348e-13,3.2011440736399794e-06,1.8580199506299844e-11,9.441448444119037e-10,0.8434223990486974,7.594851465394809e-05,0.15649817853229947,4.0247928891323004e-08
1.2817999776958016e-07,4.9435583552212955e-08,8.150392105103073e-14,2.1819185779327114e-06,1.2594583182335706e-11,6.395413062466442e-10,0.8812880310258885,7.953104742393382e-05,0.11863005046819429,2.7272116557108827e-08
1.2191040009384072e-07,1.2083161820571897e-07,1.8171690224014062e-13,4.609457550412031e-06,3.130494682804051e-11,1.5923091305832466e-09,0.8313289234853641,8.073963651961989e-05,0.1685854150776248,6.797712705412474e-08
1.2917401854513309e-68,0.02513282132413629,3.49150594705206e-08,0.9748606101704361,6.533590368022644e-06,1.1616307951232051e-76,7.022931740232329e-54,5.977437677014792e-42,4.086765803686015e-74,1.4674563642455313e-89
1.257280952675916e-07,2.1103185392348503e-07,3.0617883564967124e-13,7.001426975349825e-06,5.5515358255876304e-11,2.8326588983900456e-09,0.8231371127839993,8.115289732842685e-05,0.17677427223153186,1.2101173555568966e-07
1.1539602475328905e-07,3.885955623643058e-08,7.668189176400851e-14,1.7674798657513105e-06,9.188010811276184e-12,6.563100354526803e-10,0.9047611241216205,9.161875702772427e-05,0.09514530671672163,2.800360867126203e-08
1.2600463208743144e-07,8.484014189211512e-08,1.2936194234187831e-13,3.301368886895238e-06,2.1858350012267392e-11,1.1101155943974674e-09,0.8616217760130002,7.839536948610008e-05,0.13829626787389032,4.7397859101562185e-08
1.125466741788388e-07,6.311952772808385e-08,1.0593115544939476e-13,2.50851865877044e-06,1.5562933001597033e-11,9.32630238114313e-10,0.9039434169018576,9.196876979516709e-05,0.09596188938612227,3.980906505445796e-08
9.89407485434696e-08,1.7465276951817057e-08,3.0850665503214936e-14,8.545703558391962e-07,4.351947110737404e-12,2.3651417228940283e-10,0.9237571214092495,8.601585776826142e-05,0.07615588143344523,1.0082258817212342e-08
1.0318893671657437e-07,3.055217279519073e-08,5.467594857964873e-14,1.4303402746270653e-06,7.522171605929722e-12,4.3460773587093873e-10,0.9175492315949342,9.195684824394821e-05,0.0823572284980385,1.8535214562952323e-08
1.132452085884208e-07,4.0355612215796264e-08,6.72815684428041e-14,1.8499286290550589e-06,1.0205949266171611e-11,5.312428891892693e-10,0.8774370473894177,8.202873700525699e-05,0.1224788971468246,2.2655786303578646e-08
1.287132528506967e-07,9.314529706026045e-08,1.5014105623874813e-13,3.918042659299111e-06,2.391642778806182e-11,1.2163286574112129e-09,0.8309852726530109,7.796744035108023e-05,0.16893256688134103,5.1883692564456705e-08
1.5570085334032568e-07,6.508318998454578e-08,1.0259192537459076e-13,2.706323625307367e-06,1.665295219084573e-11,8.458121112768845e-10,0.8424933362716003,7.329359607821546e-05,0.15743040608678305,3.607530205005471e-08
1.1233824639910268e-07,2.622799787877697e-08,4.376485246887189e-14,1.2317906013446568e-06,6.658015757690408e-12,3.378859589652849e-10,0.9020002557762195,7.996058003252712e-05,0.0979183985365981,1.4405716465424562e-08
1.0490554311470906e-07,1.986809196705991e-08,5.244281094484421e-14,1.0896372906473562e-06,4.4174983148339805e-12,4.29523957393141e-10,0.9323941906987743,0.00012095031636073761,0.06748362581866729,1.832127817922799e-08
1.3527594468286841e-07,3.37639196697966e-08,5.890363967042297e-14,1.6191590199915147e-06,8.4808880749424e-12,4.503012101625825e-10,0.8708392236993572,7.832449931761624e-05,0.12908064394877528,1.9194824703195087e-08
1.103984774760945e-07,3.341031380501223e-08,5.4559181490973786e-14,1.5257406971222404e-06,8.489328121973949e-12,4.3060801208886245e-10,0.9054363471090703,7.973511426929221e-05,0.0944822294251507,1.836286942434356e-08
1.6069865010615388e-07,4.467590730732848e-08,7.67684049443289e-14,2.1271662412423463e-06,1.1257966124852946e-11,5.86286931734079e-10,0.8299998925056444,7.128615233575564e-05,0.1699264632128235,2.499077616133524e-08
1.0668579085458168e-07,1.9466577187643552e-08,3.265966223486784e-14,9.284869408934491e-07,4.936657597035587e-12,2.504963374051324e-10,0.9159709898498302,7.719837650894086e-05,0.08395074619989361,1.0678992735715168e-08
1.142802374063686e-07,1.1908202496212475e-08,2.0313259221285096e-14,5.861720400169669e-07,3.0162803792929555e-12,1.530855395791965e-10,0.9131297387429114,6.627021835943947e-05,0.08680327199691287,6.525214291044439e-09
1.577922006843385e-07,1.214189751996956e-07,1.933480133073462e-13,4.677720428114988e-06,3.116637956749603e-11,1.5850652692349074e-09,0.8358644406665907,7.643902211593826e-05,0.16405409415037914,6.761288529676931e-08
1.268320013417354e-07,3.772229238102058e-08,6.235736278536901e-14,1.6934877028041443e-06,9.58836637109337e-12,4.867233738674261e-10,0.8868543819325807,8.059376933407436e-05,0.11306314500738905,2.0752325615145158e-08
1.273054399031751e-07,5.108164594228801e-08,8.033377820996569e-14,2.0979931098851418e-06,1.3060423173589301e-11,6.630767911861572e-10,0.8827639457296037,8.051499733567533e-05,0.11715323393486105,2.828178628194091e-08
1.2611928912708682e-07,1.0517470135881381e-07,1.6636578690378506e-13,4.287038531457538e-06,2.7104740742921014e-11,1.3791967767233493e-09,0.8179885778902783,7.782503830919969e-05,0.18192901848760193,5.8844820784813855e-08
1.311390384095935e-07,5.669694061774118e-08,9.191916855675006e-14,2.3162189468220995e-06,1.4294495850406704e-11,7.775751455558368e-10,0.8770115863383033,8.104771428573487e-05,0.12290482793363222,3.316689129830141e-08
1.2863154360684304e-07,4.0058105949964984e-08,6.620511877710982e-14,1.8193282209132724e-06,1.0192559255193311e-11,5.173749841125454e-10,0.8791969149566958,7.529496492464187e-05,0.120725779468714,2.2064161094920643e-08
1.5187400447578544e-07,8.606414733573481e-08,1.3905876001137748e-13,3.649061536109421e-06,2.190591409791245e-11,1.1120416847861194e-09,0.8431337995615756,7.556206395243129e-05,0.15678670281471618,4.742598092956668e-08
1.468001909640335e-07,3.0283931156041036e-07,4.867862217255831e-13,8.407994414683243e-06,7.427187924474474e-11,5.07190741159174e-09,0.8567716354641787,8.38761660520212e-05,0.1431354086995324,2.1688965356349443e-07
1.4031628957558278e-07,5.555458150687522e-08,1.051872127751848e-13,2.4162130233780056e-06,1.3431470084986093e-11,8.762132033757457e-10,0.8760554404737725,8.660323133100092e-05,0.12385530595037904,3.737087322881022e-08
1.2456929611950425e-07,4.4636839851197356e-07,5.381717681447736e-13,1.0224871300661295e-05,1.234369001980093e-10,6.338267256421373e-09,0.8317835959106489,8.383683051511297e-05,0.1681214932987743,2.716888241801444e-07
1.211229404212003e-07,4.191479419728271e-08,1.3837016784839357e-13,2.2595714493717734e-06,8.88553079077177e-12,1.2443714014728054e-09,0.9140664564844283,0.0001059323700539955,0.08582513412361852,5.315932000235003e-08
1.271415010787442e-07,7.85528175958744e-08,1.2576878786539427e-13,3.3468243990660516e-06,2.005348876535514e-11,1.0181179446990246e-09,0.8442889681355555,8.058613387403644e-05,0.15562684874146357,4.343209186424386e-08
1.4851639544954437e-07,2.1785308440735808e-07,2.9088712481716455e-13,6.3575354369419836e-06,5.6824127983481096e-11,2.886411623324408e-09,0.8524983220646719,7.999843775684475e-05,0.14741482931551808,1.2333360995410728e-07
1.4460956818220954e-07,1.6568501170651172e-07,2.2294313354886096e-13,5.269532344954721e-06,4.308518582554041e-11,2.1871038328563853e-09,0.8446715605675221,7.78974367612291e-05,0.15524486650737324,9.343100669384188e-08
1.5921966465017036e-07,1.02651077893512e-07,1.7162638230354934e-13,4.218594815485151e-06,2.6088939384184167e-11,1.360946569712775e-09,0.8321540052491984,7.640741863442105e-05,0.16776504745161203,5.802779014202132e-08
1.1111124175383629e-07,3.6446710587825e-08,6.038518610578217e-14,1.5988776780667148e-06,9.181461535328787e-12,4.870463576939636e-10,0.9056886049621677,8.664426364080516e-05,0.09422298307000547,2.0772267568708944e-08
1.395490995299036e-07,8.48195105330665e-08,1.373892353466137e-13,3.5648965564467537e-06,2.1808527258810092e-11,1.1098817816211462e-09,0.8077339712406202,7.385649090581802e-05,0.1921883345320915,4.733938805105001e-08
1.4368864553510022e-07,3.863433258602458e-08,6.578900260934005e-14,1.8627573945409267e-06,9.813052103473062e-12,4.985137862596035e-10,0.7988741775519879,6.696768910854907e-05,0.20105678792030762,2.1249830701423213e-08
1.531106522530015e-07,2.3676655462148823e-07,3.5084621556005814e-13,7.161106195179498e-06,6.148118134173165e-11,3.129682486053202e-09,0.8529227226820749,8.107394328885016e-05,0.14698851556614853,1.336335712682826e-07
1.4752951226868955e-07,2.761177410803065e-07,4.001500012065602e-13,8.267084283156743e-06,7.156480785297385e-11,3.639874688195634e-09,0.8468500617708822,8.103744766960102e-05,0.1530600508994928,1.5543857918626276e-07
1.4838715094550869e-07,1.7617240575091547e-07,2.5472515228121004e-13,5.5332469351401335e-06,4.587465001800939e-11,2.334724000117343e-09,0.8539322911304377,8.019689449449337e-05,0.14598155209925726,9.968846532054636e-08
1.4738735816116853e-07,4.742433017618866e-08,7.759507728881742e-14,2.0014708769183815e-06,1.2133966274532834e-11,6.167281897682999e-10,0.8742988276576066,7.870035978686523e-05,0.1256202487683273,2.630277434005495e-08
1.0242118047066928e-07,3.644222712633318e-08,5.943357682494438e-14,1.607610981135579e-06,9.166617033653715e-12,4.857550846289863e-10,0.9162750886921502,9.014402843502218e-05,0.08363299958922865,2.0720816157532152e-08
1.1797056001576382e-07,5.69705859423098e-08,1.232088532908029e-13,2.7015963006009193e-06,1.3099487539751061e-11,1.0871078035807463e-09,0.8863147836530951,9.0962940139034e-05,0.113591329362385,4.64066035459452e-08
1.3613134503428837e-07,2.0610931474512505e-07,3.185299410417322e-13,6.357280304164129e-06,4.9532418836295e-11,3.7069767729928063e-09,0.8538335880059408,8.278406115249489e-05,0.14607676597550923,1.5867960579155826e-07
1.1141279334846751e-07,2.1573095782086264e-08,3.548398131861732e-14,1.0280225801436925e-06,5.479210000836195e-12,2.779881902819418e-10,0.8836386684527775,6.945372817278393e-05,0.11629070467425145,1.18528261007796e-08
1.484483863146329e-07,1.2172831386547528e-07,1.8755173272112089e-13,4.5043287288006285e-06,3.1284811462404864e-11,1.5900231831314956e-09,0.8484355736169161,7.813581184434333e-05,0.15148144660855703,6.783575809344198e-08
1.284564349708078e-07,1.3607529988929098e-07,1.976435290094614e-13,4.330268435221528e-06,3.5477961722785504e-11,1.8043815217650891e-09,0.8910923207526468,8.820043797888865e-05,0.10881480509353304,7.707561412238725e-08
1.0313070525174685e-07,1.0708468842075342e-08,1.9653538108685258e-14,5.480401357319953e-07,2.647804384657683e-12,1.4815195070878036e-10,0.9264163468950264,7.955591039769921e-05,0.0735034288503976,6.314049043535313e-09
1.1151358953218206e-07,2.623096546824474e-08,1.6171178204941338e-13,1.64807848008095e-06,5.188275114190754e-12,1.6866755559606495e-09,0.938128718844303,0.00013166503527445962,0.061737756330081314,7.22752803511322e-08
1.2058852149331358e-07,4.479268740471185e-08,1.0647617399674935e-13,2.2894088436747545e-06,1.0181166857377671e-11,8.91268440486142e-10,0.8723611672494442,9.193498696767656e-05,0.12754440404506873,3.802691071457865e-08
1.3330345359170256e-07,2.918686014612723e-08,4.915261197032487e-14,1.4019271182603752e-06,7.408892994383687e-12,3.7609124490354304e-10,0.8540264022419043,6.82561152992563e-05,0.14590376080704368,1.6034771656465808e-08
1.472126495128474e-07,6.458192611925878e-08,1.0112434783164152e-13,2.7371773979216408e-06,1.647789666791316e-11,8.361003011394656e-10,0.8432363745495515,7.282602485187799e-05,0.1566878139357305,3.566521317029479e-08
1.425615582242363e-07,6.205880866571187e-08,9.50595342271453e-14,2.572253686455879e-06,1.586572111946956e-11,8.048610516861109e-10,0.8490971718483895,7.28859781524918e-05,0.1508271301395175,3.433906527031666e-08
1.5186744077679036e-07,8.826205190444315e-08,1.4362129596246634e-13,3.6886726894792892e-06,2.2515486769480834e-11,1.1439136823435552e-09,0.8473556794069894,7.771274811186943e-05,0.15256262909704216,4.877910174329626e-08
1.305976097535717e-07,3.5310317749707043e-08,5.909282162333998e-14,1.6477670014005898e-06,8.98754277237729e-12,4.565445468479373e-10,0.8446042303134226,7.180692751688353e-05,0.15532212915533392,1.946320655533834e-08
1.095646176926988e-07,1.8384991567617397e-08,3.0761473305543764e-14,8.83373756293286e-07,4.6528575712547215e-12,2.35958042380978e-10,0.9115727736104415,7.537725154150931e-05,0.08835082751410551,1.0059904310339076e-08
1.2580631676392553e-07,2.3424808913504574e-07,3.328519969442128e-13,7.463380633948054e-06,6.180658474666496e-11,3.154023317735201e-09,0.8258035822191521,8.182590018547135e-05,0.17410663044691277,1.3478254710314346e-07
1.2108760943492536e-07,1.28525656095607e-07,1.9559672465719212e-13,4.838655682695603e-06,3.324591233064635e-11,1.6907982821087563e-09,0.8494422551507389,8.356892012562489e-05,0.15046901376084099,7.217510661735844e-08
1.1201380023515539e-07,5.6397992254985866e-08,8.504786359129633e-14,2.214363215078378e-06,1.4360556678131459e-11,7.4654719487476e-10,0.9054594620547857,8.82932443901591e-05,0.09444982930402947,3.1860794390329594e-08
1.0919207483272467e-07,1.3976599245223616e-08,4.302852329214329e-14,8.331726027703592e-07,3.0310176832214527e-12,3.456718777844434e-10,0.9324922679336565,0.00012976716729785274,0.06737699346525831,1.4743764500658215e-08
1.1456962818223755e-07,5.168284594234404e-08,8.293503393149213e-14,2.093373605024505e-06,1.3015565993702152e-11,7.072850470655549e-10,0.8989841829056724,8.67250226013122e-05,0.1009268015456025,3.017966108619613e-08
1.405431663617787e-07,4.323811695890524e-08,7.597900790473419e-14,1.966925157574347e-06,1.0850214025548737e-11,5.907952805663567e-10,0.86982149373217,8.266979996859186e-05,0.13009365997369374,2.5186005397537182e-08
1.8228533936234874e-07,2.253110398500985e-08,4.2588204793824853e-14,1.1381684007363377e-06,5.54364695663423e-12,3.209099109353566e-10,0.8380475660441183,7.108239723555608e-05,0.16187999457143948,1.3675866300582714e-08
1.1580368887087965e-07,6.848739069816885e-08,1.0721948175858555e-13,2.7309920302152098e-06,1.7493695403694848e-11,8.873814358414325e-10,0.8977318578681115,8.916526756782315e-05,0.10217602281212827,3.786410041159261e-08
1.2949790725299666e-07,3.208540331872317e-08,5.387409484219367e-14,1.5109865844266427e-06,8.139105733746809e-12,4.1310057059779356e-10,0.8783085187101994,7.634185887942406e-05,0.121613448827833,1.761189935341722e-08
1.1484704390304184e-07,6.229891383725519e-08,9.619440949940035e-14,2.455070318420438e-06,1.5968869649572563e-11,8.104382427882388e-10,0.898408334823134,8.50969570398131e-05,0.10150390059446739,3.458257942004584e-08
1.4761365747268876e-07,3.1865225442681904e-07,4.4376069567962967e-13,8.75857055898321e-06,8.29198304934146e-11,4.217902050815522e-09,0.8518051965998773,8.1953713732333e-05,0.148103440372604,1.8017604973402872e-07
1.1853218987684487e-07,2.8848277709895276e-08,4.756138482713448e-14,1.3123590694394246e-06,7.339083899668792e-12,3.7256603460578103e-10,0.8931131192056515,7.608473869104174e-05,0.1068093200514599,1.5884707852214604e-08
1.4934702698595253e-07,3.688816570470993e-08,6.650163004354072e-14,1.717938458745792e-06,9.110207520843568e-12,5.272969645893335e-10,0.8470932486532066,7.570234685307284e-05,0.15282912181145802,2.24783569989205e-08
1.281756159445003e-07,1.9386062158026574e-07,2.7579222034549665e-13,6.401981297360404e-06,5.101454635066968e-11,2.601362573600367e-09,0.8229391875066744,7.980492163198118e-05,0.17697416976128516,1.1114022054578701e-07
1.2335081398765827e-07,2.2196177374113883e-07,3.0432788997196577e-13,7.0293024925642196e-06,5.857501016089925e-11,2.985009567956473e-09,0.828075903759661,8.169464095293695e-05,0.1718348963345019,1.2760591496447027e-07
1.1086774114768056e-07,3.671516416174313e-08,5.4376538138387145e-14,1.5075979277557103e-06,9.40044236283665e-12,4.763886490486329e-10,0.8889454162279226,7.355802490507775e-05,0.11097934974780817,2.033268753491861e-08
1.1933531191274504e-07,1.5261864295820115e-07,2.007631315394148e-13,4.8931827690367245e-06,3.988614253678079e-11,2.0780122332047042e-09,0.8435991654570804,8.149134152195016e-05,0.15631408710056424,8.884601032817836e-08
1.392363257297854e-07,6.888769243702638e-08,1.1370368647268688e-13,3.111255811072083e-06,1.7577002399875122e-11,8.932117818366424e-10,0.8062226496321795,7.174176747149985e-05,0.19370225022086593,3.808875143921495e-08
1.255447265852262e-07,1.0983113283109988e-07,1.8074197696561439e-13,4.570200722197794e-06,2.7847725944469393e-11,1.5176235511055613e-09,0.8116327591739118,7.882115207224408e-05,0.18828354779653791,6.475524445330331e-08
1.2626333155458766e-07,1.545059578516656e-07,1.8003052271678485e-13,4.331787736726889e-06,4.087843543960275e-11,2.071724585580264e-09,0.8561691240654348,7.849677394260812e-05,0.14374767582997466,8.866083874659274e-08
1.2634416642931765e-07,9.608209844091605e-08,1.4890560796255604e-13,3.93433963256583e-06,2.4702980540121518e-11,1.2554577377286042e-09,0.8191952946105779,7.737538964128194e-05,0.18072311838122876,5.35723450437761e-08
1.2205195425411354e-07,9.780663155026076e-08,1.5444798650851742e-13,4.024988793800227e-06,2.5175008432008766e-11,1.280244362510695e-09,0.8300326538084852,7.934698406918135e-05,0.16988369842677611,5.462771593597359e-08
1.315856224852839e-07,9.087633960567418e-08,1.380419872563584e-13,3.6210867709513552e-06,2.3428136799686993e-11,1.1909061048971865e-09,0.8144296058048424,7.502058311267003e-05,0.18549147802779298,5.082104650150375e-08
1.2503457102528712e-07,1.8981689912889037e-07,2.636227766135425e-13,6.018747152660847e-06,4.989961503252092e-11,2.5412367971749417e-09,0.8407784418086082,8.182475142692014e-05,0.15913328864363127,1.0860631090635269e-07
1.2497477661333097e-07,7.698106265712541e-08,1.1468518006598048e-13,3.015879844874089e-06,1.9823176690043616e-11,1.0061334510120335e-09,0.8535552115087802,7.644677033950172e-05,0.14636507990241374,4.29567110212169e-08
7.583830254970886e-69,0.22788008794352832,7.815343700007889e-08,0.7718346820138033,0.0002851518892312176,6.819955644627708e-77,4.1231760697728926e-54,3.509364593028343e-42,2.3993476781203807e-74,8.615463154555657e-90
1.368093242530718e-07,2.4478281345440944e-07,3.1030909640467234e-13,5.6805522313089615e-06,6.621111482641398e-11,3.3809910397435265e-09,0.8795796771366535,8.648839290735836e-05,0.12032762403560728,1.4484295023545216e-07
1.333876052917293e-07,8.578247372814716e-08,1.31290802465414e-13,3.0429579392826624e-06,2.2233638837197983e-11,1.1312208248118243e-09,0.8870500122012541,8.536186848436122e-05,0.11286131436044941,4.8288207980834664e-08
1.568867068227928e-07,1.5079619510150373e-07,2.4097631294616705e-13,5.64110724231092e-06,3.864322979415934e-11,1.964860290046484e-09,0.840723602633323,7.804777135282754e-05,0.15919231498812045,8.381331490304217e-08
1.2616294028232544e-07,2.0281844985445776e-08,4.50363965656857e-14,1.0899419595969835e-06,4.714894635885414e-12,3.538585588045855e-10,0.8871982214030766,8.664879851772365e-05,0.11271387796406986,1.508897260972119e-08
1.2122713407211505e-07,3.719289860253056e-08,7.371227467092465e-14,1.8696401573020381e-06,8.927295703802045e-12,5.819114198653361e-10,0.8470475334160847,8.44722286972276e-05,0.1528659408919517,2.4812163983419707e-08
1.1910235102399904e-07,8.144963957845671e-08,1.5262632091279376e-13,3.516578554299534e-06,1.9534935603619318e-11,1.3309336672701759e-09,0.8667082029169199,8.804335887467288e-05,0.13319997841647502,5.6826564210215475e-08
1.1559320414543924e-07,1.5884528242108306e-08,2.8375442438474994e-14,7.837422612555838e-07,3.96208420041196e-12,2.1546974151424723e-10,0.9144663333219964,8.147198632176297e-05,0.08545127006854449,9.183683447569765e-09
1.0309803000952607e-07,3.167698451648796e-08,4.803913247103016e-14,1.3389281272793456e-06,8.083755266952838e-12,4.0959173900824066e-10,0.9066792097367471,7.754528222795404e-05,0.09324175338225235,1.747790711946085e-08
1.0904261658460801e-07,3.7222098894456865e-08,1.4289764187750963e-13,2.053285581564466e-06,7.699476993111931e-12,1.3769884453985538e-09,0.9280556801788103,0.00011533502226263862,0.07182672496306369,5.890073520071588e-08
1.8019026282795067e-07,2.2054919718375087e-08,4.0477465318813834e-14,1.1271682391535616e-06,5.450713135022002e-12,3.0507659454867695e-10,0.8034692336992144,6.708157465462127e-05,0.19646234200122917,1.3000912316617824e-08
1.297928540615661e-07,7.989203569209444e-08,1.1055645526531076e-13,2.7095753521068776e-06,2.0787617249849944e-11,1.0554116545451754e-09,0.8784370267911887,8.043860612024238e-05,0.12147956918041827,4.508572105234706e-08
1.476262327849454e-07,1.3843480191857415e-07,2.0827309807223781e-13,5.154572565181836e-06,3.554457901567968e-11,1.8051269125102841e-09,0.8353318149965288,7.691617856344947e-05,0.16458574931913547,7.703129269875175e-08
1.4769085746478183e-07,1.6547725125528758e-07,2.4209529407589417e-13,5.343369905248521e-06,4.3046468782884605e-11,2.1915762737107133e-09,0.8504285816598004,8.000714543097857e-05,0.1494856588605813,9.356130860233513e-08
1.5362278161061255e-07,2.171074345153657e-07,3.2751322206506684e-13,6.921506638917817e-06,5.6167112407259303e-11,2.8586710186753145e-09,0.849544250940499,8.04442375796239e-05,0.15036788764925538,1.2202064525079691e-07
1.2651387888268589e-07,1.338953450989001e-07,1.534286040856139e-13,3.730375100520804e-06,3.5361823454792586e-11,1.790225971426558e-09,0.8663701653195531,7.800641174771327e-05,0.13354775904839317,7.66102402692039e-08
1.3636029952444679e-07,1.0136579292900154e-07,1.4098292096989368e-13,3.3224024610755995e-06,2.6414235818646317e-11,1.3418790413588255e-09,0.8744396749880653,8.157643468445699e-05,0.1254751297513575,5.732890496899451e-08
1.27263504625413e-07,6.5446986286601e-08,1.0216542962657803e-13,2.538291839179043e-06,1.681943543335739e-11,8.544282713698175e-10,0.8929233267270963,8.641549938669891e-05,0.10698748943969474,3.6460142250020623e-08
1.2090202946666352e-07,7.991992885656909e-08,1.0717808205881637e-13,2.823073194144732e-06,2.075262220944416e-11,1.0523520641512997e-09,0.8477143456303752,7.583043429706417e-05,0.15220675401231706,4.495464660097716e-08
1.130418862502786e-07,4.507019453607894e-08,1.4399970361505624e-13,2.393449337948322e-06,9.563833550652095e-12,1.3384857840156864e-09,0.9186775294904256,0.00010604621135726525,0.08121381419981488,5.7188789836290186e-08
1.0250449450712168e-07,2.3347301915996302e-08,3.7393079580229214e-14,1.0693618526508017e-06,5.936791842868446e-12,3.0103241455838424e-10,0.906220614414819,7.306005399292257e-05,0.09370511717164162,1.2838890680210764e-08
1.4778754772680864e-07,7.864311355924414e-08,1.249612014389829e-13,3.0005593562395753e-06,2.026722604146456e-11,1.031185973949998e-09,0.8694674748505358,8.097904866411637e-05,0.13044827406226905,4.3996935303614496e-08
1.1179676629288998e-07,5.021385756753807e-08,7.986140169687495e-14,2.0970196642110736e-06,1.2806831592529254e-11,6.497488950811134e-10,0.9060602564397952,8.676567127635475e-05,0.09385069048131015,2.7714694486750946e-08
1.248299889502137e-07,5.155018083286972e-08,8.309976052835201e-14,2.2412988719968835e-06,1.3069366896053753e-11,6.623726170624245e-10,0.8926219353322475,8.483015565618065e-05,0.10729078790475996,2.825276954727007e-08
1.4248113602632632e-07,1.2927759160929523e-07,1.8841702058305368e-13,4.416166107334736e-06,3.338960557005222e-11,1.6964481698893398e-09,0.860745897957914,8.035924535081918e-05,0.13916898073528855,7.240658547740278e-08
1.3508340323233799e-07,7.898078742089752e-08,1.2504330049158593e-13,3.1584760359050068e-06,2.0102415794164912e-11,1.0195441369780406e-09,0.8809455568637935,8.528849243873976e-05,0.11896573757167364,4.349209591056915e-08
1.9297736236766806e-68,0.02700717704946029,4.427172661511954e-08,0.9729860969549756,6.681723837491547e-06,1.7353988782938514e-76,1.0491791295048119e-53,8.929892943017806e-42,6.10535535158068e-74,2.192281867137284e-89
1.5346211436507492e-07,3.16197637006563e-08,5.290809833235462e-14,1.4272232985240564e-06,8.061569468601691e-12,4.096503185053035e-10,0.8664928863354388,7.327963728723267e-05,0.13343220383839857,1.7465933960451245e-08
1.0722374795260756e-07,3.591636481320308e-08,1.5095549893397474e-13,2.0401138237770536e-06,7.329411882771247e-12,1.5062385489229907e-09,0.9314981174615568,0.00011982602088645092,0.06837980729796066,6.445194060710926e-08
1.2062555201507904e-07,6.972286160837615e-08,1.1591840521661217e-13,3.0588176082226928e-06,1.7572196574502828e-11,9.562282633021737e-10,0.8330849047844079,8.10867753474357e-05,0.166830717508457,4.0791849391806095e-08
1.0879352317990086e-07,3.0497503238061174e-08,3.108309561245025e-13,1.985151504930823e-06,5.828662827258623e-12,5.1568026841274854e-09,0.9389868794187682,0.00012575043059154234,0.060885016648870374,2.2389629640365572e-07
1.221928009116303e-07,1.5961118419961797e-07,2.3552091637117034e-13,5.749181020736597e-06,4.162688892896559e-11,2.1198027956925555e-09,0.8271718282962649,8.125374432798085e-05,0.17274079428356137,9.052917464063738e-08
1.3962390353654225e-07,1.1118556075151039e-07,1.705514895001768e-13,4.4042969644006744e-06,2.8526174026841816e-11,1.4489073299409341e-09,0.8279661205736386,7.600970333947864e-05,0.17195315131272204,6.18262671445597e-08
1.2032771089978933e-07,8.747821305919036e-08,1.347934733861222e-13,3.593060743084916e-06,2.250794243538364e-11,1.1435574838674288e-09,0.8313223133511571,7.813653202597801e-05,0.16859569927806597,4.880588358414655e-08
1.1585240779234128e-07,2.709605740014502e-07,1.9882308584541716e-13,4.313122987136831e-06,7.71748821440611e-11,3.885968498062418e-09,0.8842482261831797,8.294491892128559e-05,0.11566395748375626,1.6751483164798235e-07
1.1667137793395791e-07,6.872861058778889e-08,1.0626526544653344e-13,2.693095350833527e-06,1.7654094547922806e-11,8.960895991818443e-10,0.8925169650315571,8.275716841001238e-05,0.1073973601365455,3.825429800624203e-08
1.5046934260989143e-07,1.6079100261587803e-07,2.362747061168564e-13,4.954644232232703e-06,4.229412004953554e-11,2.1578476142114224e-09,0.8570209091443936,8.022245659725213e-05,0.14289350810849621,9.218555718753325e-08
1.2915389734462966e-07,8.127036821618482e-08,1.321394622999799e-13,3.5463225270872286e-06,2.0819008675547493e-11,1.0585247953812322e-09,0.8107085088498461,7.480491360279044e-05,0.1892128832608766,4.5149405979393005e-08
1.4259068437169878e-07,1.2074874760937157e-07,1.9409055218751586e-13,4.88869906089502e-06,3.095753344854415e-11,1.5743411675173882e-09,0.8227060546232899,7.630837738059468e-05,0.17721241620120048,6.715414320025819e-08
1.428185813663763e-07,6.989889787238851e-08,1.3391820718314725e-13,3.2988977243690545e-06,1.699422147529806e-11,1.062658737622586e-09,0.8087917572784696,7.67292328452664e-05,0.19112795548567116,4.5308023371987e-08
1.4928042230801812e-07,9.300519864006143e-08,1.456666409720467e-13,3.4052766999146174e-06,2.4133264905701455e-11,1.2295087750823159e-09,0.8533355671207631,7.826724093720435e-05,0.14658246435078323,5.247140814531084e-08
1.517548806197117e-07,5.270843887047039e-08,8.623882152314526e-14,2.3747376448386466e-06,1.339153143230723e-11,6.796770596646832e-10,0.8448308224773533,7.297881927796842e-05,0.15509358982897334,2.8980276370519757e-08
1.0159718043835648e-07,2.402712044083179e-08,4.20359767909443e-14,1.1454756859064526e-06,5.989977808089514e-12,3.254749009728399e-10,0.922059491854971,9.238478336340994e-05,0.07784683805413663,1.3876035347673495e-08
1.3468072652480345e-07,1.7632472253194115e-07,2.664288177275243e-13,6.2652286245645875e-06,4.567430860816011e-11,2.325060292639593e-09,0.8308485520633502,8.037805719620461e-05,0.16906439202660692,9.924777203411868e-08
1.224608090018952e-07,6.203511620938808e-08,9.489718804611491e-14,2.502237092037682e-06,1.5820762342041914e-11,8.233776077744525e-10,0.8738815207137871,8.194501097528461e-05,0.12603381156710933,3.5135817676183856e-08
1.161653030650991e-07,5.589100669715158e-08,1.512592328614379e-13,2.8371471812352264e-06,1.2227893197017603e-11,1.391506834778165e-09,0.8867705317897708,9.631516797332639e-05,0.11313008298715854,5.944772048539365e-08
1.3826246782994318e-07,6.157723628779328e-08,9.683825497839594e-14,2.608941649177995e-06,1.568884616401553e-11,7.958369143422653e-10,0.8637277204741185,7.713622018076117e-05,0.1361922997645811,3.3948143670388306e-08
1.4327589673639119e-07,3.2923113086988175e-08,6.313485919654254e-14,1.6533328734300569e-06,7.94268138750828e-12,4.956109706857381e-10,0.8510930245294978,8.013181420303916e-05,0.14882499249139655,2.1129402588726504e-08
1.2458084461383296e-07,6.522086819250852e-08,9.112542321323254e-14,2.384281311133178e-06,1.668242469031996e-11,8.838426128496302e-10,0.8667465609034575,7.567512410686821e-05,0.13317515123987758,3.774891813998345e-08
1.3768157130588812e-07,6.889137771943519e-08,1.1954833722072068e-13,3.1354845946305086e-06,1.7312631929214672e-11,9.428942737468246e-10,0.8083775711767793,7.474204725645256e-05,0.19154430355582527,4.020226882438175e-08
1.2923760461806287e-07,4.37909679293995e-08,7.214075150746279e-14,1.975469036103539e-06,1.1094805639377974e-11,5.626300921423458e-10,0.887251621722534,8.223910577341785e-05,0.11266396610846868,2.3991818086405284e-08
1.288164864756894e-07,2.653641232688019e-08,5.1303878111554173e-14,1.3066919985321166e-06,6.400364076167353e-12,3.993594562919332e-10,0.9016017908048983,9.256295668982546e-05,0.09830416676234147,1.7025361898692608e-08
1.1494164164446983e-07,2.52585585139643e-08,1.30686695313816e-13,1.5698348901966818e-06,5.0775777947211226e-12,1.2474060369505104e-09,0.9345228929526405,0.0001280193841371911,0.0653473230201209,5.335539678245275e-08
1.4866110376344508e-07,2.1694738560129494e-08,3.72105026769686e-14,1.057389526523938e-06,5.495616161702187e-12,2.7903017818221636e-10,0.8669773693635402,6.936218490871667e-05,0.13295202852912688,1.1892492552190014e-08
1.1186273136035449e-07,6.899296696829185e-08,1.190536596497357e-13,2.8604574178318164e-06,1.689206162239986e-11,1.011070499003268e-09,0.9089802925422509,9.663210689315003e-05,0.09091998985793665,4.3151721559785204e-08
1.1862090686738007e-07,1.5659830278103976e-07,1.9454278909556175e-13,4.311519020957903e-06,4.133566349882123e-11,2.0976272155179925e-09,0.8877195631231724,8.576114164618654e-05,0.1121899971232975,8.973449600203898e-08
1.0560877570850502e-07,2.9753055506995048e-08,4.703503581367021e-14,1.3162595176674681e-06,7.567088806070765e-12,3.8356146276342365e-10,0.9081265632540256,7.974841049807471e-05,0.09179221996111796,1.6361833818412254e-08
1.300103936189999e-07,9.457293557388724e-08,1.5112871375750686e-13,3.911012570324082e-06,2.4326628918734304e-11,1.2376399193438854e-09,0.8203211131314112,7.669524645741787e-05,0.17959800196939565,5.2794718571893267e-08
1.378843301123697e-07,8.766195812914911e-08,1.2503734479955558e-13,3.2368239998294655e-06,2.2566524175932776e-11,1.1442947498608408e-09,0.8580577685380626,7.614590059970536e-05,0.14186257316993037,4.885413297449107e-08
1.270056579655056e-07,5.515241484477528e-08,8.20020711782823e-14,2.1182481437359367e-06,1.42017655706071e-11,7.208262548233265e-10,0.8828927858067366,7.991408426930396e-05,0.11702496819974335,3.076792409835163e-08
1.3472353304852547e-07,3.520103073597828e-08,5.892892086715281e-14,1.6268539003906797e-06,8.927063627650043e-12,4.5307423444468467e-10,0.8789385023743104,7.760746598598488e-05,0.12098207360370795,1.931547127265419e-08
1.1095527679490617e-07,4.4885774576595825e-08,1.86564956690053e-13,2.4653645992983315e-06,9.174155360907299e-12,1.8845947399192267e-09,0.9247156444946413,0.00011425992268099143,0.07516739181053429,8.067253704484116e-08
1.3474125631527165e-07,3.863224900074694e-08,6.117228625905307e-14,1.679442248804936e-06,9.809509426346256e-12,5.105641007455463e-10,0.8641887182882584,7.393998027241524e-05,0.13573546661895228,2.1776327824486708e-08
1.4036186431448497e-07,2.780609621328263e-08,5.133512838947184e-14,1.366402268666566e-06,6.836241279902465e-12,3.9541368473662896e-10,0.856579631888704,8.006340393027697e-05,0.14333875287990608,1.6854929226731323e-08
1.119527495882693e-07,3.6088545124263555e-08,2.3981301844559015e-13,2.2103975531592803e-06,7.0701535184341765e-12,2.8465401154245833e-09,0.9310035665415122,0.00012062554754775099,0.06887332431792917,1.2230031299761534e-07
1.171164858595194e-07,3.1111995648980176e-08,5.183382987451942e-14,1.4467394598359715e-06,7.900330773714452e-12,4.0093859334225593e-10,0.9032925295344885,7.954125502054817e-05,0.09662631674021649,1.709344217561527e-08
1.4419193214036902e-07,3.203069360129862e-08,5.405848262769455e-14,1.5067691472771927e-06,8.09387398456076e-12,4.2152900186163214e-10,0.8558684356322963,7.349712075530324e-05,0.1440563658557117,1.7969786697173135e-08
1.0295912253685051e-07,2.1254972064949585e-08,6.583483970632254e-14,1.2020191311384047e-06,4.582744289886161e-12,5.504034827623868e-10,0.9373120647258838,0.00012993069089497583,0.06255665430840582,2.348653780555923e-08
1.1701653017052737e-07,2.6765736512323065e-08,6.873912174014205e-14,1.4203508561869728e-06,5.9685360702027205e-12,5.802758963656517e-10,0.9102234777574248,0.00010411464780781902,0.08967081811601105,2.4759320209499583e-08
1.0113013551788279e-07,8.990932614160724e-09,1.893411822418527e-14,4.807089940971149e-07,2.1276629325536768e-12,1.4505894172528506e-10,0.9361021583337635,0.00010106218976059118,0.06379618231632499,6.182882993155354e-09
1.4626035220797435e-07,7.297249253072681e-08,1.2695135585051653e-13,3.1307546103341948e-06,1.8121448526425833e-11,1.0140324658472188e-09,0.8704532722104935,8.510386441784477e-05,0.12945822966647896,4.323887388484877e-08
1.1402112045828261e-07,5.239614431103417e-08,8.513356825511715e-14,2.2432139211546885e-06,1.3337437951175555e-11,6.767438565269186e-10,0.906695857334378,8.882402915817829e-05,0.09321287945427703,2.8860834396292474e-08
1.0834527753570798e-07,3.8663870086579155e-08,6.231851182258996e-14,1.7089278068959054e-06,9.838934226681034e-12,4.99050555468078e-10,0.9041475315634825,8.490346961635018e-05,0.09576568723493706,2.1286057857136996e-08
1.3336896045179826e-07,2.1567517361239246e-07,4.0923617251725737e-13,7.707756501314384e-06,5.1127455416480637e-11,4.042668733419949e-09,0.8363945861964177,8.363773227396037e-05,0.163513542372763,1.7280370467610009e-07
1.0960316580460799e-07,1.0667814984241887e-08,1.863775323263225e-14,5.316675853224341e-07,2.6595134323709695e-12,1.4453337582269976e-10,0.9069699918890187,6.852741503703179e-05,0.09296082244893082,6.161235706302072e-09
1.4062492024933924e-07,1.6139955254180803e-07,2.3584800570323817e-13,5.4337980553661594e-06,4.194198321896881e-11,2.134451514227758e-09,0.8392238746534059,7.895245675963828e-05,0.16069134377062963,9.112004736509452e-08
1.1714102365625253e-07,8.858799138273621e-08,1.519095429508767e-13,3.2860521270352267e-06,2.1615183088554916e-11,1.4066061959685326e-09,0.8989367639059156,9.025268410456595e-05,0.10096943008385745,6.01166070470022e-08
1.1714102365625253e-07,8.858799138273621e-08,1.519095429508767e-13,3.2860521270352267e-06,2.1615183088554916e-11,1.4066061959685326e-09,0.8989367639059156,9.025268410456595e-05,0.10096943008385745,6.01166070470022e-08
1.6628273974650238e-07,1.59713549543898e-08,2.7694348172964717e-14,7.999767601698995e-07,4.045146166641385e-12,2.0542960689704992e-10,0.8455320438741916,6.078646076269887e-05,0.15440617847000765,8.754680711510002e-09
1.1067472664692251e-07,1.859035435596457e-08,6.33522577427635e-14,1.0958954527117884e-06,3.952424093799283e-12,5.267652112049952e-10,0.9371772681070798,0.0001371247819925104,0.06268435894117909,2.2478433744202708e-08
1.428314853873003e-07,3.64513721525767e-08,6.168019019921876e-14,1.6717239889682745e-06,9.216998310831955e-12,4.801650585238188e-10,0.8628767969965313,7.502515792760206e-05,0.13704630588039127,2.046885972071348e-08
1.2492326177629578e-07,6.949086723076017e-08,1.0862583962956428e-13,2.6821556630368596e-06,1.783021043302364e-11,9.056139880572289e-10,0.8929523643296658,8.776306560005822e-05,0.10695695647307572,3.863831337460235e-08
1.2711547668083446e-07,3.073561851384283e-08,5.022507134951231e-14,1.3567223972879219e-06,7.841285322500068e-12,3.981841217136024e-10,0.8979519989320881,7.8677825389317e-05,0.10196779128237035,1.698058385077715e-08
1.357728132149855e-07,1.2025579494487106e-07,1.7783405542754912e-13,3.96710805031101e-06,3.124881839921406e-11,1.588927708202311e-09,0.8805650602811376,8.587871983615801e-05,0.11934476837236478,6.78696487482031e-08
1.2441977257725083e-07,4.437946158829406e-08,1.4300695495050595e-13,2.330440758339986e-06,9.459516978274994e-12,1.3252826109933143e-09,0.9021563707712292,0.00010193656293279843,0.09773913546252377,5.662843641261827e-08
1.2800475874596416e-07,7.725760252008203e-08,2.2612326769695141e-13,3.3982332894118476e-06,1.659636665603582e-11,2.3199643678036148e-09,0.9040027496162347,9.927437679853858e-05,0.09589427088504168,9.92894875390297e-08
1.0624785448500376e-07,2.32211429778904e-08,4.5860148960604064e-14,1.1618623772115493e-06,5.5441788424133665e-12,3.6078843505908325e-10,0.9226609702996412,0.00010265914141455538,0.07723506347681222,1.5384378819892088e-08
1.5467376899888102e-07,4.40269669070307e-08,7.078004322332103e-14,1.921605093921213e-06,1.122697532394921e-11,5.700425728293943e-10,0.8498145113898126,7.257733864128494e-05,0.15011076607545096,2.4308924881764638e-08
1.548310139217693e-07,4.305841171246295e-08,7.229988475771876e-14,2.012782115246922e-06,1.0938809174403021e-11,5.554700561080196e-10,0.8429777558613215,7.076520907260995e-05,0.15694924401216112,2.3679422650662482e-08
1.1820628497053392e-07,8.85391478499704e-08,1.414761922040651e-13,3.4387690021896913e-06,2.218466064496832e-11,1.2034215780659766e-09,0.9004090629957477,9.452202101152047e-05,0.09949271687753451,5.136552345616234e-08
1.3778618951567788e-07,1.317970704855792e-07,2.045201460849893e-13,4.94762798919322e-06,3.392675660685627e-11,1.7252830159758057e-09,0.8400706575119131,8.063976251404904e-05,0.1598434101334281,7.362148145740527e-08
2.11097639126708e-69,0.2635912633084948,6.47622000078911e-08,0.7360445100120456,0.00036416191725955526,1.8983501570148237e-77,1.147695431951803e-54,9.768396120648505e-43,6.678638804756651e-75,2.3981337540061035e-90
1.1398165993904541e-07,6.066897836760875e-08,1.1728111578802839e-13,2.736616011311733e-06,1.4429419282958951e-11,9.821484642006125e-10,0.9013736775656849,9.617075132767799e-05,0.0985271975106465,4.1908996106708364e-08
1.2120812593415535e-07,4.4768111246754554e-08,8.085766402999683e-14,2.113713356557759e-06,1.1044165403576332e-11,6.387970092105489e-10,0.8789171154091738,8.578719039733367e-05,0.12099478982453372,2.7236379673955815e-08
1.0263878582985657e-07,3.403837111019233e-08,5.476502423392473e-14,1.517800406994812e-06,8.645173319696256e-12,4.3821948571900394e-10,0.9151961444020275,8.467581265805317e-05,0.08471750616918544,1.8691645592506626e-08
1.210089144240944e-07,2.3563027057374912e-07,3.1590562645994234e-13,7.161084176751846e-06,6.237712772502762e-11,3.177883626915281e-09,0.8393102030386439,8.386921563392472e-05,0.1605982708810987,1.3590068516986676e-07
1.1855768283801904e-07,1.55007566188589e-07,2.1396868046237e-13,4.721353802229373e-06,4.0235336483953544e-11,2.0389851436520083e-09,0.8973072567194532,9.020542498125973e-05,0.10259745366353172,8.719354800941139e-08
1.1287089939670347e-07,2.6021265452376647e-08,4.195308370621043e-14,1.1837837787945375e-06,6.62196912671356e-12,3.3595437965131973e-10,0.8985832511025069,7.562567885636642e-05,0.1013397858735238,1.432655084843675e-08
1.1823025037818395e-07,2.7240897163790747e-08,4.471502216936102e-14,1.2669861175392585e-06,6.921937266081825e-12,3.512095228351282e-10,0.8964144328063579,7.436544075924503e-05,0.10350977396255527,1.4974886254105024e-08
