i = 0,i = 1,i = 2,i = 3,i = 4,i = 5,i = 6,i = 7,i = 8,i = 9
1.388769330452817e-17,1.6804286703477175e-10,0.12565773070052239,0.5930064519096159,1.9259759731311736e-05,0.2813084686771329,7.569393572421522e-10,1.5936308378065048e-90,8.064331410529019e-06,2.3696604946522105e-08
1.3043941221409158e-17,1.4781588193824324e-10,0.10498117384549316,0.4845990522320487,1.6048353801693545e-05,0.4103956891486814,7.262178805230756e-10,1.4968047123829e-90,8.020345439341427e-06,1.5200501940493773e-08
1.408909361593264e-17,1.2940219998031736e-10,0.09205231813666714,0.41427161520710293,1.933232188408642e-05,0.4936483928261198,7.677736069842728e-10,1.61674245837071e-90,8.326322536154231e-06,1.4288514116929102e-08
1.868789049654467e-17,2.426785506206232e-10,0.2594155214208331,0.6420737217852321,2.457819824458896e-05,0.09847506786269254,1.0206505032501594e-09,2.1444565022225905e-90,1.1087690002961332e-05,2.1779665797417807e-08
3.3487509725462546e-17,1.1257473785242546e-10,0.0627837693247283,0.8758386659331518,3.6490116273545335e-05,0.06132681270255332,1.3466226999274212e-09,3.84270316546118e-90,1.4174425933048243e-05,8.60381624122942e-08
4.2781887398609253e-07,2.4029183029445372e-08,1.9162513590469493e-115,3.908858212401214e-107,0.0016944949681751262,0.9961150522060328,2.2144613155932358e-07,1.648097328144607e-89,0.0021897795316036133,1.4343421885659247e-90
7.541348245484042e-17,1.2472694304129652e-10,0.056027439919465724,0.871669793433711,7.898207817165299e-05,0.07219777867411038,2.383600802135959e-09,8.653745516207901e-90,2.5918796220401892e-05,8.45899930518559e-08
2.6481986204801454e-17,1.1950931206629465e-10,0.44458347436211004,0.5214995731888938,4.462151888009765e-05,0.03386157158977793,9.647425825516603e-10,3.038833932044836e-90,1.0739258666316446e-05,1.899741988944683e-08
3.1825512954537295e-17,3.6130975096115134e-10,0.12602923724008466,0.8189075059361522,3.524980317140475e-05,0.05501277298799925,1.3506842130450291e-09,3.6520024237252022e-90,1.5132437303708483e-05,9.98832948339817e-08
4.058585490125484e-17,2.8813597050903106e-10,0.4875734703445779,0.46091648024373744,5.411320136028293e-05,0.051438993904757736,1.3924058824820179e-09,4.6572723955730836e-90,1.6909893363586707e-05,3.0731661307446074e-08
4.9880628456041506e-18,6.154846827212838e-11,0.6628887910374308,0.3030400917523423,7.208425264437465e-06,0.034060866924945546,2.845734211620685e-10,5.723835273254004e-91,3.034511426258163e-06,7.00246888469335e-09
1.2213496456019981e-17,1.2532387364015168e-10,0.6148288995789051,0.3506507590028153,1.6761531912153887e-05,0.03449703351439302,5.639557198179375e-10,1.401508316447673e-90,6.525169215774399e-06,2.0513479159109075e-08
1.3077147546794446e-17,1.4142328599048198e-10,0.18644228076256134,0.75881292056236,1.662180333589277e-05,0.05472057186652148,7.124594749820616e-10,1.500608152309691e-90,7.582379014459886e-06,2.1772323936382583e-08
2.2113129727267992e-17,9.143884536491746e-11,0.06573875592663214,0.838223538107707,2.6574115105025277e-05,0.09600013137477234,1.1091114153126103e-09,2.537490903318822e-90,1.0968297076711473e-05,3.0978156692749e-08
1.6490184909904164e-17,1.609194898550872e-10,0.11544627787182407,0.6058369778406472,2.2810091023405115e-05,0.2786855352615725,8.138448994879873e-10,1.8922674742636822e-90,8.364141742442087e-06,3.381842608892196e-08
8.930161427815193e-18,1.6189432942046393e-10,0.3968673799605064,0.535188290654149,1.1838295249426403e-05,0.06792672736921691,5.278017184521506e-10,1.0247452148133277e-90,5.746764128839211e-06,1.6267053407223232e-08
1.2926124731760105e-17,2.5894691591902895e-11,0.7658904530904973,0.22185018195312764,2.4158985737883868e-05,0.012230699423915902,3.7642261440433297e-10,1.483288740229776e-90,4.48900932953145e-06,1.713507438522423e-08
1.0077233665475724e-17,1.21710706089102e-10,0.2539761733585457,0.6622245255591067,1.610449823804792e-05,0.0837769789979379,5.931218423382412e-10,1.1563738081557807e-90,6.201941031989442e-06,1.4930307006641014e-08
1.2995998275244155e-17,1.8385168266493037e-10,0.37345918269314027,0.537122684795279,1.5266564598395342e-05,0.08939517909904623,7.056776241748273e-10,1.4913003486607854e-90,7.651649912533018e-06,3.430849423624051e-08
8.299912612602027e-18,1.1486310411319646e-10,0.09512097075175419,0.7289902188629218,1.2496334326068535e-05,0.17587107062265916,5.112919351151713e-10,9.52423436796693e-91,5.227984769204707e-06,1.4817414494334914e-08
6.2750762620347336e-18,1.033364498703289e-10,0.508787589968175,0.4169309496852015,8.122460411428625e-06,0.07426930501493455,3.778193959004505e-10,7.20070159949189e-91,4.020642195354632e-06,1.1747926478138442e-08
3.703989874700262e-18,6.138090171836019e-11,0.41280020759411973,0.4970856830127502,4.967734192578e-06,0.09010666139658155,2.439877912287037e-10,4.250352128221379e-91,2.473889184852403e-06,6.06780242510349e-09
1.982692564836548e-17,9.560249319193661e-11,0.05300619670595133,0.2851796291311971,2.456991519288749e-05,0.6617806348115818,8.046417561140364e-10,2.275164103481472e-90,8.94370801207323e-06,2.4827820570547e-08
1.3587435991784513e-17,2.3178022920384607e-10,0.3160418314450901,0.5884020172920623,1.814722297549746e-05,0.0955294081331737,7.808107957657444e-10,1.5591730866272896e-90,8.581507551646148e-06,1.3386555753535679e-08
2.110557222749298e-17,2.864233338585207e-10,0.2734221363731587,0.631673495584332,2.8200422695986226e-05,0.09486449453000673,1.091950576082175e-09,2.421887554395289e-90,1.1656664301594044e-05,1.5047131100573563e-08
2.0153665183241804e-17,7.746015104932216e-11,0.044026504230858764,0.8999967190419542,2.4481535102485957e-05,0.05594245334737773,9.945218483823637e-10,2.3126414618996134e-90,9.81583580973968e-06,2.4936915134418507e-08
2.5327423662718212e-17,1.893636239490844e-10,0.26144267497078894,0.646727742129863,3.9962717007863606e-05,0.09177760117833267,1.1837036191242783e-09,2.906346745533788e-90,1.2001699173539713e-05,1.5931766892114438e-08
1.3046668937049357e-17,2.476824890539063e-10,0.20980436499766958,0.721814606827717,1.690129979877977e-05,0.06835608394702679,7.474693900819839e-10,1.4971180680693298e-90,8.017098913398991e-06,2.4833722555435036e-08
2.328038296811555e-17,2.7569211243526837e-10,0.10286209592014435,0.6374774373067735,2.8033934697555307e-05,0.2596192562039442,1.1674973055124275e-09,2.671452691920308e-90,1.312684616484128e-05,4.834508613945571e-08
3.0416892224474075e-16,2.991439944285004e-10,0.14984086789139922,0.46643368777096766,0.0002491704562663677,0.3834170205101933,3.989426606603507e-09,3.49042047602359e-89,5.912412567477332e-05,1.2495692779026972e-07
3.237979171415526e-17,1.2731309544288892e-10,0.3464327235103565,0.5627720867441188,6.181169359355971e-05,0.09071978552936895,1.2406820998939515e-09,3.7156255603005655e-90,1.3572993624844192e-05,1.8160942146950936e-08
3.448194799465015e-16,1.9143824103735723e-10,0.07372801954953322,0.8444963194064206,0.00026073035448998075,0.08145338650708048,4.866780590180409e-09,3.9568534762962665e-89,6.126235559356785e-05,2.767686631631584e-07
8.555154446394472e-17,8.042439927467072e-11,0.5264228784293177,0.44785979253718594,0.0001279693293030956,0.025569982245967755,1.3769787592622744e-09,9.817208783774965e-90,1.9306695659085825e-05,6.930516326416532e-08
2.2606213807791725e-17,1.7079646439495222e-10,0.10006322206578064,0.807409195518452,2.514318930226666e-05,0.09249007213859765,1.0971649843207819e-09,2.5940740233376553e-90,1.2322903776856534e-05,4.2916129110056146e-08
1.1095685539376894e-16,4.0975264317603005e-10,0.12501925913529852,0.48680365206757675,0.00010502425337837074,0.38803880633338383,2.5882048562380044e-09,1.2732517185759262e-89,3.305901006299596e-05,1.9620234184159478e-07
7.474642969726257e-17,3.7420430742815364e-10,0.11085615875520488,0.6642687456921367,7.975402811080964e-05,0.22477016859354396,2.198902850937976e-09,8.577255972049603e-90,2.493866941799996e-05,2.316884784610157e-07
1.5539009356416926e-17,7.491292120924498e-11,0.05358720248407045,0.2981226352262791,2.2317146810476343e-05,0.6482602718953674,7.110407784435813e-10,1.7831184086312072e-90,7.559462703531574e-06,1.2998815280460973e-08
1.516875201539765e-17,2.2715140017143193e-10,0.47507514663430295,0.4740653130075054,2.082613899206928e-05,0.05083017009331556,7.591969742909564e-10,1.7406276898298485e-90,8.5281115221019e-06,1.5028013665616127e-08
1.4935146229209214e-17,6.547660241700017e-11,0.04772833626186603,0.8109478567692106,1.98352850862621e-05,0.1412965855170234,7.67447887196042e-10,1.713816054502241e-90,7.363588992326161e-06,2.174489699927852e-08
3.283409230781652e-18,3.334462402302745e-11,0.031199738996721207,0.9009580597628459,4.562928587721071e-06,0.06783551382445861,2.2810938567162643e-10,3.767730559036786e-91,2.1196168151308875e-06,4.609117432418802e-09
8.366960640087116e-17,2.1724490030110106e-10,0.09298623525649656,0.29214614306373227,8.229047631726329e-05,0.6147584840277084,1.9701020799626857e-09,9.601262331403199e-90,2.67951610407917e-05,4.9827357700237735e-08
1.2672070422859275e-16,2.8580928651218494e-10,0.09507062123523081,0.43133870544838177,0.00010888810480914032,0.4734409668675665,2.955879929006734e-09,1.4541443269410921e-89,4.072324544715618e-05,9.185687539681708e-08
8.606723946136616e-17,2.7526141181616826e-10,0.14164746338239645,0.5001799326876567,0.00010013862320879008,0.3580434887575212,2.479906439391126e-09,9.876346010769155e-90,2.893392142709878e-05,3.987262193724873e-08
1.6615771248455567e-17,1.6426560625285888e-10,0.28497619830222237,0.4795845616261907,2.1906736615845686e-05,0.23540841049258232,8.075166603470787e-10,1.9066757583750927e-90,8.903673276915503e-06,1.8197329673802924e-08
1.4059001442854578e-17,2.2660491881129069e-10,0.6033845142750125,0.3502205392586746,1.7049381201783036e-05,0.04637028140985986,6.34702930437892e-10,1.613281966803675e-90,7.5725881871330085e-06,4.222575633547385e-08
4.9504190347869226e-17,1.0434120709914709e-10,0.25824003850575006,0.6974537612432116,6.877807599376259e-05,0.04422126625076443,1.3955115879465751e-09,5.68063635176304e-90,1.601491912254111e-05,1.395053046039382e-07
2.2283749200086167e-16,3.466599796777312e-10,0.14335536338280902,0.7478973995196394,0.00022604171867799658,0.10847669008498283,3.4618368966652345e-09,2.5571005079297803e-89,4.372795263368757e-05,7.735327598982844e-07
5.2581491874958095e-18,7.468369184369954e-11,0.15100608270587218,0.7899611245658694,6.661519759893734e-06,0.059022897634131384,3.2738078952959605e-10,6.033751294361127e-91,3.21707836928023e-06,1.609393337141631e-08
4.462728424721372e-17,2.384771964953483e-10,0.12223148386373753,0.579034067897188,5.585529152250272e-05,0.29865867491523657,1.8265822781163744e-09,5.121034867255861e-90,1.9887171159379663e-05,2.879609653320307e-08
9.199776836780935e-17,3.232943066368313e-10,0.38760450743855757,0.39418490612314516,8.192178250610848e-05,0.21809842189113537,2.253517315511352e-09,1.0556867811097858e-89,3.015160441669647e-05,8.858342741057669e-08
2.6430168212258016e-18,2.6285401705459265e-11,0.69733951566574,0.272736634175396,4.202939799182156e-06,0.029918029363321424,1.598592403634537e-10,3.0328786674425306e-91,1.6138668793687913e-06,3.802719442009119e-09
2.290456225804839e-16,3.838808555461478e-11,0.6162312080208286,0.3678579113211778,0.00023985265838196823,0.015652171465880573,1.2709053939069368e-09,2.6283717159260202e-89,1.8762355226638206e-05,9.286921068603197e-08
3.102932676911078e-17,5.884827252887822e-11,0.17505735687629556,0.7959382431175613,5.331519062818559e-05,0.02894007660062941,1.0067951255198822e-09,3.560631556840498e-90,1.097755665286199e-05,2.959258939315756e-08
5.064962072436853e-18,8.63655013613297e-11,0.08872110071680184,0.8637075337676976,6.750860198988488e-06,0.0475613092870734,3.334084266426706e-10,5.812078195679382e-91,3.2946200931168835e-06,1.0328361071793843e-08
1.6212509440812974e-17,2.5194942063605996e-10,0.1008289827806925,0.7784671815035511,2.0881386690641583e-05,0.12067411899337277,8.392423461916733e-10,1.8604028359329476e-90,8.780842614804173e-06,5.3401886404485775e-08
1.6620885778261382e-17,2.7941893549844577e-10,0.10946080414020168,0.7983360138488691,2.1489720110808176e-05,0.09217300821978477,8.312911719231853e-10,1.9072642067972585e-90,8.618356014564274e-06,6.460430898476127e-08
2.5107808416015863e-17,2.2270524747334622e-10,0.12444530275556144,0.5343191691090948,3.337469767349195e-05,0.3411884249471287,1.2030614744776586e-09,2.8811604813422214e-90,1.3690787103010481e-05,3.627767178050257e-08
6.565889161955404e-18,5.981787192586388e-11,0.08631704809103492,0.8276469808879945,8.88883299767803e-06,0.0860230790769025,4.261035515162838e-10,7.534388992152984e-91,3.9954143420411095e-06,7.210806910919739e-09
6.020727094515565e-18,1.6944204921068567e-10,0.43115261397396903,0.5127375812788196,7.640270614928237e-06,0.05609809241281008,3.6894114167801335e-10,6.908832269587204e-91,4.058797872205151e-06,1.2727530938608643e-08
9.552927204804735e-17,1.461695893954315e-10,0.0611043216412291,0.8619363929920574,9.372040463769902e-05,0.07683438198221311,2.7295504274617897e-09,1.0962054949786488e-89,3.1062950174078695e-05,1.1715396840614173e-07
5.1959139337456413e-17,1.6279277881008853e-10,0.10327940447147274,0.8065760209540349,5.246284633073947e-05,0.09007001654079835,1.9976563418171563e-09,5.962330217603145e-90,2.202467387382874e-05,6.835304038301646e-08
2.7368244456990933e-17,2.9104730539012286e-10,0.5031113665006768,0.4098474970237039,3.0936490837465145e-05,0.08699792338499429,1.0265192599527e-09,3.140529926482042e-90,1.2185256125285302e-05,9.002609579466373e-08
1.8237188221755195e-17,2.411298668022785e-11,0.5265085728279035,0.45969982714782726,3.581441936312117e-05,0.013750023392877756,5.075449596244905e-10,2.092730969321401e-90,5.742323018173509e-06,1.9357352227713183e-08
2.6625077368436637e-17,3.220940510793481e-10,0.40207749349375305,0.5438940769721572,3.6400928100940946e-05,0.053979024205777194,1.146009635965405e-09,3.055253002603715e-90,1.2981816717681086e-05,2.1115390192609783e-08
1.5571692118143858e-17,1.1350442914074717e-10,0.3159871048914303,0.5485258471569859,2.6549368807639935e-05,0.13545199229532584,7.969654133122627e-10,1.78687102131705e-90,8.490125267867502e-06,1.525171250399131e-08
5.564982172233961e-18,3.713111781960388e-11,0.2063944461276312,0.635905578165724,1.0326591832601807e-05,0.15768651671203554,3.257788910122928e-10,6.385859832155234e-91,3.1252437269282687e-06,6.7961397147095774e-09
3.541433230245394e-17,5.69181410846891e-10,0.4260029908396081,0.4960138298005321,3.950260640805586e-05,0.07792454478736853,1.4767727697553253e-09,4.063840732410985e-90,1.909252213069295e-05,3.7397998294267314e-08
9.548663196331212e-18,2.1208334518878626e-10,0.23396787041949774,0.6903219347972288,1.2932991208729062e-05,0.07569084833482155,5.88515919080849e-10,1.0957198308945166e-90,6.3968655482801965e-06,1.579109556656754e-08
3.244866915738624e-17,4.092432679528147e-10,0.3727339588430245,0.551834298350633,3.76317372512526e-05,0.07537755967609219,1.4289617558475086e-09,3.723519722787039e-90,1.652040499636943e-05,2.914979761012777e-08
1.427525068060499e-16,2.745767207286386e-10,0.08900030142585748,0.34068758476554667,0.00010658866901641069,0.5701643011947884,2.818193834117724e-09,1.638118119449864e-89,4.1136687021838325e-05,8.416499858410953e-08
9.977189669255388e-18,1.2579890852036426e-10,0.27741369646445363,0.6339510609654357,1.3144383306884522e-05,0.08861603447771763,6.046121263159178e-10,1.1448890974744318e-90,6.053231096072204e-06,9.74757888433621e-09
1.0870958675933358e-17,6.737550378866465e-11,0.15759363360818943,0.7523130424723985,1.9629919992479565e-05,0.09006802713074234,5.970439726341127e-10,1.2474503904394328e-90,5.6582372646551766e-06,7.966993098578264e-09
6.764750854185586e-17,1.2571199984058905e-10,0.05800598270835113,0.8606814065313123,7.378320120125972e-05,0.08121650121374147,2.107488531367462e-09,7.762595442078702e-90,2.219375677774228e-05,1.303554154010778e-07
8.506600888227043e-17,1.5724577899918406e-10,0.0578616182867185,0.8841438856514375,8.120550606921496e-05,0.057885810651338784,2.402741801232514e-09,9.761382839179304e-90,2.7229671422447354e-05,2.4767302607263753e-07
1.218652107753751e-17,4.451816666553169e-10,0.17404445456641057,0.7922388321979471,1.4828132093416047e-05,0.03369553070707629,5.966735147640741e-10,1.3984130654134256e-90,6.268748804082e-06,8.460581313162202e-08
6.006703928465458e-17,2.0055792370790295e-10,0.07579569683213698,0.8784915286339201,6.42881205663097e-05,0.04562942444173104,1.7462660777302087e-09,6.892722383256186e-90,1.8503971631179094e-05,5.560531900921273e-07
8.588043334913219e-18,6.012772527061003e-11,0.03633337922251283,0.8830993546211354,1.1250287964881599e-05,0.0805511166636811,5.075699010151203e-10,9.854829444811746e-91,4.880866786286901e-06,1.7770221862671727e-08
2.0774229664841406e-17,6.482943346493405e-11,0.039032147669769285,0.9185033681473187,2.8321581801296825e-05,0.04242676219303865,9.320774413843837e-10,2.3838514858760774e-90,9.363747363659833e-06,3.566380158074798e-08
7.927238985981481e-17,6.283635703918882e-10,0.1090272824320568,0.8329366534179409,8.070157189029967e-05,0.05793262226685473,2.005291322417027e-09,9.096590101317544e-90,2.1363147650067555e-05,1.3745299522991677e-06
1.7729099916986955e-17,9.270183682845699e-11,0.04486827956716719,0.9020708220083661,2.057341355039065e-05,0.05303153801142478,8.478824061347912e-10,2.0344223577909527e-90,8.736729954161595e-06,4.932895310015024e-08
2.14688910150067e-17,9.326319647602737e-11,0.054792614434403794,0.8943404813101505,2.4829318928676277e-05,0.05083145685047195,1.041319976287569e-09,2.4635628691527675e-90,1.058322711189499e-05,3.372434986532896e-08
1.6391671025680312e-17,8.63759993683671e-11,0.044568773861120355,0.8888988380094182,2.0208013042038553e-05,0.0665045596191617,7.69233590797013e-10,1.8809529653311101e-90,7.573330265914435e-06,4.631138237709129e-08
8.615726672408826e-17,2.198518883686334e-10,0.08271114129184112,0.8492653489557337,8.731737187237536e-05,0.06790679807505744,2.638040017031114e-09,9.886610906533815e-90,2.932150262887357e-05,6.994497454822095e-08
2.2175640133448844e-17,2.796456098600025e-10,0.09043165461522225,0.8664225172399266,2.5356306602202986e-05,0.04310987196203678,9.838309522493882e-10,2.544670288517932e-90,1.0479097624991191e-05,1.1951511078377737e-07
3.244608897529861e-15,3.268603500400637e-09,9.657516050388434e-116,1.9699848220189823e-107,0.0068729694050723876,0.990348709175208,1.7268901697785814e-07,2.010075832140625e-89,0.0027781454620959267,7.228792111445182e-91
2.649215325662111e-16,6.463631235637618e-10,0.33962360220807175,0.48359764130549027,0.00021435077067938365,0.17651050363044007,3.5797102676460967e-09,3.04003748210412e-89,5.377324041792829e-05,1.246188270502799e-07
4.729331517380873e-17,2.731970442437082e-10,0.38966034691268114,0.4415360725359557,5.6196851599657575e-05,0.16872803217524854,1.60873989034986e-09,5.426964468199581e-90,1.9319255707937378e-05,3.0386869846297273e-08
2.3444709269174875e-17,9.880605474170528e-11,0.04796952377647581,0.22207703822605984,2.7261233706201786e-05,0.7299158716861005,8.633915833274901e-10,2.6903137897803692e-90,1.0279496127526105e-05,2.4619332505700775e-08
9.327325355188265e-18,4.132344631866073e-11,0.22171199822712165,0.7600211465060942,1.700693954602998e-05,0.01824543625761972,4.1546745088874966e-10,1.0703169973972038e-90,4.3960746190924965e-06,1.5538208487668367e-08
1.0542271190368834e-17,4.3322811709295755e-11,0.10402359847016557,0.8661285747507892,1.7317135785526225e-05,0.0298253215804311,5.094274442983843e-10,1.209729264911855e-90,5.173637788090033e-06,1.387229013293637e-08
4.959957958078613e-17,1.6244607244238648e-10,0.16528488436975516,0.7901738775433108,6.368980125027836e-05,0.04445865476224739,1.5731415725549574e-09,5.691578671506008e-90,1.8793177170330166e-05,9.861067825321795e-08
4.1330365343440396e-18,3.7928349749887805e-11,0.6422135084839518,0.29298598853401964,6.298545914702636e-06,0.06479174862350462,2.404829212463211e-10,4.742684910247206e-91,2.4500734666986876e-06,5.460731224700702e-09
1.2976850055503705e-17,4.575858192854795e-10,0.3183521866227221,0.6402013140721075,1.5344827114439843e-05,0.04142406402265505,6.370934416498406e-10,1.4891040727725397e-90,7.01925182581107e-06,7.010889573383336e-08
1.1156673107109875e-16,6.223716309991876e-11,0.6292410401625792,0.35211250773389646,0.00013551743851332972,0.018492766122125085,1.2344095130197824e-09,1.280250877713111e-89,1.8073112824887977e-05,9.413341414921295e-08
3.385139331188584e-18,3.677410992873759e-11,0.09295215146909258,0.7968083988335223,5.704074056895536e-06,0.11023161229760012,2.159948786575479e-10,3.8844736118665607e-91,2.127584419782863e-06,5.48853939761842e-09
4.418663241960617e-17,4.028669953845562e-10,0.2687969216076239,0.6231767561766541,5.085095203337824e-05,0.10795923392890686,1.4394872946137737e-09,5.070456975079069e-90,1.6130630397660288e-05,1.0486202959912609e-07
4.2375109120073716e-17,2.4038759798432385e-10,0.08091280400321067,0.6182884490716136,4.652059512621001e-05,0.3007334665812418,1.6484328411377666e-09,4.862595104045864e-90,1.8648349940439346e-05,1.0951004663163517e-07
7.219273621400003e-17,2.447863924640376e-10,0.1214521350384301,0.4996027602846952,7.99139226017854e-05,0.3788390462196095,2.250452724328956e-09,8.284219320483211e-90,2.6105485635611747e-05,3.65537886311758e-08
5.357906381709064e-17,1.5321548321236957e-10,0.06484174109378582,0.23360660752021464,5.253689721569713e-05,0.7014801894771958,1.4291761962867979e-09,6.148300520865207e-90,1.8886004351656698e-05,3.742484465920785e-08
7.599071470002787e-17,1.089622834068781e-09,0.14402397559455746,0.7944172132756365,8.110381536445274e-05,0.06145602730337136,1.9329913240893374e-09,8.720031752878062e-90,2.0573517875686478e-05,1.1034705802146876e-06
5.990339537039067e-17,4.688851123790861e-10,0.2685445533853645,0.58308428512913,6.613838014375185e-05,0.1482837106509439,1.7791760721707611e-09,6.873984748168525e-90,2.1204348324157304e-05,1.0585803241289749e-07
3.1157770641037836e-17,2.7358607581186844e-10,0.44320720673356456,0.42005737912860774,3.668458403832321e-05,0.1366840829806859,1.1967363838432215e-09,3.5753909808779083e-90,1.460488780549095e-05,4.021497557561761e-08
2.116752582309461e-17,2.1208786180610737e-10,0.07243927309577204,0.8899057890298366,2.4916652428179e-05,0.03762169643026005,8.265605130927556e-10,2.4289853762046212e-90,8.13819251728677e-06,1.8556053732707022e-07
9.603448509341946e-17,7.281218614818734e-11,0.559449457852509,0.41000269276031165,0.00011325895175813662,0.03041519568352628,1.4260922937788647e-09,1.1020084084600603e-89,1.924688335053816e-05,1.4636963986242406e-07
8.162861204636909e-18,1.6455192415941811e-10,0.27353584883955323,0.6769770165347817,9.975151656396046e-06,0.049472306604277844,4.64817396624451e-10,9.366934453174207e-91,4.820655372057853e-06,3.158498959977693e-08
3.3304051058934867e-17,2.348676063703039e-10,0.2540891370475592,0.4773701348544253,4.2721710026395764e-05,0.2684824927949156,1.3311851905009603e-09,3.8216829869044885e-90,1.5484492559942567e-05,2.753446084404212e-08
2.313120934793079e-17,2.657080690147761e-10,0.4606698694182453,0.44804493398298,2.6265573613543027e-05,0.09124634228751957,1.0898253685071185e-09,2.6543266055541153e-90,1.2564436650089155e-05,2.2945458099733837e-08
2.16464247721402e-17,6.326905555534168e-10,0.3820340770103098,0.5187979661323905,2.4039669413065718e-05,0.09913069634747439,1.031102336185042e-09,2.4839498269510252e-90,1.3173650723591697e-05,4.5525895668097816e-08
6.446738579783269e-17,4.156200614257076e-10,0.1736757985585368,0.6166991440759245,7.864796558267501e-05,0.20951945894522253,2.364269702220942e-09,7.397736899175426e-90,2.6914284818515344e-05,3.339002514825406e-08
3.614857814684818e-17,4.657384202662989e-10,0.31052728087342696,0.49298828798552313,3.880039219096942e-05,0.1964261366338353,1.5022057945684556e-09,4.148087453418947e-90,1.9457771583315368e-05,3.4375496052371386e-08
1.0,4.0404198932523096e-36,3.5832268993504895e-142,7.309232072450648e-134,3.900565586096066e-30,1.2318496089999973e-27,2.2781597119950577e-34,3.081801691137504e-116,1.8406242391982184e-30,2.6820977783931485e-117
8.725004037346596e-18,9.612321216112875e-11,0.22754972105722066,0.5229929246561048,1.202038795644779e-05,0.2494402188896552,4.954830228973021e-10,1.0012010520016908e-90,5.1037617509134654e-06,1.065570585751871e-08
1.315566179261166e-16,5.300909236157122e-11,0.6608030663413108,0.3207460974488097,0.00013665785303334707,0.018296241688782255,1.1992289605962346e-09,1.5096391999587839e-89,1.7797294558175746e-05,1.3812126739820735e-07
1.62755610958151e-17,7.478037716985036e-11,0.07107704385356695,0.8792233239096344,2.1766997151135803e-05,0.049669986282833284,7.656377224445477e-10,1.867624944680867e-90,7.841162183618821e-06,3.6954212544796315e-08
1.7511955676797192e-15,4.750358844857313e-11,0.5481499518740153,0.43363121911840874,0.00041041792632624786,0.017776908615072657,1.916574849109043e-09,2.0096465342968272e-88,3.123812731432459e-05,2.6237478248523264e-07
4.79676319899983e-17,1.1468492141496627e-10,0.05600970054538845,0.8855782313988853,5.0389377875192455e-05,0.058343055859803004,1.7309881370480373e-09,5.504305383761903e-90,1.851403912232881e-05,1.0693325276077398e-07
2.832566680177842e-17,1.8936067990203256e-10,0.06555246059772572,0.8094803186107818,3.211561860513302e-05,0.12492126917904942,1.2805633660586933e-09,3.2503955479701726e-90,1.3747366374195448e-05,8.715753970214643e-08
1.6764772178466224e-17,9.888033370152467e-11,0.048931093710253504,0.9145623954632516,1.9134581873271022e-05,0.03647910830665886,8.015038955804764e-10,1.9237639558089688e-90,8.206253324483993e-06,6.078425401404483e-08
3.738830054937495e-16,4.566950714494053e-09,0.22706141347631745,0.7166961869011612,0.00026764457426362796,0.0559334586427817,3.332378547497131e-09,4.290383128156844e-89,3.7715025702635225e-05,3.5734804436339305e-06
3.656186866484142e-17,5.572293203755e-10,0.29354573393127636,0.6436786866635773,3.894441610788213e-05,0.06271843909625194,1.5165170653392263e-09,4.195506506589697e-90,1.813087786633523e-05,6.294117363886728e-08
8.786214311918597e-17,2.6842900721536006e-10,0.17237719154468312,0.4972296359952171,0.0001012812887249682,0.330264329692199,2.290690042756914e-09,1.0082314596856815e-89,2.7501379258235558e-05,5.7540798542463875e-08
1.085780727634005e-17,6.037646875342635e-11,0.03411198867212094,0.9189119924601321,1.3642364203972483e-05,0.046956443354592224,6.086826423023477e-10,1.245938411762056e-90,5.914000605230575e-06,1.84792863580742e-08
2.9891021966891737e-17,1.3686444982385897e-10,0.062419780216205756,0.7490865964569463,3.592771683064051e-05,0.18844279070354725,1.4135188905915567e-09,3.4300203012515395e-90,1.48657837755573e-05,3.757231106858386e-08
1.5798420433946458e-17,5.165823603952402e-11,0.05754990071431874,0.8656027921692361,2.701497232208483e-05,0.07681286121100928,7.537207425103182e-10,1.8128785830879432e-90,7.4130355905541465e-06,1.709214416914778e-08
3.7416106381858345e-17,1.6800865861704252e-10,0.16337152924665402,0.5557722926792946,4.9084885308539693e-05,0.280791586321275,1.4489795883723227e-09,4.293533817567776e-90,1.5479653602445023e-05,2.5596877091805125e-08
1.2306071836966358e-17,2.137045411724503e-10,0.11426528846839916,0.7166258285033862,1.6372095826074515e-05,0.1690849333852094,7.095146137690772e-10,1.4121363137923397e-90,7.548809564991556e-06,2.7814394965539127e-08
6.11709257695995e-18,7.495931739301143e-11,0.7396089503452256,0.22650285889294355,8.515136592033981e-06,0.03387605252251154,3.1904169003341344e-10,7.01941417203886e-91,3.6135563354800107e-06,9.152390932390097e-09
6.607075679040494e-17,1.8350706289020104e-10,0.0763759263804668,0.7601245359775716,6.67006541990858e-05,0.16340553601915933,2.353437567728261e-09,7.581679349590701e-90,2.722458338811772e-05,7.384827037928637e-08
2.5378815404860355e-17,3.778103664313265e-10,0.2193375318922648,0.7203735160669492,3.6114549830282995e-05,0.060240272941471495,1.1145819349805976e-09,2.9122557918468756e-90,1.2487307376218747e-05,7.574971581193213e-08
7.740784880595588e-17,8.251589375003163e-11,0.2333973394836525,0.7366093224302496,0.00010892506174721268,0.02986524435523279,1.549847507413119e-09,8.882607606922432e-90,1.9011133188065494e-05,1.5590356648803662e-07
2.0828027407987204e-17,4.836893847677874e-10,0.1684710558528491,0.7246406966695659,2.5518033561566726e-05,0.10685069767480701,1.0481905898317397e-09,2.39004307879222e-90,1.1971142297302404e-05,5.909503915957249e-08
1.0134488118622955e-17,7.623353335043395e-11,0.1586405048424011,0.7869370049533817,1.6083664534194306e-05,0.05440090138932024,5.096905412979914e-10,1.1629396362061867e-90,5.484024871275977e-06,2.0539567373401086e-08
2.3861356139461738e-17,3.858227881940743e-10,0.13520235968777988,0.8223151698420597,3.28030490441899e-05,0.042440183688166426,9.1780867109428e-10,2.7381125406961795e-90,9.282019274019404e-06,2.004100444765655e-07
1.1257331832485155e-17,5.2368057137663817e-11,0.047544052302415686,0.877319020857182,1.7568622740575922e-05,0.07511348672229942,6.203020741108004e-10,1.2917845024671645e-90,5.85814400782008e-06,1.267868424392886e-08
1.6346149192532578e-17,4.287317424918437e-10,0.33238553383570596,0.5593531826209425,1.95496518337852e-05,0.10823117376608575,8.707357005700209e-10,1.875738283002136e-90,1.0530678156580592e-05,2.8147808101032856e-08
1.0150421233714807e-17,8.091864736565799e-11,0.5823808759658388,0.37282463509870956,1.624922511566598e-05,0.04477273610773288,4.79846883666251e-10,1.1647694397076056e-90,5.492572327032361e-06,1.0469510543483273e-08
1.3517371935395238e-16,3.889783390439367e-11,0.5822370352475675,0.40115090481846316,0.0001779868449674618,0.016417451530916984,1.176672103969831e-09,1.5511481490750385e-89,1.655224859574722e-05,6.80939191966785e-08
5.120280238824206e-18,9.063087031970463e-11,0.20010236261918687,0.6676965424928221,7.294179815020767e-06,0.13219025717254204,3.498513082107052e-10,5.875568588117162e-91,3.5368589544110345e-06,6.236197492204409e-09
3.881121713718592e-17,2.8988793707952097e-10,0.615250228407777,0.32640020484160365,4.242465050264681e-05,0.058290240969755255,1.2081959553795044e-09,4.453629943221955e-90,1.682106056506795e-05,7.857171239321599e-08
1.363435724377644e-16,7.412327507116203e-10,0.28489091091991553,0.6295025333474026,0.00012029700664380869,0.08544759042155903,3.1897766329951348e-09,1.564557687461193e-89,3.859490020611295e-05,6.947326335895946e-08
1.1655150594487402e-17,4.023427341687968e-10,0.38612260434210066,0.5677378840088153,1.4077682905561125e-05,0.04611847140371132,6.085746510949787e-10,1.3374393690285696e-90,6.9207590874557615e-06,4.0792462282804244e-08
1.891095222080249e-17,7.847389713553406e-11,0.05086101047794627,0.8725669110256982,2.3977170434081417e-05,0.07653872378592386,9.732894960313271e-10,2.1700403303257918e-90,9.356512878606289e-06,1.9975355562022172e-08
3.352754177872789e-17,5.617357874340452e-10,0.1389880584906742,0.7666050941430469,4.054125227368188e-05,0.09435138085701729,1.3528149997273455e-09,3.8473291956916773e-90,1.4761177368761363e-05,1.6216506816515166e-07
2.5381182706004384e-17,2.7069659665684105e-10,0.2897613261139417,0.6002825363125275,3.0035547419722023e-05,0.10991477230344604,1.0239699412525283e-09,2.912509266837664e-90,1.1266336680774374e-05,6.209131769929503e-08
1.1219582258173167e-17,2.2361926296294734e-10,0.25831016041288296,0.631363931946772,1.4849182687944704e-05,0.11030361617187404,6.792917892518572e-10,1.2874586651699268e-90,7.42854234174151e-06,1.284053026915189e-08
1.75834602495943e-16,6.9944881918265e-11,0.6209771145318529,0.3569830499039601,0.00018003801559466004,0.021836452277049407,1.5070457392981103e-09,2.017746465223679e-89,2.321934363699757e-05,1.2435091520346728e-07
1.1255742405436329e-17,1.608618214011136e-10,0.181317679058314,0.7455816354398266,1.7226771960190135e-05,0.07307753012892583,5.857363793283325e-10,1.2916082894276703e-90,5.8949365982255726e-06,3.2917777016078594e-08
8.36884331588733e-18,6.524922250332706e-11,0.20567916207793394,0.7210818999200569,1.3520195595239057e-05,0.07322062682962693,4.657504092847018e-10,9.603295215211144e-91,4.781553152067245e-06,8.892635264072457e-09
4.86847606321448e-16,5.222162892701552e-11,0.5643427994555739,0.41496286773498,0.00030066855810334883,0.020366211523769107,1.751427202082934e-09,5.5867458080230874e-89,2.7277531185457677e-05,1.7339273896445927e-07
1.0789016592628527e-17,1.230312683190916e-10,0.39627869430207446,0.46006792238409877,1.3272993150327574e-05,0.14363362474928706,6.080542544986762e-10,1.2380479400122533e-90,6.464360581081098e-06,2.0479722813193914e-08
7.962699245042078e-18,1.0723551205795016e-10,0.18528602955015835,0.714136402620624,1.268295132252763e-05,0.10056008016237412,4.727498782179921e-10,9.137284407323345e-91,4.788634653288753e-06,1.5500882274263068e-08
2.158398211609954e-17,2.652990999325037e-11,0.7681869250964687,0.22033035460235814,3.848951285504799e-05,0.011438105570301497,4.865656606323416e-10,2.4767905912830426e-90,6.107551091060951e-06,1.7153830027045294e-08
2.7147035557038867e-17,4.5557584793141546e-11,0.47128734231679725,0.501916345828238,4.66776167922076e-05,0.02674102325040891,7.51330768600152e-10,3.1151396912617516e-90,8.56995494613581e-06,4.02359291961898e-08
2.96672874055737e-18,1.574273032480221e-11,0.7533847405683737,0.2348358155812616,5.416256632280545e-06,0.011772480788703512,1.4980825166677525e-10,3.404339776635299e-91,1.5434916601396676e-06,3.1478179666862932e-09
3.144680361305464e-17,2.5311533535113207e-10,0.2778466239664091,0.4823088370910484,4.2708332716222966e-05,0.23978540927150388,1.3123764128609031e-09,3.608562692530459e-90,1.6389693422982153e-05,3.0079407797314e-08
2.1876091147829785e-17,2.0803853739939924e-10,0.5070778288993393,0.3660311008854386,2.4074770439581206e-05,0.12685494722243673,1.005848495895825e-09,2.5103021661421637e-90,1.2019103081015201e-05,2.7905377644594268e-08
1.5847274446605788e-17,3.387571505560135e-10,0.4174958959575555,0.5247766192198948,1.925241206921492e-05,0.05769872389950207,8.080038856681214e-10,1.818492446695084e-90,9.47064704805365e-06,3.671716937115219e-08
1.934773674890656e-16,1.5903129533432846e-10,0.09488998865363521,0.8059649262129664,0.00022403731881435709,0.09887644676795973,3.5741563270661942e-09,2.2201803607530373e-89,4.443806732733212e-05,1.5924610917884348e-07
3.0417921194180288e-18,5.208094581303632e-11,0.37377022850792446,0.6008938943659983,4.932039757523595e-06,0.02532905051074763,1.8740243745560477e-10,3.490481923290011e-91,1.88701473245632e-06,7.3213563798162464e-09
6.758391992702997e-17,2.1203051602163225e-10,0.09863451962706082,0.7018961563074457,7.98167369524196e-05,0.19936422023700595,2.3714190206078155e-09,7.7553237439363515e-90,2.52457992177189e-05,3.870886765648465e-08
7.942268127527038e-17,4.743363667150128e-10,0.42591789483361825,0.5243174873194657,9.144593116664247e-05,0.04964621826219142,1.98759111153028e-09,9.113854551767262e-90,2.6854001911831425e-05,9.718971860618929e-08
7.942268127527038e-17,4.743363667150128e-10,0.42591789483361825,0.5243174873194657,9.144593116664247e-05,0.04964621826219142,1.98759111153028e-09,9.113854551767262e-90,2.6854001911831425e-05,9.718971860618929e-08
2.6760178368302315e-18,4.012788841362174e-11,0.12462365769939447,0.7040497064690514,3.924603188921694e-06,0.17132086265324367,1.9343834070719411e-10,3.070751306972648e-91,1.8446823066762314e-06,3.6592486521610955e-09
2.439361661238005e-17,2.5115207977231446e-11,0.7309253888457244,0.25783303293832593,4.7328047019356505e-05,0.011187753835893644,5.086319269595342e-10,2.7992050214149045e-90,6.475678873976541e-06,2.0120415343970525e-08
1.0330991001705136e-17,1.2125909011008337e-10,0.19623035868390418,0.697447158256634,1.6307317554681598e-05,0.10629995566716592,6.271972036090507e-10,1.185491028079169e-90,6.2102914016829806e-06,9.034883283363206e-09
3.4364108971160864e-17,3.01995368676693e-10,0.43097151856407195,0.4405984187869046,4.109675442682811e-05,0.12837214736192543,1.3807603351584014e-09,3.943323512186466e-90,1.679204022103215e-05,2.4809694357261997e-08
1.0880649479519405e-17,1.245642438428327e-10,0.4275824288097301,0.4345402693077896,1.398651694151483e-05,0.1378572515069771,5.633883180873606e-10,1.2485629894053646e-90,6.0455637021129095e-06,1.7606906925974552e-08
7.618279772355649e-17,4.011319565479156e-10,0.3346776005356771,0.4704563052807128,7.547359646881106e-05,0.19476292971305464,2.073375299812098e-09,8.74205922563664e-90,2.762009468464008e-05,6.83048946673693e-08
9.623501981272815e-17,6.491613851724944e-11,0.404292409407313,0.5625542985819575,0.0001496134809899163,0.032984972079368936,1.4814661945066517e-09,1.1043069661746346e-89,1.8622123631150743e-05,8.278035715196839e-08
1.916909761227824e-16,1.230511779824799e-10,0.5544846976194673,0.3979146853792682,0.00023215149446126747,0.04733886613862733,2.0004299409886405e-09,2.1996975874050378e-89,2.9503369012277754e-05,9.387568225024449e-08
6.98039786260713e-18,5.186063559273042e-11,0.7750473154524917,0.2051668756418542,1.0269823858695197e-05,0.0197719525558915,2.981716740640939e-10,8.010056646308434e-91,3.574649448877496e-06,1.1526422721638397e-08
1.1073329653159301e-17,1.5673069668429095e-10,0.1432959390526502,0.6290631705300187,1.4916287606647906e-05,0.22761967839201286,6.012218759841675e-10,1.2706757994965663e-90,6.2731337838455536e-06,2.184597518480275e-08
8.038472931766327e-18,8.434115602865316e-11,0.10238866002694766,0.6014998253793516,1.1092660496219402e-05,0.2960956042363111,4.855573318844311e-10,9.224214885921409e-91,4.801553130407292e-06,1.5573864478339054e-08
4.9703009869008925e-17,5.801252850581247e-10,0.5482868749696317,0.3678977181152142,5.109437670368345e-05,0.08374136171445482,1.5345686407598243e-09,5.7034854762682564e-90,2.2857049068798478e-05,9.166023301895333e-08
4.888182555701303e-17,2.0380722186560226e-10,0.10182444389333041,0.681872451848728,5.1661058692815716e-05,0.21622919682203107,1.8988101425270614e-09,5.609230377027676e-90,2.2192355992983966e-05,5.191860723696036e-08
2.7968822926703756e-15,9.326695841477544e-09,8.324780326649518e-116,1.698127220765236e-107,0.0062729820937628515,0.9759947688110016,7.313864075787902e-07,1.7326856776805358e-89,0.017731508382129498,6.231219916261764e-91
4.344644830280117e-17,1.6732536140075565e-10,0.4717444819561668,0.46462072130677257,5.092037955725553e-05,0.0635662601521855,1.36754124049879e-09,4.9855067224743835e-90,1.754408314684975e-05,7.058730454250662e-08
1.872519672594756e-17,8.800375001852737e-11,0.2559104529873723,0.6333944165345964,2.5780395997314665e-05,0.11066006377925722,8.85720899503547e-10,2.1487237487072787e-90,9.254535682780968e-06,3.079336933654493e-08
1.3884825408192695e-17,2.792693023952946e-10,0.49975751871510815,0.43891812758968274,1.5398231142013607e-05,0.06130076383411857,6.969560015854535e-10,1.593293993541501e-90,8.150969608625764e-06,3.968411441109182e-08
1.1896418448593512e-16,1.949341043220901e-10,0.07913598845688993,0.8531576931791741,0.00010223476092077909,0.06756874222005897,2.941499167358762e-09,1.3651210955189645e-89,3.497231151502184e-05,3.6593500786603115e-07
1.320998044255302e-16,1.4713497226117947e-09,0.43327994492535044,0.4769030781356756,9.57465818659894e-05,0.08967496761455278,2.876920221892434e-09,1.5158649554100948e-89,4.601423959076468e-05,2.441546944640728e-07
8.927290295765071e-18,1.692251360959388e-10,0.3210805951188572,0.6160580971929518,1.1840150563208787e-05,0.06284412268644037,5.064798736434143e-10,1.0244151976666268e-90,5.320085130621616e-06,2.4090351698500504e-08
9.051376568858994e-18,1.3440041018734926e-10,0.3008349836844465,0.6048961721457811,1.1660235553201485e-05,0.09425171847815851,5.279560870344186e-10,1.0386528176772803e-90,5.441428000448986e-06,2.3365703730998993e-08
2.9100182875447765e-17,1.0366815127054944e-10,0.054563899834055817,0.8851649507754312,3.576817124816831e-05,0.06022190267918449,1.2748933381518596e-09,3.339259795602663e-90,1.3436972828559959e-05,4.0188690086863094e-08
6.362376687729284e-17,6.948474517032373e-10,0.21228154629662677,0.684624195932837,7.030505543002315e-05,0.10299704263482554,2.2955819266690137e-09,7.300911119318546e-90,2.6867002407970188e-05,4.0087443273622545e-08
