i = 0,i = 1,i = 2,i = 3,i = 4,i = 5,i = 6,i = 7,i = 8,i = 9
4.753714933199988e-08,0.001242091044470047,1.9272556547413606e-11,0.03517570734904856,0.0001306630782025612,0.27442180167107305,1.390958509552442e-07,0.01649107107670101,1.6885465929104165e-08,0.6725384622427659
5.1578320872161586e-08,0.0013223046225159553,1.948393201480238e-11,0.036166343960952266,0.00014386124167848716,0.2729208930900736,1.5048265483485476e-07,0.015918230466137773,1.8484092222159475e-08,0.6735281460540901
5.1462234633152684e-08,0.0015005073769621359,2.2607591378159306e-11,0.034818098593971274,0.00016839098640198432,0.27322627164303404,1.7495937728343397e-07,0.01643959291922376,2.1849529265386976e-08,0.6738468901866581
5.349905622392903e-08,0.0014286624776749623,2.1419803804679973e-11,0.04793970956674148,0.00014639289300538125,0.27360000874242796,1.5670135889981167e-07,0.015650567168440453,1.888426627267123e-08,0.6612344300456086
8.566177356164253e-08,0.0021753408386862637,2.6288443538701875e-11,0.03731011362707273,0.00024153650090211927,0.27001779579559976,2.7548795709834724e-07,0.01242265068856188,2.7196719803894037e-08,0.6778321741764384
3.806784356032998e-05,0.9998093687414921,1.5358020985047064e-08,1.14545180475019e-37,4.963147120652999e-87,2.1223887620816e-09,0.00014172235960376972,1.38763796412171e-22,1.0823574934130394e-05,1.1721596777427308e-80
1.1461099054457655e-07,0.0032303874725498095,3.3598415790422323e-11,0.03516083041523898,0.0004015279645316,0.26894002019396185,4.6608880510920374e-07,0.01238004162537266,4.190252544125337e-08,0.6798865696924256
4.7455467217204345e-08,0.0011233359118833857,2.565597143815668e-11,0.06278954023232752,0.00018003462809571707,0.2667680218171552,1.435929300452834e-07,0.014305832331850149,2.1399218673983546e-08,0.6548330226054162
8.760175825512816e-08,0.0018333749651402275,2.8756509258102178e-11,0.04232594390991054,0.00020348493789974046,0.27333019532295433,2.3170834362620195e-07,0.014453319976860217,2.3739662996699584e-08,0.6678533378087136
7.964987231053798e-08,0.0018252259913801709,3.258141236959581e-11,0.06204090243060565,0.00024869813830440097,0.26897701765153037,2.404862779143938e-07,0.014933202777302758,2.922883424461372e-08,0.6519746036133107
3.158899515855092e-08,0.0008306478818890654,1.318388343291608e-11,0.07655704968062796,8.517891129365366e-05,0.2678608335897748,8.447715211218035e-08,0.015001155534989345,1.1351240041364489e-08,0.6396650069708539
5.05675513230283e-08,0.0011967745864725778,2.0733181016403467e-11,0.07236314594240946,0.00014069657636325567,0.26737898588248094,1.3519575527259924e-07,0.014701066994475943,1.7975528435203527e-08,0.6442191262582296
4.7385320644701214e-08,0.0011638050917077475,1.718989025659118e-11,0.05109751675724865,0.00011768705989618899,0.27164901263755614,1.239165790562211e-07,0.013724986400870182,1.4957887269149356e-08,0.6622468057757442
5.762665159050139e-08,0.0017878592987977903,2.2196593675549223e-11,0.035816241320706974,0.00019421961041519897,0.2709205376886225,2.0949453548911832e-07,0.013075536583167603,2.3193009503307104e-08,0.6782053151618966
4.709706314807133e-08,0.0012788152551965165,2.1219620673046794e-11,0.0342772219115483,0.00014317516774321217,0.27468831878266253,1.5529685347991e-07,0.016746289540586386,1.7764110897078133e-08,0.6728659591630158
4.109692596745659e-08,0.0009894501714362129,1.5017105381013885e-11,0.058620054279285155,9.367947534557954e-05,0.2731534856369928,1.0048883298033672e-07,0.01541812107089506,1.2461008371867742e-08,0.6517250553042607
3.1290165212652545e-08,0.0006999545937661304,2.2583827295560454e-11,0.09177728857017531,0.00016173336855907508,0.2541053467545785,9.59331820616716e-08,0.012494015793104999,1.9009185885791813e-08,0.640761514664699
3.5681599398487705e-08,0.0009813176130513061,1.530561375030464e-11,0.04499025283416776,9.765216818315922e-05,0.27398766729593615,9.855043792444586e-08,0.015591472986802605,1.318681528099333e-08,0.6643514896677007
4.738610176599181e-08,0.0012171797028665817,1.775063619497028e-11,0.06031476776939281,0.00012192823185010558,0.2722101735056889,1.3208804647485574e-07,0.015428987784062482,1.5560894840561776e-08,0.6507067679533455
3.4907351468830274e-08,0.0009424226767707706,1.511296133437772e-11,0.031795384905783985,9.641610880951899e-05,0.27438990612531133,9.794513544701768e-08,0.01647923659600496,1.2849538184064988e-08,0.6762964878701814
3.3271193063183773e-08,0.000849856555556698,1.2793962394020342e-11,0.06535103005391474,8.093085571760176e-05,0.27253099394185815,8.638977707271634e-08,0.01586952931675071,1.0752348200621214e-08,0.6453175288500899
1.9744514235268093e-08,0.000517370246071393,7.983043281922593e-12,0.05916502791707269,4.8276402375597695e-05,0.27609805828208395,5.088282260190265e-08,0.016641758643127988,6.500943089991265e-09,0.6475294313730054
6.461964093335471e-08,0.0019427330433550295,3.009721919688949e-11,0.03348481805072432,0.0002612521563663648,0.27224115158398915,2.793066024767814e-07,0.015984846344594267,3.09725462451075e-08,0.6760848238920839
4.858396137037755e-08,0.0011796718403193083,1.8182660022243226e-11,0.04999952150362046,0.00011747595768381667,0.2734719359451083,1.250917186074811e-07,0.015814973686672763,1.5432254233609163e-08,0.6594162319404785
5.7206997155387526e-08,0.0014454004054793434,2.2233108816134783e-11,0.04819307788398818,0.00015150742251676363,0.27344073362342336,1.6385726492595721e-07,0.01587025662532915,1.898219575888884e-08,0.6608987839705723
6.684954104234745e-08,0.001902735531055018,2.2827347044164317e-11,0.033615379857888934,0.0002019672400600545,0.2699285135604,2.2032011216591254e-07,0.012352629292382972,2.3737591714462185e-08,0.6819984635881408
5.0416629634345725e-08,0.001474638110543369,2.3481870118932455e-11,0.04672474739357743,0.00017054378404510255,0.2727275770768508,1.724507366706143e-07,0.01574311980404358,2.0936002919325334e-08,0.6631591300040885
4.792503925261173e-08,0.0011603976110753798,1.8528638458517757e-11,0.04619637184267717,0.0001154077021483204,0.2750736055041085,1.2418466447944783e-07,0.015810147850878836,1.4937004859954698e-08,0.6616438824238745
6.675086084714797e-08,0.0016700398074014494,2.602293375514978e-11,0.03513347048137633,0.00019293116389865523,0.2731212984597072,2.053987919163093e-07,0.01594618506829002,2.3971017120526345e-08,0.6739357788726336
1.155042244946227e-07,0.0033067285762399404,5.180244169565034e-11,0.04007874235243841,0.0008759459968400338,0.27002635296657734,7.746537618982854e-07,0.015305515196061256,7.822780866208727e-08,0.6704057464742456
4.692294099418284e-08,0.0012961862389742928,2.47445287587377e-11,0.046945627726677444,0.0001911592266710955,0.27002917546569477,1.624438547661935e-07,0.01518654561310825,2.354495594414935e-08,0.6663510727923778
1.8419482741045856e-07,0.005032154889204569,4.5488893472437076e-11,0.03735867433006,0.0008078033766898152,0.268349310781363,1.0916128502816917e-06,0.01252876488675555,6.902323960329299e-08,0.6759219468595208
4.9289727859301084e-08,0.0009468379676368272,4.218502901584884e-11,0.06981500390012217,0.0003462173825645007,0.25931487718197116,1.539836371233656e-07,0.012959830705768217,3.44919250268201e-08,0.6566169950544619
7.08375552826157e-08,0.0015909180671820193,2.2970949470050205e-11,0.03928633574988999,0.00017475036495900263,0.27096099192931145,1.9109284670959862e-07,0.013353684963402359,2.1258053126599372e-08,0.674633035713829
1.1165898081567873e-07,0.0028751752771379586,4.609958595182663e-11,0.03807457366688497,0.0004842259811536303,0.2718853120460415,5.670398998457053e-07,0.015920026986040926,4.930865208102801e-08,0.6707599579891087
9.839181174731274e-08,0.0024120875767804886,3.954069312524368e-11,0.036401448388002314,0.00034907995401999866,0.2722985016521344,4.0806738849686585e-07,0.01548619691138338,3.6708099068649633e-08,0.6730521423108394
5.432596592086483e-08,0.00175541245904683,2.6655686750167605e-11,0.032898452324979566,0.00022648940808101672,0.2718861411066768,2.2978968036830454e-07,0.01590335978042868,2.794451158900822e-08,0.6773298328339735
5.523404333081906e-08,0.001306794831690553,2.1179004254919686e-11,0.06198309793284204,0.00013864263210725973,0.27076335327231815,1.4403446970103296e-07,0.015332200097500241,1.7742991346499628e-08,0.6504756942008584
4.6581639824093886e-08,0.0014278105513420734,1.8955993048711208e-11,0.029790305448115617,0.00015503651625814864,0.2710590542375172,1.6650665839526448e-07,0.013345554234496302,1.8775871862379835e-08,0.6842220071291446
2.4485318174525745e-08,0.0007113319457170122,1.0339650769143409e-11,0.0269508897362975,6.816507816220084e-05,0.273378665921387,7.082004891531171e-08,0.013848443633532204,8.94578853027872e-09,0.6850423994234088
9.96734125211529e-08,0.0030073863989756584,4.756981209205826e-11,0.0380465149793014,0.0005587974265659166,0.2714004342984526,6.173436585517574e-07,0.016037540791297877,5.895720081384494e-08,0.6709485500835649
1.1320519228338805e-07,0.0033135871609080154,4.8318630882490165e-11,0.037311065408341365,0.0006268241229011055,0.2706698526268706,6.919569391277361e-07,0.015274015560198135,6.368827921941635e-08,0.6728037862220515
8.468283320901105e-08,0.0026187486279468856,4.117251402079786e-11,0.03838071093441578,0.0004157483989105181,0.27198005711426404,4.628972994134872e-07,0.015927647141981294,4.463910964351768e-08,0.6706764955220668
4.6196691532031834e-08,0.0012024582980603065,1.8939346512642996e-11,0.04304265739114314,0.00013109219843578194,0.27449873485989346,1.4176109890897838e-07,0.016791267713706787,1.6659760755798563e-08,0.6643335849022699
6.50186747735464e-08,0.0014025458005737582,2.2761128084722914e-11,0.07071152154842412,0.00015209548864145714,0.26881254747847644,1.6179219270918488e-07,0.015095146012410384,1.916397812424589e-08,0.6438258976738671
5.2288491052031784e-08,0.00122851118799544,2.8322298237124707e-11,0.055921402573935367,0.00024238669777042066,0.2657200547631573,1.73225843097018e-07,0.013071180592832642,2.6621036712611004e-08,0.6638162120206157
1.192940226704096e-07,0.0025833191767911387,5.0563203891729346e-11,0.04049246755367171,0.000573060326147785,0.2699712333884667,5.080264574508233e-07,0.014411604436342765,5.181415821135394e-08,0.6719676359333784
2.6535561252503416e-08,0.0006860751455904378,1.0265265294887503e-11,0.049890804761259046,6.456688729942806e-05,0.27595624195288,6.936980366185227e-08,0.014640620255498876,8.341876681606976e-09,0.6587615867399654
6.994122237375172e-08,0.0021157677141060483,3.30665985876008e-11,0.03690334880311308,0.0002836920619409384,0.27232071215547327,3.04351111372767e-07,0.015813014891467178,3.302386983581412e-08,0.6725630570246294
1.0003254175116681e-07,0.002799059151706611,3.77627538902463e-11,0.05252096982609821,0.00040579895342977905,0.27105270030647766,4.775703955266395e-07,0.015734001048305354,4.40385497098942e-08,0.6574868490347326
1.9156900739790068e-08,0.000544330300122044,8.82624569945702e-12,0.0780707282935224,5.631398563437598e-05,0.26747280330532514,5.363231843983633e-08,0.015042628699764807,7.639041138431911e-09,0.6388131149785446
3.501593593051308e-08,0.0006637161851369139,5.221590747307904e-11,0.09311348819588114,0.0005325894219517758,0.24814710529407963,1.2087486641337674e-07,0.011524915564922142,3.806436485254118e-08,0.6460179913306453
3.7903299131400755e-08,0.0008950010680333437,2.2906049345058756e-11,0.0517222419478177,0.00018364135471590266,0.2627315181197958,1.1999261805221455e-07,0.011844721989248408,2.088333853358741e-08,0.6726226967182272
2.886126707059093e-08,0.0007406937427062641,1.1612044107531389e-11,0.03774624263152466,7.021133559389752e-05,0.2770122590079795,7.433034098896272e-08,0.015259519508356906,9.2223548994042e-09,0.6691709613482638
5.5134204124965015e-08,0.0013051650628530466,2.2102863933355992e-11,0.03497813243300035,0.00014165296766242123,0.27466394271852423,1.5433001528617745e-07,0.016075513549765424,1.7511434092402563e-08,0.6728353662704382
5.650066225371192e-08,0.0012944493811734646,2.2477107081263803e-11,0.03654863549146284,0.0001397143203102273,0.27512386576682185,1.5440193840238903e-07,0.01607175019396167,1.705701716881091e-08,0.6708213568641751
6.508658449335617e-08,0.001766186042143973,2.7042129829090423e-11,0.03651093346770833,0.00020504671766365416,0.27295938021945987,2.1829808229427367e-07,0.016013703001486242,2.5940931361797737e-08,0.6725444411988977
2.7824061378195193e-08,0.000836008555747549,1.1777306876390276e-11,0.03687526276502811,8.079019555699869e-05,0.27451806841278587,8.480917924616179e-08,0.014235339156218038,1.0438570154509204e-08,0.6734544078310754
3.518648262899744e-08,0.0007547633873512016,1.2559340428065148e-11,0.062041280586328997,7.23225079092695e-05,0.27334609201824567,7.741510314076258e-08,0.015892409622922377,9.636398872337855e-09,0.6478930096266985
1.29870032193966e-07,0.0034581442443160373,3.584147069687234e-11,0.03576034683689836,0.00044670983717895956,0.2688794850177362,5.270439313700154e-07,0.012462642311798784,4.561599990308702e-08,0.6789919691862667
8.973162598981522e-08,0.002494674299821324,2.8919391798611028e-11,0.041836735234685375,0.0002907370021353445,0.2700720623113834,3.277155184413472e-07,0.012987213852525615,3.256359537135469e-08,0.6723181272597898
7.654715298148062e-08,0.0017395438488842206,2.7072809680470957e-11,0.061998112222544734,0.000200736184227449,0.27047060555724645,2.2438241387829894e-07,0.015472419579865714,2.3861139971620038e-08,0.6501182577894518
2.037331090086704e-08,0.0004576376157103428,1.7921169981097493e-11,0.09843125751522247,0.0001286122221454555,0.24486997781487463,6.443564818451243e-08,0.01062129594811671,1.4495335032713398e-08,0.6454911195617151
6.895699213388388e-08,0.0015954835592831742,2.6718343347493618e-11,0.05808521315132553,0.00018346740904376724,0.27098529238876023,1.9054392518839623e-07,0.015272660945883447,2.2386064061799726e-08,0.6538776006320041
3.99287712012236e-08,0.0011706807432245701,1.7853515444868437e-11,0.04462327907710116,0.00012603621627019755,0.2728144923023842,1.2502397521823778e-07,0.01560603072773099,1.6738645151571e-08,0.6656592992240438
1.6004999690359476e-08,0.0004954248735028092,8.70316654759284e-12,0.03340871835985353,5.633333583586701e-05,0.27263677178084184,5.1405244257820254e-08,0.016606122844603628,7.606200388805918e-09,0.6767965537802149
9.832194633703249e-08,0.0020036151549410485,3.154502240050368e-11,0.05773775822168656,0.00022627306379956083,0.27066629873746073,2.526636452925003e-07,0.015135545103958863,2.7934991159125825e-08,0.6542301307660253
4.248057233243356e-08,0.0009799645989016263,1.533344940018652e-11,0.046299005613827535,9.303613309133082e-05,0.2749982189569185,9.892457099827016e-08,0.015739196250612535,1.2445837789315353e-08,0.6618904245803339
7.814178779208942e-08,0.0018937577241125382,2.8180820436515205e-11,0.05689823593315103,0.00020774465809497367,0.2716181113416438,2.3091722918999617e-07,0.015368686269048042,2.5174859076667437e-08,0.6540131298118927
1.2387106591352179e-07,0.003645556501879035,4.943821601092564e-11,0.0384329126466091,0.0007433381527297599,0.27060286264460004,8.26959643743913e-07,0.015461669500236775,7.208706530702027e-08,0.6711126375867321
3.4658114876248995e-08,0.0009682220855888542,1.427520914175926e-11,0.05241882992331535,9.490504683999719e-05,0.2740449984847157,1.00671868869164e-07,0.015667208100131474,1.2271757059081775e-08,0.6568056887433926
2.6858223033171117e-08,0.0008189363871471366,1.4015651870830236e-11,0.037032776345952347,9.6289013785331e-05,0.2719859208588736,8.86688932572231e-08,0.01530262534455108,1.2405116822321002e-08,0.6747633241034418
1.020208240243016e-07,0.002886426817294814,3.2868088307081904e-11,0.03455512293591582,0.0003635796173096222,0.2696706864343151,4.2660381761429476e-07,0.01270411625029712,3.791878764450447e-08,0.6798195013685702
1.4359596206151524e-07,0.0033354628537802084,3.64406230079568e-11,0.03650302037613201,0.0004170186582657628,0.2692033375507925,5.056451996601192e-07,0.012406955214099886,4.2288017351489394e-08,0.6781335137813099
6.133546109966772e-08,0.0010868939977719864,1.951254316176154e-11,0.051383349305803475,0.00010848760968227983,0.275643754603044,1.2395323182879923e-07,0.015440070972837094,1.3104904861473714e-08,0.6563372450977507
1.231439590068686e-07,0.00260212965343907,3.4379448266005937e-11,0.040241008955157705,0.00031192490282776826,0.2708436475713966,3.779722268075533e-07,0.012954905873081214,3.197366416792929e-08,0.6730458499198682
4.2498941306451994e-08,0.001210870597794409,1.7245623010319956e-11,0.029331920355785038,0.00012559496599583246,0.27162060806990734,1.331672435592692e-07,0.013426246899689532,1.5709161662699153e-08,0.6842845677182356
6.950234776211427e-08,0.0019114145353216724,2.363443181057191e-11,0.033145142306965254,0.00021468239399969997,0.26872298011385454,2.2088242873584671e-07,0.011943384910075227,2.5126526519345002e-08,0.6840620802048463
1.403959746565152e-07,0.002448793601280187,4.268264798674673e-11,0.04080852744443037,0.00032051992989008714,0.2730446102030322,4.1615612799365284e-07,0.014698648873168081,3.13863437116002e-08,0.6686783119670702
7.235844338030442e-08,0.0017176890126074334,2.2461692969882532e-11,0.03376016319478089,0.00018214675202508047,0.27036284244063974,2.0213525418837983e-07,0.012484500045906042,2.1421444138016855e-08,0.6814923626164374
7.041689485869674e-08,0.001898318051786322,2.312413470917546e-11,0.03672700686166958,0.000199342617633932,0.2703344609211483,2.195081149227671e-07,0.012400658718706757,2.3459670365251235e-08,0.6784398994212508
6.16336480029086e-08,0.0015524439791919427,2.1160821781293886e-11,0.03176372990660739,0.00016666354574650831,0.271266807304077,1.8574583097279886e-07,0.013009643965531772,1.9439586398811412e-08,0.6822404444586191
1.2294886220327462e-07,0.0030852880436668647,3.6898905109285265e-11,0.038596855307484496,0.0003925509620926188,0.2702789253322729,4.631284994265623e-07,0.013149057637386068,4.052427477946883e-08,0.6744966960785618
8.069789917620312e-08,0.0016174161692062343,2.585830931563575e-11,0.0401767516037609,0.0001735933630970159,0.27373319575815225,1.986627934636548e-07,0.01419740870150487,2.0194477131286148e-08,0.6701013348232506
1.700241266583679e-05,0.9929667172737728,1.0684210822419223e-08,9.771489281714884e-38,4.233904795637524e-87,1.8105431371483657e-09,0.00699248070313631,1.183750327782065e-22,2.3787115670958568e-05,9.999325750784775e-81
1.459303811116152e-07,0.0032982961085488353,5.327498483664992e-11,0.04691668757705448,0.0006026070380865179,0.27169522285937836,7.983413992629301e-07,0.015904250153893688,5.76811149759435e-08,0.6615819342568677
7.542340519296755e-08,0.002026384460837439,3.066233129647631e-11,0.04957693865217722,0.0002553935025477303,0.27244828502122853,2.888736981920472e-07,0.01611479845998264,2.9932492023602895e-08,0.6595778056429688
7.458553854389678e-08,0.0022719464430677873,3.599529488240617e-11,0.03484595863456921,0.0003377405664623392,0.27170859239497896,3.5834021322569637e-07,0.015953811652766634,3.945640177192488e-08,0.6748814778900062
2.3023619976056456e-08,0.0005278371898550493,1.3708315434450385e-11,0.05634810217950716,8.486932089915072e-05,0.2621736859602856,6.248980833239345e-08,0.012185367482849485,1.0669438556396311e-08,0.6686800416700283
3.0499617992937035e-08,0.0007838912196385319,1.4564143590926233e-11,0.043540805939004806,0.00010504373690657739,0.2657804611760539,8.828016518833172e-08,0.0116611840028251,1.3169556653328027e-08,0.6781284819616671
7.67603165616673e-08,0.0016213374012210937,3.089435024469573e-11,0.048209587142430434,0.0002541542505838438,0.2681755683957949,2.2033574440360322e-07,0.012925322454974563,2.8674473262954636e-08,0.6688137045535666
2.3347108157766555e-08,0.0006855102845078078,1.0516017224999763e-11,0.06641732705044039,7.034061657732587e-05,0.2704178315501463,6.912291693296465e-08,0.01568588514332528,9.437504977955275e-09,0.6467230034369568
6.187734981283935e-08,0.00111566894914087,1.9635715312016115e-11,0.06134270769946365,0.00011210994422394101,0.27321290316215185,1.2697154381240856e-07,0.015425261819698164,1.380399763618189e-08,0.6487911457527945
4.87604287944233e-08,0.0009106728912783565,4.8416001833234526e-11,0.08269044283516021,0.0004193140003494647,0.25579690518704284,1.5771950112992366e-07,0.01259314733965415,3.756644660116577e-08,0.6475892736517225
1.561739125911449e-08,0.0004175241302246526,7.153725266360051e-12,0.02698869904768264,4.3935241824894235e-05,0.27193421386950095,4.131930185119158e-08,0.01600614932877212,5.9809403160230145e-09,0.6846094154572077
8.19634386790236e-08,0.0017218611986538044,2.9809140310432024e-11,0.04638386526709106,0.0002095539994692513,0.273836404623804,2.5026852459363893e-07,0.015950294272112822,2.333188417697541e-08,0.6618976650452125
8.407933245094673e-08,0.0021912156697494033,3.273794618871087e-11,0.03425849531954763,0.0002898551672780275,0.2718042201546383,3.179163097038786e-07,0.015167611315848583,3.2986812144994474e-08,0.6762881673577459
8.724687027768202e-08,0.0026106546759070157,3.610584507859015e-11,0.03750861854678779,0.0003830509066414935,0.27187854925782684,4.2259383042694637e-07,0.015660951454708378,4.1556733076992585e-08,0.6719576237245889
9.692366889280407e-08,0.0029313056389219595,4.2899924916966897e-11,0.03713705392053469,0.0005068906460916811,0.27137421866392974,5.504478856593554e-07,0.015936623969460183,5.4585236246234335e-08,0.672113205161371
1.3692334601832765e-07,0.0022776857612888234,4.3942138500928597e-11,0.04298858760828715,0.000296772671544091,0.2738503666097052,3.868988745318757e-07,0.015509546870072633,2.9337099737584996e-08,0.6650764872758398
9.3832365448635e-08,0.0019844714345146957,3.39568614080274e-11,0.04466691635127631,0.0002581742765690262,0.2733139058098555,3.079762381022679e-07,0.01608057351621069,2.8496140984397535e-08,0.6636955282728724
7.35312554721931e-08,0.0017606280272263652,2.7489852544384882e-11,0.0530838008994143,0.00020573478658186733,0.27212557242047314,2.3157514964770605e-07,0.01588696118641349,2.5078465355506895e-08,0.6569369724675305
8.064494623315407e-08,0.0015391740954289535,2.519169236141358e-11,0.039240795156333386,0.0001672810994075646,0.27384726448071073,2.0003755043424406e-07,0.013952068009924849,1.8363864475488785e-08,0.6712531180866417
4.939633821173658e-08,0.0010535247605079998,3.851851358742243e-11,0.07444411604916179,0.0003865657713699447,0.25925542400365537,1.7501499603495297e-07,0.013021202159137093,3.680244312257504e-08,0.6518389060038721
3.850900511191378e-08,0.0008825672365908411,1.3918967584011606e-11,0.0606663084954115,8.480532809344972e-05,0.2739893799136723,9.28567265893814e-08,0.015245781302483682,1.07916430261412e-08,0.6491310155524546
6.506505845339285e-08,0.001731674425064694,2.6449185335931276e-11,0.04205091266732691,0.00020741814730528094,0.2735314965159192,2.2794206800531008e-07,0.016501675225945443,2.5300013111525035e-08,0.6659765046848497
6.578343140302356e-08,0.0016928910248096899,2.4421672883652166e-11,0.0613643793914125,0.00018349394348438276,0.2706434080294372,2.0034705576287821e-07,0.015409075002123513,2.2766142721823156e-08,0.6507064636876811
8.1137100586134e-08,0.0014827633670529237,2.5948162221579152e-11,0.05354141678070918,0.00016425937974736822,0.27178377065383214,1.8008606298486623e-07,0.015644933704312892,2.0906035478915985e-08,0.6573825739591983
8.752779765062233e-08,0.002413169079049149,3.64809718099016e-11,0.04040494770403553,0.0003208675335766425,0.2724390365908228,3.534056509819998e-07,0.015923542634771543,3.638439306128547e-08,0.6684979591034217
8.572757352420391e-08,0.0018434612081350986,3.069266430251596e-11,0.04808762766937696,0.00022885156777882864,0.27153162071032055,2.4978687094851087e-07,0.01577564670424842,2.807116958688502e-08,0.6625324285238334
2.6530264770958595e-05,0.999807492714537,1.0277051883723934e-08,1.7681726740782808e-37,7.6613447023926205e-87,3.2762179929842344e-09,0.00015278539931249985,2.142022492346349e-22,1.3178068109511778e-05,1.8094001888565768e-80
3.0101361085937354e-08,0.0008177599295104584,1.2730142059438219e-11,0.03946632875676091,8.307561853256912e-05,0.27623497192371893,8.837812013954776e-08,0.01717874239914441,1.0840973095548184e-08,0.6662189920391483
4.667267846042656e-08,0.0008838477391011959,4.882332971591947e-11,0.08678544274304417,0.0004673796473924878,0.2540879773278107,1.5726744287568692e-07,0.01243449498289226,3.939014708992126e-08,0.6453406141806673
5.402276456418252e-08,0.0014032402178091826,1.9341144625498847e-11,0.03861101201764611,0.00015347548330732778,0.2697006116514785,1.5802321138094379e-07,0.012218129912716669,1.857573497937524e-08,0.6779133000759902
3.862419300167939e-08,0.0006946100724899713,7.26980254061756e-11,0.09217257272672015,0.0010319720226709698,0.24816679016256787,1.3733766545188926e-07,0.011454680760961315,4.8520858597436256e-08,0.6464791496991746
1.0318406541799525e-07,0.0026911144997560825,2.9892180914493453e-11,0.03652731412249109,0.0003093727981535953,0.26934972153784786,3.5780901794447835e-07,0.01224312085076196,3.360840125125342e-08,0.6788788615596126
7.855380108638214e-08,0.0019118170902607298,2.7101003560891592e-11,0.03344385467266976,0.0002222094944002623,0.27169777827275055,2.439749031222706e-07,0.014185800297833383,2.591468043852098e-08,0.6785381917015997
7.324437322660522e-08,0.001705463872172694,2.2549758676826973e-11,0.03696745901351825,0.0001759070732194003,0.2711061906460172,1.9748204256774433e-07,0.012440726528255742,2.062285731647126e-08,0.6776039614949938
3.205874808930408e-07,0.0032729052108503008,7.099292609855292e-11,0.05052073882665448,0.0005384329734781547,0.2724031796693876,9.652445463128337e-07,0.015434336212187798,4.1744197817336885e-08,0.6578290794602236
9.002314647013473e-08,0.0019006975659073527,2.984529943918764e-11,0.05376937533315351,0.00021206581937799454,0.27237782757182966,2.4046477196482243e-07,0.015130329819524687,2.520095342257406e-08,0.6566093481714897
8.513822116261366e-08,0.0024861525027903503,3.756472026887203e-11,0.0386165278850788,0.0003748213213616207,0.2727848917919819,4.3175995023406133e-07,0.016152726874835665,4.0389947750548436e-08,0.6695843222982678
5.3598468405336895e-08,0.0014801117190897997,1.9156112285881064e-11,0.03150388134354345,0.0001509153484612268,0.2705828706648783,1.621244157869012e-07,0.01247782613418789,1.8424563279923975e-08,0.6838041606232358
6.845723879644767e-08,0.002003629462840827,2.7287527680035884e-11,0.032391841904738185,0.0002419767245674622,0.27091109938837665,2.5744491748834256e-07,0.01407406165301831,2.8700853318318247e-08,0.6803770362361615
3.8768769413047296e-08,0.0011361983190818015,1.8772485999639198e-11,0.03086527507618132,0.00015471554579031945,0.2675647809957782,1.329357172606186e-07,0.012786899913025899,1.907110599632155e-08,0.6874919393557772
5.839033633359424e-08,0.0017635675132223352,2.5829074652483752e-11,0.03751385069330921,0.00021827937129601055,0.27350567850583873,2.403955138879285e-07,0.015986626692325104,2.5590329718553592e-08,0.6710116728219997
4.787373961901807e-08,0.0011593776721262334,1.8550184520293674e-11,0.035023606460346614,0.00011931678643095671,0.27479532109983557,1.2693090701233144e-07,0.016382032936021165,1.544063868075038e-08,0.672520154781404
4.2729370084665275e-08,0.0010738733693398317,1.704883413862984e-11,0.07560498613234311,0.0001136617467221376,0.267460630856047,1.1389881570961864e-07,0.015066115088572378,1.5034797363757016e-08,0.6406805611269435
1.0351265588886759e-07,0.002785063305112282,3.259779704302556e-11,0.03530957075160358,0.0003607678757280657,0.2699160391669526,3.994352892084002e-07,0.01347915258402544,3.959926912141182e-08,0.6781488637367659
7.863829111954504e-08,0.0016295847416800716,2.6147921873369932e-11,0.04750073783450154,0.00016912466628681241,0.2732261288333717,1.8691936642715854e-07,0.014945265467483978,2.0847637316605294e-08,0.6625288720252331
5.1011370762476075e-08,0.001051061794038668,3.349586972390672e-11,0.05798981950055543,0.0002960450955825647,0.26194546020105386,1.624200866732731e-07,0.012043806803530064,2.98271387051154e-08,0.6666735633131474
7.224553800426166e-08,0.00146993252194925,2.3825257739123894e-11,0.04116833872786496,0.00015499990464129006,0.2741534801859686,1.697092063447876e-07,0.01587889607088229,1.942752849234704e-08,0.6671740911825955
3.1327092774722965e-08,0.0007156216726724307,1.4320066925014364e-11,0.040393215509771346,9.23597796814994e-05,0.26850950455151695,8.040130374213297e-08,0.013754688068300375,1.190475166322364e-08,0.6765344867705891
7.322201749497876e-08,0.001442440048648657,2.7277173763383628e-11,0.04338786106559955,0.00016278343250141853,0.27486629569226606,1.8472206066856116e-07,0.01548705696263617,1.8379864182375745e-08,0.6646532864471286
3.9313982636839384e-08,0.001232360330296033,1.748457741741834e-11,0.030721050769062373,0.00013681842943615328,0.2700081397403197,1.3439643411531787e-07,0.013019777106357575,1.714952218026268e-08,0.6848816627471047
6.442931154463594e-08,0.0012904703589144057,2.1484145960216007e-11,0.050430181588172356,0.00013524953413222087,0.272696866565947,1.456389723617249e-07,0.015802059333324226,1.7635595598735628e-08,0.6596449448941462
3.6224792525914136e-08,0.0008453415104911522,1.7498001175033438e-11,0.06040378715258901,0.0001121506297541839,0.2671649057565925,9.763727189707848e-08,0.014857083871178529,1.4659856084551096e-08,0.656616582539976
3.31917088726745e-08,0.000641142265681004,4.4543497390625276e-11,0.0896943676042081,0.00041047409108132946,0.2487272146351141,1.1207581390135078e-07,0.011505109964390612,3.317651563722699e-08,0.6490215129509429
2.3580971316367708e-08,0.0006232672340104401,9.613904212102434e-12,0.03949373797085101,5.820110980154509e-05,0.2774179846636975,6.060063987250135e-08,0.01717696932898384,7.925744838860572e-09,0.6652297475756858
9.431031998909254e-08,0.0019670665578456104,3.537027002956911e-11,0.06605409720275579,0.0002837803537855798,0.2675968736229217,2.761553994306044e-07,0.01488216661555406,3.3711875177912317e-08,0.6492156114341724
1.326275693028002e-07,0.003044474444504939,4.4940431965492874e-11,0.05220008224710892,0.00043100958942244737,0.2712319243838936,5.383080217729082e-07,0.015134621605035807,4.2630050710437127e-08,0.6579571741194521
5.881673006879527e-08,0.001100202906284259,1.888439407760831e-11,0.062165312245778453,0.0001091144657095194,0.2726171022030818,1.2109361173650492e-07,0.015456352972041757,1.3889930524683356e-08,0.6485517213879476
5.6462627043654746e-08,0.0017284313446943656,2.1627586066785596e-11,0.033322499641380975,0.0001856196041168277,0.2706467923753217,1.998803842378068e-07,0.012867726190516708,2.2113440404926558e-08,0.6812486523658902
8.474306088055864e-08,0.0017482991948801962,3.0967145385105984e-11,0.039513626702514855,0.00020340073791143992,0.27425208899570924,2.3364364090614734e-07,0.015925470053132718,2.345530839844504e-08,0.6683567724428743
6.202703677548843e-08,0.001376024978678381,2.307529979548656e-11,0.048309011362450936,0.00015543318854433806,0.2738735257676592,1.7805555072741453e-07,0.015834699728880814,1.8350016986096997e-08,0.6604510465181065
4.390937790659008e-08,0.0010424859731825871,1.6329950005478117e-11,0.04586280141630023,0.00010296034758677312,0.2742689902119588,1.0873808175010028e-07,0.01611715244549449,1.366239718241744e-08,0.6626054432792903
5.3590337997322966e-08,0.0010012335704416284,5.348480614495691e-11,0.07957749853826189,0.0005297843204523292,0.25678870509821683,1.8070596078874752e-07,0.012713459511581841,4.4444028859717034e-08,0.6493890401672331
4.009610493576744e-08,0.0009931302541310047,1.6632341285538947e-11,0.04167233503253719,0.00010027220757996238,0.27597006065512564,1.0746132288870852e-07,0.016224531099684126,1.271533460480456e-08,0.6650395104615473
2.5772675286408472e-08,0.0006738241366449044,1.1832193721962128e-11,0.04184124530731809,7.753291331301212e-05,0.2700898787168962,7.167341787589722e-08,0.014127854439348664,1.0208344932080523e-08,0.6731895568202089
4.1918650862719654e-08,0.0007830840244749256,5.955943773158907e-11,0.08505615826590335,0.000729313161864456,0.2517497137766602,1.496684170295056e-07,0.011873420619725388,4.606947796787944e-08,0.6498080724352663
3.998480491644482e-08,0.0011297680374368507,1.5991423645161172e-11,0.05807941154773258,0.00011286135763214889,0.27260787609333087,1.204721449996918e-07,0.01580954599103202,1.4658554779297164e-08,0.6522603618413393
3.105883852003188e-08,0.0008340949228925452,1.323190398116741e-11,0.039026433119092034,8.103035828521751e-05,0.27592471437766014,8.397811199498721e-08,0.016279713214575924,1.0828579963411953e-08,0.6678538881287318
3.317226813175547e-08,0.0007160595937054092,2.812513289994336e-11,0.09675238666085723,0.00021702815698509706,0.2514363117193001,1.0638189881366991e-07,0.012220276377857744,2.3692344127671458e-08,0.6386577742166583
3.059348295658014e-08,0.00069926186401711,2.16095353055945e-11,0.07121842435145091,0.00016421499313905774,0.25811636307332925,9.875257081191624e-08,0.012257664302918147,1.8458880031063075e-08,0.6575439235886023
1.693321290466449e-08,0.00044032471721475576,9.675266050805949e-12,0.0968862279425184,6.159590422537556e-05,0.2549616491756854,4.8750443375142166e-08,0.01274403435523131,8.088446801111413e-09,0.6349060941233464
6.874810033213707e-08,0.0016632733360783922,2.7349477761366252e-11,0.044243093497327225,0.00021554128558828496,0.2711601243482437,2.0902652769918937e-07,0.015850228022579488,2.7314696866194387e-08,0.6668674343935085
6.567201425943681e-08,0.0017675005945909433,2.432778897024464e-11,0.06197172190835393,0.00019400602635912163,0.27015361336880234,2.1067407930043816e-07,0.015430267528220798,2.4371225485955272e-08,0.650482589832026
6.61612018652806e-08,0.001380418271094802,2.156987650216862e-11,0.061368386078998124,0.00013756073894026673,0.2715405867493542,1.5152976894617758e-07,0.015070642927808475,1.7679668993787077e-08,0.6505021698415945
1.0277888116797968e-07,0.002704104661188629,4.2332226857207446e-11,0.03747402387908115,0.0006114863597187703,0.2679639405677349,4.724302972500976e-07,0.013047966414799493,5.776208306247229e-08,0.6781978451038834
1.837398002632788e-08,0.000448155095528294,7.727858986726254e-12,0.06182620682254737,4.3241511050006175e-05,0.27488604367765374,4.312068276898267e-08,0.015728025944843748,5.8438316565231465e-09,0.6470682596021544
8.200276663844028e-08,0.0025102451127945063,3.492599712161496e-11,0.03587924766607389,0.00034830663708393524,0.2713037742195567,3.8480672174127324e-07,0.014634511266253031,3.782564519760903e-08,0.6753234104281783
1.085908067942901e-07,0.002084191480529228,4.2480733552345564e-11,0.058229119703058364,0.000333688607432927,0.26957690324713346,3.167131224742875e-07,0.014885743337529306,3.664818489077788e-08,0.6548898916297219
1.085908067942901e-07,0.002084191480529228,4.2480733552345564e-11,0.058229119703058364,0.000333688607432927,0.26957690324713346,3.167131224742875e-07,0.014885743337529306,3.664818489077788e-08,0.6548898916297219
1.3838386709607053e-08,0.00040024512658970885,6.1192397755424095e-12,0.03186994728566296,3.6688958480416914e-05,0.28107058469909096,3.797172133659531e-08,0.018611263344461244,5.025543661317651e-09,0.6680112137439438
2.918292012246619e-08,0.0006028814517511877,2.8061131797131892e-11,0.09655632904341378,0.00020518948271623682,0.2487001811503317,9.109702059817495e-08,0.01171687378820753,2.2054672953652448e-08,0.6422184027209047
3.342563183437554e-08,0.0009747491478542222,1.4999506715975988e-11,0.04052815832040062,9.757670970076306e-05,0.2748895241595007,9.958088331611486e-08,0.016352160859244638,1.2904033132809348e-08,0.6671576848777513
7.624006605737509e-08,0.0018935424838648317,2.8819262524304884e-11,0.053741799430884966,0.00022185700974468463,0.2714776447824629,2.4585786109153284e-07,0.01567642507759041,2.7144027411189888e-08,0.6569883819446785
3.8832636887241863e-08,0.001011226596496906,1.564849063438095e-11,0.05332119205545795,0.00010408700750972175,0.27416076574681714,1.1299693961200286e-07,0.016487986245550087,1.3339187477543896e-08,0.6549145771637558
9.884697295726992e-08,0.0022908771692153433,3.7724254290260986e-11,0.04760816281987972,0.00032844922631146135,0.2718392027083527,3.841197593035593e-07,0.015804139781457463,3.6619283094223336e-08,0.6621286486710437
4.073795539408514e-08,0.0008770660187289563,3.433283393557365e-11,0.06326698358872446,0.0003186581927603403,0.2595504775843447,1.442056772622258e-07,0.012429321065464852,3.054349318597437e-08,0.663557278028518
6.74016948756413e-08,0.0013951853412925142,5.032873359716367e-11,0.06089741300701993,0.0005295854856175327,0.2644265884414404,2.598243460858327e-07,0.014122030211687078,4.805642604252242e-08,0.658628822180147
4.0655378876296206e-08,0.0008851752237932133,1.9579991560778113e-11,0.07912858763193846,0.00012510963914451003,0.26282048295153065,1.0672162755366404e-07,0.014106844776990469,1.602386117844131e-08,0.6429336363561551
4.034143770122e-08,0.0009835727139249355,1.5792402299921966e-11,0.03551554045348504,0.00010159537402174168,0.27569205942200553,1.0949152869412253e-07,0.016989592995044368,1.2965025095566837e-08,0.6707174762277345
3.180693073740565e-08,0.0009413366420189467,1.4854060536661162e-11,0.03434897529134849,9.753602638424919e-05,0.2752842877234978,1.0255745491737373e-07,0.01655691622172852,1.272395793738732e-08,0.6727708009918243
1.207417822468118e-07,0.002243704857831368,4.016205181949647e-11,0.060221490783509024,0.0003086185595843008,0.26899684095920917,3.3170413002937853e-07,0.015147616288780441,3.6945302725244136e-08,0.6530812391197086
8.796961213411779e-08,0.0022663848853022614,2.9756423246263894e-11,0.03679472490174918,0.0002860754705302281,0.27076068729879066,3.133521174761559e-07,0.014113650270647581,3.2859382174796835e-08,0.675778042962112
9.188707140186445e-06,0.9942610966820342,7.59680585808472e-09,3.0134617482183395e-38,1.3057078383258205e-87,5.583593585515268e-10,0.005712233838367744,3.6506066059831333e-23,1.747261729261174e-05,3.0837249869731543e-81
6.848694769716528e-08,0.0015764941385474026,3.05268907820975e-11,0.06314298871757802,0.0002589945857623829,0.26643272219212,2.1903432313046984e-07,0.014048727044185201,3.0179404836319084e-08,0.6545397555906044
4.041349476960424e-08,0.0012103974043058128,1.7818562111160857e-11,0.05171675361927641,0.00014521995558331658,0.2695200127074805,1.3693374578406224e-07,0.013870484253076618,1.8171393958544763e-08,0.6635369365238243
6.101968915586474e-08,0.001315440610087267,2.0669979044554244e-11,0.0678537849534167,0.00013582474751981503,0.2701926942306953,1.4954269560613626e-07,0.015209754476766356,1.7181526594057884e-08,0.6452922732169332
1.519121962781103e-07,0.0035522952412097124,3.844827510444296e-11,0.03958113356525637,0.00046442237894204043,0.2692331913742475,5.765530532106967e-07,0.012576558594769712,4.60212809222016e-08,0.6745916243205959
1.8269885817760092e-07,0.0030728312819950088,5.123952369333138e-11,0.0569179882709109,0.0004612589193208996,0.2701227772016882,5.734556397732334e-07,0.01525980093220321,4.885329726058439e-08,0.654164538334847
3.949862544262723e-08,0.0009275187406776401,1.459365975510162e-11,0.05580261343715082,8.841546677215821e-05,0.2747352334122818,9.638358518475377e-08,0.015753945446270137,1.14639923905581e-08,0.6526921261360508
3.584297685857837e-08,0.0009445372079709391,1.4254624507526192e-11,0.05384358248769996,9.161416566877896e-05,0.27470019955330827,9.857773407684574e-08,0.01596580173525398,1.1892800801528311e-08,0.6544541185223317
8.155792688080781e-08,0.0021359498270063395,2.587298624855165e-11,0.03500317023932253,0.00023774692626755362,0.26946574123119144,2.5577737470405197e-07,0.012423523716355717,2.7640088999696087e-08,0.6807335030585928
1.0529211458883387e-07,0.0023450321385007165,3.661018190743533e-11,0.04497413303116964,0.0002932398275593957,0.27256548445100287,3.338069789272226e-07,0.015577598096958568,3.2798488984067404e-08,0.6642440405206161
6.78349840792211e-08,0.001375998250153984,2.327447668566007e-11,0.053475582110552304,0.00014963219918279942,0.27180745859982924,1.6162325696163202e-07,0.01578046061711331,1.9382807862888157e-08,0.6574106193588449
6.967532836019758e-08,0.0014838580996923217,2.4385617954930793e-11,0.050877121250873465,0.00016381818650302633,0.2719622303372838,1.7652773764049958e-07,0.015839562547039176,2.1140210505679973e-08,0.6596731422109461
