i = 0,i = 1,i = 2,i = 3,i = 4,i = 5,i = 6,i = 7,i = 8,i = 9
0.4083440162684663,1.0987575000278352e-06,0.05700787422482047,1.1331184684966204e-06,5.0979486828130925e-06,0.5343250423528814,0.00022280233067832982,2.5361492972551755e-24,2.5408350980106963e-85,9.293499850217134e-05
0.5065962421012193,1.493646259751943e-06,0.05600577552891106,1.072834568641654e-06,4.214727992093632e-06,0.43710586911563787,0.00021878775300210288,3.2105638041694682e-24,3.2164956561765655e-85,6.654429240911857e-05
0.40746015350145437,1.5868975459536959e-06,0.048139698695117715,9.687403539944913e-07,3.3377681031269445e-06,0.544140856411239,0.00019631296692903313,3.0108995382811107e-24,3.016462489699839e-85,5.708501925680789e-05
0.531461556657831,1.8974162747931515e-06,0.11776969131016017,2.0399857119193673e-06,4.302515265036359e-06,0.35025221837943477,0.0004262386992798537,4.278297532030317e-24,4.2862021336362335e-85,8.205503604251263e-05
0.7247911833574877,1.6982031181111364e-06,0.059998009333132686,9.791920047989845e-07,6.310443682855907e-06,0.21493438485109229,0.00017093070777370883,4.865882452294082e-24,4.874872678419927e-85,9.650391170796056e-05
0.999450368321483,7.747233801031958e-06,1.4224400312141085e-74,1.6955994796385235e-06,7.455747106293556e-06,2.743688541371938e-09,0.00041827771415321545,2.642300011870725e-68,6.172822628153072e-85,0.00011445264028835671
0.7244047178146291,2.949278917048809e-06,0.047455335144587905,7.903329992285679e-07,4.519370770575158e-06,0.22792729252290295,0.00013841851961775975,7.275539109594733e-24,7.288981428110229e-85,6.597701557543464e-05
0.6182912628846337,3.7192810653500206e-06,0.2293911625856193,1.2261944902590317e-06,4.821816273370147e-06,0.15185106335638474,0.0003404226636163171,1.2461318964209324e-23,1.2484342552718275e-84,0.00011632121791696725
0.549487606850861,1.8315766264055868e-06,0.10998364368620415,2.384284780497552e-06,5.6704888283503e-06,0.33992699025215267,0.0004699342548720542,5.9519941247226345e-24,5.962991055619667e-85,0.0001219386056748609
0.5666444823168603,3.3561504977035172e-06,0.1957056087089757,2.0044474991187924e-06,5.006977488442392e-06,0.23701180647042663,0.0005116493356306483,1.2651274870833189e-23,1.2674649422722623e-84,0.00011608559262146321
0.718849937021119,1.2219626432845228e-06,0.16324812520644544,1.0988854449525956e-06,5.029085713622838e-06,0.11752826050042187,0.00028211911912712857,2.672096515775973e-24,2.6770334932189007e-85,8.420821908471259e-05
0.7529577662417573,1.496828724067712e-06,0.15115676537130004,9.66618700739235e-07,5.326443805527021e-06,0.09551772690648584,0.00026050128167202284,3.78709801746662e-24,3.794095076658158e-85,9.945030755470828e-05
0.6864119781296286,1.4207747558097396e-06,0.11867729976007463,1.547490870456426e-06,5.2834385378416e-06,0.19448435051878868,0.00032725537613717234,3.489721722223215e-24,3.496169347645049e-85,9.086451120690083e-05
0.6608873654080457,1.9387095080159305e-06,0.06378731977497695,1.0825098035414962e-06,4.758823682797018e-06,0.2750423247975836,0.000199284929006242,4.297712753726516e-24,4.3056532269826515e-85,7.592504739322594e-05
0.24533598636411308,9.429334124174286e-07,0.05481393030815526,1.3228566497107077e-06,3.499788084384833e-06,0.6994854192309632,0.0002634067752661587,2.76075264835602e-24,2.765853427265003e-85,9.549174335588021e-05
0.7385092838548727,7.947597059389407e-07,0.10921111452185314,1.2428754811302786e-06,5.88453220733809e-06,0.15194035940124476,0.00025000035427951746,1.6799828088194062e-24,1.6830867525514832e-85,8.131970035537547e-05
0.9075674568913884,1.374383795523079e-06,0.07472674627773679,1.5032614678287157e-07,1.909768993325509e-06,0.017613640721503728,4.3430027673706774e-05,2.9951899853542097e-24,3.0007239117328696e-85,4.529160276172641e-05
0.7541823005313176,1.1262673622745057e-06,0.09346159124389324,9.646109937294013e-07,5.592742390230764e-06,0.15204934461160222,0.0002155656340596801,2.1467282343372853e-24,2.1506945389997274e-85,8.35143583810296e-05
0.6639173775954235,1.090976442692821e-06,0.1476901668180651,2.4450930156508223e-06,8.560911451871094e-06,0.1876781620085397,0.0005458707159582999,2.8443187946039883e-24,2.849573970697573e-85,0.00015632588110326445
0.5559588958693404,1.0956257040153065e-06,0.06742234767306923,1.1912663719048946e-06,6.268197642321787e-06,0.3762468006222265,0.0002585978442139328,2.2930432716646677e-24,2.2972799086427965e-85,0.00010480290143166087
0.7431690098523822,7.176643237804012e-07,0.11719889139146539,1.275883158378919e-06,6.4930607583488165e-06,0.13926682629591508,0.00027144262720807974,1.5351324982364336e-24,1.537968815888492e-85,8.53432247887596e-05
0.7507993711737146,5.778918901669338e-07,0.09763564394398642,9.507637986684616e-07,4.7998902717724716e-06,0.15129650822870336,0.00020325913907477317,1.1311435560343048e-24,1.133233461914532e-85,5.888896856020867e-05
0.3961641077302163,1.8530173022000473e-06,0.043120463240855264,9.791204549090776e-07,3.964588625423463e-06,0.5604392714621178,0.00019506266990933,4.4429838403196466e-24,4.451192717083434e-85,7.429817051881645e-05
0.48046536741350065,1.7798627554140898e-06,0.11816042594960194,1.8498306153219264e-06,3.8274153106724966e-06,0.40091074767411944,0.00038355403594278096,4.0188716742147395e-24,4.026296959448442e-85,7.244781815377138e-05
0.3162692730212584,1.951267949058031e-06,0.1183053024090342,2.2396955817465205e-06,2.9608580917036125e-06,0.5648793932276245,0.0004720155547657818,5.978404655196121e-24,5.989450382307077e-85,6.686396569464397e-05
0.6298538924804271,2.1023505375368804e-06,0.06184191001860047,1.00538775794438e-06,4.355641289398105e-06,0.30804727440294866,0.0001798730505186365,4.788913074438776e-24,4.7977610915987327e-85,6.958666792013678e-05
0.3924563444238286,2.7468196747860696e-06,0.15756121792935138,2.396728233056478e-06,3.811246064709267e-06,0.4493195311372837,0.0005624455388290784,9.365780488392459e-24,9.383084746204111e-85,9.150617673472552e-05
0.5768583639104752,1.3021087302631711e-06,0.12259332706624285,2.220504748225028e-06,5.160709196306999e-06,0.2999651102682347,0.0004771172972899726,3.0208618501823806e-24,3.02644320801302e-85,9.739813508252976e-05
0.4422520725130722,1.4014952719224519e-06,0.05701843787129929,1.4037242952250884e-06,5.191561577387155e-06,0.5003343071985884,0.00028567602478967184,3.659580743195337e-24,3.66634220090207e-85,0.00010150961110584748
0.6622919693734481,6.09744387348269e-06,0.0777858259160952,1.2770873988615647e-06,5.695623772122169e-06,0.25951092106477636,0.00028712671048517814,2.6621025840486925e-23,2.6670210966587773e-84,0.00011108678015076387
0.6592796547415499,4.399033254663473e-06,0.1485296755038595,1.1837676381162347e-06,4.968437316330104e-06,0.19177981660087687,0.000296322300239902,1.0839593357165671e-23,1.0859620638208435e-84,0.00010397961526460736
0.7562566743263968,4.645429878704788e-06,0.045549272823606275,7.716446408540667e-07,4.6361734562504406e-06,0.19798238965507187,0.00013410235161402006,1.5259406652519545e-23,1.528760000032385e-84,6.750759533515921e-05
0.875509290389785,3.816584536335878e-06,0.0933439795686337,2.56954431842314e-07,2.5474499901085784e-06,0.031004866899758163,7.407994535667703e-05,1.016731632225936e-23,1.0186101501253363e-84,6.116220750810194e-05
0.734646375617509,1.3286799119244869e-06,0.05636558107939244,9.622112255047802e-07,5.14344234019969e-06,0.20872427087814033,0.00017898286913475457,3.260990875910462e-24,3.2670158972002677e-85,7.735522234580426e-05
0.34447922145966936,2.211648333546498e-06,0.06524458458010766,1.8108651668086117e-06,4.43944093717192e-06,0.5897857285360012,0.00036480741885007765,1.1640337406824249e-23,1.1661844146145326e-84,0.00011719605093414723
0.2597941797038644,1.5237367889403516e-06,0.06541169033460213,1.955281799075733e-06,3.6770626011978344e-06,0.6742889191604268,0.0003803929379259901,8.351304338632564e-24,8.366734245784282e-85,0.00011766178199148927
0.4243550321924276,2.366704633495185e-06,0.05236360575526355,1.0551364712461415e-06,3.648907548606242e-06,0.5229889701740645,0.00021768624075650577,4.927712436887032e-24,4.9368169003682404e-85,6.763488883455497e-05
0.5201089312717408,2.2339577318050805e-06,0.18309907432097308,2.376297161906078e-06,4.536128565168185e-06,0.2961215893090139,0.0005646733438047864,6.253237290299651e-24,6.264790799413268e-85,9.658537100844296e-05
0.5795581962038429,1.5104107697156503e-06,0.04505868135641156,7.71339769254659e-07,4.583762530077058e-06,0.3751680311010146,0.00014151322992716854,3.0795612938573768e-24,3.085251105042012e-85,6.671259573479768e-05
0.42514810365394995,9.306806569216718e-07,0.05656451186020031,9.194124068354952e-07,3.1801652705579627e-06,0.5180524511504816,0.00017799649383541392,1.791938828980162e-24,1.7952496231545304e-85,5.190658319838736e-05
0.45794149691828057,3.883269641082966e-06,0.054967753784624644,1.3100363933871742e-06,4.047065194077058e-06,0.486734010597558,0.00026784281390470396,1.1400629632090248e-23,1.1421693486257377e-84,7.965551440375429e-05
0.4844309616185726,3.754793890208485e-06,0.0563820452173864,1.368036432203382e-06,4.387603309194819e-06,0.45881800723959465,0.00027232271129771,1.2802401492063056e-23,1.282605526617206e-84,8.715277951702387e-05
0.3079483772944627,2.816712239167781e-06,0.06525279732665396,1.5330564664048843e-06,2.9268599271311845e-06,0.6264109681475056,0.0003145002675219167,1.0684276417394313e-23,1.0704016734166278e-84,6.608033522301244e-05
0.5783787106151532,1.6805708865980683e-06,0.07076862338432076,1.1511354334295427e-06,4.4917984776782475e-06,0.3505382880635248,0.00023658724967046452,3.483496497071239e-24,3.489932620739312e-85,7.046718253296008e-05
0.6690054861723228,1.297857065164403e-06,0.1773865032571231,2.126469511178538e-06,8.820653059450288e-06,0.15286373621437835,0.0005320611729645664,3.966136694744078e-24,3.9734645465944574e-85,0.00019996820357531326
0.8144977174187796,2.321296231411088e-06,0.12432792911592662,5.27231307712455e-07,5.1443559983852645e-06,0.06089221366720689,0.00014504298513250263,7.9106764557666e-24,7.925292256876268e-85,0.00012910392941682317
0.595466737214082,3.827069460321676e-06,0.13678331962610638,1.789671260433074e-06,6.929649088234144e-06,0.26710428062430425,0.000427947089511548,2.95685802488245e-23,2.962321128959941e-84,0.00020516905618682939
0.5770285309435628,8.035511260575878e-07,0.19072425245774705,2.5389382229077105e-06,1.1209640569251451e-05,0.23146736350444613,0.0005173371491274253,2.066139508244404e-24,2.0699569168170062e-85,0.0002479638151983318
0.2759154005613349,2.1108834164474616e-06,0.06261014462241891,1.4842389675368377e-06,2.620628130272493e-06,0.6611033409994581,0.00030519547620156247,6.776037113825116e-24,6.788556550224919e-85,5.970259007226214e-05
0.656962449688769,3.1840005836172655e-06,0.08583801038397613,1.6586993058567798e-06,5.937652999620777e-06,0.25673934210239835,0.0003468684231690529,1.0463843460898646e-23,1.0483176504756824e-84,0.00010254904879843149
0.8205587921312368,7.44855425458921e-07,0.12006972454483363,5.044055682684391e-07,4.332618722662918e-06,0.059170593235605445,0.00013361821691223807,1.4403779057061097e-24,1.4430391543503034e-85,6.168999169538122e-05
0.9250076071152193,6.764380530533475e-06,0.06118801195013077,1.1373090936596196e-07,1.286938553138181e-06,0.013729724640812803,3.3357651150224526e-05,1.3576121123262055e-23,1.3601204425213275e-84,3.313359269393297e-05
0.8345012836778166,3.041099027032508e-06,0.11154260540985991,4.1916384287171254e-07,3.53518789335842e-06,0.0537590447013047,0.00011340848132137364,7.357596385040857e-24,7.37119031294453e-85,7.666227893412857e-05
0.5657679586685801,9.243947811983369e-07,0.11197784320444866,1.8170191084110176e-06,5.076925540942211e-06,0.3217772666340768,0.0003798133036218374,2.008487495494958e-24,2.0121983859516154e-85,8.929984984195858e-05
0.2749646092116123,9.626290574939214e-07,0.07308451392085977,2.174998763870934e-06,4.277877873607889e-06,0.651365864413426,0.00043683294299982244,3.1194752702660314e-24,3.1252388266915374e-85,0.00014076400540700466
0.2478267511334455,9.483170386196486e-07,0.08810401510761301,2.9894489910941224e-06,4.000691213353016e-06,0.6633029750103792,0.0005994864334388644,3.4371879206193525e-24,3.4435384843549866e-85,0.00015883385788038808
0.4918732324578286,1.6307016210233717e-06,0.0538014277073721,1.1407924369308962e-06,4.987917378869994e-06,0.45400527315192435,0.00022427305697332706,3.602655910260171e-24,3.609312193391628e-85,8.803421446473385e-05
0.4350710498637038,1.5188443132088026e-06,0.10358744513925476,1.5880245390377076e-06,3.543453124704126e-06,0.46094962720249705,0.0003183809051725345,3.321874444285147e-24,3.328011954327486e-85,6.684656739476639e-05
0.7033064957168914,6.887095754760628e-07,0.13013458427196542,1.5778709894501208e-06,6.235919039499454e-06,0.16611168431110532,0.00034270855728700495,1.558386657140735e-24,1.561265939280523e-85,9.602464314641311e-05
0.7465570406469085,2.895563954023582e-06,0.04458516736008134,7.521706275194055e-07,4.624305586602953e-06,0.20865204258890013,0.00013164050431479222,7.561840927617739e-24,7.575812218649422e-85,6.583685962709035e-05
0.7000251891204903,2.4125890509162807e-06,0.0716495352504152,1.1945486742368602e-06,5.055825195565408e-06,0.2280157664557559,0.00021884994123844557,6.629288614081504e-24,6.641536917298529e-85,8.199626917953545e-05
0.5382776061800639,1.809616301843243e-06,0.17865463483610194,3.444786569908451e-06,8.369625733491301e-06,0.28202227483177883,0.0007779190834778445,7.245359263945817e-24,7.258745822043857e-85,0.00025394103997229017
0.9393224060939123,1.283409547189265e-06,0.05009211032900748,8.727167765844302e-08,1.091106472772457e-06,0.010531626281745548,2.5397852054318195e-05,2.3415308098997865e-24,2.3458570326698637e-85,2.5997655582621266e-05
0.46336037676912745,2.7042279144830245e-06,0.1885365435988875,2.6513159734231194e-06,4.342264115280682e-06,0.3473515528653216,0.0006402256060046909,9.563671317420935e-24,9.581341199211104e-85,0.00010160335265547766
0.7647047450089975,1.8289421186236543e-06,0.07735757763882617,8.002786674134879e-07,4.7388520272430826e-06,0.15768529017796898,0.00017573844803603169,3.1162435320180064e-24,3.1220011174695094e-85,6.928065335816072e-05
0.8396589087580568,1.2229559024410927e-06,0.07547031980022438,4.921701827414387e-07,4.744268189457698e-06,0.08466677530252906,0.00012475673420113883,2.0416685415275913e-24,2.0454407374329216e-85,7.278001071393216e-05
0.5779697535126348,2.3644351744254605e-06,0.1278104340678993,2.2720004095848133e-06,4.655566718920192e-06,0.2936468031401025,0.0004714964858187995,6.73326399384882e-24,6.745704402441342e-85,9.222079124170282e-05
0.6636495567154495,9.572725852045122e-07,0.09351664077510739,1.3250396429533316e-06,5.015628026831602e-06,0.24248446806055718,0.0002668792255178333,1.9573584631734875e-24,1.960974887401938e-85,7.51572831131323e-05
0.452263850618295,2.454665222567602e-06,0.15565303921350856,3.001514298167485e-06,4.151001088725593e-06,0.3913310083056881,0.0006508907417468021,8.019090239886246e-24,8.033906346787094e-85,9.160394015201417e-05
0.4878290968000575,4.019411643472516e-06,0.05871555242050693,1.4261664956179837e-06,4.630400515984188e-06,0.4530675510104648,0.00028761922601304397,1.5965349136007435e-23,1.599484678629349e-84,9.010456430259358e-05
0.41076085137348384,1.7434940472729841e-06,0.14879856341599926,2.345947838076479e-06,3.59062999780856e-06,0.4398501113471278,0.0005083244073710634,4.336498518675279e-24,4.34451065268376e-85,7.446938413494803e-05
0.5396678831315499,3.0690117434561125e-06,0.1624837416523641,1.553173638647509e-06,4.627637022837261e-06,0.2973542458658097,0.00038335628412255866,7.53287676139533e-24,7.546794538104292e-85,0.00010152324374876435
0.6402319798762648,2.583453087854723e-06,0.05764369117149808,1.0256994616468181e-06,5.748445709654236e-06,0.3018401381002165,0.00017914938736700585,7.993234098341136e-24,8.00800243331952e-85,9.568386639460127e-05
0.6963390212345599,2.4705147289515627e-06,0.05868242711706764,1.0264373592645154e-06,5.9838928782735165e-06,0.24469540666217995,0.00017619409354544002,8.741699171269638e-24,8.757850373655711e-85,9.747004768050877e-05
0.2781520900695003,1.0095853637839135e-06,0.2629131807556765,1.8415093076081167e-05,4.85479264673507e-06,0.4544330006781431,0.004204856816369462,4.336039751081184e-24,4.34405103746861e-85,0.00027259220922400774
0.46160508460051214,2.180790892307616e-06,0.12841525336621307,2.612838725440453e-06,6.417911096763518e-06,0.4093170333432051,0.00045848935933645335,1.2573370635642291e-23,1.259660125131925e-84,0.0001929277900187613
0.5542215889018096,1.1235242490823173e-06,0.05053209655788024,9.466258280516132e-07,5.018617788491532e-06,0.39498422412109035,0.00017381271119002657,2.434894247775377e-24,2.4393929692497732e-85,8.118894016408197e-05
0.8232432478031597,1.5951309212964452e-06,0.04433034096952388,5.861799588369291e-07,4.880741952649899e-06,0.13224258815717016,0.00011104730168279373,3.570102421379557e-24,3.576698558539736e-85,6.571371563065097e-05
0.21849911327250454,1.34784616783788e-06,0.1116017179731048,4.643712627418559e-06,3.2486388255288952e-06,0.6689112358964637,0.00084369240270456,1.1772529380548243e-23,1.1794280358349687e-84,0.00013500025760162897
0.6622176553821929,1.4155336360146885e-06,0.05977750010297936,1.0280615503374554e-06,6.680911524999919e-06,0.27771042667607126,0.0001799613337035708,3.89555022327742e-24,3.9027476592482275e-85,0.00010533199834168073
0.7013543883893084,1.8140231996182562e-06,0.06424718505766579,1.0198414269077833e-06,4.694623480823206e-06,0.23413563425891648,0.00018253483114229167,4.321625853082524e-24,4.3296105082877073e-85,7.27289748596799e-05
0.45685125751060635,1.4572906582063641e-06,0.0703416687531166,1.3256301800031627e-06,6.079221516408186e-06,0.472435913733259,0.00023386114238844164,4.60615038894523e-24,4.614660732952154e-85,0.0001284367182749568
0.4953028558134032,3.258272223807792e-06,0.08886286089728301,1.6767888359336722e-06,4.321616806477255e-06,0.4154313822386432,0.00030612092677628663,1.2815321650964652e-23,1.283899929641688e-84,8.752344602801903e-05
0.4386735030903476,1.5396534691873952e-06,0.1285889751921432,3.1781121078663763e-06,5.959834844075602e-06,0.43195905887537855,0.0005963851807753537,5.864353126137848e-24,5.875188131134924e-85,0.00017140006093411563
0.9995328558533283,3.40361762043892e-05,1.46237029656689e-74,1.4116748505694378e-06,6.751588755356087e-06,2.8207084633282634e-09,0.00032263546188610216,2.7164737825045567e-68,1.1281554494254758e-84,0.00010230642426686383
0.5596147360553875,4.517980536987331e-06,0.08095531697098146,1.6428479240660914e-06,4.7682506509145526e-06,0.3589916017186336,0.00033778361768411195,1.947678647195987e-23,1.9512771869532556e-84,8.963255820136356e-05
0.5224975805911511,3.158228965155117e-06,0.09505575076752291,1.6788269472353146e-06,4.25901458557875e-06,0.3820094363742981,0.0003487319204648845,8.441272027876309e-24,8.456868159732027e-85,7.940427606502628e-05
0.4434969756508431,2.433910908864777e-06,0.04485095662245529,1.062747476897664e-06,3.988469788911869e-06,0.5113550488348164,0.00021409199860089172,5.629499735834438e-24,5.639900824659898e-85,7.544176510959664e-05
0.866149142274366,1.2425936921989938e-06,0.1024656480699863,2.5812906748707444e-07,2.8889743539628865e-06,0.031243146383611205,7.37792438239568e-05,2.6890403585145298e-24,2.694008641476889e-85,6.389433109876038e-05
0.8740731628660783,1.3983856268512003e-06,0.0744468487327888,3.7370191986944114e-07,3.466840298514529e-06,0.05131979245361869,9.40819493412637e-05,2.9064598998788282e-24,2.9118298881557337e-85,6.087507032762198e-05
0.8313953422639493,2.172993120556486e-06,0.08865028486827783,6.321140778452838e-07,4.740187670907096e-06,0.07969927208403484,0.0001552195215533238,6.505778021792414e-24,6.517798126288137e-85,9.233596731542783e-05
0.808292436951211,9.618267909131937e-07,0.10028836926698444,6.941986594198136e-07,4.97125048647203e-06,0.09117383436798343,0.00017105931365617202,1.862796138560447e-24,1.8662378490160948e-85,6.767282422823037e-05
0.35894426390839396,1.0955713262087766e-06,0.29709197452691105,1.0437969650411846e-05,6.2171481072073124e-06,0.34118969468182586,0.0024473102825206595,4.22644154851551e-24,4.234250340774952e-85,0.00030900591126461005
0.8792068628064237,3.949858077614912e-06,0.09482366937449432,2.2003585497511878e-07,2.2332799475676604e-06,0.02584272484702367,6.427084681177258e-05,1.231300967375004e-23,1.2335759245352324e-84,5.606895136628759e-05
0.8493251925569696,7.691285064376522e-07,0.06136443902217719,4.6734195068124333e-07,7.0949421933154195e-06,0.08909988962418464,0.0001155416530654646,1.4720955485284827e-24,1.4748153988310487e-85,8.660573095266031e-05
0.34433679343066037,1.7255146550807082e-06,0.12225468459711145,2.9322610445735197e-06,4.745673191605704e-06,0.5326626326477493,0.0005929393619359323,8.390559678238063e-24,8.406062113730356e-85,0.00014354651365170687
0.37747642719664415,1.668865032713034e-06,0.05604922986342024,1.4411235385361995e-06,5.019530882874025e-06,0.5660688542926503,0.0002786578066150448,5.869049031650906e-24,5.879892712823958e-85,0.00011870132121615815
0.3442950529231067,2.8568998143047198e-06,0.06305647787141738,1.3770735120400187e-06,3.2647181010576526e-06,0.5922954946888831,0.0002784675414410602,1.0007158879191434e-23,1.0025648150579152e-84,6.700828372433426e-05
0.47433636638900906,3.5155490569521062e-06,0.05138723617381329,1.2010193234046877e-06,4.292423552675132e-06,0.47394424178635153,0.00024400543386052877,9.791872981316987e-24,9.809964489519392e-85,7.914122503257865e-05
0.16645806706465105,1.0613276767889385e-06,0.10786753175430061,7.16828246831785e-06,2.536273409503498e-06,0.7241454212510877,0.0014016456364981747,1.0001159142920024e-23,1.0019637329168244e-84,0.00011656840990779316
0.3928871238115016,2.0258990219287607e-06,0.10104578664649484,2.2994532422367256e-06,4.95671350351114e-06,0.5054632952123547,0.0004673605243541589,9.164280781316963e-24,9.181212747370922e-85,0.00012715173952702896
0.6472256291432169,2.018964653104767e-06,0.0910224077900326,1.533721105581379e-06,5.710519143512252e-06,0.26133139628396285,0.000312973436001885,5.232944138164353e-24,5.242612549098496e-85,9.833014188363605e-05
0.22757084684375703,1.1169465089864253e-06,0.12899055130257753,4.306572826617848e-06,3.699471352737082e-06,0.6425324683470875,0.0007252813865691115,6.5607660897396206e-24,6.572887790434987e-85,0.00017172912932047557
0.8750796000067061,2.974216649612433e-06,0.0946440003521961,2.607461962879327e-07,2.85447658779527e-06,0.030122498793391836,7.570626367612345e-05,1.0232145732919128e-23,1.0251050691021474e-84,7.210514459619765e-05
0.4610126477682193,9.265710490095333e-07,0.2875523045006142,5.162064454788029e-06,8.642461236768166e-06,0.24993218176524434,0.001177202707900987,2.7831042026252325e-24,2.788246278365595e-85,0.0003109321612806353
0.5346781449372552,2.4665894465839376e-06,0.0678391183150267,1.2051962939595796e-06,4.240183279075613e-06,0.3971586918565569,0.00024598449298241583,5.362477777227744e-24,5.372385515091279e-85,7.014842915909892e-05
0.5196193422069025,2.2945475702189455e-06,0.15161267790019206,2.6863937722729107e-06,4.5833523620517925e-06,0.32807507072359166,0.0005889557343034369,6.63635348539276e-24,6.648614841697536e-85,9.438914130588109e-05
0.6776671628903447,1.3267977186863505e-06,0.09450112413535998,1.860501717558755e-06,6.06202657091756e-06,0.22731367222510102,0.00039612329212278415,3.542975111865993e-24,3.549521128488097e-85,0.00011266813106423513
0.2625698875579112,2.173256817418744e-06,0.07505756824259893,1.7942903539592362e-06,2.632867201533317e-06,0.6619313078630749,0.0003723056713648211,8.924559943378118e-24,8.941049000142491e-85,6.233025067714839e-05
0.5391693043531045,2.3435289707708368e-06,0.08982476613251435,1.81643420727744e-06,4.4706227630405065e-06,0.37052773425324154,0.00038225156480617027,6.563724333701488e-24,6.575851500061595e-85,8.731311039247077e-05
0.9997000140357515,7.930557623722683e-06,1.2316265685708188e-74,9.033995741028806e-07,5.970139999890876e-06,2.375635960024997e-09,0.00020295247106390382,2.287848222309435e-68,5.344768274989661e-85,8.222702035104501e-05
0.5755776676873288,1.2121220814213315e-06,0.0677842840416118,1.0012962763633217e-06,4.3109833722878744e-06,0.3563629901309096,0.00020546379917117227,2.3377574127998096e-24,2.342076663824572e-85,6.30699392486903e-05
0.8912443127732225,3.5979779442922036e-06,0.08654293691097158,1.893503765265774e-07,2.0740130125024177e-06,0.02209694305661444,5.553384438319977e-05,1.2722533848796842e-23,1.2746040059091853e-84,5.441207347493177e-05
0.8326324577250895,1.1560411791011228e-06,0.0574465064825565,6.555244181008661e-07,6.43044231638124e-06,0.10969355632942286,0.0001303510522958598,2.886077957219795e-24,2.891410287728518e-85,8.888640272163836e-05
0.9220468050375666,1.4358724106693094e-05,0.0639785792693814,1.1549652195347136e-07,1.2736587518464315e-06,0.013891167674599737,3.398881001008367e-05,4.346062818433533e-23,4.354092623484914e-84,3.371132906160347e-05
0.7671529763212867,1.8891374898864325e-06,0.04846108650993433,7.876583900265426e-07,5.411280439847667e-06,0.18416510353027382,0.0001362565776979115,5.1824660824259805e-24,5.192041229879157e-85,7.648898448759837e-05
0.45910379182159455,1.5631105582508872e-06,0.06301585231712008,1.4390610946289868e-06,5.962588031735701e-06,0.47747843671445694,0.0002673389394155567,4.983848632777457e-24,4.9930568137446206e-85,0.00012561544772837684
0.6646825724278618,1.4385174241030112e-06,0.08008487882357088,1.3537613517495214e-06,6.9587162632932e-06,0.25486368274750304,0.00023546773344559321,4.224481859137328e-24,4.232287030665933e-85,0.000123647272579576
0.16408912371433826,1.251641394585811e-06,0.1305733103233974,1.0395654819905586e-05,2.350556909978185e-06,0.7030626280623118,0.0021612070318555695,3.007618252890396e-23,3.0131751417915987e-84,9.973301497249589e-05
0.5679798778932881,2.1322340067524533e-06,0.13791355497745902,2.7725655167453477e-06,5.000622416051284e-06,0.2933889604053137,0.0006056508938644301,6.656637876521264e-24,6.668936710357579e-85,0.00010205040813536502
0.47370679053501397,3.4788484862647096e-06,0.06128533158523562,1.2504499499664364e-06,4.12892603247228e-06,0.46467080387282245,0.00025367831177328137,9.526466453301038e-24,9.544067595218285e-85,7.453747068596943e-05
0.6561244725372831,1.4318758617522642e-06,0.054138792729711456,8.982978258433783e-07,4.555130223824497e-06,0.2895002958354641,0.00016131436640451046,3.0876138812901217e-24,3.093318570471221e-85,6.823922722540887e-05
0.5033417277401984,2.0759167347682346e-06,0.05049138682921119,1.0318584661940393e-06,4.112652871737447e-06,0.4458936567926636,0.00019473498787239222,4.724460781932215e-24,4.7331897167490095e-85,7.127322198173371e-05
0.82731817131881,2.43904723695904e-06,0.06494573021407024,5.752926794078513e-07,4.6769141593225e-06,0.10751611868755287,0.00013387677718714307,4.62492843367116e-24,4.6334734720772905e-85,7.841174830416292e-05
0.43490728759651215,2.7129332609222205e-06,0.06493950980122654,1.185598812338194e-06,3.5543371803700693e-06,0.49984303156431986,0.00023933979064980998,6.223314440556256e-24,6.2348126640792e-85,6.337837803810629e-05
0.3913272219650218,9.675316221281025e-07,0.06579912842951471,1.4906269631678714e-06,5.52680736982224e-06,0.5424498068685913,0.0002993273425713284,2.4202090266042137e-24,2.4246806155984626e-85,0.00011653042834552597
0.7830364089303679,1.1019861742831775e-06,0.12174502626628099,9.253381323029891e-07,5.204932691778789e-06,0.09489951539162757,0.0002309079080681672,2.4481988043765466e-24,2.4527221074090718e-85,8.09092466571909e-05
0.641867399056341,2.698133783105842e-06,0.050412688873268684,9.479592204890074e-07,4.9291919451097535e-06,0.30746190071805346,0.00017456767294459288,7.002329033038343e-24,7.015266567397588e-85,7.486839444344862e-05
0.46518401692829076,1.6445005856740178e-06,0.1679879912839413,3.0227653081352767e-06,7.053432243538679e-06,0.3660034749614802,0.000592198628115793,5.856574163485763e-24,5.867394796036741e-85,0.00022059750003468434
0.8823749760752959,2.4305852068100998e-06,0.08516750818744326,2.6893291407294245e-07,2.939066645628726e-06,0.032306226857224764,7.461137482009825e-05,7.740803733550882e-24,7.755105677061171e-85,7.103892044927418e-05
0.45096428725729215,1.3194022360009892e-06,0.09885995022870057,2.3815950297052895e-06,6.535788575954195e-06,0.44952579039785506,0.00048006976652307154,4.031302456110357e-24,4.0387507085121463e-85,0.00015966556378742904
0.8581758192083924,1.1264997406050657e-06,0.07904590853813895,4.5522543911974717e-07,5.944612813164829e-06,0.06253878213615308,0.00011960999324509205,2.669834262677415e-24,2.6747670603714253e-85,0.0001123537860776111
0.2586908475927866,1.3168666431856343e-06,0.19572565525512273,7.094758781564688e-06,4.280537353727695e-06,0.5435617748010049,0.0017745298672080868,7.812743564001732e-24,7.827178423863693e-85,0.00023450032109918864
0.6604112752590776,2.249367915227431e-06,0.07829141157541215,1.0330505116466424e-06,4.867032586512823e-06,0.26099093352730707,0.00021388655837160372,4.593715443788723e-24,4.602202812935503e-85,8.434362881815198e-05
0.680331755568975,1.204382932348593e-06,0.08514564366778388,1.5075174404045621e-06,5.4393396549615465e-06,0.2341093940734215,0.0003157042022186791,2.825764488376596e-24,2.830985383451222e-85,8.93512475733801e-05
0.7771566580807417,2.0605129990023224e-06,0.12609961938037909,7.267568523497738e-07,4.5123954253953094e-06,0.0964552693397325,0.00019381149145198675,4.534044170097471e-24,4.542421290332781e-85,8.734204241791341e-05
0.9114729387625043,5.398825637774265e-06,0.07166479405222034,1.3854779417957517e-07,1.5340977452275144e-06,0.016775376456660916,4.061335430434724e-05,1.1674663428945571e-23,1.1696233589178252e-84,3.920590313276664e-05
0.516055315956278,9.76348460257093e-07,0.08551768472253267,1.1365175376327826e-06,3.5511852463097375e-06,0.3981305862299993,0.000235862171250651,1.79029441567167e-24,1.7936021716206742e-85,5.4886868695144724e-05
0.7841203391842169,1.9773951960606872e-06,0.11112003707989461,1.0711597556942896e-06,6.126386485561379e-06,0.10435193101413522,0.0002762445228328618,6.406959363920774e-24,6.418796890623376e-85,0.00012227325748314204
0.3489810196197832,2.803982373291049e-06,0.14287344186538242,3.5983709324028096e-06,3.6668940793329346e-06,0.5072678421669369,0.0007731063015925419,1.9962914504352874e-23,1.9999798074246857e-84,9.452079891990335e-05
0.49708298838389786,1.087123299375303e-06,0.23483381358309155,4.445265601279957e-06,7.5426419949121605e-06,0.2668785893709377,0.0009610296185499545,3.356031138806638e-24,3.36223175691015e-85,0.00023050401262738314
0.5227104389416335,2.2265325033934684e-06,0.07015868563785274,1.196390682313837e-06,4.025017039915148e-06,0.4068326352488232,0.0002194565365830127,5.1547665579402194e-24,5.164290527628387e-85,7.133569488215428e-05
0.24092857149826294,1.1594435288982359e-06,0.09636508450479637,3.687711396644354e-06,3.7628415575143464e-06,0.6618067800521644,0.0007385200078029267,5.538208606324452e-24,5.548441025251772e-85,0.00015243394049027046
0.42374797750559134,1.6186457611108969e-06,0.13142682344908646,2.7455931828191457e-06,5.8691265863920805e-06,0.44409500404233565,0.0005568173249524697,6.091038882412759e-24,6.102292713024388e-85,0.00016314431250376765
0.5069931063392685,1.475163705619668e-06,0.1013640863441265,1.6334585067900795e-06,3.942261606034644e-06,0.3912237581149688,0.00034180561927926885,3.170238213293645e-24,3.176095559559145e-85,7.019269853838489e-05
0.891015462879786,4.3824354513401664e-06,0.08426458876267238,2.0872144017296798e-07,2.1420805798115276e-06,0.024599252605506106,6.05943118895353e-05,1.4314049997158524e-23,1.4340496699789093e-84,5.33682026748701e-05
0.360777495950563,1.2182170807680204e-06,0.1742917093103991,3.3209708759747837e-06,6.502576439638095e-06,0.4639251792147203,0.0007112834973471757,4.0329918240744694e-24,4.040443197760044e-85,0.00028329026257402704
0.7505772223589399,1.8775909803808446e-06,0.11123934678292628,8.392485318763156e-07,4.789618468249741e-06,0.13788547693546035,0.00020615394047167416,3.865776174056379e-24,3.8729185993610213e-85,8.429352422122052e-05
0.9149009154472565,7.142210216575513e-06,0.0680398132155594,1.4133873181002925e-07,1.5397080474382232e-06,0.016969409249188397,4.1324503982612173e-05,2.2024335148563907e-23,2.2065027408436245e-84,3.9714327017235644e-05
0.7314623551139877,1.0052365364603415e-06,0.10271540273228716,1.498882682278359e-06,7.3572024945534865e-06,0.16538477018089834,0.0003237723053487047,2.253775130333605e-24,2.2579392153186332e-85,0.00010383834576481
0.586417819663546,1.0731558409381922e-06,0.11571287605398008,1.5017712004062568e-06,8.801268725757273e-06,0.29737508609080526,0.00031529142713596124,2.3971292310125897e-24,2.4015581776735433e-85,0.00016755056876559471
0.8743531735566661,2.9416243959292146e-06,0.10037758216805676,2.1186671759901985e-07,2.1889772152079146e-06,0.02515036368174601,6.162739440828272e-05,6.351349579859297e-24,6.363084361676791e-85,5.191073079405539e-05
0.8843621359587929,1.854630118566836e-06,0.08777445297573036,2.294916619259658e-07,2.778529679905852e-06,0.027726458055729163,6.518233737149397e-05,4.71006078666008e-24,4.718763115981373e-85,6.690802091574656e-05
0.7884763184989565,1.6607087282699993e-06,0.159684237870241,4.205942745163583e-07,3.4548989181896636e-06,0.05164526604860765,0.00011908176233213746,3.2961714761649478e-24,3.3022614972887254e-85,6.955961794173981e-05
0.7243848827639614,2.4980341556190743e-06,0.07734867441439013,1.048379886137753e-06,5.548828814073834e-06,0.19792483912995693,0.00024053707134290904,5.722005453287409e-24,5.732577456089105e-85,9.197137749285743e-05
0.6975334658076662,1.8202531741649437e-06,0.10473817325346994,1.7096101269292968e-06,5.481265490383869e-06,0.19726250799100956,0.0003668572939396201,4.43698880249797e-24,4.4451866028031337e-85,8.99845251233167e-05
0.6735676228436911,1.145500864095449e-06,0.1417120524778564,2.0577157364379467e-06,6.807015384297517e-06,0.18417007733525004,0.00041710826681190787,2.951277428656583e-24,2.9567302219995916e-85,0.00012312884440574112
0.8323661944370717,4.927820115567118e-06,0.059530967993806846,6.260234089344865e-07,4.798238068090628e-06,0.10786817543599647,0.00013984486976595972,1.4136789135872974e-23,1.416290833054546e-84,8.446518176649961e-05
0.536946307880571,6.362450465155366e-07,0.36789772472774007,9.266867624060593e-07,1.0213718114082166e-05,0.09464598375892634,0.00024839599205374823,1.5061374684049456e-24,1.5089202147105387e-85,0.00024981099078585966
0.3157288559806549,2.563832916273308e-06,0.06686514859715047,1.464491141926144e-06,2.9893938838922345e-06,0.6170478549612995,0.0002848404517732086,9.43391180161727e-24,9.451341939147175e-85,6.628229117980462e-05
0.6809894259789641,3.402803151427492e-06,0.15434552581023758,1.4658713933450659e-06,5.341143462676719e-06,0.1641557906429503,0.0003826609191576393,1.327107967925136e-23,1.3295599385269812e-84,0.00011638683068299503
0.6809894259789641,3.402803151427492e-06,0.15434552581023758,1.4658713933450659e-06,5.341143462676719e-06,0.1641557906429503,0.0003826609191576393,1.327107967925136e-23,1.3295599385269812e-84,0.00011638683068299503
0.5377048471023075,6.550827071965353e-07,0.07357519959897887,8.73249806397772e-07,3.4761554997876457e-06,0.38848532768676747,0.00018186011512993973,1.128953009876186e-24,1.1310388684935593e-85,4.776100880280477e-05
0.9287936236579752,2.1388980238468226e-06,0.05793343894112262,1.0943735781336995e-07,1.2926505428747687e-06,0.01320646418345966,3.186279131292748e-05,3.87034696450287e-24,3.877497834820332e-85,3.1069440205011484e-05
0.38899071688772285,1.8579416298484648e-06,0.1197180650221917,1.8370831691806412e-06,3.4552750604313388e-06,0.490805718833242,0.0004065209632991642,4.2852671679155346e-24,4.2931846466518047e-85,7.182799368474496e-05
0.5191408214786781,2.7588643646966375e-06,0.1115366248735475,1.9255386342070854e-06,4.261662086183968e-06,0.3688324708315836,0.0003979595875950203,7.468670197371842e-24,7.482469345746683e-85,8.317716351048482e-05
0.6420554699959781,1.2646331250393497e-06,0.10214483045238602,1.4867764133883021e-06,6.349621010373821e-06,0.2553786819492299,0.0003100276885931822,2.9270300340137592e-24,2.932438027762257e-85,0.00010188888326396426
0.6041189626428809,2.983325274600925e-06,0.07882253554775014,1.5257602560235624e-06,4.942455277393244e-06,0.3166449115417653,0.00031443768458075004,9.046823430344067e-24,9.063538381672383e-85,8.970104221494405e-05
0.8983569413891472,3.5046798367804746e-06,0.0742143949218651,2.1938220661537736e-07,2.3922345186642396e-06,0.027304699299423894,6.184586554785195e-05,8.950537120690307e-24,8.967074173003366e-85,5.600222745392648e-05
0.8529760134565009,5.695631606983796e-06,0.0940282114448059,4.174308532139459e-07,3.5186397376963747e-06,0.05279274029547977,0.00011538764530724348,1.8448070128362537e-23,1.8482154865029629e-84,7.801545570847985e-05
0.8632014606044887,1.078728307127081e-06,0.09455843505012082,3.802650559177299e-07,3.6752113503908293e-06,0.0420554631680573,0.00010641973342327403,2.571224672746691e-24,2.5759752789224425e-85,7.308723919653588e-05
0.34310206105537205,9.577071346139104e-07,0.06762195684761224,1.3394601841329419e-06,5.036342716534882e-06,0.5888928118831405,0.00026835142463024596,2.545933872343822e-24,2.5506377511239263e-85,0.00010748527920975717
0.4811472655334401,9.985334579707364e-07,0.06938034709005636,1.4023427780313867e-06,5.633561178813253e-06,0.4490674837444772,0.00028721000061430335,2.1394843450561862e-24,2.143437265876477e-85,0.00010965919399727368
0.7515728950551427,2.0297372133078834e-06,0.09605064303534588,1.4860185912247244e-06,6.136994976739089e-06,0.15190563997978718,0.00034081763087738217,6.5332301494929525e-24,6.545300974662282e-85,0.00012035154806555644
0.6124647739900784,2.4340488638085114e-06,0.05511717413971294,1.0389578355169478e-06,4.775131921257843e-06,0.332136881390103,0.00019765554157558674,6.1302211899477735e-24,6.1415474139656e-85,7.526679990945923e-05
0.9995464332997211,3.254357859868419e-05,1.0942610760481804e-74,1.3275896055825718e-06,6.073315692350402e-06,2.110677087321732e-09,0.00032422893552358023,2.0326804580744854e-68,8.441751032116048e-85,8.93911701816136e-05
0.833572644994283,2.0267472311577844e-06,0.09588747399243128,6.33013134263987e-07,4.805979171705954e-06,0.07026951089467313,0.00016794893617684995,6.007550364623073e-24,6.018649941476788e-85,9.495544289873821e-05
0.8568768556389363,1.2274788880630624e-06,0.07040066669599614,5.74534430515506e-07,5.640239238701856e-06,0.0724944695058011,0.00013872966876203103,2.7876630765325692e-24,2.7928135752687e-85,8.183623794723323e-05
0.6673314193936993,1.117528423168357e-06,0.15685991448031913,2.645305741520985e-06,7.672583676915121e-06,0.17504513913831007,0.0006003152475444607,3.1432268322680318e-24,3.14903427218545e-85,0.0001517763222854224
0.7244922979272829,2.555215864170394e-06,0.062145233438205064,1.0773108685805025e-06,6.091301348355526e-06,0.2130662678412358,0.00018658951624913253,9.76871699894591e-24,9.786765724051983e-85,9.988744894592827e-05
0.633711696262235,2.8895596402540772e-06,0.11275257843269774,2.584734712069637e-06,5.612838068021006e-06,0.2528447749969958,0.0005627771835099648,1.3003224383063798e-23,1.3027249198442096e-84,0.00011708599214116359
0.4954757896094248,1.0105363454044702e-06,0.2147666322544535,3.0911965489201005e-06,8.357489365806854e-06,0.2889015778431782,0.0006172038845446597,2.7519475820138003e-24,2.75703209264293e-85,0.0002263371861387176
0.5791941457084571,1.0029916934852648e-06,0.17110783140582367,2.6898065329182176e-06,9.289497808753302e-06,0.24890661215062518,0.000576654700266437,2.5364231520810694e-24,2.541109458811987e-85,0.0002017737387923299
0.7247301548428166,2.0353951366750045e-06,0.05499323560258343,8.627172249706011e-07,4.8315469945992125e-06,0.22003967381732364,0.00015763329217040507,4.8486837384694294e-24,4.8576421881748887e-85,7.1572785749581e-05
0.30838759785486836,2.2927512833402073e-06,0.10563691522802118,2.553662023630356e-06,3.1184728925862796e-06,0.5853496618386524,0.0005424005536107092,1.0659734628084384e-23,1.0679429601336938e-84,7.545963864776602e-05
