i = 0,i = 1,i = 2,i = 3,i = 4,i = 5,i = 6,i = 7,i = 8,i = 9
0.816558138703427,4.734550236585765e-06,2.0218932309975378e-05,6.726422559065461e-05,0.17862730585569023,3.392318045603752e-08,0.000127954364109354,0.004489939173178653,0.0001044102713724285,9.047154800190215e-13
0.8319079277909984,5.358892376824374e-06,2.1158119439424666e-05,6.28223522846147e-05,0.16410190633478827,3.8503770855399493e-08,0.00014789153965033154,0.003650056392243403,0.00010284007342630334,1.021584567802837e-12
0.8108176656312039,6.536044230943522e-06,2.6235697024861517e-05,7.493320170926733e-05,0.18351365605387887,3.831339543624329e-08,0.00016442781668704124,0.005292291873552251,0.0001042153673132745,1.0041319773931929e-12
0.8693454385928148,4.91020444712415e-06,2.1253700581909537e-05,3.893859577510891e-05,0.12826758350579054,3.877751900597452e-08,0.00014475204156129203,0.0020773143227762344,9.977025768780031e-05,1.0462632528220867e-12
0.8831734612113755,6.2899470869035695e-06,2.923606134522161e-05,3.372168330965251e-05,0.11434494547186473,5.716763885795862e-08,0.00021501436369657348,0.002102534605863068,9.473948649544992e-05,1.3241830638694396e-12
1.261749064254966e-88,9.613780960742084e-75,0.057918762760824125,1.8714257828994657e-54,1.4658147997778886e-81,0.0002173330962708572,0.9418638994830391,1.8071445922617454e-58,4.041309877180666e-68,4.659865957093373e-09
0.8729207196719357,9.80612385491094e-06,4.5287796513230544e-05,3.7591611042426855e-05,0.12391286411556224,7.593906510948786e-08,0.0003118895424506979,0.0026653876619261514,9.637753600526738e-05,1.644041690822315e-12
0.895812640277659,5.664123364221188e-06,2.5642784903270545e-05,2.7328525545800868e-05,0.10270313368234657,3.039189353477121e-08,0.00012027246301712955,0.0012087478107229235,9.653993981212751e-05,7.355184961371751e-13
0.8704060411568111,6.186479793163974e-06,2.5123876036340935e-05,3.8036184078996634e-05,0.12698394510897656,6.272202893365586e-08,0.00019381112937870993,0.0022478539945843,9.893934664437898e-05,1.6675149889313253e-12
0.8879587071391967,7.103255938065903e-06,3.2031549481619844e-05,3.211660872285565e-05,0.11013381077534348,5.541388171669718e-08,0.00019527662837403052,0.0015447353966585935,9.616323100342856e-05,1.3997349926758082e-12
0.905320879189606,2.8851229545464974e-06,1.3305927924337387e-05,2.6243915686631703e-05,0.09337132512665546,2.2819538711200206e-08,8.725782374814212e-05,0.0010862494694106042,9.183060387075746e-05,6.048790061282705e-13
0.9005531199914651,4.391906540519274e-06,2.039973099712418e-05,2.7855847063084666e-05,0.09796062517736523,3.582601929135464e-08,0.00013227122677591182,0.0012083510840823746,9.294920875834556e-05,9.329174918690858e-13
0.8973992692528739,3.7270726283841185e-06,1.6283366770548994e-05,2.8918110153609673e-05,0.10093879636330079,3.375532161147871e-08,0.00012054609709908223,0.0013994977253796643,9.292825558488217e-05,8.875224197615063e-13
0.8717107370753128,6.012176358558956e-06,2.6199771816931534e-05,3.838168128855476e-05,0.12552656257040234,4.12925751064994e-08,0.00018495990644326054,0.0024095479037001643,9.755762110385242e-05,9.98493712375705e-13
0.8099007905305767,5.166682126620876e-06,2.2010628030465684e-05,7.229587383449403e-05,0.18468000310711047,3.467786633297314e-08,0.00013818325155313295,0.005076588580939921,0.00010492666705389291,9.080637589145359e-13
0.8912110913408614,2.9644930286133847e-06,1.3808651899879815e-05,3.047779962384781e-05,0.10712612746882025,2.814080302827235e-08,9.567979265245659e-05,0.0014245267023806595,9.529560915181391e-05,7.779031290097435e-13
0.920254779514478,4.567491310676622e-06,2.6578506358147322e-05,1.9158550102124655e-05,0.07880807086554145,1.8174296604786904e-08,8.35298413243797e-05,0.0007131860697125824,9.011098645999282e-05,4.1618736986976133e-13
0.8699040987521443,3.4735260114929675e-06,1.589500128697967e-05,3.809464298517102e-05,0.12796782377660026,2.498199518198559e-08,9.615642492800333e-05,0.0018740190484472664,0.00010041384493727301,6.640970125437052e-13
0.8910655868851801,3.847476964305199e-06,1.740143202829141e-05,3.15346858594493e-05,0.1071934662687661,3.5477919722817735e-08,0.0001322865559882995,0.001460998463946745,9.484275238014097e-05,9.668647246719266e-13
0.8107539019812435,3.933117011574493e-06,1.5711253227892288e-05,6.973841947734658e-05,0.18451331539536595,2.6022308220286133e-08,0.00010114822744944288,0.00443667048989096,0.00010555509332101194,7.043340869128201e-13
0.8957812941612608,2.626214081396146e-06,1.224871915161353e-05,2.9581171912672818e-05,0.1027149896582967,2.3722711614000628e-08,8.646682984553803e-05,0.0012786037639954566,9.416575809509092e-05,6.48992052927163e-13
0.8975340649807976,1.6579445552413868e-06,7.545931280545074e-06,2.878773019827075e-05,0.1011558708438632,1.4012534876707175e-08,5.2317933257434596e-05,0.0011248997926557537,9.484083047569313e-05,3.813898910748226e-13
0.8084571302902444,9.529766607696078e-06,3.7991211659243086e-05,8.154322444426424e-05,0.18488855290015163,4.9758060830312835e-08,0.00024010055117813542,0.006181604741212834,0.00010349755520170276,1.239309857376879e-12
0.872075672458595,3.9394889723501824e-06,1.7057061722417216e-05,3.802738717247457e-05,0.12571793506674245,3.38994636713954e-08,0.0001149832744563973,0.0019328765595592657,9.947480238617083e-05,9.297592382093567e-13
0.864793705617667,5.046650378179857e-06,2.093142628231252e-05,4.0148168048726704e-05,0.1326553161615215,4.0268579262536224e-08,0.00013699438396776317,0.002246892788002731,0.00010092453447015074,1.0821528755132258e-12
0.8737808359690558,6.033027535412109e-06,2.592765465963217e-05,3.6434263629799764e-05,0.12334750345507484,4.509501899555836e-08,0.00018109451188057135,0.002525259528015493,9.68664940623432e-05,1.0670801500028184e-12
0.863379510540281,5.9334143773884355e-06,2.48377035398722e-05,4.065551744924789e-05,0.13407921570760764,3.6102560541325516e-08,0.00014337247370209514,0.002224835445936723,0.00010160309362320219,9.223104833169226e-13
0.8695735926361244,3.9657681034366466e-06,1.6702462519424297e-05,3.797166623035081e-05,0.12814860892190988,3.4723632982664775e-08,0.00011946182640027155,0.0019994013950453164,0.00010026059906526966,9.687292221424442e-13
0.8237741266227788,7.249555427648943e-06,2.7158581872313966e-05,6.508543668906469e-05,0.1713233441017546,5.108929791132851e-08,0.00019505879694909901,0.004504414244835107,0.0001035115690149195,1.3803924608506858e-12
0.8420007581651996,2.193476767570378e-05,8.53528090398847e-05,5.753483738491105e-05,0.1538684130451109,8.783621004712318e-08,0.00047775793373715095,0.0033866310494516634,0.0001015295541800302,2.009976250665905e-12
0.8655939955903031,6.465810332820362e-06,3.1298919212632644e-05,3.9722193952027985e-05,0.13221336121170646,3.080284389288763e-08,0.0001327326566172115,0.0018806525091869747,0.00010174030510661742,7.380138338421747e-13
0.8741959785638413,1.4227595533687527e-05,7.291639418177552e-05,3.7400194948781816e-05,0.12248795156537663,1.200533268894675e-07,0.0004934652919722996,0.002601969302305584,9.597103615330418e-05,2.3597982986092234e-12
0.9071206188942555,8.806129332901964e-06,4.813358020159955e-05,2.3049779958175352e-05,0.09167559429106112,2.7747276631194753e-08,0.000126474465318141,0.0009027121574436664,9.458295453604119e-05,6.160174992216019e-13
0.877673698157846,5.315725427189978e-06,2.2842324141455944e-05,3.749681008890684e-05,0.11989727818891868,5.034032865252301e-08,0.000176584665214292,0.0020903798175497166,9.635396921066079e-05,1.2742194794545345e-12
0.8287706496818582,1.4413224061918534e-05,5.524438681977359e-05,6.521713633445436e-05,0.16617077997377935,8.809283067759605e-08,0.0003790368512003522,0.004441959736553665,0.00010261091437697759,2.184799100026982e-12
0.83085958692801,1.0893129564906505e-05,4.193096540471945e-05,6.070245452357267e-05,0.16418447629695462,7.559007547662565e-08,0.0002903003767767213,0.004449235777637527,0.00010279847915146175,1.9010091921752185e-12
0.8074426028471937,8.96225026249275e-06,3.5100343038872704e-05,8.19759678777943e-05,0.1859919637625796,4.1727590298628893e-08,0.00020763750251945922,0.006127899305715482,0.00010381629218422245,1.0381438084417593e-12
0.8892584680838069,4.471718140556987e-06,1.956301693658592e-05,3.172320830812757e-05,0.10895625529082723,3.935060272499808e-08,0.0001322643759938247,0.0015012187602818005,9.599619403919257e-05,1.063066698827815e-12
0.8404037275166736,5.2077869135474685e-06,2.2717578271876828e-05,5.2364792727021235e-05,0.15518469404390195,3.266790830009412e-08,0.00014478684204426016,0.00408500963869959,0.00010145913207244629,7.877516388697741e-13
0.8339351032847488,2.6033562731598046e-06,1.0464170434560482e-05,5.001197510125541e-05,0.16223708590794775,1.7486438532013413e-08,7.09039583004094e-05,0.003589263884407585,0.00010454597588911569,4.586452274436404e-13
0.8256661666259323,1.744737136869103e-05,6.727607911286528e-05,7.050753306985877e-05,0.16904590730030802,8.018403944611008e-08,0.00043230577397888073,0.004597708855158045,0.00010260027508603478,1.945966559740721e-12
0.8343170660733599,1.8731069398961296e-05,6.692156156244352e-05,6.29493226563746e-05,0.16070069013854557,9.168278235344098e-08,0.00048630490513740823,0.004245447030792124,0.00010179821355372381,2.211185193964355e-12
0.8292113725081983,1.367523154288493e-05,5.297333718652462e-05,6.421722039662631e-05,0.1658784042489304,6.612391185000258e-08,0.0003215101401023005,0.004354801610252401,0.00010297957786884131,1.6098159600878698e-12
0.845399433695489,4.373957691162798e-06,2.0144964013767612e-05,5.4790337241823255e-05,0.1516452195424979,3.2979620337223595e-08,0.00012688556749302575,0.002646782318169863,0.00010233663693417584,8.489704854155082e-13
0.896611080943179,4.525437174674281e-06,2.1153108036601213e-05,3.0110339530579248e-05,0.10173353312991387,4.7872570979271416e-08,0.00015754367261570815,0.0013488066682837837,9.319882738505191e-05,1.3098599468111616e-12
0.9015589302633508,6.49688107320796e-06,3.2334644405491674e-05,2.6099238546448e-05,0.09698715307534345,3.3296826149453406e-08,0.00014932227970372862,0.0011460897521790316,9.354056780516502e-05,7.664966001001944e-13
0.8581532470341137,1.4419838447371193e-05,5.8132207185408964e-05,4.4638210128425024e-05,0.13867203427783636,8.290115406751099e-08,0.00032638963757379645,0.0026303891539362816,0.00010066673772123443,1.9031241794356555e-12
0.8998902448270063,2.1244808248593014e-06,9.475306553068755e-06,2.6918933086190804e-05,0.09867778522984846,1.8992658708076908e-08,6.97788883543853e-05,0.0012302546492328455,9.339869192088973e-05,5.140625130952189e-13
0.8281799677038314,1.0385714244817637e-05,3.86050058387321e-05,6.295941044993334e-05,0.16692769252304165,5.438039186526597e-08,0.0002481811644921665,0.004428766670983404,0.00010338742535194144,1.3741353694623418e-12
0.8680272694503607,9.76859063398673e-06,4.8876082236592194e-05,4.3703095098151825e-05,0.12924851767050852,7.639521068927933e-08,0.0003422419566602689,0.002181234288647193,9.831246879744401e-05,1.8461996034950567e-12
0.9114372815172151,2.0091968085027132e-06,9.516551123119463e-06,2.3586574238933294e-05,0.0874886468311819,1.3682593223592033e-08,5.662502107818467e-05,0.0008911563902871715,9.11642351191026e-05,3.5469342900187545e-13
0.9252623266121535,9.900073243040325e-06,7.91761115771353e-05,1.6687782753481655e-05,0.07384705711888769,1.7730853379331438e-08,9.203291455482642e-05,0.0006022647778431531,9.053687775539953e-05,3.78424224957711e-13
0.9112485974252108,5.276505912675175e-06,2.6111291775621514e-05,2.185288111815986e-05,0.08757451641425128,2.211134047863708e-08,0.0001003376807378578,0.0009313977849659797,9.188790418647547e-05,5.006352796807039e-13
0.8687015921333575,2.5506095559832183e-06,1.0509558674708653e-05,3.646083355838534e-05,0.12914338443694467,2.08487111545737e-08,7.539554953249802e-05,0.0019286878489618196,0.00010139818012833825,5.750631457017509e-13
0.8276796723415675,5.169926857533137e-06,2.0369084631249855e-05,5.818132360003983e-05,0.16795631242555525,4.117147804668102e-08,0.00014302027637439876,0.004032882637789153,0.00010435081101342564,1.1333917239163206e-12
0.8357750450681974,4.932709856525044e-06,1.9790577017546274e-05,5.2732838963932664e-05,0.16037544046872704,4.179356494955228e-08,0.00013870205952612653,0.003529184949205713,0.00010412953378347572,1.1573310167829135e-12
0.8245365389133918,7.394243974467515e-06,3.099949097104541e-05,6.525265684034946e-05,0.17064207640088982,4.832050697673206e-08,0.0001969357047275504,0.004417414660238172,0.0001033396071948032,1.2649780473505506e-12
0.873112731329847,2.824607906656931e-06,1.1924261982387366e-05,3.58117255870613e-05,0.12470331034454497,1.9630331254964865e-08,8.073900049323887e-05,0.001952951324398921,9.968777439964456e-05,5.089058238920498e-13
0.8948721865615809,2.4331542679750777e-06,1.0765797788975156e-05,2.999551936195143e-05,0.1036218435646423,2.5215339152064328e-08,7.980964229891705e-05,0.0012882094712581647,9.47310727369463e-05,7.245671326712223e-13
0.8729132744763762,1.0460094663711076e-05,4.842744155958562e-05,3.7881420949941434e-05,0.12390370577814863,8.592364617674161e-08,0.000341619181835276,0.0026482252974855706,9.632038349502054e-05,1.8398265981291964e-12
0.8842990728862498,7.451837274471877e-06,3.403657849180783e-05,3.397417213802111e-05,0.11329328070357425,6.29860863325108e-08,0.0002594292028165281,0.0019780060033678594,9.468562852898071e-05,1.4720394397559713e-12
0.8861589955765297,5.558813699372154e-06,2.6698208150673778e-05,3.45359899540398e-05,0.11186504901801071,5.70033847661657e-08,0.00019593566191162753,0.0016176609317325396,9.550879512426142e-05,1.5023033209797405e-12
0.9367040726169915,3.6197396357941736e-06,2.0726478761770674e-05,1.3810433625159053e-05,0.0626355139210041,1.0907702891622391e-08,5.363217741148785e-05,0.0004834355172976412,8.517820732543653e-05,2.444236765084706e-13
0.8837579881784213,5.728916117460775e-06,2.439801548813543e-05,3.3344859652454484e-05,0.11425214189724579,4.875858239742058e-08,0.00015986164090248616,0.0016691435997199483,9.734413257908792e-05,1.2908072494075711e-12
0.8617659527241545,4.278895626612978e-06,2.1263052667484394e-05,4.302166096219347e-05,0.13585473644325313,2.7109193407890072e-08,0.00011231584021614728,0.0020973948782719246,0.00010100939497168776,6.829725066857538e-13
0.8388191192975416,2.303978432021491e-06,1.0861825377271499e-05,5.107463493417194e-05,0.15916483511179916,1.1664817778391988e-08,5.374793828187205e-05,0.0017901095046294559,0.00010793604389468633,2.9193172848723093e-13
0.88265682536795,6.477588806967848e-06,2.907419816070099e-05,3.5234431900951786e-05,0.11518476962199224,7.144629161558765e-08,0.00021732922091988416,0.0017739002596291401,9.631786238530808e-05,1.963146987968989e-12
0.8712577460070646,3.1624621141560106e-06,1.374210894846711e-05,3.71112096914864e-05,0.12659040296100105,2.9113588027153963e-08,9.467288249277168e-05,0.0019032284326700338,9.990482160760447e-05,8.217787840166026e-13
0.8811448169837409,6.187587603337027e-06,2.6687245955217023e-05,3.4690698197523974e-05,0.1166975004639013,5.7223090607301756e-08,0.00019296998736165647,0.001799859716573407,9.723009203596273e-05,1.5400514891882362e-12
0.8347649503121763,2.0837722727375122e-05,7.282044140827722e-05,6.29565980826677e-05,0.16029198316792304,1.0062401923942358e-07,0.0005373974334084808,0.004147278518519922,0.00010167517931943568,2.4150857833619364e-12
0.8834475524616454,3.2000154756423625e-06,1.3719141935737366e-05,3.293791819938622e-05,0.11471003589279986,2.472594670459843e-08,9.431254010063986e-05,0.0016003116175301705,9.790568570592126e-05,6.60647035783212e-13
0.8512103471056087,3.761838304306162e-06,1.5937042261618254e-05,4.361448764548662e-05,0.1463876555252282,1.8692217984241663e-08,8.15309580228917e-05,0.002151892992177839,0.00010524135806671558,4.661958269903489e-13
0.8665667376732641,9.220176336661139e-06,4.2848060845439764e-05,4.026139052148124e-05,0.13005093605660595,6.899832688501131e-08,0.00028750606270858326,0.0029047550215016422,9.7666558364132e-05,1.5252938421242064e-12
0.877049851478288,9.570414849001652e-06,4.387660337870908e-05,3.57794445605994e-05,0.11997891336205178,9.362600520602667e-08,0.0003261416630874202,0.0024600362215022767,9.573718425423582e-05,2.0228790491769333e-12
0.8843463435369648,3.319553756050363e-06,1.4060896088894677e-05,3.0910666017196486e-05,0.11374364106164893,4.211933177087292e-08,0.00010588674276823706,0.0016577705299798415,9.802489219589089e-05,1.2483690031371086e-12
0.8816117238379161,7.518413881647806e-06,3.378234237782284e-05,3.3403413747548624e-05,0.1158392599085556,8.169171711183755e-08,0.00024768704991418283,0.0021307262523222975,9.581708767107263e-05,1.896556160263326e-12
0.8431096439041457,4.552494377160946e-06,1.843978049919025e-05,4.956695620911668e-05,0.15281799061442228,3.0953530234630703e-08,0.00012843650523209203,0.0037693772947790015,0.00010196149601821436,7.86944198667738e-13
0.8782659335789346,6.296700757816564e-06,2.8157741777183353e-05,3.476431921782059e-05,0.11907744597679853,4.540986299248247e-08,0.0001820725877648329,0.00230933306684507,9.595061699335543e-05,1.0477284883442466e-12
0.8592235098137716,8.531948153342776e-06,3.365405458018363e-05,4.154970502593804e-05,0.13745828641089403,1.0060234394084099e-07,0.0002468102999381382,0.0028866993084036125,0.00010085785428443922,2.6046909191659715e-12
0.8737773140055766,5.384017124058879e-06,2.3196548353022613e-05,3.688303426767778e-05,0.1234293077011664,4.86532791195079e-08,0.0001709868582924053,0.002460053720332261,9.68254604273357e-05,1.181054344609218e-12
0.8835857136555549,5.698867783137024e-06,2.4930291827477318e-05,3.2970642644989095e-05,0.11399916980948267,4.762245711190771e-08,0.0001836483680309031,0.0020727956441458136,9.502509693244249e-05,1.1404575768788386e-12
0.8574740104462633,5.149538886388131e-06,2.2120497204563696e-05,4.292901399994365e-05,0.1390329524267924,4.183645380115106e-08,0.00015230893779315878,0.0031707535510168343,9.973375057045444e-05,1.0194266300310148e-12
0.8717626010597705,1.0090544612595525e-05,4.1888471734774706e-05,3.770215468768029e-05,0.12519624467963392,8.472282122904987e-08,0.0003020434662205779,0.0025518815363395836,9.74633622451394e-05,1.9339305741972228e-12
0.8706667481520532,5.307119153866712e-06,2.1578367220603236e-05,3.697266278925368e-05,0.12672784263115067,5.6648152369326556e-08,0.00016514123889069246,0.0022772370840662224,9.911609500094952e-05,1.5222679856818515e-12
8.665899684583224e-89,6.602902570372889e-75,0.11451083637740019,1.2853259464333749e-54,1.006745665276417e-81,7.020098641674052e-05,0.8854189610856563,1.241176569552245e-58,2.7756379602026844e-68,1.5505266681569598e-09
0.8525228523436001,1.3298461483848308e-05,6.456684129663676e-05,5.1273327881968404e-05,0.14402089123174255,1.0746669341228379e-07,0.0004052724419250589,0.002821175044899707,0.00010056283798427994,2.492440589361078e-12
0.8601622013150784,7.3460076163330035e-06,3.5341721859380484e-05,4.6604303892749963e-05,0.1370564281122508,5.47145995099212e-08,0.0002185829307211209,0.0023732846943535072,0.00010015619827826728,1.3499664534823968e-12
0.8158939469777718,1.2244991839832795e-05,4.704208933570232e-05,7.766543041621144e-05,0.17807765695935932,5.940730503248736e-08,0.0003076215645555056,0.00548061962351219,0.00010314295442465568,1.4797023767992935e-12
0.9167459210450372,2.8671635927014e-06,1.3235001041718235e-05,1.9325029700044848e-05,0.08232687478451177,1.3856520566445833e-08,5.766483810487158e-05,0.0007411730837997588,9.292519735894154e-05,3.324372532906148e-13
0.909616119291053,3.326658603360862e-06,1.56230828432936e-05,2.3120094582546658e-05,0.08914731685723065,1.9099534357485027e-08,8.092870006990646e-05,0.0010225504574310894,9.09957581975573e-05,4.540908241150656e-13
0.895052411362571,6.7918940692911054e-06,3.14363060352036e-05,2.9055666389278278e-05,0.10317543686986391,4.888615322079854e-08,0.00018413887864441033,0.0014268089765841663,9.387115854942643e-05,1.1404090016549281e-12
0.898992514790974,2.4665964811793237e-06,1.1844706711423279e-05,2.9014646926231715e-05,0.09967649719844036,1.7031007846244046e-08,7.212927607359027e-05,0.0011215605539755626,9.395519897124e-05,4.3852470231609836e-13
0.8930475109323324,3.3759364083052237e-06,1.4867437541453996e-05,2.9408406804042628e-05,0.10526112662203252,4.3447029282413395e-08,0.00011417389111900708,0.0014342718124860513,9.522151296450941e-05,1.2825210061545085e-12
0.9144669799656615,9.054398595568835e-06,5.3821643534633485e-05,2.079568950391406e-05,0.08442956602903132,2.6946368164382526e-08,0.0001268996289278237,0.0008006637546804292,9.219194310755559e-05,5.890465476833406e-13
0.8166921929761719,1.8696065953403344e-06,7.976358200301473e-06,6.074470608056188e-05,0.18085969707266067,1.1437948325576446e-08,4.533076345843599e-05,0.0022232190676327226,0.00010895801095381104,2.9793769181931064e-13
0.8598391914841685,5.896572456407221e-06,2.7065867164631046e-05,4.460037485734976e-05,0.1373720887980604,5.796126140966923e-08,0.00018123009162940084,0.002429158616346713,0.00010071023257737476,1.4780140252179346e-12
0.8273027051361127,9.956506700105191e-06,3.721531200719961e-05,6.38278143157948e-05,0.16741772941216373,6.468750093410757e-08,0.0002674273156141917,0.004798440944038458,0.00010263286990406407,1.6427584064267336e-12
0.8284233197051999,1.2560619822519726e-05,4.7772640626478483e-05,6.3863929407179e-05,0.166556643189654,6.582301027735822e-08,0.0002974824016296222,0.004495590040275813,0.00010270164878205133,1.5922427331113305e-12
0.8232981144771471,1.6409721989168217e-05,6.15480798567047e-05,7.184426085640429e-05,0.17119948291986928,7.708414726918075e-08,0.00040483422266261466,0.004845106069862519,0.00010258316173291259,1.8759224990950404e-12
0.8549681694455401,8.138431448706147e-06,3.190934051679276e-05,4.300983332892962e-05,0.1416722779817573,9.977982716221124e-08,0.00022849127613233007,0.002945900401175188,0.00010200350753774385,2.735739906163525e-12
0.8514612258573511,7.2734647143699124e-06,3.2985028775098905e-05,5.014061749781292e-05,0.14534987583774012,6.73341194686991e-08,0.00021892123112256232,0.0027781824926116404,0.00010132813437091965,1.6968410824226556e-12
0.8707242866382267,5.890240082627844e-06,2.910316844987626e-05,4.177168877154165e-05,0.12689476624051,5.300801451604788e-08,0.00019372732272485526,0.002012005634265629,9.83960575994549e-05,1.354829617847116e-12
0.871921425199161,4.7281179330955905e-06,1.9996621944741804e-05,3.5316439479857845e-05,0.1254437333716968,5.398668851196143e-08,0.00014416810410422838,0.002331385835457031,9.919232212925504e-05,1.405344378957128e-12
0.908915336602686,8.733741640991266e-06,4.981583142523789e-05,2.322656573855137e-05,0.08984568386627746,2.9649568099569244e-08,0.0001477423032783462,0.0009166511821127092,9.27802566152956e-05,6.572845875689329e-13
0.8988568575021961,2.6882813577243934e-06,1.195456624483658e-05,2.7408992393274537e-05,0.0996451311195213,2.763290173261309e-08,9.055640217343064e-05,0.0012717015245172034,9.367397791944797e-05,7.748047606434925e-13
0.837748903432474,6.667220071646317e-06,3.061837709105845e-05,5.9082999735006816e-05,0.15863430759280295,4.648329445223068e-08,0.00018406915068623595,0.0032337599568019438,0.00010254478587769898,1.164883529469237e-12
0.886224488400616,5.499734883475576e-06,2.4519560437002677e-05,3.3767590604151634e-05,0.11180413374104747,4.9157389628748033e-08,0.0001815159647306611,0.0016302154454662092,9.581040351356586e-05,1.3117001197990365e-12
0.8766870411512909,5.211686632603757e-06,2.241250940334051e-05,3.914686783614567e-05,0.12111309721499833,6.076827325034873e-08,0.00017755358997828153,0.0018579607448488136,9.751546497442218e-05,1.7640720289557412e-12
0.8367054634688477,1.1038321669332404e-05,4.081365431055754e-05,5.598246991675314e-05,0.1589938047165195,6.634091581623992e-08,0.0002594988943114656,0.0038303683437232545,0.00010296378808526191,1.7004150459146183e-12
0.8633788709918166,7.207565938972801e-06,3.023370129872063e-05,4.66063028319235e-05,0.1338875416704458,6.573668770927243e-08,0.00022794319712848116,0.0023221011849785087,9.942964711124644e-05,1.7618261813329325e-12
2.2063093183981123e-88,1.6810770952501724e-74,0.09354032762473512,3.2723972305377694e-54,2.563141074097365e-81,0.0001442300810243169,0.9063154396017162,3.1599943812553167e-58,7.066682189951099e-68,2.69252449094265e-09
0.8404086155612746,2.8979931571914503e-06,1.3183247761870703e-05,5.607589020435125e-05,0.156803068297105,2.126149093753494e-08,8.325436399871439e-05,0.0025292518777323527,0.00010363150672203651,5.531206433078512e-13
0.9164062671342474,9.284715063687717e-06,5.8707695652487084e-05,2.031667673931201e-05,0.08251557103317717,2.598984078813209e-08,0.00012785672355504634,0.0007705430023604883,9.142702879889743e-05,5.645941964100834e-13
0.8928466011229222,4.455336541022294e-06,2.0886863386334956e-05,3.0251366175586156e-05,0.1052237829956358,3.592854778024647e-08,0.0001398394421652544,0.0016410459038788522,9.310103988678321e-05,8.602739689136417e-13
0.9256100544169713,1.2877490491066947e-05,0.00011643150798260198,1.6436931091547636e-05,0.07345225380427425,1.8982822510902998e-08,0.00010076673192689614,0.0006007169016476813,9.04432323925785e-05,3.99623751827978e-13
0.8816944174783864,7.624994691447784e-06,3.5711451655951724e-05,3.409987279057084e-05,0.11563536647086947,6.800835758443673e-08,0.0002612630279347359,0.002236634559270715,9.481413452455743e-05,1.5186052587217556e-12
0.8422867002356993,7.462643332086369e-06,2.8654580160318926e-05,5.2094192014226635e-05,0.15343680936969428,5.758263082891784e-08,0.00021167725989744155,0.003874996566979513,0.0001015475681251749,1.4667079226132246e-12
0.8855881188651442,4.997459639474869e-06,2.1738441477948963e-05,3.180211133676825e-05,0.11211310553435233,4.8969795954367704e-08,0.0001658317205909312,0.0019795068554751888,9.485004098032992e-05,1.2069375783362118e-12
0.8673469019654186,1.0761603376367349e-05,4.320393358096801e-05,3.81808424117705e-05,0.1296936056885132,2.3664744214974992e-07,0.00030811443755246156,0.0024588149280615665,0.00010017994729114218,6.351825760065946e-12
0.8809664098984483,6.209478121867197e-06,2.6107162602576703e-05,3.482764043698297e-05,0.11685325280591201,6.615201447608611e-08,0.0002051454974204506,0.0018108876863275729,9.709367690729533e-05,1.8084430126392115e-12
0.82595404051135,1.1300069751236085e-05,5.0022410934889554e-05,6.696312771876006e-05,0.16921439183941175,6.284796585733741e-08,0.0002870581492787206,0.004313232440768127,0.00010292860132846691,1.492185740332563e-12
0.8673788706664155,4.9183094745597256e-06,2.0389435125635058e-05,3.840385160343616e-05,0.1295851115241677,3.686953287068189e-08,0.0001449533780806701,0.002728961085818672,9.835487887186558e-05,9.090819891924277e-13
0.8368569483084806,8.555332126376045e-06,3.274773296918035e-05,5.6189323151490444e-05,0.15834576338035808,5.108593316796787e-08,0.00022727128581022388,0.004370660341312025,0.0001018132085994793,1.259453177160351e-12
0.8566137955121725,5.740542625946289e-06,2.4705568516760807e-05,4.3162509362153995e-05,0.14063331402895857,2.6401976202734265e-08,0.00012289150732965517,0.0024547265919668423,0.00010163733646843226,6.228326281156179e-13
0.8279260122509177,7.140258805748763e-06,3.18296386464838e-05,6.354657219796093e-05,0.16769396130320344,4.1758350495956546e-08,0.00018398507387408635,0.003990237301174647,0.00010324584181904853,1.0104539550822297e-12
0.8233740880836099,4.453858487568531e-06,1.7914422350924377e-05,6.11341372630008e-05,0.17228155269357726,3.493964876130589e-08,0.0001227083568873136,0.00403360851249587,0.00010450499471025084,9.692421676624902e-13
0.9007642941005465,3.6577053134933944e-06,1.7411436609678973e-05,2.844818849283117e-05,0.0977739105747114,3.0893080991276586e-08,0.00011556788996793137,0.0012041833321373614,9.249587832094218e-05,8.189949956360933e-13
0.8559258775145862,1.0368958397731988e-05,4.231486835936075e-05,4.688505876038415e-05,0.14029607928435103,7.375214523647681e-08,0.0003055022733562696,0.0032737194062190176,9.917888211275306e-05,1.7121583156096642e-12
0.8739611903534649,5.076189927404188e-06,2.343380637983079e-05,3.6004672347317994e-05,0.12368047801768295,5.2653323547588743e-08,0.00015236674155688369,0.002042653610648249,9.874395323732376e-05,1.4315416066639858e-12
0.9117378899754055,7.030242106804912e-06,3.764186851921791e-05,2.1941616901492853e-05,0.08704490611557122,2.8839383337797074e-08,0.00013057291685077355,0.0009286589303415204,9.132949428529178e-05,6.348890113464506e-13
0.8501636463357063,5.280392483787063e-06,2.1409771414171244e-05,4.7591221174263534e-05,0.14668352226791873,5.203041612243939e-08,0.00015513006402344623,0.00282135210730319,0.00010201580807255384,1.4876094336226265e-12
0.881832831610284,3.4259006279389296e-06,1.492584827315091e-05,3.361019681966362e-05,0.11653695054851465,2.1577921047535126e-08,8.268281088817527e-05,0.001396354542983616,9.919696314640785e-05,5.413083823308197e-13
0.8637608062494576,5.04193396215155e-06,2.096397903983423e-05,3.8377682322595894e-05,0.1335856572018399,5.128466033261418e-08,0.00014105554207395778,0.0023462952818765026,0.00010175084336441572,1.4028287436313257e-12
0.8553868241245585,5.01218972072475e-06,2.104150970180213e-05,4.4141527351675704e-05,0.1414163842844542,2.790497157154315e-08,0.0001256268866170937,0.0028999189619181636,0.0001010226100259889,6.802844565708113e-13
0.8724494894214548,4.514640461138444e-06,1.9291034445083208e-05,4.029636470332658e-05,0.12530367666808714,4.72426201958564e-08,0.0001449133994822825,0.0019392173100214894,9.855391736886608e-05,1.3554232382062682e-12
0.8921590757776058,3.924539760810604e-06,1.809427955467292e-05,3.109195990538465e-05,0.10636795231979751,2.500933000939007e-08,9.736213160516949e-05,0.0012259171256942675,9.655685611657714e-05,6.298200084714023e-13
0.9250534842232977,8.824561423552376e-06,6.111758234852692e-05,1.6789205866112526e-05,0.07407759841807172,1.7107004633865986e-08,8.753942491963884e-05,0.0006039481136172072,9.068136308292976e-05,3.6816424143987256e-13
0.8501588507410297,2.104232091324187e-06,9.034847810997791e-06,4.500787147980864e-05,0.1475006879501186,1.6157921820405927e-08,5.917178290799846e-05,0.00212067736374419,0.00010444905245208909,4.4349380965846596e-13
0.890722191822005,7.424797285242516e-06,3.580878434158913e-05,3.29136698372208e-05,0.10737421970836777,6.859007497254467e-08,0.00024980355107795177,0.0014830883336359325,9.448074162488363e-05,1.7493290769540676e-12
0.873757019052113,1.062669664915013e-05,4.2815634749221455e-05,3.769525760265658e-05,0.12359404461560915,1.0111771944602273e-07,0.0003199591698205321,0.0021394211682438757,9.831728494308921e-05,2.5498306693169596e-12
0.8926517438395714,3.3673907736232016e-06,1.4996938586042275e-05,3.0105054441838906e-05,0.1056639709657635,4.1334344778336334e-08,0.00011397250132329143,0.0014267814299579419,9.50205440200503e-05,1.2173171422797972e-12
0.8652028995911707,5.92506173606875e-06,2.5007239028779056e-05,3.998763517387403e-05,0.13165808471805626,3.936067447058469e-08,0.00016888966148842675,0.002800434748225775,9.873198349894296e-05,9.470221910871903e-13
0.8422819946222408,6.658172996561371e-06,2.641391237962769e-05,5.030119367191873e-05,0.1539707374041426,6.256555093435314e-08,0.0001871528789839725,0.003373553302457483,0.00010312594583768434,1.738460679787575e-12
0.8690002205243418,4.6006539223680114e-06,2.1340531080987505e-05,4.110296980920932e-05,0.1286347930175379,4.4341699028864786e-08,0.0001474630416491895,0.0020511204691608348,9.931444964895534e-05,1.1497121427639367e-12
0.864008706710463,3.6260983777296683e-06,1.520025152679318e-05,4.165768608036544e-05,0.13361657331822047,3.113536632399884e-08,0.00010497596231758082,0.0021083362991979994,0.00010089253758224206,8.675596456023029e-13
0.9120702524068202,1.0326290095259374e-05,6.47634809402282e-05,2.1772328123799854e-05,0.08674868594884745,2.979876042843644e-08,0.0001440166984986298,0.000847646428957909,9.25066183097448e-05,6.465087941527405e-13
0.8568688767970222,3.402738637804894e-06,1.5371966148850145e-05,4.1940707511338905e-05,0.1405652345614825,2.8049928596324542e-08,9.620255012733336e-05,0.002306100468875158,0.00010284215950995977,7.563937971785926e-13
0.8831882866746206,2.870854692151795e-06,1.2715617342189356e-05,3.389784365454807e-05,0.11519179985145844,1.7999408151435706e-08,7.215568090860179e-05,0.001399578141837714,9.867733562448596e-05,4.531082434131798e-13
0.9204319263154149,1.148935677329299e-05,8.656448374759875e-05,1.8475186015326964e-05,0.07855937895795212,2.193127535891905e-08,0.000115030389146319,0.0006859169927839743,9.119638642513108e-05,4.657545780096944e-13
0.8864979225885964,3.6630734030139298e-06,1.7018303846674518e-05,3.38547584379028e-05,0.11170557112713927,2.99612709774959e-08,0.00012217595644504835,0.0015238958802519303,9.586834981119581e-05,7.977406561132189e-13
0.850911455175315,2.900198287056323e-06,1.325775673321166e-05,4.514616324653904e-05,0.1465024923929591,2.1618341689202683e-08,8.049056532406196e-05,0.0023407455969903443,0.00010349053222356002,5.794327502793491e-13
0.9216899388179342,5.82450117227925e-06,3.438185846054523e-05,1.8546255845266978e-05,0.07738353489640944,1.8837357306061733e-08,9.025682526715714e-05,0.0006874465867660704,9.005142036515764e-05,4.225416313128225e-13
0.9174933963744153,4.552482361673045e-06,2.5508315540662105e-05,2.0196145287099118e-05,0.08152445286215079,1.807703267829005e-08,8.52678012522982e-05,0.0007558080420645728,9.079989948628536e-05,4.084944804428206e-13
0.9264179536751911,2.1136301225928445e-06,1.03053788184262e-05,1.7555533809493872e-05,0.07279370855696751,1.0807948960001002e-08,4.699621137462774e-05,0.0006231021505668872,8.82540549367596e-05,2.635090849063153e-13
0.8534038905180802,7.394776205047766e-06,3.191201604113778e-05,5.132007499705865e-05,0.14369760966695475,5.014025024730687e-08,0.0001945093628741563,0.0025122777300279715,0.000101035713287874,1.2814644035292747e-12
0.8860351745389315,5.668433333120128e-06,2.673741307240542e-05,3.484447036672318e-05,0.1119803654835511,4.972522464046851e-08,0.00019959388442819547,0.0016222670242363902,9.529902554945171e-05,1.306329392932765e-12
0.8917265168298073,4.104922471815575e-06,1.8984271686827976e-05,3.0768309998508e-05,0.10649524559178496,4.621967318169505e-08,0.00014024413569576724,0.0014894660441835115,9.462367339358665e-05,1.3047354025505663e-12
0.8676087871530304,1.4854738962674948e-05,6.767273794206675e-05,4.021342847975291e-05,0.12942981596678838,6.756040853279124e-08,0.00032729546657278585,0.0024127836991471793,9.85092472109745e-05,1.457217718337064e-12
0.9074548885345175,1.4775575331672734e-06,6.833588320411373e-06,2.2782644033797294e-05,0.09146111911611403,1.2104035237062506e-08,4.197556291280571e-05,0.0009164532158184228,9.445767638580786e-05,3.288823571422939e-13
0.8396336324537329,1.1411533295830464e-05,4.341947970563212e-05,5.464726390066285e-05,0.1558081325521425,6.154875063489021e-08,0.00027832185705765824,0.004068382999713622,0.00010199031022306916,1.4774808477254617e-12
0.8839747894290987,8.716976614016495e-06,3.8894357277016034e-05,3.3688676577943356e-05,0.11396967348919392,7.369904492946922e-08,0.00024234400631641803,0.001634915358999359,9.690400505403391e-05,1.8236215562425806e-12
0.8839747894290987,8.716976614016495e-06,3.8894357277016034e-05,3.3688676577943356e-05,0.11396967348919392,7.369904492946922e-08,0.00024234400631641803,0.001634915358999359,9.690400505403391e-05,1.8236215562425806e-12
0.8276894447937094,1.3523165348597948e-06,5.886501667272634e-06,5.060050014529767e-05,0.16998279598940835,9.504629090582061e-09,3.7820711638104965e-05,0.0021230566413834554,0.00010903304062707664,2.569813631858341e-13
0.9256298799750253,5.517310081350083e-06,3.4252417054006134e-05,1.6926114899481345e-05,0.07354257755248296,1.5678032048980802e-08,7.520801072514552e-05,0.0006057521166326609,8.987082471856344e-05,3.483015438873613e-13
0.8490310793286302,3.681220398473303e-06,1.5338302533108385e-05,4.591922823511325e-05,0.14818251426379184,2.376642272363585e-08,9.308784905918919e-05,0.0025242856447010463,0.00010407039559783892,6.304150620367041e-13
0.872280840134046,6.501182438590378e-06,3.052850621056273e-05,4.0431912897795e-05,0.12532184243433805,5.52958373224865e-08,0.00020233130795538703,0.002019149434443356,9.8319790411818e-05,1.4210143230073436e-12
0.875356127290648,3.3391883839294705e-06,1.59278816041035e-05,3.9015200952566285e-05,0.12267069678277666,2.797899363006054e-08,0.00010649439722263568,0.0017099493736852497,9.842190500031664e-05,7.328574604915537e-13
0.8596331736582006,8.770710000255128e-06,4.1298607341955004e-05,4.870689476030464e-05,0.1374216601877485,7.385254132302182e-08,0.00028469954020068574,0.002461913993467179,9.970255393280098e-05,1.8065400937852036e-12
0.9097921771871808,7.557388799238619e-06,4.6596775211735834e-05,2.2292607110198417e-05,0.08906121818257105,2.303943920849114e-08,0.00011442228981441153,0.0008621690689262592,9.354346044541405e-05,5.018016515292035e-13
0.8900565896851652,1.1268415881192412e-05,6.877934233001602e-05,3.057548717333206e-05,0.10828162037571645,4.0854736189535334e-08,0.0001945691909197066,0.001259336850113399,9.72197970703109e-05,8.942853526797174e-13
0.9066786300275378,4.0169592642222575e-06,1.938967087384079e-05,2.6048317840295494e-05,0.09205571972117665,2.8164095196257574e-08,0.00010908825053377727,0.0010152476852165122,9.183120275628124e-05,7.051912454158039e-13
0.8194024171804195,3.5902464713537426e-06,1.5423802372205235e-05,6.54154923093246e-05,0.17649648144315414,2.8478477859699582e-08,0.0001005155325335875,0.0038113240729673076,0.00010480375053123272,7.6352551791049e-13
0.8297009643827267,3.7280705156855705e-06,1.5997728525949175e-05,6.034676006003052e-05,0.16666495727744457,2.4437328191156577e-08,0.00010591616826341397,0.0033435584958112193,0.00010450667867812687,6.463723507438438e-13
0.8833409992964346,8.034567842956612e-06,3.810873594248001e-05,3.6859670672134576e-05,0.11446445701634282,9.076144309976666e-08,0.00029382324811443646,0.0017219138508522693,9.571284993904153e-05,2.4160383913603632e-12
0.853388951491229,8.688626334163549e-06,3.592266921553928e-05,4.9571926377483984e-05,0.14301355310864072,6.379341123296155e-08,0.0002572105520980446,0.00314624428576334,9.979354539430989e-05,1.5361141057754168e-12
2.5513508495036496e-89,1.9439783167673386e-75,0.045771883270186095,3.784162712102279e-55,2.9639870086502577e-82,3.517837400224598e-05,0.9541929375260271,3.6541813433920954e-59,8.17183042203457e-69,8.297844643373007e-10
0.8966541817710295,6.9438079875176555e-06,3.352132857597715e-05,3.0021822444454716e-05,0.10166852481749387,4.7942099760178224e-08,0.00020300537112906837,0.001310334820180412,9.341831790667704e-05,1.1529987536411345e-12
0.8941454097357827,4.55298387683599e-06,2.1871770443437812e-05,3.0787028526527456e-05,0.1041937114462574,2.9209491190965657e-08,0.00013520475424188007,0.0013745916732236102,9.384139744195746e-05,7.143180775212305e-13
0.8958717926678855,4.101191076925452e-06,1.8558329917055397e-05,3.0274701659671065e-05,0.10245822562989657,4.559176370345332e-08,0.0001484852042493027,0.0013751692908617694,9.334739140818863e-05,1.2813226677900855e-12
0.8823220837445029,9.762350064571781e-06,4.675895954766337e-05,3.427875484045265e-05,0.11495513717038715,1.0084748635204036e-07,0.0003616371954567838,0.0021755374757474913,9.470349980187283e-05,2.164761174422523e-12
0.8780109722408418,1.0431972355812647e-05,4.599371182283315e-05,3.822451731035747e-05,0.1194576744545598,1.4325265468268487e-07,0.00040883390330754155,0.0019309452682650739,9.678067503292302e-05,3.849090776141914e-12
0.8880331907588462,2.777948063517499e-06,1.2865184940772474e-05,3.083468461635783e-05,0.11025730014353152,2.7058335071352657e-08,8.90880364477535e-05,0.0014772903170529631,9.662586741480508e-05,7.508214666435333e-13
0.8847754463461666,3.0255574914777973e-06,1.3784584537676811e-05,3.2976666405855084e-05,0.11344375966891712,2.6164320508107336e-08,9.775092778591895e-05,0.0015361249470598895,9.710513660199455e-05,7.129540330059555e-13
0.8755700006916664,6.884654026313805e-06,2.988518004917763e-05,3.6620602484943654e-05,0.12164096769197676,5.4733558204059876e-08,0.00020885437696229682,0.0024103889310108906,9.634313698620399e-05,1.2791112463471481e-12
