i = 0,i = 1,i = 2,i = 3,i = 4,i = 5,i = 6,i = 7,i = 8,i = 9
0.016795457648934517,0.08775702741067731,0.18596191001351062,0.003900917530803292,0.17091215786943795,0.14632748714960028,0.026887810669929,0.0727350615487692,0.1544362622617571,0.13428590789658074
0.10669841996417626,0.0004778873025730958,0.13512040173359668,0.13743429247142383,0.06100271905505314,0.14871313713522674,0.09551405067054117,0.11202069081699002,0.0375748924260843,0.1654435084243348
0.05664232070830251,0.1713065985802416,0.005676528518638566,0.12496597359960888,0.00047603808927967027,0.017452693890821252,0.13787627155914586,0.17143161234879006,0.18316222272062282,0.1310097399845488
0.15386435890408115,0.18651729921934315,0.13754821047563034,0.0470902754078014,0.2015155505485836,0.019367957397041075,0.0679843253525586,0.1322910823450515,0.03319940486552822,0.020621535484381004
0.05410315388378496,0.011790740258896266,0.1030353714256931,0.09385424159582237,0.06202344330101534,0.2056257429166568,0.1265273201216744,0.16188969071324344,0.1799388889403155,0.0012114068428978654
0.08763222319635267,0.1498525232169917,0.05124650062217544,0.1745533058524921,0.06603882041298348,0.018119112324389314,0.14025926389628596,0.1979988902078417,0.08722871857396503,0.0270706416965226
0.05877517655725624,0.038575014684137966,0.13059258586930955,0.08198207998248941,0.13499204032393056,0.20656427294258012,0.15321840162134132,0.06735993031374903,0.08423435532754428,0.04370614237766151
0.15783066120819164,0.009700333745263863,0.060182759835906395,0.19246568361482988,0.02997869642994664,0.11519935390085843,0.17456269210717323,0.07120537039329645,0.035230691399948375,0.15364375736458513
0.06354275980440478,0.13273775060724535,0.06428702162201899,0.1985724031337372,0.2443618489497363,0.09036685680861209,0.05726541042564271,0.061242234095551955,0.08114799330705262,0.006475721245997983
0.12138793117398398,0.01621861739362875,0.21497909140338026,0.12885606211533202,0.025129990784959054,0.10800856204487129,0.0015012809656910883,0.13099818947119163,0.0994695015797509,0.15345077306721108
0.10379699047757512,0.15551298060806312,0.13613005794224167,0.05170972029183603,0.1236113550021904,0.120122673462105,0.044761240729077854,0.07940046971465826,0.03571452028815417,0.14923999148409825
0.06435116903270156,0.2195990727249082,0.060031433518483654,0.03218144672167735,0.06313968161782799,0.02750276324001972,0.14703415020589128,0.13607103001518486,0.07947825902705026,0.17061099389625514
0.17711220525074683,0.1306818274616849,0.03199327367559984,0.16981056781338466,0.11376192815372951,0.07859536606500077,0.1706788811237402,0.05431353545751914,0.03768940802413523,0.03536300697445882
0.049308398680504545,0.07023846015883878,0.016311199876040343,0.02840117440232609,0.12010410575049998,0.15093464759847094,0.15185752048871695,0.14504799887878259,0.11020360995631157,0.15759288420950837
0.15311845686857958,0.008324014108013521,0.0810932031448294,0.19683761536434477,0.038375155618607375,0.0559629504733838,0.285947491722063,0.03479058354996972,0.010168843770101889,0.1353816853801069
0.16164159365840627,0.003847759612428723,0.01791338196988973,0.04753830448324238,0.16181142603214813,0.14520349691904832,0.1753150468126707,0.1349901951557149,0.11534488720224968,0.03639390815420118
0.03201667102876724,0.13285284521659574,0.12406291385918337,0.15817358081773158,0.07301468980373703,0.07014789149362298,0.1348113217479733,0.14693862345382502,0.04905753962682029,0.07892392295174351
0.11564236206793138,0.1740590026322801,0.06696977086720596,0.1299102400578934,0.04772546056674686,0.11389347678104562,0.05347431074303783,0.17249691477241516,0.11433272672141583,0.011495734790028035
0.08384634425113639,0.1475781014732579,0.02400234212602862,0.20301542075088327,0.06840198175932566,0.18248407872936792,0.022765750736473342,0.0450018142584945,0.16751760904189464,0.05538655687313772
0.08719820702903239,0.11347168652815146,0.027784209358003978,0.15467085172323336,0.10135376768856127,0.10387941948014223,0.057937514310059966,0.017175936441501047,0.15515014732467702,0.1813782601166372
0.17479425996065465,0.11463837336316311,0.08707047789335354,0.01844558398395084,0.038229373605292126,0.1498265721599996,0.14496625132854846,0.11845655323268839,0.026392185753660553,0.12718036871868876
0.14252595337474003,2.9019523183444797e-05,0.09726107376144294,0.21657784132975455,0.18075857506996737,0.11635952258818684,0.00710675388945039,0.07035782139122126,0.12632645491248906,0.042696984159564196
0.022132818026935137,0.20099319809618232,0.08953100250577961,0.0391494470814632,0.18378496253893029,0.1938277102913195,0.2205305131153249,0.011061342464115336,0.030216513431772393,0.008772492448177302
0.0146093528358095,0.12752735349642613,0.10237092931911937,0.19884294755628776,0.181718912485686,0.06457989545353829,0.048832438297835665,0.12115950359432422,0.07617897313140254,0.06417969382957052
0.009871445946522298,0.19847104942030483,0.17117986268271942,0.13613201370932165,0.011456872979971798,0.12122845863337112,0.009676439455386198,0.05847845866570981,0.24511054242155236,0.03839485608514048
0.16065482455935326,0.13780408727727908,0.0027575135182997174,0.023188294862658176,0.1091520904162423,0.12573808201280834,0.16715969275050288,0.08531136195834285,0.18426991831304632,0.0039641343314670546
0.020376309837451482,0.14213258863643913,0.05716071308858337,0.011407938841393277,0.1463811574395313,0.0691526821128512,0.08977535763245545,0.15047945163503892,0.08293879140311458,0.23019500937314138
0.17675258571947353,0.042191747814449995,0.19233855013209147,0.10920120955561666,0.12197431157034763,0.053622397781011535,0.16467319737742167,0.03982633054309781,0.0008619823842799747,0.09855768712220972
0.16244203037131577,0.10307615208809567,0.07728675726386205,0.20085720373950552,0.056819069690910086,0.12631021288639613,0.07812222941159075,0.15952579650888757,0.02722863756698993,0.00833191047244636
0.08031558208031994,0.22603138918153126,0.07857969497766758,0.0664456327143032,0.006895789938386969,0.08963418106531229,0.05626663134545721,0.07229307553995154,0.19904280516025252,0.12449521799681748
0.09489778747949482,0.06139384345363335,0.0925203994895448,0.03295648028625596,0.09239428930010873,0.13941093304278365,0.2184745624542645,0.004364002337855339,0.07176088160845706,0.1918268205476018
0.1092658114276432,0.03619941451012116,0.11820665400817033,0.15943791016842904,0.1832705964958805,0.09457203499911537,0.0075117188077765415,0.07997977283866643,0.04086797447112994,0.17068811227306752
0.060173960141464256,0.07752651031615476,0.05880813192029749,0.1932957976504731,0.028277570529298662,0.2081497530752532,0.0658700719663392,0.13436664898481163,0.16367793308610737,0.009853622329800376
0.02103444446803617,0.1746033473851692,0.0011122289797357288,0.11625757411683585,0.09554505154501244,0.15864133297000899,0.1218211386246562,0.04751331569103614,0.06702942152520176,0.19644214469430749
0.11163011647577768,0.08291117481242762,0.04795781539716951,0.09914834562398703,0.03099481845018711,0.13522735186122004,0.08825576770937332,0.1551427429468213,0.1710267041801977,0.07770516254283859
0.17104387117893868,0.017840293049640608,0.07373695189000468,0.03542282558328925,0.009029000795328021,0.1459666258050603,0.12437842988109789,0.25175733751069035,0.11134795666238245,0.05947670764356777
0.1044796147065287,0.13139728535463227,0.14315183161027664,0.13301880854058845,0.0653327491016404,0.015680682952193308,0.12035327005430976,0.039792921025479544,0.08982505669175897,0.15696777996259204
0.05539106731740526,0.07383813484237468,0.07178816266616975,0.09505738361210184,0.1877160160888037,0.1575010746755231,0.09190057286339233,0.1454224649508313,0.05346694890394091,0.0679181740794573
0.01007071048344507,0.08084640568568964,0.12741932761367628,0.03961845171048173,0.09765570286703727,0.16206434068098496,0.007649325052351442,0.2714383312345485,0.08999503681733828,0.11324236785444691
0.014901688904655841,0.07234575689571983,0.061013844292086415,0.16211209951163555,0.1799351173685263,0.04365626799468551,0.12455081903087961,0.07077314658487464,0.17492236546623394,0.09578889395070238
0.1374225617882458,0.14483846466324804,0.14549522780304056,0.08881576971155372,0.03099516949679116,0.09180758864131752,0.0529922611455692,0.05466013604589948,0.12552784163085534,0.12744497907347932
0.0003213576943975132,0.13860424910981506,0.062000923731000974,0.05513152087529788,0.1801350348908622,0.13098714564878097,0.02529820754522787,0.11480349039576344,0.15234276463475116,0.14037530547410285
0.05377373093639089,0.1660420967585388,0.12149508823244781,0.1213812745056886,0.1483671279355274,0.1352468600825976,0.177624200050459,0.0066353829691171845,0.039082156086066404,0.0303520824431663
0.10659163517338463,0.11537629360491919,0.02524429070891045,0.052219552158521663,0.0743546907676117,0.16271535678858848,0.0136901687601828,0.1273222017482112,0.1684212937122298,0.15406451657744
0.0071156049463787265,0.1430887068626793,0.1673708143570777,0.02236397161109476,0.2081087477981173,0.018568084004061722,0.005331614453482271,0.18113173398324414,0.047001759277193626,0.19991896270667053
0.20121267472735668,0.20004692011902792,0.04082905141712741,0.07912606392215439,0.01735844491701326,0.15257715491390972,0.09309104269411175,0.12137747728574123,0.058892349822565915,0.03548882018099174
0.09315403074648887,0.06507026044400864,0.1808852154274524,0.15454905925368295,0.04008108494006021,0.11849645589098008,0.13803124790449348,0.09263793960448609,0.02108584903705021,0.09600885675129704
0.08598159527299461,0.046377239710359446,0.16293683967152225,0.2086098883611615,0.02370737994151679,0.13877269818664892,0.1286044609405893,0.0124035466239855,0.006804417892939424,0.18580193339828227
0.24329131445617624,0.2007934075289749,0.0611536402202638,0.1891390700694502,0.03000473306061747,0.00569192113145735,0.029747397948651007,0.13492725565009223,0.0677986927749524,0.0374525671593645
0.08004838835389107,0.0033929542649958904,0.13017270914210657,0.179394022152445,0.10231771579289972,0.10466056182935295,0.024764596460368167,0.1800008243844532,0.1526697064606374,0.04257852115884991
0.11018975076806821,0.0638721617250182,0.13386790452236802,0.14498891590218965,0.13312257527234272,0.083328312172359,0.056598580826688796,0.11147785497794002,0.02899989550889041,0.13355404832413492
0.041975358986640926,0.10778913463855416,0.12841842082031038,0.110867707399373,0.05458542117492315,0.0025691251308199428,0.22867687778088208,0.16958344387232252,0.08050905369921248,0.0750254564969613
0.11635960150414128,0.05890078233018336,0.036527427269223825,0.15432038125472802,0.09886473957901365,0.06539981836944929,0.15691536493177702,0.0546691315327919,0.1587095534331364,0.09933319979555533
0.028405382846494288,0.18596077380476622,0.1135651574009887,0.17353881802281956,0.003575794179710923,0.04843085501215832,0.10112141707286168,0.1817863059341653,0.15748189937367488,0.006133596352360186
0.13494417837854578,0.02398852362157552,0.04729884303113735,0.15227358637620192,0.13559598986976448,0.03903822817238977,0.07120272832554453,0.19994005279281282,0.06755063622346225,0.12816723320856555
0.10040752997418731,0.17308087449266304,0.025936401756246556,0.008910621411726175,0.12050733260356977,0.07689678000657314,0.06049099380749907,0.20202695572189544,0.13828191538543427,0.09346059484020527
0.10183844299797583,0.18989625822127076,0.07054097600372707,0.09470725246282025,0.054197805511464275,0.03644157134330131,0.19848508533504297,0.19125782459804144,0.04795640543880441,0.014678378087551775
0.00831788645400716,0.10671105777550254,0.04525680486484438,0.13729714036836374,0.0805679082566894,0.12399987923831998,0.11611814536722832,0.12331355893621751,0.12919323625736967,0.12922438248145723
0.18399335338473594,0.15482432261484075,0.06998242759852294,0.05286468442205504,0.06500732910359279,0.10480830875139067,0.08646347390126578,0.0439228990222738,0.135502148166404,0.10263105303491826
0.14319340949871848,0.24070575884452983,0.10561223248784393,0.1976523160258394,0.005626496674583606,0.01307201717489395,0.001156867181591957,0.11176622241779764,0.05375459645002661,0.1274600832441746
0.19064534006766107,0.12860341074597706,0.07271719699779722,0.04875878248530132,0.14929752495666673,0.20500811833515134,0.003383966795030045,0.02802403696748542,0.015204598837311145,0.1583570238116187
0.03769015101315102,0.05911835838238433,0.127063661823365,0.0860072419363261,0.026611907638593016,0.11516645957417432,0.13866040464018567,0.16423404904202596,0.14942252761066305,0.09602523833913167
0.07633706326489313,0.08430069835887594,0.13423875171333755,0.09729448386016742,0.06810837298926366,0.0630487269787151,0.1586773573381073,0.17644433025288217,0.01566380696963433,0.12588640827412342
0.12167298051472678,0.11948298987958635,0.12155123323997889,0.07830113966998585,0.04890139896045012,0.1176702688463725,0.08976056648281264,0.10620622928143432,0.09207636741286739,0.10437682571178518
0.09341603145466491,0.11998444083614469,0.07373706364712296,0.10084661342871376,0.15137272501941806,0.12372051350550385,0.09180817166092829,0.05618390802890715,0.13102965161950011,0.05790088079909639
0.060469880440898294,0.15244279500260782,0.10958526615698207,0.15821736185348145,0.10127501510272215,0.1317345925323091,0.019344441640505156,0.036795682585762275,0.16224695700168854,0.06788800768304316
0.13893642576743917,0.06939670596192539,0.17816309101447667,0.1546483889913082,0.007584963641883534,0.08458206494212024,0.028542482303961128,0.14311562299358008,0.16752757011778305,0.02750268426552253
0.07320050133919594,0.18822577715102054,0.07170968104849863,0.1377291298546326,0.017895345884842716,0.037235745059665024,0.024390428575794702,0.19748477811900794,0.10861868904559467,0.1435099239217472
0.07169424341985495,0.14474989891932846,0.06771256917844005,0.0029363575707110636,0.06203076797453477,0.1087020254847827,0.09101592320214885,0.18682607833309958,0.15680549050008857,0.10752664541701104
0.13857087497936196,0.15733981118262386,0.034016214065222976,0.006181215740396588,0.07325571604073505,0.08349480705889795,0.10051237883112475,0.09888866189863883,0.12357390656521557,0.18416641363778266
0.041209837240627586,0.02912032474073294,0.13200909414172007,0.06933604755889607,0.05246574593469745,0.1169882153385135,0.09781513447305766,0.1702765517572167,0.12889203344778524,0.1618870153667527
0.1285964883300466,0.14172034540245015,0.06566474875963238,0.13629868281759647,0.011451792389441886,0.15378910396953266,0.07004560539069571,0.10409508725907844,0.10306802422766909,0.08527012145385648
0.12734601865143078,0.006189797737328586,0.22318141023020524,0.11375559494667159,0.02248379060889045,0.05847247864088716,0.07183607953473044,0.08704992130354128,0.07369063918333024,0.21599426916298423
0.0833630714551468,0.1504270896303428,0.07176313379180206,0.14007804460685397,0.04131654764175172,0.0896983042642074,0.1502302826190079,0.16072164153153257,0.03714607598334717,0.07525580847600752
0.06561205865448747,0.07611051428113506,0.1335556710766194,0.2027523255387629,0.07814823713744058,0.15242282756653722,0.061879089856633165,0.1244565929039609,0.09617261648089313,0.008890066503530265
0.0766846488801195,0.1716881997401001,0.07876036286292186,0.17822832766855654,0.1266520556038197,0.11704920715866854,0.024011157060642947,0.01835701212086725,0.02413721977432378,0.18443180912997978
0.0010235259011839373,0.015368084891517562,0.19680009595705758,0.16706712888712194,0.10209778213002357,0.07464203168935234,0.07407726126868068,0.2040891004503688,0.06198514451837724,0.10284984430631644
0.024149441272920808,0.006361443620541696,0.08856675340831742,0.20402434337967448,0.05206405481997847,0.20344615240289093,0.11624205439837987,0.20901554218257531,0.07609561683254223,0.020034597682178624
0.17711399623275983,0.06449507784369672,0.08576694853788222,0.1635087862584061,0.15923624461895886,0.07837046610240572,0.07780983448465907,0.07952939484679854,0.05438827769410336,0.0597809733803295
0.062286038240554294,0.010924880561338817,0.161183346889264,0.14918130101074448,0.12380839943582536,0.11824335800438647,0.10009308626044632,0.13985995907589033,0.07336396813958207,0.06105566238196774
0.060085667445456965,0.0878146708287692,0.13121743669132044,0.08183746382587087,0.11677121745856633,0.04036965476497333,0.10991592281382512,0.1461428795838779,0.08530657977698973,0.14053850681035002
0.028936797140161882,0.08870460019754045,0.18368332220777617,0.1000902364132852,0.1564590637418677,0.08075734928835114,0.18428292511665698,0.06917512440532435,0.09027019333105482,0.017640388157981364
0.07032069971369098,0.03430963850284784,0.16933984992545095,0.18211374134862643,0.14292187851211877,0.1562774070070732,0.12760114862457742,0.0212566771632342,0.08166416367710691,0.014194795525273467
0.10430828462545307,0.007656794488750258,0.0741774534032676,0.21782397370037732,0.11356746723897218,0.027479199012197576,0.13546423183960304,0.11125025203323188,0.1623500071365945,0.04592233652155244
0.15234388693485756,0.07162771066839985,0.09430541187091163,0.05591510617418472,0.06278207312782108,0.10239912796561247,0.14474981047947177,0.143215728192965,0.08709574628900169,0.08556539829677419
0.043280373443176735,0.11385473776642425,0.1457970613525709,0.06420859610656637,0.06592872972498627,0.15131476205254293,0.14051307796396223,0.04518941572385569,0.13141769779183596,0.09849554807407873
0.11601732120935984,0.23327151879091124,0.12649337169340596,0.2154630932820868,0.027017467348370745,0.0871447400864105,0.02852484866631247,0.013622479544888379,0.07701604803996909,0.07542911133828507
0.05436368474161093,0.17947729938111406,0.0714678164103842,0.1128169989203334,0.17044674925631043,0.07889749350275642,0.01505532387306557,0.1639949903101455,0.05771025940185825,0.09576938420242131
0.12819777202963187,0.015905828989597366,0.166624353357706,0.06948688632196888,0.1422894205993643,0.08792320107635455,0.11072334191219889,0.019167093029009166,0.12258239202304823,0.13709971066112067
0.07312968341627452,0.061095862793493314,0.08979085086210527,0.11913757581063293,0.04856404283330884,0.1341270966554679,0.13126653215146544,0.1436088491041027,0.12241371569412737,0.07686579067902173
0.1609179033460134,0.007737666144221687,0.06822267393358528,0.1426127870595793,0.013783916450545504,0.14760494918060893,0.14035396628799446,0.0541812082982633,0.15845688815219264,0.10612804114699546
0.09040844252770085,0.18252550130932607,0.18659346133132737,0.0003238259566978211,0.015549501989385142,0.17613985766034027,0.0587805281563134,0.1523686892740506,0.001166504992245577,0.136143686802613
0.07833453618628793,0.14757464400992773,0.14534475235373115,0.02403783315047992,0.13893003849747726,0.07481457126753929,0.15203408736044238,0.08810940550518134,0.12811615748368088,0.022703974185252034
0.016000992232603945,0.0548101083423799,0.13672493700248592,0.024094493883595528,0.19030812021476481,0.006077913074171533,0.0616888215733111,0.1794938882792574,0.21274263517876732,0.11805809021866254
0.09131233414763085,0.011479047914750209,0.12495000302888161,0.11623478396568458,0.165211090751953,0.0811589328444698,0.15310230288807516,0.0376982276120864,0.09029623398857994,0.12855704285788858
0.24098446110336472,0.03550566366201369,0.010085073156031141,0.08667923082619673,0.05555713149920667,0.07726436528101387,0.09375271793877518,0.04947302862436013,0.21014457759735,0.14055375031168796
0.06314600360935241,0.07928651296959952,0.1839699621785872,0.03341066893319096,0.05261019104987414,0.21178959843454823,0.04816459856825393,0.20400563605044023,0.04714099752657933,0.07647583067957414
0.03622178314904822,0.004266463455230446,0.23164011724727246,0.08604549533382391,0.23301915931855208,0.03566669990061127,0.026960603005969117,0.11126595010075416,0.17475115442460992,0.06016257406412849
0.045671276431701074,0.057911179716207996,0.1948285189888498,0.026401476576414635,0.014600618365523671,0.15639316371840453,0.04775790743213182,0.1820310523668332,0.21231698965549262,0.062087816748440765
0.1327006003370275,0.176427002086883,0.022937114135208127,0.06749084311245679,0.03570780948710776,0.03135305880914323,0.09668516762276604,0.19561922263230008,0.16388799610011928,0.07719118567698827
0.07775463594279021,0.11322717005157376,0.15424606919338177,0.055009737094184843,0.0769308065444823,0.1087153061555141,0.09024566325068424,0.08848748863291761,0.0953368770973927,0.14004624603707833
0.16330966333232874,0.18350135923090716,0.10443853337728076,0.09197754784118557,0.11014952455773915,0.002171047785387056,0.11765186662304514,0.029053578997935925,0.06132437179225891,0.13642250646193152
0.03547683606299316,0.028550451146055367,0.036103150563035834,0.22310163967664667,0.07882356051885324,0.20859824552808154,0.22685242213724838,0.027185605823802365,0.09273819845853072,0.04256989008475265
0.11840816236208125,0.06359582678195112,0.17610257733740659,0.0036687163342292665,0.0630448800511177,0.052315199284492624,0.14225293230275407,0.1927656469966076,0.11022796380122926,0.07761809474813046
0.22595530293483804,0.058202512748332436,0.03183973204634722,0.1257285929982152,0.059392221428328944,0.1905831353714438,0.023359159199269564,0.02588121151834509,0.20856740940713353,0.050490722347746306
0.1905172978731055,0.019516383029401764,0.1956131260589159,0.089339683301739,0.1145058575499542,0.09493692307191484,0.020938326320439984,0.07007033916001712,0.01942436131929581,0.18513770231521592
0.12274524875566614,0.002821298893771299,0.11525748093972907,0.04428663748338069,0.10603808793082396,0.11351242754275649,0.15291188798729113,0.14818556755141393,0.08077763446613827,0.11346372844902904
0.03527393778105106,0.14792736754171856,0.1335028469312608,0.09241552340754797,0.09537513893355698,0.13363195179109882,0.11618946570761599,0.12877949308111952,0.020137819110369822,0.09676645571466037
0.046260724411365244,0.1686582427430322,0.09475504213674307,0.017195883342881284,0.1480895396641832,0.0561220540878161,0.14169380054051828,0.028463211762085248,0.1622819083977812,0.1364795929135942
0.028425182615290107,0.20794402148733568,0.047856803564882984,0.17918464991788385,0.08712817223154956,0.16857199333659034,0.04501037811067118,0.06279216494799708,0.023149552577298782,0.14993708121050034
0.05976131965982922,0.047487370155808596,0.12880892868327073,0.21820382508955763,0.03069566548021338,0.2239971249424225,0.02135190255046385,0.07719653290211727,0.0657028014022669,0.12679452913404998
0.04643328181347781,0.016839349546437243,0.1903719331258596,0.1854701253804102,0.12291511452267692,0.16751965027736046,0.013981308988129009,0.07230169944151074,0.007918151010220708,0.17624938589391734
0.09187264299281153,0.1418463212134285,0.05079407485757788,0.12858972410503128,0.09969665993409943,0.12231434535822738,0.1576430119310407,0.05168756562533709,0.15320628699770913,0.0023493669847372577
0.06224565982518308,0.14287616200294426,0.07059410174074131,0.12417650509959158,0.1833046408336968,0.005882614135983542,0.0989644378782131,0.1097769460197021,0.050001357290514185,0.1521775751734302
0.12463809777169917,0.07402478992814901,0.15685828498256377,0.08964283267239473,0.0587054569248653,0.1673345459018114,0.06496720239016948,0.01474543572448013,0.11493844954348371,0.13414490416038322
0.14928962162450848,0.18165988536002234,0.010688427558364702,0.1777262776601337,0.06714508451707987,0.13320998021655012,0.021293902750815517,0.086242976984348,0.16342749607503276,0.009316347253144449
0.17302425343919695,0.06887631041943333,0.13522771353395463,0.11788398534666707,0.09884883666551211,0.04163267826323672,0.07209906812886117,0.07004402627388108,0.15848806307823335,0.06387506485102365
0.12462959053767161,0.07692626332320196,0.05534921877420756,0.1563869268421919,0.014641698289325577,0.08248622894980798,0.07633906300845095,0.1937009411654527,0.16597828458137354,0.05356178452831604
0.07090489147188281,0.010970827673838456,0.08814212218484334,0.15176255050330292,0.006036120889617129,0.06482024614205228,0.17304157950791058,0.14476975421023142,0.07924329460360828,0.2103086128127128
0.10301184866835697,0.050895441255421545,0.11799739380565658,0.08272304037305375,0.16393909630133752,0.0038101966760473033,0.11199399389077673,0.11862474594151712,0.16438648923098448,0.08261775385684801
0.11507013354812226,0.1254733266358968,0.17108300604943338,0.004476100954589357,0.10049707875844734,0.04827599246449902,0.07645725519188576,0.17766191357550856,0.04840015228691298,0.1326050405347046
0.13367174910795387,0.08324218456202837,0.09688611198504994,0.05417257362413576,0.16342872411551976,0.06739819543218749,0.06299575807717712,0.170990192915545,0.1047958987975176,0.062418611382885125
0.05424526173510737,0.20414832820738715,0.14358153439681798,0.08003742288702517,0.1354685848997375,0.13752104132093743,0.09524170393955793,0.031033878221474423,0.011594243134761106,0.10712800125719403
0.07006004343370431,0.09915784135271967,0.16302722267441067,0.024649328550227324,0.1334834708446702,0.11657093578606599,0.11876398092149507,0.1581296022282384,0.0710492269433944,0.045108347265074025
0.0777657670847065,0.018627766845303716,0.046503837576414374,0.1911702269804717,0.1995155433364933,0.2043851814302263,0.016547847244508813,0.18724006095245993,0.007820407009130982,0.05042336154028417
0.024129037348379644,0.009093906250121103,0.13659433010695202,0.1940779096351597,0.06332113880668913,0.16331699628670376,0.13521206586454557,0.016079201883355626,0.14105382823299195,0.11712158558510134
0.18536154352752365,0.13990921986438293,0.053550536474483046,0.06160180822770652,0.04718353932807476,0.131482720649836,0.146816019633578,0.1664139269315915,0.06170983429147801,0.005970851071345521
0.13423978949944715,0.10264088745723624,0.13579790531652783,0.08537033349100634,0.1479254852040462,0.1420389502132888,0.15092659961719684,0.03076194600017854,0.033434956391927985,0.03686314680914418
0.0539096279491964,0.12165403179027821,0.1210257793791685,0.14420985925094656,0.037282439746996736,0.16622674147814964,0.10381328898764741,0.1283931151427451,0.11375475395148932,0.009730362323382284
0.15214898982454098,0.09223488301012164,0.07875489333117752,0.13557666322615886,0.05799192274607739,0.10565041237003614,0.160721914450796,0.0032988161384569187,0.1501416901661149,0.06347981473651981
0.10342940903212566,0.07517101384526356,0.14760779449216196,0.04875552255938987,0.15422939546720918,0.11273721018366874,0.050216870935319007,0.13262883701990658,0.05253002459638389,0.12269392186857148
0.15259053437599412,0.15571134691720737,0.11543900323420406,0.09620304073201112,0.08301859789505366,0.0309365995524265,0.14413812329861075,0.05497301760902994,0.14344574333642077,0.023543993049041766
0.10680213112980436,0.03084495004850977,0.04227911357470806,0.11074142104179334,0.1016005322537171,0.155916016313776,0.12920349884269458,0.13743639966983048,0.08012876452821695,0.10504717259694943
0.15396380529351741,0.07404834028839849,0.11558268949720518,0.013406194750101023,0.16580749072293655,0.12280378834821586,0.10440816311980615,0.14287269462708704,0.08312119199521423,0.023985641357517972
0.005979931132386447,0.07502359937821396,0.1609178140846744,0.1550528077562331,0.035614951587664576,0.04167941164535273,0.1459032330032084,0.01766866172738185,0.21306974278897953,0.14908984689590496
0.10114403293932861,0.11013341710530339,0.12113025542667759,0.1862664059701875,0.09954405236356306,0.07348558871368358,0.06534215332689604,0.17186371817100934,0.03817876476340874,0.03291161121994211
0.15085178522436232,0.08165994672611006,0.15904285671118581,0.035862925785077215,0.08726353235225856,0.20496777998025897,0.05673519470241498,0.03082501923670118,0.07241401574887299,0.12037694353275795
0.01873057667111037,0.07703727165343541,0.06876915576331548,0.121933274737843,0.14492130947930498,0.16177044295440382,0.15663769229930266,0.14962714718014142,0.0976447308272652,0.0029283984338776504
0.05610930503134234,0.12280899924158298,0.15826011026040235,0.038239517492859906,0.1852541968111832,0.14826232681422719,0.1334838313120278,0.04667289999106457,0.016851912382703248,0.0940569006626066
0.1284639289603453,0.08111482669969707,0.20301773725315875,0.009746587266743047,0.03861369091731744,0.16646836174234692,0.0028100046785903042,0.09153029293671265,0.1613440511873335,0.11689051835775495
0.09084694193187785,0.0710190921142588,0.15345384556167407,0.05709806205011787,0.07840269856369284,0.17283929889698535,0.05948302845686605,0.16706702873968998,0.1009684307237877,0.04882157296104931
0.013766306002508246,0.08548497814709019,0.15326494485366784,0.01448713988664457,0.08351162953330404,0.09206047204514924,0.12670639069161693,0.23844165799088518,0.11860673452231542,0.07366974632681837
0.03897484385093955,0.0822866111122763,0.09635525658962274,0.11666384185466129,0.12175173336015367,0.013481221227729554,0.09448111761921488,0.12768561364783448,0.14624757505907415,0.16207218567849344
0.06940781594016053,0.18301033454167037,0.03651085239642562,0.022362074334498286,0.08900776154301615,0.06689129653141479,0.07116708440181167,0.18368812114234495,0.13894549415532384,0.13900916501333374
0.0903572884947983,0.16379353313627318,0.02762349059589664,0.15849024457283062,0.1232030961221335,0.03355393901510348,0.10612926355036956,0.1278314588260858,0.06071572705449703,0.10830195863201182
0.09253229826120178,0.1425988837130487,0.09185261130539366,0.1444751244360094,0.10995064304635893,0.04916841544314407,0.1691095625570194,0.006905188664510171,0.08211273316322969,0.11129453941008428
0.06571734075337868,0.17181552065884606,0.18661756041529165,0.0017599331303855864,0.19369153744184786,0.09243031064607371,0.01605340561757961,0.21948271682259973,0.04626013002944578,0.006171544484551209
0.007046805494838543,0.10181204849663486,0.014703017762977565,0.15673880449888714,0.26297818091768366,0.16131227000400844,0.022041668708126114,0.1027271386859954,0.052288686558847074,0.11835137887200123
0.13997185408007595,0.1396044063588418,0.11510101483262761,0.01006320484669549,0.1447777821014756,0.07738352933890891,0.021424868312907457,0.04496012312133105,0.1823708103695889,0.12434240663754736
0.1419921193920514,0.15359883342660222,0.13255832429137546,0.12090638028227427,0.12375260222579325,0.010805046987229325,0.054312038913759526,0.07125039807336343,0.15772418342137015,0.033100072986180895
0.12007863465262847,0.020383769528058305,0.19368790462947427,0.14642212144254674,0.11398634331125294,0.046536461940365564,0.07565368868337481,0.2248700621852376,0.03819945302066978,0.0201815606063916
0.12836480869022268,0.0031435922827994576,0.062121321869276706,0.042376264551458834,0.04058560390350301,0.025889446202840716,0.21147099799435648,0.14575180182983113,0.15109357618895622,0.18920258648675467
0.20173769793936155,0.08816374051782559,0.06355860731672117,0.07574615122767937,0.09087959381457131,0.15112510391463593,0.18294008188509914,0.06695901736959896,0.02571762230457533,0.053172383709931825
0.03080014212540434,0.08203522258278464,0.15122168815459763,0.07283775904347688,0.18057608214780774,0.16591094253093244,0.10445707613443946,0.008884046998541851,0.19717730327070757,0.006099737011307575
0.12724831816043358,0.027638585780283605,0.052880309507002884,0.07383573530347252,0.19580335453277287,0.017000151222148523,0.1650931510225765,0.08461290973731146,0.03858087463727524,0.21730661009672275
0.03856107648362556,0.028436476205747956,0.18275057491621852,0.09819831839304878,0.09437335105167428,0.07262581262872785,0.026490041542888323,0.11092658620995592,0.1516649658989459,0.19597279666916678
0.13302414184679032,0.11268482197561257,0.05274662455997119,0.15238405863049034,0.029904693793667822,0.03048122010505227,0.10299061860795018,0.20099469583529944,0.04254336866261943,0.14224575598254638
0.08961598734113257,0.08662312036872803,0.14365486862346757,0.16532929390407713,0.06326427393012488,0.05201714517840617,0.11287213543647477,0.082030518833419,0.1604966395126151,0.044096016871554754
0.011040067166740324,0.1609060296174564,0.06684090309791076,0.10975626237859483,0.16214675213438443,0.09302736167597034,0.13569152401668658,0.010931820032929477,0.12807532247528058,0.12158395740404632
0.13519177695748238,0.045735275797660326,0.13435904878339636,0.10807610645689562,0.05549012813018423,0.06335065535923129,0.13479216279254755,0.043107741933847504,0.13522171850432899,0.14467538528442586
0.01949254861647215,0.0713995026312599,0.1716068260618609,0.17213124995165469,0.18466659424536447,0.07148509014431327,0.01660397848836869,0.18448611894292247,0.003913299023141455,0.10421479189464189
0.15092064047854517,0.10059754058202457,0.14485623943839498,0.14569485686571418,0.08488122930145697,0.13129560791696515,0.08480802101275314,0.0007699145898891565,0.10769613124671047,0.04847981856754611
0.09563999486194105,0.105896158248466,0.048068669645965754,0.15812347781914535,0.11618460411539117,0.008202410774212032,0.15610816132389527,0.16555055890833575,0.13399744485500287,0.012228519447644927
0.11880420474675334,0.02545862407100259,0.1369662921091558,0.11051572806776228,0.13177746633893847,0.013257406059953805,0.13088065732916657,0.07697579974962748,0.13168409588747518,0.1236797256401644
0.152953447153939,0.20625743508072786,0.1449530089488656,0.00834280160066244,0.08190653145716346,0.03827184049338763,0.040225165603433324,0.10058553365476577,0.037084146270933545,0.18942008973612157
0.1257044540084863,0.07941555857769947,0.12800657708415591,0.10066178195954996,0.1313832460940216,0.12952403464213322,0.16175682061946517,0.06328312862987881,0.03328853261124434,0.04697586577336514
0.12090115891300192,0.1341954743128794,0.045023907524012655,0.033051908870507546,0.230824856526867,0.027274825146506306,0.09675427952742797,0.13005477392350628,0.11379439531216415,0.06812441994312673
0.05815072648593805,0.18522006682631395,0.002276814222841031,0.03636721599986148,0.16131106581906712,0.1821460317311357,0.037951249550116126,0.08246750521387895,0.17804632302766035,0.07606300112318715
0.09272024510349466,0.12174412897231228,0.0787579643800721,0.01842057343857919,0.025433547200621263,0.03565188111859929,0.05540114789156615,0.29456962403255343,0.09912276801010578,0.17817811985209586
0.017746963639578558,0.09307722385921285,0.15567743214279417,0.1500866232020258,0.03711848318382046,0.07242832156301782,0.11371958251601111,0.10249164571404151,0.10413589527935065,0.15351782890014687
0.023957925153370144,0.16038431780173534,0.12352444895342339,0.17246423897658747,0.10629189111018375,0.11859489586026792,0.06235032458549109,0.14552657103347877,0.06743262810396972,0.019472758421492365
0.060923182193406054,0.02273141152980947,0.05204876429002376,0.14808408413682886,0.16808471312436096,0.08775798624582082,0.15375412108967906,0.07695552739498872,0.20537399825233918,0.024286211742743088
0.15428559710496054,0.1524136618370744,0.04796937575638268,0.08388246984307156,0.017423084674594486,0.06424184865631391,0.1255192423109633,0.18761787864093477,0.13272593469312874,0.03392090648257546
0.18588447818638593,0.09378466063320834,0.03517752609820124,0.1384378314185329,0.1985749664466835,0.1758233648410349,0.04458129014935267,0.0023516993094968314,0.009563267924636548,0.11582091499246717
0.12991404655828268,0.1184912406692055,0.004881566455182628,0.17419529185058713,0.11204868815805752,0.1574309306839918,0.11329807347420079,0.03396491211347512,0.14486068217350684,0.010914567863509892
0.1433505648237936,0.1536637402169846,0.02032322737275356,0.047920956434706154,0.14097902418468897,0.18063007656908106,0.04729522666193076,0.005089364274279139,0.13328743514658942,0.12746038431519272
0.10472866720601166,0.08937885547201757,0.1409975536986822,0.14997298283868749,0.09812291643735475,0.017768825444898148,0.12663540103655768,0.024770474712126577,0.0754157557594831,0.17220856739418083
0.1620495109870268,0.053119706663197826,0.16334549989687097,0.08894306142275395,0.06593351808351397,0.16000648165531164,0.1209089762192661,0.025275366146563626,0.09312329622798138,0.06729458269751368
0.014002505453014203,0.2012008670119971,0.0004472392681521806,0.12633903164073113,0.21580962864705183,0.08339904832641955,0.09401889638353286,0.0035004891538783283,0.08736140447194687,0.173920889643276
0.11788562452173589,0.1324815961071273,0.09972512118105385,0.0641181665509034,0.17447266592545257,0.13568789200734374,0.05674093684137046,0.15301718623869104,0.05587308267918219,0.009997727947139604
0.1578772007954673,0.14919676155351164,0.016214465942113638,0.05297539329460643,0.13791748757968814,0.13573819619336555,0.06868049639942267,0.1284060542429505,0.11600508507767579,0.03698885892119831
0.1646149931684858,0.16436470174225795,0.125275696411849,0.023448916560830636,0.16885076344351754,0.18757451804498074,0.019750356571886216,0.09741022367640141,0.025096165540540637,0.023613664839249978
0.09146271788301455,0.16906073527214696,0.10090762349664473,0.02204327393497832,0.03108483871475809,0.1868071189155961,0.12316504610527701,0.17410909763206694,0.04871885990706616,0.05264068813845129
0.03222157896627053,0.03459294024962199,0.18664723508299622,0.05046994521653305,0.0877662747234643,0.06742246675836411,0.1325990052455607,0.11805559071395764,0.23477640511672004,0.05544855792651152
0.01725197059489168,0.08185251203993958,0.043736986157571676,0.14430816364246016,0.1544674117993241,0.12684587719971865,0.09585389070188116,0.1680696665956175,0.09691512614188676,0.07069839512670864
0.1844264977041381,0.08779237504161798,0.12607845355629277,0.014187019522646425,0.04391738583393673,0.08364161809695744,0.048150024123641506,0.1673699926778156,0.12510098529617084,0.11933564814678267
0.21866443002545424,0.05852683940273249,0.1258819185501698,0.04018496161122335,0.04495337012761511,0.02040226259607273,0.07361277487327499,0.20429760188278634,0.10907257220126773,0.10440326872940323
0.17606672136076568,0.030194312347015466,0.05040033608991963,0.10502652259756891,0.07338089339752826,0.1372573080021615,0.09144419748886828,0.07904174783655024,0.07661361414279642,0.1805743467368258
0.07233797842305531,0.0639107872442233,0.008401999784826057,0.11561219936271108,0.1411532896644513,0.12631019761766998,0.1427410311078643,0.09016004831246863,0.12477881806169577,0.11459365042103438
0.039163174574419944,0.019157655283375062,0.21432446424834195,0.0889517489896487,0.02800536798430397,0.16634148956160763,0.004224485366682801,0.1800240541691157,0.19948270351061873,0.060324856311885305
0.17245269099816324,0.03729026958670955,0.10813339912097004,0.11914609840140733,0.13634451358763747,0.15471241243212047,0.010407174929130597,0.08489720627469524,0.13436206909771467,0.0422541655714515
0.049858611699447684,0.0453745408487715,0.03629239315739314,0.06942416055146669,0.05636384320673798,0.08712549753222398,0.22005263054321111,0.15602984210488674,0.2058001636679436,0.0736783166879176
0.19491895655549824,0.10158102763481855,0.06959089865575048,0.04211698141806276,0.041961961471586214,0.18869472664478892,0.07125349549468239,0.025496562274489116,0.18268967833851135,0.08169571151181185
0.05473303412538392,0.11870357579548943,0.05079503751397935,0.05820381863607626,0.15396881084695124,0.06490333564789676,0.10806539573214345,0.09051003428851988,0.11657557058024544,0.18354138683331422
0.09037914109805537,0.09675103063848868,0.028471885606767115,0.2913930004469312,0.07155425296128128,0.07534226905536427,0.016475250181663657,0.07276398187017995,0.02420315909173979,0.2326660290495287
0.047122671367454225,0.07166672930098414,0.10596564094334697,0.06955095244164021,0.11861699498875394,0.11493930799891978,0.14050222374822094,0.11157221560941546,0.09843074957412637,0.1216325140271379
0.09579395872170475,0.16265890467256203,0.1636243372883034,0.009614748753301684,0.15939898201294714,0.11986656146538296,0.02562604026542939,0.11617092971207833,0.03854025184361394,0.10870528526467639
0.06462418289492633,0.05390826504807585,0.07173750296128044,0.10032340827873405,0.16776544622134495,0.12254295168469619,0.06298183072667829,0.1410090918055563,0.09602675198936504,0.11908056838934265
0.15584836065579388,0.10535304032770851,0.03440760665094059,0.18470978255642265,0.06818723843428093,0.04596856448583582,0.07187052541818022,0.18029386783549933,0.052522325663968805,0.10083868797136915
