i = 0,i = 1,i = 2,i = 3,i = 4,i = 5,i = 6,i = 7,i = 8,i = 9
0.09070450782944244,0.057505240942931385,0.04518190201744527,0.1237374800224704,0.13823484615984435,0.005853101250663251,0.15447143821639103,0.1512082446253839,0.1466160668636213,0.08648717207180671
0.12495764892837906,0.05088665162186213,0.1541909725406004,0.008086895939175897,0.07870110275012925,0.10717189522729463,0.12805915606005253,0.15455864991163903,0.10607704749482261,0.08730997952604444
0.1443346160657324,0.12147120276252053,0.11910172361546635,0.09066432146317856,0.0685580473182944,0.004574989922678323,0.11524024011562538,0.016172302759918235,0.1888142665225285,0.1310682894540572
0.04182509392891359,0.17543292738348124,0.1559932995478001,0.03352332206089761,0.09994132019125972,0.10260358082718372,0.1737620149518875,0.018153674939818166,0.12748097163671337,0.07128379453204495
0.08975744896866313,0.05880326122682332,0.018057194902085568,0.17296789102649887,0.05105073490170038,0.15762661619038443,0.020926086807766003,0.20664191560080722,0.12652859900922303,0.09764025136604806
0.16991597360059887,0.22930539074455678,0.02994747760997791,0.16866579499122117,0.07011540638583086,0.06475329372722412,0.12675136120941982,0.01922126322989347,0.12016655554345225,0.0011574829578246955
0.09162999041951024,0.09937630454866017,0.08775607662603753,0.15299793568261277,0.004180688273138074,0.0492826394515754,0.004973835004209119,0.19430044008201872,0.12384775382017464,0.19165433609206325
0.22255268466805436,0.06930678470729826,0.14359174713692566,0.015994191539473776,0.022239438993588104,0.1355115032285024,0.08674915183688857,0.03019732041809732,0.14515104210455104,0.1287061353666205
0.061974088508150615,0.14655083255679358,0.14902832915586062,0.13603249517912508,0.10999062355288354,0.10029197077935757,0.03750221986164791,0.03827089651062551,0.14916460531746376,0.07119393857809189
0.19180802855114748,0.07141215766518819,0.17128103181316642,0.14687581988694776,0.038245694459695334,0.1466766060660829,0.03429165675271989,0.03330959999626566,0.15907137468866714,0.007028030120119366
0.055248610855301174,0.016944053975196154,0.19289058529695605,0.07934240150082064,0.04909813407871845,0.07178541856177502,0.1047322322225895,0.09992965925660201,0.2213604609545317,0.10866844329750927
0.23492718388522157,0.2207347363752278,0.05000924804949975,0.10838821442545499,0.002458137225814199,0.10395837411957978,0.037659513863621964,0.13522277801412624,0.06876626597213722,0.0378755480693165
0.13470679748596792,0.14115532148789356,0.09538015172475484,0.13122201046681808,0.12329172514794597,0.02173396040403996,0.08448146284736512,0.10032285810472027,0.06947287631021269,0.09823283602028159
0.13588214143790459,0.02944915573155001,0.12415149306953739,0.045634644640060104,0.15390373830091075,0.12870662407328845,0.08288817120745971,0.12490454713899568,0.05806529969794393,0.11641418470234936
0.1082747870487594,0.0023153583190522664,0.16275251128618096,0.15899331316977203,0.1352886935914836,0.0819001155543005,0.15086316213615375,0.10738313557879937,0.034284832574861944,0.057944090740636243
0.14272059148504093,0.006209222158907648,0.1620246822429814,0.036843693084858055,0.1260132756922577,0.10646986964560004,0.1114155389047993,0.1396391075928017,0.08892260194899318,0.07974141724376003
0.12509534424178184,0.1608857703943331,0.060978634890270646,0.04788825346172672,0.162142142308037,0.02113100549863915,0.12589013627478282,0.08465698003041075,0.06412535514332326,0.14720637775669468
0.12507494294298324,0.04165340929462811,0.15085544307820237,0.07997527480358316,0.1405814712496174,0.10583132707678694,0.05952836932906796,0.009578667230347742,0.13863675349088875,0.14828434150389427
0.1677148845356728,0.07930823684485755,0.13507936903646264,0.09985070830149655,0.04253209121849239,0.08832108207881093,0.14033232049242544,0.06752667691605911,0.059649982929339894,0.1196846476463826
0.01264183935212129,0.16427192766941917,0.12948485987363287,0.10273331231847829,0.12553188525840045,0.07277405776996607,0.15527974746470027,0.15093079541054774,0.022126036343879163,0.06422553853885467
0.0031343951924756247,0.18601994775362732,0.11858346538531542,0.01125611625873343,0.16679431915043963,0.14493575402802783,0.10470129074673905,0.10662202441837117,0.05030548107584726,0.10764720599042316
0.18067986475059472,0.18112695253853958,0.1288791567403426,0.07129731504120518,0.07730125297955492,0.03724282862740117,0.016251663031225307,0.021561903585991506,0.07933770604022225,0.20632135666492277
0.14432428814608667,0.17960843705971005,0.031091133422587368,0.0031110894341022264,0.010962838769385804,0.06439594906698548,0.1939927408041741,0.18638467148446403,0.17944080148048758,0.006688050332016607
0.18341087167170458,0.1941280566190754,0.04568936473568968,0.13593540422028372,0.13840867587775524,0.05439090294195139,0.006627987783408524,0.06645962586647375,0.029551983402153096,0.14539712688150463
0.08482404550742381,0.16637671583973324,0.09429144188461858,0.14647066119743565,0.11004596768903611,0.040589335618565724,0.04648099285067234,0.08555724045957341,0.12297722880256254,0.10238637015037866
0.11701285636621932,0.16296518799702514,0.12591348405708686,0.12129074113906003,0.03475365243832958,0.14266663220099887,0.06428719142858208,0.1322490799025378,0.012222365556102269,0.08663880891405798
0.08398031974116978,0.002087056071949001,0.13084990839173766,0.10611113815187806,0.15225547567416475,0.07033789908064429,0.12085877226753663,0.139504902953452,0.08911241516699837,0.10490211250046946
0.11435433023772684,0.029048993673838876,0.1814648056957435,0.04384957556526661,0.1549960363261373,0.06815102675404008,0.027747896632894346,0.11927131476116609,0.13576428857028394,0.1253517317829025
0.08017019468527829,0.19392115245395947,0.037819534818302046,0.001203212202606791,0.1477327566950727,0.21570796496208386,0.06811279277064941,0.032576494603796004,0.07959067228592762,0.14316522452232394
0.20557510558542852,0.08839559251038664,0.10575714992205293,0.07720277377450548,0.05415349785792467,0.09606609928038216,0.0016778246737114188,0.24841638069611416,0.028798352683282364,0.09395722301621184
0.02203745072670019,0.18120992752523193,0.20976897790004437,0.08881935798518965,0.20847350524839345,0.02339900597659472,0.08680545219528923,0.07789038583330192,0.04863378411228871,0.052962152496965904
0.09598168706747379,0.1282174720756086,0.07541819230839614,0.03394286592056898,0.07144829976868977,0.08389396696583802,0.018593228215628147,0.209574918254518,0.1537605295513287,0.12916883987194974
0.11984194141729156,0.10914802063828756,0.05314391275204986,0.022610664850580768,0.09891252517946195,0.1018042309460686,0.14205419014083004,0.1903755761186944,0.08056554341796719,0.08154339453876813
0.021553485068992722,0.08778290731975978,0.1999876363589342,0.18504409804744482,0.14013069083757612,0.16766667009751146,0.006360361917179698,0.08965145341394841,0.020282836573417305,0.0815398603652354
0.2084249599377258,0.039326256017776895,0.18297550922058356,0.07819861937935481,0.01037739399949415,0.20378180205244978,0.1877579989853782,0.008112696606036869,0.021425368199675863,0.05961939560152396
0.05869542107850284,0.12247117085496817,0.010328568485015831,0.12390294587140033,0.1107793700468434,0.13080427701298566,0.08031734119905208,0.15072782112533403,0.1351412866693273,0.07683179765657039
0.1669087195421018,0.11113036265865084,0.13462389832496127,0.10409710471958292,0.014153772342916747,0.005044896449915127,0.15221486905445233,0.15839217936457475,0.03470320959308129,0.11873098794976303
0.0019076386672276541,0.08784761658909447,0.16774064437864497,0.11998003339527105,0.14315233965447807,0.17289257741076028,0.07063868165988425,0.10652161658927349,0.05184635762199708,0.0774724940333686
0.1739544184899161,0.18681497584688572,0.16777076357475598,0.012368176310935446,0.013486818466623989,0.014049735337680669,0.1269250148727263,0.040395790304698705,0.09870653518366394,0.16552777161211332
0.011504441300520203,0.07414355849311811,0.15894957946412944,0.016242910233649068,0.17076661407767912,0.10785426791309417,0.1499325642157754,0.14831035683043525,0.11781350837493289,0.04448219909666643
0.12316060123044359,0.02771111692547728,0.10811942459280625,0.0023236100894851804,0.14997619895236886,0.0009068347009647744,0.16486482523135151,0.19229695887492018,0.10966854011488429,0.12097188928729805
0.17349694382497108,0.018297412903403216,0.1802243408076996,0.044353129885529925,0.02036162411717627,0.13722721766464172,0.20348946886874514,0.023738415040875205,0.11063013529927505,0.08818131158768285
0.19795113475127923,0.021175250697384462,0.08603877600722178,0.22568896127894505,0.12365933926324812,0.05550745103900796,0.06594522213485933,0.07108365195423665,0.10697380063508682,0.04597641223873054
0.16246246758871405,0.1700505653312475,0.10860408759440349,0.036153109685251913,0.07897250044894978,0.18539478158546016,0.18459236045288252,0.023596156235100772,0.014793398363159451,0.03538057271483022
0.16663117882576056,0.10726717595927915,0.10708376362144131,0.1133668630985865,0.05979650504639007,0.13074138292797047,0.09769782708018186,0.13483085638757966,0.016233286924820848,0.06635116012798961
0.10319921380684376,0.07336935156921694,0.10713105677595763,0.12911111747203569,0.0012593235680713618,0.14590687455537746,0.11885475330701965,0.05670845799532426,0.15513490844023212,0.109324942509921
0.17765401053670898,0.06448613532095082,0.055997191445901436,0.10603700247545415,0.17830353775244945,0.12381024655096225,0.02131784529075643,0.1767833696246733,0.032539689331810936,0.06307097167033238
0.1605602678494414,0.19119173571349365,0.05410890245268859,0.12131179431860212,0.07598514787123964,0.17303435564874475,0.03168110508120067,0.03270150460546286,0.09772738654541734,0.061697799913709134
0.18301021542232235,0.09531726323696486,0.11884582295342372,0.08709286854490383,0.09892900407265484,0.10026185637888113,0.03625765444869567,0.06773350926329327,0.12479107501750976,0.08776073066135058
0.10863574715406349,0.1618451709944663,0.03387226365573702,0.11882583767331349,0.04720884493652097,0.10230509219170728,0.09129128529207785,0.18222550468230392,0.08621026152873228,0.06757999189107752
0.10179423222913955,0.17413109424980044,0.15717840109292008,0.06326948278010733,0.06061101412316233,0.029083372936363736,0.13190016764883028,0.11233269853591364,0.13988587524758472,0.029813661156177895
0.0690902736843334,0.11211258715929857,0.018802132885097415,0.031060504925255975,0.13600776749260998,0.04303675384230715,0.17326517945599684,0.11658053004462146,0.2016105337663255,0.09843373674415358
0.021578957706329425,0.05556962402048285,0.14342267287964944,0.17881598342261046,0.11174737223582248,0.1754201442497133,0.03369307365506788,0.13360045613249452,0.09388054145652888,0.05227117424130075
0.0818576446965925,0.09684075764577255,0.009763413487240271,0.15665921915706763,0.16521442518455795,0.07659688340973538,0.005698206954698963,0.14870883413345976,0.08991143838816387,0.168749176942711
0.054120247992546444,0.09747405282662905,0.16264269988251723,0.1825055290374609,0.011846323238959205,0.03113735557644763,0.031834785550607196,0.15934391124026837,0.08452685196549432,0.1845682426890696
0.08645702220128307,0.0195657743584433,0.10644630989446066,0.13999894234002982,0.10607562220221486,0.15655000056329446,0.17084018238223617,0.008588624669794636,0.1668326507306124,0.03864487065763032
0.13150733856750307,0.08860472156941689,0.12590839382319088,0.1222961635809292,0.07599338534232698,0.07310306534825121,0.10337527454715272,0.06901745615172974,0.07204131538131925,0.13815288568818004
0.12741041883364826,0.17670987186109555,0.023754262188993982,0.03193148179120471,0.018282219890647832,0.09954532411101379,0.056654288490890665,0.15389802571668562,0.1496636842477353,0.1621504228680843
0.0539391853253716,0.123974203376767,0.17646114622503095,0.10520879823174244,0.0432115194776776,0.09357126293294576,0.045925798909543625,0.027970729562179126,0.18616679240399525,0.1435705635547465
0.10634418098640876,0.11678372064572613,0.01682910274754972,0.1282252493950111,0.014977234696197307,0.17236134044671544,0.05384840568251113,0.1604830421393755,0.09329435918607407,0.13685336407443105
0.15696129942685863,0.015956167273903067,0.07755271350743626,0.01057516661643688,0.08483070139839115,0.051232342613513254,0.10170756607279866,0.19294840520722525,0.1396500668783899,0.1685855710050469
0.19647340818504497,0.021469721472228784,0.03905787053811353,0.19990532883473008,0.08704360768847047,0.014387663580268504,0.10089738737016414,0.052783795967792056,0.1836354010297656,0.10434581533342184
0.13811391179259472,0.12018853027444103,0.10489299393466407,0.13264959061015733,0.14322780060248028,0.027777313400752915,0.06052975388594783,0.1136693763644845,0.021143599847513284,0.13780712928696404
0.12481730188980332,0.035639038446014085,0.10305702585704966,0.06938005380657973,0.05619287551949875,0.055227180720000095,0.1673962317689803,0.10264567209502969,0.16212280868388854,0.12352181121315597
0.07274515085722671,0.13339748324789705,0.12621850478972516,0.05779638437804262,0.04913993491279063,0.14684521933941683,0.1428363664354413,0.030073519004751956,0.10976160891382393,0.13118582812088392
0.06163990619406533,0.11951104607479958,0.2338821318166206,0.038877163300220924,0.16233073174230744,0.006408673876047991,0.21035351425289955,0.11635262534138952,0.03493719496279373,0.015707012438855437
0.14429278303504572,0.11509065387234936,0.13126951712784457,0.026507427633231072,0.029972811416990167,0.11890027163251254,0.13475795220309245,0.10734832163757602,0.10080566867626481,0.09105459276509328
0.12138850946534704,0.1826537058884371,0.1671196466598785,0.11648658632508797,0.04952392320517784,0.07644324422236747,0.06143867676289174,0.10295708269656538,0.026295242258674148,0.09569338251557273
0.13520469101751437,0.14499471379709908,0.15330519893828706,0.059561074519383105,0.09072316514071672,0.1320573372380916,0.10566218220361762,0.093183306407129,0.029227730339947754,0.05608060039821359
0.0928272054788697,0.11425052085222585,0.14895276586410497,0.08302782719780387,0.059137407277895064,0.02867274566593754,0.13101993045196644,0.13917263584164039,0.14905110125815385,0.053887860111402446
0.06813722606460516,0.12575875207466417,0.09163693313331527,0.15975368348268912,0.14298154136074592,0.005443569056620012,0.1508833300715031,0.11755566733820795,0.010318607791607077,0.1275306896260423
0.1044659310030142,0.08232289192464767,0.13326981252398915,0.1437022322343519,0.03672681116830148,0.10896711985460655,0.0341462494281038,0.1312176887745296,0.12388143062149497,0.1012998324669606
0.06742686725703402,0.08907766315757991,0.09067343108850619,0.14866987428747766,0.08576565802203873,0.11574372246375039,0.144383770244566,0.10337121795458046,0.015587174481620503,0.1393006210428461
0.08357000121969596,0.13699597957252974,0.15126274762621517,0.10654515916356656,0.03778165696081972,0.1028058811789551,0.09243380594927576,0.13602425823795172,0.13506038899923373,0.017520121091756484
0.14853188393518307,0.047397447282502544,0.0025508773590217763,0.14451861807027547,0.15142975382373358,0.0641339365497601,0.11564125757563068,0.15115379143151011,0.16130550487339135,0.013336929098991295
0.28807634842829355,0.0802799243009965,0.0681075519377148,0.04150296891335736,0.03429535564922544,0.10705849019598875,0.010310497384875042,0.10347009382129077,0.11790296064387835,0.14899580872437931
0.16123488452540466,0.15796072437106415,0.04549527594324002,0.017874256967591484,0.0528295133908554,0.15183095997612825,0.10586303376285262,0.10978625220846419,0.0809465493589039,0.11617854949549543
0.11912436978931364,0.16152492285848374,0.13772270844191614,0.08208861700213861,0.14115254312748096,0.035134695932982955,0.03279031164664684,0.11259163966351987,0.04052821094589081,0.13734198059162653
0.1573045810315999,0.017457420634901983,0.036314083166925366,0.07782502381988321,0.0444526674898,0.032602373379459273,0.15026390421336447,0.1742170174706095,0.11313953852424041,0.19642339026921599
0.08779259867613488,0.09640478313724239,0.0178042895699754,0.13142916485109088,0.023551999268310978,0.08105033260432445,0.1651736022510987,0.12509536241960725,0.09209111562061983,0.17960675160159528
0.024986748745515434,0.05553940905746754,0.1764256611552577,0.06341357588711373,0.08027679518374263,0.18079614847486536,0.11212021774878397,0.09362341388261018,0.10275914056706667,0.11005888929757691
0.05128817460058069,0.021041142428389364,0.18441233732644918,0.18226329641814243,0.08386326023368677,0.06843600993300446,0.13628369019582307,0.05770297283268895,0.15447717413445494,0.06023194189678022
0.22879886526719093,0.10349141989195224,0.213419798355462,0.03882402970186031,0.0805778224500241,0.0881467221306144,0.09269922672622968,0.0028886677414027705,0.13485560778478048,0.016297839950482954
0.10437593069203097,0.08062837410610711,0.07324896383288312,0.12938255575981608,0.1033632313961682,0.042938709713912344,0.1251907347740151,0.17500185804293883,0.14805880797144055,0.017810833710687837
0.0066910114538185315,0.11317338884688176,0.12876798958567395,0.06483010680074275,0.12128205899447526,0.09626760536988033,0.09357831760232393,0.10755611437217569,0.11216453184296149,0.1556888751310664
0.07344535658036329,0.11339683196703115,0.21878497487867768,0.193839981475553,0.039250331376809146,0.03609951249729365,0.042288462766971985,0.019772998172486095,0.042642733704926765,0.2204788165798871
0.18287245993467843,0.08755724011653312,0.175291504515615,0.061194616847757975,0.09882653124691257,0.15265249105469675,0.027474366321525983,0.04666987345821163,0.12570421526311423,0.04175670124095437
0.13904545561109374,0.16531264830610268,0.10500528936267362,0.05385090996554014,0.018807132194962863,0.18510391038775992,0.07039341527752535,0.0005056236285255557,0.06752924890527277,0.1944463663605434
0.027980193680520325,0.0982262594275932,0.08702450216280823,0.056349674857656754,0.08257493150214315,0.11964658640337063,0.16309397069543588,0.07647165567074084,0.12696324128704184,0.161668984312689
0.13735343828868612,0.16146040259168987,0.10931725733847077,0.14473177571145365,0.04067527825375717,0.027124776893674023,0.10037754114693458,0.18035555901484815,0.03387505920923499,0.06472891155125049
0.153342316649669,0.12334727448701027,0.03587978769416678,0.05649899324047083,0.1074733044479219,0.06253088564334701,0.11977761011406307,0.13775631655098147,0.14636263770593758,0.05703087346643216
0.05977805126662497,0.19372652682175626,0.012695597989052204,0.09656110159041027,0.07358418046158954,0.1678402441034537,0.08647328167207843,0.21255871502803195,0.021775110784692076,0.0750071902823105
0.1262331276685608,0.06221195536398825,0.010689808996660206,0.07131303160641697,0.10279253494008327,0.14067689023020474,0.15185116543748214,0.12141516814685227,0.07056558443819519,0.14225073317155626
0.0348059202858778,0.053166822340142576,0.02275097066552706,0.05955464219626495,0.1611038741744836,0.053092445483952484,0.18460481721205219,0.17120049203579357,0.18130153785436645,0.07841847775153946
0.008110718482161649,0.1642994992280516,0.12403088830797902,0.11410189062503469,0.11589058640802163,0.13800424967664088,0.17804301643820122,0.031451766728168976,0.017445474513127102,0.1086219095926133
0.06386536304204433,0.14605091955388028,0.005051712870432654,0.09494100808276566,0.046196062688734094,0.10115165511394791,0.1468551258749553,0.07775155335898379,0.1510598326684476,0.16707676674580843
0.11494099742085104,0.1273137570006327,0.03640371046468431,0.09621936922357803,0.10893809891416024,0.050811066473154955,0.14535346258661813,0.04692080199279684,0.10619049379189878,0.16690824213162495
0.10718847214429858,0.09694354667979303,0.18026413547479261,0.005184519822393678,0.14283769883633513,0.04464506822755045,0.12009984682327972,0.1668250864777047,0.11941885054119242,0.016592774972659673
0.20895285627825838,0.15776122896274342,0.058133024326409606,0.058824440175397154,0.18780959581631268,0.10878389841041976,0.03234441768714186,0.002012174543708912,0.1724199022296701,0.012958461569937985
0.19719667729770524,0.01185182882711037,0.09308380459279132,0.10379332748475252,0.1031272631408992,0.10219226493141866,0.05878283387567749,0.05383372000991003,0.09437092033958533,0.18176735950014994
0.04063879962215045,0.034688136489822226,0.03469124681549567,0.09465951843217867,0.11265391888400869,0.1861763855414141,0.20776266522787784,0.13950577772320072,0.04887204893264189,0.10035150233120976
0.06750738145196775,0.12913136392167576,0.13689156354408852,0.06353095976184926,0.03866122830407849,0.16153885753975702,0.060357135947362604,0.11857377920327745,0.15452879679314405,0.06927893353279921
0.13836069970770726,0.05046253758602494,0.14001056729595063,0.14041710271525276,0.08822247963390538,0.013584122714072578,0.15286572181926483,0.1468953393096287,0.005907602937568773,0.12327382628062403
0.1277296688293083,0.23375131928484372,0.10521110746230693,0.11421305323681213,0.1895174726417506,0.03642919412281294,0.05963430756324057,0.07628968350563178,0.03522747795324613,0.021996715400047002
0.06550197909090716,0.20407025818711108,0.020622125681926062,0.04083746734382621,0.19237693013857163,0.15357141213027395,0.1250987934779462,0.14647324705211953,0.046803191121792966,0.004644595775525384
0.09647229138286727,0.16183986056647384,0.13459897328809192,0.08148531520575424,0.04755025316650298,0.0650115013601387,0.07265735275284015,0.05297061350657236,0.1458751006155188,0.14153873815523965
0.07450335098756572,0.029105342934329682,0.09353409653034328,0.000378737301453272,0.12867783976218866,0.15102281509972423,0.06726910248402468,0.12529141208429997,0.14589909030095402,0.18431821251511646
0.044155523387331135,0.05071380973303491,0.04281027410998514,0.056057919448856616,0.17648710527468242,0.15910888158868255,0.13862628568211896,0.15079791772051512,0.00044318322297594423,0.1807990998318172
0.15429369208563046,0.17812694410905255,0.06529904811392753,0.08050747973802387,0.16061742575410312,0.027520946217827205,0.004289309808613202,0.14160645306170327,0.10848212910009818,0.07925657201102057
0.059003697894577455,0.1652526198896438,0.13888246656747086,0.05522759210400053,0.1217164219056074,0.10318627675820397,0.0278006732142637,0.13052403342638227,0.03498371154512153,0.16342250669472858
0.1038856880826377,0.2344991892649061,0.032604821544514336,0.07441618705884566,0.055027355709330435,0.11254703222918348,0.030477091086848672,0.06529516418082769,0.20637382345132604,0.08487364739158007
0.09834738082850343,0.06480693091734684,0.13219034317742942,0.09831129779519547,0.18331601833139138,0.06981942996554448,0.06108500781785912,0.155358009882596,0.09102067252137075,0.04574490876276295
0.057537923368014735,0.0927063379069422,0.05206031165549042,0.05642368044033204,0.15579769221875348,0.052163361078993636,0.1591101276765744,0.05047641410377739,0.16916275926206512,0.15456139228905658
0.005109595124292925,0.14110187976212685,0.09971082749533723,0.09177081609188487,0.12682703653569863,0.10950446184927963,0.17444330635733934,0.006138537640833803,0.07316317897129211,0.17223036017191445
0.07271865338154358,0.04942312602698059,0.12285661016039068,0.20075046589840095,0.03938321989510644,0.1916247160989778,0.07983022454947009,0.07316051732471233,0.10752398336250682,0.06272848330191093
0.06479895387388274,0.15603326726217429,0.15839842831545783,0.03602258833908118,0.2015558016170301,0.08787301152767935,0.10361921901351916,0.0026115599503337733,0.1335262368563222,0.05556093324451942
0.17934541218856934,0.15864995632570467,0.03360943957214557,0.03876651973851667,0.15652238492625647,0.20815270452326406,0.011617551189962298,0.031497192213081115,0.14164262571874817,0.040196213603751585
0.02879154134480882,0.14201902878498276,0.07391016713997044,0.21119414151461396,0.022736127042887844,0.12843592911212187,0.18190283502663096,0.02163867995006377,0.17105344844088066,0.018318101643038934
0.039886048238436306,0.15051573787416994,0.040351691243281015,0.05037309146692901,0.24844627085326387,0.19548616814276573,0.07183616793805375,0.056440689157539255,0.11625534915571992,0.030408785929841274
0.15565193507627992,0.11525504683687031,0.10518268512295179,0.15445223782400969,0.06930322416368707,0.00661646662837364,0.027044382924189057,0.16268067077607742,0.11377408327564022,0.0900392673719208
0.010291370193533949,0.1695432722416998,0.09091648839243774,0.1296859403232999,0.035966778879584944,0.02194325957154297,0.22373351154680232,0.023023188177257896,0.20150067454702186,0.09339551612681866
0.1974329603989138,0.045498219982110004,0.15645381393837784,0.041433735952217284,0.04030415388666874,0.10709500468053236,0.05331755802907856,0.17255106669023004,0.08459473487300835,0.10131875156886314
0.027762521408015106,0.08183617982496526,0.13280970935065753,0.06341285418621735,0.11117127633547176,0.12970331818464736,0.13342212707942186,0.09778607800524489,0.13465402170823154,0.08744191391712736
0.14023635846567006,0.13229838703069774,0.13138849601032138,0.10937105067013647,0.09857428332963886,0.03291552963734718,0.13246314052240996,0.12024062087362446,0.07356774579294764,0.028944387667206316
0.12483808719568962,0.11013583527812346,0.036481974192079214,0.12188060887047623,0.10783576030666166,0.06731579914297305,0.034771476895731575,0.07283265352370055,0.1700050794321408,0.15390272516242398
0.1024173758869209,0.027522020045930125,0.042278103870565874,0.11785322356044947,0.13753222449342892,0.028748228292927676,0.03502862119636903,0.19700341592214654,0.21042878254362027,0.10118800418764115
0.052346701330251745,0.004011499325729882,0.2106770501425108,0.19168052226241442,0.1310502009600891,0.03058117681171899,0.19824064391497925,0.0061967132492489994,0.053683563830780816,0.12153192817227593
0.09767172267970874,0.178492086379111,0.08507224322027228,0.04283283905943072,0.1534810922545255,0.022624403178013206,0.05751293311614716,0.164275385034916,0.09961119271203633,0.09842610236583905
0.12806625989257528,0.1676322571887492,0.0482390260887822,0.0405757479549566,0.15096297276869988,0.09526790645462398,0.11789508403054073,0.1224422749819623,0.0908167578501915,0.03810171278891823
0.05090360456762408,0.16173064029369252,0.15055295965949408,0.08174633526121601,0.03932715881187669,0.026138196425545678,0.11066872791125425,0.10806172370461825,0.13652171666321172,0.1343489367014665
0.1309705244530681,0.10607602813683495,0.007945926166781704,0.13826684986501597,0.1030856966745111,0.16209490168149002,0.04246297301167988,0.08594765029176836,0.111538906643085,0.11161054307576496
0.152615020694908,0.11016196170145862,0.048121351531984206,0.07515612178625126,0.180288839237465,0.18470382688578582,0.12323755736676197,0.05162309516801202,0.022975533369510307,0.05111669225786291
0.13470943770876898,0.058903177012058994,0.12596032600522344,0.014258148547318073,0.12827256456237326,0.1494316909642324,0.017886200518335803,0.06350259194580592,0.07926863701947225,0.22780722571641093
0.019286395720192515,0.04393975693779949,0.12416851950193296,0.04724438836407118,0.022198281211104762,0.07353472458929634,0.11106270674124379,0.2569755934364183,0.0858059249335124,0.21578370856442816
0.15582045544083936,0.011554107579305996,0.08282856844365981,0.00818129086906503,0.12764598732159504,0.23183018088605933,0.08065788556702741,0.050317498940225656,0.09017150677046756,0.16099251818175472
0.14878270551119832,0.06417167110600094,0.1121801940656212,0.10937500254763122,0.17003675438236662,0.13292491067059237,0.033773279375395,0.078358707458223,0.05273390197227756,0.09766287291069371
0.14415504589748931,0.03610781527690928,0.05779724742762838,0.09189630498509006,0.1279003663259357,0.12251132285014388,0.08597609558585195,0.12430525099768289,0.06269539779817447,0.14665515285509406
0.01519876900045308,0.035785127121165855,0.011175055646195276,0.20427309446217903,0.23193785618071877,0.12231507133605818,0.07778909205096889,0.25513422228040267,0.03431501895279505,0.01207669296906318
0.13115552608995873,0.04317430988184997,0.03587889010187274,0.08297071932413706,0.053813887161467636,0.16971901835951111,0.1657186056276278,0.07371694891375813,0.10994274256562309,0.13390935197419382
0.12414045202397488,0.05186108564883916,0.12165613777359008,0.02405612839046728,0.12434747590698603,0.21188607425764877,0.047075928535949135,0.19107815620198243,0.057166250760926136,0.04673231049963604
0.025461560560702756,0.008605343796499465,0.21757680535879398,0.008208019698431783,0.2027971345362273,0.0597493316128321,0.20111695788190878,0.07099002077741559,0.11757198744456697,0.08792283833262121
0.14555117285170846,0.15516350275288465,0.0340845170745943,0.19447419165101065,0.06782934293416495,0.13710633016591553,0.16641180373946404,0.022535666062241767,0.01807211543540264,0.05877135733261289
0.14642069635853303,0.017863848959259836,0.15269335813168264,0.019948053602623975,0.017095545577320827,0.1649769314583797,0.07577898536703695,0.04137118131197604,0.05836517957976695,0.30548621965342004
0.13300708293451577,0.09401956146046299,0.13768217866394494,0.06508373067551328,0.07524577873558738,0.10194998888026278,0.11972840965907677,0.11614452897417123,0.02079440929475858,0.13634433072170635
0.2087364223682237,0.010264512450042958,0.10637113578878138,0.02638152784915394,0.05758817123886353,0.10708763863334067,0.1986380327083748,0.11860688964698082,0.12815412115677752,0.03817154815946065
0.03518758643892893,0.001921438726005551,0.13245711534597604,0.12875447652591973,0.050633204113915906,0.011230279576569718,0.20862491032904304,0.17804910900450469,0.20896087938847452,0.04418100055066177
0.05681250465855083,0.19130865364601496,0.007878151913295127,0.18595414084311246,0.04735730006286983,0.06608467145013897,0.07338487317196027,0.1757497455773439,0.040618090736414834,0.15485186794029876
0.078723105282229,0.05600300103184867,0.04682792420914571,0.12566804898775172,0.17924482018558294,0.008440913383879173,0.1817695118147789,0.12967145502685867,0.0673053715481974,0.12634584852972788
0.149681604876831,0.2215754352134872,0.023258222193901036,0.10469072476466766,0.06660304569739178,0.1031882459011241,0.020226026615636133,0.001809599427713223,0.22751087371433182,0.08145622159491601
0.02285313771614777,0.09486513665614357,0.029590938840890448,0.10152634625423232,0.14488650078980547,0.16682977099303573,0.11328669165094482,0.0770029876670989,0.11817087327718942,0.13098761615451163
0.17855763770132038,0.1518499437856758,0.03160285785438286,0.16283318173536893,0.1353183194829493,0.10277059120482505,0.06800755617653377,0.03242916534898267,0.0899475108663024,0.04668323584365875
0.1376122204337116,0.1450554562145947,0.07859154701049012,0.16180693456357573,0.12181197727472964,0.05440128509934117,0.134836410434213,0.03438768699671218,0.07258556095958517,0.058910921013046555
0.14085612335125375,0.0857739384806795,0.10494110694825469,0.06973795485182323,0.07140373324985566,0.11431505752616455,0.13215454171623633,0.11106517527161201,0.0821877975110887,0.08756457109303155
0.14112962132264184,0.04853877536048054,0.11721112212469749,0.017896868392071625,0.13002876075336184,0.1293888511616304,0.05779219529850549,0.1470125374920441,0.07652642352462942,0.13447484456993733
0.11213848866625552,0.015779476079793932,0.22342088044726233,0.07138797381443969,0.1842359289394707,0.05108654097718968,0.079304012018111,0.020574814024308153,0.0939530208415655,0.14811886419160342
0.11317741983030916,0.021314057166200925,0.18937996339446495,0.0887020388574979,0.10206682705317319,0.19134788530482638,0.15777489542663278,0.03215734824638669,0.085351408244995,0.01872815647551291
0.17084740388427236,0.041563558791900115,0.031640202303922976,0.1482272895829872,0.14709686920177387,0.10944204287522988,0.0707472930799667,0.09472708845236483,0.08700589392825746,0.09870235789932454
0.048594165810566456,0.011814029406857345,0.17845773474666635,0.18954905445602369,0.007604390887387323,0.006919887988329422,0.09344135335414608,0.20697863460062432,0.05238821032449862,0.20425253842490046
0.03183274654480399,0.1651859507868708,0.1282267353769554,0.0314669476421391,0.041692941654400545,0.04119022494521517,0.16000004451730124,0.16693298804558832,0.0664972190548227,0.16697420143190275
0.08809816068056663,0.14048240461862346,0.005207392492670331,0.05368628407375337,0.12999343098731983,0.015109046491883807,0.13351566743872093,0.17275417300252782,0.17090974809483325,0.09024369211910055
0.0013173144629559305,0.17667923869526483,0.10497586752959615,0.1610833645955392,0.057468061708404045,0.18146779371146235,0.14490115123742683,0.01383290901983764,0.0014036856726075408,0.1568706133669055
0.14304574605530201,0.00029174334057374164,0.06817326308121371,0.071631713305191,0.1848108219111744,0.1539129165734952,0.1744010688829793,0.0703836047255954,0.10592222693575361,0.027426895188721587
0.02493089627118105,0.047243106553925995,0.10276177061032075,0.10945558569659704,0.017993836664131423,0.024381688763721012,0.14196873598397725,0.21956232286961663,0.2429579798284665,0.06874407675806243
0.128974090650636,0.1531496876354748,0.1541682656866041,0.09177033551958677,0.012576692268873441,0.09038367677298112,0.16857940153640882,0.020661821539553708,0.15112046429681417,0.028615564093067154
0.1417408394674224,0.09364847519901337,0.1527048373146743,0.11218905846278927,0.009780626450277054,0.12767518369384134,0.09061469657042566,0.11785776087479857,0.04647301437360537,0.1073155075931527
0.1972618900228743,0.027095426570200726,0.02905242741316732,0.1356722123141118,0.03134987495473986,0.11258203243648814,0.12691097581457228,0.07721305328940659,0.189862386845432,0.07299972033900695
0.05023791667516356,0.1609802303260446,0.02790195431352663,0.17123908306971714,0.17010629294657076,0.008309603174934302,0.20311029533062555,0.1389768496925397,0.04849982693833914,0.02063794753253868
0.02957465260880187,0.08782263380900664,0.11772911721872666,0.09495503217240382,0.02202222309937938,0.1702202367039219,0.09864574173293388,0.06487155176669326,0.12975996571331885,0.1843988451748136
0.1676038519179297,0.15827701599018107,0.2163499209613126,0.005401393761841012,0.03660778928578977,0.05140693540286659,0.005538766135643742,0.04191092900756034,0.09476591033623827,0.22213748720063695
0.023141805217345015,0.13540758763638946,0.17730462052752183,0.12147398561968951,0.04113186544332742,0.014555184270862196,0.18331755317281562,0.03864509296652442,0.12949381191920584,0.13552849322631866
0.08363708465535745,0.0010288557209142885,0.14937097324729473,0.09724485408474033,0.08765081123655777,0.17303939827059805,0.10523124693473378,0.11830486062714571,0.01847901856699191,0.16601289665566585
0.11060056428603338,0.11193634082352125,0.045775475575299575,0.03519322234463279,0.1488586728570422,0.09506365337275673,0.1811878919557816,0.22135300524142712,0.03294806885961967,0.01708310468388565
0.08590756938428683,0.03777614793544845,0.0947758167095372,0.016180940559837133,0.15144208748137278,0.17970162122455216,0.025110217499940617,0.09776331628918528,0.18490007991187413,0.12644220300396525
0.06636834461104375,0.19385222821077955,0.11981759107376162,0.08003952841506959,0.0751340537034055,0.1433925189652511,0.17210812561747513,0.10555164088109083,0.021055477311491336,0.02268049121063155
0.01612987449392696,0.019874067648333615,0.011669724981604816,0.1139480537335661,0.14155559307991583,0.1834232179038531,0.08633372444276168,0.09478104742814521,0.17307854984751078,0.15920614644038192
0.14703354870590124,0.07682550667585263,0.037930755561656336,0.08486115678183559,0.12921934523294035,0.05011250519092934,0.12014769761981073,0.13699089555396207,0.06241376617423724,0.1544648225028745
0.12005702650803911,0.03284607220200569,0.027921168739373354,0.11330203423210652,0.12800359682862208,0.10466476911281831,0.1029730150185018,0.12132023884974417,0.21511728702122726,0.03379479148756159
0.1182077878314661,0.043397470339466615,0.09217274071733253,0.13045737753036576,0.07254025102072317,0.10505817844831608,0.06638949204305185,0.10260076855619361,0.12071598576772097,0.14845994774536336
0.03523681538151426,0.1545369291433137,0.013819484258706983,0.09886938400026773,0.10774670552348002,0.06879214651087535,0.10660110784927805,0.09278234151581846,0.1581985679008342,0.16341651791591102
0.03259499730696238,0.10627414791733945,0.12638684670394681,0.17464056734631314,0.05674066355016039,0.09944106203999495,0.010777578493104588,0.16879091089161108,0.09734085006774845,0.1270123756828188
0.09724609342034668,0.039368354536776604,0.2027495621441645,0.059606296536188076,0.12329186990356801,0.08627980493575947,0.11713229513465262,0.1527945945094743,0.0021945083065789983,0.11933662057249071
0.05242844152594016,0.1927293707496044,0.04512520623983903,0.027072479626106982,0.1896530675735837,0.06559826706591107,0.08452242082996332,0.10718954046450165,0.15193228902661937,0.08374891689793036
0.032316532271361845,0.015260247094134753,0.1772243505033292,0.1157548885381737,0.1355755773803329,0.143240675899903,0.09662617035402438,0.15267382929443585,0.0052713736021110435,0.12605635506219323
0.10498465906578439,0.05147227259176924,0.07844217331757578,0.1580307499846609,0.042008624865095504,0.028235895548720146,0.216214610923009,0.17364078990069046,0.08978067717727659,0.057189546625417934
0.08455346922195224,0.0728550648765392,0.12589385366661163,0.11288486461805221,0.08871351104923257,0.03650674431377671,0.13400795662270149,0.08533478514068676,0.1243418382413549,0.13490791224909218
0.09724652434576514,0.048833365624185374,0.11665586874065334,0.07372784004869366,0.03805185425608189,0.1264430193202251,0.09769804285387179,0.03655711817219706,0.19985338209501546,0.16493298454331107
0.1739686721949474,0.18375673977640158,0.19417426542668242,0.06965050589194846,0.014323731196470187,0.10814859672466805,0.09667515172870489,0.024103823403383365,0.03250051258416278,0.10269800107263094
0.1266322276638641,0.17450027198442167,0.12650428428508587,0.0219842528906097,0.19067574505521115,0.0868947345598438,0.05840699007256484,0.17076429033169496,0.04246450391992349,0.001172699236780389
0.19128499914514238,0.09224569960432752,0.015626670008527143,0.17713001549773189,0.08206962698001184,0.06708648499569402,0.17681033976182958,0.07716630919979645,0.11424742920844884,0.006332425598490147
0.14371587482924691,0.08548490577364083,0.0009429228682235344,0.008895938766050538,0.12154965168238473,0.09860013675149837,0.1457399824207628,0.17915737914263452,0.1414754317068996,0.07443777605865821
0.04569562622495934,0.022849014225783268,0.15938989283426686,0.07549676094925716,0.22610698993485454,0.21759148773335732,0.0843507120624987,0.007265042289998366,0.07612822066130474,0.08512625308371977
0.02960335780391373,0.17405594279071096,0.0823186771411488,0.1240582121830134,0.11378623845632015,0.050716652908204686,0.09487785076947822,0.08004166083263478,0.10673337667275296,0.14380803044182233
0.0424405440702775,0.1378635401108052,0.18713942118568025,0.05240230179848662,0.1287584427079485,0.12384878906356397,0.012255380408098926,0.1943913526820073,0.0473693922757039,0.0735308356974277
0.07707618151815135,0.061132313969835844,0.04359543736470518,0.11522720113347135,0.14557076578507738,0.06357880871089668,0.21581824232508756,0.1457924254955552,0.004878171682469017,0.12733045201475054
0.008851351032661494,0.1774435792894781,0.11595289693885312,0.15667251256675718,0.01667642000667333,0.08384840974962192,0.05082728212779954,0.16571900078162,0.059031274469160136,0.16497727303737514
0.16404422221321946,0.21824192364799422,0.01083188273228024,0.0697994839505424,0.19392261314291628,0.00900732320512511,0.0030293131665728866,0.1023827986854337,0.06844329262745473,0.1602971466284609
0.18274941079889287,0.045329458297224116,0.07851980508819081,0.10133400548583063,0.1505146635093347,0.05231419490391115,0.14018092733958173,0.1752766062885673,0.03267617618506822,0.04110475210339846
0.1153164657475357,0.1453612549924833,0.08800007389893912,0.1595302627885852,0.11798474870936528,0.0019176297663713933,0.07461764034430193,0.10411357466947467,0.12012402648357226,0.07303432259937108
0.1344443662633384,0.11219311484086078,0.11463867511965413,0.0912832228425131,0.0865301771282166,0.08488545124531079,0.08690817509633322,0.06941662966001602,0.11578981312822094,0.10391037467553613
