i = 0,i = 1,i = 2,i = 3,i = 4,i = 5,i = 6,i = 7,i = 8,i = 9
0.05414367704564688,0.22543505682873044,0.1967642971730604,0.034597846884089914,0.10860912184718191,0.0415693009832577,0.04241378576251212,0.09210714005556672,0.005090097351754397,0.19926967606819937
0.0650472870889741,0.09949626935081654,0.034878083703556786,0.07918611842267208,0.13096622672316882,0.07560093721881986,0.12905248994003443,0.11202078460246828,0.14621803830458566,0.12753376464490346
0.12878372233438132,0.02743159782277859,0.0006209539986208449,0.02274867878858292,0.058075562044620624,0.026790014103295227,0.22376793094205885,0.22916962742698327,0.17650185122897127,0.10611006130970708
0.18890551946929277,0.019060485173551855,0.16297830991713508,0.037619360909180305,0.17102268780136112,0.1357138702334991,0.1401629199260629,0.03826453526676689,0.08096701746234458,0.025305293840805345
0.13802435429974413,0.09512983715157942,0.057062397995655725,0.20748393383263875,0.008856552018467922,0.029265529405498786,0.07074595795956651,0.13799392691245127,0.2059513882209908,0.04948612220340692
0.09428173892394134,0.08620041424611033,0.04739670072886945,0.11203429757374266,0.09677114956486901,0.12164667159307364,0.10491816811394158,0.14928038980762096,0.15214735051297923,0.03532311893485187
0.06758981978386995,0.06487630920813828,0.17334633854805678,0.08300336411210206,0.17732962765606894,0.03694147529528266,0.002380435291005813,0.16678158574840224,0.08640193700436069,0.14134910735271253
0.08217857409396873,0.08915483813098193,0.15206111513628978,0.10181474629021468,0.10773422340827622,0.1315274674050914,0.10816864921154758,0.07603068333007892,0.06152633729903213,0.08980336569451865
0.17175541245357862,0.1341815997035338,0.004914786385934574,0.05158498430096872,0.14107608924728196,0.07634571813997446,0.08393043826769953,0.18908907954747015,0.09420667572094886,0.052915216232609155
0.06800485608940844,0.014323390525450683,0.09591094324276146,0.10634478021327218,0.13077724479073877,0.15043222273444934,0.14871670499778822,0.1375144091833685,0.11996377802514747,0.02801167019761486
0.16087626756772316,0.07437050628373165,0.18353240776335883,0.18723187453073312,0.01401148558321929,0.08371177753213478,0.027851023303275515,0.08112000992197015,0.0014314650218678056,0.18586318249198563
0.1505362715200738,0.1644939178714111,0.006088207261901717,0.008573661116492643,0.1709734240638369,0.11529011142734291,0.020531807857306555,0.05800710236320801,0.11931567822590985,0.18618981829251666
0.13443684263371472,0.07266523136384229,0.20922613016178046,0.006692075676946936,0.19079169775247148,0.07049907623631664,0.19034559328507325,0.08245953195897039,0.0002398957774326756,0.042643925153451126
0.14934522070413248,0.10120369699688271,0.07785939015018276,0.1626349318851328,0.04007616566091738,0.11996807350577117,0.1601673205646093,0.0575241260931586,0.05029771752049404,0.08092335691871876
0.08557955458693745,0.09147167251018636,0.10976458968326377,0.08708220235747213,0.041531120213859324,0.137912118108992,0.11265902830860461,0.10460325915290494,0.05684232272581979,0.17255413235195954
0.10502084954181526,0.003983484998461933,0.012989445363231199,0.011986789156867331,0.1566002349488997,0.09749280207869555,0.1132374151519952,0.19980546442036395,0.12831411504610318,0.1705693992935667
0.09134793190169724,0.04029820554474779,0.23424640597571916,0.07252608325026942,0.07310290523352415,0.06913624641480953,0.1799518893772323,0.07805797568234364,0.04218304782579032,0.1191493087938665
0.0206618198776915,0.06583239039812298,0.1030570572165673,0.11946674765743649,0.00209670246840935,0.12241378774110727,0.11206210191518179,0.024479158538252704,0.2122017986530074,0.21772843553422327
0.010539894037157382,0.10944131340704984,0.1893561780579566,0.17758169299314472,0.008318429808744168,0.21709463241272894,0.014819908538060369,0.038616076062450426,0.16554920980295498,0.06868266487975257
0.14598024290923967,0.19516994558969258,0.13541326566077708,0.14199990814014202,0.040241608952475125,0.02400675918929493,0.005206581104925755,0.18519833864006746,0.10665592916357795,0.02012742064980749
0.14079707206278058,0.15532186158964506,0.05562560629000452,0.15212926874067342,0.15590531287155235,0.0672172694006436,0.1089269459225119,0.09716653229731326,0.02900557769309609,0.03790455313177912
0.055126603281901734,0.052277129859570726,0.17413973188412057,0.11065757241401171,0.10097881483016871,0.03962343222793904,0.13990509058568562,0.026774496808553552,0.17536188655621135,0.12515524155183702
0.047884613786838136,0.034705401787283506,0.1678033887747639,0.16038197557596223,0.171725423404887,0.024746950864951104,0.13325164906653092,0.13947322443465596,0.02008559342718221,0.09994177887694503
0.11559220611099602,0.1926006452196265,0.023091611790189037,0.11967846350417448,0.20651954134822528,0.04692949533357375,0.06099008775816186,0.046361505780366734,0.05747935645447933,0.13075708670020705
0.13344107507463165,0.052635034577545474,0.08974479584760112,0.10354407860439543,0.11501581348996112,0.19465962344665327,0.05052318865186597,0.14142578481602983,0.08111093038620441,0.03789967510511155
0.09528974520257878,0.16746662087662406,0.14744331160345334,0.10524105249833474,0.13039439746080356,0.0975810384418773,0.01778915834009139,0.029831945723534696,0.04439939832690052,0.16456333152580158
0.06616696791401867,0.1869766160739451,0.14426238200630967,0.09330080552770027,0.1563501586553885,0.09989127828875953,0.08681780750716901,0.024567503646274542,0.12277931866000437,0.018887161720430378
0.07219593474833177,0.06825625280575826,0.15377324640814716,0.13206226094661427,0.06684355305524751,0.13989582073033466,0.03104862048309672,0.17763078035738608,0.013627985935436453,0.1446655445296471
0.23555429821877766,0.15761462669679463,0.005438718269888849,0.06523025557324856,0.21557420801937074,0.02301751528482083,0.12162459313188588,0.03355390150068835,0.13005990202425607,0.012331981280268554
0.01799590853413451,0.09224885231856218,0.031889115847009396,0.07823104016506459,0.05708039642102226,0.12281185730998699,0.1339250339063565,0.1295075761292081,0.13406141154487983,0.20224880782377563
0.14991289104215083,0.08145064313216745,0.010239788602595789,0.22039249380360745,0.21588210144546308,0.0748049877374747,0.07261413847249587,0.10337424771664863,0.05628929394750209,0.015039414099894137
0.07140500972126972,0.13774051873343043,0.023658563255562995,0.15164332211191792,0.09731178920553384,0.15847865429537622,0.02687843179775101,0.03830143939845778,0.1493816824931833,0.1452005889875168
0.04761721734669961,0.014346530763844881,0.03753465463656044,0.07970188054922955,0.0793810136524435,0.10990037483573177,0.18591221378925576,0.21927091812455304,0.06581811405871439,0.16051708224296712
0.08772927981660784,0.05377976743152817,0.02945995966930109,0.217369522252126,0.12112289414942279,0.198265016922771,0.08470795133903522,0.06897140038454083,0.08797779839398871,0.05061640964067827
0.19529566740127938,0.1512068151307506,0.005035731686740314,0.017057656800370753,0.17421731120214876,0.07527054120282929,0.004940387877355016,0.17367350948974006,0.09402360700875927,0.10927877220002655
0.030524535095230735,0.1175755766971393,0.03179935699213318,0.10322861266685099,0.15802241680749063,0.09666608640018455,0.10360965469003924,0.08835401866639822,0.17654771393627758,0.09367202804825563
0.12143230551741535,0.11243211129671649,0.11397151281749125,0.1124155991893771,0.09624509109938799,0.020196072280268908,0.07077343268562365,0.13917696462471066,0.08130497598668623,0.13205193450232255
0.11476178625353266,0.038397921078078184,0.16784158437056917,0.17824499766302268,0.04511189656225061,0.12492378353115213,0.00613536747327446,0.11192320604046682,0.11093645199603348,0.10172300503161977
0.013646295279818572,0.03256037752033951,0.14524617681810004,0.06494949912372004,0.10932932819062173,0.09633231418391054,0.18612442954342856,0.12360362562518788,0.07820251659340868,0.15000543712146455
0.06382765679170256,0.11718991218187913,0.05524750581300371,0.13332432852411083,0.09974568231556721,0.03707809116994954,0.13482284029201752,0.054036182799793844,0.2074059879139891,0.09732181219798668
0.2416478568832043,0.0720392626615183,0.09100548898287236,0.008656537212199477,1.35544113232882e-05,0.1794034338826158,0.23667248838650018,0.08533881131613988,0.055067844545647,0.0301547217179794
0.03340570560304439,0.11677946762622243,0.16984170939637308,0.12311798371733464,0.16378163562048315,0.09891929849711137,0.19312708945223866,0.04408347918192008,0.010897477301924169,0.04604615360334802
0.00399575015360937,0.04066193785409123,0.21236286196407295,0.11022698039357952,0.15352160063741788,0.2554473013719585,0.011732029135318942,0.06962454251500323,0.011840671436350998,0.13058632453859742
0.03564232423603584,0.1408835846805358,0.027825645375398948,0.11127477425383292,0.16045639862651442,0.12802708405146812,0.14903121150560733,0.13952561611576314,0.02863678308648027,0.07869657806836322
0.0013817006960816652,0.06325871037419235,0.00929816772500462,0.1277992437486271,0.25955337548012425,0.18932747911655826,0.08989297342383568,0.08972607631441352,0.06650978524341809,0.10325248787774445
0.04969953722716933,0.026606374148608506,0.0950040410650823,0.16049599602747006,0.14935784585660897,0.05918472683066449,0.15506764293032654,0.08307404293826706,0.07709024668341533,0.14441954629238749
0.016367041654368787,0.16622812461808212,0.09020995075358199,0.09906343622436858,0.13282406262967222,0.12875521437086151,0.06280984761086258,0.11343361147872696,0.13272832702139564,0.05758038363807945
0.11909526405742449,0.02274705893947497,0.16076088301686356,0.11022674086364918,0.151654909450617,0.16604527319456905,0.04053062446256995,0.11401374960282547,0.07878002604737784,0.03614547036462841
0.0018197150296830507,0.0819956224160537,0.1292533694589238,0.16364865043736365,0.09538851241722729,0.17157082385531758,0.12294860491770275,0.0884034327810116,0.11716546576815406,0.027805802918562553
0.0808898122767505,0.16908097844978925,0.15162658580303198,0.014624991663433833,0.005808635213488756,0.17147824379989315,0.04025986858024375,0.1668894709548704,0.05871281281825062,0.1406286004402476
0.1331069746385163,0.11815206196756725,0.1276951590206083,0.1496698225341779,0.002091405416509859,0.11894856992273822,0.05408899323251155,0.1386203039898647,0.13901827256441496,0.01860843671309091
0.02909519519736096,0.18373461174788674,0.17499129331285143,0.04179126248094306,0.09303836818559767,0.0544823898351686,0.036617866583229644,0.13304444327604695,0.1798822698836751,0.07332229949723974
0.07265972455518686,0.04199111004765428,0.0023370073617564728,0.27330869177512096,0.02737992572077854,0.023666673926302395,0.020329098873988306,0.23717699525875452,0.15128281120053982,0.149867961279918
0.27050951337303347,0.03745354750851601,0.03731826609121886,0.11933992748161235,0.05787761643727055,0.04120453655475561,0.007012567210176406,0.14815563112777927,0.1332398987853518,0.14788849543028568
0.07122745508450651,0.14463128311192122,0.13893004369244608,0.057369002786891415,0.05961603658972134,0.09133522488762005,0.08071912799928475,0.16451514394102215,0.16968068245649173,0.0219759994500948
0.06869643269787229,0.13022382698388296,0.06077550434735182,0.09088577555301468,0.06741564494376237,0.11884613891060357,0.03919988828028472,0.15173878796229806,0.13597784980780203,0.13624015051312743
0.07523669118238256,0.1465080706925001,0.0053091557163148515,0.15365237896743494,0.05188511393602029,0.15210261812474496,0.15533916297136416,0.06503682867508201,0.03485996484568521,0.16007001488847095
0.1917320829326986,0.024680232379073838,0.007862995924598869,0.07901171473799128,0.15727443311782044,0.10515054959495547,0.2025470520939023,0.05655504393749375,0.16019840467803284,0.014987490603432659
0.109826911604944,0.0638799926565686,0.0058136133412542475,0.032808503367905674,0.08109865333199158,0.14814033723355066,0.15629054046583923,0.010360870463435248,0.20155939630069028,0.1902211812338204
0.11830216362744693,0.15619213050087982,0.11752413629539163,0.0188237690184848,0.1428304655790167,0.09953035588376495,0.07872753690357874,0.025417824878414236,0.09332128587381461,0.14933033143920768
0.20410934309562348,0.09201904901267235,0.06737398639315194,0.20162702398046128,0.08894421425061494,0.11501996596536287,0.05540748114068479,0.04650666846433157,0.03690029024285562,0.09209197745424119
0.15021421893854797,0.13384290806990315,0.07378884027651106,0.045609264074551015,0.01492872628908715,0.1580143467355463,0.16292369690729802,0.08168698078960104,0.08463476553116815,0.09435625238778615
0.1850196957835608,0.11890333980915001,0.10819875502353993,0.027164503418573533,0.07868259541201106,0.02778998806024867,0.1046312179499824,0.07272578615326149,0.04428630896193722,0.23259780942773473
0.08882016442947889,0.2251847587011474,0.22923817985666747,0.03518696870630114,0.08406073280664364,0.10215663351121103,0.04612716166739694,0.005981301091784372,0.16089222021347815,0.02235187901589094
0.12916914385035558,0.04016564765643941,0.12557650086674998,0.12419624876624817,0.13638676083546852,0.017110798304093598,0.10156752584156051,0.11011428762053917,0.12445417852301698,0.09125890773552812
0.0025092804582408867,0.05605520089933112,0.1843521648336413,0.08259689020084975,0.1842079076712694,0.0435401138845748,0.10854985777169761,0.20633695201131338,0.07154886518105645,0.06030276708802533
0.0189500836213473,0.1527435674166398,0.08639632838475933,0.11153096530994752,0.09531409754580551,0.10560151911055016,0.1080695943566071,0.1404732096576295,0.02298196775335693,0.15793866684335706
0.07988729616245874,0.08600712912647311,0.1272305323837738,0.03739487652278022,0.07273111376459505,0.15798283808739172,0.13915659833202842,0.054782369322924976,0.1240212725147581,0.12080597378281582
0.040060148306408985,0.09239458503253938,0.10609261900952073,0.12202547252248704,0.09679397008725932,0.08928517016510136,0.11327573655656843,0.11520434411912653,0.10699336540392641,0.11787458879706178
0.14536442388880466,0.16712109124968114,0.06998847685920306,0.053677212734960046,0.016766352738493875,0.13634088187699034,0.05311829329488988,0.07930410968490546,0.062373830410251324,0.2159453272618202
0.017848014152639934,0.11480705484229571,0.0918143270595074,0.10003992287291898,0.022592569218404936,0.12349870758696066,0.10621723939765408,0.19419554433591535,0.15656103205428165,0.07242558847942134
0.09938662596663084,0.03275190858035037,0.19736830034250505,0.05782932620151276,0.1558623590602681,0.010567685282839726,0.17499559885769053,0.038273656119211005,0.1728693342656745,0.060095205323317025
0.05716717822406369,0.10686955439813801,0.020650026134675502,0.1616158363923786,0.061423284012030316,0.16688518031352595,0.04844496604278879,0.060639190400092816,0.16107252583052967,0.1552322582517767
0.08127145728833382,0.0896149489190527,0.15735814324380282,0.07101873084266977,0.1156874042568993,0.1387055174438431,0.14470342450359755,0.00045166732097217733,0.12061433273278006,0.08057437344804874
0.010014233148956152,0.03817024093421239,0.16052614187911354,0.07851911058754463,0.08209607316835979,0.15365040289745135,0.1925909252467105,0.18763652998181976,0.012442678628527114,0.08435366352730463
0.0831555472449729,0.07035721993614077,0.021031869365707622,0.15680803085386757,0.11825756835685249,0.06740549533758217,0.17836500853022794,0.10525993184219654,0.0859610020877703,0.11339832644468166
0.12021922572762266,0.09108275527500931,0.11836036266670534,0.10836464826226937,0.10299910193139479,0.013402049855819173,0.08142479297366519,0.13983408011985082,0.11980713434292925,0.10450584884473423
0.1655756512710287,0.10852855827895526,0.03522825118181607,0.026604645756233107,0.15904404068670247,0.13537788606958223,0.1388607368374297,0.10135130555642906,0.022815508706267376,0.10661341565555614
0.017900210330870782,0.14442082331595946,0.17260898014228865,0.07532689143930459,0.05099165516944782,0.16657505626207364,0.15199350205460274,0.06612260357979972,0.15244589675717218,0.0016143809484806058
0.006310020040110476,0.08602058575981572,0.2629967093791305,0.0788626426581888,0.25259345358970875,0.018496144546340132,0.010918756161129412,0.08450700813758734,0.05018758815367205,0.14910709157431698
0.15920326917200706,0.11362384445921286,0.1053705813550131,0.041043421757396024,0.08901483878991322,0.15491197369759563,0.05392000866269821,0.08790248932054827,0.08666785115156207,0.10834172163405345
0.005397052080368783,0.13526890545560055,0.19225685718586746,0.10547571835276277,0.07754757035066788,0.1311195489712246,0.02296713806584058,0.03369638936597502,0.13538848095590403,0.16088233921578834
0.13080197471000402,0.09809853683554311,0.09368472652764177,0.16398642449860526,0.07464105833403945,0.12020329325420029,0.12261808769791473,0.003515606528162913,0.10766861573102685,0.08478167588286163
0.15754502971847117,0.09025958811711317,0.010479732507908854,0.13553501716466695,0.09346665526336165,0.06692927549149157,0.11762928471226058,0.08582520827641232,0.1418215713158576,0.10050863743245608
0.11967351350336479,0.1298268711124755,0.09695421566960942,0.10511250611978026,0.09852889694600446,0.03711257725584284,0.05343737578891297,0.13711175272260342,0.09852710278294698,0.12371518809845944
0.03869433135415484,0.170036730602472,0.14178874579633838,0.13521820957701933,0.03838322090319896,0.10095370193206643,0.13692533824700492,0.05487680930300293,0.05191365226477263,0.13120926001996952
0.13094969280578966,0.1443664469025111,0.05914249926975388,0.051475132290729066,0.09663230181437238,0.033160690975389435,0.14067867385628988,0.01906895001399552,0.1775064620555037,0.14701915001566546
0.1431859764350819,0.026378337637422956,0.11013999866158297,0.07632990374242336,0.050005721833870066,0.13363149332713062,0.0527135353112608,0.12668235833691904,0.14268925561511928,0.13824341909918905
0.09271078387895187,0.0018550503997340402,0.14867591572585329,0.13377704252985728,0.06081077261006327,0.0669909834026417,0.06413954907530495,0.14074574296721504,0.16878548385865905,0.12150867555171943
0.02702647441088611,0.18235445150693785,0.07418022600458876,0.18790192583925386,0.1338167843605473,0.04374182536036773,0.163964950308765,0.12933641409963648,0.03310048375050745,0.02457646435850941
0.02350205173898332,0.02264852677844833,0.1612094611194786,0.14406658802956054,0.025944808544411863,0.14455578130466043,0.14118139611334418,0.12113064225589883,0.0793735912125289,0.13638715290268505
0.054213543138237036,0.05350744982972103,0.12325203987225256,0.10162072757173841,0.11506467179479535,0.11263422739532877,0.1733738919936285,0.15454373085368728,0.07078813298005605,0.04100158457055504
0.14034067842327191,0.12916293363772682,0.12499952689708796,0.1475934942766447,0.007454158872341963,0.11330763145282638,0.0766436145172767,0.0844172770761959,0.12273128450088054,0.05334940034574702
0.077785297481025,0.1138866421867925,0.10780835923482972,0.15272471348708327,0.1516276711798431,0.14961029307343732,0.016627855242089328,0.072009313686744,0.01219574914287069,0.145724105285285
0.2194364047087283,0.06852670855631166,0.24259094040696347,0.14179923057178104,0.020647893197427675,0.009147344484241662,0.05189543762313614,0.1550897636742623,0.06747992968286926,0.023386347094278365
0.04853876006174655,0.0637734691123592,0.1356953820760988,0.1082724305922304,0.10103794863662292,0.14321231504439738,0.10955451451656474,0.04031188852866498,0.14055011538350248,0.1090531760478125
0.04365624391954136,0.14079997129854546,0.14617939112837056,0.17219297732808334,0.10929716217220536,0.1319081286552477,0.04310594480650146,0.002661873832467508,0.09683658020425974,0.11336172665477749
0.021561779778115645,0.18339521036251052,0.18718206000865897,0.08119035737637156,0.12002849662237945,0.1574396321829065,0.018220162788212608,0.03325801084465644,0.041063039456812785,0.15666125057937558
0.07302445937060956,0.04885210628471153,0.12015795224268495,0.12465914108339023,0.14246716971076434,0.025540242220554087,0.2087527911220291,0.015179167125379131,0.1903797585897109,0.05098721225016613
0.1032852164114429,0.011906738126922424,0.1740411654285315,0.08018488827263644,0.10297495826548765,0.026233755522122686,0.197637785325,0.08879836546108011,0.01428858820515077,0.20064853898162555
0.09798397161807317,0.09457600566908748,0.141296721739023,0.05983796433402562,0.1478145755787794,0.11605193078147451,0.12255261376581573,0.1324252635331425,0.006981389531496681,0.08047956344908193
0.03378475864970343,0.10044655139972641,0.11225566490336,0.071319574350819,0.058024615245879665,0.08929104998090273,0.15474173132589403,0.1832902961887213,0.051812541025938665,0.14503321692905488
0.08320781212903487,0.1167494766817087,0.08241318423276615,0.12583179947813408,0.12793163469314708,0.01890221865096719,0.06590748128566912,0.19541093045234884,0.1542395402434303,0.029405922152793553
0.11945771169148567,0.15236547407162024,0.09163818794211301,0.020053346288400012,0.13451828197851143,0.015634075330185432,0.18992771526409397,0.02160904851613279,0.06323444595634217,0.1915617129611153
0.127859944467584,0.032871078664694096,0.059656421502912386,0.042453824754252405,0.19113249036819677,0.02007274348758333,0.1947235472103993,0.02173741377170129,0.133776349915403,0.17571618585727336
0.1429484581925343,0.06779406372212528,0.07661740527076738,0.12460908976279737,0.1052458938054521,0.1754095456116779,0.08839311360933085,0.008471441264684713,0.13135679185985222,0.07915419690077806
0.12929344746169485,0.036461786467684006,0.16938479865746256,0.16365122878473748,0.011174794484212023,0.10097349776093979,0.12535733832063015,0.11436503474707127,0.11325492742767007,0.036083145887897856
0.0708396074962444,0.11555334667249713,0.16319399579328472,0.1162936916888341,0.10085606442206642,0.10043848365039015,0.0927746606008053,0.08308828937845644,0.06814386465035627,0.08881799564706513
0.0632886306871711,0.11303394099859722,0.028790833717721096,0.10550859828505148,0.12849409071418272,0.0010152898094206416,0.10050285342253211,0.14166579644434973,0.1880625009885285,0.12963746493244538
0.09004090631897303,0.021719513717562113,0.053811787635083826,0.17288066569017865,0.18683365718172706,0.020392586318995005,0.16444606495483305,0.15606373010970734,0.006191096210602265,0.12761999186233763
0.13247267349945877,0.08858947647320492,0.04371586916300955,0.14059553905520444,0.04964946482017341,0.11491761449298793,0.13716057810945742,0.1438166497533072,0.08299675672001479,0.06608537791318156
0.14647475971401785,0.09210291851890487,0.1282449110745094,0.041267328611820385,0.15103484283366062,0.012025409413200905,0.1504209375995366,0.15573204735673646,0.014146932978568769,0.108549911899044
0.1217997390156439,0.11915138091950188,0.05192855433557927,0.0083608335848769,0.035591444318518344,0.13847699545653747,0.10223370924190045,0.11038950790516681,0.1363808390739757,0.1756869961482991
0.08414293801867376,0.1920910111195173,0.03615376244393779,0.00722981206601623,0.04595327499525944,0.020612607904330848,0.1294336588384989,0.11637916114376454,0.16637796157844845,0.20162581189155274
0.12439741947847695,0.05256790781539742,0.12534447504495808,0.006000778286752645,0.1495529328771217,0.0029594848176664377,0.22433312436764272,0.07114071840043937,0.04090281150376743,0.20280034740777714
0.00469631464784519,0.055901317394705725,0.012163915245243687,0.09187746616436798,0.2026684786520791,0.18703198528869297,0.20593213693763363,0.018775874122069727,0.16599417969950472,0.054958331847857256
0.09796168218547797,0.07052329936671692,0.034156406705372365,0.09883800335040417,0.08534234462817286,0.0275651801724632,0.12290052385457366,0.1686767560460657,0.13235125068086423,0.16168455300988896
0.1289212053111353,0.1461023351152785,0.13927144831314028,0.1391149195962579,0.08292758518678896,0.011845869836569742,0.09246935207530885,0.09467839136101518,0.06204793735415966,0.10262095585034563
0.09707975079597758,0.11381175749424945,0.09241195342705624,0.08689725440846148,0.11645103569036859,0.027389752965766748,0.10669931583365928,0.12191233411418553,0.13605227272992937,0.10129457254034577
0.07684492229842542,0.08780099125624935,0.12208155953294289,0.15906973326989018,0.003641323779496304,0.04877705850862752,0.12164288218693414,0.16767137017169345,0.0822213979566032,0.1302487610391375
0.1477371083411605,0.13135470111761877,0.06985510741360826,0.15709619180103995,0.14345640616533845,0.13380588128558885,0.012091063279597164,0.03791013339141796,0.10501420653142036,0.06167920067320969
0.07880243301439166,0.11537188012728186,0.05669455726590891,0.12920383976949507,0.0381565112897599,0.10165289261860865,0.12543938491037412,0.14165266705955584,0.10596280003495767,0.10706303390966622
0.14776521377452628,0.08370151188780542,0.09658781171188473,0.015528661925495417,0.21272024427467548,0.0846133710655357,0.004804932719537334,0.09592050766901174,0.17698466429407156,0.08137308067745623
0.07607658230084945,0.16276973788764026,0.1259770511345149,0.013487106110018531,0.07224886440315938,0.21955693298127052,0.017913596733623974,0.051567395890122394,0.06407242199827372,0.19633031056052694
0.07372770733070994,0.04147235145473849,0.08550321248017734,0.1391048588991311,0.06294569349514936,0.09824567810875695,0.13549349576738748,0.1427127093905802,0.16053200561270745,0.06026228746066153
0.1638123308220999,0.1045024103601888,0.023287946719399367,0.07946872053109662,0.18818161356121352,0.10596476996467993,0.13517322813582092,0.11988433029682133,0.06874536923953146,0.010979280369148272
0.11925772255546951,0.14387246267604514,0.12252626991378367,0.0627979023553128,0.08240006051380439,0.09725625100908016,0.19086852706072818,0.029098615504337937,0.0196526322266223,0.13226955618481606
0.15316078901605842,0.02677163228113422,0.09570004500223674,0.03488006823709248,0.15346598786105708,0.1442638747689198,0.16348688988541482,0.06735178077326977,0.04917887573747922,0.11174005643733749
0.14015447089542532,0.011200023818139192,0.06244011262940688,0.16541288530170964,0.1491723773928623,0.07230167878514857,0.11967361147633768,0.15077970444960168,0.014685294679052366,0.1141798405723164
0.14292737957277443,0.06499324285760492,0.028720612071307952,0.14403146886097878,0.011433227186240938,0.03954884483529475,0.06643884795396379,0.20788691205309884,0.18153827452949925,0.11248119007923624
5.1530037360706444e-05,0.025037200425398455,0.013539770722264154,0.1897048443779959,0.17966576021410113,0.2125682766034531,0.07382889072946382,0.15750141737543707,0.03468670540348006,0.11341560411104562
0.17605158059870554,0.11280223998221088,0.14717825297114723,0.012372151400616592,0.13585851281461217,0.013164300694883736,0.07673991748846391,0.06954053569139236,0.17314809484907057,0.08314441350889708
0.014506567307998628,0.0514466245060459,0.009547762353820013,0.07440874059954519,0.2303813111625014,0.10353523392697424,0.2133739253900539,0.056775807124136275,0.20782018627572754,0.03820384135319694
0.04823859444808436,0.10361092194103325,0.14126903857992132,0.10676145644823253,0.14725750327382575,0.16464898225295227,0.030338393091933,0.085623439925718,0.1621498436532205,0.010101826385078855
0.15031164141459294,0.12503367765493814,0.03788074158630956,0.1265752682950607,0.04862657136215459,0.13275392552625714,0.10580280259027505,0.031550206430480045,0.1389153627226628,0.10254980241726896
0.24500442894752686,0.10786923852913873,0.07156177821906508,0.08500338236078282,0.03874659612404208,0.05320265100261368,0.1112440305366374,0.10373063495621745,0.03974395797265084,0.1438933013513251
0.00037874616003635955,0.2125156363369376,0.003071712190226833,0.20828455388361475,0.08262319421254401,0.09667072793870132,0.12789007064900884,0.01837695324927617,0.18808384365639777,0.06210456172325637
0.0217544561848784,0.15960708052435268,0.13392598831433025,0.002918639147166429,0.04499434492817397,0.21267666451816725,0.1043566484356871,0.05663976157703053,0.07401081618343584,0.1891156001867776
0.15788795265117972,0.16354128609345428,0.18290027510589965,0.039826048027632226,0.04801853659095096,0.052688103257886955,0.09643804140887238,0.05585671573980852,0.11595348783387113,0.08688955329044398
0.1268827776152403,0.08958798289521377,0.09726155185043293,0.06904106430987819,0.03406228079867913,0.02242799570285562,0.17351746726579556,0.18028206253245171,0.14060507115893775,0.0663317458705152
0.06250584944024613,0.022302772191952057,0.17265422493066407,0.07397964952148955,0.11451168901170011,0.05467666078290988,0.10121744667928781,0.21942774926527,0.10704991322959342,0.07167404494688699
0.08332235319869609,0.1279666353048801,0.17781105938919592,0.03604720848802755,0.22402524793005774,0.0169254296731623,0.0693965512091001,0.09334806699783424,0.011067708618464338,0.16008973919058167
0.006633848319330714,0.18626632222883951,0.05727580040806461,0.12985139839602017,0.061489321912850274,0.17279772937061394,0.06114154050333673,0.11125900485982597,0.08081635989191005,0.132468674109208
0.16541613706475797,0.13006748824548295,0.010331023603304337,0.1597047632479556,0.08368523228838297,0.10249343868385595,0.15510012324216324,0.11479778552501901,0.03907961554540065,0.03932439255367732
0.1456686086940646,0.0005060020101524518,0.010814052613403674,0.1658578226432951,0.13256296881605145,0.13351554116264297,0.12837419684753257,0.024303480725491357,0.104965542212054,0.15343178427531184
0.1283102886380303,0.1775866272345391,0.06766237128949368,0.08271895304967865,0.0478817551936884,0.0654362668535486,0.05995314331834813,0.1395027681354667,0.17783106239455646,0.05311676389265013
0.10903035977708195,0.0018201206174602686,0.023872036000556353,0.04101628708390747,0.1631879874635302,0.19465462347840246,0.12749510306251635,0.08746479838466988,0.04876161838932727,0.2026970657425478
0.09443635763687065,0.08731251069132652,0.09853691673162872,0.11106331963322971,0.10374268516082917,0.13175811186987213,0.12214280252223549,0.005628829081723526,0.13968663106154888,0.10569183561073527
0.055056484661994184,0.09623449060376446,0.15073025714163538,0.1729058941395658,0.11021217720628083,0.06011738631370978,0.14637046345665483,0.08354107313722396,0.10575188540749418,0.0190798879316765
0.08185962912211299,0.06880826610433097,0.12064201106571387,0.10490831198502032,0.06384599581375498,0.19183485886583979,0.10388658401116743,0.08164124900886162,0.17641739464351863,0.006155699379679405
0.04782114249628354,0.20543574681547222,0.16151428644702467,0.008528209934687891,0.11544484988453646,0.010144754140542448,0.1813112198298425,0.062041114036569756,0.05891489914564523,0.14884377726939538
0.10737412541735268,0.10239625285968104,0.1360833457789936,0.02956705686502017,0.003100051988319565,0.12687535596885124,0.12256762484966961,0.012025668536801846,0.08605987505044825,0.27395064268486213
0.03764344770181492,0.07826579123650515,0.02276602661719061,0.21563786588526976,0.14218475654629525,0.0623666323986752,0.16866749999856792,0.06521050509516466,0.1461764261990093,0.06108104832150728
0.02437340125495211,0.14692929513126474,0.046031709985059066,0.17512745663475818,0.04545132147971099,0.14133317594145114,0.09996126520322217,0.06202873614522999,0.19419118691272705,0.06457245131162459
0.08109608309167166,0.07416172111368322,0.13064425505393948,0.022237315735256998,0.10487800893505606,0.05632688992587642,0.02831521290844281,0.13250214795700457,0.19112579237910995,0.17871257289995887
0.1439892277105773,0.11871983010517882,0.1642905497759187,0.004879246510210736,0.01625651591501557,0.1041970645862523,0.11501629867573522,0.18098673021248324,0.04446757368323891,0.10719696282538935
0.044295419079715924,0.03864359125565579,0.05975583577010987,0.1678578745284144,0.025979121705687714,0.10452311490209129,0.14233386710426035,0.14459306639610037,0.12887887989803373,0.14313922935993037
0.0878282593323438,0.08292613150679724,0.17771806037931565,0.08215061394632524,0.11564256370375922,0.11882641982127753,0.00046993248539649226,0.13063278293421726,0.0317164374502607,0.17208879844030675
0.11275567657111475,0.19146756403521298,0.053762320939982906,0.10026955285528119,0.10696459688537284,0.1853140289178948,0.003070369552699698,0.00017341203368307078,0.09292917407601939,0.15329330413273823
0.09679683247710162,0.12250436421928029,0.04856384001486855,0.12083534845060334,0.12629762496793784,0.053199759481132494,0.08741314017201779,0.12577467128001713,0.13417353993365086,0.08444087900339002
0.03235208873334191,0.08072300361331256,0.22239750470471506,0.14898895666569198,0.1442919025229078,0.14436881947482869,0.007171341910814762,0.07932839947655113,0.04480756846510982,0.09557041443272637
0.1825070155169722,0.0005298531218180393,0.008067522348867418,0.1823462857236423,0.1283714329976101,0.07130156120037848,0.0928220902942017,0.14548692475600813,0.11163855657533793,0.07692875746516369
0.16359919597173278,0.22826447408514222,0.03577401373633569,0.005895837657368172,0.18519421928409996,0.10095759853152703,0.017892048108058355,0.13253331205418584,0.004121314984036047,0.12576798558751387
0.20856087116320213,0.10394456424571809,0.20164835940215858,0.0689311843012392,0.1397875343547527,0.027768278832792932,0.014181467897907328,0.0004573168263031437,0.07328732260910308,0.1614331003668228
0.180653910535122,0.1572127106117667,0.013815851848401669,0.11277339816109452,0.015565857102978494,0.04482338633349724,0.143503502652692,0.10906203120348137,0.024670508400692417,0.19791884315027367
0.16009091565832723,0.15348685130206643,0.017186971626819734,0.020862818047186038,0.15895243730525055,0.09731745818840237,0.13094505477798554,0.02991178167206353,0.16940897226927776,0.061836739152620744
0.05783367102354725,0.0608623982871574,0.03318293459982546,0.02592065733661168,0.17565200648861648,0.10701480132204487,0.042612870976079464,0.15529751440491638,0.17346762220388193,0.16815552335731918
0.10970176781084927,0.02825415665166671,0.08221662833817762,0.12202282875662789,0.11557456981635106,0.008868686572246822,0.28869546490024245,0.0006206487615567168,0.1968308387425609,0.047214409649720644
0.1689838824207028,0.15206157916393298,0.007936518708670948,0.1416201564307517,0.10149987790226274,0.071661205001008,0.09503957993993432,0.06678416912718452,0.04785695423313407,0.14655607707241786
0.1276405640202553,0.08882509267102492,0.08167047698150968,0.11893335713030369,0.05938194214942774,0.1673603156888411,0.07526217851592865,0.13724359518401702,0.11567352953985147,0.028008948118840516
0.1488973668421039,0.06754419462113437,0.1467339150012414,0.058088822552599326,0.13795647662841232,0.0871712980525928,0.08786271316725208,0.14071285294022876,0.0018512183529503636,0.12318114184148467
0.14766912665887863,0.14185940806907335,0.014112342181213428,0.027621928733942782,0.1483073519505201,0.15558676013912864,0.12822061337576546,0.12281070846219279,0.020622186828248346,0.09318957360103648
0.08752440823455693,0.19444267519015568,0.13465100761546167,0.07681424437338537,0.21719112327165968,0.005827314122676681,0.04485367217283899,0.035073854496078034,0.0727626311560409,0.13085906936714617
0.001850940202064569,0.05346907943495037,0.18050440196128778,0.033700638791843346,0.2473155964531907,0.010080527831847697,0.06146506699362314,0.0010454693762077189,0.1724275757157006,0.23814070323928405
0.12757276723933428,0.027882129079075814,0.12367439378230588,0.16391041182963292,0.1438507467898157,0.020316501216377795,0.16497685607987925,0.12703320433185436,0.046195568799285575,0.05458742085243853
0.11565699290337227,0.10627079951992142,0.04235235967518346,0.09685753406238069,0.1387264437344273,0.12456759316079336,0.12910375439337957,0.03629572241441487,0.0769625819582624,0.13320621817786474
0.017569353633454122,0.17431960287098267,0.09428577144015873,0.05336016200546302,0.0008499202165503286,0.09786713702237396,0.13141272994044806,0.13408753289802383,0.17667179377908532,0.11957599619345996
0.06656983987254474,0.1140784748328768,0.1736547461434155,0.12899855578933336,0.17405373777116373,0.03550998570390836,0.12978286255762464,0.10754522464121162,0.0072755822953735,0.06253099039254788
0.11253394673804364,0.1477355302759597,0.12542100847243942,0.11990220328194402,0.02720614003038658,0.09568904896812812,0.09706539024218527,0.05848211010447559,0.13619963303684904,0.07976498884958869
0.11144494092475737,0.05770597128264322,0.07761205745384639,0.1514946220037496,0.10653217300188181,0.06335653367245583,0.12618317283582497,0.09998466172316542,0.0901462629845372,0.11553960411713826
0.03267862311472305,0.07092921306603557,0.20130375651950808,0.05199001689331876,0.048242321535814245,0.16020884658954246,0.17941981468619675,0.15929352597884852,0.042248705447440874,0.05368517616857175
0.16336910393692322,0.038380167964382844,0.13405431048392086,0.07358367837007722,0.15807933881023678,0.0731241741182491,0.03301291432394121,0.13119020450642244,0.02434802842971579,0.1708580790561304
0.026210860548747345,0.16604400326838983,0.18113958767958052,0.07556546906153257,0.12453969786603385,0.0684558227282981,0.1396048449949264,0.005032451568283491,0.14085976606942577,0.07254749621478226
0.11631591473985803,0.09639182616294077,0.09447937672197726,0.1917595283189472,0.13455679256668596,0.05762180117958431,0.17156081640153995,0.11244607195898941,0.0032309896350792957,0.021636882314397806
0.20872515324786975,0.011864776753173533,0.16873899649874058,0.11565399040704614,0.04069432067603071,0.07412684975260403,0.12983720789886094,0.01163280769568412,0.18361696712986442,0.05510892994012571
0.07778413277680811,0.04092560334749159,0.11774973237960148,0.009402075900031314,0.11352403543732814,0.027779856191838266,0.17244526844549654,0.023743539407842837,0.24069703764063377,0.17594871847292795
0.16900795173050778,0.0029986403869608244,0.05315309336056208,0.19616564606266637,0.19914388196856128,0.013256863369900026,0.1773154202095823,0.034433276740702345,0.05899856642733997,0.09552665974321695
0.12040559371972323,0.1355670862698727,0.010221104106991319,0.17195946269578255,0.02808542656361993,0.1506633346109919,0.09249979623000394,0.18455500363402771,0.07336902021300315,0.032674171955983565
0.11296352802333977,0.167647187266409,0.0025756915754806442,0.13485104743946433,0.10964259351898531,0.08310261808424788,0.05541958973512904,0.11465565227506422,0.18269932417593487,0.03644276790594484
0.041651389940032174,0.1353077274572534,0.026283545524543813,0.15291259804252594,0.15144037496053542,0.16406162041818667,0.04261542565026448,0.0719586584923415,0.10028017956130876,0.11348847995300788
0.09262803273313873,0.0679762172437065,0.07652960651149433,0.007004641126397709,0.09657919770536215,0.16451409404336734,0.0968845163619,0.15314840871194083,0.09940722218097743,0.1453280633817151
0.07873419640991526,0.1635524577216706,0.15570523631259106,0.087773226587728,0.04588318241546253,0.151921534554305,0.11019858402533327,0.13566401652744844,0.07011254978140173,0.0004550156641440821
0.050544833226433855,5.126027382136764e-05,0.06811951487710725,0.02239766683562076,0.21797516661908845,0.12451576514837649,0.09247931928947811,0.010449926308808281,0.19618981311338227,0.21727673430788322
0.07798901415149387,0.10480529483643246,0.19871897536120042,0.08064210877629763,0.049176357929717494,0.14670254141089156,0.016678307526807424,0.2360520831097111,0.0459215938647232,0.04331372303272492
0.012218023108196804,0.10117244373926296,0.09940569723877575,0.09405456314360984,0.12589795842548449,0.09567714862792623,0.04204898024731456,0.2044136923378754,0.20030280468788306,0.024808688443670946
0.16254484544891473,0.1530066548909163,0.10597008401849282,0.16918145468007964,0.022294288850144617,0.09659068025153404,0.13761177074719508,0.09520299777683232,0.025593590161904115,0.03200363317398628
0.017957801274991483,0.07776719978235515,0.14099897021781646,0.12440184652550626,0.10310354855474395,0.09858174882598676,0.06390809343293079,0.11376697228673605,0.1689127428150473,0.09060107628388579
0.05679437809680823,0.16424465682545658,0.05971612407030161,0.10457044929830356,0.0267954774339901,0.14705993138179324,0.09326644378248436,0.13106662935702462,0.131966698718,0.08451921103583762
0.00431715788064299,0.11896827963129573,0.16234662721640425,0.0314381367696329,0.06775959049045562,0.12981051128672563,0.12126918384054113,0.17472845716473664,0.16585608627731133,0.023505969442253707
