i = 0,i = 1,i = 2,i = 3,i = 4,i = 5,i = 6,i = 7,i = 8,i = 9
0.07815222731957398,0.0139205832252313,0.044677576053393744,0.15658488944906218,0.1176538475171932,0.09621860701682484,0.11971639741219005,0.06125899254264213,0.15271024359723437,0.15910663586665413
0.12263687949220521,0.10414478953445297,0.11440390194304585,0.07504302030730568,0.10017236729550211,0.1368891993624571,0.12699343790578987,0.08276656234582039,0.12696264420326123,0.009987197610159603
0.06465730687751778,0.09435594427166877,0.1733906109691913,0.1477649202756977,0.015034613307982989,0.037947379466476014,0.11494506417256367,0.2206058205440509,0.00850203107933344,0.12279630903551748
0.13203045377825673,0.06510483692926863,0.15356550259123056,0.09592894561149876,0.0741459400937629,0.03188123102642229,0.1654716277956374,0.1747916727402323,0.016893416919853372,0.0901863725138369
0.15703845321790363,0.019424835711628348,0.1573195342647188,0.12233390235487553,0.15522353029331037,0.04267430003272792,0.10671394099943261,0.12743582215585425,0.02845313041104481,0.08338255055850391
0.0999130420922647,0.2142665048656482,0.06567662583954668,0.04779529480860733,0.0773642622809675,0.19440503809837564,0.08271904313595502,0.026220524859164117,0.04885351265748534,0.1427861513619855
0.038593643729145415,0.19039097646196199,0.1557281309848373,0.042910670030975324,0.03218516876903609,0.17945295256902255,0.02616081837758777,0.21872494512981797,0.10841064731418645,0.007442046633429302
0.10261042557549856,0.1561325724698575,0.10148971449088014,0.07475552111521981,0.16193030777580375,0.025089610865641924,0.007713312879429107,0.15038219663185273,0.1753282494061784,0.04456808878963802
0.06516754320518316,0.19691242630283154,0.02251739202299324,0.15929202494977174,0.11139678915009685,0.07842948941351914,0.16802226030976902,0.14779706274848747,0.042531045729821165,0.007933966167526642
0.11012027873300258,0.010512882682345967,0.12374165782055313,0.14861749799211055,0.03902936814602159,0.12015487166944108,0.08004121674833922,0.06714173908901923,0.15176636149681488,0.14887412562235175
0.05609627374775662,0.07715926547164373,0.12065065692995805,0.12790362699231622,0.04777043394495605,0.14136986623771872,0.15978054227581803,0.11725086054474392,0.12945350325543434,0.02256497059965427
0.00032084810062208487,0.18613455022925013,0.021345945911690895,0.13476400867167387,0.04875346435715761,0.13791677657217316,0.1767842496624524,0.10128318660503285,0.06772344486560543,0.12497352502434164
0.009857936702220082,0.07183624226905101,0.16172258743054835,0.10450241891286118,0.1628893785986167,0.09688716474624032,0.12777162164908687,0.1526810634887039,0.012537382319278123,0.09931420388339342
0.09939404205130643,0.12562763256278106,0.17799183173987976,0.029103352768099652,0.10385637063507358,0.06025982462384554,0.12932029720738425,0.010291609079752519,0.14772388633435013,0.11643115299752718
0.03716790894631516,0.15754712876657193,0.1295576924925835,0.1480684294125676,0.11443584053930764,0.06934350220235369,0.13424420623489058,0.060230122929348644,0.00616783192934441,0.14323733654671664
0.21982312863293876,0.001578898446686123,0.14065716666714287,0.020143947458493412,0.12395263738304038,0.11872722161453633,0.03354999370774317,0.07942031002566824,0.0031701777725970043,0.25897651829115376
0.007542814393606332,0.06895414780442005,0.11892457443085407,0.20015448752854875,0.06299370172322818,0.1213638619679635,0.1888442774872442,0.12400922839326606,0.0930957111514507,0.014117195119418233
0.1191588580175201,0.16937379043834805,0.013781275947018603,0.016540657654431263,0.02275577190516762,0.1496202822236217,0.1670075745711214,0.10313170478773831,0.18032171928848226,0.058308365166550725
0.11471863381985144,0.028691646288946316,0.1300903963150472,0.15509129106245031,0.10060995832587531,0.13444694712190827,0.012138095578700646,0.1680573825294684,0.007855686704125918,0.14829996225362607
0.16945055915793109,0.0721789033109902,0.10119611411719213,0.14279904545116726,0.06150238900826122,0.004470027663942878,0.04474759691508803,0.1614101623787743,0.01636721334057447,0.22587798865607844
0.16539498419895618,0.1662682266058778,0.04056651083022647,0.06785474214486316,0.0041191893069667685,0.02228517131915144,0.08357987426638601,0.14883210927707097,0.1446476844618868,0.15645150758861437
0.02728945056508863,0.052809630983952124,0.1481000730190949,0.0995385832210906,0.2600536207697974,0.20156030894492405,0.00486522435976807,0.0672525075996022,0.09108543179479152,0.047445168741890545
0.19143705637392353,0.0729800414344144,0.1481610917231762,0.014247770473361442,0.03377786780026769,0.09389477949744587,0.19306008269657368,0.05950310825481867,0.1018308597841908,0.0911073419618276
0.08324201067382107,0.13125215771266308,0.12850704020141074,0.016261783735837813,0.11078554671329427,0.20500256083521587,0.14707013655181062,0.13874029541483124,0.012924584949494233,0.02621388321162109
0.10743384999524545,0.043398890565139035,0.04530877770739251,0.023344781999246996,0.1840776834156403,0.1528556328058918,0.036930628445690374,0.1504563781990169,0.161257601472643,0.09493577539409369
0.10089177170031115,0.0981357095965565,0.16448330566318708,0.1767584617840899,0.07032884830088798,0.03783435543177315,0.08061128047705249,0.08743956792340121,0.02093246068667506,0.16258423843606548
0.10702252706241573,0.0048204185821725904,0.21626889127822302,0.0870729867444403,0.04721358800518745,0.04685813972696817,0.1104606443249877,0.02026538936040007,0.18352624165241554,0.17649117326278946
0.12484200425307984,0.059403608257049906,0.12446915732642475,0.04531042709600191,0.03265421183804237,0.00914238007421336,0.16249723180280184,0.13421788759457107,0.18981919958632634,0.11764389217148863
0.04207673797249795,0.1693795659516575,0.039514806336317966,0.038207026702548164,0.15797389720676167,0.06946713377444083,0.1662282975518106,0.18095526912918936,0.09298123902541468,0.043216026349361385
0.16846568242899895,0.13966384756459987,0.17631189307804582,0.07366839553799723,0.0990421975408542,0.046270921792060264,0.06067557761541157,0.07935775858330661,0.1304772721018143,0.026066453756911332
0.22661699587751602,0.00803614261178602,0.04912000231568836,0.19703395548858657,0.2610133847612205,0.08660733477651657,0.07227193798859867,0.005809898520776579,0.03980257605095242,0.05368777160835835
0.13695528966001502,0.0235857239997855,0.017120172814562816,0.1531045127616911,0.11558553557202744,0.09756084555101882,0.060111648397067965,0.017925113269516253,0.0787647191059485,0.2992864388683667
0.11770114493856652,0.0037744133117695315,0.1190162707114711,0.10817926216528032,0.1541804239448756,0.020195396565889215,0.1732342530726146,0.08217798179248718,0.048104397536994484,0.17343645596005142
0.06283567527040972,0.17013220118696865,0.00649657011176916,0.08720908159919537,0.024161995737464574,0.04821100732435551,0.11194064631595739,0.270904222060019,0.1433014228911894,0.07480717750267125
0.12198171234429189,0.011663118000871728,0.07827744816907205,0.1281517107593942,0.057412778665025456,0.05005507276108436,0.18112148187780688,0.1357037390527726,0.1744239927696865,0.061208945599994395
0.05886079742444271,0.14411434002553053,0.1489223905188031,0.09862409382147096,0.171622746664648,0.04970629082842961,0.0009467398091411135,0.14016683085259982,0.10512086332327855,0.08191490673165563
0.02541344185040121,0.042061268108567355,0.19026671847814347,0.024574710357835445,0.033315814381001896,0.02459833543277509,0.18434664547565757,0.19190596598355833,0.12512483220935258,0.15839226772270706
0.14637033119453657,0.13748789939190056,0.04056225472351425,0.07135593173777952,0.1435622844565667,0.16538571430128143,0.08629876068415503,0.00037773279835775467,0.07564477509133143,0.13295431562057683
0.007145106083135855,0.13412128145558305,0.10830836363977024,0.16857754853169019,0.003908384567063675,0.06737622275663119,0.1777688046338054,0.13350967196719155,0.16366093833924317,0.03562367802588573
0.01520039765307718,0.09969729449951698,0.10840407521570809,0.07378160815794392,0.1946628041224474,0.07439726873970409,0.17982059936174719,0.0930934795882345,0.012177497139397022,0.1487649755222237
0.1423728329826359,0.08971651872404456,0.06088701123884569,0.17447494357130308,0.14408726432025004,0.055285900085332074,0.14685139819545837,0.1066586534216511,0.035452504258795293,0.04421297320168404
0.05557868745348386,0.12316678248178657,0.1890540110382948,0.004169019376900927,0.24862277381728787,0.08000382147070269,0.11471958071165188,0.047084611370299595,0.04199786468697607,0.09560284759261566
0.23102594092249945,0.015556555600435434,0.08875252775043731,0.08293790589930079,0.08690701993623169,0.08550361999161582,0.012842925504460208,0.11655942693791244,0.17806515758825453,0.10184891986885228
0.11140045301713418,0.08071920788598962,0.1519385198184913,0.011737681212225204,0.163423736344121,0.038903248605829305,0.14530390583997715,0.08334619358082067,0.08996539767103659,0.12326165602437493
0.16010075270088034,0.09703528890933347,0.007180951748579035,0.06179603167052746,0.08140438843335343,0.1167576600990113,0.14576164516335316,0.06487613534390346,0.18321838472050858,0.0818687612105497
0.06525023165768246,0.09686587608304066,0.21218632156397,0.14261940205857443,0.05965137686688899,0.1040595119946631,0.16586028850984383,0.04774205445023987,0.03757328937463955,0.06819164744045707
0.15688614762682085,0.016800207852861668,0.12169547029494698,0.09438188582921024,0.08313626908857115,0.14998225120315853,0.11082338266343794,0.09189600304150948,0.11530761114385243,0.05909077125563059
0.026722748442096735,0.02161133371649598,0.11147700116491868,0.1382017977120935,0.10031319512331699,0.17197920723862986,0.04183714165637676,0.13366118289639686,0.1956551806449459,0.0585412114047288
0.12343839998900451,0.11482971125712872,0.14307477186096101,0.06690537724436281,0.13805302125566674,0.14109899085089597,0.026546909241720058,0.029013588428465388,0.12957287307953738,0.08746635679225738
0.0600474099609115,0.14245326143431958,0.17048105967754468,0.15004794659507267,0.004973026250517342,0.07505689468555116,0.15181312177517448,0.008575329427500507,0.09493763548982606,0.14161431470358207
0.059167147904953483,0.13615363299300048,0.08141694579174384,0.13857579624599725,0.10597599593671492,0.0888167261267308,0.12683236590402255,0.11888858259914666,0.09756822749278733,0.046604579004902495
0.1542095516662173,0.13974476168353805,0.1364983922926397,0.048307279944298315,0.004864618161829848,0.10840083651169168,0.14987539644653075,0.04459662079426528,0.14518099906999707,0.06832154342899197
0.051129908716832706,0.0651216521051103,0.11413605058811689,0.11713404081758214,0.06008074310398519,0.13572791461374556,0.15137620797023288,0.0590169798977294,0.15153095179267992,0.09474555039398518
0.13422398094924146,0.14966677261491895,0.05600160698307419,0.10017618201075214,0.13722714249765106,0.11908150715617913,0.09871246417564801,0.016738701944307165,0.057151541751677956,0.13102009991654995
0.04931085769389342,0.13613579302503528,0.12975254864789296,0.09817840475353361,0.12809747980410613,0.17931034546756228,0.13961520251616974,0.0416360702609031,0.032392707957566325,0.06557058987333717
0.18200097573117732,0.17825120069397038,0.094194653957142,0.11846672854571347,0.06665659268460258,0.07633919543249833,0.029803952289963128,0.023466302693612686,0.14269877169475922,0.08812162627656106
0.10717841632408318,0.19238716272755332,0.01729753445206612,0.01490315880668418,0.09964255065810415,0.17726021975967163,0.14627144826529503,0.04234938387222254,0.13908133305131049,0.06362879208300945
0.15525784652902902,0.06553867759632288,0.06072207162818362,0.15677717064587637,0.07954311831579068,0.09143554032097367,0.09332768999099424,0.08795015200238104,0.11390049013194832,0.09554724283850027
0.1000673836829309,0.0960690237123117,0.003955464541916526,0.12752450274125574,0.11542100609300528,0.02989610454099155,0.009922243064924197,0.23789839151297257,0.08443942886485839,0.19480645124483315
0.04811536333628494,0.2137804210632838,0.059185916211658744,0.033695331625829265,0.06089311982798945,0.20807194238023566,0.0667428031252608,0.1612186381159709,0.09731423129403613,0.05098223301945034
0.17424259968932992,0.031632425787618206,0.08084039959516705,0.026081307368396027,0.13572137100969703,0.18578690357373806,0.05567404362557315,0.0056238304454291396,0.16313642840702733,0.14126069049802417
0.08559951412795912,0.09882511277974844,0.11017974367884738,0.1287096789958621,0.07992031566899495,0.012679572864490183,0.08908951643833096,0.11113966702634573,0.15030307427072673,0.13355380414869433
0.07365951447133304,0.11781724592726643,0.11362693530466733,0.13166574234426193,0.08682846374479712,0.12766646365972378,0.11834291222627541,0.06565463499787161,0.04570725335764571,0.1190308339661576
0.08114686948513826,0.13214135732404686,0.09667113981360433,0.006139966155449368,0.054014173690425785,0.045454943575559834,0.13497211301724762,0.14966632350472728,0.1646664637653985,0.13512664966840224
0.1583994596788782,0.16807886173765757,0.11570106893660095,0.03058727576142823,0.0018611231628475123,0.09387791291312757,0.05971772664084588,0.1503529544141344,0.14630088661457477,0.07512273013990502
0.12759815666212465,0.16273658942601313,0.14868862357120072,0.09223531119097679,0.1314836182699406,0.04544777436454947,0.040724269142852994,0.051148567979772894,0.09190129955824254,0.10803578983432631
0.051436160433595154,0.01094339308923046,0.006139568993339896,0.22938173520905175,0.015961333909890605,0.02610010678721161,0.17087327274505537,0.06867413164106641,0.232926612808796,0.18756368438276277
0.11383844023295543,0.06402241440822924,0.1214510197122276,0.02898438630913931,0.08083541332397384,0.11350220814228135,0.14484764776132378,0.04326552438080288,0.15367991067532463,0.13557303505374182
0.013656501906043594,0.10408477634851611,0.22079814998324568,0.11322407882588763,0.08342178726797603,0.037902607214185,0.23210868950397462,0.1794930586598716,0.01345572330108429,0.0018546269892154605
0.12575938919395427,0.158957306946557,0.007167225760661141,0.04194110381683702,0.09095813026788557,0.10586132145561744,0.0806011437882378,0.11833355508120001,0.13961382811704404,0.1308069955720055
0.07349461735820186,0.03408857098483748,0.13651128310355087,0.06497682576871293,0.18058958602755382,0.1361377728040215,0.037049203587068945,0.03507681466632956,0.1705216700856515,0.1315536556140715
0.20149817708523213,0.1533402324852252,0.093396135283365,0.023204665886449857,0.00038758028369976653,0.05902151377948443,0.13945116627867585,0.09666283126369754,0.04291305626486509,0.19012464138930527
0.19369408661570603,0.15724549260841397,0.1182567649474356,0.16223118719058774,0.056904507194490736,0.006115240698044002,0.07801824805393812,0.167771781881889,0.013363267275350274,0.04639942353414451
0.0427797724949672,0.0676672872401591,0.03904843388695937,0.22964472437197175,0.017738672093807577,0.20002812258537306,0.2142042460272645,0.0031933229629747912,0.13920547228923694,0.04648994604728584
0.1204522292278456,0.15713727943186526,0.07571068219647076,0.17471502762787133,0.09912061234358603,0.019204570624252962,0.019687540148934722,0.11372909278543565,0.1564756615520028,0.06376730406173485
0.10690382495184972,0.007789905097611565,0.11411071253220753,0.17083674400427476,0.12077642327985755,0.1445681639715215,0.16949754398944517,0.016369037673780788,0.017681393345087257,0.13146625115436433
0.04322894804621679,0.04310281799603643,0.1622613547698242,0.0363780708873532,0.02573725589615387,0.1354495059743868,0.10639610263520499,0.14622347594593813,0.1572568519890278,0.14396561585985787
0.13722769583150235,0.1324632294374397,0.08013231300025568,0.1509388593569679,0.16097267238592913,0.1438310855017332,0.0748643212298623,0.006949262808564496,0.10502905484232461,0.007591505605420671
0.09359182320598342,0.09766347177174081,0.03573327953383542,0.03889506614671129,0.19629668775395492,0.20934183446325696,0.014026468449920683,0.09930714203989167,0.13555248096230546,0.07959174567239938
0.02239457713375728,0.11690715653685395,0.047431975952922735,0.07972987854612565,0.15610701732540627,0.08993562309069729,0.1268563340332592,0.14325243304636298,0.15381330596094864,0.06357169837366601
0.22971353523951915,0.21169849053132145,0.054665527498420144,0.0037847037527311746,0.06007062582890032,0.20292988878640156,0.0056181827780594235,0.16435351092180733,0.024038347914743456,0.04312718674809589
0.0933358545086124,0.08311557851654638,0.08303432630584874,0.07956139802497195,0.14196821074351934,0.19302355812120323,0.056077066110367876,0.1767155411074984,0.026996429501007276,0.06617203706042432
0.1595545187969688,0.06824400696643061,0.19794927331038772,0.13024865045906664,0.15794476167482963,0.07156480201562994,0.09518071573092865,0.030751593916308367,0.0776255528816096,0.010936124247839915
0.012380757586423048,0.006731213105764699,0.06827940105619452,0.10049623396031923,0.1436830577539049,0.1294318968441243,0.1587533688322774,0.11069022797049421,0.09330237712918032,0.17625146576131742
0.05417026336660152,0.076047229994918,0.2380027759083851,0.04103254307232741,0.2389319055888938,0.05300786416459467,0.009687424872760243,0.05897274488474687,0.11204451339655146,0.11810273475022093
0.1365105489791581,0.1319967166559478,0.13692703048471128,0.10988164769805296,0.05032474092433298,0.1022825971544551,0.1334956973170699,0.09750073878097394,0.013546204843300146,0.08753407716199772
0.0867707035369094,0.07347772403581987,0.15389228661915919,0.09256630303535907,0.10645658209464146,0.0956683123741061,0.12635155283332733,0.13910045132154367,0.10334813042782981,0.022367953721304103
0.1398870128910127,0.08619668778366998,0.0493091094033812,0.021631346629382237,0.10801089481613806,0.12056710068803039,0.06456821287189253,0.12970162494901363,0.12467384916692949,0.15545416080054983
0.16534477178374932,0.012826367159729454,0.18290112082360369,0.05047977023778861,0.15817447348926622,0.043471980276259994,0.03418163940285495,0.039907543876102264,0.18388185175509106,0.12883048119555454
0.04805608478425546,0.1461115032943997,0.0013158474523523606,0.1956204490239228,0.02737420729725152,0.10717307073899868,0.10923071378904423,0.1478354620429338,0.11380343741236457,0.10347922416447698
0.1092524584947461,0.11363231480250685,0.0766245479962274,0.03187677891319367,0.09852163010427593,0.001958251744588813,0.11046117510492243,0.1549921059998182,0.1601532365057793,0.14252750033394124
0.10714630384572313,0.07849132155383255,0.05252720708237676,0.0997716489706408,0.015573363028816466,0.22033720168795773,0.05246373446842582,0.12535871796848133,0.05735651433614601,0.1909739870575995
0.13908447779323418,0.13250561069747496,0.007555230508623033,0.0886136015008806,0.03643620665327285,0.1499467746701068,0.2385139305974373,0.12731920398464108,0.0484199762154947,0.0316049873788344
0.051065443471317244,0.11573154572357551,0.12835329977761517,0.1590617705532661,0.05710684874522158,1.0898276158468255e-05,0.12392489231164665,0.06199635843772203,0.1971937422455882,0.10555520045788899
0.11489430403252954,0.10098312069187962,0.07132156089827058,0.16552620469358723,0.15082127820199723,0.006823882766540833,0.07082119060801494,0.1571062413256262,0.14532878662515217,0.016373430156401556
0.16819908802229264,0.14929811144968003,0.021361939090065913,0.1588290825240623,0.03456701142587305,0.033573990742038956,0.12498517030018828,0.02859804335416013,0.11971932448815578,0.16086823860348284
0.0535239598374136,0.0732816924258508,0.20884731565151404,0.15334119077352737,0.11732900560150165,0.07564111759218103,0.06319450625205199,0.02859906131750551,0.007513050942093976,0.21872909960636
0.04855707284417557,0.1769359356911959,0.20172688613207132,0.012246200670152394,0.0013729714396759716,0.21608468943031997,0.07445809779838615,0.1718727358879965,0.08020245708223307,0.016542953023793196
0.1148041650335244,0.14291746092728608,0.050650445791291736,0.09444433915014065,0.052734268653821054,0.15637198112841788,0.08471080975104042,0.11974628442757086,0.08518368026240677,0.09843656487449996
0.09142661601488818,0.055825297861867344,0.2485870621189232,0.18385403943202924,0.11870267431888197,0.027015382596304184,0.09240883732167829,0.07170747274639341,0.05058928784653488,0.05988332974249922
0.013833102109141359,0.1603611584951857,0.16616615232826557,0.02691602673225219,0.019502117507890562,0.14399485027761028,0.12985332443458242,0.06681822302561688,0.06399559428643134,0.20855945080302374
0.17532693813420502,0.11521340926581301,0.06731024363448702,0.1127279453069031,0.10646737611730271,0.05969044192111196,0.023393242944820956,0.1627479890385084,0.06461786419225873,0.11250454944458925
0.1574509970420884,0.1512484342025243,0.003108691660255899,0.17101344290593654,0.03282402118538909,0.029912107396737577,0.16400027742688783,0.14326455870327098,0.10397787742000776,0.0431995920569016
0.09462089761715523,0.14336621271266,0.09621043233313607,0.10950741916397441,0.13343707220038528,0.09417769994573956,0.03998679290525374,0.1295137363126955,0.05738771934783215,0.10179201746116802
0.11540331291286725,0.05606854155377579,0.11527870966608894,0.14898284546107812,0.022780132708778347,0.26443338323218935,0.18803704558808806,0.05339069474914125,0.012708529875702614,0.022916804252290257
0.007519189048352878,0.008557299320218072,0.051836446136378625,0.14466060612134554,0.08578794389261833,0.12966503984070227,0.09341398852085481,0.16484783603095926,0.15246984476545616,0.16124180632311397
0.13499303612742744,0.0180999221735381,0.06647695256207987,0.022711542445098896,0.19035151859173774,0.10637678395531563,0.11846821904743678,0.14490344874790625,0.07648283867663887,0.12113573767282057
0.15745740132972816,0.08421414475235924,0.08558847835019341,0.03998414839607007,0.07707540140952035,0.06319678862860588,0.15736288935906687,0.20529209464511333,0.12351654946931166,0.006312103660031169
0.1212156412142716,0.007994620389555769,0.01110511148773443,0.07324333320979355,0.08356272960143332,0.10879497031420035,0.10507637240993949,0.1754983709721178,0.1691913610117219,0.14431748938923172
0.18602267172273987,0.05763488312783224,0.05849830520598735,0.20099658865958023,0.10020684530136025,0.037994306215147,0.12753582718552625,0.03559350514389545,0.016324064697463687,0.17919300274046768
0.05477632839787549,0.19251074635879326,0.05237400361410729,0.044268080432387794,0.0307944554308363,0.17712614513928726,0.0446326165943433,0.13451217455351616,0.0997548530856438,0.16925059639320927
0.0720878766533953,0.17934408470712698,0.00905811158796064,0.14300751653455726,0.17899730942680295,0.12217415938819465,0.05115441599036778,0.1533956825953092,0.010084397270695048,0.08069644584559015
0.1416985401159847,0.1353735556497442,0.1448441509291273,0.0050000148023473185,0.06816927999400417,0.04753038776956551,0.06370076090278234,0.13633451821454365,0.10657285923202069,0.1507759323898801
0.12408533707700989,0.1060287106118927,0.1167537541644919,0.10762765557375893,0.12442100076150185,0.02408993394263639,0.08115772814851364,0.13890978400714712,0.0372847163539745,0.13964137935907311
0.16111437568327505,0.07181753843175122,0.051396102434928835,0.13383410783378452,0.09304402546991296,0.17515261782048944,0.08177750274355593,0.07822550522527592,0.15239422672411979,0.0012439976329062946
0.09562486599399668,0.10173131574694441,0.014397818197339686,0.09984163643566159,0.13000796248209995,0.13562463997998744,0.01985108439716323,0.19772969115873273,0.12130720831711564,0.08388377729095839
0.15935853849884743,0.08501001036887933,0.16173162946592443,0.13726777576429977,0.007274901360577502,0.12875978623537843,0.1587120510727486,0.00548126237215138,0.06781385944134428,0.08859018541984869
0.09467815724986638,0.18066134516903928,0.0460371688831605,0.03210133866785323,0.10792764544981846,0.02907127344559936,0.17209025476328707,0.14404634167420552,0.09195831347452549,0.10142816122264484
0.03250764992397685,0.15630287222646946,0.11429252991876926,0.07401761546650928,0.08066944148239201,0.054085645669005256,0.1651953283543786,0.15656145564213736,0.06530987844842623,0.10105758286793556
0.011909009076937642,0.10251739505137754,0.15558043975673602,0.17275889514750842,0.013619120449242402,0.02572352024106999,0.013528356610352702,0.23701171739669286,0.08083166434244868,0.18651988192763377
0.18797180192027688,0.06979750347708875,0.03721466678443164,0.19469470301910227,0.012420287315024783,0.06001367248545019,0.20869472489507218,0.11522850576449827,0.03346885295438772,0.08049528138466715
0.13534109524183005,0.026455660434269123,0.11425717159087699,0.15905081999548623,0.11700696336091719,0.08011702632232998,0.08072643188411345,0.1223193294862013,0.01807757425220056,0.1466479274317752
0.11142757942527771,0.03709540705650099,0.1015040308100711,0.019842237725154917,0.16883434150244808,0.14650850056479175,0.11393540371564277,0.14110194509831128,0.06551591652130133,0.09423463758049996
0.07532450890751168,0.1556728161584898,0.07340658418531185,0.18662327029467704,0.10318224526498138,0.0013104903786155086,0.10551762939917217,0.15685988337388262,0.07270744209415327,0.06939512994320463
0.06579332542314632,0.05644147297179839,0.09162350534966358,0.13402290823674856,0.1546316272841613,0.0686383875172756,0.06625285771313073,0.09114185553828329,0.15212748863629683,0.11932657132949545
0.06861621666672059,0.08057746943652452,0.1392029201232987,0.07199634677078307,0.0814610307795589,0.0847967406076957,0.12390740909907509,0.1512041969492409,0.15222335648436808,0.046014313082734355
0.060383288032981645,0.05315456665919062,0.046495554467579,0.145055045441749,0.058936953277996994,0.1765804629824892,0.16501273441931757,0.038555565520598384,0.16174522323347484,0.0940806059646227
0.011023229465912906,0.11022007411691179,0.008512424908801235,0.1652132249546515,0.1343639522943358,0.12247201801280996,0.08109583186767565,0.14976640070175395,0.04828279228933586,0.16905005138781132
0.07469182202817436,0.15636020557557387,0.12729548075525904,0.13291381350351522,0.05612197232450957,0.04012358952422718,0.007339372698026422,0.12913553491281404,0.1359031883501415,0.1401150203277588
0.1504424667704771,0.05805360077366587,0.03817837784245353,0.007102218803288431,0.1458638736335552,0.08779182610465941,0.0949114289621301,0.1169819339945276,0.12429174860166561,0.17638252451357722
0.13050112147949883,0.11437527985202255,0.1465219962501366,0.13835577843040414,0.038334352558283234,0.05940239749847542,0.12719437092539357,0.12519049487691786,0.05572066122320497,0.0644035469056627
0.18259223723231718,0.06348627387307218,0.061657048850978426,0.008512885925211287,0.050320629887975116,0.045823245466369,0.17656347625261498,0.15295124745571528,0.13580241048845976,0.12229054456728687
0.04067891175950123,0.09886963646150085,0.15529278365119567,0.06922430320718148,0.15236029855964542,0.08031539262978428,0.1010920952798848,0.14975063353321205,0.05203392003388973,0.10038202488420438
0.0029641770243855918,0.11603685502102384,0.11784668160601239,0.11752940718862799,0.07857306282956603,0.007291689941993535,0.17885247278532518,0.14987604170930494,0.13749577918880124,0.09353383270495925
0.15124114216530404,0.024238537556854196,0.15556644278364143,0.12406502989857768,0.1647972971162653,0.10703172988034895,0.02225109074714649,0.07193040447319886,0.11886781361833641,0.06001051176032671
0.10384578852244203,0.1037327676501781,0.14295373620393542,0.01229236079010958,0.06612475288810633,0.1741557127341461,0.13465702018433665,0.06292847480574874,0.1347144820055989,0.06459490421539803
0.12383571564162389,0.04621712237817117,0.05120535417633593,0.1917170528873168,0.16650027597465347,0.06441777276739533,0.06207823063751782,0.10242231391717746,0.07464026244686442,0.11696589917294363
0.06368116272402292,0.16028705725524442,0.003454530462356779,0.1645759573077503,0.029230699939054368,0.19082125581879028,0.1363010603133806,0.19749596295330332,0.01692640604255297,0.03722590718354407
0.12407860653717466,0.19720835583968227,0.07303539839117333,0.09114294458119991,0.047006943510554386,0.18976840100477477,0.06297417040453993,0.07887109938911852,0.1269355646156839,0.008978515726098365
0.04136625496761428,0.17894457991072601,0.03810684473706942,0.13394726198289744,0.10228959961421807,0.03707360341549403,0.08551464056126123,0.18672609306627355,0.1322177145942735,0.06381340715017257
0.037460194425518005,0.05680805180910952,0.0906146283724503,0.13693523014146072,0.06543243412079036,0.13001832377946215,0.1292177912885998,0.12732530183112742,0.07080937314581058,0.15537867108567108
0.10579523595575664,0.1717230975254361,0.06852353345637624,0.0451194960358064,0.16678213397833724,0.14816638666174253,0.068307313917626,0.04683026874164708,0.16872670893872754,0.010025824788544182
0.07975769201872565,0.051059278349704404,0.0940019976355177,0.14342225245094606,0.09274600114932173,0.1307353503626686,0.12768581151868663,0.08890350411960131,0.1108875372300376,0.08080057516479026
0.1765049242587211,0.14858260392955974,0.13779203535158802,0.05663705366902512,0.04140840201031951,0.05706841697802369,0.1595677204384597,0.018354790766299034,0.058565456721343105,0.14551859587666097
0.17875419735251724,0.20038654477223286,0.011580146970347469,0.08877585800867774,0.05507298202070727,0.06704549461101396,0.06896940620687798,0.19386701537948345,0.1285035134970881,0.00704484118105378
0.042793998157049096,0.10062917696477082,0.10902990943259193,0.16365780907627545,0.10431134698781429,0.14347548179880168,0.005521982162210332,0.1427386683341696,0.10132671107214089,0.0865149160141758
0.040653611101457585,0.0648118451611236,0.07552575888112219,0.11340626941965908,0.06466421076030146,0.1735268991702553,0.11814835052586331,0.19545714504780157,0.12423841605259113,0.029567493879824693
0.10565759990755168,0.13430289464375017,0.09348102287976369,0.2238517117030582,0.14297609577683312,0.06170041920991088,0.010823249584409651,0.03766672880438789,0.09861105625221246,0.0909292212381223
0.1523103975384163,0.01900421447235842,0.13349043942909222,0.10052802976393159,0.03257104677439727,0.15293424608531478,0.10205611338974373,0.11009745703892854,0.016869057448524308,0.18013899805929284
0.03320089395425579,0.09924922885484981,0.15290811599267098,0.14828142096571675,0.09889307505847407,0.05846618057929737,0.038938149123903865,0.14325473331829022,0.10285351246895943,0.12395468968358167
0.03922724376635261,0.04788575723136589,0.008936865708688653,0.16749303249526692,0.062261117184547056,0.025554619836643578,0.24097097269674272,0.07781960411143095,0.10113305720759833,0.22871772976136334
0.032651160891417,0.04039399303485684,0.008492390514187386,0.15301578432558194,0.15445326398786832,0.1819329220051885,0.08560634052678504,0.13059837567110383,0.0815168425548081,0.13133892648820308
0.18799956167313428,0.09630788045586447,0.09440649184153331,0.09013975730516136,0.19995226432112354,0.006975206398535731,0.059270319712709824,0.024860362323240223,0.05538858258553806,0.18469957338315918
0.042917477857035514,0.19406648151358113,0.045942552170180145,0.05111656201846808,0.018291312090874572,0.1237647255882948,0.12098465199604981,0.1973732752018073,0.12095139837409065,0.08459156318961811
0.11808236435312378,0.027933856528794623,0.04198978673194837,0.01706013129776492,0.1473548330895888,0.09232765525289797,0.13847808930815578,0.11867860684004151,0.14552777556015922,0.15256690103752496
0.11700085629285302,0.14947783132091952,0.07601825746746557,0.03832669860983093,0.1303430236278216,0.1818546638264099,0.13212426668911387,0.037979552430378385,0.054268857939043784,0.08260599179616335
0.01731026403628671,0.016065899494259083,0.025225815450617896,0.10198558092050818,0.028747551971394742,0.20253830881705645,0.17384162354684388,0.09589140397820012,0.19442005607340637,0.14397349571142667
0.06845719886403874,0.1401402322692303,0.1534197462178195,0.004821565805140383,0.1015105412097738,0.12849224843482146,0.05405687121384526,0.1498170995932458,0.06273497179935505,0.13654952459272965
0.062262940987625214,0.0013713179122212757,0.20500402786071537,0.0625412851429158,0.21139504558509978,0.01692284515631061,0.06961377997456882,0.06668196367567357,0.12563625545137538,0.17857053825349414
0.10663838950613823,0.11849689960441792,0.1369873835934435,0.17467264070384395,0.03931688793931804,0.05593688577795471,0.13957675387397125,0.13543515871446385,0.08205021099673084,0.010888789289717806
0.020244403053176235,0.16678666621818009,0.12010735121828492,0.00733742824844704,0.18158027714472944,0.052282420966227386,0.14116369320034042,0.17528394888352825,0.026611873455364515,0.10860193761172193
0.053633159126851786,0.08863980552596992,0.0957853075737919,0.18035684153549603,0.09891601330817917,0.05963016315834405,0.04787708669130802,0.07455380630286204,0.12171982357185995,0.17888799320533702
0.11495068884388812,0.12050801022958882,0.0378411839747449,0.04018501352540226,0.13904976832441526,0.20419091584018945,0.02400286126830019,0.18556881359996072,0.05064501659912938,0.08305772779438102
0.1121651726397349,0.1325237486420347,0.000972323202004439,0.1993283368341346,0.019900195644742536,0.03585197038644035,0.04927899934656463,0.142834465264596,0.09951198061328503,0.2076328074264628
0.14970701494624208,0.14190444114502965,0.07034099219977322,0.11711953368885726,0.06032806076477531,0.04247328866402141,0.10621719662518471,0.11877912944379486,0.1645241662676982,0.028606176254623104
0.06343984801486728,0.04190185775050596,0.05891633316870169,0.08951482689233135,0.13768076675936655,0.001719199107832847,0.22045162037974245,0.10401510818529135,0.2012253140936159,0.08113512564774449
0.06640296017473617,0.068247439441948,0.0705622063276857,0.13913542982393562,0.1914147763510559,0.14337512920782683,0.013532897828636503,0.049333300289172925,0.11091801365642733,0.147077846898575
0.09355356849829631,0.13652729071608022,0.04048357776957275,0.055853492766688065,0.06942473833595655,0.18112360749468043,0.12617472107674757,0.09954160209001597,0.046875381865148315,0.15044201938681379
0.09974706239865358,0.059707012710211727,0.030273592240349017,0.05676597606544233,0.1436070261541327,0.13843200356004703,0.10176470497881089,0.0835316945404774,0.09915961919342817,0.1870113081584471
0.057982408270376214,0.1340762607665177,0.09056664557213169,0.13930815336843927,0.029409935255608637,0.0735274155052072,0.164834825542626,0.16505730296968943,0.07164016711263115,0.07359688563677272
0.02662455768900661,0.12006411477400004,0.10414780103689518,0.1420308026781748,0.12229855625038569,0.04246037005207862,0.16346009589493904,0.1644423271319896,0.002856822407178266,0.11161455208535205
0.0718173669182299,0.15655213568437115,0.05499946494979534,0.22284978625495533,0.02391492953150375,0.12417568469478497,0.01279014697726807,0.10795478592199331,0.061241406498939326,0.16370429256815902
0.0916578177794447,0.042052777262934826,0.14424690706823595,0.034917624059763265,0.06007370152626345,0.14272107369118467,0.10386442511401504,0.11380265613009023,0.13251657219208973,0.1341464451759781
0.05557564311299763,0.08786800540116262,0.2588730096244555,0.09304738493343011,0.08515590940628234,0.2596535278235202,0.10346127279434073,0.026917793217973746,0.029237812117559762,0.00020964156827728528
0.08316151059715807,0.15521836912751227,0.08735241181021136,0.037673898740736296,0.15731471038754863,0.1602889421191339,0.07880818573480636,0.06757611257625928,0.05923128032318605,0.11337457858344799
0.08820480915884464,0.0997478669562713,0.062346748778808705,0.1766164023052379,0.12788926514137167,0.10388391665631073,0.1376521143368012,0.1299029533782516,0.02599303113564629,0.047762892152455994
0.07991097221094258,0.06758221125442702,0.14016247661712958,0.11341970140672414,0.13580548024943281,0.06995667657809788,0.12675753455787775,0.10452416532685076,0.05239820250233389,0.10948257929618359
0.1815179341218603,0.10361111813285205,0.03745788014508869,0.1560337592509908,0.08951504305429904,0.026813618853821053,0.09555374199152802,0.040777755645672514,0.07306412585378838,0.19565502295009934
0.12721290501914811,0.11564899386680787,0.06699967852063352,0.022345675237339106,0.11623267703120575,0.023030514604725005,0.10642410964224708,0.15036331650906332,0.11950214796131599,0.1522399816075142
0.18325729575100663,0.03860948562603764,0.14110631750791675,0.05391339011794383,0.10255688880158165,0.09962357228981678,0.11144375904255233,0.10768102240530754,0.14138505469413915,0.020423213763697875
0.12223378714563315,0.12755281172229077,0.10849076645657882,0.06403424643902286,0.06316943688496007,0.11888612943920952,0.12562517223762573,0.08622689181482295,0.1471452420536309,0.0366355158062251
0.0898138444947542,0.11063804980568973,0.050069317373599466,0.14933933901666752,0.06736584774674671,0.12353890821612738,0.029985739164365147,0.06741213757241636,0.154516925351894,0.15731989125773935
0.18003738150868764,0.08217050838740082,0.05261440655789759,0.003237111056757381,0.018054880524856466,0.015979274202244632,0.13827256485800624,0.19268228948827879,0.24346435659399876,0.07348722682187173
0.16651807552043635,0.03183708632342753,0.04057055385722511,0.055478630613899425,0.1408801930417175,0.15871900756847632,0.16015793097690506,0.1278550037855333,0.00090669295204467,0.11707682536033479
0.12242396433176242,0.1453192859538727,0.06266374575107607,0.05832144696714055,0.15124755292565525,0.17743959669287013,0.1272239165745218,0.0640967684531831,0.05019480158275394,0.04106892076716416
0.09239658775466551,0.045821072728961146,0.07687236880266726,0.03469488383801453,0.1306764067395367,0.16083250023776932,0.03652241492541817,0.10545052958676014,0.16160894589954125,0.15512428948666598
0.10477951208741014,0.11024439417099922,0.12179267159387897,0.09625123365631594,0.1457257787375808,0.09504032064254193,0.10992438838043242,0.025808776105544256,0.002163130327964178,0.18826979429733215
0.03285197849943268,0.06853015893503536,0.11324883894297724,0.008763612937975947,0.03279992783809408,0.11298748476205374,0.17887894368826798,0.18270432664964145,0.17431496371274866,0.09491976403377292
0.030123836270885124,0.029705748355171747,0.007253018992926237,0.04508297314106574,0.1395485968607847,0.19923226813364597,0.11621883085339824,0.12688795726725807,0.2967227857079477,0.009223984416916485
0.12165110818211224,0.16518607172776736,0.08955722956603185,0.1262071365355048,0.1508148006631205,0.11335935517661401,0.019646012663497164,0.08708045993121313,0.03672543592534531,0.08977238962879347
0.10636842327543543,0.02637471421930114,0.17832792184306848,0.09145305509467008,0.06656210100459393,0.0399595180564031,0.18155412517768393,0.0973924526328729,0.12372547668859554,0.08828221200737553
0.10958343378059758,0.08365093895155801,0.046085796076272265,0.10375874352722426,0.13020023291613378,0.1003645943193547,0.1331680024687141,0.09465092907271257,0.0798268675069605,0.11871046138047234
0.08876678899041451,0.133222691362086,0.07511607280191279,0.11478881167264211,0.1070743467535818,0.05483574439741326,0.15864619013563594,0.14608181828019653,0.0926893567276838,0.02877817887843333
0.15456682465555535,0.04132602702660898,0.10600855214658794,0.021303500283172985,0.018464248863099414,0.11751589031588613,0.09615556261299282,0.17747472475803797,0.09095837950774473,0.17622628983031371
0.11147197129400012,0.019000617039022945,0.07923589600711449,0.146448837492256,0.17862632120105992,0.027877110617073667,0.1994782214878029,0.21020989816326408,0.010439677441506786,0.017211449256899238
0.084244935726525,0.10559448401890839,0.11533309297480882,0.08866426473967517,0.07602790731579386,0.1550405486068694,0.0900981319452825,0.0043688280321916495,0.17646225648197833,0.10416555015796687
0.09671134427559976,0.1696398031112066,0.12805783350954375,0.005721908080378162,0.12146828985199286,0.07793516009761617,0.1842702262290819,0.15048478580716584,0.043345688136165995,0.022364960901249172
0.10703096456385124,0.13439582485499119,0.1172508004140815,0.11090105854214002,0.15517606817633986,0.08647813827638465,0.14599135333196597,0.01742551198836674,0.10335971477083036,0.02199056508104843
0.02277259310619702,0.09164616230267969,0.025145625453085806,0.1175236628241626,0.20194259257369276,0.16591987788078533,0.20243240010540395,0.014906662444790603,0.1393487589403023,0.018361664368899938
