i = 0,i = 1,i = 2,i = 3,i = 4,i = 5,i = 6,i = 7,i = 8,i = 9
0.09490457512554781,0.09460402281905624,0.12336426310184144,0.012771813773937522,0.14448368077313214,0.08415374103887219,0.049382426480303804,0.09382519758915056,0.15629708153338526,0.14621319776477304
0.10391324687812747,0.10065520177607692,0.02406812141531805,0.005966320445656233,0.05689987012682285,0.04388623170709034,0.10634537315155197,0.2508023481882269,0.23933272409707027,0.06813056221405897
0.04705622594334312,0.0293841193551389,0.30243372606129515,0.05027961217115947,0.2294335891774002,0.12508203340714769,0.021207180467626853,0.013077217161774096,0.0069668918876117205,0.17507940436750288
0.007638264893972232,0.021218954062118142,0.05548141892184747,0.09528684113535117,0.17969609807303172,0.06494951268382375,0.07325252133349658,0.20345292036505436,0.20300077582219272,0.09602269270911204
0.1480984373563393,0.024069331335306417,0.011326002887906287,0.021830970265032838,0.20642339317198896,0.17077401926117114,0.1365695987156661,0.1497966637997176,0.06650556891059728,0.06460601429627393
0.15933553197060052,0.07524528457237055,0.025732385336463496,0.10768443869265394,0.03316858718355338,0.13703767737918432,0.15334167622068037,0.1266003604752641,0.08181612701423228,0.10003793115499703
0.19117780050002828,0.09908020027229628,0.031719276914438314,0.20124737441671922,0.07767266201336756,0.05112391723285096,0.11100893082610003,0.09245231673063019,0.09118000030792339,0.053337520785645784
0.03258531125242841,0.08458195611927065,0.15089385406482447,0.06401870825562783,0.10755718087606042,0.1064446197939743,0.10485833528126375,0.1251175337947752,0.13884750558619854,0.08509499497557649
0.11894209938323187,0.07973590009444645,0.06773680955855207,0.0569329025811399,0.0976358915927427,0.14212843719725843,0.09500112734628545,0.1532441692059293,0.019076878840491127,0.16956578419992271
0.015346819328845624,0.01941182328730249,0.07554499239590759,0.011855320623091092,0.16534909109625137,0.14134965701663887,0.04179473891666699,0.18859652154629122,0.18763541054446076,0.15311562524454397
0.13930268664587916,0.03741596613959703,0.07679579030913447,0.04493568577060743,0.01746928587301265,0.13862880522058801,0.21820816959970799,0.01955044532314257,0.153808730352361,0.15388443476596955
0.042597728523448175,0.10882532596313252,0.18672460729238102,0.1312781227678742,0.11712958631542707,0.09505028593491205,0.09505296124370301,0.07138119533957601,0.03553855106599947,0.11642163555354634
0.08506717991629338,0.09181532336106486,0.1405314379312613,0.19675835277657253,0.013021593023612634,0.11738862830381365,0.1405765239247131,0.17918828301959444,0.025531613308644577,0.010121064434429634
0.02730089645652539,0.11909574318705134,0.15608517192568624,0.11795441219772287,0.20433089541183952,0.004793416018911145,0.005139594409471501,0.1604044507408471,0.14858877129321357,0.056306648358731275
0.04889281358309243,0.2486715191000439,0.004187811867324226,0.12002615876284325,0.27769679945715486,0.05316992882585809,0.009223447512708796,0.10050971368548911,0.010242159603483965,0.12737964760200146
0.09565594242064465,0.024024922315550683,0.1825236861537486,0.0509223841896196,0.1380984735597494,0.21113692848293447,0.12049891923804859,0.10690331494123434,0.04273523137438529,0.027500197324084402
0.13229088080197937,0.16567432712614275,0.04353773446770001,0.1565059784104626,0.050852170591554786,0.017847982665595032,0.1727478782485495,0.10191258291274173,0.11646347874772796,0.04216698602754628
0.16328622427009135,0.07568481623424113,0.15299682087887762,0.049290923648747084,0.03265145863133901,0.0860419447663595,0.1328329893199748,0.03642305751505407,0.15162129834579155,0.1191704663895238
0.09372898308602699,0.038518215328363956,0.1701172051642777,0.10027229453324478,0.07225174523856387,0.04917343552636974,0.13230291275268727,0.05393539480015874,0.08087898999239601,0.2088208235779109
0.006930790815374171,0.0394770719903572,0.05649837024210678,0.16405029784948089,0.15179031364778328,0.122183706390252,0.12244217879385227,0.06753978514503467,0.1173705941568886,0.1517168909688702
0.1547275352871899,0.02944731316023226,0.06114013721950645,0.10198973004230967,0.1023961138061458,0.07875679615016436,0.1383689311574297,0.15642769424496897,0.06457626814777363,0.11216948078427921
0.08875355787572971,0.14302382234182454,0.012601466412171053,0.15608015947248183,0.10963882016533213,0.017131962558361236,0.13824693569970226,0.14261393354221066,0.08574822623244187,0.10616111569974454
0.1740263780295702,0.07259567218093944,0.14677016708470633,0.06538614858849343,0.008374740448029676,0.08397002367546867,0.16884794534441108,0.1585354379839139,0.0025668762171847563,0.11892661044728249
0.042957088714345816,0.12687792464709421,0.15518418241123605,0.11309788366103862,0.15085396823399475,0.14802708647229623,0.034054499206952936,0.05259269876185197,0.09270344799663703,0.08365121989455239
0.0901824847119844,0.0653123773151977,0.11456235756430293,0.020860341072640263,0.13676157827692145,0.04904095241446957,0.18245578379986885,0.07094041930687406,0.09632740196894055,0.1735563035688004
0.11236216266562919,0.18808829243663866,0.06724360211843691,0.08603868654591322,0.1603030329326824,0.07299943217797734,0.0873263307461502,0.030374658907176964,0.12720044040203088,0.06806336106736431
0.16771001969755642,0.09910815052294072,0.13883553419868755,0.15947327889828333,0.018003298135390654,0.043323749236805195,0.1063992297020608,0.11992258806524031,0.0281642709222508,0.11905988062078413
0.04345692615698806,0.004904323170674608,0.12109450869373856,0.1579414776169345,0.08236427422580742,0.15603168021351693,0.09829883483941637,0.08756793447515313,0.18270525521878273,0.06563478538898769
0.17154530356830167,0.003326658505795844,0.03774771526084847,0.019171385399096623,0.13936961132386927,0.04823540940383705,0.1633410608066885,0.1425118848689866,0.16699066348160102,0.10776030738097497
0.04428489949285698,0.1231001776577173,0.025184548639921204,0.13476150522221186,0.09398973614260288,0.08635316665125256,0.16293661038515514,0.15634335011093592,0.07915368411260995,0.09389232158473623
0.15114311916423712,0.1100091661772436,0.07492724594551244,0.12380922979322924,0.01897513645566266,0.11870002541027287,0.11417772745951484,0.10623142372298587,0.12947423162306718,0.05255269424827419
0.11734088315603812,0.1257134423988932,0.12227508150797615,0.08742540508183211,0.11171050058450314,0.10003344117106082,0.17947494915330922,0.020825068673718836,0.012082727116805294,0.12311850115586315
0.07211047907203269,0.1289940635356531,0.006032728814885137,0.11434935335541424,0.15983413587462214,0.05827419468778005,0.16991797519841603,0.12577300412384543,0.0636754218180014,0.10103864351934956
0.027179019727116876,0.12368487748755308,0.01666282023516556,0.20252989566501,0.10895907632841442,0.07573495218067111,0.16678188255456788,0.11318730800890141,0.08199182508557809,0.08328834272702153
0.030834723553883975,0.15020292819617082,0.00803976785814185,0.1477153755933574,0.10574533651083769,0.08612652238719244,0.12733180954145282,0.026273879715914723,0.1892979233229948,0.1284317333200535
0.05945271688803285,0.1387417272491328,0.12433791789030495,0.1338051292588008,0.07909469404372531,0.05307423488424782,0.09738364047693913,0.12035183992143979,0.08132524029614967,0.11243285909122679
0.1460883984773739,0.10725477373079154,0.13574964305586915,0.08065364407490727,0.081962335559691,0.09719984599107315,0.08654864007947737,0.023350370573238726,0.20492917547271436,0.03626317298486355
0.11254481753078562,0.13704555246769873,0.15576774924884826,0.0314603728004647,0.07386679428469065,0.1657758370840312,0.00036561149113726156,0.0712469601908961,0.08903270453762809,0.16289360036381945
0.046408319193811075,0.11050530606711126,0.19279046738218378,0.1589851845032316,0.03461500551585481,0.04782741813472985,0.03237280934836726,0.00710662772579654,0.17972575927162815,0.18966310285728566
0.03160330583037713,0.05143383020831886,0.08235778024840701,0.1375616720944114,0.05947351179817307,0.101700563126053,0.09563884129907016,0.15299756438541187,0.12062541543841024,0.16660751557136735
0.07014293601781932,0.006441131252564674,0.15557075591445044,0.1841614020239993,0.005288739363385786,0.16692725026240562,0.10645554372683091,0.07284628596373213,0.11888855967125542,0.11327739580355636
0.13458563696121353,0.03733799328519676,0.16520975220154924,0.03354489910343928,0.10529665822514213,0.1653927009551036,0.00391543754631831,0.13826814983407493,0.08303554282753176,0.1334132290604305
0.2122665354827982,0.05790888350691017,0.16737412154822784,0.06268374633297752,0.02950378537510442,0.10044224023325886,0.008389572491554574,0.15380672297613826,0.10453777865693349,0.1030866133960967
0.10294046795749016,0.11899975896568382,0.14957087429067784,0.1940225056857075,0.010840363852238438,0.06917663691985766,0.05269873762913142,0.06470776950774683,0.10617312762172493,0.13086975756974137
0.135629852311988,0.11873615222950024,0.10736135850992258,0.06492958671986775,0.10664759176760176,0.04383682536563594,0.03981884931699931,0.07157886409025785,0.15110137115346595,0.1603595485347606
0.11303396156249956,0.20757814006685626,0.04026622012706904,0.01402762585270779,0.07795756429536337,0.1076402200544391,0.04741521603937843,0.18645897026276936,0.1750121061819126,0.0306099755570046
0.1535988664491029,0.20580182652993637,0.15183010576095057,0.061226522712837884,0.1044383309076861,0.021014378961496553,0.12494563671397442,0.1408325775212474,0.02534092038157787,0.010970834061189821
0.1826076471105142,0.13900322844787227,0.07524631301261112,0.1094662115456424,0.103562205938762,0.05636889866302291,0.020960222638397828,0.1201250368708998,0.16956910562782704,0.023091130144450522
0.08603372822141479,0.1538537538328201,0.12834082351559362,0.03828080463400688,0.09721351464833163,0.11623032632739493,0.16277994024454573,0.10418756961075278,0.049854795146140406,0.063224743818999
0.17254548021086344,0.08545750178562965,0.11215521651517452,0.14466849508128568,0.03057741846214824,0.04356442556028113,0.03239270501439272,0.15295926504180998,0.17537016597665053,0.05030932635176397
0.10018458791866643,0.1584494171012952,0.0838699764556165,0.15926332428773768,0.12866318995201953,0.03849459650184027,0.15789964653889219,0.13264457561580467,0.024739026543480525,0.01579165908464721
0.1167589984542747,0.14170821251648655,0.208426818053244,0.07446920485236046,0.17897727651314727,0.02743441047386597,0.010058434505487943,0.17456012500373114,0.028000862337054157,0.03960565729034769
0.04330934237666989,0.14833460921058286,0.17041902974767903,0.17787850922130286,0.056317469463259176,0.09531729705445523,0.05516344566631511,0.06070858932605959,0.04614155457606064,0.14641015335761567
0.11458913690126213,0.02493511248495227,0.06581780101643782,0.1688820536976696,0.17898464721675844,0.10976266262983032,0.1380729889015706,0.0460682621126017,0.0022715454304896385,0.15061578960842747
0.033610947730769634,0.04271645199198179,0.05172531955096004,0.016389997917931012,0.09939768338635374,0.02293484405655417,0.24032542337386223,0.14916547571612085,0.1750507886055311,0.16868306766993532
0.049048157627221874,0.20984400649947998,0.043888038536880926,0.13786741874745206,0.009695199435806105,0.11994722281469332,0.003713322284900572,0.0904008610094646,0.10902700194618085,0.22656877109791976
0.15183093096314462,0.04113104719091678,0.07752227142499246,0.07125650350127488,0.1258018947997308,0.1113955368208638,0.07145811273395933,0.1312137864900047,0.08629090366946433,0.13209901240564836
0.005272862306925104,0.1242264896529242,0.02849938087305312,0.14007800011687394,0.18052315224093152,0.01682187262838068,0.14219319747708262,0.08378389570470826,0.16681101789808475,0.11179013110103588
0.0684223543489611,0.011932756872760991,0.15968178007791434,0.10673674426748561,0.07824862529146624,0.06776609299845669,0.15859258769489637,0.16449536251371558,0.049475196903691766,0.13464849903065135
0.180804159748251,0.09620982001123024,0.040976504607815975,0.05687664060443832,0.11270553567412654,0.1532468929083599,0.10238088098377504,0.0161928092511743,0.040156395520123594,0.20045036069070507
0.12900885030614814,0.07740680425707579,0.13094364929480412,0.07891107424731439,0.11248939427702416,0.10763277213480313,0.1432411933803266,0.007302751359367208,0.13670565192931855,0.07635785881381785
0.09886604815079611,0.12296245769562437,0.16732496548023695,0.07784441068823542,0.05138550608723743,0.03284593214764454,0.09770450768652336,0.14273985392239075,0.17476681476914388,0.03355950337216715
0.046955147331758755,0.14281320376077725,0.2912469096017861,0.02043909355968203,0.15760012544882854,0.04203463541745961,0.11646882490838309,0.01440378433846445,0.0839558707529528,0.0840824048799074
0.16241946016812067,0.09504320015187641,0.02754057305967067,0.17956691648817666,0.04502899489085548,0.025595544708315536,0.08753975642229597,0.07368314630692317,0.17826792823879936,0.12531447956496605
0.1488916888035267,0.09001800013847935,0.2097527834364566,0.02127939583318084,0.11236457013415109,0.14786547334454192,0.1538235230120895,0.07963163454916837,0.03477988383061509,0.0015930469177906342
0.12440505801967554,0.15739899476549662,0.1049748215258372,0.032476187593339756,0.14964572336320817,0.12215170568203051,0.140031856752559,0.06747495265296817,0.06340639059380972,0.038034309051075146
0.08429754902456524,0.1368710586886521,0.14195913586181755,0.08738240813985916,0.1371062308002048,0.04287127555077178,0.08508510632443822,0.0743106612484022,0.07893422019357864,0.13118235416771046
0.13907066550440148,0.18095006910827896,0.05038343936567776,0.1126236581121835,0.0789583699949687,0.07934164747026375,0.07770234263008102,0.02015402997000463,0.09389569778582453,0.16692008005831568
0.09089271296191613,0.09459766865936335,0.13839045474175213,0.13873483740446443,0.1323836679431372,0.08537735818873676,0.02340685745870731,0.14180096061612227,0.0695289349633517,0.0848865470624486
0.08798965288424405,0.08025461090900878,0.04195363604614196,0.16392821647251912,0.15955651508619786,0.030454503587415443,0.05225722106397413,0.1675414421231136,0.11603616590498071,0.10002803592240442
0.03418977815477635,0.2064705931989834,0.08234220768045324,0.07823783287605829,0.029588942832099265,0.0713939514963793,0.05925096175803371,0.25337841121339344,0.0012581025597179203,0.18388921823010496
0.09423228630516103,0.1519784837763926,0.09945439398317465,0.08802367597399591,0.019487871494060536,0.1852822908504598,0.1690321265052628,0.08147052832287208,0.08348476025202853,0.027553582536592056
0.1564200555488666,0.13689696720675054,0.11187356500465763,0.16189193487627418,0.1871519715790362,0.028426441765614728,0.02303117941606718,0.04212761332846031,0.07200063280305888,0.08017963847121388
0.06539337606943109,0.2120011892655868,0.06791177716475331,0.019429342904440657,0.17145873613791404,0.012253314177686589,0.03290901241445225,0.20358132111066718,0.06255439587639587,0.1525075348786722
0.10423418976438861,0.173929937656365,0.08789731007071436,0.054094778701057646,0.1456207093020624,0.006913207512891938,0.061923354561120116,0.06050672058109153,0.12684368521528813,0.17803610663502026
0.12637411245325916,0.15972014143801547,0.1487669844041024,0.02506029765901884,0.15431915718087405,0.0419472537157972,0.07340664867744165,0.1344411053839871,0.007807173844388534,0.12815712524311562
0.08916461513425297,0.03752903026230438,0.13923981784000208,0.14185526373038154,0.18180906414672426,0.12748555074340928,0.12625204027507922,0.02639365268657563,0.06799424837226992,0.06227671680900083
0.010392756830237285,0.026930324403188217,0.021983867300190196,0.111064083617377,0.08750546324305286,0.20875907534848956,0.1417337558346082,0.1516053188915744,0.11430593755655791,0.1257194169747245
0.13940039562444323,0.03137140030249802,0.02578505180584795,0.030504862014198417,0.14176786818903728,0.17284165205301955,0.07939622650317665,0.08909354398636792,0.1318808532158754,0.15795814630553556
0.17418375113250006,0.033209099152035966,0.03656845257748247,0.1287735407530011,0.1422695427163047,0.02222496442296166,0.11271581097394245,0.08263808275922246,0.09357129338973992,0.17384546212280913
0.03562625547420178,0.23988644520124278,0.004064536983296099,0.15454714587217178,0.05990210264667825,0.040418460201125266,0.14334846279895053,0.0185937114822267,0.16859753148984258,0.13501534785026428
0.08959684690061408,0.12782535767982142,0.04665149626208264,0.028576076369126104,0.14616454878736576,0.13273922613212433,0.0541702878959009,0.09869151219343013,0.1115111974233358,0.1640734503561987
0.13407200061035915,0.052875939417230226,0.07636940090315128,0.15276038935163586,0.12249587137002492,0.14765728645319753,0.07812830585002982,0.0145763826679381,0.13516867549892114,0.08589574787751182
0.1301889499453339,0.12251343597673553,0.1173477645483564,0.16006610057994083,0.1457881227534961,0.11684570323763528,0.0011757610782467747,0.06637004932941844,0.11476260620608572,0.024941506344751004
0.042195111112984414,0.16464067600838153,0.012501826755175449,0.17337333369343144,0.07722051298605971,0.12330958692436436,0.1605536523692129,0.09788890138052164,0.12372265050233014,0.024593748267538348
0.11785405362100596,0.08612626757562458,0.16219022140490025,0.020278193791598755,0.02240135790673302,0.1579577039316569,0.062447583073373794,0.13480904026173804,0.15554314537167194,0.08039243306169672
0.07456786723500819,0.13660061898715067,0.15435774627242677,0.09058042056648456,0.09555488464529437,0.10040892348066892,0.06758996885062966,0.1379324096808416,0.05034511431645774,0.09206204596503735
0.1501599099057259,0.043008157059551695,0.1175837883405764,0.0060259072115218856,0.0358476337292792,0.15721883792333194,0.15761233879515782,0.11086074892063642,0.0697352198630171,0.1519474582512018
0.14798475078833065,0.1353518942344055,0.1564940051004854,0.007587206780146066,0.11210037273418942,0.08340769930167971,0.04123534362120044,0.1260755502303625,0.13272556817242068,0.05703760903677977
0.17267470264086623,0.06956643868465871,0.0762354585744185,0.0995216894928147,0.10450380631650814,0.2345146422200913,0.017314953451803818,0.018011759567333696,0.004717778174117293,0.20293877087738754
0.1359290971426479,0.03949969735977449,0.019966506448523675,0.16050644386466303,0.1200778847005842,0.1096215181327328,0.1935793450685999,0.029770443067838655,0.019293398549783458,0.1717556656648519
0.0826294290293097,0.07806692520464965,0.054727922442915765,0.13672243580920776,0.09274084640368377,0.11263121339188549,0.15483652529258307,0.14907976280522825,0.12275341886867834,0.015811520751858335
0.2031987157343906,0.04889232971877774,0.0072146510129799425,0.04821521763438087,0.06362900071470887,0.17567994066432352,0.22382518526176395,0.16720052261522353,0.02627106457907991,0.03587337206437106
0.10522777091858136,0.04656213580833108,0.003268559668045542,0.1541912369177182,0.13089201629461877,0.1359451189289934,0.05596142531305612,0.1393020762025139,0.13484505836672628,0.0938046015814154
0.06011067695915531,0.0653384317946042,0.15203002980402122,0.10898536986411757,0.12928597045152287,0.128799282575335,0.1350569407211462,0.11550782747155278,0.08677543092698628,0.01811003943155852
0.11714148978865208,0.10720222601334885,0.1923962446111693,0.13846500879906723,0.05579766675761719,0.046679627517395704,0.0009573108062829835,0.02652727796923071,0.1974170088092079,0.1174161389280281
0.14444758124718343,0.040687257218218004,0.06431576373530788,0.09118385438087705,0.11061634987837742,0.059930656763347065,0.09830941112368366,0.13333714700601376,0.11239546288903872,0.14477651575795317
0.08949097007708978,0.1615441984840044,0.136396927501804,0.02344891480229952,0.13087782992642033,0.11415882743085745,0.03548886538821859,0.1225320712021081,0.11910417106035105,0.0669572241268466
0.23678803403924373,0.04889912016933872,0.007685186478790468,0.057688451502365984,0.012611450004277523,0.16849163279310905,0.08993650005729963,0.1101535629588327,0.03993561823041046,0.22781044376633186
0.143334080070325,0.09585673322353137,0.10554820729849936,0.12868402569299858,0.012826496877091404,0.05653248681037334,0.09161928383346958,0.18148374453955957,0.13500446381793024,0.049110477836221654
0.043509104991748995,0.011205519729102255,0.0425717419811608,0.036893579332814924,0.060709782835125306,0.2345053990991609,0.01551596730575227,0.15656209709803973,0.1839314301707637,0.21459537745633117
0.16654604577983229,0.06098024527671368,0.0973929109912628,0.1251010521520393,0.0490081579404595,0.07547823699314922,0.0635542392488691,0.09595335859137592,0.19236463732574138,0.07362111570055681
0.10667272047936492,0.14067072134842298,0.042503243871024755,0.12524813230206008,0.00873825995072666,0.1566119876689464,0.17230009921680345,0.15988978623884298,0.0672549690883435,0.020110079835464405
0.04106177077254154,0.11528689057290248,0.17723758999943692,0.1836588832476389,0.14152381023767918,0.042488097596128274,0.04031450280223957,0.10446748967518063,0.10360419368028763,0.05035677141596503
0.04023347721253275,0.12519241753495708,0.2114790957093361,0.05361834368795764,0.10822136085297919,0.002326851337285694,0.12476331232269162,0.023983817404616505,0.08709304993057841,0.22308827400706494
0.1286616084526296,0.041933474257477676,0.08436848551685447,0.04338633174284922,0.10575507829811637,0.14583021450448627,0.1341454708020876,0.08198145350315633,0.11365382769419038,0.12028405522815218
0.10052424997489251,0.0978944818527661,0.013950687662191817,0.12612864119530037,0.13576647877334994,0.06344315757623556,0.12104886684074413,0.11837160357988698,0.09173647331352915,0.13113535923110348
0.1598617965812149,0.058401253546839255,0.005224180314823514,0.08153003260696108,0.07849990496477603,0.18064869525831945,0.055401542937881104,0.1484319830648123,0.053491080561098095,0.17850953016327442
0.0027844010441425587,0.009804754708560614,0.0376183514940141,0.23407758629778405,0.12113713253164424,0.2520368221178538,0.03970842664200653,0.1464485056799629,0.15420429189017434,0.00217972759385677
0.13201929990847902,0.16891481003581146,0.07328755264856417,0.1569973783650212,0.04565883564940601,0.13792238829190148,0.024606569198161465,0.05530361246869807,0.06717592987392877,0.1381136235600284
0.18594861179653538,0.13103474361611994,0.0043034517232366995,0.010262868345377195,0.16899962242085761,0.033441272626838686,0.02743583975247508,0.20464265823244293,0.17473717685459833,0.0591937546315182
0.18791332231004879,0.13368707138263497,0.02997132408132809,0.13679453681816717,0.12141762854592227,0.12653279047519617,0.12372033038148196,0.03372763487555358,0.014940347467510467,0.0912950136621565
0.03808077399500643,0.012115968152235687,0.17640423879380598,0.20767764187297763,0.06505068528483027,0.08918575571808583,0.08365638955367384,0.06920692721576477,0.19818745889775935,0.06043416051586
0.004549614827098118,0.10322781947997894,0.15270567128199627,0.1595883184377038,0.14231151576239745,0.12410599117310891,0.13268645044978494,0.0816371301634327,0.028823955414657848,0.07036353300984116
0.117863500784504,0.023432886043379415,0.1915225951448449,0.1956222433069996,0.06803933607833425,0.008006912710856158,0.16856248206188076,0.095599360286033,0.11434685890186289,0.017003824681305058
0.11171789808489574,0.10637883597531274,0.11852479665642965,0.09027062169178629,0.05783410681900612,0.04365020911751459,0.1168372775576946,0.1010490791907808,0.11428567636113615,0.13945149854544342
0.12068657151436388,0.05114690118375698,0.10165902954758534,0.09554565699075461,0.13992090850553435,0.15560629610290105,0.11801402235143313,0.06883572007368961,0.10900840000511863,0.03957649372486242
0.22675951163045155,0.05132364411194776,0.08715701232994166,0.16136667256789058,0.03833583912429279,0.04297512108187809,0.015221739597699473,0.14075709854918822,0.11901733616902066,0.11708602483768914
0.1473336055560844,0.10652639969803757,0.13888500093777922,0.04563664677377111,0.006112519900483304,0.1186027266861526,0.16024076876937898,0.013630280735151254,0.15110486415476773,0.11192718678839392
0.04026975169750267,0.15814510435329793,0.1109615433804316,0.00021212218756325345,0.17656854556758378,0.04703241110161757,0.16717270625474448,0.1898177881824316,0.035606289196666314,0.07421373807816067
0.08400297524570238,0.17381843808006844,0.1208447249266135,0.05081348368803278,0.09114280552898568,0.17473675332897237,0.08342465094934896,0.1281440560248719,0.03425198109326342,0.058820131134140495
0.04937684732833807,0.06658173917665385,0.012657907610335757,0.1430762555477407,0.18871585292441725,0.14333041724384898,0.1866835850712903,0.14432403776944802,0.009807425086573698,0.055445932241353406
0.006039507632092889,0.13771095945845607,0.11211470110010412,0.1283582524192928,0.11125381906752804,0.039813614358969046,0.03976305813638812,0.120195610193104,0.10754089593519021,0.19720958169887473
0.070933048631334,0.01949126669668914,0.06139391632189408,0.13200914317568166,0.13891471106911815,0.03243234433424612,0.10490036537357977,0.12716187227063575,0.15393021960933517,0.15883311251748608
0.1410493774327857,0.08428682086465757,0.10139839363344062,0.08839311422866211,0.12725773063605864,0.13145447482114653,0.07156486617732413,0.14038963489721823,0.07529295681531985,0.03891263049338663
0.0193007476772607,0.03869302641452166,0.02525141261630747,0.19830855888420595,0.22346685008604278,0.1828813549349555,0.1107213273847456,0.07868764097563107,0.05028840464229102,0.07240067638403826
0.04964089737005416,0.0430627513813699,0.2031618874217741,0.028946326869505924,0.05205485424513552,0.1949095953878556,0.08211464031994277,0.17164520914226253,0.16268343384890088,0.01178040401319875
0.009013738454322013,0.008586297716809365,0.12206489942017713,0.08078693328832982,0.14240546115507996,0.16528394283776776,0.060356466769272185,0.11395840698018285,0.19411457041839056,0.10342928295966826
0.05988036015203713,0.15128422654997475,0.15852863358662214,0.11579999302043921,0.0704242427553752,0.10796083457946519,0.0890559278560666,0.06610829566551116,0.04470149530957696,0.1362559905249317
0.15429101578355023,0.09431658316078535,0.11791604222639711,0.13029547582215786,0.1454309143060055,0.010865979627098349,0.06899096862531108,0.14649438342323648,0.003578269939774282,0.12782036708568373
0.15416802647191089,0.0926183880045081,0.09667919138173084,0.019136776618485844,0.052305121713410285,0.17609780055692595,0.0521839379148471,0.16988183888424596,0.116929742256429,0.069999176197506
0.20699662894871398,0.0734219828127623,0.010268425028335927,0.2146850776185079,0.01600537577804933,0.042706581922903525,0.08384867241718122,0.19820836376825646,0.05245236666343943,0.10140652504184988
0.049043702874594496,0.1979672878768513,0.18183035027415595,0.01872363211203199,0.0704473144927626,0.02722834752083779,0.0330710572541714,0.12031232793747415,0.24120207182492312,0.060173907832197164
0.12647590004828893,0.07589815112065543,0.09501778294594938,0.0647697939192909,0.1448343164076166,0.1415120997716833,0.11998654892524852,0.05553038317326907,0.08845483617627597,0.08752018751172211
0.03722323299817271,0.03257762314339483,0.08326225400664686,0.12532445858554062,0.16444209794048079,0.1549812887914458,0.1778922570625198,0.11310336319840614,0.07577223865692886,0.03542118561646348
0.002012176993215094,0.08449055996951488,0.06416180881210874,0.075754656791802,0.15462950883657117,0.13664695405977995,0.1612276211614621,0.13592703411705234,0.1056331429690797,0.07951653628941392
0.03495482387124415,0.056185816807770975,0.09547141056599742,0.12694698984532937,0.14148797236867178,0.15115926540849467,0.054241145905968687,0.05194128244327597,0.11492033687486201,0.17269095590838482
0.06302512965289812,0.017191384126328188,0.18372646017124483,0.0762305280812295,0.1543800312878997,0.13163597580081407,0.13563507861466548,0.02602966560600752,0.06939111088190476,0.1427546357770078
0.11123807019994203,0.18250501405846503,0.050885602276099215,0.206972740233249,0.07771408669313445,0.10419302302623001,0.0213088856471676,0.08321655729457292,0.03590810404639068,0.12605791652474893
0.1358012658723313,0.10450769526572794,0.011278234707628692,0.10824839324011883,0.08478494565998236,0.1733784430566818,0.09963751142637885,0.06752591639051349,0.05357509479248127,0.16126249958815567
0.2219352082978675,0.04690073718307541,0.13160292408723237,0.0025961761476992846,0.0641209553495158,0.21394918584739814,0.01077505016297565,0.021180803469123335,0.044796715837494304,0.24214224361761819
0.1473359257269884,0.03969822876616696,0.08081777026160875,0.055454618795959976,0.1428493460093744,0.10580510703608262,0.026355196724022086,0.20133134862933574,0.17676349522183601,0.023588962828625173
0.03473879551267407,0.12992498897505272,0.07592830260004066,0.18155217378059638,0.06269680957132316,0.15728338964734406,0.04691786046818004,0.07797381141556127,0.14667405123370297,0.08630981679552477
0.029815795506931773,0.16947145045890474,0.10861605415666753,0.1185215135780227,0.11146393589069373,0.17642529154483416,0.1496393241071163,0.04826982994218863,0.06687916723795245,0.020897637576687892
0.028501003753375376,0.12806588072015318,0.06140345889988567,0.08279181904527938,0.15768777422929617,0.06629063151971709,0.05539712987486671,0.1884804634009889,0.03281808864214047,0.19856374991429707
0.0599647526148485,0.16435262776731396,0.07381016301557208,0.09023338587776503,0.0997201845006478,0.09559206149885716,0.050811769817933165,0.11098263451603169,0.15243125359669693,0.10210116679433366
0.09191516965386956,0.12993292035123027,0.02535964347828139,0.08775480477217225,0.06201746404448344,0.14138601186067323,0.10379380486051393,0.10684560496389237,0.127243832890721,0.12375074312416257
0.10297389127596587,0.14266772674668668,0.0739371842033552,0.0541569308384605,0.13803286120795114,0.1414821144303854,0.13646589553623417,0.041787408136709746,0.06749550234611659,0.10100048527813482
0.16996233371133246,0.020842764276950202,0.1522626477927198,0.13805255743598802,0.013956245095399675,0.038482266679296905,0.14650295723754989,0.07716029133572047,0.04929918901621822,0.1934787474188245
0.09132030009514285,0.13310965158357535,0.1416709038414014,0.13059011766037024,0.11591102630173611,0.12140060854328737,0.050192203432190836,0.07853240355557295,0.06490895922081912,0.07236382576590394
0.11512026376765135,0.011173514761507283,0.17226025204798423,0.1865880667968762,0.009760604821669452,0.11215802329921332,0.10244639720216693,0.1530936898044969,0.10007711102802495,0.0373220764704093
0.10275614160350588,0.142484370451426,0.12913281187903855,0.04827168588047154,0.0324786830375025,0.10034349737307902,0.11999120121053349,0.11840445946575046,0.16124368861383728,0.04489346048485536
0.01560470894987635,0.1906697697007046,0.132770077983457,0.1047850840520121,0.021545258641339163,0.06487803552851254,0.009338006317262422,0.16365542288550888,0.22253961643774425,0.0742140195035829
0.046480578264481924,0.2609468577620727,0.0025315136917375015,0.1274180747307812,0.1475872962237249,0.04404690706407267,0.04263052586324165,0.059554080802852155,0.11827221547533895,0.15053195012169626
0.10719178273113472,0.02926220896425962,0.04100054747256107,0.04749663317430405,0.06711396654258533,0.21905223103481256,0.10278845772165675,0.07591862266791546,0.09990777113630203,0.21026777855446843
0.01842434818712172,0.0204503019154458,0.02161182110384455,0.21436564967428356,0.0015088642054734698,0.14599262243536584,0.19087326092903026,0.1429217365238227,0.05685470314582363,0.18699669187978848
0.0847493918536832,0.14915336538550042,0.17142334714148702,0.0811284149271259,0.053723698195088064,0.13262054718639837,0.03397072262446379,0.013321860217374717,0.1875878776722647,0.09232077479661402
0.011921913349531223,0.12372583825238102,0.1275990432274437,0.16383783753048545,0.16378592803018574,0.03007204085837061,0.08413124886570679,0.10593088504781077,0.0626220062084699,0.12637325862961488
0.2023841300024776,0.17517343704019808,0.03299210308960836,0.0644438711872535,0.13701507033407556,0.04323832773653367,0.13041822774546052,0.08925195995951762,0.053363825045818665,0.0717190478590564
0.1604977734331857,0.1532131181567218,0.004644713374379356,0.09412923456582369,0.07881131721286139,0.009541549332630678,0.09649971713240994,0.1558184132936145,0.10658483122038456,0.14025933227798823
0.20915784895060321,0.14191941414474318,0.19038244296556342,0.017510979376585686,0.06556652460558202,0.1432067859724597,0.06191185041895037,0.08554641002730357,0.014306173515334994,0.07049157002287396
0.11929092133727459,0.12660994113948926,0.032630228763336856,0.12174336887377897,0.11760938659595027,0.0643973415270399,0.16551403031944392,0.009076212433791376,0.056388004865028866,0.18674056414486606
0.16023341152488416,0.14946986615172972,0.027987724235246113,0.15558614148821695,0.09647151870390376,0.10553055447116447,0.006060611536349241,0.014842244839726954,0.15615817822696532,0.12765974882181325
0.07272984722269388,0.07545065576952677,0.13858049257218175,0.01725634023833443,0.17375753244617528,0.15862367893886498,0.06277980920263139,0.1195267243675109,0.1246708639808635,0.056624055261217145
0.053704354184911665,0.01634025736552695,0.15658701686517565,0.10500920103981629,0.1416145719011009,0.022816227876528726,0.12640665081962302,0.0993256391260298,0.16628623295304182,0.1119098478682452
0.12983219835770546,0.06739426118495219,0.016999046305710974,0.12976396694382483,0.16052863951629207,0.03645240451069012,0.15487826100127813,0.12558907953883824,0.11352296223954186,0.06503918040116612
0.1737002702825121,0.17801128710833822,0.1583626847144398,0.14577815957610368,0.03818434805926125,0.020981553926928173,0.10871034792754108,0.0833217592839665,0.03337149387867604,0.05957809524223315
0.1602418103630746,0.1665010765031902,0.13455800278458213,0.10532883347619133,0.1227434780323758,0.03174471834620416,0.11600544319623837,0.05909248943954517,0.04477921722058633,0.05900493063801195
0.12035542249609618,0.11436989472181988,0.10230119108338794,0.11828287998652355,0.03745220063343816,0.1191745444327013,0.07656989961560912,0.09285671693789718,0.12533780132962355,0.09329944876290315
0.05773547230980117,0.155443486996295,0.00012632843656325664,0.10357929846253709,0.2268581956972687,0.01746548373492876,0.1506269459417331,0.0804159210636372,0.17227706421868608,0.035471803138549765
0.23394509647748438,0.01773166581628174,0.006857740148848432,0.012209805531209313,0.08289820681029325,0.2366053935625827,0.21056790316140034,0.015181441225783427,0.09721696558809817,0.08678578167801825
0.10297384861173504,0.15159959294489628,0.11363205819355143,0.07901802985992808,0.08990930770805591,0.150446066561706,0.09240056726284668,0.023133090400344627,0.05590605569780371,0.14098138275913225
0.1344759404774575,0.008907041113065815,0.11580330636372775,0.04354247552887723,0.11968041417668202,0.15652500217829618,0.18999097622894245,0.019623624214700142,0.12961821816941485,0.08183300154883595
0.09275910317540896,0.19223631475115557,0.11908352016707441,0.060699475158095074,0.18129848174656973,0.05841068306663605,0.0724810697927951,0.1274794361882835,0.03432774859942777,0.06122416735455377
0.15629846574644196,0.07766208226026455,0.0634410042381758,0.17239636526215912,0.10495441717760848,0.0560684395506419,0.0200501276559689,0.12820092833032531,0.1911896463136236,0.029738523464790348
0.08662776967818517,0.12687495261966159,0.11365319860145627,0.16319877496626445,0.11053176075727959,0.12782510563922206,0.11472764702080951,0.07271589759555314,0.049462248420087125,0.03438264470148093
0.12507750461261097,0.09388369432632675,0.13168314598616337,0.1331028605874168,0.014093837653820988,0.14536426042641662,0.11672671524445052,0.06812188540445677,0.06265791454539754,0.10928818121293965
0.13841250819625586,0.15847999747798783,0.006745434410880993,0.11331293342236574,0.07887846245227845,0.087319888004972,0.1539612677224046,0.08519520286560468,0.028256819612227806,0.149437485835022
0.21596237530441764,0.21296824470219083,0.0072742788455169745,0.019982640027600397,0.0862405560606609,0.03828271528472143,0.037931804031912916,0.08018615150626089,0.07794202483639452,0.22322920940032354
0.09280050798133863,0.12904403650521504,0.16057296876633095,0.053763310837165214,0.02736304540161533,0.0262592284009514,0.12287101196191658,0.18202626062761454,0.10549196012454237,0.09980766939331008
0.011803736862520613,0.040956112775718506,0.04584863245440788,0.2185953625807052,0.17409112365877843,0.07593020465123544,0.15098781495910224,0.011424730309783979,0.11054908626032936,0.15981319548741835
0.033207069260318696,0.27130853587808973,0.08882473427114441,0.14124576884657292,0.0160419231794098,0.04754699834230414,0.08662679507881575,0.12163385514031155,0.18187029108801986,0.011694028915012951
0.00017851783192821344,0.03237890645707698,0.021190016247140047,0.021175194975168933,0.2264430196558275,0.176145417530982,0.15893440781224052,0.17869818086138645,0.017209691040284466,0.16764664758796494
0.06641027954499537,0.15063721107561193,0.10404786484341609,0.12916920089034697,0.10188407084080044,0.10514220670132429,0.054073095608192505,0.05113846898878771,0.07302750836056138,0.16447009314596323
0.04277086950422165,0.11944357240543395,0.14185356388416312,0.04063096904021261,0.18120374965485272,0.028258451206420537,0.10830389021800121,0.11676535782245034,0.18395201981775527,0.03681755644648853
0.04639213236191928,0.05456283094792905,0.19047730590291478,0.025085982634710475,0.00279509621263306,0.1724051602928137,0.13179013039613963,0.09893560681505623,0.16312925383265328,0.11442650060323055
0.1770682000154532,0.032013828628547736,5.493930877187998e-05,0.18361406612413303,0.16196875150296566,0.07545658852216204,0.19106316842849289,0.08310094434012856,0.04952948635234806,0.04613002677699699
0.0756664142010076,0.08742714371900275,0.07278394078362063,0.17168632350007976,0.01192412322650149,0.1492955153686497,0.13311932879842056,0.10978497158049316,0.11928448672100403,0.06902775210122018
0.23009377309850507,0.06865001134741006,0.09611904133599125,0.04954000725638756,0.1221441228650276,0.03377154999583064,0.16239002146452786,0.10746451595595209,0.013792342651621319,0.11603461402874662
0.18050608336852816,0.11898034819624595,0.007100796556696883,0.17737907605247175,0.1464650844160185,0.10617059287296593,0.05591032583238864,0.053377124902516324,0.1303021874157589,0.023808380386409134
0.16490495096246335,0.0804231749361476,0.11697372211692594,0.08568105470187792,0.13708380505844964,0.14946567604697855,0.0600316445197417,0.05805612514495567,0.0794599293207266,0.06791991719173299
0.0643385505436799,0.16392452601607946,0.11581186853049541,0.1527299809290784,0.0356662534825936,0.051095161234298234,0.08626345223205797,0.1668130419088883,0.0638897562160259,0.09946740890680295
0.17132207318457796,0.123232061911155,0.011946951805815611,0.056866768909122116,0.05450400269335133,0.14975185443519667,0.020457777991415328,0.1440173243286491,0.12328812394721661,0.1446130607935003
0.02591290253677451,0.06885213439282123,0.08408601441285664,0.1298987802955687,0.02872787100507713,0.12073960562703018,0.04418907153363442,0.18858871784608555,0.14113514170105815,0.16786976064909337
0.060531530652980205,0.10386665034839339,0.15694449132879018,0.17840416164387712,0.08230681461840354,0.06639575641824702,0.11912149840425135,0.12119655738965365,0.026652206797696084,0.08458033239770753
0.01836180078132365,0.07420879695054908,0.14064099603041225,0.14974454951134594,0.11352555809200515,0.11626928465640796,0.14368181292503066,0.03323128981551973,0.1525782444752285,0.05775766676217717
0.12576638927510908,0.1261372078520492,0.10819375847230205,0.09817823882426725,0.12002001885342564,0.05121939631944829,0.11505408266601648,0.1115673127692403,0.014898158872780667,0.12896543609536099
0.028571719406948984,0.13833422390324052,0.10741209153035873,0.09592740624220132,0.13375097550050224,0.14643005095081776,0.02213642977203897,0.0852774017183929,0.1391840508061211,0.10297565016937751
0.11787326807750304,0.0029142385489274534,0.01763996848093193,0.16421227138879663,0.04114994728424358,0.08147698446382667,0.10683070186730091,0.15955773361114095,0.14532992823010632,0.16301495804722252
0.04636970056673273,0.12055410687823082,0.005072738014971564,0.15374291642100602,0.02710443315682843,0.09008700736146477,0.13365503891518263,0.1613009995794187,0.12227279116106468,0.13984026794509966
