i = 0,i = 1,i = 2,i = 3,i = 4,i = 5,i = 6,i = 7,i = 8,i = 9
0.036795829527045354,0.03242313952945256,0.13327781350500584,0.07753858973291401,0.08947511919153428,0.06984627948966553,0.13076259820786254,0.17122300265282098,0.14872666845286817,0.10993095971083075
0.008944299015514936,0.04768566130115428,0.05738764493840892,0.14378401648030073,0.13916267935027035,0.0031200424341236194,0.12168289470916763,0.14710423358180683,0.16601398614784577,0.16511454204140708
0.01396547709395202,0.03761572864801565,0.15822321264910386,0.07847253284050781,0.1258871930061274,0.018912633862406908,0.11430620093835644,0.18291242748358236,0.20328927891026286,0.0664153145676847
0.04002132722991161,0.08305695808371068,0.15897636026292414,0.06462775986656895,0.048476954302125445,0.1202832147352295,0.0964562125773211,0.1009579723538514,0.13241053279036633,0.15473270779799086
0.07834202593382544,0.12391892322109484,0.12591214505350298,0.07203993292276663,0.12497402607775361,0.033319218833305714,0.2308990906836324,0.022311084108375012,0.001957020605012434,0.18632653256073103
0.19935433062456387,0.03756205975319387,0.06309178980709615,0.046976333989190176,0.19589177707780628,0.030992908812682404,0.12763517585975753,0.04512736749613452,0.11796187496290565,0.1354063816166696
0.08407989882238977,0.010288535887882694,0.08282612188361992,0.20595025190047644,0.016836719448169786,0.12486569046578715,0.09926006387066118,0.07129507328588436,0.09552814586213776,0.20906949857299087
0.011553138647018821,0.024313991570102347,0.10432553244547205,0.11383015860294901,0.13611471237595435,0.17105167049559591,0.14114068277752256,0.16802590710113552,0.061669619556197416,0.06797458642805196
0.10990622489184984,0.04738297606932789,0.10705122608469372,0.009752216759188108,0.07168012136319393,0.0407196281535335,0.1362697076911807,0.13791505248354669,0.1559778626154907,0.18334498388799478
0.10285893293868621,0.05482434447486817,0.12133005348615371,0.10156787702404269,0.0038454162870235203,0.1122964261535917,0.15274455319800556,0.09176481118532716,0.022416501744580944,0.2363510835077202
0.1488163968437956,0.04496612533936696,0.14222646425261512,0.1300035977938321,0.04975402224061436,0.08121054030397655,0.12880556461609965,0.07626017903748533,0.14731397006927927,0.050643139502934954
0.08483773098226693,0.03744978455869113,0.1758620328179638,0.02684186573594397,0.011694163706194556,0.10869590848027248,0.10475623899782334,0.21309287271444677,0.1296248373909597,0.10714456461543728
0.05978524055626358,0.16344785004577642,0.10877232784262843,0.021459669607935272,0.12496718459693057,0.14646829557070956,0.05731733685242913,0.16477579870858206,0.08191581151130163,0.07109048470744334
0.0018144182035881255,0.017611589260153777,0.1036288608954267,0.1237321993578651,0.023076210287669846,0.16572779202361632,0.08911636291738165,0.13410696095230545,0.18505881091606838,0.15612679518592465
0.13791132980626794,0.13221206154945228,0.17515361877314053,0.04593402165905609,0.08389282919676275,0.0845584816034259,0.136781813364565,0.023593777252641005,0.08470738877741939,0.09525467801726921
0.03304630015539338,0.18240693296615018,0.026436340939141257,0.007405968508971955,0.12096224255214431,0.09639921761570225,0.12806729035173928,0.08351183094420353,0.06583316057803994,0.2559307153885139
0.1032965264019058,0.061603351527843866,0.17864679809405165,0.017954426330088657,0.06798664879183791,0.11625167504832518,0.029944069445605816,0.1707685195758481,0.15199025950501655,0.10155772527947657
0.02580934075850247,0.15398486354879992,0.04972419235412503,0.0044220076124310646,0.14136685079663008,0.10193852666073412,0.11423740236799203,0.15161643175306272,0.13985546949912234,0.11704491464860033
0.1098760489308342,0.07700630200847462,0.06829675423783059,0.14074902652614193,0.12273400220048404,0.14110634845584027,0.1496390789259545,0.055857891725046085,0.007084406353597072,0.1276501406357967
0.07114405007435344,0.12000547399994924,0.19065442614715936,0.17429615524206407,0.027593037628472813,0.15724506120760462,0.10690756574530302,0.024351011150964174,0.021267637657251457,0.10653558114687782
0.13865109877196063,0.0793318383836211,0.13834951433641543,0.12781669199572995,0.07004476165877355,0.10955519312463456,0.08237546596964271,0.06257169338314642,0.06231191777313896,0.1289918246029368
0.059548929111881845,0.17915978586619055,0.156890206492628,0.11733222844829853,0.08374183324075636,0.1570201686516992,0.028248394774488768,0.048314909812667665,0.11935832125211415,0.05038522234927499
0.05278786166883528,0.0895095706295295,0.1449933658297328,0.03654570343266868,0.153413169032758,0.06932281215793909,0.07506969437678862,0.1761261033872506,0.02521468492146122,0.17701703456303614
0.09384524785263677,0.1679875673240388,0.08759460815032612,0.12779505817201617,0.18700356489439568,0.07699820939888286,0.03791232665789307,0.04345347178644709,0.047799121837146755,0.12961082392621673
0.15132941904798833,0.1656266934385653,0.01712064220199431,0.042885780917577776,0.058552772997960474,0.0820585701960504,0.14778022437114613,0.16330060518382053,0.006591594222879311,0.16475369742201743
0.05578265749227965,0.14733231391799478,0.011165411058236627,0.02966577749200078,0.002948918528728159,0.2062052787584702,0.07042428647550354,0.19569680813013554,0.19498589467808997,0.08579265346856084
0.10834077817914713,0.0359199973890977,0.1667094129365467,0.15638358872238475,0.02603976059664918,0.18822027808013966,0.05544360111504883,0.02438131779140771,0.047833539829293246,0.19072772536028515
0.043420821359280375,0.12807129936975942,0.014242284834073762,0.08689848409568444,0.13548153349295128,0.16140792417301714,0.18803951513477818,0.03358065270352052,0.039031392628723655,0.16982609220821132
0.08379356282515361,0.16162784408081424,0.022449872496944908,0.012581288318130553,0.05472435377068041,0.22927405842010185,0.03193103486709618,0.05855872169646551,0.19559963883927334,0.14945962468533938
0.10286951598018695,0.08334060775708879,0.053606842442045666,0.019116001438864844,0.04303586413948354,0.1328196775293599,0.19727008533899953,0.18054335425956994,0.11224357861394134,0.0751544725004595
0.13604808466182458,0.1196145348080521,0.03610526926690655,0.10735955095797906,0.11092989285055886,0.13772368017605885,0.0576721341980439,0.09484519015201098,0.1269462125601749,0.07275545036839022
0.22349706730581437,0.03533461346010486,0.1680428170493628,0.2158958997921013,0.08902226429745509,0.00803777125094674,0.030268029292184768,0.20261455924109936,0.014150996185567446,0.013135982125363307
0.027187365764133137,0.17369954574155191,0.14084934157393447,0.005946729421301148,0.12084040968292863,0.03826704781425081,0.013911498247821119,0.25892249567944087,0.012162269450722695,0.2082132966239153
0.08184762837550397,0.13173589402332317,0.1282020093223737,0.09916247282773975,0.034734478899687886,0.16994296197133382,0.0962799685483262,0.0003060166628273428,0.11588944564520744,0.14189912372367677
0.09135309184817698,0.17966839782520141,0.11354207849765678,0.11752952690276677,0.13841474180551694,0.014256136993388615,0.16292487329919908,0.03269180564678056,0.061715220657854994,0.08790412652345779
0.11447962583236528,0.1423797298232363,0.11915768558043484,0.08326315523451343,0.1140527870366886,0.11216905817233741,0.0656627808076466,0.11493592898026737,0.01577307730300531,0.11812617122950482
0.08230822028026887,0.003090980702194732,0.07628754602749384,0.1761613792078263,0.19057399166202252,0.07937755223308122,0.09454071773362047,0.143166771489086,0.05932076819281748,0.0951720724715885
0.06009179066943384,0.09445261568258079,0.10735429369858498,0.03643636750159751,0.1461605428313651,0.05126007041093846,0.15240727298987025,0.13349284071965745,0.11554572020470329,0.10279848529126827
0.12046148114836439,0.11564551877632438,0.12272097303442586,0.12412371638349232,0.1328127408211033,0.012551328475298055,0.0063673880458639575,0.16542591436898382,0.06278866586808828,0.13710227307805556
0.15036252212208773,0.1275748172225886,0.019096568630672182,0.029099243754735386,0.15360019438012165,0.22439244260232918,0.10485238053898989,0.10811844577697395,0.03565567911689418,0.0472477058546073
0.16028543438433127,0.07875814939665306,0.21216221637955784,0.05170115777066531,0.045768528944918334,0.12221196941689114,0.19373851367636039,0.023079716911196032,0.012525588397337431,0.09976872472208918
0.02793468645745764,0.2710352710305681,0.12810138995980908,0.022753547436853712,0.04864271567871481,0.10924351841365784,0.1767465794407205,0.006332485242406049,0.20359392387268405,0.005615882467128198
0.10644702195085952,0.026575574406032205,0.12661758123634193,0.17948293858383374,0.13834426897184668,0.07635960234437174,0.04431357940445288,0.047089475686553375,0.09003886196917939,0.16473109544652864
0.0923673295347522,0.08018998498217426,0.07270383385704729,0.1253833674389755,0.18380616263706903,0.05648810986112726,0.11214082857667058,0.05289398134407193,0.12428010508969925,0.09974629667841267
0.10809526998623802,0.06716933412877575,0.09171231428311503,0.05007333101656415,0.1342558442183356,0.15304674644911767,0.0829129824268919,0.1407126514337068,0.14947979507590906,0.022541730981346042
0.10207425550062425,0.06381526083188145,0.10205761135047933,0.14258785609121996,0.14874125842067668,0.13594182559168155,0.058108330082355726,0.08273443840927656,0.042675738146025606,0.12126342557577878
0.07320418197905426,0.08842583743341652,0.039478035887243294,0.14518923120435825,0.09807496011594588,0.1659762394764336,0.0395519212608714,0.14113991104626328,0.15141021361218834,0.05754946798422531
0.04875555206768934,0.023224548932797812,0.11227516652681709,0.18519559389192852,0.053411959072609816,0.14903846249460148,0.06939704046656969,0.06591922490013911,0.18052425649792603,0.11225819514892103
0.09053526036808983,0.07955152232720339,0.06995839785353337,0.059126839290865485,0.027732149414959037,0.17503516174606165,0.11653001573120243,0.015044537669312151,0.19486204348610117,0.17162407211267136
0.011368569368568178,0.0719226995261705,0.07784273324990004,0.20638405936219145,0.15600531375761034,0.21387119557876885,0.024009442863223287,0.05403976598816282,0.05693604042570193,0.1276201798797026
0.08589170203289298,0.14237589613929336,0.07872374189729173,0.15394632629752025,0.05093716235587798,0.07377969195350703,0.07747976280337114,0.0810927167117316,0.13195226418014025,0.12382073562837369
0.11391579188198706,0.0804301499414754,0.1798252361306867,0.0594950007986619,0.1565092081829051,0.04120351328755585,0.03776359945309259,0.06558167979593078,0.11358675277148689,0.15168906775621782
0.15027526007199493,0.15136302423712414,0.023341375222053925,0.034423185502770105,0.07461122897666207,0.15822781599193586,0.15627363909677372,0.15487126550525468,0.028599608721762187,0.06801359667366834
0.09128620337576651,0.08253708954163005,0.10950640407147315,0.07211310252739714,0.049801710729135897,0.12255656840574253,0.10418349334424447,0.1582493036323598,0.10297533333136902,0.10679079104088149
0.057985346539685165,0.026744622681621723,0.166254693027586,0.17318886714797121,0.11223134569846765,0.05009866687855138,0.059312315551815466,0.14561595451671788,0.1583648597682822,0.05020332818930146
0.16188005744355277,0.15405227225566923,0.014063273109476415,0.12977321968129465,0.2044566021299991,0.060797347069966014,0.011637741667608514,0.03551928121415491,0.08040363174935589,0.1474165736789227
0.08997972650656677,0.1397709529841906,0.1633171968445585,0.008691105683030434,0.048705603574696166,0.12562921153834902,0.20431243328289592,0.1528191187544934,0.006589089865108328,0.0601855609661108
0.06594574282506974,0.027144343946259596,0.001500824516322744,0.13988432078430388,0.15603721295267695,0.1468744540236894,0.11168968889579473,0.12363273908084906,0.1884218501197588,0.03886882285527503
0.0863095318264996,0.14207794365849513,0.07398542629581588,0.1121433577757027,0.20387574141433315,0.01937139293070703,0.09319939146693153,0.12481408396827604,0.13846458817591156,0.005758542487327334
0.13139340454723822,0.024484248492965772,0.1128075363374816,0.09705283944811283,0.12575973536590698,0.10656624843655403,0.13329649539839855,0.10708284265354144,0.0744557707877165,0.08710087853208415
0.13430812728265615,0.10176237984808165,0.06619368299372612,0.1401309090454267,0.009150131972131511,0.15382377588745372,0.08201475905327456,0.15215934550975427,0.1304174113796441,0.030039477027851317
0.030932542517459385,0.1330608734705072,0.1306467234946308,0.10954832159146861,0.039109040048086,0.10312375999981895,0.14337196826070675,0.14822551305401208,0.056622030554758646,0.1053592270085517
0.2318742300759476,0.026278018447393664,0.03747689566379968,0.1923913812856184,0.05065085510254259,0.05385079765314925,0.14833483142897969,0.10934683672172181,0.11262912627113915,0.037167027349708226
0.06306168642241071,0.10952452055308112,0.1229507927836221,0.15151074243303983,0.04989848266728674,0.1342893473326382,0.14679207765068716,0.10166182177764582,0.11431125694978178,0.0059992714298064565
0.016766416090877242,0.013172166198190076,0.07681055509683023,0.2699862751614983,0.14361275351990857,0.0034880304305570753,0.08503618814799174,0.08607172998641838,0.29829394418152744,0.0067619411862007445
0.0745524752765234,0.09721456941445476,0.16712221675756486,0.07470737624022022,0.0036720011254357857,0.08886402377480433,0.12204474916150405,0.0763128428740565,0.1216552740855271,0.1738544712899089
0.022986737710785125,0.15675949168707312,0.10375463961656148,0.09213842298069688,0.04466759986882514,0.2160901567321565,0.1594507633424462,0.16048277901027977,0.002833212210609217,0.04083619684056637
0.08847982711315085,0.11658585991863328,0.12074988427060984,0.10467888223596508,0.07115667601267622,0.10944248612409307,0.01562024405260626,0.0843556678651691,0.15294409394128572,0.13598637846581066
0.1297457689811308,0.08465623656961666,0.14912962341579092,0.04931357150079378,0.14697386997033468,0.0572695165262783,0.02916486607662848,0.1032013681201813,0.19748293753829255,0.05306224130095241
0.20518687032547048,0.06570523480007523,0.03325882568590125,0.14217756554588204,0.14680396121833897,0.11735838985542689,0.009728954974590564,0.059289457843591346,0.06685065744352449,0.15364008230719883
0.018276133924999757,0.16113049841937058,0.06841644884512378,0.11181717540069656,0.13993036055687838,0.07357893576298508,0.10699966239792114,0.07206416074111661,0.1533202175459611,0.09446640640494713
0.00015066888036964666,0.13321443447441125,0.16452862109610575,0.052115223942006364,0.16502926028484,0.10603118794974191,0.015504885582255169,0.03094869774102657,0.1721063645545069,0.16037065549473653
0.18963335996076047,0.04353053051041181,0.05939391504089844,0.1299998765645422,0.025790078882965833,0.17091836666214885,0.006332792509199199,0.08756603762996852,0.19062630723690893,0.09620873500219568
0.0008818197091574742,0.03112083740453196,0.13808085614541268,0.1873859479600301,0.006918345097537657,0.19301904834209452,0.02877348150664154,0.19736056643161834,0.11616241301044063,0.10029668439253495
0.040199239782447056,0.07200127521716705,0.04132091771524779,0.1715606026188973,0.15003824520587256,0.09997579591445678,0.17144421865247916,0.10769757892201076,0.1419102323393644,0.003851893632057126
0.024071188150170068,0.20337349442885533,0.002431164447164984,0.09815983169381111,0.02389667418280128,0.06048047893861937,0.15147578431557698,0.14917160306365726,0.09429305816005905,0.19264672261928464
0.05584020910473356,0.06462560048046284,0.10826245979245117,0.09985851419378547,0.08119138488787928,0.21594369373336156,0.12439335898225937,0.0038098991611275213,0.05469127811858607,0.1913836015453531
0.1400913707106068,0.0505223120097443,0.15816647920535512,0.10728788250829283,0.09185960111674599,0.1407741335405543,0.12518582204901235,0.036314334235080285,0.07981425842931632,0.06998380619529183
0.0007697174998336858,0.12478821897800249,0.13772285778080678,0.15357551038457803,0.005467746958170275,0.13864237151004566,0.06506896818850277,0.11260473529538607,0.12287339464344828,0.138486478761226
0.1190228325423824,0.12096414512324839,0.03475826158499133,0.14472561751325222,0.10842118702245361,0.1012463463548538,0.13959421472030215,0.00020201054893619598,0.10889548583231831,0.12216989875726145
0.11362787585777699,0.1415284850002992,0.07765901295392087,0.10704556102889007,0.12901282932996158,0.07407599044851218,0.047565651108412335,0.12535060755318664,0.17370532236112554,0.010428664357914464
0.013312538274497455,0.08773982577027145,0.22030532647177792,0.06913232253234626,0.12580142677336048,0.002192866775826624,0.16216876096734986,0.1223159691525113,0.11034470396569725,0.08668625931636136
0.198293323139184,0.11642026429999397,0.16366225788256503,0.12453896715453473,0.12611270575412414,0.033555715746268436,0.04266460283254042,0.09991628882141615,0.03889072951459376,0.055945144854779305
0.07336456512750966,0.2110144785230424,0.05951093474205507,0.055724675251150005,0.12077610827838758,0.1277714329846633,0.18317268944117598,0.0062090274892542974,0.09287334677698318,0.06958274138577855
0.12174386217764545,0.1197335133513568,0.07773078391810921,0.11939081483273147,0.03397204474444952,0.07585702862146418,0.116137796471916,0.13717200967575366,0.12859397410183718,0.06966817210473668
0.13774974484906177,0.05760434133600648,0.024252370658039212,0.18186254390757997,0.15695592846059703,0.18229062601009782,0.02039423321022818,0.045449291903682354,0.1686999235515579,0.02474099611314933
0.15031258342683967,0.10692922742770358,0.023094154944331976,0.09269583458949238,0.11378522114359209,0.07612389213063289,0.037873838072982835,0.18612657929306164,0.04709173618424548,0.16596693278711738
0.06700153309425531,0.2068307392130152,0.014094787857735911,0.04170848278518528,0.016975020010089315,0.07209212007569998,0.11305100746088564,0.05566597289942344,0.2075436806473083,0.2050366559564016
0.0005839653736792757,0.0011557776510317105,0.18243972924030166,0.05235084870140315,0.16118432050886278,0.16657168169325667,0.14910580892057373,0.11273319187870483,0.024333364729694027,0.14954131130249207
0.14641781341093368,0.06342748557641496,0.09384903231100886,0.07982489381784115,0.0053967327153022875,0.15917471207796408,0.1208078967710349,0.07858385221077774,0.18832831587238685,0.06418926523633556
0.08989026922150008,0.12613166210661764,0.0326616751962029,0.013476197985592077,0.17868815413069408,0.15779592768871245,0.006566988460270252,0.09920346347325948,0.13704305195514938,0.15854260978200177
0.14045501890363474,0.06950600616210674,0.17618688783097014,0.0635197955914867,0.04398255981344501,0.17576305133947026,0.05002666538292878,0.0944475859136794,0.14394926079512146,0.042163168267156735
0.07324951313258496,0.2594629850876611,0.04181036841071733,0.016732155845805907,0.08674939531613914,0.01343730051935876,0.25716675952774143,0.06662617298302696,0.10130434630118657,0.08346100287577794
0.1061035386752875,0.00939366166201548,0.0661020796771497,0.12668888153535568,0.15156708660578508,0.11552191345444607,0.06967502643992568,0.14234683299604226,0.2084887361748886,0.00411224277910412
0.08413964574308601,0.11768755237360487,0.17387294372719098,0.00597162505320619,0.1451230092227773,0.07709538408816373,0.16464412618488225,0.06881324554961067,0.12352706272901563,0.039125405328462454
0.11662883726442258,0.07785587755451762,0.07562593489182338,0.10197027300703732,0.08284222732530246,0.23823295753486043,0.07580512414441141,0.10105686919605017,0.11174490834237925,0.018236990739195377
0.03511901576928166,0.08579602396578452,0.028095184856436386,0.07009333481832064,0.18097669122492727,0.079613351538181,0.08542206785653143,0.1789290402957412,0.09013966820512305,0.16581562146967296
0.0009694648692274025,0.1539447786929589,0.2045326871023735,0.1565418212429263,0.03871718045864953,0.148584121058148,0.14109741471176404,0.08695207850712952,0.038314434938113144,0.030346018418709587
0.10038014485290128,0.13213649424411858,0.1337188450973338,0.08623452136707524,0.11719819280983663,0.04022525427925037,0.06644097020336809,0.05130451700987504,0.1410540550562428,0.13130700507999796
0.024063329591395767,0.2252940123432561,0.05040419423787613,0.13095591795681152,0.13855425080746897,0.031357049519613274,0.07251713616816798,0.22045625390320378,0.019460056905393434,0.0869377985668132
0.05349073507179033,0.13909899011038646,0.14462090676423164,0.08579768960407073,0.1324620494378063,0.14021068034750112,0.1686930466428776,0.0083666771120572,0.08874348941515857,0.03851573549412005
0.1730067116143609,0.1580249433376548,0.0890446627445078,0.14534079646999487,0.008894876140796018,0.014355308672878426,0.04036844887153499,0.0973235186067777,0.12257326312311206,0.15106747041838234
0.21459149344743855,0.12656954861696154,0.08973362794597282,0.05712084783534941,0.18030811037495598,0.14785097701116154,0.013477649293693258,0.11003364453539376,0.051403877209004155,0.008910223730068919
0.11244514479025171,0.16063861320894723,0.03417480634595671,0.1267793612179467,0.08061447730711908,0.14609273850366253,0.10391515667479764,0.16401246948298548,0.06510470102216175,0.006222531446170983
0.003436348500118256,0.28201519023379357,0.04336420772403929,0.16596320130873887,0.005843698660384112,0.116079078328979,0.12832029715153606,0.01463870992678761,0.021978492056303495,0.21836077610931973
0.14211270554303776,0.07631696127352329,0.07782198550117973,0.07885774770492705,0.15743764389962148,0.01979424523342781,0.19916694881291255,0.20275377505978812,0.009293589960126664,0.03644439701145561
0.12040178740797793,0.12598509257759583,0.12875706747915586,0.04955722489645448,0.0668852986261065,0.06158805002845031,0.07359030952343819,0.1515072748947449,0.18738399120894042,0.03434390335713555
0.13333522160014757,0.2198425525903651,0.0716807054928171,0.050167500398845086,0.00015524689377746745,0.025386509728118976,0.07830325135634314,0.16855455498874136,0.14023473303160355,0.11233972391924066
0.06702659464100563,0.16986098244570422,0.08723471983388062,0.1003888895726264,0.13757722389554902,0.07973476548056832,0.17508014250841883,0.10387326403863809,0.06898859991172426,0.010234817671884562
0.2628260069920902,0.1431162499834753,0.12975521464857873,0.11022657848214723,0.031949830993484585,0.031479479064434046,0.1172361141328605,0.0798307241109039,0.019687149818007073,0.07389265177401841
0.07351922816208521,0.03570109699288059,0.07766898898762947,0.047255051432365545,0.1922754806643357,0.07196595984198002,0.1007776281824585,0.2013504746932139,0.012202124127728597,0.18728396691532243
0.043654195079516185,0.13394201393065525,0.09723539857660728,0.09666396377538564,0.1401544496317295,0.10263931435356792,0.12262075066433215,0.14474839504110681,0.11189518410724726,0.006446334839852048
0.09823920456534666,0.023338531806162882,0.13008268477064056,0.11366698527052925,0.10376134089679377,0.04817801333285938,0.12922880745953602,0.14863415380824302,0.13371648612863354,0.07115379196125483
0.054320820346544424,0.12137605263495849,0.13006875731385797,0.131187131542088,0.03871897757591621,0.11111316641715914,0.11064804219879848,0.14456280360980853,0.05043195860379306,0.10757228975707551
0.0899190799771599,0.15535223576904544,0.12909914261044178,0.10807711068095438,0.0656138183128874,0.06144614150525279,0.12559029560935359,0.0832870942832869,0.12810997382483466,0.05350510742678306
0.05975761121495753,0.1487527359719973,0.20752339621095608,0.16995006810752467,0.041417644829440645,0.00973251607010195,0.18188581959258412,0.09894812886267627,0.010654281206043137,0.07137779793371835
0.1607703662518927,0.19218505894357796,0.08173529637543173,0.052069121526011945,0.020642917286012818,0.08456707137127602,0.21010437762016362,0.10801915966121241,0.03809555520723725,0.05181107575718333
0.024326762885539737,0.15034304700466442,0.027594800192769404,0.1019169021253029,0.14860771880780363,0.18469810786926538,0.12149487763273822,0.0858618302486477,0.004409053316323905,0.15074689991694468
0.006965891051169419,0.1800295524675433,0.17336820659685429,0.10441675498440507,0.08423026259237797,0.07347485267351729,0.053297473968270115,0.08300210724939261,0.041977501771198245,0.1992373966452718
0.1109721257903971,0.206262659987404,0.11039599802060229,0.06978750136430921,0.08273974261742754,0.08710096623507682,0.14327135924151127,0.0571991022086349,0.015553434938560765,0.116717109596076
0.041264925573578866,0.07094911399166587,0.11457971937395817,0.16939323215009083,0.056004009256278575,0.13259209563565835,0.16172474912029644,0.004276841433059224,0.11020985974279036,0.1390054537226232
0.1516619839113271,0.12742736687460243,0.23838047568451334,0.025409682424131948,0.06377338662766868,0.022975695618646708,0.10665704000863079,0.18149975255130338,0.05896464077247028,0.023249975526705283
0.1494759848078932,0.2043547594569932,0.13260567627282607,0.057287198962003454,0.1256291229394773,0.1278199268526059,0.013995500082973865,0.10643133753916653,0.028847832585865745,0.05355266050019477
0.0758383357027672,0.16103243513168192,0.16412693314114776,0.14215032229580388,0.08747945604630243,0.009729362468435143,0.09149063931276083,0.149866924209917,0.10144328130450316,0.016842310386680655
0.0753213807218801,0.13268660617058542,0.11490325050376958,0.08136213144295633,0.10182001445748383,0.08124860344624228,0.03477733136466232,0.11354377561864486,0.1319864665801895,0.13235043969358568
0.06894793178891097,0.1744471212904917,0.13161118808498548,0.14754558422746167,0.08239614299014827,0.10822558286917314,0.06153912919448032,0.08432583734474809,0.04704013849774432,0.09392134371185587
0.10762908851016244,0.16805392128430563,0.07600977981776257,0.12024823548181711,0.010173896177116832,0.054373907344555335,0.037587649379550864,0.17110349811175565,0.14035413255158571,0.1144658913413879
0.00653568055425726,0.04048768657220236,0.14887477195549983,0.05971277989768918,0.1343496087741952,0.17270412611274874,0.13186130845336252,0.13515256940912543,0.16592514995598057,0.004396318314938765
0.1312122984613436,0.13718641376076904,0.12512863227051374,0.13018083781026404,0.047515605251752455,0.08666219646002458,0.10845266618409734,0.04414740270433593,0.14128481664721512,0.04822913044968409
0.11444105305840181,0.0983412531505368,0.14792662940072504,0.09943976064103774,0.1234985657244673,0.15340033559326835,0.044304674535608914,0.06310251824326103,0.1180988197124673,0.03744638994022559
0.12627952878685922,0.04970882496985057,0.1157741410058291,0.13785481457804868,0.12086828047528114,0.06658603724143307,0.135958999549685,0.07990532822192219,0.1246057668977166,0.042458278273374395
0.16392606816970864,0.10500331603338094,0.18441788902594647,0.08755630508290509,0.03116511653136438,0.09827055982103065,0.04293294051973852,0.05981951341479676,0.0823756289674733,0.14453266243365523
0.04405716851630702,0.1093968782156633,0.1460535755711762,0.02950379339466085,0.16916083951196725,0.11798831303795762,0.006269176019384166,0.10285462049971938,0.17328059874894927,0.1014350364842149
0.054424836334845426,0.11216222120386425,0.1395493903513445,0.14481585863552776,0.1026656455266385,0.18341066991131175,0.0576016627262265,0.175926766497711,0.008591159784299151,0.02085178902823122
0.03341972334493006,0.12150182803176222,0.17432329609168165,0.1851372983149875,0.011923274579275828,0.15716150764410586,0.10303604743603245,0.1263225203479071,0.006879106306311317,0.0802953979030061
0.059223728180808566,0.012310998228638287,0.0399252149392563,0.08123870117583716,0.15336377333325577,0.1161379002418162,0.11493067679688791,0.14080010693154615,0.1143184675724561,0.16775043259949748
0.0017466078877759084,0.082356524161391,0.059801622332785874,0.1478944839428417,0.20465454851925435,0.19632963853131508,0.1474249832665371,0.038226106604254566,0.03562894889755785,0.08593653585628645
0.14684286870147012,0.09882315988068374,0.014717000271031143,0.20405283208118286,0.17513865449934696,0.05890932271167351,0.10064702677420327,0.06342855714588493,0.026157503888952063,0.11128307404557132
0.021660463756025424,0.15410591873502527,0.035413079777726,0.0614326014804836,0.16064625597537227,0.17126976351104034,0.12921727879795816,0.0113979379271078,0.12684499269749666,0.12801170734176426
0.0913577977296802,0.14272487376508627,0.08444756694602498,0.05641664994054352,0.12519464910286887,0.14460779199944981,0.09670783114376232,0.021689631824674423,0.08281415917110599,0.15403904837680346
0.055550003580096485,0.12720020808230822,0.14814792331015836,0.05931960684605445,0.1642018861269938,0.08822264114692421,0.23918518682206602,0.00832969555409682,0.09830162387553536,0.011541224655766217
0.19263384056639082,0.023334245788175636,0.0025298994803540707,0.1839666422314982,0.2013914459302668,0.10239603952567618,0.002495564261512909,0.18679427140668073,0.006812293633419199,0.09764575717602535
0.15557565950724672,0.06988913930633094,0.1468614444308284,0.15506221420102553,0.09514185057955288,0.112442220550088,0.08255645002595285,0.028779725612938255,0.14274791086286978,0.010943384923166545
0.11792158234503046,0.17007019022015119,0.06828127956100345,0.05936741347144984,0.047761843288644364,0.05060179131078032,0.15421720650343199,0.09992764948304565,0.0830626975799125,0.14878834623655024
0.11619382505777358,0.07137592827335476,0.19232257451817805,0.06694380232163076,0.18967971001083997,0.046929869978058834,0.09640634257992911,0.18896378677373862,0.010952946619575285,0.02023121386692105
0.14240080247811526,0.07466552401246138,0.24404655500766387,0.05728684669785336,0.023583278404955933,0.05147438964928979,0.03580140855737263,0.052071062685250816,0.2683854088301654,0.05028472367687148
0.05454290565951424,0.11511631414301374,0.09650535598529884,0.1236961845619484,0.06892473550639584,0.1665076108167736,0.023210310313475976,0.047986278715043115,0.16541601692654187,0.13809428737199445
0.12682290042823777,0.1866257810412675,0.15498563250031225,0.17796952451182668,0.06713358685462298,0.03661923911917403,0.0029458294370378296,0.1475930098146788,0.060015362277002056,0.03928913401584005
0.10163395434676549,0.1276845956401644,0.13284875629642076,0.1214096799325376,0.11111958039498933,0.0958988104559457,0.1419725098356372,0.07239705000296108,0.021232019194204484,0.07380304390037383
0.0003262431024674597,0.12002908281102698,0.07142061270465858,0.1732154785167032,0.13704320795641597,0.15505222259959242,0.08766463194298052,0.01819296850030556,0.10751938139059282,0.12953617047525634
0.13582662627733422,0.13880275191421354,0.10596305784393548,0.05796536678586745,0.1355470689968532,0.09900456394693415,0.0578720474158277,0.030751609061389157,0.13025045446151737,0.10801645329612769
0.1655337252148609,0.038846201467625394,0.061753944809754956,0.06385145445225948,0.13557778644143664,0.12312500315121455,0.07939354245418494,0.05628364409806513,0.11076248185281969,0.1648722160577783
0.15376875531617426,0.0026514988587637966,0.09154752250880896,0.16225023367360078,0.15710271509951954,0.11853956331527733,0.058175796995091386,0.10486958729647207,0.02285309011728899,0.1282412368190029
0.14798608909654604,0.10156771872334083,0.1809389102287992,0.05155047374065108,0.04188061755101187,0.13706310619872616,0.10014642189940631,0.03429676888274894,0.08504323543326245,0.119526658245507
0.08462238674428793,0.13529925203987392,0.088448707856187,0.10684274457897458,0.12594601717682888,0.19091079492059346,0.10988518819152536,0.024082667420952605,0.014588799956676397,0.11937344111409999
0.06790993164012024,0.15790316433998922,0.08870698377050741,0.1541353099003377,0.09047138746116554,0.06389305288704171,0.07363377532473739,0.0737663767783391,0.19613674796745822,0.03344326993030334
0.026333102929924596,0.13170150219993912,0.10526949716618002,0.06721028485413116,0.027931144922795068,0.1258510647604054,0.10073647599855987,0.17523252768459013,0.19377019775984092,0.04596420172363378
0.12445777553045614,0.06630169210243145,0.11986707800753209,0.13697678544943195,0.1423131093207812,0.008811392627254092,0.1791658949894923,0.056117584950567026,0.14855997805708657,0.017428708964967236
0.16023909626087443,0.11594104036065124,0.20608683310941106,0.0833381320793288,0.007408336211097699,0.09827639723302219,0.07027112407922866,0.1580121608978321,0.00649686744967355,0.09393001231888021
0.03798106576358548,0.09596871386973894,0.17192658487948295,0.13343866729984863,0.03321992779493628,0.17145007871277554,0.07950258124796117,0.0937704552194806,0.023282027266660565,0.15945989794552975
0.13680764807914023,0.05978784095986998,0.021778693599800582,0.0280737483602623,0.13502172391411016,0.15623669773482118,0.1053902195968998,0.05050223552462423,0.17045440840275194,0.1359467838277196
0.15774607861745504,0.17114665700052947,0.0005002206539328711,0.006403083480965123,0.14804262795918088,0.02688586207284513,0.08494237234199377,0.1529911433475891,0.0973262981766203,0.15401565634888834
0.14556080892519402,0.10617848425485935,0.068477770685768,0.07644993452032574,0.0025870233103777065,0.16391182640802462,0.19010080155068357,0.015438344635567265,0.09429883201605288,0.13699617369314682
0.031635054267724234,0.13416609589083517,0.13220150437339562,0.05940351765911373,0.11308947890919661,0.15399723728719816,0.11549133629287128,0.13759765725651693,0.046544737165175494,0.07587338089797287
0.18714779230684017,0.10283636426608614,0.07688041861274926,0.13984992660193976,0.14132733839527514,0.12084698120806059,0.05182761288650594,0.04372316833156341,0.009471540469212938,0.12608885692176672
0.06745960573113081,0.04258330598185845,0.042680486119561066,0.1708827601007096,0.17224470920156654,0.041708629333100315,0.02434929659342029,0.15813304766612865,0.14006536698463148,0.13989279228789292
0.15371442176298802,0.05061301880979125,0.15962844527818484,0.11782387871685615,0.016595895920012666,0.10124094224771467,0.13605086540418973,0.086836542459022,0.06354873529991978,0.1139472541013209
0.12141946334731299,0.0389991590792103,0.06793659613498444,0.0018319306560591886,0.16982155188366646,0.10541844008606989,0.11175482725010981,0.17753227345008235,0.050435721964574465,0.15485003614793016
0.21199464299253457,0.16135020109468437,0.049953109374412656,0.08197033924566417,0.06014242810008516,0.12983858165897869,0.043301282395002264,0.14818522877977794,0.0961649339632101,0.017099252395649876
0.12634279075733884,0.001997892783455336,0.003583133881221555,0.22846244027221504,0.0532536850212479,0.11635410631557896,0.1248213273130514,0.003584979145194139,0.12068429134241292,0.22091535316828398
0.0905308675627728,0.0523235349014127,0.060461764226601926,0.14026948863792202,0.03526286558965904,0.08695838067261186,0.055689351894395445,0.19535634327014595,0.09449494716115607,0.18865245608332215
0.009188498080514933,0.16130114104422735,0.21102847814277464,0.051914537817477305,0.07913955925969375,0.027883748394166442,0.17700422771737845,0.2346918697205113,0.02068817293995522,0.027159766883300452
0.16582388836570192,0.0009755836081447492,0.10631278602654928,0.1529076796642953,0.16009124247210763,0.040339298995265185,0.05648803631043055,0.09466045937723347,0.06477076515307637,0.15763026002719543
0.14232132031727412,0.05836124323376988,0.03652970688982011,0.09362946727870948,0.13434593767012465,0.07049673862221423,0.14260831385392736,0.09898689688581687,0.07603636764207782,0.14668400760626552
0.1286984646155392,0.18351636153696788,0.1530815088702138,0.0855008479225385,0.051093411094455705,0.17887685371597153,0.009047808343721427,0.06548993221269044,0.13937485238777014,0.005319959300131525
0.06927313489619055,0.2138942001621886,0.09541384469289388,0.1276395206713212,0.04425269830572023,0.029693182623611713,0.014978362480758891,0.20499276930893928,0.04499768823647694,0.1548645986218988
0.06518339706354476,0.15402897229124088,0.041838171890524585,0.02209462265488567,0.07855450096300037,0.12703472679182043,0.07174230184556753,0.1722192625314968,0.07329225412645998,0.19401178984145903
0.15451986532906015,0.03116180175714518,0.0976720848258177,0.19446399645214585,0.07281784930023523,0.14066944566174383,0.020629862020414932,0.02527072559671554,0.19012361055359833,0.07267075850312314
0.17226916447463198,0.16277307922477421,0.12895792453365748,0.12867351720662346,0.021979918490607295,0.054341954059315314,0.050141051871456566,0.1609459959085084,0.015096688980730575,0.10482070524969474
0.09252816152766202,0.023367835938413538,0.0530297577708898,0.2299849437532638,0.08782958271791018,0.001814640673395257,0.2192212487680464,0.054916548824958444,0.22976641525789784,0.0075408647675627195
0.05085775079095314,0.12378801983783025,0.04878562762757323,0.1361493498817792,0.08103082179134417,0.07973200429411237,0.01261380519205696,0.15499544400823737,0.14390933492471653,0.16813784165139684
0.069437460088411,0.1277834133580156,0.05863537883819575,0.08343822557267896,0.0494095655209837,0.14149539888961318,0.18539372141930474,0.12623514948268508,0.09812748684695016,0.06004419998316187
0.16501418251034483,0.14279010420338667,0.0058630997835029605,0.15810003148376958,0.14722774336525365,0.12458478094062546,0.03145156711539349,0.07363715492949709,0.10307199877916612,0.04825933688906012
0.10773006597944794,0.016372102445247054,0.15669608107041863,0.0063075924903883565,0.10572680746616209,0.20417798252597497,0.10184436359441128,0.016049543551652647,0.2461174000959511,0.03897806078034593
0.040112337276786564,0.1082269810361818,0.12119545703714346,0.021465858799283935,0.018836514937758373,0.011931624222480213,0.2060436378897857,0.28380828970061567,0.03389854509817872,0.1544807540017855
0.08627481027736374,0.12796260056930014,0.020981096653522262,0.08724235679861134,0.010901342300720845,0.18895354060555464,0.09619797067198944,0.04481084282081494,0.17205108090641616,0.16462435839570655
0.1543350351988111,0.07881190642878445,0.03633817274353733,0.1387829216228323,0.24316025166248562,0.08062235944801378,0.21051395477943416,0.014494272156160698,0.013359471734522548,0.029581654225418027
0.15832945221227362,0.12178372998486771,0.07593428432528929,0.12237382506563166,0.1255706933956868,0.03831432746321878,0.10088107830562003,0.09831376155993615,0.15693301317475267,0.0015658345127233105
0.14783536244266823,0.1565686709451819,0.07631037138946091,0.11524612105626773,0.09606714182077612,0.10402729000959893,0.052296948638912676,0.03049636553401965,0.11588299184733199,0.10526873631578187
0.08729211834260148,0.08813574519977342,0.006710097648208688,0.16218050239094978,0.10983406626849646,0.1027898979134211,0.17228723663496098,0.13010688207938675,0.05954024562291294,0.08112320789928844
0.1559588408460962,0.032551638520867586,0.07796649493553039,0.12698442211585836,0.09527598794732492,0.08533729406576977,0.08677005725200597,0.11606518761827508,0.10212674325212209,0.12096333344614967
0.13283871645397946,0.00994257787458119,0.07356482943553573,0.14096998206329342,0.1031108371256234,0.13565036982816567,0.016771520492224627,0.040019583787960306,0.170543048698818,0.17658853423981813
0.04746242840702441,0.024076279293926302,0.1050280143264911,0.023071030208502347,0.12242546913800757,0.16108525921621986,0.03504092011220407,0.1814770972870943,0.16974931679896307,0.130584185211567
0.10068813117040286,0.053937231668282265,0.08167100203275468,0.06144656451253051,0.15687265420844407,0.1720654652079482,0.04062146932096137,0.04130580680513706,0.14254213898354523,0.14884953608999366
0.17031105108853536,0.16986207773497974,0.08128308878182394,0.08077938248241998,0.09549329597662254,0.009562288026811153,0.12845753958533349,0.013621886748886864,0.1554881941783474,0.09514119539623941
0.21856377402750024,0.20070891628034265,0.11953708761352856,0.12178667617522206,0.03744871500969299,0.026657308731462295,0.06810239360624804,0.030051735366578028,0.041722585851219574,0.13542080733820563
0.21638409389399946,0.07952050998961854,0.021483100833502872,0.22814150194529217,0.009899532475544757,0.011045767768610949,0.048874338651283676,0.2374275688657672,0.09015299768009787,0.05707058789628244
0.03512205727911126,0.20459386466593066,0.028142321508051748,0.020021232457375696,0.06133893999742034,0.028687243292915946,0.16301121896326848,0.19502338179229553,0.09245621545106121,0.1716035245925692
0.10950501281852608,0.1729327209110795,0.05854321423887514,0.08063637586952235,0.033426238314664174,0.18817422681330334,0.17721240641676436,0.03357125688666305,0.09617296357237179,0.049825584158230185
