i = 0,i = 1,i = 2,i = 3,i = 4,i = 5,i = 6,i = 7,i = 8,i = 9
0.07316323907383547,0.20137575181642475,0.022824862079336688,0.03590617916669275,0.03991858062704158,0.0635880757736796,0.16321855884832476,0.1412837226400646,0.06353830265087197,0.19518272732372777
0.07911702284501348,0.03670678262375407,0.12668618537134788,0.15651106249408636,0.11432178271716636,0.1745258458101359,0.04674716103274115,0.1014247516487798,0.0744818461960528,0.08947755926092221
0.03515625600584684,0.04307705739378236,0.06906002286150222,0.1342659055621215,0.15938474430152064,0.001787544813449914,0.3324040727843499,0.008107087919835628,0.15860520554595084,0.05815210281164028
0.16028925660233967,0.10140382129776097,0.09593672957436696,0.019281815673727,0.024323163010874126,0.00768790956386685,0.17649898851182816,0.19716459029126787,0.09702011848447037,0.120393606989498
0.11523249096259464,0.10287025920445068,0.08149901520198377,0.13216324968339588,0.1298793602134724,0.08899100297106723,0.05970952963900516,0.129481787284635,0.13423916250890391,0.025934142330491256
0.08585207820201667,0.06798209852073879,0.17679740940820063,0.16580141165844592,0.03736003300067128,0.03215249858042615,0.05040195330208004,0.13243454446561156,0.1611054901438399,0.09011248271796904
0.16816329763034124,0.13218147216313356,0.10809191017175213,0.008024720083196938,0.05199388445092993,0.15382289013885186,0.19779531169851,0.07184698940952777,0.07456580550087631,0.033513718752880235
0.23599309162577545,0.052014010193447674,0.1413756668916581,0.06430146695091833,0.04859393890373887,0.0481790607497051,0.07899364569152703,0.2184413971454481,0.07819013733057231,0.03391758451720912
0.02320562353860648,0.041947701349311674,0.060087486707597525,0.07684669344651691,0.15308954202060474,0.046227427458134226,0.1658416495399462,0.16434969465342286,0.1273038813213833,0.141100299964476
0.1559071948964358,0.015796073207624103,0.07917302795149528,0.148270938732097,0.11184435621797886,0.12512465463683112,0.07791376292519489,0.11393982371734473,0.1269881133884008,0.04504205432659746
0.20569835748711346,0.0957534993694803,0.05127153714411931,0.07200743162612559,0.05090242764623873,0.1498039192944363,0.18994463691668484,0.17203387795800246,0.002669575060267313,0.00991473749753178
0.13681109013576692,0.1248763702548143,0.07857604540793625,0.04732961639639775,0.10760463190116128,0.05492602847951738,0.08021733280431148,0.11092568433476373,0.16321181196632453,0.09552138831900633
0.13166211655256732,0.07423208111937385,0.044854601358478324,0.05171861339602159,0.12745849470468149,0.11561156656259916,0.15438191218171277,0.12895881104486986,0.12347216098141671,0.04764964209827895
0.1347733940547714,0.08290304396781412,0.068781724199188,0.10002420718141242,0.09326310204835346,0.0385663185934511,0.17264544960105038,0.11445066885036757,0.17839820859775007,0.016193882905841284
0.12896552491477634,0.13361993454007734,0.04041097772343758,0.11869925556098575,0.15812569831694093,0.08286315331852305,0.1427250120560051,0.024583875699554912,0.1439024915135257,0.02610407635617335
0.05535993101011424,0.06479642906170512,0.22497560433435104,0.04180302458109873,0.1052010232716092,0.025085278391234155,0.2654734273336612,0.030089043868439098,0.11755623160496263,0.06966000654282475
0.1262168180943417,0.19526747920152412,0.05700871705324668,0.06865996766418216,0.07107822878123018,0.14828534145170036,0.18275582635570142,0.017541026905099198,0.010857438237520797,0.12232915625545328
0.15337111633935208,0.07448323677960147,0.07003565428821637,0.07787639841164287,0.07318130437510742,0.06973123967536254,0.17122826159055313,0.025472707729804162,0.17007701681806792,0.11454306399229196
0.07730915477770858,0.11793873112345811,0.16977516502280846,0.0041983160923280095,0.06941952641472725,0.23930363229832954,0.06535748675914024,0.09728519595735535,0.07056507429237463,0.08884771726176986
0.24568565241320614,0.0929065677775379,0.2078487260617691,0.026966058684676362,0.08013188361589192,0.026871466563138796,0.121190529649814,0.1112913075463077,0.05546515907982333,0.03164264860783471
0.01703623800083441,0.06825124153696034,0.12520142595326353,0.15878673149175368,0.06175637258539862,0.14629365381772874,0.16058985562552058,0.09024268336041448,0.012269170578996992,0.1595726270491286
0.08537290035980107,0.1546901853578665,0.12190970233809727,0.11981775945582826,0.17531114094569153,0.08378110198587725,0.007671942314732945,0.17012621981536752,0.019254417682362097,0.06206462974437543
0.1071860563241161,0.06773967726855523,0.0004385454342070689,0.13457255548151217,0.178120894598911,0.11407542402783402,0.12315473353007528,0.07594436736104336,0.12294652370610548,0.07582122226764007
0.10249539129844788,0.10036984164634129,0.010320401211971383,0.12689705610791008,0.1500205436747726,0.13472157036938415,0.026629989079104927,0.12937396080362978,0.13353216792521436,0.08563907788322356
0.2213988159601862,0.07282880490821127,0.030078501004944948,0.09870061858217377,0.08724725115945456,0.14843578969851182,0.023118912279419594,0.16481305244909855,0.07204541234895674,0.0813328416090425
0.13466273151251593,0.03049161099791159,0.017120188300529176,0.1702866436191278,0.1600449791681636,0.05502326652627202,0.09573462116877816,0.12469822393598008,0.11723264131088956,0.09470509345983225
0.09865990392763963,0.12517194913440563,0.01179341685035051,0.029109643204105452,0.21460743781310646,0.19077092223075148,0.10189736689567827,0.06784727534957732,0.1518930710490257,0.008249013545359445
0.2230639318093073,0.027121787834519108,0.08273498715466357,0.025572754177809305,0.059293262418822996,0.09121433888441297,0.105191822213389,0.11609052411071655,0.11853713647941662,0.15117945491694262
0.0733452749492245,0.09721056261441809,0.11055963756781888,0.05041945645607735,0.1700897143722986,0.04117524854370046,0.09890051863920253,0.1534851595887338,0.1539511011670619,0.05086332610146392
0.15852458622472343,0.1450911774998023,0.0711868498450746,0.052267041049635164,0.11053622490123566,0.17800897792094394,0.02020587394213354,0.15195758843899485,0.03473047021060227,0.07749120996685431
0.15352812444644143,0.15636771054637333,0.144656096490917,0.0958860388976115,0.01343446948517772,0.016398287862686756,0.14140876799983937,0.02349308700481705,0.19113369009677642,0.0636937271693596
0.023409571550322243,0.09931910574888482,0.02364210489830318,0.14267969179308435,0.1296677217478026,0.07343935094750095,0.16803046479821132,0.10163798983876558,0.1164115692797535,0.1217624293973716
0.11965738366632901,0.1213414152914895,0.1196411589143724,0.2045255900447632,0.026927357569752917,0.10589390835351328,0.10994295516115309,0.04082659398197388,0.10385933316388897,0.04738430385276376
0.046091680310190355,0.15652542274831444,0.05421067663776185,0.10527657661097173,0.15771400238878636,0.09919383594534396,0.12717225709509586,0.01913087321188323,0.14945730013893477,0.08522737491271747
0.17744656394088387,0.15734037914829727,0.11831081240024098,0.016881559087223073,0.0648204465766128,0.15781644184338983,0.14652439516756482,0.06096718071479636,0.004364816640052321,0.09552740448093854
0.0880973378974871,0.08527146479928112,0.1965578833189739,0.0007778819797316229,0.06399699567360612,0.05100181959816041,0.06444581753039909,0.05716814746808328,0.1997707315329322,0.19291192020134523
0.01169670048828214,0.16921607472588557,0.06967948745360142,0.0011322643002178682,0.15644330034067383,0.18354998959102095,0.12728059704687716,0.09459088685979289,0.10056513051443608,0.08584556867921213
0.036172125832229986,0.06737143585807517,0.179898488849922,0.07513910851646907,0.1471388558982621,0.08186716366944476,0.06169182883009102,0.18766849199477742,0.15212973887384326,0.0109227616768853
0.14833700199991587,0.12274037536229376,0.06844530204499832,0.08148534479339095,0.14094476067315515,0.05637646429003141,0.11376717347365459,0.16550714791258034,0.03169178428790211,0.07070464516207765
0.0315554657100412,0.14897836484427313,0.015960369939871523,0.09323903187575934,0.059505780309562294,0.13515485756962872,0.16419091365577768,0.21614804183428854,0.07484695550791134,0.06042021875288637
0.10315351089050977,0.018577932335210597,0.002514627062827258,0.08969600349304849,0.18714947467121207,0.15813462044111387,0.0642656972807495,0.11152046654903064,0.11641622237985691,0.14857144489644092
0.012490485572619127,0.013683188361690135,0.15559150662257273,0.1466035438418488,0.15081213582449832,0.13654523227058257,0.11195435577173976,0.08930774640680166,0.06013328464298728,0.12287852068465972
0.14358691098270365,0.13105238500518318,0.04193715324034473,0.061026354308313185,0.02489615103050234,0.09166375440775079,0.1269515464924471,0.16809550486382607,0.1126809544292265,0.0981092852397024
0.07825375868598855,0.0613334361133693,0.1338444926299462,0.13005568874665854,0.06890999574722838,0.11088836643543325,0.16683614295357632,0.172203093602993,0.05041331362704367,0.027261711457762846
0.09405759866892506,0.08604331746969354,0.12906375078005214,0.0762880999742978,0.09463923567245158,0.04824662046355442,0.15216362412966192,0.13311868841076355,0.1018405868860129,0.08453847754458708
0.09534036356596998,0.210884423852676,0.029493432463592015,0.1348439780431984,0.11007739917215555,0.2245147631256506,0.022484696241481875,0.004857096677134581,0.16470071201016806,0.0028031348479727216
0.0025775552580938827,0.03587195771741197,0.19496579072797954,0.04138791248610297,0.14670648051169136,0.14355389609811467,0.12921521008561349,0.1435534218012458,0.10571299494224215,0.05645478037150411
0.17260422406877263,0.0884303691263884,0.02354852374245855,0.13269708820853943,0.14122887353010258,0.02288942176149652,0.08439693152912373,0.08328535911902876,0.06868799104187429,0.1822312178722152
0.15420957950555092,0.1451145780611434,0.05791282750194743,0.1442046627056822,0.10777424421775693,0.14698216184886528,0.14494141964929239,0.003423838183750305,0.008562805132728644,0.0868738831932825
0.07258735833142249,0.08705078380118063,0.2367213040055423,0.027261965151548464,0.17662079048912627,0.01902079657799516,0.04207914498491585,0.17336922488748935,0.046252300105174435,0.11903633166560494
0.027462358452870914,0.1388508355652741,0.25223771437761194,0.10288528882198587,0.1454377686989949,0.050796976624216963,0.08319903723818102,0.03393403330862673,0.04939512068369528,0.11580086622854231
0.05545730602248543,0.16305867450234113,0.11846706986480564,0.038648450377456754,0.0824393857565656,0.1705300554075154,0.09608439114959888,0.09794897759917069,0.06121694234978301,0.11614874697027755
0.12840779798771507,0.15867553754434788,0.11775852107861515,0.11536575376030066,0.11597798290503404,0.12603787148410692,0.15811999629293916,0.05703893595973794,0.016317849764264983,0.006299753222938176
0.10867638470130901,0.014742301848903759,0.06456049512930376,0.2031007596863628,0.11285250942955617,0.037505905042566026,0.07728404027365812,0.17273403881082006,0.03149413970697553,0.17704942537054466
0.11349328188231689,0.18418154255404875,0.081667337844554,0.19782263166545067,0.10218245116034788,0.005291114193227014,0.07728092878112508,0.04966702969745909,0.12497887262536243,0.06343480959610817
0.16392994813154574,0.05728356649410863,0.04669510983581351,0.13874447484672617,0.06100344946263947,0.18379957505599098,0.08104833444418479,0.09658944330034804,0.14506338428311205,0.025842714145530785
0.12415621750680991,0.09046457238517454,0.11152049033743469,0.1197983135012619,0.1316531356339513,0.10019602183245088,0.08173413490652409,0.015203035512570975,0.12395569676598701,0.10131838161783469
0.11520895414730462,0.1387187807998728,0.05842512172417329,0.10221963134866649,0.13960705143882626,0.04952891040083086,0.10273111131166597,0.137846777477741,0.04422252016731978,0.11149114118359897
0.09234630665052697,0.025487034003976967,0.22500248365433972,0.2729350524250634,0.14603675238353073,0.05111533577412259,0.12539365287520335,0.002026847177984894,0.050006166350689135,0.009650368704562219
0.1220181437091863,0.09390695041984273,0.19755748780672905,0.1564175641727868,0.015222831693057274,0.06840637512276418,0.03491383088540049,0.12816484818736845,0.1651045616790657,0.018287406323798865
0.024861503764349122,0.18064560054195095,0.09378070678958764,0.07859898784921726,0.09132227988165259,0.06968580174243215,0.1314136524801514,0.15711215475792714,0.019583029139033578,0.1529962830536981
0.07613030621806478,0.10550158608587998,0.1652107492669406,0.10810686390645491,0.09757220798382665,0.02566414828783869,0.17456014571171014,0.18808150763054324,0.04249471099697108,0.01667777391176971
0.01924279588486875,0.12715876310111487,0.16309728578692273,0.12896019470101722,0.10821383718070827,0.13079943667817426,0.043512297368262294,0.08954199730397287,0.12106183136830875,0.06841156062664999
0.18749878098255204,0.04051393778484906,0.02166979544022206,0.21909208498157115,0.0857464828300551,0.14084162843179449,0.04048672593860889,0.09251278801541388,0.09507906474087123,0.07655871085406199
0.1715395941084304,0.11507016534987623,0.14575890597298907,0.057006110670564915,0.016880629053985286,0.054047857497623294,0.1742280195930542,0.11110799032402406,0.035801824206078574,0.11855890322337416
0.10641840486742984,0.15215010296644316,0.12346769222839929,0.08866862260739748,0.06796920325171427,0.1418411287467314,0.11657321841914697,0.036074767442024036,0.056770939835050244,0.1100659196356632
0.15300846805385082,0.09915765946980183,0.16132089654419468,0.12792525106779878,0.09310942714362028,0.054311204468694044,0.10492714391279162,0.0968196659259463,0.028814504509717103,0.08060577890358447
0.09230128859432989,0.11113405030838261,0.13879730925602918,0.07820673873246259,0.16572240838541527,0.17584475987147105,0.015857795948789045,0.0474491309088551,0.0993187337996912,0.07536778419457407
0.14978377872518495,0.1259238122946813,0.12565763500514243,0.13653394619636247,0.09166151946751161,0.05366108229673116,0.09211482953870859,0.10030509508148569,0.017475842287451603,0.10688245910674027
0.037119502478102744,0.05625064835752423,0.09489975462517422,0.19337143274675936,0.013335202910963649,0.06300634137428616,0.07249569870191142,0.1254848555824595,0.0940926714757161,0.2499438917471026
0.13936514868372113,0.14081724687095865,0.06163793642173058,0.033411128388983524,0.15332118434651068,0.029697598312368765,0.15005880453502218,0.16801318506299612,0.05006373597471263,0.0736140314029957
0.19780178579200747,0.09722357806876021,0.10264684759258261,0.015430480670493562,0.012261440822708598,0.1528332847161215,0.0892651348191107,0.07845377206222279,0.1315244407843249,0.12255923467166771
0.07324722747307433,0.17679899076266606,0.008766743417156402,0.16349909224945203,0.19795850063206197,0.12632187875820125,0.021873843748059767,0.04173096479673363,0.12151646414103752,0.06828629402155696
0.11595923677461183,0.2891492901802913,0.08300469115978587,0.025145659571847116,0.0069926468656518,0.182297836863695,0.04649318201222274,0.04578134471678685,0.02303982483117197,0.18213628702393567
0.08214981915358123,0.10964441233955384,0.18512986035354193,0.08726295503266612,0.029405852315727593,0.04347569056067938,0.10526049807980337,0.15890378603009642,0.10176820566669793,0.09699892046765224
0.13772922736826512,0.11003810113133028,0.15900483177587788,0.04929252659117702,0.18119110307561492,0.023198430459835842,0.1008435922082658,0.04378880028372448,0.1676093356519121,0.02730405145399668
0.06067563911370245,0.013168506243544945,0.13620738258126405,0.014420861685421492,0.20583090279095234,0.1526925857629783,0.1653818014380487,0.08107487860329388,0.0698765256788701,0.10067091610192377
0.06262830323043761,0.07955457578929107,0.13955173088227973,0.06309965201740386,0.1834769536453179,0.11025159009733072,0.0589581267241972,0.12109581563122995,0.14873684011975133,0.03264641186276048
0.08918129402021138,0.1821695123443329,0.027406721591258575,0.16643059450633743,0.010979534377942577,0.19972789208812913,0.01897586097252811,0.13385867184486894,0.09348605441456219,0.07778386383982862
0.16745316506656205,0.1827312431205338,0.11391985045325308,0.028301311718816963,0.15714628602478573,0.0955477483908751,0.05708179898930688,0.04302488138066094,0.14498829862504217,0.009805416230163322
0.049962212100928306,0.15911735193879575,0.1181186282259752,0.2446076417670669,0.07019334980354561,0.19680257375956775,5.442479973917183e-05,0.09235137874586759,0.02433409573390408,0.04445834312460968
0.10708517190921939,0.12736532548367405,0.11728292015674804,0.1521914412864905,0.08133300401528258,0.0861105909260269,0.19482943504792508,5.918598052370996e-05,0.05271282731731217,0.08103009787679755
0.11085628350968316,0.03238107146727971,0.034577936030201345,0.2002722799074699,0.07920416378448711,0.15863530863513126,0.021326574385800847,0.07778829726050787,0.08102600977327051,0.20393207524616835
0.04857089299294012,0.062035477371695055,0.11722645000897934,0.08855849288934584,0.1538996662992342,0.12259810705869076,0.13323534538360152,0.03874872381436566,0.0011981955902614328,0.23392864859088613
0.04403971642625974,0.08579755149011588,0.2551319602130279,0.04699721848689949,0.02619978592260353,0.02995390010912036,0.2248925620997709,0.029897075097362114,0.162832132413412,0.09425809774142808
0.11572102660782532,0.007192694134068988,0.023703806818327962,0.18914385541830622,0.04543774749053728,0.16829365390802947,0.13924562055603829,0.038824454938187106,0.12255067050468071,0.1498864696239987
0.141241975711478,0.14688376345527318,0.13392315798080526,0.1662498456909494,0.0024775573789308446,0.1439977687727177,0.12145973634026341,0.016174079336657585,0.008290836517489037,0.11930127881543545
0.19029745305430926,0.1891902156951523,0.04765095558398611,0.12914850428293204,0.08111867936823551,0.0642811277078643,0.03117077020686453,0.08441598217681923,0.07976086650113122,0.1029654454227056
0.20114204312656433,0.06328072497050605,0.008760634865257173,0.03287265962991794,0.01034393200067754,0.10785528883608224,0.2751889087851844,0.01997335943946428,0.2492029031575445,0.031379545188801504
0.1260557562190626,0.018837858066773096,0.1525974765129203,0.11672578658490393,0.1417511147508721,0.06522156313248184,0.0004575119324926623,0.18464644295866642,0.1923333316644753,0.0013731581773517253
0.17605618229789172,0.1819466763380849,0.05876212867579545,0.17625485476076422,0.06111677514677559,0.17367949661278687,0.047089720215820106,0.03730197500175768,0.028250910523283258,0.05954128042704025
0.07593226806202243,0.18198052415400084,0.04886003370734996,0.01175820040855226,0.07583896091557184,0.011922377295404633,0.025666691293847542,0.17032639562339819,0.267452300310568,0.13026224822928437
0.1053510468564081,0.13493283218162433,0.0593605710684432,0.13553395281769834,0.08100362976126359,0.08019599337508776,0.11980251146067003,0.12293375970420746,0.06025168002936902,0.10063402274522819
0.12466433376427492,0.05323815267641594,0.011149282655573255,0.05910585899854015,0.012534509663046447,0.1827135307508653,0.05892352355573388,0.17534595393418517,0.16606221435858715,0.15626263964277778
0.2089476241765395,0.05915600685138264,0.015998930543700437,0.19010662808178613,0.1931918455093665,0.1583447062031756,0.0352045927097175,0.01393828649269255,0.0050246282856776245,0.1200867511459615
0.17794882208955934,0.005633974114743597,0.08027057322681125,0.13393275585938436,0.12735767375076343,0.12861848554678104,0.04828624298355196,0.1185056923255591,0.10142655486384423,0.07801922523900173
0.06581224690497846,0.15596027224435813,0.15845047095344622,0.022229792871734558,0.08115693418131685,0.16874228383782558,0.11555991334535971,0.053323403334750184,0.0693239086584993,0.10944077366773104
0.012349882361469187,0.13209864621234066,0.017173939787150237,0.01902439872829794,0.1509429621241995,0.1531506824853361,0.12820389795736903,0.25943635852078145,0.08625773029320773,0.04136150152984822
0.053728511965975195,0.08874663809643837,0.05318676031149462,0.05855525546890023,0.16802076511712297,0.12879327190821857,0.18026408092253232,0.09944201184525621,0.10358425587644932,0.06567844848761216
0.2132215082267758,0.10297171840875341,0.028248987326060383,0.23814025231370517,0.12845651952080958,0.07669360588405354,0.05165988971614781,0.00014211178872715785,0.12337892392956949,0.0370864828853976
0.11478837807612081,0.1286569889636336,0.07925796307095764,0.11914057036357814,0.08913612744795217,0.06375153743727807,0.025055405756835798,0.18322539712529354,0.16143484602897595,0.0355527857293741
0.039482466611416425,0.10826325297689135,0.23324956623569434,0.001524182776833286,0.24244774934365343,0.04022996248454946,0.11324982118205351,0.02819381579491623,0.08163652020266982,0.11172266239132222
0.22658636945380178,0.12395557800128902,0.05108963295932312,0.002282633557121033,0.01100682148235444,0.19217729783662144,0.14925683149191535,0.09724424503323528,0.011916415215668424,0.13448417496867018
0.021787362501398448,0.0777323337335342,0.018783329821685433,0.14906534427418835,0.035431503167146,0.09001226587519205,0.10954710465547002,0.14967582657116427,0.1926557477097359,0.15530918169048527
0.03879610970392266,0.07786632170733632,0.0682181051193125,0.1471995817297898,0.11706908464346914,0.16447114379887687,0.09204691857479436,0.12034893164183505,0.11237964162140608,0.06160416145925741
0.07004194340411861,0.03730229089910046,0.159145261400531,0.04520848492880787,0.1380994366596101,0.14155588431784819,0.10627729551795245,0.13355459790616242,0.029183643334399937,0.139631161631469
0.16568951030171064,0.19739080801808895,0.07613212551973463,0.03348104521201306,0.010000455398325012,0.09315465560265813,0.013343665798647604,0.10461422807690011,0.17471554471370587,0.13147796135821602
0.01310844035054911,0.07805384933882077,0.02987537493862724,0.12437047945689383,0.12057294100386604,0.02459520360207568,0.21440462543904892,0.21460574139613248,0.15524765038255245,0.025165694091433388
0.1912931023467242,0.17970307629195986,0.10974166729690552,0.04286912990426062,0.05616620689902611,0.1724569621227915,0.08375802526176615,0.10898576831127146,0.04625101155387416,0.008775050011420328
0.07941202148785191,0.020254289057325896,0.09140670552517897,0.11713453927039824,0.10064167243411812,0.15556652067288687,0.09316923955416867,0.11823691029897931,0.174990376932872,0.049187724766220124
0.15180969816835915,0.019782918234591176,0.05384214301635225,0.2345475905209649,0.12381137386287572,0.11883871770313043,0.11172208038299723,0.09386124415575994,0.06638613697677817,0.025398096978190975
0.05226912399793869,0.1411357654734098,0.04953852991530521,0.1037818784286104,0.04131680872013577,0.05269129921844202,0.15057513977161802,0.15794771930542886,0.07933687470081366,0.17140686046829773
0.15293049559705582,0.0762824615793841,0.13676814324022624,0.06858036687891776,0.06379252248554974,0.15563076550246213,0.17770000177561587,0.029980159319954867,0.0024145903864139584,0.13592049323441954
0.15697584276447302,0.03683629275664549,0.002764642191063563,0.012595164507895534,0.14341372177791395,0.10204498416726054,0.16970746609047382,0.07380993460316804,0.1394122102789474,0.1624397408621587
0.05992981539656291,0.10509160273362456,0.15064698218591646,0.1266428619150637,0.1359124054767168,0.03991807296527902,0.025861715588467032,0.19078740832439037,0.08135396262329786,0.08385517279068135
0.046252556666896025,0.03795484356996892,0.170644911048664,0.04894692460682998,0.12341218686236294,0.12409077648965786,0.0540687264350738,0.127979700480008,0.15279988379388204,0.11384949004665652
0.14579631655746975,0.05210067525846048,0.10468172981146796,0.0891382420627951,0.0523386329747266,0.1934556580010629,0.11229960369457404,0.009848865197660034,0.11038752212266176,0.1299527543191214
0.15413919035076026,0.15172217885098335,0.0006845410868183408,0.029617940953878805,0.07838817682026639,0.1333365842719279,0.1716004467449826,0.0875558879507606,0.13215742257805574,0.060797630391566215
0.049629481433750254,0.029846210315407972,0.1385791565920729,0.004281754274122996,0.1893393674602648,0.13565683511772747,0.09990123426709452,0.14863493655552987,0.1404622387370165,0.06366878524701268
0.13171272139891993,0.17702361474201223,0.03145298860977923,0.2764499992531782,0.07567184789769846,0.03245823639625784,0.18887605750875633,0.03140141521145263,0.03457225596114224,0.020380863020802838
0.05994554197535432,0.1320923015634741,0.1397565522047599,0.11303225697659941,0.13995580142437872,0.15224755500606385,0.05997551606868844,0.03946661283327053,0.0716041635656286,0.09192369838178212
0.0017793786809436904,0.11338013764000174,0.05064870607934872,0.12326098929276974,0.06568951601265334,0.07933654809668592,0.08927984890486451,0.17103311809200164,0.18322991148401843,0.12236184571671223
0.16119405421420127,0.00907132101585974,0.03868651536083984,0.11430470588604642,0.05031260773645032,0.23765313852710215,0.002791419150238668,0.02010810084924088,0.23023951301233392,0.13563862424768677
0.08975260532901608,0.19407433809929506,0.10977797773913282,0.11656792934271033,0.07994237986892233,0.10870833804024597,0.00972889231126925,0.18807875146731232,0.06897865649763034,0.034390131304465485
0.11998329736526654,0.08652881417799171,0.1014705492263305,0.10234410961745537,0.11124736771478785,0.059286521606495765,0.0372034289109171,0.1470525159985035,0.152977749940425,0.08190564544182667
0.08834099032979996,0.16086654356554633,0.1564361995230269,0.2085006805308054,0.015419353887961389,0.060522262420994094,0.131175031017037,0.045466689952672903,0.05511711299029647,0.07815513578185955
0.015173084519479609,0.1208185749971112,0.02036697843988406,0.10999719670844368,0.2586733635475523,0.16795220076443068,0.02419497874069741,0.07605834151215127,0.17958452824900725,0.027180752521242527
0.10304650026595523,0.15555555292317175,0.114652105747169,0.13467158717880104,0.1585659245654786,0.041282111914010926,0.12962467889774948,0.00017469130356710354,0.13261209775474742,0.0298147494493494
0.1796444946238678,0.14984146468336665,0.08743434162234573,0.0169331068705117,0.04735205445362123,0.12458468908293054,0.00808584728901487,0.1879453125471302,0.02074274681981189,0.17743594200739932
0.13237779605050778,0.16292815907165523,0.04726541909527829,0.10479551220370546,0.059141593735849825,0.12087083110114502,0.06102424428386748,0.18558814444625246,0.0756629314436308,0.050345368568107646
0.08415157300996244,0.2025305420749637,0.10732482946787972,0.09906064867792524,0.15359121881706891,0.10000347469540487,0.013792308697562419,0.02506112835396092,0.11207115108373522,0.10241312512153648
0.08679753599551794,0.13836232747247665,0.11226653997809449,0.1298947566249458,0.09855377884699024,0.07442540789373085,0.09276736756873946,0.06950909871403865,0.0961138978973531,0.1013092890081129
0.171947431040077,0.1351900943808301,0.046362150011302235,0.003438516279360443,0.11401075853006126,0.13751264391326426,0.03597220116845096,0.1645869629755997,0.16389279283993055,0.027086448861123377
0.21045349684454995,0.035420083466012865,0.14209863740720935,0.032981291036894955,0.028916754240625873,0.17455636015925077,0.048348733226462035,0.24029138682413906,0.029392111317525078,0.05754114547733007
0.14693100776522142,0.1076034829736295,0.01258407416257775,0.0702978090740918,0.002992295841656333,0.10978178383071822,0.17040729381840797,0.1284365414836847,0.11906718982583112,0.13189852122418105
0.09840865572246409,0.059318354449249086,0.19895782140399274,0.10336128241052331,0.05299706619865803,0.14591465636338993,0.01299295256110355,0.0459439578351942,0.10421168589505894,0.17789356716036606
0.009907933940008024,0.14241874655975797,0.01385748414644502,0.06700543680590192,0.18825927619766292,0.02008925570737738,0.17110831250987804,0.12298407660825074,0.07996802591872658,0.18440145160599133
0.07457242818743073,0.1885899976826527,0.03506505462244219,0.1834594314881284,0.02106088746066897,0.01601182001100327,0.17212796211116008,0.06917423466977618,0.16620314458819269,0.07373503917854475
0.0023066022192386585,0.09470863393030321,0.16050949901430692,0.1596945469324658,0.11223118503137294,0.09056171080553674,0.1626859658601153,0.03895503488795112,0.05614243384079668,0.12220438747791267
0.05141723723521522,0.21358895386989593,0.005047760545795394,0.10243245146275881,0.04748281238653317,0.034471826305608744,0.0442782566480745,0.21542103836206766,0.05775585962817501,0.22810380355587548
0.114067410848746,0.017817591874109324,0.045817584421664115,0.12471111419665988,0.12303619845545807,0.13283310306504711,0.12932995957703727,0.047519317338769664,0.11067623106984119,0.1541914891526673
0.030125605978966984,0.02100068013267571,0.08834831130617277,0.21026573654474906,0.2092437900198584,0.1614010375226426,0.10766973520234573,0.07487881124192086,0.08388809487213984,0.013178197178528098
0.0881515970256202,0.011456337037063502,0.30219433952239494,0.050985745656500284,0.11120529047344366,0.10455307523852372,0.04339887564695475,0.13536721936735108,0.09384636992625466,0.05884115010589329
0.11096315264134547,0.008844029426653806,0.17570008707795703,0.08182882387295813,0.08281166721927341,0.16262687134712456,0.109067028009638,0.08773565642461777,0.10099626084022756,0.07942642314020418
0.05051733126758927,0.1687023668009617,0.018973509273337734,0.13078892298622755,0.003470208188338634,0.06353616485317815,0.16289782666360025,0.08498893893773754,0.15545824733038055,0.16066648369864844
0.09131407671642504,0.08066298073021823,0.22586395351769362,0.06874607846239822,0.11006558297860634,0.013070984642464176,0.00302426064477175,0.05598165073497053,0.1324486716456054,0.21882175992684663
0.058752430784711096,0.1335998836166667,0.0006747250417953122,0.18664779661262274,0.08705960113226348,0.24074409543848535,0.08641857847149977,0.034699510225017806,0.09347594375306052,0.07792743492387726
0.160211267033644,0.0834898461773073,0.09900770956186676,0.12074535948172903,0.03248522597066345,0.038855831450734124,0.13110743257364832,0.16491476370759509,0.04449211673614886,0.12469044730666315
0.08101237619294656,0.06094052747955761,0.06390095236474183,0.19273850079340538,0.18850514990765907,0.09583015382747566,0.15251903803300434,0.021415946349406013,0.030614458861703126,0.11252289619010047
0.06611382158921307,0.005985580556300171,0.07760636232866101,0.15302509121423621,0.11130140339275169,0.1735161169515725,0.03595314157459554,0.08780836805854478,0.17539687126870118,0.11329324306542399
0.11000138828380462,0.065219897123846,0.06909080940426446,0.04530967530801719,0.16187597400016976,0.16179370167755305,0.17098543294883195,0.1739560969172131,0.039455212213236446,0.0023118121230635306
0.11825727643272807,0.10083567075160023,0.12424932460518077,0.0698478010523493,0.06051898074952912,0.15071476305332607,0.10172570066584617,0.11866240910640702,0.03030446186567907,0.12488361171735408
0.09170072330554513,0.05151413874064076,0.23350532775383256,0.1276164796815437,0.055994993177359745,0.1088433811433738,0.08342845842298442,0.16554466589439107,0.01242961496583741,0.06942221691449134
0.12993908655149358,0.08876727825623983,0.11161264837988354,0.05137205683751075,0.08903916854622779,0.08728233121217593,0.10499073686869466,0.0828032383705159,0.1370704089675464,0.11712304600971163
0.10465996603309805,0.07165836076190096,0.20397078790317824,0.07719716812011253,0.14099311504461215,0.16920627232399982,0.07356693983458246,0.010680706815228749,0.12505957329365222,0.023007109869634782
0.12970617107692728,0.003958851228605561,0.0758251744587646,0.16144528631184288,0.07207309967422654,0.06455118436462082,0.0715563029726004,0.13703084331959672,0.13130763501997486,0.15254545157284038
0.09755880007497948,0.09307832077845153,0.1830875539090331,0.14179512828260865,0.14912413717419884,0.00878485605430793,0.12073887258043234,0.00010072953323491754,0.17768511849230764,0.028046483120445553
0.18091456176490894,0.006052152943245475,0.2130038496278942,0.09642448621935851,0.09284466115670695,0.050309933850087016,0.1923602286668194,0.020235772830728933,0.03814857588836793,0.10970577705188278
0.08381368771727729,0.06947463801644019,0.0350788139127517,0.02072230165580796,0.24941223128359372,0.08983241175440455,0.16714564967062379,0.026229152814536836,0.20862602046680537,0.049665092707758665
0.11068618183851099,0.06721988020558908,0.11773188904527511,0.11783302480687476,0.14186151666012783,0.11855648303690212,0.11913418505257299,0.10513943328676795,0.009156925589095682,0.09268048047828355
0.02781459671026581,0.024407870903064583,0.14702451012078366,0.15229225779620542,0.11405432873639663,0.12752652549254154,0.12330996227789091,0.022499129870730283,0.1155272475653147,0.14554357052680636
0.11179812494107551,0.04456625939092758,0.14674660821567423,0.0514093641418357,0.03322031326884178,0.04687678943084223,0.13922287703036693,0.16271193110326937,0.07912397869916626,0.18432375377800025
0.12875298092538331,0.16950816192034557,0.21580527920670364,0.059651291742297545,0.11287765882814861,0.0901529725208171,0.0653950602192777,0.01352730273600524,0.141014087242193,0.003315204658828432
0.06855457427759713,0.05856376624502989,0.1637885085969847,0.16206036958652403,0.10206459834560395,0.07744273985672585,0.07084627660664919,0.08120749505059811,0.14304248177404966,0.07242918966023743
0.26975949437952096,0.05127370660730043,0.07114222987108548,0.01955352942367847,0.006575548496904635,0.2473563409035291,0.09291430563531668,0.07760995170472132,0.16263582562635945,0.0011790673515835665
0.03258864319323678,0.1501879694454869,0.08447627546405223,0.13408284478234075,0.10427752201193927,0.07137948941745736,0.20574297486136595,0.07367627944943479,0.1267925416250763,0.016795459749609713
0.024788569300521392,0.1674539792652688,0.11505738146007632,0.08485945170409646,0.20896134502602345,0.20000272013491896,0.021275145170800546,0.023645338243649575,0.07600070573510677,0.07795536395953769
0.08514531940182529,0.14940102428665694,0.08961983469096879,0.015342539892215455,0.06772613271784014,0.009745045380363712,0.14625644693752043,0.15617018535246358,0.1564912659709987,0.12410220536914697
0.060462490336077215,0.16530795906351456,0.18856643583415603,0.08103968679702224,0.14374910727160897,0.0322739988091459,0.01704590572397425,0.12475473274599747,0.03714733011835002,0.14965235330015342
0.021043693477337158,0.028155673180233744,0.10898588969847628,0.17578995351611176,0.0818818891683003,0.09051704623577751,0.12651772431453995,0.13902476559130075,0.17437488532519713,0.0537084794927252
0.035020279350418036,0.017470567226880864,0.12886080578619044,0.15359346832465604,0.08861566552475052,0.1267965744382268,0.15802069999071242,0.14419766065747414,0.1093334014561654,0.03809087724452536
0.1709027488823577,0.022093077255585486,0.08854825813954882,0.03430546505049473,0.054383627864529854,0.2319502497799273,0.1725394209174648,0.010124493287852407,0.18266216225201107,0.032490496570227755
0.1888277239202742,0.18881905501482854,0.002559292347201752,0.12670238102797235,0.014656998485438659,0.024125617196773728,0.08220108632114648,0.15715652044114745,0.11300002840617025,0.10195129683904658
0.13451666476036808,0.01614486738212081,0.1582543995719602,0.1475190968827584,0.15732736072956877,0.1110277935134623,0.12115069602841597,0.12705960344365624,0.01315332131826564,0.013846196369423648
0.1424578218420863,0.10211143263100177,0.15198488518010633,0.1158492218533678,0.0633667257368188,0.11758157146288496,0.09677598282595277,0.007654523688969341,0.12456800049526413,0.07764983428354781
0.08865406809934673,0.17605928001675739,0.019376791735222276,0.007596900051095985,0.02837780074572004,0.2188007233477394,0.13522651100827454,0.12469396777709214,0.09832379829971402,0.10289015891903751
0.14867137933555025,0.12306449010422069,0.08856987724635136,0.08141097792422705,0.03606344155767628,0.105721804807062,0.09692953330462857,0.1462235344480413,0.02674657531185243,0.14659838596039024
0.09135712866392383,0.25640386084250566,0.046018361380642726,0.026206123766413382,0.07342717032536583,0.039790990428386463,0.02309951617158925,0.07284728330487772,0.30839596872780495,0.06245359638849024
0.12112028342686093,0.1207423514229334,0.014962883054557322,0.12991844183021561,0.07981283803009698,0.1434177892306123,0.041444854998174546,0.08222597961554205,0.15306138580519416,0.11329319258581275
0.028330110780980036,0.032869446071335635,0.1763079039676529,0.08647489679408314,0.056493388184718114,0.06688426515632537,0.10547530515989856,0.16845124900234773,0.13717950573079832,0.14153392915186033
0.023080113798511426,0.19372122149939308,0.03806376018206876,0.027568179440810615,0.18214853261474143,0.22824151722222924,0.033122969497101216,0.05399598023648869,0.016566651971244614,0.2034910735374109
0.12676573364471816,0.07628632087138272,0.019932948093147246,0.16519911953409686,0.18078903936898988,0.06804417344781356,0.013958841470745269,0.04301770710612445,0.16507442069126244,0.1409316957717194
0.018087520473787873,0.047138364867197836,0.015877765110379458,0.24454494782378508,0.09535936194868777,0.03165820022336331,0.17642243915009187,0.003564639188398584,0.10758716224868427,0.25975959896562395
0.06738278023124662,0.12145153349726404,0.14047853585088524,0.00032675816772291885,0.14125111200124948,0.11991857867266885,0.14824870004486132,0.10394140923650529,0.004915466228026711,0.1520851260695695
0.08826868889339315,0.09058722434917033,0.038983273154083876,0.1731883536434255,0.07868805804171006,0.11250018618109635,0.11086474662744855,0.009900407931693268,0.14579239517220371,0.1512266660057751
0.12087517903841287,0.050376129881111585,0.11195377281876895,0.04520400808206107,0.022081792510026812,0.08956583828494807,0.08805004112227521,0.07071990271175264,0.20255427166130527,0.19861906388933748
0.09551340210608239,0.03053370408423436,0.08233404459088108,0.1550249213253151,0.1041515798534946,0.13779704714787738,0.06255710889188439,0.1008166810406273,0.13485113688783262,0.09642037407177059
0.16265564573597846,0.007150036077136459,0.13261574536127954,0.10843823631390738,0.048172848473082674,0.037551785330760146,0.18088369597098303,0.027350915876960976,0.16046443122469808,0.13471665963521331
0.17889689264392564,0.0017279325130180408,0.001392753088891273,0.034617428628571895,0.22129296348550842,0.06176187895149853,0.06887120825531745,0.19507442843428968,0.15570243147634966,0.08066208252262949
0.22668529870353918,0.04486381486221944,0.14956286676451266,0.03509523854423536,0.22354185736051577,0.09051622229809216,0.018871297241111182,0.023623311397888015,0.08245480292727499,0.10478528990061138
0.19121430761239427,0.05331747888854363,0.08074827051017236,0.08345781151136673,0.0767290075192775,0.12773611822066944,0.07338198485748676,0.1372788146356033,0.11398240522692411,0.06215380101756195
0.0016322147739672333,0.06473121176433222,0.030611269095806724,0.23142307544141102,0.13709203469140774,0.2549583597686536,0.0006332257663138372,0.02321816674612194,0.16205652080226046,0.09364392114972526
0.002633729739997021,0.10773766284284518,0.17766995564513258,0.08655008101858405,0.03394673719698019,0.14316094360674714,0.018215779846315058,0.19981773009499515,0.05151524642196382,0.1787521335864398
0.1754763509073906,0.10125522336780907,0.17163585420414262,0.07310063421889952,0.027811888174249323,0.13184554283230257,0.03142994456089372,0.1238355854191107,0.14288080586825674,0.020728170446945245
0.04755938272677576,0.1755937586104645,0.04938207735125712,0.2622730167014143,0.03892606105175437,0.02485338220805752,0.0603994231562467,0.2296571402709617,0.08847049285175584,0.022885265071312146
0.14433679587584414,0.02754959909081114,0.150057134821056,0.08635871997890847,0.0698266188009881,0.20123283502426267,0.0028758717304530252,0.017987022917636528,0.1575503755878981,0.1422250261721417
0.06106650292725004,0.02389143595099294,0.19718472537982157,0.159710242735075,0.09790685093245773,0.1220815973022031,0.012502497551248914,0.11882858013986952,0.03490524922269229,0.17192231785838896
0.05314956548857896,0.06957120790218393,0.09289051088211969,0.05593439331708138,0.11518689633096157,0.06416152432524308,0.16229017105677399,0.14109033837649385,0.14457394379600955,0.10115144852455386
0.03618157113769332,0.11120479855366734,0.20113278260696835,0.04064378876111858,0.0013945705826590227,0.01840661616327779,0.11591146645101413,0.18906861869332228,0.182855580492935,0.10320020655734413
