i = 0,i = 1,i = 2,i = 3,i = 4,i = 5,i = 6,i = 7,i = 8,i = 9
0.04091684551746693,0.04436913382471382,0.13563301438932537,0.18100061064149214,0.17128576997717496,0.13284961847821666,0.04358229458667679,0.1547638799485882,0.07591905299694615,0.01967977963939883
0.1724877942523802,0.10796059305645232,0.030626314452619832,0.10519786798334757,0.13221408729273781,0.14515414341069321,0.028683530000286846,0.11992042216846549,0.14562162020675076,0.012133627176265913
0.06001823978373766,0.09852172829794444,0.07599025903023658,0.11485779878711529,0.14282890367244072,0.06564406299471141,0.15849628630976317,0.04518899016812637,0.09936008941340911,0.13909364154251516
0.05435185090703198,0.15671602781451027,0.03756425828989942,0.1294594116610909,0.02453674440059589,0.1615983104235001,0.07055295712512062,0.14427023006334694,0.08629385728545699,0.13465635202944698
0.11003189440752653,0.1767837169304391,0.057170780948526394,0.028554822358020746,0.0975251048122513,0.21638032355304493,0.14163252280991087,0.08099885589030428,0.035184180698588766,0.05573779759138727
0.1433583259830945,0.054770735555650846,0.14643438955322646,0.04041585289283702,0.08595565978214743,0.09965974192848366,0.15696073430646867,0.028732561927160418,0.1648896379228682,0.07882236014806276
0.02709483337363557,0.17645418072491958,0.07247474730744609,0.07278494783277988,0.06777130355575593,0.10099262075456601,0.07907070150716415,0.18631491238494163,0.19221085559795467,0.024830896960836405
0.15929063120315567,0.050411132350336056,0.0221615827283328,0.012676958430389688,0.13820781003694815,0.13891504755511686,0.02090979069732223,0.1586750888426462,0.1754413557649793,0.12331060239077314
0.11467553450853116,0.022208435764664226,0.15893373413912149,0.02361505890720214,0.08045891669778543,0.14474260057161267,0.20736922115067546,0.05350979419670768,0.06564024855966413,0.12884645550403562
0.03389292126289864,0.1397696112346327,0.1506080083257506,0.07412661687156588,0.12896061909429762,0.11409157594648321,0.08362177863319335,0.122373453449738,0.01140858716967986,0.14114682801176026
0.20151478475663015,0.08165079172822189,0.028280800502251836,0.10416661761369629,0.04692028256351878,0.03474698771348528,0.12328072103916043,0.1727837747347594,0.20468832944556478,0.001966909902711084
0.05493306620169231,0.16556006104666063,0.12864299361545217,0.09943213881281479,0.1255871446716713,0.018401718412217632,0.10349720445547327,0.13691196311803697,0.1120347223862221,0.05499898727975863
0.16403869856872724,0.13341049494518353,0.1147605654070749,0.0608840322405821,0.13243666918800023,0.035794513302255956,0.06616222416331852,0.10799764789416295,0.008764203837423443,0.17575095045327127
0.1335924603813175,0.009680178464215674,0.12344071658091663,0.11403566355156669,0.058786676166757354,0.12683349204031058,0.0980769604888491,0.07775269479765491,0.14186479555813472,0.1159363619702769
0.06101748528858489,0.027154542936910976,0.17251979875380496,0.09310047490431624,0.1608440847936388,0.1536531614899588,0.1159119679494261,0.02738745914080502,0.129703614565805,0.05870741017674914
0.16626013333490783,0.06669212521174771,0.16802684471957868,0.10427955474702522,0.16234828792881587,0.05804858770781998,0.05970935290509745,0.01743276137655066,0.10060618096190464,0.09659617110655193
0.05411104311399,0.021384831717958866,0.10445030748024163,0.16012391503215148,0.04384187196298339,0.22448958370334238,0.06870680681913982,0.072952262069673,0.14510347968347712,0.10483589841704233
0.08649461364481921,0.0006305877445486851,0.08793099046061809,0.11286346743511806,0.17197658725854573,0.24404048132150724,0.08121947404319617,0.0324746633069763,0.10355850221045246,0.07881063257421808
0.14520384918086932,0.015420115874439016,0.09413659522687676,0.14314910867625202,0.12745883076716408,0.07349462077938862,0.09072544874559207,0.0825706689912905,0.17541823852798638,0.052422523230141224
0.08473268145634916,0.15333313846179436,0.14318376350369458,0.17374470614436494,0.003846666122771088,0.08222032383809148,0.05704563948375747,0.18774306200647656,0.03486698625452793,0.07928303272817233
0.019671707684511583,0.11254307716151257,0.12250850315059113,0.17462242755180776,0.10955040074154244,0.1674167622618896,0.015672266989951025,0.07514102950946872,0.14073275770255178,0.062141067246173284
0.03868875074875348,0.2382003947369868,0.17765951886057116,0.12588307468550178,0.010622525576562174,0.02021460109196392,0.259333032555664,0.05613126271205574,0.0029514990124255755,0.07031534001951523
0.17584634740002086,0.102872576582666,0.09717086222058759,0.04561326412032578,0.07525817407957514,0.04110142580236996,0.10758139053469518,0.17278714047414148,0.0976204637333539,0.08414835505226428
0.058547692323898004,0.07799656476728783,0.06996086866253566,0.07950430362816228,0.11140123721009505,0.07996637921692262,0.17969105839770397,0.07347801991905542,0.14673825161909115,0.12271562425524805
0.05662984170594016,0.10544307926022059,0.07431017589238652,0.16914086401502448,0.07339141752426334,0.007764507758857033,0.10740910935901851,0.008915350580028424,0.2091917745470261,0.18780387935723497
0.10477181428422166,0.12489211417755543,0.10960950948334686,0.11328195721105899,0.024060733385534532,0.018775364458143852,0.19399971682257902,0.22190606234262622,0.04599174422532322,0.04271098360961025
0.1452464554104132,0.042612215001915726,0.16887607296954846,0.04695372530869636,0.1684249653292674,0.05508215742873384,0.1440165326054101,0.002279955529698359,0.17384444707608585,0.05266347334023059
0.11271078066594699,0.012432765042208636,0.13783848851494962,0.02390134999201217,0.1278700614694501,0.1431690635611664,0.0997023104370395,0.03659203156469137,0.16703677793343766,0.13874637081909755
0.13645811523638782,0.03005815904102643,0.09187803874618405,0.15131162932098732,0.0007218906041180365,0.24782324457896224,0.051271530252266634,0.2280840705087209,0.011581612388699635,0.05081170932264688
0.13478009843856031,0.1616395236860004,0.0013596792644400507,0.14791323932110043,0.07911848112386352,0.08737988174102822,0.01889388047942539,0.1179683628521983,0.11346142617794508,0.1374854269154382
0.1130130206863529,0.10342193569209966,0.1778556910328435,0.15379684748091327,0.2021720707415727,0.04355999454155291,0.1024011983839449,0.062253088533281854,0.006896895343977244,0.03462925756346108
0.02718085741981286,0.12397557292397358,0.11595307217431378,0.019737201517495074,0.03431837856204409,0.009451053505504436,0.10855096274056565,0.2437312639207536,0.12753017695213775,0.18957146028339905
0.08823762727305878,0.20870591100276492,0.008474835587033085,0.05012717789498662,0.12420548870448722,0.021400330473115188,0.19247111819564228,0.05300852974281115,0.022577941160621333,0.2307910399654795
0.004953905462612413,0.0924561485571592,0.1983313032370189,0.02189827186781902,0.10451436064818766,0.20372029295661495,0.15698758257173986,0.02037469103908314,0.13713364107946166,0.05962980258030334
0.1839093417429265,0.10241613426384154,0.1302568149244366,0.0950659107585637,0.1713158716253531,0.06407727442881148,0.025289268535882765,0.10822190041557504,0.07079928099842392,0.0486482023061854
0.01788354723259641,0.07379670976190408,0.04083551349237998,0.17765474278035986,0.16058705890942732,0.03329477682447718,0.11953072889655263,0.07948041084559342,0.11398838342729156,0.1829481278294175
0.11651049974976371,0.025600654769708388,0.15246752488238707,0.17387071652372202,0.07856702792347652,0.15272374938127992,0.16926772161335574,0.006762818292622605,0.04085689956287607,0.08337238730080812
0.09853261979405727,0.1398495981997597,0.1440815725737316,0.10231916857845821,0.031246311816811485,0.03627155423868996,0.09035136503170008,0.14637024034747995,0.1593576688778325,0.05161990054147921
0.08139282496159088,0.009596389692782962,0.10438716739689566,0.1557183191581722,0.18086027588038944,0.12117770699140039,0.09060217731309225,0.17467948386439103,0.014675772788675788,0.06690988195260951
0.13278940363999708,0.08522279509642611,0.12796234780381,0.20754597313744033,0.14672422927397805,0.018547205524857224,0.032833875424315734,0.037954145970862184,0.048011810306822805,0.16240821382149037
0.016636995124577662,0.009554996806878198,0.2433376085293094,0.1061953541939298,0.0056816226227364,0.03900096901985424,0.11583036659357825,0.180087332622244,0.22919026016412214,0.05448449432276979
0.004311505671577159,0.1615818594543262,0.1667252278223363,0.0857822281890653,0.1501105861162525,0.025676623318832078,0.07804342240616205,0.03159622351604716,0.14249719360423993,0.15367512990116122
0.16834007460902548,0.12809815568295302,0.009306089741541545,0.16659072768332342,0.047922159412897986,0.12828652682550223,0.06946058425962377,0.10708934451493556,0.1680773704304365,0.006828966839760549
0.08928347975231922,0.09904956033093774,0.03879954619997208,0.12259566878033419,0.12325509913383989,0.00878049014385685,0.14792914880922284,0.134456206714861,0.11205665745992703,0.12379414267472921
0.058509464450219616,0.2037957530462422,0.001825087258900173,0.042882077428824765,0.02920974497950122,0.2399438465778567,0.17759495283257215,0.08253689460261236,0.05643204780869836,0.10727013101457256
0.007681087361047431,0.02630421537491189,0.21766733210189534,0.10480573880512518,0.09601709636395343,0.017792074149560612,0.15686192540059832,0.08947518513036114,0.06646325758201634,0.21693208773053022
0.13377256958598618,0.05878737803344465,0.08988929180305567,0.13110451816006038,0.0833581436633622,0.06960409100322601,0.12726249142850127,0.11516955280519033,0.1268637082355867,0.0641882552815865
0.10751694324634152,0.0952033181017584,0.14659010208813267,0.09433899274735973,0.010546973099760774,0.079246583332029,0.11315417409467539,0.10514222579191061,0.15522400985863277,0.0930366776393989
0.17137720510358054,0.17076900473449563,0.09028330837480043,0.11137959342355579,0.08366847241754521,0.05236990104902307,0.15927130602422981,0.005079457026464608,0.033383346277802164,0.12241840556850277
0.1660259950354933,0.14511776359078857,0.07369632818576778,0.14883849911631802,0.03903461067564207,0.03215626485909509,0.07257785632576826,0.16520889135276218,0.0765452455486931,0.08079854530967175
0.06740653284342732,0.18858539594772078,0.1502819240428863,0.06318397269934456,0.07331750365352736,0.09776691181334164,0.05486398288259353,0.10668399263901987,0.1673341637469497,0.030575619731188823
0.1178274873074145,0.057234023480769676,0.1383147703298542,0.039069284079388,0.09655124887545723,0.07719400943704827,0.12698400821756556,0.028975561239083715,0.1507217032649603,0.16712790376845849
0.07538856995369113,0.11819718713049636,0.1380725694517739,0.0048542908554831355,0.0804673250196317,0.002964096796361917,0.2623685774952739,0.11019388029510363,0.18248065400767338,0.025012848994510863
0.17030221521134364,0.17937387962147378,0.0416548746464371,0.078249731076384,0.089595184017299,0.0025697909586840377,0.22406625277747588,0.08170864927781574,0.12259891836021156,0.009880504052875189
0.07640860500409803,0.1583982721003555,0.16741656394363602,0.1525467454146001,0.09909781044996623,0.07998619032858507,0.06173555706459529,0.0761481121023352,0.06915759305580489,0.05910455053602363
0.05924068999007056,0.11494175706528965,0.08622712666187111,0.11998901622159552,0.11019308872547368,0.11376678873613638,0.10935097645593407,0.12743497163578646,0.05909190205762565,0.09976368245021687
0.0191698067961703,0.17630623689353844,0.1385496539949221,0.0075943954558422636,0.0289487276392324,0.1042520628324253,0.20004543476348718,0.08421272457723902,0.15769621996708466,0.08322473708005834
0.024308640480892506,0.09902496017805433,0.1849818822170239,0.06529971203161872,0.1022290456966315,0.11267005602373506,0.05378395037195456,0.1857268450755247,0.0870076210060381,0.08496728691852673
0.1242205119650719,0.028920276396401635,0.15123961713066303,0.17859688170911187,0.06514286581634493,0.19194167922059893,0.0777158350207244,0.1374961953218643,0.039668796397638276,0.005057341021580719
0.15403388803090687,0.06507231629751971,0.08961643001937707,0.21776455255023455,0.18431119676728844,0.0545398776040463,0.001941620103311799,0.08769903993022136,0.0326186306335186,0.11240244806357523
0.061859378364883,0.13148957827835803,0.014832814392684805,0.11723074435415277,0.09851433232909439,0.09195678870380171,0.06740480230545469,0.14142777543456175,0.16188992736090976,0.11339385847609909
0.10112885146716345,0.08316806609511052,0.2553167696370204,0.03900280194650619,0.1616087413254796,0.09549719751531233,0.10496595935040734,0.046820726817602416,0.10801471591325428,0.004476169932143538
0.1011420475036157,0.11247146112560572,0.15508216650906045,0.04051536939576947,0.09145598530575172,0.1572615663013129,0.08685866236014372,0.0886206232713645,0.11150881590458193,0.05508330232279369
0.08417687738957558,0.2479873028805897,0.12286000099598841,0.10712785579509228,0.10186565736822253,0.03593671963868078,0.14027615385333844,0.10074715083291762,0.04276584241807757,0.016256438827517015
0.21910764233149543,0.10622865993056899,0.14218364645859974,0.18981709333459806,0.0824020550392443,0.12839518262146585,0.004121512638865608,0.058222447958480784,0.05664736596245435,0.012874393724226876
0.04837793892905157,0.11419867331087512,0.015787675376114498,0.0553103853260106,0.12296817830427322,0.039918310521118154,0.21690843869234402,0.14131218092648162,0.13943871887643314,0.10577949973729814
0.060472424294395574,0.11486866588517282,0.15316280606716726,0.06210680864572748,0.06713007623303865,0.1372709270631484,0.1474383625743261,0.12311721505776085,0.05627207296834817,0.07816064121091466
0.17913426040208863,0.1595397500436425,0.10905203762613914,0.038905034000115864,0.14397830473339504,0.06246204956405747,0.08203026529174319,0.11255520097801687,0.014183091389827348,0.0981600059709742
0.14018341258609296,0.00672997435598296,0.032193442225275155,0.11263266530586692,0.006289786921742897,0.1498778759214824,0.17431623225040332,0.14399237599102008,0.11466176553615598,0.11912246890597722
0.04735114494485911,0.08449374796799128,0.16313717176454315,0.12915915352210233,0.13120678377837974,0.04410873121874583,0.11244575641048189,0.07409223958193611,0.13171085051985162,0.08229442029110891
0.08902961220444686,0.10891284696827402,0.15628789874723473,0.00206732860234742,0.07253513895337232,0.1563777989080568,0.06970768036889237,0.12846468225408336,0.1103132283404619,0.10630378465283027
0.13516226496160336,0.07340282188201425,0.055008758818819614,0.14736225657509866,0.15185634407679907,0.16009385685347444,0.04330242798181478,0.017307209219339936,0.1210809381448734,0.09542312148616239
0.04029996067575694,0.06584881462378152,0.05839613597001804,0.18379962514154582,0.17467248762408946,0.11667720300233905,0.1453338525717589,0.04988481458738889,0.06849013149099567,0.09659697431232568
0.013772852117787426,0.09584691306259706,0.016034697229755247,0.16947575535227147,0.16927621340052443,0.15853941562135776,0.12335705060104539,0.07455004717367879,0.06594940602062777,0.11319764942035472
0.1410044599221636,0.13702989719693096,0.04952692452265028,0.16623140366622222,0.10662474075735594,0.1115528332877916,0.030896175006977725,0.14798659208299156,0.06678810403673553,0.042358869520180406
0.035876116718362036,0.0706837420858544,0.19344888921610962,0.04359960464413854,0.17613619474848408,0.0604740779758224,0.1467946284871466,0.15434351519167674,0.011164882325282687,0.1074783486071228
0.09022695457679773,0.11991670744732214,0.10447826389513155,0.11897135002464343,0.10386370804078063,0.11447037173891011,0.11074777172805275,0.056860861840156554,0.08305558051221487,0.09740843019599031
0.06643446250475885,0.17564621969651167,0.020426625491444812,0.056583997605457015,0.034366250385931635,0.012899322886474099,0.036006487965444936,0.2297116585142887,0.22711660466304884,0.14080837028663953
0.14689988235581308,0.02108252582663439,0.007903969655969926,0.08896498515786434,0.0933651517029199,0.18687411927434874,0.053281316596482484,0.026242902173604896,0.1950080865444755,0.18037706071188678
0.05931716315038572,0.028544151146549096,0.004408974598299538,0.11358284381099876,0.04839842149043828,0.1981324530067542,0.09533407427796031,0.1784810308304429,0.1879981470365278,0.08580274065164349
0.15824880010292938,0.054860041881969066,0.15657767461438377,0.053829662169945815,0.16201818244384694,0.10256389947654411,0.09394175651377093,0.02222289028804812,0.08991048322552123,0.10582660928304072
0.11738870791927582,0.01484061972315568,0.15905497487846298,0.131585585045483,0.18695237837444026,0.1717361321199306,0.038124301540750104,0.007583238793900599,0.08526528528371655,0.08746877632088448
0.10416630604051895,0.10805554629448097,0.09601457326084119,0.1352900479076283,0.2163858763023694,0.007731010362916204,0.1762403623915522,0.11177693590114571,0.03190848435234493,0.012430857186202028
0.14447902740561697,0.1588099735430344,0.18026958544759336,0.09610680144051884,0.09922989139974304,0.029127716719520996,0.059485556262054796,0.03089080935674773,0.1313665755210137,0.07023406290415624
0.17076401230066696,0.03634184412814062,0.1549474152245894,0.1189873835294986,0.14005496393562178,0.003415475180998319,0.10716364064717868,0.14701342845474322,0.05792232124681075,0.06338951535175168
0.042323243404904905,0.04063325443827772,0.20782697321080965,0.0922518425644868,0.10117619227805726,0.08178965126187988,0.20498726635118686,0.021825330329792995,0.04565917426266545,0.16152707189793836
0.07686505731462012,0.11690332178663776,0.016705421177844938,0.10045839233476804,0.1272541233733926,0.17431259686606188,0.10587933030915182,0.11088481988515973,0.026386306095467826,0.144350630856895
0.03884233178389594,0.12149402662626275,0.1346152940240562,0.028906467843185058,0.05290803598027369,0.14332088624423658,0.146765420300948,0.13657756346265038,0.136649101568372,0.05992087216611946
0.05789191772167373,0.16701934913587085,0.05818026418735999,0.1255534052018021,0.13005709980286884,0.09793795209895384,0.045308092274908354,0.12106364053201607,0.007208250532747237,0.18978002851179904
0.07843228616667353,0.010656878249069917,0.16662167033550282,0.021476596876958756,0.03901991686562289,0.0019058215549954838,0.21356940293679946,0.21944189974478825,0.04925431623288008,0.19962121103670888
0.24749241675405756,0.056169493121417,0.02018800134831147,0.03960013331134048,0.19371301228958454,0.004960228314013986,0.11838264395935634,0.07380823891909509,0.16129355259852196,0.08439227938430156
0.006632384255536111,0.04493169467492091,0.020183440358911932,0.2553455661094226,0.09905561797147362,0.08546215893046587,0.25117914960598786,0.011763252593146634,0.031803421384684664,0.19364331411544988
0.1373284778730588,0.09645251327559838,0.11422083700223061,0.1263050414615154,0.07889324760097063,0.12255414165874588,0.11093561575977988,0.0679042966172914,0.026533464721445892,0.11887236402936312
0.1588195544627961,0.05179159046642142,0.030059584194979342,0.10598481623097647,0.11678606784600276,0.12987662848182718,0.06861798478657624,0.11932847344934136,0.07140283329649112,0.1473324667845881
0.03142501597779466,0.03186188608644427,0.022939621053801734,0.12858310164725006,0.18180451133751505,0.17035948752015248,0.08046013438798878,0.13911827233845606,0.09219914942028103,0.12124882023031584
0.15105902535178184,0.06136888711475967,0.047262811015060746,0.085399699253996,0.07939883660825883,0.08300471690236082,0.0991869114848804,0.1646033571260806,0.1354348051187178,0.09328095002410314
0.008521065032734525,0.17197865864114628,0.03682732681651311,0.0017185725170389533,0.12387038496304104,0.1813684197644514,0.17107831845800944,0.16005456224590736,0.05522607780754953,0.08935661375360847
0.052826984024313434,0.09834387422178252,0.14273371150582714,0.09820272742451448,0.1137982822976421,0.15227066979092105,0.12390345098754453,0.020458781251877396,0.07744789251510782,0.12001362598046944
0.11243896144468897,0.18112771579371093,0.1456439912779401,0.15812186482834656,0.06507101839685384,0.051316815074174106,0.08649127891900653,0.04145009029977406,0.09398035414760231,0.06435790981790253
0.1289938617141823,0.010263252938045055,0.03828968926489179,0.19948063526353188,0.1246899074007068,0.20941291215449867,0.02493696771179719,0.0022584532449590024,0.1863144489388676,0.07535987136851978
0.1977698132566926,0.07596154626265363,0.03921109903347662,0.08814642804392189,0.044301569156332876,0.16933766984523776,0.03534205653128195,0.1390739606765817,0.03693377854696941,0.17392207864685144
0.13859522044967632,0.11457924909083082,0.10673224757826802,0.07667827329082108,0.12919855828366886,0.0749984905556344,0.20710231059584835,0.010765625698851788,0.12305080194994127,0.0182992225064592
0.10482963841187343,0.07592150356326093,0.09974794503376032,0.017788005766186457,0.16004001809778995,0.07033648924968003,0.11340321391735868,0.03494206685621845,0.15724130496010894,0.16574981414376283
0.1687463689963158,0.08532739364983209,0.19243693024344302,0.2027257069448007,0.10970310680739953,0.0968528082371878,0.014527116248684316,0.0056528595777251105,0.12075936940161859,0.0032683398929930713
0.13589649462854173,0.04347521402664574,0.2604956299957156,0.0345127263155322,0.17863195635661833,0.035904544429281385,0.21520270180820295,0.0009850358705821923,0.05192931678190719,0.042966379786972736
0.14499414402445002,0.0673234865515098,0.05301758352625852,0.06263693000348022,0.06291161678724178,0.17160835755970183,0.13246230309110804,0.04138287601178858,0.23194983664327326,0.03171286580118811
0.14859713076996273,0.16052495382597182,0.12786219560699474,0.08586729066367052,0.11452512970520472,0.03313307717318675,0.1423874016839886,0.08058020405766306,0.10439218507721054,0.0021304314361467163
0.1963286341746608,0.255530738847454,0.019903993999812818,0.041134697117982434,0.12066949590399877,0.022539683143840385,0.11020810311216749,0.008640382589264157,0.19726933871652802,0.0277749323942912
0.10660236838659916,0.01763451699722709,0.1379128356017468,0.08068103689442063,0.11616843274545892,0.009130412752711415,0.13190731161221475,0.12387105710705998,0.1259547373373334,0.15013729056522784
0.07353552728373834,0.14226427237248704,0.16403941274530331,0.021852711025013797,0.17240234452078929,0.1421247388169585,0.11937418436860082,0.14281114847095647,0.013128129169159848,0.00846753122699271
0.26035658889325786,0.04479987082645436,0.0010745516687595742,0.10751168864982584,0.08160910567607639,0.17554424276861458,0.022850903683044717,0.0822637762813631,0.18680868320892427,0.03718058834367932
0.168556362616465,0.08437291296619409,0.11214465498687674,0.012889166433709503,0.03695476403001851,0.054320136667495356,0.14859633909180733,0.1635277494301121,0.12435101574686563,0.0942868980304557
0.13518403208446567,0.11182688765617294,0.07874314364516644,0.17338797538912126,0.05404574524581491,0.15520444162371744,0.13939593661683294,0.04955840140802813,0.09776447008043115,0.004888966250249262
0.0037056989349128567,0.021545356677826675,0.19525097585058046,0.04669621746247704,0.19103720997234688,0.0612829390986218,0.05084825835716238,0.10837549056278899,0.29444596833527903,0.026811884748003844
0.06486355204917717,0.003730478801902232,0.12832536982049927,0.05705489115196423,0.059472534863598554,0.12370203313793596,0.19903030520459772,0.11204509097546736,0.12831011510473664,0.12346562889012096
0.15220605492260902,0.14834396182756063,0.10129511228776462,0.1332133705373799,0.10138620076033235,0.04114110664517107,0.08247369184654339,0.11127211046718487,0.07102548051756838,0.05764291018788574
0.15518534652726743,0.12257306857274367,0.11919120023787942,0.014226126007002564,0.09878732459387367,0.08805901435624422,0.06855809610181138,0.2216328345392286,0.08612793677087528,0.02565905229307394
0.09393807823300594,0.10503957804806263,0.05387345259579434,0.029960046799330967,0.1266555242075907,0.013173975003413524,0.08996749976295373,0.09470190896247586,0.22116398052338787,0.1715259558639844
0.0852840884291781,0.001303677117587269,0.14682581874267295,0.08304975619928812,0.17925183489566818,0.001185232310767639,0.12615787443433746,0.12722124850696948,0.08466973332486614,0.16505073603866477
0.14506224106708082,0.05884427381547431,0.12473030480282578,0.13440644671670882,0.14795388050032077,0.09485880977042857,0.022667258697968196,0.1689102555095342,0.03708111431591731,0.06548541480374126
0.05295309783321996,0.03465487046072078,0.06080761713765259,0.19884213397643455,0.10034787788670312,0.11927519595511488,0.0321985335827311,0.030595617122654097,0.24570254742334308,0.12462250862142578
0.09436887447515331,0.11110029181271791,0.01438187534455672,0.13372425864478893,0.04590164377561282,0.13290413030287065,0.16759577278205612,0.01726888693603056,0.13765222984390654,0.14510203608230657
0.12337539664495338,0.08815950041972567,0.059913364971717294,0.015355320571533517,0.1587670277296236,0.07171825111418345,0.15571573597326555,0.04246068537090165,0.12361953613514123,0.1609151810689548
0.09213978807726031,0.021742875810331828,0.25197735986715375,0.039302730996728784,0.13177012433464075,0.2402806955180618,0.1470404404793768,0.006685181585723122,0.06244210687612225,0.006618696454600553
0.09056025831056236,0.05423944570261203,0.12064760372101294,0.15557288364184507,0.07912700722939084,0.07090638002084204,0.017001576756889524,0.13187651074155274,0.1265523288843173,0.1535160049909752
0.04054360161712339,0.14992742629817743,0.16636737509428465,0.01128808550939545,0.13910323557050533,0.12244610469290021,0.013729950521720956,0.1753074927762856,0.018957597374299962,0.162329130545307
0.09337994209691353,0.1586770931658541,0.08006110598854782,0.14283875318483696,0.07278894600075568,0.15193473448002862,0.0035892089708523998,0.10678040887518915,0.04781124703881222,0.14213856019820953
0.032873850235447276,0.008619691059383096,0.2522077502431371,0.16059297526851923,0.11823537964030975,0.15710777829289468,0.08627300926410521,0.09951562571506031,0.0059222892472530295,0.07865165103389034
0.17426379314469245,0.16708391158273073,0.06949108788228558,0.18781264942932874,0.13111834305463113,0.040053564178194244,0.0011476828234847137,0.013367941760141019,0.1235514140969687,0.09210961204754278
0.04262452469810653,0.0958940309162309,0.027904866799797985,0.10517326660136526,0.1563495720068464,0.14398614720438882,0.15294877085672826,0.05699446712484112,0.16442797439716483,0.05369637939452982
0.08335026491442601,0.10155082352883478,0.04325752884882227,0.12728691329167177,0.0836996373180067,0.1289506700713703,0.134607697813247,0.08939462766491756,0.12616929508967695,0.08173254145902663
0.17394237181546723,0.12341037014824634,0.17747535940927603,0.012775123966240646,0.17745322450073198,0.07455563941975447,0.15410928418795838,0.04592537454181263,0.02883365281824073,0.03151959919227168
0.044362603891460635,0.08408713138450608,0.13192211796924336,0.1692019291583455,0.050461073523895734,0.14767102504521404,0.098855419920193,0.05453681251816007,0.08236897781078402,0.1365329087781976
0.04369194007832115,0.28923119101268974,0.05404931476862734,0.10086372758261693,0.04810101872411015,0.15598312501882863,0.02295179856881007,0.07425318171182539,0.19812030204038922,0.012754400493781208
0.14136198663090632,0.08155830959200377,0.1888326043495483,0.1033070100941041,0.13002216955967674,0.08350966637743092,0.10792963212164897,0.015184765867587111,0.008452720143323388,0.13984113526377048
0.12635375219946857,0.08345821064166334,0.11413056219676378,0.09720688900609571,0.15448150647264586,0.1524264042060697,0.065884932641494,0.003549471944831958,0.12732510569419273,0.0751831649967744
0.10471639764932554,0.08495860388962434,0.15094635808135612,0.15560159379318908,0.03240121717535665,0.09404822956754744,0.0614442823553679,0.020009063516205346,0.14817597523605408,0.14769827873597344
0.07779911332676409,0.06454666098774994,0.10507343270176182,0.051626048139891315,0.14638164031932654,0.10498022878888895,0.04196873622116301,0.09458197947954342,0.1372552959217997,0.17578686411311129
0.149850264218028,0.16969828497149833,0.16720983298662917,0.16034742896988274,0.02973904197759865,0.05206381493263945,0.09710607893681622,0.09808146963193372,0.04298189013156062,0.032921893243413054
0.09174851046681694,0.07599395898153515,0.14571762226911836,0.09343000196197469,0.00416223356001366,0.06549086988608206,0.1187317113454293,0.2351313119482852,0.06037018340134288,0.10922359617940176
0.057782807386005774,0.043141078152799335,0.032564856648454016,0.28428393672100033,0.03514732220869408,0.2862273277372041,0.04210649676370137,0.030075641199199615,0.0925033334997861,0.09616719968315542
0.077343809391466,0.05951945078135394,0.10502663493416399,0.05979417988414988,0.130637210240526,0.1621107641179526,0.10330030583530833,0.11659822523850648,0.08042128386158914,0.10524813571498376
0.1344249013027137,0.03656762850638866,0.01648704414658652,0.1293025172842938,0.09597679444254474,0.1804198445818578,0.005425925664256327,0.13230453926326535,0.09241672108353924,0.1766740837245539
0.027514594348256677,0.13921727785408558,0.02302268301062688,0.1190439997438291,0.10041239710692215,0.10759984970819521,0.16617302761609135,0.11254766034077572,0.12378915829391113,0.08067935197730595
0.06328225718555852,0.07128933136945298,0.08334396325109056,0.030327644046925405,0.13446674971894262,0.14450903600262746,0.17152261503360416,0.020647324512066908,0.11104637729864635,0.16956470158108503
0.04402463027845642,0.12931208553135654,0.05354794211873528,0.1038015948506081,0.13412499485461304,0.08405091767162119,0.1785831718170614,0.044487679319398225,0.15632972681356597,0.07173725674458391
0.11391246732491742,0.11841147112235301,0.08441310687602752,0.16761828025535694,0.03751698272115509,0.08654934545634026,0.05942767624473999,0.10958245682037755,0.03521085320751997,0.18735735997121228
0.11555775935911163,0.060601196910202444,0.1456623624066922,0.12409161689100957,0.06930741535715204,0.09322766037931222,0.13002685475155246,0.14407586501050923,0.027499002183918726,0.08995026675053956
0.08344943177101394,0.1123543639044172,0.1650443758183892,0.16145832340307237,0.16048530706513295,0.031062661187626774,0.03362636379823684,0.10474300993186916,0.009153233031317397,0.13862293008892423
0.15490172219002313,0.07682992545871037,0.023762779223836565,0.112884378987107,0.07816104749970858,0.027120323724737227,0.17033802176096408,0.19772093737624477,0.03440530324732061,0.12387556053134768
0.06722839141556464,0.15035301451783967,0.05734452396495685,0.07086285717890521,0.1361829213148877,0.23381495864571145,0.11334376079178378,0.11429487205047999,0.016340372645816587,0.040234327474054164
0.0605656275191581,0.1688308780094608,0.19004414843084486,0.19929288896759303,0.08742065225536737,0.019179613317817888,0.026185912916418964,0.020816496123966455,0.02679996572250164,0.20086381673687087
0.11751125889640603,0.20638708386173116,0.14170377432943468,0.14585670596611947,0.005751073758910354,0.019371651931727064,0.1361280784645504,0.09516162785969502,0.05652202199454448,0.07560672293688131
0.10661107259992998,0.08823069704726595,0.029355764050748547,0.17955253840967395,0.004661574848054166,0.18250341763430786,0.16542858677513883,0.04264814656136783,0.05604167372185176,0.14496652835166118
0.019663602137995926,0.12145050783311076,0.08209366172305071,0.08210132073567446,0.07551917642035787,0.12098955104539694,0.15283243287898948,0.0945301575350607,0.15483601661392288,0.09598357307644015
0.15734307053415753,0.008949966883644498,0.13397226923969655,0.06119881903536486,0.044209658254826645,0.15207093795572682,0.15778630143821815,0.1368346804308576,0.005884576429602663,0.1417497197979046
0.028455901655565507,0.060706455991353596,0.11448424670342118,0.18861079114744658,0.10420553180673005,0.1408433706902682,0.1627155759332293,0.04960463418638914,0.048826482442796366,0.10154700944279998
0.14102653150799557,0.20608272401327452,0.09170976188914165,0.0348792784212971,0.01725624964851288,0.08499092734045433,0.10590262678283631,0.160177893254539,0.12868048059951714,0.02929352654243129
0.13938470020354077,0.16797695009849622,0.11526313525937244,0.031117408455346624,0.13128693272151154,0.0442114878110157,0.09922310496373875,0.1641724259498252,0.0917711546486483,0.015592699888504374
0.1865876817488642,0.04055718676823762,0.042250917479023854,0.010665733166184407,0.13262148003092283,0.09593555552636399,0.18866053929433907,0.005717950833263422,0.11121058783588098,0.18579236731691945
0.008688949729790276,0.12651803513762627,0.06261785274161262,0.041728968081246154,0.1354657233529792,0.14177185952341478,0.12694755657717008,0.07075651272775649,0.14184156203250198,0.1436629800959023
0.17090055632818368,0.09232945547959005,0.04933876497391533,0.07436948591683035,0.0443605012621813,0.20978578138734472,0.08776774839174281,0.004115133735065399,0.1426130953538167,0.12441947717132976
0.22868002964455866,0.09608946451727599,0.0013804497809249657,0.006598964128482375,0.1734852592047068,0.050069646970517884,0.15086922962655352,0.1311989629742225,0.1507322321895406,0.01089576096321674
0.07799988825723028,0.0024334078790211448,0.042621678136248266,0.20782373462021272,0.11645876896334668,0.2052183913412385,0.015916603761802317,0.19702050781363567,0.0798917662634542,0.054615252963810285
0.02673554894277537,0.06700204687754549,0.16169010431580766,0.1587088998124189,0.13052668946761672,0.039127910125642464,0.08736519274768417,0.06632008699184733,0.12581353815693413,0.13670998256172778
0.21067157322681332,0.11277604812406694,0.08680659247782876,0.12012099821418432,0.04692298986645481,0.07367900347096244,0.023742113140168736,0.15949843373192021,0.02671485397252257,0.13906739377507782
0.0718239125268806,0.08581018619218757,0.09163980332671835,0.12577181232908569,0.034713961677624396,0.14448124936335746,0.1438078947507601,0.11280663024970285,0.11084729592022227,0.0782972536634607
0.04369070721998367,0.03494190756929081,0.12837203516738543,0.15743611778052022,0.02862274954927246,0.1390174526071438,0.12513316265408342,0.15000171527876796,0.07263899330636707,0.12014515886718513
0.0030310364792479985,0.03891305416239389,0.09450116246618766,0.08463812123969208,0.181274919445862,0.17186112198367498,0.059159790823800504,0.02168814763088778,0.153786421323526,0.19114622444472704
0.07290948792311693,0.00820201893215703,0.055744080853200366,0.09974385699163107,0.16218825821176494,0.05421227866874588,0.1914879342438287,0.15033547300874361,0.01914905790273841,0.18602755326407314
0.16445993279379895,0.07992378692081642,0.060324004382364196,0.17787516047638907,0.0005816744292548807,0.1722808413186809,0.053720346409000704,0.0843541022202644,0.01246252303878038,0.1940176280106502
0.01341864988288315,0.12904132598608192,0.18338707757751951,0.05306333055772042,0.15302976895603082,0.07819424009435902,0.17145298649183252,0.055873211613837216,0.12043372366247825,0.04210568517725726
0.13451100692369122,0.13255980030944237,0.12339432872411342,0.11032247108269776,0.0787559319712051,0.05309538669189761,0.0923420030359564,0.0953152832687909,0.048654637144008875,0.13104915084819635
0.008310200397392121,0.05970771724990228,0.06129534290033468,0.16421679799045621,0.15639296950173387,0.15695474916765917,0.106914836534137,0.09239988315817561,0.07883552482381442,0.1149719782763945
0.10588154019240294,0.10353351608589642,0.11493168099054564,0.1561094116396622,0.1871183476883994,0.007190512595590726,0.15838862242146678,0.11770012539962635,0.022664609228312475,0.02648163375809689
0.040188135652544886,0.05847266260672652,0.05423452918517762,0.17702106353608352,0.019870801810435934,0.21819250777203988,0.012449361490790456,0.2142155462041464,0.13563294909862364,0.06972244264343115
0.12650754934243869,0.12786701944641196,0.15529348444964236,0.02123796284020703,0.02809031723429476,0.03411878073515347,0.031990274786949616,0.18791957863324044,0.08071027075732172,0.20626476177434
0.0934107031635049,0.09366068365219825,0.1659439861408078,0.16291431448803406,0.16472366654465395,0.026411674116262364,0.04793104896342611,0.10812585037338934,0.08438143474646079,0.05249663781126247
0.17942963440468684,0.12804820533611233,0.1418236398838748,0.08016644364097386,0.01165888478237942,0.1783977000431018,0.10415541665342877,0.04467708551395519,0.003949200290976282,0.12769378945051066
0.07605736326567744,0.16597206576331217,0.07664402615103688,0.020187749426338712,0.11855278574002831,0.1672279115640588,0.059536592174006586,0.08837459737153507,0.14937476801911415,0.07807214052489199
0.002780648277594673,0.14905298351608265,0.2656505591380561,0.14286786176845898,0.07158902084346087,0.051929655506622374,0.10626320257318304,0.07375655560308697,0.12758433125881646,0.00852518151463788
0.015148943574748512,0.1012024082977632,0.10355792170075043,0.09807054821087444,0.09291132233140938,0.14735594597287355,0.0515834210887694,0.15568483635986727,0.12467783814253092,0.10980681432041287
0.021466071345488766,0.16415405646319162,0.1643087128774096,0.0412964389580476,0.09395373330758416,0.013852007173040987,0.164413052957859,0.18229471898618665,0.06756712950407606,0.08669407842711542
0.17956899208735447,0.017214939671842237,0.01231499180398092,0.16967386567023957,0.07329617343455055,0.15623083108457342,0.06275480053014498,0.0425572549108616,0.13916888343436148,0.1472192673720908
0.03242779120005938,0.09564901196572305,0.13598918563653092,0.0820634269343973,0.11890827058446796,0.07096084569145643,0.13977009736900123,0.062166117544681834,0.1533628077413154,0.10870244533236663
0.04188312570101565,0.16852709443271044,0.1591190627811408,0.11315439286618317,0.05238735719312837,0.0599131376400609,0.058887765173014646,0.06451533747399119,0.1322231856771926,0.1493895410615622
0.0011766284814678514,0.046647061727709195,0.18103391055754753,0.03981782591473762,0.1977812007953492,0.1455897855218624,0.07797790947732397,0.008541509652040384,0.13931521633104677,0.16211895154091507
0.05294045603219601,0.009136704094422663,0.11027735275072595,0.18594671776183155,0.16194201764905633,0.05609318184040383,0.15095228136623995,0.1413855204593403,0.05023033409881665,0.08109543394696667
0.0008571681532069906,0.07409283290255606,0.09639999831708208,0.1561388893341374,0.006272928246454092,0.1710021754709547,0.07435021372000519,0.1543594943465296,0.14380588366945626,0.12272041583961767
0.14110868185932215,0.10987022466134903,0.12485804935491784,0.1525653533657906,0.04280086478847448,0.16638164738602246,0.013941479764927283,0.016818567640158568,0.07287399109075646,0.1587811400882811
0.19564076064497077,0.22498956599249106,0.010376261607622658,0.006891066048808201,0.03288074287521528,0.09227906260351948,0.13356924924415808,0.13696014431330114,0.1141569090985061,0.05225623757140711
0.11636189955592101,0.014424657180586812,0.1424953200866104,0.13911187278941298,0.07283210731654753,0.14094520559238302,0.10791263215061214,0.0493876240735512,0.08090443114959275,0.1356242501047822
0.0710297651306891,0.09160084087430179,0.20835805160135948,0.07252624727955863,0.20827597018129737,0.0005986753876306697,0.21082548735645873,0.09200108910211921,0.04107133160872801,0.003712541477856937
0.07146675451495776,0.1035312388682331,0.13544170752125026,0.0925762195114223,0.07872161692297747,0.00882501031542588,0.12732138901375048,0.1207966646966102,0.12034772889222616,0.14097166974314645
0.217253106310131,0.05983573388082872,0.08674216610638345,0.17795776063361174,0.25859104367314195,0.056172949012362305,0.004879688097495329,0.11106796436765645,0.011269382680720851,0.01623020523766826
0.11094058104169303,0.06790966688065472,0.15907286802521242,0.06223547078743765,0.05354712168482766,0.16994777237107495,0.16987582722704286,0.060409930791456776,0.06952707808268671,0.0765336831079133
0.25709201906224316,0.013221675106278733,0.23147235416187265,0.1359642904727424,0.05517901980808009,0.0668801464986455,0.10095987778079064,0.007985567936698173,0.01971780368105155,0.11152724549159722
0.0760705253805271,0.1354060675590236,0.15290746107464495,0.026321985096757722,0.07882518226298847,0.17320396862368403,0.12121668707760239,0.11732753620036698,0.06763898922422348,0.05108159750018134
0.09948193149873817,0.1347337232210562,0.20779000934586908,0.11319562641616998,0.11773610173642547,0.08531950881361033,0.1650281021188042,0.06020745739295463,0.01563292302953223,0.0008746164268397598
