i = 0,i = 1,i = 2,i = 3,i = 4,i = 5,i = 6,i = 7,i = 8,i = 9
0.16217488586564194,0.12676196124133468,0.08718591029803974,0.11110627893509534,0.06891315539775168,0.15874019630193578,0.06233732334776094,0.055940325216243,0.16493542149589963,0.001904541900297413
0.13275397420730098,0.0625548833414134,0.12110395483717684,0.009774762173306122,0.06114388043522481,0.13499999558687506,0.11856026411009894,0.13516008544551622,0.07724874977242438,0.1466994500906632
0.05018936247688116,0.13341328377555062,0.06338258981178234,0.12427252762390324,0.1381254425236556,0.07671028338377502,0.1032989824676552,0.14584456285382263,0.13066307691718287,0.0340998881657913
0.1613695401622168,0.10160865541626653,0.08435049552167717,0.060714480763200414,0.1537244643986549,0.04715733666019513,0.0263797961182259,0.04891503813223158,0.1691145384224229,0.14666565440490875
0.197695819792669,0.07908617321331804,0.03209669106971117,0.23269938721436634,0.039603741983468575,0.16265869787005735,0.009388427918332297,0.11471938477988793,0.02501254869880102,0.10703912745938829
0.1875238627500602,0.1025119632393373,0.0799196647405023,0.17537584755430227,0.06409912619902507,0.020226656161753523,0.10422478847353578,0.12751498228205146,0.04356781046536496,0.09503529813406703
0.08231756288145642,0.134833652576177,0.04049670157410604,0.1248784103793811,0.06876344487936373,0.12333211231469687,0.03677674018670853,0.1412347307341861,0.17784201177876385,0.06952463269516045
0.10956860545783255,0.09243037772840883,0.08259990964147372,0.16871403119598063,0.015967539640281834,0.08778254982966399,0.03385270172833039,0.028833049619430624,0.20818481157260552,0.17206642358599206
0.12665722466523419,0.10573474080487319,0.07978810245799806,0.09381637388027174,0.10922497752982491,0.13903930044183319,0.05688580059173639,0.12854332668048774,0.10901073431939842,0.05129941862834231
0.07221026120489035,0.04344191680206089,0.059306942824820366,0.13836694325082632,0.027301235891516184,0.07726771801832516,0.22105110457994942,0.09457732168660948,0.13776219708691737,0.12871435865408445
0.10088703421097517,0.030753728873220545,0.009405594578561239,0.01713196444780225,0.1268816588429815,0.10754419383832031,0.17079870881764658,0.1988172191853966,0.08936251879506418,0.14841737841003147
0.03506673358870665,0.15634258300250853,0.11408808457075319,0.11443062793004743,0.0727078760420086,0.0691536789645506,0.13485083473944864,0.10149263254715371,0.06596307181942268,0.13590387679539986
0.09870788151334761,0.1465260527440615,0.03542507348439406,0.07378669342328463,0.171437031890546,0.09140888663331963,0.15883773131405193,0.020835025039303044,0.043276565366926874,0.15975905859076472
0.01267220715547556,0.03933766756438986,0.030176493657426265,0.07649638799119558,0.24489018524866127,0.20463341047073963,0.04620084243763585,0.06804882612603484,0.08916560692000987,0.18837837242843117
0.17502448275273713,0.0007937716368215102,0.17126188470096934,0.13462844419805747,0.022149132291346393,0.06015832957408458,0.15574786287807885,0.10543335576323608,0.11645229243066979,0.058350443773998784
0.015737568845594317,0.11759611024756432,0.1778250019568936,0.014510883164281506,0.08821196391199534,0.19063851754674344,0.01359282677213915,0.1516124762876931,0.1137396160699793,0.11653503519711585
0.14255433294920333,0.043479787570987416,0.10929406314320717,0.06171249243963325,0.0886131001336751,0.12075501769175899,0.09371480101899268,0.12150834693368681,0.11761809528260418,0.10074996283625111
0.0871979523697634,0.0819765525797534,0.09374125638556098,0.09426144253148133,0.12625158096938988,0.11449902364146246,0.17027850027798924,0.02039161258577928,0.11896232967901693,0.09243974897980332
0.002746874853434297,0.15311655225668278,0.014437012515365683,0.17661880246211653,0.18740578334237243,0.032035778116353025,0.2026363976813841,0.17502980854362035,0.006641609984765355,0.049331380243905286
0.10975666548979804,0.15466377442145485,0.02988846232923127,0.018658549613208505,0.06378042177497131,0.12064691532258519,0.11468289992750111,0.13957520153113182,0.14527666711117143,0.10307044247894645
0.1594409910267701,0.05652773439507019,0.07486387350809562,0.15290931309040084,0.001464035183780984,0.13006173394456616,0.11157539822316484,0.023440065574858893,0.14750278592244484,0.14221406913084755
0.06581487107637554,0.016818038971556842,0.051350209399918856,0.1767998420510827,0.25341637001230205,0.0901290487058652,0.08675263104950327,0.13346389751481985,0.10174192635729203,0.02371316486128366
0.00865170235788752,0.0429761545681024,0.05676990316364417,0.19131052443277527,0.11746558772791847,0.17427964779368696,0.02949169860733767,0.07156436279828596,0.1145831845483307,0.19290723400203086
0.14375805084332738,0.03975457378370953,0.025948355090508607,0.020360784140539344,0.10119089439632414,0.12210073757621051,0.17950666702746504,0.15729289335199065,0.14419174358811554,0.06589530020180938
0.07244327630073892,0.1726421589963521,0.14695073937850694,0.08627228665241145,0.15542669914922788,0.13801713153530576,0.06849028780337567,0.09596580394347268,0.023100481100343254,0.04069113514026524
0.1485657724480405,0.23518536075564056,0.11398734278293907,0.2080470133632636,0.12648185813904292,0.005964290060880417,0.08307480296735122,0.05215405277913607,0.012217007116950451,0.01432249958675524
0.04407842744403315,0.09102414133632082,0.11649969261356845,0.016488811524521016,0.04234417070335522,0.20679849594863225,0.16903066236212463,0.07155423944758436,0.11341422407198473,0.12876713454787525
0.09885774695247497,0.08319176161514369,0.015270737192203536,0.023947770576940995,0.1297303301457587,0.16173128654967237,0.0833044806850198,0.12840611423427425,0.12519936342725652,0.15036040862125524
0.08653901703536275,0.033986627763376485,0.008251582438423555,0.1550239830814572,0.24847088825302865,0.10919375352449198,0.06045426577518217,0.213896172804814,0.04642372174891561,0.03775998757494747
0.1278562809443869,0.04352976251034191,0.028718482322369763,0.1462192478139863,0.13140535838671716,0.09086002218976531,0.14123499658541594,0.02670382682816482,0.11780663804548343,0.1456653843733684
0.08211114146808329,0.0793803119600376,0.16443545919724256,0.12453803781964772,0.08898572387551895,0.15321966434149642,0.033173386588796615,0.05829661440720248,0.16784896502492913,0.048010695317045195
0.1712223431771984,0.024156606128036863,0.03764997572418483,0.05762601913344262,0.07291746002061077,0.15917946948697909,0.17176222717395392,0.045003675258076414,0.16151008113356985,0.09897214276394739
0.12301752426381311,0.10090720624972704,0.0628310209216995,0.04563984728754392,0.011322210146869544,0.12743123955622068,0.05933840081381954,0.19749127461436286,0.1516231399478163,0.12039813619812739
0.20742422031436344,0.06426612611788528,0.13713167829079254,0.11382974793708284,0.04949347742045559,0.05822030535664857,0.08709049863257638,0.04026287053047118,0.1897693468442346,0.05251172855548952
0.05372387938442356,0.04664803824822752,0.05240503829041383,0.07827927983805134,0.20473080346241085,0.2566274532969493,0.009017125921647998,0.030405162979186436,0.17267340381572777,0.09548981476296138
0.17714901615060494,0.0935174303593372,0.1491518633041405,0.031309668347248465,0.16793989773302354,0.10642217999382098,0.04225832518416053,0.1638429386549058,0.01586251832280673,0.05254616194995121
0.13406165082246566,0.1897283728077,0.0994515035479288,0.013980131643554442,0.10980289269247506,0.10094039609275812,0.15890587855204283,0.039573890243048415,0.13612964788575574,0.01742563571227079
0.20212600633475514,0.0538183187748937,0.07801971583767779,0.09871335274902888,0.06191200451063901,0.08764968992308388,0.03734114193150035,0.10812621683962025,0.06535391526802255,0.20693963783077848
0.11236462496170095,0.1534898306368585,0.08615858913629472,0.07975186371491544,0.039769933407388075,0.13205711698928502,0.1377875004787629,0.1367192561606189,0.12058450692110416,0.001316777593071152
0.16740837770263645,0.10099304067248321,0.06381318505587341,0.09683469207900265,0.13759642142688097,0.1041704368799149,0.1489538693588629,0.09008557418756205,0.08921470201943887,0.0009297006173445582
0.0957176049789048,0.11328215912236714,0.14283822916587338,0.1778705773360136,0.08391906327349814,0.1358215488140638,0.020675092329619553,0.09193223900099524,0.09019741384808498,0.04774607213057931
0.09236940040118637,0.15974969207319287,0.10698550060234928,0.104116154362671,0.0892470883594787,0.1605302819234011,0.11221220406526328,0.09068938371835204,0.018671249418382267,0.06542904507572327
0.047907529943043675,0.04448172100816292,0.15515144732455552,0.08003410489731588,0.14064786977737587,0.1471165480940654,0.0860829261216856,0.13795869073480235,0.05003953510198305,0.11057962699700982
0.0942860354947405,0.05726809469003792,0.1085928435633513,0.1462745147307537,0.11617458690690095,0.10265975322273624,0.13994772559338622,0.17650421470754718,0.010711854730490189,0.047580376360055715
0.07382512776108065,0.15194465514462693,0.09910030059987364,0.13787035222573207,0.11211871082085954,0.029475900436809373,0.017647076245945595,0.11522553578089566,0.13341318232651517,0.12937915865766147
0.04885802010810597,0.16496253405401604,0.10185218254720858,0.1049174345482913,0.22536168793223324,0.007871749293729191,0.10781644601593605,0.06650138750353607,0.15382907124107228,0.01802948675587123
0.12043834661297108,0.13972136911291666,0.06564999988075951,0.17529470111103634,0.08246763703898519,0.03222091920237351,0.060554575812057136,0.04994499510254777,0.19925438973687729,0.07445306638947569
0.1610221033978939,0.14461997468755494,0.008804368336786786,0.08208479538743853,0.07465730537234319,0.22618041091677568,0.02580619000706199,0.1549091412524572,0.06618882685025734,0.05572688379143044
0.011323263357209675,0.1484548825486199,0.16719733224213493,0.02937072727268595,0.07695992263031666,0.06389983530722017,0.01067570958480001,0.1349354607986404,0.1521066096168235,0.20507625664154883
0.1616157708701095,0.062409317046690095,0.16761675426525094,0.0035413149772477483,0.016450247270912207,0.06460176212934389,0.04244713604348889,0.03809670165200485,0.21522675484766757,0.22799424089728446
0.044119772896292285,0.16953306499117976,0.10295859755178428,0.06672856393032592,0.02278600771942715,0.04165321831759865,0.2290791363254116,0.02594053777785791,0.08008780558421277,0.21711329490590972
0.03943663683673696,0.018116332521160794,0.18505196777361863,0.11373034987217699,0.0902729297127667,0.13080624734918098,0.1595247147381341,0.028400835150947018,0.16737609056753017,0.06728389547774773
0.09351937972806651,0.07620580865556163,0.1514421806704072,0.07583331965310362,0.13781069544606125,0.10807728077866702,0.09139706038419886,0.11127204724751517,0.05498574091222081,0.09945648652419782
0.15003116699786076,0.06519471786412376,0.15794340113431732,0.05184425082700785,0.09424839249608387,0.12110970904601497,0.020290125301468474,0.14688520464243457,0.1288818984492944,0.06357113324139409
0.1750311149621079,0.19032098119565435,0.08356085972888581,0.07530015840627002,0.17008340959380186,0.054441874700861544,0.061794457851535,0.1375636908935686,0.009142109220264651,0.042761343447050355
0.12057522552054996,0.029964963268947584,0.1018606912383271,0.2036615944952424,0.13290316329881172,0.15239840990102554,0.005226837054762057,0.1267251312433486,0.0019278980051177287,0.1247560859738674
0.06811880589649959,0.12521128576946733,0.0016672592470686565,0.16400731798334384,0.010243461526927625,0.04834633901717937,0.05423546360610155,0.0883309904386466,0.31509878349320347,0.124740293021562
0.01972972263351324,0.1550073184909379,0.08473384916242407,0.07918178967269515,0.05187159506127105,0.026512426897900326,0.07823291152112821,0.15018325788637654,0.17178472235560666,0.1827624063181469
0.029268380561261784,0.09899556259052833,0.16655483521683262,0.06264681880230996,0.09729217218484525,0.1564636393065675,0.058014716420051377,0.12692488060620813,0.07698332065913295,0.12685567365226208
0.03344246447706517,0.14116770846370263,0.06892143484703761,0.08034439036729517,0.13068162109195178,0.010144727944778182,0.08654887414699575,0.029511153765164055,0.2184186578997581,0.20081896699625165
0.05292257170537247,0.19767630322989643,0.01172798965897529,0.04405689743385843,0.22817029643244122,0.0418149360279379,0.033448790096659874,0.0073160613926326725,0.24969246434360556,0.13317368967862012
0.14803057579454748,0.02190988615565446,0.10968806746677687,0.09202096720471088,0.10490124173591214,0.06071095749393884,0.149135498782057,0.08941964611103077,0.11035613755802992,0.11382702169734175
0.07101780199198518,0.04526310977670328,0.11550487550808348,0.23123711356109944,0.1023917907391537,0.06423629928516837,0.1251103376226133,0.17631957325658945,0.026320339495582483,0.042598758763021334
0.15198855389226254,0.14824522079987082,0.08248285256017149,0.15328841058340742,0.07687588677307274,0.05647549560265861,0.17014060937699443,0.02393017325510985,0.04849588661777218,0.08807691053867987
0.05185719210847031,0.07044356257888745,0.06363007543055224,0.15079494511173602,0.06852773294281804,0.09224190328383744,0.07283207776704001,0.12055041846369209,0.15662325711670189,0.15249883519626437
0.015264073915015594,0.13113196302267383,0.04599315603139767,0.0288010233433059,0.12282426251285788,0.19488213630856924,0.13001908767664086,0.10000525303601178,0.03628126565459136,0.1947977784989359
0.06538991440179137,0.15470081210226017,0.08442461632652333,0.12270407065629492,0.022552392272770602,0.12515339717526597,0.04428897391794725,0.14367627428679716,0.148254189961463,0.08885535889888622
0.09769481576011713,0.11949223709328156,0.09463423255370969,0.08490882442993998,0.006625204558373765,0.1819066160279707,0.18700721137153195,0.08739593553703699,0.003174192840347989,0.13716072982769018
0.11328059379462298,0.15056586995520224,0.019255176658103338,0.15850019026967355,0.0907028915061245,0.14632284263579257,0.02946242232101406,0.12029765996081213,0.13297414201167126,0.03863821088698342
0.2172182196572229,0.1340919816980807,0.2128391727925645,0.06096311791900382,0.07056901792533052,0.04369923389372302,0.09697927666282379,0.12744204032313625,0.022347782701552733,0.013850156426561868
0.02421024112029657,0.035738176190794634,0.0906887085208683,0.14445513011659053,0.09031918621467998,0.04447738343943104,0.16574792396767932,0.1374189149724827,0.17138705493939993,0.09555728051777702
0.10066834719632964,0.07883235863289519,0.07716378198805017,0.0980992160299215,0.11505726534577349,0.10105204757563213,0.11756169388743658,0.14266611707513957,0.016451297767195186,0.1524478745016265
0.11398876495062586,0.10336633994719993,0.16932031791493443,0.14157062880877583,0.017558195051605132,0.049215685160754565,0.09138421995755998,0.1177862094241324,0.09985889671773095,0.09595074206668086
0.021263767208672055,0.14816537582323588,0.14528690878383302,0.1133485579628027,0.20102963406254246,0.17410636606378432,0.07680619918897451,0.03315442371827902,0.08402145992777063,0.0028173072601053984
0.09726720211810061,0.028400390154069206,0.20337068781318762,0.03153545276814349,0.10320502930254642,0.1302984986281896,0.02697941229090773,0.18348923079726864,0.0583380108312345,0.13711608529635222
0.08429204863456002,0.08044478710219466,0.009606036219882944,0.04742977233443814,0.118995082712956,0.17599888855714105,0.17384938807896422,0.08072248825498377,0.05683191946820962,0.17182958863666953
0.16685009320368324,0.17322612482887131,0.10269261500766373,0.07578835224803047,0.07565137367766932,0.049154504451677766,0.010382400583723432,0.08162689591642526,0.10373369643934363,0.1608939436429118
0.11140246576248487,0.08912372775633244,0.05558199202707385,0.05266605726606763,0.13395896157008344,0.08545892653680086,0.1317682681307605,0.15226392478954712,0.1638644127435968,0.02391126341725239
0.01873225947985333,0.043242398110069885,0.12012187037215363,0.1524749077025027,0.05971614857186293,0.17455820873882263,0.03271471287907743,0.1826796603796626,0.02135062190480795,0.19440921186118698
0.10620992525888089,0.10762113926058285,0.1517718406602413,0.0736254010304199,0.15752989095876585,0.15390530437469205,0.06363974032820652,0.08282605466662339,0.02319165407560032,0.07967904938598674
0.11575500819654573,0.08563570784930062,0.13960796860081057,0.061016251769752734,0.16922885934973944,0.031626352960971056,0.049724446684972314,0.1435106153268438,0.09000143616702862,0.11389335309403494
0.07845032486782472,0.10203146972423047,0.06038661146222529,0.1634430901068699,0.06532670243611705,0.17681185172255423,0.06970461908912015,0.01260065635790083,0.17152735610572875,0.09971731812742851
0.11932771223327156,0.07454746128189536,0.056166534071621074,0.06920069834812162,0.053623800620186284,0.119372906357008,0.15802324527732559,0.05347986472092391,0.1665526813159291,0.12970509577371747
0.058716697016054004,0.04044307694160631,0.1855420324819125,0.08723071135125444,0.12712776440959658,0.1057906470280742,0.14102997996033817,0.10846514379837077,0.0267249848389527,0.1189289621738401
0.12459058648523555,0.14523739663869537,0.14166216276795698,0.02371981672437125,0.03764897548539232,0.1263441518018647,0.13586557019294454,0.023136204431314908,0.1299191366506521,0.11187599882157225
0.18563449221559375,0.02323851107449813,0.0007056510638022734,0.1574597304093209,0.11330436338221725,0.11826640039721635,0.09806835347106896,0.17574870429522158,0.021192946154661878,0.10638084753639894
0.16812979155488375,0.11313359131774973,0.04646947542562424,0.15928485512198898,0.12146037377249844,0.07288334025839377,0.06677483982564965,0.02658086352440648,0.1456559438753894,0.07962692532341553
0.07518725219491998,0.14361646187502758,0.1952158559926821,0.16546139725635667,0.10824091808186327,0.06800601409452248,0.044969150050857214,0.010172880061663213,0.17891685342394742,0.010213216968160136
0.0893199960985674,0.19509326064044386,0.09784606740579448,0.17634729380344547,0.1869706251553922,0.00480181753807466,0.110590688887775,0.0534901699625588,0.0031570110808750366,0.08238306942707305
0.04919568095157396,0.18049233078113078,0.05499182471554263,0.09938295219290844,0.1629688405480183,0.20319973691909896,0.14373733447628545,0.018971684981372236,0.020486452840516735,0.06657316159355259
0.059647612556040695,0.10142125237210836,0.028949404767271536,0.031318650749378965,0.09546449652456761,0.18824588047394175,0.008594109307203406,0.23670353031816493,0.1991207448412649,0.05053431809005783
0.12422883273469888,0.08072506111352637,0.10332180095287097,0.047862610614006616,0.07396414649606683,0.08424099477156526,0.12161525842712914,0.18513076334081363,0.025115095732361307,0.15379543581696106
0.09472493008337672,0.08816494831746165,0.09546550156970664,0.18641861850905303,0.032063768597508084,0.20169688988909285,0.14792659047269596,0.07455112417826794,0.010633258726339502,0.06835436965649762
0.025467095483681992,0.1388464162090637,0.11609143210327538,0.14489048649797684,0.0392310222172556,0.12124416718788886,0.06371650251741147,0.1034903366817024,0.21543973800370592,0.03158280309803791
0.11453168258088844,0.05715860768791227,0.06188587877907875,0.15395844957125218,0.04547341915583037,0.03439361589590405,0.17206389728357402,0.18951772094243913,0.03180319963978926,0.13921352846333163
0.14992224004523783,0.11009086313941789,0.15073273251079106,0.015827845327401953,0.10497002869443436,0.06767796284565666,0.11900069962156742,0.06199299583761754,0.06791668683624022,0.15186794514163512
0.14615612204068396,0.06055222231721682,0.00790694074242611,0.06820766522110158,0.1762484620874816,0.10982375595390036,0.11898026522072443,0.008218162360290946,0.1263820630366331,0.17752434101954104
0.08277752610832147,0.11971124556760554,0.0486776780338217,0.16560564942295652,0.07456070735203012,0.16858768936135965,0.08460890786599447,0.016041846838027056,0.1407078738329234,0.09872087561696012
0.0013744229724465353,0.1873781910239276,0.05445725857111379,0.20408611307988073,0.06388866240786997,0.06411097138403017,0.07158719235832903,0.17495765102654592,0.0863490529740131,0.09181048420184305
0.05210006944080701,0.1425319467582883,0.16832714774912277,0.04036834381122577,0.15803721229743414,0.008184951313410386,0.03518923706791049,0.08245976031973,0.15288364926549242,0.15991768197657868
0.02884397506719121,0.15329583464914265,0.17874196343043242,0.08382410912126434,0.08099954990180541,0.15274167474203776,0.12212230458706935,0.01628323827062707,0.07095040814794282,0.11219694208248683
0.08195382789698985,0.08925529336732388,0.06153590805702476,0.26857883786515147,0.09014318779766654,0.045635486852268405,0.11311996272964796,0.05010999377770089,0.14196166953785047,0.05770583211837577
0.1274168298063304,0.14554384573476425,0.1582812467946112,0.056493007475890526,0.0911088903267719,0.13204475346084385,0.06329186853413689,0.03262654042916605,0.12635908847320904,0.066833928964276
0.03211076009583412,0.1831623819092097,0.15568904890551324,0.029382858340158483,0.05653390030074667,0.08083323627204064,0.16682879765974698,0.06101012981663591,0.16628197616384133,0.06816691053627279
0.03074792485367912,0.1145667126529091,0.22008095912746334,0.04793375188742581,0.013806709552929106,0.04861848182613749,0.1830520282147218,0.026333474279798787,0.18648816423277204,0.12837179337216342
0.2119496293069457,0.17277250727113175,0.07608806451798081,0.020714879257057457,0.060245714212219775,0.10512417939232643,0.0539771404596642,0.1457030538010556,0.027900620101928682,0.12552421167968952
0.1834103167960644,0.06162610939702306,0.15916503906985696,0.10513934971273199,0.032076003801150874,0.052949406782737164,0.020371613105446534,0.11246266733230663,0.1577538883256436,0.11504560567703875
0.03728132231947669,0.1368050561138475,0.2148829300791998,0.1993009261815902,0.01915346594513425,0.05159175099016354,0.1847554308426532,0.0838622686995588,0.03264534713532562,0.039721501693050394
0.16100694546493358,0.15263077213377105,0.07110892940244119,0.05611043063436144,0.08377123341893884,0.11670829554217495,0.06749434355756027,0.026065330534445878,0.12049413858581792,0.14460958072555485
0.1966452540141084,0.19297272701156568,0.11681813730195754,0.01903871189234557,0.07394948558276931,0.12748433461417308,0.08769471203387168,0.022312811069882466,0.12569027197234653,0.03739355450697959
0.11332452386262061,0.05090399789724802,0.09703116890449617,0.028759701660042963,0.20142922494850257,0.049697827159821115,0.15408918650131573,0.20991351227949187,0.008018595519079862,0.08683226126738107
0.10416693676182767,0.08112574769696634,0.17132947527541698,0.09348278045445084,0.08976896235600482,0.16345748002943025,0.04730656242033889,0.1027090518673692,0.08375945751052445,0.06289354562767052
0.0008156012514733174,0.11995193509733847,0.03132320079443708,0.11452940608304575,0.07833749257262862,0.08441993611789077,0.16529228063676865,0.1480437491511667,0.12106797828278919,0.13621842001246134
0.05861190515892842,0.058823526458871865,0.007509506791564979,0.18995349179584958,0.04941292229441279,0.15052589424037696,0.14785629777424844,0.18039717971179223,0.1321855334554915,0.02472374231846332
0.09245360578172829,0.10970643025277763,0.13088399908210585,0.11600228377784325,0.16181796021345318,0.03003434679609032,0.0843696407003475,0.10217783781712585,0.10614358202093728,0.066410313557591
0.08599911304300946,0.16542524005615075,0.13709140075623227,0.019684497234978282,0.12858922385425833,0.08780456883150406,0.09062992195798025,0.14422963411699088,0.016891122708992887,0.12365527743990276
0.09288768707822495,0.17636573143667675,0.10314639077475872,0.2337668656627922,0.0031362733470943556,0.0780274311775444,0.08284935118013032,0.06458203015074904,0.03393752372489791,0.13130071546713123
0.17603708812236318,0.08563894662069689,0.11897279256741394,0.06421823011698771,0.07887826185422342,0.1283624063124325,0.061928058151515766,0.06587211322667273,0.08346431635982923,0.13662778666786465
0.11526895209018449,0.06925528853153433,0.09594818644600202,0.1536748062259261,0.06759950143954262,0.16530220799323378,0.0735885551053587,0.0040540161184896345,0.16163436322504998,0.09367412282467834
0.14524090988536462,0.1452131705547564,0.03524053748340601,0.044853219892425786,0.13562805583513324,0.08262059027836542,0.08385884811947365,0.07078925079240149,0.1454089097733604,0.11114650738531291
0.04653038854018939,0.1594022949585739,0.16356172180498083,5.681328804329663e-05,0.15175315706541856,0.09948427101931605,0.11730324125266912,0.12624949449427103,0.06097791128586268,0.0746807062906752
0.018000306993252186,0.024322214599796426,0.19748534853606528,0.08000146171999185,0.08979394699170867,0.07567418520166548,0.11666518892608703,0.12187590163989746,0.1453348758095429,0.1308465695819927
0.08943091568681055,0.00017375996692062237,0.09421987905643321,0.1677982151577497,0.18412153525463315,0.06611194970867963,0.02501057586990186,0.10988323196751183,0.165947080450636,0.09730285688072342
0.2483619187506442,0.1348773874080116,0.041277597361777114,0.11367604757989203,0.015375607947690712,0.09455498302641001,0.03319782334144332,0.2214897449159006,0.03520713344469908,0.061981756223531234
0.03823686542649497,0.24824325619680704,0.16202442426883132,0.035657581418634406,0.11429253314236291,0.1509382624970741,0.02814097798585581,0.014005066593309636,0.1952058555213678,0.013255176949262048
0.023066275875511088,0.06867870969266648,0.20839120401780584,0.17654740784835082,0.06638541411307508,0.020831154023609785,0.19526430597107156,0.13014884989109693,0.11008542283769226,0.0006012557291200856
0.09351292821840747,0.024041878065883156,0.057584073534031825,0.042409555881738795,0.16049876718814757,0.21793188434082253,0.20896903481702303,0.0772885361976775,0.06468413837572291,0.05307920338054506
0.1537686064931783,0.09493399021573597,0.13342667837598818,0.10242603758217779,0.1498478519761962,0.0007417866301946779,0.14612161139571359,0.028595332739785817,0.15057149241034506,0.03956661218068433
0.14950505070974965,0.07924065365183157,0.03453868111858227,0.1765970944853555,0.051825989214538806,0.10081532539541105,0.03216235379640548,0.17648091620488612,0.1849769545354603,0.013856980887779294
0.05093159187297708,0.06637403907991807,0.08836369836763436,0.14318700699193176,0.09906537150833154,0.07616089805363577,0.13101051364510977,0.12228781209917408,0.14407585699940886,0.0785432113818786
0.03839056574096328,0.059999913275903205,0.24981793504248206,0.07530818177371965,0.19293812766622306,0.2467377786493061,0.047241269154437805,0.0368707256379765,0.010073110784049995,0.04262239227493835
0.09223301628211365,0.13064145696486562,0.05969161914990197,0.1289235126018876,0.05573136048619637,0.02535014203665988,0.13471842968070982,0.037237282738610315,0.1816776863463362,0.15379549371271847
0.10232508099717856,0.03752786374490064,0.09736489309708896,0.21070381873182134,0.20072822020160344,0.0838472599500808,0.06993790786004206,0.03347469948057927,0.11062172064016974,0.05346853529653517
0.07619460741823433,0.08451113584020534,0.06888457318907643,0.12131660898740931,0.18224179042016264,0.12699442159830177,0.1300476319492639,0.010524304059767736,0.08440543820711616,0.11487948833046244
0.039690541879257954,0.02353057280916277,0.11019256541120662,0.0068080387973590215,0.14411535818823656,0.16944716778063737,0.12910052660105123,0.07481338071314614,0.14965481229706296,0.15264703552287934
0.059229113649563764,0.16513309861317688,0.10625370880340479,0.11256517507657057,0.06577338570442266,0.052637478786485205,0.035607197380950376,0.1318360622992568,0.12449392996468482,0.14647084972148416
0.07512620325691217,0.2784179893776531,0.14400251180932577,0.16446425134524684,0.14264734428674278,0.0032520710082366935,0.10984767394577294,0.02572850694494844,0.00894243182316435,0.047571016201996885
0.09059100099365769,0.10744179329883641,0.18235188167929414,0.06557214436146346,0.03872160878979696,0.002569848120035556,0.20695022535821378,0.10380391596240018,0.18055809778477963,0.021439483651522234
0.09483207963467441,0.07803323505030502,0.20031552785764545,0.08809277143303833,0.16473371661512795,0.09182971771778482,0.17609694833905534,0.038452838750986304,0.03251240808276771,0.035100756518614606
0.11248425322571001,0.14536042477154543,0.03421213555878306,0.13996617941382936,0.0866337472771426,0.015203215966269976,0.10125793654841789,0.13128134790048918,0.1320440674244517,0.1015566919133608
0.13784946241626644,0.08355632430041178,0.1454959599011732,0.10313546229849874,0.08587294529209842,0.1107908586895669,0.10456220250993042,0.12974285957906542,0.08521743854440793,0.013776486468580514
0.11080629943888594,0.05514607682737261,0.1251953180816725,0.06377570532679971,0.1178694021162401,0.13209616825466775,0.11040760019955878,0.10951259679069307,0.06008259228182721,0.11510824068228244
0.09698914009306428,0.05620736005826419,0.14636049399149664,0.11942563367608673,0.09785452418353141,0.1912293370415471,0.06500513139372381,0.09703067146401326,0.07058420810591304,0.059313499992359665
0.10355468554865717,0.07207983079343251,0.1370212699817026,0.040929036109385405,0.07962787169508545,0.1729195673153957,0.18344768859066815,0.1194246044049609,0.0766692180514083,0.014326227509303823
0.0630574475724988,0.01837448883018227,0.17724918272761106,0.07163909215651432,0.17203011029331602,0.05651427988083345,0.1386927398848897,0.13006039804254577,0.04534721884408231,0.1270350417675264
0.015945650890293647,0.07640485353427845,0.11321272728263937,0.15591445402150844,0.11732387232372438,0.08385957020239407,0.08559596320893297,0.17090149044580352,0.12307176774983866,0.05776965034058653
0.07769856289819697,0.10848505183361966,0.017680210242081714,0.06201120061365878,0.13013681902657678,0.17887535912583583,0.08450676102991046,0.15096481148025304,0.05053238529867371,0.13910883845119296
0.1701404446081736,0.10081378068987314,0.06541367832286145,0.044010486634477916,0.005547282155459351,0.1428961248064644,0.0663018873113133,0.12069797657382954,0.14025945288857314,0.1439188860089742
0.11575041534879707,0.1277181655326409,0.09418753011409856,0.16681031672853933,0.05901063365446312,0.02255471979351064,0.04969156972293219,0.16756834906328733,0.14310224559460175,0.05360605444712908
0.06584221816753041,0.13092216192672534,0.04701850205988673,0.14718800881767977,0.1495110211760723,0.03859970686814259,0.17261817666118956,0.17255358274186955,0.03777641016629793,0.037970211414605874
0.08553873947025452,0.022909468766373862,0.025794364326911144,0.16506723788206498,0.05456434277051072,0.002470684834335576,0.12020408298666767,0.11535756570784303,0.253653725965988,0.15443978728905045
0.17150281306749876,0.1564584914057909,0.06499239757922594,0.03250326570659754,0.11960245819720486,0.05604525799200189,0.047035926913424876,0.18074913305494397,0.1370332582681321,0.03407699781517916
0.12478031237452632,0.008939240563522695,0.03786770430834868,0.19659957080621293,0.07835323572860294,0.01361268643701929,0.18439713469882615,0.12159018290859515,0.07744038777996719,0.15641954439437858
0.10614471607255045,0.15177159348831568,0.02818996781591665,0.002224983090625457,0.01546194250339274,0.11594831773141301,0.2135143812474136,0.0936688157677498,0.09210302574864494,0.18097225653397764
0.06816690449129548,0.0485785931289678,0.09856947602876895,0.05517757507447368,0.2023378977802931,0.13716102006422995,0.017010618345456224,0.11184049006301519,0.2445916643269725,0.016565760696527262
0.20536038679083557,0.14864297063983073,0.10828671998973197,0.025200582843738634,0.17842359138719704,0.09039116361390359,0.09054532351685787,0.026338245769576208,0.019883638404072215,0.10692737704425612
0.10641172077181234,0.17095105559759471,0.07700782553096698,0.1278274399611576,0.07647005305493397,0.017514644677741085,0.1622865188502249,0.12176579334533624,0.05259285284028996,0.0871720953699423
0.031742690898544514,0.0499611794833264,0.014526161241184374,0.1640061824096352,0.01937306938146217,0.058173965887907846,0.11998689010618258,0.19229800347148016,0.23782308499674978,0.11210877212352698
0.035639170728485874,0.1449731616706881,0.1412074647527255,0.15905217585443365,0.148284285483347,0.08279555847166967,0.05067710862617685,0.033843918111709316,0.06343576185016858,0.14009139445059565
0.06063643824629267,0.1480797778937861,0.11802180336720745,0.14572027575442015,0.11876425065475901,0.12958127283720752,0.10585195496517669,0.021332915134411393,0.030115594713164308,0.12189571643357455
0.034879430047509465,0.04796012296112691,0.052553566657478075,0.17613262352193798,0.18292575877695483,0.054756675621205404,0.0974958257779523,0.010331160807473549,0.13669598614526723,0.20626884968309425
0.11076502544311774,0.16841406539748985,0.17675947546880347,0.05746899633086237,0.12133396673179318,0.07728958242104955,0.11373870561392511,0.025995356361565677,0.035692306016602345,0.1125425202147907
0.10754410188799174,0.23137255666346587,0.046109557897992696,0.06038914323367868,0.17837776173645598,0.0007503275579054657,0.008238260617710345,0.23116350175726308,0.10226928840330195,0.033785500244234254
0.1316226331901641,0.13248136540663835,0.08927551389848594,0.06740825124548201,0.24579320637673568,0.12291582319252586,0.06985218650019238,0.007430233701982077,0.001642663804672983,0.13157812268312055
0.0010935740353237473,0.018546963023217317,0.01883172092212512,0.08302560340538531,0.11807043888106503,0.16139244774213016,0.1626332464627624,0.12051583386941911,0.1743133878321025,0.1415767838264693
0.16677206793747304,0.088384100675453,0.0024077045418563394,0.11995623073851702,0.007689106514689203,0.16045666226577407,0.162722154315042,0.011402497767460527,0.10532074256371209,0.1748887326800227
0.034531484254702524,0.15923596320287853,0.11931405196872805,0.03093245883920602,0.030361984564168276,0.16558703670361374,0.062175177185083225,0.1915469436894485,0.025980334018506895,0.18033456557366417
0.11061700664961475,0.11641893866986414,0.07010797809249483,0.07465176461906117,0.08530145581442942,0.04837703402574181,0.17536442250657355,0.03642123075928489,0.11803246525549564,0.16470770360743966
0.019791704564248436,0.05610435870480564,0.09925168609092173,0.10619119584958464,0.08495381522686052,0.14377539869106584,0.10316829128125857,0.14724085143945184,0.09676293178182599,0.14275976636997684
0.10839469480617664,0.03260087723669595,0.12658725319288325,0.135274701216383,0.11097702406310309,0.12252529246425424,0.05619251818347779,0.14520254691878112,0.13678943723169554,0.025455654686549437
0.11773828447482446,0.12341151972208912,0.1510432069620569,0.037195299019447695,0.12080681483417433,0.12036278713015049,0.005541345999673239,0.06848694679006179,0.13907595059466143,0.11633784447286069
0.030495326726483658,0.22106277079064807,0.0640531770429102,0.023363722348523883,0.11264019910347176,0.148471364239367,0.10399159906567132,0.11474581154523741,0.07227278063521467,0.10890324850247211
0.04873163581446964,0.1715331549328355,0.07043364843398232,0.060776134868026556,0.16309780375972466,0.04683387545255895,0.14435424254203777,0.1797743714954818,0.06662739900913267,0.04783773369175001
0.18231749766096447,0.052333472187984065,0.13738088219484895,0.176744835444766,0.12078830709620245,0.03677271058744962,0.061025890635630076,0.1176630842137962,0.037892527686713744,0.07708079229164444
0.1904287825489168,0.09424964390784413,0.17059426495186422,0.029816350197943712,0.052671221690149664,0.20683695945685696,0.0675189645142273,0.02424458884275196,0.10133841649175675,0.062300807397688646
0.17692038591728215,0.010371354702175359,0.04495380065348192,0.08484835249247462,0.07995918252244733,0.10202341496050608,0.1679927021099107,0.1464111412335844,0.11651390937047748,0.07000575603766
0.06130027057831941,0.12126781013724688,0.07058718976028823,0.13784385413087077,0.06197668872529622,0.17426813545844683,0.008233003517052702,0.17901647845332683,0.12085264622918014,0.06465392300997204
0.07823793339944948,0.02314163665874576,0.030999710985210573,0.03383085595189467,0.14430326143871622,0.13883986170152784,0.17646620945134356,0.16065014256272306,0.144964536423632,0.06856585142675678
0.23650969206929462,0.18419300226670293,0.046981448645541234,0.027767249868969557,0.011587747196356062,0.10851630486849945,0.05810842243297633,0.08655069046738469,0.07998282718894106,0.1598026149953341
0.07636353553757459,0.11113163648221876,0.02925762315090388,0.14354150975423652,0.08144747730405433,0.07940967916469234,0.08902064596662856,0.11356246289600848,0.11555951986526784,0.16070590987841452
0.10234587543311426,0.1528685134409324,0.0771067544803996,0.1048524946018787,0.004031849157710209,0.07412017621994281,0.1080238104653713,0.12674106245310152,0.10299039102635538,0.14691907272119398
0.046374720958717884,0.13037590106967004,0.14994768515667092,0.01524917728199538,0.2039685923483873,0.16420949238345955,0.07017177335760304,0.10298116434725729,0.010772072155528436,0.10594942094071022
0.06453546426674825,0.16537217443542923,0.15613064987174646,0.1680215294991455,0.06814623970593045,0.16126319530829775,0.032475476564731744,0.10052829892551038,0.04255933223623678,0.04096763918622341
0.02285160657023689,0.14891514644172402,0.08246789547294776,0.002144833963868557,0.14056875272874875,0.08793944812826851,0.13104236092711405,0.09585235101046272,0.10712501034150303,0.18109259441512573
0.08104613643681394,0.010546129708788717,0.005011901968850505,0.1441013894230854,0.1010012056094732,0.17302939307725906,0.17839538265824392,0.12210825568393825,0.10033316238888382,0.08442704304466314
0.12667952713819605,0.054962985045988476,0.11881851833690442,0.10869103735995585,0.117974924062061,0.11631261943113759,0.12874387124397224,0.0003603656959126309,0.08834561023469323,0.1391105414511785
0.12181966875500821,0.11713845260895416,0.14090780236642247,0.1091322955061667,0.04943327178635221,0.15441117187356518,0.054837744279922,0.08142147887619561,0.11925644428423388,0.051641669663179464
0.117183138267078,0.1360078485941875,0.13329616176671852,0.08030415468257888,0.10302210506478278,0.07176520283216165,0.09004405222802986,0.10341026337776928,0.02866319572866005,0.1363038774580335
0.1207753371374298,0.09641995160378478,0.16189556514191156,0.1682515473699846,0.0035525213149594174,0.11432194900877801,0.17216342900998532,0.12733667372586802,0.022239206793500194,0.01304381889379812
0.04455309708493796,0.25730619516894343,0.06215888627642691,0.013070440138082074,0.0403628798587874,0.08691595282307417,0.03728503954201923,0.08808717088130902,0.2004435705869769,0.16981676763944295
0.07930811457920654,0.06153839660150935,0.11214556050278446,0.017513907562165247,0.09096699791860387,0.1661476770416738,0.054667308335380894,0.15932699824680602,0.18537210348632474,0.07301293572554511
0.09061392585251078,0.13638243662473257,0.16809678857970264,0.1321624634028593,0.17477218259573551,0.10416435657264378,0.06467198959633096,0.001925584403003295,0.01435516303439315,0.11285510933808807
0.028756495442149786,0.1310436449021435,0.1061097902136489,0.0989557497951399,0.14772887719624997,0.12875640076112876,0.14796509572739858,0.0234908176014123,0.06717448574506184,0.12001864261566657
0.12155589788067926,0.06020515277460588,0.05078771807179744,0.0981294025688738,0.11508152919940638,0.11098196709684686,0.1575258078501091,0.1554850819736571,0.0503520121819944,0.07989543040202983
0.018834890183350682,0.23467301646256364,0.04502951379450265,0.16134507400136797,0.10305453175349445,0.14039972234805584,0.10055493536367638,0.11885093812692743,0.03595314681197979,0.0413042311540811
0.04427835301243706,0.009824603041533361,0.08984204997175227,0.00898850600868535,0.179886477699448,0.013209015890371715,0.18466668771010938,0.1143171821485503,0.1540436598094936,0.2009434647076191
0.05213201206635361,0.1461549351926947,0.1379847928532684,0.1334131720641173,0.11239830851589293,0.10674505075848136,0.016706598526880178,0.0780806232439796,0.1082574319829674,0.10812707479536462
0.024732431368785085,0.13083005121746102,0.15831294282277553,0.04562457293311615,0.08121299626000172,0.15177840346917768,0.07522458645858653,0.11427191545530951,0.10849045779946292,0.10952164221532389
0.05053531219064756,0.1738244138104583,0.10829450561852619,0.029337886454918412,0.022741808116927578,0.19065250934483982,0.044831075337515,0.03711888362811879,0.17493078780608518,0.16773281769196324
