i = 0,i = 1,i = 2,i = 3,i = 4,i = 5,i = 6,i = 7,i = 8,i = 9
0.1288392708238245,0.03917874348888213,0.09985912027562367,0.12596077285567822,0.12137004169273558,0.046575863482437564,0.13396223749990607,0.0583240553082851,0.1292793058437855,0.11665058872884178
0.14250841424177896,0.07372032102076033,0.09041647853788302,0.027135845036238282,0.12892931449686892,0.12850808056227186,0.09057937746084446,0.12614002722990222,0.08142797799400732,0.11063416341944451
0.006355618793840361,0.06318821295916657,0.0732688053706424,0.05332541907364712,0.14927454104496782,0.055161988590171185,0.14850469559827295,0.17378755587438507,0.08866940940306903,0.18846375329183745
0.10796033118516593,0.10081434483086972,0.11588658828966439,0.08192253410292391,0.08280843404227678,0.1368066094654398,0.06423610234534152,0.15221656383716273,0.09808422946032451,0.05926426244083072
0.11476959086106112,0.010496791468176992,0.0463506755949087,0.018187418921924402,0.056133624176885576,0.19323142521115408,0.17251281574153488,0.11020337802600494,0.12453340592176385,0.15358087407658544
0.10602868729542661,0.08880749521113729,0.11044007281411106,0.18459805334433263,0.05281132853323189,0.1632894645673186,0.17646461684539605,0.004544591334101774,0.11221895523621075,0.0007967348187332507
0.08637947879114447,0.108897664785555,0.19379215841752673,0.009249890512089532,0.07305079272020432,0.1594930722213407,0.005546476480585525,0.1773108274089684,0.020878656184008457,0.16540098247857693
0.07934141284155623,0.15185975243711688,0.09099490971322331,0.16775826168144775,0.10392115603767271,0.029931105706758467,0.05465906481542998,0.04618119362200096,0.11837712834574766,0.15697601479904594
0.11527471716098349,0.07565547633469703,0.08397949639182768,0.03260229699605479,0.11149012867998741,0.13994405094508194,0.1237075128828439,0.06871772146979775,0.085636090405296,0.16299250873342996
0.10322619581046204,0.06336929324314237,0.22209370509005058,0.18597333433798152,0.012423047143022588,0.22762153480789496,0.0032252017378218657,0.026428423050482486,0.10985041544911883,0.045788849330022904
0.08284707156604874,0.09712698270436305,0.13154696244306413,0.2248886824330247,0.004343446802468047,0.015411276773253785,0.2263907808766872,0.06517305793019326,0.059742718649248676,0.09252901982164849
0.19908433513590143,0.0062373259429304665,0.1679474241591723,0.06348575018804843,0.004638103297089865,0.12160500673840853,0.23264179206109986,0.10329988697025391,0.08141985706617663,0.019640518440918596
0.12261713322467738,0.03383652922811363,0.07363026398716627,0.13717819105689358,0.1291172513569444,0.10864966536574128,0.01050443180398242,0.11857424209081345,0.11591484760815556,0.14997744427751195
0.003850297434795539,0.08534243100527363,0.07744092037246497,0.21405915128416872,0.1711835525378546,0.1346355643593996,0.19565101557148268,0.0002713516451848741,0.0017438590703364636,0.11582185671903902
0.1523542481903619,0.14445277755708383,0.006254059348381553,0.06769307454104635,0.06188790820360955,0.15767392286219678,0.04924932656861717,0.061709780183771476,0.11950915873238438,0.17921574381254698
0.14041642618369926,0.07708088390045165,0.18312875837263565,0.03673820316003409,0.04828961373705757,0.14919018823166838,0.09609149547946275,0.15637533909185564,0.10542888164837332,0.007260210194761692
0.048161510762804886,0.07316359476548256,0.1277356118727485,0.10155030878163472,0.11173888538413639,0.0928046631438812,0.12336041281922029,0.07601098088634074,0.13015873483417845,0.11531529674957221
0.18723325479280414,0.10478762425008988,0.1017180897768293,0.0015767095720616887,0.07889760015838684,0.028291963320958884,0.15844167460023334,0.15850698914022862,0.12392354322026944,0.05662255116813791
0.03456848003558781,0.015232018513527712,0.05022380214394217,0.1282188020703746,0.09755499521105375,0.17871229857358964,0.1346856943411136,0.2024794578389434,0.008709320196271788,0.14961513107559551
0.03604673911724393,0.13932774504710937,0.07609378717077839,0.12707298513996948,0.12467020387364143,0.0868469421883942,0.18415822585457958,0.02020544368798044,0.03495454682429824,0.17062338109600503
0.03869833184547338,0.01853590391676492,0.14375726274993242,0.06933327441448828,0.17286848431945584,0.08517965583913924,0.10030202227768863,0.10286197820801908,0.18915240167672057,0.07931068475231762
0.055767574952092475,0.14461442547622305,0.14264777027486147,0.17077280573370965,0.1388035531891545,0.02821077986869633,0.10649884781259661,0.08586366978032106,0.03341555367735538,0.09340501923498955
0.16398976604088988,0.045280125734302484,0.12720423324202548,0.17608385425940376,0.07317804580345978,0.16352640616626876,0.0657161624457969,0.13956183129900449,0.0162358805573688,0.02922369445147978
0.17540066139188226,0.0644094468375017,0.07082034246953603,0.03545622584372787,0.1342841602186855,0.158865055505973,0.054991454843871926,0.07830781966532241,0.062294680662502044,0.1651701525609972
0.0282382696232785,0.03355165658942236,0.17086937178111397,0.14723531615010893,0.0675492323145441,0.08846041142301811,0.09225526858197827,0.07210788525379025,0.17678661913482932,0.12294596914791624
0.10191560831505724,0.112996711265432,0.07331443377712998,0.028868889533192697,0.08886689036985734,0.19816088278706942,0.050345842090780614,0.19870002772858272,0.11712419847347369,0.02970651565942419
0.061066243105963175,0.12863150531969164,0.2582638811382401,0.08139645117000782,0.11013674738386657,0.04990358992975246,0.07490176608636677,0.06618511264641366,0.15131218491838488,0.01820251830131296
0.09785354434210249,0.037928959179632245,0.04621058720290455,0.11013067172916483,0.10067706891689054,0.1665524322541279,0.14609802568325939,0.12988952044775998,0.0008921039663756757,0.16376708627778236
0.049281506181906215,0.031465974490121694,0.18157463982700045,0.09919665597977305,0.12883401538171715,0.04914555283748772,0.16312308557861036,0.03426453682420791,0.16444319797498358,0.09867083492419171
0.12352755062131579,0.09892889615272556,0.03675041269496025,0.016864087690651848,0.057837106299181505,0.1362228726692417,0.12238079131996407,0.09901375043035367,0.12670576157935887,0.18176877054224685
0.10087167235475197,0.17545813093561302,0.017919170953407067,0.21305904190041794,0.08315834508035586,0.2179948859983356,0.008357138834964827,0.01904230897767272,0.11353642823483187,0.05060287672964912
0.0613345731427221,0.08540461657316353,0.007641353864108646,0.15161180012199765,0.11582714814501786,0.19780937702625445,0.07654330718774438,0.05466896227415588,0.22101051753334627,0.028148344131489342
0.12252409144956417,0.055369619273698135,0.16713964214091895,0.16224629706894253,0.10085585348244895,0.007020323203054687,0.06780643126425785,0.10823106420958135,0.11000783057776291,0.09879884732977041
0.008818852544700531,0.09087932460059928,0.03344664515700734,0.05940665182538696,0.030338305167485567,0.2496955819351413,0.14259417623009044,0.029992497800878565,0.20672238442622398,0.14810558031248602
0.03561010611848091,0.04571218762004739,0.013973391342831536,0.24641936878231363,0.04436469098741169,0.026482066397152646,0.2062643646716709,0.02143263402285813,0.25332770664832127,0.10641348340891191
0.06389934556062958,0.02743636591115735,0.13938728822792504,0.06668350839977706,0.16360673756675176,0.10186640569126115,0.1627600079343109,0.11951405710225899,0.0012188338365438178,0.15362744976938447
0.11209112195798418,0.16529701155533127,0.14095206193199056,0.06857438372921822,0.07084778397357384,0.09174943986195502,0.18587301580159116,0.09314986534158076,0.03745608040592845,0.03400923544084649
0.06904776752253793,0.0747105178786284,0.011726045014217888,0.12307415790167052,0.13906495853766976,0.09210183009296125,0.11810246018662157,0.19723139239104567,0.15950621573079138,0.015434654743855697
0.022858455673437264,0.14575549878465024,0.15706217663615843,0.07666807946255524,0.052190740847487406,0.1535306225640454,0.13806216345540867,0.11254639945996729,0.03266932112126108,0.10865654199502897
0.11516525661276839,0.19250914877625092,0.08384682386318892,0.11927004902203947,0.06925340340032905,0.10737626681946731,0.04361821116915502,0.21623188805086815,0.04833187805059237,0.0043970742353403635
0.17025818128556888,0.18654894848767745,0.16585006327576943,0.08999426300969963,0.07821142756210155,0.17977533907601598,0.04012333270616053,0.00806268338343197,0.03887289776664076,0.042302863446933785
0.15907417723364128,0.006183648299317414,0.09586936514226652,0.18486899895993272,0.01052101411275011,0.17966130276730308,0.21648215383500674,0.05763409351483631,0.021348240748819698,0.06835700538612621
0.13802475225189842,0.11359762745073694,0.034239934498912626,0.14163549427312158,0.013457235266346325,0.12684245032449504,0.04262684845227139,0.09881972729449429,0.12287300862272732,0.16788292156499607
0.07502791963476568,0.16135194959036173,0.0017423651190107772,0.18019258927834642,0.14450525392015418,0.10274484599045108,0.1461494099455848,0.13334472228586616,0.05120220443397933,0.003738739801479897
0.15639750650886752,0.16714575142982271,0.0843549793867523,0.011197382791237139,0.10732669402490329,0.029984407723880606,0.05269655099158186,0.12689910721642125,0.09988084216691652,0.16411677775961692
0.02105903083830159,0.02545471999949201,0.09469811343787633,0.06049786343911066,0.1159551712502616,0.20560854558435768,0.1423117279260707,0.20952577842788805,0.04474688855961548,0.08014216053702586
0.09090475502765644,0.11926412540075394,0.15127895406690492,0.1752154539502232,0.11600785941092669,0.03574761267032873,0.16644335484235367,0.06741084947948395,0.05137144849200325,0.026355586659365115
0.10175879736570885,0.14989058273265474,0.19120261764564012,0.06714671517943761,0.08536741351722656,0.11386730383570859,0.07430115828808433,0.06616349934293314,0.0658635109338839,0.08443840115872238
0.10317706803112758,0.13223320282944243,0.16580843610954554,0.1392787026749961,0.001465231255914043,0.1540757926745255,0.03821725901135318,0.08673103922341399,0.01449582826630293,0.16451743992337872
0.12633965866169128,0.028525584993817285,0.1340546314256648,0.12288930568995021,0.10195443103524433,0.10708510763998319,0.028968416356787777,0.09352548172742173,0.12950059313208953,0.1271567893373499
0.138108159856043,0.11548406818883798,0.0465224498140162,0.07095310706940523,0.13713253106216838,0.1586386846139696,0.14769349245496233,0.05345296152066821,0.007148908660190776,0.1248656367597385
0.09759094491995257,0.10749299300387617,0.06553800437873622,0.01840446363928283,0.09627080171464217,0.05472068577641805,0.22182352608986952,0.13271053339703717,0.18612815995873683,0.019319887121448588
0.1351909233746319,0.046533155293841354,0.04750671441089627,0.1916518571439696,0.002910384917289863,0.21836370582917605,0.016515139066095908,0.21542275757763382,0.07448398257239308,0.051421379814072306
0.07072070669220142,0.03617276162046686,0.1645598897593972,0.1754361409345966,0.15422533943956362,0.015196224205029139,0.0466431352142017,0.17516277560574559,0.1047948011076192,0.05708822542117858
0.1436547699419667,0.11854764308580265,0.13982391464230212,0.11926432071448628,0.11937552488475793,0.14454973506387694,0.0006857759192269968,0.08760920319731091,0.0645743524894666,0.06191476006080282
0.045323393064787665,0.15142273555838265,0.14454958495079537,0.061895377254272396,0.1583159857809017,0.04567774498438924,0.11299477358067882,0.12236799654149703,0.09058943721722489,0.06686297106707026
0.036621162236669204,0.05422114051528557,0.05582481753377059,0.1492335805319092,0.04302635916443702,0.09847554777089272,0.1579776404256403,0.11196125693221995,0.0971759413623753,0.1954825535268001
0.1361229225147823,0.11813378372590992,0.11307971798447836,0.08204363836800835,0.041559918334261606,0.1377260638036971,0.09773016154843431,0.0331735755341678,0.11833737924838376,0.12209283893787647
0.01118171824724727,0.17486298209760198,0.14795632973749107,0.20941707031539528,0.15709022878036344,0.040916274597816896,0.016155139614243863,0.049027400237570816,0.11226830472620115,0.08112455164606833
0.10090553417243728,0.038800720533347585,0.17479486660301413,0.13985511134891648,0.10062173222109266,0.0533052576046438,0.01999361408347539,0.06095225105864762,0.21120907380929768,0.09956183856512736
0.11121524754106221,0.2009991632104416,0.11566728611337712,0.0928204816928768,0.17072261162025043,0.07889291037542294,0.012679361244220212,0.0053305811548507095,0.18181720635665943,0.0298551506908385
0.15683189608604736,0.01452019609751116,0.08253031938847537,0.037528064178602674,0.15429861137462594,0.13804964986878385,0.025820888165523265,0.06262043393938414,0.1489616350678545,0.17883830583319169
0.1541163787097458,0.14758387622796806,0.10200611916294601,0.001869816728805431,0.15770305599232112,0.010046516874436296,0.08249204572939553,0.1729618190707965,0.14785680058201106,0.023363570921574265
0.025304047427565604,0.11366288864948526,0.117737338152598,0.09077033417196592,0.1407067856870941,0.18733930005869756,0.15267635706776608,0.03323115809267168,0.013176352960775652,0.1253954377313802
0.1896689533015169,0.05365323240587855,0.07382223965437533,0.018925429958310768,0.02264520019992983,0.20581817040913472,0.02690911941320653,0.14999663485685444,0.23927869676434083,0.019282323036452206
0.12406987981525014,0.058187525075075956,0.024521504726497088,0.09091890531243506,0.13069809268475227,0.14980817803744434,0.14205555365319122,0.1247212368255043,0.140878172668745,0.014140951201104524
0.1442320120016022,0.1649771208841775,0.0983111606793767,0.0857650860896064,0.03257819652881027,0.07165555291828851,0.09165943787392625,0.14028890237969038,0.15278415071749143,0.017748379927030287
0.033299292552254466,0.1353449821750569,0.04414433578453541,0.2214688754052503,0.057022425459814376,0.03499800940692503,0.1785194889418685,0.0805010063690456,0.07034067098636275,0.14436091291888672
0.11737126047483339,0.05739360322287945,0.033321212205654316,0.10193784785759633,0.19256690847665991,0.2104319736802047,0.006111546386292026,0.05891020100808845,0.10558665540284638,0.11636879128494501
0.07784951983998714,0.09307194289634943,0.3184846260221044,0.14145492840996166,0.09796374660941731,0.019597893650279325,0.09618638770103262,0.03902578824239959,0.005592330286796226,0.11077283634167243
0.08682228007477905,0.09688063448307453,0.13377661275850372,0.1061390468733951,0.15355774514491025,0.13033420673944612,0.13772336280805014,0.02107147225623746,0.0920495366567906,0.04164510220481301
0.1341056169952765,0.15809671728005908,0.04463370631400959,0.09003705393677612,0.18535028533163722,0.10034074968842845,0.09445555478374164,0.06163346429021575,0.0960649001922912,0.03528195118756421
0.16926860684090705,0.019002238341379672,0.1612546060345902,0.026060251641870463,0.1617700582195846,0.04464461745015203,0.12889326055141329,0.14271424872109134,0.13082851570081,0.015563596498201437
0.15812552276223357,0.14911759011611045,0.1670107389398254,0.20087674197948946,0.025691015219009197,0.0490077638639499,0.005538354236954073,0.15188958760035295,0.08723984988701507,0.00550283539506
0.04865190810695466,0.05203628159348937,0.16195358555689598,0.1101478832500974,0.03564389735111706,0.16772004253972153,0.10334475762836311,0.0676701458021222,0.08897621708685008,0.16385528108438865
0.23930767357704108,0.052610347554248406,0.10498028095178655,0.12271473016577836,0.022458711350338813,0.195268539396316,0.11038769526595121,0.06558587504443458,0.0552495647583457,0.03143658193575921
0.10091314967758959,0.17429249269114638,0.07885157419639818,0.1724443616017765,0.13381799772262898,0.11591178456399304,0.011183079502605619,0.008587560109933478,0.09185652432758612,0.11214147560634205
0.08807359638333613,0.051953737234968767,0.10154498785258735,0.07201833862897035,0.10363264999835736,0.10074045547322864,0.17944433446277225,0.14257428553578852,0.07837146542064076,0.08164614900934986
0.12265061498958936,0.14162294824044153,0.1007798819439289,0.11014249384010544,0.05615761316021612,0.07677729158759398,0.11772142077810471,0.018617326692467965,0.10820903534932026,0.14732137341823165
0.11003697327800523,0.10521053740129803,0.17264701450828196,0.09129039289278426,0.2174296905593477,0.1425348639331688,0.0032352142053425756,0.06737317468547818,0.03677658539536237,0.053465553140930926
0.11355981983950299,0.03331826127847806,0.17908691171045496,0.10708092078360679,0.1014418243984423,0.13634381857409467,0.07682277429215251,0.10122662322283094,0.14114198057045108,0.00997706532998571
0.10128543086378472,0.0029545091086856505,0.10418944185970508,0.08206328438736903,0.12387052399508267,0.12607834346149158,0.06713728623253695,0.12514137571126377,0.11116804033159185,0.1561117640484887
0.05178838733285679,0.06606689276542657,0.022834920522741057,0.19565984573247155,0.10111944266408208,0.12252035424495922,0.1544978229789092,0.059321863197328524,0.1930809889645144,0.0331094815967108
0.164208938551333,0.14345215947650944,0.042030759326916675,0.11664139440139101,0.1763573085313341,0.075311510904657,0.05051104840566626,0.09823334073284591,0.09840400983013585,0.03484952983921074
0.08235711326967299,0.028311888868542405,0.1627754094691144,0.1142512386941764,0.0038194883613841333,0.10136293205188134,0.06500136837713569,0.1661898520308643,0.15389106225634558,0.12203964662088274
0.05384579144347389,0.13984680617107836,0.08403380825498245,0.07111613915067949,0.17215308144217922,0.17132500681015136,0.035583434566322646,0.1578196289061278,0.081077575487758,0.03319872776724665
0.0124865672922738,0.15256530499589196,0.14019094383171984,0.0861579431883496,0.0058177082546508295,0.14967940014021905,0.15277121448471423,0.10433814534124539,0.07683503816746749,0.11915773430346774
0.24623667674321864,0.0023306356883259372,0.19836269323820385,0.028903613070284998,0.08970995459306187,0.056626152401367716,0.010437872234426908,0.05994253206406669,0.11231717481772517,0.19513269514931814
0.10407313740889276,0.1574475799523648,0.129993360446508,0.0853652917971384,0.07886577906597875,0.08484406889429612,0.06250053716307066,0.1292942467431268,0.13361617878389578,0.033999819744727884
0.05152217536641964,0.13881750185027145,0.16300120245243002,0.10759427541042216,0.06537015411278989,0.16201986482097133,0.03388999458066631,0.08204521758980562,0.10206635221785448,0.09367326159836926
0.0492762230509906,0.16217939999247596,0.07189217623658314,0.1929300007105874,0.08539325615053102,0.17167349640399457,0.06474284891919933,0.14091315588668632,0.02465945257341712,0.03633999007553466
0.12930328683367687,0.07741631230264849,0.13935151294187112,0.04864969879752579,0.12599288968334213,0.031048065415140345,0.14502428526903116,0.11302803907718584,0.06891800102824731,0.12126790865133105
0.07728249138483259,0.14223692278002412,0.09396392876267454,0.11623866770581803,0.11059149359538038,0.03717465318512297,0.14815069737669923,0.1466467932006688,0.03444339494893847,0.0932709570598408
0.10139357252646691,0.14057715422878453,0.09235783254010706,0.014321954669535656,0.11392274186337548,0.14226030766825662,0.12347238949581964,0.08771439099613794,0.05196205110621622,0.1320176049052999
0.06389709903651246,0.08367832289109296,0.1303706398898225,0.13531065615030516,0.05775762501769443,0.026374493037339724,0.07775142989609214,0.12748451701829713,0.0805255161595664,0.2168497009032771
0.11128845494186755,0.030770605671241315,0.08871093162618515,0.16041429318847014,0.1707828604209664,0.024000297741890015,0.154544111222052,0.0336098250671076,0.12301778676748049,0.10286083335273924
0.10201094601165463,0.13407295028668567,0.12931071208796127,0.028880656170553524,0.138178799873878,0.12644354491309218,0.1422817597254182,0.06655111527866717,0.061956060548344453,0.07031345510374509
0.11480944103721344,0.15448348440377316,0.12050956016198784,0.13762768324300184,0.08534415686516253,0.023927521977384045,0.0003545233744899647,0.1370813500181482,0.1537040603425418,0.07215821857629716
0.13048918298675977,0.009256059633646821,0.14116446795584703,0.08528945126923025,0.14979729508471556,0.02814091699641272,0.06487985239713356,0.16927635187238427,0.05630938566143419,0.16539703614243567
0.013689100263265412,0.19196040201343276,0.08133964217486006,0.10060116867968817,0.18879209402125238,0.017382292966984424,0.09996410719988895,0.07469847251689336,0.03515609848064457,0.19641662168308982
0.19880187754512701,0.013211569997934266,0.11390752525866246,0.0016662175116079158,0.12525533838509195,0.11799121391125852,0.09535603167731892,0.1644634066441929,0.10414747229578887,0.06519934677301703
0.1612488021781375,0.1440257946058763,0.14070720288187732,0.07744443569082402,0.07244148770862921,0.05914147834035054,0.09637241874452959,0.1457730768998315,0.0984013526250731,0.004443950324871001
0.11692520743180301,0.10297682885290699,0.07274447671957703,0.025738584001519103,0.011116138083843877,0.13246251589242894,0.1080966433440684,0.14042421902876082,0.12436805177469383,0.16514733487039807
0.18586712480430978,0.1819507500801932,0.02783305654848858,0.16186097260894705,0.054316549653738194,0.04280179982751198,0.11086723310067682,0.015437914275694574,0.1485755997420928,0.07048899935834713
0.10867875512310982,0.027834824532469174,0.04396758665758274,0.022600097962425892,0.14679223733136754,0.1376912402536271,0.09602106852733293,0.14306697151124456,0.11898253012702466,0.15436468797381553
0.120515352763197,0.11786015203070487,0.09041057759414416,0.14939177388316574,0.19015052658839537,0.0704641284256862,0.04969884255956798,0.07266957746143116,0.031761219671023466,0.10707784902268397
0.05771851260608654,0.14230367659319637,0.1218527917025792,0.14163321019301103,0.0375393593197152,0.0165754946948064,0.1375333685461479,0.18968597087964995,0.0645340034864047,0.09062361197840274
0.23068925905536028,0.020661421180006783,0.02119529816599657,0.0727547285617111,0.16510656686820138,0.025088246269500538,0.11054178153426868,0.14201557474143858,0.1402653801765687,0.07168174344694733
0.13512439046358654,0.03004410219771942,0.01748309585728139,0.19670607098578358,0.18463615340191547,0.0740655747185429,0.06518202532073905,0.03968544407567417,0.10752806993199748,0.1495450730467599
0.011485134898636989,0.06796942240567029,0.04066417904331274,0.14957804611301043,0.12279415887940703,0.1505999732890027,0.15056291934750957,0.09080373679039266,0.06720226191678676,0.1483401673162709
0.09212408806062612,0.027233492763934213,0.17610581691365498,0.11874126681433177,0.1968118002095949,0.026165933139254305,0.029866435170420095,0.1071850612708177,0.029337965566364248,0.19642814009100168
0.12944370930877597,0.11419633492649521,0.04600911330361218,0.09508678479046509,0.1368075057052886,0.015746216428495913,0.1346719208948843,0.06310509092395616,0.14023670229855953,0.12469662141946708
0.20280170175512324,0.07549606851467655,0.044939347720530834,0.18584143231208006,0.13530533535147393,0.0242032974888478,0.2056987409664635,0.008301567684183388,0.09393720721349819,0.02347530099312238
0.049416882046879794,0.08110513252276597,0.038238058295696285,0.0797517537229014,0.1613624792599556,0.15089638486976498,0.10012455988168363,0.170298130600788,0.07611483507317712,0.09269178372638733
0.008590081945717242,0.1956207973594897,0.17742624203711319,0.1800572494811453,0.03148541375313566,0.10057200351423166,0.13351200604859323,0.12091467065333658,0.03146268604712669,0.020358849160110857
0.0979717503346801,0.08876959748618739,0.149295222102171,0.11088039876985968,0.07845328136153086,0.1471056771440496,0.09070454242604374,0.03803488719787799,0.12308118737770965,0.07570345579988993
0.17872525584952514,0.08196877728315849,0.020662075938585656,0.11148711715568124,0.07102899044566331,0.15165514845191763,0.09101199459155365,0.05237906764432944,0.0019276550160775836,0.23915391762350777
0.03458140464358585,0.18889246610083224,0.08841914820561934,0.13199450732358137,0.026922474151572076,0.09594048716566353,0.09731205132042628,0.15967191145592458,0.037019376156254696,0.13924617347653998
0.12617540311847458,0.04524041314909112,0.1054119281175958,0.12877689004420712,0.05632842644015394,0.09116380697519583,0.13129868167600975,0.12449787194577515,0.14490643444108364,0.04620014409241296
0.1616501164365781,0.012956357933734614,0.157115818460473,0.07108753813210718,0.11187830750756407,0.11036583119987932,0.08662547989284344,0.060491689610328706,0.10224817759022116,0.1255806832362702
0.15791708028937618,0.10023848210151964,0.015742091940853017,0.17631764916491444,0.12722702572658492,0.08921774597654542,0.13696635571132862,0.0018556282075814624,0.0753515955097691,0.11916634537152719
0.014036728088042827,0.0014873673522510498,0.1008314390718263,0.15330388882552598,0.057403212326619095,0.14184670330162213,0.12353689696629867,0.14830823727622713,0.11342207083008303,0.14582345596150373
0.05681453695845885,0.1738165385289574,0.06772716064137702,0.14077870064851056,0.0050122606349942735,0.05197507147067846,0.18210321244789687,0.16305874127484082,0.042183129068710114,0.11653064832557557
0.04916157919185777,0.09882620072703176,0.12447105501777868,0.16954222091803847,0.039833540459131365,0.10204113046486352,0.1855397104955458,0.07356618482037953,0.06597268784056472,0.09104569006480845
0.07623752943123269,0.13810355051694395,0.0915478592999525,0.003271093326348718,0.13798915499858472,0.072063169637898,0.1262755938572451,0.07191074566337921,0.16689501366492202,0.11570628960349309
0.2508048278662168,0.017527222024883028,0.033993793074517165,0.19755199061775905,0.012810523757580636,0.07157210455291373,0.16159720946414727,0.1469306544476932,0.03913123170509523,0.06808044248919398
0.1071591767063847,0.023133628811364597,0.01875864589963604,0.14095856137012883,0.0685164718028364,0.12021360256517524,0.15983623222320315,0.05950200720207562,0.1368884556133242,0.16503321780587132
0.07787993479940374,0.1179064778185769,0.06346575231967445,0.05439722691049721,0.12424620794456646,0.08507626548122808,0.12521505530114793,0.19702531199640064,0.025737301075109128,0.12905046635339543
0.06755828482499852,0.1943214202712539,0.01686469697182279,0.0642457332429911,0.0470191360949106,0.24085256289533655,0.2039061408463242,0.04997665990929702,0.021426285586204213,0.09382907935686105
0.234611962808224,0.11428301213414466,0.059403082762556604,0.1194158351409904,0.03681798938065337,0.02279579708691207,0.15262850305130637,0.06901123794210538,0.18330222584182915,0.007730353851278158
0.11519731651833862,0.16668333099535756,0.04435856122904505,0.19481148099773393,0.024228679871212015,0.0538882966234837,0.07897534130619745,0.01628744999583509,0.14843804405440136,0.15713149840839521
0.16475516136367704,0.16374924661510126,0.014290359416618893,0.019887628244230578,0.08589850646760169,0.10626057988946953,0.15639522236991865,0.07544209816414772,0.05349836673867659,0.15982283073055803
0.003181400092383742,0.02055796674162489,0.16853915749882034,0.11390531913731514,0.10596709601125359,0.13928889619065996,0.16545883862703514,0.0026617573810141953,0.17136980150744308,0.10906976681244997
0.12699235974398615,0.10776469956252616,0.16993571916425254,0.10324123129131625,0.1510191496689813,0.08144012040003368,0.017471327350902368,0.1310914297849415,0.02574875810904382,0.08529520492401624
0.036444438955248785,0.13850455566021105,0.044913524400712335,0.12216105663973524,0.06541524690719995,0.08091688526262251,0.16192593400707206,0.02914638596669818,0.16808223820009857,0.1524897340004014
0.15505502743849603,0.1766263706875419,0.025367907559063745,0.10048436715044563,0.02072410712094602,0.12465865168068874,0.0171793893837655,0.03461378425427395,0.16477740725269174,0.1805129874720868
0.13922588964902366,0.050932824417513775,0.04261911639308153,0.11873530184926587,0.1554142215203843,0.12174981887969243,0.034618113053228886,0.15653560334771507,0.03335269951761081,0.14681641137248377
0.07127261864756593,0.19119308510189895,0.08623428069842491,0.050830209873891974,0.06714400274573266,0.04665348262098843,0.03061795163912805,0.1196062672105478,0.17951485488077346,0.1569332465810479
0.10660835008563321,0.07095221533762046,0.12147051562024523,0.1195278876260412,0.0813539561201497,0.13620074370315455,0.0624563074788648,0.13422806279713342,0.06705588130812165,0.10014607992303576
0.0017936887589055592,0.019332266571447605,0.17127114952338315,0.15113879188612248,0.13036402545474826,0.00921179850077149,0.04759178365222141,0.07738171445723646,0.09187386627478832,0.3000409149203752
0.012434586404781348,0.1063813503817508,0.1369688983665914,0.15223000284166643,0.0012228960528347641,0.04950380742838631,0.13435125244770638,0.005645417032550069,0.21385117631539033,0.18741061272834217
0.01999210255457496,0.08284308279523002,0.22778872891316576,0.007612443589660189,0.20090764609919323,0.2069454160152482,0.06733731474851563,0.06497053363287755,0.09598381012632842,0.025618921525206076
0.06780155486714531,0.04631652196783022,0.08577682853849772,0.003973770517589547,0.1902321191484805,0.1841645684619743,0.095202241833526,0.12922438083122562,0.057135264175759266,0.1401727496579715
0.10311507012781346,0.0174715616340335,0.16340723183296554,0.11720272299843802,0.08218045862188823,0.049597599224781096,0.01707673971714777,0.17388995084372605,0.16148821861713927,0.11457044638206698
0.06317652412182374,0.15630764302921407,0.16217371514523393,0.17331680500900276,0.07451324507202672,0.08487815938819898,0.0635275248961231,0.1298557206211382,0.0708824012953083,0.021368261421930334
0.04056912740375375,0.1381836844585997,0.07852626264726474,0.10580901472128855,0.21023987235545474,0.1762875411800049,0.023895108876525982,0.17432032252025467,0.03500213088875453,0.017166934948098442
0.05092898226462736,0.18023149870591856,0.11427833484740302,0.036018274661567526,0.0024355650041147816,0.15185617583115565,0.10077752257569654,0.15205503615920796,0.15568421307307098,0.05573439687723772
0.15115472189312376,0.05698421410677756,0.01789927404013873,0.06383301776490911,0.0693685036990691,0.184599033378225,0.06946553577418278,0.14517789138468548,0.10266977328537369,0.13884803467351484
0.013869707835403752,0.1310941216096593,0.1722341091884706,0.06793313329030716,0.12033146466858802,0.025730674721965167,0.07503538959897887,0.08381301547003031,0.12909373746307748,0.1808646461535194
0.01842936815553353,0.12185326152971893,0.030165685351797464,0.11340349831801314,0.01444717525754372,0.14600987363862158,0.14294333445647597,0.12372483978353024,0.15005029424896166,0.13897266925980375
0.09831377272678002,0.13680279074611032,0.0725159825662715,0.09818799762833391,0.1246295288444047,0.10871054723118281,0.057209917085620156,0.10555684534516235,0.09975037168191413,0.09832224614422017
0.003917716091150608,0.13894874509188843,0.05617949277840482,0.06845814144686499,0.18957002784796897,0.16152514550494257,0.050551086700792086,0.03258815699159758,0.1160998741267339,0.18216161341965603
0.047927420101252914,0.02836373032163211,0.2174980766406209,0.08687679525959395,0.029375729464310767,0.02063043870026075,0.07834792846037217,0.13750960587637343,0.16511535899165553,0.18835491618392758
0.047812760538535164,0.10549051912039165,0.005375800273438688,0.14200345667042602,0.17855073819411516,0.14695101823350729,0.05156828573168689,0.047926439334599204,0.10119236579773287,0.17312861610556707
0.16592264194710304,0.011415196502814851,0.19440303303827972,0.026509455996204113,0.01802832251619479,0.15439060939143964,0.1472762639171803,0.12428781243505001,0.043931524115880916,0.11383514013985244
0.15642522136977519,0.13978662756548368,0.0749055726509744,0.0414884399721467,0.021542047388588816,0.18204595619811315,0.004858950869580735,0.15591718284921133,0.1245087757586026,0.0985212253775236
0.1421680756328512,0.1477916003410191,0.04564865478887902,0.14600383809079034,0.08677766845877763,0.08298501264209002,0.08679157963665764,0.08978381312162777,0.1413673152950208,0.030682441992286563
0.09671318550318991,0.05430159642792855,0.11638656965116582,0.11644664130237851,0.17569383833054303,0.029597976995258256,0.07277748340320589,0.19015542247786327,0.0821856577506901,0.06574162815777654
0.11183220235023586,0.13336104716836533,0.048025957286031595,0.015217116510169987,0.17511226106517838,0.016015211400248877,0.04520315178648026,0.20327523485853943,0.04893390298424113,0.20302391459050906
0.0636808379700694,0.00705828542768094,0.08905387017987801,0.03690153405519326,0.15129853548092456,0.06637820129974525,0.19477581437944613,0.162589522984662,0.03783219078331092,0.19043120743908945
0.0987277904966851,0.1427476083248877,0.12706524465571498,0.05587848223300005,0.11822445215338266,0.09110159288830416,0.037368729712876046,0.16039056416364122,0.08130150323682758,0.08719403213468051
0.13279218307569882,0.01473060566358591,0.1732987061516955,0.07200757022203033,0.12092239660115502,0.11668202121783666,0.09273905092539131,0.05116374681426938,0.09314077910109324,0.13252294022724387
0.0159882149973528,0.12223201620145499,0.15305051498482938,0.09573206687808904,0.02994080509233328,0.1864604164400947,0.13508951004964678,0.1855780296774021,0.061504707796132194,0.014423717882664689
0.12685721057717683,0.019897548682382353,0.17350749300318632,0.17128591531306528,0.15220895643781965,0.11217201271401357,0.1072950618009769,0.0009519583487239222,0.09373944895235158,0.04208439417030347
0.05103514799604282,0.2110241717918743,0.016024391299452632,0.005012938151488754,0.17466952730592583,0.010206147260504075,0.2295061204215217,0.06992158651845273,0.03183257704062573,0.20076739221411133
0.09625508484665592,0.031958639603905416,0.03128348572718362,0.14676411877341647,0.13767758293993015,0.04297897210975603,0.149573042489016,0.10148624950874452,0.12863883746497048,0.13338398653642128
0.03597955365670525,0.021351176695328183,0.19667988705797518,0.04130759789433685,0.12241763254361358,0.12383246497506652,0.17661130813073997,0.05836923893801299,0.015148640253280993,0.20830249985494056
0.0712503254247778,0.1209088505922934,0.24116328946183446,0.006356249156344182,0.19508939657351013,0.075870652325035,0.14518890988145602,0.1325992257688103,0.010968968193075454,0.0006041326228632074
0.09001916476005868,0.04102335192188859,0.2098423198328017,0.04683772837220877,0.017395899090138254,0.16239232558508235,0.1593637429403252,0.07387378697846343,0.19038691822716997,0.008864762291863155
0.04562454149439155,0.15699477831838785,0.1621595058803218,0.11918178127431364,0.08794527929225845,0.042487503723766556,0.014833838247970148,0.08965745382297723,0.17189771625575212,0.1092176016898608
0.03513022024857283,0.18062547389757594,0.1595578677886341,0.24589262101545764,0.1799206752168467,0.02999096362201088,0.038856252063163156,0.02402529880649514,0.06798990600401031,0.03801072133723326
0.028589954389412524,0.045844658920209745,0.07918425095454525,0.09124893649887936,0.0456608665845452,0.17115320545787271,0.11194993918041315,0.11838297420188681,0.17588685045832353,0.13209836335391162
0.08182554919492604,0.06903415953565638,0.1442129234709006,0.00902596377377943,0.1266537315747711,0.12861788007707672,0.14203723278711933,0.0696991252487998,0.14051353004871447,0.08837990428825615
0.1350426461556298,0.11616240220493346,0.23702673769516983,0.01088650957404798,0.05910160398361732,0.06373848359052883,0.03461174195340158,0.0944882310448144,0.08744129581470902,0.1615003479831476
0.22284467133443925,0.004899102448629281,0.03385188004865497,0.06860961876656718,0.1935536068892125,0.027778257388776234,0.036315149567164945,0.1777651673203647,0.006711780910416531,0.2276707653257745
0.13999559421640673,0.11759879335132906,0.09768119803858989,0.14170878388818578,0.09038138252009592,0.024848123274766046,0.08233157813715894,0.13111162191659295,0.026524508149362077,0.14781841650751265
0.045109305287145136,0.10089091706180618,0.18878737626726314,0.009263033286926188,0.009289628279813738,0.19943304976693357,0.1748260952480882,0.02039021530663658,0.18448936186271028,0.06752101763267691
0.03417676397691193,0.1459639464670757,0.07158535353186804,0.1772614362627973,0.07641396335253438,0.09849093269992044,0.11565353094692264,0.12130230912070496,0.09747564701166815,0.061676116629596586
0.143394832099789,0.09410200425259954,0.01450442549365317,0.12434241053736014,0.13615193572902712,0.08514158152786326,0.06448572019971208,0.11999098355122723,0.1290012009664485,0.08888490564231992
0.15736591675192677,0.11291478829476344,0.09326107815369249,0.1160969123936877,0.22013092673815693,0.06250261036258419,0.0032460493837145753,0.07222534964706734,0.14520259500342012,0.017053773270986387
0.0074272581533362594,0.14104822862685254,0.07831465740814517,0.16010559824359297,0.11554851814415,0.15018206212486945,0.09272566119862273,0.006355286592601292,0.17510646827548293,0.07318626123234667
0.029337604106843378,0.046569673707295145,0.13078440240154018,0.12113949342614548,0.05762687085177772,0.16967829499374104,0.03232769739214917,0.1767997473494828,0.0967681598784837,0.13896805589254138
0.1507259636916116,0.09491524025333611,0.040500837433441524,0.11900868401806322,0.06884302317523877,0.14883085007187208,0.14824441060379318,0.023216033201080823,0.15332976349361277,0.05238519405794998
0.17308720028838848,0.07909375336222182,0.02196350519214193,0.14992472111287775,0.08627615669134356,0.19465822758157517,0.04407231774766994,0.12273842054399203,0.08393925141349971,0.044246446066289524
0.1419166550988102,0.1274234238693673,0.06430851484521133,0.11615278226790225,0.041259369641419866,0.1426074585811267,0.05584722903832095,0.11751604692549522,0.117267629378548,0.07570089035379807
0.09286471609995164,0.021697213308906255,0.003100865030772931,0.22085578941059678,0.03917226682669598,0.10348974723432328,0.1822106062689405,0.11506536049590842,0.2059523771952246,0.015591058128679478
0.051428447580583216,0.02109885504769118,0.06087059613769609,0.18928957141398986,0.11389638892827196,0.05410464736330395,0.179510617834759,0.11988579021927256,0.014281272326563404,0.19563381314786876
0.17984863140267404,0.17305546170653752,0.16412951998081687,0.102912869545485,0.13699536502304563,0.06211010121795752,0.005585630767382151,0.14095749517298425,0.00799064443760136,0.026414280745515658
0.17381361241604176,0.1639608959746727,0.01609183803042602,0.09203884874253347,0.1903538240814429,0.0005184679743523547,0.059844997365069465,0.06143213870305825,0.17481799318560945,0.0671273835267937
0.138176619965101,0.12477869935983134,0.10696831608897299,0.18450510800799233,0.08059352950634834,0.13077460804270918,0.09382698189415316,0.11135311259083089,0.0267134500598569,0.002309574484203932
0.25946442068117787,0.1588504491952858,0.01405626823440136,0.06874885883036955,0.0057023288010928305,0.05987202245983205,0.14032043561395222,0.019197276486182316,0.259617803748695,0.014170135949011065
0.08867971941606892,0.16638258044113685,0.05618272978074686,0.08453466325266015,0.16036706071736573,0.12819548683674642,0.024272132649226976,0.04403597001862469,0.1603841586709213,0.08696549821650225
0.02111211386734987,0.1382067107998276,0.003507570924124239,0.013797070882337852,0.14457590758530076,0.16089583245896086,0.012171081191144288,0.17280235269307848,0.1532737102793487,0.1796576493185273
0.03915499831152082,0.07954921441062938,0.12489609973544581,0.05681434882218266,0.01176568910552909,0.17634028189992984,0.1449878752212005,0.0861829888014724,0.18064910937205697,0.0996593943200325
0.0691876738169644,0.014638479647817669,0.06815538034030173,0.06144218678642341,0.10252071027546882,0.21584310975021165,0.179321731012091,0.1029046149986317,0.049562331055053435,0.13642378231703636
0.060946130513024596,0.11771609958121303,0.184385815079572,0.021915207906394465,0.16419178173747123,0.06712955991414962,0.12192128604549544,0.1043016874718967,0.07106136486349175,0.08643106688729112
0.004849719852098043,0.10470783272803363,0.14561876179671945,0.06833910444021853,0.11256380398673563,0.015890230165791625,0.11917817452038122,0.04851152061687431,0.21615705926218026,0.16418379263096736
0.0762804985891004,0.1464108809447696,0.08788885370931553,0.0033332493132635656,0.08644337004137471,0.16636291689350452,0.10226322042690221,0.19007772650813345,0.007895754725284141,0.1330435288483517
0.00035016240669704524,0.10133523589442749,0.18755860926025145,0.04846910970194926,0.06446827881724668,0.10562443614700531,0.13814385840851134,0.10356529969846111,0.1467968546890286,0.10368815497642177
