i = 0,i = 1,i = 2,i = 3,i = 4,i = 5,i = 6,i = 7,i = 8,i = 9
0.034281376911332,0.17067394024255875,0.152176012046527,0.01672562803668417,0.06254911928304169,0.1036401724083379,0.06628201087384906,0.13869418777829348,0.07056128704566283,0.18441626537371325
0.03571076963989692,0.01287254389042991,0.17709307281761671,0.17237961329213822,0.16481883588163743,0.04285373089446873,0.12324319286029027,0.12776685968123835,0.13257533145350864,0.010686049588774837
0.06328381803059979,0.09834593243942727,0.09702625294271998,0.07296355535010393,0.13292056084795578,0.06647545809620348,0.13411397156531452,0.09803853686633231,0.13942901360181548,0.09740290025952769
0.02136076654760884,0.06920091739823993,0.17676043892243676,0.03379713486641054,0.14347807056168796,0.11700033291034269,0.12485249148921315,0.05057663153094631,0.18144562346283424,0.08152759231027946
0.06063918020276899,0.14283295733326634,0.031478351164502365,0.06650685355888693,0.16214710076075473,0.14796057978752722,0.010242127213211561,0.1887543072818276,0.16678115098325735,0.02265739171399685
0.10178555634953422,0.07147646748839638,0.10448470163878511,0.08399077959367979,0.008793190438249443,0.12850715767550608,0.06925136049899144,0.18939205818498556,0.11121705875130375,0.13110166938056816
0.03859785300627489,0.10970163370753855,0.07644674537419742,0.10450193032316915,0.21642131056955566,0.10193014105007311,0.21975897524732552,0.025305825554237424,0.055929022314153226,0.05140656285347514
0.05484867375123476,0.04144988712287779,0.07278198255031519,0.08565032501299612,0.09489135023277216,0.15739951868502086,0.14095772809658486,0.17404116250927734,0.14129321437813483,0.036686157660786076
0.15795756094616695,0.10201192583896014,0.02773085052462636,0.031676756697240196,0.10622439356412461,0.1811942336777924,0.14395337709758066,0.19005671071248506,0.04803655831056682,0.011157632630456925
0.1550061637765567,0.13219583653067862,0.17445685449385034,0.026431871757764357,0.08007056445882989,0.006285404444973673,0.01847929166583785,0.1258166821894601,0.133689877045219,0.14756745363682944
0.06046801734332637,0.12013841736319812,0.09675706933901797,0.08326615420370764,0.004394606014991025,0.11610091497149486,0.1376240217282825,0.06895402562951204,0.1570875906316583,0.15520918277481105
0.14933020068598477,0.115075638809672,0.08628876607675066,0.13158913426652755,0.004568184161660612,0.12415270206405446,0.007580937215934411,0.14736577398433873,0.13937154367139584,0.09467711906368086
0.14530841132675945,0.12334301854161776,0.018867415843899553,0.1506400315332108,0.11070196401756943,0.13996587610291444,0.03457699861943382,0.10126556175911122,0.0689220876333881,0.10640863462209535
0.22868578378758753,0.030388219907759553,0.013701427842460106,0.14635895664966705,0.018341963669242647,0.2319920229461218,0.035380063185350905,0.0204111243969952,0.23202721690610306,0.0427132207087122
0.04187963074576331,0.14850059682853795,0.0009374617826967697,0.15601653655983713,0.039234417859908936,0.1586495760281022,0.027061736595735027,0.07820124028835646,0.13895594303435907,0.21056286027670315
0.10978508688141875,0.09613891359226782,0.09030824211906409,0.051805952893771705,0.18349242801501062,0.19944248228835168,0.018590997010360065,0.07684939628270844,0.13964698817038007,0.03393951274666661
0.007475321310958857,0.00014489457990865147,0.058320898576049836,0.04400809256934008,0.1907099847185711,0.12900941350921624,0.2124493756534485,0.17422759504605187,0.08057147432123105,0.10308294971522376
0.24275008355976105,0.14649528618087343,0.05625062367289711,0.10954566470562428,0.015067026898837267,0.08090223456023263,0.2419283989713295,0.030569159795094045,0.07363047173615372,0.0028610499191969595
0.12345711198823485,0.06661162491302627,0.005380139731966731,0.15332703827451966,0.1429819883627692,0.05371808609824162,0.04788160460517993,0.1358367282831752,0.11819306961083496,0.1526126081320517
0.18207205576123872,0.03115587124501295,0.18619743933075306,0.007679226871423425,0.11079407188943338,0.1500008007371476,0.13200100642452886,0.11531066211585103,0.016304156358382362,0.06848470926622877
0.11219350488315567,0.08839259153694598,0.03928759299112749,0.11416485327712692,0.04806398434633357,0.1759637086784846,0.09617424322001164,0.10862428413245223,0.05940826325659138,0.15772697367777058
0.13932961763648793,0.19014098998242443,0.11783032971922008,0.14535849219305774,0.058940188219142056,0.08526861458372335,0.06114271491114081,0.14093660989360546,0.030509225140241437,0.0305432177209566
0.005662577519699323,0.025722578185315023,0.13442008178415332,0.12598081124323562,0.21387244475446882,0.15909261825603782,0.05683310788487027,0.06504904248953283,0.07152100325108038,0.1418457346316066
0.11987287094017378,0.1900517180302611,0.08265090119842695,0.008008473137235439,0.13839495094912596,0.050071527434686736,0.04005894032374418,0.17581272622539096,0.15904130174914646,0.03603659001180851
0.20414610935484426,0.08489238613258875,0.02437449590924317,0.060671791549209604,0.07768607543300567,0.22178394032865503,0.019273182409504208,0.16804566639520072,0.09279804369287555,0.046328308794873055
0.05117593853309654,0.08517687226643418,0.08656803957219936,0.12640533675519,0.12267317917619379,0.16067690117132657,0.05771850453326787,0.15467621280381036,0.1531367525764418,0.0017922626120393996
0.07276995427505598,0.14555078664746884,0.1444942834681119,0.025999726027105763,0.07375126784684198,0.17220524397264053,0.16397242241581036,0.09230869516678326,0.02897250715720123,0.07997511302297998
0.0005562707094338957,0.07039500816789736,0.21374849184822126,0.2295712563290126,0.04160683783007317,0.08077436899128769,0.06954167746328101,0.08147982840836292,0.00011255708379326267,0.2122137031686369
0.06146322305889571,0.03843267551319436,0.05661840514849004,0.04674491257667923,0.06315658518672411,0.1921132204525553,0.04419763274867934,0.20943912683127505,0.15553713310871742,0.13229708537478932
0.11165949430404948,0.1320929050833299,0.02439954218413593,0.06706693638169565,0.0787114591610601,0.12114944325324821,0.17286356879292575,0.05436669520764232,0.18320637375097282,0.054483581880939894
0.003194605577990898,0.10456299872365936,0.23970606534329728,0.18937440833165034,0.10963528977817327,0.08601612429937482,0.07861450502167577,0.009975292117413024,0.11073936572462668,0.06818134508213859
0.13336958422194142,0.07937450823515743,0.11700555762212783,0.14671403458550702,0.14082520840961335,0.1831287255128638,0.0025955486797823663,0.05374760850236216,0.012982647596089067,0.13025657663455542
0.06913844062778345,0.1289363547634665,0.08516316996181475,0.027329401466611426,0.13210919735276852,0.17076548748623235,0.11094582009695844,0.059273403312454266,0.08781035358457455,0.12852837134733588
0.0993985490323682,0.1838224468115682,0.18624181372784293,0.07462519924593815,0.04186776988342398,0.08805900452868175,0.10211327831158162,0.012591979687779455,0.15815420440170522,0.05312575436911048
0.08675121901303481,0.09568091978823962,0.14848403804583635,0.14479197499365917,0.07650754791055198,0.12008900648587521,0.04622726086626152,0.14883464290015216,0.070333565686586,0.0622998243098032
0.16187241178067424,0.11192619445059536,0.052405280140382905,0.18713629202635407,0.04869816678539634,0.16093999866133207,0.0654819630163758,0.12701260118956959,0.02134121998152229,0.06318587196779733
0.07216899841604921,0.10487196197723006,0.125935679646427,0.13010789346882157,0.18655628610473585,0.02114015055452625,0.10668722024215771,0.003741903375098309,0.08518050872340709,0.163609397491547
0.19873692487236494,0.031078348015784008,0.040915842019532654,0.17941934032859302,0.09349498951330036,0.1274876537690063,0.15411912253485407,0.01615674514947387,0.09721675520175307,0.061374278595337624
0.19710800511333026,0.01639536344808293,0.18785929193487222,0.030600004368983833,0.08008311536070492,0.19729492879604094,0.06817248904448034,0.08943743659392175,0.03220792589265618,0.10084143944692654
0.007585390791768106,0.21530832405385017,0.14342074881677802,0.20073341601572406,0.08703594455145905,0.028380669570360017,0.12033963505110391,0.0066893120465223695,0.0174820068250805,0.17302455227735378
0.13973132991207018,0.1379601198776077,0.12711749388934304,0.15012999143376496,0.03882112682632898,0.03460215734445363,0.00028570085878488896,0.07803218658426665,0.1531132665939276,0.14020662667945247
0.12386300520104693,0.08354167591307629,0.121025529309262,0.14132777781585776,0.09396817053401162,0.06756537124838016,0.07637786052650751,0.03470260745330078,0.17174075621983112,0.0858872457787257
0.2725289230424525,0.03401067754784936,0.19253817704789986,0.10588984894465361,0.0007583981655351488,0.006918300269429694,0.04252722668176118,0.04609368157644923,0.1791455004560363,0.11958926626793306
0.11221795501674861,0.10246838939999679,0.10655864746168371,0.09288378762517131,0.10799574396490254,0.10597425894734136,0.04935234407222561,0.1402973272110254,0.14318186958797113,0.0390696767129334
0.12591254744709848,0.12300078675399052,0.11009094939035396,0.11509708589863758,0.07849423520996283,0.08982586866890144,0.07804918157364864,0.11226341186076667,0.06632271957227037,0.10094321362436945
0.01569115290176832,0.19372108485676748,0.04954006828257905,0.12300158311242336,0.16433336446330613,0.09527291985328239,0.12175276954861602,0.15123016919230195,0.036711017719577174,0.04874587006937794
0.0193072322243881,0.21607635012135973,0.20429771925183393,0.004523070739148118,0.006183123312668446,0.0857859635994952,0.08510237517411576,0.220717496000609,0.1454076013333186,0.012599068243063265
0.14278321462965143,0.07677706990196245,0.018901831516840394,0.16043863952611517,0.11658887557460963,0.09349563695884486,0.13364336217549327,0.060347219382496535,0.07444185095734182,0.12258229937664422
0.1398425485009948,0.14792251971111295,0.05400570452800648,0.10967992457210005,0.05107796141333467,0.08543238230946279,0.09900773346484086,0.08959680542753515,0.17521534236300412,0.04821907770960819
0.01549448332414996,0.08829448625018978,0.07030904323217066,0.16365421944203262,0.1439857867884296,0.0885554140281926,0.10587301739411173,0.16223074082908756,0.03399259247136692,0.12761021624026853
0.20326698234701082,0.14808792338507068,0.01503464716413375,0.09680851130137934,0.08394933806976172,0.046855478045720565,0.015878346781439498,0.21448936715257766,0.026602567933855854,0.14902683781905013
0.0004884311903200756,0.02950351839955908,0.09833671770785368,0.16743386405554486,0.17600033984225863,0.13220514801168767,0.09905473758358281,0.0148184002060203,0.09941628563064002,0.18274255737253292
0.01474374521535166,0.024600086695262487,0.03938827165847606,0.10140901593293423,0.13833198503453198,0.05877418292179987,0.18841831392971709,0.07872424587900231,0.1703623489596516,0.1852478037732726
0.23137902443602534,0.1710386318084049,0.0972368883470352,0.19367067616341904,0.033478482751337954,0.03269859719407492,0.09183102994297306,0.09012914861156443,0.009844958221663879,0.04869256252350118
0.17320375440889665,0.07444298770440193,0.0020949678796083095,0.05020702687029687,0.225142978408628,0.01820876275747848,0.20043241206082327,0.04209411199817538,0.0016206781818867842,0.2125523197298043
0.09038297031002787,0.15567406830454245,0.1480637194874387,0.07444621607181871,0.08176439695669516,0.002208842537335881,0.10788895697206942,0.13343932429274907,0.10480416468343393,0.10132734038388888
0.04640932143582225,0.21256049402770957,0.11833835441844444,0.15461348899744767,0.0811835242563388,0.12775622954697882,0.015622601221704623,0.07266171041127334,0.09318454900149144,0.07766972668278888
0.17224812312123422,0.1413544192856949,0.09514445127115038,0.016486138732457817,0.03990060679200503,0.01680377822097085,0.0746773779725551,0.11302936658970274,0.13727037877167728,0.19308535924255166
0.10155873310979852,0.14510679734018145,0.13400857695027737,0.03721998995283512,0.11711146230766771,0.07215114264942932,0.13277269919481013,0.026668360020145505,0.09402419553067043,0.13937804294418438
0.10005865286703551,0.04739959661557338,0.04994299299622958,0.19005585897078012,0.029467021558692373,0.19339155954268664,0.07638417911287916,0.09185946928164844,0.04032621569239744,0.18111445336207743
0.02940848937739672,0.1774371300130587,0.0323161586675967,0.16439167385327452,0.0961522007276736,0.15917404435846105,0.1500824471861167,0.015559819993103316,0.020992413168799823,0.15448562265451887
0.10786857689690207,0.03640186083469527,0.11165076566449104,0.03915108408561574,0.1395413995245584,0.16869381287483257,0.15010795352088113,0.006802157221874729,0.06351401022000054,0.1762683791561485
0.20079060316822334,0.15860205364631555,0.03482501885463395,0.006182446554881558,0.11787491427957293,0.011341203963610583,0.027778364619604916,0.18201981577116158,0.03853524787945991,0.22205033126253576
0.1257323050369987,0.13441455261003005,0.12410092507206404,0.13020325209193168,0.09756278921766066,0.11173645017818519,0.12165198587346318,0.005153583247663642,0.11245885789763767,0.036985298774365245
0.053801029319623626,0.043413614338136355,0.17408189428704507,0.17317633261790463,0.07866839832127877,0.0570546906242431,0.04409602964564793,0.13983775706925525,0.07796279208282861,0.15790746169403677
0.20044777373328804,0.06688229950717736,0.014781361951378077,0.09266911346143074,0.059290811679825,0.00017062647122325172,0.033391875544701945,0.1516059145532273,0.1853148331953779,0.19544538990237031
0.18419757251562263,0.1263212985578142,0.04711619309054864,0.11519737916830945,0.10300509563425311,0.11520929587229173,0.004188750139633736,0.1423425762577504,0.06896820928576804,0.09345362947800817
0.08191997377121285,0.13017068776785579,0.01790164042965648,0.11555085721232423,0.12772042943069936,0.18426868644705768,0.16625420409071753,0.008437869062485025,0.10296991539695055,0.06480573639104031
0.18328039048477118,0.1425564978432483,0.06631084679482896,0.1633411991011654,0.11211618520224742,0.08154641559043935,0.016051677542057326,0.16935447592616082,0.006642662636261324,0.05879964887881998
0.12290949025403426,0.04441310098659767,0.17612817973858175,0.020619530138466683,0.02289489520669305,0.10437381306398552,0.1674945685882532,0.071466251282775,0.0746887104461743,0.1950114602944385
0.12213798064662348,0.054363989191071896,0.08674104893056679,0.1363470670364304,0.09593890711681827,0.07164905775999561,0.07896699865371234,0.15541297950905592,0.14703809277421892,0.05140387838150635
0.18322621057480157,0.1325552376541143,0.06376424339929873,0.1269085416740761,0.07269712841646114,0.16842664027518445,0.034998074906425536,0.07469561296182418,0.02100541897760147,0.12172289116021241
0.1018964396386943,0.029705970051273695,0.1126036611546535,0.02591492510301033,0.16027635894872158,0.173116371426082,0.1812020022049777,0.026647306326692568,0.1296730944589751,0.05896387068691902
0.03763042027362574,0.17124171717165046,0.010512494487662989,0.029532898853173624,0.0715232050255025,0.03742655025617697,0.20179276296596826,0.1079499063318844,0.14136517145628602,0.19102487317806907
0.1990985192234509,0.008965772312799682,0.08290264182085864,0.003330285266725165,0.1188105456453958,0.02581795662441145,0.03705567715695763,0.15144975932472143,0.14677197170660414,0.2257968709180752
0.13665036047072374,0.03239900644241318,0.15720525925716408,0.209571077187694,0.04236134933385315,0.04890384598398413,0.07664744103700333,0.14871011492372946,0.04340614640959094,0.1041453989538441
0.007157026831935553,0.14780514094664962,0.17966017941735532,0.225126172213426,0.004387105975855033,0.053694662596606574,0.01812915512050405,0.18827992223014567,0.0061246983118822575,0.16963593635563984
0.15242187603687885,0.006308166358447381,0.07686436718153809,0.09064904819563578,0.14467272891578495,0.13901806773387604,0.02524395970030365,0.12115427721215934,0.11975260221441414,0.12391490645096195
0.169059470378483,0.16127175897033902,0.00798078613337125,0.04168920683986547,0.05673658672470408,0.1444565961245377,0.12610993530383963,0.08203831169299604,0.1084946171110301,0.10216273072083365
0.07668850557564726,0.14896635682046172,0.18644080959378664,0.014853397518837661,0.10506243356949385,0.15530486061667875,0.017921983979623513,0.18042930715236677,0.015237820213337624,0.09909452495976603
0.043089356974423315,0.004925534018571061,0.15639463795686753,0.1147213027089993,0.15081039247817574,0.17877981595112155,0.07238100845301862,0.08850455955466117,0.11993994498733462,0.07045344691682716
0.06529252807998619,0.06408039453240517,0.10465182539207722,0.06768474812343361,0.026378679012079922,0.09447961457519012,0.1740796253634365,0.1739752891730574,0.15410208451509239,0.07527521123324149
0.17342277549425042,0.11569102711562727,0.16137965252217917,0.02086797621044197,0.095793118118747,0.057096617374254616,0.10003477092198264,0.11242363187398331,0.06376929692766291,0.09952113344087062
0.10926003644028427,0.05042666183608601,0.05861837905271705,0.09999477453350034,0.17394521414584135,0.16370812215073394,0.004352702722329963,0.011599809228947825,0.1592626422667215,0.16883165762283778
0.16158951494478782,0.11004857166975231,0.09080534190685996,0.1258904175542323,0.010641721574768965,0.05123116776519768,0.13278536883059358,0.16200948724108208,0.08009460808865022,0.07490380042407514
0.02521637754373343,0.08915925119888883,0.09604952304894845,0.13877257697052267,0.03135908092468762,0.14422075536533963,0.12987369126394013,0.09599590403903796,0.13204619902272827,0.11730664062217308
0.11369617031178968,0.04923829123777505,0.13313428336131697,0.15168858770493787,0.15080150135752812,0.05882269095380055,0.12572596210179904,0.09102469058169957,0.046624620218341226,0.07924320217101183
0.15180788404862502,0.037162749647196715,0.1285361909125258,0.0694766281771123,0.17140665542309522,0.10730970836806855,0.089436468877375,0.012818399226938969,0.17691039597936467,0.0551349193396978
0.08449867815323611,0.15948319209143252,0.1671107596152753,0.15700529143009317,0.004588052323675195,0.030484418491326718,0.11393792025223316,0.06326033422944953,0.10541339686358474,0.11421795654969351
0.1336000185839435,0.14774981932218229,0.0284966630364164,0.004630454077255258,0.08290908572789255,0.22694322199798708,0.09426157219430253,0.2159276630963731,0.022709254543634785,0.042772247420012385
0.12862432270545227,0.011056741607752643,0.07090504658846773,0.10022435102068654,0.08250833204244164,0.11140434526462081,0.0839061555741682,0.0928489369429043,0.15637815678606445,0.16214361146744138
0.10588851481351798,0.0090495533752292,0.18568734162844514,0.09673525269021414,0.02113010894839474,0.13750217377224008,0.1602563550462982,0.11775532558696185,0.02056783640551669,0.14542753773318182
0.13806118818225868,0.0535884811620977,0.08752165320640853,0.1130958796993436,0.14353162464948294,0.10741573253890067,0.13776891755207285,0.12411755243214084,0.08658188145474535,0.00831708912254882
0.12102394466488958,0.1199205249669207,0.09769966126739943,0.022424343276707132,0.16698177345511897,0.021805040319812095,0.08177028886411358,0.085523193976291,0.16362341955506524,0.11922780965368228
0.14287339310008115,0.04391922676930326,0.10535884557145155,0.18081877616305278,0.044905804229801755,0.011547327203354447,0.1686837308533791,0.0008461401235821313,0.12729559978094046,0.17375115620505344
0.025151323971141278,0.1324742303726837,0.11874175049066053,0.05232912129718669,0.08432724349464499,0.12443552782549473,0.06718273730710245,0.142730617929529,0.13812801422270862,0.11449943308884801
0.10451408195976737,0.09466637367192217,0.04250390035400404,0.053180645503441724,0.1568918605288959,0.1529388261592673,0.017567306105016754,0.1306806806651835,0.16057067975035275,0.08648564530214854
0.1014920687263869,0.13424915977502375,0.16264566810612216,0.055465286719357736,0.1735827002752113,0.04539289767840291,0.16218136339977432,0.07512321362111547,0.022786900310296343,0.06708074138830908
0.1800838000958252,0.17128579045127243,0.0023711459388749885,0.018502908789796914,0.1837557097689327,0.04111015124635763,0.052159050410017296,0.15484667559034626,0.09964295970346318,0.09624180800511324
0.1517012046929765,0.02110808229895125,0.07324987167026553,0.2666972173040385,0.09483335427880307,0.058370500991433656,0.18451235357095125,0.08366778121390325,0.05652650692066028,0.009333127058016704
0.15867776997899335,0.003648332101824605,0.2418311476596183,0.04175423631236596,0.05949746170075472,0.04641902599338161,0.03258137748138824,0.05839941304156362,0.12489550072216025,0.23229573500794926
0.11473566539528282,0.019324595032986096,0.103055436886271,0.0982586672591253,0.05915253067179032,0.087050240330084,0.16911568129041488,0.06542420910181321,0.12078957545717646,0.16309339857505603
0.157538262571002,0.04932996976966232,0.013807872302532954,0.1589336680476539,0.0792031265835506,0.08345742839837864,0.013579435361664609,0.09971107283752983,0.17812358780970283,0.16631557631832225
0.0013924277166646826,0.09494129795044375,0.09033339388646705,0.13259118143093224,0.12987538194523454,0.10491923152461317,0.10196966003733732,0.06533896442896295,0.13142853426240533,0.14720992681693887
0.13915081560591447,0.055717282561697126,0.1926046649813105,0.011926933455975909,0.020945364473879204,0.2219287080918018,0.0365162093970435,0.12427694841677511,0.13511920782171188,0.06181386519389051
0.0021383928143302493,0.0570688758640679,0.10203709924699786,0.13351864272723293,0.16525114927574083,0.08994101728283524,0.1826710800347797,0.00042407185961038714,0.037163256145462606,0.2297864147489424
0.033131058612665944,0.023571077526931206,0.18100680986490925,0.1828159584958943,0.21347557522183533,0.05965219101127734,0.08236543311488279,0.06802220564890933,0.06799054531966853,0.08796914518302605
0.01896684866174344,0.1777183846718544,0.15214121317685117,0.048316932217371315,0.03270018788748678,0.1256281339388849,0.16725559501379025,0.21599155599959433,0.05661519220941282,0.004665956223010563
0.17263040702758523,0.10741726129196573,0.07232408535871133,0.09093253011196911,0.15319963509033985,6.535788352203146e-05,0.20688795345205727,0.02095300893873647,0.15094057576479028,0.024649185080322725
0.10659611615426287,0.07597210852093364,0.16764275057024153,0.15365873707925112,0.09888692385237148,0.051958620078185906,0.07945032274169382,0.06891197604584169,0.12332694079883431,0.0735955041583836
0.1234038455116449,0.07532433155266771,0.13873866739586174,0.13657833422392526,0.04009777634139791,0.11450769184181499,0.000387953601468308,0.0958639457238484,0.12936930300476712,0.14572815080260348
0.1304776135681345,0.07356205369149603,0.06607407553529496,0.19726426841720585,0.1946266203416212,0.20727394893298132,0.05164816022143819,0.015010080134918767,0.05098204780543796,0.013081131351471298
0.05017557232245816,0.2160560284427094,0.1353808969247799,0.1679585945389305,0.14542291224441267,0.1334728233922115,0.033786743815654406,0.02206432381871693,0.07858747411848886,0.017094630381637554
0.1547372345487774,0.11344761899510945,0.06646254603734439,0.13557889882304833,0.04818921364489355,0.14904137637964948,0.13998199866789243,0.07907340105737175,0.038309428854678015,0.07517828299123512
0.24552984812313788,0.02394498175511161,0.23338002420190332,0.006447444659431082,0.06765950506287455,0.018347705014207665,0.1635873348309822,0.09531623151594026,0.1035423270693577,0.04224459776705372
0.21831639562251298,0.0451109873276047,0.016584523280032633,0.04551991274382296,0.12341205209680159,0.06612056413950199,0.0032701688632213502,0.22902658855815117,0.1813013901765936,0.07133741719175717
0.129895272663061,0.14696484517584787,0.1134016927928153,0.020036211728472815,0.13684611220620843,0.12234301158437126,0.09750530527985146,0.08296576551652206,0.09533643520960687,0.054705347843242866
0.11020009497151903,0.1721586038900889,0.009487712886309476,0.11252475185767677,0.07339296477382153,0.05261806597957873,0.0257928297876722,0.21129782049174323,0.10211117170009958,0.13041598366149063
0.10540254031902282,0.13882779412007556,0.14978539384144557,0.04145587569511933,0.14259712247406106,0.09329855197863718,0.1553471871128816,0.03764293410646607,0.07790742711770766,0.05773517323458307
0.07363511124638517,0.09420524670691129,0.17840344698827332,0.04609767667927073,0.20580379979999436,0.14009224255433084,0.11931303237592276,0.07839895792186483,0.03423081662580494,0.029819669101241755
0.11602358592229073,0.1322257356925497,0.05386146223882341,0.174289708540681,0.04890719335273069,0.0637826818322192,0.19041553166379938,0.016068384134885285,0.012429140939040973,0.1919965756829797
0.05388554178762156,0.14312263544981352,0.1554237585943998,0.05726199063316262,0.12582905157005994,0.04969612491841001,0.13638812884780438,0.12580362370406503,0.09021431481049401,0.06237482968416917
0.16558004680752414,0.004276593011455593,0.11380248211881476,0.09696692881329623,0.1934750891589283,0.052192897979411,0.01718596278740123,0.013162882527733849,0.23393131894018043,0.10942579785525437
0.0718444695992043,0.06144789007868005,0.15084041655580796,0.052895375781020694,0.14126770129719357,0.16123842587714657,0.13826023090812722,0.0632546101413479,0.13320582352934376,0.025745056232128225
0.03756365617096209,0.04865556200748462,0.041873206937433155,0.07542900129661226,0.24427039512120488,0.056837285399070916,0.22756217057463618,0.03012461495756962,0.05184246432039201,0.18584164321463426
0.1329833019741009,0.11340079721613122,0.16210384878830733,0.1295524940429346,0.04753956443218734,0.09296686048171568,0.07919100749775984,0.17226452496907502,0.04324466143465453,0.026752939163133732
0.13953934238971413,0.062100676200586624,0.2245217779751577,0.13021753975533315,0.03725914891723936,0.02066380302585532,0.12329453327767184,0.07756879111255396,0.17514706440896613,0.009687322936921669
0.10579934793246243,0.10702991645047231,0.04172368726078532,0.052600107832188,0.028994689194334282,0.1120291507626217,0.12979749191056844,0.11004881894858567,0.16102458146517512,0.1509522082428066
0.20862702512083778,0.042177519464152526,0.03842617300073585,0.19986512922492097,0.044048169735092305,0.09095549480491838,0.13853478722772178,0.15103003419110603,0.014918663492840446,0.07141700373767401
0.18806955071517875,0.011910104315475668,0.020052593158359368,0.13738653383333546,0.025518688236973456,0.062012165595241364,0.1848887706322104,0.15850374208499568,0.08977421582542966,0.12188363560280022
0.029976175955297883,0.09465943016422457,0.044164510275795835,0.15416511733297647,0.1392010281180817,0.14116887823003108,0.044265603708202296,0.10512906862252996,0.15551433909279808,0.09175584850006223
0.10791649975791029,0.12925327753835505,0.13113880963456526,0.11742703757897625,0.01803969224758802,0.05239803545978895,0.10453690800101267,0.09952938724664133,0.11694196280124325,0.12281838973391898
0.12573757816163017,0.037505401983560345,0.013268671601245235,0.036996313732123,0.07478541479370258,0.24352615256114787,0.050263955706171835,0.17044557815575953,0.20468333780066517,0.04278759550399413
0.13104757248731624,0.027314414076788675,0.09052003881923944,0.05683264564354277,0.12287200881917286,0.05079447063448693,0.132961415646679,0.10670604592272577,0.14243877695980037,0.1385126109902481
0.10372432414485039,0.13564214202352032,0.0457839592956605,0.09972234580825423,0.07570472563460481,0.06944716525315246,0.070563728995506,0.1134433070526631,0.14724997447992905,0.13871832731185915
0.10612871368860129,0.08183155421693304,0.10551279787911763,0.04835580907325376,0.00015684463933005814,0.22013675173549813,0.08640249028697271,0.2554452838584992,0.02561042118013912,0.07041933344165509
0.10947561595653951,0.09393936049334937,0.07653973200243368,0.05595739524704675,0.24154516211468618,0.03695436671179216,0.12420494571594667,0.014306704655488169,0.1328777699847628,0.11419894711795467
0.06292543691490146,0.14421789320696227,0.09675323646154332,0.19856647216841225,0.10085286329570996,0.07932495061253751,0.14041583481310774,0.12254116375702247,0.023942486106823778,0.03045966266297928
0.14521156194945808,0.1483950287965744,0.0476388756562907,0.17511898336466936,0.00928320411726905,0.03940662124331745,0.02563646398535092,0.11777032309774525,0.15143522932366862,0.14010370846565612
0.15438726072828252,0.001730869579865792,0.11260143391326004,0.1614605162356374,0.10084543662304067,0.048666686938386376,0.08816289801034974,0.0707291686467051,0.1453875278471664,0.11602820147730607
0.18388559967612858,0.10992168356445983,0.10260776523161808,0.1820916152103087,0.1489821093405971,0.10129296772571332,0.008435811568271603,0.0503843708122003,0.10053763836945345,0.011860438501248998
0.11996880888239463,0.12799549849151995,0.025183196305339703,0.2561458335225788,0.12877829507006736,0.1221386768188456,0.08239634943051186,0.0066888732548120835,0.08040707351219654,0.05029739471173348
0.1582611570961246,0.10199397044725533,0.18291831024672983,0.030225424338467786,0.07042510833866815,0.08295985733119499,0.052578727496560146,0.10335901076535589,0.05453518494245187,0.16274324899719156
0.10558031160429951,0.010868728356537636,0.18173592686708995,0.011328034614798336,0.13326082426624394,0.15769870192895238,0.22197469889125995,0.0058732360134386135,0.0711726791760853,0.10050685828129426
0.1173973648344919,0.08188860461029517,0.07382259848134134,0.07850281485738539,0.10605795183700147,0.0019242969971450413,0.11554114090147878,0.1360245504064894,0.1506429728520628,0.13819770422230868
0.03840810495759473,0.002275809670524107,0.14217437095815483,0.1445331372482019,0.03051327235400714,0.09585874708847834,0.08280105183492144,0.1899691530524908,0.09205268064727437,0.18141367218835244
0.06439412764903571,0.1609611855290275,0.16341835562300006,0.04117007833901138,0.006843793735729829,0.1798641590175665,0.09934794324639183,0.019259528921213655,0.1635303892147285,0.10121043872429503
0.10647908775893848,0.05238996647905557,0.15449169504590904,0.048453020531947416,0.05940641656839068,0.21981896353776115,0.08629273552411196,0.10749327399483029,0.021353637887973557,0.14382120267108198
0.07534959867024983,0.1304233666992069,0.15157824871769182,0.052922352621795274,0.13033684569352708,0.12496361946572386,0.07350718270180738,0.17114152323717877,0.036657359699277386,0.05311990249354182
0.1041728562706802,0.04465397623871088,0.09453829137556649,0.09833882502674032,0.1364794570272757,0.0839762438644335,0.07811253332225676,0.14299443777847412,0.1046052457115953,0.11212813338426669
0.01562310726618807,0.06253215415353346,0.010707654450429724,0.15147985250130097,0.09593297616387439,0.12682498801859962,0.1740170512828835,0.11370396924308675,0.06666452355480679,0.1825137233652967
0.12221877134459756,0.049008842567115296,0.1452646980985469,0.11728593302203469,0.15729053021635436,0.010867123522417692,0.0805889275668837,0.1451525888854756,0.15468345537110229,0.017639129405471892
0.17291911433883603,0.060129126729616955,0.05735807365899335,0.12614762138163668,0.10302712443878469,0.12159622864841453,0.062225714021871145,0.16250724712481945,0.06545415756183832,0.06863559209518887
0.0032288625625639536,0.1419811546822925,0.1410734437301607,0.0687879146010477,0.15003704143141944,0.10218013358494449,0.1306782456142744,0.03824840798406164,0.10672916741426536,0.11705562839496972
0.10523981385619428,0.1642648889575574,0.07823956995120526,0.045347651959833445,0.08848443492088366,0.15045830122967413,0.019477332420875654,0.1483110058698251,0.09928539905664818,0.100891601777303
0.0375919663444338,0.14914756154464712,0.14309583058956016,0.02067213141745825,0.1258395881114396,0.06919132628981045,0.15221255107871534,0.07333947881554494,0.09217153956839239,0.13673802623999784
0.041900513501659714,0.014862228232298295,0.023910421350106154,0.002184823068503721,0.2096849347320766,0.22849697221522144,0.22471892668589197,0.05010685074057064,0.12570655621764748,0.0784277732560241
0.09238353727852805,0.06400474190367621,0.010466693900657582,0.11821489249445331,0.09753748256632347,0.17954535083233056,0.1299568734686179,0.16258047463298708,0.08784313887432164,0.0574668140481043
0.12063580532471098,0.08220371656041806,0.057099799052749235,0.046459819134999886,0.11105429478205732,0.1262522634470113,0.10720236380602052,0.08427644217062383,0.17210054113309436,0.09271495458831448
0.08823393248444397,0.1490757764042356,0.09904433786962306,0.16094243147979978,0.07826753381257733,0.0643196035458015,0.10381378310665319,0.03211244292897675,0.1620272634177307,0.0621628949501583
0.043670134945230046,0.2500305567412784,0.07951048423079618,0.024206873679342083,0.0528629010687487,0.20944367509459844,0.05632201312428248,0.037319760387811866,0.01051134167721876,0.2361222590506931
0.13759141004596434,0.060959481257861846,0.08873875747597965,0.01289376828391985,0.16097255034329205,0.09369014797716457,0.04557732180845259,0.15666638348834228,0.07898571388703378,0.163924465431989
0.05438430435506286,0.14115741879487909,0.009970158064493488,0.013120140817677206,0.16944724806679085,0.1623179457304989,0.071390077432364,0.1657014900501874,0.06305229270364665,0.14945892398439953
0.0693028642523924,0.09134897023117836,0.13051369083914932,0.1725224922131812,0.11712160058038816,0.16485652120152697,0.008619504490110114,0.0999943400769909,0.07578603048156811,0.06993398563351444
0.19146752722050203,0.04098999361893549,0.13091681024315163,0.16832589460483932,0.035501575539966544,0.10411714838927036,0.20748984348521904,0.043494050860029096,0.035368014281452,0.04232914175663463
0.13885188412377378,0.10964942202100667,0.14588906284047154,0.14173695611508136,0.09436823169588775,0.13205364567541858,0.015168967546842573,0.03406880680593573,0.05175801109205862,0.1364550120835235
0.021545224116372316,0.1049583520094476,0.22711934798514272,0.018428890669441856,0.06192822838826137,0.12781429340807465,0.020628183835690643,0.16222225282857328,0.21091031735819726,0.044444909400798246
0.06740673163848017,0.12302362773755898,0.20329597700852853,0.1548392402739666,0.1032936824231039,0.11971663111956901,0.04045735688917615,0.06912863166263733,0.05000223193158739,0.06883588931539192
0.10161804809731137,0.0915767363117305,0.22380054588493778,0.10515085411104658,0.07339592536346395,0.05860716577175738,0.06875514735184048,0.13121815814933963,0.06463345694827537,0.08124396201029713
0.041718368434943025,0.07926900921835756,0.2136334421034504,0.0175293039997132,0.05838163759089512,0.16505150904141513,0.0436827292307952,0.2046827967979765,0.07385630720717497,0.10219489637527879
0.09814011470589173,0.031725502471206334,0.12408769593467328,0.15000419892628697,0.09923656589629268,0.08551486008247317,0.03122802266163648,0.1330742550482508,0.13750022882644167,0.10948855544684696
0.017366001558523993,0.012812504908551884,0.12359951139209012,0.009489564563151138,0.14072684595033977,0.1499716047550815,0.10240654066075322,0.15849961878179278,0.09666014615881773,0.18846766127089795
0.02931706121918467,0.20082225357304018,0.22417978488745152,0.06756648842460043,0.03139830766316729,0.003952438332729555,0.10276746545517515,0.07977602146344077,0.21717953868646211,0.04304064029474845
0.17310456797442583,0.06494279676874726,0.05653952747225484,0.10083881459566876,0.08921278809067766,0.05935368623780817,0.01905255304242422,0.199946470579975,0.11550352912767403,0.12150526611034426
0.18447323712792607,0.08742738144609037,0.05146478697024411,0.14435382755224627,0.0590862433701441,0.05839386290437828,0.1255501529369824,0.16343191390950362,0.10806189552695054,0.01775669825553433
0.024102362967669728,0.09470853104631138,0.18633449429467092,0.013526863390448066,0.1078177200256788,0.1439739717290622,0.08075029841530158,0.0033811916852524845,0.17881708389355264,0.16658748255205225
0.12819805625328476,0.08279837625811959,0.09817107082367876,0.06478675633019991,0.05322041545234365,0.11513687801846614,0.080271933359238,0.19179045894292987,0.15407799527396787,0.03154805928777149
0.14134931097322095,0.061650153142878146,0.1584717466138488,0.10010765372416097,0.15699940627605571,0.16990748682069848,0.06230601210830148,0.008198778043771397,0.08717114991709296,0.0538383023799711
0.18894273198661365,0.14309726786410473,0.19261253409725718,0.11549909988592143,0.023239267564315134,0.06138387830954422,0.11504745813047568,0.012602773550360167,0.04533422086552912,0.10224076774587884
0.19648666865672737,0.09198953953162983,0.1807641339183336,0.09824562886844912,0.07078322860160874,0.21146962179998502,0.008536910046127076,0.08300109373779258,0.015181595649718091,0.043541579189628546
0.0969530272733915,0.06314191736834435,0.04235595724812229,0.020802763860433757,0.18675732798305605,0.1073512570032604,0.1828169763629853,0.18104236689314815,0.026059175477711447,0.09271923052954678
0.11988598854826918,0.13532746565867815,0.0866462858021021,0.1446724712167996,0.010785665452435504,0.076705118200998,0.10295238111507693,0.11020469337611784,0.1556073303363349,0.05721260029318777
0.11005123803389215,0.13340567445459806,0.02588332268814001,0.03625814795907191,0.15466997579842867,0.15620578905126672,0.011654513168974217,0.12807378270526562,0.0374227274039231,0.2063748287364395
0.14876042423224461,0.17273424916100152,0.010843114061029856,0.047089276424374125,0.10317681460251998,0.1642091559336076,0.07201965930439895,0.12442437340746684,0.06204906076495316,0.09469387210840338
0.06297075409613868,0.07062254649035679,0.031144295426322903,0.05791065582379814,0.15917927564224157,0.09865825330739625,0.03535459910764706,0.09519920109331029,0.21586021967527932,0.173100199337509
0.13886822872507493,0.0787859688681084,0.15154863944919136,0.05242145222416411,0.09732306479865206,0.03499500745833221,0.07488187125776971,0.14924753524593667,0.08564429067767163,0.1362839412950989
0.1479171865488644,0.13641631622483444,0.08162775750518657,0.111517436015102,0.07451728095091573,0.01901394606487722,0.09330428849956883,0.0990528639493469,0.085055045246932,0.15157787899437203
0.13955331297796877,0.11364256856342575,0.11699110497885579,0.13014248594803918,0.12667536301862495,0.12746588044551763,0.09376179202556319,0.007364914319248899,0.13780678107460848,0.0065957966481475965
0.1386581464563106,0.07177859145854999,0.08961093834318261,0.047247202426063534,0.13836023769459288,0.04813496030801506,0.1546110729895418,0.08398756254518909,0.07052627825775541,0.15708500952079896
0.13422433991629207,0.028723171295729755,0.12256120653892198,0.12127947727962005,0.09896480144523007,0.02853132528718755,0.08567206098605296,0.14714376950912458,0.163728832862357,0.06917101487948393
0.11874486059653483,0.1150099651616096,0.11506819329656295,0.12177186684217302,0.14843065157899415,0.15010052847915903,0.004989314820398068,0.008120085213776619,0.18496159618240374,0.03280293782838805
0.08491249650696513,0.07019742355722074,0.09769705561879172,0.034263166638028156,0.17303633532186447,0.1566071773134166,0.15334621408231744,0.06669371659999895,0.11361948747142205,0.049626926889974735
0.21631687610253605,0.013208406314273982,0.13487397394116626,0.041040136056637574,0.05204929877807204,0.006686356879604432,0.20278177525195665,0.0041989206219733965,0.15200378281008464,0.17684047324369495
0.05077801931653039,0.13488025099352008,0.10863318421087356,0.04807225616222557,0.1766071922556114,0.09501229499031204,0.027678575039923804,0.0929259560180835,0.1381909760031136,0.12722129500980595
0.11690300516402505,0.13613306450191257,0.05469714473231765,0.07233031949387707,0.02054634164826061,0.16711218057053395,0.1501359841234194,0.1057690082410104,0.09894429386672195,0.0774286576579214
0.15173484476215604,0.0252439226185211,0.14915866777381226,0.03856975136489371,0.05447750979139942,0.15407010029716334,0.13136110598145828,0.08809373767686744,0.13801275821888573,0.06927760151484268
0.11998605974651903,0.08324520017609628,0.039317270887407406,0.09160337742911505,0.11414293794432656,0.12379182674021905,0.12092448161593912,0.14294249164535877,0.07743714285518039,0.08660921095983819
0.15560046699124835,0.13554796791778873,0.047162133431634896,0.11217231024049944,0.10744922874044067,0.09776673142783399,0.16704241439295003,0.1649580456062146,0.003349967831055813,0.008950733420333555
0.09098070039371466,0.15712771152877808,0.03666074279219824,0.2071319119670583,0.1356868000877692,0.1045485649363162,0.013799055643386968,0.1014104304151766,0.008332266624453358,0.14432181561114832
