i = 0,i = 1,i = 2,i = 3,i = 4,i = 5,i = 6,i = 7,i = 8,i = 9
0.19661577399644303,0.021224553110259486,0.07171825380340416,0.1686114535107945,0.09701420442364717,0.09973251684716668,0.07443304271618283,0.04782276099475927,0.07389311127181102,0.1489343293255319
0.177204028445214,0.13033734419089993,0.12536260671367672,0.07250389432683614,0.15179560666061567,0.20904298917360295,0.007115211023039533,0.04044403712864315,0.07532259124458693,0.010871691092884956
0.05384964381520403,0.043103210609731595,0.13719845423386487,0.1320159815000317,0.11126182363352467,0.10394290455257443,0.03018584758759882,0.1764832206803837,0.07007942272754691,0.14187949065953936
0.13100223104279968,0.05689753483264886,0.05721478372813099,0.050058755059571164,0.17718551291967238,0.0066913255664064275,0.1244654078784008,0.12430906897039679,0.17974150298246983,0.09243387701950308
0.05660543494505692,0.04911218337413126,0.1532820394863172,0.15580630207797266,0.11962970638384028,0.055971361784434716,0.02175514746896987,0.07194942558262546,0.1835768789471344,0.13231151994951731
0.04318994213643574,0.13977399957022663,0.10309171538444277,0.19693980432822275,0.08811218156610894,0.08609770062845964,0.10629595699910191,0.06356875631278772,0.12590194865558157,0.04702799441863247
0.04362418405454332,0.09534890604164065,0.057398211665478316,0.0923269967476979,0.19796191609020097,0.07096980349291156,0.16773931926308217,0.07064319740940735,0.036159596901743175,0.16782786833329463
0.11862494598537227,0.15228840952581835,0.15455170430397436,0.12404544841662364,0.03258233027975599,0.11541322478260549,0.11610534413205739,0.022985931401126983,0.11232446886399113,0.05107819230867437
0.037463703525253474,0.09697550411112801,0.05606162251884558,0.09783092301166345,0.1566841542242981,0.18498525906932692,0.1320837243746036,0.10912397172856547,0.07411869012147922,0.054672447314836226
0.00245562259717167,0.02519097037421438,0.008782641120577623,0.030441324638610563,0.03633988995549169,0.30429910404894533,0.1343506495748653,0.20883779969671518,0.10106172052588917,0.1482402774675191
0.04623920483609175,0.12749376710231664,0.15328161277079325,0.0611814920424165,0.1327966577248601,0.07859104914281942,0.13245033379091478,0.050191599332969086,0.10437055750706814,0.11340372574975037
0.0061148625590118615,0.04011540443101559,0.025390785678619677,0.08265667354000246,0.15383725175214313,0.1467391029799401,0.13105659599541722,0.14222648256731746,0.14204506344902207,0.12981777704751044
0.008608090910298896,0.09327502122635518,0.014159253585522313,0.26423455961035963,0.04112667016349385,0.19778862193827845,0.2470256024064259,0.0245244625594519,0.06493523204421686,0.04432248555559717
0.16261980547403376,0.14614179698492552,0.11572590056896662,0.13924419570498006,0.04543138677584673,0.0672864312522338,0.08470587109463397,0.1272376288932216,0.04588380110333877,0.06572318214781914
0.10708666574848731,0.06573456087045247,0.08846838170614109,0.12242022896205147,0.14054136204542136,0.10837052205556338,0.13109757198878674,0.0034634947933959814,0.10707914715699027,0.12573806467270995
0.13890682788879272,0.07085236892575435,0.14511670710739238,0.1268307118502686,0.07811735264210572,0.10438986941289184,0.014458465868925867,0.0379692177664525,0.11768757544217613,0.16567090309524
0.058564905250523935,0.1425311234897092,0.014250057045426034,0.0451629899788274,0.16679334611621818,0.032895483843624194,0.12503112730345597,0.18503702206800102,0.11556601584754685,0.11416792905666706
0.19040570699776077,0.08512822778322679,0.004805159658748342,0.16569149526431462,0.07320415150015877,0.1622079302835844,0.05211661545567219,0.053447357402846986,0.19994362788466413,0.01304972776902297
0.1332194304055764,0.15724140953160767,0.07804636999808214,0.14677533839294962,0.1419281004789229,0.08287434167820211,0.004834834937884121,0.02878677955891085,0.07835239228653156,0.14794100273133276
0.1360160954487647,0.06509892172827367,0.10549332162224162,0.135677430471628,0.07402421576047488,0.1222174002416217,0.016716620533390545,0.0754543483810761,0.1234742624864525,0.14582738332607634
0.08798936445616182,0.19587620797824123,0.15562484841880844,0.0036691036479196944,0.16697347412230384,0.07932968687155076,0.2080794153114377,0.026928969368466893,0.05403749470799662,0.021491435117113083
0.11867886397067055,0.21458680361515622,0.0578000174178881,0.14419067427471,0.022337276530013078,0.004274212409196416,0.12830398289833989,0.0974261218592442,0.0078949929434914,0.20450705408129025
0.10620117560036073,0.029323032205014823,0.08041826618818566,0.057366304791286765,0.15125551348099095,0.007357410855621443,0.10809908795766719,0.1548013549371508,0.10540922418002781,0.19976862980369378
0.11717047263203889,0.03931206928725215,0.01147689095273157,0.05489037973580847,0.1355322340446514,0.11608785383111664,0.1628872686967306,0.08943836190638794,0.158943811522045,0.11426065739123742
0.1820499078358174,0.024268708812759027,0.14740858076303873,0.03737092757168684,0.1021345602061931,0.11333540546473152,0.07722542114557769,0.14561392329335476,0.14833719609003387,0.02225536881680702
0.11898288805926187,0.199195932669479,0.15305879724673627,0.12032563621573511,0.0693214175083224,0.10810962118964766,0.13078066030593793,0.02739950672799276,0.06984571760119167,0.0029798224756953364
0.14808353521006454,0.07086183370448104,0.11650284533578997,0.19965049082452288,0.12838020349993925,0.13149826966380826,0.07524281026124907,0.014730934447578982,0.07122742461736929,0.04382165243519669
0.016922076545309576,0.13124965837050587,0.13395077302922584,0.14828084256268423,0.13591890834209894,0.03708982272759221,0.12963087247118768,0.12544354613994524,0.13424683404085844,0.0072666657705917756
0.06712813243048359,0.08405874989668177,0.09750220374603731,0.08927331602766171,0.11556250073509332,0.03457054784097541,0.13838792459084065,0.13076101300227833,0.1537744753073471,0.0889811364226007
0.19321540593020092,0.026320022350958053,0.10030039337885212,0.13002906160907352,0.08033462579883688,0.08785477466543297,0.10341859334118063,0.041183963530073205,0.09338627915350346,0.14395688024188827
0.22337724163238482,0.082100121010714,0.10919300084221832,0.08250204010308818,0.055330587205404014,0.08398481176686003,0.1466567609124493,0.016852644210249023,0.18671732822881112,0.013285464087821169
0.16254516714712608,0.17190754679288497,0.03946240640899293,0.07162915230024912,0.13281574515491018,0.10894781700392314,0.050266310132243586,0.1445495436606679,0.050710532863390154,0.0671657785356118
0.08469675675912425,0.13248208675438486,0.07557407732640112,0.08092680364815538,0.14258260522242489,0.1438931386058079,0.045184429531786766,0.10336876810723776,0.13299068046992893,0.05830065357474821
0.17355743107139804,0.17053241470637717,0.06391477820328481,0.1345191753340255,0.08480894129900204,0.08299329933635632,0.059238044453301456,0.14682208317920084,0.013781518966395897,0.06983231345065802
0.06646955754997454,0.17566542545272704,0.04366987686693222,0.059815874544448276,0.10821773798016601,0.1921863301345698,0.09950974883749523,0.026851006497556968,0.008203220756307542,0.2194112213798224
0.030206344663058354,0.15683665640511807,0.1282072170158712,0.01088238304652856,0.04162089723651112,0.05889995550987708,0.1241162345396844,0.18310112445201226,0.14998851583126963,0.1161406713000692
0.12353922116383544,0.04542346975592316,0.06182857900297086,0.12196111921144355,0.15804071081716034,0.020808426883171204,0.06299250828721491,0.09633748581504524,0.15085786268114304,0.15821061638209227
0.20640096322071363,0.04113180508023138,0.2231329661455424,0.0610207369486266,0.15210370248057,0.03564846198775201,0.2014574875264434,0.06440024840272486,0.005550682339525983,0.009152945867869593
0.06484304028650809,0.10637720271022062,0.15368685512263114,0.10312128208472557,0.13588049965038207,0.08681987034876436,0.022301580483179824,0.14318097460003065,0.029605980846542004,0.1541827138670156
0.08772811724633459,0.0551751236170872,0.23407805279629096,0.116928911653003,0.11369612539280312,0.023592234897202642,0.06135563299436405,0.06919577684233472,0.0758341222315944,0.1624159023289855
0.10090741808608283,0.15454963165897476,0.12735765934165386,0.07423380074828548,0.05493668604942579,0.14030221930597642,0.0870347782741204,0.08740054887576013,0.11681258872629445,0.05646466893342577
0.026836137803904855,0.2027276585236517,0.1581700529892313,0.1994537152695041,0.02650637395735541,0.15747474716896862,0.03294442517030548,0.09573366265994498,0.04117723811167293,0.058975988345460625
0.16875308958524057,0.14208780872060767,0.005704422160979566,0.05027656234362976,0.15308057983321824,0.06390884215116933,0.0902504215672606,0.013652982949121942,0.157680529536351,0.1546047611524213
0.13857598680467467,0.1755870874869287,0.11142639858319564,0.0065555930030352086,0.16795065102183926,0.060654361825577305,0.08484224032762946,0.06433228916974844,0.03770880493465803,0.15236658684271315
0.1305991722796646,0.010719592244857674,0.09855714101150928,0.017311527974851817,0.09388347663240941,0.1018621694655571,0.11731519977160836,0.1781678589445436,0.06262682757616728,0.18895703409883102
0.06617457888782499,0.07441039535046604,0.019163308899579012,0.1735507395068772,0.05810043329094592,0.07107451657499458,0.08521205342631374,0.061408058341686333,0.206947496795561,0.18395841892575115
0.17603307862071962,0.1710330972778306,0.055538511784365696,0.10488053678378363,0.10646309496079819,0.01998511954902354,0.0784997570422661,0.04383656595863189,0.1673994941585073,0.07633074386407357
0.09750327838775857,0.09956221554868484,0.1528971092081363,0.09620800643759025,0.08684704410838864,0.14722896329341212,0.1500469362316373,0.005212720024420721,0.0264567343821785,0.13803699237779282
0.0033898425483569277,0.0512213200064424,0.09551334049652652,0.15288819965856662,0.06682146741472894,0.025346291252253492,0.13353604016664453,0.17521864793042907,0.14668177780024247,0.14938307272580914
0.07337212613748402,0.11254394411920424,0.1886964620862546,0.2079122953922594,0.005601903734264207,0.174233434354,0.12852804612614518,0.006562020021688903,0.0366095184450679,0.06594024958363166
0.2012989372906023,0.00016873879352285721,0.11901104839618498,0.05884918425091773,0.12019093537744656,0.061649482235489494,0.13268602831227286,0.15327551953305982,0.09281369681040882,0.060056429000094655
0.06887948750561089,0.12065883504122125,0.20462867580410696,0.1148585906935052,0.1904686755721987,0.018448098822858063,0.038336565674167676,0.024242709196368648,0.1170413946754538,0.10243696701450865
0.10986086211409177,0.029818455594427872,0.20274578936133947,0.001305303885647276,0.03575528635778878,0.020078254104300725,0.22730894827042072,0.09492491915721596,0.14002591947870602,0.13817626167606153
0.09846163811359811,0.16871078361480202,0.02678746811751616,0.09820903968594343,0.05867948893098862,0.1447610982852168,0.10699036127956477,0.15362357451430256,0.013306198757824583,0.130470348700243
0.14210782413713183,0.0639919223462423,0.15860529255479208,0.20787034952218275,0.015738797736469516,0.08616802926730789,0.020043563186881257,0.11806131962616549,0.15619280653085077,0.031220095091976083
0.00236737830446964,0.19716229856051035,0.17571389225265843,0.11525303376552762,0.05822126692243799,0.08996298275027007,0.06197387978847732,0.15457891899029613,0.044194992290077964,0.10057135637527446
0.06067508784758874,0.11285009274723203,0.14874447857343662,0.1045755977446993,0.041498125834727666,0.1113541701088112,0.153291842544171,0.1102143290991577,0.13515161758991726,0.0216446579102586
0.18931142720215502,0.009872976930554509,0.07228003901159097,0.11731914818308893,0.040817190755721856,0.10032065815481671,0.1481171297751379,0.16596711898631406,0.15568905483218465,0.00030525616843537216
0.06734166374189796,0.06490249163959556,0.06870586100576972,0.1648358244672425,0.15623500989689318,0.09250564466376335,0.03252915678746013,0.14749420843743527,0.08223137570284994,0.12321876365709244
0.013677227781664195,0.13150222059290395,0.11986081250980249,0.13970960149361483,0.15194620203783626,0.03789400189393531,0.09514287445803556,0.05497712784726601,0.24741465572810142,0.007875275656839978
0.058884654757192435,0.012022898529913117,0.11228698139490365,0.0913594378664656,0.17694730025649527,0.14408974387789533,0.12709572635648891,0.015656210034725105,0.10421040975666622,0.15744663716925433
0.13102720960000744,0.17038007230564253,0.1417773089612936,0.10301405254438781,0.14052487856967166,0.08980603777873421,0.010445967490247107,0.10461414649590245,0.04399254381555959,0.06441778243855363
0.14403992907392138,0.02053891531816983,0.037011812417907373,0.11343139975795087,0.19460393692006836,0.17494418576929965,0.08876407525761545,0.04764975659699686,0.10458644811479609,0.074429540773274
0.0012445267788700122,0.10991056459786136,0.1573659510585612,0.20626387136451807,0.0015273063973300373,0.18395779071309695,0.03637653329173449,0.09613703981256969,0.15111093509917256,0.056105480886285544
0.11493824703647375,0.06913148930657331,0.13537356065549028,0.019623935783870998,0.018531378810510736,0.09044231111240517,0.2197967671375767,0.08530092025901442,0.09229796929912028,0.15456342059896433
0.04628916360917609,0.0946305670840331,0.1280794886124154,0.15244737165866745,0.11878812136831915,0.11862964388734241,0.14245550972275395,0.08940037122903204,0.05481928777423171,0.054460475054028845
0.08714567301637063,0.11656735184734074,0.019803754160604092,0.17819925516424,0.028515400961325127,0.09869292728483524,0.023910484304298107,0.12464966747495485,0.1392746552576414,0.18324083052838983
0.08903036249962622,0.011793948957839749,0.12537713452002766,0.12272865619958467,0.1394489107619893,0.04128487169459553,0.006224305507010667,0.1918403171298066,0.18984676386202556,0.08242472886749411
0.12984072737456115,0.02526827187328373,0.07009831160942201,0.1318047717521095,0.03879012262209828,0.1956712639669096,0.11178994254013229,0.04682131114587803,0.10215144423408029,0.14776383288152517
0.15186728351680626,0.06375599697172267,0.06124282139480514,0.012481076612561386,0.1420244979471411,0.11601166348273811,0.09771767764628835,0.10275731419906262,0.10819895194294031,0.14394271628593405
0.019971481987226262,0.04654435370198461,0.1394815936991169,0.01990998735084565,0.1601548439089147,0.11649758943006819,0.2446690713555476,0.0151393463004364,0.1788023357680132,0.058829396497846506
0.17495243974939004,0.08221948086928574,0.08250258572728876,0.09821941453278633,0.15276817479433785,0.08583384920760768,0.054610645859112496,0.024711697336914428,0.014399732736919527,0.22978197918635698
0.1140252332258953,0.09289956120566562,0.15744015179839355,0.13849775719727053,0.12538324278816124,0.03642909976907791,0.15378996676050158,0.020369950384945566,0.09384916816842463,0.06731586870166413
0.04060230941451874,0.027996052090227205,0.12224732015643165,0.14555583573083294,0.1941981091714881,0.1194135959668861,0.012763273113310518,0.13689178243809327,0.04450215423374487,0.1558295676844665
0.07689272255519136,0.1107257610333898,0.0897648242906238,0.17405848427062867,0.11610540702764313,0.10332257990305936,0.05986590530590272,0.05300714404577186,0.03934877007224618,0.17690840149554315
0.1362621465985942,0.004685205676208434,0.08624329779706108,0.09689753045747011,0.14286369353098177,0.06509689741867311,0.10585837798111176,0.129777098540273,0.13394888984806627,0.09836686215156033
0.02867931116358712,0.13893166369237844,0.1463058246801438,0.12059335725132851,0.023354074016809088,0.18498238295311298,0.14627302959904087,0.03302056990533416,0.01147061439404392,0.16638917234422118
0.05050314145270167,0.07187913044714915,0.12000042452290899,0.10622205529571696,0.09794646180961045,0.13526231761576915,0.15228584118685523,0.08452295411317105,0.12730558600889963,0.054072087547217734
0.24753371986710496,0.01341277788658007,0.09632683952267528,0.013462847550209621,0.24813457864610675,0.19260172063895567,0.09666741473454037,0.036956588427880285,0.026085378720976785,0.028818134004970127
0.13726987973189295,0.1652711304941581,0.07815406821189719,0.07995006535295959,0.018105520733809805,0.1431206656436823,0.13916220351394504,0.056526780829270096,0.1582786005135165,0.024161084974868567
0.15640143073557683,0.03486654578987427,0.054666907971711726,0.16185833405611036,0.02134563981265031,0.14990664751387925,0.1293216139072881,0.14947447503969405,0.08890319839066838,0.053255206782546693
0.1381972168448472,0.02544658661669296,0.13952695107714383,0.11257873437096905,0.12198951790435295,0.061423541581304836,0.10372446608919098,0.06935863556123087,0.15951001885203425,0.06824433110223317
0.08769539160442422,0.07239756335217998,0.13072892423025023,0.12066015201667006,0.12345753791839208,0.10200259432252212,0.09900518377711467,0.12582566757593622,0.05476360012143033,0.08346338508108019
0.07286515735612477,0.11872514776443745,0.05240461592511467,0.1697006045260352,0.026310360023195173,0.08869145153297744,0.07098639983922098,0.1235563474568521,0.10798594208753759,0.16877397348850467
0.09349320004581876,0.00799719035807629,0.061301686319515845,0.024527410157017367,0.049546800306475444,0.15360872523332753,0.18663478166870776,0.13158992520918775,0.10464431697718027,0.1866559637246929
0.11753150616403892,0.12349034468227676,0.03389740822979976,0.10751892247553536,0.06136275166590084,0.12456711712695165,0.17753312749084324,0.04371048287831947,0.14901802356138447,0.061370315724949505
0.09129781903668868,0.055418880448034856,0.10151681523826643,0.1680885909341272,0.149183615228417,0.16312552495152488,0.12855880991182128,0.05296446169626544,0.0556002369771169,0.034245245577737414
0.11303826279271975,0.15702332784094566,0.11194399084196521,0.11467788748843405,0.1587196894326349,0.14346809605241342,0.08115156265985077,0.019631864208649593,0.09082823040098324,0.009517088281403394
0.036696441339572256,0.0710626194744241,0.051968387900861994,0.007501986730018072,0.21141393645975978,0.0380905665399911,0.23155295456378786,0.07749776046146163,0.19311542861536407,0.08109991791475901
0.08430879233217148,0.05135282174122933,0.03928528757929806,0.029758396299163496,0.05805031014367577,0.23950222609021132,0.2668622368575446,0.1125917920319649,0.06565048912988392,0.05263764779485728
0.03791470360967796,0.16973872199854678,0.029961888501042377,0.08668383066726441,0.17011151148304465,0.01299606037648976,0.17336778564065392,0.14895696988301388,0.004479389924475777,0.16578913791579047
0.023622432991397355,0.2004052347979087,0.17905513192464564,0.10307877973250515,0.0797841807678767,0.06935899863325301,0.016768886450395357,0.22030606115110277,0.05526909330699901,0.052351200243916325
0.1310254343983903,0.0034904374839977857,0.19469990679593313,0.047687739383840744,0.01087744360163857,0.07364210342122232,0.23055070282702186,0.0926290166756902,0.16824633251464793,0.047150882897617125
0.028107617490014957,0.18588816970890557,0.044577699561485634,0.02978212312858104,0.12338332443329385,0.13654516568377942,0.18346224146029214,0.06841272464898286,0.18252093494048907,0.0173199989441754
0.09985697125275904,0.07099351147800884,0.1520675058596322,0.10804685980922177,0.04315351445252176,0.03423564879076291,0.15348395281220342,0.17057575133572078,0.014443200204788965,0.15314308400438026
0.13869629454339857,0.13932372687307018,0.07802542306762955,0.11999878222816589,0.014864165357996978,0.027890739607162165,0.06033855238308709,0.18354856632547997,0.04691751999804105,0.19039622961596858
0.06824554879509509,0.15171592392200856,0.1457325693869728,0.15774207835736911,0.060957191285403674,0.12009808397082575,0.051105466915149445,0.01000530831798921,0.04255496453998378,0.19184286450920263
0.18331335924425815,0.005466285518095717,0.02308728818010141,0.16295796445820995,0.04601805850578241,0.07840189164359107,0.16316047557051022,0.04848745145249725,0.20793269062400238,0.08117453480295145
0.17575003291332802,0.08243101800762317,0.1482550550806933,0.053768313830771325,0.02111425944114883,0.09331969267602125,0.15497595952261958,0.05937347557324852,0.11408862071252224,0.09692357224202376
0.0669389802690696,0.012416757755300604,0.009465966549419454,0.1073054927024779,0.09050765021439638,0.18878756410673606,0.14463716401220716,0.0664229368704806,0.1915052955720531,0.12201219194785924
0.09542050359249937,0.12233488457692605,0.1530595949223199,0.10303382328432345,0.12035404589664425,0.14639872418752595,0.058874406442800536,0.11269073515165193,0.01637453197330147,0.07145874997200717
0.030148474695411986,0.14165842928358566,0.18031185380993064,0.11611639960212831,0.05812962683306403,0.15878319745376787,0.13636921917277606,0.08238618546298898,0.08315387171232817,0.012942741974018256
0.0049292005447213365,0.17841735686087773,0.06691836087932668,0.14474415684711445,0.09401827678981295,0.11812256738565562,0.010337619972930477,0.16327871812849992,0.21049115295727558,0.008742589633785415
0.11505119231504528,0.1375912607755462,0.09569897925923655,0.08709469641476023,0.021212817013875025,0.018281026840645025,0.07960084133129507,0.046826774798436256,0.20203540236492634,0.19660700888623403
0.054195073633766376,0.12226556896580841,0.1539914138147305,0.04203201269743373,0.17094193806902133,0.07114094051359032,0.011293046525925138,0.12976719675727633,0.16418608484683483,0.0801867241756132
0.12148395928027023,0.1571943396827112,0.07580590969091466,0.032651953380242286,0.13067795320641784,0.22023868927999066,0.15347409731040246,0.030302394955638048,0.0003866598310675023,0.07778404338234512
0.1386762343345376,0.1408162773703523,0.058334816287600816,0.09109686766516417,0.08733328773591882,0.0670907534594489,0.006444777743269374,0.14109691494389875,0.12975558670992468,0.13935448374988452
0.17206697996329856,0.11577020620332179,0.12215861574111941,0.09201958481275076,0.004463396990180242,0.08162006890336986,0.14908595983488995,0.07089584607335288,0.16825643251164799,0.023662908966068485
0.05863168737406929,0.08787115092381044,0.07876808166437452,0.08233161126528564,0.17925017905493693,0.08577927315637546,0.08389364860391844,0.23324403408260647,0.0565683845785176,0.053661949296105266
0.0755129454068851,0.0277468913285193,0.1085589323673069,0.1400847317912113,0.03416617459860961,0.07232935772607546,0.1836556761888329,0.1725386466308972,0.08405095384758178,0.10135569011408035
0.1137498133207648,0.08787763870381865,0.005011372384940834,0.157030197838289,0.09447039045110246,0.1796284282831325,0.04132460238084446,0.08611706215720148,0.17011346687251375,0.06467702760739195
0.058769479286814606,0.060013860979644784,0.09412201476972651,0.05634583774093771,0.17877135651783055,0.16033602703518274,0.007104318106183257,0.08406198479205491,0.15348688554663475,0.14698823522499013
0.04151390665518347,0.07549587639463347,0.057542946039686724,0.12385262675850768,0.12462842612062032,0.12968850773761464,0.11117428136777929,0.1427344663895515,0.14678833944747707,0.046580623088945824
0.14706054965500587,0.08875054601889713,0.13394504136733068,0.0872870579664398,0.03569075240685189,0.12057428104442106,0.03513031068743426,0.10383066917127719,0.12317943092661882,0.1245513607557233
0.06850998332631572,0.036273300963622065,0.06696668511471124,0.18189447863458608,0.08715859661301793,0.11982869204390229,0.08366045810882067,0.12864966326744612,0.11877092629021198,0.10828721563736599
0.0034987594901715663,0.2010420590927924,0.1357943105023761,0.1515547628399722,0.023352872557192834,0.07298998869192613,0.17539675145898906,0.010828501526437256,0.1306597627583278,0.09488223108181466
0.08559657135690825,0.1424676288173122,0.03534149675302435,0.07733588275062094,0.2523276009750705,0.1996514391271319,0.03878349225437701,0.10458734303440466,0.02028737483738982,0.04362117009376023
0.16539626055167905,0.10584803867124185,0.0061474751570204916,0.15464108843384133,0.1781244038271502,0.0689320925263198,0.1431329398712834,0.09491071271477491,0.06034116463985074,0.022525823606838125
0.07160720253373208,0.08295695064935053,0.1372049257859112,0.09428869698668675,0.027900974784888195,0.13393851516677735,0.11496239897600147,0.09905729532571121,0.10240435267821905,0.13567868711272207
0.1523027818764535,0.015581021081227175,0.03893456997760804,0.1666276480809266,0.06187619854538983,0.14697573759343904,0.05823638951674845,0.11682475821412133,0.06634277415621317,0.17629812095787292
0.1594531841173396,0.07376162320137941,0.05877930858573295,0.14629498178414801,0.15387757360410192,0.013059495174681513,0.01982449183091201,0.13056627162117782,0.09156787399571999,0.15281519608480673
0.17394131134323398,0.049903465369689134,0.11332286335180873,0.03539160565440441,0.05119824237781555,0.11491405980904904,0.12619854768438868,0.18803931541828683,0.014816346403789423,0.13227424258753426
0.013389957117609212,0.18123592767397634,0.17002868608253768,0.03633154270757542,0.12578166675101252,0.08136047394620782,0.19662765904984067,0.038485529361313844,0.10737457210608935,0.04938398520383708
0.09665714947373333,0.04225335311202507,0.008690071608418103,0.1631432820493112,0.07046481129365822,0.016132923527285795,0.20145553099237315,0.032686754532377335,0.19792395613493807,0.17059216727587978
0.043896709465431186,0.07462732965900949,0.13519080217723134,0.017941442579528885,0.1585808830594779,0.15439188010982147,0.04751916905491197,0.09352040789119273,0.13770205911878255,0.13662931688461236
0.029164322555238327,0.17212521909569659,0.04964377865727371,0.09955273841900183,0.14272732050609788,0.01410541476633811,0.16473639946809923,0.10149333039440397,0.06572927980991643,0.16072219632793408
0.06223589901474332,0.1875257281284125,0.049926446807926565,0.04746745255048489,0.17122281416001814,0.15073703331058877,0.13026811784863304,0.06437689443801209,0.08503241446713952,0.0512071992740411
0.1823455555857663,0.0880183380217557,0.14848584343953547,0.12396158115097981,0.11714015198143397,0.06716103413264812,0.01124671210657249,0.01826701227618221,0.19599095014875637,0.04738282115636948
0.08232102274604557,0.17594450549675367,0.04935478373440077,0.04249730941626008,0.04710903077588961,0.16932659720835,0.02511096889863308,0.14440252454868677,0.15691174472163666,0.10702151245334401
0.1697586911907276,0.16490132202562607,0.07148613440453061,0.1295814066954967,0.16048336152791567,0.016546748458807742,0.01744442277012197,0.06960070929685751,0.11885667186146698,0.08134053176844909
0.20193344835240495,0.07809251063125607,0.007145175638860057,0.11255006850673183,0.006575257053969728,0.022523942681859487,0.16811779806581884,0.11550913379826958,0.1248001303990369,0.1627525348717926
0.09782873057425451,0.012255620618855583,0.15694415842298337,0.17977569702826904,0.07274022545273573,0.036341613195471856,0.10522356603161213,0.01379978904222704,0.10515804133794926,0.21993255829564146
0.1530202740255967,0.0550791849624613,0.04494789834314074,0.014142908719540203,0.07889564141693395,0.12672729805304364,0.09008270836427508,0.1613373725736177,0.16598296231018844,0.1097837512312022
0.06496515683813803,0.0334525452702031,0.13398207265963824,0.13588020563533282,0.17153430433373298,0.13219570106513462,0.07895693460996094,0.18170812809707815,0.06654018827159987,0.0007847632191810872
0.14189847152528423,0.08512089697785051,0.15625707975206846,0.04848125030780503,0.07099705645910089,0.1313762550674355,0.1424193079467001,0.08813930293089213,0.03956231541656084,0.09574806361630238
0.052568446656044716,0.11946505520542304,0.1376590214058548,0.1297327496027766,0.1446042006264217,0.10688952154173663,0.08727771682674094,0.04235939612977103,0.045005214255771836,0.13443867774945867
0.13969054438564046,0.07157719793450336,0.012129817966052673,0.008069113795141858,0.1176087914550322,0.03302135828091725,0.003482145277497909,0.19340118102912474,0.20126643698209132,0.21975341289399838
0.003632400435911305,0.04007435657120358,0.02426652874447717,0.18041855933725606,0.04911831584341033,0.2610089457299647,0.09886671116484243,0.21388416387863254,0.09546409270638921,0.033265925587912554
0.132995720516875,0.1649330820496571,0.15531061136418597,0.10969575423562775,0.10885053435404021,0.01714353170888847,0.12926114368469838,0.014439280722113295,0.007730707913237678,0.15963963345067617
0.17261609447903517,0.048084013797599835,0.06671618933502022,0.2162899866194105,0.02603935177403578,0.19892127164494142,0.008127013949214286,0.10425347520121646,0.1066501868998674,0.05230241629965903
0.009870527621878756,0.1776995188951048,0.1942335321024673,0.07629449639766583,0.08170506679942706,0.09773163124477326,0.06945039099426867,0.040411589767790856,0.14078061865585023,0.11182262752077335
0.10491347362462285,0.032257790057514425,0.1928554366655523,0.07181510963621775,0.11732407795136458,0.018237865333683684,0.19564858033187052,0.07207710769072706,0.02710984025454891,0.16776071845389792
0.11151155332865749,0.11181614622576985,0.16085215121795488,0.09731153463347515,0.15631066234059904,0.09496276365663198,0.11255322786698249,0.07361838506794931,0.023250311478118287,0.05781326418386155
0.03934810337590352,0.029075936248047825,0.03647785374171366,0.16326794990527005,0.10955265368949607,0.12501630854952478,0.0959708151195284,0.11438419012685953,0.07819818165644751,0.2087080075872086
0.08834249195725487,0.09779682472908473,0.09503391497352813,0.13302304526682673,0.09044150303361348,0.09671437270829968,0.11613112041102605,0.13263758332012363,0.014034471439499232,0.13584467216074347
0.15544791277249673,0.10968658166711706,0.08607632707997234,0.17443386003734745,0.007241082777866785,0.03751713444087925,0.1337866014192686,0.09713723215947259,0.059059231824735846,0.13961403582084328
0.15639831428922837,0.15443785505763175,0.1792073571076082,0.17125547998130417,0.1240907352438892,0.02024715469936512,0.018672346260107227,0.07250818482072356,0.026654045288909384,0.07652852725123305
0.16658056506747773,0.08935117132464376,0.03127016757782063,0.04758291787507934,0.12600944559050806,0.1554481370430369,0.021958140522131596,0.15707105530605683,0.15101657691023396,0.05371182278301122
0.12289480335988276,0.04172182131895868,0.03854902189693866,0.08235905711879109,0.08400320232700756,0.10963013766025809,0.12547973487988898,0.1931126889531464,0.11243414055806765,0.08981539192706016
0.17836563433128083,0.10564621860902053,0.009344875533379995,0.034226254609941956,0.1640399718648548,0.14610456982118658,0.1437106440954712,0.1255810737795856,0.04932820228249271,0.043652555072785565
0.22032183053646104,0.21185144645181575,0.04123895172275725,0.042312992291497965,0.038802573116990965,0.022948951839907347,0.2730315575394841,0.019437468009680266,0.11590386284404598,0.014150365647359388
8.178781788609972e-05,0.036840204491392844,0.1386555857656369,0.12623451160258917,0.13540491117462206,0.13849659315045462,0.11675450451829684,0.09263477053144398,0.1257209423677294,0.08917618857994801
0.15106797741967581,0.09858410080707083,0.17108220276170857,0.1519621593833952,0.17475805021872653,0.08669096412544347,0.0031325993566671153,0.08232099372123257,0.008764855044295588,0.07163609716178443
0.12667018095301533,0.06503566779143918,0.032809680175666246,0.10030565006940781,0.06101157817164072,0.07151909142560152,0.17031188503047806,0.13902705548575003,0.1197075084196906,0.11360170247731056
0.08622796309206467,0.11526036796939966,0.1626976769850297,0.12337056237821961,0.012751663500783557,0.191188720758065,0.010862472174987745,0.06377891164443249,0.18229726414519076,0.051564397351826836
0.0851410879855478,0.20862976916765688,0.10485901136593602,0.09710295556705037,0.1323511308662157,0.1022055150976731,0.003893447830361172,0.007250693736857137,0.12918478485653728,0.12938160352616454
0.04713225049182475,0.10007824185669507,0.11415551059272051,0.12834704737441383,0.0945719662857977,0.10100392726168758,0.15742692393864144,0.08602571697657102,0.08367617067747221,0.08758224454417597
0.17809210165119901,0.08796385191350042,0.0879240561323976,0.12364355824064749,0.010842254737344967,0.16508978160699236,0.02692082139405822,0.1702160129606846,0.03384912980539389,0.1154584315577816
0.034104608608153265,0.18560878462630795,0.07946087682556326,0.07470098347703545,0.17943169074111395,0.004750315492809893,0.17921970275634577,0.12885815754117563,0.05284118523506085,0.08102369469643399
0.12353404177835894,0.05201349841912683,0.0036224379327010575,0.13678374991286188,0.23185548932321257,0.06303244672718203,0.0636574092477711,0.17128648597914625,0.0995135555166326,0.05470088516300682
0.03801246875823069,0.15927913017634016,0.07337890269636876,0.10378949703218546,0.13983503540756895,0.13006359626118236,0.1573730740387513,0.02481503232990154,0.10689780258181529,0.0665554607176554
0.09705099298624777,0.12585729920569413,0.0116544232471231,0.033049501627360985,0.14418045389104445,0.18490344337104309,0.15598346845546987,0.10086339271159567,0.0993484010768022,0.04710862342761869
0.0973740187099406,0.05962577536596871,0.12840666209569118,0.1426052084035738,0.13758619164246286,0.10019503493892948,0.008268033960901287,0.09488195274749119,0.08277439910235498,0.14828272303268597
0.13284932703268607,0.07528738919573473,0.14063107603863892,0.05798186582539171,0.08805548190318221,0.13912429936684562,0.022194613502428004,0.10890503062334324,0.12381601002878742,0.11115490648296217
0.06362856735018024,0.08225576345832503,0.0917711211929344,0.13089990630303858,0.11885731034361804,0.08033628834019706,0.13036200978749557,0.07241883400705268,0.09759598713465632,0.13187421208250197
0.014702607629419249,0.06908198074792989,0.04255607347437819,0.2576894688499871,0.0044226604997026275,0.20689548293892734,0.019757638270741385,0.21644244915683364,0.10948896559830348,0.05896267283377695
0.011520180966278562,0.23277210866897893,0.016822642536357797,0.06868568823467446,0.23596136708926976,0.22307938933651755,0.02823203198869954,0.07649580883037352,0.1049395613313636,0.0014912210174861044
0.010920295755262523,0.14962022493361707,0.04590602827134197,0.15641906634384767,0.09153115014204105,0.11768612711402522,0.12086563367871464,0.020509065168038826,0.16873889033905334,0.1178035182540578
0.17763911550681546,0.16808898599354843,0.028731193927296304,0.038693182007199345,0.08542714846799342,0.13776124007909182,0.00568173558571833,0.03700498695615737,0.17992863488001298,0.14104377659616654
0.17131763447362583,0.17688033681499143,0.025217143622655494,0.08818127569895343,0.07592775155359391,0.03561383816712888,0.0023465481825930275,0.0415912129392474,0.19513364089084229,0.18779061765636826
0.07275812205516652,0.09748646251122187,0.07783207744185847,0.13198319640289696,0.11433048435843148,0.1535057277555943,0.011623000209417466,0.15594558662420346,0.10131836256970714,0.0832169800715023
0.12401222751549638,0.007796296998964389,0.15913482459873282,0.003683208507859993,0.009387681698541555,0.14050274898273382,0.15818446505364997,0.12253962757404692,0.15293057377327926,0.12182834529669487
0.18217477865108997,0.038638996420613685,0.06888596061648515,0.14633700595295915,0.024639873076757166,0.03719287818538289,0.09033648318327465,0.19753616678967106,0.09783519129854068,0.11642266582522559
0.026476841692146095,0.25973380240830224,0.12721759701871374,0.074619473480639,0.10600993558823606,0.1403934146224267,0.022692939936693454,0.10948553553071233,0.07643380847481786,0.05693665124731245
0.1403826610331152,0.06880423674488582,0.075598288736995,0.1179359971773144,0.08066081593001363,0.11024347102927283,0.11849829819058541,0.14060959595456687,0.029577827031489506,0.11768880817176124
0.0864023122301925,0.16546164654181908,0.019840491687292315,0.11314567040161717,0.13320225464349217,0.048199717509443483,0.16873227120406578,0.0787966960733729,0.005051442265154636,0.18116749744355004
0.09764752906688219,0.0034613799486941303,0.06378628993060598,0.057943104471199484,0.005519462421415804,0.11465477772363895,0.2648124374641744,0.07891536539432648,0.2360662281769356,0.07719342540212701
0.0757567646579943,0.19031757261609628,0.11961319018098324,0.12495429203436373,0.02911024204668161,0.005703396117983913,0.17500734569337126,0.11556654418288405,0.06171623398909149,0.10225441848055011
0.17177544403097839,0.0978092016567962,0.14240542872195192,0.18842374686830254,0.04144890936306476,0.22482442803316274,0.011424910817489526,0.028932617661089434,0.04413092649026591,0.04882438635689853
0.10488857412876729,0.09249949100040424,0.15450555695773446,0.0970366952948377,0.10783001025193904,0.06636910324248255,0.03192072966533458,0.09070218928476653,0.13856982055801115,0.11567782961572233
0.015909503217774897,0.03522393913465378,0.01204888755991487,0.023113358614046158,0.11887902331357808,0.1795386012639296,0.18667682876269284,0.21235511391924547,0.15474521034501246,0.06150953386915161
0.1353103976383079,0.12427145895298133,0.15872134461408194,0.07123748319395247,0.1597287314939652,0.01399405072603536,0.0069100314791518055,0.11444310712058445,0.09748548650144914,0.11789790827949037
0.1913655309050208,0.05829716920699226,0.06590830606909645,0.05819839517805862,0.12037242987045053,0.16166777673413185,0.11930065587555252,0.05891776625311519,0.08600421133456038,0.07996775857302134
0.14409460440188193,0.13569169489837934,0.05503749259825932,0.17123613623650075,0.08081831122699214,0.06795683990329701,0.10478082012902737,0.1794193060659807,0.05923717704113374,0.0017276174985476202
0.05969648993076167,0.14169081275268078,0.15132814275691417,0.18518032265583304,0.09687410874472882,0.15452989401722272,0.044109333290829236,0.06676185037699524,0.025044899194009543,0.07478414628002492
0.1648122229950438,0.08397595306733174,0.0026284827375731034,0.059260399153472997,0.13457750382705375,0.10789605013755947,0.027404410548313156,0.06727820721652863,0.16767841575328718,0.18448835456383625
0.14427429571043776,0.040010686452048465,0.04493928786188114,0.2368901022845902,0.1771032841193683,0.15313985422121418,0.15541688950335636,0.0172290026634052,0.021046904503387438,0.00994969268031083
0.16393982867459117,0.1363747286705074,0.06865987442428015,0.0317016296205988,0.07464344554709813,0.009379083394850251,0.1585265801202176,0.10775803107050225,0.12376327568803538,0.12525352278931884
0.1281756355535569,0.06792039755393232,0.1505114169871874,0.03148847771775961,0.13847605603023794,0.03920612241959933,0.12554628300168563,0.09992837390663704,0.10394648734640184,0.11480074948300201
0.1323967752807686,0.14250577487974392,0.17239467282481635,0.05178936010205596,0.10450209558100637,0.01608325241385404,0.10043373132174141,0.09178684228780586,0.11197611239146604,0.07613138291674146
0.04530240380543141,0.0484251207103719,0.10300385369812902,0.17676883862972653,0.07648444263852933,0.032848038653837675,0.17817878237501825,0.05767532331938671,0.13975447881885486,0.14155871735071424
0.24081324698139678,0.09503564746871276,0.15418482644518267,0.1427295258690851,0.15291282575862555,0.11398018699333849,0.00886936060095221,0.05313257065319267,0.002319929329004994,0.036021879900508834
0.006153131484071818,0.0714463893374569,0.01841607207554885,0.2805385641817964,0.10360526505810184,0.2379511578451215,0.11571049010784122,0.00455970991721676,0.02109434222620638,0.14052487776663838
0.034850068444563974,0.05453202634912531,0.16819903052142687,0.028695500860647042,0.1646143808155925,0.11847293712269438,0.1282737182744495,0.07883740290379054,0.11309765978098787,0.1104272749267219
0.037104785063001765,0.06432094818285553,0.1712773780586818,0.04712610636397316,0.18349142418127967,0.11223910134975798,0.1087942643674468,0.0030215923415332986,0.1558302234196814,0.11679417667178857
0.05827948658234833,0.004808421640421041,0.12610560450243385,0.11619167115220204,0.13859956167081708,0.09251444215840357,0.18949295858772022,0.09022519246206373,0.1376596442253983,0.046123017018191804
0.06540811176621886,0.056766574246028885,0.04659852188208494,0.13038895919369375,0.005976937032231437,0.09037408545252364,0.008344707419846848,0.19927995389401582,0.17496749294534994,0.221894656168006
0.14832070941790074,0.01748993934520756,0.1337695045648412,0.1254665369439276,0.014781676157147768,0.14075809657742883,0.11429703208806685,0.10658864279780446,0.1566924874874777,0.041835374620197395
0.062405819436727794,0.23598557975475318,0.018666003135404032,0.19257490921860002,0.03072811672702319,0.04172697116720603,0.0722210841242731,0.19917649201506954,0.060435972764792324,0.08607905165615093
