i = 0,i = 1,i = 2,i = 3,i = 4,i = 5,i = 6,i = 7,i = 8,i = 9
0.09803103526148663,0.07634341655653884,0.0808841939209477,0.1711107052035179,0.16831517880246832,0.1580155290750529,0.038537223398512815,0.055338909991041386,0.0021205987688820414,0.1513032090215513
0.17230983716114906,0.12701410711773906,0.029823623106351418,0.18162162076484537,0.0612713323119659,0.09492812066517821,0.16202565640671582,0.08860975752434275,0.0006731041265504701,0.0817228408151618
0.03169870271633398,0.18115000904534845,0.09686727639253098,0.1628462218168728,0.06700326248619815,0.07118176071047305,0.16325099254058983,0.044092923679445443,0.10030431507072995,0.08160453554147733
0.10192433222718957,0.01495759582163694,0.14675556448545324,0.11216275602186272,0.05866799034417974,0.12059955091299938,0.12754296045313432,0.02073220308146837,0.1532146816442959,0.1434423650077798
0.0505815337933915,0.15000290452155668,0.179501779264773,0.09531005547318855,0.007755970237158922,0.07130808035015689,0.1734798627574127,0.15884151716904596,0.003872665746350365,0.1093456306869656
0.14135037511127466,0.18613357920116858,0.05408809448975806,0.1548549084078534,0.10676614014475143,0.09150365678181198,0.09336757056122535,0.09112516146196342,0.07842242313398565,0.002388090706207326
0.05790553610143354,0.03976709796602157,0.0679689206747033,0.17622240241221232,0.11696255556068523,0.18258481541016636,0.002882572598605233,0.15500412974251823,0.04839646451290272,0.15230550502075146
0.0866637398154751,0.03787006707375979,0.12206785148394823,0.13754194741337966,0.0351851457375355,0.10631521169131544,0.025521994117678432,0.14988091006115456,0.14839519200552287,0.15055794060023048
0.019278050182166252,0.13757130691550795,0.16599113473174562,0.038258685655684625,0.18789054066393185,0.17634812897463956,0.01174281977070534,0.15467691477217374,0.015511826502280019,0.09273059183116518
0.013267000985818584,0.05654792622059222,0.02453314071554417,0.17610569526096484,0.014810814264427704,0.08564285571365302,0.2715064473362069,0.21517274223200475,0.08924349319560188,0.05316988407518596
0.12383446876448885,0.1250854464640142,0.036907942376103245,0.1460201683183472,0.19509875199913093,0.013923959037749251,0.07776178332895507,0.0922083607235872,0.10461742566873845,0.08454169331888567
0.08188871561000212,0.026037222942084336,0.11413486757832221,0.033260261886667586,0.184702493445433,0.16455973040359884,0.07036172418144003,0.07718249316363682,0.07862757865823887,0.16924491213057624
0.15709619510299358,0.033757791335402285,0.08004965431685745,0.1375013038282212,0.030765510645523825,0.03549694830751759,0.008092852636883693,0.14834551925595985,0.17260216080015564,0.19629206377048486
0.0782854097315656,0.021151588307137256,0.08705876720677375,0.1579171079522603,0.12919389544552692,0.029352123534594973,0.16557758532759329,0.044640369091198714,0.1460074365398233,0.14081571686352606
0.12087922277249843,0.16177186912570288,0.16112734894285594,0.06274528583667595,0.11668765737870172,0.08688598214035859,0.006305237377199703,0.09933261014886503,0.15392677586071535,0.030338010416426472
0.10830046702714971,0.10962469178181215,0.11299733389551014,0.23395584421077248,0.11816108248248526,0.05233007662286791,0.011434803496877206,0.10380378139733054,0.003095155094832687,0.1462967639903618
0.041299175057122516,0.1780214655679792,0.03348080306724213,0.026132140729337172,0.15503006183565005,0.17102003150876519,0.14776609710955857,0.12750168145388552,0.03633700198036674,0.0834115416900931
0.15179835974699682,0.2067691161244392,0.0773239698651435,0.03058062966921535,0.16724998727142232,0.05528671341297369,0.19245505435189267,0.04604018383386933,0.04462312924003554,0.02787285648401168
0.06227734393980727,0.11336289828168813,0.053673573507316254,0.12107089638713027,0.04544317965372462,0.1822015349359502,0.0582807817822277,0.17086769409782648,0.025856026006778873,0.16696607140755026
0.1351107870630246,0.0833739611506326,0.1393051760683741,0.13213356503197832,0.17853731899953432,0.025178522251597016,0.050820349622734184,0.038746068399557104,0.06751686908201605,0.14927738233055157
0.11798060033021533,0.11307316357201354,0.08951080387403623,0.01861887336873321,0.1595949861607841,0.08013443867110576,0.1323486313038478,0.06951198778228376,0.041286332078928074,0.17794018285805221
0.06657370423611374,0.16010750570758794,0.07278912266873584,0.04111392832388646,0.19495408090222588,0.047422518123794194,0.1334078225907229,0.06017981686709579,0.10336245800461903,0.12008904257521821
0.09149339182000671,0.20200296935862477,0.007156005909990066,0.11907089181325009,0.09671526890485706,0.03202185614158175,0.03801035231410686,0.1971625074972828,0.1141845090905572,0.10218224714974272
0.10766156438063461,0.14345736720612265,0.05590733532889626,0.03951877978144327,0.07802942077430229,0.0932156141244601,0.09020667068805138,0.18381193173157026,0.0719879605059098,0.13620335547860934
0.12266474252970434,0.009846505889775627,0.09995881510093811,0.03953887901410799,0.05567360557103636,0.18653318606409508,0.1254515774881843,0.031122489520447376,0.18980166938384907,0.13940852943786158
0.033422080573183695,0.0007416218075594298,0.0069608768518389305,0.2993376975302953,0.21397345930104994,0.042060313376067665,0.23744403029412622,0.09983209889654095,0.03149627280756704,0.034731548561770825
0.28762588675399536,0.11854532373611815,0.002317065984468394,0.09823186979341939,0.05006782607890887,0.08007018914746987,0.20412303864384548,0.06570845344939605,0.006481014772856699,0.08682933163952182
0.02498528635011441,0.06179932025081396,0.18035782756961985,0.06917146883794711,0.18052160530246328,0.12687939763844436,0.10276422189014203,0.08321302685128254,0.02343226846808913,0.1468755768410833
0.04932933642099455,0.08884358225648376,0.09426405029195892,0.13348051031098357,0.1297143817870254,0.015315186962124758,0.139587846654236,0.07543334196521814,0.15371030247970044,0.12032146087127449
0.04078963781575138,0.0821460392597816,0.06319659747491431,0.10733414005603768,0.17554679220339436,0.1581522366262225,0.09174555410347529,0.10093628286309968,0.038398614307728125,0.14175410528959512
0.0864231404923066,0.07934816192905876,0.19485528181588388,0.20482161876511012,0.14858937504157377,0.15371016441336474,0.04809691906945411,0.017957917690149434,0.04227441702248061,0.023923003760617918
0.016588984401036715,0.12447714866118914,0.07140242316849166,0.20893715842480828,0.049026091081444186,0.15294510292863459,0.2136767128700616,0.09756455286090711,0.025061318941589895,0.040320506661836876
0.07919567165162861,0.056246677269706696,0.11289685332435646,0.10559841575217205,0.12862795430225674,0.12440299282828199,0.10495554555234524,0.11678651768332897,0.052322556283147345,0.11896681535277603
0.06473938405830237,0.18045481135527963,0.047614129753667,0.17357050004702798,0.007626296145275459,0.20666949522590655,0.08034971943180846,0.05047555406118105,0.11078546641034873,0.07771464351120283
0.19292976383798832,0.1148038402723073,0.14195742034309128,0.031755080015129784,0.14321778134746785,0.009080715227376718,0.004259967753259425,0.16993983516865535,0.0796483451957356,0.11240725083898845
0.08045685543800687,0.03604087758886589,0.10048495392093856,0.1546833941922773,0.12637711812196986,0.19044239617695885,0.06921210666775647,0.13396945398652726,0.021634544668383344,0.08669829923831553
0.20097412125887432,0.02970504707005796,0.12235314013921507,0.0806127409291127,0.10210941850876654,0.07507869096645266,0.09901192467576682,0.10170154695447389,0.008593376435142415,0.17985999306213774
0.05147250418448081,0.04235942812756837,0.07533040946878809,0.1641782088165339,0.09414027197192695,0.07110631984038902,0.014951293391553884,0.13825793831554145,0.17864105677393932,0.16956256910927817
0.22689552905968627,0.12114619118191196,0.08919124378225482,0.0716180859167973,0.13533972221674131,0.21922745466648663,0.00012294805444643003,0.09293343840246014,0.01046570396041168,0.03305968275880355
0.054552210636550545,0.20267555226664247,0.05790497922300402,0.0911559074862598,0.10347877457041245,0.16411148120639088,0.1217851252102568,0.1969679277955496,0.004106148695062668,0.0032618929098707874
0.08169359577698866,0.035837128716161105,0.2073500896543075,0.07563993748312228,0.18910274321057133,0.048770412589683385,0.011025973105113735,0.048274313188764,0.025157968522447106,0.2771478377528409
0.01998114985003332,0.14187766442972238,0.08836224121567808,0.078814002154727,0.14299326042966037,0.12210969512951067,0.14462484232904826,0.04490627620225961,0.07093098489716937,0.14539988336219098
0.03846622032678293,0.0846830864899131,0.10860468053965115,0.006761476953173545,0.07169271320008891,0.12924908014076025,0.04056309045036668,0.29796564168990586,0.047910768935259,0.1741032412740985
0.08850274061049375,0.03660710626630164,0.14347966823766709,0.14088062546634472,0.02168337886957626,0.04977455977841798,0.11937039229594126,0.19017294119579956,0.16573112530441445,0.04379746197504323
0.07219485724862526,0.1941727468604435,0.014512693312893227,0.17390951318180312,0.03376008573885552,0.12679437985228242,0.07228563075564608,0.27517885985568397,0.021277170236016593,0.0159140629577503
0.09973235213288506,0.04841037437218806,0.10156814435605008,0.007157503905792749,0.018111942049987863,0.1410216818257227,0.09970742097462787,0.1539059076167882,0.16099235766566775,0.16939231510028968
0.008746736662300792,0.14925378238766035,0.12187688875164228,0.006862606008395186,0.10953131088066816,0.11169444078102872,0.17150790297871155,0.18896696001033614,0.11679224676892935,0.014767124770327511
0.09579201032885949,0.18371137393981363,0.1088473521912588,0.05403970105213578,0.09378288443626726,0.16057468264483685,0.05668987479068813,0.002188116766697304,0.15143535042319475,0.09293865342624807
0.00012535247976561454,0.19274429201415913,0.112286053059192,0.14177987906949857,0.061436763966828685,0.16187848977510685,0.18583761972532922,0.009584368034830586,0.007867095441390824,0.12646008643389864
0.028057922438235423,0.19685562745554627,0.02349767381532974,0.06735209432841167,0.11803514494727915,0.16116046251473012,0.13066216361216795,0.08012564559967414,0.02030840252854804,0.17394486276007753
0.13123416108236013,0.09786631159341161,0.11873678645624833,0.02712456800828119,0.20595427068808075,0.05076623660625945,0.0502449999971343,0.10181397135908914,0.2154282930409838,0.0008304011681512629
0.0909085896287804,0.17511384377067124,0.06415477343761239,0.03319530427130117,0.20615579609055332,0.11505622575318311,0.04564860071910927,0.03372771274658222,0.12415166013516578,0.11188749344704109
0.05545024213953627,0.0902311429835927,0.08208289702750825,0.08202388015179064,0.06276924828215115,0.12132951363492457,0.12662064121936395,0.08733149909469344,0.13172590128336337,0.1604350341830757
0.13300212739237063,0.05132204778084342,0.028441701592598196,0.134819329918999,0.1028400955893836,0.12248561605735887,0.13085004233725267,0.1334004040893037,0.1335729661043013,0.029265669137588594
0.10682940534509852,0.039848850887381826,0.09426721093206106,0.1111922861688368,0.14463823497523745,0.03719484845150743,0.1309612750994275,0.090276571294942,0.12175169114597532,0.1230396256995321
0.041310924881408466,0.12389724897441569,0.08028763344919193,0.18191854452877496,0.18532002520455243,0.04351765141355972,0.10777450595831765,0.12560917215920483,0.09689276197883004,0.013471531451744317
0.04915243423793032,0.14592411154518412,0.13919201979173654,0.07592208742395537,0.0019763266487146836,0.14395935031515225,0.06794830969490016,0.14571409610272004,0.11770676506162778,0.11250449917807864
0.11463147968145283,0.011084136172038354,0.22169804267208726,0.08898109041994007,0.06305401334316328,0.005114204796250478,0.20821118482243522,0.01869455532916299,0.26032607029975297,0.008205222463716492
8.625581584245451e-05,0.13516014167855303,0.054878180716119204,0.08758776464224993,0.05544700530591839,0.17070793593798558,0.1282643935763229,0.1334513808836615,0.07604731094012088,0.15836963050322606
0.17689611536836827,0.06267195910466873,0.19419423904683128,0.046569848309949306,0.05360594980823015,0.00095441839146828,0.06651044687146832,0.06232266812290912,0.1600332150141379,0.17624113996196875
0.11122615364912113,0.07767598922789813,0.15081931897412998,0.14621952575578342,0.022758943600829296,0.20043484001342418,0.029055362448157717,0.014908198302833967,0.07731043617817035,0.16959123184965194
0.09649007450261123,0.16559318743300527,0.17663303486408685,0.039384447839990844,0.09527991335488446,0.04907231621847097,0.08369225110483754,0.08717162209864485,0.09639260587371039,0.1102905467097576
0.1283689653808692,0.07236805690452573,0.04588392040241759,0.013881323052771911,0.10115134906768923,0.19184053696949388,0.02712428442766905,0.18814743317360916,0.10455958205227248,0.1266745485686818
0.07245689564843134,0.05871168489283489,0.013452392772545915,0.18701500118186118,0.18197122432696713,0.0751767575111553,0.057708715284850075,0.18612435498785576,0.06390729230713921,0.10347568108635902
0.09227776347063496,0.15300475158494403,0.14237036328341604,0.13701769139132544,0.037589486652354245,0.03517752304952446,0.14952835436577855,0.08876209492576283,0.14705598015890872,0.017215991117350622
0.19687250840056802,0.19746076171615787,0.08043588979594847,0.018535235338768438,0.06342222326588073,0.03613492578467001,0.016667411670696068,0.16206372297531269,0.14468511364048747,0.08372220741151032
0.05404937441711062,0.1303562424935923,0.09839260069454045,0.154206821711062,0.11480748723351317,0.08173284428902657,0.12669059268667424,0.13600606735722173,0.03928580164656437,0.06447216747069466
0.20163440557079723,0.03609578930974055,0.16938608147510098,0.053753911685497556,0.004885047526414919,0.11224085442029079,0.03911310797585036,0.1320139290842351,0.05137801570582464,0.19949885724624794
0.07797005079197451,0.024281957520129238,0.18444873937847286,0.07951495052384487,0.12284648020782797,0.06199596954763123,0.13962081282102257,0.17666179016566436,0.1031021841937595,0.029557064849672944
0.1548998115878603,0.01573418495747638,0.10511493035656555,0.04223860254990863,0.018002208687152535,0.2569455359851837,0.12544904801031173,0.05087006564388824,0.11438445803239705,0.11636115418925592
0.016372665041985094,0.11730195414899261,0.14136876470455967,0.06885889424442859,0.20339995774522115,0.10488869818643547,0.12673107453532134,0.11188756738952982,0.10245549661118754,0.006734927392338709
0.0001910207435599712,0.02780570413994667,0.07668530842124512,0.026675579062795884,0.3546966455818097,0.257280688820025,0.0008459048754993142,0.11864416263960215,0.0009683969189540438,0.13620658879656214
0.12172495351923517,0.045032488673897565,0.13922086648560714,0.1260632924221943,0.15332375372399995,0.032090667709877396,0.09781849540542983,0.12985557041985182,0.14014064350495378,0.0147292681349531
0.06474781742622515,0.11310949279089975,0.2907794184748986,0.1502838258474361,0.002918122667268265,0.016094883537231902,0.04658509471281508,0.10519432579022556,0.12682270959753028,0.08346430915546926
0.05244533916797297,0.08793696686225547,0.15782941698518116,0.10585526463466836,0.10838254680234255,0.14072889399982957,0.05073718315626207,0.06478640962553911,0.08020240128544695,0.15109557748050173
0.14735852437993366,0.05418696902834112,0.1934644290768855,0.108761352219482,0.00016952412273310268,0.11554899175009295,0.17392072572691206,0.07278596236671146,0.06306910182411761,0.07073441950479055
0.12412166955357572,0.15458575203006789,0.01973599239256659,0.22019958320084834,0.1803269290981233,0.022328697746382076,0.05946406818631004,0.026340806068280802,0.05647657106713816,0.13641993065670707
0.047371567454644326,0.14712030868147305,0.15183933007766537,0.09379823969841734,0.16829905600175923,0.04047877987608008,0.08462255715161765,0.19440477329900624,0.02963523122190838,0.04243015653742831
0.19434747992243662,0.03633482933999118,0.0976399352323379,0.11939755466637687,0.18685990950253736,0.07110428064891769,0.06580673472687322,0.0461935657040795,0.08460356732500524,0.09771214293144455
0.07254439060740567,0.07057937920986994,0.0011296815485292223,0.35043845489007863,0.12639940482412965,0.05905440041137829,0.08556094848643574,0.09552265905879322,0.04365924386671642,0.09511143709666321
0.10311888633080588,0.04833133299666328,0.1648838939862568,0.11257686678831551,0.1846111225680162,0.0931605211380319,0.05656813215461886,0.15934730700021796,0.032023280096090234,0.04537865694098356
0.03824291990208633,0.13704946931814688,0.006660041460170189,0.09877003142206221,0.203692138167523,0.20046402493606383,0.05966586044629394,0.0009348867596826476,0.24169190589142603,0.012828721696544983
0.22660177683469757,0.227742214489088,0.03728345037141888,0.0019044392289167562,0.028369189965475473,0.1226481875891873,0.01807625080112877,0.10010994091319383,0.04208731229663812,0.19517723751025542
0.07936187789341481,0.05975417217340974,0.14411924745569324,0.10232485865126158,0.058390640518424915,0.14553927439359168,0.13816673059115053,0.07312840208887188,0.07203665659726469,0.12717813963691685
0.06602029718574068,0.1252097840034974,0.04275342100826037,0.2531428843058867,0.1531070432149023,0.17794472334024478,0.029017251275362116,0.01967722119506927,0.10027916930101113,0.0328482051700253
0.07221539924345585,0.1708039551276314,0.05856987919926663,0.06343016218841921,0.08888600237615896,0.1392938022416759,0.08120031394678415,0.14253324154574792,0.1251628531079887,0.05790439102287142
0.11114465608480187,0.05536716458368581,0.15619730797968517,0.15369557639206238,0.05873695549831496,0.1476898279222153,0.07941999640738527,0.0015120911696866904,0.1540382799541392,0.0821981440080234
0.2195009753161487,0.15548417064549494,0.027007993997725167,0.0696901518173158,0.06361785561499704,0.11198954371667379,0.21514825073114963,0.05307371996576877,0.05237215405693072,0.03211518413779551
0.19178383356092393,0.12102530059472641,0.115055751071102,0.13460147636274009,0.11898146614237994,0.1045705329089483,0.10652429178699112,0.0023483548425883116,0.06978460378505587,0.03532438894454405
0.027994206918657893,0.11296184637712672,0.19803142558389478,0.08946810111526611,0.12643271784863785,0.08951509108264073,0.016172380713152242,0.07646516460804502,0.062238680889508124,0.2007203848630706
0.025010137865717402,0.1643454383172792,0.03218371419009497,0.1560908519507007,0.11256754622979401,0.17122902729440884,0.021084423230650427,0.13970466838778237,0.1702748401323112,0.007509352401260773
0.025624797913894944,0.05855905035381947,0.1351248990147081,0.16310956760507891,0.11243491058277304,0.10078019791170326,0.15483283066527592,0.012278126913385807,0.1359589489850422,0.10129667005431835
0.10597501630586452,0.02354578271106535,0.15549536986778723,0.14948979584947955,0.1665578930889933,0.104024444192407,0.011577985155034493,0.11651853581426065,0.0449386957066809,0.121876481308427
0.032356298824011684,0.09995347919181533,0.038417638846519,0.07988621073572597,0.20695256488050973,0.16542143668757373,0.01677507499459674,0.1378067788197207,0.06889334506985724,0.15353717194966998
0.040796153090585055,0.11958859708944665,0.13935326623172986,0.055576126162553544,0.09374356375347193,0.04391582887727798,0.13224348473231085,0.04417114014667291,0.15099750032442488,0.1796143395915263
0.1395018058169891,0.09926294518614351,0.11971093468006638,0.18934453752028255,0.10284107822288395,0.02857852021473404,0.1415176924192025,0.008272791548677709,0.1596858349988932,0.011283859392127187
0.06940770813293294,0.20412840568820032,0.04776184158106726,0.15811416032110176,0.09729705368417757,0.01898334773238122,0.09878017899610349,0.20498714557764752,0.05368621856973262,0.04685393971665508
0.16886115818851635,0.06029078500897154,0.1672294761305227,0.11901203654179092,0.12313656086027984,0.0010418281101945517,0.08521438709368305,0.05579853147691201,0.1495349056701913,0.06988033091893772
0.038149026709705124,0.06212112240097995,0.12886294852132285,0.14185031493747924,0.15634912365999412,0.015153990531713313,0.10054737776961505,0.16192423888163848,0.09140281440592789,0.10363904218162398
0.11196997656898992,0.09863079404449261,0.09503586914096795,0.056110898602125626,0.09308841675433085,0.13554346692857766,0.02830209651745084,0.15758161681501,0.05706589997524827,0.16667096465280615
0.1748221165164964,0.03224082472702371,0.1819657326064804,0.15980384579638215,0.10145342837838203,0.1834048909168925,0.018931813710302316,0.08900651127532236,0.03694113509280627,0.02142970097991196
0.03863546297653318,0.05855895163973491,0.17941117159850906,0.08508282716797344,0.146114580320566,0.05926822604811576,0.054569558674222376,0.19269625326977682,0.11989104121422778,0.06577192709034067
0.0008349613845360473,0.13162694160677202,0.07323293210189206,0.04333461107649232,0.15493437492209045,0.1475869238959464,0.16149396905388497,0.16580733105814302,0.07374224463162511,0.04740571026861763
0.01204201380574958,0.0279311141986595,0.033768465836818744,0.1881351722125008,0.11439704043968314,0.18320283180990715,0.12738665073399805,0.06648096597929284,0.02015683083093155,0.22649891415245876
0.027850506468231825,0.013069338158475715,0.21794027270078278,0.22439788917832273,0.08707791117047534,0.013474694951021339,0.16653065931653863,0.036044774038981035,0.18660818112996136,0.027005772887209258
0.08417652854433208,0.016873565345691253,0.08634404315058863,0.06828250527525219,0.0401144752135593,0.17168844484426454,0.19522248058781613,0.15893673853737478,0.06449431721712086,0.11386690128400032
0.13489648454173866,0.023455654537755187,0.0894649678815571,0.12374085079705281,0.11987281719237236,0.09293505727349556,0.010527052129390787,0.1446480917078059,0.14901855166569747,0.11144047227313413
0.04590288153424751,0.2124260317945767,0.04468084216243055,0.11712642336304276,0.05031665161773014,0.1061276521251551,0.027986717976463682,0.0014449455216711273,0.18589107701049917,0.20809677689418313
0.010701124048942393,0.12705382512193794,0.15532924656772418,0.08637490648678589,0.14171518171395958,0.13490286938516885,0.10707387448410173,0.07977990514579424,0.13192831778986908,0.025140749255716282
0.04422141079858215,0.04829673174749271,0.24277599722190635,0.170453565121532,0.1291637049280756,0.19361322386156907,0.006774778465969506,0.057815397323984864,0.0547907176474207,0.052094472883467066
0.09049251393407441,0.02579331919808329,0.14461753890198106,0.11964299228572418,0.03146818657965829,0.1493142199472228,0.11038396631349423,0.05854988270710153,0.13979706068408862,0.12994031944857148
0.17568940649284592,0.012381311117921458,0.08383975735362,0.06408695674610748,0.07117599435174905,0.10379088993519098,0.09773849425361876,0.048021451305837404,0.16156108805306493,0.181714650390044
0.11995829132042009,0.06933427200984045,0.0864135635574462,0.06715814083851895,0.13972267040294634,0.0976759604257162,0.12186739177560683,0.07620964315141977,0.09484132565357684,0.12681874086450828
0.24731974429613604,0.08314730551926848,0.2429674577072111,0.18128877321945872,0.0783598460479755,0.0005772681140901451,0.05963161018819561,0.04685666465895473,0.013073297455563668,0.046778032793146115
0.11895107476342685,0.09607421601174035,0.09598223121535464,0.10101856350307542,0.04971282757467238,0.09540982180556674,0.07837156250346466,0.13859064446641475,0.06595668409135408,0.15993237406492997
0.042421573389139614,0.11817408372671617,0.1658653246088318,0.03140116318353726,0.14043571233394772,0.15369659688647017,0.1933050059935439,0.057737261946631244,0.023499358138587067,0.07346391979259519
0.11154133782567088,0.13548188149551113,0.08279540254081573,0.0271928226167756,0.047129868376873434,0.08515986589345403,0.1224306473182143,0.13623191028003606,0.12468535197425439,0.1273509116783944
0.060415776705556534,0.07493932814102046,0.12480894305768155,0.12112137963201965,0.05860465413328359,0.1101046619529034,0.22785486726070578,0.030471470257621473,0.053965650521605416,0.1377132683376021
0.16778879498736793,0.05096767197866966,0.1426194463765832,0.09073506448002396,0.16701385035737368,0.1090074388913262,0.1440585552627789,0.06533306420062047,0.05967319382498664,0.002802919640269203
0.03435527724017861,0.07529200153589095,0.14627331397985247,0.06905794295364923,0.15291206068751098,0.13174853577591986,0.11404789828848201,0.12490299533439485,0.0688338515238507,0.0825761226802702
0.06295535731354067,0.07451892696190512,0.08217334898892242,0.033608038348588366,0.16283318098359828,0.09965899381041021,0.16154746844636977,0.1237483347061453,0.0936929079261905,0.1052634425143293
0.11846573268189316,0.14858054679802532,0.1361014634932105,0.04635533463415103,0.031018826184148668,0.14184345734812712,0.12693969334151045,0.12237046111484223,0.07162299079387192,0.05670149361021963
0.0889048332600012,0.16075594209830255,0.17235903456148585,0.01959686648692711,0.06182714881997046,0.10063718145324196,0.045138975238104805,0.053349665304923966,0.13340383067750958,0.16402652209953253
0.02818542093292649,0.14371229732977858,0.14336200099644802,0.12466722921971007,0.1443766848345133,0.14644721699580304,0.12981167679732247,0.02404148650217515,0.034628245413506425,0.08076774097781637
0.11364807153375053,0.17407093470397483,0.003951287895587577,0.1007922642914723,0.11857041071604014,0.13191991113115514,0.03247703820520578,0.16189265129985153,0.013658974981072334,0.14901845524188972
0.13535425135810458,0.049907736435307506,0.1055451232725383,0.16614576059023142,0.07763578426213373,0.09437930479213406,0.07744655675930376,0.17047131544893251,0.017644136826001976,0.10547003025531206
0.16553596260217607,0.09972519017846006,0.07842627603280312,0.07343369161824821,0.03736738189560332,0.16715851019730507,0.09792976945671848,0.018170633798334748,0.14881354881311742,0.11343903540723352
0.09490109378098585,0.040371812610860244,0.11620722695029773,0.12507228265072737,0.10123327407156604,0.09260346442020846,0.10372888929111765,0.0923703126206247,0.08891481501675215,0.14459682858685974
0.06312189610324752,0.1780940713876182,0.09314578682686951,0.06110595173338961,0.12410616346452298,0.13964829429075623,0.1023590577047375,0.1616741853616325,0.017018528589493317,0.059726064537732666
0.08194492172123814,0.11307570835273557,0.07097330253548205,0.16642948219054945,0.11896875248994082,0.16931605229193897,0.12747130705947066,0.14169432170432675,0.005690751050131713,0.00443540060418601
0.21148321334225129,0.016434466603945003,0.054955028776421715,0.04979604439797455,0.19224909814416954,0.13316953408899596,0.1185200192502143,0.14523284637613723,0.053413924796951874,0.024745824222938403
0.1151031631328472,0.08232841195646329,0.1507018888210368,0.09905515497115347,0.10927470078832882,0.034855668509129925,0.05647154073352386,0.15794947061163525,0.12542897251707621,0.06883102795880529
0.060291890906247654,0.116972341707308,0.10537092722173155,0.046665930756102064,0.11801716448499287,0.13263464412324358,0.10483886194096054,0.10053208478828338,0.16105081712107883,0.053625336950051616
0.13629504414840363,0.14531026766790553,0.10083857135387472,0.09091094882051616,0.08045415999401276,0.0933578616650492,0.10022021740340963,0.10715297027110025,0.14433892392956815,0.0011210347461600098
0.08118156692258509,0.113070923298665,0.17703313048567698,0.0413812406280069,0.0024841710423857888,0.049710899712802604,0.03998697748816525,0.18975913262471558,0.18402849677829042,0.12136346101870643
0.05518400702714801,0.11817797162843936,0.1672062040281941,0.04431190919863475,0.13406108406858164,0.02774472211508304,0.18101116662352368,0.04347699781586225,0.13959803441629895,0.0892279030782342
0.09481592442642334,0.005431125226246885,0.19036415934808476,0.19986800615418124,0.04376160682927135,0.07245945491522172,0.14893697829506516,0.019858973210909354,0.10674266694447536,0.11776110465012088
0.08494367416210902,0.09535203797288506,0.13430729731247945,0.028500320845210283,0.18576693911081404,0.0338617710902122,0.1840904772964368,0.022109731156302964,0.06351385448529852,0.16755389656825165
0.12741536410598714,0.08802598936686919,0.10936799183790973,0.12736131234134537,0.11723615168720815,0.01141316438652818,0.05604477191287395,0.13799541304099294,0.09989561962582273,0.12524422169446267
0.1080259538063976,0.1533768697539591,0.11093947025445747,0.14230553754986733,0.18587671383984158,0.15964249537867456,0.11550971475605151,0.011558021395994513,0.006807130496807126,0.005958092767949227
0.11558808850172386,0.10073747452505577,0.13179960241849115,0.19355085925715743,0.04540737224610238,0.15949302035657692,0.07209080754559373,0.07347908960641586,0.03400246577680264,0.07385121976608036
0.14447755015877115,0.04498338833558437,0.11973043803773219,0.06498220756927885,0.07767093205804948,0.15191868371906514,0.1761309662254393,0.19012403094381136,0.023224964169194635,0.006756838783073448
0.014855821927559233,0.15800800793589148,0.1611854718606085,0.022582213353615228,0.07574315006029908,0.1530237834718699,0.134208789703694,0.1289834401743234,0.07690318950483148,0.07450613200730787
0.08077756126328103,0.17982219407457462,0.09058925311626531,0.07254201170499884,0.005797802984983266,0.038156870282882484,0.23343167442010515,0.15685228842624863,0.11378152192332762,0.02824882180333304
0.2360529893248905,0.16246016120481352,0.0915285773607862,0.01652882250777847,0.11078468942792767,0.03626305916608413,0.027347865526731352,0.04079306161718095,0.02794898892128695,0.25029178494252025
0.1263169338601301,0.004957125044536244,0.05237614701045629,0.16269339898612645,0.18055491339993696,0.02345001563220969,0.13641515007208696,0.1628940617539957,0.12250610536638695,0.027836148874134777
0.004596754712357011,0.027669451993626956,0.20271372088631015,0.04658766717408106,0.19713671139311095,0.10789038490877043,0.021469426080211185,0.01560756936154879,0.20852425359057897,0.16780405989940467
0.18602426964543872,0.038121490601010805,0.16938435238307567,0.003893120873204266,0.08489312845143618,0.1835804123435402,0.08954701761554315,0.08688382899430482,0.0865577089788106,0.0711146701136356
0.16561477860544876,0.1644795913856601,0.11846785652527643,0.08315494933033529,0.11369473669503688,0.12968137715039146,0.029507077017394044,0.025019345473626827,0.02845765377914901,0.1419226340376812
0.07659031001337177,0.1404076298180891,0.07022503714995837,0.10604677485094273,0.1135901327394932,0.113449385621293,0.009746884631621124,0.10409356297929774,0.0999669479152979,0.1658833342806351
0.002902953919894171,0.21502843593132037,0.13866279613551993,0.11445913951026909,0.12846085246770791,0.010776611138633142,0.14320184962921279,0.028394708438956973,0.026631105531651784,0.1914815472968338
0.1465923321776323,0.018236902683063393,0.17577007817526963,0.09025881548375558,0.027142750388964975,0.018661901319063208,0.16478408137234363,0.1365705618208401,0.14884160827277712,0.07314096830628997
0.11560788800045557,0.08801767661218221,0.12567594647733815,0.07357563221780931,0.04187766610592401,0.2545979211911724,0.14987080482858342,0.027272961802384945,0.0610541468196586,0.06244935594449137
0.04867269876063308,0.07684533617762691,0.15077144649668453,0.0348371220531661,0.12400593918318206,0.12741768169904313,0.010709917604716271,0.17511116630958262,0.1377752125299442,0.11385347918542113
0.027234316230260906,0.18658213400394627,0.07025656280662473,0.017098648044602583,0.21041929600459058,0.13604895065862163,0.10950094784374831,0.1689910635420921,0.0363226489212159,0.037545431944296874
0.047305932317287004,0.07369235635915627,0.15330253189505014,0.014899920285550256,0.05138577417850915,0.06520143604472996,0.18365052635149806,0.15407765750189664,0.13433083315606464,0.12215303191025803
0.17615488733143828,0.2005616145286886,0.14830583361889854,0.08723484720803974,0.05514472421947648,0.04025981389393291,0.006111351894368194,0.09631991844401666,0.1416238282736924,0.04828318058744827
0.030695288490542694,0.1462601890213772,0.046670072773319235,0.1290721697686274,0.10724010512741029,0.055861547637053366,0.0983107768103187,0.15595980084784952,0.0954391371568092,0.1344909123666924
0.12905828880329934,0.059324812072190994,0.0036371577713557035,0.06903809775441001,0.20011000147736382,0.09893283279196208,0.09119250538914465,0.07563721729354952,0.1498921528767092,0.12317693377001458
0.07942025712453964,0.05395512027196162,0.19708734873409228,0.0146256061679869,0.04026990601030183,0.08686789572087164,0.19045400887508937,0.10125966691573345,0.003489022579989207,0.23257116759943403
0.04008004844315637,0.043013416668446956,0.08856221486531504,0.14203263136767857,0.07501405241733933,0.10113375436613035,0.15062073612456692,0.1361428756100471,0.09136740717602539,0.13203286296129396
0.12774590397102953,0.18049637433706098,0.11239125835569753,0.13371794231045694,0.10481350674103526,0.0391820094050489,0.1060702293856676,0.11553897719493897,0.061673767900182856,0.018370030398881267
0.06688536845330384,0.0177678477164934,0.014564840509723922,0.040540489867955894,0.2379493297367336,0.09013021092675907,0.021292369213651772,0.03303833339490427,0.11660952493660796,0.3612216852438662
0.16984935029629597,0.06886760561269134,0.12291668715800938,0.1692832504084294,0.07028059777285536,0.0531686382136851,0.1188023248933263,0.024775645574277715,0.047124955731191846,0.15493094433923765
0.06318009150585216,0.031608188752783165,0.12818293527504576,0.06671877543215753,0.16241867637819662,0.09473214697948885,0.11596593604631436,0.10751959322228488,0.0750114267353775,0.1546622296724992
0.12020849666337996,0.035544420988311634,0.2054383771055056,0.10525382544862837,0.07607731328688386,0.009229106353011749,0.10437207331709775,0.17472667959741478,0.09818047398986791,0.07096923324989814
0.10192334330871744,0.04987275077577278,0.05114991805725782,0.13681030801275051,0.1023931986435964,0.12862208442737272,0.02088691229315068,0.14933654118641934,0.14242587108111532,0.1165790722138469
0.1086711848256459,0.10433225875653404,0.1427906033029543,0.05265672007806564,0.1010852194184605,0.16330475377027254,0.15790152837669189,0.020243841912260512,0.10546319610716001,0.04355069345195459
0.20405952766334612,0.19395987710468998,0.08639178746059833,0.0727197768237879,0.0339764779317839,0.034122935704562506,0.021769361305641374,0.0020332508197644784,0.1852385702608311,0.16572843492499428
0.0809654930213996,0.025184685498391875,0.1160859133812996,0.013132914784901223,0.15832376133789694,0.14598028548788378,0.15275610366838138,0.10983272919802738,0.05591790408450184,0.14182020953731644
0.19986880042307203,0.1995312974673179,0.1310653616324037,0.10997382386399743,0.040089886700851965,0.006847827010901785,0.06528655990216506,0.03199549315422381,0.054879899280790456,0.16046105056427581
0.038486329505892855,0.1168140748672739,0.18770651943012837,0.05326049421718639,0.029981053667371374,0.11329514275901544,0.12325916727124372,0.15166763350347073,0.054332280713054716,0.13119730406536254
0.15702553254566481,0.058181719590148444,0.0573922589323297,0.15667338767615677,0.019913909354521968,0.07660452874943695,0.11273657666019905,0.15155192888127797,0.041118995755374046,0.16880116185489036
0.12516380465693466,0.20060244104147443,0.02404199051426615,0.07517709227304692,0.12364968113019101,0.0341892176195338,0.07587446127191952,0.005380193772543761,0.14892858916218218,0.1869925285579075
0.0879101552441903,0.18846412803645113,0.06558110249057696,0.034259629888102106,0.14705409965411503,0.0920281745759618,0.12283212967563228,0.176955421809499,0.07728919740388425,0.007625961221587135
0.13302378128286083,0.07227370968230025,0.10978938181899858,0.07922568556900893,0.09898281310825191,0.1000318712357257,0.10197850687587891,0.12837894400764166,0.060912229990179596,0.11540307642915366
0.08572369822695317,0.019309943289240496,0.08621327119425837,0.1709252835545412,0.11669541382864497,0.044220270252789545,0.10583954409123052,0.08556963158637547,0.15264204604398182,0.13286089793198438
0.08604786118244905,0.1679826687011328,0.057938829317356895,0.14127319898624904,0.14543336363501105,0.09402773178910731,0.053365348173325756,0.03446756478135369,0.0795897609841838,0.13987367244983054
0.209819555939424,0.039639268027276,0.05223655380134176,0.022632663191893623,0.08793674499099689,0.05477272943914611,0.2152291973031421,0.07055845158200898,0.10279492555674709,0.14437991016802357
0.06561512189387121,0.13639550339153064,0.02160700422975732,0.04151019526722572,0.1214626679429173,0.13509900223767038,0.15113087682877888,0.029877246686043905,0.1640548979979279,0.13324748352427668
0.13186186789086185,0.14268466929734908,0.01738914163458044,0.1457608755791279,0.15320907125307415,0.14619854510558464,0.040498027677081265,0.08784755993385475,0.09563386655698604,0.0389163750715
0.064376964263143,0.19112072594861482,0.03734715592916253,0.021553374173793455,0.14397425300015293,0.13656240028170288,0.08220343766660615,0.16869641087658485,0.05551570680521771,0.09864957105502169
0.0870710170916253,0.15491439882279542,0.09364625667267107,0.11903451292614987,0.15619108576524213,0.10283283321772108,0.12424618952251489,0.10407316616873533,0.038047707987449095,0.019942831825096027
0.12183876124085771,0.14632629832607327,0.07841719032217738,0.11430753408512367,0.10168756442119711,0.0273014118955373,0.04507273729687038,0.13520180907009963,0.07072461657040664,0.15912207677165685
0.15263034010091356,0.14709638813594123,0.08491533547139135,0.03423861295014222,0.05738503670022521,0.13635321635818481,0.15292381957129925,0.0502531854406138,0.029359132382858727,0.15484493288842982
0.06440211305648053,0.08483555050884747,0.13806471471203605,0.12916117859246073,0.020934968354407876,0.15562464631104025,0.10049826193086123,0.08035250227496944,0.16706980604545882,0.05905625821343751
0.09445647472972411,0.04381068595054542,0.04226719852033915,0.17086259546328877,0.09466564287645125,0.03858428181576154,0.21931801663147288,0.061940634794040154,0.19955525804474794,0.03453921117362886
0.025235157522074374,0.10615304182663406,0.18650168271947587,0.2041475786595778,0.0334172469620594,0.05034546145095172,0.15684708590556,0.020568433053286584,0.1821905767490716,0.0345937351513087
0.14892859983921883,0.17861785891819396,0.002417314322798716,0.03790347099845014,0.09872910150418733,0.1593600807988366,0.09083400214551386,0.12357455133788459,0.0620225947699825,0.09761242536493354
0.1076716400696657,0.07067276241665507,0.10437010561773352,0.07549162471160546,0.09552673590503782,0.1097498508794797,0.11018704094314898,0.14306443356226098,0.0524747465110008,0.13079105938341198
0.1221048721753701,0.061547625488097085,0.1350466000964023,0.05543228448480322,0.07200745869150466,0.12207011120255194,0.1428104056474145,0.18433361037641363,0.06123480856197787,0.04341222327546462
0.024617641148831183,0.01237306456324743,0.01798815053487506,0.008811286355071415,0.06242703571492251,0.26118018204749555,0.16718667368040638,0.1359943004870739,0.16709957694740005,0.1423220885206766
0.15394537242850923,0.06002541786289244,0.0846459932402346,0.11404753540039929,0.05690681831642048,0.03741657363980013,0.04986700091884406,0.06715451883903172,0.14599251312285,0.22999825623101808
0.07157749538391663,0.1600402630006258,0.0710685587143972,0.05491260680907767,0.1785068827975512,0.14007997639746833,0.10550776528224445,0.039180872010866015,0.14513519219186347,0.03399038741198915
0.12328013298293367,0.0999076514138971,0.06482305005495796,0.1719685493574506,0.19134319786614418,0.07210430858178536,0.031635330925860974,0.09032205843787003,0.12758892299388855,0.027026797385211646
0.07761059537434124,0.1516191460223351,0.12531910418004719,0.041921593791498575,0.021160139802416426,0.06617904238249006,0.14152250555851517,0.12356757929320224,0.11483536622933775,0.13626492736581625
0.13841614788976414,0.0909004733643018,0.000553593721275623,0.20407843247403834,0.1799223172953962,0.013773199150017219,0.022941137568729793,0.10804054868309249,0.11435579989073648,0.12701834996264805
0.1010745009201749,0.11687428913197909,0.05820973410770706,0.15864906354869976,0.05695106214998109,0.1544333408196443,0.07184712726298294,0.17573797012634465,0.09874768704111364,0.007475224891372683
0.15223659601739797,0.04134994338688551,0.08292728682937694,0.13056526732197,0.09360306165945705,0.06369614021855534,0.12850271280829498,0.10351415647515237,0.031191567821697172,0.17241326746121263
