i = 0,i = 1,i = 2,i = 3,i = 4,i = 5,i = 6,i = 7,i = 8,i = 9
0.11350757694320296,0.1318342584852832,0.005033023425842074,0.03972811971364946,0.10136640976973414,0.05920303890253028,0.09034783720237474,0.1445482725117799,0.10007263227668332,0.21435883076891982
0.09137167726830832,0.1166547538454071,0.1388274457534695,0.13771109290281539,0.06797593605079942,0.026505095746851774,0.05353368312960306,0.12299219067036674,0.10975077553503651,0.13467734909734214
0.009457860620800845,0.08199790133466127,0.05035517389015399,0.11031550331317752,0.15017037985625412,0.20078801231675847,0.1894691494882612,0.11099409860517165,0.07729678140273295,0.019155139172027876
0.021280447455470787,0.17247097459617602,0.09820481137489508,0.21441684153817098,0.003376283584352583,0.20631635085363742,0.055471708482495885,0.056975739742496125,0.05101079320957688,0.12047604916272807
0.18005318254307898,0.1981735932400289,0.03341306658318359,0.08359261253711979,0.06580916567021229,0.02326425622896619,0.0916220851814953,0.143487300221255,0.03343822032998391,0.14714651746467594
0.03747801844913868,0.18466487592451442,0.02006924349915235,0.08153022319295664,0.06243620357004547,0.0816831927966655,0.07001908403659766,0.184202025766193,0.12839029550751044,0.149526837257226
0.06745108359155348,0.102726779906226,0.06526066217668862,0.11730756381150921,0.17554110237212137,0.1780736693671166,0.15942817250830119,0.00997699228089604,0.08033059193333904,0.043903382052248544
0.185658940633259,0.06288638070746304,0.09238792244039908,0.13553924653731383,0.17496293587677597,0.027611252631352386,0.002395080105981339,0.05107007807330997,0.04427201776915958,0.2232161452249858
0.15351045579371303,0.0650591387711202,0.13928414308177517,0.015614093055080863,0.041343681338461113,0.1599146329921695,0.09582933872412613,0.06261570916789239,0.1046415633942721,0.16218724368138943
0.0912330597666595,0.11422444268218082,0.02479266228430755,0.01122194262034233,0.1533315729362523,0.1866912404419785,0.1346192096739785,0.10794337975795101,0.09195480150380264,0.0839876883325468
0.18435228583911684,0.01801021907178674,0.0694595682734674,0.029262128022301485,0.10365751448503667,0.19844563407544197,0.024915995440380815,0.11263695644140402,0.15978240280661224,0.09947729554445184
0.008376912337583814,0.10164378770701578,0.03360101507981322,0.15130606485787676,0.09217553364334316,0.09593463587144217,0.11469149447317498,0.12376665433709953,0.122716671481555,0.15578723021109558
0.1660128632761309,0.054221545128637416,0.15288452933964175,0.15978798233000963,0.043219795430953944,0.1322247485502395,0.02436286664656373,0.11289245975382614,0.08882323051033425,0.06556997903366264
0.19537794015637017,0.06382344745952959,0.06419093845771727,0.21331185106240588,0.13455113686730288,0.019459784309232564,0.17229619571938815,0.05496376149285686,0.016746582653274136,0.06527836182192238
0.12916888067253404,0.1944599671534933,0.09535611113854432,0.13019246223678604,0.01927095934455387,0.058328011547678485,0.045028264340635185,0.12976455821126623,0.1953147751370718,0.003116010217436677
0.01844134518586278,0.04525051178918453,0.1006194326839255,0.036659362895387265,0.155334696838499,0.12530977615051983,0.19138179118642107,0.09357990276205326,0.06246626761024446,0.17095691289790238
0.1728825120538656,0.1717109659702018,0.04216867510214716,0.1987586833791497,0.07097657077937439,0.1053000478995301,0.08633505594798045,0.04961129942375557,0.014475057738334638,0.08778113170566088
0.011112891337700598,0.12615452292470047,0.14119853099231972,0.20360627246888718,0.06300944391853604,0.05854662223855405,0.1122649362929907,0.03078578681737363,0.09342802061291097,0.1598929723960266
0.08614097132636131,0.04207600300296029,0.06897249072978355,0.11333844685794711,0.14650985106160677,0.17190642625298988,0.15069173305569386,0.10331406188150936,0.09423832796404039,0.022811687867107414
0.09224097659265991,0.0235156677675213,0.09747260162054293,0.05135245649442918,0.08322983568800299,0.0033779506788069397,0.2043560824414884,0.1574262340135009,0.1514525835377443,0.13557561116530312
0.12408396373495865,0.042444808444990385,0.13332339224531706,0.1130036480685159,0.13677748948151358,0.11687269780664358,0.11470539044833991,0.11841177274769268,0.07070639509686266,0.0296704419251656
0.10362736126993187,0.01769016958316799,0.02063889516180752,0.09308104093064731,0.11062914134104955,0.1513519610597837,0.07221732163715154,0.15806635410233605,0.1253824413523362,0.14731531356178842
0.26536459018533043,0.23835957607433447,0.07258723483690892,0.1213027134963432,0.05789214425332125,0.030391445958495047,0.002114816886674955,0.10479187476317046,0.004412317165751268,0.10278328637966984
0.03187814916811121,0.13804980940982015,0.2117376411802516,0.0038709198598004366,0.16514089103447527,0.05057160294012297,0.11457537743734302,0.11085376090671166,0.035251192399693695,0.13807065566367005
0.11472602101605643,0.022652836457436085,0.004232168976837018,0.10371420232967557,0.2746361182219799,0.046726981484177595,0.17882207517929427,0.10855681402790346,0.09522724483893485,0.05070553746770488
0.1446418697399112,0.011780220797293198,0.02591236254489567,0.10717695977946141,0.21797308503247234,0.11890020034683009,0.034456358414068675,0.12946317817135383,0.16350394172442378,0.04619182344928969
0.08506456431739891,0.05756685275760348,0.09998068736629331,0.16149434601729132,0.17142765027763887,0.05383776049194987,0.09755838938343454,0.15072342560276833,0.004062546140614481,0.1182837776450068
0.10292263446134729,0.12889815826633136,0.13658646484289477,0.08720824889764515,0.07952901879615581,0.12828926525621434,0.13737646086049193,0.02543590453036374,0.09306847958638219,0.0806853645021734
0.19638127447005113,0.07760016621581771,0.054058382179446814,0.12032909272120887,0.10734923065084369,0.10408462853221462,0.15848455578490664,0.0321874506831319,0.09841109112492476,0.05111412763745397
0.14531509815921956,0.10581585505976705,0.039212613037867966,0.14408673395240063,0.1310269256791634,0.09699484130469938,0.03125244257764807,0.034601907575864614,0.1397119933991884,0.13198158925418085
0.13761287760813526,0.05382098907922905,0.017537656976388774,0.0052077551742754,0.15703121362047678,0.15406117692549187,0.15006019919133967,0.15247738928392487,0.052116122906449465,0.12007461923428889
0.17880187582061297,0.026421044630785553,0.07072615177249235,0.14629004563209705,0.12255225412992464,0.1408991204764594,0.042181176536947786,0.10893735443893206,0.023087630658476268,0.14010334590327195
0.04389246970096943,0.02542544234766955,0.07621728073849167,0.2968571028523186,0.001842844876189331,0.006402694587306287,0.07625084397358296,0.1711712128364285,0.105011755429284,0.19692835265775965
0.007574476135101209,0.1446306340473037,0.09990022737144533,0.10742489382550735,0.16344377856016323,0.08658406573527926,0.1694110227146153,0.17782022734776942,0.026091681821042278,0.017118992441773014
0.05394706582047577,0.050360353167404226,0.036813912668838766,0.1695411114060142,0.05802017922321945,0.182772554241725,0.16729536106250967,0.15316860253985864,0.07590196479107197,0.052178895078882424
0.13996828957101756,0.12499030631238087,0.15414638255836988,0.007396958057220005,0.037798557784976664,0.155999538489148,0.17662300602287473,0.12788559522062062,0.03721492867414002,0.037976437309251446
0.09853651225031346,0.054051947364693445,0.05773404891103316,0.14597618199816928,0.18247206012406358,0.06076949556583396,0.00017293589621513857,0.1624433312495569,0.10127323050734771,0.1365702561327736
0.013474319825240834,0.13582951146801978,0.09610259925450149,0.11051847674200903,0.06885243608779681,0.1163203553782762,0.12023760310470315,0.1370908116317185,0.13249059986504583,0.06908328664268834
0.13248808542405735,0.016024295216251056,0.036867642651563795,0.14506626896302646,0.1623994017665668,0.17731184254003962,0.06040551723874688,0.09457530087536176,0.050863844753616425,0.12399780057076995
0.08906796052882299,0.21278096804393926,0.20605899425680957,0.07955713606379183,0.03802141181162937,0.1101030991079014,0.05477354995884067,0.07574283790341915,0.12679962685255786,0.007094415472288003
0.1385283191518981,0.10249781221714642,0.03671646688430848,0.06970929544846231,0.13201793780068588,0.10165750070809143,0.016613759519386248,0.13764509049016865,0.1408628596688999,0.12375095811095252
0.05367528966240038,0.22130241632666076,0.1845798631157826,0.05684838976094972,0.21828316154322028,0.1535610703981112,0.04081471280057512,0.03251465098567384,0.036050094450865974,0.0023703509557602594
0.07615450397842988,0.14586937888913162,0.09316521871289606,0.011695589849265447,0.10717262973203036,0.09475832546825046,0.1821099465498278,0.13229645339868168,0.08194852244178816,0.07482943097969863
0.048145506300923034,0.18150676024664977,0.17170416664502816,0.06527169186866104,0.0634447595291839,0.07032757594860693,0.08503463615511271,0.15434134008409417,0.03757541969055439,0.12264814353118593
0.039028128287426286,0.15480658305760295,0.06156218747469008,0.010293590384870524,0.1753541475715147,0.08304798081318893,0.1558506099717939,0.08248417193404563,0.13009754865819154,0.1074750518466754
0.13810527657448035,0.09425824547042631,0.1281138321785206,0.08922024704629383,0.09576502616673595,0.0037510010033154437,0.19708423568410482,0.09998393406230735,0.07797526829273496,0.07574293352108016
0.08985204921779591,0.07828907254223327,0.15698938823433528,0.08000278919166853,0.026276846646346556,0.15756257697733161,0.13665728755565001,0.012121126327745115,0.14711263105082192,0.11513623225607175
0.1429971286728431,0.11842119024864144,0.06530298366440392,0.10397837834095731,0.1303301608307171,0.1504313042812975,0.059465199799213816,0.026132481588379462,0.06720547010213283,0.13573570247141356
0.026759777613750098,0.13521040835720569,0.06670256069540151,0.0781557126142151,0.06245075274495356,0.12703667206905003,0.10871537899581885,0.03221033267848025,0.20188962653787013,0.16086877769325483
0.09894039532379804,0.11646826748987457,0.08839570672502255,0.07327144750293363,0.1329839099317172,0.03896419409399245,0.16348241344233672,0.08701956451539675,0.041097110608952776,0.15937699036597522
0.14761125232536623,0.1398687963647403,0.14083540810949757,0.15465141555419898,0.060374794118914034,0.01024518729949695,0.11284941758188077,0.051207586788682334,0.04812895934499231,0.13422718251223054
0.09540890315893528,0.03133770535327438,0.07537460840608155,0.0012850357966662505,0.03152409503746272,0.21101061098463142,0.20761486701196324,0.09362253969562362,0.12944592343225114,0.12337571112311059
0.1593034982916459,0.17273362246855103,0.1768180823223535,0.03513565685505868,0.07699323588753526,0.007444706272160288,0.17743018098138538,0.09801802779323837,0.0781029731456447,0.018020015982427036
0.08311328653886285,0.05288974291157519,0.18425635667715934,0.17816826909080752,0.13791428143399906,0.011679677154386756,0.08220418650171457,0.12510493308227946,0.07444478603962124,0.07022448056959402
0.08065991889947326,0.12857916428257155,0.1448109395599232,0.11681183697113455,0.011361093518363653,0.10432015345819635,0.07746292952421241,0.10827551703291914,0.11417544612233914,0.11354300063086659
0.0947637632209608,0.1438843878454838,0.0755272613183508,0.1181814286375097,0.050742527215457585,0.04720294040606628,0.1404588076614001,0.10629253657898902,0.0530981256697855,0.16984822144599626
0.0021734949995997057,0.10108865119133924,0.08697842019955661,0.16996609841864607,0.007491914512771838,0.0289198126555979,0.13521678311878232,0.15764283807502136,0.14183930911966108,0.16868267770902393
0.07590169407481957,0.08681006103551178,0.16957244839544572,0.019193162166142166,0.08642106629351971,0.15662904160119834,0.1447656871017598,0.13715255148250585,0.014984630299015332,0.10856965755008163
0.21615656796908236,0.17148687122431136,0.07999607683496666,0.05231229503766122,0.006517785203953649,0.17475925880909857,0.09930313685796502,0.019849295451993456,0.018219838871100312,0.1613988737398672
0.06538139817944882,0.1141592572652906,0.15701317486005986,0.14111885979344158,0.09983572561104367,0.10274683049040993,0.03234106497350823,0.09916281252869376,0.1483406571449563,0.03990021915314739
0.02924477447817881,0.2348580962268427,0.19743139509850943,0.13479352278994788,0.06994442970253494,0.010628473913132593,0.041488048800954254,0.007255340058436012,0.11728037209165189,0.15707554683981165
0.11645532500577968,0.07878803654263997,0.10991362556497906,0.0460208243978187,0.1303570563872291,0.15169926076849194,0.06277346290681629,0.10640681597488388,0.11833101950874264,0.07925457294261887
0.19044799924641323,0.06421245078133611,0.002059860431781274,0.21020871233242788,0.05268645629323545,0.056120169354919584,0.16838961517374917,0.055308393228300216,0.20017502827877084,0.00039131487906625265
0.08003872542848063,0.22780836282368258,0.037694003942658226,0.21749782293422945,0.10044949179251869,0.006509811434254129,0.026500300262528784,0.040048418023706255,0.175537787392088,0.0879152759658532
0.13306951123032504,0.05465398528842398,0.023072090567505952,0.13541435992133272,0.06126151889573284,0.12847623239848033,0.12782286862752432,0.1127084270912093,0.1073127303435599,0.11620827563590558
0.18214773954810978,0.03733326094907614,0.14955984549048398,0.04957764694038463,0.054478176318795715,0.166782194347045,0.12169347533236398,0.09547819951492671,0.13590934640564223,0.007040115153171794
0.12465490385933355,0.12059027661220523,0.009833695311707103,0.13425018478912595,0.08242596404585475,0.11480034230889485,0.13433876335219086,0.14182987051545132,0.011777814284581734,0.1254981849206547
0.051543785426936606,0.18540327824471806,0.16824455961488044,0.008760370250306964,0.12703621613308166,0.11791667868279161,0.05122091840300959,0.13870157426189234,0.023708746123391834,0.12746387285899105
0.14886849494063695,0.05840678388785216,0.03990432436161264,0.056888501946186706,0.21949125680169565,0.03753794430277114,0.1136398092404838,0.22274283266510614,0.01027426645826694,0.0922457853953879
0.09317391439487352,0.12555137944094585,0.07551856400646613,0.10112115892438596,0.03267274207701491,0.10323981636185335,0.1267005060192029,0.1299376468092316,0.08445328651351025,0.12763098545251536
0.11531685943373804,0.14736335149175694,0.13467134576888012,0.004293011969088575,0.14254992470021804,0.0905626508277937,0.04174286977965641,0.09432842725983169,0.09659208990398829,0.1325794688650483
0.021739206838434107,0.1413101326300504,0.04049462736252693,0.11437092693879275,0.14969905108910214,0.1030911388654654,0.12224280975998181,0.15579787143484652,0.09715106368404156,0.054103171396758465
0.09551903726896223,0.1110944204630737,0.14031982294380158,0.011412730039683676,0.039793806540360355,0.12464572595790654,0.07894557764927988,0.134387067721041,0.12834222551348948,0.1355395859024016
0.15249050825470692,0.016790515289804814,0.058959161198970336,0.08934645334836555,0.04374628779856997,0.15414473101807155,0.18788301086927195,0.061391911156329665,0.06622644265650716,0.16902097840940197
0.21427519884614518,0.04457466076225514,0.06400788542542607,0.01293769407198644,0.03193031104654485,0.17571314303669847,0.040910992635704684,0.10504639322861521,0.11337993608353666,0.1972237848630874
0.07927292246839997,0.1450553929634726,0.13238198873675913,0.16569922001505638,0.14410207757618002,0.022086203253877886,0.09357096265801028,0.008492519025488556,0.09112028390288063,0.11821842939987444
0.11648462426092485,0.08011163979921747,0.10476764983197716,0.03027777125458416,0.1698009134732229,0.11094070881160761,0.06886456598499882,0.07737972522211728,0.1495733581010884,0.09179904326026138
0.059132081678068216,0.12460775944173226,0.05607351305499732,0.18274840155722688,0.014970261880856352,0.20167428630432463,0.042303564794582034,0.20128406306887078,0.03617917105877599,0.08102689716056555
0.16331786163649953,0.17042668907548889,0.19507866146765881,0.037155643039148076,0.13658908607742878,0.06591233379640654,0.10935221154610823,0.02561837605604221,0.0031371628046117524,0.09341197450060727
0.041328173877434246,0.1199261961601956,0.13494775150505386,0.12591064213290173,0.08127437788715888,0.020782439958170446,0.07960270832166005,0.14293174093317343,0.12013059325941162,0.1331653759648401
0.048470633710246964,0.09710498432449133,0.11610005440165806,0.056515148981484464,0.12573176897965438,0.1070151093792245,0.10447881890489562,0.07153402133976788,0.10157831102327747,0.17147114895529944
0.1621146070773203,0.09817520791981742,0.17564774095922694,0.001021393049761514,0.03967958617388367,0.048532271584009946,0.1929398044039041,0.16133447499260906,0.11357387737916354,0.006981036460303603
0.06055209538353438,0.009002230338493223,0.15829027394887124,0.1511614235809297,0.06480352594696318,0.13866951997470087,0.10289586521519938,0.1609811008730944,0.03863655215774676,0.11500741258046693
0.06111975759447057,0.07577199744126971,0.11695091815724813,0.11994879737269494,0.091320668198748,0.16032088826773203,0.07020782252970693,0.04278853706261091,0.06579329625843759,0.19577731711708113
0.007695435420591893,0.027646008949951954,0.1792408421018815,0.08159541595628471,0.19526380647240463,0.0395472965090944,0.08796106230644615,0.13010279963876964,0.19301030129161864,0.05793703135295655
0.004897470320032703,0.13094016902261235,0.13151194419893633,0.10217988778567286,0.048901217594076944,0.16043415528706428,0.0435250541126962,0.1313092912723141,0.15831275086107677,0.08798805954551746
0.12726856327228003,0.013006292469879001,0.1266553595884474,0.06894153611122411,0.09782660017227914,0.14028553517890846,0.14236811103665378,0.12635330376270457,0.04869026013246936,0.10860443827515436
0.04377392735217559,0.1125885524349829,0.04453931539424094,0.1578641604488088,0.03155737011726031,0.01752537179436474,0.14928672849445596,0.11163727135283259,0.16029120934796734,0.17093609326291076
0.06265148129460511,0.011212983655254027,0.1262688051576032,0.12521190979690738,0.1395144099211099,0.0396559802991752,0.12630268773062828,0.051448882386741,0.15846166184587235,0.15927119791210353
0.12005134616453342,0.14741092290987873,0.2211035723424132,0.05736447598332202,0.14111726898028026,0.03344835038063685,0.02257128538773482,0.16553253670228155,0.06981706907684801,0.02158317207207122
0.09794585957974815,0.061678061036362024,0.11356356986850887,0.09033711411662337,0.07918455480243504,0.06921633512991496,0.14102177937584096,0.1479586399202178,0.05317824218710117,0.14591584398324778
0.11551260247970246,0.001960424303265117,0.324576166139481,0.18631484153759695,0.017541243155848582,0.16082950661951897,0.050995084928720624,0.060243559939686185,0.07484988119116737,0.007176689705012699
0.22679604399652178,0.2168872649301532,0.0622089541760651,0.1621728327012999,0.017518294881265,0.06487805641595516,0.09402203985856594,0.10880264123815836,0.009054364844904442,0.0376595069571111
0.15382915701466904,0.14494430326167373,0.015321711574466455,0.021986398743304617,0.15714283660700953,0.10911973038351123,0.12060490116774246,0.07254249498915302,0.09297065569883882,0.11153781055963115
0.14188892084743362,0.1794200455569798,0.095254254888742,0.15786315265911038,0.09940626419147401,0.0620223802452254,0.0457952414702397,0.04594901237434164,0.1619381886045872,0.010462539161866288
0.04737130086292334,0.1174473717112526,0.13831084997294063,0.034686504362883855,0.15851178476347313,0.08064744206724951,0.11597810456283278,0.1407482928388742,0.15026060206790234,0.016037746789667708
0.14562252686911492,0.1578581442536934,0.04562135510399951,0.11381577837998781,0.10650402834542103,0.08238646246673938,0.13418104103182207,0.02786889511723935,0.1548595211774671,0.03128224725451541
0.15925401031774414,0.10021734048013473,0.0342047141676102,0.0024658171730916646,0.1753582167761062,0.15112309769938087,0.014149514786951251,0.14501638746624518,0.1002313561367406,0.11797954499599521
0.062421364306981184,0.11128047728476585,0.1666021514141627,0.13624607947854922,0.12600857508335686,0.11593263764210225,0.03195498972282211,0.08820541208313254,0.0458246737604389,0.1155236392236885
0.0966605121154841,0.06835173174865203,0.086032242414854,0.1610401778642648,0.12665435799089814,0.07026459239951471,0.14904185903623487,0.16378430424272444,0.07128902365555333,0.0068811985318197304
0.1650471877629416,0.04617558372147391,0.02187425897077067,0.14227017835822378,0.2691915189614381,0.12788430623196737,0.09465831285919489,0.04683243338050406,0.04473639732808813,0.04132982242539753
0.010141435221979437,0.03365249136686087,0.1864991092590228,0.006384563386491529,0.07833787805133102,0.16835506085393728,0.118887109696464,0.1902440141981395,0.16244156445401736,0.045056773511756416
0.1443445015581949,0.03617867680033011,0.18662621492658046,0.12175798128064012,0.1556087873575851,0.1099351810442914,0.1527892855957,0.029696453755705177,0.0062741654663013595,0.056788752214671626
0.03360156048185368,0.07118997588761639,0.0067339292448804,0.2387490726947371,0.2305453300998493,0.07616759970751358,0.10655158215553745,0.060676770014780806,0.12493746786501002,0.05084671184822134
0.06474269001459355,0.12865717512738803,0.034868500515519894,0.09733007553295829,0.08954616105898472,0.14107281735126456,0.15363619979397977,0.10241685661038209,0.057103901574175955,0.13062562242075304
0.09202107962130295,0.11420397592744065,0.1542192217896041,0.06335246104507154,0.08805167990913748,0.04693232102134104,0.030150505640392598,0.1172955166243865,0.1755719400110778,0.11820129841024525
0.012213793565749797,0.1362488427021536,0.1448721117881296,0.16162345368035563,0.07624497579182131,0.10436364019506665,0.16210974943874848,0.15763057566046257,0.022000943132028893,0.022691914045483447
0.1814186267474199,0.08912691600827936,0.0838724645440455,0.05728561437229657,0.16759405165213076,0.0440043528432823,0.015410010014922919,0.1578428024704241,0.004054347197946552,0.19939081414925203
0.03631482445898313,0.16549859644795187,0.1339754022857372,0.09235061324610834,0.09512473334391658,0.12193123795503973,0.17882544129634903,0.12704372092405128,0.024104723972225114,0.024830706069637717
0.09101150474401323,0.18348792561720675,0.09558469359208928,0.23587807383041906,0.030729718053734215,0.050939677521491006,0.0378238579194706,0.16161073030641074,0.035680934359733886,0.07725288405543133
0.04309451951528476,0.12583643363637687,0.09233099234941058,0.17743678183548311,0.06351735640556327,0.15968014275684336,0.005123680025735052,0.06326783580065379,0.17599770496293424,0.09371455271171494
0.10152818721028864,0.1578941906845438,0.011177988518212195,0.08160932265068012,0.11168994051352643,0.156988582429685,0.05318706896258311,0.07410919160254026,0.1591657186937605,0.09264980873417995
0.16524290391516383,0.07563271720408903,0.051866137526989854,0.032973699415530563,0.04497210923441238,0.10112627631216692,0.038284836801580596,0.13558365099582068,0.17458226004365637,0.17973540855058978
0.24441334239771323,0.002071909040833674,0.05043988134588573,0.11038607719303647,0.06938711949968167,0.044424132420800753,0.2707323025551835,0.051695213440100016,0.1561599519271567,0.00029007017960819655
0.1399496483323024,0.0553943421254304,0.0020197572528297546,0.12895433789129002,0.14043166368890186,0.07371729649791742,0.13324223857757875,0.054180894983991756,0.12455395785690766,0.1475558627928499
0.029566732117959876,0.06801132833261807,0.05680538551196824,0.046813783945692924,0.13250757334954172,0.04760434924107823,0.19905808752710807,0.20344776762175873,0.026652639426337447,0.18953235292593676
0.10266234087927333,0.06382669221768222,0.1824615532799006,0.026718884468771714,0.19358886143736886,0.008926300120009082,0.08980405452594348,0.13371677891354397,0.1183688441540183,0.07992569000348843
0.08304794988289947,0.007645722356645559,0.0582020077373321,0.17154382816836036,0.20129071366664392,0.08691938443315766,0.19091747272975146,0.06517817045548767,0.02919146376288446,0.10606328680683733
0.0036170767706579514,0.13446845549465503,0.07353976261617566,0.10950487884446881,0.06068362906339786,0.17093132036698935,0.15449162306235734,0.15863266403333542,0.04700150809099405,0.08712908165696844
0.08659237350741825,0.20125476170784132,0.18624731349978135,0.17042060303644727,0.13146585966757868,0.05375650817724272,0.10075045807166469,0.019670210743447682,0.017071891698389782,0.03277001989018831
0.10310212174253827,0.11594739297840304,0.1282646521666728,0.06504993668172138,0.014368918475600215,0.07025666255977972,0.1528129440342168,0.18365491053989946,0.06769655445805033,0.09884590636311805
0.0007322642110100583,0.03456240157938384,0.23247430632438365,0.0026018815298444087,0.24193447633506748,0.21949609389998903,0.06187574928826753,0.011540253053390959,0.1810040234496916,0.013778550328971456
0.04727495459747521,0.12611347211040397,0.09368264732421083,0.14793868733510734,0.08930800441160341,0.07876696222930649,0.15035375148571978,0.10396941427706152,0.05309681156695914,0.10949529466215233
0.230150148600528,0.15660200105239377,0.183854322422875,0.032181293238787934,0.014430263647523612,0.08422066209606079,0.02707069252209983,0.10401539938336293,0.1259774271534098,0.0414977898829583
0.10195891156921463,0.09208850034182335,0.05977037956966842,0.07515291037233744,0.03766199104325797,0.02758763826723315,0.16425347971589724,0.17275621076522066,0.12803235047849754,0.14073762787684957
0.06950369508857353,0.10992075730086165,0.015280658429977344,0.08402324142136337,0.1882185450656644,0.11048963744668173,0.035120460606619566,0.1547307680777898,0.07100892930938565,0.16170330725308302
0.11342679862782307,0.06127336018561724,0.1324310847484845,0.14188862603746016,0.036287184466722654,0.04255643529996835,0.112268509486217,0.1231528730707446,0.11505986676724883,0.12165526130971366
0.19198101467460413,0.10701133456768146,0.0432400178457197,0.23992061699628422,0.04390625714717877,0.019488021043378753,0.06907966931723651,0.23209330826032443,0.012732150018086977,0.040547610129505245
0.14630409794307334,0.1188385905596207,0.027052088666686635,0.11310262156424244,0.10988404767569236,0.13244184342906112,0.04170332935667724,0.11849591674184091,0.01415131433011855,0.17802614973298664
0.13317148051037062,0.0708107478995548,0.10121504758597098,0.1302377527993478,0.04748520075621646,0.06261000025853115,0.15489449299625027,0.1302732049164334,0.10127081144954299,0.06803126082778145
0.07923662946195159,0.19177045840587015,0.06319598812379289,0.08448804190444834,0.05782128682408671,0.09332995690135135,0.16681926806481423,0.04871765296170193,0.16589692099021439,0.048723796361768476
0.11700488856596028,0.04963856535805096,0.07375318273062724,0.08141593761098322,0.09830571947146252,0.03854294499936866,0.12547294226267788,0.17418184477645807,0.13685614728569317,0.10482782693871802
0.06094962670000947,0.165510312405419,0.09424131591876124,0.05302801293401106,0.09400987794258354,0.25611166958155374,0.045193075160170286,0.1422156095576206,0.02643776149778179,0.06230273830208926
0.11656033218169538,0.2576831429069369,0.07440307163468639,0.04368553715049071,0.10524646276092964,0.07056184030932626,0.19271976401372232,0.023006219752903553,0.033155950801941565,0.08297767848736731
0.15285108334680744,0.1808624204498139,0.05039174909783148,0.1677695730222501,0.18129863841953275,0.0922012080379391,0.0033394489342288432,0.055814922166173925,0.022645752511510978,0.09282520401391135
0.023067243332418795,0.15926082180924028,0.09473235792894637,0.10176085888552726,0.1793749942216208,0.044563289712882995,0.11526787480602618,0.03317710118783536,0.11206237267612489,0.13673308543937712
0.03136201716588998,0.04803662065108223,0.15653452812510266,0.19435642328194566,0.10461885829234104,0.1075293478657651,0.13793450397322268,0.13025895780917895,0.023342572715964394,0.0660261701195073
0.1412349745217513,0.06293534192539797,0.12983836651218708,0.10872823619836915,0.09446448929091016,0.11445173962831336,0.1693260597619049,0.018173102824263418,0.12534982163926486,0.03549786769763788
0.050561567534241666,0.1033213862653555,0.045133340194550946,0.1554974607175334,0.016011585662379643,0.14709206293633956,0.0354161108789237,0.1969174474775253,0.03955955116281792,0.21048948717033253
0.07351630439845538,0.03287188401423298,0.11029430793520463,0.10996909772854535,0.11780253524290754,0.07735445815044066,0.14285934916709642,0.1641469090866932,0.15582957066541375,0.015355583611010292
0.01378516830888323,0.0774158037644727,0.13129384837222746,0.03516543290114623,0.1674588895208441,0.07293485104323603,0.09922197821790853,0.08563101867759598,0.16673104239906933,0.15036196679461644
0.0333994780672087,0.002613079138799132,0.24924228354004999,0.1335236827707292,0.2170524445890304,0.029475719999503002,0.16336031171616783,0.04216868046911595,0.09576706002327866,0.03339725968611709
0.08993927509069358,0.0018544232078488098,0.13322398908927924,0.07461624586828002,0.15820697280218962,0.08330898827559031,0.15638750948484442,0.11259047503642508,0.1514712009868772,0.038400920157971655
0.07553762176415736,0.15825673503706267,0.03649309166110674,0.11201679088909834,0.09935387699600741,0.10975497488177355,0.00815925625747039,0.15815469407799548,0.0910505884007028,0.15122237003462521
0.15136575394420676,0.039004034937617435,0.1332945096915042,0.14105535598523708,0.13498791136294278,0.13823249827837794,0.04688252006772491,0.14140961132464563,0.032077527048033135,0.04169027735971009
0.02925470596288264,0.053458515867017393,0.13264020232314394,0.07945194125248464,0.06436886580339167,0.17475861427049394,0.06517239033843684,0.10521310233782785,0.1163570627422884,0.17932459910203263
0.10895188411076916,0.10248120672870603,0.21677893046161886,0.10278184014878812,0.04624256810384166,0.03217536533469336,0.010811691526037132,0.21820582876771644,0.003843717487143679,0.1577269673306855
0.035378499141379555,0.1703986518426227,0.0823161160365079,0.0870157035060771,0.08208552787268528,0.0734682394995899,0.15235913206437446,0.020146829377468655,0.18075438998605117,0.11607691067324334
0.13487755686327327,0.040958244397266384,0.15089265644842217,0.09225542650987588,0.13634946580601856,0.12536739013207396,0.04579574206947232,0.024237536977413734,0.0841088196757843,0.1651571611203994
0.05036045708372331,0.1485857666214183,0.08744983021519893,0.06598151328168649,0.024545871357467722,0.2476891713648638,0.10773374180495628,0.04946557975823425,0.043002569429457474,0.1751854990829935
0.030394897340256244,0.1557698183902756,0.2154016635797361,0.015363787155077621,0.024929941858591882,0.11215172778291264,0.0640313920981559,0.036006364388841826,0.16186259226216226,0.18408781514398975
0.02127115032857296,0.07270883012886559,0.12943549230473528,0.11735148731031818,0.12174699043899755,0.0962462625193043,0.15439830225177054,0.1549530762284886,0.0005569909124010236,0.13133141757654598
0.017564662602527606,0.0511890765312259,0.013394711972545506,0.09386355706261465,0.049970394356622205,0.16202105528467192,0.16246581584847145,0.17555922253329198,0.12468617375628821,0.14928533005174058
0.1020940668968492,0.1186735498748043,0.03671524950188515,0.1482459983073426,0.09836764249772406,0.11432972438893804,0.07742409401279465,0.1212357402805377,0.0880387674791263,0.09487516675999802
0.051238982899159576,0.229042808164394,0.10949189488707099,0.10611179444683995,0.08519893098077784,0.029040463591095134,0.053797920507925645,0.015352246916332128,0.18173220476632293,0.13899275284008178
0.10002093525080612,0.01779452089762616,0.03804387305160519,0.05583526305620161,0.12511602905284416,0.09138340889968152,0.20742967710034885,0.17391548758959335,0.06824574651178737,0.12221505858950558
0.16895073993820295,0.12129994294123853,0.0932351732918856,0.18011881814950684,0.15429646018967708,0.06932710727944409,0.01492201275394227,0.01667163335239216,0.10213036994379439,0.07904774215991607
0.035690951565260885,0.1958950843354285,0.15250890847516158,0.14573411340215825,0.19784105210260716,0.0039067247619896895,0.048258686142699014,0.08101700411619178,0.0010015922285275295,0.13814588286997564
0.02637448608936559,0.07671438804056205,0.01109606221008643,0.04487024680650438,0.058482717949048565,0.182558787667169,0.15964214819259673,0.17685648671151546,0.16879219032931317,0.09461248600383879
0.08571136587294144,0.1570848707576254,0.13839957351715454,0.04371585080609494,0.06099470636223059,0.20974045224231974,0.056991681053797046,0.21085225414375683,0.02557296459179042,0.010936280652289165
0.040399385516094545,0.03729845678439849,0.018536129672285056,0.17717724199047016,0.052719288711929005,0.15418134571546435,0.15479641529551,0.13732185628957877,0.13160015167680322,0.09596972834746637
0.21300165383909545,0.06913576203219199,0.014883180089430377,0.050828987455735185,0.019635531786272996,0.2111106522085774,0.04674489448333657,0.10991268425781368,0.1821055851326356,0.0826410687149108
0.026336636082097555,0.07179680298908053,0.14575313225084915,0.16145613151293367,0.08689122112369073,0.015383528402992211,0.15205479017671503,0.17245577025778525,0.10228006334623779,0.065591923857618
0.1196562847347646,0.01981490889332139,0.005167790219289882,0.004130478862273167,0.09716337617929934,0.050738833035900543,0.1257502877687432,0.20598070963562304,0.18422240296446696,0.1873749277063178
0.01292267864933368,0.1852107842593524,0.10080781841818166,0.028012295408421543,0.2272258068520325,0.029994331508183775,0.030033092750182417,0.0872548890302421,0.12308302852218977,0.17545527460188007
0.113703287281798,0.1394792462918156,0.13319064005976086,0.14370999801854017,0.026476907575473538,0.15265618346601256,0.04044282432586125,0.055020292514602206,0.15143872861177804,0.04388189185435761
0.03602862608635248,0.05438521852549269,0.10018848525234139,0.14029300274358825,0.034505627205218915,0.13961742397123425,0.1708482749401832,0.11495859867956862,0.1473187122587395,0.06185603033728065
0.00444782721410677,0.15124976343670973,0.1363573043772361,0.09225026832506643,0.018116775408360406,0.06472140898484295,0.08329904331276775,0.010055717984575186,0.2245802672177611,0.21492162373857368
0.11996197272050532,0.12448561895123075,0.10777979844225964,0.11452011352572028,0.15006782162963617,0.06087058347642397,0.01681378127709551,0.07119190292015445,0.10733258549158749,0.1269758215653863
0.0024308213009570485,0.15900990116267447,0.17214209087034507,0.0175639867455367,0.09756312049938952,0.029053928305409826,0.12643177405990694,0.23280135061251178,0.09548698330372041,0.0675160431395483
0.0384814223111776,0.10146194624827891,0.08182718120579474,0.17323019650160928,0.020043678440094612,0.09861372636716347,0.09339179834605128,0.14707316659832873,0.041886071156691324,0.20399081282481007
0.03388465080690891,0.23544259199925974,0.06584573446973647,0.002081308227218547,0.01414612748764999,0.057902472860186315,0.24168049949165715,0.010451689877040952,0.28966135043268304,0.04890357434765885
0.15968305378253547,0.17521222329382086,0.016654860517154254,0.0944309350199655,0.147118559926526,0.09956032908840821,0.16321410198000041,0.019685926697403194,0.06366864178083279,0.06077136791335329
0.07251391153787064,0.11051761117624147,0.013475375368443131,0.16707046975773834,0.04722805222688636,0.1049871730970635,0.12528247643234622,0.12203372115264645,0.1433441911170853,0.09354701813367848
0.10358700585883555,0.07888255515400217,0.14419967219496088,0.09329383090846546,0.17220946566769335,0.07058769965988351,0.11857995674926101,0.12857089570727623,0.06530979292489951,0.024779125174722413
0.19693641042586105,0.1265402679740269,0.062462726209989224,0.041004506746002076,0.1491210992981524,0.08093388934063513,0.15132335521786608,0.08816193470613322,0.03541238128585974,0.06810342879547439
0.0399925882373176,0.16387336292361326,0.09083154345612883,0.12230902662140317,0.11258061019127685,0.18604623273535953,0.07688314824671277,0.05956726606629864,0.1143908193058302,0.03352540221605915
0.052300675808313324,0.19929430935373402,0.02001317094338119,0.08667049844997672,0.2489900599880593,0.04285996029522539,0.013199305864129906,0.11630535530307225,0.09767238415627671,0.12269427983783121
0.13686304076336284,0.09300974600347942,0.1152472166124426,0.15085566011260257,0.04922510596566689,0.13534139977508575,0.18160550670238151,0.010851512171012087,0.05368430618339768,0.07331650571056857
0.044475733611662384,0.09780746091910132,0.11528197508984263,0.0013700022471059778,0.12396016986720625,0.08938272356700713,0.2445739272585104,0.01434924451494625,0.06256044386738326,0.20623831905723447
0.018572262607688725,0.15574029825677993,0.15411320919289015,0.10420376056868996,0.10949431243594959,0.09765861080660813,0.07917438743464564,0.0550102288839415,0.055247956952438754,0.17078497286036765
0.08233550218469186,0.0504807181283273,0.07124784644250685,0.11480477072577756,0.1384070529481164,0.10640195949138492,0.09692376254423582,0.07478541085035054,0.12077688224001346,0.1438360944445953
0.013423392612200175,0.019933034484536725,0.04040588874745773,0.14971068132557122,0.16127651053965783,0.15170830510467354,0.06395890606987839,0.12393810211040607,0.1564360350273134,0.11920914397830487
0.08452092628097503,0.19778784618484838,0.16495866375436763,0.036035597169836786,0.16911128337405154,0.05832092132022157,0.19973260013461513,0.07907139066126125,0.0045056794093980826,0.00595509171042467
0.013596115998849918,0.051053381545916716,0.07144834039465092,0.1758071815999303,0.1977425020830792,0.08182091598563673,0.18258982951418323,0.06646216949291281,0.12374441346702696,0.03573514991781323
0.02570948913614083,0.04499811831981775,0.032161564588404586,0.14472743520423645,0.06696024623371159,0.20403121872040034,0.0545932159499285,0.09228214498542041,0.1378236500468949,0.19671291681504469
0.22767329751184603,0.0003654887937093627,0.21111387828732808,0.1963283171901864,0.04346202717317575,0.14347967535025644,0.0218184467768098,0.037240295305594924,0.11484225549050228,0.003676318120591061
0.11022678498879793,0.12389922655366314,0.005925431895298074,0.18662605500310733,0.07360664292890183,0.18043690782980928,0.16942582701275108,0.0244383751870423,0.09130200932233803,0.03411273927829104
0.07495415970150006,0.13139225455811337,0.06395870023822099,0.10515207866501901,0.07287358310288135,0.14422937342412528,0.12597901091897304,0.0649916210935414,0.07381747153223756,0.14265174676538803
0.06216403457684435,0.021893169059859018,0.039026309794170246,0.06964833869607572,0.16878142932276904,0.18845399673826252,0.18554396927994182,0.0350433014087698,0.11465339956875407,0.11479205155455346
0.06405539651412714,0.09785368242907236,0.15243639919470112,0.05914834852893339,0.09652010447639985,0.15320142824645816,0.16091179049707421,0.12939938729514783,0.07961107746818308,0.006862385349902797
0.016933533934041674,0.16005501730050375,0.1382140348036099,0.06510749420597156,0.09649326827035806,0.12443216830786227,0.14935670998311815,0.08435569453437186,0.16191535690233871,0.0031367217578241176
0.018480864611432276,0.171593541714517,0.06520497046575995,0.17132668065757145,0.04184173371479522,0.0651763193444725,0.1063018560303902,0.1475509858678561,0.0010485069853977422,0.21147454060780763
0.13924014669343868,0.09170132018747078,0.033683038663590535,0.11075321936210429,0.13831432571042818,0.10777341597722041,0.057919743385903326,0.13821219942586455,0.14131789070057138,0.041084699893407864
0.03816859129814393,0.12202527086926701,0.18313800260818913,0.14771149651250773,0.17023156983366905,0.07358808323725718,0.007528174035121596,0.011079612475908822,0.06710756835526105,0.17942163077467438
0.06742307234832376,0.22503956038514686,0.13979941150021608,0.1304225517842447,0.12776210928903922,0.15008994273234952,0.008452638704942358,0.015306908236766325,0.014726130878992242,0.12097767413997912
0.154758849780969,0.13701286873419902,0.05180546714570006,0.10786024440984787,0.09180063525461195,0.18409804042268976,0.01719122654884075,0.15722164503643413,0.005746411847781822,0.09250461081892554
0.13961296587217698,0.1925948312246249,0.1917601354446894,0.18629496672131787,0.0603312817585959,0.004866733180525092,0.024422742147292828,0.016732719494366863,0.020497964852128545,0.1628856593042816
0.0818006944563334,0.10912604336218229,0.013732993384857747,0.13197496899437983,0.10971984267835218,0.11928445159306383,0.1151836490431179,0.07183250934978634,0.1616013763212661,0.08574347081666031
