i = 0,i = 1,i = 2,i = 3,i = 4,i = 5,i = 6,i = 7,i = 8,i = 9
0.12238245911960192,0.09232741945190151,0.16514910965894528,0.1485906268143959,0.12163066727753873,0.047208297260694615,0.07971605775902676,0.13925774236390237,0.04684368226451575,0.03689393802947716
0.15285768369813157,0.08046415930449638,0.13426442236548564,0.12583479765872713,0.07275773737728863,0.10122120114049496,0.11936109540612685,0.09252244785017576,0.04687456819108457,0.07384188700798865
0.12432469925865544,0.11613210808684753,0.15483324925756245,0.07454956066700981,0.18157169751003854,0.11035326871469102,0.079470824923747,0.11314427117698307,0.0028583784062842362,0.042761941998181056
0.11326370990861184,0.08188173460237179,0.09449285223869644,0.11485196741432481,0.08721996787829558,0.031200359831374196,0.015108404717984284,0.20332690986002985,0.2171839512236532,0.041470142324658184
0.08208804316547606,0.1421303606553929,0.08304887311153134,0.08010500498666268,0.12697781163128896,0.09849896252881714,0.12395290406737157,0.11543977932524054,0.016063092337473762,0.1316951681907452
0.14200482728012143,0.08003634549674513,0.07960132122755957,0.08135852578564635,0.19297833727799907,0.18039982790753437,0.028526409922345012,0.014326038366692715,0.08474525891973901,0.1160231078156173
0.003345899279124815,0.03215529778936839,0.14886648808551042,0.1488148057245576,0.09003247486434117,0.13878407489017794,0.07699771959033042,0.13079552379927276,0.12699852653433807,0.10320918944297845
0.007583007834153263,0.07177308878823446,0.030775027716137136,0.23585444839944647,0.13340782567099593,0.12494401052651019,0.027162036379897482,0.1388671300604662,0.18455188565343164,0.0450815389707271
0.15835111031962146,0.16492955732205425,0.06120806674203464,0.027818233661995928,0.17587296978966266,0.13682033627770152,0.0415871655711783,0.08332967789044633,0.0902987281350314,0.05978415429027359
0.16276409294232036,0.08878871701805109,0.10181164189425101,0.16760910693370493,0.0171517027775542,0.08623695376829717,0.053195507141756644,0.16490708615815028,0.13245544370364448,0.02507974766227001
0.04984002210865017,0.1985195646907038,0.09658497014843971,0.07599026506297692,0.006642069857882857,0.03246010167735361,0.17074304481707686,0.1574187620970964,0.12304246933865283,0.08875873020116702
0.05243460201887528,0.15157593987302526,0.01085795392051048,0.019604372287721515,0.1318962639018808,0.09435931984458368,0.14721519776733896,0.07830457129802795,0.15299004374101263,0.1607617353470234
0.05263503273134301,0.1251875671245353,0.008438714322054177,0.15716186566080942,0.21431128314989323,0.14131118394600278,0.07104328371343725,0.05214162273514916,0.15103935549523725,0.026730091121538308
0.06450173802857925,0.10803316921304085,0.15239147223706132,0.01940786183694417,0.1573441799397491,0.16073085934023756,0.05457708987671507,0.15087034633323818,0.028730717390045096,0.10341256580438944
0.178283422328522,0.0855469002198264,0.06031392773332122,0.20815391330268163,0.052166897047259686,0.010702217974551368,0.1325357492964722,0.040688814384196755,0.08788325987590617,0.1437248978372627
0.10780265194615243,0.12362814465205627,0.10312927263380259,0.04176786061084315,0.09507329302728504,0.12416560290153072,0.10616547007208653,0.10443463079323813,0.13514469818684768,0.05868837517615751
0.2053314893250532,0.14618873774588675,0.06839645260210574,0.1772725636287653,0.03093139022403454,0.06750023337647369,0.1111029454334522,0.10412009103601218,0.029280775350206217,0.059875321278010235
0.010808539265082144,0.12643986443568117,0.15183922840382616,0.0203050447445754,0.03866467625758301,0.05353025693501955,0.0728576679747566,0.1728986581446616,0.16202931340958016,0.19062675042923422
0.1596713541343171,0.011066267079610673,0.0035241229206061805,0.16393234378143634,0.07985885688205384,0.06789950366466395,0.07784103946750878,0.15579761305404555,0.151028474935099,0.12938042408065853
0.0388415228490678,0.09493469198561277,0.15651061350296697,0.043770113788062996,0.141329786682124,0.10425956198499858,0.10092316124286847,0.1268767648573251,0.1168417161090745,0.07571206699789883
0.0005680241435685828,0.23575198220566487,0.04215474986451449,0.2280265308539933,0.2376355539748171,0.03380099839265479,0.009499498225118365,0.023080945048161872,0.15688237724581044,0.0325993400456962
0.06544835010197654,0.04456079710617152,0.1553033543300366,0.1358271031026759,0.09905971574223156,0.09686215426684752,0.1370822019584839,0.09786598615377003,0.1450040676066466,0.02298626963115972
0.14370046347689291,0.14751991355960214,0.13919262065539337,0.06685288247350889,0.09989198419632776,0.0434248179259991,0.07290010630423424,0.13621130426509612,0.0715024412892448,0.07880346585370056
0.049690952883208815,0.16043949605242802,0.12113061568612324,0.14284671038942034,0.08955841278319993,0.012495405563776388,0.08482792886689364,0.10298678400295799,0.13778970580929578,0.09823398796269567
0.19594564988945418,0.18298807993683083,0.018378580195259845,0.0008461474652228725,0.15236832657140553,0.008223482914469326,0.13253253190230063,0.02628081869480013,0.1286580313373342,0.1537783510929224
0.13075964787685493,0.0047139292293902815,0.0006232135462038704,0.160001229105233,0.07884276548362971,0.13580208982842848,0.15504723189968753,0.11335286525828563,0.1186235550713632,0.10223347270092342
0.1547914454469284,0.10268852197888217,0.07859674761985617,0.1304922559266723,0.005257284708152353,0.09773181220414924,0.14195437116874765,0.08992909339531366,0.14520136430168276,0.053357103249615186
0.07872692417666145,0.15655543879360131,0.18937075068800444,0.04387831675690029,0.14019194669640797,0.03147997412459611,0.06691369111012548,0.18554373913366987,0.08955081981184465,0.017788398708188276
0.17610955110421464,0.15954908540550103,0.13108377151048106,0.1417336497360468,0.08408460136588612,0.13472463026747858,0.042101714403033806,0.03573975041600583,0.04984488811429736,0.04502835767705468
0.12266823939622341,0.005245266999340523,0.1506275956372062,0.06729452445267155,0.15768292820704147,0.15958200248128493,0.02156795241566047,0.09754054347449609,0.059756759800034656,0.15803418713604078
0.20765622327224048,0.09173983988055381,0.18919974797011263,0.11274972104059167,0.005371009790025823,0.1916921928401171,0.004934332078545128,0.007039358524049342,0.05823977097370375,0.13137780363006024
0.0802574525141154,0.006740171314591261,0.09066350251372823,0.10455145802768784,0.09613821172081842,0.1862038011227117,0.17940674747886035,0.03653912711251019,0.1446723532436344,0.07482717495134221
0.04364005768091061,0.17596660170816436,0.07634731616557788,0.09423710311463646,0.035928283929302814,0.013106158900781498,0.14003154590145406,0.17639319323637737,0.15352912464816915,0.09082061471462582
0.09062420793411723,0.009974245115754682,0.026429615498350646,0.1710924596476302,0.12463402209881587,0.02185450646422645,0.1778407526315417,0.14796021456784955,0.0529111679138656,0.17667880812784795
0.20499772653720902,0.08587736208005596,0.19057208166804995,0.07695761981399353,0.19577763670354778,0.002482720550925352,0.11326281323885644,0.11328599799302908,0.011849184232387148,0.0049368571819457625
0.17779949804581024,0.1716989344176782,0.08555943662873956,0.0839867352462332,0.08059611625777113,0.06754150437330678,0.1517735885426996,0.03832791070466442,0.02432050981949306,0.11839576596360392
0.05322079810279389,0.14707729940742403,0.07410718090346989,0.14792523869993754,0.13841902327400488,0.052320969179673604,0.09295310049764594,0.08710578143412984,0.12107218391457973,0.08579842458634063
0.12052598776470469,0.018709605192797945,0.13935816258327596,0.02713987557085583,0.09467096364139527,0.13847194248267292,0.11045330633890939,0.07796679625813523,0.1475941843123171,0.1251091758549357
0.09730403481787908,0.18213435480173748,0.08719634306537458,0.006120966582591557,0.1697636008899886,0.020114769981543244,0.18826126782660388,0.015036687152888053,0.052631606761165545,0.18143636812022804
0.07306359789668336,0.11210893424250715,0.15405267642553108,0.030409338126871466,0.1222770022226002,0.10306810920893023,0.03073265402703639,0.010304654594519772,0.18532272116050943,0.17866031209481106
0.062238568066028274,0.06902662780711753,0.05843151017824456,0.14545290983606263,0.03340954378202443,0.16503084052330208,0.16995416620672626,0.11925569218624095,0.13671300558597574,0.04048713582827752
0.2058576144573567,0.034958176199410926,0.08055032823653549,0.08775132855327641,0.17844485212998623,0.14604238166641806,0.043691098266875804,0.14266621518312558,0.05875275614460715,0.02128524916240766
0.034246889602908025,0.0805093466230102,0.10927993643583489,0.13552955441989717,0.12714225028756126,0.156075294683317,0.10314568667627885,0.045296077299523514,0.1473371160738082,0.061437847897860956
0.06149996437739048,0.06760700345727044,0.1511700105680339,0.013457668395115365,0.15080113897681977,0.13741819424288637,0.13754267909640527,0.14448474852794727,0.11902127780155174,0.016997314556579466
0.12427939802372329,0.2381736808107394,0.021523174175952564,0.11532928863290486,0.07778620186896575,0.052872453831603744,0.20772976824019126,0.019225806849532408,0.08651064639100557,0.05656958117538109
0.15458778467951162,0.16346588156906117,0.1060115522675619,0.05323164442982516,0.08976070041700875,0.06039364877701806,0.1559320145943115,0.062235586959065475,0.04696363543937805,0.10741755086725834
0.18249121483292804,0.02474779298231322,0.10819441454918588,0.019257751117454053,0.16207772042222163,0.18227149033292692,0.009413314055066397,0.021127346222961963,0.16944352263709278,0.12097543284784922
0.1204176550799277,0.10895203108908603,0.12667041945698268,0.07632049611758562,0.10707106714698335,0.07845511908212435,0.08244357489004797,0.08633042654636933,0.07877781892826786,0.1345613916626252
0.08930890952615114,0.013658498894872787,0.11798228116051031,0.030599601615672996,0.1169292389931804,0.18156616241952223,0.13112877850491855,0.19876698990856492,0.01911676220292146,0.10094277677368517
0.032150137413597055,0.14541249643504056,0.1485475805110624,0.05638113145654426,0.018178395507006822,0.11805315598014608,0.16633944403557438,0.15814407411271136,0.1311726503594407,0.02562093418887653
0.18427680063986696,0.17632822893497083,0.04579997272322387,0.10280002971889105,0.11347954121847874,0.057606441994251474,0.14447620875794379,0.003191227383678136,0.09893883542606136,0.07310271320263378
0.11640714391318428,0.16694604191232673,0.061187655323346794,0.15951708088631641,0.12217612720544947,0.07736032230690475,0.09503366332790088,0.08520530818246665,0.06720291865062125,0.04896373829148284
0.03550726776997931,0.1649432819279557,0.17654716598732614,0.08131031932047424,0.019100475235405538,0.06883687970485974,0.16068539565602727,0.07665256022654944,0.14082229165477017,0.07559436251665258
0.11768840688285324,0.14192435724893063,0.1405794832592069,0.030186470984000263,0.1320229128168887,0.09957757284340123,0.06994562361837416,0.047248100093412584,0.13428792656571534,0.08653914568721695
0.1647747173104511,0.13308834815686485,0.03891602886721995,0.017014055555556983,0.1262529924117569,0.13173178661624363,0.08116391731735427,0.09947076677356227,0.11755738611642197,0.09003000087456822
0.01913362081460778,0.21058025513493986,0.13394112504414413,0.060037488484641896,0.05860588902971218,0.20373198246295973,0.04751474450422004,0.10966035534097765,0.09535548071944788,0.06143905846434866
0.010451493586422169,0.022223422794004577,0.21480042949739955,0.039131768310282665,0.09764952377079114,0.14736321341583045,0.09382720304021054,0.2160333263210059,0.13382613458391518,0.024693484680137778
0.05307928485963194,0.12742137191961744,0.09439290790417039,0.1206366178815392,0.1155215490168612,0.06999685068215396,0.1311988058225628,0.0776475830963175,0.12029668172277137,0.0898083470943743
0.08281286430796095,0.19841719016898537,0.05737566274435854,0.011308942344693804,0.004053471329064345,0.11012059065535518,0.1937113165463685,0.20194100920226724,0.01603864527042988,0.12422030743051617
0.19638184235092318,0.20459576814775576,0.012710307045826824,0.09249503074469595,0.15890865620346784,0.05167579801494564,0.11241336395281543,0.06455419873441301,0.07348295471079742,0.032782080094359074
0.17835330109259853,0.024703591607747256,0.16775675029469003,0.12177978580112145,0.2596995381744408,0.06208247480678749,0.061852876872648246,0.024260216174571046,0.06283280879224125,0.03667865638315385
0.09592208622924403,0.03631756135200213,0.1264285572864867,0.06697354090119478,0.10577468400003433,0.14620801646390194,0.1423711848733409,0.09830653769261169,0.03356895864676571,0.1481288725544177
0.16608205072121374,0.10765620603883316,0.046111328451777275,0.10495120483053244,0.01592550835661341,0.12630203153641253,0.018292830334732654,0.24112865907144518,0.12913048849383565,0.044419692164603876
0.11744347613291958,0.13496429082172384,0.16164828020113123,0.1790040630647408,0.030664377721755863,0.029775660276221735,0.11468160841752946,0.08790846205018037,0.018877539970701553,0.1250322413430955
0.2001055993735892,0.010694050202818113,0.03450056279946563,0.2889675542067281,0.017927887504952302,0.025245045395724978,0.08207786083897456,0.04359027956272889,0.2628128663998956,0.03407829371512268
0.10278525034746121,0.14869746754371,0.054642092016546406,0.1823752189341471,0.018009726962648652,0.01051117463225098,0.14921240035895178,0.18990283341661612,0.06788042325619256,0.07598341253147536
0.08697437708189003,0.1622907875043317,0.09355590261066443,0.14009935346491528,0.1431376281574007,0.02484995502815871,0.07335383343208694,0.11741963274126734,0.1284291910288477,0.029889338950437067
0.139745234935474,0.08483694151353616,0.014863898401548366,0.04663120167242563,0.07512069552980766,0.08517574694920042,0.12743799469786152,0.18584389438648938,0.06578092974539135,0.17456346216826552
0.1565075886464245,0.03672850965464713,0.1847496769951349,0.11059074428512579,0.020024017366660367,0.09759104617276564,0.13217452146866143,0.015014747353514398,0.13215794921931118,0.11446119883775457
0.1310561084830053,0.039620926767019456,0.05824750106502327,0.1242993458878245,0.14056284313725662,0.02880401289485973,0.11878497264266781,0.06635380112368008,0.10798314645662092,0.1842873415420423
0.046600385010564016,0.026565592308520628,0.0421366201028126,0.1437724437533601,0.017377710948991834,0.13584120318843398,0.046637629615177346,0.170456445579976,0.17601774816102853,0.1945942213311349
0.11501828035365047,0.17737584910706589,0.18295007833544746,0.13257965490497411,0.00822677286008204,0.15012887809101105,0.05481468168235765,0.08119890722257606,0.06782192933458953,0.029884968108245813
0.032612726774014084,0.07097842656006075,0.07724504483306453,0.1570186296444049,0.12701797072700594,0.11138971779371534,0.06852488289607966,0.10455388593822744,0.12103807423595876,0.12962064059746858
0.06282488415132129,0.04686127820018326,0.17237624868372156,0.0005858248858449134,0.13073086897073719,0.166229292231523,0.07472404843852345,0.061460023227281356,0.1634947219958026,0.12071280921506138
0.18415068347091368,0.0798137842179382,0.1533348980537788,0.07127280212745074,0.05674970031273648,0.14679601102584897,0.05152441572278872,0.04134524566135191,0.052193182873040804,0.16281927653415165
0.19794961938542469,0.07475052503881874,0.13465016889142115,0.048072276226296735,0.13518296972102353,0.13591596666782224,0.06857835215166799,0.09077932702598278,0.08608279528576926,0.028037999605772947
0.15628520316550099,0.0904306455173799,0.005538383007540594,0.02200110625821955,0.1760826320554288,0.0705136316959598,0.11783570410576005,0.12296770859479668,0.11899257163550456,0.11935241396390923
0.1072573824410199,0.0625785993096296,0.2052834380887707,0.07112736515340903,0.026136017736139806,0.05187290572563786,0.1339663276525393,0.2087661136993708,0.03452407638284895,0.09848777381063409
0.10963610529433743,0.06470573063831299,0.06337338885078404,0.0640714732067536,0.025503392833300838,0.17925676071495042,0.01969266594515193,0.12988335939324,0.2072242393519209,0.13665288377124785
0.13642348257175896,0.11999834752507602,0.11497938082656262,0.1174628584789804,0.10538922487416433,0.07786051647984998,0.06965705403731279,0.11655990815631537,0.07920400123329564,0.062465225816683866
0.08643830522828941,0.1284627212323356,0.03744638449047234,0.11908516628803378,0.09455618359512521,0.035715363258346816,0.12096744802626941,0.14065400103661302,0.12051876627230261,0.11615566057221187
0.1687498076171246,0.14064958162107857,0.07265206402829691,0.166966327395691,0.05304933113434468,0.04785316836138562,0.03251536302959223,0.12263635180906447,0.03393418480889415,0.16099382019452774
0.037840239044893184,0.13526222940725444,0.03768743214532565,0.1254967670872465,0.11701588888044624,0.14599993380191104,0.16341159692242033,0.007699936184272389,0.148680142984499,0.08090583354173123
0.12904670543869162,0.06030918082392844,0.0870924985845365,0.10882000822336096,0.07173949149078704,0.15291421477133382,0.027981846849044277,0.1071777948892894,0.09621329234908774,0.15870496657994032
0.0731241292584805,0.12629813702166692,0.12802756608408103,0.11631689857501742,0.13938365285432075,0.13809455649497857,0.07500685529875255,0.021348928912146084,0.03460574852191568,0.14779352697864034
0.13481990925159873,0.01214210158891959,0.19668903294704812,0.04048713776873227,0.064183101088316,0.17377112578481557,0.20788347888840333,0.0017709262250935071,0.16076840598763545,0.007484780469437637
0.09089877885400846,0.017106255940407964,0.1667855620428082,0.18150176626316294,0.10066611852742552,0.15665850429234782,0.014523783742366398,0.04892661675666711,0.07262770490689065,0.1503049086739149
0.16260216282491927,0.045589849272052875,0.15851347998707613,0.04249326297447133,0.14070472410245227,0.06842126619924643,0.13306954936260787,0.12795127950643795,0.050150774295401226,0.07050365147533463
0.13512331301870179,0.15272923432005822,0.03061184010923118,0.11058394172963378,0.12591824903689977,0.16413562436709672,0.0051011219468514515,0.047785265242659476,0.1645827828030991,0.06342862742576841
0.09721131619363409,0.08494752793908496,0.11633359527224563,0.12731716581514607,0.1327265672203655,0.06438012593728057,0.08419990374652633,0.13428067520273065,0.02987833037286045,0.12872479230012582
0.07113531842263335,0.11037530181121698,0.06726058935588079,0.12142846378896896,0.15355622506969033,0.15680498385534108,0.08020310723558152,0.16465448455725437,0.021129222282556395,0.05345230362087644
0.12070098644419379,0.09940872695518763,0.04509453134007406,0.060391249042256755,0.12066403780699247,0.059748665972003616,0.13317816256276516,0.06468634316272859,0.1446668782945975,0.15146041841920038
0.16345802961805236,0.16882379022213373,0.05034529339271522,0.06578978441104084,0.003865004175621765,0.08826404720531372,0.11148232315584468,0.019850252777308067,0.20841717208835028,0.1197043029536193
0.09404753954905379,0.13638164942682274,0.10905678001843373,0.009345897253460717,0.15968225602560002,0.14729324371728664,0.07167254084856588,0.0846615710328272,0.0811094226567519,0.10674909947119735
0.004471479003777823,0.2122219562411516,0.06524368728615136,0.03439019168371138,0.07034968452776029,0.162074329405887,0.1493063163155867,0.09997087792047103,0.15033780764561042,0.05163366996989237
0.16345812361832807,0.07484774691640837,0.06847328831899849,0.10241123415211156,0.063519874337009,0.16583448433855216,0.1624066417984328,0.024667784010000325,0.07374486317584356,0.10063595933431571
0.08950704232052291,0.15555516148801646,0.038425188908584845,0.18275920290167727,0.15461753604111003,0.07786639387221436,0.17402984736256075,0.031748190177383444,0.009380179459385634,0.08611125746854441
0.15355333182844713,0.07539968680832727,0.04026567064444626,0.18411644346502323,0.09467130051554241,0.019387602236371163,0.15359203052674336,0.10403798892533356,0.16604306477101596,0.008932880278749729
0.1233380895445995,0.1711235145544503,0.0027518903117992864,0.15497584101866813,0.04845059768427379,0.16108671248002515,0.11573772271712525,0.08754460364831701,0.01538856157050907,0.1196024664702324
0.15678839159346739,0.13208834137301953,0.03561026461032873,0.1486925008970182,0.09380738687829339,0.11918639604866554,0.13492770250093564,0.054644683311913814,0.10195693459982748,0.022297398186530395
0.08834865065437011,0.0875919701779699,0.15545597407843653,0.0544271354075366,0.10102931847350438,0.20136066351094833,0.010677558721961815,0.03778369954453009,0.11585160150824281,0.14747342792249946
0.1226983547929983,0.05716925328672488,0.09766803806701464,0.08036540996448428,0.08094161092529921,0.13067417948896437,0.161038532979505,0.12868695970150223,0.061179377934139745,0.07957828285936734
0.14832254206173118,0.032966914862896365,0.12643051560040025,0.12395518985560565,0.031160892279723806,0.0832040949585191,0.07685136170147791,0.1459293945489413,0.10855607765473274,0.12262301647597168
0.0735922204052784,0.17986802394509943,0.0967443665529213,0.01889921507021538,0.06876190322292722,0.12544999272167,0.03887872648367364,0.06800759296525737,0.1753516480522061,0.15444631058075103
0.051159344992964956,0.020209294969220457,0.17800812194853935,0.11013561399482334,0.010599843039697562,0.17303503535148385,0.14687797487017276,0.15985536458430893,0.12629426718885348,0.02382513905993517
0.0195945881070947,0.05986025835316063,0.15991825755829306,0.12787838103352503,0.0585506815194388,0.06647800221763686,0.1263023698441628,0.14530757945316686,0.11967339994187694,0.11643648197164441
0.1957795667465656,0.0211984742875798,0.13964529802034048,0.20789340932975298,0.10248047755660022,0.1066682602023328,0.13889281341157936,0.060428400048900155,0.01587127387484871,0.011142026521499895
0.13242895319244594,0.07466622319343437,0.11405630614557033,0.0417641142668942,0.11786150860279303,0.07165508461735084,0.07339257270957618,0.1122369068842927,0.10266796863022709,0.15927036175741535
0.18419456337195186,0.06382980841459548,0.13599501832382174,0.1750932282283001,0.07724415556444626,0.09766393578649753,0.026676844802110092,0.15280966726078765,0.024323163560580653,0.06216961468690862
0.05410653026914158,0.1891054768443543,0.05984214628507718,0.01477829227753196,0.07082211295159263,0.16360008597878958,0.21138766024297925,0.004473610654801522,0.18068118215483378,0.0512029023408982
0.14908344805126394,0.1660298483881142,0.0025714428079306115,0.07851118481209493,0.12425686691720904,0.08591892810680216,0.14751909668560934,0.11814003874544925,0.036411214521141995,0.09155793096438451
0.06667493370393834,0.17694532511998834,0.00699893612738675,0.03175310748561453,0.13436051449078368,0.12733172946958687,0.10520822947944182,0.10033106796464125,0.14223465765569093,0.10816149850292754
0.1797224857357584,0.016466203544846854,0.1661236459160683,0.06218215118844697,0.1720182831764171,0.013731083143342093,0.15318536402664545,0.034106584555904026,0.05785017598920452,0.1446140227233664
0.1940633995947095,0.19808763116314176,0.01489068099620474,0.10625773492203298,0.07552902204366371,0.07554351283244587,0.07761002749032825,0.0234737582070736,0.1041939713477512,0.13035026140264838
0.12372692587342875,0.05028175565647685,0.10952023685230082,0.059889803588537356,0.0765910130712763,0.1401959383019362,0.14390352639903894,0.04549216047198037,0.06187010892298052,0.188528530862044
0.020232371521984604,0.16130243937610272,0.0764014286418652,0.17975029221090616,0.03353634268154183,0.015514384322552883,0.1796545542983827,0.17824911710066746,0.12528116104258255,0.03007790880341394
0.10396299811553474,0.053099664489639556,0.11508359054632519,0.14073067273881357,0.1531059682436399,0.11016971685293532,0.0008823393078494196,0.07182889319445175,0.14737495814902082,0.10376119836178965
0.13691556541668157,0.14447412513683275,0.13608843334335402,0.05771555475673061,0.070071036724793,0.12206307984708685,0.07359239428011903,0.015367688936428757,0.1275582267382898,0.11615389481968363
0.12789874670392798,0.0030438219408125693,0.04668820921121842,0.12503114250435737,0.060789805693904485,0.12060620918954494,0.04600900959499495,0.18460330915303372,0.23708693526498156,0.048242810743224014
0.1667653637762201,0.18435235308042086,0.06456195586851846,0.013743364472840414,0.21340706091056505,0.015256208181735873,0.10490809119519295,0.04656553815328194,0.09566555749371049,0.0947745068675138
0.035199168939474196,0.09358951807111222,0.16799101108856754,0.15826437930107565,0.029344366947889843,0.13543859216862758,0.05495726056023905,0.11325415138364679,0.06122562707861157,0.15073592446075557
0.047058936174020446,0.02680702179963716,0.0749582282229698,0.13830182305143676,0.13764496293114936,0.19621338586483797,0.14868335769356128,0.06845188881390889,0.1232217992486111,0.038658596199867376
0.1700538986956131,0.1890901725792969,0.1058826105818289,0.08578076101404004,0.01562877811163465,0.08216694728716072,0.08570501398811763,0.026117260259698603,0.13673436699380837,0.10284019048880096
0.11743685696569814,0.09584923350599009,0.15245845777833797,0.10034781077257728,0.07681953522918208,0.14034326903474303,0.14219645720659044,0.04555166022098867,0.023914238877565955,0.10508248040832635
0.17611505072863395,0.178689574607015,0.017565449452483353,0.10246599803689808,0.025605886745029765,0.07855736506863019,0.05843339993843081,0.025079813263965717,0.13395980442618666,0.20352765773272646
0.09543787226907459,0.1318976504571407,0.10994505467211227,0.009065401025983291,0.13130329865595092,0.04600694516207712,0.11050052439800535,0.1322917529391926,0.11115979985597264,0.12239170056449046
0.20572262018896914,0.012028706031410789,0.030249346265489575,0.18056585577445713,0.24763969697011423,0.008568140476397404,0.03911011028058324,0.07260941011220799,0.17031556914668186,0.03319054475368864
0.1669895515528577,0.07515493043384372,0.1466765342240145,0.15420854042732737,0.02869506513561304,0.04302270405398844,0.023331175621753502,0.11719672002279694,0.15929554875132138,0.08542922977648341
0.19653849584883137,0.08385510851240224,0.13856934546343957,0.06753485656381188,0.14032121296282357,0.06191134021116072,0.028420717593663016,0.07442105697167001,0.11235268785805165,0.09607517801414606
0.053044243232231975,0.02133287802254843,0.11170546100565734,0.03859258428842211,0.08467774085287433,0.13779186395503354,0.05032614313141629,0.11438760657215917,0.22237026756304934,0.16577121137660744
0.04228760261698782,0.14063434492698476,0.06358452853826818,0.11163165435147547,0.18317692907165484,0.1660551276926588,0.2036928885895818,0.07584083594371571,0.008456954128359338,0.004639134140313369
0.04191076939224259,0.036790978015794555,0.07797638581575946,0.13935288549078487,0.12120487404190171,0.07979997108539275,0.11294749940467767,0.0960356688805414,0.15211070409814087,0.14187026377476405
0.14740853987486824,0.013488929649418082,0.04457130499382997,0.039181332424582306,0.0781064200215892,0.09597859183798747,0.19987316971776586,0.12035759922271833,0.12797126613564144,0.1330628461215992
0.062190645740456116,0.12342059722180265,0.04714982800315037,0.11736005267703051,0.14712887069756728,0.12934522124536893,0.16643322433506721,0.03897834225950696,0.008933151006404674,0.15906006681364543
0.07642719871999787,0.144036748626175,0.010458322580984716,0.14245817148184248,0.1426927057261353,0.0002987185885608806,0.1426195321560273,0.13827093798576198,0.11534963996308474,0.08738802417142993
0.14552317397664438,0.113936216115922,0.12720446804081317,0.04312386636136367,0.10596003946003879,0.07794161449759343,0.07078203618577189,0.05207500918717908,0.09414073418716068,0.16931284198751284
0.12154959873839018,0.14809532186934293,0.16216150586242492,0.029613525630054427,0.11417412183564478,0.06482463168408942,0.16089500969775367,0.16839615999110016,0.026001083276684555,0.0042890414145150026
0.022699820185329827,0.1586044245080771,0.06514213051225365,0.04259961439136078,0.16028674276417534,0.17638910336630706,0.18192713640643776,0.021897311396788004,0.10994938940919405,0.06050432706007635
0.18304134246206252,0.05225463487147235,0.10706403372446475,0.032361161852763,0.13641019476877736,0.12053922283315033,0.07038142608926974,0.08983872830829558,0.14815845094883515,0.05995080414090925
0.18781144181243786,0.08767005421848227,0.07757677112077149,0.1569793245141908,0.06338963315163078,0.09311520791637046,0.08010686572894483,0.08653605228727862,0.14433495235664479,0.022479696893248042
0.10143004209764654,0.07600008998488708,0.011503004999850328,0.06126138495108638,0.08843818857196727,0.10704868618782841,0.07656569779639466,0.18827562867739842,0.19036216630813768,0.09911511042480309
0.191670395159389,0.0039451980698976446,0.1751479252066776,0.12451889764960858,0.18740043629186337,0.02891602962925329,0.06457672204031306,0.07420146107155283,0.10149285274779879,0.04813008213364581
0.02122163983386859,0.07523355018349302,0.14117461492386216,0.10131540873151203,0.12417955344830266,0.027954095058259437,0.1420319458421291,0.12721680308234704,0.11652635983716937,0.12314602905905667
0.15427872924050168,0.07436449326004423,0.06194115616306475,0.054964237966108054,0.15149871826721356,0.042358569717208895,0.16175843633316095,0.12834889039069503,0.03314868338165702,0.13733808528034575
0.03536010889372008,0.13936534999119102,0.09523365297013407,0.1262409842950262,0.11309954419404435,0.1483354992438008,0.049866471650677785,0.1200658705395719,0.13718876400500413,0.03524375421682976
0.023509188303250796,0.027124034124156222,0.19276124901502714,0.1384641783988896,0.12117483104552722,0.13953833220061707,0.013891621318759984,0.0502256784601638,0.14336586201536852,0.14994502511823965
0.13310006772631172,0.10227334329321731,0.06724422438934125,0.07853809721956637,0.10666253604545244,0.03038547173632995,0.09412188412383984,0.1561451516781254,0.12971783240068832,0.1018113913871276
0.22761174787774954,0.0366601120423955,0.06312252862851496,0.024539450174701504,0.05320246391707344,0.1445263813551389,0.11221507563751852,0.06190877370422252,0.13067364052370023,0.1455398261389849
0.08649987065163622,0.16351067120677493,0.04787173914280315,0.09376529034469007,0.2305603856858996,0.051668556666162026,0.12212758782198677,0.08366108307516075,0.09996862863127363,0.020366186773612755
0.05325459956699639,0.06522518453065752,0.10139008557000392,0.05959327306989377,0.15295090605152356,0.12247754663255529,0.1543879595971522,0.13813600237986942,0.013988853838947223,0.1385955887624007
0.0828922639545868,0.11544910017121274,0.24057049768637326,0.14858643095489818,0.0629467878739817,0.1176854578982924,0.031143202070379926,0.1829948787923704,0.014768213558692164,0.0029631670392124936
0.07436754280060741,0.17868199825385087,0.005412643017503028,0.12380107693730118,0.0615056522562163,0.06598238620330657,0.056846262694729845,0.15132888253878415,0.16161260190888438,0.12046095338881617
0.025929406175497594,0.10912732430282243,0.06579355157199586,0.19726514733703812,0.16496010573763464,0.0028779826788915453,0.10760560093617075,0.0055654789316262505,0.12758189804292738,0.19329350428539546
0.09063264707497568,0.12367506452268093,0.14529722693718716,0.07886854804487167,0.08906416590973956,0.0009384746370999841,0.13139134675769876,0.1106282677997231,0.09481219615777489,0.13469206215824814
0.026334434123227973,0.025211740612581586,0.10759170207455221,0.017151454054199204,0.12527645491139502,0.03961619460744609,0.16644147275665172,0.03986523997492695,0.22068669325551332,0.2318246136295059
0.058894229238221185,0.11272420339772314,0.15448916045445454,0.024787859605363293,0.17670744487045892,0.12052994653691963,0.14941970959889156,0.1439562337959757,0.05261420408915368,0.005877008412838359
0.12382221488760907,0.05762614939963011,0.035928447647259644,0.114995734834684,0.0012266701600771226,0.12442950306498214,0.1425935604437635,0.13652376581089862,0.14191610455579856,0.12093784919529711
0.03882498690660341,0.16227363265780173,0.009313201397330882,0.12830405167264827,0.05696592045494668,0.1596719040762722,0.09397253023215833,0.06357339702949745,0.11002209573386312,0.1770782798388778
0.12980601824431862,0.08187970667758585,0.027182768186159906,0.10531718643242562,0.10189089752555032,0.03877934147845037,0.15746799298676364,0.14694919796943337,0.126823982777953,0.08390290772135946
0.13743840376998143,0.11157716718363866,0.050127778171758695,0.11242546642174871,0.09696666227755962,0.06293937767987125,0.1530784586269458,0.04695652605816861,0.15311185177103015,0.07537830803929699
0.13411662309524247,0.026445483937191042,0.1906946404490469,0.0937479858066906,0.19145227330585146,0.05826600864388165,0.07069205782698143,0.06059513205737339,0.0639739666823096,0.11001582819543124
0.14826602444915937,0.05126867186903336,0.009167587227596124,0.1551305734727304,0.16365688226038044,0.059206998730029325,0.14849229783561033,0.05161663274709444,0.11143674610574464,0.10175758530262169
0.06194963694247118,0.1302197962821145,0.010910526252757662,0.07406760813285947,0.037730792135111456,0.21678865038812276,0.19172560778523587,0.03603267946070421,0.1162869674660938,0.12428773515452905
0.0551394623949876,0.13888147332475953,0.11341301392391644,0.1835882037599775,0.12204055203853244,0.07921439206625329,0.090948778972604,0.03321080669096762,0.14678863017569968,0.036774686652301866
0.06593223308630895,0.17069842085600945,0.04858419042015179,0.06005722387539148,0.22360299114202214,0.12618724596542247,0.09683923174580339,0.14763243386632238,0.05295577961537914,0.007510249427188778
0.0702227152601902,0.0376204039804548,0.022062868889279517,0.112225726693425,0.07271687968955834,0.09345706111822574,0.1802829531538587,0.1914649226047988,0.055565325294311345,0.16438114331589745
0.014469667570446898,0.04020927004993987,0.12342619140872046,0.011397180723381516,0.005065172854500559,0.16968456667173848,0.08432335368293464,0.15861927105419685,0.18564963264681947,0.2071556933373213
0.17270435280802798,0.07154730643694561,0.007412704359761274,0.12196757428558976,0.14907877111783988,0.08635524039643766,0.03829970331769067,0.17534985771779732,0.004753066240168725,0.17253142331974106
0.2058484035632358,0.07819763686459137,0.14956354916197895,0.13959876623554301,0.050947769085138706,0.0550947453558728,0.07765204123695185,0.015656875916188674,0.1958331181564662,0.03160709442403277
0.034200243537650124,0.03794643362632251,0.022330726349206666,0.17065665012272127,0.17873745379675982,0.11697106179210633,0.1157065969140882,0.18420735874660393,0.09066388021021331,0.04857959490432796
0.05692219129693268,0.1153257221871838,0.13623189111368775,0.13156134076314713,0.08173285786282043,0.05306459681548985,0.1331566501429931,0.10342113520190764,0.0031992204386435694,0.185384394177194
0.05334071386769101,0.16907702237946834,0.1760251510951074,0.07900271717437075,0.178078511217345,0.12483202205849717,0.044300616687267445,0.11802459995486453,0.012148401600333276,0.04517024396505503
0.10201704907256409,0.030773756453549562,0.028018790782645315,0.11999587490668973,0.16913836538672683,0.050704151921914735,0.07769461955840298,0.188591869051629,0.12433814393234907,0.10872737893352874
0.15584926780958075,0.05134577065939413,0.19133950086503945,0.011060522861647963,0.013251583624358987,0.25742970770868107,0.06836669908836852,0.011874305572305371,0.2333463542369032,0.006136287573720521
0.14213386627222746,0.1270943387213005,0.0728118682837796,0.12105285022058372,0.1565194997812499,0.144171692185628,0.03417617533025085,0.07903432802085344,0.026652717134943008,0.09635266404918356
0.09719633406854349,0.06538713532224148,0.020015776384281203,0.1464503130212002,0.07433195901885156,0.11354569657071883,0.0675605633553266,0.16607213266115087,0.11533995128849542,0.13410013830919035
0.09476626545379843,0.1475872675460676,0.12754163850244932,0.07717977596747749,0.01843069636356949,0.08492739967617091,0.12222907277612335,0.14743261073232108,0.06036979069350373,0.11953548228851855
0.05984963932350763,0.11093861292302169,0.06358634279162183,0.12836240198824592,0.08523488767051296,0.08131559149873946,0.2146659464329242,0.19113324879378218,0.014098247738103116,0.050815080839541
0.06194588007814713,0.2323272610452113,0.06780668465522872,0.15424359533400075,0.014391773999161951,0.0768675929877627,0.04639773961866101,0.12170315758489099,0.12767194223261305,0.0966443724643225
0.11831455073963558,0.14140437502298348,0.014819019811252393,0.09857359405043467,0.09282477654654626,0.15294290731793403,0.11386610669790133,0.10658138764133823,0.1414520970176836,0.01922118515429047
0.09015962625430163,0.15969300838903644,0.12620059323597335,0.1323707267649028,0.08580057896926375,0.03909870911751197,0.14142025672269,0.11087075103767505,0.08557535795625694,0.028810391552388022
0.03570374971291729,0.20241025146617403,0.19822380815702656,0.08604590326438992,0.11022693489711957,0.07729353887713578,0.1291287440218983,0.03865095899570649,0.12052947415712591,0.0017866364505061455
0.13116103894009076,0.1498558473045202,0.12498663261255802,0.10504722497305842,0.001424482178698897,0.07057437863517135,0.07511936145989835,0.062978057706373,0.13191016221051194,0.146942813979119
0.09653641760845208,0.10927050217891124,0.10414588093885659,0.007757538394763555,0.16872984271708288,0.10796732112872433,0.026482153436947594,0.1549582736754784,0.0482677340993008,0.17588433582148258
0.12965196774015425,0.013823910246831298,0.15722659031192132,0.15864548675482895,0.06490868996198708,0.15308779088034583,0.08663669961591386,0.029333978772800084,0.12166154259563831,0.0850233431195791
0.14320011590058979,0.09065094227677332,0.06573154459065794,0.14667815712857066,0.007279071318688908,0.12538211608657251,0.08480046238111102,0.1233267630971051,0.095355458885317,0.11759536833461373
0.14204953802883286,0.0885368001490564,0.05767013345681643,0.14332380890484156,0.015222867905612971,0.10247330747166011,0.13079365964221953,0.16964294773278976,0.02171545615184727,0.12857148055632323
0.164060094802231,0.09363058523622966,0.07937035831944582,0.07500716737709022,0.16307561018755268,0.14959872689718656,0.06422064528873238,0.10378814611081198,0.10309836783040582,0.004150297950313819
0.14028428164263634,0.16894604241660147,0.065832659817913,0.02295736217278537,0.07467199204588079,0.17850490409761144,0.15363831102656259,0.07081203516098475,0.04429663368277738,0.08005577793624687
0.15294206453315626,0.05979694163094481,0.030077357023167387,0.15355203291755035,0.1333483025938229,0.14115553481782925,0.04040745176215884,0.11278543444972079,0.11546112015152055,0.06047376012012892
0.10167813608288441,0.03698070270365613,0.1014925310170799,0.12703367477337643,0.027920322059869745,0.1388265561680623,0.06196487892193161,0.17104697550726447,0.1632652531591854,0.06979096960668972
0.0405043258978139,0.15246311169180252,0.1083353384807737,0.16119856747317135,0.03322182424127322,0.12435515982450648,0.09855916740236738,0.0008817284053707156,0.13246549553175616,0.14801528105116465
0.057365908365398344,0.14180807182623958,0.08381823953972381,0.05062138046281138,0.2078982029998821,0.005680977082607311,0.015655611820429804,0.10504731914429262,0.1561339159302319,0.17597037282838304
0.0810224589289783,0.1550615480708006,0.15143182425875595,0.10129748152847934,0.20312325800760556,0.11178373012522236,0.013240546206307945,0.13145234496195835,0.007342915227452049,0.04424389268443952
0.15293975408283209,0.06390548418465396,0.14374454566388178,0.13980351094138058,0.12463491186142359,0.13164979250660755,0.11192698405664081,0.067731264469714,0.005813955883554933,0.05784979634931056
0.11696322385449265,0.14000012372134232,0.16872456669333677,0.08261492419192329,0.11788876701496394,0.04618857230604642,0.1830117259671041,0.0017830678632526293,0.06389508376013935,0.07892994462739854
0.05617102750928399,0.1348738221080903,0.0876078191427843,0.08782612473038838,0.16172369478739734,0.007614049608005742,0.03360223070579923,0.10046235026794426,0.16115782257146524,0.16896105856884136
0.10654626875917504,0.18140146806162982,0.02041830458525918,0.1426333816282196,0.10866911810850169,0.01779984434648805,0.03792230580169618,0.1824549242561779,0.06574644798807253,0.13640793646478006
0.10187207030266672,0.16610026806444597,0.03068857515296508,0.03494497032296975,0.1455775852386176,0.11624492961799394,0.13206706819842876,0.08175973203081044,0.03062340238488373,0.16012139868621808
