i = 0,i = 1,i = 2,i = 3,i = 4,i = 5,i = 6,i = 7,i = 8,i = 9
0.018137949825719642,0.036507552063400985,0.19641161490352452,0.010225793485316981,0.09356863663407627,0.15610589936930833,0.01471903295628501,0.1486324753716986,0.24373390221740013,0.08195714317326962
0.12034828210143984,0.13052654271581302,0.15658759024176958,0.17374495030216824,0.043403859464590834,0.17267111082926387,0.06325633134771033,0.06368290122755864,0.03870445652616204,0.03707397524352365
0.17389840448892696,0.0783024347850317,0.045808351883204,0.10338987553470623,0.09977932566555718,0.1812073379065237,0.11198345794207133,0.17695016548355547,0.01848448549689619,0.010196160813527273
0.10515691181158965,0.014098435083015894,0.18367227203365782,0.05745798356525169,0.1568865281104369,0.05365471079315082,0.011577676082780078,0.13042380902051892,0.09890219617207488,0.18816947732752337
0.13762756746542076,0.06409356657810136,0.13647801513400074,0.08410978252583094,0.1264571106576615,0.02070801910050487,0.08172385286799791,0.16174697397887577,0.07186474688417581,0.1151903648074303
0.04639146519673552,0.032396893884903494,0.2623642994647644,0.006232809681869653,0.029582978300506015,0.007850961050482606,0.1521621315679654,0.1133831724719108,0.19755485482908006,0.15208043355178202
0.15001760595950828,0.10340185141726962,0.07027937080709509,0.13723509132644302,0.08181927579533528,0.05338235012853845,0.08988962301355041,0.13902053805575862,0.0697709210120575,0.10518337248444379
0.14127586932171968,0.09530600311511564,0.09917505262054366,0.12809682304607634,0.03005729098143807,0.04782931929505959,0.11017947005334836,0.10467461238585447,0.08201376605336537,0.16139179312747887
0.10979170112363099,0.02658573127105433,0.11513520974352977,0.08130932545012634,0.13174836579702182,0.06504394283192974,0.1282953718989506,0.09782520596923797,0.14002131933602133,0.10424382657849703
0.07990357243370039,0.1590139446121645,0.044915216839972606,0.07438646580488785,0.11796758159887827,0.16499316516023357,0.05048924558175129,0.10788052423472237,0.07041378987411528,0.13003649385957386
0.17987898645134337,0.07579640697557416,0.06294434309124686,0.17144376588481092,0.027301056457804656,0.11899912867332625,0.04148688417289195,0.0010714513566655363,0.1440165416454149,0.17706143529092133
0.13597465376135262,0.16263206818798348,0.0696137010322111,0.17679050225511647,0.09818695196730434,0.05038007772767536,0.10465676078022619,0.020525376062465097,0.021705933851963562,0.15953397437370181
0.03141471920652621,0.12925728545877563,0.16296109103029816,0.07050878992661931,0.22302658171686876,0.0036807331027152003,0.11825425992592385,0.07904544430212684,0.1226216823502574,0.059229412979888825
0.03645921333740414,0.06003118254857807,0.13364641283686654,0.19149080393564183,0.010233614463760013,0.09251801836113138,0.06961935419354248,0.15101994886124465,0.08196344675472238,0.1730180047071086
0.10351393187148267,0.12736737655588495,0.023899600596925075,0.06739630397828954,0.14932263172204988,0.11873797031971249,0.08664950728916083,0.007668639220013316,0.16008696618464144,0.15535707226183976
0.14215532453478014,0.07115398338969978,0.028357027667279145,0.12663093742279022,0.1311847158972926,0.041763137394336215,0.1658925286463287,0.15214573808161244,0.016169035164116934,0.12454757180176386
0.16615272188617655,0.04494231798461834,0.1193191933709035,0.25501235670702493,0.10277304160949592,0.003590909316201193,0.15976410711161432,0.027639186373768183,0.02085190901520769,0.0999542566249894
0.02195078985091372,0.16140205891631396,0.06218453456738213,0.1527298198602544,0.009117073851773577,0.08456266024001959,0.16607824046607955,0.06613852465213309,0.11197286135210523,0.16386343624302463
0.11045888681175507,0.1634209967213839,0.13822367572752525,0.13889773707024253,0.05378500580369227,0.11400205424712251,0.031810440788396975,0.10924494276437402,0.040408899978593586,0.09974736008691379
0.12599749740647775,0.1528672247380821,0.004740894922919001,0.11577553263383049,0.1276004552056442,0.15127582513231055,0.12975595730270972,0.09940135568897214,0.08909470640965132,0.0034905505594026195
0.047803485996205854,0.14890842656051378,0.10171746899671615,0.08950026290889773,0.1257585069186219,0.03530078915889397,0.048765256708735584,0.09777961643517234,0.16347356410157582,0.140992622214667
0.18368361927056712,0.1814684205833297,0.021752066766561003,0.12040022599018947,0.07176096804182001,0.14351944367084415,0.08278977222992334,0.038784345922162775,0.11377557746136062,0.04206556006324182
0.10984854910729414,0.014467905594613625,0.10215007213653955,0.16291258094979807,0.11530664179414986,0.05842678330422126,0.15517848081548885,0.04139387490627416,0.09300940653871258,0.14730570485290792
0.05120316511749012,0.13044586141289874,0.1529667683669471,0.14129146294076028,0.06729978800403941,0.1385746603686546,0.018016124786513422,0.1493610351652366,0.09849872502840813,0.052342408809051486
0.17289023895776615,0.1591083632893891,0.08571261048485872,0.16315325699095487,0.19597887655094648,0.0004999837720193145,0.01453420071929688,0.08108442149251635,0.0944005212073754,0.032637526534876844
0.25039625060965237,0.2171290093612213,0.05167928143664541,0.07832215213003091,0.06892642991826375,0.05221539671729282,0.006014645373633671,0.09578958198990689,0.14125625820477408,0.038270994258578904
0.17088560694334143,0.07927155689903302,0.08639672662179201,0.08563664968279931,0.0034838646851339705,0.17442648497076704,0.06537290386258429,0.06513480723413782,0.1246186445476355,0.14477275455277566
0.09155606356434258,0.019901901952530596,0.1234816353392821,0.08877873987232002,0.17087755389677742,0.12356825957375357,0.009619239142491454,0.1238615746471709,0.21506448371819986,0.033290548293131605
0.11997918792514442,0.04719101274441356,0.17698120139447762,0.10538923707411549,0.15791478914066245,0.02438339898839614,0.028500594158629353,0.1831686493410725,0.0009953400628836368,0.15549658917020484
0.17895046066178885,0.04297662117862854,0.007648639548841996,0.16517366129573302,0.0775918130361403,0.15077114208957146,0.11291310575914483,0.05393407415976734,0.07107118447628784,0.13896929779409584
0.21380926231532024,0.1363861861060085,0.06171281475427948,0.1480720850099089,0.06852979401956244,0.135686738409223,0.04622871714823069,0.039680236700999585,0.11908958171279008,0.03080458382367711
0.0814063254311126,0.05492157905541612,0.0964178969246617,0.033354724793716636,0.15150953545156395,0.12250525266972465,0.11920912158743158,0.12228371755320577,0.09880223905005021,0.11958960748311676
0.07440102213576752,0.1261539444489896,0.07560765762548385,0.0921251071060054,0.03935256034962467,0.16874636273562862,0.15059702131051317,0.1200001963295426,0.10235683740256189,0.05065929055588269
0.10840786823706183,0.08562707060394469,0.13945133619016792,0.0821128831114555,0.08106637711757238,0.05591307045668074,0.12961479340912332,0.08284390252179719,0.1465031733374335,0.08845952501476301
0.06520907250014542,0.053984579883149385,0.1696008752174429,0.09410686907715757,0.07339994103813273,0.1263270987568122,0.09463959520751403,0.09390971359981515,0.15190622255402267,0.07691603216580775
0.13106659913236546,0.1305594395011221,0.08355369214197356,0.10381530486410323,0.09917556904331098,0.1285592709985277,0.03769085059292207,0.03716291172746967,0.11883049178401732,0.12958587021418794
0.17820661824338682,0.10144675055814761,0.189556954504267,0.08601926475775892,0.037837682861242374,0.08435282576907892,0.1374964837954891,0.06196456189600925,0.10017017978994275,0.02294867782467717
0.0674264103812127,0.04902280745970527,0.10046096457968322,0.18997142287178775,0.015643784174633125,0.13129835985378235,0.15549154408713675,0.010655951678002137,0.11693564942622048,0.1630931054878362
0.14575933684447664,0.03804785018397095,0.13373355180428825,0.09983661856570478,0.037750683661365116,0.09335708048052828,0.08573613637267355,0.15296577380059898,0.11602882148113197,0.09678414680526133
0.23252431364121434,0.08218650242889973,0.01995714707437694,0.13580273134245893,0.17457379152224226,0.02719048852774184,0.010672300677199632,0.07975753318326989,0.02736955730891098,0.20996563429368525
0.019802668238298852,0.10788024092753089,0.08949183425309255,0.03174510270918692,0.03623413944575677,0.18261303158274209,0.11107485680756843,0.12498619133039064,0.21435637648818665,0.08181555821724608
0.0777160188374415,0.27067476571838767,0.06213863817927508,0.19918041549827467,0.0023345008295736214,0.06835190478831851,0.02574748440942959,0.001502283410167716,0.21192661153449854,0.08042737679463322
0.08294271779972014,0.07867925911531244,0.05970915183755666,0.17606633895581342,0.09262437360730855,0.06396172520106844,0.1447624860937216,0.17810480331314002,0.06165457532435814,0.06149456875200065
0.08899750539760111,0.1150784255965573,0.18080758712720776,0.09543471065904142,0.018688098713002834,0.044014963217994654,0.02473206662583199,0.05581322166598233,0.19366669525519178,0.18276672574158875
0.0795221634015989,0.12372743847265882,0.15099540348627433,0.10483834841665343,0.055651025762658124,0.15339099727991148,0.11303631013244105,0.0267850401356385,0.008533558890260107,0.18351971402190534
0.03875618511553395,0.00903043187105368,0.1806960791261282,0.157347744748556,0.046248773719109425,0.16015078387449205,0.10793378763323651,0.1271127658898472,0.1122182605968879,0.06050518742515514
0.1147673604935976,0.06290176206043277,0.09976347436828846,0.1022858771554966,0.08099463843613193,0.046893300212839106,0.12593563289381732,0.08137089441617208,0.15693916386793344,0.12814789609529073
0.12533678238426102,0.049802367888071575,0.18203965588252802,0.13347732472194165,0.03577534875585133,0.12218522488084131,0.011680025373102804,0.09126394015105885,0.052606730974255396,0.19583259898808802
0.029267181196446626,0.1085709010285295,0.11475746278271866,0.09806262108110683,0.1488168546895183,0.0794112914215451,0.12861821432103793,0.05936877943713953,0.05677969509768907,0.17634699894426856
0.13067462722374756,0.08674262978521231,0.14803589885358934,0.03489932528677385,0.09921353766852377,0.15316015942035763,0.09879143186041993,0.0815021228371691,0.13665626949052392,0.030323997573682628
0.058438857527511545,0.0011683759207059183,0.08671627759290222,0.0779351406575528,0.13426309149530563,0.1164896779671678,0.14904431223280848,0.16075791623021546,0.1553290829579083,0.059857267417921814
0.1803076149583581,0.015790915252148895,0.15832989117719296,0.18555798298047485,0.04414284484075084,0.05088566502453542,0.07132140110959516,0.20416849415752508,0.08602850883930402,0.0034666816601147195
0.04999905357415804,0.1921386881571447,0.021060648960981514,0.1801261184927892,0.0258398976405285,0.08397833181505643,0.0915384520344903,0.11659823842316917,0.10542487964366315,0.13329569125801888
0.014285271460949451,0.16000265826100474,0.167832835142768,0.005459125666085688,0.004151501305688915,0.20276392401072452,0.009482431619428749,0.114810579733147,0.18038652653002255,0.14082514627018045
0.13556236209770328,0.10684936712198038,0.0939304926362984,0.1162726017194183,0.09293468196533358,0.031744038126283326,0.08290490874391925,0.17128215244083572,0.061602451315872456,0.10691694383235505
0.1540722600802225,0.03587313666607306,0.1150300119778469,0.11861996067344203,0.1360521077115989,0.1538731348038911,0.07897768497425851,0.076098401506894,0.042880187364570686,0.08852311424120238
0.018218330926442775,0.10346633493926222,0.13282214817597254,0.1859335923963665,0.11483116071537464,0.16036956136513775,0.06934589506819895,0.11064525696038384,0.09192732248324524,0.012440396969615653
0.11155970416207878,0.09208755615543686,0.12343797513168436,0.05941501569536034,0.08317890682868975,0.028820080003514634,0.047069534212522,0.1976897061820053,0.06947429772467902,0.18726722390402903
0.025136068955224043,0.21958268270339804,0.09918801144063354,0.1557903110303807,0.16589942174837327,0.0379773296985294,0.0847713216111899,0.0271595499034118,0.032117490570429515,0.15237781233842995
0.03337470848021283,0.20763391919111013,0.04093463051573031,0.04990419278603743,0.018992580992128756,0.10365329146308369,0.116057866573136,0.13501759600998506,0.10754105204559997,0.1868901619429759
0.08853524696898152,0.15235210365061133,0.12585821504962796,0.042709470047490594,0.12650039545195008,0.07249728258273984,0.18743946283642135,0.08291519523631247,0.036920223396531594,0.08427240477933322
0.0741680538259827,0.13511039545537185,0.13498326632752192,0.055151850537508484,0.008575721540548059,0.030544189646569773,0.1569666746636751,0.1337189456483857,0.13842366048465954,0.13235724186977685
0.0951224892289793,0.08747074147567105,0.13366777628910764,0.13161538166349077,0.08108202373100432,0.06639109420958947,0.04494484665414453,0.09988241008399802,0.10321464920669828,0.15660858745731668
0.11486093084707297,0.048593097785891416,0.2315091346019448,0.03485024355404388,0.02860432546276891,0.0706503272045952,0.17974191235857834,0.20271991699875633,0.062082120780943516,0.02638799040540471
0.06366241156285021,0.15247790025412739,0.0885273157725938,0.09723577956704138,0.05094788944404425,0.23770606931421076,0.030709852443631322,0.08417671921671406,0.10725198106519876,0.08730408135958805
0.08150739962955329,0.08540876847622955,0.20774939113320176,0.004438446733488613,0.05554593501592522,0.060071042970472256,0.21444457522728802,0.14486142682963926,0.03570315169779515,0.11026986228640705
0.030122254905927966,0.16536345082559395,0.019499668884582093,0.08248296392298664,0.24263243288743197,0.05254258663149643,0.15159435734775778,0.15658620173839752,0.04704341780001614,0.052132665055809546
0.19917858841529304,0.10782630843781121,0.03311763286000117,0.03442101098944221,0.1404359564007782,0.08161543014556204,0.1394786173882039,0.012351686112733925,0.10647912534701615,0.1450956439031581
0.15820319156576504,0.029759939660100907,0.1132966717934961,0.0010218793208218123,0.07845714518599992,0.09433964546046432,0.09220642815973203,0.01937649357471916,0.25734582177735,0.15599278350155066
0.01594466694283614,0.24314675574744787,0.07817573973395392,0.16342943626227235,0.011321747434728007,0.019395344045369762,0.10528286943088852,0.10725129258310293,0.0795100686663585,0.176542079153042
0.1372943139302016,0.0716804297538435,0.08988255415636252,0.11644998198381316,0.14206313308435234,0.08457193412344488,0.06086737496863593,0.14730597403806797,0.030892370456945182,0.11899193350433307
0.00046039395125171636,0.16709843664514504,0.06603255348694934,0.21577019607468292,0.12216143648763142,0.2360167281438196,0.036223770270938795,0.0565570191915382,0.07881482332214028,0.02086464242590259
0.13120246880578118,0.026739069976580564,0.11252662515672873,0.15868791747565847,0.20734006943219693,0.05445036426177331,0.07721746676334892,0.00853158642633624,0.032447475289075225,0.1908569564125204
0.12378967047447671,0.061434262805770065,0.08348152708340129,0.11505643531406344,0.08997424658168465,0.14257763517411362,0.07033773250904664,0.1054214773135528,0.07252973904140056,0.1353972737024903
0.19846529988994294,0.11727613882393566,0.0054199425943714675,0.120957456221876,0.0005993310667623831,0.09986136116704705,0.2119413928943387,0.03927835346304432,0.09421396606230022,0.11198675781638112
0.06694236433813479,0.03743537574079814,0.21011038893901013,0.02909777767802744,0.04933742711895232,0.22879219421898864,0.1596257011217937,0.06541563355184322,0.14023849506600286,0.013004642226448683
0.09353253906718595,0.1002940061586208,0.07324448802138293,0.04897374069348509,0.1817728918054926,0.15271573398642885,0.06303008155777363,0.16288322467352986,0.013049846467851041,0.11050344756824919
0.14132078291281322,0.08127117491440837,0.022467090102763355,0.06017150476859337,0.11947600079352635,0.05712409516862291,0.1865536433912609,0.058474428845481013,0.09381606797380013,0.17932521112873043
0.21603135739028798,0.001845777088361086,0.19014367503112525,0.0454262227669243,0.06920986877769289,0.01928875814915693,0.1800902978411002,0.08753274455426434,0.14310807070592463,0.047323227695162395
0.12421685528040666,0.1128815254951676,0.06023525938305845,0.12020577009724082,0.11744298843936625,0.03353013639661306,0.11772310979029453,0.07177841118625372,0.12257576443875132,0.11941017949284759
0.12740239435733802,0.17718257795075723,0.05688299780765858,0.07463121753006766,0.16193010487536844,0.004735218570835912,0.13625722422875652,0.11000168598301359,0.077518727318476,0.07345785137772817
0.14755101088641334,0.014835515816305976,0.08067510303491165,0.05369954795866128,0.13237851758082697,0.13448895917181672,0.07851539320659963,0.1386787654626056,0.1055089375374138,0.113668249344445
0.14126333856386653,0.1574706784354559,0.0006022581094679053,0.015561951517307939,0.16456458758434872,0.030640351533455013,0.23254994937442525,0.2205786243360038,0.016337250315451055,0.02043101023021761
0.026036155186716686,0.03556542090709803,0.035575857997370494,0.16312306866749152,0.057190451240179706,0.0576677510303815,0.19797248320354707,0.18333101811976124,0.05421166149101605,0.18932613215643765
0.04284903354814582,0.026253724862088827,0.038109364178141446,0.1884614905767634,0.06673369169935679,0.13125607549836327,0.20099590361041886,0.05656159632841756,0.21821246729299054,0.030566652405313487
0.04260553978841699,0.006411986060093387,0.2251897329413321,0.03646052060342325,0.09348758970490402,0.11278826531577787,0.19981215079306566,0.1417810123302107,0.11550324100137532,0.025959961461400703
0.1869266478405155,0.10731002804170561,0.0546510436910913,0.08298246761954248,0.0713458262454582,0.04653506218577278,0.07877063858991479,0.17337970753769064,0.025676293242938835,0.1724222850053699
0.07963106611807366,0.13024946578436988,0.10058904648568465,0.15668465543997295,0.14263995204278626,0.06709671728896623,0.08813123461645295,0.09937771172334915,0.08816283264405755,0.04743731785628677
0.05988328950531469,0.14191854321348046,0.07827182096337178,0.12262823529886561,0.04578644542321149,0.1648113404139247,0.06996613065740427,0.0819273355870036,0.04680203521937521,0.18800482371804808
0.22409871022446018,0.02149509126308748,0.02291928379688883,0.001556077450804549,0.06408484691502063,0.01604986688779797,0.1820415890163934,0.026516477015479725,0.2524823013748349,0.18875575605523234
0.0677200587948813,0.027084197255034047,0.12182200678903929,0.13538255170608127,0.04296914370160127,0.18879306739974824,0.11557273624712482,0.1816075429870308,0.05209649072337554,0.06695220439608356
0.10020371893940817,0.13484244899435538,0.013936557077194139,0.1388972297435624,0.09628223846113414,0.140356320931389,0.09473827461213384,0.022652833496122536,0.1485729487294287,0.10951742901527177
0.04578096879025992,0.16385288510961227,0.1687784820291383,0.11003909294924342,0.10420807410843032,0.05507112187101003,0.16441810602108906,0.030417500853346605,0.04053097478967412,0.11690279347819615
0.06006604852682308,0.10296345122779153,0.11319954663765817,0.06820458734822323,0.13120911578036734,0.10167164016271157,0.13277811724993147,0.0305884746957866,0.12932292175764964,0.12999609661305742
0.14860745453246862,0.0027954017067981225,0.10502492445453664,0.13319159234449,0.1344640988152518,0.06874008214184668,0.10128349095340657,0.08472934229499036,0.11619049186639692,0.10497312088981436
0.13907062998396585,0.132594091490905,0.04903395023491205,0.10574660727678856,0.08838176398067739,0.10829752287327069,0.07656520101736913,0.09007440920764906,0.02489686253797941,0.18533896139648284
0.010366940606433669,0.09024223371398483,0.08979521230363482,0.09431622147554071,0.17797291598906295,0.11485552709397137,0.0930133839371934,0.05317057579039736,0.21261379073847597,0.06365319835130502
0.10014100378348752,0.03868562708036094,0.17492931507090598,0.05038060747301658,0.06530762832590611,0.18966866996449191,0.022473371944948868,0.17704503534697352,0.10291271707218642,0.0784560239377221
0.07266939837835142,0.1277219011496909,0.13775241044128841,0.07287043413790256,0.12237604893079221,0.045316100954279584,0.17796424273425177,0.11494722250029428,0.1157105914920595,0.01267164928108939
0.17649659768023745,0.16902908288897395,0.07944255931523114,0.15792387283227147,0.16276823231861776,0.09127872109177958,0.00038109867957443407,0.0071698370786606146,0.1278656811264056,0.027644316988248034
0.13472276215896425,0.15413290287264278,0.08881179145715977,0.05666422435816706,0.09218328479699472,0.06932516936352952,0.10879345304338195,0.15345017422621512,0.12233811967436681,0.019578118048578102
0.0745328999375276,0.07767744546693404,0.03798352870744694,0.1400474286818432,0.10063600648457872,0.09889177089910271,0.1361821403081202,0.18928493910660374,0.0399506510135283,0.10481318939431461
0.091730002104746,0.030858094336042065,0.13019294962684833,0.09441708600743047,0.12505080312919764,0.13731336391826188,0.0058821457973285895,0.10613134359765618,0.13486450723502724,0.14355970424746148
0.0527424471810166,0.08662304057003654,0.19655303382400946,0.11496440123234973,0.07272889361030564,0.20035203335076487,0.013228934041788468,0.14689331440480466,0.08043617165748938,0.035477730127434486
0.10029193376589353,0.008297368242178551,0.10885104896423523,0.1668451031063772,0.05376200972196144,0.1351347553381501,0.062174678616639355,0.13097626181000616,0.16818547179804413,0.06548136863651445
0.18345779203703708,0.017190006967582726,0.10117560209992496,0.05519614410144644,0.15366462125889768,0.133461486192654,0.21427559573660035,0.039270069559492325,0.05305003991304478,0.049258642133319624
0.041327201778341545,0.17090398636789464,0.08649554485026029,0.06478481558125151,0.1727839770797361,0.15713971928201026,0.08600842944546833,0.052810381340927824,0.0791820180189481,0.08856392625516137
0.16707106405789676,0.11620051279506902,0.12651368379413905,0.05441913912922841,0.018462009521088632,0.002773801426013675,0.1402246904444096,0.15386530451708078,0.17442380471755373,0.046045989597520307
0.14567777305803356,0.05571143611270487,0.007087495078559412,0.13511734932503477,0.09791640186753937,0.14617411018689763,0.06368006960635994,0.11859805038202048,0.10345502256916213,0.12658229181368783
0.12626134440631126,0.1349861043455878,0.13109456482993095,0.038763586336719266,0.13699462383957423,0.005994311908727639,0.060064632250407035,0.13497460341925185,0.10148446827658689,0.12938176038690305
0.13656867550427912,0.14756432111590112,0.05074741487050574,0.09076127951988337,0.18929789686863754,0.01418850446140088,0.006776565109833708,0.14968327411923993,0.09615887979390515,0.11825318863641336
0.08532224567359617,0.20360663071247043,0.18766667120939287,0.016909699608221005,0.07656643093830645,0.02761557821241897,0.1314018121136934,0.0462767237473529,0.04539251891258872,0.17924168887195902
0.05564503155401931,0.09647163699220036,0.12869109412684848,0.13436253522971697,0.15670863672444507,0.08195728080882501,0.04453221901813906,0.14128679572463057,0.1213097011491664,0.03903506867200895
0.19348161161261532,0.14993570753308794,0.20806062420642074,0.14523934434325128,0.11722905807957562,0.007923357584245123,0.008136211451154816,0.03889392540460328,0.028698111314745853,0.10240204847030007
0.0028383483487207624,0.224864061300536,0.02570172594037263,0.17138290887066235,0.07335317636214626,0.1974158404724256,0.18094453395679547,0.05644961543468841,0.006233324022191935,0.06081646529146065
0.011807832847466086,0.005559002958089407,0.20568186136957137,0.1546420921534023,0.17817081582544825,0.1669059950479774,0.03693639682256035,0.1688261529984309,0.0065742213974004,0.06489562857965349
0.18247416088085858,0.14503064629644621,0.08553939208503435,0.12441867096231866,0.11042502376965481,0.051141202211888906,0.03648975096543792,0.1311429063991051,0.10203597449327938,0.03130227193597604
0.16199999941782758,0.09420792695580874,0.15732642659090204,0.04993573219574692,0.06540564312213706,0.05018888259824437,0.05229581661367523,0.13990006171595837,0.07649920261381195,0.1522403081758878
0.16726611384575907,0.14256686893238366,0.014241356976775022,0.24625193457525013,0.12658269559180668,0.09689625291881884,0.10558784328359516,0.0016244423017855874,0.04258623919407915,0.056396252379746596
0.05159219444233397,0.030273950762268003,0.08264826632190127,0.04549602262218937,0.08894440367166764,0.13343485021713553,0.1622539767716618,0.13026275569891296,0.1147784047328675,0.16031517475906198
0.16462961664500314,0.1661346971299951,0.0462801424524747,0.09722298757878993,0.13184427515629474,0.17016619612653297,0.06628782865946861,0.0229169296346032,0.033581668095624684,0.10093565852121283
0.17109100148508602,0.11105276936436004,0.06602014339056364,0.10626137792331046,0.14503315085823754,0.14697358463395568,0.10677614514985642,0.04578617187489053,0.053409543985333395,0.0475961113344062
0.13080246382591987,0.07047734927879061,0.04427882438687469,0.18129764512154195,0.09160988947524265,0.032709150982400355,0.0909484094259606,0.06601536946075615,0.13335105949726017,0.15850983854525308
0.10305023157980513,0.08197482117416215,0.13962400141462553,0.11054683626480448,0.06486011223497397,0.05482212344410414,0.047497954448002304,0.004862022921919589,0.21956572805783728,0.17319616845976546
0.07594454557224452,0.005691292371720199,0.11210014412817809,0.12205596381705187,0.04965470557096518,0.1623805281943541,0.13557046755341562,0.07477208674611355,0.0843350158601219,0.17749525018583492
0.14777265361281977,0.09354967545262781,0.20370834038928404,0.06262503184746837,0.058106063461871665,0.012728078717360047,0.12323895436542197,0.06066219245842778,0.16893811569728467,0.06867089399743405
0.14860868021566662,0.1969845120137865,0.019146599711774605,0.02479782321071597,0.1027957170428063,0.11851561707543594,0.03513175540161748,0.051800485813038685,0.1430593229979923,0.15915948651716547
0.12703641509209837,0.07564917449956392,0.004649793930170693,0.12346709320832534,0.1262155761117365,0.11616158360639095,0.06158437943317497,0.11960968870779265,0.08866809433040194,0.15695820108034472
0.1183091847765418,0.005585849529439637,0.034382413484276494,0.23523596999850185,0.04570929110278106,0.07513185714275304,0.16967604344038678,0.12544268155455723,0.1343533640488885,0.056173344921873564
0.10114676280167807,0.07205328490621495,0.0834917328686399,0.10904100758581436,0.04648784028488711,0.15747416209468,0.14921723962426198,0.025287631285926284,0.15517998984976117,0.10062034869813632
0.02791119962103773,0.11315120555185251,0.08931576926684495,0.1703084519820056,0.15564623884649573,0.03850582664717983,0.08655822834541903,0.058548372694632936,0.10624470345056151,0.15381000359397026
0.05670929990652196,0.19510019146870622,0.01231617234869182,0.10845314868146351,0.0372898023698529,0.11361069208166413,0.09381795859703757,0.16018578630862773,0.19784173962466114,0.024675208612772972
0.14006690297915542,0.08952609052084301,0.04046116407121953,0.12608724225876983,0.04500480810113756,0.1292143391559556,0.11211545739688503,0.1300258169684783,0.1437633146157701,0.04373486393178572
0.023886762411540096,0.021330861176758982,0.026409434209555126,0.22957104057173947,0.05941311548711722,0.016693721606662514,0.06004691403589329,0.0952096660436508,0.3316673914838754,0.13577109297320714
0.08220235916796133,0.13248777252012034,0.0907703942199581,0.00907815474784036,0.012426604083693702,0.15108297172435317,0.20315256784373162,0.14722207266581075,0.01640442240063953,0.15517268062589115
0.15498167197410295,0.0016979317540839727,0.11398503346181038,0.10021283292711462,0.16310817794300222,0.10387607992394293,0.2063407018623061,0.07760727404553458,0.015037792252308467,0.06315250385579388
0.061009312515546726,0.0688397966046732,0.15779565993999112,0.05447317463539314,0.10023250352158233,0.06881590314223826,0.06472138864209064,0.17702851206061493,0.09751578968613783,0.1495679592517317
0.0535342113648904,0.019143555507887513,0.06742666460671086,0.22732728038323505,0.17567215378421921,0.014539848324055232,0.18182054991179714,0.12947516129349637,0.10383378339496498,0.027226791428743156
0.048485235999475726,0.10863223058000415,0.03930974244993158,0.11398646777418915,0.09462361322485005,0.1571572620768877,0.12821397294000234,0.14319024220125695,0.02441824584627607,0.14198298690712627
0.035420219777952795,0.11642271608295124,0.08624911113600531,0.1228439139443403,0.010275198488502958,0.11750549692600931,0.18067756653169653,0.1242797195323075,0.04870057722344754,0.1576254803567865
0.18213842014632758,0.17489666508815918,0.0462168188736096,0.05054931465098973,0.03643939329985953,0.07308884143098195,0.08306904806410773,0.02481790107731807,0.18265676040637346,0.146126836962273
0.1871240907316149,0.15443100833222706,0.17909078964221722,0.12572801827070876,0.000898490268174025,0.010609304236175393,0.09437141811100444,0.05156658971006243,0.15849067528065713,0.03768961541715867
0.07743793445294625,0.051182174961055586,0.03683946635514609,0.13989089080615413,0.1609743598531801,0.012585416843399604,0.037987466299485004,0.08930928549712536,0.18204874105835206,0.2117442638731559
0.053241684467877096,0.0650713081236786,0.17300102662367692,0.04365052073099882,0.09441561294974833,0.12580083983762055,0.1524295094280836,0.08034106850209209,0.10586686435055433,0.10618156498566964
0.14957198735937047,0.20718949201953785,0.13791256468505322,0.028601961094096903,0.08595380037257379,0.06695093703680573,0.0017228773447168304,0.0704074920335025,0.07169455702362233,0.17999433103072046
0.06853931507704933,0.16158477538097948,0.18025470558729503,0.11189439244668022,0.10077235448360766,0.011998911180239992,0.01851068751295195,0.1552122331173644,0.05785078664116856,0.13338183857266334
0.10960807594752307,0.020686012009600466,0.12265140454861537,0.19048484781931835,0.2359754154552521,0.19757978362253972,0.07515877189499309,0.03930620862920559,0.00695215882632564,0.0015973212466264943
0.1592123603329836,0.16534407157723702,0.05425425419038294,0.17079365561423854,0.08735274578595799,0.1771623433348668,0.020959141187928226,0.12056670281614312,0.005782501571463727,0.03857222358879808
0.1743810372220068,0.045014553568513326,0.07767181230851854,0.034215664433708375,0.10316480899552247,0.06218685124508734,0.12233876131725882,0.14893429902122896,0.07550483237445511,0.15658737951370028
0.12440560020540063,0.03374667311073425,0.023847943385461128,0.19707783257271896,0.05338056506344799,0.09817580159756549,0.22027121078243841,0.15846600140642692,0.06149948240575697,0.02912888947004929
0.13260776981286998,0.16718452030496503,0.08416939364774233,0.18283454108021496,0.06255835300177763,0.06418250176422385,0.10645352840050737,0.16216184302233055,0.027914264232915317,0.009933284732452797
0.14592188402962497,0.06603233541159537,0.14681368447244755,0.15268571504846945,0.10895605464077378,0.0009823192282466455,0.1021082572131775,0.04729339232564742,0.1972695759943719,0.03193678163564528
0.15996065153962186,0.07675977712984344,0.11062305852653097,0.00943887459243267,0.16049903179146868,0.10768330924623995,0.03917786700930212,0.1445101309323328,0.08891575185809035,0.10243154737413694
0.11373746922966473,0.15159571753603188,0.15144384238149078,0.028362603266531363,0.18178051255785257,0.1413211176581969,0.054410252419669305,0.03969376635031693,0.03113984938657093,0.10651486921367466
0.08604289405865696,0.020629432390662696,0.08328837454488248,0.06325075345927839,0.10891072600963517,0.09626231378677882,0.16226410326292792,0.12767023292948665,0.11405735971311957,0.13762380984457157
0.11988700385515758,0.04486600266415742,0.2073152106660141,0.029338826890860387,0.02046417195659097,0.005296961146770992,0.16226675543592275,0.22412404705012892,0.08996474152348671,0.0964762788109101
0.08736730090081486,0.11166209125771875,0.09329228354044979,0.12614496959169968,0.14011117245961163,0.1758502577721273,0.10199573336709289,0.060500204735168955,0.018518345760220684,0.08455764061509538
0.020957234779792628,0.09860653352138767,0.010271436206070073,0.14331573164855624,0.27464420512797855,0.0267366858337835,0.09235194877201232,0.13025683178749337,0.016789054176645793,0.1860703381462799
0.019170631356971078,0.10435480437949247,0.05472342698102956,0.0909283322496873,0.15539165467685237,0.07113786380702458,0.005654465687657008,0.13139980677271287,0.2203955929109495,0.14684342117762322
0.012553062108811405,0.1727081501426232,0.10176840907980432,0.07630571688153322,0.16822184553478872,0.0015209923113758358,0.04611757493859972,0.10894288087288068,0.14345248770881666,0.1684088804207663
0.0702108441127584,0.11900714356834899,0.15208971383010894,0.023825496552829156,0.13082507842432586,0.08296348443567118,0.07684937948783055,0.1497986070879811,0.1304435194655098,0.06398673303463594
0.17067033342040225,0.11615054045008893,0.0880444684272495,0.16388655989483225,0.040989122349200074,0.1205861886688839,0.03185062895905381,0.03913508928388122,0.12327376459139407,0.105413303955014
0.1304214377152374,0.0021610025941574827,0.035412560734863735,0.11552749445101057,0.23343112822839351,0.0377797533833511,0.1105388978884743,0.09371916945410937,0.22110672616766744,0.019901829382735207
0.06326986978432465,0.10551668698977545,0.04977866103900858,0.14663127154386574,0.13944559566173903,0.07071610889264218,0.12272445930495755,0.02729134743783245,0.14640404844923072,0.12822195089662353
0.11084845641867215,0.02468243127688183,0.21350972301425442,0.24063984061305868,0.028187158998812776,0.04730430713963699,0.09062830627648268,0.2012031327920604,0.02968867586956738,0.013307967600572661
0.05819625875009349,0.00496616718491975,0.04998041741317032,0.0874959557780261,0.2316233697879334,0.10127788334929101,0.1254224873261658,0.06674847880461458,0.23880996171729282,0.035479019888492745
0.12974814849677835,0.07596404298759278,0.02301657166109251,0.19149673931614308,0.0036694762286033794,0.21240362907448712,0.07256580354500716,0.12666867885309943,0.019118751188848773,0.1453481586483475
0.12225144131392124,0.030146148278492376,0.16014074728721778,0.012040753801579854,0.17018974971356596,0.15846930804528284,0.031177617084355354,0.07186066458921568,0.20868723734223554,0.035036332544133325
0.11181501215312926,0.03497699099069083,0.03423796992599521,0.11860669256035268,0.1429080318321826,0.06426161110373103,0.11440962926852226,0.1561580876198381,0.09397723218021613,0.1286487423653418
0.12446631165366008,0.2410706793913439,0.12561548000307018,0.03672330547211879,0.009477418435684979,0.06270582208173489,0.05727593328960848,0.1946449580404091,0.13525200497792564,0.012768086654443875
0.07989506935686604,0.06404040230098478,0.07651249586461248,0.22929749344306177,0.07819664013929756,0.07663243219702798,0.13148939658461373,0.04754680020096199,0.09403259958944733,0.12235667032312643
0.18910108930742792,0.17431950052393272,0.012903588317540465,0.22053197001275857,0.16214280505017858,0.012788191724838978,0.004047866654529934,0.046380360120629696,0.08901100301310083,0.08877362527506238
0.02919589391714911,0.0495502667330267,0.08050300261841513,0.0072782869006066874,0.1848892897106969,0.14294590631161133,0.18732304675282938,0.16943644032768196,0.12604183531104818,0.02283603141693462
0.11816799010107154,0.05471274700148627,0.16372871302036637,0.04950534433149275,0.12724615224226826,0.11665081217116872,0.11722065684615687,0.12820853139467453,0.11688916432258757,0.007669888568727088
0.08021270257257654,0.13318016100051092,0.15584293877706704,0.05307053761653891,0.13743534908341198,0.002910184605150665,0.16863710980509042,0.20056099182640477,0.0644584016616229,0.0036916230516258874
0.15097294317083654,0.1662375242673887,0.030083640242700015,0.15048918835515432,0.15249673254020285,0.07138089503881744,0.08597596100550192,0.15597047795811736,0.02826030381640488,0.008132333604876016
0.1651635714604704,0.06595458621383204,0.0956052071019746,0.04441230116135197,0.17577990814513203,0.031751028085596135,0.14112245622560735,0.15502762155547517,0.11563891034200259,0.009544409708557786
0.19095440860752466,0.19603487680746118,0.047795620206314234,0.20022224602715016,0.11711199328949734,0.0164898953274847,0.0850531880121132,0.026822815755449342,0.04707332153476559,0.07244163443223955
0.07735928311753733,0.10187363732861676,0.1190156301217108,0.07993545878663888,0.042630055263040825,0.15332371358320546,0.09842510854800825,0.14057951125208418,0.03286386433937735,0.15399373765978003
0.20602260331379366,0.011165012150641638,0.04312949634172941,0.03809042771113995,0.13689804577716405,0.04756115311888633,0.029689573345310288,0.23110187232969226,0.05236689242754325,0.20397492348409918
0.14245368908383155,0.09616279760330669,0.15647053759005644,0.016588016064287125,0.02075168976315124,0.016891474987251156,0.06186650817820385,0.13147241535128854,0.19889967150016435,0.15844319987845923
0.06589494621967627,0.17461183660829033,0.09476016266958709,0.20699754516155952,0.06026398305161243,0.18948945763883718,0.04184704492878848,0.042741343218175215,0.09029956312773013,0.03309411737574333
0.1557872211794472,0.13521823706327468,0.0020022718589090003,0.08709789947615945,0.0809072584150327,0.13417207209529172,0.13289234455845253,0.04820463358730392,0.13082785248448817,0.09289020928164064
0.028498587352195934,0.10696585547209368,0.20262886059533286,0.18065297276796993,0.08211108096929313,0.11619156862863947,0.0590582615888605,0.04420138515344803,0.166327655928613,0.013363771543553466
0.10718420872449966,0.1461005753309842,0.053959356522995876,0.1585249988484799,0.079585393162453,0.033358842903520126,0.012192848488190716,0.15271962546450665,0.1308327217180603,0.1255414288363096
0.09162180557971109,0.011883854330599162,0.06312940824515376,0.1014472419206935,0.17070901051549334,0.15946600968326224,0.12454046927695653,0.16989586785845853,0.07783452130635725,0.029471811283314678
0.1853231591166633,0.08488987795098424,0.1861808215194034,0.06875807276694867,0.03052308867942499,0.11545025514724264,0.009552120147284978,0.11576413865489137,0.18386599946376253,0.019692466553393784
0.11710165782128047,0.034253366468477056,0.1344746467555379,0.13265213749608692,0.09063106957617555,0.07828004838831402,0.16722468646112662,0.1454067797507008,0.06679640346372177,0.03317920381857886
0.07329148305639017,0.13337916712896206,0.11170392739408018,0.06264210761999607,0.1753693999342439,0.09261417919457668,0.10095782404748266,0.05376892292657818,0.038493822025089754,0.1577791666726004
0.18077959980065245,0.02749081634991194,0.030793527356085995,0.1398441199249473,0.010626537041951371,0.19627340922003564,0.03573148733807917,0.18737504313245212,0.04602597273461188,0.14505948710127217
0.1194470356010536,0.18757270175486054,0.018287261974206402,0.10450136804207703,0.13594665555315932,0.1428025275111285,0.024866862506383664,0.007365705380275359,0.17657957072557723,0.08263031095127835
0.15136037465345076,0.08276769727472193,0.1142321410842364,0.13302122990509502,0.12895550174447906,0.029121702973739696,0.008293989190223217,0.1513775537569352,0.09421358323976917,0.10665622617734957
0.05182939025420527,0.032937348106932385,0.07693496671902084,0.13720388068916525,0.15817093449431718,0.1914876342077328,0.1410002277170398,0.17102539020317312,0.008784635243545601,0.03062559236486772
0.00462222175834936,0.18374225149250895,0.07651465540505607,0.10940835978721675,0.18038539437328638,0.044294893718131424,0.12469428351664132,0.07393717101540168,0.03456351150026482,0.1678372574331433
0.06988274877015523,0.022145347696253887,0.06071751155558551,0.04965865312783392,0.06222939055705147,0.23348510061977104,0.18647315497163292,0.11751061790168561,0.19671535083293729,0.0011821239670931208
0.10179584502701797,0.1465975414346377,0.06307450267607714,0.14415930834271268,0.10795343120843477,0.0556669974088555,0.09256716809509546,0.10732528067842621,0.03646227504579031,0.14439765008295224
0.1328725009850859,0.06573216401150178,0.09087130419715267,0.06073444852467971,0.06405308788017565,0.24662431886201958,0.06259688548711785,0.05620476946038201,0.20257862986976555,0.017731890722119285
0.01776776798321942,0.14196311326164382,0.12229370186072898,0.11950906468908644,0.09081085343088573,0.11707643760089428,0.08221280889217214,0.09836686117868668,0.15927245633523188,0.0507269347674507
0.07881144507405312,0.15844482387903305,0.04528144263692533,0.14249041939456636,0.13437021422844572,0.1476901161462177,0.1317356418536661,0.08073071381477154,0.0006408904561627658,0.07980429251615825
