i = 0,i = 1,i = 2,i = 3,i = 4,i = 5,i = 6,i = 7,i = 8,i = 9
0.04095729514037623,0.03252267440338726,0.1276192636199952,0.02111757030143832,0.17438698167570502,0.16054614673098977,0.10744407565280117,0.18833200192143812,0.0026531090930675817,0.14442088146080143
0.060505560746657944,0.05424896588393575,0.19452394441082513,0.05803606770914358,0.11801972298082582,0.00041253140257002175,0.20616912208070234,0.027233993401864224,0.08377202449345778,0.19707806689001742
0.16790362205920212,0.020283609478529224,0.21914681662061694,0.1932841705353674,0.00937768196115624,0.009930862371782027,0.024451601489556395,0.06577313888693175,0.16781538373382796,0.1220331128630299
0.1790661362054997,0.14179409986152197,0.008853704966269034,0.11786026962717205,0.09358145864729404,0.05760537290306729,0.024259057791677308,0.10087069216392809,0.11833891481465572,0.15777029301891485
0.018055288356256836,0.09049313271659677,0.059709680967458774,0.10630277070552911,0.10852267085603955,0.12837793318418256,0.10342085211330461,0.14996473951191552,0.1217980543066112,0.11335487728210496
0.10367444659112938,0.046454262189812696,0.08193731110522387,0.08519518168549509,0.11198198768125939,0.13554563742306777,0.07552852087691765,0.1546456149814481,0.1885892080492703,0.016447829416375813
0.1424046719561599,0.11177853968317937,0.014835620097212536,0.09182998436491682,0.00358304674470393,0.0996022152506079,0.0710618851712092,0.1803446326792564,0.12435902746761501,0.16020037658513908
0.12663350428803447,0.08556229015517172,0.1159673844399006,0.10172347802055419,0.11450525117051497,0.09182802444418912,0.11034302464177272,0.10432308861895825,0.025403140070263976,0.12371081415064
0.28471105793122,0.16111836994551376,0.0461464937171584,8.84286541896141e-05,0.0007907169390172241,0.1363342458943325,0.02353370042915337,0.152137206544089,0.029760589790061718,0.16537919015526448
0.1302450354308351,0.17578647364627037,0.0804014769474758,0.13940294676807208,0.10275002064416203,0.13272734817628296,0.0023151125647471516,0.1711614291114081,0.026667676466283066,0.038542480244463294
0.07631283019201972,0.1574124003770471,0.10652725385069128,0.0866976063689027,0.06445949781260067,0.11903203251128686,0.038099513949310174,0.02955741305026454,0.19766665932113323,0.12423479256674377
0.05703415253872088,0.1480880243476611,0.02221973204122182,0.12119951085075237,0.11099952815546944,0.2150737437245835,0.08586126903502721,0.024669852659639516,0.11366737274961283,0.10118681389731132
0.051087520227669665,0.050193171302234406,0.1910649878716376,0.0713087795061242,0.16137426754594106,0.19506339494245,0.07415878553218781,0.0911798516158742,0.03522487031904927,0.0793443711368317
0.053795418922320135,0.15597235229894824,0.16349947326188025,0.1682586288890159,0.07800811633966154,0.11862131554459705,0.021548087973246317,0.08735631622113282,0.1388548281700717,0.014085462379126225
0.06272994424009032,0.16645529065100764,0.08358884122689843,0.03000516862572505,0.1420211425111864,0.08147139496117174,0.11629798779817227,0.13613371157385504,0.12180975563632228,0.059486762775570856
0.004987857226371547,0.10890653012279351,0.10251329621353625,0.03980098017146246,0.09294437931146465,0.1677584776859915,0.0725472670332199,0.16633720686661152,0.14237954854778548,0.10182445682076299
0.07622211028488925,0.20472880029869472,0.16277683742149998,0.1345606080519809,0.06608370260510937,0.0607623015610978,0.14437676464564334,0.04812920565522664,0.1008248236409303,0.0015348458349276257
0.14104771201419627,0.05894625926986157,0.1517812701417305,0.14993847646455413,0.012257639257998392,0.12965708415297672,0.12478932401120377,0.11209897062586954,0.09360183034884276,0.025881433712766366
0.1509733327324676,0.1538761924165418,0.0958985727377616,0.1012306557584177,0.06488258049357636,0.12242560072185495,0.13884725891730865,0.005966174051642436,0.059608288525764226,0.10629134364466458
0.1391974187374034,0.11360606861738297,0.15568685306817523,0.1279733418037925,0.10541536033608574,0.08638962942749417,0.09391139426589554,0.018006464777835303,0.10528428186736091,0.05452918709857426
0.08284328049633458,0.07989183051064694,0.02629353180694537,0.140120582884275,0.09478216527469958,0.030133686710942686,0.21634182222258877,0.09255842276777926,0.052676373801118566,0.18435830352466925
0.09223441666391963,0.07345328063776128,0.15030016763785883,0.14007577690618395,0.15699337956777462,0.006567258375103978,0.14414648485473255,0.12627833622434795,0.02559484790583764,0.08435605122647949
0.08751650910445934,0.1336366504184833,0.027976033522007355,0.1801808896463731,0.06481300862303972,0.14751354812824924,0.17832780626391856,0.040815141311096516,0.09332780087645927,0.04589261210591361
0.07514826151431964,0.12256545778449136,0.029540153713891997,0.12487287475662517,0.11724955556870649,0.15761708510149675,0.05478724703724645,0.16580454511628098,0.0375664009396507,0.1148484184672905
0.06389667896157152,0.024134655332677786,0.05029771190345442,0.1829701824328779,0.0007950192124891224,0.19207928718043576,0.185711788461185,0.08898063570168749,0.18447267792467725,0.026661362888943878
0.1591074332230792,0.15792859463480222,0.032233207189672125,0.08043237507869117,0.13485830543972852,0.02833433263425888,0.056196759335019254,0.17258700902345747,0.14057046391939831,0.03775151952189276
0.002074701770915563,0.0007992413795347599,0.16256227809378715,0.01875342453829606,0.031160901342485003,0.09146928390471211,0.22322019024729609,0.13448091613452912,0.24067192806431187,0.09480713452413236
0.03615095610419078,0.010135076450636675,0.16481126788407713,0.1955165310705908,0.04562311275688758,0.11089696201982632,0.11661956327357141,0.0652211857161203,0.18539842828335837,0.06962691644074076
0.11328420378668796,0.13619148128849604,0.057453735699016094,0.18861913206362685,0.10325352104327949,0.08568078965691166,0.11686443089958742,0.05000459325315085,0.1327175559763632,0.01593055633288041
0.08084166412724271,0.10668689938756952,0.16645984782782663,0.004701226797776069,0.1145082548163964,0.04303818563838987,0.17738337526840153,0.014013388988857105,0.11101550760451778,0.18135164954302238
0.10792821450237823,0.17200161571263184,0.13878872684051874,0.07841313549725397,0.0645642753545947,0.09248143106645039,0.05154016043789334,0.12308136754143995,0.011349975098538516,0.15985109794830019
0.01369878784187275,0.14815881582778853,0.16450004907912208,0.032711634926285094,0.13289912898502493,0.06690886694787487,0.029294339199133036,0.10892398088540002,0.14121070570146305,0.16169369060603553
0.12339583858058803,0.23985284452012123,0.06949601798398068,0.013041869663551874,0.14000747920312473,0.0013573872693088598,0.10675208000000944,0.07020317636547392,0.03873978834676145,0.1971535180670798
0.10117423236501694,0.056071008814852934,0.11801912344842187,0.14166907668454495,0.17800104788745258,0.1273349114131157,0.03211500477192206,0.08654131161188117,0.09500394694522139,0.06407033605757043
0.10692263976376704,0.08975782801820426,0.05288936331995064,0.1672369097996336,0.06340216297861927,0.19251805344472386,0.08520279734332116,0.07248629736848428,0.004139513059075568,0.16544443490422053
0.026324584166578617,0.016308026864841254,0.13618512895623988,0.0949189381341819,0.08886368844040081,0.0747845962184091,0.17003335955621499,0.09630323643322083,0.14091681176408585,0.15536162946582657
0.0864767094328018,0.11341362687465271,0.003662024060702905,0.08021864251061418,0.05866039400568744,0.15976861208234225,0.17121143555734714,0.10450868184680494,0.06855399655429399,0.1535258770747528
0.1896200546234085,0.18558228160952728,0.16320472537159816,0.12737079323653633,0.1005679298721776,0.03146820359834807,0.024168787555776335,0.03973547836856907,0.04493664027315887,0.09334510549089965
0.14499730842911052,0.16624110816682913,0.10909674321831837,0.013521807099748975,0.10065592946677082,0.059003111899527436,0.07534505265743352,0.07783368167694552,0.1186909297043572,0.1346143276809584
0.14035333249027,0.07786072937953914,0.06275370379112653,0.14611620928829147,0.14646109460061135,0.05472124791010477,0.12343015145853667,0.0861451339990118,0.015434169844192233,0.14672422723831596
0.17925294610102852,0.030299488514386973,0.09084153755139653,0.15773814801122973,0.06156222380028462,0.03856191355351636,0.013406898135291178,0.005271478648664458,0.25577547004511614,0.1672898956390856
0.12292273445467114,0.13926506393364316,0.053234429502490715,0.17400718667608028,0.14578159229743348,0.0224411070957859,0.07197587019024863,0.07061413557770914,0.0730581147533785,0.12669976551855897
0.1431360473061254,0.14578994771448522,0.030994374070599125,0.07220307544618938,0.13404427124199145,0.14092427089485657,0.025134575000273475,0.04012049232503582,0.14461114562967192,0.1230418003707718
0.08375739079964907,0.10244670619787306,0.05976479373469992,0.06565624747943126,0.1521230375190607,0.12706628142135437,0.13015796444442493,0.11540634752943636,0.10702923954558678,0.056591991328483665
0.12112595793376275,0.12447253545866062,0.12191667997512094,0.1406718413914976,0.034852791046657734,0.0957079302695109,0.10137071245484479,0.14875536572911288,0.0070890788884788395,0.1040371068523528
0.13133032211709708,0.12981149934040576,0.06713699967273802,0.08386696309783653,0.0992755626267516,0.09371435662590118,0.030951023538502168,0.040040186614436785,0.1730813312309005,0.15079175513543044
0.15954785179392156,0.05793239088028038,0.14817931850327454,0.17363798492627303,0.15407351844444206,0.004115710035453832,0.18670523206321749,0.02878205414768936,0.0434205269490973,0.04360541225635057
0.22819526446297575,0.02083611500232186,0.1838254453247954,0.051731370321031894,0.0958814084078439,0.049108457326951634,0.2248561449593764,0.010250122347767178,0.12950439057529653,0.0058112812716395535
0.14384957964750905,0.010538498846136281,0.1330718596510169,0.14815661493687315,0.16344051642610113,0.045790781958598245,0.08024715161285423,0.0476301436533447,0.12677875991306595,0.10049609335450035
0.02109490912050293,0.1629336116530112,0.18967692100382777,0.014410079566373492,0.08861155398929854,0.10698921408132767,0.06542272019294078,0.09383766732411378,0.15504751344629705,0.10197580962230669
0.0629040273684455,0.03516306219558611,0.035338189112015264,0.1516455660654933,0.16544677594337595,0.07913476119248712,0.0035457660974773614,0.11502927430275862,0.10742869577863896,0.24436388194372186
0.10436923598353011,0.10286876624125857,0.09559434640866712,0.035615643415717366,0.09961501588067491,0.12523366653676304,0.1268897652191937,0.146301502546664,0.06504292843270967,0.09846912933482165
0.0769308595034985,0.1312978451071207,0.03094356525214276,0.04383335008002508,0.19999560926567767,0.1997439116269702,0.006923910738334134,0.12282323162880841,0.12959682665753175,0.057910890139890765
0.23820481714960878,0.013820113605846633,0.09592712101539931,0.1023506550508954,0.10938774428299665,0.07545318457818882,0.07485792019875324,0.03311173479436312,0.12764388067339477,0.12924282865055328
0.12786080727919288,0.04395569705349676,0.17408360072929263,0.09277274930864471,0.1317503728661385,0.11919377899496543,0.05173200635043967,0.023745505657739356,0.1935623969096448,0.04134308485044521
0.1920331825897792,0.18427328460055603,0.024770851169887,0.007824920244254756,0.2352356905793043,0.18645196065777395,0.023656066529099976,0.10397262218505048,0.03758643866978436,0.00419498277451005
0.03814798314767961,0.1816368520749089,0.15278534216994316,0.015899759883073995,0.11560270736071501,0.04311525487325271,0.14070605387674098,0.10849817209527775,0.05409857616458193,0.14950929835382595
0.10398075682185194,0.0953247618265615,0.11166675217849929,0.13045590165821858,0.059035813190668696,0.11812866290217326,0.06580129846509279,0.09973139650826075,0.08629889353765598,0.12957576291101722
0.15800032484630883,0.022714174485504633,0.09315830609192066,0.1281032284726872,0.13967474122693282,0.08596186060123054,0.12438145317825114,0.19469555027348928,0.030044164661638218,0.02326619616203672
0.039879567904941925,0.1065252948084849,0.135922483502489,0.20471478395059858,0.19503698090190227,0.01242236724205666,0.027887709491721018,0.09478094449876408,0.04929002584440518,0.13353984185463633
0.05641606209396697,0.08514698386649094,0.13766118895435164,0.1481209281961885,0.06205190853213202,0.057275723380968806,0.0820179724336545,0.1084354113495503,0.15415435909504405,0.10871946209765235
0.16819382471425223,0.15207696478758506,0.05346964616135708,0.017006040014823736,0.10892272470503199,0.08003350510304683,0.04767381334552182,0.08029067277039813,0.136711433194576,0.1556213752034072
0.15753873973444502,0.023354662503503834,0.06674811089264597,0.07585799049937614,0.08597286295769224,0.13826239226161324,0.14374674585644479,0.02396434597583156,0.12869806976645107,0.1558560795519961
0.047108486735960235,0.1243918885310786,0.10737306350721396,0.12470552152606952,0.06791293000528299,0.1346869581016456,0.024279599328756202,0.08325510793927149,0.13727914405302297,0.1490073002716985
0.05686276161766264,0.1357735358264984,0.14132316910868878,0.09746864167376336,0.03209563956831982,0.14085464924016472,0.08562655103526999,0.143533923783768,0.14532834649924536,0.021132781646618918
0.08981173431732958,0.051308547041933,0.06861811711898279,0.20854014865557266,0.14886656523929745,0.1656842148621044,0.10863124494446733,0.03786590489969964,0.11270807490131837,0.007965448019294651
0.09632334340932054,0.12566726376862825,0.14140735337010835,0.11653599861846053,0.07914510832095238,0.09209085014727757,0.07045007846524602,0.11536711441395749,0.05190286225676979,0.1111100272292791
0.1464109855427465,0.00263620897103688,0.012305081921250582,0.06722626142357079,0.022926635404236007,0.15195280651640372,0.053281093010906444,0.21476842376683938,0.10891464664827132,0.21957785679473849
0.16236675097833472,0.05317696502281266,0.05432180051696812,0.12483660876558582,0.08415057038563921,0.049536322800701776,0.10282800321202962,0.15745771589895372,0.13141097730841816,0.07991428511055618
0.20095031848936754,0.09541108028448195,0.08432840871752659,0.008249078430255396,0.025928996812057504,0.18801247595370627,0.10737167824774897,0.10353846481895734,0.03334241618079347,0.152867082065105
0.17407008985757977,0.08004145864927932,0.17850702743775337,0.09226051051791138,0.1487358412453077,0.16183940389436352,0.025803203582180228,0.017239582675378836,0.017307549841279843,0.1041953322989661
0.0548682727064797,0.025059948914059407,0.1422143821179266,0.03963441534336283,0.106683539576953,0.16898667519117536,0.019048420450308502,0.16445646359560312,0.07099111367880473,0.20805676842532672
0.15153734074742187,0.10111608478052744,0.032285261365898446,0.17923770050932986,0.16003228450387239,0.01412166227114036,0.13346603022886303,0.045226555606695716,0.05314789069809756,0.12982918928815332
0.1137491113677273,0.11900364509195342,0.2364107378556474,0.05935948044907344,0.044661664176555,0.11741588335612978,0.06194923097250292,0.12104037237543702,0.08580694320689439,0.04060293114807942
0.023066604818560495,0.07955637176094123,0.14433844516668023,0.006400268419393058,0.06161231804325195,0.1598700684347127,0.01743261690475007,0.1813954452671314,0.1817233470525154,0.14460451413206352
0.005041845079909174,0.1259720022329181,0.08714909602894307,0.01985231184513043,0.08895936659724041,0.03081780109395944,0.13226482963618383,0.20056257354288404,0.1204702957378195,0.18890987820501193
0.005660542302446892,0.1821826216686112,0.17496198572234048,0.019036520004771927,0.19360184743947054,0.1805778871268741,0.028139950288516388,0.022983846667213093,0.04744627267708727,0.14540852610266797
0.145253077277357,0.2657550484427261,0.01093666270031126,0.1182526848353664,0.15563417761775122,0.02536743488316869,0.06655173589880038,0.043152685232578515,0.08478891822308447,0.0843075748888561
0.02654119113591305,0.1296020773372748,0.13872597527111238,0.08070930386811831,0.08869612052096311,0.09455380185166838,0.15512279539678828,0.0786801393911139,0.07268377897978152,0.13468481624726616
0.01741051875106842,0.1284903333246803,0.11460530134396961,0.15029942760128456,0.13795325851374815,0.07303229807348564,0.09390659529264178,0.060369612474716214,0.09649117553790677,0.12744147908649853
0.2976456138656543,0.13197075093013974,0.15486054791005682,0.11305420329910033,0.08120434799560038,0.03932962667865537,0.0516450386079577,0.110255660320678,0.009140784801135018,0.01089342559102226
0.14039141173502304,0.12172680632813088,0.11809295864137019,0.1283476124960561,0.17488610365661178,0.001521028883140195,0.046703259027957196,0.17674223197577288,0.07508164622801192,0.01650694102792573
0.017073014860209693,0.18570528512826906,0.10178265988757915,0.17950124596498337,0.14676454114273438,0.035165602637787244,0.13440152823675652,0.06185290380476556,0.034538392368259146,0.10321482596865582
0.18016661967602915,0.09330702749839598,0.0783739267102541,0.19819387982463496,0.1302889272571389,0.012787953968119775,0.09795155648593531,0.010970734616648957,0.05428322917578084,0.143676144787062
0.050370138061608866,0.051202879505421114,0.12993974627879457,0.010237845910800795,0.12453404986946857,0.103887552216219,0.1604399968939327,0.04485055752730845,0.16565748420126752,0.15887974953517847
0.005031290157194078,0.14695777515382977,0.1808353108036596,0.0671634430533005,0.03831936187563779,0.09832555109690094,0.07871029071192144,0.12088699538034268,0.00018301702438418277,0.2635869647428289
0.12425410807533507,0.16974265131352456,0.07570831048233949,0.07092776838214539,0.05948598917199585,0.1824414960871133,0.012980857097721874,0.03404633695699457,0.17203449350241218,0.09837798893041769
0.1385006544247688,0.12012247846566093,0.004810464713515287,0.09592128592054587,0.013699165968111717,0.20764043856660466,0.098995049281539,0.1799900517668369,0.016011007845088368,0.12430940304732845
0.08211684145526198,0.14996832186602718,0.08771378026405464,0.019291366346101266,0.08690009925004552,0.18312483637080978,0.04689269477928289,0.14850319586641467,0.1859678867443899,0.009520977057612278
0.1829344053613767,0.03459473974385554,0.08568413164485575,0.1369581643715184,0.03083019007931327,0.0875138655315373,0.15145993015782885,0.15572713751826983,0.042954651666834355,0.09134278392461016
0.0797467195711559,0.17634033066617275,0.03344091005855282,0.12729242648785152,0.13819717184880775,0.023476845853494393,0.22006751692165788,0.010988486413638894,0.05176792119966176,0.13868167097900627
0.007670473363596935,0.16417267177597555,0.018905679422340792,0.09821504253126238,0.07898500993653246,0.06464700927729995,0.18527606187008774,0.12109063365035337,0.11531521943898532,0.1457221987335654
0.0696327565827945,0.10736797121819845,0.20640448919559706,0.18318195318631225,0.175049899347663,0.08036612230137426,0.003390862096968077,0.012019988074886885,0.030624877767048097,0.13196108022915745
0.1382261076266916,0.03234429794060232,0.17015763934058492,0.15856504853965023,0.06623150493187727,0.18760495314674772,0.08974026445004807,0.11449486146350445,0.01668368164876733,0.025951640911526148
0.14928578591651673,0.026089810519472397,0.07514673329687235,0.09483938796875394,0.15933976267010502,0.13990341326545977,0.06161048472135306,0.10699213889178452,0.10328722752682763,0.08350525522285455
0.1210796672940005,0.03843870045705104,0.04902207959215848,0.08029667455557132,0.0277359348596016,0.1336287133030075,0.13093259292127257,0.02931293587489567,0.1908658269051467,0.1986868742372946
0.046090534371470857,0.0037698136920798204,0.10074933646876467,0.17025395960144687,0.03573892315758953,0.11753418283947453,0.16165332233089968,0.1595916882094361,0.19615387694841904,0.008464362380418929
0.14210105936031792,0.029460553634449493,0.034310357357839036,0.0045850533230740904,0.09239163961667182,0.013793483561607069,0.1740560893151444,0.08066174163748006,0.23284547647447443,0.19579454571894173
0.1400690224379537,0.13862906938134498,0.01413488708358479,0.043121021509118625,0.02317668177968572,0.17750702240889685,0.18205373957575538,0.061007075553034223,0.09438559952083692,0.12591588074978904
0.08782863198059258,0.07584912684491218,0.12335150198959828,0.2286294393290194,0.03462470880731825,0.011153530441976865,0.03837823175419022,0.011878236276061683,0.19294040033061013,0.19536619224572038
0.07017541384566568,0.04424962309121183,0.11133243178536069,0.16738714196434043,0.09542619608137481,0.11270373471527649,0.1645937240015102,0.026094780461426707,0.07009223198215686,0.13794472207167638
0.11174883395845255,0.1396110046798327,0.07629201510818975,0.14221834199739064,0.075830440249216,0.09632878343419142,0.11132715047819303,0.10901481932012488,0.10226913064503891,0.03535948012937017
0.10521216751054714,0.06454691175560201,0.15786017600877306,0.06801482307887873,0.167919311526929,0.046191532634777675,0.12919898035366856,0.08232303910408875,0.13581102539420298,0.04292203263253214
0.14787484824515187,0.17614306638523747,0.14069681311434484,0.10283276220369646,0.19434149302496934,0.08493079585181122,0.10612919287554114,0.025557781733599915,0.013383167093570163,0.008110079472077543
0.088780370186044,0.17694276669661319,0.169647883110429,0.13379800913221918,0.15205627567506258,0.05068493010292365,0.030037363047715347,0.06302463797115669,0.0745463557303924,0.060481408347444
0.14289965885515354,0.06135077966420238,0.16046316167714106,0.20305580383319952,0.12744469559824811,0.06840250126116393,0.01442841829866854,0.16523160452390823,0.004185843369450743,0.05253753291886386
0.08628664214628051,0.16901115192915944,0.05988487906996647,0.0059977838777636894,0.08959588831987418,0.02567240191329014,0.07929691076950357,0.17747349533794152,0.1646572256773993,0.1421236209588212
0.07448288396517137,0.1657284789062646,0.014786955626172464,0.027795492721606505,0.06872346632531312,0.16615190639440355,0.2599191008503588,0.07465837695471753,0.0442445675857855,0.10350877067020654
0.0015305413600682886,0.01578160430085922,0.19528906036893998,0.04676610514483473,0.04451646574009995,0.28245358615949107,0.06005410774047902,0.16125018702894728,0.11568948419383494,0.07666885796244557
0.142430047709994,0.01036564199070687,0.12777567924288366,0.06340879885231401,0.2693765666764356,0.0010061601305275181,0.05384684073101318,0.18276752595657667,0.12739137941514658,0.021631359294401964
0.05085833858400069,0.1606511282080621,0.05915985913783989,0.0015379461985819134,0.0013833242639869874,0.17352346045725542,0.18874452694019353,0.048937067878829614,0.1696634415532719,0.1455409067779779
0.13011664054442626,0.06240771128349391,0.15470065740080313,0.1171189841512803,0.019976325353768917,0.1560692517597708,0.12129875953961136,0.15398697078403642,0.00554581674160747,0.07877888244120132
0.0074357155520084735,0.08495093250991971,0.091380493561862,0.04028496635125454,0.07006997498729595,0.08895499860059765,0.19363134176219013,0.09659570277864143,0.14310779794709694,0.18358807594913334
0.04185227625368282,0.11669535033274776,0.16128528512023288,0.027554121135549142,0.19637983531701406,0.19227793504076615,0.0179290833437758,0.016704919955777237,0.041847207156361754,0.1874739863440924
0.1419843086175088,0.1445661840049543,0.10929838598338966,0.12900764334625853,0.026516769236174107,0.14312917721831192,0.04557439729723797,0.137199301403606,0.09625753888091478,0.026466294011643975
0.062281724573026526,0.1703353912515377,0.13336993918426893,0.05464600584505478,0.05833721677825142,0.1265483925094138,0.17057861464680535,0.09953870967893089,0.07255596926031431,0.051808036272396406
0.17516669231672125,0.11233636879101201,0.03747358714880006,0.02395213101959136,0.1762346486972806,0.1385963123227696,0.1493080411872314,0.03720195286547728,0.09803857318449859,0.051691692466617915
0.15867057007942714,0.08902346079006616,0.04252512276259116,0.1142436158828947,0.15099161007503156,0.13186701615395258,0.061261291935152444,0.129384217381968,0.06516193237926728,0.056871162559648906
0.1925595510839963,0.06216558034219333,0.07091027730510377,0.14321087805002017,0.0036654836242575343,0.16182237284367917,0.06099481211937313,0.1219154803200036,0.06560190210749485,0.11715366220387809
0.07502015815396242,0.037341872459242705,0.19953750015631125,0.018827499975994887,0.06234402690030481,0.14343839256732044,0.1339461391130751,0.1579644985073778,0.11421426722379859,0.05736564494261202
0.11655976613967808,0.054035797210028796,0.14511904566718056,0.11757668998676413,0.06228060965469282,0.17825155062132667,0.011950712536235397,0.17044072717601888,0.1324496728072032,0.011335428200871547
0.13027118707934082,0.17434602594746887,0.17739135053970773,0.014561311845017902,0.12629264164987847,0.027678972101108645,0.1255546600174228,0.12554179037517718,0.03965211076853354,0.05870994967634398
0.12169174328546731,0.12762781702349557,0.013280320192181205,0.045714568685292514,0.001518090108484803,0.1421169814763273,0.12399523462010989,0.14465745734463123,0.12682983611738802,0.15256795114662225
0.017036018093080006,0.141584722029409,0.0863089183161335,0.024092430820089408,0.11400653409376016,0.1384367998354497,0.07948312145123541,0.10417760024143823,0.14960445519364238,0.14526939992576215
0.07374042061670319,0.11578700807821915,0.126987989315682,0.0627330273746001,0.12088506531284808,0.014966250621470686,0.0704180099396726,0.17289487005879559,0.12111302988608245,0.1204743287959261
0.18396343232141263,0.06038136904128891,0.02035647010324981,0.075654666527921,0.15509328683911824,0.19694659428571062,0.07490416216501893,0.08904836507678256,0.013178780568774402,0.1304728730707228
0.04514497216563703,0.0063947706955639495,0.10507918208954987,0.14844789119375076,0.15099420455364745,0.1714981519346968,0.020428823163925067,0.037791234773113906,0.13521078170166484,0.17900998772845025
0.10105800001275424,0.07602287463499763,0.001437724656848422,0.15254644818163704,0.08884470337449904,0.1200845555243755,0.11709209064422332,0.14521306953346547,0.06152917845172119,0.1361713549854781
0.06592856019880736,0.11470393202905978,0.1715110893712412,0.21233538201241425,0.05933587152883424,0.036088377624841836,0.22807850489267065,0.02595428493638788,0.05956246208716379,0.026501535318578972
0.16803452051147902,0.2260457117748797,0.03723428336008364,0.047631606236679135,0.04292272621251872,0.007183209935371061,0.040246474435127154,0.1548292642805069,0.20205542315009353,0.07381678010326118
0.14478444730143847,0.014967201788034639,0.11206021932335503,0.018701447442838495,0.1046636136104945,0.16464590545132166,0.05331437666647618,0.010223980110645974,0.16636915261991803,0.210269655685477
0.05681808982500401,0.054317772129685284,0.09259240477114578,0.15130631362585314,0.00946959661059928,0.1440935027285313,0.18439960223691734,0.15319354136125266,0.10996524989383843,0.04384392681717275
0.042171289824313146,0.073500479540938,0.13474760265061544,0.16273401623507772,0.11025365493873336,0.07044338710755846,0.08818549700135984,0.10588448001387785,0.06536741622623236,0.14671217646129397
0.148199848071208,0.09629191976670913,0.1392350500187511,0.03950464828896807,0.05991169100464457,0.05893024973406014,0.17305777820057378,0.14811021763860627,0.10069122058654212,0.03606737668993679
0.13317111769522033,0.09782149332215032,0.14563227198782652,0.04235481868241092,0.09859982831700523,0.04015628107301073,0.13676058834763843,0.13977110448326438,0.10638204824562603,0.05935044784584695
0.07197225715277904,0.061235864179941216,0.20943197315866433,0.16151524497548683,0.057901431142566004,0.14660653081970215,0.02868517384909884,0.12879935086997482,0.051421713474240884,0.08243046037754602
0.10310923298645086,0.029507853903406423,0.11414035453748977,0.1724248502702807,0.09779248768407309,0.14030786613730076,0.07048257108557228,0.1046539518910098,0.07645193227266223,0.09112889923175405
0.17158318058020441,0.05856680085944402,0.038859369165634795,0.15726901833536372,0.1599273410025567,0.10650741541703873,0.05898491939712473,0.050940298634146716,0.01732702246325249,0.18003463414523366
0.0011498641742189652,0.17155311957657438,0.012065479533807618,0.09740899660780042,0.13066465028318647,0.12557254969633722,0.16538324169875598,0.1443584484742849,0.12046292782783431,0.03138072212720001
0.04480787181272725,0.1082798006653449,0.09062733072129778,0.11941894071180928,0.13740461278800092,0.10072285403196024,0.16621004230503336,0.13562374125246557,0.0703670094689007,0.026537796242459926
0.15533952208881646,0.13791803963085852,0.1683172603106357,0.08206602920313157,0.07963843600945016,0.1134564856527939,0.039003158025115205,0.039066484828690184,0.15244283316710358,0.03275175108340475
0.06852613445510237,0.03571225663594591,0.15277400378652073,0.1083191534665362,0.14161690184480802,0.03478196750830212,0.08284711252258625,0.2247440708086694,0.002436641954589015,0.14824175701693995
0.15869735116682107,0.132949185640725,0.04304621694684977,0.1411833998024565,0.05483239999801325,0.1465324698239435,0.14074848498924553,0.12951898404517637,0.036704360007744394,0.01578714757902461
0.17328196565827544,0.13384197811121565,0.046650858394355274,0.019645384875202225,0.13187112668103124,0.08450240805708582,0.07952444449810682,0.0747478223186175,0.10205115032929686,0.15388286107681304
0.21264379193877278,0.11025514451207766,0.03613773227832426,0.13385895163751227,0.1304139890882111,0.024576141076592842,0.15398899243350014,0.0408497332362538,0.11258645242518588,0.04468907137356932
0.12517915537123664,0.1298530458497945,0.0893675786090323,0.17528560244379887,0.023612328506371873,0.009483154697513674,0.1585415280995179,0.11761207344245232,0.1480272402920262,0.023038292688255663
0.11949914033740507,0.017569985609121753,0.11670198452683794,0.09596913045526122,0.15711831104717255,0.05653493726112288,0.12688796107236702,0.11541540601620237,0.1531772314619152,0.04112591221259389
0.15306067004529345,0.0908454144386289,0.04762786254152425,0.14330340111560205,0.0831713730350461,0.07135735336385421,0.0026964741716518207,0.16710485330724198,0.1017741397212166,0.13905845825994045
0.08087420632453086,0.008325634833648312,0.0457665408257352,0.14149292864996718,0.06316137049504512,0.16627233139481531,0.103132952014458,0.15192425884857386,0.11285263606229887,0.12619714055092726
0.06837899576441184,0.14201543449201237,0.21727284945443254,0.05045798151885853,0.055192558749959285,0.07587952974485171,0.036063132444129675,0.016718622398706032,0.1877190155025144,0.1503018799301235
0.20289141682571493,0.0333590010666872,0.17156610252606583,0.047712771112929715,0.03492299810306732,0.1616103966384051,0.12428579823309246,0.024120724654529573,0.1796753510721504,0.01985543976735752
0.09127224718194013,0.15209014305543292,0.06373074200050236,0.11532117188777255,0.08640692451269477,0.10961120310034743,0.1436813612879666,0.12351514012728905,0.04183684835300041,0.07253421849305375
0.020611443027968787,0.022908872495869946,0.3046828027184433,0.033753787634109425,0.08658493718786284,0.14795618721190015,0.06359930127818315,0.04736041771100168,0.0146598701267009,0.2578823806079598
0.1812853603400937,0.12075983096878941,0.015382633822936018,0.1067412251300872,0.08358689534438958,0.0889398632904491,0.07642663534136375,0.14888224923404705,0.12528042452462934,0.05271488200321467
0.010321185600218568,0.18820350397104632,0.03578003275347692,0.1462667340203356,0.01989127373952547,0.1022313924670867,0.026175547758965884,0.18188457137990735,0.12801650657684496,0.16122925173259214
0.04162977172552477,0.05423149271892917,0.13914487662931407,0.0157097719116039,0.16067736394792306,0.19841848585982372,0.09638191922106978,0.113823631264814,0.04854095412973738,0.1314417325912601
0.0021699974197763702,0.17264254679751395,0.1701208066284969,0.15491693032196904,0.01423039301092461,0.16304545618528307,0.11528052959899725,0.05928983071681852,0.03618481536217958,0.11211869395804068
0.11097464675006909,0.007981661714346295,0.03843743076924812,0.17425079820242334,0.14059263222722704,0.07748762703127815,0.1445062994091184,0.1908110831488448,0.11277397128718623,0.0021838494602585694
0.16940821116381122,0.18674341658931123,0.10859631713276088,0.04550585901859645,0.020639431328645392,0.11340628474540602,0.08723147741709324,0.23115083508859227,0.027993356658940177,0.009324810856843056
0.15063006396692397,0.138416292593772,0.044890944376843586,0.0725981815392212,0.0902260651088776,0.018209529962859922,0.1707013071034556,0.11911528113575194,0.09235078762152533,0.10286154659076883
0.04218414984693237,0.1422804735301876,0.1649067368935793,0.08195437677918414,0.06050585688195499,0.04375644849468699,0.0480435578990355,0.13604631998299702,0.15481133952655307,0.125510740164889
0.04677547277967009,0.17737607543683181,0.17783627611441621,0.11866209544314706,0.020250788723041886,0.11805948085357887,0.08188044327558423,0.14618240013801126,0.024856726330285312,0.0881202409054333
0.1607738739120049,0.04561229829555816,0.07318967796579881,0.07905049890877809,0.11450771575043536,0.0864603226907009,0.04604549123275334,0.11103531602758572,0.12464768057203812,0.15867712464434655
0.10330328305385746,0.10845517401919828,0.17532522261229413,0.005546698251016369,0.1690736211272516,0.1100136472203869,0.11049399475082322,0.1385182725995625,0.07154143280865123,0.007728653556958214
0.10825273907294783,0.11535263007977413,0.20333056904689026,0.029095147339545376,0.0682950546065921,0.04593450097362659,0.00555731122900865,0.0961694321760476,0.1413002696594482,0.18671234581611926
0.0409334145218094,0.129883375172943,0.11403282500611357,0.02977416418216571,0.15288904693084987,0.08956537966574038,0.14807774889383027,0.0027438605697168755,0.1578054232857986,0.1342947617710323
0.10972906815834373,0.1199093616667415,0.016509567915684475,0.11032015721248276,0.15512889315500972,0.11826517928019345,0.1020774040860348,0.029826929289644612,0.024251577737392005,0.2139818614984731
0.0057977060197420185,0.28922439579169656,0.045302864775576726,0.10447240597352435,0.004411936564066669,0.15455206317767808,0.24783968796316405,0.1064221654847561,0.005422928582407259,0.03655384566738823
0.11868183992227342,0.1826958697436581,0.01779714336772467,0.14955791873965366,0.07463158706995517,0.050707908173458965,0.14741335341094078,0.06897244800209908,0.07572350816360579,0.11381842340663037
0.17036041081425485,0.024393323985140977,0.07882207852539032,0.17875469772047647,0.006873879106328491,0.13750812105601137,0.12972478065692797,0.02679635454628479,0.13142784392245685,0.1153385096667279
0.09521933484489445,0.05434713189183251,0.19213294888989188,0.15406762645587854,0.044514827966173495,0.02656576700900352,0.1332285977092755,0.05484852651369628,0.15057933256450579,0.0944959061548479
0.1877149307339865,0.17741205190595283,0.023802415908237107,0.031174199984163715,0.09125049380492634,0.1324218520183546,0.09350780767788948,0.044994458189712316,0.2047655981324441,0.012956191644332909
0.18199839965922546,0.18592405604581963,0.09144442712834369,0.15162556725521034,0.0892225906285288,0.027491566293892336,0.03798550141140887,0.1613422205818991,0.04823952488329248,0.02472614611237953
0.07062802963245855,0.018003956334224285,0.04773316418116359,0.15124013474877898,0.06000885852104709,0.1635062466759721,0.12405211191632975,0.0797539533005682,0.08666982007578432,0.1984037246136733
0.05484671412844082,0.05897474176129932,0.12192041886900289,0.08241036950937258,0.15999600167976888,0.14400559252579487,0.06900244821641198,0.07151715489049855,0.17139354337677828,0.06593301504263195
0.015310267585540473,0.019541344060688387,0.16268492325869005,0.060498456104664346,0.06472223311481777,0.16566627509185566,0.1294361608748848,0.1723108087887011,0.1451239551105085,0.06470557600964898
0.10232375199785887,0.10883184171766168,0.08499284649651363,0.06984016087961362,0.1336332565697989,0.0028967282548998403,0.13162999053010446,0.029048030192566403,0.23553866145967206,0.10126473190131047
0.1558644578869831,0.15260737657062723,0.09202712987981904,0.08147786408781724,0.14730535800363212,0.1477655251258596,0.06394033497782531,0.09325194687152884,0.0009977176291389458,0.06476228896676851
0.15067540720877778,0.2150687525459087,0.06799409065182387,0.07861900623003407,0.09368972049835639,0.010338609871981298,0.11031935793882414,0.16500148918584762,0.04876144594353675,0.05953211992490941
0.09160141632743063,0.11770760306480064,0.05184618545959227,0.064604945498055,0.10138911772409107,0.10884129076415938,0.12219751482917544,0.09570881298560177,0.11343583267535252,0.13266728067174133
0.04993032127935392,0.09175143555006433,0.11450531707645534,0.09203308532164155,0.12152364726207589,0.13014079822380345,0.1041152888910309,0.11097404498460806,0.11164056080409913,0.07338550060686748
0.08474727134427823,0.08504063752108926,0.0750285010235112,0.16405272901216078,0.1424727326507633,0.06525688702970335,0.13939033119180247,0.03688374241415387,0.06146465716353691,0.1456625106490008
0.005845988243905515,0.012039857362661098,0.10949227870584058,0.1250750667419954,0.14618098189761164,0.03233359484860138,0.15105245390258698,0.10970329101427614,0.12693645959808764,0.18134002768443372
0.16040255870020176,0.17894708235913528,0.06161568073449078,0.11162844888056865,0.060881122133537496,0.1086764816560297,0.061770079532055995,0.030550722618979658,0.09206024856713257,0.13346757481786817
0.07317071698106704,0.0771938856421188,0.18093459847340188,0.03119845930042692,0.005141495089517839,0.04370216892026461,0.24350408093449788,0.18435830765321454,0.017338722081567424,0.1434575649239231
0.16937542058352048,0.08479710131596736,0.08186680090170799,0.0674339813971067,0.1499433189468119,0.13672078397957424,0.014864188512458043,0.14997771560604503,0.06923972135957358,0.07578096739723451
0.21252760807273408,0.09471202088164694,0.2144354402925077,0.0009083336630194892,0.09299384494651734,0.021319573064610468,0.05646252798176034,0.07923728240173174,0.18861581051271167,0.03878755818276025
0.024662020153139574,0.13656212732481324,0.14304196553642282,0.13483760330459665,0.12383008453116977,0.14314183684415235,0.04801722884327607,0.022799266196973186,0.12078196825913035,0.10232589900632602
0.0889925779693129,0.13297188804078378,0.048173488391924514,0.004031940983760402,0.047142781971658825,0.1620561555942616,0.014700331271041693,0.19671102112618558,0.20603461611757265,0.09918519853349815
0.08396580140388327,0.07789453617942259,0.1379197132097519,0.08508418993827309,0.11071901676192303,0.15371428069617354,0.012336658542831745,0.16864301925350714,0.16887231036783074,0.0008504736464030122
0.1613198041255753,0.009651023395245654,0.013163664018530932,0.1631731145083072,0.07625465598229537,0.19897452625181616,0.08138529587057844,0.05277060540154203,0.05176752977883861,0.1915397806672703
0.03867978651701107,0.006455034481338457,0.1638403100329299,0.1286971800603913,0.14515926289198547,0.09691347783947295,0.16464587733921338,0.027366154501860116,0.08749717743739861,0.14074573889839873
0.004565465672039237,0.12106777175031931,0.10197100615617481,0.21266901822652137,0.03779916518707559,0.08121065318365092,0.07202442128703361,0.2253525760998015,0.12745459062740158,0.01588533180998225
0.15268533923076866,0.08579822292799837,0.13099933607860878,0.11577800389521914,0.01313756101352188,0.09634260683607955,0.01433565630559398,0.063048498964516,0.1728136970607584,0.15506107768693525
0.06204981530843239,0.11782967262464478,0.12326513302809551,0.05865484985988424,0.10082593243142046,0.1230387945652883,0.1073580743855228,0.09561358947029887,0.09585976381398953,0.11550437451242311
0.16721435478753752,0.09383578482966005,0.12259701667607024,0.04508254098841096,0.104199815000705,0.16442442160218695,0.05570428969695121,0.1047321015014163,0.08360897755953543,0.058600697357526335
0.13232229354566935,0.16858799611172795,0.19043688878388285,0.0737033026319529,0.04336024167456794,0.08262229459090377,0.03774825415627964,0.07376247985354939,0.16528464139985105,0.032171607251615116
0.053383775766085634,0.10289937927152007,0.10453519105250059,0.17673803619498907,0.05817262392024125,0.05978171954657311,0.15438866131150542,0.06581754065424837,0.05171735504107967,0.17256571724125674
0.05368740715825746,0.22242678077683495,0.12915915231117586,0.08748202978534983,0.11601130962856752,0.09245397887724428,0.20224384982511098,0.04281118553959084,0.04814102827409541,0.005583277823772945
