i = 0,i = 1,i = 2,i = 3,i = 4,i = 5,i = 6,i = 7,i = 8,i = 9
0.145927906350251,0.17034728331830157,0.07375968812176688,0.0681332147604179,0.019440662780667452,0.13586134443804973,0.11555813234288558,0.019583854021673824,0.1799153717478484,0.07147254211813762
0.07496714325905304,0.19913599652065817,0.1471473193977394,0.06542315783401643,0.04316961058617365,0.09507588705470202,0.0009929459854533752,0.05638298418453472,0.17038531510078067,0.14731964007688864
0.05062818254623349,0.1379117467551885,0.15632024170760936,0.025381709444259947,0.0890244177582867,0.18109665992967505,0.15508373593475763,0.05780165910629663,0.13853737569365104,0.008214271124041656
0.19003317120707752,0.029008384070524917,0.024205497235035903,0.04456277061322005,0.0445121151264007,0.09626291937736917,0.10275621641378982,0.09188413087209288,0.19866843456446523,0.17810636052002385
0.019788363400488694,0.15041711054934134,0.046561842408202936,0.1429459314125313,0.0016604856975440234,0.08837330128196999,0.17248416034867506,0.06727350317026823,0.13869375045133606,0.17180155127964233
0.11690159106226541,0.016136987078117362,0.18340943766316578,0.058139945076657,0.017300758470426874,0.14975801583986434,0.12473582646659839,0.07733784020125702,0.17684884844178153,0.07943074969986626
0.12778258578705354,0.069986027632649,0.018974595433408188,0.0012106305322257412,0.07489717098103574,0.1461394402655327,0.14972799664833522,0.14411340880792647,0.12369113844702649,0.1434770054648068
0.14675485729525517,0.09489395191624167,0.14782565484361732,0.10501398462612783,0.12846911673361924,0.15080224324291264,0.05416901474763483,0.10625148797213078,0.005290495943570877,0.06052919267888959
0.10143033576150136,0.08491612906390894,0.15523414518105594,0.10241441038438952,0.08278741289732265,0.08496816213780639,0.15596893054360583,0.08479708169786844,0.034941891967644224,0.11254150036489678
0.05221295088163834,0.03849506369603286,0.12890600958273046,0.17295725397372924,0.05453450551381481,0.09406590239323674,0.11491603320295306,0.15105361478270604,0.1047575039626807,0.0881011620104777
0.14682202173916328,0.11321737815936282,0.14803748941464975,0.08339371091321159,0.15519101926066292,0.017870106601523602,0.12485604230709113,0.049316354380407504,0.017210343347903306,0.14408553387602419
0.02088676394084744,0.17252687269894226,0.17157224223055667,0.13392853973055052,0.022842881106237438,0.006201059524394424,0.15622092945313593,0.09324828400237034,0.12740353774589025,0.09516888956707475
0.14347512784857214,0.09665514728890222,0.07900885484554519,0.06918840082181203,0.08458551967809305,0.15448835762979435,0.02005685981427387,0.12447738654313883,0.12361955105475192,0.10444479447511651
0.16904017655189799,0.1455856424568688,0.156503891368365,0.05177262545293818,0.10620487340352898,0.020709058777510187,0.012088082359785177,0.06757107368580065,0.16084698669618272,0.10967758924712245
0.004225981619742147,0.06655048278283665,0.14727025902892563,0.05445611143986735,0.13501305393658372,0.1671510485277597,0.048429783527764586,0.11891506440657455,0.08583295910067175,0.17215525562927375
0.06186101190927847,0.12617996736671516,0.052745142641024,0.10235505500761714,0.14241742883432587,0.06215882808412468,0.04404977698452502,0.14265360096370475,0.1092464529619122,0.15633273524677274
0.08223352114976445,0.07649874181852999,0.13748920207650953,0.10351925929026455,0.08294681426885417,0.12020836985407898,0.13253851599713645,0.06293258990661381,0.14000750459434644,0.061625481043901496
0.18282933961588596,0.008934772256103013,0.19199896595829188,0.059449844407199075,0.044339317860541946,0.21210905068738067,0.08993260830700986,0.059765348982735694,0.12498443737884608,0.025656314546005927
0.09570291217638772,0.16124584645504775,0.03422977671659897,0.0716233674420156,0.041580190633759596,0.1933293913935483,0.111339964964659,0.0008867787925964976,0.19409505808849736,0.09596671333688918
0.05201544676994676,0.0872151972947886,0.008657147509661709,0.13403151798781585,0.12640276984761395,0.07167701685494379,0.14383817252083192,0.18817538728304192,0.01877705335658538,0.1692102905747701
0.1871965634733803,0.1827717498273297,0.1776345515228101,0.0351493808362392,0.018176983728890077,0.13572867311260386,0.06879271968432134,0.006498468412683626,0.03297108052786146,0.1550798288738803
0.08734065256243952,0.08513403048543834,0.0718971150692562,0.18540616503285517,0.12966859208139564,0.011686228745848374,0.11069610295368291,0.07126399323151743,0.15342073055764788,0.09348638927991845
0.12871509584393456,0.052544906216381825,0.08844269540517702,0.16962913399008336,0.030223667043117203,0.00372571125972334,0.09880414104395852,0.25479961603711265,0.15484306508378604,0.01827196807672539
0.09989623669708689,0.020584016731375183,0.13472475359197536,0.11764335518120722,0.09872275831354747,0.10775465061409797,0.1261473198099751,0.11059564036883056,0.02814338044375806,0.15578788824814627
0.1602096978462499,0.1553263517403276,0.010996607264118172,0.11400854400582804,0.05569154578213999,0.10569819665100799,0.11240626257033245,0.1433222140503413,0.1398167407451871,0.0025238393444675673
0.10783648149287939,0.17208746034995528,0.14544721672848973,0.10981528046191798,0.12045239239703148,0.027687071610126606,0.04945505358078465,0.13725685589368417,0.09821291268490562,0.03174927480022505
0.15634171943905434,0.11360121910309033,0.06061297565843364,0.0366213599458491,0.2364153644190313,0.022610298276148612,0.04097211399429934,0.07134041584611457,0.06697444039553996,0.19451009292243893
0.13043806559972304,0.027764131209772433,0.12758547972392978,0.09195753670256272,0.10722179723942293,0.1093827323829654,0.15596906139955466,0.03143664089598099,0.06534935642328078,0.15289519842280708
0.11664991517746562,0.04869078622651111,0.08344354517285606,0.12907021493809243,0.1500427925760993,0.026798555844489026,0.06611490839868764,0.17764628665744314,0.19038046140478002,0.011162533603575763
0.06696612639849817,0.033813423022580065,0.06775923804773294,0.1633180978112635,0.17467851045917884,0.04880069133556852,0.1571103993803593,0.06144741395329523,0.16056335542321462,0.06554274416830884
0.012837371124936634,0.09751746483317085,0.15433594350495614,0.08612048747872651,0.07948465745897772,0.09879329494026057,0.08283527957067444,0.10374772544553941,0.1625681480286752,0.12175962761408247
0.1567615493386739,0.11977410191152477,0.04782379665697395,0.03806359208834852,0.09707442997126463,0.17642056093987946,0.00834157623165575,0.1330857284642834,0.09891748644061146,0.12373717795678414
0.07272419422502906,0.15310874498691926,0.17465419016412118,0.10639126103387167,0.108244460525884,0.003247204902440704,0.0064531529712137424,0.13555121376900164,0.17112897747943848,0.06849659994208027
0.04880632225380179,0.07880218901400389,0.17861249502560278,0.11383562604424181,0.1552384568104872,0.10141655362974845,0.11546204571082508,0.003927124860216527,0.09914623446346235,0.10475295218761019
0.23378895232919533,0.17396483055617493,0.09193956387886078,0.0023578327026281052,0.13646007022535753,0.043770163578406115,0.06754413010551488,0.0022908956274321737,0.10148310536438578,0.14640045563204443
0.10242318884666847,0.10895369470207901,0.1303324417012798,0.1469819118576471,0.12245481263720766,0.13019752263498835,0.02425403412895865,0.07426943913097699,0.11405827746479102,0.04607467689540285
0.08528045151742371,0.12801054191281988,0.06521464358091308,0.06492863307981057,0.14595440178324992,0.06473299944935985,0.11585501268880148,0.09652192848687334,0.11501597502619297,0.1184854124745551
0.032826143649515284,0.13411811370174082,0.14130279008743812,0.1410632906653773,0.14890773175090083,0.02654197762289759,0.1576213273785842,0.06223282263820443,0.1519116273338569,0.003474175171484514
0.09688310507483718,0.09918194128405501,0.15492961560819293,0.009668431632606278,0.0460615094777557,0.10838315091267184,0.12864752744121258,0.15609038927774566,0.08779505701447934,0.11235927227644338
0.24686501424139592,0.0690494143276454,0.08208806969655472,0.11985685359241424,0.1885333637147748,0.031829034359436695,0.058412952000828286,0.14206919501905324,0.019658661198077795,0.041637441849818796
0.15965994427978,0.06070261545165548,0.1145160323691595,0.10168234237016284,0.11661403025218922,0.15472761925350542,0.14309444236795144,0.09352897594893993,0.055015399135275006,0.00045859857138120407
0.14580167272911757,0.2053659695916117,0.08667644866921402,0.025667952712248327,0.025021773110643332,0.00462460820740615,0.09569605460415483,0.15995892809771112,0.1709371797719039,0.08024941250598903
0.11644148956808922,0.16339258382972316,0.13092194606363577,0.021404071871294485,0.11003671917471981,0.11705965969198684,0.14189413864555153,0.044085859502353546,0.10169845163332517,0.053065080019320504
0.05993235266774497,0.10943355689302009,0.039343070120869364,0.1490734186125802,0.04051773963203635,0.11788716519597053,0.1502143807192754,0.13546711134814307,0.056954072676037186,0.1411771321343228
0.0056461391046822825,0.06133341158791691,0.09362989758729907,0.059165386667403695,0.10022835242952406,0.08440931178596348,0.1459625927008566,0.1994464664940143,0.19846342956824772,0.051715012074091835
0.004421856280203238,0.18972284690953517,0.05257986837386233,0.16467115510579086,0.0025670926400782595,0.18794307378001185,0.14850241564494407,0.07293146359016997,0.14545716583652318,0.031203061838881153
0.05723844101263657,0.03560843141326419,0.06055779227620917,0.1697009073935087,0.13085558921878299,0.18014425882710697,0.012502206857888215,0.09212771380630369,0.20303510167483146,0.058229557519468074
0.13952659659988725,0.1698724274957879,0.0899312734666369,0.07851447038717642,0.027517830943799525,0.10804337442808559,0.05152365946184867,0.13389164445311844,0.04132587710882449,0.15985284565483476
0.039180647429207904,0.07760526575202964,0.12922515614119826,0.13632100623502422,0.09988081432689966,0.08983614213413404,0.13037927082467204,0.03818872321047641,0.11300672891638172,0.14637624502997615
0.01756265110821242,0.04185927475353157,0.1486742186893115,0.10885505134512112,0.12274434420866596,0.14002924582988688,0.07068157860833811,0.14395495371357825,0.047607446560384827,0.15803123518296947
0.05254813932999546,0.053656699668119257,0.018712617829505437,0.08110882016266294,0.025883324466720675,0.12340396008014345,0.08063248627623948,0.19291612702724395,0.25980990611488997,0.11132791904447935
0.1174555073449902,0.15499059204236385,0.003733122421876369,0.04912267903194248,0.023654632024226165,0.07919440211113543,0.13460784438777837,0.06193062053558349,0.25550633016103513,0.11980426993906852
0.0008589411830342396,0.07379212394379366,0.1666118782028029,0.1477298739278362,0.07871400785349816,0.052614109596596556,0.18981114430252352,0.03188345795217072,0.11641426322270759,0.14157019981503643
0.0679676130221151,0.1675567847027715,0.0747569217995503,0.11226247507026575,0.19087372371772565,0.0651320068428515,0.16203330755487969,0.08715137885098817,0.04993583235093521,0.022329956087917317
0.025071357731474734,0.1396842708724789,0.030440570408342815,0.1571266571201609,0.041495774311628715,0.15592402384870907,0.13940728032265742,0.1195312869577566,0.15035380147652386,0.040964976950267046
0.11769782552229412,0.13846696864358768,0.17177180908020687,0.17579238408123551,0.03945950773659708,0.15046217541355694,0.015773364864605708,0.06094912047552949,0.020145990440967897,0.10948085374141879
0.16148635184504462,0.13199673466705164,0.12039268088263717,0.1029801503193077,0.14257985710986423,0.08553575405038208,0.04979091695399107,0.024840176741755475,0.1165653816652489,0.06383199576471704
0.08008669427524356,0.19772318355391413,0.00119346487096748,0.14984747586665514,0.07714901757033601,0.019983848963142134,0.20695133821655853,0.12923350633882627,0.0510339511431686,0.08679751920118813
0.10815121584027626,0.08246981864369246,0.1107577424534426,0.07855002860170192,0.09192273770616889,0.12452534657439226,0.1632125611302501,0.024179339514093307,0.06660865529571938,0.1496225542402628
0.06440457589833162,0.04490386681377347,0.07638404707122944,0.13477278433991743,0.07017418461264498,0.07403255705368532,0.1167990763105861,0.12125519957576006,0.14245422604357658,0.1548194822804949
0.05881091599660327,0.00423131184315072,0.22005477218378686,0.0962197680645855,0.24715653895455916,0.01566854758396841,0.09339419560701195,0.02356442426481115,0.14932088092378132,0.09157864457774152
0.004640314273173689,0.16125314860334503,0.06653549474786628,0.10613693842148858,0.13099720722367114,0.0622689767602387,0.11508507575125189,0.16278286076444906,0.16136434493819526,0.028935638516320368
0.06204433061685476,0.0650085042987279,0.1933724720729308,0.019796212599740536,0.06675699561825278,0.14680799226742278,0.1154556704440642,0.15427343543677385,0.07587440992872282,0.10060997671650972
0.03124513231043217,0.03238781966224835,0.19453229497871155,0.06420207616320314,0.12191994235813246,0.10278466863697554,0.012358480675334309,0.1962793024454943,0.17730467027150393,0.06698561249796428
0.11665858434288044,0.10869887121365972,0.17885147233753146,0.18212564096879777,0.0009745999804014159,0.014003126167507356,0.13541767731849147,0.07742148983238986,0.14335212276956227,0.04249641506877837
0.02319017976533743,0.08880849587295107,0.03925238831580957,0.06599835857766279,0.18360865791039824,0.13892376632805392,0.04843604498450896,0.13649161828526776,0.19307395449583098,0.08221653546417924
0.1270509187412228,0.04766572328000495,0.13527396773952996,0.055539010532778425,0.15371988749154156,0.11248508426581581,0.12456529186535005,0.12769730322583964,0.05513066572944584,0.06087214712847089
0.14965421762997785,0.027708241533695114,0.12700961341912823,0.048913427320779905,0.16443077225850744,0.020330816706043347,0.02892492650041051,0.058372172195067046,0.18837960823339822,0.18627620420299237
0.13462908562240733,0.10900203666291272,0.12848068445587202,0.13825384861984197,0.07932000233178897,0.024966511162247688,0.11331793800555873,0.09062795669494739,0.10958051441728886,0.07182142202713424
0.06450018592186753,0.05726368313369206,0.11957884907002139,0.054389089783562404,0.19576347259986868,0.1373325797438068,0.0626842774691874,0.16704749008001113,0.11435353252174188,0.027086839676240895
0.13745338010523184,0.0064763634166619425,0.13019673232854648,0.05332885915597427,0.10073085009513226,0.14006413688006344,0.1420983879819345,0.06408151321696667,0.12443160224719976,0.10113817457228892
0.09219287451492184,0.10419360099848926,0.06909712162487618,0.005465141008824985,0.09494289770162748,0.12722413918046632,0.07588557600477369,0.1592915787260569,0.10557995589685,0.16612711434311334
0.15161783982887442,0.05914630432636701,0.0995782418986923,0.05966015976156772,0.11114818550828122,0.11631441535990984,0.03048962153723698,0.09828325619514756,0.17799247884649708,0.09576949673742603
0.15026159387232407,0.06843502330355765,0.14450721460966853,0.13622450988791193,0.0008572148702079336,0.06800595169502183,0.045097208427016984,0.10825483153426471,0.132956753669928,0.14539969813009837
0.12134101597823725,0.07413164255634651,0.12943221689915682,0.13085935495979784,0.03896450568788598,0.14646357155993414,0.12339933890515695,0.05375355896421941,0.11923887756594172,0.062415916923323454
0.12876771681002866,0.054428287089829046,0.17598570104357963,0.14083952684137235,0.030939819806584716,0.04233030524109848,0.11888035334453029,0.08761992690787954,0.02118324738857899,0.1990251155265182
0.08308143875249785,0.05578797139177584,0.08608602178738871,0.04715237255698099,0.10739869291881834,0.022161424350276543,0.1547346351041112,0.08817352006426742,0.17580193031201324,0.17962199276186996
0.008832258821334826,0.16231991045400398,0.15385479905272986,0.1362100513273892,0.008630789764555549,0.007234367876019993,0.13932025871216006,0.12397260829169011,0.09877395302002599,0.16085100268009025
0.03988532169031921,0.029640027835503662,0.10627768677435505,0.097235936844898,0.11724565652701259,0.12218949848896721,0.18462145042395284,0.08056678139251869,0.04578731787442928,0.17655032214804334
0.009546720570158583,0.03477279288064419,0.12345287323602465,0.16751935022702008,0.1953895911711353,0.18357002744080383,0.15148461246470143,0.02820865271719556,0.014731839071217199,0.09132354022109924
0.1703855205377282,0.20240530804511878,0.02644836787256267,0.1244057162003823,0.1611722543613039,0.026134884511633573,0.17345076804607926,0.006691565600078787,0.029804318170953314,0.07910129665415913
0.16034504103961533,0.11441344170638265,0.08505520110576724,0.09415533940816408,0.036275636283220884,0.04063461656224527,0.18808030263618286,0.14353258955617118,0.047669042533759386,0.08983878916849117
0.038776483630504344,0.029287640401069282,0.09435655963222209,0.11779445552098698,0.16103393031105342,0.01766373480580518,0.08497611399174479,0.20354196525890483,0.029711979161024756,0.22285713728668438
0.07462233215452058,0.09136549311084657,0.1492666713945264,0.151560921331154,0.16524111359542082,0.04417266929554393,0.06129618209804029,0.05213226929997805,0.12495603567451717,0.08538631204545226
0.15663486347869976,0.04553502634446736,0.18461949137087313,0.025743353826701156,0.1435405346302158,0.00926416568303813,0.16399213486523714,0.09971710997740235,0.1653172795224411,0.005636040300924091
0.17472041192871152,0.010309853247701714,0.188207894126934,0.10057014802987635,0.07315954830335421,0.01341429996223668,0.08905430904733808,0.09626828465803661,0.14030563019864523,0.11398962049716564
0.0968672425719956,0.049024123384606724,0.09803927166861347,0.05236594590479263,0.15500699856524366,0.13226321167875166,0.05974378196016075,0.1643736829721538,0.09920880736419711,0.09310693392948464
0.026609186161737974,0.16954606609841547,0.14285915494254442,0.08848084182351164,0.11736750410030053,0.11656574737480917,0.017831108251188936,0.1414714764416914,0.02121274516746702,0.15805616963833352
0.16087372386266524,0.021282727851283337,0.14223809195421716,0.10692535244262819,0.15639606325445735,0.058062581764061934,0.029295488553877824,0.09763528725847903,0.1166469460483547,0.11064373700997523
0.003208333421883106,0.24766673564509228,0.04027022219791094,0.09854268433135167,0.11385617612513245,0.08536313812104514,0.115024700768239,0.030732603817409165,0.14557560814630974,0.11975979742562654
0.023306611060654382,0.21325023027220386,0.0658247767068486,0.007351014470367678,0.19529507561082032,0.12198621574084167,0.10514814541454595,0.08704036065080832,0.1011422880251585,0.0796552820477507
0.12499906961941719,0.08260679046946225,0.11295307652410531,0.0026491239342615294,0.026211667398817015,0.034416348532017825,0.26511891817772837,0.06911093980344546,0.13536866475580162,0.1465654007849434
0.032621829780265774,0.04755389701310228,0.12293239233452455,0.04154375467361141,0.16847304329729407,0.21091179219598827,0.12288111172600687,0.12925808025139196,0.04195355963829352,0.08187053908952142
0.167380425597074,0.08805961533034926,0.009096330559278122,0.11331463318638949,0.0933168382888153,0.07738177270580117,0.02311869437203609,0.1010285608445508,0.16034719798122235,0.16695593113448332
0.07481656757108052,0.06965315637166256,0.17395596462482302,0.11979767536500925,0.1694538224005464,0.12691520853177246,0.1652540927142492,0.013685866834499308,0.0312728950090885,0.055194750577268754
0.15315977612027437,0.19267009038937194,0.07451530966309859,0.02357292442831978,0.036857021669007346,0.11676323994187739,0.1831261820704513,0.12951472995893398,0.06152162524280942,0.028299100515856056
0.0626932358246564,0.1350047524197769,0.14578268857376603,0.05204554815640118,0.026392095575574027,0.16902582846602726,0.14630457125268206,0.13415093845985165,0.06232266438006112,0.06627767689120335
0.12988991691368765,0.1588305657986268,0.06139985917529191,0.11387876471894826,0.20188556602563312,0.10555776217939988,0.07999642789855035,0.07705171557025947,0.04957477195753593,0.021934649762066744
0.09931774001928284,0.08354139603744465,0.17610544883592394,0.0011156967733019134,0.050722175273701785,0.10413006340604693,0.1717547211811583,0.10793810586174837,0.09947561537194316,0.10589903723944798
0.048049232675544645,0.06616389310971414,0.03144865582356171,0.08946849748792371,0.16486830517095724,0.18045123864416177,0.14422455458557376,0.012452096899030415,0.0679296871228572,0.19494383848067537
0.18192674262914765,0.1065963049789894,0.03187456209575907,0.07400787462147419,0.1585653091560147,0.11877165242236225,0.08744435019923942,0.05956083470638341,0.03359721106538824,0.14765515812524171
0.01734684351774678,0.1223854190842069,0.0946383173213518,0.1769617800362438,0.17679504485985703,0.08882190338399523,0.18104728558588837,0.005855033625097402,0.02999528297345925,0.1061530896121535
0.08375051432291453,0.03671982353630142,0.12167467198227318,0.051053129645909,0.12183235841049667,0.10779929702246847,0.13801198266100667,0.1402863091654807,0.08435924596489286,0.11451266728825642
0.11903103125344748,0.05088835578372079,0.09923683586879312,0.1330213095895629,0.14095229451949146,0.06620283384217454,0.1429165637446502,0.08694102874619371,0.12647874439876292,0.03433100225320284
0.14057050991687092,0.05261842435089499,0.08901825224390249,0.14264592248923233,0.06375347199981446,0.10007547698944798,0.13212797929170372,0.12173207843147427,0.022636253198273372,0.13482163108838552
0.0014667958258050293,0.14055280760548622,0.16233971865817348,0.09453944980543859,0.16465956533559845,0.04115981063177201,0.06739450714190841,0.18720135615201244,0.06577571778280296,0.07491027106100247
0.048068837589089294,0.16702103788570605,0.14796801905031348,0.08987953269201313,0.05768460715972512,0.09642662968364031,0.04568894292895928,0.20135678722178327,0.08588766895547391,0.060017936833296114
0.043110600945651695,0.12094911811311718,0.09843026693640944,0.02758844428480171,0.05954078987972436,0.0679693571704482,0.15328490400648145,0.11999540620659101,0.16619649973021589,0.14293461272655916
0.1344441265553831,0.007951119605066358,0.1813271789112711,0.06474388011140508,0.06357580733697306,0.21344050582453802,0.1456980400436254,0.09348129049623494,0.0719655182634328,0.023372532852070256
0.2047803382827177,0.13370310548005435,0.18403828218054363,0.1358921881089593,0.1444637522052852,0.002615988058385175,0.0493382815345978,0.009643155484308403,0.0039437149305468185,0.1315811937346016
0.14392705358571498,0.1292032059080121,0.08709218868489468,0.013028958976549248,0.055417903536721304,0.1660322369722005,0.14995070759152918,0.06740047170666941,0.08586673730421512,0.10208053573349343
0.06585780187453764,0.08134657472383092,0.16983916772085847,0.2019633005090341,0.024651734924980816,0.16684345832013525,0.034340606566658216,0.08439053823267934,0.0837630030908446,0.0870038140364406
0.05892702401618358,0.038289693362890224,0.14193535672978042,0.10411868783653372,0.07407985640086127,0.22462176397927702,0.12871604455580427,0.001139203614354567,0.19718982437916308,0.030982545125151993
0.08985122630098905,0.07771301389744494,0.15350620546378904,0.14755545938586326,0.0989716179468513,0.028222785718532796,0.12569880275159054,0.07469291910293323,0.04627602513699494,0.15751194429501092
0.1621031192808922,0.0341151594921274,0.03130719314156082,0.1845888361527478,0.15987381316487867,0.07888892666326985,0.06082014983316867,0.037055069302505475,0.16344458263520878,0.0878031503336403
0.010179478773088568,0.08388575390636828,0.16937404696166317,0.025696813830537558,0.05458250131181227,0.12319656962688438,0.15994913700125876,0.11609382156837326,0.09822424847130234,0.15881762854871148
0.11066006995700867,0.10736900016349722,0.059452716408525,0.11451761604179268,0.06804832524580831,0.18448364804313314,0.11313155956270397,0.04544319197437546,0.10980738420126192,0.08708648840189345
0.06827703671307114,0.05730218091275429,0.13288582045101435,0.06924953428532732,0.13318102864183157,0.1482410241785699,0.1437341860148228,0.03533125017356711,0.09553010837744803,0.11626783025159347
0.10910407993215368,0.12371307385411509,0.10737126932021337,0.04782744159596264,0.07225639467671505,0.11280870786475583,0.047226413246216285,0.15565676961728273,0.12990531249806367,0.09413053739452165
0.09015438631277144,0.1188691502078185,0.1445347450257996,0.08665020529218792,0.06641444180029463,0.030152359555443736,0.1286649137163592,0.1061864560396463,0.1036421820041879,0.12473116004549084
0.13928963061686406,0.04853925909654523,0.10075751779632675,0.015188459726245749,0.11682976571365669,0.05159574642827609,0.009101459554551999,0.12170778216983855,0.19879603696326484,0.19819434193443008
0.20864096507441432,0.1063415749697433,0.1760683559237818,0.06714849386105828,0.03115562215735652,0.08538200597329691,0.017630949342944624,0.06299424933592643,0.057871765449483685,0.18676601791199413
0.008436749533718984,0.16610416307577255,0.1592124772723754,0.0778782433889473,0.05894053599494348,0.1855694424567937,0.024481159130025843,0.19895887157660125,0.10555581126122765,0.014862546309593919
0.04351008664110682,0.09054119575405171,0.12084881634295953,0.09578607893458485,0.18093935743877362,0.10470818551477902,0.0556465586134035,0.15208607757694428,0.10510138752284011,0.050832255660556484
0.17887710696614678,0.023054851441732815,0.012600311802016246,0.0695352815710012,0.09093939698718773,0.16872362082327158,0.12123765266261093,0.11316271980117716,0.04617846072089564,0.17569059722395988
0.17354732228578162,0.06624193314749902,0.07923912225062553,0.1406390449410243,0.06356312687822349,0.17633387339680345,0.06062233584071977,0.03590194090007207,0.10032445355867575,0.10358684680057507
0.11144765615030577,0.17093863749620225,0.13282257790194935,0.14750198865014125,0.06525065405103206,0.01719642236399405,0.06973651411252636,0.13891382534525262,0.1433535046089467,0.00283821931964953
0.1201857982756492,0.026505351879480894,0.046655958365486146,0.13009827257312506,0.09892084461821297,0.12995948184295186,0.060556319367493346,0.22932355603197374,0.04454881658104954,0.11324560046457721
0.1675868194192133,0.022582511793894505,0.17202936110184605,0.08095410237812581,0.13597597889893465,0.019790853141206134,0.15001744247506021,0.034525465838123236,0.18115769897350398,0.03537976598009233
0.0015426742749910592,0.04254571695911441,0.09643495472361294,0.15996421655489848,0.0587611569949001,0.18582520627949234,0.15078160927194548,0.10015500849976357,0.030979011226493443,0.1730104452147882
0.014206257390415268,0.11791081775063986,0.07645075405726026,0.0541970503953136,0.1994095973365549,0.0837518210169715,0.030591066318814013,0.195390031945972,0.1732600514295137,0.05483255235854494
0.15216939050492886,0.056475583885219435,0.15773623116083446,0.12109336376016647,0.033271827101633615,0.13009584979889918,0.11836099106040589,0.08238934985484747,0.028777000233310583,0.11963041263975398
0.12248040521380382,0.061744935094927234,0.047204164272922476,0.10580333405066442,0.06383611369332697,0.1463380101042721,0.04763377114462869,0.16340873577223766,0.12671943181393683,0.11483109883927987
0.0015001337438286808,0.18749937495993624,0.029669824783024188,0.20529429638682678,0.01214375100796552,0.05082730005675972,0.20439095114277903,0.02856126896147944,0.0953849299281725,0.18472816902922798
0.03649308706306882,0.11189697918305386,0.22110038925650513,0.138560821829643,0.1633217953736712,0.14817606667677735,0.07584926420495748,0.05918805711888918,0.01461708471198771,0.03079645458144624
0.04599633623435582,0.07639951865315678,0.04939031005140883,0.12060967870541243,0.07075880229258266,0.14366137411803534,0.16141296890834683,0.09216160432185758,0.10213253396980732,0.1374768727450364
0.06443942588541622,0.05545856682925153,0.10836143096732281,0.08888483924026784,0.1325817855205248,0.23366420738345067,0.037259681503160176,0.07929637530491514,0.16050046566726026,0.039553221698430695
0.14267343585913833,0.14614860878079017,0.006986348865202348,0.17806187565076348,0.1186215566754097,0.040686108042275626,0.01908761216039276,0.02238362009142536,0.19421693933350345,0.13113389454109867
0.21241012408449536,0.10872807486752999,0.04683427129361464,0.03180546191657194,0.11807323530965366,0.11904480340649762,0.16587586924967854,0.010182015032676246,0.16887124898719688,0.018174895852085173
0.1599005078547626,0.028116243843924006,0.06496074883252198,0.11070014721456167,0.09951121560657962,0.13021789544100826,0.08410509574157371,0.02352494316059617,0.14440108760493517,0.1545621146995368
0.12156969745962423,0.032051935991280145,0.12127646231944296,0.13475215976459815,0.08749098787836705,0.10150767761940636,0.106740127320738,0.022186977202714207,0.11826324885910586,0.15416072558472288
0.20810122034300327,0.07377373861014143,0.008086833625281977,0.14891333233124923,0.08247916289632841,0.014798488175685177,0.19897672728342222,0.036603795001601484,0.11614842915071764,0.11211827258256926
0.11732135084756613,0.027335334076502644,0.023519303962588403,0.11231393450157966,0.13389772412164058,0.12504168419097247,0.027004840673366014,0.14576525121780334,0.13807759244784942,0.14972298396013134
0.00020172033691588515,0.003336178823639945,0.15076803501109162,0.06564658931279904,0.16659524890420388,0.10455544215502105,0.1291535570728026,0.1636212292123297,0.11784571965144508,0.09827627951975114
0.3294538797832531,0.018749248109671737,0.00388668876157203,0.06045840304275717,0.0076989671443686595,0.03545937046620341,0.13693281423171838,0.07198807395031998,0.23951087894518172,0.09586167556495398
0.042851892457628896,0.16602892012251388,0.07611687656236754,0.010429341137771705,0.16540317060024415,0.05669507411479968,0.1398529900161548,0.01868113583675434,0.1601323052643015,0.16380829388746346
0.11850375871434513,0.1328568774145094,0.15304787933729858,0.028041009184077433,0.05929156017499485,0.11368334431562778,0.057665379642117445,0.09125987644372413,0.11208833198496396,0.13356198278834142
0.10309632215614392,0.06417494080475504,0.04309469267404769,0.1136529703002041,0.14480889507842434,0.1501128277780764,0.1428859399153988,0.07851016899918278,0.09735662004151995,0.06230662225224698
0.1259494277592209,0.03762132773197725,0.05344600550270389,0.021682667360743074,0.09152836973556998,0.10315991084732744,0.17766971767162154,0.09576467820092245,0.1223873095935158,0.1707905855963977
0.046890752473820005,0.13959220316404225,0.10308304718212781,0.10154300904446169,0.1420396316868244,0.13864625825609653,0.10234350730841618,0.09234920985063123,0.1275660638479382,0.005946317185641642
0.23369104171360383,0.039994396892021986,0.0517545036166858,0.1419532592645,0.007835896504076978,0.16640789912511883,0.0792968001859628,0.1249034860221122,0.12670095371095702,0.027461762964960477
0.01048916214107288,0.12480292866238246,0.15014779848340956,3.828760810327811e-05,0.10139445253690389,0.10349322199308403,0.07399969688796354,0.1454201614726124,0.13722908483567503,0.15298520537879304
0.0906033444073544,0.09768874474445349,0.17915617931967437,0.029671248968438535,0.004385578261091955,0.04134032040358852,0.09880930716953434,0.1622018765737157,0.17523811566199926,0.12090528449014933
0.1835165695361466,0.1332697820325038,0.08533096294956605,0.012594133279206186,0.18061858187969637,0.17561694024835192,0.0014913990314030904,0.03529055085022933,0.05923585618909136,0.1330352240038053
0.1167055449367563,0.1515913708208222,0.05145431303479646,0.1242096908404111,0.13178211501447326,0.04711093821674733,0.03454602284266738,0.14697444078188623,0.04445269749862031,0.15117286601281932
0.0695182707574288,0.09656954964083798,0.05726662855433658,0.0058209093881060265,0.07256726053950621,0.018776380769702665,0.07733663770069843,0.2077095795308134,0.13154992975229785,0.262884853366272
0.134096973061287,0.14713072322691922,0.15414937500563453,0.06827725599667805,0.0707232424049187,0.045442717377561906,0.08721138552491976,0.10963537689469804,0.1725221098900951,0.010810840617287869
0.027982948075888636,0.08773114186673361,0.15600513630793608,0.006708746457419137,0.09210355433109577,0.11558546321588896,0.0884745355083829,0.13304301429446788,0.16677839946399858,0.12558706047818835
0.141888105341963,0.03928666187472473,0.07981996030539827,0.12963221861813148,0.0496038301942082,0.043872133883965214,0.14309001170350383,0.08360984789904026,0.1689231348200106,0.12027409535905437
0.16716223610202524,0.12874000849372794,0.06672001307397611,0.06881981429420345,0.07528318411522145,0.18336471189112408,0.0680677440348412,0.06375535378835595,0.10781431356366697,0.07027262064285754
0.14741238936906512,0.1295378933113108,0.16414995758514936,0.13069949975070774,0.08878988381822736,0.016699007238739336,0.12129484398814284,0.04554675590594061,0.14612043764385457,0.009749331388862326
0.024520367340909923,0.1791262404636761,0.16680439761219854,0.16572376664290242,0.1636909301774402,0.05214891018780151,0.01929804121527182,0.21346578681472428,0.014050921116776919,0.0011706384282981275
0.08750547776830579,0.1038484480849806,0.16028595248298647,0.020868484493866725,0.060615377362701416,0.0723411132920569,0.17750517345359684,0.08629745945495294,0.13112519815719087,0.09960731544936134
0.11956095473466112,0.10519889447750667,0.14103140506152714,0.046234603371840856,0.17935632861643702,0.09131520496322189,0.17781898686838093,0.09573426433801402,0.004519365211261059,0.039229992357149406
0.15987412493094513,0.057618880443450315,0.027970676356247975,0.06194953622317472,0.0698117465205721,0.02414690223883511,0.23341331707099885,0.11158150834395301,0.14083578652227427,0.11279752134954849
0.11476921996553668,0.19049205679967793,0.04804260906088742,0.06500940520017355,0.057743074368837535,0.08662179948882802,0.2029167579944633,0.030069721853866988,0.04669062619561816,0.15764472907211036
0.11896483374044212,0.031156139375088886,0.10266013925774195,0.051861133514279414,0.04921135742167374,0.17367168509843445,0.08767454806956645,0.1752233230887638,0.05576454167705409,0.15381229875695515
0.12873751632236283,0.1030853540231254,0.08469402316411959,0.1217295040239027,0.16347283554088166,0.16133508310066097,0.06630296634174077,0.058098031723982445,0.07766106352071654,0.034883622238507245
0.12121315483138423,0.20690737884575347,0.1814452581634384,0.19000620819053454,0.15267466326839146,0.07594046003655248,0.012529032600693626,0.008087746058184981,0.010702439698889687,0.04049365830617712
0.11090162658297449,0.1374030294233701,0.11234722243127548,0.14569965499415743,0.04990953378232773,0.08538059109749911,0.03958670176790437,0.07148373414700288,0.09655721079544602,0.15073069497804237
0.04656848448414758,0.009584181373934395,0.003051052473997437,0.033944099537538686,0.1231320238185,0.25212971176913557,0.11309619712955934,0.06301056917710517,0.08558344653220495,0.26990023370387695
0.08862244916542285,0.13073379558397008,0.11616029106867959,0.07161357555650774,0.0689987622286255,0.0347565608700797,0.16834571175537572,0.02719825557397375,0.12741797541971073,0.16615262277765427
0.1358503816062177,0.08908930829154596,0.16064037542601356,0.0836407090339817,0.11860663515004552,0.10612536671171897,0.15703617805078782,0.018208224781353092,0.011284845111023649,0.11951797583731197
0.19536668213396946,0.018264195148321234,0.12775000184261157,0.06226113333051228,0.027519638059685866,0.17658515941592484,0.10166512120814511,0.0885064239663792,0.17588539060725458,0.0261962542871959
0.10222979195992468,0.1211764814124392,0.12489588816228608,0.028755874734739326,0.13762264989119508,0.11813549992220743,0.1301555500231706,0.06379504208115411,0.08984897368745035,0.08338424812543321
0.029886704808114246,0.1709376823845174,0.1342353825489221,0.04727754590674553,0.04045885390538503,0.09500908844480385,0.16005702825731496,0.07541539046572492,0.1642306653650174,0.08249165791345452
0.08609848865465951,0.11311790762125647,0.12018829328569121,0.04180082880053605,0.10115037717055872,0.06891770870950452,0.11213475735852751,0.0911004134791734,0.1217682707556268,0.14372295416446587
0.1943235874475122,0.03363849284727987,0.16050858924727981,0.01976610153871791,0.05570494621468218,0.01757142472212585,0.19113224865405543,0.14979323607597952,0.1570311190363605,0.020530254216006807
0.18338661926548308,0.05380686155065471,0.11118481696002326,0.20502733410181093,0.0027572820288540713,0.10648382912163622,0.033920219100679515,0.006918816453773461,0.13710284100922504,0.15941138040785963
0.12731167396234888,0.09636740060597605,0.14068363375304202,0.13951304536367656,0.1313005180780611,0.002751934124769199,0.03923517290073102,0.07368087691987815,0.14849723482332905,0.1006585094681881
0.03099610129296298,0.02430882138183977,0.10586371767510014,0.0696690819275052,0.09307755587526363,0.048142425519270685,0.16248880314339595,0.15859702835787168,0.13437673412565612,0.17247973070113398
0.11364490911858138,0.18568990915217537,0.1281885936231313,0.026910530204941482,0.02407541434253115,0.02952759133848453,0.10541168575377079,0.15617255799954077,0.1444282637683034,0.08595054469853985
0.012125834152032547,0.2445510523037165,0.06817807831581967,0.13214624856936277,0.02455098029236259,0.043517820247627154,0.17473255773076596,0.02081818466219626,0.14375807460118628,0.1356211691249303
0.06990964365955106,0.1415023230455405,0.12193578234974893,0.014670838075924484,0.07814098230148984,0.1683959342089671,0.16049444307028776,0.08564030726149444,0.03694987571984773,0.1223598703071482
0.1816043796081538,0.0994814935974985,0.010493727185020129,0.13731326264737861,0.15219223455337186,0.05845138353743264,0.12847228237791064,0.00450421101933157,0.08424873016416641,0.14323829530973603
0.07351164504602756,0.18617162465199336,0.06292709547527921,0.20204255284018602,0.06064241484998686,0.09491311839720289,0.021205165162698138,0.09488354848785711,0.0814027545592174,0.12230008052955137
0.06747728042683958,0.02419424587368319,0.16097231668257622,0.11417703314307542,0.047083678168915385,0.14884323447356668,0.1384353298590146,0.037637023472520084,0.14618372813060507,0.1149961297692037
0.13461985775364813,0.16412558772544247,0.049028963337502764,0.1428286594511945,0.14618993304447672,0.14552398222499982,0.0050048944021403785,0.019330782912083812,0.11274113033365966,0.08060620881485188
0.06275493582814416,0.07902857098115607,0.08660992678237407,0.10847507036656538,0.19081219879986688,0.1525566414052582,0.18822747117999483,0.006656864024298937,0.08123345202770575,0.043644868604635664
0.09274835465837816,0.04991042752270598,0.04725716519156079,0.10466428674312368,0.1573209145023299,0.04824802830764653,0.1426333884746247,0.13891418154702048,0.11796588163873367,0.10033737141387628
0.19111151319381622,0.11881421174319926,0.11567770497337916,0.0677944255637229,0.15016499886494752,0.07986947177475583,0.18112652892186118,0.02919265268631309,0.01623767823933461,0.050010814038670255
0.13804424981808372,0.10226217997809221,0.05085818331915319,0.11780273298587363,0.08962407159164358,0.09478264846024902,0.06649269132596697,0.17749103100478822,0.04525985395530859,0.11738235756084092
0.08204893612223572,0.07597949594119316,0.1098384874376053,0.0174873292838104,0.13152454012317558,0.1301803167303423,0.0864969572224679,0.1158721063281001,0.12877191419965647,0.12179991661141314
0.1266218968283931,0.043019397000836644,0.020106869966080285,0.1105990210866114,0.13963424566213514,0.14402164270538073,0.11861936130301101,0.08895789065178308,0.1253024130641168,0.08311726173165168
0.1266450493874574,0.04690699725850145,0.002142787869530199,0.13448532893709117,0.025315997970093918,0.07038717981760789,0.17803000339381617,0.18967865630335476,0.0450928848627699,0.18131511419977697
0.13671654980470696,0.14588610630372176,0.12689391494294158,0.1136120344257707,0.08617126461356052,0.0055935186911662575,0.04390526879189601,0.060801883869831326,0.13862756750752148,0.14179189104888335
0.19616708672578476,0.10800425910023541,0.010523627274288301,0.11071196304270274,0.17667161089293837,0.08297358664947328,0.039426947061667175,0.06242635682195725,0.08256929738649706,0.1305252650444557
0.1395918444582585,0.13977240146473305,0.0830454822485152,0.0401073717492349,0.13914238110143237,0.01824791878716002,0.11775046499177647,0.07242598537486357,0.11131418632876339,0.13860196349526235
0.11330952162139246,0.04730306750338557,0.18080158322228193,0.12978894663795268,0.19186495408636964,0.10770588462710157,0.1572374541375994,0.049326510877735874,0.011693487696871379,0.010968589589309545
