i = 0,i = 1,i = 2,i = 3,i = 4,i = 5,i = 6,i = 7,i = 8,i = 9
0.07860946671139608,0.022219788640717213,0.023960120974826336,0.16851867137393325,0.00016734245389978482,0.13309354914801982,0.09045095823298971,0.1380254488814333,0.2271974255382722,0.11775722804451243
0.07881895041069653,0.01904599102739038,0.08551803480438545,0.14253066756848956,0.11819893965131091,0.053567135984727746,0.16277282490475453,0.17902020660347734,0.034910803119810555,0.12561644592495716
0.16559871114486763,0.053752212780815094,0.14671353465160084,0.18712113315731674,0.0067554853284878865,0.12805874623957153,0.1280248795761109,0.05013919714628584,0.07344239556740881,0.06039370440753464
0.08736604130268698,0.08888149827588257,0.01990774896188155,0.03949904318655916,0.1598214977590991,0.11849043194659155,0.1530921174729878,0.11689267501304809,0.05233072683529871,0.16371821924596455
0.13942844272633792,0.13347856342274744,0.06955654300303403,0.13786813239938484,0.011035626566564876,0.13458366600524937,0.17277722851080496,0.04457265826722459,0.08014591417953562,0.07655322491911624
0.19243808064189413,0.17954386535292463,0.014760933879175327,0.09707609994936432,0.01595133392776074,0.2885298733126915,0.0046793631604221606,0.02209203988016047,0.07651450034241902,0.10841390955318779
0.05286386101175591,0.07921968369044981,0.15450031628102495,0.11042418884632452,0.07905058401129655,0.13266172848551888,0.15659084553968874,0.030337179983051656,0.04291394508315159,0.16143766706773732
0.050605003041287316,0.18635734937745263,0.15706038645002027,0.02169142357108036,0.10689098961336697,0.1531803854505917,0.036437933244620475,0.05923470872030375,0.11083919250691798,0.11770262802435863
0.06327781463497878,0.051759840915751455,0.09744054483568558,0.16864213253542823,0.1345992143750163,0.09521781441399026,0.1327655269570271,0.13033023403331978,0.11833454719199739,0.007632330106804994
0.010226883041825027,0.16281633112603594,0.10783684514498117,0.09061811621130428,0.08122086633743955,0.06455853329012047,0.183763758045398,0.14498250517099323,0.05233943083073133,0.101636730801171
0.14694286674508872,0.10765109516974834,0.13304622108607506,0.15290030470081503,0.022187736680623002,0.10347794951194733,0.20083880935780532,0.11431992159247246,0.0006589527244576462,0.017976142430967183
0.1886617937546312,0.22159122544830961,0.10543250357782537,0.1544221085896936,0.07277751204693444,0.07812729435212255,0.10015187363178345,0.03968474637685764,0.032565202419410764,0.0065857398024313585
0.11480303482049901,0.15635623930237794,0.09737462466037633,0.061274186563863714,0.09372984653403917,0.014881838432588754,0.15384227478508297,0.1453996695443673,0.13273433179793162,0.029603953558873214
0.038890459828920865,0.10044840051459154,0.04144184533429924,0.1975324901133055,0.1561325849190212,0.08738049942873585,0.06346191415049578,0.222576394135068,0.04988237190305415,0.042253039672507785
0.1137249754347624,0.14128529126413783,0.0021545249528683633,0.14369158205408022,0.015752035101754557,0.08568029445001152,0.1685136126434837,0.15622309393016837,0.05070882338464279,0.12226576678409032
0.1274908144876771,0.04326154601201111,0.032628612986519576,0.04454208866002577,0.11819452680519371,0.17082913132802416,0.19753761122433963,0.03417670777384103,0.08518585856108046,0.14615310216128732
0.07015300343276833,0.04931933655195142,0.14675762179095064,0.03566606874118265,0.16131165406793854,0.1576194370448489,0.09825067742443581,0.04441793763121012,0.07922597750258138,0.15727828581213213
0.04766327978160293,0.024868923434257062,0.13265466113233623,0.12426415062543752,0.059638332088457355,0.14573285918880727,0.10127342123625907,0.11974256055110355,0.14555574922712106,0.09860606273461785
0.12990671033957257,0.009565319292950627,0.11322356322913986,0.1225939700010675,0.09651703165151305,0.11113667002382323,0.04167709447933761,0.11660583691686958,0.14453138894288312,0.11424241512284283
0.058474851515411014,0.004520546694037877,0.170297508279449,0.024229271246665962,0.0850069429750864,0.15070622652145593,0.10166072267311184,0.11387260785942377,0.2018555891083271,0.08937573312703116
0.19984056483645135,0.14469460054642252,0.049339768878723454,0.0807301741219038,0.1703828801393859,0.062267092069446285,0.04807387470853274,0.06585530879856001,0.12771065946629948,0.05110507643427441
0.08388763704557102,0.18351389610918692,0.12971603245271812,0.15671629653518232,0.20559716402647552,0.003303707026891078,0.04258430454458103,0.12667040250246325,0.02946845819555693,0.038542101561373755
0.030902051189980188,0.07648443646229713,0.15615164678439716,0.14356155510385885,0.12760768223242927,0.11173530816415851,0.01796962545884294,0.19952269805216885,0.07118374312174595,0.06488125343012117
0.03565724663727543,0.20352420533266313,0.12066272795883523,0.045594804427992186,0.141885243345715,0.18642595262536074,0.018221118742174868,0.12612040266355354,0.0625243609657697,0.05938393730066009
0.10520774979578702,0.09151547556938369,0.1639112999164328,0.048752800776623605,0.09992178690951241,0.10208410315561829,0.019350929102709417,0.08159830535052665,0.1071522672033742,0.18050528222003195
0.1610022065074235,0.08071165826092255,0.10520986278083944,0.1370958400143466,0.10879388499894149,0.1021251215364524,0.031132461903156324,0.1007808778580695,0.030609673042923394,0.1425384130969247
0.18158249425292905,0.20451403349229041,0.02307997918799504,0.046115166947109265,0.02817689610067915,0.05575941320562636,0.18822218689301592,0.11401240478266404,0.008708956462414336,0.14982846867527624
0.09918014674980932,0.10973936471249827,0.18233251627920005,0.014709607139433808,0.0707358120659294,0.10509748989197587,0.008940755528880934,0.1791094791562452,0.1926944836130725,0.037460344862954686
0.13917209219338453,0.15230375679584485,0.09537747777710724,0.13992687334021167,0.18525574073992288,0.045496017360213,0.027766161174923424,0.12790756613882723,0.07658300093386339,0.010211313545701723
0.14727148932220882,0.15094868053885538,0.1351530962008439,0.04234528386861357,0.13634631855108956,0.16508680731643766,0.03704772740750239,0.07334240039599202,0.037775464319646734,0.07468273207881011
0.0197092331730566,0.17126136363202335,0.06209229490112569,0.11714515254598908,0.20241277660339582,0.13533701627370345,0.12915435917646223,0.014302504686712432,0.13196235065429707,0.01662294835323417
0.07246839834183871,0.13083169075208492,0.10655428329222798,0.08289246835944676,0.19451049131713863,0.12012651167443986,0.20917061148908433,0.04524715607898141,0.0287670375329793,0.009431351161778
0.10798850851817472,0.06592406799626685,0.12801551246651993,0.17952249847103383,0.027929595184602935,0.07833917661100863,0.10564178216795275,0.02947510989383609,0.02057710237228709,0.25658664631831707
0.09297486514606043,0.02158091549931973,0.10347330019840174,0.12785404925237956,0.13152007310310743,0.09057167408969817,0.1402675211576644,0.11324271819716131,0.04584220999605855,0.13267267336014876
0.1120409478753809,0.06408785420089305,0.10121727845473251,0.14552868415709905,0.1089547859322949,0.15522352078280247,0.02937353122708801,0.12122945330494318,0.04873746161805588,0.11360648244670997
0.14954079471716109,0.02550828848049215,0.10888674832087505,0.026504131760993057,0.041019024202932665,0.14419992134939744,0.10958437973632078,0.06767693430628843,0.2537568183846085,0.07332295874093082
0.05943227174949239,0.05551077285347588,0.07767146513197841,0.1945868037557968,0.210199075640017,0.029511869114580522,0.09070077416511796,0.21635204936148583,0.027497683304991444,0.0385372349230638
0.1543890662818559,0.04344968078134191,0.07964262200368079,0.0833291552788347,0.030942670729076076,0.001908020281824816,0.13951641036814383,0.13664824521837085,0.16665218472479593,0.1635219443320751
0.10274298724977292,0.10771331978689588,0.11862289928084026,0.08102540097844374,0.11779031950331358,0.11516388123132494,0.11458900269957849,0.07009014825079951,0.09529720461938058,0.07696483639965014
0.021442483804975,0.03142775718265569,0.1204854783674758,0.09940316458810779,0.15438753927602872,0.07051587583691989,0.1109899805998484,0.059954791473637255,0.1392933728934454,0.192099555976906
0.06982962616214097,0.12986005183638194,0.17802884322516205,0.11582083302418872,0.09520316805455006,0.00029139761868015473,0.09624027877707964,0.0658252147866114,0.03209564414193044,0.21680494237327477
0.1642653150383416,0.05812942247627944,0.0836525025516264,0.1275853461424716,0.013310343516079974,0.1527714407917098,0.10673430383307736,0.02938230836629684,0.13348384807451105,0.130685169209606
0.027030994744688716,0.13356949226657683,0.13543540191502507,0.15668750393536932,0.1641290927711297,0.076569106395291,0.06189553235847073,0.11067180625342864,0.08074059609206465,0.053270473267955386
0.08442793283145116,0.09520115411447982,0.1785159458730931,0.10209274087024335,0.13537841763408684,0.023314382449976204,0.09506220935391926,0.17311805207654368,0.07561954924177428,0.037269615554432214
0.09044160229872096,0.04432027165069568,0.17666248656229147,0.18274228590615582,0.1531322857812899,0.13299073784459606,0.00752941239634533,0.13106855850731397,0.008787747128257362,0.07232461192433359
0.057947516213366156,0.12926929644487764,0.16523341468645467,0.1475585930572238,0.05420025835505341,0.10518532866995596,0.16447147068832785,0.11920214345625373,0.008107962480483533,0.04882401594800331
0.13164561400891053,0.16013173890645288,0.16893956278042715,0.007227316921896452,0.1638099837885529,7.395164927614794e-05,0.027982578445883324,0.11110904660522915,0.05809032183865677,0.17098988505471463
0.07865783750099531,0.040462916085768096,0.16106602007875365,0.1871884868874295,0.04912542270409587,0.1688314765405865,0.09310071790091963,0.07078662344044513,0.03766266289897152,0.11311783596203469
0.17805079275848573,0.11972924788335877,0.004751465293461965,0.028096049280528564,0.034370843167569165,0.15465051888326875,0.16517901958662595,0.08810233152319003,0.1774185012814637,0.04965123034204735
0.08882446923602508,0.12109232232163637,0.15886537904365242,0.01888188319327493,0.009166985951894472,0.1403288694395675,0.15986862031611188,0.006779864166623521,0.140276246725609,0.15591535960560488
0.15354567929789345,0.10033504766989763,0.13962995229879238,0.0736502639016933,0.085329932752271,0.0998849595898772,0.09263613277357881,0.10626986894672497,0.009246457128486403,0.13947170564078482
0.06592839065445469,0.10232253034842746,0.057986069139540256,0.14999728573995816,0.07466897604206393,0.0859878371945622,0.1030340542401921,0.1581862095610735,0.135951242590138,0.06593740448958971
0.020926050639153027,0.16573109712486292,0.07146224533986681,0.16821575706577344,0.11300532553954973,0.10382156586435666,0.07510134657661034,0.06540359041854767,0.06028487254584662,0.1560481488854328
0.023324809818942294,0.10429094067509784,0.013056655979386916,0.1764855203967743,0.15969448183982088,0.02764886139965506,0.12241361295995368,0.16048693087304103,0.16322176778722022,0.049376418270107705
0.1627583277000588,0.022188093351868828,0.026813472079540778,0.13676680116003612,0.10168181750146256,0.040455505507504076,0.12633110167318373,0.11905061386638895,0.1706341193175283,0.09332014784242779
0.241422971932725,0.17651066825591635,0.022661697993713176,0.007073160775016547,0.013190563087185877,0.18737929323392713,0.010298089872485448,0.01897639836110116,0.1415250009667885,0.18096215552114084
0.030256996605592376,0.11768144872332324,0.1591427389819905,0.07460998535357884,0.11889484589240173,0.15107488520775142,0.11045911257519642,0.09370795626414331,0.05173686908339354,0.09243516131262866
0.0036046758837347615,0.07511906983865325,0.19692160146865934,0.05395907382802087,0.025385607958995787,0.07357560991565126,0.19451635428085515,0.10042790832770834,0.19449080706836597,0.08199929142935528
0.16622192025062202,0.03176452782101008,0.039687397015380904,0.13307957067053164,0.18739777740703173,0.04654519936489173,0.049278878785822634,0.1903231870033363,0.06866482427848301,0.08703671740288992
0.21082072237780514,0.06438946866007393,0.1071545889863292,0.010674927408930186,0.042848619533526734,0.16437619407883228,0.17860074603853407,0.05557841927782342,0.11409028646753878,0.05146602717060601
0.14490540779255465,0.13835482634258875,0.17812567043313624,0.049923639597145165,0.11125968932944157,0.021626935750091884,0.039878853778721815,0.05344469193971984,0.20439030995447446,0.058089975082125586
0.17972149078870983,0.12051899150441785,0.005997980241515764,0.004901083832813764,0.10238999992928638,0.07305676262542282,0.13785441912128574,0.17121257330850928,0.1748119228502518,0.02953477579778676
0.07409230415391438,0.050283531629856645,0.0585946587254171,0.07712143030341752,0.07227110369010589,0.18539098947771385,0.02972875119515281,0.10316317250468857,0.1877179543554974,0.16163610396423592
0.28307164309764193,0.06417294656429383,0.11386240877911058,0.10738148963828303,0.053856764584978165,0.07157029175920135,0.04358654985365065,0.031145090960685184,0.18596197990548757,0.045390834856667686
0.06674438904669427,0.10126882583309686,0.003702010937763024,0.20637690247098403,0.016073446164365453,0.21914332288154284,0.07435973103227272,0.14123655241356545,0.010588670316118234,0.16050614890359707
0.053089265959052924,0.009784464486673115,0.1115190964335477,0.0779521555359893,0.03349471650351006,0.16400224270360728,0.07752433585174491,0.10696210045533876,0.07746465001211884,0.28820697205841717
0.021091317245347806,0.10277948572283556,0.12291383591743275,0.13262179345573688,0.03836473264988879,0.09317414412634051,0.1520480032665922,0.1451971746699052,0.12768636213143253,0.0641231508144877
0.17641541888994108,0.09441604020150837,0.06216126753797555,0.03962826470608957,0.061901925809841406,0.10862970620533174,0.1206168649721485,0.15466580796835894,0.1789720118572073,0.002592691851597514
0.10060829041927105,0.16344653322968267,0.16370056640390943,0.0103368953874644,0.031635786199747745,0.12281198700998512,0.13008714311136782,0.07047656334346362,0.08496538114717996,0.12193085374792827
0.20530946976521658,0.18973833883721924,0.042519944031675194,0.005762685960076334,0.1656340863185839,0.005253422324536779,0.20370950889316478,0.010200038282375163,0.11060375476390366,0.061268750823248556
0.1425538323849478,0.05367995266547816,0.06637856464636067,0.1262743400060994,0.0642346427544706,0.02760945174631899,0.1264851664705033,0.13214700823248293,0.15418547637035404,0.106451564722984
0.03301782854089261,0.07695759728655226,0.04626376762600691,0.11481353768740966,0.15886988015152365,0.17014614431818728,0.08998872944944307,0.09685102645800439,0.1614846252145563,0.051606863267423905
0.21621607097643653,0.11949511259893286,0.028651577361667884,0.23618673440577917,0.16703470907952378,0.028693218148893026,0.003848604926218218,0.005832653290301911,0.16801808559255488,0.026023233619691787
0.10854531246563145,0.005773274384013638,0.1377582870430533,0.11504832990625298,0.027326680553833894,0.11673160803194511,0.1362371737209724,0.15409745675839814,0.07296384829970387,0.1255180288361952
0.09312697888368086,0.0021967922939078633,0.058206986390837684,0.1906744636793201,0.16307645441382623,0.13469519466553018,0.11065572794648951,0.09362715982770642,0.13884886161618407,0.014891380282517085
0.10763530287222736,0.05414352139636128,0.24369048790778997,0.1690969215495589,0.1341576449748317,0.12437176698932761,0.050100393231820986,0.02913874228427576,0.07417675698201648,0.013488461811789918
0.06456928204047029,0.10306773479615314,0.12922472951717248,0.1470226133893004,0.0929789259048785,0.13233504893012135,0.15341430521707236,0.1256697265610978,0.01808400003985804,0.03363363360387554
0.06256805151085075,0.21558208028350181,0.03720123334518624,0.10906657574696815,0.00993872283100442,0.052660989851941224,0.06133306459203125,0.14685543094906148,0.12913617836291577,0.1756576725265389
0.08106929586045292,0.056628618973989804,0.08502942615957566,0.10398345009091378,0.1420475561151028,0.06625409810769313,0.09611671408134768,0.11467398593609356,0.12610231374657996,0.1280945409282507
0.13360067977762574,0.07854655746202537,0.14497312874082063,0.11451823748397441,0.14164523344956267,0.087486300907865,0.033074424096483424,0.07998811492089297,0.15618971739644766,0.029977605764302195
0.15064018586385872,0.14549938386075714,0.04879658834414885,0.11784727213182272,0.15551277038284345,0.06732703174639271,0.04714068048858709,0.17913828166795262,0.07518175364127819,0.012916051872358617
0.025186927813970104,0.15335165875693035,0.030864862892877123,0.08754268270040715,0.06072817755068523,0.15639364377108705,0.09661063705490355,0.13437136182893358,0.13922648140881366,0.11572356622139231
0.07431245403579322,0.07701241797185045,0.1527109360646379,0.13782696830532049,0.1650037083053244,0.07109042781981299,0.0028622089263357553,0.017564066163853573,0.13750561623095456,0.1641111961761167
0.15364808915072567,0.04269624755373061,0.17718544802681538,0.25986878601838886,0.01735431740709834,0.060901231702423564,0.1326915619849271,0.004983925450769455,0.093703221926873,0.05696717077824818
0.10667289717756484,0.012083620754935938,0.06614718262440364,0.14226725346600871,0.14494030078081138,0.056872123728528574,0.1507268213826226,0.14700970586158826,0.038783779170303755,0.13449631505323237
0.00320276974023486,0.019081713922709336,0.20244395097812262,0.0321357514626025,0.20890917412056484,0.042725531002354385,0.13106554374915183,0.14168783743187469,0.07656877765444169,0.14217894993794317
0.010468867580561172,0.1990505262883133,0.1307750054215923,0.12942325902975357,0.05823805499558418,0.07208196276977027,0.10946233960743275,0.21062286818396003,0.03667786137318465,0.043199254749847774
0.12093451303869578,0.008057600956738463,0.15179538026940517,0.02876678212845396,0.11603027062833586,0.14483655280632096,0.015430555338659535,0.19337179264426793,0.03988119549592593,0.1808953566931965
0.14004201393575447,0.11841002393519212,0.15457969685160428,0.11890570403965653,0.10339071607400026,0.11445009940008259,0.00955196792551471,0.053236950036725725,0.004552136113974965,0.18288069168749427
0.029764663929760026,0.1673709144501034,0.17537187379347902,0.030567855231681148,0.04080782841856456,0.050563017309779947,0.15009036537111356,0.13559204684467516,0.1364378394902321,0.08343359516061104
0.04722680657513795,0.18950578246646296,0.17220453701789779,0.06409211946384384,0.08058144427130366,0.12013502387999336,0.06424405721758544,0.11597728362953343,0.09090208766871076,0.055130857809530885
0.1281201809516241,0.10111608938236638,0.14063632486518376,0.07027224554864642,0.1746015800535508,0.2017113215744942,0.17045711447033907,0.004729623025137484,0.0013086023990764072,0.00704691772958138
0.017860749443461096,0.17694286229299178,0.049870052668934454,0.027501857503920372,0.11374276184638489,0.1528336353876336,0.05741015814126066,0.1662962645062034,0.16903471270436096,0.0685069455048488
0.10094882744067095,0.11481650846699552,0.017302839341524896,0.13320597152009506,0.01317422070128511,0.16314201492182442,0.04519148898837543,0.19506309828162616,0.08250919856400131,0.13464583177360123
0.13253205507597074,0.1533933842128877,0.07495315409827043,0.08650846996274664,0.12370084184409341,0.026251290322730936,0.1186236873558588,0.11044815912106777,0.13381789115020395,0.039771066856169705
0.12505998449187242,0.12607309357339844,0.1154588023331296,0.05068868043217489,0.13445437622967216,0.0018808092111302407,0.12580155819433123,0.12035832897823985,0.12540453374814922,0.07481983280790189
0.02039973628259407,0.16092216707658616,0.09904738149149958,0.13947496846429852,0.048588720076966754,0.003950251905920558,0.11660289461441156,0.23641812373309296,0.08286271418707156,0.0917330421675584
0.15067695790456212,0.12318753347977711,0.08421985596620915,0.1644812158510106,0.12655256716279592,0.02872029220974249,0.1847836069049802,0.05955223706172063,0.052770904289836586,0.02505482916936514
0.1225699616822504,0.06392217409415403,0.1461113670968269,0.15053015715203824,0.008398862002856925,0.06928087491360127,0.14860363491140272,0.1496818543999085,0.04217597347824241,0.09872514026871873
0.10712824027627421,0.0012532215938050974,0.3300606091552746,0.31390176341331166,0.12037371408392894,0.007107378515523492,0.006364063230916724,0.03741346596042305,0.03735921281712436,0.039038330953417966
0.029728370240093803,0.00988683476301744,0.15698682749945062,0.1688012931251435,0.08066208196700539,0.15914221780897198,0.10868096010727543,0.16364133151473487,0.03731466495896089,0.0851554180153461
0.12453069808244688,0.01034949202648547,0.18418642302601923,0.002061181163167877,0.18767211759914604,0.16392803648517293,0.05917054490802342,0.16736364701053438,0.0026644984411080914,0.0980733612578957
0.18639525721130204,0.14932031019906641,0.02459614365617655,0.10168860614340777,0.004174585541219281,0.17275429310659718,0.13635079270830866,0.06881543760272929,0.1406312378439166,0.015273335987276277
0.09449765211467506,0.03637809775472936,0.04195164638806695,0.08036953862617925,0.1986391338324324,0.20253302330147235,0.09629348023653751,0.0813643811213969,0.027762756785486144,0.14021028983902412
0.045589580392239815,0.11416870466458391,0.05223311233928409,0.13112559245872502,0.0681430187230878,0.07830949784844153,0.12707486802513157,0.1376595924130596,0.1459580174417078,0.0997380156937387
0.16626328871726243,0.0535441317336512,0.12572797872675617,0.1449865320597617,0.10594484094541723,0.05251934941640727,0.023399884754501738,0.08013875692878204,0.12881173674891208,0.11866349996854805
0.12057798851889542,0.0906761351723171,0.039460227343559064,0.10980353240094393,0.10961513551420726,0.12642917143468183,0.10015669900686847,0.08004509898920575,0.12878187303272465,0.09445413858659649
0.17175892221198083,0.16407632916398063,0.12708659757796933,0.04510370067853583,0.18065614636324065,0.07512028700728914,0.008783366152326033,0.11341053561137736,0.049256296949128225,0.06474781828417195
0.09102924149892214,0.13602775085698737,0.15873415460157356,0.06274193578094356,0.14408919989691163,0.03199816457344698,0.06250537134324019,0.09836823900693661,0.1121707211588412,0.10233522128219669
0.08449164974890576,0.008043628610161736,0.19324670247099934,0.0633551196097233,0.015129247149868064,0.13564774941788107,0.0884727397786275,0.12773097214518306,0.2071285914529588,0.07675359961569142
0.09496253217545454,0.09537965953447848,0.15924456895007089,0.007516400830232019,0.17263760425275518,0.019982238659176393,0.15584280758721564,0.16234060854131757,0.07542015577976341,0.056673423689535776
0.06340878019305703,0.10936738129254195,0.1296420120021834,0.128368382134951,0.1453381809862222,0.08913059916818435,0.0509706206054761,0.0810289021899379,0.08669137139333763,0.1160537700341084
0.05965284872464344,0.14659707750442794,0.13673453799910695,0.05137769393492666,0.1359162986805224,0.10248365691206208,0.10601532641387727,0.1071808944337906,0.0834366261709122,0.07060503922573033
0.15419423974018087,0.050047419938792734,0.1879804584908997,0.06573584893794271,0.1187484286051472,0.054639648217597966,0.1961843581050573,0.09942936483005527,0.06540618272457212,0.007634050409754081
0.09609316033750004,0.12366470839519195,0.13005456460701972,0.07124855166934892,0.030546936620392044,0.0385598589445631,0.1318913381754813,0.1558048207678441,0.09673748775623145,0.12539857272642727
0.09105052069955387,0.10294105075623876,0.12646749479834207,0.13107932329615862,0.15075752284299726,0.02784898637524123,0.11537718413770624,0.15066693641423048,0.08874006088622059,0.015070919793310692
0.1619630550589466,0.004515552025621155,0.24678821759900996,0.08573180778556622,0.050774024429968735,0.014142369071970216,0.15516789608623044,0.0672023589974697,0.05888863506596783,0.15482608387924915
0.1361554380070668,0.09493242402441922,0.14484819515384265,0.025499258137012933,0.09069946542423256,0.1509898299402079,0.10695743904401833,0.07828498661259588,0.07714256841262326,0.09449039524398054
0.060274098858931216,0.14773279076416648,0.14575969937275593,0.10878719131755807,0.05889014645206001,0.13883826534331747,0.11049565233504806,0.08615507820012899,0.04547634485961909,0.0975907324964148
0.07002450510708795,0.07442066252782342,0.08722475164111344,0.10719205577448597,0.1363655974818322,0.1740790947010759,0.1669100076379795,0.1573155175530784,0.023328771707119476,0.0031390358684036555
0.0966141450011833,0.05194060740035389,0.12958822518429322,0.17839776886535905,0.04771640481482961,0.02937076793179348,0.09693339804205942,0.16589077693641302,0.0767903678672001,0.126757537956515
0.03915240631941905,0.18218631384861012,0.09317171219327218,0.015763646968135793,0.03975464509536436,0.17690165690273832,0.14749468047680522,0.13149178891382504,0.12027009683759256,0.053813052444237404
0.15837207322823418,0.01188010199476566,0.21986902295366814,0.041325684371749986,0.09780689296509121,0.05001469465901156,0.03952005681752982,0.039500850779602296,0.16420481594500214,0.17750580628534507
0.030815878792558014,0.05279258136735125,0.1848016798810726,0.14066353254545227,0.15159848610471388,0.09747916987284887,0.06501735107755924,0.04820635904738422,0.1420996924982627,0.08652526881279698
0.0749185066168537,0.025944934218254043,0.04239805133644172,0.12734109612489627,0.06677776172057574,0.05057023221029143,0.0848654287924697,0.22891240109307273,0.1752632272841976,0.12300836060294719
0.10960599007034788,0.23278116247693773,0.03777040157779418,0.08223856731501586,0.028261036883847287,0.024428967637471145,0.1202185294788742,0.04322014875664274,0.1757322097172417,0.14574298608582745
0.05707347352901378,0.1625118058347876,0.0698865997613903,0.025350009787602667,0.1490322107714376,0.164961145656626,0.09771019995590555,0.15061152830016525,0.014034674061370227,0.10882835234170109
0.14164159819266328,0.1335139949934675,0.02595352555121542,0.1218751514773387,0.11684541279339128,0.03602847732416287,0.11869499296903799,0.1412750296171533,0.08603764672855899,0.07813417035301061
0.14449961338955408,0.12344912742544202,0.23643570253672877,0.11284309794335656,0.037447029056031055,0.13835859494597946,0.010291239940753285,0.1358860207222939,0.03338290600587393,0.027406668033986982
0.1471475113583244,0.04631846658741562,0.152127675511877,0.0021964129586326026,0.1578259631066498,0.16336115606240253,0.050668295446569506,0.143533621663629,0.0732450184586993,0.06357587884580017
0.07171808458131752,0.17178813444059565,0.1427967653447825,0.16775918691767058,0.0888794927736937,0.07343777741001163,0.071400145119696,0.04762472082481806,0.032910392906498415,0.1316852996809159
0.0407459540438201,0.19308021933035915,0.1477676993160369,0.14949387520544494,0.06886010980637211,0.05381875161012387,0.10289296808111056,0.013867601253462248,0.17310954047252056,0.056363280880749614
0.020830407882069087,5.5489925582342396e-05,0.01814128383950254,0.018644318562240785,0.253903826919262,0.24467549890786708,0.024889225411098788,0.21917441052829514,0.10261139888531709,0.09707413913876507
0.089101933943027,0.15595609326917223,0.04078878924482826,0.0647662078046623,0.04669582491321225,0.11324074337471897,0.14721925347278664,0.15480772580551233,0.05400496667684335,0.13341846149523673
0.03344150232066034,0.1775072245886956,0.11578803182503335,0.01899912848703419,0.11990157034579478,0.11150014308139669,0.07422178747718833,0.14683008506624085,0.06557400377722775,0.13623652303072806
0.1064369379199922,0.08688739171239322,0.1613155607334673,0.0012898396863051222,0.22273220049212375,0.12587860657876074,0.1848044919782341,0.07142405453952011,0.007624709035341968,0.03160620732386173
0.014357511756115741,0.056849611837406694,0.18045582147296035,0.07199542211439516,0.18626569839161147,0.03320607397830271,0.14313307368815245,0.21394627032447108,0.04878084473341832,0.051009671703166067
0.11906233652689346,0.09025873779358186,0.21672102042070207,0.18355269547648304,0.0004201314858681799,0.10827838020045343,0.06268482548511263,0.018072725771638154,0.1659901751586431,0.03495897168062418
0.11295956778508098,0.1402823684270048,0.017405411573600635,0.12722903194059593,0.15651321483803626,0.017215794249024523,0.1911871334542433,0.030304713283854545,0.015375668108538534,0.19152709634002044
0.1563716875151169,0.06609326614353947,0.1580774397031536,0.07305295029560255,0.09082435740512902,0.11622095380233838,0.02712845177549755,0.09587467646605001,0.16036392203796562,0.05599229485560699
0.07690551942838084,0.2332404351894534,0.23105560943004602,0.02232384890223735,0.05684736939876078,0.013098983389671573,5.535244025828592e-06,0.07904395011400074,0.06729266420705951,0.22018608469636383
0.11778953440078163,0.12226979687164512,0.04789783980960768,0.13329541736060155,0.05302406134658019,0.10849344375267433,0.11602953820076584,0.14057105054568225,0.07148692898033518,0.08914238873132627
0.113936048528373,0.15429514489571608,0.05350850068501491,0.11051271479117716,0.03034731871605351,0.21104691351714758,0.06314657834899018,0.0810925592340626,0.024143083577462768,0.1579711377060022
0.009260734622107556,0.08302554919962278,0.04570077159358708,0.14318841789731251,0.09334606620059933,0.17053040578016235,0.1326483581786107,0.17802328599695624,0.13074386131490887,0.013532549216132606
0.08687429818624638,0.15623876623408803,0.08848438895527935,0.01703392652656245,0.005465430192351649,0.21375484518556204,0.05876866032967107,0.03056688161136524,0.15260662960170043,0.1902061731771734
0.042743750050988634,0.14174185242405166,0.14123590104793138,0.08253222318010921,0.04154044433187322,0.14310525216892012,0.1139937942627563,0.09613466699645964,0.14176973853450905,0.055202377002400875
0.0314723751607013,0.17962232192871289,0.2403643215320404,0.04356352856918261,0.01699560111297624,0.21850597524979082,0.17670958638220977,0.05790289884643421,0.0002823938876751989,0.03458099733027662
0.18910764420037499,0.0004186173664586493,0.02401559424661363,0.09868311766080794,0.08489925005189072,0.017217937692915172,0.19919857489000756,0.1740682908064674,0.11677126198973391,0.09561971109473007
0.11704311571412995,0.022766826988081718,0.14567849239709058,0.18161237392455104,0.05452535657843384,0.04186349074990875,0.08564670861309796,0.0037292130992068206,0.16768393510296606,0.17945048683253317
0.034326531519450636,0.18842278583709735,0.11596952818585585,0.11642714054269757,0.12068575059024268,0.09573161342939261,0.017995366134783485,0.05764038412561703,0.08958983100490414,0.16321106862995877
0.09848192099776554,0.11024554305087839,0.06889018595969441,0.15238288191490953,0.15083827887240667,0.03110329204461331,0.08367193371543957,0.15732568813957304,0.10127207517584122,0.04578820012887832
0.10981478267068279,0.15802210895791494,0.11698483066189937,0.15805291841523367,0.06131046345998288,0.06602302107809693,0.01939590841357326,0.15146764746646468,0.12672219052626849,0.032206128349883026
0.17395765834565477,0.16805340493252968,0.07655323055631864,0.06331425368078758,0.10330678922106311,0.01940635687053219,0.04815438200539588,0.10920016542618846,0.10533326112457407,0.1327204978369557
0.08478110855713798,0.08289665021272913,0.10971612806406071,0.17689490153925097,0.11118675649525667,0.06619386133056031,0.050420941161779864,0.1275857278603198,0.10429109534119968,0.08603282943770481
0.12410620694905028,0.08962140360566398,0.023838151387342216,0.09516150015561038,0.12842020528205997,0.07213673172268316,0.12280616076286048,0.1172356504707257,0.1149989872913674,0.11167500237263643
0.009725713351589577,0.2232503799140645,0.05875250765302476,0.11380557538481326,0.18698433530609315,0.1461479553739043,0.020909570037922716,0.1439430003746652,0.00043674532087722105,0.09604421728304538
0.03131958507675177,0.0893577726523904,0.1255457056981626,0.08919743630022303,0.022305932934846763,0.08160409968274729,0.04078634403083192,0.1674469655441638,0.16542841616973689,0.18700774191014544
0.06760589219886153,0.14552666473433398,0.09300497083236729,0.15090410217430694,0.06237268364084593,0.12438531622850654,0.14599441926286283,0.02239008836794484,0.02597086719478041,0.16184499536518965
0.09174966296432202,0.11863611705457991,0.13439510980126204,0.10611887337130779,0.015463202953450252,0.09808292557293413,0.13063929781233483,0.05744768706262321,0.07976886100334413,0.16769826240384184
0.1943487459668391,0.11378942824087734,0.15819404429958187,0.07884927196073842,0.13630592641283026,0.0025226854491614058,0.06839127031517807,0.028823306829441096,0.05040602941673754,0.16836929110861498
0.09359145408784744,0.10812246497859007,0.13451399424008095,0.09643337959053389,0.11612285190106557,0.11663106106124442,0.0557656201108731,0.07917806441505922,0.0940258248378372,0.10561528477686821
0.16797278717879857,0.1178923948419271,0.10760528779111622,0.03270025319751798,0.18536281361855225,0.1106870278513374,0.02741730199806654,0.09919166497350793,0.06567961320828934,0.08549085534088678
0.15363489319537546,0.07816357806248221,0.09235876065140669,0.09740025675970253,0.19507118781347602,0.009086774615600255,0.15899736302216214,0.02516016998947546,0.1535408263642586,0.03658618952606056
0.10954675225173917,0.16503454548092186,0.1737252815977884,0.11592817406832953,0.006737611530279723,0.017661260131999288,0.012420302817706884,0.1712948728584745,0.10605101949593272,0.12160017976682791
0.14443833139653628,0.09645079081571145,0.181770894676667,0.17132376647692552,0.1420055019182953,0.11710616471493059,0.015939289253472877,0.004486024292122298,0.020434442881325236,0.10604479357401334
0.013667828015327949,0.06378090159230049,0.12126060507067972,0.16019394139893292,0.06064059151937031,0.09150127723781268,0.16153271429977978,0.1069493078406436,0.08886467363330776,0.13160815939184478
0.1484082059403692,0.06300478548084759,0.1561882249775275,0.008236522990581708,0.06630249477607186,0.03510540151926638,0.10576051532627034,0.15293493340680403,0.10326478217284449,0.16079413340941712
0.16333087602498408,0.027036617564659207,0.14322794955538645,0.01709211201001702,0.1261557938712429,0.10116991326037328,0.11242159520442892,0.15832262034342867,0.09136442671304862,0.05987809545243098
0.12763588437458778,0.11986616792418832,0.2484544454184486,0.04924504901846699,0.0515665685000055,0.0033115625295930245,0.14228665896415355,0.00018063575878816997,0.21973307116177968,0.0377199563499885
0.13256628273711304,0.16350584690177197,0.18520621438663776,0.1326937759188971,0.1441203840689794,0.15812525620039267,0.031393878854059185,0.010105881662227992,0.028812126842857954,0.01347035242706302
0.1646575420680606,0.16104909648894453,0.12862612645074187,0.05733570167652743,0.12940695909203845,0.06312710295390114,0.04701021519779309,0.1583577653264156,0.013294309041236827,0.07713518170434058
0.045279049463810554,0.09267656802707416,0.1455856500940883,0.07002977435913703,0.18211804911366009,0.1963946622611021,0.0014038284678773829,0.1503964351926243,0.08395175550015614,0.03216422752046995
0.11282823216608309,0.006528569007898831,0.17446512985603263,0.10749036810868293,0.06916218734376586,0.19572508280270848,0.16075762919172304,0.09052276764894474,0.07701722438264687,0.005502809491513575
0.1496986658031452,0.0933227426540234,0.07211430310233839,0.1365001339516615,0.0695445679892185,0.10913514867426,0.009352443612273123,0.1461297556707846,0.07494623963502582,0.13925599890726953
0.07947668062640204,0.15733577537081875,0.004378561415450321,0.15228013122481562,0.10158448868286676,0.11273859929159334,0.13414973932731497,0.060044586570695536,0.07553642730444994,0.12247501018559274
0.028317212092580125,0.05068072491203092,0.16349451483217542,0.12015176878804061,0.08923570724046574,0.13308978596269666,0.13169302309654593,0.08457644864345423,0.15938390609946487,0.03937690833254543
0.21110610300605445,0.1848238658012178,0.2057777750202517,0.07741932150193322,0.105773779743196,0.03316638493153808,0.0658889684102401,0.04287018835503518,0.010476144959436754,0.06269746827109686
0.08175066499070134,0.07147508251630978,0.06678545356013298,0.07818908991727894,0.07989351593674826,0.1781005897601009,0.18874519390627387,0.12278333061017467,0.04743293662901803,0.08484414217326118
0.1383375432063669,0.15112890068373067,0.1321913997362733,0.17726183141677251,0.18149034131692224,0.033385298599961415,0.05200540808507645,0.08525988528279456,0.01597740847529263,0.03296198319680925
0.15391580317163936,0.11349918283644964,0.04377042471424592,0.14538405420818884,0.06768133521667176,0.004553983091946932,0.09096044734146652,0.06962804872772384,0.08084648080218312,0.22976023988948396
0.06149131759467009,0.011140511618669942,0.10151920130270926,0.03984043565927578,0.0004449118541169761,0.1949614581659829,0.1692043215681716,0.09447855381760084,0.20349514631382498,0.12342414210497764
0.13930122612698012,0.13503553470248061,0.0036518975213539694,0.12281846729485844,0.15646938349364595,0.06837245011536096,0.02344606009750065,0.06905192276765294,0.10749214385347168,0.1743609140266947
0.023513684122341498,0.09617288006969416,0.169810732065774,0.08054684073885209,0.06556242808563578,0.10902819277295721,0.049531272606029124,0.17750813262214357,0.041790985121295046,0.1865348517952775
0.19418054983037272,0.15760288419598376,0.017048326751136867,0.027963478329788176,0.09827840416271451,0.09876791800838561,0.1722807224962178,0.11286477694852573,0.0370691356858091,0.08394380359106583
0.08766574213146089,0.06051557654961038,0.05990057592994494,0.06247729231273964,0.03398525518283075,0.28525880477086185,0.19866525447579253,0.11646023324775491,0.031911430978794765,0.06315983442020918
0.010631960844541726,0.12542165599258084,0.07358252336631366,0.1516293640349127,0.05835081437736189,0.12812796167677806,0.17057796017624957,0.1519130522793587,0.05789756197144419,0.07186714528045879
0.12082085329368371,0.17784213060743723,0.18634447601058585,0.02908032581585955,0.16566772092774082,0.06902938791339293,0.041322878448530956,0.05296788582379544,0.12251642097267691,0.03440792018629656
0.013525989836768733,0.16344088700058088,0.07297988057628484,0.13237542890444837,0.11553108286381589,0.09446392025054652,0.1196680127095324,0.142330801708431,0.02909261841161923,0.11659137773797214
0.11392338136858714,0.1642099548069521,0.12208862164490289,0.1491309377226559,0.12390462820735851,0.11002700843988991,0.010852179529523985,0.13943332573398493,0.017847407917590177,0.04858255462855455
0.0541317380342062,0.05779111228851649,0.1105374910748231,0.06300924666860759,0.11390705546314371,0.15251584940466878,0.14451640340149896,0.19087710525998147,0.03863938921673639,0.07407460918781741
0.038841599710799576,0.07889720603410441,0.23458807519124858,0.09488111713258313,0.010929201595726034,0.21838775058226195,0.02904184884387864,0.014318434495956529,0.08072137254549681,0.19939339386794425
0.022190703014972904,0.15339182733552395,0.11037853398181663,0.1429055377253781,0.07925820935146992,0.017939118039139862,0.17919962292310876,0.17122027215528712,0.08043250315189727,0.043083672321405204
0.07671895176281372,0.16141749461146723,0.15484321781649926,0.10274000266627624,0.05378441499310242,0.12735627384181752,0.1408956468929491,0.12767630620592849,0.042404021685087966,0.012163669524058156
0.08166017108266192,0.1302554455268616,0.20170755630832612,0.11607780291568297,0.011768263370145991,0.1284451774039122,0.04158750228561188,0.12039921143802582,0.09769541700448069,0.07040345266429072
0.12900533070089826,0.12726829490794253,0.0425910205371872,0.10766683648465548,0.04121507911312448,0.12041873175102422,0.07026263217281423,0.053675920155297,0.1704475706959443,0.13744858348111233
0.13504573782929527,0.09307067564114953,0.02174790934330307,0.02542816390271057,0.0669161510889333,0.18736897075632822,0.06457360224846889,0.1082073486586328,0.1155027429732041,0.18213869755797413
0.14105051464017196,0.061010323233575796,0.1189342315850501,0.029411641559514295,0.1705284582651698,0.0365349956838245,0.001861082925122155,0.07261935775933898,0.18837502125764785,0.17967437309058445
0.0058739769913157495,0.06516543248969059,0.0626813388204515,0.1870274257539735,0.1829510612168312,0.09498655238021661,0.08381498605417534,0.14758265151260522,0.0731696796441689,0.09674689513657132
0.15591434210286456,0.06715238074835897,0.08951228573896973,0.16193568360775681,0.13428415301862015,0.004733633527651847,0.13905247127706608,0.06980074345372836,0.12314612835238808,0.05446817817259526
