i = 0,i = 1,i = 2,i = 3,i = 4,i = 5,i = 6,i = 7,i = 8,i = 9
0.0762764707885281,0.16990229546593208,0.11566709031970746,0.1268480214268871,0.12233149210859126,0.021479774833850548,0.13281076446299087,0.09890485010154426,0.019628395605407193,0.11615084488656124
0.12822468293956404,0.14046808949331246,0.05096228715399542,0.10760735071528943,0.10421644794407325,0.09230047473818569,0.06588087897800153,0.11083987231516021,0.09951902406275154,0.0999808916596663
0.027824840959293173,0.15930567009543253,0.0696987439182806,0.0910109452845091,0.11262268562008254,0.0005110008125978913,0.10724852387438867,0.13704684595570804,0.14024871957917293,0.15448202390053462
0.0865175647664698,0.13919227961144176,0.10621351699708996,0.17906845081014433,0.052736620923545176,0.05183979005468755,0.06332094847159109,0.11820889453768393,0.1299234119943237,0.07297852183302278
0.030341782222640484,0.1427764775839336,0.13027466841047802,0.05182250802472415,0.014209546726360508,0.09411289224914599,0.1558715220011577,0.1441092915369249,0.10449097478681774,0.13199033645781696
0.12914180189133914,0.13578241701866847,0.012251103230278572,0.05758591023844408,0.14300302405444817,0.10212695128379207,0.12143526629277299,0.10021452041811663,0.10957482171440344,0.08888418385773646
0.05089199349930448,0.13407306247438136,0.06725400367689313,0.196845335270727,0.005641031133655194,0.21813594572827485,0.04129783128606571,0.052002512365559216,0.22530007267900354,0.008558211886135479
0.09512468580633862,0.09937252809485699,0.09358526121023088,0.024456597412179804,0.19753666881522977,0.07718893396765447,0.13334368851748368,0.1587256188010582,0.0839672220971074,0.036698795277860345
0.007856909555992763,0.1349724346593002,0.03502786154817245,0.18605624244853122,0.06504354278589902,0.13435101186280118,0.04057696372422062,0.15931799649889472,0.17774127243718313,0.05905576447900467
0.10769862694481319,0.04993534828125401,0.17743684306289803,0.0950148844286808,0.06248944178887512,0.16448957817836107,0.027622013777699125,0.07548697104727439,0.12505113890603625,0.11477515358410795
0.18549940712027474,0.02050663102256778,0.13698015609500186,0.1021436727971147,0.06721135092940479,0.14954106967616168,0.14718953466768814,0.14091269474312004,0.030338927901155246,0.01967655504751121
0.020351694565313914,0.020754609044603366,0.15454946231607838,0.03529522207603944,0.11989004205425945,0.11268953928813252,0.1295655345437712,0.20782892862631713,0.19021881262511062,0.008856154860373965
0.12494009777359527,0.06736924725886713,0.02108454238192798,0.14119340646133724,0.15308606628314272,0.13688303511999755,0.12784931822005177,0.11459847505200217,0.01674848547723862,0.09624732597183963
0.12083996156016838,0.13962339020377854,0.02318648537412978,0.17239545272930906,0.022500527728176643,0.17388990694819845,0.14300938773061486,0.03195326335597377,0.09127897835538637,0.08132264601426424
0.13651925554818442,0.20496152229789763,0.052455312379670924,0.11875409952307821,0.07932313752814753,0.10912771212561836,0.01826484760936936,0.06661572637448139,0.16148256068854175,0.05249582592501064
0.11556276259287919,0.07901584355536242,0.012578863347267608,0.13101925778014997,0.12381287860039578,0.12633866366441507,0.13002401328568922,0.08289406760783083,0.11110550856659168,0.0876481409994183
0.1202154094158972,0.0658047974141436,0.10005967658119631,0.1144470992297524,0.061462755766040114,0.13735319482421213,0.12714042134794956,0.0570821624698198,0.14686367637593503,0.06957080657505382
0.0628090511936637,0.04577095499215749,0.0888050602830811,0.18366939187939582,0.1474731391508719,0.1490402123123129,0.1499555256650594,0.10577296219929583,0.05873216786029787,0.007971534463863996
0.01616456177195059,0.044360285042942565,0.005626903041673366,0.2454396454899382,0.02890656148815144,0.1719324102832756,0.07529347082012745,0.17610682990475124,0.2029481028954263,0.033221229261763345
0.15479233614309879,0.015468903243906951,0.17361297296613795,0.03263033634194717,0.14428493126403477,0.12576519424055554,0.07938419571084997,0.08396125695401015,0.008716199356697422,0.1813836737787613
0.03575246516915933,0.17578224749085286,0.0629363619950634,0.012041143531902507,0.13585714914140534,0.14549750646060144,0.1706661835368854,0.10510355360828405,0.09578866596448354,0.06057472310136213
0.06883835963971771,0.01801523871805688,0.18691519668475476,0.1928717139879648,0.10108156187882551,0.01697421052308913,0.13155088445409635,0.19505143026892077,0.009451684309700862,0.0792497195348732
0.1552777097423337,0.12265647090944481,0.07024071847220512,0.06952963966791648,0.10682891835031164,0.021329480035969815,0.22821803920844302,0.11504781858209388,0.09301551291901808,0.01785569211226339
0.07004033169365083,0.11477137533288743,0.0928879820596816,0.11755553675645045,0.01036391658271142,0.04154762572077084,0.11432026356928243,0.1222359575025917,0.19186189870177647,0.12441511208019694
0.10520297068979642,0.08535592555122008,0.13149945794979973,0.05797330859837806,0.17213761884725945,0.16182081372239188,0.14459891784899978,0.0659091323924214,0.05895027116404211,0.016551583235691048
0.0559427736561008,0.000507805708795232,0.08369386079603877,0.11953248942357123,0.08073044944595184,0.07805507019173874,0.12075982195703779,0.15060504129817082,0.12417588823071267,0.18599679929188223
0.1004049335384575,0.04770397538197383,0.11190269957482314,0.1612820060067552,0.027004964423853233,0.17776620098268814,0.013205563502596105,0.129023965377485,0.15130857166809894,0.08039711954326875
0.0003967284662775887,0.11269792782237045,0.025812725142318763,0.0027099601887979686,0.22703455955192678,0.14945846339734395,0.018712650966486732,0.18188228161813555,0.21888649251914488,0.06240821032719747
0.21311701015416662,0.010923588368270688,0.09023547685413084,0.026330058618808338,0.02039402774912228,0.16264942716019778,0.01445268362668963,0.2088282519735333,0.19264837360818265,0.060421101886897775
0.031621589726167375,0.15288935559288544,0.1261645477190676,0.03503526712310697,0.15769139216321162,0.16707525138794144,0.18240616740724877,0.05696201003549778,0.010806923391146334,0.07934749545372655
0.09054713223551983,0.011172983271183086,0.006090590981582822,0.08244133414697842,0.07125838420181571,0.13608155342563658,0.09495972462604196,0.18972193561638281,0.16943879302778087,0.1482875684670778
0.04963391168903529,0.11963120663292066,0.1027371704976973,0.013401599108675916,0.009559281042374702,0.16732993086079245,0.13042468996981807,0.09118737361314547,0.1572313479360093,0.15886348864953087
0.13277025837301024,0.09360121229762529,0.10235820944876532,0.0690875511960038,0.10638917281338364,0.13737832155988036,0.005494300374801228,0.1408277163843644,0.12468647043742473,0.08740678711474105
0.14803885439661665,0.009925400473587979,0.020523577491565,0.15447836945065052,0.15756052341432186,0.12053528538956915,0.05065781675802215,0.1505553098864311,0.048364219684086246,0.13936064305514925
0.07325646085758321,0.2567917953303891,0.23702495269869506,0.02559810829803955,0.06943538652913464,0.07185808407873392,0.05300434603306107,0.0854270863327796,0.01146006130423207,0.11614371853735171
0.11439570923938755,0.14086641573924033,0.08535126673438846,0.12509025768701146,0.1706968502429396,0.01577881870322186,0.010086461547582026,0.025702030565764644,0.06990450601152913,0.24212768352893507
0.09705653573384382,0.04135924455589496,0.06895247767349426,0.04187718290733879,0.12247723118268067,0.10668272080833255,0.11478327999840468,0.13007556480657687,0.19173572010216666,0.08500004223126689
0.05127650670604098,0.19925560956393734,0.05217215300918947,0.1544772608634966,0.05565848389983144,0.06847631180111108,0.1700722564227736,0.047833411456457774,0.005403751242003417,0.19537425503515823
0.0021844532689040937,0.12560266873852646,0.08763140969657236,0.07956308850754487,0.157863752763458,0.1474335517327886,0.03615941557685121,0.2104023629451421,0.12507476899981845,0.028084527770393868
0.1365847019698007,0.02933473948136386,0.11136023827481856,0.10767059633655242,0.03849974707825126,0.11119529617273596,0.14896865864359304,0.041806221022218995,0.09418617709787604,0.18039362392278913
0.06128522622859514,0.1729520809250246,0.13293262432184894,0.1007275036898722,0.13313313445288857,0.012342163431724569,0.06193422590558284,0.08334864201634809,0.1642525137513804,0.0770918852767348
0.04588656375232592,0.056513956009282634,0.15221739813176463,0.08631151745674182,0.11918493404261168,0.1889095086297574,0.11043100905174448,0.12842516966924622,0.03597930681843492,0.07614063643809027
0.10874521995305654,0.09362101623391225,0.07559150866655759,0.027891778074291936,0.148167238113965,0.1286839773786651,0.096940325156672,0.13738284338253404,0.07722505289681321,0.10575104014353226
0.07084689793676652,0.0722784052496386,0.01059098955070729,0.15159360844857983,0.014709026271844849,0.14663226193324697,0.12515046644533057,0.12944265863909668,0.12402185429963908,0.15473383122514975
0.17371363377904434,0.00435498252370812,0.17238578724508935,0.09563030595504496,0.07271977156658882,0.09542727674841112,0.17009403622259742,0.007918670638677815,0.05949071229850376,0.1482648230223342
0.05558411988488923,0.07796605498609914,0.020766104085620532,0.10451173604977469,0.06136245528799732,0.03853991844964207,0.17817203186343974,0.11595863123237181,0.11846900103574148,0.228669947124424
0.09684599746819211,0.14409177132111645,0.09898361581307442,0.16922318705203102,0.019934129806145742,0.035466187232336174,0.0035031276094591,0.1444023012475141,0.1698563947109216,0.11769328773920927
0.16025135711323166,0.006593091670950439,0.0034067465178841123,0.07259993473269563,0.05039766805044324,0.12337659861339954,0.1429476675062091,0.17410931766930016,0.12983826116856503,0.1364793569573212
0.01830071522106998,0.18429134657743376,0.11100535362274037,0.19009406691634773,0.08007152986689034,0.10618512416875006,0.045708068389900595,0.008293907612869798,0.06710011317900968,0.18894977444498773
0.04546991867000755,0.06204453502596123,0.08355212001074075,0.07759265453108034,0.0037931687833259635,0.15654436279153544,0.16686549625625027,0.17618547283553185,0.11366900204424901,0.11428326905131755
0.1495855258934657,0.030086163738872757,0.15001949207828957,0.11678240672855626,0.01322721115900596,0.18184931862918327,0.029265118561747714,0.14771768325697474,0.09124079742245698,0.09022628253144713
0.012740274491026682,0.05783249697125076,0.11310943981229964,0.04105187789010661,0.15903222958786495,0.19729399605281675,0.10235838701655223,0.10727555908964098,0.08032832299785672,0.1289774160905846
0.06540235694122441,0.04299462734377507,0.08933885604604754,0.13882559878743964,0.13201028362626152,0.17096290852261536,0.21672627459613028,0.09777705313634148,0.017582143584183856,0.02837989741598085
0.20118004606093287,0.18234902308796597,0.10491714882107397,0.09371917641107694,0.016447931967646826,0.11029157593668629,0.12140127936080171,0.010855917684769624,0.046647700266474273,0.11219020040257169
0.09557766238296134,0.10669576852945334,0.12194119764629424,0.0038338136917535973,0.14835274979647797,0.1157132834245506,0.11369110950578382,0.16450678894266693,0.010286879485931879,0.1194007465941264
0.055115844942761304,0.20465383504536103,0.1350591307088279,0.05300921190822049,0.1227094630059105,0.07201891587319845,0.17060877606132258,0.11817397280128075,0.04362699628521029,0.02502385336790674
0.0654763946112563,0.07005801929366547,0.13085334018242264,0.019337458802457824,0.07839309737805043,0.08499866598047391,0.07765763816409647,0.1514240391877287,0.15092680300372904,0.1708745433961193
0.07312115797802703,0.00817427343497844,0.08272204928323096,0.19421195073823574,0.07633273029199956,0.054129217320207625,0.14872914268610488,0.003382247221174608,0.1464246060780845,0.2127726249679568
0.0006249547350719794,0.19462880483300643,0.19111493481112793,0.026336011644479965,0.009422082179227794,0.15195878986369676,0.047731259964385986,0.03346258903581161,0.22371249702457444,0.12100807590861705
0.11565637088517562,0.19319892647356748,0.0464896591941495,0.12479621986648476,0.17857399199212323,0.032635369261137644,0.1447169814589831,0.0011509644954569203,0.13956408482193225,0.023217431550989476
0.0931927520526659,0.05192045412203642,0.05753637015984904,0.1223822500696442,0.14715169036378295,0.16314459697309683,0.029525187848316366,0.1292685653073034,0.13924303495118912,0.06663509815211585
0.12036564582769717,0.0909082840107175,0.09820218456464709,0.09231340874723648,0.036416447964554045,0.09833502502996225,0.13271434080977848,0.1311056090406461,0.15260151505039335,0.04703753895436744
0.053720497301597246,0.15348057349649044,0.16598200824135656,0.18070199596735323,0.04595879032261478,0.02975865671317126,0.04434321943114748,0.13009512157131137,0.03912911467108304,0.15683002228387452
0.09444324204630089,0.15365970089609932,0.03420919995319772,0.14325112697112466,0.05957228542740914,0.0360477804192178,0.08677961318204463,0.16029392421085978,0.07421406178613951,0.1575290651076067
0.08812734343060039,0.06665478249778145,0.06136406449215137,0.11323741531441107,0.08018398198421366,0.0815560971949887,0.12332640222233898,0.14642107170717863,0.1000474890338243,0.13908135212251138
0.1489669505038401,0.14226684581079888,0.0984241668543304,0.08518084654653528,0.016715745580432248,0.0722019672508335,0.14628743792072813,0.02127124690776998,0.14742771159031423,0.1212570810344173
0.01697521363333515,0.07202803503233374,0.07839756305139109,0.13789196163167167,0.0018052917351425177,0.1840658471541147,0.15880633506296582,0.17271612364745503,0.15002385779316568,0.027289771258424772
0.038624854252908805,0.16331119237780128,0.01207564855112544,0.21772303722039693,0.15712277819483372,0.029450795256285526,0.08612866035498223,0.0851414428711765,0.1903628588202129,0.0200587321002768
0.01818688930898105,0.12734917679537353,0.1322490669253441,0.1257672006696827,0.06622073025932827,0.14013074702666048,0.11916912481128748,0.11196149893020976,0.15289615390155997,0.006069411371572585
0.1543288785723008,0.016303086669070252,0.05675700421372806,0.14084889493871788,0.12310189231150548,0.06159923550836611,0.1010574149117364,0.1900754917935852,0.06525125009324897,0.09067685098774086
0.09976300723313188,0.14202239947711132,0.1933688065846415,0.1035419860768605,0.07137775046946873,0.0957266228008781,0.014014380265675114,0.06540448720697692,0.17748308704190255,0.037297472843353274
0.1007553943271843,0.07763591835841693,0.02219945087763845,0.013911500358615774,0.14457811153006195,0.12425843054178483,0.09782640782785869,0.16463294379951038,0.1044839103466844,0.14971793203224432
0.11177652397083013,0.1649518222896512,0.16909812032722252,0.005414362865015458,0.013983908466972388,0.04157591829681378,0.043939064783917396,0.16644996432757642,0.15152958280760356,0.13128073186439715
0.2031136891256751,0.14654250612894668,0.0708379760588478,0.20352571069561182,0.02376200744018992,0.011329904818902895,0.21471734482183738,0.0906416528308358,0.012736749655127442,0.022792458424025153
0.11345664796916774,0.047746246561005054,0.02281476390560789,0.13673963673743897,0.17294952223461763,0.05651163971912649,0.04593825606739664,0.18254715707428604,0.15456864551176866,0.06672748421958483
0.06254528601284898,0.05790402994132177,0.14299064281793886,0.06165104648145821,0.10340942585486494,0.007630764956148596,0.01424808577764505,0.1789326372897995,0.1682476543132847,0.20244042655468947
0.004408872810748379,0.01883239307469376,0.01933265038913405,0.13790031326553992,0.06215937041119823,0.1173977480525265,0.22718058232137306,0.06648882397020123,0.14168165181602882,0.20461759388855597
0.09115435895719272,0.01717337291843183,0.16784827368941949,0.15166530519862675,0.12359328752300071,0.05327875479637631,0.08615615790636039,0.0711989577918183,0.07136182933722245,0.16656970188155087
0.11581397970801882,0.19269714980546518,0.0335276761355867,0.03318223656859463,0.19811751706141456,0.08867652132368203,0.005104732288476835,0.1627295900515388,0.08127073086205329,0.08887986619516919
0.13915529714702815,0.1266230209034679,0.04581771874619587,0.14372372692799648,0.03287240540451697,0.13276865961059964,0.061160610474598344,0.08759923127878726,0.07550588448339075,0.15477344502341878
0.001005984058720516,0.136304711782625,0.09818261727622386,0.028827785305595464,0.03291186549114756,0.17077302381784643,0.08989611618251973,0.17962302737087563,0.12960360974730803,0.13287125896713758
0.08396656542160363,0.013339215865313545,0.09135583756218638,0.007130974920949328,0.044127626322604335,0.15856147633932033,0.09517297486605181,0.17062730374521132,0.17760777700075822,0.15811024795600118
0.17613811981553465,0.06025193545332334,0.028095029200466963,0.18480069283104938,0.12351803084540597,0.0864527955106011,0.1303902742885212,0.06711387299564225,0.1005913394133717,0.042647909646083546
0.07028226738252329,0.17034009190240945,0.10844614088797536,0.009390997424334028,0.0683823125832552,0.11507695485139371,0.10519158900154968,0.08531059272953831,0.09053097907412395,0.17704807416289686
0.11016288637047339,0.10276017266997613,0.046275861012164646,0.0771201593443532,0.13562401210498629,0.13683537813854282,0.060808111385697465,0.04267216801672625,0.1379417808643411,0.14979947009273867
0.054674830186803025,0.0701249385554338,0.08757332950497969,0.045513906885299646,0.060540960148679185,0.14494914435363415,0.16218393325155764,0.13223654415238462,0.07350326429546757,0.16869914866576083
0.10849078850374143,0.13434712836763876,0.1337482834405127,0.1114880053636986,0.09813641853209355,0.08297291252829782,0.05537617136724144,0.042158393996061055,0.1244096395389049,0.10887225836180975
0.04028531094489712,0.025097617989123414,0.033096594109341,0.125467732508903,0.01433223258644394,0.15951426585892317,0.1487440604327886,0.15377408391372124,0.14620870520304458,0.15347939645281386
0.09973710090792355,0.11309733016473658,0.06482035315771252,0.22198822124439851,0.09111663239726972,0.017484680665517678,0.1772754418632222,0.024356423097438643,0.15972604092339557,0.03039777557838504
0.12551465188694827,0.031884249323979715,0.16070280451936833,0.08483362300269405,0.14855216360870516,0.03933274748282167,0.10357275213215206,0.1810268545570856,0.047033189941134444,0.07754696354511086
0.14596302013470086,0.062251467030993796,0.009292009281132722,0.14286599135347733,0.11457165957463135,0.1003594456538349,0.0682735583950727,0.13942424392370373,0.12432231154156316,0.09267629311088944
0.13654385851778997,0.02086832074769261,0.10362700292059276,0.13191191959453144,0.10041331219452575,0.12810164756077314,0.12367576968913704,0.1265280593108821,0.03203541154190995,0.09629469792216516
0.17038818496039482,0.11053028548407902,0.08495087557291424,0.04591576227566074,0.15537175428455072,0.12011804448749161,0.12333392693074387,0.02731957762496403,0.07404322364839382,0.08802836473080713
0.1876326210818582,0.12049703596697578,0.14383666629323935,0.014942578969075651,0.026547776992848143,0.17765956468937752,0.03159877834343932,0.139830727953529,0.10023210723876408,0.057222142470892856
0.014965163414328365,0.10877662894058891,0.1323872253620893,0.10265264868902814,0.0020079253410795247,0.09078424660690149,0.1053454143045668,0.14101025578720683,0.08709448710935026,0.21497600444486042
0.09502482947581371,0.05644034489713335,0.027501529492768913,0.08618115257020145,0.0422979820795691,0.039239278974940214,0.16119298425445017,0.15193245727018992,0.15064325703888173,0.1895461839460516
0.052342047121685574,0.15114479119651655,0.10555228066987933,0.02882112186841661,0.08445306030468114,0.04925916329862152,0.10029710606058735,0.1518972033561182,0.12628972362721252,0.14994350249628113
0.09009740661146273,0.1514862825866815,0.02691939993949441,0.14420281340069122,0.04581867896052722,0.1450163558155656,0.11652446035733731,0.14907030295733611,0.017057773275585587,0.11380652609531844
0.014286654226718456,0.1724025710034153,0.013887533071756027,0.2010481710404478,0.027697255295900215,0.01056101910081881,0.18511937613886215,0.15667729421049184,0.19205753757446714,0.026262588337122455
0.02387224942908049,0.21645541350142813,0.11520561810150792,0.15437301639141277,0.1760134567335332,0.1434030030647523,0.025107255466110263,0.008199292566291039,0.03647473510291188,0.10089595964297207
0.2120232973287917,0.0857982832411155,4.15428515847743e-05,0.13298021036054136,0.04093298998713325,0.17188690252455835,0.06871265668192196,0.011301653160045312,0.21092291578459224,0.06539954807971547
0.1337406345738867,0.06624648869224671,0.1716601617943616,0.059220778900103015,0.030435724447942934,0.18223912338966095,0.06642605600663819,0.09925265548854992,0.16387195309492822,0.0269064236116818
0.12425351548733378,0.02203576495501276,0.07493849816400469,0.016134597577422152,0.15557364600580448,0.044118482179330065,0.18876064924049102,0.1503738116306397,0.14186148188294226,0.081949552877019
0.02589906462009875,0.17863018872620928,0.043617347451147745,0.02881611076440069,0.17345837174976791,0.16254876938343724,0.07273224595286523,0.057809968990650384,0.18196310058375012,0.07452483177767273
0.01948863463251142,0.11840908649763547,0.08655688437958942,0.16494058501544948,0.17451094967935377,0.14116898947019502,0.0685736999914934,0.07521837201690616,0.11368534176102246,0.037447456555843445
0.08950898371518819,0.12419814817298444,0.05993293248367376,0.03947762329876039,0.11840706716873242,0.13252128992591547,0.06275889877479825,0.12284985965186891,0.11767112309866784,0.1326740737094104
0.07873213609630861,0.14896093420078066,0.14174267837265148,0.06059535849389015,0.11479269129466702,0.06965737198598325,0.13657313094834472,0.07294220465838744,0.03401953090271584,0.14198396304627087
0.1454231127023674,0.03912472202529675,0.07166349422391215,0.0647225549104537,0.03341787104146771,0.08725554827629108,0.18731356343454061,0.1680756802470999,0.036350918359240765,0.1666525347793299
0.03148159592609483,0.16716747838915752,0.04696654267980928,0.0007339134540957143,0.15918417280451932,0.1961243295225434,0.13256351764665847,0.11337201905506511,0.046976212316019415,0.10543021820603699
0.09237145409434507,0.06152595495673726,0.18514644711688552,0.07434694682307924,0.17488784393375498,0.00831715934107963,0.1149642914604072,0.0787550005191941,0.02017396393864395,0.18951093781587294
0.171894413055978,0.015869414516981182,0.05935232043622697,0.05451402599459192,0.18796319735355413,0.027161281941901993,0.1343666435685615,0.07710900192388369,0.108894875132745,0.16287482607557566
0.15009082380456173,0.0859179379970606,0.0013728337353735398,0.11852026110056796,0.18074406455465314,0.14378785060620491,0.15645056113203673,0.06362745512858956,0.031484041870097776,0.06800417007085413
0.13244254235188385,0.0064812137450221,0.05846459840735314,0.14567785090365712,0.19161085307422748,0.1697139503224825,0.022278222106464487,0.22082700467095073,0.04116644362928681,0.011337320788671666
0.1538246274191761,0.13079448021194043,0.16115041384059808,0.08787514262002498,0.13565686539060892,0.11050645356408854,0.01702723696360405,0.1067022803048344,0.005745748691047373,0.09071675099407712
0.08313874014432958,0.0962639908863247,0.04476085320194359,0.05641344568225543,0.10528015499324195,0.1410551671356483,0.060796249230379955,0.11194863283807135,0.12494310459340993,0.1753996612943951
0.09356892515396768,0.10120136042023994,0.012926386732439794,0.0910918207264419,0.03085981515280507,0.20939379276729086,0.22253445186667586,0.012022927049734344,0.13915216393802582,0.08724835619237895
0.06239797473725168,0.006037943188911213,0.08165515659946924,0.08441810492850979,0.17341608933440827,0.18523384387592748,0.009808210600433295,0.12338283234564389,0.14038526929106776,0.13326457509837722
0.19552575191167648,0.10005762738643466,0.2230887164237089,0.1580821844508917,0.029075896766159726,0.009917192161258824,0.20483540313210283,0.0205748130116323,0.026890507004275258,0.031951907751859354
0.05039063982122116,0.12120522075001135,0.07714686285603795,0.1425620613209988,0.02919234803853609,0.15063577355411795,0.14538757103067687,0.14682854596367229,0.013376740527207663,0.12327423613751988
0.2232923467165948,0.2491239926662279,0.06029603517876864,0.030558424175614805,0.045072184091300586,0.00395534644667854,0.06105922035147252,0.16636448991032798,0.029957354488740782,0.13032060597427358
0.024816116719775117,0.10204094435961593,0.13977479041195862,0.16389562993439127,0.1642054341726925,0.03562868561824864,0.16261670834036435,0.09990172767114826,0.06319578026797325,0.04392418250383191
0.0539010340160883,0.04010081643792652,0.04352338369342741,0.1172282396461597,0.18022250446627863,0.18429506114446853,0.13040686075183974,0.08391616867998983,0.03540196233548241,0.13100396882833906
0.15477052014762596,0.11416495231389699,0.05474425238556925,0.07877287940469989,0.11309390664990916,0.17936058923276027,0.14154136283382998,0.04323474016950834,0.09644221664404094,0.02387458021815917
0.15449765509098476,0.0014982288422212464,0.24017979227935493,0.04300426016497726,0.06057472250140835,0.1014539928887044,0.1130644897035935,0.0061072721372928684,0.2544311983858873,0.02518838800557545
0.045618877364173804,0.04191788937345378,0.1620691031494626,0.03800476448686896,0.044851742577915604,0.03374743310059827,0.1353183597937625,0.1643707730900563,0.10832546386392786,0.22577559319978044
0.04417854793810271,0.1413775760145047,0.03314014353137396,0.08436766792093986,0.2226255499697571,0.16071322133484145,0.18280835186074723,0.009071867094649409,0.11322344183980738,0.008493632495276224
0.12324437833119214,0.053814017315734264,0.11670730559811912,0.05834893067192765,0.11208403295113138,0.0922003354230447,0.003190094321051841,0.08599477812723744,0.19757400793437943,0.156842119326182
0.08615112746930323,0.13170882146435894,0.022271478755885168,0.07261576755992853,0.07928343936595808,0.11867637320185197,0.07988773226415576,0.156509068197038,0.14586871878415644,0.10702747293736384
0.08472412975510532,0.16766769731203962,0.02841286093612382,0.11101894367487425,0.12733215426683284,0.04130578802452651,0.07413712317489575,0.11136631163927506,0.14644365330404124,0.10759133791228548
0.08852473758252524,0.09541167624075803,0.09593818087245644,0.05725623635304777,0.06593481630485963,0.06066177613516093,0.1933207448769816,0.09973983082364976,0.09695150563789026,0.1462604951726705
0.14510963989687334,0.07319496909169686,0.14184700904757297,0.16005919479234063,0.032307029465387604,0.030651132174339926,0.10761518500048041,0.018858673960017905,0.1143586986188827,0.1759984679524076
0.15374851226556607,0.014370961818922813,0.0553756322602152,0.12650522480115714,0.029051210234279527,0.09371708345369587,0.14258037937147514,0.1638001267010771,0.12294850635157943,0.09790236274203182
0.20585875804012604,0.1199626069032046,0.06808918432683748,0.14280333390773925,0.07600322981619993,0.0261988555278857,0.08370094944147813,0.09706921899213038,0.011571148845809115,0.16874271419858936
0.040934645923028305,0.08299714876999549,0.15575057648428187,0.15310072578665593,0.03336492359887832,0.08899205152915085,0.0841594437109183,0.15033508440785306,0.1759429332686583,0.034422466520579585
0.12027836260956538,0.15462225720089326,0.11186758240673388,0.10119785546650589,0.1683871663351745,0.07061023661059233,0.13546678855334485,0.0440253212761962,0.08771739637114591,0.005827033169847676
0.14314675617242653,0.1529252691499626,0.059643406698304084,0.0947632661784422,0.07261071324128326,0.16375382793055462,0.022553300614199658,0.06319301643578801,0.07311501597947052,0.15429542759956852
0.16993334101629184,0.14049924434314867,0.03208793963649102,0.011791025530283088,0.04956517996652019,0.06632606933047022,0.18286312314999428,0.20250951381226362,0.09715350745399723,0.04727105576053984
0.06149093586994333,0.182229587419532,0.10342863607172963,0.09655752152551408,0.1342952392799018,0.058330503748226355,0.08210398053350326,0.11483827057735468,0.07600757677917372,0.09071774819512107
0.09736715148231179,0.15200899880285185,0.022991377820866164,0.16949498487485085,0.006896449515175115,0.1658390377598951,0.14479961650193274,0.10460613385566501,0.007071517513937138,0.12892473187251416
0.17126956508506516,0.07378215787509577,0.1357862401374155,0.02190583743687966,0.14508039624783498,0.060961218714091964,0.20790438139954426,0.061655739637103066,0.10162380551487503,0.020030657952094383
0.03805385831184842,0.09376272264645341,0.13644948748295985,0.04418376177588902,0.050709958417203896,0.16013240705642964,0.10861956096244808,0.12572936631312576,0.08414913026878361,0.15820974676485838
0.17603462906258388,0.1990815634607238,0.02122046422647997,0.0408093964425563,0.01842594444879695,0.04130656433774525,0.07312467554151214,0.07972511484076535,0.16728890123739604,0.18298274640144033
0.17260148628542463,0.16348209003234768,0.06317998558445342,0.15807565018148287,0.018622144251317113,0.06428514269405435,0.0806089345232116,0.09461055998191753,0.07286238074371734,0.11167162572207354
0.04274547224417257,0.16937146411804893,0.0700720816068117,0.01900468258356067,0.19699085164913563,0.10067663620991467,0.000834776061754646,0.2034596488544292,0.1321480647269463,0.06469632194522558
0.07646870313718566,0.0565811363540202,0.11755323357801328,0.13541016466178848,0.08228035950537442,0.15255322280441672,0.09302827696194478,0.047212577551980356,0.12274623025077405,0.11616609519450201
0.21093757724417314,0.20449511088768021,0.022191613862309414,0.021515023407690514,0.12158321552237475,0.0657370087686174,0.07526772982691804,0.002845826042969116,0.09196286987484623,0.18346402456242128
0.11381022977390703,0.17679600896764094,0.026937572081231185,0.11094584289569501,0.08788837360346796,0.13685404752948904,0.08232023714986134,0.15656197216826864,0.07866679457123206,0.02921892125920689
0.11794573829670657,0.10092836951875309,0.04042934994293532,0.16039023604731859,0.10471441999134604,0.09034064147494508,0.06216810183917334,0.10391904277830773,0.11912503292587244,0.10003906718464166
0.03829942593347529,0.008293631985410705,0.015672028354815237,0.14699847925715073,0.17253318894984015,0.11796552009695693,0.009955207970992126,0.22809265761550426,0.23916508744113246,0.023024772394722056
0.21761270328242743,0.12487191797551557,0.10613911881731282,0.06659907990740523,0.02496342679230558,0.07196616266881428,0.07512478371164105,0.06501031018002246,0.15311473255701338,0.09459776410754216
0.15482562885758608,0.007832039995134609,0.024715765045930035,0.1015089299550763,0.06539086180356789,0.12819330094391593,0.0872425121304363,0.14272679324127635,0.13453972018438676,0.1530244478426898
0.09598800559785993,0.0769397924313441,0.042793044102622524,0.188212864951454,0.03120178246946855,0.09030886437213674,0.19692313483675403,0.023283805668032405,0.08131096871170328,0.17303773685862456
0.10333963539987422,0.03895744727667015,0.08262526349779946,0.22119268630556194,0.22548833548735334,0.09084708141157535,0.059848696407230444,0.1588862224769083,0.000592157448077986,0.018222474288948604
0.10275787230077334,0.13517975182502612,0.13467725090731186,0.13333977219833648,0.11201971629646389,0.07242258153152666,0.12877911358581595,0.0030245587452070034,0.04212860230027209,0.13567078030926671
0.1592183572342548,0.09236135514143098,0.10299439462580152,0.1358492942894489,0.07260914287696885,0.02064852266512187,0.07326745833255421,0.11183902675177947,0.06563067979860837,0.16558176828403107
0.16060344429255863,0.03108295383897898,0.2384079547664726,0.023483628735105788,0.02470751406963715,0.08034413474441504,0.056318182174335804,0.22806384238230804,0.08215729033811509,0.07483105465807291
0.013981819908378873,0.2583726012633036,0.008913743973950634,0.01211302186298345,0.05798423034291428,0.1754587007171714,0.07091058775700558,0.03455763414176484,0.10979452393363764,0.25791313609888966
0.005125888462534333,0.14304596574304373,0.08961590431441017,0.1183622046601843,0.0820007414803004,0.11422457374048801,0.09955249845978945,0.18004255112898698,0.031177756032456712,0.13685191597780574
0.011904027657811525,0.1422440234331799,0.0286566125281421,0.14578034023568218,0.0530557225264985,0.16236876409914497,0.006330678569554055,0.20580953399132862,0.2107946167103131,0.033055680248345036
0.18509145529153753,0.018339253151637147,0.10089516957979583,0.1468763808776199,0.0061205066819066045,0.07652028940635121,0.10615381732779668,0.12109537857283328,0.2117858920977877,0.02712185701273411
0.021939697917955615,0.25374877329312934,0.08858481206101856,0.02039863018288031,0.008177741956674962,0.09315586555786223,0.14828840339139407,0.09161566342154662,0.03852525273136766,0.2355651594861706
0.040829224130443556,0.15409250442254357,0.051406973929085144,0.10282919041994809,0.12732667382193927,0.1488730627414192,0.15194706515359552,0.09100668171340102,0.07570881069782358,0.05597981296980098
0.0364279989589661,0.11796973726477666,0.19161141030778434,0.11973207465985082,0.1916668482658106,0.1164978314815107,0.14522944025158213,0.039264784383348315,0.032703059184549126,0.008896815241821168
0.09448736483468935,0.1280454497719175,0.01976638186214497,0.1680584568181718,0.04710046100913581,0.130076628896434,0.14502914259115454,0.15038345665172423,0.009610900855508179,0.10744175670911968
0.08840049864676991,0.09542657883335448,0.07325109811502942,0.11439748664972252,0.11217101197887659,0.1255527985752871,0.11963518360906428,0.08685154513199521,0.05486645417582436,0.12944734428407628
0.17736813902313178,0.04125762085985797,0.11859831699878673,0.10326035797389474,0.12370169338130711,0.12856395338884893,0.15414384796875394,0.04867260537948322,0.057632093892158114,0.04680137113377748
0.1812180060613713,0.1601196611136213,0.10696732500352792,0.08938820286907673,0.07700313292036173,0.16130611459749641,0.023983928883837578,0.014909353203174408,0.02673241522230842,0.1583718601252243
0.07931695264341997,0.13987346197390677,0.03765197694151025,0.1755570430138811,0.17506725934634812,0.1442535911302791,0.011122679119459545,0.10446965278695428,0.11159301368110684,0.02109436936313404
0.20890890815593494,0.017398957452639842,0.1897031085804156,0.016592677729616645,0.05062813359193785,0.094715565934347,0.12907563421700546,0.12481392446114821,0.04842750669103147,0.11973558318592292
0.16081810139765124,0.09463715930143761,0.15592494399701215,0.11000709239651445,0.012892428573884807,0.11962203288371916,0.02880274134297455,0.14996958614474748,0.06673362887062088,0.10059228509143772
0.08688108927752256,0.12398768151131612,0.14074262471891594,0.04926309950564003,0.15803711461681383,0.008876491645104059,0.16399495195540967,0.06999478242790423,0.08926252249306504,0.10895964184830845
0.06101102903483957,0.005510665584977828,0.16280397864058965,0.05730306089716434,0.11409440142381813,0.0678524563567398,0.15374241981818637,0.08242609443631692,0.11976765368901936,0.17548824011834793
0.04097586675487861,0.10038960595663834,0.130107785112123,0.1588286345289678,0.08684687043137428,0.028833784706964585,0.17315217705074087,0.02114475480688216,0.08795218687195593,0.17176833377947456
0.28237298789454107,0.03661283488461077,0.14163578438245047,0.057562631148903996,0.02922894510971516,0.2233512651000735,0.05584337253244572,0.02878299645549926,0.10454042444069575,0.04006875805106429
0.09059558495190152,0.010707446915312245,0.09664513589367195,0.07620256171691861,0.16819422991650945,0.1206331756210942,0.032465704722343974,0.16281567495676086,0.07775500849456358,0.16398547681092343
0.07050226396117103,0.06223228568542021,0.1613432657383813,0.1399565012598658,0.02149649069119003,0.14528714320578082,0.09413658082427288,0.12596802333551155,0.13933953496455398,0.03973791033385231
0.20875785280009956,0.047365793537878946,0.09157159941892505,0.10176638949314211,0.08379672375891117,0.1678138347801307,0.01036286499457415,0.11732428743004615,0.0025845722296200728,0.168656081556672
0.06293487425772909,0.08892607986014232,0.14620936580269397,0.21776643040030927,0.08465968884512386,0.02064328068078074,0.01142055262471072,0.19183683319933537,0.050304557050962144,0.12529833727821266
0.13107338668588644,0.10149580319697722,0.15488120134275044,0.12876638484521377,0.038713409138147054,0.013925596413960718,0.14883513564824566,0.05428686673074726,0.15085152207930042,0.077170693918771
0.14202411596536216,0.06310689595140406,0.16604103398809755,0.1320862324714517,0.09805915456338479,0.10493881757709532,0.10527819837747845,0.06090579892855388,0.08804971415812995,0.039510038019042036
0.1588884402199122,0.012434622097053946,0.1565676815293072,0.14219967061024527,0.12070566760350655,0.17052760349950868,0.008397688586833872,0.01495354956195758,0.17416928899422804,0.0411557872974467
0.1314262190180698,0.020847619128118056,0.1280283991209967,0.11040431143417886,0.05397811240926178,0.07146268631164382,0.06172158503994414,0.2112783945206578,0.10241285950066414,0.10843981351646494
0.19494075720887089,0.06992081112445538,0.09448183254423805,0.1487813939784467,0.034795377300455996,0.13863634885921675,0.2198217186158401,0.03147483064296799,0.04226119463726238,0.024885735088245816
0.1580442686735818,0.11356666288320959,0.16871106290173227,0.1639635366949295,0.16364241286021713,0.007880505743128744,0.1478366593553228,0.02720340880745367,0.006362128506337326,0.04278935357408715
0.12538816260317576,0.0991135806127037,0.13458146526270742,0.04069987283768927,0.02296997135668143,0.14935721931216167,0.09519841238544531,0.04803821180249663,0.14804529893294988,0.136607804893989
0.06201264722714716,0.03494271108350097,0.12270277132187586,0.012361487328565185,0.0870289541045103,0.17983180145583091,0.12149098993959748,0.20031314977106265,0.10715645440595845,0.07215903336195122
0.1648208540959702,0.03553098533159343,0.022706264041523348,0.1270430202351407,0.07256865539923375,0.08138847096857069,0.15793038892812816,0.13831801881716632,0.04586183290763546,0.15383150927503794
0.16073170496780487,0.1431742638228527,0.0215506326567326,0.08358255314590148,0.04230823184912408,0.1155610372472717,0.13761528398234524,0.09812443266539787,0.0924482627391218,0.10490359692344785
0.10354938281815777,0.0881794610590252,0.0528474465280647,0.001357943456992595,0.002881352478954593,0.11402316699848511,0.000315731711013965,0.2379233569799454,0.2307065145811696,0.168215643388191
0.07776461750305225,0.16737937183912477,0.07711990871207099,0.15893379431309046,0.12246348008308182,0.07912716619747982,0.08348030978249778,0.06402426413317251,0.09762408379556721,0.0720830036408623
0.1263511250054918,0.11528426840950885,0.028246861859629293,0.1524661138553488,0.021161876639223302,0.0859148851089057,0.06989966615252094,0.09342701449367449,0.171025387559318,0.13622280091637884
0.06219894470358447,0.14004195061469651,0.1353959707325991,0.1382281327157085,0.06597996331556379,0.07766470523366896,0.15253570574272343,0.1398007311197947,0.05137327739374817,0.03678061842791244
0.010722520453671442,0.058264889903480076,0.2018550093611378,0.01671440023557273,0.17739088859474128,0.07094746301815516,0.13893424511784913,0.03920446330378726,0.0987450767870585,0.18722104322454663
0.020732256800983243,0.09516772978687726,0.19131181255724822,0.13219395382784302,0.17814746834480927,0.1092249538687695,0.013498239608098607,0.042504004892535835,0.16592758764842455,0.051291992664410424
0.12006790723855494,0.03785087511774814,0.002596743317605199,0.08222238835101114,0.1606846372099697,0.18223376005690797,0.1455423011436369,0.10737446508472726,0.13011660177798953,0.031310320701849165
0.024213953300509697,0.2033660197265355,0.04361401581011362,0.15795610535920876,0.053643313192444586,0.10942483025173955,0.038726517488880174,0.04460898415664764,0.19894774921236238,0.1254985115015581
0.1007104125872197,0.001660250359219553,0.12317493471622547,0.07317265010901138,0.03935762155280592,0.10628361353962425,0.2043316176345509,0.009872271141017736,0.15304850674391302,0.188388121616412
0.19518804943705012,0.05558182676753558,0.08334858310990786,0.12881683358184592,0.2483260330051385,0.06428665254649683,0.05754474430404832,0.08746608157098958,0.04939811943224756,0.030043076244739588
0.15329086808070008,0.15456143080501997,0.07139675548808222,0.1627212152957337,0.05435657706182121,0.1782622605689858,0.071160466065612,0.04662239175626447,0.08812990638267294,0.019498128495107684
