i = 0,i = 1,i = 2,i = 3,i = 4,i = 5,i = 6,i = 7,i = 8,i = 9
0.1460025449237371,0.07065632025727506,0.14600915800224878,0.021114749311983563,0.21142512738359834,0.014421870022065101,0.05828000754135521,0.20849986102400794,0.009770982413500237,0.11381937912022864
0.18684926783849984,0.018690385225520474,0.1054324205948427,0.15036192565972872,0.05611672350543506,0.06486688534645844,0.12699121153198595,0.16358842834756787,0.014198661183084391,0.11290409076687653
0.019839819284093275,0.10909428948257625,0.0932216798055081,0.19680413368092456,0.17308628452972477,0.056704541826793776,0.15297147457447702,0.016839170512139182,0.14605020790494244,0.03538839839882062
0.009351861738126311,0.06648893141220473,0.21967073206688556,0.10887140590023753,0.16248952090594637,0.17822454142443112,0.0068223988033696715,0.022746620976811894,0.039471410570805554,0.18586257620118124
0.08021483951558413,0.043685044740927235,0.12231882636378064,0.09475949152885971,0.13083948536430956,0.09081197868014333,0.07567808740550692,0.16872207613556198,0.07632138088162714,0.11664878938369944
0.11250066654717637,0.18155988680457824,0.01423927525277578,0.032714646031600125,0.16371689908461393,0.11113439559843974,0.040137526209409885,0.12209147684516695,0.1183792695880631,0.10352595803817614
0.04584347698495403,0.036586915653406556,0.12445057390350622,0.08406432861721981,0.1042721738115002,0.17786580909530367,0.08357973032094325,0.07031400551618508,0.19685579442038265,0.0761671916765985
0.2160050605324004,0.14942540671106785,0.06764088698177743,0.003646378951602456,0.007408609228783895,0.052614410451603075,0.045451293489290764,0.07684132841419077,0.2952985552195482,0.08566807001973518
0.14661096083151806,0.15564139753916137,0.09363893634187177,0.04157415937908578,0.09187916561784605,0.07803425725776035,0.0416196065552385,0.05952889024300255,0.15445564765069114,0.13701697858382442
0.09354914865251951,0.1371568091870115,0.15900669047123933,0.021183079601194955,0.12208378729547001,0.03659759083144421,0.06173038144264817,0.10920797164944435,0.1519287640133605,0.10755577685566745
0.10741775471296039,0.1379304205346976,0.09264214973378451,0.12052759388647892,0.09695455395976457,0.012299132115625177,0.11594744957057647,0.1133775519517178,0.07475509276469192,0.12814830076970252
0.055778844181100615,0.22924753189402364,0.07821721456372967,0.04843998996907044,0.15032325453106188,0.1124921646543128,0.04391012410941449,0.18076428585589358,0.06175873753334091,0.03906785270805204
0.012694752488173694,0.11587724463078712,0.09578293466384602,0.11542017803902883,0.12498896186717634,0.1504963170992356,0.07247252826941125,0.020180725490480056,0.16910868449602992,0.1229776729558312
0.14013139533609792,0.038938470522463395,0.08546796386912554,0.16916207811320022,0.1306975050006735,0.0860821086357179,0.0949763113339038,0.0058853914069833735,0.09689075046434814,0.1517680253174861
0.12260628276175631,0.004872589716888207,0.06898488749565397,0.12824730308716079,0.050920625700230246,0.2388227745809329,0.053226792667485714,0.020636712169222592,0.12660320370889516,0.18507882811177412
0.1936598461408982,0.044015776284008545,0.17311579093562288,0.06025950693903146,0.04643513187884626,0.01561914183110644,0.15060940925521793,0.17508824740634865,0.06039186987893218,0.0808052794499875
0.1152174353848609,0.1882091008747855,0.03845106894508016,0.14491988058687708,0.0675664718072761,0.05867369945485743,0.057246198999486235,0.11476402855466278,0.19336850103596884,0.021583614356145028
0.011861210334218584,0.07261607299795465,0.06600099537735449,0.04849149633358335,0.1344054214597835,0.17481722946263664,0.1342175908153494,0.18808708956542938,0.03039341606007177,0.1391094775936182
0.08588699992749227,0.14317277819232901,0.008427462006918995,0.000686776125642786,0.18715525448269008,0.07665657558524112,0.1695278106202377,0.1251094439078659,0.12995104600907004,0.07342585314251218
0.175335426178991,0.17858895563238397,0.1441236993515412,0.03288495090439657,0.0975198595248848,0.023507799874950375,0.18898871580853988,0.05522799411739501,0.08123882825791953,0.022583770348997816
0.20706141666466496,0.07555332541953651,0.026417249684573228,0.061274908482632943,0.011007693570584943,0.13939998081903518,0.19824584464149128,0.010114638938805527,0.17277130436597427,0.09815363741270104
0.10586493821278332,0.11832139046003429,0.12946838585607645,0.10918002913900719,0.14802416342247288,0.05145740353485872,0.09029775372541127,0.14540131051848218,0.08904020552949586,0.012944419601377958
0.09106353059523827,0.054351663664527594,0.08492376996067767,0.19255809773534147,0.06928223113404419,0.04985942982081782,0.24406858326239586,0.0038796108930870283,0.05665956988002145,0.15335351305384864
0.14367786865277196,0.16000186906318778,0.08231173429768707,0.07183817676420907,0.11794503853819062,0.0901612857642297,0.0872282272224551,0.08568979720878235,0.060663734659963914,0.1004822678285226
0.054380153346497435,0.07342747669355872,0.07943353878822774,0.20477045407120886,0.0023971610427652498,0.10890561722577319,0.1372235768137131,0.15238537020787146,0.08151757661780085,0.10555907519258347
0.12958608052258117,0.016477509226070025,0.18905637183767854,0.12971962171250456,0.07716773392194766,0.02320870656442381,0.05990526758093447,0.17664506046809567,0.08806312673568849,0.11017052143007561
0.03370487478580202,0.05807239031946234,0.04312251381931666,0.2090466814455225,0.11666339740757864,0.05677438574131037,0.04520384260101359,0.21241674584500175,0.055130752411330135,0.16986441562366184
0.14671699079652364,0.14616564840048935,0.10890014325913575,0.1277120772778007,0.12468354316718556,0.050156553511862746,0.1354634463974723,0.08327220448382396,0.07401954850823624,0.002909844197469752
0.004375793692470044,0.17383533550583155,0.04046893416166469,0.008918432762427968,0.1572353596778676,0.03542259288487804,0.1468326377353298,0.20630172479732808,0.13092141004335017,0.09568777873885213
0.010508984574466104,0.04781219227481452,0.2238780091926907,0.09162750411732516,0.18840981953295816,0.10687357794032003,0.028682463048244237,0.05191598466162728,0.10476167892441446,0.14552978573313946
0.1147490047777888,0.06246988301158053,0.13822830694353885,0.11409470133381408,0.09237983871704714,0.0653914576980411,0.10345150078789367,0.11621267297750977,0.11940640165760132,0.07361623209518467
0.2389804702434047,0.07118761750942446,0.041753753781042936,0.09120532858716576,0.03179977295660921,0.12386446360393559,0.08596608128969249,0.08523461467858807,0.14829138128807268,0.08171651606206401
0.19475866230950656,0.029127383226563358,0.10653394026767629,0.08055541949737813,0.19465945979573301,0.08591962713125088,0.12977231608176623,0.06751624607113661,0.09901216154079318,0.012144784078195843
0.16038537597721605,0.034065590320837065,0.11743307084889482,0.09760431341193583,0.14110950853129878,0.08481331324677768,0.02660777469942689,0.1969967591384658,0.04500890560273127,0.09597538822241601
0.07983631323321869,0.2265076360860216,0.026559297132383964,0.13132384713603285,0.08119475658061716,0.09253633233429215,0.002501939312343732,0.17066316951890312,0.15181672401645727,0.03705998464972955
0.0005175368470534539,0.17465267436273943,0.15769029064530452,0.09088751768799233,0.13281375450431404,0.16999143234067954,0.1041301120685834,0.014048848661824142,0.010285955847738101,0.14498187703377105
0.09711248064507934,0.17960601605851556,0.04799216720709093,0.10456404981992572,0.10821689372216264,0.04281212791830226,0.08720491961634248,0.12809748836079748,0.06295679320048302,0.14143706345130053
0.007084285595957882,0.006053677375320572,0.04089838135388954,0.2076617887944207,0.1518666728051582,0.0795252283552081,0.19257202203875923,0.11068824086791125,0.1491245558740094,0.05452514693936511
0.1062737017022277,0.014586347139666335,0.023270812165258448,0.13941514609214825,0.1681904941544228,0.18541566492473527,0.15310993900534844,0.03657717198326081,0.062412518367623335,0.11074820446530852
0.15144255803606338,0.12287732219374786,0.04620687279128151,0.14794334125344438,0.04974281663073056,0.1299364328839482,0.083619402807866,0.13235438077291778,0.017692250366438313,0.11818462226356198
0.009717759183718644,0.22720729043499022,0.07218234753278881,0.010007216027254311,0.18218137497356762,0.02989803386323659,0.12444510135955691,0.12588689090692876,0.02705919629477691,0.1914147894231811
0.07289194328772505,0.1452957655489567,0.04194893789161904,0.03424459225817107,0.17098140078196641,0.11736582299517617,0.13893039792682046,0.15829434398922262,0.0687003613721711,0.05134643394817139
0.14491077300703142,0.12928000497690204,0.07201797729456015,0.11311045766840852,0.12637394290854687,0.07243090373130003,0.026418081625356145,0.14759417016620707,0.14572319375377457,0.02214049486791311
0.03636727208628296,0.022333190492974494,0.18206559105868172,0.22114054389945462,0.025196983405704795,0.06754698576821268,0.10042716381751311,0.16958663839478608,0.10905488328674087,0.06628074778964868
0.08634677458080893,0.06280406763654739,0.03423994500236705,0.0022031623680311926,0.1425240633919602,0.2271388021846402,0.19605442341547386,0.019254039070082444,0.15652753696365015,0.07290718538643842
0.11643546495672605,0.07492651370260313,0.07691448288169155,0.06895323458349993,0.051322076183499855,0.022947112884993837,0.03669386942760874,0.15877780978572628,0.22429676756269604,0.16873266803095457
0.13429230952960186,0.15531039293727697,0.15846841705095158,0.09517513915299622,0.09704697455084942,0.07810284049969396,0.029358278783629736,0.1620480073916749,0.06524033475658725,0.02495730534673813
0.08437608862526096,0.10411923467108493,0.09638837352121153,0.1190260892630949,0.14345368380644996,0.07594403703407247,0.09369945124177712,0.12369032546777364,0.11389338586027213,0.0454093305090023
0.18411472574709317,0.055914428849883124,0.1343975522934324,0.1872678430960305,0.07116411297714433,0.10859934373512002,0.10901652849919741,0.018109005848984193,0.07932125406627422,0.05209520488684072
0.1314334923557237,0.10892265851073885,0.14672052600535063,0.11738734073360202,0.16358089160919712,0.04478118837936376,0.05575878619309969,0.03543142445600319,0.07827138784163705,0.11771230391528396
0.05110778339133608,0.13265113629116831,0.04756151427532193,0.1327342302865425,0.11735002359186279,0.00991128779833655,0.07393055268937368,0.15353499062602746,0.158212491738745,0.12300598931128563
0.1660844267240021,0.05990112989292267,0.01932478138965851,0.16995294539176917,0.023584206802626302,0.09424264213428879,0.17441677169409142,0.020507873442100647,0.1285280365272656,0.1434571860012747
0.050721675422560425,0.19050035583999364,0.010734057852714678,0.1978060493525193,0.17308114132166222,0.07107333454587111,0.04643612522279479,0.14095759728381413,0.06157381741557567,0.057115845742494106
0.1287705157682394,0.11851061667043265,0.11389854946462534,0.1347390226751054,0.12142162313180477,0.01787961836803728,0.04899790015094575,0.1338426593118303,0.1144453382362804,0.06749415622269876
0.019713178311345284,0.06994746212860302,0.10365246589602335,0.18729479021352258,0.05220127698899638,0.1870056978635573,0.05144249890140402,0.15289877462095453,0.020570203898542316,0.15527365117705125
0.046134018165013495,0.018765489781256205,0.15077923979583832,0.0007741498319290245,0.00893205159200226,0.19066569406582756,0.23367745266104772,0.12190474772817837,0.08454470238646684,0.14382245399244012
0.12085291713288357,0.15179760762511185,0.11175799769417932,0.0718952321878706,0.22902983832294532,0.0686197624169888,0.029481443069994746,0.05621903248726205,0.11880657439743017,0.04153959466533335
0.05577766774160256,0.002502394088945271,0.06031667349807855,0.10980836587939943,0.08562637417898143,0.22123077565170854,0.04889173831223187,0.014355500732522,0.2388265368249302,0.1626639730916003
0.13194968336354188,0.11292388286660439,0.1196655274413798,0.15207842932531146,0.10455078357861242,0.10011490503896184,0.15702853737145725,0.039891268143449884,0.055237678205975686,0.026559304664705415
0.08158906745573559,0.11446013408404726,0.04971532605348281,0.07514867639818308,0.14392404367792636,0.03409052831774001,0.08776874845415075,0.12954320589911533,0.13972842529194654,0.14403184436767225
0.11322326362290958,0.03417664115562797,0.08180447791942931,0.07759581992827025,0.13876554576276537,0.07488465937703463,0.10130270611667834,0.14675692080314356,0.12896844542895872,0.10252151988518224
0.1852145611395731,0.02608863478624664,0.016467741970815342,0.13240880203302371,0.15926019111213335,0.013396231231871482,0.1841993271023373,0.060608181306359005,0.07325053905961314,0.14910579025802698
0.16350157613501656,0.011646600493184427,0.0697381059793781,0.07041640514687393,0.1493550824079182,0.09241160758584718,0.15468683960147459,0.1108806225047373,0.02357477162947714,0.15378838851609244
0.1475638802229922,0.16881793641435855,0.000636774973843959,0.03367622828652502,0.07950188236454377,0.0072617135203301795,0.09634659103082173,0.15602392986058897,0.15233201642610295,0.15783904689989262
0.06582872633941464,0.16218044119721048,0.04290873946565959,0.13353706043101513,0.18970008626209162,0.15878688626782556,0.08482411654137335,0.005973272071404847,0.06713347519082537,0.08912719623317941
0.00860155588395476,0.1279781988172879,0.20230096128689326,0.18076270173006612,0.036337152407061896,0.042565940440672204,0.12907657072843962,0.024194671579137357,0.1997410035791606,0.048441243547326415
0.13687319091631267,0.04137174223267958,0.0538037106332923,0.07997729168147079,0.016051465050977397,0.05003831358905895,0.1606421489570536,0.16169855693433985,0.13689733042465663,0.1626462495801583
0.0007680862443331043,0.05960387127491824,0.17164036591315102,0.0017502978075173183,0.1660971398946191,0.07950002385966627,0.190281014519207,0.14917122953534975,0.02164826418430842,0.15953970676692963
0.10825778296745006,0.1073557814047899,0.014955365505851201,0.09931864357226868,0.14288294042562336,0.05153372561844622,0.14903874219140664,0.16063315986440002,0.029353022046158358,0.13667083640360567
0.13577698733522336,0.13348225057397706,0.09986384517634678,0.10153520832991311,0.129563565840063,0.09618669550648784,0.07606592487445261,0.009435217526192754,0.1121886179140642,0.10590168692327918
0.10515678858383407,0.14431455628835313,0.12023517447722797,0.1815298124927779,0.036201163488140294,0.07564266232639301,0.10487280400292395,0.11232970812296125,0.061827157268142044,0.057890172949246414
0.10630819356470443,0.11957097589757268,0.13285625844749946,0.16208196910661404,0.013462727095079096,0.013905747565404978,0.12652497629035556,0.1258785979266171,0.12087509862414127,0.07853545548201138
0.07827117115171768,0.12720326093005005,0.05036725940099909,0.10178794419891318,0.002796082002259302,0.18971084278156253,0.17901489032548237,0.15887027946361681,0.06884332654568777,0.04313494319971118
0.005761149924077995,0.0858246160015901,0.19614444005414308,0.11044482112011622,0.16174821579603607,0.07878979620520475,0.1380642169226328,0.07508134613171756,0.14117625347675458,0.006965144367726831
0.1870363735738163,0.009875429419783262,0.06127191105236754,0.050531281807439064,0.11467902140849184,0.02246052717740217,0.20188878537075944,0.12719608986471279,0.0471402204785092,0.17792035984671842
0.008160949291583041,0.19618143650113878,0.0743610108200852,0.19290944494195436,0.04776572316246788,0.03459144185107675,0.018252936247705458,0.15757028784477112,0.07026372422714333,0.19994304511207392
0.044874184845724786,0.04182042492305306,0.0767657903398736,0.05557349738483932,0.15811571952284315,0.11159984467207562,0.1610788270841331,0.10178787023757221,0.13825633852490313,0.11012750246498207
0.03596659706185451,0.058748663189477184,0.1900708408755016,0.019982290131921564,0.17707436774728708,0.010211964752048759,0.18214639746745018,0.09577166491344777,0.11529158266733851,0.11473563119367285
0.04985843056698035,0.17223495846333137,0.14227016103563808,0.04550565095550913,0.010949113797483334,0.12907105795094118,0.09860229756703336,0.05827427919455612,0.20629058805549255,0.08694346241303455
0.01338501423669129,0.14417274809164637,0.1425427996906036,0.036083177373942836,0.10600874962429782,0.031002689951395813,0.1342430890764013,0.13792999850644405,0.12740683832039584,0.12722489512818094
0.08333665416195679,0.18945063888929392,0.16012960041566607,0.05925648774472674,0.010656880822889155,0.07157970274188044,0.09134525284248068,0.0959997389475381,0.07066537079311462,0.16757967264045343
0.19111677890421025,0.052210859736777616,0.10670799904340547,0.06455124691481762,0.08400896977953551,0.12708952395506953,0.010161734872456007,0.08082422125826395,0.05853486540180544,0.22479380013365877
0.022112535290016208,0.194669184140166,0.03770454492629025,0.19627819329612178,0.10266072908095457,0.0944285875513666,0.05229027378502537,0.03160975748044553,0.19371556798577372,0.07453062646383993
0.0028795367913475233,0.19668531667336112,0.06196654142320569,0.16196702574265773,0.13941811654391814,0.09995888940812718,0.006534963736274892,0.09895632764008772,0.05817900985173471,0.17345427218928544
0.06652369585201567,0.14435268586266553,0.08565003324083821,0.14478872587591363,0.1306910549820907,0.13819146152299813,0.06153725013232322,0.021329267848051472,0.1546061523663989,0.052329672316704635
0.09538071007415586,0.1572130424518344,0.04802594887120045,0.09817623781864342,0.07996519905394972,0.15995976481818525,0.01062505907802579,0.13942208330186404,0.09390858912466438,0.11732336540747669
0.02355480721519974,0.10493842530550865,0.16152186271232086,0.10239690104094658,0.15800967757662523,0.1253775802813594,0.07735872946056115,0.06733837680038707,0.14783968534711858,0.03166395425997284
0.03800322616067602,0.16494585176171792,0.03142885824128473,0.09993198306354835,0.12311766910237405,0.021454174290115036,0.11476041264373188,0.11980114192826079,0.14420190060819787,0.1423547822000933
0.09861113906465284,0.029606628440074362,0.09422905082010709,0.08619620670147593,0.017970831100260896,0.21753898995090692,0.13871131313398916,0.20745308419769495,0.10861741881269533,0.0010653377781425475
0.12857446970093114,0.08835766902025466,0.08496500913795726,0.1416267810622476,0.11745336921482578,0.07908463995146231,0.09092782245418615,0.10566436118366089,0.07601924506936382,0.08732663320511037
0.017190280265683155,0.054867286177984254,0.05811100968241739,0.042490587865478,0.1637502332586933,0.12765999770036773,0.11665612065205082,0.18951984373829764,0.06617042980661848,0.16358421085240926
0.09426984719472051,0.04444039726189167,0.061541417115191795,0.16440237558574558,0.1425368253930985,0.037756184092743623,0.15055452467856206,0.11687795093726454,0.09671972811760753,0.09090074962317417
0.12399239015336412,0.0975695947345902,0.08617298159417966,0.014416843376778876,0.12640125674344335,0.12296373917265958,0.1115373968514533,0.09724997263318208,0.08296195590127056,0.13673386883907807
0.0643801319917681,0.14171953535505386,0.14250428888853178,0.12156612640248832,0.07638383653947911,0.032590707028047394,0.03541546035422587,0.09981269621505115,0.16015690384427864,0.12547031338107575
0.007341716720687249,0.13246836253604224,0.18500791012041,0.07451953462053369,0.04485834771102061,0.221509415917209,0.19169003260051978,0.07746130805344353,0.03219963808462271,0.032943733635511036
0.09225508434210036,0.056901097647851846,0.062247703959064475,0.04658632430323663,0.13348842112880902,0.16610015911453427,0.0717794085495842,0.05081988218439201,0.1635170905545098,0.15630482821591746
0.13740020883231227,0.04678424278036865,0.07481682222592871,0.15143358873738136,0.17166967274613695,0.11355134646948159,0.0034684722643523887,0.03110181100341433,0.14496189683710145,0.12481193810352223
0.13901267231758305,0.01637144542690469,0.14357453091960917,0.15146516657773867,0.026643450039910654,0.1847874758268175,0.10802597720824109,0.0811388033763591,0.14032658003852275,0.008653898268313242
0.02503278113342717,0.1892865354339469,0.0746277430021391,0.20316580887628258,0.11577068855153233,0.03361908079964145,0.005550200365095043,0.06297709409365881,0.1254246364922363,0.16454543125204021
0.04667297439097294,0.14129533621944146,0.022876634377708805,0.10543788515943042,0.1490901217627424,0.064604434045373,0.11502834817991636,0.16439059898054662,0.04340963804256672,0.14719402884130142
0.09240401880011742,0.04590407598304097,0.09761937839498334,0.1598336102338222,0.10973146551613025,0.07791970266134993,0.1272892962407359,0.11303595429155634,0.0705064012416408,0.10575609663662282
0.12803970358199127,0.10762847074008632,0.11107359621470968,0.12793231756104587,0.012415138973605935,0.069562093140005,0.053315424569429976,0.11408549680011777,0.13852260309460626,0.13742515532440192
0.18089408133495882,0.1359500908843123,0.1291130154767595,0.058654667707789605,0.13884067723163251,0.09752278659866725,0.06048427342159443,0.015767682710323954,0.15191787939462453,0.030854845239337222
0.03191936918233116,0.13579220606077094,0.10410324218327319,0.2118933848013496,0.06556846185177231,0.10224062819236941,0.035458116961727994,0.1042229566650226,0.04862133308826424,0.16018030101311856
0.12067571472697226,0.02687789215103831,0.0880881019982089,0.031998283856135894,0.07112968478891002,0.06591187993044119,0.24957127036165172,0.005610820114055144,0.13741758233626827,0.2027187697363182
0.08955742058690508,0.04473871717166566,0.13632126097561448,0.01981832793691398,0.018999153969752932,0.03251884539167937,0.19999385989749346,0.21583883600480064,0.15415576740174988,0.08805781066342451
0.18611768069547818,0.10598932587680637,0.025288995019486386,0.17110570751777732,0.05499024173187515,0.21735937644401063,0.05308766614295624,0.056280443901281764,0.02508662286238092,0.10469393980794704
0.11164767363706063,0.1590627575681416,0.10906438102196443,0.1360468159145514,0.09850844166448565,0.06747113450129247,0.039714180843664834,0.1483397830942106,0.009489851822248721,0.12065497993237964
0.04178667515344747,0.12379805411142179,0.14356648840944033,0.07928159385762108,0.09494372752493248,0.13837134174449156,0.0013929706264893071,0.1270549972928169,0.10654794859129246,0.14325620268804665
0.03731523559133449,0.17005300197887993,0.1326869627387936,0.20933201560228518,0.03508677329549957,0.10332371952307719,0.033629471152312004,0.12353055973780266,0.07751380442901161,0.0775284559510037
0.1358077665832203,0.045952694464111196,0.02090437642845135,0.12607317534567622,0.05968415844399089,0.1012600824501667,0.14165759545134043,0.0741860104524528,0.14627303057318786,0.14820110980740242
0.1107642131547804,0.07816489546370105,0.16918197118272627,0.12677959020227675,0.11516113702859321,0.031926717950438804,0.07521342261208987,0.010290231058774678,0.12075492999203954,0.16176289135457939
0.17402198046271375,0.13049740629016285,0.1562011811561378,0.16252632615810986,0.0230783385346805,0.06966283648054121,0.04028666224806508,0.1363868685512907,0.022033611569119427,0.08530478854917894
0.05548354262976371,0.01389095895235109,0.07849615792917991,0.05549941574365188,0.2046945044070253,0.08953360764218621,0.16590809361465247,0.18581161208270885,0.14181523654922146,0.00886687044925908
0.14255706402252102,0.15682099908122074,0.11466230222519723,0.1267040056413994,0.15882086794691216,0.05032885994969502,0.023976251124650943,0.13963767500887042,0.011997224715251152,0.07449475028428205
0.08663234851342055,0.15661767098067342,0.09927764653977073,0.09724564549015517,0.17218110444600557,0.14764373762698224,0.07271180390776008,0.009457093289370262,0.09907756499790425,0.05915538420795763
0.1118206985660897,0.10638294210323244,0.1391920216545931,0.14888477435223094,0.03137929802782553,0.1505706412184586,0.08524123014137207,0.04286173727254648,0.12993623169488652,0.05373042496876467
0.01384533419855037,0.1341021703236097,0.21638574704571628,0.09629098519899926,0.0122487154875383,0.05538662344617291,0.26767842830620725,0.03592105913733067,0.11270080358041884,0.05544013327545646
0.10250884029712634,0.16712925267543838,0.12765394984885411,0.04816110840387135,0.12319560457127743,0.03423555647260965,0.16711892762240563,0.03655889246150076,0.1293693989403292,0.06406846870658701
0.13588066907752383,0.1989050868860966,0.13272879106485533,0.05673577203568108,0.016861334547106005,0.08721971437352503,0.14623875829888172,0.1300537921806163,0.036203209481326576,0.05917287205438742
0.09239238318072839,0.15237768473513502,0.002738539881735719,0.14190281436852,0.11791088392755923,0.09322454536534665,0.1474967704977963,0.0839068112621713,0.09985252965116688,0.06819703712984057
0.12469647406487765,0.017187156691668152,0.05146296226691575,0.09382161407847447,0.033049687653979,0.2246181442295657,0.025049610150858884,0.07211277271574001,0.14242370275516775,0.21557787539275247
0.07640810099394717,0.17697640984060092,0.006828685616865388,0.00664129590079693,0.10135251479474694,0.11860505497822629,0.11908287918550096,0.18178375911876388,0.12932355714254692,0.0829977424280047
0.07444439920963575,0.14258365717679344,0.05759450911661877,0.06069121518614471,0.12158222037741052,0.09372656879932936,0.1193143974787499,0.13332617929603052,0.05650782934564262,0.1402290240136444
0.11602946115189441,0.16075189521221978,0.03936794628142986,0.15408683300982567,0.14054918451309104,0.0028523423525567905,0.05919748434102663,0.13156414116567444,0.10171715187277132,0.09388356009951021
0.16957492172106725,0.01686109403050916,0.008406371609104568,0.08081212037544537,0.12661098070166552,0.1585983508924572,0.15189222554850657,0.03792155663652303,0.0708551043274726,0.17846727415724864
0.1147371177932281,0.11406079079145133,0.15190099224792217,0.050799790097260045,0.13060196620854672,0.15910587730198872,0.010672864650862549,0.16439629378190637,0.008257884309673691,0.09546642281716036
0.009802913571089474,0.15522374728675858,0.04317959022663634,0.14413347852623962,0.0005086029993148508,0.07532953607854288,0.16928263995581813,0.2017733353761004,0.15765113282222898,0.043115023157270685
0.10538364063174258,0.00922623616650985,0.16099076519398856,0.17199126690985037,0.022435244999005458,0.0797506289983991,0.025688552452433046,0.15844960525178955,0.14261535736776557,0.12346870202851586
0.21337972404111652,0.0008608085985791095,0.0011787626034512211,0.16317836077656458,0.17007261982884483,0.026750001013669394,0.10468861755673281,0.0474783674122029,0.17822615584378732,0.09418658232505121
0.044918803788557005,0.26000966919726143,0.0739600957919684,0.15325041851822038,0.08396423848854062,0.044664058282395905,0.19725593945859607,0.08616297334823343,0.014219505441326316,0.041594297684900375
0.14659189518566348,0.16594273817189176,0.008098139765576646,0.06397855401410087,0.1410987148920632,0.12696277162693906,0.0035446311017132233,0.045131596725130986,0.161340744709832,0.1373102138070888
0.03427026309390373,0.08790698594602656,0.11935585814845222,0.07858414174910693,0.07764156009565601,0.04389356588359728,0.18256416574593334,0.11520685075644363,0.18416926326349042,0.07640734531739003
0.11850279779930728,0.06751109246500903,0.16808761108855802,0.048673640958563726,0.07805856886529249,0.13357503572275092,0.11514468962580593,0.030056142082201327,0.1155863173734278,0.12480410401908332
0.09700631630263008,0.10282739614045086,0.10417503317578587,0.07085777894500087,0.09219865391438492,0.10534496761162422,0.13707791688616797,0.08543175727215836,0.07310548062625974,0.131974699125537
0.1441341217278449,0.07036580380329281,0.11693961965885026,0.13752031918375898,0.11244012797494782,0.04740357668915263,0.0313471671895031,0.0706181242106757,0.08533722634450154,0.18389391321747214
0.040531496666907287,0.11632346559032411,0.0958169510704788,0.07410702030304889,0.10957571223366043,0.012899346390417392,0.1679814431315906,0.08972983401343576,0.22263331255876742,0.07040141804136942
0.08208553548513153,0.16670984262471145,0.16681428854643007,0.04000239628517396,0.08706408142713207,0.1550954082128756,0.11502193907793237,0.1042207666752415,0.03839295535668859,0.04459278630868291
0.07271360884252497,0.1056939188560352,0.11820508336084137,0.08762525730530255,0.032747136369801935,0.0035821801932416904,0.1278037306170381,0.1722683678937277,0.16864703235490408,0.11071368420658223
0.1877457103599286,0.19296982306452876,0.12253213980733235,0.07662837884780344,0.14869481414743965,0.034578101235316475,0.07476850218917679,0.047564489997968876,0.029086495963049942,0.08543154438745508
0.17447660020215566,0.171476387896095,0.1313136536281687,0.041322946716370615,0.07534705691181282,0.13051031813103284,0.12021262495723667,0.0287794602549859,0.06908279157396492,0.05747815972817708
0.05544527894580338,0.03040279379374854,0.19858700608973018,0.006115645348409541,0.07724056312235249,0.19279813487954578,0.1815348571864619,0.058891427613381384,0.11274139660314536,0.08624289641742151
0.15593831090932123,0.048051425262854455,0.14356271797008455,0.12520922587717473,0.09719418251638672,0.04792248758991237,0.04085862648170524,0.1274122754837957,0.0778260323836918,0.1360247155250734
0.2171636721304368,0.21624023460206668,0.014600635562065067,0.07018475685676255,0.045650893535092676,0.049928136867356435,0.024169275443455367,0.028701951932578795,0.16983223473330475,0.16352820833688086
0.18357991838288718,0.12498115764315493,0.05373038040007964,0.006417209991604561,0.18499049404501766,0.1177811650607705,0.05910427529256272,0.18672893625348536,0.025299751373791233,0.05738671155664629
0.17527135804523833,0.10548242976231342,0.10069923629306812,0.19183065261364735,0.034926183646862764,0.09780593260702075,0.11500210227772173,0.08357298562740163,0.007903237012581197,0.08750588211414466
0.1443529471740289,0.16282922009108206,0.03763770232932466,0.14310670612602944,0.1406930172126639,0.01218744721789061,0.04627773356833715,0.0739412986984757,0.12913186637941726,0.10984206120275034
0.18198874355737785,0.15053136816315305,0.00496269738614826,0.11318033373645217,0.04242822572447488,0.02521473056354117,0.11992814799457883,0.1705470387830114,0.08089803041641701,0.11032068367484543
0.07268813508067001,0.08224029965876199,0.10110116391480305,0.059450910571083725,0.06737703330018585,0.149716714512014,0.11652349988499572,0.1259235484124227,0.11528340280389991,0.10969529186116292
0.11391751568071212,0.03348778155227189,0.22393754591981394,0.11705608881028022,0.06053184434984525,0.16587591661974227,0.02895601014887826,0.03853163604098591,0.16732876126866536,0.05037689960880474
0.10177008834689322,0.20032054569506563,0.1376534763605863,0.07764250889434905,0.22317693526181173,0.026556863627779002,0.15647537940491288,0.04132310087489064,0.013042156037368146,0.022038945496343214
0.16528070288115207,0.04431216081681544,0.16667638275827046,0.011381114752880362,0.06653632821040037,0.25395873660654655,0.1388390182735032,0.04459559170748244,0.08626807227273726,0.02215189172021196
0.13372520588348322,0.21459185609923315,0.1659816587463792,0.036783248183669036,0.005663841850758539,0.11426693592227258,0.019585226932886335,0.13844664388750702,0.03862249167294218,0.13233289082086863
0.11733676510922285,0.17686495805914282,0.10643020494607984,0.04730894257735747,0.16764706239161142,0.0894371944518341,0.06769683462642621,0.03925849102528151,0.14169321534074172,0.04632633147230198
0.09155491484535717,0.11118086087008444,0.19211247389858843,0.04562317579428068,0.09393872038225952,0.13732240625611022,0.01117846797497259,0.09197303960630576,0.13766393248710418,0.08745200788493702
0.11084065030662903,0.13737813048907654,0.05510828332768894,0.14479653573808676,0.09980286967959688,0.013115762052955717,0.11602042203426352,0.11409915144276679,0.08510180210183908,0.12373639282709689
0.05063318379725103,0.06844791438080594,0.1313765312191927,0.08898687050248102,0.1328769747657872,0.11716272993160895,0.1201692083699988,0.03535882754839614,0.1092673628366607,0.1457203966478176
0.04389073701775605,0.0859067667747384,0.07620456386366889,0.09197352265121933,0.023472387673714762,0.0565932173730838,0.1342682921609161,0.1682238059432365,0.23762060797956125,0.08184609856210494
0.038937560072550254,0.13373202071367396,0.1058327622223477,0.14839559245931336,0.05499792133645998,0.12603461558349172,0.06424237004358771,0.1063706084195526,0.06749560493185291,0.15396094421716966
0.1415538035748025,0.14862356364323812,0.050339391413052,0.17858534097138173,0.09207217952356687,0.0860311258744154,0.10244051943005318,0.09884225885993937,0.01115281323110239,0.09035900347844866
0.025384744867184134,0.04286367223136643,0.27396936348398504,0.07501103537947498,0.22541431695539152,0.013207732424201788,0.047042866765340335,0.040942590862202435,0.0413303155927813,0.214833361438072
0.20250789396080038,0.17982638517983165,0.14923654204937958,0.08430001680188282,0.09069633679181101,0.05888088874083091,0.019487398981160912,0.0232944457962372,0.1618768512117154,0.02989324048635005
0.04900655167188018,0.20393058512069387,0.13748360979804217,0.0019016883579414238,0.20309245422612401,0.07144161930508733,0.1193838756432607,0.02886004586968302,0.09753353239360275,0.08736603761368457
0.1139648281816227,0.17980581412122654,0.08913864376267996,0.1742570094176457,0.026549887587577245,0.07638674523087993,0.14859644758560117,0.01901683055351911,0.021017974567906345,0.15126581899134145
0.11335330464433035,0.12853266152222617,0.16120472917918927,0.14502500018753392,0.06691854790495451,0.06944767315648707,0.1386540745968091,0.08019290751068744,0.049943721799238866,0.04672737949854318
0.0261663040137601,0.14173750080128794,0.08230519208800484,0.1630647940231497,0.06928269478273773,0.05367721334276794,0.14562855540611977,0.09606134156167617,0.07316883877765348,0.1489075652028423
0.0011308838508977182,0.1951907173487213,0.15641321709719297,0.14583728739411975,0.1267259932696705,0.1648406122168603,0.08070148539629596,0.0771983770845457,0.045028420925495,0.0069330054162008645
0.037141515338081244,0.231058056129515,0.025054655917678813,0.1415432811119819,0.008127433894851275,0.0607950956386411,0.1575659013925705,0.11613546662824474,0.13783195355779435,0.0847466403906411
0.13650291210724705,0.14244306674690604,0.114636112826605,0.020216131065561284,0.015112979552368478,0.07240253453210214,0.14944262269962655,0.09109480182550923,0.09813090223159175,0.16001793641248235
0.11426854951386986,0.12026032083292212,0.04066536393536893,0.054858906321348676,0.15114524077979866,0.04255033571020817,0.1612194653565227,0.10543987397776355,0.010819352604354853,0.19877259096784244
0.18644066575443027,0.060363465673959865,0.08354610950591448,0.06868981431899956,0.03481043983681067,0.08198166873942134,0.1034342298636346,0.13852762008052613,0.10607515501478204,0.1361308312115209
0.1476278574484482,0.11540408464932919,0.05653560515384794,0.04444995006170769,0.012350361989179682,0.19488649659695007,0.1987535582474662,0.10099028238530978,0.12088704581373028,0.008114757654030904
0.15919718560223822,0.159363354973293,0.04227215258064854,0.08352113384638844,0.0392853982708887,0.0543716281437896,0.15422234651936464,0.06915419233541736,0.11341731093386567,0.12519529679410576
0.07622160488587779,0.10041530559206743,0.051597478062747906,0.0452968903935554,0.07127195098506771,0.15458517251510287,0.043827895462239426,0.22444287863678666,0.16152179691780164,0.07081902654875316
0.03759586547880056,0.060913160623791915,0.08296451358493548,0.07415758279512928,0.12178464412486405,0.14792323601729823,0.1872207935264908,0.14057681678258094,0.0681413848180095,0.07872200224809915
0.07627482832138172,0.1289592261615168,0.07701189684363981,0.1299938396364547,0.17401770332195104,0.08907263040558755,0.005160976024206519,0.09866339641384914,0.10179596041031429,0.11904954246109829
0.09481440995885743,0.09750587300040577,0.16884140584023025,0.11432375923337149,0.1487840403799836,0.013830227198787846,0.00018890735436056085,0.22174922642035066,0.11192780332512924,0.028034347288523196
0.13001891638689944,0.14970538110273113,0.10238350025045358,0.06303271134052556,0.049210613680798446,0.009461057086241528,0.11762584178233125,0.1830257078792518,0.1411910698714672,0.054345200619299955
0.2017884617016554,0.06336967519227228,0.08331144288391315,0.15533017998144213,0.01107108275699765,0.018818511561278208,0.08677137256533465,0.0752520930101245,0.0877120772557065,0.2165751030912755
0.03712067920383461,0.05926656544123669,0.22900563714481645,0.14803674566477265,0.03513603495344419,0.20016328778941497,0.1448320774563316,0.02228482123892127,0.069335029306982,0.05481912180024559
0.03353254282279717,0.07193630473055812,0.14511024236758555,0.12252751771218758,0.10324954645041624,0.13935221490652552,0.050405180258865534,0.0606681103668217,0.1530582450749452,0.12016009530929739
0.11567259548617366,0.14883647730775093,0.09816894696229228,0.037682070803244594,0.0061701487336710105,0.11871794770704724,0.14522860285371977,0.1115035519142596,0.11342147594815365,0.10459818228368732
0.05000054052612798,0.15604498175142534,0.11133712131908431,0.16375621325610296,0.1560786253009318,0.07104841940971678,0.012694437747731055,0.08846099890756172,0.056526582591392684,0.1340520791899255
0.09027336393103726,0.006460664703001645,0.040951590947651065,0.08664408332062834,0.110164084118986,0.2103341042855813,0.20246758470680928,0.13291462972710924,0.10598242062355465,0.013807473635641325
0.018865599440900785,0.14244189293082452,0.1450784022997514,0.18859912773203594,0.14824102016934718,0.02214343282630983,0.12526272424186116,0.0021780380760398604,0.053213751504057494,0.15397601077887182
0.0064892901797556695,0.07824875734943364,0.16041164478110717,0.004200535861884341,0.22558763571934415,0.0820018649230713,0.05387669714830045,0.08473438682606838,0.1675654686982801,0.1368837185127548
0.1761180709190528,0.013235710665494883,0.056328414103374566,0.11112034053688424,0.06982622647650974,0.10709073475257794,0.18470094778758792,0.08918522356100086,0.12160485076654642,0.07078948043097064
0.158595427168108,0.0276793373907788,0.09461848225118784,0.1720866768788576,0.09949787016768141,0.012447524635545637,0.14520834077707917,0.09711895070571425,0.16496538547406103,0.027782004550986356
0.04449428235800372,0.1724839926283823,0.0015977448895039864,0.050403903286232336,0.019053918869502435,0.20848833338921505,0.21244699481966386,0.20192729177255123,0.07817036640563511,0.010933171581309995
0.17038598453330767,0.1562796333068254,0.04808865399238288,0.08651177290820217,0.08532918702796741,0.1677312954479867,0.052804527809779046,0.024079200435456367,0.07116028653960732,0.13762945799848497
0.06212729676084719,0.1029183038888709,0.009796561416513933,0.04435037754977581,0.15861439018615087,0.15725436023513098,0.14944041127695992,0.14140774361519526,0.14619127040267665,0.02789928466787843
0.09227847928454055,0.15059438409168988,0.06789306920541165,0.15528984310260893,0.14858223085807226,0.09543291064425609,0.08856288752524231,0.1102870684761304,0.08722265667307053,0.0038564701389774796
0.02843440887858921,0.16698298489350538,0.03002716512590618,0.12008550385545125,0.1337870332367723,0.15913390378245104,0.10133338461460906,0.08262462901521637,0.03758673484956424,0.14000425174793504
0.05652172141420206,0.12575657947496624,0.11141664053835232,0.1469583827896716,0.15502953483783052,0.1332392255030594,0.0792437693128041,0.013696337338583782,0.11693727353163365,0.06120053525889636
0.12918164991446626,0.14187852392045094,0.13028041913581548,0.07575697294963807,0.0962238563105483,0.08554147945434797,0.07831864588198623,0.026358319313334072,0.16316209144809288,0.07329804167131986
0.06802215157841475,0.1431161849551305,0.012423211493931042,0.11876179433127777,0.08314471605673425,0.11406418643349674,0.07720223789828753,0.11058107532592189,0.13536536898100535,0.1373190729458001
0.08810659914897587,0.09753527179530969,0.047745196295215946,0.1692008236816201,0.08634113734800908,0.1011922086801641,0.03514644685557111,0.1381047744044238,0.13405960749814363,0.10256793429256678
0.06413593236769044,0.13500300413757396,0.12711593996593964,0.048288823160959386,0.027808382047525657,0.12830489635913075,0.008737767351045944,0.08313888432482576,0.19432711530946134,0.18313925497584727
0.1452778603477443,0.0692034893890329,0.04437096242382105,0.04153483967189842,0.08437126937388052,0.18146515739109415,0.10059115316331091,0.05882499797904646,0.21445278134471382,0.05990748891545745
