i = 0,i = 1,i = 2,i = 3,i = 4,i = 5,i = 6,i = 7,i = 8,i = 9
0.003805723584824474,0.18699984156813212,0.12046521236715332,0.11579936377608081,0.06395297079896041,0.03001814017628365,0.10978965789535232,0.14396443881917495,0.17925047560133786,0.04595417541270017
0.0030394956477570773,0.15440442122077125,0.04198931968112846,0.1576830947696812,0.1666524149930514,0.1250794106964423,0.020714361466495853,0.1854550920334823,0.1329746915308745,0.012007697960315696
0.15609075782050347,0.1494333005662492,0.07302526094045167,0.1035847992897273,0.04022064228154796,0.09649473506787941,0.09717974874859514,0.14562644845070105,0.08389754665599759,0.054446760178347244
0.08454879593176685,0.10495345978702955,0.04932765168334967,0.05674417577308755,0.1512753024224682,0.12365872709096934,0.014088025875049334,0.20809076360647896,0.1959991032863334,0.01131399454346703
0.12894170208209574,0.11957375748718577,0.15376144071038356,0.03689455872452081,0.09637208736904972,0.15134859404631174,0.09104242959394929,0.026214202672952654,0.13138769123212315,0.06446353608142757
0.18858303246079333,0.0345443009439183,0.14415012689865841,0.05173355542295008,0.007121175262946804,0.1044318466067548,0.03641788602110333,0.12876751022936875,0.05438579558529897,0.24986477056820725
0.12352701979822708,0.07760072963795833,0.08881055920183734,0.05289093533708049,0.1183300346604574,0.15236541002161444,0.07976553554341054,0.12051769170372126,0.06348436657632894,0.12270771751936432
0.026488121967510825,0.025076103592302928,0.015067325175812987,0.22285716722734078,0.11918179880692602,0.173685444881202,0.10316070014359696,0.13659884136659625,0.16499069966640506,0.012893797172306225
0.15241888139758605,0.08148376248910469,0.10979922483370456,0.11890968517430228,0.10757448515774778,0.14014215296287824,0.12312814970880935,0.050432225051800006,0.06316873756984273,0.052942695654224346
0.018999189967017632,0.13853231004549454,0.07824198799733328,0.024763790801031433,0.13463467629283837,0.013521943154241288,0.21644342923299048,0.0326543144345046,0.11048603665652779,0.23172232141802054
0.11485151752616012,0.0733545018404175,0.17721329317335482,0.043310987902528825,0.11653010941480718,0.12001259320720373,0.23370816572245326,0.08061933176255955,0.029855604555228628,0.010543894895286432
0.05707031893852926,0.12115850341222308,0.0679825908046955,0.1539689213852768,0.021727956193692267,0.167667684232175,0.01665574973569067,0.17596504102559268,0.13859773632461467,0.07920549794751001
0.10767261512952661,0.21248379139404885,0.19394840767103402,0.03331981967992754,0.19612725796299982,0.07700307989991995,0.04492146651560105,0.012238240794539819,0.0007809296690122076,0.12150439128339022
0.09899386117098372,0.12793644386550304,0.05330250738167803,0.19976170504101243,0.13604467679160417,0.1057889552281583,0.02583780100868063,7.291999221994924e-05,0.12560964378036654,0.12665148573979312
0.1638617242433616,0.025216941634037787,0.142172536211872,0.1498043644417506,0.1705243803901831,0.01549148489349272,0.0010592031539432255,0.18165278632578719,0.03196051286022978,0.11825606584534194
0.10325185098366373,0.10361760714838669,0.12451837386057528,0.053844915063130286,0.11669371372274148,0.030824469852008207,0.17354929626169682,0.15176052471423948,0.021205736352208158,0.12073351204134981
0.13277719460043919,0.1039174601558235,0.06529246529216345,0.08109183794744525,0.15707055130084685,0.1169887740012794,0.12243849796314499,0.11421442561926226,0.012358894237398128,0.09384989888219704
0.14364356439532486,0.09080811055073112,0.11553544766881041,0.08502721820326228,0.019864516923357167,0.025611399810143664,0.09576324141608268,0.091262904655816,0.1784683629528631,0.15401523342360884
0.08815022151352146,0.15088115893037138,0.1508700520824838,0.05549179191884767,0.1325662663316225,0.06331386984631843,0.10089009748378587,0.10001863197914725,0.0921509068422019,0.06566700307169973
0.04072357384825766,0.060094599005182776,0.08367114332685811,0.09936146813837494,0.10429505357527893,0.1527942507020649,0.11594142764438257,0.059445924763675384,0.1423097540684975,0.14136280492742723
0.09151744082458882,0.006828411736533939,0.17101478394670636,0.1975997197348577,0.20219804977039055,0.03553015039604827,0.07648353430347754,0.0400143387687431,0.12755801421818758,0.05125555630046625
0.02515872946283676,0.11029187676504619,0.06261161068661135,0.2199334840756171,0.03343273081183066,0.08646706953699382,0.10333150783299852,0.09859523071870194,0.1744399572333359,0.08573780287602785
0.14541153642148957,0.03428486668233185,0.04286494398207219,0.07390840025317144,0.18096693409233433,0.07692690279503142,0.08589507219908542,0.05279027337046399,0.19501565533066176,0.11193541487335797
0.16001121853326675,0.0065939475750109045,0.06802011164085152,0.05968267160465435,0.15678797452209023,0.136182068147457,0.012443901719857216,0.15248991435727866,0.09658508221242704,0.15120310968710654
0.02560665993198996,0.04682224351760394,0.001070759734292767,0.3267916652128942,0.22662703214275043,0.20571170109702835,0.005294464844675594,0.0427878259629601,0.06541461519362364,0.053873032362180974
0.16178707031564862,0.009146333434840458,0.07694876677259774,0.03948200542115916,0.16738281672718783,0.15054372280148406,0.17172251135729963,0.038416513790590294,0.019988008209736785,0.16458225116945555
0.07649478778129241,0.15971632754305598,0.055415915074530336,0.18459103418364864,0.10178027003867259,0.08004980779789925,0.11562648187858421,0.029225631414339776,0.12480353739434054,0.07229620689363604
0.19468478259961766,0.0784705306812342,0.04545780839297217,0.07565266593059371,0.0725636972891481,0.046017729001474245,0.027663561562145656,0.12090298589108008,0.18259186803135802,0.15599437062037608
0.13191540188602657,0.1326119937105465,0.08011893659580294,0.0721126498282409,0.10120835992156332,0.16484584223592363,0.10233490067169733,0.13517063964479872,0.07234150510099145,0.007339770404408579
0.030684298009484592,0.025427283595991425,0.011350146774770552,0.04160521186771482,0.24160727402471774,0.07417849527087818,0.24443720228229238,0.07375878989570056,0.1284949644294168,0.12845633384903304
0.015128922378906274,0.24619601855486567,0.00739884483084079,0.01972845078158041,0.20748795160892328,0.06370003962005483,0.194255389663214,0.15306654182787957,0.042551064255664,0.050486776478071205
0.021974482001269127,0.17052218568522323,0.1579996631897889,0.12199964943824117,0.03194187502870494,0.059426497866564405,0.08342232550739914,0.1559342102702042,0.12487296728366003,0.07190614372894474
0.041873107605696964,0.09355905221098779,0.042424246950571606,0.12484445713467722,0.14536210780317044,0.14245234972678605,0.024738509663094675,0.11788564955805358,0.12357806698025983,0.1432824523667018
0.1868295621664667,0.15050734779068492,0.012160758048921949,0.05194320571693091,0.11614751617394087,0.16203961036278058,0.031852259699482306,0.11644589659591657,0.12084277807616446,0.051231065368710756
0.1309499442824423,0.12443351120954468,0.03460621486796996,0.06602633026653618,0.15007191174907866,0.022416256367862434,0.08705001180358818,0.07103581225307726,0.15581340762259982,0.15759659957730046
0.15887138982452084,0.055714042107360966,0.07167885079404047,0.08407114840328295,0.06078098241764279,0.16668606052876345,0.07982734336633507,0.15389959586395116,0.010218892104623858,0.15825169458947846
0.11183820041869709,0.21495027078703852,0.16478515642141997,0.06136778261678973,0.14941385498017495,0.009610755773135587,0.03322858222352025,0.07302363605622188,0.1575592108768585,0.02422254984614361
0.012811439282434335,0.05860906830395528,0.15515403801704603,0.15604587224076186,0.0558298916695192,0.1495495806963285,0.1094598831450827,0.143471174800832,0.1351241181291641,0.023944933714875802
0.057213202552452165,0.12343055246271369,0.0769980773357661,0.17522159844267524,0.13021428060651463,0.07161328135870847,0.16609403882090532,0.11045105657413108,0.017207052556894996,0.07155685928923838
0.059526716256638294,0.06791439714944461,0.11956570859146996,0.19913168541712442,0.179504711732979,0.16363958391473726,0.09498626136008188,0.053540209725657706,0.06008735264543443,0.002103373206432454
0.04472307441215018,0.12681505523529188,0.0221790560656277,0.04113439119191043,0.17599665967714537,0.09972930424319652,0.10612625347640174,0.1692784031762673,0.20865471747244185,0.005363085049567101
0.1648783459198811,0.17189615220646917,0.09947227226150156,0.09259814901555292,0.038449973907401895,0.1538608090721571,0.14511142871177554,0.006561878757558583,0.12560076686767777,0.0015702232800243721
0.1566416109027938,0.09172491854703997,0.16143294845810516,0.07521564139253042,0.1419178970023115,0.09913611069330612,0.04023274488463426,0.012605793112388346,0.1327302585964063,0.08836207641048403
0.13199980683349263,0.12008923936034431,0.05394243573067443,0.07215278105082193,0.11074013805446575,0.13293269033991356,0.13419624944481567,0.13938174332792436,0.007610331305314446,0.09695458455223287
0.13830111593110148,0.11422756893658802,0.10970580053901183,0.06882902284487208,0.03756361635627827,0.12298961909849775,0.08533597234140713,0.09797788005219409,0.12782149369140391,0.0972479102086455
0.057477445910463734,0.15354503766000333,0.08045213793148924,0.07961700202017412,0.21562852864241758,0.08661434518869622,0.15174601131287388,0.09807411617832693,0.01228519539850993,0.06456017975704498
0.13690232984051776,0.03894409032230415,0.07797543929372446,0.0898721176235987,0.009755742132238695,0.0959159392374916,0.10308095407114348,0.0682898600380797,0.17946703236303455,0.19979649507786684
0.16272361949905573,0.016228996001700222,0.16697778914479053,0.16232667916214433,0.015649607928970556,0.031503526964265144,0.09955045622176253,0.17535223450335327,0.05722549264574871,0.11246159792820895
0.0062856500444927665,0.12426132284816306,0.07839494828712337,0.1624856666760482,0.07359224361122264,0.04602786248043916,0.07095126541763523,0.195906889344634,0.13692063015722536,0.10517352113301626
0.019947313522654022,0.020264640613573085,0.2479970003791979,0.1170392495381197,0.12001017418491197,0.0358796416082535,0.015498438488656362,0.06908215751785601,0.13187548041161679,0.22240590373516056
0.19649101186811022,0.04083503492890116,0.1445971761124309,0.02195434901926938,0.15770400288580233,0.1421537663903489,0.009819197716880852,0.1472932758213632,0.09726316230427565,0.04188902295261746
0.13970674167179462,0.1531251473595223,0.1365923712022474,0.08494250576345175,0.14679311360554928,0.0643976028342715,0.11861728442087739,0.1358258141111488,0.011245966392236835,0.00875345263890033
0.13355677359392254,0.09950263298336641,0.100368951221171,0.13891837705513532,0.05661059235676516,0.06325384214297988,0.13915323206808602,0.1477261105309875,0.024806374183111463,0.0961031138644747
0.14816695035430366,0.049874396262855884,0.028946985308142176,0.12139706259799718,0.1327185009533466,0.10637569170262187,0.09498894481597224,0.1535005376085299,0.1022405644235959,0.06179036597263462
0.10757108594770397,0.09471213572171737,0.05325727446100144,0.0396945653168047,0.08122281319027408,0.13449619456219003,0.17279971459266363,0.14917194948519302,0.05348425878956183,0.11359000793289005
0.11344596522480385,0.11456414769391576,0.036881373091936315,0.09521327206054477,0.21015133992391688,0.13629433574030805,0.012639564670793933,0.15061156792897612,0.035142665608122355,0.09505576805668195
0.20575792994580783,0.08771510514473062,0.11913639882122536,0.008378990756638078,0.16847712002447204,0.05424990948525606,0.15392018342740607,0.026192420486338165,0.17610224726375856,6.96946443672445e-05
0.04073700060155975,0.005746822460922207,0.1269023997766095,0.09474004801195002,0.13752929061306335,0.14734688222315168,0.10190043910883445,0.12139780633155008,0.13038067404100656,0.09331863683135244
0.04885631871653339,0.1700352274692598,0.09162467070079171,0.18058433326822498,0.14051481983786052,0.17990516422619662,0.012445698096493244,0.09108698665270294,0.03845012757954733,0.046496653452389514
0.014028493300170404,0.017003721992152967,0.13145892560875388,0.12912773935706334,0.1722904404809125,0.0641222298003264,0.1965688113558764,0.12934554206160045,0.11751509165117488,0.02853900439196864
0.0037590152284259783,0.006366264667137752,0.13736389988662717,0.16333887330383634,0.1527778492003067,0.0563213595971015,0.14449262825908682,0.1754059518742626,0.11589378568505264,0.0442803722981625
0.007048873014060965,0.13283997039903986,0.020673851748291325,0.15961715431922502,0.18260029794665353,0.15934530511369485,0.04769024318863367,0.07468348765076543,0.1647451857806763,0.0507556308389591
0.1773182598085667,0.18394067067567269,0.10412236196105774,0.1050308677767708,0.07143825773124243,0.1347768255833144,0.031894221561662744,0.12422798817120635,0.026163056545688117,0.04108749018481779
0.11368242735130894,0.11269472361750511,0.13433741776106933,0.01851102299792353,0.012054745128473725,0.18118803780235318,0.12581187690226486,0.09325037791240598,0.18722400880482315,0.021245361721872098
0.08520645129275703,0.13409401157081638,0.11768915247954073,0.06322669422146371,0.15209469162941747,0.052575105430876304,0.052301735402911456,0.07395147902497057,0.14114106469797405,0.12771961424927236
0.10785378124258177,0.07510661263033178,0.18662306794192446,0.16456844972373602,0.03189687863951357,0.08165313983609526,0.11005548917897243,0.013461168865067537,0.05312847796210552,0.17565293397967158
0.012681524084032766,0.024179177434798204,0.011006733942871973,0.23373206296632368,0.21281550418323866,0.05005777929829624,0.09686642108671553,0.04691695586442038,0.13383642355513622,0.17790741758416634
0.14742807145336678,0.15434161802036167,0.004512435127961694,0.07172399476454815,0.08740428533142681,0.09491582192099966,0.06305811986431292,0.14576383036889423,0.0730936187746899,0.1577582043734382
0.006340512047474271,0.19206896979378874,0.151357750019733,0.008369848867027588,0.22985698883118197,0.027207016058630774,0.16250548974016912,0.01765605884979261,0.08159512717862975,0.12304223861357219
0.0246247114753314,0.08187602338415065,0.21325171676703572,0.11199536809017671,0.041490847157327634,0.01857560916439256,0.08251647149968516,0.14259209743429782,0.08801617267631223,0.19506098235128996
0.1925802508628287,0.05986679594301593,0.15783147342366793,0.05889117168790454,0.018673918480527758,0.10738915389356889,0.10875829818254572,0.06244366102849387,0.0909457321190755,0.14261954437837132
0.13931301112987532,0.11678419520215425,0.06795288167929922,0.12276931426702996,0.1392988980002048,0.04067449269898156,0.09861717839338859,0.04520190445386945,0.14254832725654276,0.0868397969186542
0.09876587472569962,0.009499609559794312,0.1047011233179708,0.13798695729121144,0.1728460183130002,0.02671703191899271,0.18323436518874484,0.05520057321997707,0.13850695056654208,0.072541495898067
0.09107050252793221,0.13073703284022656,0.10017372972250423,0.019097389293000356,0.14192239355567648,0.04426623858907948,0.08873193995671105,0.1541987077041829,0.13944102087753638,0.09036104493315054
0.0769147152650587,0.0047091892148406625,0.038504906606675444,0.02652329963057695,0.03805970677264392,0.17886384433313737,0.12715884579067283,0.20823614361585047,0.12113171944548107,0.17989762932506256
0.22577531323871033,0.07306391248887649,0.10737725752300419,0.050943659030176384,0.028955206981677188,0.07571348755665112,0.13003714026452184,0.16178486079147555,0.04785262470834137,0.09849653741656564
0.01183630350957548,0.011512874477733599,0.08624246197773157,0.10167405371199334,0.16036261903131005,0.04250469253898306,0.15443871019525915,0.1085979929839353,0.16013645100069634,0.16269384057278208
0.08432171524621376,0.13792201057186923,0.16197493900257345,0.07647587085449252,0.1276192976543817,0.049994323827613416,0.04483652985814033,0.1616812228463627,0.014190308588693407,0.14098378154965943
0.11242409052280802,0.14490218007091407,0.14104409458904266,0.1537804128612209,0.10404161053019305,0.06610207174560882,0.14521337175731985,0.11813808698978642,0.0036563839387002608,0.010697696994405837
0.09274147330130923,0.08348403501541934,0.14655216512977617,0.1298198831455723,0.11137121459358729,0.06921326478848998,0.144454125029391,0.033860932502501946,0.07635558717408604,0.11214731931986681
0.13903110946718167,0.03919982428316896,0.02681757375931127,0.12485224784493554,0.21379412360391498,0.0379857764094205,0.08320148930801398,0.07343171763556147,0.07821095966540166,0.18347517802309005
0.0453919103987258,0.1529033122387049,0.13750248062733758,0.03215985691451237,0.041524741815790876,0.1740442459504769,0.04650138051604114,0.1174033180716395,0.09093751196444129,0.16163124150232966
0.09199229874182278,0.12638240445184026,0.1348788874505129,0.06476036286653872,0.03869055432827398,0.1774972560871943,0.12520030929129874,0.09926988325291843,0.07539791830137665,0.06593012522822328
0.04711837831365699,0.05998705339738879,0.08944732541097172,0.13724902041091253,0.14072338447432847,0.06205218275384342,0.08173638688822403,0.11131251319242365,0.12600616137102214,0.1443675937872282
0.04570835067433701,0.11542380609452156,0.1366594671105594,0.049727883950023144,0.15071756206765863,0.06678217795057742,0.11535982559367697,0.08425648152584278,0.05446448587957472,0.18089995915322832
0.09176569121697782,0.06999753907426372,0.07534955632228425,0.148895935985333,0.13038518854272246,0.0635848458207988,0.10548817420111554,0.028837607672193753,0.13743880222840812,0.14825665893590242
0.1638214906993714,0.11879368269762325,0.15940586756179506,0.09780843015190194,0.052119101513227545,0.1425770612874051,0.006343511696432395,0.13569621229815088,0.0029060108370055457,0.12052863125708707
0.0067328421891814216,0.05182222520438448,0.03818230100485863,0.1708971545366622,0.1885788469386614,0.030843909812598772,0.14853690835225017,0.10791089232463434,0.16468600372245187,0.09180891591431674
0.19360978758213576,0.10562932632352219,0.23983283232906416,0.011904793699137122,0.0009803255042052834,0.0961311280660297,0.11479000384409907,0.015054702642181077,0.1889148880350644,0.033152211974561294
0.005823904184552833,0.12466350932859305,0.1562853492139899,0.07979536245815129,0.0730107921304259,0.16328229737550615,0.04827279242586356,0.13692276669487952,0.05162549498393334,0.16031773120410453
0.1394251908153701,0.010931266811229754,0.03553406995564558,0.1361091062652543,0.014128455034885728,0.19649131558821153,0.08599328341413733,0.07435456519665297,0.152566899082974,0.15446584783563888
0.18843087333960692,0.01342717427965108,0.03610362955884076,0.01248842680759527,0.13204801339151248,0.025779730613849153,0.09911504895249644,0.19813578773251028,0.23191739997092506,0.06255391535301255
0.13137545306671988,0.12734611556594075,0.05993023065370916,0.1137148492330152,0.030103520863901192,0.18739094444425333,0.11359988132722644,0.029366766394206635,0.06572855795186688,0.1414436804991604
0.07676641880853617,0.04723730309483044,0.04535403900904887,0.1564547952943027,0.02868058574638765,0.17530321316214204,0.1884576348235918,0.19423394827465262,0.04690806044223706,0.040604001344270724
0.07658649909087367,0.17297258314914807,0.11943197285605868,0.012845067009925167,0.15368749784687485,0.03818750452623363,0.013481198836885186,0.1694847153025544,0.17301218501379317,0.07031077636765314
0.09352274227501015,0.0781544468614728,0.09334914830995746,0.00721691925440992,0.19104020039935876,0.08726637162339335,0.22742310698237964,0.050192282983044956,0.12423853115922294,0.04759625015174992
0.04739851533796072,0.16043161003121437,0.07764786949897878,0.07384246799364326,0.036421486642370826,0.10274889792971152,0.17531770322798904,0.15054701311565089,0.17408489924373488,0.0015595369787457713
0.21163397870930534,0.02160533787213528,0.18436008028243606,0.14878055630289713,0.16528409575704106,0.11078434064533346,0.09148519676095881,0.004241699465497318,0.01206181611157963,0.04976289809281584
0.08930498529682984,0.06690823728802738,0.08051135678324838,0.06544327144770543,0.19602111230638133,0.08939609903474419,0.29448612896290793,0.004053028179681068,0.08333627126015888,0.03053950944031565
0.13293468045693677,0.0925870528576501,0.0033806053388357217,0.16691276293960336,0.027858210632209956,0.15926524387366894,0.2095825319043253,0.005182254570452829,0.053710386970342985,0.14858627045597408
0.15455554105517785,0.1128072216197619,0.16282230921951632,0.11614531029663086,0.13039663131871762,0.11958954714718988,0.12054213116973643,0.06206373034670844,0.005039980929447709,0.016037596897112913
0.08432533231402167,0.06397620290840411,0.08519828230029657,0.07471735712552434,0.15261841265431514,0.15789683303447832,0.06768114690651522,0.06340466797945221,0.07068464544851547,0.1794971193284769
0.08044427975005626,0.024120263285587137,0.007540058632516222,0.19394621983848145,0.10597114942991283,0.18726752950449668,0.12228793079146108,0.11984263305455053,0.08463333103348389,0.0739466046794538
0.02929556165202618,0.17777985696686374,0.12362355925309279,0.09903173362116609,0.10012991067086392,0.18609854857577166,0.01588959506209274,0.00624754066143777,0.10883198488612063,0.15307170865056458
0.04459154743962693,0.12584493482425294,0.08129246201325761,0.19221179339932418,0.02750634121901563,0.06324845616234898,0.016472635326820032,0.19250886860071142,0.09767951082000004,0.15864345019464235
0.2525035870396967,0.14129598718150396,0.09554977241939011,0.03600805779001828,0.022893710598557535,0.008647197508604192,0.05403458736138987,0.07866989856698027,0.13983573019491072,0.1705614713389483
0.07314501259785944,0.11423899663499926,0.11482196791757521,0.06653005261593833,0.14154598244350713,0.0700154567165879,0.13017826775045466,0.0678619632385283,0.14651009826696315,0.07515220181758644
0.16415572637135964,0.05392200334830584,0.1535200235125517,0.15772221738297346,0.11262541473423933,0.008282501389433827,0.04485135739205969,0.08812363184117851,0.09837963942470213,0.11841748460319579
0.0678573468487028,0.10789846462347526,0.04384908849292256,0.0861329435354633,0.15105032702812834,0.06095148579571304,0.08604312745396162,0.09959462427534035,0.15281284360354955,0.14380974834274313
0.024183231172171162,0.21691868704322104,0.16367081423659532,0.15274333991804606,0.06559925342052542,0.13814928957609077,0.1171819841956713,0.02251926342295834,0.07002952937848606,0.029004607636234605
0.08662245459693843,0.04033950915137676,0.12693018081723564,0.12139516249933371,0.12236864652359877,0.14173018750901908,0.08510817378400173,0.02763734188646801,0.11049449030563038,0.13737385292639745
0.10181206211549138,0.15270824284760473,0.06881378459866054,0.02182379407152325,0.0705809026363967,0.15684680476139443,0.11848810654027775,0.20188919144844047,0.007721057741635221,0.09931605323857536
0.04592062956924959,0.07644360951880452,0.0957603032245261,0.1217457539843273,0.18214476908783497,0.05555979350796933,0.1327314691615406,0.05010923330672562,0.20939622677780362,0.03018821186121821
0.0885772924659454,0.09400161390529019,0.15095917879130835,0.05690309788600201,0.0018291502535589103,0.09825564167632071,0.1408313449628922,0.13155614867703747,0.13282598389265668,0.10426054748898808
0.1198168139278413,0.1891282324264337,0.1075626768788693,0.004336525862861889,0.10629753411948013,0.05850511708659859,0.026573342420241126,0.03665157609404492,0.16877894897068677,0.18234923221294222
0.09831803113970768,0.11529013221405367,0.1326613084502041,0.1304707657875867,0.14546877808717443,0.08274719995131925,0.13877556066511879,0.08602406281483632,0.06249837576144177,0.007745785128557204
0.2285797313449088,0.06534479593345924,0.20098716007081155,0.009471312004607348,0.05217467163154874,0.06433275163954974,0.17196920078874783,0.007698523357636672,0.15209384741909884,0.047348005809631125
0.10459673457420969,0.09886565349311216,0.009873317651259395,0.15001804173784614,0.12353803070428074,0.16040824287574415,0.015716396852564887,0.1325793849358629,0.06630327893660465,0.13810091823851542
0.018875349239192044,0.10064686069501172,0.13797907134023923,0.10307789109267745,0.13094650132635835,0.018150408288601455,0.14575977209755364,0.08871664531752578,0.14439484989820253,0.11145265070463778
0.061011468843687,0.1717317037659919,0.046892074690952114,0.013053514978093251,0.16729967131302753,0.0663436737710902,0.15671565841112672,0.13819112599715153,0.1523468289158029,0.026414279313076734
0.053155968189130674,0.10975880485836419,0.1529357422336393,0.1236932742810505,0.016348566360262676,0.000237839865576229,0.00834026354610966,0.19537989230825112,0.1943403607431299,0.14580928761448586
0.1208869167615412,0.19109833707620794,0.007104245890328575,0.008152105472496871,0.16640595268129013,0.027931983364811338,0.1725498354988033,0.05942014609250866,0.18366565437854096,0.06278482278347108
0.12393768649741518,0.01559489949576942,0.055726339678985236,0.13774792671121588,0.15000564298048674,0.13103733008026802,0.04707452494352525,0.10143471025426899,0.05412885932951498,0.18331208002855023
0.1273410597276323,0.18134110178783536,0.10718425341058571,0.2560230980072095,0.18384300343502524,0.007922181014471551,0.10062443314338211,0.0039191881927218425,0.027217675367952394,0.004584005913184057
0.14361780133020877,0.06509260347164703,0.12937949508806795,0.25330995388447675,0.007793958359138231,0.22238568337583345,0.0781683212913377,0.04261679244963498,0.03860672681849565,0.01902866393115953
0.1833869950814699,0.07015502240787877,0.07448243254759944,0.10434512841842207,0.06386145749179677,0.17049917396517425,0.0659461732357235,0.11423893110104061,0.15240762850902798,0.0006770572418666652
0.12806633113913274,0.14055904879916647,0.09689928656633824,0.1068886303941837,0.05474519292009075,0.0597959878264294,0.10709601218642009,0.08374131675310711,0.07224636567348053,0.14996182774165098
0.1920262110525375,0.08858822186775674,0.03855228396398009,0.025996146402092395,0.14460518986489798,0.21388757474354073,0.07276250082801625,0.012729844336544874,0.09487321882536823,0.11597880811526522
0.024238787755685717,0.24085945055892768,0.015107847232328048,0.1790355402975817,0.007009099988831202,0.0980349910963577,0.2561056503032169,0.1261275923105269,0.03389140873469307,0.019589631721851047
0.10716782407789514,0.07647697558869049,0.06569095554657685,0.010728787468146976,0.12018917954839789,0.09252368536193713,0.15870046835594653,0.17979490903246537,0.04434376427965117,0.14438345074029243
0.15735041114705126,0.02501854633188452,0.026975420208876298,0.15749509233402637,0.17424829622812962,0.03333688017458908,0.10411616761431855,0.0015332512070427276,0.14777600210212374,0.17214993265195777
0.15634719214546472,0.027129706074091098,0.09850030735168475,0.09288082099642764,0.12925635581935815,0.04428112660804952,0.08347670002582128,0.13060951190892514,0.15443410733429522,0.08308417173588245
0.11353345347045765,0.050702959097484734,0.15198278944001717,0.03535490945037743,0.050190818411482194,0.12613919600859994,0.050774163952101284,0.17101870787018011,0.0682181705276091,0.1820848317716903
0.26293842860621347,0.09605867675136832,0.016372719493256416,0.1616199261044341,0.1001217145520882,0.16139615131903137,0.057007682454444195,0.020562377991551545,0.025561254153572424,0.09836106857403987
0.052540098535034274,0.17432295075649196,0.011351389848387891,0.05951305748350631,0.14408695477248162,0.045770687662899705,0.19716364143882392,0.09344128702406382,0.10529271187840157,0.11651722059990899
0.15451736946074526,0.12966723221861917,0.17349863458969178,0.024636719037208495,0.02466206691047807,0.014163742225621258,0.101058248135069,0.16687527734407076,0.07176299566315382,0.13915771441534228
0.1400289456156551,0.08799051808887831,0.13546524994008913,0.0952789512566085,0.02176659831062418,0.12012285519118893,0.05162282047810864,0.08973583399401816,0.13011080342316086,0.12787742370166827
0.14130113328241103,0.039212890821020606,0.11364180426089747,0.005909424864196099,0.08265322517728231,0.03677447820806136,0.11153680118171792,0.15659617151343339,0.15266961559492712,0.15970445509605266
0.20332205864862898,0.1761226758672618,0.005455766906242826,0.04325908299406128,0.15033420703967798,0.10421157992912088,0.04335868668521457,0.12312440126719362,0.1093854662536619,0.04142607440893628
0.1342599410363247,0.10799451558511525,0.05497938737580007,0.12376784478786883,0.06225019651590067,0.11128613419878669,0.09528142643842256,0.11916031907476213,0.12122346580419353,0.06979676918282553
0.16566232016111532,0.0234381064653606,0.0863023754617145,0.23310822284104277,0.11324554345396211,0.0811212717879983,0.07536773327101755,0.13758322154699545,0.06252325899640541,0.021647946014388027
0.157989109751499,0.04400438999114617,0.07428787259832963,0.11983934637001159,0.10831279394039128,0.0006791591675716943,0.07164370132348213,0.11510996517459247,0.14690411024597497,0.16122955143700107
0.1600093148275987,0.07603957534175675,0.04405168896512111,0.015909420527426926,0.005876182278784579,0.1651800596413074,0.21150441494485256,0.12245103803858723,0.17375151540844078,0.02522679002612403
0.1559507183930724,0.05058547291080719,0.22467138556086683,0.12886344175477377,0.017664908207309146,0.10614198027606751,0.213642698370254,0.06120482327956098,0.019448006225602135,0.021826565021686138
0.11018187704598824,0.10805980733789355,0.14526264836778474,0.08973825170693324,0.08905151963242659,0.032162167950371696,0.1519275150310261,0.09814537447325276,0.12001003894184559,0.05546079951247739
0.035396813541525955,0.20336653000485783,0.10605302207643444,0.09702211408651502,0.12869104649649754,0.12808936543526114,0.07466124476817676,0.002063390909520505,0.01711592649088247,0.20754054619032833
0.010884001739995035,0.18875448833089564,0.04346207771960363,0.10367075526471284,0.005882987790932292,0.038528834421577174,0.19582266188499803,0.08714562767249634,0.1559310021112603,0.16991756306352868
0.03717794605360141,0.13486070587742513,0.13013510743469858,0.12027557016140396,0.031985052884458465,0.12594335247362584,0.031629334891053115,0.17381572963627923,0.085684848302509,0.12849235228494535
0.1977993228338401,0.15744668496832745,0.0040508529879920725,0.18500206061074187,0.09466594081888262,0.009664823029762517,0.056235514468021656,0.048689330989666844,0.19195347044528582,0.05449199884747914
0.043620622070366176,0.05804715643574431,0.02739874403665484,0.11365326805531138,0.19492794806801986,0.08621659090116264,0.10547720205593843,0.0842441597907863,0.12640811537394098,0.16000619321207502
0.12453455528445675,0.11989160583747324,0.14598704799981185,0.05039951560735108,0.04643858534226986,0.12801676526954187,0.16171187510694834,0.12329920812203503,0.008693348601203753,0.0910274928289082
0.15252550970206671,0.03894388623812398,0.1379516909634412,0.12734220992001166,0.05096285351531758,0.1450076169918794,0.1436167817758187,0.04151990954672462,0.051672841966458105,0.11045669938015804
0.12539880883819549,0.13958293181102668,0.15146549139367896,0.01996593807482717,0.15226732883124067,0.15788423266702262,0.02996313659626706,0.06351721572091049,0.14195689219111438,0.017998023875716584
0.017506037234192542,0.10522842741375496,0.14564703747470437,0.09825561477176632,0.1262238214942887,0.13877164047757107,0.10368311339474083,0.03754801542158019,0.1028852157824798,0.12425107653492111
0.06854595101912207,0.06906213353349523,0.1942476900405479,0.101893253579743,0.08004300677548734,0.06199995644929418,0.003922645065449155,0.17025692127937977,0.0781453591380755,0.1718830831194057
0.04767632789662345,0.11503575005170573,0.11329564521967261,0.0143941992796057,0.16443030649768348,0.15678056616407823,0.17123639722020836,0.03238271653342498,0.10500290177072896,0.0797651893662685
0.1408070202504231,0.09185145851085748,0.15919397211713002,0.020483158963634115,0.18173979033525842,0.013685220664401199,0.09876880351475996,0.008476622072908746,0.051949686527322014,0.23304426704330503
0.2015203016995955,0.10431446231816996,0.06452928875817246,0.0643523384175852,0.08568706778620744,0.18217610026420802,0.014162805730020458,0.1257676744768943,0.04540888970021426,0.11208107084893247
0.05507998068364572,0.09464021449573218,0.15068417580000518,0.007387915125723983,0.17574039250521692,0.006774735485769512,0.13503336820926637,0.037293352735814585,0.20753176189904005,0.1298341030597856
0.2142511403150708,0.16255227626837257,0.05702811692754889,0.03316328581292432,0.027653564175952997,0.20461822422655826,0.010637058498951477,0.11487305566785626,0.0858809364444258,0.08934234166233863
0.20389106162087695,0.1273450259514612,0.005060140105305478,0.1283612882493734,0.045856277216396,0.1493743708638577,0.13454857863072314,0.001321729728901177,0.12112423494743495,0.08311729268567017
0.1141777934192082,0.09175629923241164,0.09770234784578812,0.06349595893061084,0.1283042712806827,0.04010869241592023,0.061563861572034514,0.10032535946808958,0.1722195231503043,0.13034589268494987
0.06174276172895507,0.01734235363864254,0.019255606526195887,0.15817748934624692,0.127159369453651,0.06003421277775826,0.15214714478634808,0.21324113453930885,0.17142000782268862,0.019479919380204654
0.13480268132829096,0.11957274748586576,0.03403906393523523,0.09076615955475818,0.03090032517682635,0.13387289313630352,0.05581431194710606,0.1289327132115751,0.1380000969974183,0.13329900722662064
0.1160858872207812,0.027282035367085827,0.16014347970997647,0.13370341238060776,0.13220906465943114,0.02239736349587963,0.11344690760661554,0.005224949400499706,0.144935945193426,0.14457095496569655
0.023702671860481507,0.13849995120815,0.06258957442046591,0.20531022546719083,0.08173194044876281,0.14243328531134639,0.17423732994404917,0.015441647714406015,0.011836162692521753,0.14421721093262557
0.08797333036233168,0.07267431494170377,0.21744956407969854,0.15667991284969318,0.08191174115225762,0.15458688624413533,0.10909191403224493,0.030382751628990817,0.01692218306515991,0.0723274016437843
0.02874899548570703,0.00304695547380018,0.293164099798642,0.12015648077597084,0.22509977496427439,0.06502011471936127,0.11445308850679431,0.046257606430005094,0.004598986060167739,0.09945389778527722
0.19894502229881797,0.08633498353158571,0.11922191409496209,0.07556344548911006,0.010280133676858188,0.08131350823358423,0.18616867278560073,0.021821503219777962,0.12320216790060537,0.09714864876909761
0.13199193679978544,0.048781890018598555,0.05202538706580789,0.18913927435883507,0.11005538913096817,0.0818277172320342,0.020018931491694595,0.1912375953417876,0.046635607459936,0.12828627110055263
0.00043170537321408475,0.10546625751953245,0.1274629770829167,0.04535757949636932,0.08462471258979298,0.029042271033274576,0.2041436010142827,0.20121176616853678,0.19112747915276876,0.011131650569311657
0.13287624667403697,0.005003813679756845,0.14088731652589906,0.11848097932762526,0.09591678488536202,0.04892730351846407,0.032957657457440136,0.19404956947453494,0.15264453890181295,0.07825578955506794
0.10976922900042392,0.04348808838933898,0.009412677646611536,0.1725251442549956,0.1387265437795029,0.12689351427664458,0.16220539715671872,0.031057380884915498,0.03726473492179497,0.16865728968905316
0.13629712770453015,0.011116286032987775,0.08035910399913429,0.09230743583242366,0.13821171866469179,0.14457974650593278,0.16495990753471237,0.0835719436419123,0.09996451758191205,0.04863221250176264
0.10934911220260818,0.042333147249252114,0.13822492484891924,0.056635060224727266,0.04475410551371199,0.08390821023777854,0.1212490904541327,0.09607676855683712,0.18886204759165706,0.11860753312037568
0.08113933671290592,0.013938772743258438,0.054655109876143235,0.1516306232329072,0.09304082007043792,0.10433039187737982,0.16958236075300628,0.09002126303579935,0.07621313256741483,0.16544818913074716
0.20531368649639906,0.2347463427373827,0.05002025407759582,0.1355027202169284,0.008182223803818995,0.11669404257835449,0.022206581741739357,0.20628718656057823,0.0018965548722248698,0.01915040691497799
0.06774056695557965,0.05049469362495653,0.09768951492560589,0.18926448535779253,0.0604924698611084,0.10620104338463565,0.05473893610588277,0.08283617616349627,0.20503657100802003,0.0855055426129223
0.01501515172909141,0.03819119375791748,0.006853814180384553,0.1696271109697322,0.07484459524033385,0.02675970284606345,0.14660927646515567,0.14966947161378777,0.19606693917962617,0.1763627440179075
0.04283119071003275,0.030186334352529893,0.10079848905594488,0.04054864572702943,0.10361915740207232,0.12645245281028694,0.12240350722643481,0.21228242071938846,0.10056896770369311,0.1203088342925874
0.04104822097991187,0.0756156154140717,0.08004303901694573,0.16374087982055405,0.12821276979756754,0.1457337555315436,0.04924003322017365,0.1692992677636749,0.0426939186723417,0.10437249978321532
0.004807914638371266,0.11823882584895314,0.018950700240044662,0.18218904238065836,0.011720822323384039,0.06941524441046283,0.15741966910779442,0.1848671839673066,0.115111689390197,0.13727890769282775
0.08983671865589245,0.18073663953459873,0.12318348607014494,0.04549717902286496,0.06429804489154928,0.06564425764634148,0.11478804246101008,0.16189800220836112,0.0017573287841184527,0.15236030072511855
0.0975140167423264,0.07910325139536659,0.12633501839562186,0.008261389328460426,0.08864676505900586,0.010319185769901878,0.16381876364550357,0.09764777172372972,0.1564423466424015,0.1719114912976821
0.08965562007058782,0.09639392396652796,0.04998142789401651,0.048349266918774406,0.17781595207571624,0.05590001231571549,0.18706438663963101,0.08714783371139051,0.056594321810465635,0.1510972545971746
0.15258477811981142,0.09740783438736676,0.16796949232402208,0.0331833566557257,0.18007197367665959,0.07293605679052106,0.07314635924072842,0.08119838344663544,0.056510087261916066,0.08499167809661332
0.17234134123605663,0.021582480424169794,0.08855219571919601,0.11749476360701996,0.12965382790870003,0.09193219659859442,0.09030287203415602,0.1302310548007593,0.018989307648573032,0.13891996002277485
0.020169929169446876,0.14143331715460486,0.03179114460373384,0.1622862781043813,0.154275702671568,0.11793551644412129,0.15813971473071892,0.10737044780759321,0.007711430269058391,0.09888651904477307
0.14266170212491217,0.05094444389304969,0.16183033674525032,0.05215266792671045,0.184778399999953,0.06480690003256756,0.049615263601999596,0.06262265928377721,0.07041478404604902,0.16017284234573093
0.07113778666890007,0.1059771899210972,0.1311134066972678,0.14343783821419032,0.06212906756025897,0.04369212972807702,0.0929432997958263,0.1313547209991604,0.08256369412314492,0.13565086629207698
0.004894490262975015,0.11323094515791202,0.08761919109211438,0.18451383233413285,0.13219994050436373,0.1698273791695875,0.10410745353767166,0.17075536375009018,0.00353019283304432,0.02932121135810844
0.14294035307376113,0.2054049521189735,0.050524496824377825,0.048556674957915616,0.16085916058004127,0.05864657027866585,0.07187757381765243,0.0548327218504558,0.005479196045552466,0.2008783004526041
0.13145418515737178,0.06669531019160217,0.1305827873273608,0.021449560767553826,0.06616705742338608,0.20075521294276782,0.07754235953691481,0.221425794524441,0.048893707579486044,0.03503402454911574
0.010616526675304721,0.017387475673530522,0.22698014627831273,0.1622951146106462,0.0037706724529455262,0.06392670493538898,0.13878188925896293,0.012555396143015157,0.30972821798965977,0.05395785598223347
0.11806271298877691,0.10064082462734333,0.09834938994794067,0.11054008957537993,0.07974848066466175,0.12875614226916274,0.12850495995652586,0.07009451348174855,0.04244450065557098,0.12285838583288916
0.1641134220452666,0.03372228521722562,0.14910598019865204,0.04205458044998772,0.03140643023947918,0.15413588713428425,0.055265413218739595,0.18534633249198984,0.15021057797558338,0.03463909102879173
0.15903336209487903,0.060729190173358885,0.11483635356881094,0.14306508264030401,0.14032973797967907,0.15049269442157095,0.03241453950219074,0.026182749080982563,0.05449702404582816,0.1184192664923956
0.15045916847132465,0.08998157118746108,0.13933784128583268,0.1276547525104973,0.13306467906797584,0.12697499934032055,0.09892052181174008,0.09790218114516747,0.014068161096881176,0.021636124082799076
0.07599841413925534,0.07109962422886247,0.11582611368812919,0.14801424756777928,0.05259155106888638,0.15289658389397875,0.1319917441669489,0.009330736880909341,0.14994887248628738,0.0923021118789629
