i = 0,i = 1,i = 2,i = 3,i = 4,i = 5,i = 6,i = 7,i = 8,i = 9
0.006130863418194999,0.08794395961705649,0.05077188307419376,0.12614872379487943,0.1065612976703286,0.1401930071345864,0.14421210614827887,0.14560340365619343,0.03383031208932188,0.15860444339696597
0.00890751879488881,0.22487178054116483,0.015355016404196599,0.15688869212606113,0.24151958075884458,0.15039186281577438,0.033426437794982396,0.10380950258093889,0.04211837516820427,0.022711233014944168
0.10946888542912098,0.02217385282167243,0.1791868204025945,0.12412891342050543,0.04264410231386666,0.04740236970853083,0.12919342067821513,0.16697990009038646,0.05888724846892179,0.11993448666618581
0.08677220644673338,0.04872619657790615,0.19006501107280002,0.1900019192300715,0.21282589636767488,0.1415175270722249,0.016929323735810946,0.006042458116867672,0.07063238854914188,0.036487072830768776
0.0803792419833039,0.0042448855077524975,0.1519541641522197,0.011741103256542592,0.11765087394555557,0.07186390634044418,0.05119751730771497,0.27827389532830465,0.04996278380507125,0.18273162837309076
0.021999913232517206,0.23734870018615817,0.01970155770344747,0.13414217663687233,0.12965069790163022,0.06956169824290123,0.059039213174403464,0.07878274953330035,0.2184172076935081,0.0313560856952615
0.06235984607462612,0.09150844340979711,0.16103227529902436,0.13652598396348603,0.04284883149482062,0.15286136480450188,0.14368769509303114,0.09920044365100576,0.04568529920196452,0.06428981700774258
0.12703089337454646,0.1743786616499314,0.1524655923842795,0.133376023065848,0.009539316921849115,0.09925780203919604,0.18209494431866946,0.01885945360031037,0.0037202720615815595,0.09927704058378825
0.1669586666335595,0.02967185853008026,0.13411255683023138,0.20253584596290253,0.041246778911904446,0.0044531041266696325,0.0883114102501224,0.09504892770734368,0.14876312502323832,0.08889772602394792
0.014666556909878177,0.14207474411143942,0.14916282995199306,0.07172954309951286,0.17497412303680668,0.04081658022092733,0.13098049462656539,0.0822770039176263,0.11538075616881563,0.07793736795643523
0.12238464754220552,0.009905628669398937,0.0015492286548777461,0.08277165498566566,0.2347257503868694,0.098096334592934,0.029104808342208965,0.20624999126430904,0.06780136943747873,0.1474105861240519
0.1789323719189661,0.0029457808289852522,0.04840274073991985,0.08653825708867786,0.03516264964228857,0.14824603756027294,0.13323053841264704,0.0506660105964323,0.15980687112890743,0.15606874208290256
0.12103401948148969,0.007643166333447629,0.04684708590240404,0.16201334565510914,0.01541441048305321,0.1741949592622734,0.1713259307672831,0.18212141807227467,0.08029441036371648,0.039111253678948646
0.09323006964692997,0.06184253292571826,0.11198060630692021,0.013932477896617687,0.12372668037655832,0.16375633551559815,0.15513695240976744,0.0935230934035244,0.13880006144529167,0.04407119007307387
0.13478681651941876,0.106619014449712,0.13369481240414413,0.17193609702744223,0.07108849891745923,0.12849752905391562,0.02319868205864193,0.03685628968804837,0.11511491631272082,0.078207343568497
0.18458578406261028,0.07209563687154966,0.13065472914278867,0.10303854099065902,0.08834267167553453,0.11930526157687218,0.0277706932276355,0.04899001142858541,0.06502129343013106,0.16019537759363364
0.0024177689245791245,0.17220963056838137,0.1417092649498911,0.1221939312759998,0.1476324036969817,0.00023050258549667273,0.08183998652037938,0.06808998186994558,0.17935267779212408,0.08432385181622114
0.04933321344277594,0.12777933108273393,0.09451104682587982,0.05922943494871557,0.20131212707229032,0.14079344060819865,0.07057068930367293,0.11003847643725138,0.025105472580704127,0.12132676769777713
0.02008217663011736,0.18994569830200095,0.1269615178153939,0.12015914125178119,0.13350678238990524,0.05646462993863158,0.09039463018763401,0.12392802440767825,0.024682582812600096,0.11387481626425755
0.0555029625550489,0.09156554141804339,0.10439344734783733,0.10520510162557842,0.12121816435161224,0.09234764481222459,0.1449840648993862,0.1273773364643579,0.13951560500175608,0.017890131524154997
0.005929129984882141,0.07119442299153697,0.15859958181266748,0.31578582033778757,0.042638983358444196,0.11387145995053584,0.033409886593741486,0.05512085656202003,0.1202214096025569,0.08322844880582739
0.059086606984855475,0.04708742458105153,0.08724178145123779,0.14296874452601574,0.18872827816785026,0.15972360609890265,0.04494705612959707,0.13322693947121916,0.02080145853122969,0.11618810405804063
0.06718248276563775,0.02657410777489968,0.1590524929001701,0.1919621454142102,0.031554590252278664,0.031434455313304195,0.024512992833388602,0.17977907536306748,0.19188073996755145,0.09606691741549198
0.09306942760363514,0.15402464160550292,0.08345238180394575,0.04075946156539802,0.11158176817067225,0.1626472441273438,0.1970284006438771,0.046118138747389306,0.04823736067104893,0.0630811750611866
0.12269826450219667,0.006156163128883805,0.15777567396423295,0.029454338467990906,0.17041031480647476,0.11465070974925817,0.0700653423791946,0.15618123587503413,0.12377433594442673,0.0488336211823072
0.016979486678673945,0.06589566647295514,0.1664512167356029,0.14335078445375876,0.022759495335990185,0.18678073094195732,0.12248956366748742,0.08889550632485851,0.0023651634318543092,0.18403238595686153
0.12744664674612952,0.14324159153433264,0.13275160533755345,0.06463422196548582,0.13780728007882498,0.12100518850032886,0.021137931433064833,0.03923129574278912,0.10922462949041613,0.10351960917107456
0.05346610240038328,0.0738803128782944,0.21214125725346594,0.16333644722036303,0.10943653082849686,0.04692667874964232,0.08743985444289046,0.10174444145839044,0.018385374770958123,0.13324299999711514
0.03021110916757791,0.005039933238825959,0.14798188066133922,0.1678659456808963,0.0742778075143154,0.1484657068791122,0.008528051562933965,0.15463211667675256,0.11216675743608492,0.1508306911821616
0.1427049462651062,0.026349579948348856,0.08661549757580789,0.00420635371816761,0.12348935828759071,0.22097345729585627,0.15910549449514877,0.04590357011561673,0.15166001826985928,0.03899172402849771
0.037050582881928425,0.16347808361756885,0.04680965070348467,0.14819093519116314,0.018346432101448047,0.08131640916618134,0.15913243744665106,0.1030308289958678,0.07202511508879758,0.17061952480690915
0.14778946820424416,0.15382531154480403,0.1791680789361031,0.16489996048990702,0.025109415343507444,0.10469176913974934,0.03566885246755544,0.04780465551936161,0.06302911547068372,0.07801337288408418
0.023970285345669355,0.11237730730393221,0.05964319831555061,0.1546076431941831,0.10635837951683141,0.12798553593696047,0.11445158435957747,0.14878072627196276,0.020963284976322143,0.13086205477901053
0.11197538131039782,0.13279066590236568,0.05846121834404735,0.08008922995211287,0.022664107361232266,0.16853541866157318,0.10294733008040445,0.14067641407055342,0.032712056061128605,0.1491481782561843
0.029320829798604925,0.20137157103130585,0.02519734304343709,0.1802164547636375,0.0028635792392224953,0.12245966951421217,0.019403257676640764,0.10307647792123839,0.21167628843363356,0.10441452857806736
0.06042965465067984,0.1048090109930042,0.19009834102147352,0.03489522304538374,0.12349594953520104,0.025493947127392193,0.15925250126499227,0.010166159612572901,0.11276156127404559,0.17859765147525458
0.1626225576817139,0.016700831331913826,0.04942213549137902,0.15953103390265175,0.1559762674706419,0.010006116124836872,0.04493912392751219,0.1522924311873222,0.14641686759427142,0.10209263528775689
0.14041560146527032,0.035924527344883515,0.20317941444303633,0.10255909618174334,0.02415341452910493,0.07475618481251808,0.03114409852483044,0.19821774757648405,0.1434433739401411,0.04620654118198779
0.12785799011998852,0.10978643316651289,0.016958012346560122,0.1380661496736164,0.07095067919399625,0.002956164848486741,0.07160222367564521,0.19774879950429108,0.1807369123665603,0.0833366351043424
0.033286522774223254,0.05039935756538624,0.14879933876653437,0.12505252101853795,0.13355175288676005,0.10705299208244264,0.15905840602924964,0.07818388911256469,0.007408154678448842,0.15720706508585228
0.15643541996174656,0.09189380609413804,0.1367518946413498,0.07539661699221889,0.07894221569402844,0.04865363665395862,0.1478059719312922,0.09111568233758896,0.07868422692656539,0.0943205287671131
0.16576748670648556,0.18977224534533188,0.16152880362697614,0.03935205244213773,0.050321868463978334,0.15096241915635472,0.06711280206604368,0.17253348534475987,0.00140404136850178,0.0012447954794303196
0.10867524186570199,0.06836614849611093,0.1317197696201383,0.074240231569584,0.12073203397214059,0.04392548782064523,0.00021938405811981708,0.11753969599241214,0.18976690920756348,0.14481509739758344
0.06504191754720211,0.10422355871045291,0.04123197475645882,0.17470765982774944,0.027166957079827754,0.07612495121362854,0.17154126620451635,0.045495026744864255,0.12198967801879977,0.17247700989649992
0.17758578303082456,0.08699783452517451,0.11036712431604026,0.15160337172010901,0.1917885218536664,0.021429924799975613,0.06120929346005349,0.05465370828171425,0.09748145214603751,0.04688298586640434
0.08324877933552133,0.02957121145206781,0.005154623552605934,0.05117135878828737,0.14885739041932308,0.20519464830715442,0.1362097330928468,0.04913175432782814,0.18065187571972555,0.11080862500463963
0.05981119307568073,0.2141445386173784,0.052649320081851296,0.000561309779454921,0.14398664079711102,0.08404709044401809,0.21143289107030083,0.07049085728746637,0.10721020041730343,0.055665958429434954
0.12784008582395806,0.126818174644606,0.018160650029503525,0.14579301805819467,0.061827668392658956,0.058538517180910715,0.15675819386946482,0.19002877952423483,0.013845508290303158,0.1003894041861653
0.022561637436487987,0.11208709590956287,0.08770280073394461,0.1353427284922851,0.14267965740489486,0.0994640671810458,0.1120206795180998,0.08521619981557554,0.023985582712276923,0.17893955079582669
0.18399089069151714,0.059874755356732805,0.18258688714059892,0.18260883440541323,0.08563180154803844,0.11273005357501098,0.08926788557842893,0.004290676916584511,0.09314520806594209,0.005873006721732914
0.09071310237797069,0.12517699064829366,0.1061710199817133,0.15312822516213725,0.005586892157243729,0.01719231735805051,0.1498218802579632,0.09198239539331117,0.12146952464946197,0.1387576520138546
0.14142507724178238,0.15929927114521003,0.1276396169558879,0.02105639180903041,0.13456296346926014,0.03989081792243261,0.12339540844339411,0.0672655283775788,0.14589605248893053,0.03956887214649294
0.14476455341577688,0.13881823192467788,0.00598574574743472,0.1392126572783645,0.15521680312831934,0.11039258820428259,0.13766685718526234,0.023898424845746127,0.06702374729131151,0.07702039097882415
0.050791951017241606,0.04231597062338323,0.1057559463865137,0.03539887923215502,0.06156956184000028,0.2310990836980059,0.12445417256099951,0.10013771338085568,0.11594222247799418,0.1325344987828507
0.10538279883050267,0.1649604801282658,0.06302348719604964,0.005699203008346599,0.0941138078893365,0.1604399083506463,0.11133864640608909,0.08539167187150629,0.08353634938653946,0.12611364693271776
0.04619163955149958,0.133228841187821,0.15409738282791305,0.0760900687978973,0.13726314713118282,0.13487781462448556,0.07691458270166338,0.13589071255730217,0.04242563507625291,0.06302017554398211
0.19986248847295554,0.08367991890205266,0.06189505434247074,0.004964374598598121,0.12764647929193196,0.11507285646017722,0.016192432542533244,0.12899831382463003,0.07982606085394627,0.18186202071070423
0.14666619937565648,0.018329033838258194,0.16703389091768076,0.12408520506439842,0.15609311226911657,0.1744392468917612,0.06607353889903356,8.747973991947275e-05,0.02491403324323772,0.12227825976093774
0.10873580297586115,0.022426807375926363,0.04858813110702307,0.13125052192798103,0.1228073412713487,0.05855237315791963,0.13915472528273765,0.0743814526611599,0.15381274916058202,0.14029009507946044
0.1726511025430255,0.1606843576753782,0.12536315617588492,0.07115836245604261,0.13184211918804195,0.023613333174963922,0.09001742648284529,0.08695828868992535,0.10465944250282823,0.033052411111064155
0.04041638577080395,0.18506466365494484,0.024990515610368032,0.18773540851213438,0.056882939427688434,0.08158583901586655,0.0868745149212699,0.19792438410595378,0.12967909487949916,0.008846254101470875
0.022855650379834135,0.09345616983047055,0.15118101076774623,0.13148914443307866,0.16311420535457882,0.13299282663157472,0.16241996462282507,0.03710604718065503,0.012169456264363051,0.09321552453487378
0.08752815389687851,0.024347402263005045,0.08415236468530272,0.14661697554405614,0.1383215852214944,0.19397079493053765,0.0016272068039508666,0.009875710222970917,0.11841167359395909,0.19514813283784466
0.035841939791872425,0.07438602370073212,0.21784629183296592,0.13705053101564907,0.18941174298925642,0.04437659693250779,0.07278017892185751,0.06308023096622331,0.14799417079227492,0.01723229305666054
0.1283105477900067,0.13633285965009875,0.07138827833579614,0.18046606993272787,0.15391658748831885,0.12827763297705136,0.15665105210872465,0.026329016110835452,0.0139082013076175,0.0044197542988226556
0.131443900721145,0.07087699323732648,0.1556457229572204,0.13197138325932617,0.02528105566001967,0.13417857845909725,0.11636042471154068,0.11736663107677879,0.008123070271415006,0.10875223964613065
0.17812845502718286,0.1239360858329769,0.10252398008456556,0.1586791368031174,0.09844852037160715,0.08121560334171474,0.0721755833114106,0.14314688413810875,0.003970275946480565,0.03777547514283555
0.07716685988712357,0.0267728645379125,0.07169618129622386,0.09902383350707786,0.13039899780023811,0.12871519609731918,0.16130555390000023,0.14725721610350595,0.07216761580954804,0.08549568106105081
0.1342230731831773,0.18915162906686628,0.07499719338840187,0.08292286431393191,0.07154738111427017,0.15011051300044487,0.07177190916725816,0.021641909656766916,0.11262307131961878,0.09101045578926381
0.14415435315218933,0.1352774537803427,0.0977371332425665,0.020291174557987977,0.10842336676499396,0.09758637000621256,0.0909393318448693,0.13769213816137008,0.10722662189260454,0.060672056596863116
0.14301902548786333,0.17704056379757074,0.12441639088709684,0.02700792030588316,0.07298101137951947,0.1398287297017279,0.08243785254243113,0.0968169190867794,0.1316599156667614,0.004791671144366576
0.14212281886307307,0.16396385064443253,0.06340217379752097,0.01554977389408292,0.062288488601615496,0.05292884132308785,0.0479911542296386,0.11714855624311651,0.19221049557856443,0.14239384682486772
0.099512059254429,0.21216811106675282,0.10404210590885873,0.002106146840871136,0.013278548917669821,0.09478277703864058,0.0706411306309852,0.1367241507873009,0.14225963730410315,0.12448533225038867
0.013666295382138226,0.14555233093959763,0.023519308449495773,0.06592974072534641,0.15502888508137563,0.024207364371404926,0.17013303727459764,0.0944588145277852,0.15009049221399143,0.15741373103426698
0.040898946619330905,0.19978592677031184,0.06135248639959877,0.005656851120697924,0.13741907899416494,0.02323935215288684,0.17130070460480895,0.005211247932343306,0.16179309713764184,0.19334230826821475
0.15071381413830304,0.07916894305220913,0.2162453766378183,0.15644140066319048,0.10453808445371242,0.0260154344712741,0.06136041150110727,0.0920097584727703,0.09978390761385444,0.013722868995760541
0.09638672230618883,0.07732827477404967,0.16413813820480724,0.0289095505035458,0.07917245293325313,0.1378467367587535,0.1024684855579012,0.09447704828234242,0.06075419651419749,0.1585183941649607
0.18416272281815363,0.07817072238989191,0.12947043862003652,0.0847927565089908,0.17766073286390877,0.04125060914326361,0.025685855672153726,0.21948893021982113,0.05929735876994824,1.9872993831737753e-05
0.1554987164877575,0.12648777387855661,0.12802095440156563,0.17027538364638178,0.00920641652250589,0.14661654023906381,0.016504846401692193,0.01683950903318824,0.09107051083138536,0.13947934855790303
0.1674532953118121,0.0004900662289319983,0.1429828972772758,0.10384054632741056,0.09093539763058808,0.14280617140953458,0.10185243782927249,0.12291633764350536,0.040178030887247834,0.08654481945442113
0.029520343005877338,0.1809984588907626,0.13687047206989317,0.05073885235905239,0.017880039571855397,0.16885396769517858,0.03934790116235015,0.048801103137375776,0.17377448790996194,0.15321437419769268
0.09951665614430287,0.07505849345768134,0.05288726020191212,0.11735263990473982,0.10246290562061382,0.1554896864672223,0.13694317668257092,0.1729791414950406,0.03339092708826955,0.05391911293764677
0.07058243101756406,0.029916593481727757,0.034466541607772315,0.12616416876590886,0.13198986433078885,0.03988437960275618,0.19181445934092617,0.15427498311345958,0.13549244827875195,0.08541413046034417
0.1380226737052638,0.00821466050017797,0.12758330530702636,0.10149705846919657,0.10469334086320622,0.0563881426747159,0.13907694483958355,0.14586784104647424,0.06897174401593145,0.10968428857842397
0.26893448387628993,0.001312280546230517,0.10156276215070789,0.15637755700021805,0.04664134974760951,0.13393073011732598,0.033596219822774644,0.038680949986340286,0.09627012217221383,0.12269354458028926
0.20317717582037698,0.15631196618827453,0.0003253690750818071,0.09785561397003438,0.09656243203338896,0.11163932940354675,0.16142922529949025,0.12258686902468768,0.007301407113189814,0.04281061207192869
0.007593392210562078,0.07552849179678679,0.03579794433826786,0.21292613769061047,0.10181865380157673,0.1732845235652607,0.11136886732312515,0.14475526092599522,0.00014277114829310168,0.13678395719952186
0.042500275439609415,0.12192321230928707,0.059295819363259464,0.16893448188016813,0.10886600022925189,0.07316677262600607,0.17804568458975586,0.07055437415801281,0.08760844381316811,0.08910493559148094
0.0017513367831395804,0.06359815524918104,0.14613227277431698,0.18318708703516626,0.20759908277202802,0.07057304661876092,0.12457258105201185,0.1718214158533124,0.02039462455507466,0.010370397307008243
0.08865733919096962,0.10287287454428151,0.10337222469987421,0.03443052624634882,0.17959321533353098,0.07472180319493464,0.1551766985578698,0.10434608141741376,0.058331999745231365,0.09849723706954532
0.12986153437330103,0.04967374697197863,0.10215348029361075,0.12371473673910974,0.13009094472218166,0.1452432379444284,0.13951426865978395,0.02747201772300884,0.12010474701113523,0.03217128556146185
0.18686583747021968,0.17793419051423673,0.011197684653217096,0.06251621192620882,0.2614849748741386,0.00918647283024834,0.043889051474014125,0.1094035882353144,0.019988367736455324,0.11753362028594691
0.138932837739486,0.10110423100452642,0.07408852480686202,0.08173582516719244,0.05779924610652991,0.14156446846175844,0.07969105914312219,0.13448915781989482,0.15270572809855015,0.0378889216520776
0.12821600380129994,0.06868356508661752,0.10730853301813989,0.14720987517918735,0.10554829977772115,0.03254000768421886,0.11121756778554238,0.12379101437760502,0.037284755843036255,0.13820037744663158
0.1689140609858497,0.13386119368035707,0.11800470063343114,0.06514039545453663,0.18540149623307559,0.015829334805510232,0.12754343419736372,0.002689522448360228,0.09154742724956871,0.09106843431194685
0.03420054828297131,0.01407804224034703,0.021025974636962576,0.2022900784187035,0.10756486015744678,0.04845658096633424,0.17698194738208722,0.1489335617456415,0.05792037124899166,0.1885480349205142
0.10250094591226395,0.045926123059212856,0.13466594911229623,0.13413088374168095,0.14501775497843256,0.11726996088762494,0.011878741735729772,0.12045635739456968,0.14096311821856178,0.04719016495962733
0.10883020977549436,0.05638208127073809,0.1587790183909596,0.12330363140471474,0.060113336730229124,0.0663997957174425,0.168733036832106,0.08548158715459228,0.03614951370342502,0.1358277890202984
0.10433267908435528,0.09452872005104103,0.05296132620152833,0.11070313963467605,0.01998152736171881,0.04274752644462999,0.12694155037722116,0.21398503840791552,0.07504157379329547,0.15877691864361826
0.05236112645186379,0.17159491242681266,0.19317114952796832,0.036206779844911975,0.03195543148525222,0.19683537038467336,0.13657785312019266,0.001030705484521543,0.08619369213645273,0.09407297913735076
0.041963617176036194,0.10347721527054611,0.13795391438332819,0.06250828223867903,0.08780601242070835,0.047965601851299645,0.14428590534096283,0.1411707764281941,0.11508398174158141,0.11778469314866422
0.1057605780708747,0.08385832404036805,0.1525585358023293,0.14260847273035557,0.1392663538108393,0.11058489799692428,0.024797177812335508,0.14783698403332302,0.05664935175181493,0.03607932395083531
0.0778210015996688,0.14549817810326243,0.13702211799504663,0.09250536248129744,0.017778941277571073,0.10622688366873935,0.1187646468306439,0.1791140307150945,0.09293521853913969,0.03233361878953637
0.18837121909311055,0.0937599727345791,0.04117350952313673,0.08774335448930301,0.07122265691634229,0.10228354525937096,0.09524805485970785,0.2053401084049886,0.08237034891121338,0.032487229808247614
0.07636600211726305,0.04100077779946634,0.06977834716165313,0.22467349917063947,0.19642213755452823,0.09489969828261671,0.020424076870866305,0.09444617229777952,0.023981053882118214,0.15800823486306917
0.14240481854452947,0.18559761672647773,0.04103544046680659,0.16533928502676545,0.037888960583697145,0.04124309922620429,0.015972424993380273,0.09906527526790818,0.1388738279599367,0.13257925120429417
0.01973237064916567,0.08738779049174354,0.12335878032605478,0.13830858246105032,0.02100727309525918,0.10775306886151673,0.1736999916676474,0.12218525800248867,0.18458874033563358,0.021978144109440222
0.10066753659133741,0.07602600866652323,0.04401077048172829,0.19815407456333825,0.10017274656361183,0.08541435430782558,0.05199577667364147,0.040931845011948846,0.187003312821705,0.11562357431834008
0.10028081393031413,0.12333772927636232,0.1023754186136722,0.08817368310484504,0.11242237133285922,0.07932274099907713,0.11115431689032859,0.11410169866822487,0.10153309004760888,0.06729813713670763
0.15040915829675255,0.054921828634765524,0.16680540678304911,0.19405442274772502,0.1250829480316861,0.0047104544402917035,0.032720238063570675,0.039075657498921106,0.18050875808842712,0.051711127414811146
0.13274515124482042,0.12508086493849266,0.08993004435187292,0.06185448262365605,0.1037886457420199,0.1516736392676741,0.10095200238700887,0.15247463549412993,0.0029509002716480806,0.07854963367867714
0.16794583808647331,0.24130922974571917,0.20845774502937667,0.023871319639927085,0.09653556438468533,0.023559332597948547,0.029220963731944865,0.20576026710841394,0.0011667941729153215,0.002172945502595787
0.024737430937646184,0.17779124121327167,0.07693852090319064,0.1346992954547718,0.025056540064333974,0.09180258794852514,0.16943330607871626,0.11704241220926208,0.042263194520621994,0.14023547066966036
0.10748874276926486,0.04679552506186224,0.1273048318493322,0.06051066016463697,0.035008333949893645,0.1443608530715154,0.13418540974387352,0.12552737735278685,0.17292841271835319,0.04588985331848111
0.06495222344936151,0.007181185465914884,0.1957682774104594,0.152244087425532,0.008146110782663018,0.11238328432344914,0.07282297696061255,0.0446427972503599,0.19342083840439628,0.14843821852725148
0.17608576548900046,0.0106679193451852,0.12043077679694182,0.013413763402213438,0.050297978410803634,0.08431996697018299,0.2038749484046763,0.13129404539792916,0.06490254935296183,0.1447122864301053
0.02998773876189076,0.1303687608843687,0.0842138107744874,0.11699541438483044,0.03935706878752214,0.15450900938306514,0.16274315805143802,0.1367406517775066,0.14469153594197964,0.0003928512529111284
0.002279081464375511,0.0392481193838931,0.22356164749697843,0.17212460773331079,0.22926155132022025,0.016063643028987284,0.1193496329872913,0.008377391205764364,0.06661637887159545,0.12311794650758337
0.08591672029736774,0.011799624473319057,0.17582734099787822,0.17514349492188105,0.23881672497745665,0.005149415789134404,0.007321612319054757,0.09572023630774636,0.034628241852998176,0.16967658806316357
0.001856681956239029,0.19206346576878494,0.02524332604289704,0.15063692168957546,0.05049992215941666,0.10497234829963878,0.08428552184407287,0.13436041502440338,0.09967236006977002,0.1564090371452018
0.13256233707678203,0.17642700854812407,0.035380883302995436,0.060009773800975025,0.1656251152217982,0.10737168619362789,0.018733142743752176,0.07747440954358252,0.06303284988309711,0.1633827936852656
0.09762444976859311,0.015788871075840448,0.07670702204127139,0.09581912298594181,0.16216407893625898,0.06765969158434947,0.13067965315839294,0.06445049393102815,0.20512097356126743,0.08398564295705618
0.13527530242402802,0.013449333700960105,0.21559300284636002,0.18856164206792614,0.2090435912071886,0.015267083455453004,0.07370674030729103,0.03876644442390419,0.07467413944730816,0.03566272011958085
0.040197352282192976,0.06283344728704553,0.19579372450330684,0.07456082291858382,0.021899770251687423,0.2330394354894446,0.03295188667178305,0.0799571821742144,0.19658140793942702,0.06218497048231446
0.11027794706812846,0.09392545812286629,0.1088665859069407,0.1198009212848522,0.10276218954623975,0.08106825471669758,0.16560941720857789,0.11201548775048692,0.07681805323654112,0.028855685158668955
0.09047040420682761,0.17780953130903476,0.08679839596869662,0.014008789835795062,0.15350171212221234,0.21282749009760038,0.023525492696358907,0.1688590935889756,0.04812997305058874,0.024069117123910057
0.023107165470289286,0.032279216288260026,0.0877649359164233,0.1664464451663499,0.12881621983650832,0.14689408962613537,0.16546111567864444,0.06324646985913761,0.13380882934304814,0.05217551281520367
0.10534364798927752,0.0036402923395315347,0.007196407970733835,0.1382267238113104,0.046104177259170494,0.026511744228723978,0.21250547546412443,0.14753105422926344,0.17108344143340928,0.14185703527445503
0.09575755970509828,0.1186714838910178,0.0854994357796123,0.07642132707655164,0.05417926523075863,0.03162459488898285,0.1339425134690131,0.07322757985924683,0.16187573345828996,0.16880050664142857
0.08167382316626413,0.1519506982239476,0.01593513478917022,0.18953877570744876,0.003947305555148135,0.17231228571592663,0.008859149646304167,0.10244689284382703,0.1430748136516651,0.13026112070029822
0.02698490250183362,0.0021296686918479196,0.17365286584522976,0.12887424490021726,0.1318081865883985,0.13553065902230924,0.12236458994141769,0.1911666172058164,0.012856748838107735,0.07463151646482188
0.09648016221471163,0.15556672629127188,0.10908147740601185,0.04570734249561571,0.07755598920929663,0.11051249500742376,0.07300935517351693,0.07064294195532475,0.11870272772425959,0.1427407825225672
0.08254458667280076,0.139755969206909,0.13080627935168693,0.1364753355780427,0.14818326773169996,0.12565655355884867,0.020040862226453557,0.08871888429488396,0.06482802794934839,0.06299023342932611
0.030862434709373898,0.13175380873897477,0.07504482864374754,0.16440928587643508,0.1050739326848445,0.14482170203606912,0.023504872226967486,0.08979087710460268,0.15656454946369722,0.07817370851528777
0.010182744166957225,0.04770786943546569,0.14788006549308824,0.14587829115363204,0.03784272586622216,0.09926023810699182,0.12467212495090527,0.14499561131434177,0.07329997758597788,0.16828035192641783
0.03834264557597898,0.13722660461738445,0.161715565642944,0.07372677158241699,0.022362958609256186,0.10583536630209657,0.11713080452845885,0.16196497239306837,0.16955934236344689,0.012134968384948661
0.05280889873273486,0.07505341461952401,0.017358589401500455,0.12105707036613166,0.03396823090057799,0.1799156286067752,0.02870049865327853,0.16146566028445952,0.17275103563900504,0.15692097279601272
0.08146301045726795,0.18252661807330303,0.06275529233003284,0.020811862543709446,0.18739980813542215,0.1153617614543046,0.06042268898440813,0.031570531174932304,0.1002530379480016,0.15743538889861816
0.025957792883058262,0.07649006431624829,0.09138288911329319,0.10740791083934943,0.1415226748856646,0.1350208181423208,0.11719998862168098,0.058423972207428544,0.09815866380301817,0.14843522518793778
0.15088492378524446,0.21588663493063417,0.19881533500546106,0.12467971387407034,0.16612198930991146,0.030032077153890717,0.01054451224007011,0.05099386609140384,0.004887913880839021,0.04715303372847492
0.12287511472522446,0.06003013774007172,0.18833385561963156,0.046793202801408085,0.15433654596675603,0.13453311562067669,0.054842037782425954,0.1291351982235928,0.016575913768219958,0.09254487775199281
0.008471203909907602,0.18862070965200414,0.055750904821781244,0.08178251218613923,0.17958455389467023,0.17455116703954113,0.0075859878334911994,0.14455367149131482,0.05163611739531678,0.10746317177583363
0.10583281984018206,0.1609310061070088,0.13752146691584896,0.04248311510113155,0.15154069354060795,0.07111251026504628,0.008341156479972375,0.1473381474261996,0.0043570465905304395,0.17054203773347187
0.07160692402218757,0.1085594746912483,0.17511915706936812,0.11575054585849712,0.06596288188022188,0.13508347889390318,0.09666843697681297,0.1425842358745376,0.061094297622499155,0.02757056711072405
0.14420801624254234,0.1006126530414337,0.13785893227683907,0.11691139732138922,0.06631056450458318,0.0014251376527270744,0.13221190578291214,0.08101202605009487,0.09168203475480242,0.12776733237267596
0.10369574022159052,0.1524063282562354,0.06712774556812409,0.0891418392109919,0.1271766420540731,0.13816371772074051,0.09813352912266174,0.0019748669764632814,0.13617632721457737,0.08600326365454214
0.19868273980133222,0.10689738678845967,0.24069613512233978,0.11746013545274119,0.03854674432432568,0.0437300619214212,0.1276234711156375,0.03219389489830485,0.07376360993757206,0.020405820637865797
0.006126066518232735,0.18784779238078705,0.04089311747180285,0.19675204995434825,0.16147379852581514,0.11024209393298698,0.12821925957482086,0.03357794882707103,0.12386318157899757,0.011004691235137393
0.14608475645507704,0.019945500306125123,0.09251388430353115,0.07514601644634887,0.12339990162915922,0.14857232105748233,0.053666192789381985,0.16585426999229708,0.12187645779569631,0.05294069922490086
0.01792381504505217,0.0076472907111831264,0.03190383552843093,0.12042144933203143,0.10721906658565923,0.18098508940020322,0.09324645128699158,0.13414750206292192,0.13878379432783455,0.16772170571969192
0.0756881430508571,0.06364842292657497,0.0353088111097206,0.1578465408084464,0.1279346617962665,0.1499712357821886,0.08304316594468598,0.056615077129329686,0.11230058482991293,0.1376433566220171
0.03801798646512779,0.042624620238563005,0.1330029499427342,0.16406591868029977,0.025364155185642997,0.18907414757234764,0.08350992221785847,0.1102520983925329,0.03426456125013831,0.17982364005475504
0.12748668695436732,0.017134646780366757,0.1586605681480515,0.0884287123529162,0.03601321942356913,0.1489236042854759,0.08474442243433071,0.11852000446966127,0.07014622198087345,0.1499419131703878
0.04664100401835508,0.15359296110266324,0.21322833541225222,0.008016470219107284,0.11973949917524813,0.04413360173022821,0.12757677465957,0.1672007775001727,0.09793416427189314,0.02193641191050988
0.03432777475043376,0.15883217777973446,0.15018298775253935,0.024859487082122288,0.07608013990101331,0.038576803858428564,0.08860409497553359,0.08916888460479072,0.2671512819227344,0.07221636737266957
0.05396622453192868,0.15392735830789214,0.008332186420994998,0.09909610995175233,0.13906899541038623,0.04173320865607441,0.09744433335523503,0.044252404103909224,0.16317492882003762,0.19900425044178935
0.014742379661306716,0.09749821286654241,0.09363560618496962,0.14421903331416558,0.13212430244725357,0.09988934536654567,0.08258211702002125,0.16390385778855968,0.007968744881407487,0.16343640046922794
0.11974549620860325,0.16831707356762793,0.05262398083544081,0.04585696112560372,0.049169229695698,0.008905946892089458,0.09380096595878751,0.1010172583472441,0.20305239018059296,0.15751069718831226
0.10639775050979657,0.17653255644193094,0.06985400629185679,0.1499957047068439,0.014740135194159723,0.1787811741155418,0.04427434716232938,0.12119439872320299,0.04280086760924291,0.09542905924509479
0.04932943423686352,0.12417289642849251,0.031712239515291556,0.1628698566940588,0.1037449482473732,0.20352633921634325,0.062026887157268305,0.1899340501740957,0.029600066222112868,0.04308328210810051
0.1495444559769323,0.20159989494407765,0.04833597125271749,0.048610302171368226,0.12115338011680572,0.16714422251343744,0.042063681647310926,0.15489979012100402,0.05050209316248724,0.016146208093859128
0.052008157665207014,0.19309543623255315,0.0783238594820051,0.13191734874175354,0.011263757496905748,0.09333629626264582,0.03164168761339802,0.24277842619033743,0.07992037045924247,0.08571465985595177
0.08660624716850815,0.2000757475616665,0.0790400898229934,0.07510027394963592,0.12627732644286557,0.1956907640902346,0.057060012704965704,0.09764721843100284,0.023117548005701982,0.05938477182242541
0.07261787936327346,0.0008778382450450006,0.21717323218449158,0.11032294284157172,0.19559612949882768,0.21149728211487873,0.022848066181333598,0.04887896228658396,0.06360014832981851,0.05658751895417557
0.13884380332038038,0.10273696927081136,0.15197544349760544,0.13111976310823992,0.07885689896547961,0.140580348399929,0.04314399544765922,0.07641631199493823,0.11248173423478083,0.02384473176017607
0.18060605887983666,0.11613787213458406,0.16699480409870318,0.05327354475870824,0.16664228271575118,0.09469345564815249,0.05909047792088737,0.11872357380504066,0.029426548775646027,0.014411381262690167
0.16417220049686182,0.047986230044124445,0.10083104605937772,0.12760258030630675,0.062456935643969584,0.005084763635997496,0.12212025377781358,0.12062587429706811,0.0954570315602338,0.15366308417824673
0.12609087346505998,0.11819063042828074,0.13714490579533165,0.1336936024058969,0.11227884777248727,0.1340420824278679,0.06203938073176362,0.0032552442000286894,0.07020744143604053,0.10305699133724269
0.15892470496713929,0.06052874149544028,0.11936389500512791,0.13038820217040964,0.05676313123987151,0.006092418651422714,0.18234270759015622,0.15898730742782724,0.061671831134686904,0.0649370603179182
0.14277987835645803,0.1288013989499508,0.12751626647894188,0.06787772933734153,0.046371999590136576,0.16851146827393448,0.09107140094851494,0.003938993700523094,0.14291020355792533,0.08022066080627345
0.17413624972369984,0.12780278365252343,0.03719337200015206,0.05779979911657183,0.1500468795192191,0.10546792694826165,0.07993594597616437,0.18187148669028716,0.031702685407209795,0.05404287096591074
0.082260234574074,0.04094154532103355,0.10262045329436757,0.10820891445011455,0.08437284388435816,0.13003974940284288,0.1068947122890701,0.06681191136503746,0.13806777104042553,0.1397818643786762
0.03287778314570269,0.12328432230213231,0.22534384266602794,0.0304660737624111,0.025757406872045762,0.2115110262521889,0.06596732278799733,0.15312382775215075,0.028054820865127766,0.10361357359421555
0.10291525895402708,0.07128809193142237,0.007885035525668688,0.06456148678818548,0.0879101320308851,0.13587016830865364,0.05876221277007342,0.14360072059400558,0.16292763137271202,0.16427926172436672
0.14751410120171454,0.052249033206417314,0.15161245555416666,0.1091930007984888,0.010702628428224186,0.06362314279637754,0.11359656776019386,0.14834219957144296,0.12341809176554332,0.07974877891743086
0.12479774124420577,0.019044848121557753,0.16106356988519516,0.16165152411881087,0.05904593239126735,0.14764410015110585,0.08038773402151014,0.04013729790225563,0.020618431863264695,0.1856088203008267
0.02143057516535477,0.13803562955367862,0.12588150655398753,0.20927920903467606,0.055387715780023376,0.1459489115445188,0.00637178623659294,0.08818606344124078,0.017144949396962126,0.192333653292965
0.13294016388440663,0.08493291825881709,0.14507686687361954,0.09305630651543235,0.09232441442705171,0.13496370709677497,0.09598171033314574,0.04248864554328864,0.019702707162928636,0.15853255990453466
0.06954190563617502,0.13820402817306057,0.14097350326425612,0.08537577478609966,0.08808674192655279,0.08957029699812855,0.06898428889481026,0.14720045813974522,0.14914441502450604,0.022918587156665643
0.13551340005012588,0.1400305669185864,0.10741818644681007,0.1493297726292764,0.13863934535612074,0.036531235305481136,0.07908429499210966,0.08865529480741888,0.08519859711561298,0.039599306378457926
0.005328292074577976,0.14360435951350844,0.06635934157777225,0.16201619497410719,0.10905320298655749,0.12163295640025971,0.031504760819460076,0.16760078238085768,0.10200046079309832,0.09089964847980084
0.18389721654333524,0.04060306522374829,0.1600854155351029,0.007154931727178211,0.20837464903975372,0.12739966955628648,0.06294213642124678,0.0499680248048996,0.15259892751033094,0.006975963638117747
0.0999267401570267,0.05843938492323441,0.06729073310821154,0.14798250613526648,0.0012630964116903632,0.18480261447832855,0.12382786944199675,0.1706791516612083,0.07612509992152083,0.06966280376151604
0.021035311957328134,0.16059341673992808,0.1858545325037685,0.11516864393237813,0.07545445920514345,0.10757042505240669,0.09437079071795083,0.015855261065562697,0.19300362126629872,0.031093537559234777
0.1396729302492239,0.23324984944264276,0.021248059740321318,0.05330589951190308,0.07758458694320967,0.08097999667715414,0.2336346434252958,0.04715551044009916,0.028183568229615055,0.0849849553405351
0.19861026581168495,0.05441831228951533,0.043735440190066525,0.1774077164363606,0.13613603772101357,0.021247145729755373,0.09544751064808882,0.0815211901513835,0.15211402429985338,0.039362356722278155
0.14996207047730303,0.08184414997238607,0.07078141423814441,0.14065112741335006,0.11226916717713513,0.13362844766518597,0.09382757163889685,0.019204254865870844,0.09329057088071908,0.10454122567100833
0.1548074093797254,0.01818987644824046,0.14164055575100812,0.029510906169715346,0.18783539973038396,0.08682058472405296,0.026346153906944773,0.04991784372324909,0.12853933707418713,0.17639193309249285
0.23966707278190816,0.07303695306187674,0.07083564396349366,0.010480008774508887,0.14684064364000782,0.054958156080679194,0.02806030232273546,0.15925892531918134,0.014245188493215228,0.20261710556239343
0.017936574079211034,0.11432618160693535,0.1536103818730291,0.0654403114689812,0.048528205854779925,0.12528659789375032,0.08770711402406008,0.1349467402893676,0.19222187014022019,0.059996022769665244
0.145226326169793,0.03311714759833801,0.14548447176484428,0.07034701343100346,0.15151271966282007,0.10136188265501224,0.015326073497017619,0.26151113752854976,0.05441427571847869,0.02169895197414289
0.04309905204080945,0.19500227636342904,0.008827722281814927,0.22182592308645546,0.15238425499445218,0.007684054494845301,0.16891083081624045,0.04342709268139578,0.05590055420671038,0.10293823903384694
0.10637501162395537,0.1838175653148822,0.11496799914562357,0.039812027518479225,0.2068470760993054,0.06580150098028764,0.04594581370497873,0.11369086685927446,0.07646393595792257,0.046278202795290865
0.08221394158616353,0.16431135887571874,0.17115286917895908,0.010837766266852072,0.11919098644040865,0.033355062800810666,0.16506383658438353,0.12310001662244109,0.013979397554848299,0.11679476408941432
0.12063489160902495,0.01411798806882156,0.0412420869995637,0.14898316307948128,0.10957115113963856,0.1646607273345919,0.1939789487688993,0.022252550514833807,0.09209965175474817,0.0924588407303966
0.0335842870856795,0.17883478767249414,0.07187881604240057,0.09165265423326224,0.14904620879227684,0.18119637653105408,0.034830356128933544,0.06168810733592079,0.0601097556798792,0.13717865049809902
0.11950243629389241,0.1245860420807217,0.12576498430805472,0.1240327242400683,0.13732546085093655,0.10266317096880798,0.06713329104117374,0.08350619055178754,0.10614094414727815,0.009344755517278834
0.11607291654039609,0.1217933563142045,0.09065454057135043,0.05246039918586251,0.13060768113786989,0.014582753144507922,0.1316058917075714,0.13199491622603057,0.11166185357668884,0.09856569159551778
0.0217063302083872,0.169463267307949,0.08906996796514145,0.17270040969914333,0.18248605230872725,0.02239280554516262,0.14481399338857237,0.04056204457922301,0.08586409879954032,0.07094103019815351
