i = 0,i = 1,i = 2,i = 3,i = 4,i = 5,i = 6,i = 7,i = 8,i = 9
0.044132555272990294,0.17239537852210884,0.046732641251854404,0.0555058036648144,0.14416050366787933,0.10457386213273626,0.007497270439315465,0.14686722282037046,0.06416728176454105,0.21396748046338954
0.16269627284850346,0.21031271312015243,0.04300452238576301,0.03375821227104025,0.11514519718482917,0.19047331600999318,0.013584170678705964,0.13126359549328373,0.09218204329618118,0.007579956711547826
0.04450347004327506,0.03742896628779559,0.09037669569513485,0.005859108980645781,0.18039829616076655,0.09572400707089895,0.2339979960540698,0.14279200516337795,0.16546660867933022,0.003452845864705194
0.17582007030449182,0.05556041014453443,0.008172002498588536,0.16008959277900106,0.03469316240065066,0.03047156873668123,0.16091484637056142,0.14881519259100756,0.1404677119701471,0.08499544220433619
0.12220299139145527,0.14649944699962322,0.09900007776636587,0.026455277731618976,0.05399422658648715,0.04690120575130416,0.18581030431978762,0.05215223103909946,0.11176710573142534,0.15521713268283288
0.18365844630035763,0.012910275702076644,0.029569645540661594,0.1908565392076286,0.1948297140436667,0.03023447374858554,0.07135766107752371,0.14361824941354823,0.12710391272562357,0.01586108224032787
0.07813860170470029,0.0613529552940281,0.13864109166946292,0.08155337185923364,0.08852708077009089,0.07807887488047323,0.175395751316112,0.13827298810486577,0.07446317465788252,0.08557610974315062
0.20511689937141328,0.050039691103124936,0.06667394614842219,0.07680718668694753,0.007667393878676577,0.07275363362865789,0.16730119361617787,0.09352576881098106,0.05614210090183035,0.20397218585376842
0.033310994263172876,0.08332272959105019,0.11082190683697853,0.22119520118550987,0.049016132207008234,0.14565283024075248,0.03607984065861552,0.1371781556878834,0.07338732906409869,0.11003488026493026
0.19149188833262662,0.0003631812957803459,0.2374221221016035,0.08128939615605155,0.06833536882778803,0.12198677415592325,0.09158003355371942,0.12462465090816455,0.04974315694718409,0.03316342772115859
0.10852089594774401,0.052620096788583766,0.12174664615561585,0.18161837463516647,0.12492587068374235,0.02494037012375772,0.01778366813160861,0.1638085859961122,0.056072740352474164,0.14796275118519495
0.047505351086981944,0.08743191665963482,0.11251420598199413,0.06307452520594033,0.05297558066425483,0.1489876544890802,0.07976134973880213,0.1577181244164279,0.08936032174139331,0.1606709700154904
0.049209847693946165,0.04221057041592792,0.32420987485305913,0.13364639682624269,0.04101808639988581,0.005056716348343563,0.14333649570030182,0.0663575288894013,0.09457065747994452,0.10038382539294702
0.051188299936083016,0.047493444125252235,0.05385734955386298,0.18915730459843047,0.015992252743068414,0.15270378439145252,0.06837143608328772,0.13442683164354227,0.08538855331583359,0.20142074360918683
0.13655866651010204,0.028837790099826694,0.04175102797856152,0.11914074559641055,0.16332223865162548,0.14595900296599754,0.1525719069756867,0.12405995939496958,0.03116424282687892,0.056634418999940914
0.031381647880146954,0.1510613513796731,0.09780874071312363,0.13707493548511387,0.09191363469418491,0.11404888029212862,0.011200817557402588,0.14497858132908986,0.12834171020237253,0.09218970046676399
0.14272844130002366,0.2048567494036486,0.09262990258905687,0.06090467911007877,0.14125303326697586,0.033890363239798306,0.029940073666222162,0.21169044736308798,0.049742082751089226,0.03236422731001866
0.05201412696301269,0.14953238224812013,0.11546197260410335,0.12126481399580961,0.06277492384452002,0.08643701659359657,0.09558626525557555,0.021996779313312575,0.11750512323926439,0.17742659594268512
0.14915436097980284,0.0386570058504982,0.08120401330050821,0.0985496262311832,0.15012860684093438,0.15585215799999694,0.06394184724180779,0.11582591502738696,0.006801468926137997,0.13988499760174342
0.059681546213047096,0.0042200030763025025,0.014853426729013918,0.08731817615895612,0.19529942646304432,0.10001287372440801,0.0683898002038716,0.1124086077536573,0.17752002846656156,0.18029611121113767
0.15544468165185749,0.18962688011634682,0.11877568841034265,0.010610255430761169,0.17527507760301098,0.06782557939184727,0.1255790236058225,0.11871344038868968,0.007469266638209615,0.03068010676311177
0.1274921003979439,0.05588440947013645,0.042980478599224665,0.13082355027801407,0.11154936527042889,0.1436425086243561,0.07402321505759614,0.08551352668882359,0.10630298287464195,0.12178786273883424
0.032385807894799716,0.2650326110643486,0.16339472985051617,0.0780029938625284,0.01634022897725058,0.07197497762528864,0.04436581815846168,0.03856888885514519,0.1926119398953384,0.09732200381632275
0.11411203886309422,0.18925796336219727,0.09301945665750176,0.132610787815135,0.008753452437003708,0.07365586344064035,0.18091802121154069,0.11488543006061784,0.07494230915235439,0.017844676999914814
0.09337751316075535,0.06007089815212953,0.12122638135711067,0.01721786744498473,0.11267853642891022,0.005420672849914144,0.21407332560966466,0.20816042214641936,0.022155513164763104,0.14561886968534837
0.11211141528776811,0.01788167690078685,0.05156384368656531,0.16484613776251109,0.04485023087155262,0.2303868371063918,0.19949990476046361,0.03516370884093925,0.06373813929295932,0.079958105490062
0.08554037450407712,0.10873676196648055,0.05647948946953853,0.0414804934232406,0.17309171583644703,0.13851012775201732,0.1037032672815723,0.11136213295581401,0.08194066937505809,0.0991549674357543
0.13149176782722077,0.014422047597427896,0.23150473878732136,0.16690222039298436,0.009376339145414992,0.04655955576044813,0.04595143803928162,0.10724510766608648,0.1979921877942094,0.048554596989605125
0.19190805656296103,0.06087447539865489,0.05581756311045321,0.07943322423405791,0.07855623939318086,0.0857266978342585,0.11889823132389458,0.17237063154774307,0.0587272548226408,0.09768762577215519
0.1538063374640639,0.0466784918111763,0.055481948402589104,0.15146617584820785,0.09527026373127091,0.130895895541082,0.009987690753039367,0.11299020442021791,0.10145738252741549,0.14196560950093737
0.18148888921010603,0.06321496833478937,0.16578973171359995,0.02016983011283797,0.013766175180810674,0.08524654646791412,0.11440347712418722,0.063185175734071,0.13051569379372535,0.16221951232795845
0.03010310561058093,0.14788498446939385,0.04120893187166176,0.14525496726540402,0.05073802851626089,0.25523640265504416,0.12640327704808393,0.044072170376445584,0.016101622544270753,0.14299650964285404
0.03723221196812474,0.06691344589716405,0.17175752061173985,0.136431358700119,0.1790020213756215,0.08288628513249544,0.1761961569181437,0.059108037515106855,0.08101918107670683,0.00945378080477784
0.06743406819738179,0.07353522877037608,0.049997763735339665,0.09158114850090644,0.18446108022001395,0.11831280815284247,0.11558648543195661,0.03666632982684473,0.13554734949691633,0.12687773766742202
0.09960636209813471,0.08181487872461231,0.1291702861332811,0.12018995969529873,0.05383577297888045,0.07715472836500833,0.09781903066780315,0.04867739237792787,0.1298096605449033,0.16192192841415004
0.1283146544740487,0.16407791422715567,0.0340877058288248,0.007428217216285249,0.015656412675814628,0.09089819268359366,0.17530510509959774,0.11022211378739372,0.04583072651813149,0.22817895748915423
0.05020206353033662,0.17415939495310137,0.004875117727248659,0.17694829910484722,0.02496536107896268,0.17590222699519395,0.054080526866478275,0.05483725089515465,0.17624395872628695,0.10778580012238943
0.01774317028061708,0.17076247085675447,0.18473172841961072,0.14765849821070426,0.1671483312132054,0.028462898238798055,0.06617385941769227,0.01480085977892777,0.05812275021938048,0.14439543336430938
0.08158585653350754,0.11229198242279417,0.11990647693090999,0.05375717817219494,0.1568718994823854,0.1273812987018337,0.06159133075378729,0.16012277088287513,0.07626338085484222,0.050227825264869554
0.10698518003421097,0.047521411324087666,0.05635174448716716,0.10631191151311717,0.21051250936466948,0.15953824783191956,0.09295690333413426,0.08949739076024835,0.006373524900495189,0.12395117644995025
0.1046315962078313,0.15403512421888452,0.14837129451461428,0.08771452870079852,0.10847387038839014,0.01226721489051031,0.11738840538640247,0.08798429129227764,0.10778707212881473,0.071346602271476
0.15150934475646632,0.12170756814420704,0.043446175377924535,0.07552195427379682,0.09491892387605509,0.14173653941365452,0.09428252386637302,0.04466697757280612,0.19165813190919503,0.04055186080952163
0.13277271242795358,0.17310262865281706,0.061048669834527516,0.1064909762910052,0.016649552659531344,0.10432545501407342,0.0998255104905058,0.07023343520378415,0.17911349194981377,0.05643756747598808
0.1130303743722422,0.008544862963553,0.0870957296252317,0.19380966963161864,0.07255052684144757,0.0996714985627348,0.015042047572182977,0.1611244597467569,0.17423148345904294,0.07489934722518925
0.08135910743043176,0.19542848533811544,0.05295657887128672,0.029944308781959587,0.06259719327592247,0.17939065245454774,0.02976123515350301,0.009579435637111663,0.19979733929791307,0.15918566375920862
0.1720461341435143,0.1424400470817055,0.05131208060400627,0.1056313736828134,0.17210646883637637,0.05964681248445442,0.07850021747624811,0.05960404171844119,0.15618317309845534,0.00252965087398513
0.0090671051481946,0.13086871941026532,0.1895232084203585,0.05707064329818786,0.06655479620337164,0.20950657907399492,0.1395025002630336,0.12969568054785388,0.04024190536741975,0.027968862267320125
0.002215189252899443,0.17513811231016826,0.021096834166183732,0.08590363810635519,0.004481254347553897,0.1967517737664228,0.1445873783020741,0.17027947822837416,0.030838331796414157,0.16870800972355413
0.18494372628492026,0.19277922951712237,0.07096215944143568,0.06771136263617947,0.16824597720678028,0.03493681675202734,0.10268723352693286,0.1476809253571181,0.009581055623868354,0.020471513653615256
0.10240183023738088,0.08110193633210337,0.1183733841096824,0.004213406046236328,0.07493667389542558,0.05152902682889417,0.1455540900837657,0.18376171020245158,0.11024898631221947,0.1278789559518405
0.0651853815442261,0.1301307261553599,0.15217795438781923,0.15742140448977168,0.09328113499344047,0.06942973283310776,0.053182570228578536,0.04125024463260648,0.09632322266568813,0.14161762806940176
0.14209186235662258,0.09083765151944774,0.09746532127604048,0.07503811770631806,0.13656678925521099,0.03991765385329339,0.07963655658336358,0.12495807978102604,0.13515422883948344,0.07833373882919378
0.2262981893142319,0.0432924653488472,0.0828851052569304,0.026680256241540305,0.030880562317371983,0.07561998801314589,0.026021657943487923,0.10523480904483926,0.1168386264151741,0.26624834010443116
0.15794889932772324,0.05768769080976478,0.1844685708785889,0.047444642517083024,0.06360973871610609,0.19047422031003267,0.07519274133375382,0.03447444376459332,0.16481592734835404,0.023883124994000058
0.1703670432173514,0.06266157509199492,0.03707959957026748,0.11037011483367666,0.04821072911280382,0.1488906903471067,0.04345142026836513,0.19261626016716846,0.013096923937995338,0.17325564345326996
0.13325504485263262,0.05568336467060236,0.16184736380952772,0.04319384600422855,0.10365504230622298,0.07666562973152558,0.1250424152214442,0.15846663891523557,0.10813419208497811,0.03405646240360238
0.09588782703474284,0.11757534881545588,0.22719268119556096,0.08246765718128082,0.0407764076739166,0.09872957885695313,0.2500999511578531,0.027153066330160944,0.0104665946328422,0.0496508871212334
0.04025657252260379,0.13380395945385304,0.12773020809349514,0.21200850873923907,0.12802777340084465,0.2067037353042441,0.002994571070731849,0.04273453474450907,0.03680271375504255,0.06893742291543681
0.11170699657384636,0.08382290919137024,0.034578589112712214,0.06044656576437949,0.135647814818882,0.11089967700043808,0.134602577434838,0.2235984483115183,0.0008078492741831872,0.10388857251783225
0.06921326779042472,0.11926126670891755,0.06428341629431696,0.1645064048589867,0.14386905466030547,0.15646481434751772,0.09098922073405333,0.0170031547971119,0.15891747800117634,0.015491921807189382
0.09798917906666778,0.14204936631142562,0.03945657097362379,0.11889166581135678,0.15098563491797107,0.028989866995521734,0.18620939056571745,0.053142872891179756,0.1556667707729026,0.026618681693633333
0.07959714096477474,0.028153267114909605,0.1637662138260429,0.14352608218792615,0.1764051760114359,0.0446615927253128,0.1594427650888337,0.08896344986968735,0.09684478190785509,0.018639530303221814
0.12036497891213233,0.1120172025399749,0.12197610880197962,0.07142408196107987,0.11667699806975029,0.1262605008072155,0.06732425386930159,0.054984330480989975,0.1539422552518153,0.055029289305760565
0.17560507364705927,0.13383443724789706,0.11010096552896377,0.14924187252127288,0.06553690187070137,0.08377581479001614,0.13306489019314738,0.08375364386950872,0.03611007815324339,0.028976322178189858
0.06893462786108828,0.17961008328457562,0.2171273160868178,0.03709620156883023,0.11642781190929005,0.08317496543184455,0.06463672528830836,0.1031087616541037,0.09756816567933474,0.03231534123580665
0.1499222452578935,0.17008354673851017,0.1343651694640577,0.14547720606993075,0.04574434941087707,0.15052602563456163,0.006306292554459235,0.11179805133103352,0.04134344195273979,0.04443367158593679
0.09263688008465494,0.12571542258908494,0.013935845672226879,0.1180889580303243,0.05380861866359764,0.12564345233617202,0.14486956321432784,0.13551799623180522,0.11670157829155599,0.07308168488625036
0.038682357183013036,0.061543975665115526,0.25092410040771373,0.046574189422809414,0.18740324222229002,0.016952165410271145,0.12354047860819964,0.16578116005964974,0.02391508655620713,0.08468324446473059
0.13065235874962758,0.09083315543085806,0.03920956490327801,0.09188965254510423,0.08003138716162407,0.10904978519507862,0.09416703596536732,0.14414834298878818,0.13138168400635655,0.08863703305391736
0.0025702119327247895,0.0937392702576021,0.15016064830436182,0.14649318491629854,0.13901188997573025,0.06849219239772243,0.05362654928634396,0.016896915161033636,0.15513195126438445,0.17387718650379796
0.12134192022564802,0.12473749562129169,0.12089426621821024,0.06127996133594036,0.030287211278681864,0.11772021591339776,0.1392404368581786,0.10031701508117663,0.05461215107354456,0.12956932639393037
0.10766664670589814,0.17019983269415867,0.043727120971230854,0.1471800045828107,0.17928455743626082,0.03381436732503554,0.04854078535651282,0.024268323786433607,0.13508277939974841,0.11023558174191041
0.14774150179146864,0.0921919212416243,0.09717838143643527,0.005125236360992037,0.12288929872932151,0.0008837635822001641,0.1074804608760526,0.15378203591201967,0.11459971280772574,0.15812768726215998
0.10217160282961557,0.189881537097689,0.08975816915671991,0.06965128611736213,0.1668784104898157,0.0490911747120802,0.12401507873474829,0.005445481917453794,0.17232991117816251,0.03077734776635306
0.0438043367581521,0.10479942230656113,0.08247623752869035,0.2952126766410257,0.06369359178136874,0.05037411899606479,0.08150114663451068,0.08793404158956357,0.15962278382894318,0.030581643935119883
0.01610613834247596,0.13118711551846693,0.11713864815483883,0.03875033469564705,0.08761592646729327,0.13517505981345093,0.09968737663756437,0.07623403498976777,0.09590832388773686,0.20219704149275805
0.09160857867606717,0.04989502842835267,0.11772252488403677,0.10415528474289032,0.21485273948085276,0.1980598765747516,0.11775996154311077,0.01573229552316451,0.028019823117047475,0.06219388702972588
0.13730387583839457,0.11524661600765994,0.018265722343647175,0.13027910632324233,0.11468745330392684,0.11974213626635304,0.1207587654643771,0.15218318466443317,0.034642270180883214,0.05689086960708262
0.09468674372366047,0.21217168246991383,0.10095585265828384,0.09015885832045921,0.05104399310820133,0.11614351120993154,0.05752075582630643,0.06721096302536109,0.06383186402480946,0.1462757756330728
0.11724658905077324,0.05986524771080517,0.03636099496127058,0.15703238151133828,0.08798013561670787,0.15916516477526427,0.06999031525515514,0.15343528710822574,0.1347232532326731,0.024200630777786784
0.018887204893033638,0.010662870222633116,0.05129182643861892,0.131945482474988,0.16073266772139244,0.1896184970761494,0.16146428173489738,0.1612091854382711,0.02603690074535994,0.08815108325465616
0.03840028855590426,0.20310596930275468,0.006324132460684422,0.10091512636218355,0.013392801562053065,0.23763466349923315,0.005866517394986989,0.11044877376307374,0.1225089829504877,0.16140274414863856
0.08829121224367588,0.10427193825231479,0.125130953630767,0.06049848936894333,0.18657757404891373,0.1372508083792238,0.07559945622385279,0.04185417560262611,0.041149731401249064,0.1393756608484337
0.05634762784621263,0.030416578461639532,0.039733273547778614,0.16726478695266653,0.16931967513794444,0.10890760213275226,0.20139654650271355,0.0012776868007332567,0.033293958972550844,0.19204226364500837
0.01463561519050821,0.12324030765400268,0.047866007072171216,0.08724712651661264,0.11340742490399972,0.1414494339566941,0.0294351054930962,0.08949576109351766,0.12979767330240724,0.22342554481699026
0.14251598619787073,0.13186145805332375,0.15647015063716188,0.08650114819579911,0.13438949432411812,0.05342411038225534,0.052257127749199155,0.13429621545837203,0.0020463559814581154,0.1062379530204418
0.1094472326981519,0.19157122630624127,0.09151172016663972,0.048250992928437354,0.11733755963036023,0.13729521278568327,0.015079853342074847,0.06519156131308,0.0006649210566233732,0.223649719772708
0.1831527898465802,0.1679828006841989,0.07435186335328835,0.025646215643709724,0.15414561170092733,0.1372999921028031,0.0200330048104873,0.0706190029956546,0.0814395217797365,0.08532919708261401
0.05675151626201262,0.1353927967385511,0.19351618702491136,0.19983725573790517,0.19881531315932732,0.010773085200043614,0.04271392511915682,0.0244198556391839,0.10586647537424744,0.03191358974466069
0.008480167949241243,0.2112599562747358,0.17340733413853643,0.09222729131989177,0.0648505588802278,0.20577071561500934,0.0938442028465943,0.01994219292202282,0.07908255291608489,0.05113502713765555
0.17414836771285275,0.040620710731343525,0.18123919589530477,0.026758800888364073,0.04451753931555484,0.17614021678543956,0.02658853762443126,0.1539298184525578,0.02213675676741528,0.15392005582673612
0.1336775365644479,0.11829608618466106,0.03657333413045302,0.059624987165716195,0.1059596779788126,0.1403964547152422,0.009412016425904814,0.0800432560449961,0.10806296400575487,0.20795368678401127
0.15656352596506698,0.12805029949780344,0.13210388528403477,0.1379678161295882,0.03361689658879838,0.119037442702614,0.1362906064704375,0.05449647030099064,0.053899903858877614,0.04797315320178848
0.045827087409355496,0.0005347071885782591,0.1212732487586639,0.1641177659176704,0.06541543501285413,0.06937279489317486,0.13384687744208665,0.12870962732532273,0.13228331887212294,0.13861913718017072
0.10479500604785504,0.06060017902956375,0.05465574010765087,0.04024619740153562,0.12310875673830643,0.14344919528204483,0.17082245939270507,0.10401408270031554,0.0372250301929255,0.16108335310709723
0.05316991047947885,0.17514765962144374,0.021533415163351447,0.0014551980065275114,0.16262742058804677,0.09434683468537212,0.18232436762940427,0.02927728333539316,0.18456849718302437,0.09554941330795778
0.15282813014347849,0.05246548045965995,0.15806257750408087,0.047856180786715025,0.14754698612860528,0.1371296541128132,0.07660303820453168,0.10838878644175647,0.11161793002693503,0.007501236191424017
0.14462401400139244,0.030815299454776447,0.11158881600970465,0.009790790000216494,0.19293307162126588,0.10417387907432021,0.21593656444925388,0.05598486138046239,0.07706501558551164,0.057087688423096014
0.11148978353733613,0.17985286760836391,0.16197374763416356,0.04021879821999824,0.030648542108436674,0.03035188820048001,0.11491230981372827,0.13235318974285884,0.02493642447300425,0.1732624486616302
0.0716815158193206,0.1900390044215721,0.06721872798683057,0.057773116078570705,0.012763474773705444,0.11901054584308174,0.17532894310849298,0.13316431385465263,0.04074071605414047,0.13227964205963272
0.16450574948905655,0.14017958524135105,0.10294473743198063,0.04193535234285998,0.14767775136408876,0.004890547499208616,0.13102871916196804,0.09275722398650756,0.13615916416831625,0.037921169314662516
0.11097732924908428,0.19138631824271704,0.0727647170123088,0.17862024905652688,0.056022845936134116,0.0703538235189986,0.03805731419380979,0.000505224951962657,0.06404449727969536,0.21726768055876233
0.14342629555446748,0.1336203482426686,0.08789392229271727,0.08773126676174306,0.04323782695969933,0.04639871384315569,0.14722968270515732,0.045860919691204184,0.04776987674062373,0.21683114720856334
0.132111330204876,0.03221788491969623,0.1027910781242395,0.13068702869128776,0.008493649582392427,0.08098077905361852,0.16701268765397348,0.1401911639211925,0.11064162406975496,0.09487277377896873
0.06418543787450769,0.16925167648086833,0.02216582412307791,0.13148908956591177,0.017595723234514353,0.02900772212955559,0.179215407048664,0.13730412821614982,0.1507001543221646,0.09908483700458606
0.14490933212822785,0.1086789960479488,0.07010879654689989,0.14859700469878537,0.035454401676185354,0.1619852011932796,0.04385243079113193,0.05739247118714994,0.17334099654126492,0.05568036918912641
0.00785941817045032,0.14201797680292486,0.10519117709613271,0.18112426132084827,0.10060632458662061,0.009958184043740931,0.12732424952816732,0.11016815701599404,0.17215892080254352,0.043591330632577405
0.030987801366979505,0.14553716105277956,0.1655373025743131,0.16238510723887256,0.08580585388382851,0.09920445695098846,0.07127789833176032,0.11731329659878786,0.008066850801549027,0.11388427120014127
0.13013548665384048,0.17028864420210293,0.06364884836641645,0.006887230037904584,0.07911954823343594,0.13145791932462106,0.15662518328343575,0.061537914866019575,0.038003504304617096,0.16229572072760617
0.10874265711571743,0.04103971864977398,0.08616324212982586,0.06161749308413923,0.16163243189638968,0.1622437190410539,0.09728347350727731,0.061942552911710594,0.17267335659428873,0.04666135506982316
0.22851615281005488,0.07762204911082128,0.04669658813471369,0.13941963400012902,0.11515693729066334,0.12607899125618954,0.05909378872214286,0.054594553025817914,0.06505506401568736,0.08776624163378013
0.13318529498469903,0.13780687052976748,0.08017417998805969,0.01118760942585949,0.10704700147335533,0.005708821162096158,0.14313488734776897,0.14015570661821797,0.1908025792387182,0.05079704923145761
0.01749169615155702,0.1658364867153385,0.12485964473826278,0.1746745941428361,0.154753214618818,0.041875490514909144,0.07349181376337885,0.07006679309633188,0.15193133245619395,0.02501893380237385
0.1755154640539639,0.10633676145045791,0.13133473793185033,0.062176768864291625,0.08758236617999524,0.1106630194542482,0.08721495349832428,0.06501139572470044,0.06993533777860801,0.10422919506355999
0.17347058912322086,0.00957961837029936,0.08064304058282966,0.023058200067783783,0.10085494970458081,0.00911764732112713,0.1614145365351724,0.13864097761304603,0.07182313638915773,0.2313973042927823
0.0599494782602096,0.14327100778555202,0.10938788273360865,0.04329195962055913,0.06759837423758237,0.09171542013665641,0.11645883103020493,0.17555935566562167,0.06175282583304442,0.1310148646969606
0.10660266763122689,0.16481499603363503,0.13649046918136526,0.11513881810076151,0.04730386892634129,0.04765395465506357,0.0429023615019557,0.16704396936578494,0.11840483570088305,0.0536440589029827
0.10670524277911843,0.054624472478757305,0.010867889613383449,0.14403735652925154,0.1724666021140224,0.11627757002429594,0.11083085170905099,0.0991906371128247,0.05956124918092422,0.12543812845837107
0.11948284916387407,0.07476995920414573,0.15599507389101563,0.05978892973482032,0.10737847889178191,0.06105180893307253,0.147232377766912,0.09007360832271205,0.05746853518954508,0.12675837890212077
0.03217876264730317,0.06909230476333177,0.13025132326734165,0.10558785859693177,0.05696865692581135,0.14010687387745027,0.1657032507481155,0.05521512058440908,0.14585198621061532,0.09904386237869016
0.14718368437333748,0.12591158792528084,0.08773475473262964,0.06158106341221316,0.05362805979609387,0.09877623726467571,0.16800683103246344,0.07967815811176632,0.002310141631104135,0.17518948172043525
0.13475933539151,0.11354294746164005,0.05249401069404215,0.11836570795829318,0.1118534462409549,0.04808663897385083,0.07824126516915457,0.13656897017016045,0.07741204782404604,0.12867563011634778
0.12545172878413066,0.12346646403348316,0.10039820998279146,0.006540131361224661,0.06157616328973502,0.12072299028417668,0.08235606433332408,0.11869262935519126,0.14097545559886068,0.11982016297708226
0.006796222058376108,0.0703780517105682,0.23846969013502517,0.05681565206609068,0.006741009742677292,0.1301094043662538,0.2666698311977863,0.10674874328787862,0.0025529519151901467,0.11471844352015378
0.12343793008516618,0.13833132538778678,0.07046011671492301,0.14163766468691166,0.07335942936178261,0.07138883125755098,0.0366252324507087,0.11664454200416535,0.14564920879122603,0.08246571925977879
0.04032452930694383,0.165283287960544,0.15953229871821975,0.16105157435534734,0.1410516929299391,0.04070149506467509,0.08422822229845663,0.0848671096054639,0.04802806304718977,0.07493172671322053
0.15674220193587174,0.1051435191920186,0.09064388327628839,0.06471230545675118,0.16802219713299552,0.094450933508135,0.018047746985107613,0.1280808240911896,0.09933635915380595,0.07482002926783655
0.04638433077927553,0.1144795159813011,0.07169113441059541,0.18769393274776286,0.174399659343639,0.03809954836685337,0.04511961181611788,0.030747310012888412,0.17969640964478145,0.11168854689678494
0.02534729632095163,0.17678074818177694,0.06358262937966658,0.226961398492357,0.09528829943920067,0.11657474539700297,0.066112589869998,0.0560049959531602,0.16990795914318862,0.003439337822697582
0.03347061013512929,0.16949144858687987,0.10539683895358032,0.014084112042449567,0.15651785434621865,0.17796749990891292,0.04895791463468641,0.15757103939616188,0.04542167002433084,0.09112101197165041
0.1087553147144503,0.03734359442872285,0.08124293891421464,0.19409839217905672,0.029176799170434004,0.20022143027110392,0.029426453178346794,0.07712876661737594,0.16485848919516613,0.07774782133112879
0.003398936162360301,0.14843614806305522,0.09267878973414768,0.09692771253251482,0.10929377092679873,0.0751702899373752,0.19818950823604697,0.01615285297656926,0.17823217516503984,0.08151981626609202
0.044538883493582725,0.08709180667232605,0.0592484205254091,0.14785677127513297,0.1189286212281296,0.029648307406016376,0.1301709669577132,0.11970174611620141,0.12330317895380162,0.1395112973716871
0.12812485738605242,0.056707014584399924,0.15837134357404256,0.04913902276561377,0.0900074830983897,0.0939427699498732,0.09825327536777007,0.15506598905663704,0.021235440357699337,0.14915280385952198
0.1388282724657287,0.060684324918087,0.048072589105013545,0.002124180159223125,0.12557269432481005,0.10794061584926638,0.2549709975643516,0.032765709403694165,0.154906567798378,0.0741340484114475
0.13226006876135488,0.03176990057444352,0.10272838579007752,0.1456086833223561,0.07192081383683223,0.09562547481191089,0.07222796967241017,0.0372112137985366,0.1492483199147262,0.16139916951735186
0.14711368663210891,0.2758301180968002,0.058999964880923295,0.03716298870417899,0.03327337898237636,0.05115531252752809,0.13975973407075998,0.011443659182907975,0.0028401098526215423,0.24242104706979453
0.06893891624737851,0.03307046381140704,0.025424263541439777,0.12981634412851006,0.21156063698394162,0.0036517235382794925,0.18377361845673887,0.08274585065733008,0.21430352770536193,0.04671465492961268
0.10861932289853672,0.03318708551308222,0.1520803366770931,0.0656028582056867,0.1449875808157116,0.013563247055612137,0.11494734318318395,0.1610139042381046,0.045752437015926704,0.1602458843970624
0.12490259014386924,0.04700698048822931,0.01635796638762791,0.18796572412143617,0.123156521300224,0.06797316357086962,0.08019885534140606,0.1781698013496149,0.056513783555221846,0.11775461374150101
0.022830278102793648,0.005553650761360604,0.24339855303254235,0.04159606416679769,0.14426734403035096,0.23859199058156552,0.017027209543451972,0.22577488361667714,0.027452131027503338,0.033507895136956824
0.1416133452042257,0.03269024308876827,0.012059455920406156,0.11271664494136413,0.01840709829511807,0.05775081816789387,0.12666247454581483,0.13534151680792567,0.1486810658645565,0.2140773371639269
0.19660394831847053,0.09668789174092383,0.048420523956797294,0.20625085681992128,0.06018823467830425,0.0035544139110308087,0.14730904368748418,0.042611774392999194,0.12074400573664157,0.0776293067574271
0.16813035729696052,0.06636274124925287,0.09166325968901726,0.04461345987672037,0.21736489522432073,0.035448132430832426,0.20395846301124423,0.0003342192048789087,0.04816376235739778,0.12396070965937492
0.11694724689332212,0.16824146862307635,0.1125127924125162,0.0011910120118532874,0.08856846495648557,0.005300423920827282,0.2284699811161502,0.11983847048860452,0.14587180699156557,0.013058332585599044
0.06447306910306526,0.10337548078954359,0.019614428174090356,0.023723234100111668,0.11759734818022839,0.02134345393664164,0.13904267250727148,0.18764032299676417,0.20453460773325693,0.11865538247902664
0.06667430961390246,0.005426263116179085,0.19983526490543088,0.01840966697299976,0.0410716000253318,0.1771459367988837,0.17849547441079003,0.039331652418206624,0.14211680915271696,0.1314930225855588
0.10210109360311054,0.17693477874088198,0.0868261141511686,0.24354290324937722,0.043638854187991995,0.03400567100191217,0.02663547036666714,0.16344951605346417,0.05062689200693708,0.07223870663848905
0.16647763124769643,0.029666729660267357,0.21636789908726023,0.15580023331919168,0.0414995373602198,0.07652396813524444,0.03564309596390442,0.013999167338641113,0.11768983261633874,0.14633190527123593
0.12176309735431357,0.01661815942594325,0.1089884377789686,0.03023805883053886,0.01846452744047895,0.16809170378066127,0.0013212839987111666,0.19312344147518712,0.08103252575635503,0.2603587641588422
0.05731276507916958,0.21722147573534523,0.10974098542224016,0.03190614310731626,0.04943108815939338,0.02182133149899357,0.15123227388185853,0.012373264863832743,0.18905535025973347,0.15990532199211713
0.17950261649104285,0.24372902651452072,0.05335079151450945,0.05509853569602145,0.1298657027078921,0.007065295818621294,0.015135502905073477,0.07809348557628858,0.10222555472756918,0.13593348804846084
0.10505437932974394,0.16558787017142465,0.13355691084108479,0.10489220675033135,0.16561470697188915,0.003683673857555671,0.044848669657303844,0.07785205392066231,0.15624909261715583,0.04266043588284828
0.08515896882183303,0.1255765911305058,0.15740748960937145,0.15954219448174428,0.10013527397333337,0.09662814211151796,0.08231692224720791,0.05060827365998315,0.07464236017337826,0.06798378379112496
0.02175710602195176,0.12880102481320027,0.13240001154072636,0.061222842627644,0.030815012106117156,0.11033577945165418,0.11645422698273053,0.17099905303481555,0.16223521566220364,0.0649797277589565
0.16294051496277243,0.0014731994291546666,0.22577552963302353,0.1660434533472669,0.11824633054943025,0.03410156285671172,0.023220036186379543,0.09327885815188752,0.012330341148550682,0.16259017373482273
0.11677045328718098,0.09044128655810509,0.00018558087839266985,0.16483626331459778,0.05466622975321959,0.05938743936420444,0.09398763750072006,0.1700195592503984,0.1357912952979982,0.1139142547951828
0.14343934975211528,0.11624751858204521,0.09836205612985272,0.11777470263053126,0.0959701220560961,0.1268440285870443,0.11111981589276825,0.015272514609572562,0.1416738188490868,0.033296072910887556
0.15220609159323667,0.02575880865748141,0.21046623939161177,0.17544921565843996,0.05555804974660514,0.05676743438406532,0.059229779534940824,0.01233061582674789,0.11946370293247764,0.13277006227439325
0.18360023191633842,0.19969236813612937,0.03148330894670585,0.054962555987746,0.004111162655927427,0.10592147249128211,0.18607811752221767,0.13679813587968548,0.023382476536626656,0.07397016992734082
0.15065634960870852,0.1533975789608278,0.028370958220502878,0.1130954568354338,0.06919129509446784,0.1299028697369977,0.13230269958187263,0.1370970851887584,0.06666477371559647,0.019320933056833946
0.06670103790756957,0.11926597492661373,0.1269386777573525,0.15569825884904323,0.020591800051837705,0.12602480387560963,0.09566531390545809,0.08031693345465186,0.10803368122617826,0.10076351804568545
0.09960286225970941,0.06392768398626054,0.02482924081253961,0.11367610068497452,0.010136634991810396,0.15865097316684046,0.2002892524811741,0.14239553063470886,0.09245508768298338,0.09403663329899874
0.18069617888244194,0.08315301645693897,0.06622602577494208,0.019927721295659652,0.0237538504552414,0.10237308417914748,0.09117461110170179,0.14584714334416324,0.16860081020380224,0.11824755830596119
0.16245167122563517,0.14749453961067308,0.026095037845887438,0.007232123241840665,0.1294396828028136,0.14544852190613056,0.1591591355238949,0.09601711595372862,0.11410675378234918,0.01255541810704669
0.20024717380358784,0.11540750844810736,0.07784677493667586,0.02058922218380305,0.1379913629744321,0.012340061127344757,0.11687510025353626,0.04686277976135111,0.0991299575854553,0.17271005892570643
0.04807750093886176,0.1558856677195001,0.18290369563948303,0.11507562611627996,0.05496896235292263,0.1644460758861598,0.057569736367250796,0.1262702228265366,0.048084485778624356,0.046718026374380904
0.14243701505326586,0.14590573650907232,0.1375330620923828,0.050936334859289535,0.10992693577893259,0.08429600652727888,0.029902503842902186,0.13275729266946007,0.024944950129623025,0.14136016253779263
0.02504772819785226,0.22070256585019568,0.019073202721296645,0.07146424149046722,0.10432779384763352,0.067190683579307,0.0914632858849604,0.17740203357194284,0.02126490213057534,0.20206356272576925
0.08434192003642865,0.1009868322510348,0.17679887144865383,0.10202095313294864,0.022948520663611256,0.14682639759396707,0.01264231908788241,0.1756926875765294,0.1469127410085493,0.030828757200394515
0.11402797634227982,0.1354675620454194,0.0918984180172761,0.14858592071223248,0.12046444729833226,0.026911706849716936,0.09302318594484424,0.11095859943276161,0.015016099121833668,0.1436460842353033
0.01947236487661043,0.17164600876497826,0.08472052928417345,0.10001112821711819,0.20312673911770682,0.05432942418693731,0.15194919355911518,0.073115779529755,0.08519188574049319,0.056436946723112176
0.10740673252089716,0.12241098407488125,0.03598125122306247,0.11882544906850068,0.15230860733589988,0.011375267295564373,0.07498622761586968,0.1346825992179875,0.07329156479286672,0.16873131685447038
0.10371808788495009,0.08877954474442061,0.010384945186425066,0.14284799074505397,0.16094620798681084,0.14831042451431997,0.13148427869867874,0.0536775453089908,0.13448415407076442,0.02536682085958547
0.09755896802282098,0.13912250015292835,0.10889688587690899,0.047614233025648954,0.046893662536095934,0.1282420097437988,0.14682743771614207,0.07711404309091362,0.07140096230415054,0.13632929753059184
0.04963703224684353,0.07155251285729465,0.1090793899560211,0.026898412840264344,0.06543701361452388,0.16415870858560405,0.17798769832459102,0.03939974769733147,0.004166690405073111,0.29168279347245285
0.15996721249035195,0.20635256463260318,0.09607149916958221,0.07580412242949529,0.02934587444191905,0.12340012403930219,0.0339593947141233,0.13288687348167622,0.05435178024127984,0.08786055435966686
0.10866707157481743,0.14131694044352558,0.1619878791809952,0.03966057821875346,0.07304543749619824,0.02197227107679462,0.12313688763299048,0.034112134548069516,0.12752749961940626,0.1685733002084492
0.1831625627542671,0.014416175819164078,0.15398290717649488,0.04734618271414634,0.14478390976506764,0.030440421595155982,0.11932218007722374,0.07627585649927762,0.11975713126962854,0.11051267232957418
0.09820556564661295,0.03861290676910359,0.09405030117799637,0.11527825714288044,0.09030417615431348,0.1263250090166421,0.04818454039655143,0.08270773062970257,0.1450495847046626,0.16128192836153465
0.1313716000469249,0.13407778831577677,0.06332025175058581,0.021057601435086393,0.030013475729708104,0.04787811187064091,0.16297739622542112,0.1658945529986453,0.19918720497865197,0.0442220166485587
0.1233663283065092,0.08807515877431103,0.038208062442813634,0.0543438893023578,0.1257778986067001,0.19479292578876128,0.0317359336913464,0.18789066724596595,0.13371738459985413,0.022091751241380308
0.20409459694752963,0.18799496533176416,0.07524489383940225,0.0352397965562623,0.014483508142610815,0.06968819386773006,0.1953743481055827,0.025278040007695207,0.115974803298996,0.07662685390242692
0.03723816344019361,0.15203317771135494,0.08226730659606978,0.1547833289654147,0.06262464061466445,0.12900222108353104,0.10196931055631604,0.1531364133434901,0.12203265624377191,0.004912781445193385
0.16427167410117613,0.08199465394401681,0.04060370968046024,0.07806584364528842,0.0982389756217437,0.09532953892691635,0.17378535159195427,0.11136029693306432,0.09173049732113181,0.06461945823424803
0.09364020854038176,0.14789342346183496,0.14521611150682592,0.029662531954519546,0.15054658873379867,0.03946188017452833,0.09518855447640581,0.015614255781843873,0.12193324019145858,0.16084320517840256
0.064048847384914,0.19119296442713923,0.13921552596424758,0.0003165311966650282,0.00498725128521441,0.1028998252660449,0.08906602976198814,0.18152360544161328,0.1871110821308715,0.03963833714130198
0.08867712755047272,0.1753119873401778,0.0668484673030881,0.06800739693710316,0.0991397237737541,0.157825512522397,0.0034778871364730766,0.12739012549832704,0.05706084305704726,0.15626092888115983
0.14198540335617202,0.12874683006601698,0.06196535468804566,0.13323863845775813,0.1184506058748929,0.06955531610852153,0.07824379109888056,0.10277183173549803,0.13914715484078502,0.02589507377342926
0.1788147128906978,0.019409397150586236,0.1803337410481659,0.12640991024493003,0.19201363271599525,0.055594739308107516,0.014851200366777357,0.03626152314106773,0.08121144558875233,0.11509969754491994
0.16877033387724258,0.047848119783392026,0.1384745224635645,0.09053743174891211,0.015903875168420716,0.13988564957874203,0.13062899796424832,0.17595910193771153,0.04677049068709994,0.045221476790666154
0.05618474121681227,0.20891802601604312,0.01855361295685664,0.13361531463309062,0.22688660914352937,0.0854539092105175,0.11317357248734125,0.058509367056411105,0.07494547417552888,0.02375937310386938
0.19658823150756075,0.14005533707841483,0.12681508464125232,0.18999589245862564,0.09713091380008516,0.0334267890110586,0.03378692153636627,0.08189315009948055,0.03151297117885127,0.06879470868830459
0.18056310986155424,0.11061510522321007,0.025367767652459607,0.06260005144325595,0.07518602368158325,0.17928588842313828,0.06696534100482086,0.08259884588901156,0.07099859100585995,0.14581927581510615
0.04750292015298347,0.14830895154842857,0.10996129382562839,0.146061410677905,0.09372559700664275,0.08772834303912842,0.14808313191077707,0.0824844923004226,0.12032442996882592,0.01581942956925772
0.01881592293593572,0.17119447239784313,0.09897943795545984,0.0772122301658241,0.07374448763436056,0.08114810424550986,0.2105705211921908,0.20664893767049564,0.022643765651850625,0.03904212015052974
0.1460977100797129,0.2574106322432227,0.19682202010491348,0.11442416774126839,0.18014840209796415,0.010241231356866397,0.01942014517684061,0.060648764212083706,0.0021573956677311628,0.01262953131939654
0.1491300867009697,0.04168855490732878,0.21218348521493013,0.027791313134537875,0.16742880434175178,0.08174140686140738,0.017653921304276517,0.015591902420085173,0.1306950865135434,0.15609543860116942
0.10429663001509622,0.06265008962978065,0.031747598593459304,0.16861115928474432,0.031221905251360305,0.06186531306793488,0.08403394014938484,0.21115371523376253,0.06830388403483659,0.17611576473964027
