i = 0,i = 1,i = 2,i = 3,i = 4,i = 5,i = 6,i = 7,i = 8,i = 9
0.1820848638598156,0.030287154978582104,0.18274471053899125,0.11896755617325133,0.12870246683174966,0.034568571125701726,0.04415856260378781,0.1655477949232663,0.027307544300297807,0.0856307746645564
0.11763881611154697,0.09358962996343378,0.02357075498831361,0.10540961444122618,0.13033346098162782,0.05817316815374613,0.13194123344039618,0.08404025725781127,0.13804029889799613,0.11726276576390196
0.0013964540910817679,0.14347322740219837,0.1548137968140938,0.05353308933083686,0.11478755769861913,0.16077162945565776,0.005444289887939157,0.10418785364952954,0.14633025550785003,0.11526184616219341
0.1386863816559942,0.11739845652644201,0.14635413360699093,0.15352937861125412,0.08831188934477244,0.11385359585396108,0.14648839276077064,0.06122192479255666,0.03323352726127419,0.0009223195859836648
0.14408842818920448,0.04301300104796819,0.04735857480661446,0.1348558230832607,0.1627741399779037,0.06633805674320621,0.07141890007732014,0.04895964253845613,0.12021923734909766,0.1609741961869682
0.03620161502060005,0.10610368046453589,0.12115668567137367,0.1373409329492352,0.1025436920688414,0.17763585168943197,0.09634411196426956,0.05894813975195419,0.041564981718674,0.12216030870108417
0.03453444776776034,0.17331291006739008,0.019643391960893826,0.08761056112294907,0.07243901875004427,0.2164721278270367,0.009565732975258,0.14783419192190006,0.2289632474866925,0.00962437012007523
0.18098446745556282,0.051875562418699825,0.18942855324564034,0.09704190350181958,0.004046916554128478,0.047115742852935974,0.1534718855027594,0.0946247505798383,0.15094560366747073,0.03046461422114452
0.05059965659964895,0.03699350338836788,0.09621288325586287,0.18856735853311946,0.15027967992839117,0.11292197117265727,0.019476057572345468,0.17311711317066256,0.10662052811672712,0.06521124826221723
0.13811920215606324,0.06327166179248207,0.08665827490862137,0.0511029200904929,0.13205099985672306,0.06522585418684673,0.10331243073105102,0.12627829916942732,0.06856489635770438,0.1654154607505879
0.15989221307457416,0.11274286163648443,0.07184619770754708,0.05663584456629978,0.15023004236749102,0.14492883514230478,0.06231561622163863,0.014755312058261298,0.15181902118236462,0.07483405604303427
0.035320891656608004,0.037175452265701354,0.17204576821014764,0.16083671603992244,0.1405816567516091,0.1266165075515737,0.1100315656315691,0.024186689227910316,0.1774410229609975,0.015763729703960946
0.145781768032571,0.0867084184297631,0.19395789751196674,0.02333545397164912,0.07846511898940783,0.1610803809659054,0.015279182108212698,0.12414086796274276,0.05650237365264749,0.11474853837513391
0.008868376562810525,0.0013396924071111074,0.15729575705529042,0.1515231052139101,0.08325711939675137,0.06636308685298546,0.11486486041674873,0.15078350918254582,0.10446939935028704,0.1612350935615596
0.10493786334061132,0.21669864068559117,0.1479873101519674,0.05865160525694409,0.15688258499638227,0.028600867167707864,0.022356012341679145,0.01371333393764673,0.1477207512013844,0.10245103092008563
0.15525543387356275,0.14695011134678393,0.030829727293724785,0.062086311327885606,0.09607140162503254,0.02043266844111717,0.04643402269572823,0.09992718675898354,0.1348595393223688,0.20715359731481262
0.04100775523109764,0.17353542710269076,0.09046936281835613,0.0013050794749852556,0.14810897636867762,0.06151870470880365,0.02914009185748066,0.07331989704066662,0.190891272572302,0.19070343282493968
0.07161631715837152,0.09050987713894985,0.12731184383245472,0.048196266864203204,0.13411300086694802,0.11882627990626948,0.12076384224202086,0.120944077433649,0.06702679547829654,0.10069169907883681
0.1103271387337385,0.04825607180594901,0.17215685374661246,0.11440605896085479,0.16693869687449597,0.038566804012897096,0.060645779258561044,0.09083989540670198,0.11542631721425634,0.08243638398593281
0.0035400410083449426,0.2132762123450915,0.13193285829052206,0.0287119926052801,0.21271328473144024,0.012060254074281053,0.07718671967576533,0.10730299251080763,0.15305119381035623,0.06022445094811085
0.13925095682121766,0.1983253116375446,0.14860453331460122,0.08588264792062214,0.003572744644301993,0.1494291056038054,0.0038989722844544883,0.06749674679750743,0.023331786940073505,0.1802071940358715
0.20525734995772021,0.15986400829347241,0.054036862589088804,0.10989513975044203,0.08361453559872105,0.10639455824432766,0.10997518871491797,0.02969016253308422,0.06648301570982146,0.07478917860840424
0.10522528311971549,0.11273449058607153,0.118740783942154,0.062495079103393136,0.16552659847455625,0.09522543823762672,0.05681671562368894,0.05273733172921066,0.12076417228027651,0.10973410690330682
0.21674390362661455,0.10367014099575059,0.020695353570654784,0.044544423901339406,0.06540266789384147,0.216347653235375,0.10161026050888694,0.11429124439438836,0.08278913435230699,0.0339052175208419
0.1290459104154488,0.13712201242241062,0.0009508062033253071,0.11076744206148308,0.16853668157292134,0.10602443060732183,0.19131386130380904,0.031304858988955644,0.0018489354665663022,0.12308506095775809
0.14093991371763961,0.0974461583612335,0.07506374850456504,0.1467729383286239,0.07239793243198189,0.1752638890012046,0.13246653123226768,0.059241177018875976,0.008160283824500545,0.09224742757910719
0.1593201668262659,0.13930614804790467,0.1737302035814955,0.004919168141014239,0.07672110660873205,0.10929710643889923,0.037453131149689366,0.15039371322648387,0.10523804349193869,0.04362121248757656
0.007765901679378997,0.03831820642909141,0.16344318906552158,0.08050232934996697,0.1215265922958084,0.11745905793106551,0.0454089881113533,0.16552754106069895,0.1640025831183424,0.09604561095877254
0.13790250695717546,0.08345982533213096,0.07436396624140064,0.17449922709658766,0.12894390227616523,0.15445925024046503,0.02782617885338766,0.06049068006088874,0.052076834837237504,0.10597762810456114
0.13668904216379205,0.030571772062557304,0.1889296424771737,0.19269131695133704,0.029124520952186657,0.1404014364877591,0.04440330620538971,0.15682199170660174,0.06966881953542696,0.010698151457775735
0.06012946030469034,0.0814870040047198,0.13609094687318898,0.09778346558971879,0.040684122836702176,0.1492499621918721,0.12145032660345598,0.12348672362003323,0.14073691020934603,0.04890107776627253
0.08647805920128897,0.11560222732960826,0.019816196130962322,0.08350074465957434,0.21370599758900255,0.07026568959044743,0.008717025836657526,0.20637782301368188,0.0539098680025055,0.14162636864627132
0.16402071032944582,0.06531710830647613,0.16892715666887292,0.03116977607835606,0.0030431502507485973,0.18230069275009053,0.06585579908029518,0.027337835556777858,0.15902250375109656,0.13300526722784042
0.11637521257483578,0.051113835480127906,0.1563499726166891,0.12371757881366936,0.1576955560512683,0.006574027724075493,0.07361112167898694,0.1325754877025423,0.11939786995734109,0.06258933740046378
0.20234577866613238,0.16586555535866085,0.06804867597341996,0.04501512873700382,0.08026224299379608,0.14233739950518182,0.033131345834259966,0.11896545396326957,0.0024074996883816243,0.14162091927989404
0.0737884855574438,0.14039014280419052,0.18119253441814664,0.035202141874987596,0.004572954782981313,0.16758602247650958,0.05887978508372322,0.09822292464064857,0.057076214007137915,0.18308879435423075
0.16532510203766998,0.09863603072070426,0.09914634883687629,0.005995892162952551,0.1136444060324368,0.13565885869099192,0.17356327313448291,0.05155666765241848,0.1265110922767379,0.02996232845472903
0.1467051888415988,0.13306332789483166,0.09140813430122079,0.1264972726874098,0.11594572281561562,0.10745060629361314,0.061372814821319,0.037342153985635174,0.17758666533355305,0.0026281130252028815
0.00149175104770893,0.25205874147626184,0.18207104446752456,0.061650754062741384,0.007883934201099382,0.01884460586646978,0.08512253487900014,0.02530702233930703,0.28268039666857314,0.08288921499131391
0.0316067167492377,0.14305020167066024,0.033402410951515846,0.17075430998277238,0.03366438664470428,0.13667207303529005,0.00564049543774195,0.16532731648693563,0.13801310959166135,0.14186897944948051
0.08361255159006772,0.0007886257411592121,0.16010513014681543,0.13472565756581933,0.17809847465213255,0.0754863844791208,0.11471106865955567,0.05588397255184988,0.09245591382510521,0.10413222078837406
0.1207193732964665,0.19030735363934967,0.047652279058214855,0.03754859353621941,0.03537581283170346,0.05819261733683151,0.15849763807718514,0.14032970306922896,0.04742575478102197,0.16395087437377856
0.09738011089756964,0.163543508707562,0.11861100255895582,0.1288189962896311,0.09234813976808506,0.08401831008163728,0.071793783443454,0.07538851559821462,0.03624594364725719,0.13185168900763325
0.10904604397548516,0.0035298084375156706,0.13398369037133057,0.048947153732556294,0.06890122177295642,0.10001207215172689,0.14246632018866076,0.18519791959370707,0.17365236821485808,0.034263401561202896
0.10898973838396671,0.12303638102077999,0.14487899007910915,0.060837927848269684,0.16256757366758368,0.09772883210718195,0.11146181233981116,0.15079355921990878,0.03809359858344948,0.001611586749939532
0.029115548232112685,0.1392366901135576,0.09246179880178866,0.04639960547636333,0.11715465858238548,0.15458878241912333,0.0722516044825383,0.13031139734968336,0.052114853080286995,0.1663650614621603
0.10618558795765448,0.014415920905504068,0.0012480768818255053,0.05663856874256046,0.1362751065814692,0.15100985202982148,0.12469000414605079,0.13227906633267955,0.1571770385023159,0.1200807779201185
0.16280412498677552,0.07500249975884414,0.1778576871320702,0.16121307992092723,0.0650171201146213,0.02571612429122832,0.0619226538217148,0.030951786889905464,0.07134632950414777,0.1681685935797653
0.019975640358419065,0.30352181191536914,0.1606701746942803,0.13268018724947017,0.08939801950769029,0.010878039374952485,0.04454875419954352,0.06034717381238235,0.07655642526342292,0.10142377362446989
0.17537978168417495,0.0438500039439026,0.20488296093527808,0.006541016320135983,0.07125996075745608,0.09536626797304949,0.19904623654535342,0.17344642153585202,0.020816061011720347,0.009411289293076944
0.025318372196762893,0.21432591363265113,0.10692607929980176,0.04377931175657288,0.13030079309051032,0.12068091300048256,0.22897847946448105,0.0474298262582443,0.05581461770823208,0.026445693592260917
0.10381310259023753,0.05772988646551207,0.011694899183975944,0.17791334645803933,0.11781956470568716,0.16515833703751565,0.10938587376206443,0.010696949423070444,0.12756517537742215,0.11822286499647514
0.04188864351777607,0.10975050235643577,0.09690136145934683,0.1605810337415091,0.1308429029708227,0.05774985454944733,0.027919764070014282,0.034911674555393304,0.19064269968506603,0.1488115630941884
0.1486467035594241,0.0011921168761663593,0.035159798604780114,0.16597756796814717,0.17454637908529033,0.10242392237707769,0.018318687633412437,0.05788429791620976,0.16139553535782916,0.13445499062166283
0.0429957012433627,0.17289333013488514,0.11478555419355438,0.028215979954299183,0.07924169977095544,0.22172500517500673,0.03973082088667327,0.014722793146227249,0.05956935939715776,0.226119756097878
0.05449094208088121,0.07590162970145962,0.0338020592482723,0.1670364298993548,0.11998792239534903,0.1541157326207881,0.12855936125090947,0.13844241463207935,0.04274633940928702,0.08491716876161907
0.02263612898969127,0.07985123145059314,0.16111164835044622,0.2048758697699007,0.05617043660358518,0.06528216319411584,0.0017446976900978167,0.028889534652073317,0.17047274202002957,0.20896554727946695
0.1878837851325215,0.09096879175838209,0.08521892117198887,0.020182257126557007,0.024973529317559428,0.20065912740903297,0.10556120353817695,0.09554271323043648,0.16506970125132767,0.023939970064017123
0.1444198751311573,0.15520788343960987,0.15294482054113556,0.019433832558211628,0.052852485455521805,0.023953558976521076,0.14976411709939505,0.11416086971593191,0.13015117158408643,0.05711138549842931
0.05705962555644307,0.04049555913455626,0.10966943706612463,0.1636124108313725,0.10710835465116923,0.21329856508246778,0.02069261767734546,0.12725522406081263,0.04795785430294541,0.11285035163676312
0.02454814777600184,0.028731602598549625,0.09094582990527601,0.1692313521003631,0.060434216019855394,0.10288889911339551,0.0835313833866015,0.13552286215248308,0.1413164472912596,0.1628492596562142
0.20468918071949382,0.05332509033670863,0.08016869476676602,0.09019049777453425,0.07397190413644751,0.14624531755229814,0.08978348660560305,0.13184595342958397,0.07317697373194323,0.0566029009466214
0.1728052811175423,0.009223443572822197,0.03616291002915078,0.07428339002883286,0.2042884522805156,0.16847911828624854,0.12485010737381096,0.06756690558745711,0.12047200776428299,0.02186838395933678
0.15684834866260516,0.15264152623773294,0.09284498552250829,0.031553433459247736,0.072109028842203,0.14512114473743973,0.14422187440239265,0.021865505487284758,0.119937083034736,0.0628570696138497
0.15871032235097599,0.17522899440669168,0.04518732024717614,0.07583219956467929,0.18920463533119694,0.013421405521262345,0.1822376273440765,0.07711995276700076,0.017771926136663247,0.06528561633027709
0.1025149024840014,0.13148434273687998,0.13438871343487743,0.09339992660325391,0.05184822503228682,0.15583344264427523,0.05058674357217014,0.11046652602483234,0.06121538547358601,0.10826179199383676
0.032866662071605234,0.1862099670771527,0.02035006976987154,0.08561610454915573,0.14962231055934946,0.0675198753841912,0.19633664438921947,0.11445589481263879,0.11536954402480282,0.03165292736201309
0.16033448039400947,0.07079929893515005,0.017040282207685567,0.05946453269663598,0.021968940367830887,0.2060620279791497,0.08403375235616083,0.11527517613934467,0.09740153165847217,0.1676199772655608
0.0901307345761248,0.1098199136262482,0.017225117511615495,0.16134950287267535,0.007731819494290965,0.15102999108347398,0.0670430166042884,0.16412582567478004,0.08728920921027183,0.14425486934623089
0.08087729593097508,0.00446489180389377,0.08993972989683194,0.13948037955621284,0.08747845732333964,0.13438123943298808,0.1143127222445455,0.13659220490121698,0.09948398570563335,0.11298909320436287
0.06936253302058211,0.11792767013378107,0.0608399779291898,0.1666787871460768,0.023697992356339383,0.08985136114705736,0.15175792663573492,0.13663633070888506,0.09090458496122071,0.09234283596113252
0.028275110050005797,0.16392250711994388,0.030826102840426032,0.12382864678165639,0.15339022169391392,0.1502010744913652,0.10657336947412618,0.02454121877284813,0.14400499535231584,0.07443675342339877
0.08198245897833696,0.14069128594346555,0.19944864903822795,0.17975044916280972,0.007301682676180393,0.1827563616106691,0.020401064781752343,0.1460092687878956,0.039365844988255815,0.0022929340324065947
0.12666461878359928,0.08268389054150173,0.09381746868072653,0.1150728511303688,0.11378946008132584,0.026099042303907173,0.11932253787794661,0.10100389871755276,0.11903257898750615,0.10251365289556501
0.002086109297456239,0.16897155121945612,0.053604686054282,0.10476575620486911,0.13039533050928853,0.1887310032729709,0.17765269605539546,0.03166921021940539,0.03276050372505651,0.10936315344181978
0.09265148947297012,0.1691970819578578,0.015474116492425118,0.12628890924268324,0.03909952793810704,0.060247239354845356,0.16122826569554452,0.16850245069963607,0.10985808445756327,0.057452834688367496
0.05892603097732295,0.14685053546099117,0.17337080161320867,0.06627333573799059,6.93461658203345e-06,0.09528664190366154,0.04566618396307734,0.1782372192856373,0.11392334270527615,0.12145897373625224
0.024881515518207345,0.04026170786640651,0.209298411155781,0.19131123491548002,0.20559624640259652,0.0049392353015364635,0.052469489692685035,0.05718880752397797,0.09635652781418204,0.11769682380914703
0.027159750448222032,0.1333843349850575,0.09282297582684636,0.12323006191892995,0.05702995146333021,0.1512358038190428,0.14840088800664875,0.04621652132078892,0.09592673761466268,0.12459297459647078
0.08554590038831549,0.18488966040271765,0.09834466510949513,0.04044844836705398,0.0938506067102827,0.18689372216247974,0.13158289253080147,0.04466502414267502,0.13044254803640948,0.0033365321497693273
0.0591945098926329,0.11683589425364252,0.048835053308202266,0.21088276292525648,0.1586657896264898,0.026467110662495012,0.01385240332762086,0.21262430743174573,0.016053312312373832,0.1365888562595405
0.071929939865387,0.07219970286022111,0.0022205635206929645,0.13180025728213957,0.17392682950409546,0.12387036232921249,0.15502040074322004,0.08512610634143497,0.032554472334712814,0.15135136521888343
0.23406979963151936,0.15311407299229204,0.07552174491970327,0.11020464083955085,0.058738394934320905,0.11004113887781608,0.08409700430130268,0.024878317559439207,0.08987160615762106,0.05946327978643444
0.051047534616219914,0.0028194291759375428,0.19996332458263574,0.15158522207746294,0.07842325246300262,0.07734383136072243,0.14587419925654252,0.12443977052591834,0.14187644041465383,0.026626995526904042
0.20203562123415336,0.17025969028278168,0.1232328534117131,0.0141293787026469,0.06894896465087419,0.028229272197372823,0.03073376967053524,0.05830471738251372,0.129276258617455,0.17484947384995403
0.08357918941400157,0.12963152772126574,0.014822329771474168,0.06303315564512127,0.14843315008143276,0.07582372841333351,0.08747312231149333,0.16464701472713686,0.1621681971671735,0.07038858474756737
0.1718066693954473,0.11867434873880761,0.027856721375228672,0.08597962512386664,0.17396523582952678,0.1383687324480672,0.07442501613228616,0.10861232251812714,0.08108777853132765,0.019223549907314844
0.02497805041240805,0.14267090714919595,0.10984368926560525,0.0866198807198435,0.15013215408588423,0.03944378718976275,0.17915697586404092,0.13971067268184706,0.07508878364095473,0.05235509899045752
0.1663320980482052,0.18254696655932784,0.01531864795108912,0.1322284824670238,0.10743939515865578,0.025979102425236763,0.065747143108729,0.17037242060966315,0.054976920734847064,0.07905882293722231
0.11378470945490232,0.06067475547175961,0.02315980421372271,0.09029961832092367,0.13844797826545088,0.1601501091874091,0.08487555308653436,0.14996490612337882,0.03642258431223063,0.14221998156368776
0.09271482385586036,0.12362807789607468,0.15629690646532227,0.13027602293070484,0.147689429368842,0.04423607473728283,0.02941997510062658,0.11930616855778399,0.01116654037648035,0.14526598071102212
0.056242145369313865,0.06833062851627204,0.018183693999881827,0.16179263165340932,0.05000738297223046,0.23656539096381735,0.005415251422869439,0.22387804634337807,0.13490396413550282,0.044680864623324754
0.18519185251946765,0.026510761071659283,0.21329116977309698,0.11147694757376211,0.007329317936684989,0.08885900197319953,0.016708475225288205,0.1422541475331284,0.041512993876944654,0.16686533251676838
0.11115568820446009,0.11496739223849747,0.10171883378337386,0.12843831989669957,0.13076356955397797,0.10297257600720916,0.10792118085519352,0.06461860565897833,0.11933967655282571,0.01810415724878438
0.15278605440918086,0.13051415018152412,0.1041420103252414,0.1482781986847745,0.0934495694152083,0.08641323991161441,0.09865135153463732,0.051546359661776044,0.09476688600020587,0.0394521798758372
0.16404920672716494,0.1531586882592055,0.03344853342482249,0.1043671688162986,0.14313073046676394,0.02809973246114928,0.07729721415238126,0.04675413292199167,0.15787411152436298,0.09182048124585934
0.11116113454425629,0.004969835044891701,0.049563314148395377,0.027300009096561415,0.14735369558410777,0.14321254765760555,0.18090007277258843,0.030951557659412342,0.15840729576957127,0.14618053772260997
0.004176368793255229,0.01469859469802717,0.027459867157251603,0.033182157551100065,0.1889566925529421,0.12839409238472863,0.026677183169219913,0.2197840550835857,0.10998272013488612,0.24668826847500344
0.07537802663788527,0.137634314597932,0.19153000271516854,0.053753300088771015,0.0773634324974519,0.17553162237210443,0.0006598624223848974,0.07611000700170456,0.021173679390675677,0.19086575227592184
0.15025329214885327,0.11178540511953915,0.012162940884852357,0.015209601097118419,0.15951784477323006,0.13268333581785902,0.015613687132149251,0.11412132789658154,0.14824553658708703,0.14040702854272982
0.053492944429984084,0.15088793525672273,0.0846477833237915,0.09160862001706482,0.13979336714830007,0.17053450989869334,0.10498869270379985,0.024505512798540248,0.12691016282010728,0.05263047160299616
0.09677708382943105,0.18203529838305316,0.09083929201796649,0.05754315268877054,0.05675845251169524,0.090275012120905,0.0971929053304165,0.11793618656680549,0.11671988409450076,0.09392273245645594
0.14174456416984063,0.0763114506945254,0.07903483043216426,0.0354427022985854,0.004396302475566169,0.132287722795554,0.09057348561456867,0.1292426150601317,0.16951195314864706,0.14145437331041677
0.04252194856732917,0.07649057399514902,0.011572327431982972,0.11479515164747227,0.09536965015605986,0.1265966315891662,0.09065063888207035,0.14744832838427538,0.17011740070411036,0.12443734864238438
0.07802209054600169,0.2599261993343261,0.15170537481995341,0.08987785759389386,0.04649130877058858,0.03222824065843041,0.020581352439703632,0.26784284425846827,0.026129142703766463,0.02719558887486784
0.06701634224194697,0.17806866915701008,0.1721251417374642,0.15607887613132104,0.024436843458262095,0.0128396349346993,0.08444656162762733,0.10615609818507478,0.06400343540176913,0.13482839712482508
0.038445656822974995,0.0685814348670178,0.10869115224443701,0.16116313927931694,0.05632246019464727,0.13798468863566787,0.12590967825019586,0.15469402012203912,0.0788208839543971,0.06938688562930606
0.13476819067034637,0.16514218390347354,0.09668949310620155,0.1388076036793586,0.10729506025572798,0.018042060973952063,0.13430523071818035,0.05002858476083476,0.0752721876186341,0.07964940431329082
0.07117169860606053,0.13435525529696124,0.17233670077064306,0.008979902723986615,0.01081075384029799,0.11613918929850885,0.15389093163886683,0.11685581336870239,0.10927274843999679,0.10618700601597574
0.15297289189561908,0.10019828274441578,0.13212694995878999,0.12196404405970508,0.1199509323166709,0.01968968691617146,0.15231130325707612,0.08101616927534741,0.01113861831169192,0.10863112126451219
0.10172321697285464,0.0745280312712271,0.059530583098405164,0.12008868814176746,0.08942949957645581,0.14374160104265296,0.07056653759909999,0.11710572788590924,0.12262669788520066,0.10065941652642695
0.16144522725825416,0.015445433664788556,0.27138145652517576,0.0019736857752604238,0.07761809099801698,0.29593384037456155,0.006254642367365955,0.04699236737296823,0.017105955393662158,0.10584930026994634
0.00455305881468074,0.07739032783575724,0.18638543951481554,0.06252231492075692,0.16683257886246042,0.04958801858284209,0.1357664297107289,0.14957542502883933,0.0039689183263826545,0.16341748840273618
0.001523679397888309,0.013010819866210365,0.1090049739254961,0.07404361889415903,0.15808511755545046,0.1654489305614592,0.169056353716101,0.0700293293933645,0.15894196544925923,0.08085521124061185
0.12219723926393583,0.042412213056615265,0.021530688465729905,0.04276872994157758,0.1371234547761214,0.05183947106810451,0.03204233983599227,0.08060559356171461,0.21823834304984988,0.25124192698035885
0.2298383043074617,0.08645992791968406,0.07499697618952268,0.1083933096993026,0.10188935774932308,0.023872472159408315,0.1004505782883543,0.0026945516245801384,0.06085574703351573,0.2105487750288473
0.06669502264547819,0.10744977747098912,0.1946906148340277,0.18217041970046133,0.0793451355187998,0.015555766825598841,0.14557735615181344,0.1010670864015024,0.0954818299736736,0.01196699047765556
0.07984550575159208,0.15449890517325096,0.07719164686238526,0.16964906403614,0.14736329253414857,0.04410347730691608,0.025790934528682825,0.019257363649393202,0.12731092228120333,0.15498888787628765
0.04328156907048969,0.05927750365883393,0.18691129195181244,0.08417520249011985,0.12726984694862498,0.06391325764924521,0.11273649976248938,0.04275731564656146,0.15333263562153038,0.12634487720029264
0.021650018607668173,0.09478394782085561,0.10178081065512579,0.0935036756379943,0.19352739580644723,0.09585729373995568,0.01769709891906662,0.0654670349166404,0.16819200258511557,0.14754072131113075
0.10056408177304381,0.046262187073516516,0.14396750696889754,0.012034384228342711,0.1714422464286953,0.05606718632000965,0.09031085721731179,0.06552392428519732,0.0597372601783104,0.2540903655266749
0.171241967337651,0.11728066768160034,0.17659828068565028,0.06651789101014602,0.08074261425511019,0.0038033092890176336,0.05307476700938194,0.133602454779552,0.17757540881701506,0.01956263913487579
0.17142783989294205,0.03605856144621434,0.1811261487235656,0.2393879150795536,0.006013390845536139,0.04889597645527361,0.034615935764751596,0.1995657560622031,0.02051348954986894,0.06239498618009099
0.030728328493549305,0.08644859259709699,0.14197453788121409,0.15052410999666122,0.02408976076998143,0.16112599509501416,0.10169592800879065,0.053947779044770446,0.09353295258981013,0.1559320155231116
0.07800114511610527,0.09204817116746547,0.02145429665460622,0.1538346166829663,0.06374120368019442,0.15801632321084366,0.17133655950598978,0.049094778870116776,0.17507313479569842,0.03739977031601374
0.13164047186729033,0.0714070102343213,0.049606372228500166,0.18221308506145964,0.19377752100930876,0.11597185728161531,0.04309079953146061,0.024397106814484395,0.0862598438134676,0.10163593215809204
0.1312460329161309,0.15456768091677545,0.14706641640243964,0.014465130314846048,0.17513130564867824,0.03163914365379695,0.005594693964114025,0.10782822072337858,0.09786375107761677,0.13459762438222342
0.06776982675318385,0.17788301268098305,0.04759296512998667,0.13385136581733953,0.026914232547599354,0.12002300191006746,0.10912734110230095,0.09388264571936178,0.05413658972866911,0.1688190186105083
0.021275399669284156,0.17928944618471815,0.008167319164864522,0.1807477851604022,0.06536274156529398,0.19518565191770101,0.01417088408186091,0.1399720829977559,0.16415757943580994,0.03167110982230918
0.15624008090014904,0.06727449669417242,0.11030466799465893,0.15980063444234754,0.15956469260236847,0.07421761834327503,0.08722361742732038,0.11566035181434231,0.02780570503992946,0.041908134741436405
0.09018142291314729,0.10831140871341953,0.11428552050091102,0.05511553881556545,0.08847575844499735,0.15041861454799393,0.14811024972256545,0.11163526393087883,0.07238339932705505,0.0610828230834663
0.0874657260516401,0.005350432543317603,0.05007376562791916,0.1533838263038392,0.17492074603129212,0.04636777148036263,0.1237364710489356,0.16013166686408845,0.09741122458649575,0.10115836946210924
0.07481189377951264,0.18761261316285352,0.234592019701938,0.006188244196220664,0.05355217120360533,0.0006984776244514303,0.17498035298728631,0.07849816135287684,0.12949826642813494,0.05956779956312027
0.061368115226080475,0.14515618549670303,0.0898955534076648,0.1113381422403434,0.012446145798393867,0.08592796678178845,0.10458318412704314,0.1916959816863303,0.03626410655695947,0.16132461867869313
0.12797738083444365,0.10534254770461293,0.14454431179821073,0.09736066368126103,0.14156951957117336,0.09358054653793124,0.0033173992434567833,0.11858093239795962,0.03254479942235085,0.1351818988085999
0.0007571246040511311,0.20170432470519178,0.12037111179595808,0.038946895770010384,0.1844337564174255,0.0842827303904536,0.1470704594261807,0.16149240094209444,0.0029316692273734933,0.058009526721261015
0.15157893235103997,0.017276121240850147,0.10980269458494406,0.100203572718187,0.020004146130407775,0.01829007187354495,0.14269020751410877,0.12304646104557142,0.22003907235040018,0.09706872019094574
0.013488935651563257,0.1319066380107965,0.14188208167333413,0.00275961820703278,0.14587107023490434,0.05250393829600179,0.13076213249862148,0.14161839597715992,0.12971966575509722,0.10948752369548856
0.18658489752262278,0.029597891674077278,0.087419045428894,0.0422353238770021,0.12287227325895485,0.006929340948637334,0.19879758218738278,0.16091855168002306,0.1569007308654521,0.007744362556953629
0.03604928919311406,0.0644636806640808,0.18286030795190855,0.07312100950599765,0.04772091875646831,0.13750489806961155,0.0351340116845752,0.16363502970067065,0.19060232059208962,0.06890853388148364
0.062386454300014715,0.07344620822562604,0.08194931069941662,0.0807325040531263,0.1686070536443926,0.0864768260351073,0.1018849750791769,0.09969996692753723,0.08083105470315266,0.16398564633244964
0.016930729591765774,0.02079563761567739,0.1586922457380086,0.12154037974593428,0.11091445624254313,0.09231077947947286,0.18716929466569032,0.1587115868125527,0.040125521367165996,0.09280936874118895
0.045345500645835944,0.052383187526932884,0.004072553467671555,0.1344951228257102,0.17562108004599128,0.09290833275595232,0.1277170801338165,0.18269545881444826,0.041558492513254594,0.14320319127038642
0.09619519925439671,0.15359001118367746,0.1408455050936279,0.01996832684004824,0.1272940084665864,0.09377935665265846,0.15907359507432242,0.07749718473206725,0.03461348388020048,0.09714332882241461
0.12336797346869266,0.028921281826429956,0.04816281072321562,0.14327367288585485,0.172283020777557,0.04398233721046417,0.14852285989388223,0.09177954174359945,0.03834329378307896,0.16136320768722504
0.06267500314786187,0.0325580995739379,0.05655952617017227,0.14679500190893985,0.18265803167267655,0.15119830134544293,0.008644166047638624,0.1276418049185545,0.1446200734800857,0.08664999173468976
0.008429050560705758,0.14625201237385982,0.019921631646739844,0.06438449096595798,0.19046852649698282,0.19604648099882022,0.0812905084047232,0.16531250241576295,0.0819743984139463,0.0459203977225009
0.012242993707549266,0.1708824443911726,0.06043946942293862,0.09721063254030558,0.26487590376801573,0.03827915208275222,0.024612588315991585,0.06913870756269604,0.1951352996249982,0.06718280858358028
0.06992506455323443,0.07014453819840713,0.003047324701799133,0.14578676430920562,0.06830222686208513,0.1144631988993605,0.19750561970465907,0.02993419488648278,0.09907860035667113,0.20181246752809512
0.1828748657410187,0.0897838754452942,0.09434543354487647,0.17348323100607668,0.12171873669545975,0.032442141463535,0.049257570725590505,0.036610833837133074,0.1360264795680863,0.08345683197292925
0.2024003663795825,0.005453045698863153,0.1585064993521341,0.1785798256594054,0.061413484531667256,0.09241303583096537,0.10393206665843877,0.04612637111151914,0.14781662226541648,0.0033586825120080054
0.08266512919677335,0.07898340232574738,0.13838276919781056,0.11464193298778443,0.029290319598671538,0.023489959067783926,0.14712797108240958,0.1364205322448396,0.14163092210630704,0.10736706219187253
0.05511262284279139,0.06760205978523016,0.010376091818956617,0.1892279001121703,0.09850858560124785,0.12380118077316259,0.09523065938770231,0.07424206691334784,0.08208333214561012,0.20381550061978077
0.0405981722655935,0.014787065911875728,0.03971189281916191,0.042739556790006114,0.17274740803788102,0.09445251745960168,0.1477301334544745,0.11852370101598245,0.16534060400441158,0.1633689482410115
0.08029204011671753,0.08357671782783217,0.12351100236462476,0.07835315703422069,0.09606619485570576,0.1251363007166068,0.14285125288646505,0.13648033167981574,0.018328337855835455,0.11540466466217604
0.08125010388944098,0.039833028224760515,0.1015033640754173,0.16127166521455197,0.08833405956115804,0.13621262865245412,0.040948629613712095,0.1688484586082942,0.12997723914599194,0.051820823014218934
0.0016465945554187953,0.10197676247888632,0.09140074062683805,0.10049988772339136,0.15673060651315693,0.08972504115721387,0.11278291020350087,0.102041409787915,0.10312922274717531,0.1400668242065035
0.19337499836582348,0.1591057569116471,0.11543564871265606,0.004966394968854014,0.12055403440134584,0.05642374168543073,0.1636389857491929,0.04546355663118542,0.04823377333090653,0.0928031092429579
0.10364278915046117,0.14189414257740066,0.12808396502122218,0.07129846945724319,0.006078077743863598,0.11923477571291803,0.14160664834580303,0.08498082050739099,0.12397348779425228,0.07920682368944489
0.018792771028341596,0.14032912290910252,0.13918913775115174,0.18855848418260562,0.11871312277967007,0.03983348076334415,0.1923565683462495,0.005513172420570164,0.13076763464764676,0.025946505171317913
0.1592558307012492,0.15339705973366247,0.025322334668323405,0.11835560877965601,0.019949933000338683,0.07936244935265048,0.14344878654236892,0.05406845572923665,0.12633539036914262,0.12050415112337162
0.14007051248241675,0.03211308230237561,0.07072812736562113,0.08653203121856319,0.06923569124236971,0.16788424769142316,0.017143185594251494,0.1632943732865127,0.10193359624735435,0.15106515256911196
0.16232957018304506,0.1574608496782066,0.015867533824731935,0.15952407155535067,0.06474432359966387,0.09681291001988279,0.09325098647902395,0.0902540840106824,0.0675322879340348,0.09222338271537804
0.16428526087700926,0.08809730065097277,0.11085468771429276,0.14242439849185515,0.017920337460517743,0.10822380296033995,0.15823933302903195,0.00781516487534173,0.05272136611258738,0.14941834782805122
0.0679581962133551,0.09000860517889168,0.1649466641638089,0.1847202842966366,0.002392999730466382,0.008682504682348106,0.2312816137786129,0.0015805689108102472,0.00016027655902621095,0.2482682864860438
0.055388107104600584,0.10296891194015927,0.03079485448548603,0.09770921619954145,0.027235085461259398,0.09336841042643815,0.12563799228501266,0.1156841566576157,0.1823672747253583,0.1688459907145284
0.19408053424305263,0.2290686509975094,0.04208204861748882,0.10102364765902681,0.17687968388602276,0.03118711134612522,0.014379168617088187,0.11968242391697602,0.06656379745967793,0.02505293325703204
0.14251279328159192,0.12585355940939902,0.109238210912717,0.09637921088114675,0.1138993765696822,0.030753509160335563,0.13671893809313143,0.029436720259650422,0.14663099208658603,0.06857668934575971
0.0668577826481784,0.018168865281660868,0.030326685002152482,0.13109371918928803,0.06468687801306457,0.14110110239532375,0.17949944443716018,0.18304515462071652,0.1596970290792745,0.025523339333180683
0.041333368712228265,0.12606577291130383,0.09111868457979505,0.11005592023701875,0.08952695135463111,0.13324407308061276,0.10554296035452224,0.13302547770797904,0.028967687598583362,0.14111910346332568
0.18575513824533993,0.10929686272593428,0.003105781618743209,0.0699846427320573,0.01901954314103248,0.17804548751331417,0.11790556667659029,0.10162902028887291,0.15463384579093334,0.060624111267182125
0.12514627153412583,0.14013228291022384,0.1783331102270955,0.0025456756362228048,0.10335010611634372,0.08724279717952059,0.021940005659495256,0.10938134784963546,0.1273287099798064,0.10459969290753075
0.11282680784447838,0.17818385915561238,0.054648804042748994,0.05882434232517464,0.06416029703563697,0.08652541268519752,0.17195009638793543,0.07885689386502558,0.15470225431423545,0.03932123234395465
0.07151485227268868,0.0876846184036653,0.09896493705536345,0.0568113004263057,0.019032303726531245,0.16807189938748932,0.08209918040572915,0.07357231786009297,0.13997402745378387,0.20227456300835037
0.17270161451698174,0.0745963956070407,0.09653649190466311,0.05938203087248243,0.13291816942332357,0.15562199090922324,0.15659808529539682,0.1170234700841489,0.012205839326903322,0.022415912059836285
0.10757922309466084,0.006409546369399376,0.11790373984795594,0.17464431778998746,0.08503090446555883,0.18827739667340865,0.11156524389409916,0.02220063913179416,0.029240271577078793,0.15714871715605697
0.030137837731233873,0.06540367714983332,0.12837765476321666,0.046810631170653524,0.11799080213366414,0.05088182459733203,0.05799992239281462,0.17442215996116303,0.1642707572023184,0.1637047328977704
0.09844142158910361,0.1530761744665518,0.1760199141722998,0.12608446382356966,0.09134955166745712,0.0006434224200124812,0.15390761828358096,0.0003252482747297118,0.10147295093277921,0.09867923436991549
0.06425582059405431,0.11259066144159262,0.08148414831172078,0.11127245775561104,0.13213189287975094,0.0950683672797214,0.10362434403575431,0.13768029600219217,0.15425951278645122,0.0076324989131513225
0.004545037402574441,0.06296098895782466,0.139399125910132,0.04245524565119447,0.17743021137851867,0.027488827809667615,0.10018903709669115,0.1692584800977612,0.08954017763250936,0.18673286806312636
0.17214842044324585,0.09415834632918899,0.09153687075987568,0.12024344078829508,0.02544570282532329,0.13185216270102587,0.07183683242767588,0.13179518911996138,0.09488661809649578,0.06609641650891225
0.0865669325666706,0.12300323715561659,0.08643762107394286,0.05213616034968364,0.1764860219781621,0.07155259410995499,0.08162699168431782,0.17434668342738285,0.044804374608297,0.10303938304597157
0.11891985200534747,0.18495792532667613,0.028428785941262427,0.09694765754303449,0.10508942556418911,0.08259862057033245,0.08943624698365857,0.018915263386433772,0.1353826797547997,0.1393235429242659
0.163784090815713,0.12206370884453611,0.03366097419233885,0.056205573245701676,0.11005608146765704,0.033885036537844276,0.04402753428776515,0.17424418517808496,0.07616074612809118,0.18591206930226784
0.14893253671957116,0.12786596984829054,0.09187753318831882,0.06724753439514888,0.04499416358370784,0.030457689362984656,0.04836676052864362,0.1415359575060181,0.10222567971581921,0.19649617515149723
0.0075487044816775935,0.030164367675805492,0.19976466553033045,0.09411227235053513,0.16162746909401118,0.201677267352774,0.04387180148942633,0.09264596439159693,0.1039203831350544,0.06466710449878851
0.18797461992828116,0.030267859097460135,0.10285037639248214,0.002383104138938632,0.06587649018146909,0.19485401572718902,0.012051523226277207,0.1812117298973866,0.175973215519723,0.04655706589079287
0.028268181244513284,0.10124420919087024,0.04309760131989209,0.11113361050837511,0.17704443909328665,0.1438499082300591,0.05501074080650597,0.14008839095098222,0.15709829018257943,0.04316462847293582
0.0037071776630541895,0.13294284917824017,0.23045566292386171,0.2107237267091773,1.6182222485867252e-05,0.0490004117747528,0.038439709408085,0.09005790953135684,0.106295886833372,0.13836048375561416
0.07078458989991677,0.026935785683769583,0.09127608490769958,0.11052098482775957,0.10084953919669762,0.1466767748756658,0.08153681690230023,0.16277090883742065,0.10752401790762281,0.10112449696114728
0.1444102319588502,0.0755266398880115,0.07492754002961075,0.019570291545867476,0.08678088007554256,0.19758033342312628,0.01764276556650263,0.09000061378411284,0.12980161402668686,0.16375908970168876
0.04724739042383743,0.023185680280746402,0.22767008545654582,0.11108338054694149,0.044773718546061186,0.01596804251812586,0.1430542627362929,0.20914150748923657,0.04433824702084924,0.13353768498136304
0.19585027993116522,0.09033114641906989,0.18946198809144316,0.13167522715442062,0.13449677304368848,0.013829833536557328,0.13045224340622552,0.019536265694841418,0.08224513340792516,0.012121109314663314
0.1174391466401017,0.11633610913712387,0.16240912078553427,4.042344143745422e-05,0.18494305819073867,0.0695542150842321,0.02173358353461912,0.1726142258605959,0.1240413926672155,0.030888724658401402
0.17409856084120046,0.15073231288102243,0.14885197999765104,0.010508419248757115,0.014516963650442609,0.18977078420135315,0.018138529823375948,0.06577566567953594,0.09512098825296773,0.13248579542369346
0.14847721684834916,0.1452494911708198,0.06444229547033088,0.11938421821474243,0.1115474945169499,0.07755650472782673,0.13141546528911305,0.014159318760995644,0.10080015918791455,0.08696783581295786
0.058342664437384194,0.010747306141670349,0.07728514246715242,0.13219676018788348,0.1322186880251021,0.167191638635075,0.12694535985901986,0.18867847770415014,0.09137410103146916,0.015019861511093276
0.007600857097222092,0.019109797747930427,0.021649647815617304,0.07333947287885292,0.17535087187235504,0.18239447123476815,0.11288359026549728,0.11820975012418886,0.09405906429542643,0.19540247666814137
0.1660561021033883,0.07735852374825825,0.05851010003728414,0.14242857266902095,0.05056395457023945,0.08056650008622224,0.15268987750776655,0.17755620946663905,0.030393870604404714,0.06387628920677627
