i = 0,i = 1,i = 2,i = 3,i = 4,i = 5,i = 6,i = 7,i = 8,i = 9
0.060258610655410216,0.07461907988956339,0.09148825900736195,0.09593469643333008,0.044749423365588355,0.15735368936590796,0.10534047922399764,0.16169819226281612,0.17899929036581322,0.029558279430211176
0.03347723854495299,0.20012357392745833,0.08589316955533953,0.20037663787359614,0.06449356622567354,0.1064867344592013,0.0020179134353106197,0.057317722017964055,0.24542608663754487,0.00438735732295861
0.031011017518591286,0.17036301924251382,0.24612718266340525,0.0262697283098376,0.09497938005635549,0.08079363751552626,0.16083318706401148,0.1214197951244311,0.04723322211654256,0.02096983038878513
0.15185114343394204,0.016777598212488715,0.07667417397746995,0.10161146825104739,0.12298495225659856,0.03875621298210118,0.07729264601056388,0.12432189803582447,0.13796553073994416,0.1517643761000196
0.18070159097375058,0.06683156300839244,0.10492437981932592,0.13611351690360593,0.05504184813328187,0.02554232564078685,0.07963009876634775,0.08337839027036498,0.0885913001550424,0.1792449863291012
0.14350296364941328,0.09748031483534436,0.02090264554971761,0.040430095040085705,0.016785000975946162,0.12891954687766494,0.1487175540601563,0.12967215733178172,0.14655398535685227,0.1270357363230374
0.040691144809198714,0.07361311496153286,0.19386279599323056,0.0007459581563665667,0.03373427083123815,0.1489676829146874,0.1737908396226505,0.1187155070497708,0.1875696373947343,0.028309048266590166
0.11155663040724656,0.1783841401512516,0.17493451888970085,0.1617507565417039,0.04096657442074437,0.14296349452692167,0.08652878895348559,0.0038281790178189105,0.015502304530974337,0.0835846125601524
0.1125262187967377,0.15263887418261846,0.0503025598249119,0.12139932538919136,0.1361991293280924,0.057894492228967566,0.1537951872695073,0.07268925665493141,0.005003572919570616,0.1375513834054713
0.011142257646001024,0.16004529649520322,0.07338078770199666,0.04467589170251079,0.18808576378749542,0.14130166938689606,0.1354029549545656,0.018700460425296887,0.05311153174800396,0.17415338615203046
0.14681451048943875,0.055781717382160596,0.06989705262579612,0.07501130127507295,0.0982477347556259,0.1206805357601541,0.13172654428834163,0.017547634488010683,0.09561892280233164,0.18867404613306768
0.020436207777446425,0.15830707295079455,0.14682066726479356,0.04989448533444114,0.12109797183859514,0.05895686087525227,0.13143868910389986,0.05421450700964943,0.14115792294156562,0.11767561490356188
0.015233010008248409,0.10467979091732371,0.12073852415973066,0.08806629940540736,0.11831263445668219,0.13038478140461515,0.12754400706199553,0.10716350194907458,0.07745032721597406,0.11042712342094838
0.137932940778505,0.11759867050321555,0.1301686269436812,0.11932119802192845,0.11519319383074461,0.02630366600464318,0.1154831953045165,0.09944150453633331,0.021161551457476873,0.11739545261895522
0.16849134053006048,0.13870378444023554,0.03803737361370038,0.11190661883803173,0.1752934474547533,0.20245140491214095,0.002968637953717191,0.06295794532409353,0.006446710660551355,0.09274273627271554
0.14399686683946344,0.1737841758975846,0.015819907995298668,0.02948140739310035,0.04000724578473877,0.1467943940384593,0.14058154322917601,0.02045145810690258,0.14165053743363915,0.14743246328163717
0.11269316772881662,0.1740088628006876,0.1858233265735232,0.04726886165066975,0.020918913148445233,0.07210219017767452,0.03794904150722735,0.09606409839349318,0.07260755630516957,0.18056398171429305
0.08065070655475401,0.08394090052558363,0.1716972773196096,0.026808741962211502,0.19944361731270763,0.11828252656506426,0.16077706226521232,0.04704251569908412,0.10948896545939221,0.0018676863363808883
0.07595661745720655,0.14012323805082275,0.14414305603729483,0.010168451101306963,0.13241297553689377,0.17811677895459288,0.09238152799558336,0.15313981187097805,0.0071703851481165004,0.0663871578472043
0.09220173262242902,0.09442322260120356,0.14337849785697487,0.096823301096402,0.06010709095910793,0.08783482838448667,0.16536307430125247,0.13251375354440725,0.019619413715689094,0.10773508491804706
0.16960698750160172,0.14033163410498334,0.05094012622706562,0.21097375123719206,0.05311132231840486,0.16154830310481147,0.05161000451520647,0.007145586222670672,0.0936605662547369,0.06107171851332689
0.08517833198522701,0.014227853165392747,0.061342047173236804,0.1487696740532693,0.09001178986255627,0.04022626460826755,0.14648881295123342,0.1669665710112419,0.05238239511810211,0.194406260071473
0.09542716058881955,0.1350583626695024,0.060714436977092626,0.10082628537230826,0.045042930016788524,0.11869228845947785,0.17805080268295093,0.10151976112684721,0.014527164779888989,0.1501408073263236
0.144379676110996,0.11390125483371755,0.16525353522759098,0.13743309205338536,0.011194559796943745,0.18016319422858254,0.08045428626195628,0.012706009837128994,0.04793554065258702,0.10657885099711156
0.001974748434404933,0.15081725875923524,0.18561887832837817,0.13285046306744955,0.10992250707212706,0.07686540465830012,0.14254794274234875,0.039133939276522194,0.007995972599061285,0.15227288506217282
0.1340952549807823,0.13964171622582017,0.13866909676969408,0.03580775768641095,0.12699514149275629,0.12605668579752394,0.08472985239415882,0.09604709947751262,0.0844836936681075,0.03347370150723341
0.16325385632042566,0.09057106526228742,0.10154955327729431,0.11717117766655608,0.15325137452616264,0.1619094206614006,0.17301782872732727,0.017474800204466987,0.007997773025714543,0.013803150328364558
0.2021528040808109,0.06465334188867805,0.00032419191151230524,0.22030827382526477,0.006641666483978819,0.29107564484017234,0.05261705267668613,0.04176312206402239,0.009554480227044993,0.1109094220018292
0.07560951119800152,0.1628299991603602,0.09793402252806632,0.024282621203544016,0.030211286924419687,0.1114089375743568,0.1797337996134164,0.11631775458112734,0.1789436887491691,0.022728378467538675
0.05988212874776814,0.19798683263700323,0.17149173144717375,0.014834072178435773,0.1016683740737024,0.06427625123708498,0.07683871128289366,0.13941058843442405,0.04910544530781842,0.1245058646536955
0.05935000404976803,0.12129965048225207,0.15655637747895473,0.20356792074431745,0.03391851899447551,0.0826671720854242,0.07743892895723357,0.0200334851321371,0.08480234695903101,0.16036559511640647
0.011613328478539835,0.17404311141099257,0.13997620628047241,0.06924551742271634,0.1608615998345439,0.06854083138328963,0.03337776915926623,0.15043998634618155,0.14906397949883185,0.042837670185165704
0.167461685121743,0.11666335715860052,0.12373889375257806,0.103409433383321,0.06516778390850785,0.12903285080206364,0.0070328577416259195,0.1449251182582631,0.10986134098576893,0.032706678887527964
0.1548782768433287,0.04829125654601465,0.12670875286699745,0.05789478831843228,0.08311034944485213,0.0846157457736315,0.15754773170818145,0.1404652699869466,0.11145954637189495,0.03502828213972035
0.18640793683248058,0.21906024568527413,0.10149786752140598,0.09686875915273209,0.11536041695880435,0.13161647440752344,0.024350368884802482,0.04302598138052976,0.004039696968043634,0.07777225220840349
0.04934809405092806,0.003082310669491619,0.1813059160595719,0.15476386475352932,0.009289306729327148,0.14599788339560496,5.3148865955271425e-05,0.17635484179248992,0.1100697762118406,0.16973485747126135
0.024839609888894335,0.03382745171977567,0.14622718586834133,0.034815724023319894,0.02332973268366719,0.13416010991604746,0.18779339102082365,0.13280909948928588,0.10147553713575977,0.18072215825408483
0.11831776489378956,0.09607321769162563,0.11857466064335923,0.1359687360493476,0.08208320496290981,0.11199255713848517,0.12867512941783246,0.06177923584384421,0.07575157877828993,0.07078391458051649
0.18858136011699647,0.13751031475653114,0.07009564346533537,0.05388035010288031,0.16623745335999268,0.02841434491501094,0.20153673841379335,0.13409630198556935,0.007597344924945738,0.012050147958944667
0.18569108043979346,0.05664041285205662,0.06280623017179388,0.03329777660740745,0.08766071514656427,0.14187914843241473,0.021711327076524782,0.1844947533293437,0.04735201721247073,0.17846653873163032
0.2649411899254639,0.09315044927498926,0.12023859988567413,0.0024001776747367815,0.06271007993427266,0.03133539677058631,0.15424073926195328,0.11893700677906166,0.10899338009137194,0.04305298040189003
0.0513984461404951,0.033544659661003916,0.10543541314391892,0.11519355392644326,0.03580549789801121,0.1689785168754949,0.1501636927909539,0.16394915893932407,0.12324551438066875,0.05228554624368607
0.08505092369630701,0.08780646280129362,0.13921557143270208,0.01917705829620753,0.09323488336863799,0.12803404085105777,0.11266524805964727,0.14816319755520835,0.05714783703142209,0.12950477690751624
0.027301406148988634,0.03501044556664799,0.09849353046064467,0.14408145507485692,0.1354494711337853,0.1873755128205427,0.15191829427713952,0.017616076787760226,0.09020795201061198,0.11254585571902195
0.0074082192217731985,0.22667987064067907,0.07379869740061151,0.13386227615912571,0.18763905724052563,1.8932111499718686e-05,0.13354713267779963,0.1604670199069866,0.06349344570283535,0.013085348938163571
0.13264495131467166,0.11816113660049042,0.12781332144238822,0.006284837863131864,0.1931546482267686,0.07710298403844003,0.050561352529122985,0.10988342980526206,0.11890572586086816,0.06548761231885605
0.10714566022767745,0.01824470751677311,0.006267682831519292,0.1338869478919515,0.10205221037355235,0.0389484184668646,0.16198031173771485,0.2557869755462833,0.1715601885308371,0.004126896876826285
0.2286624300609913,0.050970230659892764,0.0033347485706607047,0.003451924928075894,0.009822782998221737,0.2112493774898914,0.10434367464238434,0.2274286220536813,0.0913007016003305,0.06943550699587014
0.13311900906829666,0.11115987789250308,0.10012707937905126,0.11073807234523235,0.08264539126282536,0.14170819177630495,0.06279100756913014,0.09308475083446034,0.05877291013632873,0.10585370973586727
0.11213109394329385,0.17012826324766872,0.16252001732813617,0.08553469890133378,0.21169962919274102,0.00929372420429034,0.10799435724023282,0.024422099588452043,0.0908728267973606,0.025403289556490658
0.11932377841296908,3.144186837170613e-05,0.08345554554504146,0.19617542497193396,0.14118050842681412,0.11660921892981968,0.11816061716952557,0.09380948760352419,0.06618173821465287,0.06507223885734753
0.09024812661046319,0.13792564618317332,0.1213414959363253,0.06612013612539792,0.12535102265143336,0.1380605865643148,0.16662476878854432,0.008063040384946865,0.1426425802352648,0.0036225965201360107
0.1281007788070651,0.05257156864629342,0.12421094397470085,0.11120376291932876,0.1324439532245417,0.09025401177582205,0.14176848598192698,0.09254408847053487,0.069801584803917,0.057100821395869306
0.09815404624419653,0.05408498361447999,0.01037266253895944,0.1471310173128935,0.01386280737399288,0.1339053465162292,0.08931486716601197,0.1561244736797115,0.16939649310147115,0.12765330245205375
0.017837466157029965,0.11684289191249836,0.0887080612971068,0.16174012494590484,0.13177025432800427,0.12063692664487256,0.06543272145990651,0.18097473362253982,0.07297004183272777,0.04308677779940913
0.15187527836162878,0.07405972175940066,0.061920699202353956,0.04292218064449196,0.17583385490761805,0.052869269909427176,0.12578025402937054,0.17496402452871718,0.07975032344684,0.060024393210151614
0.01269276527435426,0.039169318599058055,0.07873329455175354,0.2708890553845125,0.15945724938005987,0.11942804973889595,0.06635696119421962,0.0499975834575226,0.19380169887476337,0.009474023544860367
0.046620778567351695,0.07743294924879753,0.11851381248316001,0.14604085126220057,0.0598145824830028,0.10618607139766166,0.16530456552269848,0.07672516589621894,0.15698497452455853,0.046376248614349774
0.13251746114649746,0.13758753665084025,0.15756043215531107,0.07741808580137015,0.020913218574431194,0.1513016366697479,0.015934352200238314,0.17861463697556354,0.12613575966830357,0.002016880157696531
0.04172407436217581,0.13680183890845607,0.14548393375944219,0.18174477821629856,0.1269276551212805,0.14687132882155116,0.08555744730743906,0.012142429589039435,0.01998118597675889,0.10276532793755827
0.01588979696243526,0.0981165663747774,0.13240385557445478,0.18729145582334364,0.06776575350584398,0.1878046803250509,0.0511709317417182,0.022050199705425683,0.18191027226388073,0.055596487723069535
0.016894147513731635,0.13985299842945154,0.1790645652348601,0.02027586420042053,0.0015989179196182603,0.20218014573020487,0.0006041408521395384,0.17887342091512118,0.14345985935903172,0.11719593984542058
0.07283321248039648,0.11905658971424384,0.11920500653994544,0.07616893039544088,0.13986481385080354,0.02641269494847718,0.08541659285667423,0.12235821510750997,0.08854615502151421,0.15013778908499428
0.14049149628676455,0.022194524046824378,0.16799565326938434,0.10361738092186779,0.10431801999771509,0.09716959972726769,0.040096707155429595,0.002568720289258672,0.10736445244011794,0.2141834458653699
0.07730890380077736,0.16641854893793873,0.124124132094654,0.11108782298143734,0.0403138092601467,0.11798843212873916,0.12473341113873383,0.004145038535256207,0.0448867579906593,0.18899314313165738
0.11575896112261373,0.1314347887911546,0.24277711644719077,0.13934454339060462,0.022831093683174465,0.19386334586417922,0.009124614271325958,0.021786916222187397,0.09889565073992533,0.024182969467643953
0.024568761939116706,0.11683946093364643,0.02725330029212032,0.1644957411682516,0.06402833607229949,0.020776753007541473,0.09008562509680058,0.20223607378263087,0.12726118688323113,0.16245476082436142
0.0577952270482503,0.02818766535667514,0.04562112331180463,0.24086272903034667,0.08571824751079259,0.14806539681556233,0.15243961359888747,0.016529770845994503,0.056688053330979746,0.1680921731507066
0.10294873632808356,0.10532979771888433,0.12122491832208598,0.1102649579092351,0.07921808087284483,0.07756473153904002,0.11060208201494501,0.12065308287860833,0.12512692139420184,0.04706669102207096
0.06840546706270201,0.1173177793485037,0.07556290120419655,0.014912617376637946,0.1457684571177264,0.0070531274227911295,0.18454520253331524,0.14049488417054354,0.11208062452271189,0.13385893924087167
0.15120562428708814,0.11898375171805926,0.12266616900706415,0.12378583366860871,0.1596001679692788,0.16623694687228824,0.08606853377837037,0.004567706737187128,0.06156546338654873,0.0053198025755064335
0.14041152009849628,0.08614935347967087,0.0070059445119087975,0.03991132400483368,0.1720373201363205,0.15455759308932573,0.10643408463358911,0.17009382980842067,0.011282131722271823,0.11211689851516243
0.13991474426390774,0.038417820111404474,0.1726080953752107,0.1710004231591868,0.07525333951877908,0.0923888976636716,0.023876791903892552,0.13336987390573546,0.08471688218764167,0.0684531319105701
0.12935484315206347,0.10326985442114342,0.14814126847385475,0.14194328454528282,0.12052857021187792,0.03125845970035958,0.005188794127698722,0.10608259023503872,0.11605020256585442,0.09818213256682619
0.041210222439389814,0.060634249451654895,0.22674381905137583,0.05369437497250844,0.08029694194954623,0.17733247523386922,0.23196091548536596,0.08726773599302215,0.028942110746030217,0.011917154677237283
0.06534997072210863,0.04240087803713034,0.1430676775636369,0.08227662349324122,0.012517255344853538,0.11583200852008374,0.09779167572629986,0.23428261334465963,0.13449836096521017,0.07198293628277595
0.10704713949967272,0.1649039595869279,0.1632864509986361,0.05351923881715729,0.13760633399140096,0.09904494456061189,0.059406745787853335,0.04317748898979287,0.06024171118458085,0.1117659865833659
0.030968457082991556,0.050555800616881814,0.10635528242462917,0.03301569459843106,0.10343593463406547,0.20196437715515178,0.09243345808261454,0.014387770996102932,0.14819758521346815,0.21868563919566342
0.1471563875450178,0.019332885527572508,0.14526752754943068,0.13465334528701928,0.01515594347896494,0.14584123726135148,0.032142425613024043,0.1489513822976839,0.08670370948363483,0.1247951559563006
0.12143594450075747,0.13325551429947755,0.06066500984084381,0.06143173896867541,0.12850975426961367,0.08833719700470424,0.15695277999145343,0.04193717645605873,0.08829000027887474,0.119184884389541
0.14831373426738909,0.14984851594293744,0.11247014614198687,0.14006521391741966,0.05905827899655907,0.13318912537268174,0.0023337424144872646,0.08748716596929404,0.024349283379595476,0.14288479359764927
0.09202072074079483,0.15446055645861217,0.15345417999517436,0.08102009782981182,0.07203848272496002,0.14773296856246104,0.0004071232499908275,0.1325774402402286,0.014858192857717164,0.15143023734024916
0.12477139386010141,0.06521813234297758,0.037877823446091106,0.1648496186017595,0.06701205815159372,0.1933488325028202,0.017086113162103685,0.0781232011338319,0.054676449133579975,0.19703637766514093
0.1693411291535292,0.012400348110448642,0.06863412120462246,0.04496277374259359,0.1516634850934797,0.026964245649157368,0.17404442231654857,0.06585397282418423,0.1785327794931236,0.10760272241231267
0.1154409306969644,0.09623052556420865,0.16027689840291298,0.08074150767679489,0.043636135431669665,0.1616665451549029,0.04657261854797513,0.09264595191250347,0.0698995487897143,0.1328893378223535
0.054352340798107524,0.14600281311921598,0.12379706267704219,0.23233380986380045,0.022738719745078795,0.0478213389199,0.08883795444710499,0.05340985512356061,0.14093075720981554,0.08977534809637393
0.11372649531930454,0.038658309590124916,0.1495693403616,0.1315095548704399,0.13576269808935743,0.17076265083915781,0.031465626617629354,0.08897875998638691,0.13938269644517617,0.00018386788082301592
0.06101136854967003,0.15067944179233617,0.17061562393555793,0.15941252768282135,0.022567313558688164,0.049783312145479604,0.046305777356895,0.13659089900929575,0.10452408508689856,0.09850965088235741
0.1317281033085306,0.13751374517017245,0.10822500383063577,0.08755091460333649,0.12360996884520067,0.14036136459756757,0.10535254680906636,0.034824558106790804,0.11998564443426739,0.010848150294431879
0.10358051385952448,0.06900103390418112,0.09763229055102078,0.024804326093278362,0.0946338189613845,0.1435483959500335,0.08981521214837597,0.14776385072595435,0.11566380148851611,0.11355675631773099
0.18831885892699834,0.04147781860315019,0.13357888090582828,0.06149296026580713,0.15351823572619014,0.14419477712178197,0.0006385376309305232,0.05330041601881022,0.015145428982897523,0.20833408581760576
0.12401109972966766,0.08376193682436987,0.13855909106222297,0.11313937273582618,0.017759036863151233,0.09935563492633201,0.1534417300472175,0.05823335598728787,0.09581053247410179,0.1159282093498229
0.11939517496752512,0.05652065322203352,0.0937419484583486,0.13080642828316805,0.1426551646345068,0.11570409033265862,0.09666740442816171,0.013162756801984705,0.12070211958053446,0.11064425929107832
0.08379893488312024,0.022912428803986005,0.23733061738475092,0.048549477343696454,0.15356423841634953,0.004183428022471438,0.14780792592851175,0.2193476260868112,0.033675565647823986,0.048829757482478364
0.11143096160674762,0.1936218988038843,0.022574626344123317,0.11919709937432418,0.1635697851736162,0.03382649108045513,0.03831945082518629,0.1563194474472523,0.14829024140993755,0.012849997934473124
0.08140405881937147,0.1087236677160252,0.08994252095422008,0.04941148065823663,0.13729114558960637,0.11796812649538763,0.029073841153365792,0.1358320585666559,0.10368553372676223,0.14666756632036865
0.03646865014012974,0.05179418960742494,0.1034826415493783,0.13515036633872424,0.08129036298086732,0.09143556258098756,0.17028674839623106,0.13685920820281058,0.05997848424212436,0.13325378596132184
0.08366034252314433,0.06363735416891804,0.17212568745829854,0.050091844194377254,0.09857195311988946,0.028130037602852317,0.16261869972405688,0.12423126915444606,0.06424047466374296,0.15269233739027413
0.03635481751637604,0.11817660746465498,0.10622970141475044,0.0755465698496588,0.028652253279608363,0.13570649999357454,0.16001191750656332,0.10293440800079999,0.09710388009452141,0.13928334487949195
0.02635240985390957,0.11037351185704991,0.17967988692582818,0.15375573175600393,0.0961072184171327,0.02669952121793913,0.07692463172583007,0.05688433922496969,0.10324741462262307,0.16997533439871365
0.06892774385015005,0.045545746995153284,0.11116414792072411,0.08650223517973689,0.13625064219026684,0.048973670781262815,0.19518088029495537,0.14399217657144545,0.1491518427159178,0.014310913500387433
0.19153164418851,0.07740394778193502,0.0898961674563428,0.026249280175987866,0.027463188663897044,0.10774939193528663,0.07851328183885832,0.24737911213831154,0.07714108095812149,0.07667290486274937
0.05264661356638381,0.137611989627865,0.14370472378003932,0.09698032597346373,0.19069980871080583,0.013284862836998697,0.07075011010638094,0.09969563983856387,0.19387482136101444,0.0007511041984843016
0.037378769107917265,0.10242572565156086,0.034899885843608806,0.08070499066019284,0.052522349515662675,0.16508497010870968,0.13677436911238924,0.1779520275351872,0.12869206487189658,0.08356484759287482
0.13458228518132537,0.12356818841580429,0.11092738315291827,0.02303954136652401,0.09353260033867403,0.055094802911793035,0.11610851397844753,0.10476704911181241,0.10965429416370671,0.12872534137899436
0.22202781338750824,0.030163216700503283,0.17351528153820373,0.10732941529885712,0.0867850434558274,0.10016165405206112,0.035561353643927165,0.04908296388467383,0.07590545009435581,0.11946780794408234
0.029425390393850344,0.054716159675081914,0.010509483853000606,0.19461366764378482,0.14634947564774448,0.051093584363183134,0.10633993514855412,0.18154110981773755,0.19089282834986307,0.03451836510719991
0.003960056362511143,0.04676383854514489,0.1307656430021509,0.16206780400391133,0.009240398273784364,0.09244943279907274,0.13340534673438778,0.18426978692551735,0.1740457091700654,0.06303198418345413
0.02512153276526214,0.04253881765455508,0.11983586040224956,0.09720543355275439,0.18692441091548004,0.15436564677039014,0.0513826018502147,0.09391038305406187,0.10882359838657762,0.11989171464845445
0.08762700331270104,0.00950906648141962,0.09257965469754305,0.1084326252042655,0.17453050618677765,0.11803573375789393,0.18081612030645958,0.07462782415645348,0.11153121072818103,0.04231025516830525
0.14053655160718512,0.16022177202437266,0.1323679050645683,0.004444058449631763,0.26110955909954847,0.08502702779749549,0.12046519165702667,0.051299568076336614,0.026409699901548556,0.018118666322286224
0.19226276717427193,0.1323705927493768,0.05643760456166497,0.024797360891000604,0.05543395004823619,0.16565715016116614,0.14267557000375533,0.08176263671950465,0.0017190937464374877,0.14688327394458597
0.1427759875042437,0.15777721487937346,0.18451422899964562,0.04768660240480883,0.005578421909211123,0.11121316635527087,0.1558528094747765,0.048857631091427024,0.036342285430411195,0.10940165195083174
0.05555492600014176,0.059024386508866516,0.04502623145630831,0.24129044003038766,0.008843626843270176,0.16310946833564485,0.1838657406804803,0.047431244320796526,0.04870338273329208,0.14715055309081182
0.17595317147821907,0.10362971839388417,0.044842168022588114,0.05447226514350827,0.0021306918232117484,0.16204377180614643,0.0352849410012677,0.14380562433952632,0.17367531276593012,0.10416233522571805
0.16774788513082448,0.03847888481768643,0.1664654099493978,0.19987715147140037,0.05239280152100993,0.002825898109683171,0.10363102995695347,0.027691890307352047,0.16032099870507058,0.08056805003062169
0.13667154692027828,0.10692079515917949,0.019922744651224036,0.08970533830557804,0.15114949275765732,0.13416452201323115,0.13807315320205876,0.06309997073595892,0.02157286170386097,0.13871957455097317
0.04986209256106211,0.13789702292086373,0.042686577373506264,0.11706046258257899,0.1512678154723539,0.14501216987024798,0.014980369593743952,0.13119872040722544,0.17611145117187588,0.03392331804654185
0.03657368156061407,0.019111195332762974,0.058098398829648464,0.15884182189336069,0.06591566346587231,0.2276640178281038,0.011858061721304793,0.02113141763838137,0.1664942687407957,0.2343114729891559
0.1616049326450962,0.1310789703584015,0.10100692470440105,0.039651788373663635,0.08177913788716364,0.1615313314708854,0.13494534846000827,0.06928462232771285,0.114263370807101,0.004853572965566461
0.020214306532730507,0.09275344328271715,0.12618534103113976,0.13663924726705884,0.1262391383571267,0.1457419677462215,0.1599652062301418,0.13308117202270658,0.0065154889438401075,0.05266468858631694
0.1862549011814035,0.011373297023781506,0.02908952288855169,0.030032379676812514,0.05206690241787568,0.13379565970253618,0.18686262097662282,0.06045721316153748,0.16567105709547392,0.14439644587540462
0.0888606189958726,0.10254604840131153,0.053143062665734646,0.1713537253745141,0.09612032992840508,0.20670955554050377,0.005021700523944683,0.13197986612816615,0.07438210476480593,0.06988298767674157
0.08846554588792338,0.1688636728805358,0.12354408528572253,0.01904307639705679,0.007383448232768654,0.11940173645648498,0.17610537310276161,0.13164340043817202,0.12171476743903568,0.0438348938795385
0.09546706246391091,0.11215950387642638,0.026702030957797634,0.06674750190781326,0.014448237016752373,0.0402564479501059,0.23522158979055713,0.2228181383485918,0.047531077293314475,0.1386484103947301
0.08152486193834944,0.07971961323332664,0.03968134494543876,0.1093870175184886,0.08967568178720463,0.14817056037660298,0.12272719642613379,0.13400850580156198,0.16941948648523458,0.02568573148765849
0.11450359860502225,0.08588309983607399,0.06516937538890583,0.08901230936196393,0.14080256526517929,0.05304751615527443,0.042551954947545115,0.0071046670758695574,0.28187002610495776,0.12005488725920786
0.04101064471928966,0.19024457506201006,0.026773879858314958,0.09848711461360883,0.1652120355497869,0.10766211119479513,0.0022029325678068466,0.06566397678974734,0.13239147296948256,0.1703512566751578
0.05096401599519629,0.15108120092036287,0.056750290415624446,0.11327206252556239,0.10844426552539016,0.1584583212546101,0.0037406071866264404,0.1252227975555565,0.1646155951039456,0.06745084351712516
0.08847392378169416,0.2222099187870532,0.01935492656350466,0.13244681648280957,0.12451829357597803,0.010717588710431438,0.10854674624991285,0.07266890526833969,0.15740652313256523,0.06365635744771118
0.0011934043194066952,0.09525318604581322,0.08100167503876082,0.14128939297739398,0.11542268891511218,0.15500060337235558,0.03219364040837162,0.08417120957991601,0.13775249280684826,0.15672170653602172
0.07233246081457452,0.02774449144098885,0.060814485849957654,0.010953886614657266,0.08112840480041944,0.1774815936773899,0.01646735764123288,0.06870578238590196,0.0993730499817808,0.3849984867930967
0.06923060650366182,0.0874096171140151,0.13990158783050766,0.027657543894268274,0.14652594311743278,0.07324287219675173,0.16452583360746484,0.10396602967731793,0.0937352397253677,0.09380472633321214
0.13653392491241104,0.035783032284982565,0.03837354156458854,0.16561970615816718,0.07788890307120663,0.023945209126514124,0.17131291368030374,0.0785282471648059,0.1404458216160085,0.13156870042101165
0.18878371769758154,0.020944998788246422,0.09546177211805523,0.09974528422362249,0.11956047486041713,0.10924946533512116,0.18725393929906042,0.04873393982949254,0.09338547698683111,0.03688093086157185
0.09359728384995795,0.08155194396239239,0.11461488207409919,0.14336269569537852,0.1455748514133488,0.14475005111855196,0.08371395631188422,0.14209776261056142,0.048503316110456204,0.0022332568533692523
0.01407785812457969,0.13812254044057876,0.1297037603990382,0.14452125159532406,0.02707562945717052,0.14278729237551527,0.11011330206673937,0.052995429458247464,0.10146385454803726,0.13913908153476934
0.11541426144893707,0.06344544718459882,0.14931732265891912,0.047139051893008106,0.08909850843598313,0.11917210868150975,0.010997526018608506,0.1548327713386876,0.19911084872363127,0.05147215361611662
0.05094787368872834,0.0910186051549728,0.03974089940038392,0.06385760946311866,0.056791359936231925,0.1822256148558381,0.03778842654780727,0.1261662461560596,0.1892506114823026,0.16221275331455678
0.09574064020404813,0.12809587014285315,0.05776807843903469,0.11625611492616543,0.05396584072020371,0.012134488322450308,0.18315973978908062,0.16231502653215193,0.1290504626051243,0.061513738318887755
0.16248944921879815,0.04266892902183502,0.07527983857667808,0.005560262005699239,0.1429130862002558,0.1605094215284625,0.13471599389342917,0.05947992134245547,0.018027972258778963,0.19835512595360752
0.09389072442982649,0.026036307769477747,0.0458135110228003,0.16522348227697994,0.10692395651833803,0.05188100392956903,0.18730073777924217,0.12843074707357452,0.046234303182838304,0.14826522601735354
0.1659923938010761,0.007921446001836956,0.010438076549989503,0.1495893294393217,0.05953643200590544,0.15212305442085783,0.1406093633297738,0.0199293249672144,0.11152306019939115,0.182337519284633
0.12847088058203054,0.15057641335349542,0.10704232169284046,0.0382107788539813,0.17432038001821476,0.10052736557751019,0.053882646676456404,0.16164838335175347,0.03457061917634874,0.05075021071736863
0.06229534419576561,0.008201404312401446,0.01936053276169204,0.11597877501864665,0.11580608223220344,0.12918036263525504,0.16513736174790505,0.08615621173899897,0.1500285320898114,0.1478553932673203
0.12315819660559889,0.12626946801737618,0.1321037403419558,0.13574126283943885,0.10182322175716083,0.101004885789977,0.08967360898214007,0.12789000716495497,0.06165021086187264,0.0006853976395247763
0.10492649684145404,0.10130737261607146,0.18435527692433168,0.12226198798568864,0.06758873958649393,0.03167291077159191,0.07863182372829709,0.03986605656907317,0.18634065667938982,0.08304867829760834
0.0673680405343029,0.15303122818056186,0.12455765831137648,0.08668975076884064,0.16567087271954395,0.11876014183154932,0.13786571315401078,0.014791814301815785,0.019178020507984204,0.11208675969001398
0.12176518867364776,0.16660461367295576,0.06364625690863768,0.03285966736256733,0.02063183090851678,0.05814706030605564,0.17227189563260956,0.17349423558425273,0.013521653754298603,0.1770575971964582
0.13191538774331002,0.015923800670997416,0.10966223253737521,0.2258968866480743,0.01194991505328563,0.023165136083864776,0.10538011006707568,0.20489849444489056,0.16508705223700992,0.006120984514116485
0.13827212880836318,0.08965993731035,0.06152103612984501,0.20021827160217373,0.037611113239717775,0.13917516471106173,0.008477043585900346,0.1296319863737245,0.09271427722171309,0.10271904101715072
0.047921787035122315,0.08315931376384308,0.00848510850115935,0.11809815022523222,0.1687849708571352,0.09828696762221939,0.07370453270050008,0.13289387645203923,0.1423077745085745,0.12635751833417483
0.06116653599640294,0.12033997985522098,0.0737644024657783,0.08754546034467661,0.12864783735571952,0.13125321186718483,0.08407505515067858,0.14106989553968954,0.04064140301203902,0.13149621841260964
0.05048409921525969,0.15289064834744395,0.14259143235751692,0.08164936342366394,0.08238859949631373,0.1321946911469082,0.15246072964006865,0.06658699346353651,0.13305156146286204,0.0057018814464262334
0.061494515957554834,0.19280736433059728,0.1774179093565257,0.04779020689123283,0.07663956971944783,0.16825348982716373,0.029935833742145562,0.09001064904008847,0.14847881454592718,0.0071716465893165845
0.012661328982865282,0.1006833166803017,0.024465461613798766,0.08020549318512057,0.1761576631193649,0.2083229824360117,0.0780135688792427,0.09685129232902887,0.040306428574373734,0.18233246419989171
0.041880259165827556,0.1151134000588484,0.05994371973293936,0.011978725038100869,0.08497790196934922,0.09886681217841495,0.1356586551061532,0.1496549558202619,0.09840647493348845,0.20351909599661605
0.12888361625591854,0.006936658192174781,0.17787187884845163,0.06597340595129754,0.12543565818842103,0.004565373293918005,0.05267310746150756,0.09447181262933349,0.15474442999739424,0.18844405918158325
0.20883886728953915,0.03602892189977335,0.11252582899709523,0.07891162165713016,0.062462304358514624,0.004288333851255083,0.014719570598807184,0.18573846840655087,0.20975769808622616,0.08672838485510821
0.07008339511585275,0.13858200311132787,0.09460344437717612,0.09957926741765871,0.08570246400436558,0.1521678452727382,0.14439183114869206,0.006575169073906398,0.09539463380833255,0.11291994666994976
0.12890364658978715,0.09169866972275172,0.09886291166530976,0.020255695671989645,0.030509801409942857,0.14905114285251078,0.13469360822647314,0.12133454853738151,0.11831229521642621,0.1063776801074272
0.008217589977287526,0.022470568547555535,0.053174859645115743,0.09041192706174501,0.13921053145752177,0.08042958659258681,0.1743105836041992,0.1792481932436006,0.1770830388685708,0.075443121001817
0.09839681611700407,0.15843767701056358,0.002430522876866976,0.14328340017969524,0.11520233341431495,0.11612415058802673,0.05694374363463862,0.14058718325733993,0.06422568901920302,0.10436848390234683
0.09804665586367287,0.07900579381139582,0.03209409608695867,0.15741132382030606,0.04019013975528162,0.13835825324592832,0.01751270065174529,0.1850923821929792,0.07105953435928898,0.18122912021244317
0.007191371477625909,0.14908895393590518,0.08921035888062885,0.15013285174141017,0.06359315839565965,0.0749526890772002,0.012991890414850061,0.20721060547846856,0.04760790775220393,0.1980202128460475
0.08367113749167134,0.2060264180614891,0.06434779648809756,0.18995544041385473,0.1697797402312205,0.021504077842222337,0.03233744932990848,0.06023481367531687,0.02596901735194291,0.14617410911427642
0.1276658530271072,0.11651133495571082,0.06618971052065127,0.13563624634951246,0.10734263820447211,0.1433830871076464,0.00045922062222922494,0.07648944870304368,0.08801964680103483,0.13830281370859202
0.05746240108362888,0.07049647754210896,0.02931998106720896,0.18218423895134261,0.1468124753933959,0.05926179590909497,0.09503528391370433,0.194313178532854,0.03421772481117286,0.13089644279548868
0.032696386217798565,0.16722585563446507,0.15257956109146814,0.06747159823211715,0.04607664216854573,0.14900737950802062,0.08440486026602789,0.11202680562898083,0.05592280543907748,0.13258810581349856
0.06152585450766224,0.03069477789817879,0.07531634326670461,0.14885315374634872,0.13092739553680335,0.1261692675241202,0.1209137616873687,0.0714423669427563,0.08092034840813526,0.15323673048192182
0.17533721652743772,0.14548468536888906,0.03987819859183573,0.020023656233031224,0.0776250542424374,0.09943013145247498,0.18979531356603263,0.06220957499317005,0.08240766864809015,0.10780850037660095
0.03522914571934714,0.15507540902498956,0.0891635980660238,0.11658747436944962,0.14515385563216798,0.11258412051355272,0.0015535946798228123,0.17087955422993378,0.1352298278227185,0.03854341994199397
0.06381195134580152,0.1495323411509414,0.02598289446958338,0.1129888260679679,0.151128126251246,0.058193483697254064,0.14756415249913965,0.15275010353963128,0.07023719531566092,0.06781092566277373
0.02761483347793534,0.19157268349084788,0.05159104385714901,0.16837518776870272,0.019356346446695497,0.09055706420185367,0.19620818900024029,0.10924302037717437,0.06667437199543276,0.07880725938396854
0.030873285707262412,0.18041024778639736,0.08381302072930032,0.0661017703715829,0.05899629916792757,0.18971502219954053,0.044507070302295726,0.10665148288553844,0.034875704307861195,0.2040560965422934
0.004539403819665385,0.14873746112317374,0.11943557209077832,0.11056686296013749,0.04421967253801269,0.02703010522950315,0.19245038130170852,0.19171835017148575,0.05649113443707129,0.10481105632846377
0.15483060251190658,0.12774661861941317,0.06034545985628535,0.15459381497402458,0.10106036470568379,0.05959534138042319,0.10259333491026067,0.05701001581403564,0.1636164834331418,0.01860796379482526
0.1248964488214416,0.10934986455639664,0.11699654993287997,0.08924703158317941,0.13811066218209864,0.028296616814086635,0.0036245748365971056,0.12432994891623277,0.14270204834699854,0.12244625401008864
0.1371001499704167,0.1293216460863031,0.05013256374155826,0.16321316090380766,0.04589714831403895,0.07707592979595783,0.0774784700541886,0.07518145825613148,0.19111388535011092,0.05348558752748645
0.03166371762098046,0.11511089084231226,0.046042621718210136,0.24467714654898848,0.02962889501120631,0.07145835857763498,0.09652780822448859,0.003603393813823192,0.2918303119743927,0.06945685566796288
0.14023840172097646,0.10630409122281799,0.03201963502647195,0.06632210773426056,0.1631617459722417,0.09516284893668395,0.08987634138331953,0.07107764847527925,0.10200111930912308,0.13383606021882555
0.12366859451348444,0.03593447447098656,0.14272675806416515,0.005536240628540756,0.16269345119427464,0.03466489972684528,0.23735076761957188,0.176788454035413,0.026472337618556194,0.054164022128162036
0.09124659888804679,0.05271303899032827,0.11020392656112303,0.046986779793297566,0.14535885035493118,0.13836553149427494,0.1468614599605221,0.14546278239190893,0.03902072033227914,0.08378031123328802
0.23751128034390576,0.03427557201659682,0.005803011300924381,0.01481015958951425,0.08393716918005499,0.012451690532867977,0.10747446282016254,0.20534102679915242,0.09203746453802554,0.20635816287879546
0.04360503390494687,0.16839327605202029,0.16971756590962783,0.010444654048658929,0.14049990679101673,0.05319209842797917,0.14997422303631622,0.14264621665669455,0.09625190416701516,0.025275121005724127
0.17375158613937702,0.09135263437334236,0.0992849893598992,0.13946869099661607,0.1832597486668491,0.0599167872730199,0.09639182860944846,0.029158136995076352,0.00667354384228825,0.12074205374408332
0.04204280761936788,0.12030345386122185,0.004244332387010157,0.06525004526770703,0.15998820764924088,0.09042940320249104,0.17677190115293254,0.21198134041444813,0.05138359781119553,0.07760491063438482
0.06892045556912085,0.04501202585144761,0.05096342698317257,0.05318663143002597,0.14317567248383647,0.20965909371310892,0.1803992963460743,0.12478688865491547,0.09021916608255119,0.03367734288574655
0.15318674922706682,0.13596893334660354,0.1262320602579947,0.07671178434907659,0.05216004622499943,0.07191769104999376,0.11694998633410186,0.07909417869680908,0.02479225049211144,0.1629863200212429
0.22840723514998754,0.004491921542853677,0.006792997853822112,0.06882180967539624,0.12536509525912617,0.13993933763946323,0.10367129345735575,0.029732234593007684,0.26564202703775774,0.027136047791229814
0.1286457609222738,0.03464479039398123,0.022779183372147002,0.10881874659845693,0.1679211396955918,0.037368686987958255,0.05395124086453181,0.19372950710047068,0.14716606772325777,0.10497487634133054
0.030082874804441825,0.13934351380534912,0.14053892574259758,0.03694648039469222,0.10909169110160757,0.10436947416175169,0.18017326864396424,0.1397249773506295,0.10689446092334098,0.01283433307162536
0.10360844237949536,0.028683091639335433,0.12811762947396274,0.1624938488815683,0.12837078260493365,0.15981600053760758,0.009771447065731277,0.13377167729022388,0.1322851544658032,0.013081925661338539
0.028438449652348468,0.20705591377534324,0.09990489538912888,0.03457053549819732,0.16122648514094198,0.1325274949119973,0.09370670276478292,0.001565115674297083,0.15452900893637814,0.08647539825658478
0.08986349192555969,0.172393522176698,0.0027840744916082746,0.17799894652944204,0.09597496243443769,0.11058132653124876,0.07873467753827919,0.13265127226073944,0.1356930262610127,0.0033246998509742225
0.09670231816397194,0.04863427523862004,0.04193518543288153,0.18416204037378564,0.12539639074198666,0.0014122700653236423,0.061370419697647775,0.07527813250845969,0.1496638348600596,0.21544513291726342
0.1527144872923864,0.030741907132569888,0.06532021670201962,0.10762836893942036,0.13010070422895806,0.1743816550988827,0.13579805162446706,0.08354149104235957,0.07407523812139957,0.04569787981753667
0.12124425555131381,0.14105872942582104,0.03657730701532644,0.16569323019481813,0.14250319222325833,0.016976106124216732,0.060419817325194365,0.11331324658388016,0.14998407373742467,0.05223004181874643
0.09684150903830033,0.032028741132211075,0.1452395633886389,0.1494278278328066,0.1549404693452356,0.22901219913675822,0.06039174950411705,0.09698172469882507,0.014810278244321134,0.020325937678786123
