i = 0,i = 1,i = 2,i = 3,i = 4,i = 5,i = 6,i = 7,i = 8,i = 9
0.16962132969181526,0.13766521732862136,0.012255471940879909,0.11860429559613007,0.0015615744737461578,0.04469892708198068,0.06901590287693582,0.28003035634896295,0.12729719109776313,0.03924973356316467
0.05456008533317994,0.14382021665235,0.11565563956607114,0.14215679199205927,0.1457551848932862,0.09505232436051779,0.12183342224974507,0.001235663194614422,0.16169834579796744,0.018232325960208847
0.06880954427738344,0.12512492421924837,0.13657762112696126,0.15906907374041088,0.0632772886594048,0.0646001686620556,0.05172889814919257,0.01414215964808918,0.15894460523634685,0.1577257162809071
0.03363707893248155,0.06748581858349222,0.06139905364926749,0.056790470179378806,0.20104221684128543,0.2150887065883656,0.01402927329476673,0.04893282112832521,0.1748950057795683,0.12669955502306873
0.07566101986201992,0.17157307943427544,0.10657435388506206,0.09514659872737716,0.09415087120453698,0.042311054932211066,0.11575848773179274,0.12342905050874832,0.12993767463369296,0.04545780908028323
0.18234547638709994,0.2453928569644141,0.023489016147579908,0.043253840154671964,0.08887552251317624,0.1109821166876284,0.0007875146916864635,0.07730791688681385,0.2254882834384199,0.0020774561285092164
0.07794479320691843,0.1732848565299425,0.16054171435041564,0.005025373804066999,0.10683772256092774,0.04853912881601459,0.03321343246034865,0.18014964205882059,0.08177382758304734,0.13268950862949763
0.1354494361786169,0.12227757808969238,0.05024618138891744,0.04737776575645177,0.11393275288181412,0.09135648626622618,0.03788625938880493,0.11109349298613709,0.18685790317688153,0.10352214388645763
0.06783517287052458,0.10054050365151743,0.03750036837020232,0.07177663434547679,0.1459387466971733,0.08324537814327508,0.172956211338906,0.13582124301635207,0.10637607352378767,0.07800966804278478
0.14718630792398082,0.1758916607175981,0.23894141033118355,0.10513131503738395,0.1296141500120801,0.02144598278749246,0.03096275334598877,0.08507090625423226,0.03497507589359172,0.030780437696468106
0.1954720886673272,0.006598602728040487,0.04479568333548612,0.10903428449351472,0.1247336355465283,0.06119494980696509,0.17161696836693155,0.04867041780201776,0.113133032071417,0.1247503371817719
0.14595019454480931,0.036591542142877596,0.09421291745457896,0.11001738525268631,0.018380942230275935,0.14389309761534308,0.1226426442716784,0.0438069854367998,0.1263483951350292,0.15815589591592139
0.03497256971141862,0.059317261814646506,0.3137574283783835,0.06867002146607427,0.11211661865071851,0.06182481477672817,0.004635694267970892,0.014969395146636465,0.05036637523697983,0.27936982055044324
0.09424067807320125,0.0015567904116646767,0.084203333101329,0.06737737224453462,0.11840350276537961,0.14945901239693354,0.09303830157776447,0.1369662261211189,0.13961408458720184,0.11514069872087204
0.08092013101870524,0.07365678969703687,0.06480333042416983,0.13144561835715005,0.17214312029653211,0.15256634050468912,0.16477997361719812,0.0285094686304751,0.10451366106710518,0.026661566386938344
0.0988505772163127,0.020874121711837987,0.1468968993595021,0.15953010407194443,0.07583780122697266,0.05189162846755666,0.07721410075367988,0.10076856276109783,0.09888202930869547,0.1692541751224003
0.043007955695513224,0.12179122712219431,0.09041624874333275,0.16008762626141929,0.0796416094554851,0.0686529736410359,0.14688399632943233,0.15033288854266488,0.01955181559793042,0.11963365861099197
0.0849983391142085,0.13308261676189476,0.06873535945991496,0.09055423698966038,0.10237073620224323,0.055836928834003444,0.0589469384044816,0.17025641446979986,0.07620385380711842,0.1590145759566749
0.216702356167612,0.22056777766089433,0.08958860195988894,0.0800662372108141,0.04152978176155313,0.04541344511039149,0.06141949399263128,0.13405826779790905,0.007812907086828604,0.10284113125147701
0.10177128531706986,0.06386020569539293,0.09644649189001502,0.15325221513465906,0.05010723260223277,0.10279750854560125,0.027066722408024855,0.11428296549409189,0.16679212827617282,0.12362324463673945
0.19248687541738754,0.0156460021253972,0.10129711213018841,0.045654139601365634,0.07455018130296252,0.12916023639291874,0.1552326937589008,0.09706577876656555,0.10572283525027457,0.08318414525403887
0.18548896135102189,0.044559059731513605,0.01852292038892122,0.07709360424368064,0.13966952774106017,0.11414719714345473,0.14487239792264128,0.08428181910576447,0.016086869379285055,0.17527764299265708
0.0234455799841693,0.027480269366435814,0.07353138486794739,0.0528304015312438,0.22995574006011046,0.030544545688443756,0.08496028553713277,0.11424099683413558,0.22038739746682542,0.1426233986635557
0.07571678418157554,0.0029459651510928145,0.10821379440629925,0.11387954894212617,0.10564743077603204,0.15388492856534966,0.04645761816355644,0.19869046134922402,0.12224978621653472,0.07231368224820928
0.13568514722339023,0.1894562732660072,0.1817237374913515,0.01573359220190824,0.031143332738151605,0.027664580921584303,0.08410324889931856,0.2177639974660994,0.06811349845034381,0.048612591341845215
0.054795640390367925,0.14801574311864024,0.06499129133938751,0.11387194841496177,0.15803702032949069,0.08736349521530999,0.11566583203530509,0.043074820247039965,0.13573576216794672,0.07844844674155008
0.0056281262442488865,0.17175642425840035,0.07532636761245709,0.06118887945773908,0.06707585910236093,0.11308577688397829,0.010698090899304012,0.22511869860642775,0.16394920776158237,0.10617256917350117
0.12159853314761364,0.13926773601818654,0.13534345712148313,0.15454212497348888,0.04510540952101494,0.11106374187806316,0.07935300345630074,0.16549671513941072,0.012305429327885177,0.03592384941655296
0.12295543610746981,0.008557952917646577,0.1253839292245881,0.06062303837786952,0.14660882093861619,0.02864168710080573,0.11846268368523424,0.09551858508308007,0.15158833274269792,0.1416595338219918
0.07937087749871062,0.05757874466119782,0.15731208053189202,0.0930498570050346,0.09454355187275912,0.033042077186001634,0.12179276754728931,0.1872515588457361,0.06296238318616282,0.11309610166521594
0.09016364731954378,0.03975237753469487,0.06488676062703365,0.09082685696709948,0.06970691740088376,0.13196367702660033,0.1477930718497778,0.17960960319846722,0.016720557068687903,0.16857653100721115
0.034739474385575286,0.1158223804990873,0.06389533150571229,0.13709724572227977,0.18114462975752713,0.05964193430901212,0.12186269944924914,0.09185180209431246,0.030631764240266854,0.16331273803697777
0.10123231635495655,0.1167910487251097,0.15949992016835443,0.08752805804713644,0.04753097739633366,0.11465683821347988,0.10731358299485211,0.10232889276433119,0.002907818631973526,0.1602105467034727
0.047329709560809834,0.11185631902537102,0.05902595936096688,0.17217062417473233,0.050089214407338316,0.10938116367881283,0.04940765068023766,0.1675731215571381,0.12634872296861258,0.1068175145859803
0.16825220270238753,0.042516721823045146,0.09942887390435111,0.14416660642565265,0.163991197314973,0.013049333247448629,0.0008075107675228623,0.11168598360103757,0.18883213933701318,0.06726943087656825
0.09892397729092972,0.015414650693250813,0.08526193088756462,0.13038948671908232,0.14443643312529783,0.14035187325065773,0.058420692012807286,0.1279138997147918,0.13040016021778558,0.06848689608783218
0.011885442836532523,0.22599328658446788,0.10892743980637441,0.031577167388881125,0.14610500854890432,0.03599588060665494,0.10687973074572406,0.21969835502947346,0.06512536780711568,0.04781232064587163
0.04357781371462783,0.08966266410080546,0.023778202309070795,0.18375371685163522,0.0938686017491391,0.12365559296182355,0.11435741928717426,0.0902874976174584,0.12930756342980965,0.10775092797845576
0.15205425021956512,0.008884638820959976,0.0226796137010987,0.13107277131729567,0.10460039172348132,0.15215943028128062,0.1238282391014609,0.0644210584515892,0.14796382001237798,0.09233578637089043
0.15894110768309758,0.01811497268977314,0.03497081050517904,0.05728649997489266,0.15283313086772746,0.17462510904527365,0.167455504453323,0.13605174551299948,0.0015001269132371706,0.09822099235449679
0.15398798768529254,0.05075819286397055,0.061247610576143,0.06232465102610389,0.0967254327067321,0.05767306292778597,0.15103323325079723,0.13247042121093677,0.12167950203323902,0.11209990571899901
0.0856024203700433,0.034384862984644674,0.15506290495723304,0.1436525338960925,0.008630953705995986,0.10464054640749271,0.10663317398067737,0.16661467343986203,0.04725039471898192,0.14752753553897655
0.15740816032544178,0.10735793801486276,0.14838394866101695,8.490639205263981e-05,0.06582997029187791,0.056174193319743805,0.12331491088285201,0.1387930376047211,0.08688172126013753,0.11577121324729343
0.025051370801501455,0.10031184450694652,0.0028743584499155515,0.23295805184865925,0.11098270682305918,0.0696957097609906,0.15058469385236795,0.1698666890200099,0.12456496745174857,0.013109607484801134
0.051499282077848034,0.07702688882460508,0.04477070763471753,0.15270385923246174,0.06023124742987834,0.15821472399601705,0.05859889455168329,0.15425648946435142,0.131957022680891,0.11074088410754651
0.01860723489915654,0.16937749185935633,0.12383253578870912,0.05132094831093783,0.09060237827835609,0.07623040889583763,0.08626716971127776,0.0611224735614093,0.24205671426506062,0.08058264442989883
0.12657174199788987,0.08473267837617943,0.046591965817300116,0.08149374017600257,0.11224957375990344,0.10026754674650916,0.15246246115014708,0.024147543489128055,0.15027577285648466,0.12120697563045564
0.08816087064159331,0.10363626395297346,0.12001768364464847,0.07449955173061704,0.1491630991974795,0.15160264715846852,0.05931395246871357,0.07472281021753667,0.09736565778445672,0.0815174632035128
0.07222676661742736,0.12265747199832921,0.14156744549935488,0.08346189749545477,0.09452280902617435,0.14633900159660593,0.13098996555862924,0.12001409957334683,0.02857798242193944,0.05964256021273809
0.14683130811931092,0.1450253224184493,0.02584425480212635,0.10450131911749896,0.11170332002607583,0.23023779251922913,0.08803827314062328,0.08260931048089853,0.042964570631470425,0.022244528744317153
0.11951584994223427,0.05100938092852946,0.021813837787967114,0.18809326043412117,0.07893643782357308,0.035272857775111306,0.14544450106768614,0.11538770931707806,0.0903817713888703,0.15414439353482887
0.054689784809442206,0.08092355059211245,0.010222396723623673,0.10935096129705058,0.06116008839341773,0.1139699729112078,0.17955799478793982,0.1700760243815337,0.1794384607079293,0.04061076539574258
0.19393920078764418,0.028917606534922233,0.08018425786665279,0.06972524931319617,0.10324615407793046,0.014412792741495137,0.23477548235660833,0.0775055103745984,0.0026351322580523417,0.1946586136889
0.08355572123233575,0.15400349662614,0.17171900239496224,0.009367034505010032,0.04667500302533069,0.11278332716305184,0.0017343674145709471,0.1337142430472794,0.11080397264638481,0.1756438319449343
0.029692868912813787,0.07686318670238756,0.0767648416842219,0.11078520525275397,0.17333074520210506,0.16337347225799068,0.1747637551116029,0.0777663544027538,0.04673136866240134,0.06992820181096905
0.13495961618433172,0.10681933387348909,0.10520691795182123,0.08181783937246555,0.04756934418601386,0.10709229805415398,0.17119956421565458,0.06931147794541483,0.14219275536481468,0.03383085285184044
0.01495543802027868,0.1015006672254557,0.12231254357044369,0.16913368161715522,0.01913462151150916,0.1371501488554064,0.013202503299834037,0.19302514610297472,0.12698019348298697,0.10260505631395546
0.14050632741174313,0.08307030983507435,0.12711141117169295,0.0831860058070645,0.013903650450661532,0.10817434872683031,0.1020813875481522,0.1271948724303522,0.05582887668474825,0.1589428099336804
0.04797926614269009,0.08162654383820499,0.09973643592061997,0.0406414923889592,0.07161319043814277,0.09202565063066467,0.16061119960935838,0.17826904869943294,0.06345470399330774,0.16404246833861935
0.038932933313824955,0.2861950799798164,0.08216074825008916,0.1937220725081278,0.04817529391045471,0.005198137598950531,0.1024782069677167,0.023082495232347552,0.156273636865849,0.06378139537282318
0.1488327004294131,0.13761273175941646,0.11288257620530166,0.10872591612712602,0.004910566158073415,0.0915516672099943,0.06845507742913451,0.07294524462980828,0.15318585384211222,0.10089766620961992
0.1779255853140111,0.11759367766255174,0.001565705411361891,0.05044829628912029,0.15494183574135706,0.10296881566387925,0.0767134056629938,0.17552374958786754,0.06714392157757432,0.07517500708928308
0.07121693191431508,0.006840218007346577,0.11495443747160766,0.04864048254392122,0.23719239056614713,0.18383239748798508,0.0873166611313723,0.09907392563467936,0.014120213769895302,0.13681234147273033
0.04416535315721185,0.13489847936273472,0.145198868290616,0.14629369376707835,0.09054676388116198,0.00487537727782072,0.05801423854804338,0.1476531163913947,0.13113605505083115,0.09721805427310713
0.1768049788134036,0.1240053097909972,0.009726671376377453,0.18249843876614505,0.09251337964493571,0.0156530715354812,0.0023644179326887172,0.1223158889471337,0.18940556502875422,0.08471227816408312
0.13866762002774344,0.07644317955483036,0.07708886709219825,0.11486339564396243,0.0011819369966229224,0.05864205163599634,0.13812525863444927,0.13016610914502683,0.14181935803963622,0.12300222322953407
0.06777877072832696,0.11345941415856835,0.0010121613524867882,0.1259125761671211,0.13762829080529224,0.049890307294530846,0.10039754135357903,0.11661480038736102,0.15068364167703951,0.13662249607569407
0.0752763280641399,0.2276294045233498,0.05413197632019303,0.21092300745124654,0.047337934834182895,0.13263039179727168,0.13973326979482426,0.019991970667129103,0.07765695716044285,0.014688759387219991
0.1020569167902008,0.01947637435633585,0.1291684701390925,0.0276273462824829,0.12734227556869113,0.15634473337978372,0.022899126667295162,0.14024691883237586,0.1440061206629456,0.13083171732079651
0.02607015257397708,0.12705317109632622,0.03083803995135903,0.1421435255424339,0.052016584685735556,0.16755561958260512,0.13859261493903627,0.021674554439820828,0.1563024046617514,0.13775333252695443
0.13033580451731436,0.027047231046977017,0.12919327303919118,0.06498915029637374,0.07788276753105837,0.16489575014913666,0.15267273545104046,0.1202024617616583,0.021183789890264974,0.11159703631698481
0.1297858240193984,0.22204243112481334,0.0474030452627708,0.12276146267717793,0.007255087222819157,0.1002795715460474,0.011278549914075401,0.1337981304152898,0.05764812846025082,0.16774776935735702
0.0804281546602475,0.14765194739126927,0.07299090332248381,0.1484940489485762,0.1442851804479229,0.061331086680875065,0.02080701526735683,0.09337766961617637,0.12303514581992599,0.10759884784516612
0.18292891659243743,0.01672274006507429,0.24012636703413973,0.1357654419145457,0.037816022505421105,0.19620679829897555,0.05589955616786971,0.021005089859208254,0.04552792937192291,0.06800113819040526
0.16807475062022217,0.11980721320006565,0.08637497102077549,0.1762835659511648,0.03775128487525879,0.01878608334771815,0.1562859431831919,0.055763419906975566,0.03487679718129327,0.1459959707133341
0.00809572927038192,0.027732471969495364,0.23405488374802536,0.020365529144666324,0.04883417449235774,0.0361419827034811,0.08385823401333597,0.06757730107008489,0.17945314339079485,0.2938865501973764
0.04180620556805365,0.09974912003571336,0.08129884556615535,0.17893999287529766,0.05378834307514092,0.17539549310251154,0.127944114045519,0.16196496429450596,0.01103624314467863,0.0680766782924239
0.1648596327328722,0.08377849927937943,0.011218750346418244,0.08803282186783988,0.1033509919126437,0.06071419843299242,0.08379411055625269,0.11861342739559308,0.05228969919384891,0.23334786828215937
0.10696984401053776,0.09190485796681996,0.13806834666595955,0.06162616193559765,0.11467886728371593,0.1480192544084931,0.14232555090391705,0.004339581129286232,0.12389303030097767,0.06817450539469506
0.14897268533506,0.010275131405206358,0.1460674608655001,0.015456255537571066,0.12588210866036764,0.11520604751477385,0.11610833173091145,0.1266024693648,0.014973836735379074,0.1804556728504305
0.07675593498181528,0.06205198968231988,0.04235662958463912,0.16485213730939965,0.16249594811008694,0.007945026067444358,0.1993059234856845,0.03290663647930846,0.05230061908364004,0.19902915521566183
0.050870922866532074,0.1396389215599467,0.02202789257151582,0.08224792350012204,0.14282150313852437,0.0961869491978857,0.10946924334563665,0.1313017512793881,0.05339397012673822,0.1720409224137104
0.11840722561085747,0.0739375613627129,0.17267654439693816,0.09132008250398599,0.12740967049602087,0.0645501496227241,0.08187839791329261,0.06893437673032282,0.03689944625179038,0.16398654511135477
0.05179287032959227,0.13639464675772525,0.18286146130140302,0.09962187174802956,0.15419120020502525,0.012372524073698926,0.1501095655015561,0.012436000334937056,0.1270539629321469,0.07316589681588569
0.021098167000950446,0.15696138752855937,0.04182452929325275,0.08502385682445093,0.16593046214830925,0.1488738523854591,0.1436128232798381,0.15006192553509315,0.07278230261398405,0.01383069339010289
0.09882319635008043,0.050316997696658164,0.0883798135388811,0.06212318149977269,0.028526830071005652,0.18083963561517571,0.07077997485165796,0.1517107512680768,0.1970679786210805,0.07143164048761097
0.008753521257105691,0.10539185676630446,0.1622610170081433,0.09776996861166747,0.14336528062930318,0.08828586615425246,0.19922673046434516,0.02198604476259714,0.03907147277477123,0.13388824157150997
0.17249702817251006,0.04504567750273959,0.14419993430619343,0.056474214689665785,0.07856290357818953,0.09056990210309943,0.2800668351065201,0.002005578968401552,0.12542801531463238,0.005149910258048158
0.019173379453382298,0.08609591540451239,0.09407484245613174,0.019377035506839137,0.14691007280015808,0.08044080134512666,0.19859909103538861,0.07939012013976622,0.11779850829265986,0.15814023356603504
0.1844388107336384,0.035508978674683306,0.10561129456295762,0.10961490793888944,0.16095654380595606,0.11151826195548642,0.0050448904509088205,0.12638238563245657,0.009533110855416206,0.1513908153896071
0.18481161450390443,0.02681869643816053,0.026763499190402475,0.10890272962599444,0.10923279117160434,0.1748564288812053,0.13489321607107158,0.04546091484833062,0.16895686211749947,0.019303247151826877
0.16140311783612848,0.1040891448447125,0.161132602174298,0.07795821208413696,0.00712619108969455,0.15162539137412098,0.040449433343031076,0.044137766254556274,0.15751513175554271,0.09456300924377846
0.18385719148333998,0.155202681730003,0.16611192835704758,0.16357824628834722,0.0698612002419504,0.08807485138336162,0.009905962078714522,0.10297272628273559,0.04220203212044297,0.01823318003405708
0.18227861302079554,0.10406699771673972,0.0837866867449451,0.019573778484350428,0.05693437038674424,0.00506906906023237,0.03440305917415714,0.24008238494374445,0.11658783186449002,0.15721720860380098
0.15485423987498526,0.14235673246798103,0.1808989833521356,0.14231955714469782,0.035753089076751496,0.19050492631226826,0.05737558314135733,0.02197847724234829,0.031642050848802825,0.042316360538672056
0.07223892862388707,0.011473741833909411,0.11167521744913506,0.043573125789860966,0.08075333274117433,0.14320999393049383,0.13926411420642298,0.13948047962642807,0.12032642424193675,0.13800464155675166
0.17808980305500424,0.0837600477967175,0.16705867733778143,0.06976765211603542,0.0729448420910905,0.03567797753301545,0.04728491170198029,0.19483295832094208,0.14005173115051192,0.010531398896921016
0.07747899146938272,0.12324339688159472,0.13612814460887446,0.12014453142289407,0.0716861589705849,0.13842275770251192,0.09500568761348213,0.13972534267718711,0.06667906930960013,0.031485919343887815
0.08851173853330403,0.10707214301071492,0.15994558491938923,0.053116210651418444,0.06917968038960103,0.07975361988491686,0.10097632436716802,0.13552197543158445,0.12765546705770897,0.07826725575419421
0.1247506973886357,0.11884006188796847,0.08291913974260151,0.0614859308486264,0.16903766438862317,0.07051593666598786,0.0587184594546231,0.06366858357001662,0.16614548551576883,0.08391804053714849
0.06681306518283703,0.11796565437317956,0.03440921383139556,0.005332200648514084,0.17040112633218923,0.06781760640795559,0.13207161339100199,0.13957252130649558,0.1768335960818629,0.08878340244456846
0.07452198268665179,0.06315147902565789,0.18700010235162465,0.19398038298949583,0.02632801840813881,0.012840478847191786,0.14391339504038414,0.06124634339537245,0.11119797761540044,0.12581983964008214
0.1131787888898297,0.01832324051935734,0.010474551160458112,0.008556610784876356,0.1619356470789616,0.18783052791987345,0.07626102567943129,0.12359897224495034,0.24240784021076323,0.057432795511498734
0.21100324965631437,0.04263052131293993,0.07390575587818768,0.1122095922543247,0.06390241803402624,0.03129141507253479,0.16855295918527022,0.07136183578598425,0.03287101446029732,0.19227123836012056
0.1359290885638114,0.10888960013672218,0.07064402407365819,0.15834280798553518,0.04325924085567914,0.12380938711614749,0.02052673625497869,0.11591624605471726,0.12999606895585517,0.09268680000289539
0.09570525288509472,0.16064172534910423,0.030909144242043413,0.10355642871319076,0.1280500864408931,0.022326854191702234,0.029377678464331723,0.13909422483463457,0.16904622949444534,0.12129237538455971
0.18506560660963578,0.10464437077771825,0.1631070672670558,0.007043407142595705,0.21976413529818623,0.03332831826077669,0.0099729360281594,0.004422224427543968,0.1556295629223908,0.11702237126593723
0.1233919815121564,0.07972382453491415,0.14962571965250065,0.010596169746061168,0.09317129124883215,0.04988534479703276,0.15085751705700773,0.1507389352108968,0.1773554065397909,0.014653809700807284
0.06715289281710324,0.05420142879823896,0.23287883803786577,0.007899261390733709,0.05055990264419771,0.07403034992839905,0.040439094176476384,0.20343499036230653,0.16483441030025303,0.1045688315444256
0.12352523230237948,0.16060729933845933,0.07377146168700398,0.07997635197564155,0.011516752038658512,0.08827138496144603,0.12446514557377142,0.055150445122135155,0.19544397527318771,0.08727195172731693
0.1215287664147438,0.06375380482009359,0.1331331831136875,0.021022616163392432,0.0825956122437389,0.13081482917496207,0.12902070937334081,0.05723414071315895,0.1384710629863776,0.1224252749965045
0.03505035854879917,0.13173032066395046,0.09690729072228545,0.07679666259976986,0.013999658279615827,0.1824416160633845,0.1499074829946592,0.14088710211703542,0.08358736071512511,0.08869214729537507
0.13105932672733406,0.08571671432493147,0.005731107749293605,0.1607836931554114,0.12262704235526406,0.16838118316848574,0.028101394299904846,0.09199429644594165,0.05040008966637351,0.15520515210705965
0.09637914246632745,0.14184315699736555,0.06621087773874629,0.020572212994105728,0.10920970001234948,0.07328015290804513,0.12990145061138567,0.1388237902987284,0.08314162478110781,0.14063789119183862
0.11378642341058616,0.1259572445696824,0.19925372003461728,0.14946219299211552,0.061257197605187524,0.14670515547159835,0.050260221777868215,0.03547448848725022,0.11154779740529275,0.006295558245801551
0.03484072775458164,0.12184948230290123,0.14436816252486195,0.056439573641126894,0.18546753152452575,0.02832538916117789,0.02545132966590386,0.22775604200182928,0.016378363969750648,0.15912339745334084
0.13241458385002788,0.10280675290682333,0.0633769487332399,0.12347154110522048,0.020605081611020933,0.13528877436167494,0.01276143336955111,0.15320911673244336,0.1175830560959729,0.138482711234025
0.13541347929346179,0.15049222442826035,0.038215827737706154,0.1460743943707239,0.05046555283329952,0.14264937406928566,0.0482750721814487,0.11712972720734029,0.1587239218037885,0.012560426074685074
0.08517171618203628,0.11939341199273695,0.06283454884787859,0.1347851115710927,0.020559204190626727,0.1661868081168974,0.13639196915676138,0.09486812854111308,0.10970653838357168,0.07010256301728526
0.09224776235642418,0.061018206778228584,0.05382940764532621,0.1664560521774133,0.07215909684589254,0.17680768261520188,0.06787655055646279,0.17751194913183285,0.043260607248878424,0.08883268464433923
0.03842232862705546,0.10242169038203251,0.04197702944269742,0.12468677674836169,0.1089237230723815,0.18105519461466946,0.07098616922608067,0.15675752693748435,0.041181413035396186,0.1335881479138408
0.15800245675071042,0.030279492883876782,0.1031653327340315,0.059078916332621474,0.13343201414061087,0.21669927469891118,0.13850245931694666,0.07140303328147363,0.05008069328759671,0.03935632657322078
0.06653462075937899,0.08543822391376835,0.1216941097311725,0.1590339225609511,0.03668729118983194,0.12537844061575532,0.052547806601119455,0.02402572031468059,0.15750088763938874,0.17115897667395297
0.01800878376548855,0.11583692845380864,0.1912027540313172,0.13492791635295903,0.03167031681742089,0.0017223072552078693,0.17278989562694272,0.15345456206055558,0.10436381068337049,0.07602272495292887
0.014312099676672923,0.10028239455696693,0.1704688476071783,0.060766054073779316,0.11912664764889029,0.15165787616828696,0.036854710637238115,0.14193171772212748,0.1119385097172255,0.09266114219163424
0.17302152607176946,0.03082195663864072,0.011073530146818658,0.14897877671338325,0.06844577498064136,0.04171961122407283,0.0018544476691609406,0.17586688920732305,0.11484410979255566,0.23337337755563406
0.007586354860310328,0.11995527314271624,0.04599916599089289,0.09992397197458601,0.17230523718332375,0.1417579469484937,0.033152445762798924,0.13886047888202835,0.12884290074525614,0.11161622450959374
0.06473450884731871,0.14926835540867878,0.04884101776567896,0.09407967897003656,0.1384487874405329,0.07787600760620426,0.04015146264743525,0.19803385666874118,0.028171759211405467,0.160394565433968
0.17829288953512248,0.11652573420767891,0.1258653435422446,0.10272919396105358,0.01630821321593188,0.04626563613006372,0.13591429421344497,0.13281596350363098,0.0937549589849114,0.051527772705917615
0.07987489040412392,0.04364589856981571,0.1549593320627364,0.15398758467864823,0.004962458857562051,0.09856749949049393,0.1356329118475793,0.08977637693347994,0.12303558004384531,0.1155574671117152
0.16318000678227568,0.12803288679177036,0.014249288258819387,0.13640084136928282,0.1126870364333941,0.13954041095294067,0.09695440155839584,0.00021083422081633732,0.06427639810529187,0.14446789552701292
0.01955312377682099,0.17607110400908002,0.16779292448363645,0.015943794739446127,0.045849999301336986,0.15712397617218687,0.020975006123005638,0.06339410705743688,0.18989751690801251,0.14339844742903732
0.1431319253607775,0.07559903325327001,0.06019334698010971,0.02264639660799759,0.07690724128280375,0.09745302955697302,0.09928657222823702,0.18628760121192528,0.04533690956291267,0.19315794395499344
0.1322811321455994,0.12432651728444614,0.17060834034159708,0.020019569425584298,0.13258737580320717,0.07688766875673958,0.03574848189150024,0.19356545996341737,0.0014327532575990592,0.1125427011303096
0.11098275888529069,0.030236664200246854,0.05925751979559826,0.18786399300450934,0.1807115377365144,0.010085004153549335,0.06520553626873762,0.1882686937136779,0.06365121334762217,0.10373707889425335
0.10137245069205798,0.10597449003606242,0.16161625091012574,0.15304467038798733,0.03029675291505941,0.11192255056867172,0.014061294507021517,0.08986289766713373,0.09504182814052474,0.13680681417535537
0.06322460893869983,0.13836297479888895,0.09467963170503249,0.17183125757824994,0.05866007198257433,0.1978262351636122,0.16338987099789742,0.04402422023717922,0.020802443220187032,0.047198685377678545
0.13191995261525535,0.03921055674750482,0.1585335602374143,0.0884986267041362,0.018956416633112313,0.11646203517204481,0.08984895551566927,0.10183263065698457,0.0821361311458663,0.17260113457201195
0.1481393077086374,0.10961521087512241,0.11959392305906845,0.01860600749397121,0.14188225905989885,0.02337206255410631,0.15775299188292016,0.08815662320165558,0.0998034845366901,0.0930781296279294
0.04233706536401284,0.13989332070092836,0.1529709574882877,0.08096726151120696,0.1485283273210599,0.059176215366654315,0.1173180043850518,0.0609597446262361,0.13847178365777438,0.059377319578787786
0.16970627757270884,0.047992653633055216,0.1498472080483851,0.06318294374681603,0.09737295464942647,0.20981630499966625,0.04798078778252641,0.07049363488324985,0.033446342355148304,0.11016089232901762
0.14697561167679454,0.06405037421681727,0.026970319676326106,0.15011890348333268,0.10247254567868086,0.1641652377623142,0.08526052224609758,0.11399744260945106,0.1423338723431923,0.0036551703069933376
0.2095235823905176,0.1915994236603386,0.06175697549544214,0.07592586687182082,0.007401789917633449,0.014768664200802518,0.09368294211920906,0.18541882193191506,0.08888206914257786,0.07103986426974299
0.09550910165002344,0.20208597024944627,0.035849920611962384,0.12341879069579813,0.07126215361531432,0.07648183041797316,0.031486530152453986,0.06006145135719247,0.21592083465139417,0.08792341659844159
0.17107416697512917,0.03316613444217384,0.0564681655833915,0.06886511874406068,0.1609232094231841,0.12322457518634479,0.02184237295751291,0.11372153441143619,0.06813606569207285,0.1825786565846939
0.0328627023479982,0.19803794520856308,0.060295009275910284,0.03676477706351528,0.024818226069266997,0.09311585317187769,0.16214871035366832,0.07934045288621287,0.13668611478604253,0.17593020883694474
0.1695820580293635,0.14121708019565102,0.1712063477184455,0.016608597423734283,0.12926677106402648,0.07422220990788672,0.09937633028246648,0.054199479122245584,0.11108307395043686,0.03323805230574381
0.16135604719347144,0.1408973740366584,0.04425109472412305,0.16187884634846098,0.13623646771088868,0.11896962865168784,0.1224787468016326,0.019005100883431603,0.0380596036650713,0.05686708998457413
0.025979429952340007,0.0689711395798763,0.12572217854782203,0.1138999841609766,0.19038605264673408,0.1944104796443795,0.029276437574509175,0.1433710572609202,0.09323101152196324,0.01475222911047892
0.07206456466105904,0.23770686166194943,0.09871372593518528,0.12001349429076681,0.23623408097441867,0.024879751093022685,0.014872461355977942,0.05011496060134553,0.03992037805228945,0.10547972137398516
0.09742204235347737,0.1256769652373276,0.06205724233734418,0.13624455242308703,0.1398882413402328,0.0685217978448677,0.05830628555103976,0.10296445363269942,0.0846300265252547,0.12428839275466935
0.06199623252790615,0.11485236548857339,0.09420738430665399,0.1547297811387463,0.09625043966839184,0.03354169216440705,0.12663112771912396,0.16207901984296658,0.07248379329899098,0.08322816384423984
0.03665666751352563,0.16381107500228093,0.15893057865214733,0.14461694892585683,0.01119349397375176,0.11057569638565432,0.08653327354214126,0.03186109195914901,0.18804492568449033,0.06777624836100272
0.06549734566054337,0.14157829681799702,0.11739040939815769,0.05001362016476581,0.044991966665165785,0.18387915862980383,0.18568547197024093,0.021449888710121316,0.036597865934780836,0.1529159760484234
0.06627429088798548,0.15224818674224969,0.036689365142785944,0.18479284235307405,0.15596956968922063,0.05509692839805972,0.10841434506818122,0.15812125695067783,0.06920960977053546,0.013183604997230012
0.16657416524553387,0.06996667067163645,0.11641996116777809,0.1716090482876458,0.036089604167414954,0.1273550773346633,0.015747179222326654,0.1814181957205591,0.06761647919330255,0.047203618989139086
0.1934863832442849,0.048186164812447974,0.049510204568665624,0.12057900512102544,0.03036389610050076,0.12433283030309547,0.05642550876291166,0.21089514400071688,0.08561513127324699,0.08060573181310436
0.11661347962097546,0.18995816671488666,0.008741709846093218,0.10603101183529695,0.07304971103304173,0.004147619495131871,0.2451630458537951,0.08413235770901334,0.05253953912064827,0.11962335877111747
0.022819542111618157,0.05704444223923237,0.1291905117189426,0.13393685784617462,0.16664791888631986,0.09761829345722225,0.09229560214866317,0.13120746746448927,0.05503854528255608,0.11420081884478157
0.15798456237153036,0.1545975870900639,0.09861063412819394,0.04849200270425613,0.038995197651223376,0.06356509544394721,0.07590565484277807,0.15480041661239904,0.08973565511437648,0.11731319404123139
0.13574369522523938,0.1283602134449498,0.11725190287034615,0.13426108947388898,0.03691542075320123,0.13788416819442556,0.13889601723815245,7.689460523653413e-05,0.10929130912979633,0.06131928906476343
0.0664449321047805,0.11697049679406192,0.19025650247159592,0.07227166270201739,0.17557033047980367,0.05858712578800553,0.07464309232622567,0.22510722108907225,0.004138605999126641,0.016010030245310527
0.20433458178356803,0.07987843218024909,0.12280899012189368,0.02377222297678371,0.1604806152122721,0.0265289302336104,0.03405166029783503,0.05386833149703272,0.15434949460820432,0.13992674108855085
0.19658820997080578,0.14422008824909585,0.06790995964342976,0.004257107765829338,0.19674573965558237,0.04217219749085019,0.034966970851849154,0.15678353633941644,0.1381662640237819,0.018189926009359335
0.09039859209547746,0.11452841743181702,0.06627536583179122,0.15615440116978377,0.13600923609716775,0.0917763675763595,0.0885355173788086,0.010464737667973094,0.09739498629479651,0.1484623784560251
0.02807154881954517,0.0777656039311123,0.057826810029630214,0.14486777803697956,0.12406606463547222,0.05519895101202758,0.17894354463429055,0.11958550989769227,0.17992115397549965,0.033753035027750566
0.09207142243115975,0.1450898508330473,0.11456705630563128,0.13613294911237103,0.09481112292175883,0.011700003903728778,0.10311003103710413,0.10762262651225303,0.07185015620879807,0.1230447807341477
0.13312204926902002,0.15573455868172348,0.11086753574313987,0.17067203788235683,0.16562217741970733,0.03388483480152084,0.06566437282215701,0.0704623226197217,0.04904261348995872,0.04492749727069431
0.003055021422402635,0.0437549193358849,0.20742916514702286,0.16993384944269552,0.010670145596124848,0.010157045739165711,0.13456062571107977,0.04987608349573427,0.16470262587895376,0.20586051823093582
0.045955751967490605,0.151514352409086,0.10157476314990704,0.11957996789929587,0.11487239508372592,0.10381892282815854,0.14125675142341268,0.0641814614504044,0.02325917185975435,0.13398646192876465
0.05662150126715943,0.19705590540745513,0.11555380367230378,0.07958753627801504,0.09146422551539883,0.06598507000005781,0.05296829398442805,0.03928888276033398,0.1840598085797006,0.11741497253514734
0.1790202432776267,0.1421146124084724,0.04530402357883409,0.019018476798643425,0.09822649918953519,0.0960503225917549,0.029432469203789367,0.11589732034557686,0.10169588424900876,0.17324014835675816
0.2539163309505254,0.048484722457458426,0.02995821966796917,0.11206352399016782,0.05847549538142688,0.20913187325323954,0.01764256357893641,0.005443684106564057,0.23546610270159338,0.029417483912118885
0.0010897364068112162,0.043690610272519345,0.09928263951836992,0.1462144936838543,0.09583376960026788,0.040182295927549405,0.1676573348505246,0.18449746192619026,0.1251269162730629,0.0964247415408501
0.12707161595931518,0.1668068149819951,0.14769722601426488,0.07822917916845634,0.0393375802254883,0.06275442100246958,0.1572284417403324,0.0649707128623954,0.08229761986180337,0.07360638818347938
0.09791199115177711,0.07092652794183933,0.03583990937668986,0.19378143140961784,0.23736184717634398,0.0038262243103825704,0.07714365148023963,0.16916582809403088,0.016827611535726837,0.09721497752335202
0.041013246850372484,0.22343809134935427,0.20810431239148108,0.028390067218392566,0.052811894654599144,0.10609517598027016,0.001310453073618739,0.12874960511904307,0.0010443600038480094,0.2090427933590204
0.09979817527609751,0.09429630358691506,0.004395346087617452,0.12856198817028688,0.10911225448869838,0.15061980524546228,0.11918143217270628,0.03969155978405001,0.09182847504463042,0.16251466014353563
0.22808907374186496,0.08210242762317595,0.12078486317027481,0.0671552011914255,0.030998643321217698,0.025440074626589423,0.13013519676357344,0.03767771649158428,0.2634337392550789,0.014183063815215047
0.08929787779789922,0.04275199431768392,0.1605468791220919,0.14319726199938546,0.043520549878963845,0.08760327160250565,0.042173092593930914,0.16683638781071983,0.1633634571032904,0.060709227773528884
0.15432066833497995,0.01247081013194366,0.1610297685338083,0.04112975957645716,0.18712976296084768,0.07830559601503113,0.13884794789543015,0.10423905702081884,0.11203088222768272,0.010495747303000364
0.08299840038946289,0.10864413842728105,0.007006181059239087,0.0713535868711318,0.05694065770654073,0.13217207319908142,0.1600302363205188,0.10201613857466599,0.11907607318069337,0.15976251427138488
0.057700238169326144,0.04227220248303,0.15923920979797088,0.17062090232888827,0.02932683535902009,0.17343042863749253,0.025094585004682778,0.04887753366690959,0.19213852018244781,0.10129954437023184
0.0004759380453972661,0.0910581798942287,0.12449151648371817,0.0178902106534389,0.07581345909764553,0.10883356636576962,0.1599938027920047,0.10052401960569894,0.14343822741621537,0.1774810796458829
0.0747666478619408,0.14616222448429864,0.1743914037430437,0.03588609990803009,0.09538228198918156,0.09459718005583052,0.1298933401635249,0.05695847012532762,0.019680196176863455,0.17228215549195863
0.07592952476932832,0.12127988215154922,0.05291814163321122,0.1320587675305642,0.014067821085481769,0.09591522067170771,0.19218790095598032,0.15635633828626463,0.14295318388562908,0.016333219030283532
0.008238193365000045,0.10151321720951627,0.14626473612974483,0.1531130125492498,0.17552773194832705,0.10875768671461628,0.10639349205792507,0.02501712293061935,0.029241097765301257,0.14593370932970004
0.07708763687225009,0.09223530721876115,0.0002061024357945162,0.1711289174767031,0.1775247268356544,0.1573057133246347,0.04663726249423532,0.10023117193465907,0.09795816388342438,0.07968499752388335
0.14530489770627888,0.16360124080961463,0.03587597525496458,0.10104674105395696,0.12553737079479874,0.1451374328784584,0.023169471940816574,0.10916734139744584,0.034377116775608216,0.1167824113880572
0.1611570859087589,0.18305469971642663,0.1163437832482569,0.11168386911725489,0.07300208830906252,0.07591175561009007,0.06612109838209172,0.02681773668308988,0.16118148034935845,0.02472640267561013
0.005683065031616782,0.15539260282122108,0.07177537516551893,0.15789894946491703,0.06616967161373083,0.1480643302873451,0.10605893577692432,0.013475286709452396,0.07894943077141207,0.19653235235786146
0.051376654554966414,0.12385889069250783,0.04074854105383206,0.16082775859084866,0.1554646192493807,0.09250945569301351,0.05614679773222271,0.11013556800206206,0.05956107458297419,0.14937063984819174
0.14541424685788537,0.14184779948471918,0.09614187260298122,0.1375205479923548,0.1223387091356472,0.0010646536180577964,0.1597227159779507,0.041129809943442334,0.04537209604748201,0.10944754833947931
0.1051025372101175,0.14067942934819821,0.06706695205908934,0.15464120583143262,0.028161711948351823,0.1776198035160872,0.03294391260318551,0.07414963199639449,0.1471840970976318,0.07245071838951161
0.07730533051267145,0.11453232916504119,0.2049362661345628,0.06399240802666208,0.025729725574637815,0.03237714708394381,0.04056482285773898,0.1733450929669488,0.1132365968675476,0.15398028081024548
0.1295938517591884,0.09258319530583099,0.11365024907857217,0.12993184556628803,0.11430469059377459,0.0721504213003723,0.08545758583139364,0.08365014215562888,0.14233967790776492,0.03633834050118594
0.1520474221847237,0.13357835308253024,0.06884148672563557,0.17252232089063269,0.09740175607927602,0.058657790563696674,0.0790351234661746,0.07839356307294004,0.13607699405811746,0.02344518987627308
0.01363413784521441,0.009023466383740813,0.28221701028296825,6.133143612900838e-05,0.1130596417315611,0.24137717635794456,0.016379678547157085,0.03520368862553128,0.0985756648561342,0.19046820393361935
0.18339541726684855,0.01322410648959496,0.109493948768574,0.172934026777207,0.027284973449237207,0.1803257670718679,0.025081544668154775,0.08000250985705346,0.0801306588124332,0.12812704683902912
