i = 0,i = 1,i = 2,i = 3,i = 4,i = 5,i = 6,i = 7,i = 8,i = 9
0.06853498665752596,0.05168125972495032,0.1570924998079939,0.10042458648187008,0.03674518468531239,0.12686201926078794,0.07449433040618059,0.06991423674285908,0.15681383022898196,0.15743706600353774
0.12312772753046203,0.06336040014274565,0.03133440174463604,0.19808595286228867,0.125727685105014,0.1318040068871973,0.06926751331507064,0.036418906316156116,0.10413907802905589,0.1167343280673736
0.024176986067672983,0.04357857286679721,0.14528326574141612,0.121310814354475,0.136931247480562,0.061663915278033964,0.1407036209344281,0.17569081548414406,0.14794583311008078,0.0027149286823897507
0.065071940759672,0.011415876298631859,0.14342140035370443,0.13621349705290692,0.19595960531825193,0.06646499880208866,0.03455854186046388,0.04398568366245059,0.2056684384847491,0.09724001740708055
0.11778729675220644,0.07227573973684726,0.08130519979623044,0.13296469803370134,0.1894088766988494,0.02972021903972797,0.1273066440169544,0.048113207401319795,0.013875024896714206,0.1872430936274488
0.17756362829558825,0.008897409056425127,0.0034086567589671655,0.09807484758570398,0.0871174207079694,0.051898355889086784,0.0030158108886623944,0.14268342633263306,0.2142766658348764,0.21306377865008744
0.1309938071475607,0.13459129915261936,0.09060948627040931,0.0761135322130603,0.07971464925413557,0.15571819548293805,0.062040651432179496,0.029697771360476063,0.09752416540240069,0.14299644228422057
0.1362799323100859,0.09348694732905265,0.04741050674971695,0.11474407846690368,0.09302748525282536,0.09042120463878534,0.16252306176917744,0.1627635590409467,0.011387657832856446,0.0879555666096496
0.0785017501631078,0.06731128206558025,0.2717881361929473,0.08302474284289359,0.11011418384686456,0.08839763932282044,0.041088513221755205,0.033693175809017435,0.12728309630148948,0.09879748023352387
0.22241494339774148,0.05519508871602587,0.05785326671118961,0.05941325701759704,0.059729806721514206,0.1616514173047738,0.04065229152414393,0.010252148836669714,0.061610026900147975,0.27122775287019646
0.1983840129349265,0.09460986605105831,0.03773436777960338,0.0393692887795402,0.0925022649934142,0.039698320232136354,0.13905412161154504,0.13656337599144297,0.04048952464394811,0.181594856982385
0.016298348046599066,0.0954977318953666,0.17965518283735135,0.10804920598401865,0.12869171726239137,0.13404006554607198,0.05130020990329287,0.14194682590604862,0.05518697152850713,0.08933374109035229
0.08526330459325523,0.03256868495636125,0.07643038577803625,0.19137195431702134,0.15079230200374089,0.11341650270105154,0.07109903671366738,0.13431794694305887,0.09800143313768325,0.04673844885612398
0.13061312481563678,0.13783964712576235,0.11813520364631731,0.1446965323227034,0.0867424231999871,0.11872696495265295,0.025993923657126012,0.12259062140101787,0.020673120300926103,0.09398843857787009
0.006111187903709239,0.07023515189512373,0.14880999197822292,0.10843216405812514,0.03555138236368719,0.06706725342764774,0.22415663882609846,0.08175043286894551,0.24936082755915254,0.008524969119287582
0.16129257003580788,0.1609026172065623,0.06206390018533084,0.14402906461216755,0.01825497332394275,0.10146960402814703,0.0875261346696412,0.09523626782033831,0.0876596882207403,0.08156517989732201
0.08354979818794699,0.028929776935897083,0.16530258797975636,0.0892591381110929,0.10956561653860475,0.019658739413543135,0.12011878966292766,0.18043575453792401,0.12654602341167998,0.07663377522062717
0.09582076566178312,0.07354269090208772,0.06431711447203928,0.10622930020479003,0.0004769510345441097,0.05781801148176652,0.15193426813462127,0.1274656909609912,0.17856809844256705,0.14382710870480975
0.09749477371924438,0.036326051679880615,0.1512666041973454,0.10068781551009033,0.13605884467388438,0.07931171346583042,0.1372132495618974,0.006328109306917713,0.14523400774668227,0.1100788301382271
0.13619977522348134,0.0010099357194548121,0.13777740608861663,0.1254264637426222,0.15568113002147105,0.020168466366418204,0.1425165059003108,0.048748393929176764,0.04027258597832074,0.1921993370301274
0.009197152301653288,0.1337005948199368,0.0594215547297893,0.12126329875488139,0.0886910143541275,0.13448782026983924,0.13050333383416668,0.12306729560266451,0.08014553919798012,0.11952239613496118
0.18334865155012423,0.010926477252895833,0.01475215195258435,0.18614389894623198,0.043990236357114416,0.15722810162171,0.08475064496032882,0.08480961767409059,0.1528773654118455,0.08117285427307436
0.17248893398303805,0.038148318491115454,0.08256068685206908,0.18237478020067185,0.14686629724622832,0.009760353546712739,0.05125728973444699,0.1163931200849587,0.15835606735915128,0.041794152501607715
0.134471725070994,0.17929437843956134,0.039067220771091024,0.04962752981489107,0.09680166147956942,0.04414266016870183,0.17200073952694997,0.1119372262671234,0.04765695445372904,0.1249999040073888
0.15288168965484136,0.15908852349064712,0.04010381066221959,0.10730641330681132,0.12053396262481288,0.12218564485993236,0.09903705344248469,0.02342391872721906,0.11713623696650857,0.058302746264523114
0.014345426859833447,0.16613153066214234,0.009474595917848497,0.19288739334005778,0.04968425614298685,0.10387587712814861,0.07540873282534301,0.08941539286570829,0.09812792202219438,0.20064887223573685
0.19803538332641143,0.18448722926944602,0.1196931208126897,0.03185436101812067,0.03264180397003995,0.004921846837339684,0.12590027073250332,0.16396888598714066,0.0026915471424013414,0.1358055509039071
0.038147871756415506,0.14724954913224927,0.04944792569171595,0.09359562648489629,0.1370569724066409,0.14853797436309252,0.10243493803959634,0.14941624594041664,0.011622373784892066,0.12249052240008443
0.09782330701424367,0.06047399410647711,0.06969866322708018,0.15662874539019755,0.13725531094716598,0.1786271585703908,0.13613875136041645,0.042253848945068916,0.015384607235719059,0.10571561320324038
0.14088037420752192,0.28499828623511175,0.060951012664063324,0.21620190918759016,0.16604957546386867,0.01252685040348345,0.0029354970919320687,0.05411153005655824,0.05973727068133917,0.0016076940085310264
0.00766809808735621,0.24611804353645916,0.11526717174838064,0.020664277441723652,0.12374864419132449,0.19967434863804578,0.015231856742924476,0.06324537781531515,0.09348116346490482,0.11490101833356563
0.1406149652548985,0.03837228521923362,0.13505085827924831,0.07763436538758867,0.13760628771028713,0.12466343423886742,0.057505630393360326,0.09700552427772542,0.09232800226863631,0.09921864697015437
0.0681244856983954,0.0923903921904136,0.17444901061451384,0.00354973392005201,0.10549471398663568,0.07848579464462022,0.04633456347861623,0.15759418595870742,0.16582708938964655,0.107750030118399
0.10955025620042201,0.0664070589442144,0.037443068296862475,0.11354565496758606,0.09932747683704207,0.11841592030033724,0.09178015011892285,0.10199189573499598,0.13175107491004145,0.12978744368957554
0.16081984513132896,0.14222286499974374,0.11646352261525436,0.11992394586604699,0.02225338879962328,0.08895557464886654,0.12642423505321554,0.07185329542592983,0.00871196530697504,0.14237136215301568
0.12610646052699157,0.24314687851420363,0.028322067189871746,0.04990113498235406,0.013089997282563395,0.03773737660568341,0.13199095460603777,0.0949271213790946,0.2008489675042954,0.07392904140890447
0.14801659472456546,0.06472308361029552,0.02052518758390005,0.1790912303513672,0.05076239524191848,0.09115799053219223,0.08135647133138504,0.21858711396456093,0.05457536618368141,0.09120456647613358
0.07413422827522005,0.36595904166745186,0.030236373554787508,0.02078152030504809,0.0030168156575829845,0.09922676625630727,0.021141346140349924,0.14988391509378313,0.040921200435291155,0.19469879261417808
0.12376459002386947,0.0980797138844909,0.11897507599739486,0.1364525026820793,0.02810646200573417,0.01615793456075791,0.18220504648828217,0.1254246133004859,0.11869044514648225,0.05214361591042295
0.012729861281266833,0.03144350275822689,0.10281086980571724,0.1330296630737121,0.12005674721203234,0.15946835169747692,0.11495325877411576,0.05596688223297947,0.15490036618650477,0.11464049697796759
0.1390944892149109,0.11227328016926871,0.10201732773009191,0.12998620324001445,0.0647133060936353,0.0096402337717569,0.13496630123184095,0.06298675780622157,0.14319408015265778,0.10112802058960145
0.07686685934713929,0.10710487603334455,0.18338732996388823,0.11204105793679467,0.019698783906827073,0.17937984189007955,0.0721561966730253,0.19230387889608205,0.04747054023037047,0.009590635122448806
0.10934061209488546,0.011091710574228721,0.23059865733656998,0.2235608111415835,0.06548085385647028,0.062191688922560474,0.11312427798512334,0.02490388930751313,0.10524514253592707,0.054462356245138094
0.21678260206940644,0.11738198888197089,0.004019899266116802,0.2849195426890938,0.03362595861452018,0.03782276282728083,0.16142979824342313,0.034611479034232624,0.00011127447546142864,0.10929469389849392
0.14350422144950803,0.1331439018634722,0.04398772451743592,0.12177694076534978,0.012371435525439782,0.11002924558430785,0.02472193882729692,0.13881044176767734,0.26576357053832,0.005890579161192179
0.0395632697521472,0.041659246654193675,0.02385555366130332,0.14030263612984364,0.1450460736686461,0.1632226882527349,0.08205983835230413,0.19720614380941312,0.09494688140001878,0.07213766831939496
0.2170472140077496,0.04555612888701954,0.002115320007671875,0.12405331016281772,0.17684767953477615,0.08810250295618366,0.09131728444398297,0.07662704816710168,0.03593757536386841,0.14239593646882828
0.06048410244744298,0.04203919414527844,0.0602852088834819,0.04374332246441332,0.11088935113302226,0.23925243185868517,0.19394623850867798,0.19472334994262844,0.030216794410873066,0.02442000620549645
0.1434192602110706,0.024542908282598565,0.11876927615802486,0.15687932763443987,0.11983942413866498,0.089396532324843,0.0413852922939851,0.10591233607889924,0.1616914953007453,0.03816414757672844
0.08259388157282578,0.09542331031230972,0.11667675813779627,0.14327381727696237,0.12249662261228705,0.16845107889943517,0.057704655400822966,0.002439616584773883,0.15366937913930948,0.05727088006347728
0.06307558640020393,0.11180996201680311,0.10255350856431485,0.07883795778888691,0.12950555101325328,0.01819210566301849,0.09705302955500619,0.043703168381803686,0.23303625336543382,0.12223287725127581
0.17573164777562833,0.09181347438174715,0.038691537827277134,0.04661696568507781,0.0009264354451785845,0.05871394950966595,0.0916095378530826,0.23889146552607574,0.0225605005857255,0.23444448541054108
0.16768077139326043,0.05813153984993429,0.09208079517899376,0.2306438273107874,0.03788313060233872,0.023853415601627476,0.08069762703668013,0.0687839752062809,0.10507276090718935,0.13517215691290746
0.17160298010434136,0.1104208146948589,0.012875222306320334,0.18361355159964007,0.040595929398025386,0.009705683580831428,0.22728756775345807,0.08544250003912811,0.0916422173599965,0.06681353316340008
0.005052323020172313,0.02915210147654352,0.04517765421979628,0.18925228201470742,0.09804494060186855,0.14561056769734576,0.13366852277942456,0.028568111093864736,0.0976728208026094,0.22780067629366743
0.1261937323006612,0.019552647678115112,0.03837992153467432,0.18685123370434284,0.17885519536866082,0.15057902299808867,0.1415750571996229,0.13733222065212916,0.009764585628963905,0.010916382934740967
0.12497274302835323,0.12746948716216752,0.16326498592933916,0.0066348525335441335,0.14555493346172094,0.11400166362744255,0.1513775825372727,0.021044850712245156,0.06407036256588378,0.0816085384420308
0.09404737991280376,0.09168322510305674,0.06735811083620205,0.019607731989161943,0.2585452789514183,0.10414186289517345,0.12350650213710254,0.15155114765810812,0.058522168037502105,0.03103659247947085
0.15308300479950362,0.14067185571775995,0.1295087513518386,0.002601307058569459,0.10439542363682217,0.08155266755254795,0.015429685341966821,0.1799093967523861,0.0817642389556665,0.11108366883293883
0.12067778478025215,0.0636435417314389,0.13373440056036576,0.18866983610889884,0.04762892047520315,0.07844845766208675,0.0070069663857143215,0.06841532552776503,0.17545166867954207,0.11632309808873305
0.17035447489340116,0.1256702474557135,0.06935401132912254,0.13058940838740787,0.02063510219148559,0.14968180034741949,0.16485085403681551,0.012221241792081424,0.09315367240644411,0.06348918716010869
0.14324666615632403,0.1745775541418517,0.12272380760997649,0.021093397776741116,0.058974665678966906,0.18081575249371482,0.05707967391306939,0.06312483017614288,0.04554399538651558,0.13281965666669707
0.034547177050540556,0.07823419734932485,0.016783823835932972,0.08485534213282488,0.19290357742755035,0.1668913250338475,0.0966043524006825,0.08400905833887203,0.054768125294791914,0.19040302113563243
0.21749153913015876,0.1178587911067229,0.02548121423589631,0.1483099428662811,0.08371738013041796,0.03853395360632923,0.09040337480637202,0.09930926832148053,0.16867668163579472,0.01021785416054646
0.13033527002242304,0.18282631596754817,0.04907060098553616,0.16658891652020585,0.10979779526017035,0.06526094168932675,0.11077949847866109,0.006895115734308617,0.003369849086781465,0.17507569625503838
0.3078283665130962,0.007337735113593661,0.039273071411037454,0.17737779134064569,0.05713134445311903,0.06264513409025639,0.04575742775417311,0.0709790372360189,0.23014953472340008,0.0015205573646595535
0.1391321770954879,0.1936258235228458,0.04820620187891964,0.15334370745378745,0.03455450146402078,0.05317916381174859,0.1354458122311358,0.0020506062717359475,0.21065360790193532,0.029808398368382755
0.1467665857573823,0.0986932876391253,0.2358821947788423,0.0007788334048196792,0.028456141891638514,0.19030994472483254,0.15448238560239946,0.02765097232627533,0.060339819834048125,0.05663983404063642
0.024255890176377037,0.11035320534232919,0.00603885098080251,0.14924158088448736,0.18481711683464497,0.16914352988579848,0.025143384099550567,0.16912923756650852,0.09346997558300135,0.06840722864650012
0.07409926396497551,0.02344208398443037,0.0810400186280887,0.17278998721893912,0.11718137519327337,0.17963384637693497,0.011212479146711989,0.1024544468446205,0.11061255378548517,0.1275339448565401
0.12910956571130613,0.1281131993348106,0.1222010409139672,0.11349251677528617,0.11248152397410931,0.04072010850544288,0.1346553946363121,0.08726643938325458,0.031228762416746877,0.10073144834876413
0.04821153934816295,0.16001903715675156,0.09422253038155176,0.052186489338009664,0.03726374351534181,0.14264699447486465,0.1565985539857208,0.06851300492942522,0.05481867897492534,0.18551942789524636
0.05684243962348053,0.09045854088972674,0.1535979497002062,0.05036075924746868,0.04394071145018235,0.09472662292503474,0.08447941936568992,0.1272914168808857,0.1355726971427968,0.16272944277452833
0.06357348913071889,0.014030565375486428,0.0395646821394272,0.1852071859252868,0.16263844118983395,0.13528206897077213,0.18785817927935658,0.1695012208973697,0.025259192398888443,0.017084974692859876
0.09366842793939421,0.11758612000563703,0.06563433868212744,0.13027051633234665,0.010159783224054858,0.06440534341727246,0.09042126121639046,0.18704727826957035,0.18335483431694835,0.057452096596258134
0.20214256362421293,0.009879837365567266,0.2271211348120481,0.06958618895311976,0.022905114274177404,0.13239230860783135,0.1305838130019183,0.008541117646562785,0.10704625310404561,0.08980166861051657
0.027416730634040702,0.11162083652760453,0.17821513599561625,0.15230599174348913,0.049486526274540865,0.13617473099718586,0.13583168664526324,0.021757466944987827,0.11771277707585392,0.06947811716141761
0.0018715748429747507,0.07114823123007992,0.21898427347087945,0.11978707293682575,0.1905425750659625,0.010706793605472104,0.16010402496031087,0.036814924145945345,0.1012520828557242,0.08878844688582502
0.16361849291652716,0.05208524357579744,0.009011051298508217,0.1738066639053304,0.10718526103921659,0.16959249426636802,0.04333479034764017,0.16032856033664117,0.05794451260325095,0.06309292971071978
0.14282786840838033,0.15325384910301434,0.15013729313732693,0.04427407445552377,0.025668528101815434,0.07519125944377153,0.16523532687159076,0.024184712376371813,0.12867220237374702,0.09055488572845796
0.01546972822633669,0.17585922848740207,0.05423288350778808,0.02025193711246539,0.11489882902480691,0.1510182859037412,0.17680183452576517,0.02791638269282926,0.050380697650916934,0.21317019286794836
0.04923837709163346,0.12525770524904745,0.15844015085618693,0.0540542424195992,0.04737675790453255,0.1717868283229342,0.1339780489350781,0.025255719657960706,0.046094420589789895,0.18851774897323756
0.0490146344780583,0.04357921137344863,0.16674860517902731,0.1400038735869277,0.09760758488617188,0.15608823728490998,0.03645141955357103,0.13810879136824425,0.015436831639356602,0.15696081065028433
0.14809019145787258,0.1199638654983845,0.169255619988361,0.11800598169798306,0.012325542459601923,0.09319483646281576,0.009156844955702612,0.1305460225259341,0.09680979522790877,0.10265129972543566
0.17703210044928636,0.07854824962712482,0.13044559246711634,0.07365574761124635,0.10490396902029946,0.03995320915121831,0.08482261916851186,0.0747586694776484,0.043811996473847745,0.19206784655370032
0.02259691755299699,0.11347929032031605,0.13962952318767638,0.07396344984177633,0.09214755845907147,0.1745737708368914,0.04826168198427184,0.0675722873329967,0.17608125666446553,0.09169426381953738
0.0419880164868219,0.025959594508549077,0.053955264060736814,0.15459906436012796,0.17997943459448376,0.04402556331303322,0.08280121524902337,0.12640878044463794,0.13649388242590926,0.15378918455667684
0.05125404646402372,0.13689476744127266,0.12319370583348553,0.16813000294516317,0.14408985647745157,0.09834469058594619,0.11126488047607895,0.0784960523880808,0.008708908081708553,0.0796230893067889
0.003518025092015099,0.11863121120542376,0.12847066107452684,0.04451449305356226,0.15557413188054187,0.15495107765603425,0.1373482484238196,0.11264184628515708,0.09409646677129217,0.05025383855762707
0.20071896614790963,0.07879544700463036,0.15202723408861318,0.03921461143302231,0.11748220276067375,0.17737964814377302,0.00047480377802324055,0.01127836674628413,0.2195711539951278,0.0030575659019427335
0.20918774102391569,0.01297193765269681,0.14167619802928658,0.1749770900404516,0.06136159906774968,0.03650333548454452,0.13196087505862897,0.02349518395707387,0.08466665298439252,0.12319938670125971
0.2025599528303218,0.17989153875266278,0.005588973900533379,0.003218976061051912,0.02020774656195162,0.1325829226169503,0.11620384400631409,0.15156032201054412,0.11416308408872326,0.07402263917094659
0.13907552109846502,0.12890875248799916,0.024310215258479744,0.04475410465120096,0.011931924076999258,0.09987994339130275,0.1314693460349913,0.19206167105962577,0.10715569585971912,0.12045282608121698
0.10650290071793217,0.12622939592082894,0.0658102961615098,0.14931621480677346,0.10246024942157717,7.777302593202716e-05,0.14243845800566118,0.1187980193692791,0.14855819492401307,0.03980849764649306
0.09949195615006666,0.022793514133090362,0.006446629135534037,0.03422389394917708,0.07983215054464263,0.14494680424530262,0.1515792838377607,0.1159263818097055,0.17842780075908507,0.16633158543563525
0.09577567772620271,0.1904408994143287,0.18649527051338854,0.01976425345137999,0.042116124176922606,0.1784933552303073,0.041719690118111954,0.09297639839741999,0.14163792082509394,0.010580410146844283
0.12501094804038956,0.04035863417672069,0.086680796836228,0.07637376140071905,0.04610555849415705,0.11382685164578529,0.19570397550903512,0.1205819021781147,0.026867511642272714,0.1684900600765778
0.02882329153416021,0.1661469269129747,0.01533944853907017,0.025981720945652004,0.0792423764163187,0.13786429467255598,0.04306667846041534,0.16318352601080294,0.17981100836672453,0.16054072814132533
0.14231283065916955,0.08312997014933564,0.12821074010691413,0.12521622036387448,0.03748357481424648,0.08294970655001438,0.1083161255121865,0.10363329769273236,0.15853566125307772,0.03021187289844881
0.04225299342334863,0.003901855745103406,0.18814262120118366,0.07724786988154894,0.221814371787619,0.049493285791764624,0.16753489300818744,0.1428815364955142,0.048851189929671676,0.057879382736058374
0.04068688211517118,0.07325361675279986,0.130582527168992,0.07747298943796674,0.0877790367355116,0.11226738595083345,0.11736759144617281,8.827042390045301e-05,0.17953539433209237,0.1809663056365596
0.13182626162551542,0.0850774545134156,0.03940099011128393,0.027828496768698287,0.15144319131920647,0.10136165397254968,0.09230644106738613,0.08472295462206038,0.14287031458328123,0.14316224141660294
0.03786538371854717,0.14214481187231562,0.08094044283557028,0.02634901837398776,0.14719926352972604,0.127079272689307,0.062355593420853075,0.06840054617103043,0.15420769525619363,0.153457972132469
0.1197068781479363,0.029237665821672032,0.05220265915028027,0.19386840027395782,0.06934630145353801,0.15395565613605464,0.17704445783184528,0.06769276326497853,0.09542271508829686,0.04152250283144019
0.1097905845020512,0.09695690822510981,0.18237196640922007,0.05109253382470465,0.010570003237292621,0.18823096581134152,0.0006848765539807073,0.18284378348542413,0.17681486233582303,0.0006435156150522857
0.11493374372573156,0.004532476753109227,0.04424199632172989,0.08011012799889924,0.10859206176453938,0.12408939794752331,0.06250832137682484,0.15215226529068646,0.16531291889803404,0.14352668992292192
0.035068144764314184,0.22055277935719328,0.09738543065882269,0.07718329273069409,0.037911967176989796,0.08354250558189237,0.1799720918282137,0.10746535703527692,0.11735448579837389,0.043563945068228936
0.1552824404988169,0.06612610167321696,0.08817619190558643,0.023159170296654426,0.1306556136994775,0.1503646829121455,0.13400305024323278,0.04974589576882874,0.12465885671057111,0.07782799629146966
0.03817932992188726,0.006196621952880843,0.1114719939765673,0.12848868331678384,0.11207979407916444,0.1590438399638361,0.14697060523734953,0.01911663200156368,0.10204689775044672,0.1764056017995203
0.1855510806402311,0.05661305431047533,0.01630439342198565,0.027003909952043867,0.12680074169821226,0.06722161165754513,0.15328830551015707,0.10815233006016874,0.1729989873833497,0.08606558536583128
0.045123388411726514,0.17048967299872156,0.0447023191796116,0.039542505466415294,0.0735438813722352,0.0546079745673764,0.12602318578053476,0.184814585067701,0.07395420855750576,0.18719827859817195
0.04112380771233749,0.09702709345295199,0.11692589119557543,0.05394427536830097,0.1378451187818296,0.07257397241186764,0.11007116822653934,0.08695640053906814,0.15250288400214346,0.13102938830938576
0.17277855006257942,0.04600051873646445,0.07095267593458264,0.01585923736570969,0.053075803560915874,0.14377273486142003,0.16475515108283956,0.1529395742391335,0.08353532341016123,0.09633043074619362
0.09958373286602713,0.01515938321871036,0.13852661383589707,0.07205976013154881,0.18837600575958074,0.023375877455882918,0.11007886134913591,0.20199501703685688,0.03262922118502929,0.11821552716133081
0.061161136588401166,0.15775672351757297,0.08192475284457894,0.1536804602278861,0.024970211423079005,0.13914421270983546,0.12083107368143554,0.14624746913262607,0.09156655248494888,0.02271740738963594
0.13280054680896586,0.043477016664973854,0.1953947720534683,0.010634247104051748,0.005692097207053746,0.004196979962210793,0.18489988641297275,0.15763527472275418,0.24633478211498325,0.018934396948565496
0.07505945363725436,0.10628184971018922,0.07856655002668166,0.06285802159784645,0.1396411508423432,0.07715117256466975,0.09805414795277692,0.019965705028138044,0.15441307303927143,0.18800887560082902
0.17443335909726607,0.009575180561239863,0.16878661633888067,0.1593963794757885,0.024192270372831615,0.0790582798283489,0.13128389808390048,0.10733435541298046,0.12195320631104423,0.023986454517719337
0.0715610109002857,0.02446598877535438,0.08573963313697393,0.059009280885137565,0.14864995737810316,0.12658839695446122,0.20611869610513306,0.0284187688857523,0.07229370493709025,0.17715456204170843
0.051805451376840526,0.11396028018142315,0.11831225791501104,0.12110848969167358,0.00927643110353171,0.0437067084986011,0.12430282662054151,0.17509774235736417,0.10419647528234245,0.1382333369726708
0.1752848164725697,0.1532466571432968,0.05109449198642053,0.04878539204514313,0.173909828490378,0.07449424754586917,0.05155376078405588,0.03967978949312159,0.14227583107654088,0.08967518496260422
0.08236508906018739,0.11587802974648247,0.006562375320660026,0.09629772761858969,0.06737385632218383,0.17188080285716284,0.09813548165152412,0.03750306345652368,0.12175339842107136,0.2022501755456147
0.08402941241050757,0.0021207066056983122,0.14256556051651234,0.04434060990985727,0.045362512259313224,0.051419592288848105,0.11563635588197954,0.18854936821913235,0.16315256954086538,0.16282331236728592
0.11331977340683731,0.1589443963530795,0.08770943001653432,0.11295295052213843,0.06477778261343221,0.12514116117060448,0.16848876638284868,0.016004649554129786,0.009015899006619336,0.14364519097377584
0.048733631028355616,0.10072986362443428,0.0329212961617812,0.0736010109719079,0.1586190192158892,0.03857934972324897,0.09303767865194654,0.12010869314562336,0.17601216720522353,0.15765729027158934
0.15574838700488716,0.13776752856564267,0.08505118080421879,0.053310411122087606,0.1566201057392229,0.07797414548736475,0.07028471780391013,0.07913305494127144,0.03496473895963361,0.14914572957176095
0.22422205877348522,0.06740662876443947,0.05030896590544467,0.03988490417448517,0.15642908623138066,0.22080431779025933,0.17068457243186563,0.008690713988767454,0.042863791401226585,0.0187049605386457
0.15617484230127848,0.08297518818196681,0.05960764153842145,0.17331636501096648,0.10033958578099329,0.03230846608899756,0.14913119898940483,0.15333078538133205,0.06446450504287775,0.028351421683761247
0.06030071593624461,0.0039985479013226535,0.15460111939851026,0.08929346033577662,0.056961309161680525,0.024859392423882687,0.2141496657252283,0.11102101587187731,0.09749322020230727,0.18732155304316972
0.15039351703277634,0.15583688807235926,0.1256054000364361,0.1275979091578351,0.11537516220166616,0.002702783491153037,0.03024762559139,0.17220951833313286,0.1006719268325635,0.01935926925068777
0.17505058525638906,0.10746109530404302,0.08064713999488451,0.050988631857490266,0.18106551122841863,0.021757781873831206,0.09010659542698732,0.08106131188330154,0.027632618589572524,0.18422872858508188
0.013054125464777298,0.14179088794754924,0.13846115650917412,0.07132866910042931,0.0012941411725963237,0.1422701489266029,0.09351054530497248,0.17351148203889713,0.058348224780083634,0.1664306187549175
0.02458059394191806,0.1416337200684473,0.005567242439098931,0.1418274659630204,0.12906857858382353,0.10067796388776383,0.10337213550639099,0.1363553506005878,0.11196040230550766,0.10495654670344144
0.07543510954540905,0.08162254912013049,0.11335671268519643,0.1355036896592217,0.1298342269147143,0.0865711973439668,0.14176512245134576,0.038747517363549866,0.07292305634528631,0.1242408185711793
0.037390456396291134,0.0839075011840361,0.055209391374616335,0.11928660520206208,0.18114443468775795,0.2143231319567927,0.0962240268501005,0.0835629767252402,0.11283744909527332,0.016114026527829724
0.16370034284326201,0.03202286600208778,0.07747219546611939,0.08521202552004425,0.04526744137450002,0.06634979587702856,0.16169243432049232,0.0811479255520057,0.12682907882724068,0.1603058942172193
0.04467821077741969,0.12433185254952166,0.1557049096184921,0.18483012912487626,0.0206915586790192,0.12531881447116783,0.07407260645201351,0.07911287017569119,0.1270717315809729,0.0641873165708257
0.023146409773335645,0.08810282377931139,0.14408045879094336,0.07326386601785369,0.1470168084131825,0.1757659192191605,0.1954199407952924,0.05228646700360136,0.05612290476872055,0.044794401438598606
0.034418879855717774,0.035811344771477814,0.07924658833894385,0.2168180557801211,0.12075710480210629,0.05043197233753769,0.19244158799215363,0.041578421083848315,0.14992772049118777,0.07856832454690568
0.05389989790189313,0.028648821660730513,0.16428146840409205,0.13699821546136332,0.08318178731473397,0.18230907922794748,0.05955717182983485,0.003000437775241742,0.1425740408867808,0.1455490795373821
0.04881798045497141,0.08210742397419815,0.0016193649454994072,0.07466673194014818,0.2288607009672591,0.10266606889341937,0.049096853207032394,0.1945197694213,0.017946578063499398,0.1996985281326726
0.09574725677059595,0.08659450373478177,0.22754861963761647,0.0759526548613446,0.10290234432768879,0.06308907834235085,0.13088820652877317,0.009824527043435024,0.049332899203149524,0.15811990955026375
0.08619051687617005,0.13535491283311624,0.10786691316929749,0.11509919835530495,0.053292287544898925,0.031098481534363405,0.07480487492255128,0.12174884003057544,0.13368950145912595,0.14085447327459633
0.18002506695230033,0.017479323021203922,0.12950781239404988,0.17949247741583976,0.07313148590441995,0.18894462500479073,0.06826782947742509,0.011337281557020266,0.0052726349549797906,0.1465414633179701
0.11961892217729692,0.1535257292094967,0.014105042330257452,0.21396887080158014,0.13441139987286613,0.04053846749394367,0.12910690553766993,0.10819013672029928,0.04156830812842663,0.04496621772816322
0.08336458387934877,0.0424833142380345,0.11025394314810076,0.13827078907679327,0.014903877711787906,0.13715904908553606,0.1415240830461263,0.12590292891457533,0.0699013405970907,0.13623609030260647
0.18689676771725056,0.016274625146267138,0.07595533404920522,0.21322123282380687,0.04864445664385785,0.03973346865855953,0.14345189053499896,0.2125527244694565,0.021899635616607554,0.041369864339989945
0.10010331083631811,0.18201966168259362,0.1343468267138617,0.03476987547264104,0.13175220517162997,0.010823877340620371,0.13690451297694037,0.03108523437679357,0.11174589082245766,0.12644860460614354
0.020541129420878764,0.1309285903098937,0.1236268423081025,0.07598257257939448,0.16526030923030366,0.09266349800987674,0.2326475089897243,0.0029569388735684473,0.11779665639969773,0.037595953878559685
0.044916713643310666,0.09434650128577357,0.028090212788051298,0.14355832087092268,0.0410452672179481,0.13410486693564275,0.16824433734781133,0.08287311745268829,0.19891049604815625,0.06391016640969507
0.12357789474776235,0.09074051763581734,0.08034250931269808,0.0460855685870417,0.024507115022221446,0.1136876630830222,0.12337792942408078,0.14390994748771668,0.10851867347798476,0.14525218122165465
0.10137076589303565,0.026587119368293367,0.1460719499484135,0.0766066967504441,0.16088536839984002,0.20143704122089007,0.04146690210851111,0.04307334296177719,0.004065686539304509,0.1984351268094904
0.1150733967372078,0.012764960860472801,0.19573721306425662,0.03644356490336699,0.13844031277181687,0.08201245234053663,0.19718912144305517,0.11299846860375933,0.07359522986654336,0.035745279408984545
0.1714814760192602,0.2561115754381477,0.004098622589225174,0.007471329076257548,0.020748419508438302,0.06670239471524936,0.13257835582699862,0.06148831692981159,0.1923778135808758,0.08694169631573566
0.15476496071831475,0.11211494173136781,0.1252293001488996,0.14612138895640014,0.03571187879129943,0.04436183353457695,0.10744052620681552,0.08932999633215676,0.06804148772375365,0.11688368585641559
0.18991264494981683,0.1719516108991895,0.1360318653311401,0.02304323317466565,0.10874106719671241,0.1437804632711605,0.04285683955591654,0.12431698192671015,0.05314528721693316,0.0062200064777552305
0.21755872550382077,0.049141322747830146,0.19157547208878317,0.09056680636048357,0.02057632246304715,0.16255412075818493,0.03262385033558171,0.020999136157270396,0.1425704774558916,0.0718337661291066
0.09892187300868135,0.1995184011261334,0.04886222414497766,0.11509826035602576,0.0491768006449997,0.13686074550231703,0.03919338611251392,0.0679290420195002,0.17485768988993444,0.06958157719491655
0.03782120017318555,0.1611579490047928,0.09785413194734176,0.05759005012817443,0.15003265069617952,0.14928351020391062,0.08847695663469021,0.02144030882176022,0.14917160989770534,0.08717163249225969
0.07393903062118225,0.03935968689437161,0.11279309312783102,0.07023168321933827,0.055359336834082964,0.1311438016983083,0.026242968018186787,0.21276801534410797,0.08950236656615568,0.18866001767643498
0.11357477206592498,0.01697617869812066,0.16257483021467883,0.10917983382619056,0.0901137731388711,0.026668212589350003,0.1039809233758029,0.15749016303583746,0.07388545771584124,0.1455558553393824
0.09990295560016729,0.1863176492000944,0.057146798502935095,0.03130683319589583,0.1847029374388912,0.09895428242351305,0.07515635518811822,0.008448372846631712,0.1304901372027851,0.12757367840096803
0.1620058882362822,0.044636624476318436,0.1349460367956178,0.004250072301824057,0.2546318765307502,0.028073191899446383,0.017212976709389573,0.0914829363223366,0.1486552724201573,0.11410512430787742
0.15740906877194924,0.018407324748571853,0.056674819486891945,0.12650387193352747,0.12861103554187814,0.052381817954930375,0.09979585989753519,0.02844379282381201,0.18319688076794027,0.14857552807296345
0.005531942228433005,0.1543158996257193,0.15295536766585607,0.18015319133463015,0.1793905759706504,0.13329140512574014,0.029589493232875373,0.013190987839718732,0.04435394121322752,0.10722719576314935
0.12788296716089723,0.12570156451482925,0.04516414765021375,0.09030959720521273,0.06591876540738836,0.17040877208666824,0.134998935652347,0.15271493560765553,0.06733681833024968,0.019563496384538283
0.13875832945431396,0.12732397105714968,0.11203408890939523,0.038400950021234614,0.15751088182761896,0.0023140724655941153,0.14066216799705528,0.029850237738884056,0.11293048157905744,0.14021481894969673
0.08270197738970617,0.06405579158157804,0.11767327588856982,0.1984597346336047,0.06165123647771582,0.10030293971071473,0.007059823708514051,0.17748591308235515,0.12872576584074769,0.061883541686493786
0.015190604033209223,0.16766120156031306,0.13305797471022127,0.2048509990868994,0.09072756549038646,0.06224962615690259,0.07183408373487231,0.04849030530731263,0.04729256477153937,0.1586450751483437
0.04254587813711514,0.0404870454871529,0.0962642250269849,0.013475934686672547,0.05566177820254653,0.19491739776769096,0.13495547204633787,0.12745114814598457,0.11392550521486886,0.18031561528464565
0.1497304407046151,0.13049208969633183,0.050558988317703356,0.02985284898154022,0.07359664801046974,0.15857373350824722,0.16329715999930877,0.07068125146285854,0.009674770116380812,0.16354206920254427
0.12631217863330785,0.06469488464799866,0.10224140489965708,0.061216405861430824,0.08206779186423221,0.03296154215644357,0.15386109557534947,0.1183721699971444,0.10430703102785284,0.15396549533658294
0.13651578184250238,0.07741982190675126,0.08245228233936518,0.019614633194973127,0.1955741974936763,0.17970903839617478,0.07683036232861322,0.05133057385863671,0.048719669315406035,0.13183363932390113
0.08263073263479871,0.18331575546113582,0.18194339521931538,0.022563749874955817,0.0900246088762624,0.042986689179924126,0.04298257715530576,0.19683051938670934,0.010616459950130958,0.14610551226146162
0.1210327629830165,0.1796533145190906,0.15775655661145802,0.13296062372933187,0.11549936586214316,0.11972526162196305,0.00946420585232513,0.04471631850136205,0.04865087409913824,0.07054071622017154
0.040584052546935485,0.15590837257077533,0.02502763224122116,0.1600118321370485,0.028153816570040215,0.044088124398020984,0.16441699719822286,0.15713763458788077,0.07370972272476607,0.15096181502508862
0.06910553320411424,0.0068635615117770546,0.13999708028908928,0.1691793883612898,0.08916021418625768,0.02025406739857927,0.16175667760096438,0.16067451055003013,0.08335918313555678,0.09964978376234124
0.15493829907661055,0.1047623661474973,0.15514979176149818,0.038538198150813725,0.08173100063574133,0.07234532092014428,0.06388668241208961,0.09798158222751922,0.05933650325056722,0.17133025541751867
0.07216190811994042,0.11256484649970935,0.057310621094334595,0.03730505708494546,0.13988538028445088,0.15389762171919188,0.1161540087814776,0.1567141531834743,0.0212559766904808,0.13275042654199473
0.0547763390956501,0.16365982026184336,0.09144999960230249,0.10930162167381005,0.10109446046308455,0.011027517291959351,0.17358166374315553,0.04490299210639939,0.17723834781363407,0.07296723794816132
0.09624045486133534,0.13965362101229667,0.15055366565687997,0.0571155082410067,0.07755262451879048,0.13204616805174116,0.06910401265326058,0.09657437910949555,0.1511216971179987,0.030037868777194887
0.16570347695352727,0.02075951228960192,0.06265713515076117,0.012623092943551663,0.106108338736878,0.09024649500102919,0.1564034819203844,0.12389033242413013,0.09680707844348205,0.16480105613665427
0.04618995992453821,0.129150545192514,0.12868649968867313,0.10465720352058273,0.12223644291427022,0.11696107226274735,0.05651340324356543,0.013708908029561663,0.09847498722696243,0.18342097799658472
0.09744335733688177,0.13842849826171602,0.19394734168797878,0.06555238675781166,0.13642628841579854,0.0906147149626772,0.038088706443247876,0.05604982841648531,0.030268526548099,0.15318035116930373
0.0703034622290059,0.16733237842598075,0.10501466169626461,0.04750648414466838,0.028547596345881606,0.14092582362402192,0.06010487440748798,0.15459777767086252,0.16530978450015596,0.060357156955670316
0.09327316848101404,0.011561114224235185,0.1806899907565755,0.10128450552982583,0.10453324758924222,0.16255663239006135,0.07556143739057715,0.06385451705172573,0.042679442629354296,0.16400594395738882
0.21538492938312517,0.11414812598638875,0.13413404322660688,0.21142917361291755,0.08440108597657099,0.002680806780175196,0.04831578783893505,0.0005057932566914293,0.17917889701670686,0.009821356921881923
0.04127094196130093,0.1346625338144376,0.06933645415869409,0.13044167414053034,0.15960798369264564,0.152562840534209,0.049764857703536086,0.035272404421693125,0.18821558455777695,0.038864725015176294
0.18409963670730517,0.05737384438807919,0.1617123179502139,0.0318935016763872,0.1702354817820785,0.10947854504256131,0.04421726155342206,0.06840912139021847,0.08880496249069902,0.08377532701903535
0.08801317464715461,0.023984251683003714,0.15023893159387097,0.12412638067031329,0.1389995898098333,0.05036992018298572,0.007641744203973707,0.18363307652243593,0.17072121847819144,0.06227171220823738
0.01283359499604131,0.03982153150375938,0.09121933925335535,0.0006524804182403835,0.059728752232779674,0.21829193692834972,0.2053005214148769,0.08050488569069368,0.20106803753961766,0.09057892002228593
0.13998969906967368,0.0851504118698319,0.0001653120976171327,0.06985120981572704,0.15138055401881498,0.1516426208215796,0.11070573594897176,0.14234729525250717,0.025270893425132702,0.12349626768014411
0.06736444103989575,0.1108462489685405,0.057904918216145275,0.14056906264982055,0.1778088698960249,0.049245840632700585,0.036767717014017695,0.16483371081342202,0.17836929706119445,0.016289893708238072
0.050996003295390384,0.19487368430325855,0.14646004189010078,0.14620269675713216,0.0600674496100522,0.035674670045193924,0.07668665766818424,0.1094210837149304,0.058811059522464106,0.12080665319329316
0.03340534159904669,0.2553575196403818,0.2816738246419903,0.0953975875259713,0.04331976706850342,0.04426187300874902,0.05495950248982982,0.07256170994134459,0.08856783618723671,0.030495037896946343
0.1351036823438362,0.1038042857943822,0.024946971983832764,0.1469743688735691,0.07208170626531314,0.12162975285483445,0.018192688131954727,0.143178377157727,0.11024133986312873,0.12384682673142162
0.1202517743752697,0.03039687282434852,0.10577240204299318,0.1254316021415549,0.060585035064718615,0.01477726293025025,0.13465056866376063,0.15908277556125983,0.12356731922710465,0.12548438716873975
0.0826879273508876,0.09973987709527785,0.07485696835039439,0.10143653413187245,0.13070183820017187,0.032125917298277164,0.12047305161854995,0.06413435471173694,0.14665503276116337,0.1471884984816685
0.060879492032695756,0.007548849069218739,0.08624814453741576,0.0143381757299634,0.11717504131874225,0.1995230322360784,0.07132280453245098,0.1974026508478428,0.1888392682799366,0.05672254141565532
