i = 0,i = 1,i = 2,i = 3,i = 4,i = 5,i = 6,i = 7,i = 8,i = 9
0.22668070318064792,0.04156863572711019,0.10557496346827236,0.0035211123223253286,0.03801233642492229,0.1679078761659128,0.01142819344463636,0.17311379624580975,0.22326276130701914,0.008929621713343836
0.11611646453629577,0.14273115955096272,0.06114014219921295,0.06533152306032196,0.11238497756475423,0.04275530567744024,0.14449425331222684,0.2128896055190846,0.04233396835470153,0.05982260022499923
0.047635912693825735,0.038593436789418935,0.11242660829847526,0.10826216763549812,0.14640036008878743,0.1326870066328364,0.07025983827043751,0.12851848116384695,0.0979469356107447,0.11726925281612897
0.07237695615910854,0.0007501910774763192,0.17236743301111282,0.19875783002357442,0.009768539076195609,0.0980173268907829,0.15308475003427902,0.13679290859896892,0.007058540417951571,0.15102552471055003
0.12375880735535469,0.13729248889873705,0.04787016182607317,0.14364414392939592,0.10633098995777578,0.1234869816054655,0.06762652545176245,0.13973279812823342,0.08242996982378799,0.027827133023413966
0.03342969927481204,0.10657799040168323,0.04260486579818794,0.18683851712468336,0.001953658278132574,0.10795355053107014,0.08300352229945412,0.09815809891761,0.18236374471068534,0.15711635266368124
0.0015098263640197535,0.11081176719683179,0.17552105379379765,0.0936990103997099,0.15952201323418622,0.09171150955982554,0.026450036647235994,0.17931188173173376,0.02982821770513002,0.13163468336752918
0.10448812227689246,0.15439829296474675,0.1412334976014078,0.024830514556327274,0.12522731927232134,0.05150779228017487,0.12643835295129263,0.1429740146403212,0.0710797429569559,0.05782235049955967
0.174277530828371,0.16920080494949102,0.022797287574887404,0.047228097438981056,0.14908636753256024,0.0471946204088382,0.033439255974686395,0.07489855650901035,0.11855665404983683,0.16332082473333753
0.012704946188022247,0.14525269960279097,0.12145861709677114,0.04878776954182833,0.09884720444162363,0.0921740399514924,0.2052000190197188,0.11979987357719897,0.15177873405909273,0.003996096521460951
0.06277357013475757,0.15661920939466514,0.06005407621917697,0.08554277735284807,0.2217614488170075,0.1834065013133662,0.037150087547917134,0.025882637912720993,0.1295013798565002,0.03730831145104012
0.02974234093219787,0.07171978549506705,0.06261276429375495,0.05263382810982936,0.061631468356485544,0.1572191363838886,0.19211620600765353,0.1645233224294022,0.050874273146611325,0.15692687484510953
0.10259789603931135,0.13806452665606975,0.11127130771315848,0.08603322532198336,0.015822258118392496,0.11143619698999076,0.12394805625730294,0.14426529187909054,0.11386385202550175,0.05269738899919859
0.1486611111348395,0.054070460947488796,0.12286107781923407,0.1003539352094527,0.0519538227624386,0.08369090368496322,0.17827528420691197,0.03694851592277398,0.19951130173734125,0.023673586574556014
0.1685737191743255,0.041786630128216866,0.0696106049758618,0.2004966316974702,0.1554738039625019,0.022737611012660947,0.25741753109176574,0.0014087626518971034,0.06743577998626943,0.015058925319030516
0.09551910755871373,0.13562827394744106,0.13363009274320264,0.17682773551664446,0.1992908895639462,0.05404688228787169,0.009772068153562838,0.12150707895116078,0.052443492206107466,0.02133437907134906
0.02212695208322042,0.07371928927990842,0.17213230321927034,0.06689309705928247,0.10664036233259526,0.13153797961550537,0.030733990961809596,0.12556161847613445,0.12956601105545945,0.14108839591681424
0.15273850310150863,0.01747791014713593,0.09577452449963894,0.024968790354408625,0.09151622767804914,0.05024805732072232,0.15569126965611207,0.08213953700978278,0.16415238707080937,0.16529279316183212
0.12418896528871967,0.1106414895546594,0.06526676503140608,0.1073040782252043,0.05959455821552488,0.16226165790132488,0.15011100650297854,0.012826812253998022,0.14725190946909822,0.060552757557086
0.07919663052419687,0.15035633311548577,0.13621025999072534,0.09589218961730939,0.040377195317969676,0.08942262069913147,0.16027371345019245,0.11303203292141438,0.06998598919612775,0.0652530351674469
0.0012534754749000923,0.101926605196166,0.06635621195840907,0.1295193393150254,0.08345344269865217,0.11566965204777593,0.19003130991544637,0.13499931997222334,0.0065431291264040235,0.17024751429499746
0.14556062607286155,0.08485851219998765,0.12109839877841905,0.1313782356996579,0.15230321253366585,0.0024173499469871736,0.16234948193106477,0.08706034902303532,0.06583683379595542,0.04713700001836534
0.1506723801698365,0.1411942562109578,0.1393587560555522,0.13590232464848687,0.15660846105836285,0.011832759147423641,0.035553013800113296,0.11792519829753188,0.0010346507020607824,0.10991819990967412
0.08582149813699128,0.09161321910743414,0.00825264527500154,0.029794993784534284,0.20694404660016194,0.06286994136971993,0.016797988162959753,0.08858385357562167,0.2573168172154726,0.15200499677210277
0.12684065696419597,0.1711637870122702,0.16836926336438862,0.08955239516650092,0.05310353128078996,0.0035446802088093575,0.19135190126285856,0.05809181034354613,0.06475341601560093,0.07322855838103937
0.14506634767416507,0.11200894143329404,0.16947878307673972,0.1240068610796386,0.012560533665516104,0.055614637456536116,0.008280801261405273,0.10723742693131963,0.0975324622560041,0.16821320516538127
0.07543538161244916,0.06415590902334346,0.17842804650825253,0.1505794423215097,0.1493555857269337,0.027065433228254738,0.07635343425294608,0.08308871415096795,0.07015809801892264,0.12537995515642014
0.01360671916213454,0.14017189992247117,0.12232035815164322,0.1713641546322861,0.13893705735992312,0.02231017369495988,0.06526671313236658,0.05116841148938566,0.15375665091683327,0.1210978615379962
0.06425560498797096,0.19373547216952233,0.12272705687007235,0.10495041818720935,0.01435630327873555,0.0011157942174333693,0.19748418301613269,0.20768373853977343,0.061846187627888086,0.03184524110526178
0.04219665481737448,0.15586578569382467,0.09695437848649457,0.1097232629327068,0.08894577993244152,0.007200659291178012,0.19812891321051493,0.1469444874456443,0.06334255457848169,0.09069752361133893
0.16381993405555315,0.045277694981847985,0.05495023347662033,0.03195690066046711,0.19241806086655225,0.16737528874542074,0.1590111384202567,0.022837731138583364,0.022049665180493772,0.1403033524742047
0.021982826489756586,0.15322960633311328,0.21526063841010143,0.16123528418293137,0.0922732685419177,0.08660788437541496,0.00024798646171144843,0.06888547471997278,0.028696971988403763,0.17158005849667674
0.0795570252099376,0.09922934881696838,0.10340549512387387,0.13820745639422352,0.06253835719665747,0.13254382135344062,0.10588654598032525,0.15755708724617218,0.02731864585666496,0.09375621682173614
0.014493909864926754,0.045866364761259534,0.02046261265054158,0.07546161276715638,0.09476871073547567,0.2237038722080531,0.16453809290303723,0.07918618970286127,0.056955284406312055,0.22456335000037644
0.07175368677092524,0.1354856341803603,0.12316044244397091,0.1263549843528047,0.10262415690884694,0.10429179715549461,0.1331506282101463,0.025111212620443954,0.091683482958746,0.08638397439826116
0.10451252156627944,0.16563615437209067,0.11876826760084436,0.11293712255160562,0.01982565976730855,0.07166352755671074,0.09663159557225229,0.12611883993584125,0.17701976598148841,0.006886545095578736
0.18088904971323283,0.15620489740615073,0.15153654623529494,0.05693310739655955,0.08227321204824034,0.013150204748611246,0.15951712233534682,0.1166895349745314,0.048028490750679,0.034777834391353284
0.010929431173818172,0.13367038497554282,0.1415237304183729,0.12412974756744924,0.056064727454605084,0.10004749924916934,0.05688259546861568,0.1208734377023924,0.0805127627297553,0.17536568326027896
0.1169407989323398,0.16630914802669136,0.05133257234239909,0.13026146770767927,0.11897988494538234,0.1474592642659889,0.02800131515349778,0.07246633586230931,0.05798173187652277,0.11026748088718953
0.07486328279318262,0.01545203839914805,0.16804438004403208,0.034125118294085356,0.18064437984424117,0.07446881135710537,0.16801442360745256,0.19458316697673142,0.08228760805503475,0.007516790628986749
0.09217425105420977,0.08417328011878521,0.15770362992500706,0.021523912136163278,0.1163049975631938,0.04890162723269197,0.04159622397152114,0.09878285069515574,0.17778520999137679,0.16105401731189536
0.11575977879947966,0.046064129024835726,0.06327873831126318,0.15683519483287361,0.012319969611816273,0.12186807364038003,0.1257906183916853,0.1796074932061484,0.16061937460890535,0.01785662957261223
0.09381534591033716,0.12330508863877067,0.13879771670450688,0.11657323008914221,0.00963150281982811,0.05393956552562803,0.12903791239370996,0.12337511641627393,0.12912514419479051,0.0823993773070125
0.1407344589170733,0.008825914487912652,0.03564646244216187,0.1640451981095433,0.1385149397048751,0.2094250283697689,0.024597773995644157,0.18746610677520653,0.01564283509791799,0.07510128209989626
0.14208943571550162,0.06261156943967983,0.036611979325812345,0.008469083105552258,0.07027185236081435,0.21173636609238708,0.14608104356878868,0.15018063425637448,0.08802614882779311,0.08392188730729623
0.12043598618388987,0.1611815137300318,0.07552597887695771,0.059009484210771866,0.02997542160455683,0.041377245542891385,0.12000332645748944,0.15004254364918998,0.09832507357411614,0.144123426170105
0.05178510459900295,0.14419883005530382,0.1386461741624605,0.14518428762230912,0.07637030196187441,0.10083538929331781,0.04070212181421533,0.12763083867975927,0.15049631516474432,0.024150636647012298
0.004828779523904598,0.15286252484033178,0.15332858642601604,0.14799359002565074,0.12869768100620796,0.03445781321064658,0.054440843425862924,0.09421721832890875,0.1320267542176278,0.09714620899484278
0.15662774809424052,0.005618386169956724,0.19101717831488124,0.10457465497244423,0.054748815499859556,0.05768693648436091,0.021478534083762997,0.18190120989377082,0.2082213721661297,0.018125164320593135
0.1440789933963409,0.12951248783242061,0.003541737003597013,0.13821120150021393,0.17584118028521453,0.06543409339305548,0.013750541895573237,0.03153776714681301,0.2039428985912573,0.09414909895551386
0.22058443734320587,0.017014830010443058,0.04336445746035372,0.09445423866645535,0.07171460435312131,0.19604098992577668,0.06506000257108852,0.008929057721896986,0.18438663809151018,0.09845074385614837
0.15260609834800648,0.12202433712495485,0.0993199302484168,0.06743255748438544,0.05270022755151197,0.016525387071323262,0.03374858959106034,0.1100470662235613,0.15887786049491323,0.18671794586186646
0.10752380553773502,0.08443157434270916,0.16039986279642007,0.07448775465229847,0.12934225463313512,0.15273297729178337,0.04260094444415409,0.06496001407643984,0.10570785510365278,0.07781295712167204
0.11336227836990839,0.08064537954279859,0.10080649258225781,0.06492890627994481,0.1116264229659482,0.13632415315623028,0.128038207626274,0.026679024159499614,0.17453952767120415,0.06304960764593412
0.17676910794759237,0.16121462999362232,0.09868238720611902,0.12102362876550098,0.10705390767189985,0.01809742462943658,0.07214860905574481,0.11007653382844504,0.09212171294637934,0.042812057955259684
0.16464480352752653,0.07807454308025007,0.005639984344489365,0.07564935554059943,0.17690927403654766,0.14207462665549947,0.11125831505678552,0.028968477831907032,0.06601218793753721,0.15076843198885764
0.0030120416555921266,0.13312722260991755,0.0832513247934385,0.2345862921820575,0.21014109790599544,0.08221992116199754,0.06292185324176892,0.030118151980674208,0.14471643653468763,0.015905657933870578
0.12570203123715687,0.051490653495957696,0.1460037585816426,0.11340857193706376,0.057002381169188134,0.09208416966474584,0.10254205688314379,0.10178151802078532,0.05907973973496533,0.15090511927535058
0.07130848451536452,0.011542524096549526,0.03653530259176498,0.0016403902036625122,0.16717715058849383,0.28284983579660783,0.010162041139309394,0.09123843632081545,0.06271812896752224,0.26482770577990977
0.027565389368734566,0.18345120759784986,0.14736302677446947,0.10299802054472551,0.06343311445467667,0.09552237752682642,0.17198279970034436,0.015829217828900375,0.06783320757395456,0.12402163862951826
0.09351050930634995,0.0011517407812796025,0.10583038502678982,0.02621105080414533,0.15734101626633293,0.13123541727944546,0.011661287296571501,0.16595440433111297,0.12199251540398048,0.1851116735039919
0.13594095431925052,0.12516662371403625,0.1151979528514947,0.08632277844795179,0.12555608676737687,0.019244466081175908,0.07440856332215597,0.14177279075273796,0.0475573308314966,0.12883245291232334
0.13228279797552667,0.022392811872024538,0.20661507572625795,0.13897853749029626,0.06535273543117803,0.021776513127709535,0.10756217135874699,0.06555819225510442,0.1386109593981931,0.1008702053649626
0.06793619509208684,0.17126756758159703,0.005824764231006665,0.1349774317850312,0.10583856537738075,0.015377346228890785,0.19472015882308763,0.09926486156341016,0.047142846333952715,0.1576502629835562
0.012898158030033219,0.10303890223105798,0.15794802349037682,0.02063101555396042,0.05379838931547953,0.11916968992402886,0.16929331235752051,0.05631840083734981,0.17480077277336228,0.13210333548683062
0.1772321523112187,0.12927611331408312,0.04109938338536932,0.19713065777680136,0.10457007889805678,0.14893544206838663,0.07548434447687412,0.013750688733963038,0.024891039773557416,0.08763009926168942
0.03493876560375149,0.15106294018795366,0.050507616500598755,0.11703500958931973,0.05209013600385145,0.12464214652174961,0.12014071386255178,0.09488598508709736,0.07745544189205487,0.17724124475107134
0.012102543046314253,0.046017571974608776,0.05456295398581323,0.15877846513550134,0.17492343813064498,0.07599382512912142,0.17268720644705554,0.12425055984054538,0.10671927678911719,0.07396415952127805
0.13641719476668024,0.12085841462836912,0.014359339975005426,0.002172518952298177,0.09193046956456964,0.1131705345758811,0.14274955740590894,0.1155022864567863,0.13197699199948407,0.130862691675017
0.08016673359587023,0.07527740552901074,0.1318708405862523,0.0390245112793701,0.1379538288546601,0.15533917861137603,0.043994846412598536,0.10277765647306582,0.15422930629655268,0.07936569236124343
0.16296813617885375,0.07552966032693192,0.0751744997815147,0.10768591946205543,0.1612514725886598,0.06281605208092304,0.026990460968460514,0.11041749168760528,0.16681127888610683,0.050355028038888805
0.13851698804527102,0.1589990276279219,0.10355841894248412,0.004831076748237634,0.1613343767838336,0.03875218349509796,0.10049032205576536,0.11978107849746125,0.07297167733542648,0.1007648504685006
0.019280703775857434,0.09822257600396186,0.0013660151551095948,0.21047355136236692,0.05368387505839543,0.029012422338463666,0.22251012033969722,0.034185307017378624,0.22073611243323446,0.11052931651553471
0.02262863977682316,0.03839989019264499,0.12862060123222455,0.16507109420050045,0.1754865577320281,0.10846181852330472,0.027790353036001678,0.02859410447678675,0.14673718879933687,0.1582097520303488
0.14386276011005777,0.08195702798254909,0.0446122427389899,0.08118152485813172,0.11911149503143735,0.0826471182708867,0.13678755367945755,0.14315088056278158,0.07171612605528312,0.09497327071042523
0.16288442593955843,0.040767245494398155,0.2153572266964804,0.2341941075682091,0.05387499371728589,0.06274318012508116,0.041084426595811525,0.13055780428166566,0.04447805567021298,0.014058533911296682
0.08607536781957403,0.12175375272890547,0.07615022714958654,0.09810917982581799,0.10987143455683848,0.13235163789137172,0.04559528122260297,0.12573891334285925,0.11256092097682473,0.09179328448561888
0.002263078845515603,0.06479541326255776,0.19680570589295426,0.12192660274856494,0.12182049365127541,0.06533072910903395,0.1793636238580726,0.021609663199976165,0.19201269281349356,0.034071996618555644
0.13870474893384613,0.0004068127757270112,0.13733617923620312,0.19179772465430492,0.011586773915293015,0.18636885890114538,0.05354181160402949,0.16447743921205987,0.011670554482275698,0.10410909628511553
0.1992614335487944,0.21260222546492674,0.10813707359361412,0.13428767217884086,0.08767640002086592,0.010633022302488637,0.038192925858801796,0.07596880201635414,0.039285969240832476,0.09395447577448074
0.14552068287727477,0.03902545169722024,0.021688725627162172,0.11000971995440396,0.12855604456558287,0.20297100633472417,0.008739387066526154,0.09128521727262291,0.24515644240458628,0.007047322199896413
0.09931037784014751,0.11225338615885098,0.09678978806005177,0.028766722917358052,0.1684557376790269,0.16892514260264543,0.20326617161912786,0.07935123406063893,0.021755892033628182,0.02112554702852433
0.041060293334239946,0.09705644780724258,0.022615540802255998,0.19176111235969387,0.0015800181252142895,0.09369556305866192,0.11891210199513486,0.13492279598649193,0.27646511657064154,0.02193100996042304
0.0950688095362932,0.07816314237249707,0.12825145089425843,0.13491235649672972,0.1369080242018454,0.0240977276042326,0.1319181840097554,0.08234285757144057,0.06746489814407299,0.1208725491688747
0.15469066640164317,0.00924345959547531,0.1903096789134205,0.0026999317295869603,0.17020427720003947,0.04076063233465138,0.2000445402962672,0.11468760260725934,0.013264260544153446,0.1040949503775035
0.07121763523004107,0.1717664451688757,0.08625858097490371,0.04492262938808404,0.1645758106947263,0.07417227580577399,0.10458586813630266,0.09122070819341119,0.033794228696363705,0.15748581771151748
0.07787906477506165,0.09745845700392647,0.1433322181839165,0.06079104768114018,0.093958216492092,0.10111469854163115,0.15352357738184944,0.08760113861526572,0.028229309461056135,0.15611227186406065
0.16541006893154145,0.0328470382476543,0.06942551192445959,0.14821810523773235,0.0639973126502084,0.13610088940821688,0.08059282852986198,0.07575819968315271,0.10802950776239559,0.11962053762477662
0.022975438456051475,0.05744485211453127,0.15317073695181585,0.006702140672256738,0.0660277981699912,0.13853832736950877,0.15169402982556993,0.15304196662450315,0.12223144164970295,0.12817326816606872
0.12308374572593783,0.011391865732112802,0.04512636848800721,0.08176507474129723,0.1382720712555258,0.1525152510489235,0.15056921038035923,0.12307556729869046,0.16072009244005583,0.013480752889089963
0.18768652730658886,0.0432565143480278,0.20230668166881105,0.12666614617324026,0.051081115238032083,0.03728889339144625,0.10829029248569508,0.13163076272596186,0.09766050149427767,0.014132565167919045
0.07182710734409088,0.004194252613890391,0.20926960135361974,0.19101486015812533,0.09583272495526902,0.006181342476054255,0.1412059520414086,0.1594457616444715,0.1180223572856052,0.003006040127465257
0.07593549972526807,0.13100362324482934,0.06890616726368994,0.1074781770886509,0.06159854301563037,0.14294581925673094,0.03058679492623792,0.179104434498353,0.031240327849974003,0.17120061313063548
0.01611305651350944,0.052376075296171345,0.13967248743506053,0.14458105781948313,0.12270357890999506,0.1762548413872337,0.09832889557581699,0.19810627541410103,0.020408267212889613,0.03145546443573906
0.15186701962226234,0.1655463269419435,0.08003487290951235,0.17754093236116258,0.13139221934775688,0.030387665273545503,0.04241993774856635,0.008176837130090599,0.11097985226299051,0.1016543364021694
0.09395599276632577,0.06689167926376871,0.07895546192365023,0.05499196026567338,0.1734886428774927,0.08725725616052778,0.14673685375604073,0.08816024933590719,0.09897130029083388,0.1105906033597797
0.11635201192856266,0.027376810997565375,0.11646526711556673,0.06406330293773377,0.14669312409831828,0.05459125593472166,0.17349315576212138,0.1673579356511317,0.07630336236157628,0.057303773212702185
0.15443084292050913,0.1724930374885537,0.1380570363125573,0.007800272426712323,0.12801221666653168,0.07684516709560822,0.060797458242729537,0.04967928952301505,0.1366799655264881,0.07520471379729488
0.13084341640636893,0.14246880959971994,0.12409270920389152,0.14210067942588755,0.10250349466848059,0.10872793784294332,0.06046081569208459,0.037418189302465855,0.07006520417789057,0.08131874368026708
0.013899310901122812,0.1601725612099021,0.01542073634908974,0.22429333481921998,0.10015476234638925,0.03372712826973069,0.0540014771165275,0.18920554155187483,0.03807448155005689,0.17105066588608622
0.03070161288955303,0.12573925899774768,0.1409084398261708,0.04224712830981875,0.03931306796856235,0.10914700380060455,0.14965219987671374,0.15864526381000207,0.017558578746743922,0.18608744577408312
0.15247718888868944,0.10548992888732289,0.061013518825611214,0.08100096878348385,0.11543585921878304,0.11030146894316992,0.04516996762135047,0.12423604441399477,0.11607270659063391,0.08880234782696055
0.18552136161750862,0.13701937147938525,0.02305233496647968,0.16832443390903648,0.10504817714165078,0.1121368596463373,0.015841475336420746,0.10521784808860579,0.08780615824248383,0.06003197957209175
0.06053135364788412,0.08234332439329488,0.14642482457492323,0.04651274410618852,0.19581991438645674,0.21874364828653184,0.12409491430890647,0.04005434814173128,0.07049649907358731,0.014978429080495482
0.0956734994978054,0.1343452045563497,0.13596303067654583,0.11000513452120751,0.17877321002483823,0.1743778126969738,0.1271756254133847,0.012197294124384259,0.0034862604434504683,0.02800292804505999
0.2158958221850037,0.14835629551208612,0.14890831224718182,0.034135926345466694,0.05089778380905195,0.010421814327006809,0.06538704515827058,0.1694688966450207,0.07602822978955426,0.08049987398135729
0.1501264407491184,0.02833638914048219,0.06552858141756025,0.12359928262612775,0.07193768179444622,0.1059330275021068,0.11979213796453153,0.10201764228106083,0.10234802636785782,0.13038079015670828
0.0535800929222558,0.11974565887052488,0.14602015031739848,0.011271985411931156,0.061654131921497254,0.1099173230267092,0.06253883771260114,0.14197338485353428,0.17473217773737984,0.11856625722616802
0.17781992626344917,0.16398732561848353,0.06154221461045284,0.08160794034203384,0.11110615902503497,0.06304772604921334,0.0494486497414651,0.18216748329858498,0.014343514546330633,0.09492906050495162
0.03531251288253085,0.006410620594016447,0.15583238214069317,0.202602874651893,0.10923107655877201,0.1261657248931629,0.10068818182683213,0.14547242853151662,0.061872044500232516,0.0564121534203503
0.089811663348243,0.09897021097089358,0.08392650486723945,0.04844386367995148,0.025374825808804118,0.17611612742341864,0.1693133554149707,0.08748278454414748,0.16799030714489419,0.052570356797437406
0.06054080014981764,0.0810373253229338,0.025892041872155852,0.17617498290711603,0.04961105147764401,0.1270733478993183,0.09612699050819995,0.04148988188985765,0.1640542037989901,0.1779993741739666
0.10476741568461459,0.12213753557184001,0.16764781985356855,0.03224704668405708,0.09581773177106039,0.038150187544561204,0.155675428027845,0.15747328231267696,0.018124378206607,0.10795917434316915
0.1950906547697816,0.044255610874717126,0.18015011727445326,0.005220266211066861,0.03809251993641329,0.04930293453340033,0.15017734714273304,0.10197562467198003,0.17395833933938817,0.061776585246066336
0.08060697890901491,0.04748117610362635,0.11482553475051767,0.15595203492653367,0.09415204365621446,0.04567341754290274,0.14658086373686036,0.10731740825646252,0.06271070371317936,0.14469983840468786
0.0495062938121211,0.21097886695623308,0.0821602783087762,0.15396883322804525,0.038565865117942036,0.0930841100553233,0.03490209713189604,0.1065081295925977,0.1789749681434055,0.0513505576536598
0.12310995217855586,0.0936558213128527,0.16485654632146257,0.09859218283812395,0.0007531171733173873,0.15808383084099273,0.03812483934942568,0.058175262200715554,0.172530429219211,0.09211801856534259
0.03706967271986183,0.0006346747901305148,0.21895909647755335,0.06385161863545778,0.2591752990422996,0.081212420123267,0.018928528396078857,0.17009946445774085,0.008263899763179237,0.14180532559443096
0.011617169518525917,0.0056525692702258604,0.15511788487831582,0.01617190203417098,0.12687724578868445,0.06004889782371371,0.17544890921840262,0.18056935972643737,0.10847392148350411,0.1600221402580192
0.15801984645589165,0.006082178518124594,0.013690759617374874,0.0011772084706431795,0.15506209068712853,0.15933075240751274,0.14807904559381363,0.12164073711318667,0.12445241264828372,0.11246496848804058
0.17967251443842389,0.05124753755354397,0.0440004926040818,0.18315915049102086,0.05399205036429516,0.17242330584812515,0.03625349581400779,0.17666553870491628,0.09056148616122386,0.012024428020361078
0.023938426937427263,0.08939445495306744,0.07025569684523407,0.2293283237075527,0.18615155419276722,0.13814563826480047,0.017738228360626163,0.029606513508808836,0.050798171330806434,0.16464299189890955
0.06431453751994867,0.13823892251166048,0.18607068762969975,0.17338480118198163,0.059102693059405235,0.02378658388127556,0.02978231240429709,0.16822312607143522,0.02376443321194969,0.13333190252834662
0.034646408562520103,0.08553790242067845,0.2163135640888577,0.08647678920171573,0.08496840587060868,0.17719990934113725,0.1190625119840584,0.01526361338321752,0.17024471121043191,0.01028618393677438
0.0857248194112683,0.17636837169710168,0.07250464763190428,0.06398900548522879,0.10018031738419092,0.02900061898259076,0.15166521694308907,0.039343780236111965,0.15755009916113427,0.12367312306738
0.10762490533716172,0.11518700755703115,0.0334106225507597,0.004803844264503278,0.1341196513431919,0.06680809259531897,0.1507926153357419,0.1347798896667995,0.11415554908668188,0.13831782226281003
0.09638869340619469,0.032974970094903036,0.09304252985999192,0.07739028934371105,0.08249300190214261,0.1296549413168808,0.1850182379717138,0.049137774713727655,0.08207389941789664,0.17182566197283797
0.1263462779318944,0.01285356484742189,0.011944791166729437,0.15755260577969055,0.06937288403694215,0.05238468327361384,0.23124964004597087,0.13264875000469975,0.030655295045394333,0.17499150786764278
0.107549312054824,0.15967508771687866,0.09871916081675354,0.04285739983594371,0.16321271139996088,0.02356105358683257,0.13249730003743893,0.09732030468445506,0.0323215401200141,0.14228612974689847
0.13487053792024517,0.11317012340362047,0.11333498807801266,0.07475948462251492,0.16830556758342866,0.08241845208309206,0.1354645728772472,0.02064431005025086,0.1300020775931176,0.02702988578847052
0.11387654147812781,0.07828845009812285,0.14629546455549797,0.06340797117691108,0.15948605688995554,0.030058454368039205,0.07802551562085462,0.13215432650239334,0.12037002305699945,0.07803719625309824
0.012248022966501074,0.20730264964935557,0.12234367526617275,0.15937405983206052,0.006768112373314584,0.09849865425711643,0.033405579091375086,0.22401157318941664,0.014453298334556127,0.12159437504013125
0.1994082451404903,0.06860614482660785,0.08212167696342805,0.06603742850210789,0.07786042561651167,0.0383049827147891,0.14334358144755813,0.02001766034986562,0.18848431638868518,0.11581553804995631
0.056382756391811784,0.16406951114552465,0.03870052045904164,0.10161599152687063,0.17154868890544814,0.11392420853067037,0.014631489060520803,0.0375765034050077,0.1742230452371081,0.12732728533799614
0.07397422616138265,0.18363306679715008,0.1168987331916631,0.13657798873579763,0.05911432973618873,0.09753252444302882,0.0644770333224967,0.14058644746755392,0.012176460296902917,0.11502918984783533
0.15385295145745598,0.19147357997515466,0.12877500774914857,0.06927055136830162,0.056726120001867525,0.024149219483490737,0.15207085111504487,0.1323722418715212,0.09108750099510475,0.00022197598290996643
0.1082265959532353,0.1031004792507356,0.03064195830987832,0.002644459175695532,0.18530560845697977,0.07280375861874039,0.1451583167836272,0.07465759678162702,0.20337675254825927,0.07408447412122167
0.1365852288184483,0.14591058506129245,0.040534297723038744,0.08030589188086551,0.10766998456953408,0.1586968013935086,0.1284299028756727,0.08058262402244623,0.00711278191072657,0.11417190174446684
0.285623635019471,0.03768572843345834,0.1308216513232964,0.008049280129599233,0.051299389298342005,0.08558648618563945,0.1441232527870363,0.09986251850321114,0.0458888028473017,0.11105925547264432
0.19035820324499914,0.19171272326552047,0.017252296474494236,0.11551715045662492,0.019171136601006316,0.15631061108992214,0.03102966997370955,0.09431468348282217,0.16059487647380719,0.023738648937093845
0.054617766013218876,0.1085022355860396,0.0846789228317109,0.12229801501100468,0.01587398182332324,0.09358187984524324,0.2576804499054071,0.04657122980865731,0.1072528001918966,0.10894271898349843
0.08910566997010351,0.10715582405590404,0.0679323607773685,0.1291608838287041,0.020621413432272234,0.08217525277572246,0.14040754879462958,0.13578905096091667,0.11395537368241496,0.11369662172196408
0.12417226697727868,0.1896107389698158,0.13160049388469294,0.05074542091654185,0.017441026019381207,0.050869628843358654,0.03054342624272074,0.2022292018437013,0.18162587346417136,0.021161922838337306
0.21566923905639152,0.08609979587709836,0.24110537418053968,0.061935110957513514,0.10293194475345178,0.04076162693026978,0.05838953271767839,0.03025982274547732,0.09191348762689198,0.07093406515468768
0.1326572420150295,0.03915713662918724,0.1804920160522251,0.14264768854480558,0.0709130438858952,0.0064232469366426095,0.13493465042610744,0.09268912838631628,0.059551797830144575,0.14053404929364643
0.18293350425890453,0.08945550787133463,0.02238808241643454,0.04743939433471778,0.1585851409015599,0.1034537620493108,0.03877962690118327,0.04692260976498111,0.20764012563634215,0.10240224586523126
0.08862796637336613,0.07598269898793096,0.17978405546831844,0.05745560902379406,0.09727557064805092,0.13861228208944382,0.04683355062426708,0.04478538055614053,0.1155173320628454,0.1551255541658427
0.0013022025677293795,0.03208205575903653,0.20518227589870758,0.06333490824995004,0.10663868997071689,0.07105465775038133,0.0919896359417207,0.191013170188472,0.043901990614396126,0.19350041305888938
0.1701769348727353,0.015459265220394229,0.0368383526236443,0.09193669990854857,0.04728974264801891,0.0343775251188072,0.175765685552569,0.137469164043229,0.17922045446996093,0.1114661755420926
0.1803131471765177,0.0664990510729181,0.007639035513704606,0.16509054078411792,0.11581881061115767,0.04136742209753973,0.09958440218006101,0.15733998975891947,0.061861285930259385,0.10448631487480439
0.05525799656996616,0.21155235078883847,0.044350677908905255,0.09327225503615567,0.1335159425309294,0.05384983635188266,0.0380493633936048,0.08937049006510697,0.05667442425533973,0.22410666309927094
0.005683039635113093,0.15264995489883362,0.1025113638334728,0.06284889093875141,0.18849518444391988,0.1489843667634175,0.0012571045115181037,0.21992200442071846,0.0005417052377129171,0.1171063853165422
0.10421200443343819,0.11302612239914776,0.1447076006071798,0.17885197798238728,0.026577594041774535,0.11932859803557813,0.16512686383091862,0.06548491531355742,0.0777120121519191,0.004972311204099045
0.17245086641175975,0.019469176564296423,0.07183862249342914,0.0037267029922451456,0.16634237856735995,0.14891838086280487,0.1305591426582946,0.11552900879943095,0.09921105169467986,0.07195466895569928
0.04059637735628428,0.0896923502251608,0.13727681934837382,0.10165256374833406,0.11900348607034526,0.08632008621918487,0.12288331200470237,0.08401169815884842,0.13123932462254354,0.0873239822462225
0.20773393098976653,0.056144669717172364,0.10579716712827233,0.06944084653331173,0.20407799411769592,0.020613791240072055,0.055571300336037716,0.002558576056393821,0.17618859404954562,0.10187312983173197
0.12103534293959016,0.11667543096778363,0.05930427244715039,0.07806048376088157,0.12529800198847196,0.05254137307678646,0.16114253593607264,0.16021967147859012,0.10613234685853414,0.019590540546138843
0.07358242931249125,0.10881003460669283,0.11290448886420655,0.11860976019564251,0.125011540311882,0.020693911524468363,0.10493779843776527,0.09757761522226353,0.10496719480446272,0.13290522672012497
0.07621665545502258,0.14026287062462822,0.10366213014149457,0.13770885757826107,0.12298687256270702,0.04798229415615145,0.029667984321955887,0.06688972988119783,0.10332249723982069,0.17130010803876075
0.11041217648743291,0.017268373924504744,0.1675431423692685,0.17311023808929707,0.1068232990069537,0.11547222612882128,0.0021956156741857395,0.2085314452859414,0.07730448546832401,0.021338997565270645
0.07784461865353766,0.050139136211924944,0.1593227939984532,0.05961483072294935,0.1541839085232467,0.1591099633370346,0.07310712254182462,0.1619412590155355,0.01823490637278777,0.0865014606227056
0.028095812422079442,0.06906768900822534,0.1660712476557685,0.0011192133852776591,0.1688413698060668,0.16073652073739755,0.08305411788989142,0.07311545964951005,0.09456129965339645,0.15533726979238682
0.07734352816095778,0.18117673606932028,0.08477458859340598,0.13856191545860017,0.10716042983236294,0.06795497911830879,0.10375136833915978,0.15074283968146004,0.028017333871819834,0.060516280874604235
0.1611823713935592,0.09497309338552411,0.19728481897424566,0.07077713562379878,0.04303752877235886,0.04023014709096225,0.07770720040941496,0.1880016763974507,0.11892054912613971,0.007885478826545844
0.15618123979554538,0.10355534288330658,0.00824671501063191,0.08278580039337116,0.0973247632595704,0.05051132052979256,0.06077155584093221,0.17756444838577845,0.1178379938165736,0.14522082008449774
0.07118605308862179,0.09064170243787673,0.15535548782735278,0.14824895628407264,0.03701957583564369,0.15354477065614203,0.1308104863271238,0.052706813304755934,0.052403110425529496,0.10808304381288106
0.015093325702643703,0.10958000595770163,0.0751252428322689,0.07519714185870989,0.16870202132981144,0.0784650890901362,0.13698479062979432,0.01244719179856499,0.061050926933014046,0.26735426386735495
0.06820695212532224,0.01664787896185515,0.10834379565715532,0.011378040345429729,0.16885092435416177,0.07830245217145451,0.09289659111139162,0.1114235918995366,0.19845073884945097,0.14549903452424207
0.0044556976865142576,0.1402905027854486,0.04445615927634948,0.17232566798999185,0.20937224834264143,0.011558527318488375,0.004314701763764516,0.0902166787597333,0.1960804757189065,0.12692934035816156
0.17613901438582621,0.05609140883691189,0.0914837565119817,0.07100491146501105,0.11027911877120908,0.07564096855565575,0.11555570013723011,0.06701821811311573,0.13855704175681513,0.09822986146624323
0.063345390615361,0.12413925216340249,0.13901118181636726,0.09218812455452143,0.1401386345655916,0.1096147690067298,0.045042114492663515,0.03126925142854695,0.07134431302610511,0.1839069683307109
0.07275190666863535,0.18167126003311818,0.15596534082470367,0.06122785671132483,0.04861730233097082,0.059763992930855867,0.11884206922257903,0.11035053462223533,0.03443626794295096,0.15637346871262586
0.07797469604741691,0.12460474109047599,0.1707878136250406,0.1300196324604789,0.04104050570842206,0.012684557039050444,0.17056815970772451,0.026465758401083672,0.10433132334096074,0.14152281257934604
0.07551193823315,0.18582842128110139,0.08535032682752974,0.09150848261130137,0.038996789925220536,0.15577356544751622,0.19623882742380308,0.04526293338851717,0.07883319727047497,0.0466955175913854
0.20611763557081797,0.035113776003623004,0.16212542874620173,0.016298156573509113,0.0680440430833065,0.0466395282418836,0.05271325411418469,0.19305885287798766,0.16166636829170408,0.05822295649678178
0.06369254586231073,0.011710022592348204,0.12135137286623605,0.0468535122873909,0.09525209242963245,0.1327586744312329,0.015874312373237165,0.17105127089506214,0.18608899709367985,0.1553671991688697
0.023918615235099045,0.08081828051154216,0.10011390336385573,0.1174415835562331,0.18005742599198968,0.15824947419511107,0.18720926679171268,0.08934904865318126,0.017585262004963683,0.04525713969631156
0.16754178666028852,0.10979711082846141,0.12547232545778383,0.08320326804800902,0.10168445274844069,0.07078219664106408,0.08490675917058815,0.04944583063608136,0.1502803911203764,0.05688587868890652
0.06460048604409435,0.14810415003814628,0.13397416064757361,0.04716201954407899,0.1665306439278216,0.060508776408913625,0.1363675194686836,0.0613919261388121,0.06098071735376687,0.12037960042810897
0.12746133770603024,0.1570954718956374,0.04107247077154194,0.08786409866316545,0.12191881607527633,0.092124869741457,0.08514089279927589,0.04932199779938315,0.12970058707960044,0.10829945746863225
0.19811368014548406,0.011144312482428467,0.07599131720314634,0.022691020298174477,0.027478503932744196,0.02871994654814721,0.08262029794805648,0.12347963001564446,0.30464133540603233,0.12511995602014206
0.13703537069066518,0.07213196902914383,0.09961276795726602,0.1619196241968301,0.04591477980728746,0.07387509708458138,0.06965673432235998,0.14317446741206385,0.10318125384051163,0.09349793565929054
0.08407644458126871,0.04286489256865803,0.05057078778758975,0.15534631369920945,0.16543193260802094,0.2141981712952435,0.15563865414040298,0.06582587473854967,0.0027035220317881297,0.06334340654926904
0.14903341952956609,0.13372691730683636,0.026579675122533737,0.09531640877970676,0.05856782873478433,0.056628831377757975,0.1621467789787723,0.15796125621232956,0.15346880271223112,0.00657008124548181
0.03927396524320528,0.015729814794537767,0.1330513102006255,0.09094152592099881,0.05285358733186374,0.11461203359046963,0.10362827395914254,0.13358084826361988,0.12543827440765692,0.19089036628787995
0.16509319962347133,0.031106818735296107,0.16706076812390763,0.13097571780414333,0.03312272625096235,0.08259399027364987,0.03992451819709536,0.09563699346114736,0.05726393634228311,0.1972213311880435
0.11064027629239392,0.10538474014248649,0.07930866466121406,0.0695429690487832,0.10850450825787855,0.03507308071305564,0.12329869200829845,0.12691219105495188,0.13486941929587534,0.10646545852506263
0.07347955505796291,0.058410532999619534,0.14774316432137213,0.04692441736053469,0.0686449594135621,0.11076565834712805,0.05550052813189284,0.15237273971132057,0.18966232530069907,0.09649611935590806
0.036001737470812985,0.08459126041251554,0.1231929870579319,0.026615988160641108,0.038702270311103265,0.14557522788366983,0.11778544029831674,0.16443036754280918,0.13758133508344958,0.12552338577874989
0.1317928059142034,0.0185409116637219,0.10874467653528652,0.14211803381516705,0.18330991075310168,0.024702935869093483,0.03477791444922583,0.20027360050157947,0.06435051239032193,0.09138869810829867
0.13536166487192805,0.027763472764708336,0.15644427966438731,0.07787613167682525,0.12152652916534114,0.14977522826277348,0.057645075465509385,0.10878921245373886,0.0032929436151358273,0.16152546205965235
0.03147562105628602,0.01199356365169948,0.08377594281190359,0.019230007234384627,0.14035314097388576,0.15269441540153586,0.15610020106512024,0.15418554740394333,0.08982040795580097,0.16037115244544015
0.007678725785362373,0.0944715661193614,0.14975599200457115,0.05332386461494602,0.1535033965930656,0.145910465771737,0.19745293884706758,0.060409468020291616,0.05990246201694882,0.07759112022664846
0.082493909804861,0.08909948722011714,0.12778336397111612,0.05700388796320021,0.06345043358892627,0.1782824454563586,0.04280076916143367,0.16428425951739667,0.03104726714394342,0.1637541761726468
0.1413972271522035,0.027317946827715576,0.06171600242642102,0.10866675888472357,0.12152293351658099,0.02824141979766811,0.10317497710252493,0.15747256537844742,0.13818874690706656,0.1123014220066485
0.04407499336392545,0.10032318934819215,0.10203639714117448,0.15513914787136923,0.11119470737730738,0.12488859969831104,0.07365643839086936,0.123529291253914,0.0853536564547114,0.07980357910022541
0.16191493092048123,0.1699550005409703,0.020039651384678923,0.08689847761201669,0.12433463418814814,0.08839176235329704,0.15460583963117192,0.03487461669454505,0.10219568489170378,0.05678940178298701
0.02560155547390578,0.19188347764255706,0.029042274336854156,0.16431653885384273,0.14903741464685405,0.07301673949159847,0.09726265990843834,0.12585616455886364,0.06500300264737244,0.07898017243971323
0.10364413441054916,0.05696035283786524,0.026408345120143437,0.06466130624547682,0.12146174353430894,0.18489396253714083,0.15832726539558867,0.1399125963403251,0.02455421843364981,0.11917607514495203
