i = 0,i = 1,i = 2,i = 3,i = 4,i = 5,i = 6,i = 7,i = 8,i = 9
0.08311841949976205,0.12245153082834585,0.08606676987271061,0.10322866984667292,0.12409833829596846,0.12248972741153027,0.014359750664230021,0.05527086101524404,0.1350954101131369,0.1538205224523989
0.16276840118531602,0.14838293588912768,0.025718476092929102,0.09503525318988781,0.10198549520598729,0.0028311819922922678,0.07701780789074607,0.05986812045879672,0.14046649788442236,0.1859258302104947
0.08088838905840685,0.12078126702393219,0.10491077814863249,0.22460124587621952,0.057649202270002795,0.05376805238940437,0.18627533365595747,0.03369421123471415,0.08847928538513077,0.048952234957599344
0.038806715529126165,0.18931117000553893,0.16108945952521195,0.1663050028519406,0.027956164111067095,0.15665163797806314,0.14679710491482123,0.03294743078471337,0.006070076181486348,0.07406523811803115
0.09518784693136852,0.08386599351261266,0.1814330526413324,0.054528173122311625,0.011334416998212062,0.14871060875958708,0.14649320723685522,0.03637224191934532,0.1400353851609596,0.10203907371741562
0.15372277498822126,0.17208353024204218,0.004816444544446617,0.052435151103863535,0.1827254132020333,0.07431654649363788,0.12244751495594051,0.05410102282795399,0.031963796845113614,0.15138780479674707
0.09308765619182184,0.06015851959168494,0.13304837474160056,0.06529836803673311,0.15334973004853023,0.12411767734221862,0.05334131824346958,0.07582376221499956,0.17840135955514214,0.06337323403379941
0.053591959033053235,0.11283850767899276,0.09791687037848172,0.055977780165310506,0.14563383432506774,0.006009800123994344,0.11569034788380182,0.15538072732638034,0.14648561368404542,0.11047455940087228
0.12784219900572136,0.06517844266714157,0.025790090976605864,0.15971532046187836,0.1524203270776026,0.09831234036736615,0.06566019250438175,0.15316785713415693,0.15103717733881378,0.0008760524663315541
0.14431630725331632,0.06791003835055667,0.15778672732356983,0.20151024506922552,0.009706625185726061,0.15652183494436475,0.060120513424511614,0.09170897376106259,0.06430275878639591,0.04611597590127078
0.16136081205830824,0.05045301222434758,0.07681271161397399,0.004169983195265394,0.09441769297708584,0.0884067348632749,0.11986391376864501,0.09084238612420546,0.14951075146655937,0.16416200170833412
0.021040671926592935,0.049819012379424106,0.18188185794313788,0.1048586514785483,0.17432419497964252,0.13214319266104588,0.08138155510872247,0.032661625179781495,0.10759282338293484,0.11429641496016964
0.04696347829095154,0.08779080757591905,0.03569672684652073,0.10197017266484963,0.1696204373034088,0.024379796311540657,0.14308287559878882,0.19557516434181066,0.13044312582417456,0.06447741524203551
0.09920196921532638,0.05552527723923054,0.14631692536211988,0.11922683885885314,0.1616925519055235,0.017812493756267363,0.13186651195313093,0.12971999775935772,0.07961066740697387,0.059026766543216744
0.1636398616217291,0.07577916238235233,0.14704764967228942,0.0867044315217991,0.16056910174848232,0.09650341558057288,0.03113638456516737,0.14798183329454748,0.024870107411203823,0.06576805220185596
0.0401956411684442,0.04079962905721161,0.08886635461519327,0.1256025158410512,0.04646236999181075,0.16048932794636597,0.1546031752590537,0.14555804247137658,0.16636705557363674,0.031055888075856054
0.12746753621709536,0.04804356158074264,0.0027093830212512743,0.17340729081010017,0.20072290301361653,0.02427784165372876,0.14066997848891727,0.10087291103343857,0.1020652495115111,0.0797633446695984
0.22110605461938773,0.06914312985518421,0.1425675015162244,0.1345080174769499,0.15473834513429968,0.0938954676073946,0.02836510409386706,0.035222260462519576,0.11015841621570616,0.010295703018466657
0.039455461916145705,0.08679098972080955,0.22471203066293147,0.07580019073177792,0.10920809737188339,0.17873875772716188,0.04239068069294757,0.05961788276527842,0.10057450448378935,0.08271140392727473
0.06417346071141473,0.12642511912948742,0.07856630537322075,0.12122647490953338,0.04824497185917423,0.03988424960085221,0.15522911412119603,0.12544416343504605,0.10644489102022045,0.13436124983985465
0.04182733073813472,0.0011050696340491203,0.026810153126290717,0.05090453194078116,0.21478413199423582,0.05278752503474089,0.19668497568994564,0.22648546447631926,0.1527688176996162,0.03584199966588648
0.13787128822480085,0.12447410653115992,0.15164832469829376,0.05864568052971081,0.08618147723509177,0.047510527956692014,0.1323113118493603,0.07149949766876394,0.0612514990648967,0.12860628624122983
0.040031561471011216,0.05434956457414132,0.0032828962244129635,0.01412261703259514,0.11148917786175287,0.18144333630688067,0.11819352921977375,0.1911323036249136,0.11047935593572714,0.17547565774879145
0.14060064287400859,0.046379504138560436,0.11872810604979017,0.08385147212564012,0.0815103432641807,0.02727613336213799,0.1527331646972316,0.15191113316239058,0.1775332592471007,0.019476241078959153
0.04262696138170255,0.09645785243398214,0.2462176268480557,0.02895315095524632,0.18261337780969947,0.01739643402412095,0.08368890602537458,0.21421145741225847,0.06930213928351041,0.018532093826049305
0.10204792537204868,0.10693276497828805,0.12977051805431764,0.03678659063492906,0.1640791200242378,0.1395447271684852,0.13655412950183304,0.060034697110514346,0.10939599568104742,0.014853531474298801
0.11436152438814891,0.12998089609422808,0.22983263867905548,0.009216664119842349,0.2082756728026327,0.1509475237722466,0.013526440911947473,0.06440807877199721,0.0026406969142354405,0.07680986354566582
0.08777877096478057,0.15342926504272866,0.1176091587021271,0.05342921793468666,0.07650750550070926,0.09069687578138268,0.13956265527988884,0.07865459441140767,0.07141553841630521,0.13091641796598324
0.1099681395153825,0.0377437221699486,0.12630891969359243,0.1669573580078846,0.03637586858073639,0.1761796987765986,0.10972668758453541,0.04632466025894035,0.08472683780658725,0.10568810760579386
0.16129714878174276,0.1022597157245918,0.15691531654964772,0.04882515319676205,0.0026746420983890713,0.08739463291384439,0.00826448119925579,0.11260902486277644,0.1647731865547249,0.1549866981182651
0.07233616528942072,0.046227396686795263,0.01666181131751082,0.11654530676652541,0.16207934547255037,0.2743133816445179,0.020791171141729636,0.07773270031792581,0.16886519721873408,0.04444752414429
0.03158072130499116,0.022921725846924867,0.06800829615211453,0.10481375379576116,0.18492535574506652,0.11561741978087628,0.07003228088448747,0.154302327943701,0.05801148281813553,0.1897866357279416
0.13026125742419886,0.13985619980687478,0.010652388963601352,0.024620264332481295,0.14097300174025293,0.1072206061345373,0.04115679178664299,0.14319272622296447,0.11709863576017446,0.14496812782827162
0.11900880628824521,0.10500032848240723,0.1262395140775472,0.005378161931230869,0.1337896999923528,0.10901796105596658,0.10848842787188288,0.1339464805324863,0.11441329623759358,0.04471732353028752
0.028056990516177712,0.1254833707926345,0.16093162044890508,0.0061142852381306165,0.14667879637709266,0.13732160757997175,0.056780408911289604,0.013961763582191205,0.14519347043526665,0.17947768611834014
0.1386191917742438,0.028318166064784014,0.0775087696751911,0.195560187678574,0.04307121014471259,0.062099119404926774,0.006367808291253786,0.11731444993108762,0.16967264445009536,0.16146845258513093
0.03302863651550761,0.07991466167123933,0.0976003490622646,0.12159957303643512,0.001947860005339298,0.05768893623435695,0.0993758068960558,0.17070436696267777,0.1682905264045949,0.16984928321152867
0.12720201834222333,0.13388290868763297,0.09527586606337206,0.09507871539930957,0.10246317334436778,0.15767101668700556,0.15974867810523533,0.06419937496700326,0.027451162144639517,0.03702708625921074
0.14979859467445086,0.11256836547559028,0.14307808079135736,0.04363652207018786,0.008174018594015852,0.0956203354561165,0.06745009357024999,0.13586211491854305,0.1606674914460609,0.08314438300342734
0.0816918608478692,0.01761063892431093,0.014824409016570329,0.04474599758764376,0.18227862262273906,0.27591310789290135,0.04079026707123114,0.04059392083290782,0.05192229004357266,0.24962888516025372
0.16513176532298648,0.12078283232739112,0.0964348484069027,0.14618005530145292,0.03842319894007241,0.06443497868811562,0.14336594115628057,0.12944040538743412,0.005658849555676604,0.09014712491368747
0.031553566803827295,0.12439067876314801,0.08853759439074656,0.12724551288116356,0.11246218866809934,0.0885965903575461,0.1716879030269409,0.0770052601405922,0.15336723368095187,0.025153471286984135
0.15312581341019224,0.02605958905748962,0.03826368836499554,0.1387757015482999,0.05501090328520877,0.14057047676368178,0.14024522675845405,0.06702874741993664,0.10801225107299778,0.13290760231874368
0.01924229159941165,0.12559974813870511,0.1008678853496934,0.1442281864375452,0.12730246540529153,0.14523298927875417,0.1454555897001574,0.14146047407540197,0.039178976958593285,0.011431393056446405
0.11115830808456661,0.1243025216394275,0.09631108722088129,0.023716988240031444,0.01964289199866019,0.1177825036945558,0.033082648676954096,0.15957554689656048,0.16507795868366734,0.14934954486469534
0.0345387228238593,0.1335724224536654,0.11342299717083244,0.1003056178295451,0.1530255019965885,0.026973757847211125,0.15921315229620342,0.03556975173067039,0.1084342839129328,0.13494379193849154
0.13289504217280512,0.11336217060802072,0.11698965655161202,0.04692484921872521,0.1031380575665275,0.12718050099221723,0.07911632010179424,0.07379419404015826,0.11707953945790499,0.0895196692902347
0.10309451360462978,0.10201919063884816,0.13218861078286862,0.0969409464118605,0.12933756573315405,0.03190550919764346,0.07332569239536747,0.08575782319542774,0.12178373784759312,0.12364641019260698
0.14153602691696734,0.022060965016483764,0.1367935319989343,0.03565453585675238,0.09855104078860541,0.11560799590668934,0.09162707965599227,0.14599628288948868,0.10378099440664589,0.1083915465634408
0.1400773623763092,0.10701954686379088,0.048166142108797286,0.15349400913011857,0.11191246414130267,0.11589984500660007,0.0046025386387658586,0.029903376557999427,0.14846310794182166,0.14046160723449438
0.1327091470658558,0.0028336926428600864,0.17957624859760085,0.1790344306383852,0.01685586297624806,0.05526217005019866,0.09076165186396168,0.07313955068221781,0.1667814543636897,0.10304579111898204
0.15938471494319775,0.047161722800815646,0.11760044595143165,0.10056895960136913,0.09651526858264636,0.11764894624802674,0.018924701472805113,0.1509950762799734,0.07207137216388197,0.11912879195585224
0.01832220575324753,0.07437379857223686,0.15517433616190182,0.009834648306415658,0.1412322808703418,0.0030122308860451867,0.14313759422611433,0.2080736095815886,0.06037812525100553,0.18646117039110263
0.12727548835406308,0.09985649214662409,0.12899834566613202,0.08912433948287186,0.07155583748418402,0.0672218527333857,0.12692128979606515,0.12751245267230696,0.11734861106440093,0.04418529059996617
0.017836320897029904,0.13791710388701978,0.09410064027013818,0.09672013261711843,0.11146586599364791,0.09353956156092173,0.14749215725180254,0.12982335910978193,0.02217901336121121,0.14892584505132847
0.1967879712752923,0.03518329014534673,0.08764858760951372,0.009131468257189872,0.12738717280201545,0.1840399945341731,0.09876538779192959,0.025792585377683024,0.12241557084698515,0.11284797135987107
0.06197799820328664,0.19324067472526665,0.020051409073285797,0.18507953959865078,0.117291140129804,0.11238678958955568,0.12138066774048292,0.1318351446324714,0.01254587103466728,0.04421076527252889
0.14939499259414096,0.08901069382689754,0.0672020292689533,0.05337411779362814,0.12437255595001946,0.043365185869627614,0.1548721570012705,0.1513546328700482,0.05725489162783866,0.10979874319757571
0.031206365224843737,0.05258140531616832,0.13421879978622417,0.09299001269804746,0.12072237956813782,0.02449077607829057,0.17916598742636256,0.15438645168045287,0.06305977599057964,0.14717804623089276
0.07118326716653091,0.03492241557702194,0.22758697116122736,0.18146390795842465,0.01461480048040794,0.011522513434224902,0.10386283948676209,0.13492196228244024,0.1302248542658126,0.08969646818714735
0.1537853551418068,0.10669820867342139,0.001615106969031224,0.10136014318640117,0.1580341504591484,0.1997571041025649,0.04927305954043368,0.02623815829627777,0.0860895882281589,0.11714912540275588
0.018165228318119224,0.2005923595800308,0.11831251807234203,0.10058819173968235,0.010559442064294133,0.07488892496825546,0.051597935672955196,0.125391531606598,0.2074736667768897,0.09243020120083317
0.1622141456460535,0.14409367758095606,0.12913162242293832,0.11963583732383742,0.046039284576660136,0.01779154921017698,0.12179852708913226,0.16917506246338443,0.013660880238499417,0.07645941344836144
0.13596925999108078,0.08080957763751626,0.11844868517202106,0.1478642834784592,0.07237434119301445,0.02561860168440429,0.1940217878051744,0.0031641434523143677,0.020972454002316093,0.20075686558369904
0.005445151310206183,0.12992756423696553,0.10964766716217475,0.0304500326823112,0.21956923578984838,0.20173498798827677,0.02362991067177855,0.15906069782413354,0.08456813429234845,0.03596661804195665
0.029951223980952558,0.06945178271763347,0.11098680076685677,0.06753732177617024,0.20091642215484026,0.20754470763135455,0.031356333398561226,0.0634848598798092,0.17553787867136458,0.04323266902245717
0.13767810337905378,0.059090721900623054,0.10159951511727192,0.1972938049162221,0.03621411474725005,0.003451720581989745,0.03378258071168818,0.19189702886104162,0.030087530511623585,0.2089048792732359
0.1262499134953626,0.1895283465706713,0.11773142493914222,0.05945963183795247,0.11616857156265785,0.06626746005936342,0.051741126711229955,0.07107913999985381,0.19764607475189508,0.004128310071871127
0.10881331865244086,0.06554878908950851,0.08716433701700972,0.14758135763660477,0.11553154368058821,0.09936150110394049,0.06789410228838512,0.07831111401105917,0.08113460998078784,0.14865932653967517
0.09314539329534405,0.185737000937343,0.028374322053132305,0.11750143685777299,0.01897402820993509,0.03071168160595184,0.15084330585144107,0.1541428392000938,0.08995023862374997,0.13061975336523574
0.15461158110785758,0.13503432062999898,0.05552619785881741,0.021488884742588563,0.09971513362785565,0.13043566413328564,0.09738596866482419,0.05166433202917527,0.15155372019417113,0.10258419701142557
0.036419039174231296,0.14160375928854962,0.013157986525376645,0.050532755725293386,0.16349289393921054,0.08762250721689732,0.21172803734457327,0.1308352242342357,0.03906515538661962,0.12554264116501257
0.017292206172373068,0.14515677096975976,0.08881519238348956,0.0938633751408784,0.06972183963027055,0.11569655917343503,0.07918480300304587,0.1435874360792628,0.09306473485383411,0.15361708259365076
0.10687786585425187,0.1294491426395151,0.05058509185333365,0.05184211922332217,0.1470854882276524,0.09502628424985253,0.057480191890041214,0.13691223080275122,0.07684535460254023,0.1478962306567394
0.13344749367441278,0.1042521544299361,0.128398335839763,0.1012853803102891,0.14589894020395255,0.07825189725774166,0.11114300099121704,0.041414769055644514,0.09831812935749323,0.057589898879549954
0.10338250293965418,0.07928284189811322,0.1853762983565146,0.016245814734573844,0.10638153840397116,0.1622539038078872,0.1030087840197898,0.07539980540980086,0.12445362442722792,0.044214886002467216
0.15649067085539992,0.1033475734903048,0.12698167655266557,0.031112354439153334,0.008706949255534847,0.13853373802421237,0.09458404996553547,0.0015059040400970572,0.11065998927166579,0.22807709410543087
0.15267521049216964,0.1831224576989395,0.044958400318126715,0.002964468828275992,0.19588250540212784,0.11339120665127385,0.07080669778593571,0.07482731929757296,0.1381971363999194,0.023174597125658367
0.035830823953735,0.13297721536114251,0.10842095414271542,0.09903843645881205,0.12159420504190707,0.018983549686745236,0.1253602409547605,0.053929575936231794,0.16235841933179515,0.1415065791321552
0.0451435143420246,0.1282174126111416,0.01877685945931385,0.09162058237053695,0.1625973384520122,0.07952041109182531,0.17020701198956736,0.15359006913338136,0.08833833547390338,0.06198846507629344
0.0786529065553922,0.23842509705921774,0.08556990088486224,0.014949628021600552,0.045798594856210954,0.11239555085763923,0.07138967820297164,0.16320266694158675,0.1251851314042779,0.06443084521624091
0.05119721789828845,0.16246429682519822,0.14630757062898955,0.02046435955752393,0.011630662650646323,0.17688634371066786,0.01866853273709468,0.17907099618794675,0.09147321039286001,0.14183680941078422
0.04553265192961108,0.12078758168504745,0.039801237679945145,0.12149985529324848,0.20682101580200135,0.18563051284538895,0.03144463968193049,0.1012729583708587,0.08859785764715791,0.058611689064810575
0.04787312875683399,0.18049430648886744,0.10382380728503765,0.06631717947211042,0.02880326043187931,0.18393621259077345,0.07721911117807503,0.00045312974200875205,0.13507720389806424,0.1760026601563497
0.15634786502926265,0.18362337470850087,0.06669095576337569,0.08247221712036484,0.07214133518000114,0.08774157319563093,0.0324369808514392,0.246214401195282,0.06521420928965894,0.007117087666483596
0.08452719020368804,0.1327132569219809,0.20247027797994893,0.06891108139240966,0.0030229608987467037,0.05838140464672575,0.05149518207862507,0.1925081647422722,0.19160735090059844,0.014363130235004327
0.08489432641965426,0.0875948317274249,0.10614244663164449,0.14066512193329397,0.264685756182349,0.027565339543519814,0.02791561756850128,0.09996606656837492,0.07570326796421452,0.08486722546102263
0.06266412059318828,0.07591949412870858,0.14843597127061373,0.17109767941964668,0.191985595280725,0.061860926255578354,0.13009969948820083,0.05167493496591397,0.03288396488380717,0.07337761371361744
0.20258937251864625,0.14927850057653147,0.11776005306380985,0.041050635868489366,0.021358486672075877,0.1560598948648708,0.07737459571898264,0.03498878546508767,0.1712296248408707,0.02831005041063545
0.1801636127087146,0.05042173426118967,0.06541783493398319,0.10718022981441772,0.052779372948983105,0.08839855492789936,0.14988175612541807,0.0712419208004296,0.14525817995330195,0.0892568035256629
0.0630474393718387,0.018759948040658097,0.2087010071440036,0.0516949338862089,0.1573722988082401,0.09504159008451979,0.21931987212365425,0.07836668567373221,0.02561918192570159,0.08207704294144264
0.1529206416121896,0.10175487971573469,0.1748951420041175,0.122320798257824,0.0392431084448576,0.11729049719492714,0.1258479217244222,0.05929633449009554,0.06893067494769316,0.03750000160813851
0.1749872947542632,0.13473111148454808,0.12053225000253802,0.012313205136593102,0.002955937144329727,0.10886632219324019,0.05785431269614562,0.18905300678784154,0.14997896326668,0.04872759653382041
0.12303228778262139,0.09992944133283267,0.04807282643988697,0.0649628958939946,0.09513431912974969,0.1107767112379028,0.11173951208405507,0.14703212096060495,0.09858691688209355,0.10073296825625822
0.16704105939115163,0.009609341770549952,0.17317336689723092,0.1833652809142398,0.16623332421298517,0.03172987043053328,0.020172170208325693,0.05376946695167607,0.021729012996751115,0.17317710622655624
0.047058065662368906,0.06262195320787887,0.3074508524511322,0.059886914987872124,0.016864849939901134,0.19481550893013072,0.04117970223115604,0.21804909109099502,0.04828466051290501,0.003788400985660085
0.13119688456487813,0.016424068889908085,0.18414854228707725,0.06382866487170107,0.07485983270962758,0.087867695581212,0.0873267400899098,0.14943848335058546,0.027150067495012465,0.17775902016008818
0.017663103330723337,0.18704658197554988,0.19405866151755613,0.09683785609041817,0.08976756384155431,0.01363265458881652,0.11770636047101805,0.13251352325030025,0.05428522301062622,0.09648847192343711
0.058888028865578625,0.18392397074799355,0.05983864726179308,0.09368332121719367,0.1265221739758038,0.12641240185404395,0.019806823163609297,0.18086943819279452,0.14942381982054526,0.000631374900644257
0.12329856926665872,0.08306676391488536,0.12193987149276718,0.07017044904982431,0.00010052917744711401,0.10018050372710591,0.10742583884950357,0.17265479595388208,0.02553595678632903,0.19562672178159676
0.09246852779335776,0.10835764878500345,0.0507417810532963,0.1615885345686698,0.18479855276622098,0.09205686411630457,0.01602975944171008,0.2089483176965454,0.05349842772565864,0.031511586053232905
0.1113034984352627,0.08648731658715135,0.14364433135165924,0.03017306871350821,0.09747064389286623,0.023826325641533617,0.08165927179322735,0.13650131336950228,0.1459385439064267,0.1429956863088624
0.10249095988258394,0.01331933143998554,0.015331754424760627,0.09498623500854182,0.19037520931929713,0.008668321477734723,0.13219519708538344,0.08691238613552717,0.1664985420719992,0.18922206315418647
0.12662017586364696,0.11084596509903755,0.11159731891551412,0.01513691407608807,0.04934650660287718,0.0252451380341294,0.12753782976403502,0.18468865822595257,0.1726082692843525,0.07637322413436665
0.1734035341425861,0.05228775668368176,0.036885333337561055,0.04903218422602965,0.12238456169965377,0.14984149630560287,0.14093406499859856,0.11784647608458457,0.13735012594669996,0.020034466575001693
0.13046478295975106,0.10132595364658561,0.20207559700029956,0.014768720761227157,0.1031668032252922,0.07029406090770188,0.01992756177789417,0.17441001444645424,0.14410235366357252,0.039464151611221694
0.123028584465382,0.04738479700742894,0.048706499187987654,0.0902315248474035,0.034422184149948444,0.10424005874492186,0.08865343362551861,0.14577462594068852,0.14942385115350262,0.16813444087721793
0.08468490180434042,0.0022382145582325536,0.10787656920267479,0.12504618719079874,0.024731601541147626,0.14881112278479858,0.007736744255342547,0.1520316796888567,0.21880050698206394,0.12804247199174412
0.0313212165342998,0.12324617138800008,0.11872352747416584,0.02192921981232982,0.09177128621523677,0.11839423822718335,0.15945002886857954,0.05236194970053926,0.12151547949656935,0.1612868822830962
0.019060103652284575,0.013415631628331981,0.12759573835583454,0.0683693002932686,0.1483584371051957,0.17231976673374852,0.20987637098808712,0.06931095281589943,0.14250633860365586,0.029187359823693634
0.10211926521960309,0.06459058961571172,0.00026127009964454454,0.014448289192284091,0.03028552688275355,0.2004436128437831,0.21601979292510193,0.22252647345950366,0.10730169414380676,0.04200348561780759
0.10958255949373409,0.20210056396846476,0.04761256723854743,0.0897710804633549,0.00740528041948303,0.13989764154414286,0.06804346474465403,0.1239683957047803,0.015929781058130348,0.19568866536470805
0.14798098514721306,0.16981538795479584,0.09727623739367815,0.04437983186190372,0.13246183340964998,0.1178332648695908,0.011358500182290095,0.13782543286808918,0.08539759429974202,0.055670932013047125
0.08069866609465973,0.10355097897040941,0.029568048944766258,0.1966529275665702,0.11757285157945482,0.028082675908301668,0.015276225204648055,0.0898601731758846,0.17157690112230028,0.1671605514330051
0.2506232054046178,0.07906254755764142,0.16979057377097645,0.009965262868725492,0.043230461010176496,0.037604162039424946,0.02156515512802448,0.038795111466545414,0.1920074225634431,0.15735609819042445
0.10760472100413704,0.14842690409378853,0.09791628735026618,0.051539588623925575,0.07110079628028701,0.0798826217635036,0.10186277981194926,0.13219534171646924,0.06832929669989565,0.14114166265577796
0.014015719888600207,0.20195950100745616,0.056806849689366765,0.21535270423827976,0.0019539934409799867,0.03821364981489739,0.11209895399173996,0.08292217074222377,0.19135889458000055,0.08531756260645552
0.118511481561302,0.09580667608185461,0.12325727941152673,0.11047018097746428,0.048470985206490555,0.13181365424209246,0.13403068920929245,0.04099838596362588,0.11543335920996167,0.08120730813638945
0.047722497491057024,0.13402430745885122,0.11365638990688227,0.12932290299603877,0.003542063153995141,0.1333473761507605,0.14311079794827128,0.1298492537345349,0.10993580882793422,0.05548860233167446
0.0476723982666541,0.11543121309206199,0.10476965870803158,0.11196098490305952,0.11044888737540595,0.05640576139280489,0.08387006297373178,0.12355368877893969,0.11112187427433445,0.13476547023497618
0.1379713341664047,0.006900399834948349,0.13998845734527748,0.1388075529015341,0.10843415167971125,0.16127146556920616,0.09761464485191906,0.03312983245946748,0.0646908229707861,0.1111913382207454
0.017404657668878068,0.038532288662939194,0.1322659680128599,0.18468816028425963,0.1304705468231713,0.12823398597663804,0.11533376439168852,0.04494613144075161,0.12853963914300717,0.07958485759580644
0.06893911669660949,0.10808993681389653,0.19347163964373085,0.11031726738783224,0.17800900828135918,0.07081554508243659,0.1370819006426083,0.0680794080292101,0.04180553541995553,0.02339064200236104
0.010266457191241193,0.10180722871065324,0.02490228075247882,0.042086104962247343,0.15425021738557038,0.16088728278488373,0.1401991961252524,0.01412739870412178,0.21493271888138105,0.13654111450216996
0.14589312009620028,0.09745133464386622,0.023999451100382173,0.031432417692408815,0.16551289795842314,0.15235367219963003,0.1778027745662208,0.13744186476304648,0.005237186113409035,0.06287528086641318
0.0762888568114213,0.2537640167848052,0.026284609089152654,0.17718945117547466,0.04593704918138905,0.03503964461324588,0.20683308534060557,0.05671997357263962,0.08308082825935013,0.03886248517191589
0.03434919010904872,0.06584440502907479,0.10779045532069527,0.08553247961087479,0.14299978506090422,0.10005961662768516,0.08748916683580037,0.07144018670433776,0.14815131233031612,0.15634340237126285
0.19153379553011085,0.1609491223597585,0.021275027716318447,0.0833984872816558,0.017552596623509303,0.12387284440006183,0.03512409609833664,0.08598497033946675,0.09956020670160481,0.180748852949177
0.09062698754841128,0.07702844458427693,0.055061986465661586,0.15912528491882086,0.0769925711195976,0.0789095232730979,0.15140848202439572,0.09931635314930776,0.13910621054347572,0.07242415637295475
0.1809928492024824,0.06874187693193418,0.02544069446095935,0.038572133293292704,0.12949261792901012,0.17514575164720908,0.050201989752208326,0.07099022363121617,0.09308510686128768,0.1673367562903999
0.17403102351213315,0.00036186866521643565,0.15397018954779604,0.2011113819496752,0.008651309202276036,0.050064139101292364,0.137116026750796,0.13434020466417654,0.0640900914419634,0.07626376516467476
0.07635017043425696,0.07174286985082076,0.10093641285715062,0.20759389377573373,0.18138619529511782,0.03881543250522631,0.06283405325998626,0.048884477507316115,0.1335662631958835,0.07789023131850788
0.23150586660517047,0.0591834768150413,0.23193064836900995,0.039746990099016964,0.09469097764011535,0.156985114884292,0.0041666750791734,0.12839297963553897,0.02433643480772119,0.02906083606492035
0.08989024513874955,0.13149020980836545,0.0972318250501887,0.02595284794483559,0.12220573210075414,0.051367298527147796,0.12157853224405005,0.13603885273787114,0.11838316212364106,0.10586129432439653
0.03879815188874203,0.07999180523902495,0.15989800826039371,0.009042389603121757,0.05852921878806136,0.1432297103707871,0.11232151775561484,0.10663688066975667,0.18217751061493975,0.10937480680955793
0.15873900856328998,0.1359369600498844,0.03447013765267997,0.05492752299119411,0.0724590900442045,0.0946498073414819,0.11213260454271474,0.040273984032083675,0.08323705116704223,0.21317383361542463
0.0387406448934656,0.0910831701224964,0.0745186384725898,0.2114220799951251,0.03255986943056873,0.014642842126583476,0.02647661524013083,0.04338457112825139,0.2681265420671273,0.19904502652366138
0.11755128989063587,0.05179097999832681,0.08751560503678284,0.03988009401184683,0.1481325063779603,0.16010227732229143,0.15977594080338212,0.15043083952727251,0.023221576904617607,0.06159889012688362
0.15483655698179785,0.0018226088765119595,0.007188215557120855,0.2062768693187616,0.027379069033984727,0.16357934518021403,0.20310306317923946,0.04252375109141249,0.04416426360671621,0.14912625717424086
0.08167578297167158,0.11819324983920103,0.023314922480282916,0.14010782490355053,0.11609091744823634,0.017810071588117267,0.1763631161679743,0.06298951561493055,0.1255722344975304,0.13788236448850522
0.07160395779873886,0.0346921410013096,0.17254442378921958,0.09129549052895435,0.12868172195926134,0.1518712938406832,0.0057710541340333845,0.15054367347512512,0.04882728816726332,0.14416895530541113
0.13467891041971844,0.1487742359960075,0.05535579486172181,0.15645283841786603,0.19652770149962323,0.15452689011859622,0.04025204581723164,0.03007227379905294,0.06827672580588375,0.01508258326429841
0.10822642836545816,0.06324511869440945,0.15342283748135352,0.07796663485240757,0.12684419848604717,0.09681002138501194,0.13552314131864196,0.00045039253833179194,0.049476751735143557,0.18803447514319502
0.07986632183800582,0.05089689049304157,0.02770479353239634,0.06247304902895168,0.10105281724425141,0.16598993527452743,0.11378029677859275,0.0902465875692764,0.137371512713331,0.17061779552762554
0.0025287583081107885,0.08588750755705689,0.11586348143440342,0.13500279348685404,0.075595938456377,0.15896495384779813,0.12264579426052645,0.09082428405287717,0.16350918831699138,0.0491773002790046
0.04753649745589307,0.19873699598676883,0.06380245391977715,0.1185931115374462,0.08073906825606206,0.15051706774584578,0.18274627813046934,0.06392585193433588,0.008555465936505477,0.08484720909689616
0.04569573410929575,0.09555225764852193,0.11275999970182299,0.10864444601058433,0.06380730785267483,0.11865447269150414,0.056150477158163944,0.164164607529982,0.062267445432328185,0.1723032518651219
0.1251349416050542,0.109500806604184,0.01541896744380328,0.0797388903900769,0.10892007242775531,0.1092911053028102,0.17345479082832607,0.08559260313358703,0.03835146251833363,0.15459635974606936
0.03467162749226626,0.1291848195434309,0.13591607700444264,0.1356906380021393,0.08448113493836273,0.11090540416701562,0.10954893237481717,0.1167516213877437,0.005827448822277838,0.13702229626750373
0.09918385502832905,0.11126644578045285,0.020605323287438804,0.17100466151263885,0.05457862323050447,0.16162339379666626,0.10164608615527897,0.11492905015632389,0.10747313060032801,0.05768943045203875
0.02941286206816577,0.04865365919895582,0.0913143687126432,0.16467055689607935,0.11112921021908571,0.14964129388049896,0.15527020410432105,0.06038547877061111,0.12957758887194432,0.05994477727769493
0.114743044945316,0.14247508275569165,0.021440323372748923,0.14396891275180118,0.07728714412088823,0.13762411725656062,0.09767474198790241,0.0635850658140739,0.04443690934256258,0.1567646576524546
0.2154960624466352,0.03543151872202142,0.17835494169352986,0.14657737298699278,0.02326397011075728,0.06551992537641735,0.04847798739729513,0.052268641553975384,0.18547224337947416,0.04913733633290152
0.06823495537655926,0.022308887749192204,0.0034044862883657813,0.2030219583455121,0.007450114898484302,0.13390049734232756,0.1374537379618041,0.19444615907314636,0.202581971046523,0.027197231918085398
0.10448894726722736,0.029351113377667454,0.22143628899037904,0.017266935392046125,0.08286063624474566,0.005509214311597006,0.11772546387391844,0.1720719934787968,0.18983684217565908,0.05945256488796296
0.01006524935806255,0.05736490098080111,0.03584109550006134,0.05279316597936555,0.07932692027732301,0.16149125797866207,0.12494807172681603,0.08473606900943183,0.18652422902618623,0.20690904016329031
0.15488503914489046,0.01116308184120568,0.17052967468932811,0.14721476821739987,0.02455970245158348,0.054548552041564544,0.13427211522499205,0.05879544764257156,0.07397852601098764,0.17005309273547664
0.12237304188704043,0.02025983007135968,0.07388671424274675,0.010016064236053331,0.024240777571671035,0.21382045945130276,0.1888648042381278,0.22595664066255094,0.041479441812333775,0.07910222582681344
0.10130839553092157,0.18539615847002036,0.025230252632010418,0.013172643177886773,0.06607037339935391,0.10130666416877315,0.12363223427679475,0.09125759159312706,0.13109454237662882,0.16153114437448318
0.16930965928699782,0.12561592224295884,0.10733164733485465,0.09171279868963808,0.06691438925331869,0.171997088850283,0.1039910686579589,0.10345639494573396,0.01735608549337423,0.042314945244881774
0.07363055336754495,0.05832302045839992,0.03164758451562632,0.11115923706857278,0.07268755494091833,0.2024649574600918,0.17345402336668272,0.08426191792908025,0.18215990034194185,0.010211250551141025
0.09539057739176547,0.1099248298498953,0.11504451194086708,0.08964307691575689,0.13954213645939748,0.042352187833490096,0.12320854053235582,0.13779190012933307,0.011632723647259475,0.13546951529987933
0.1271844878863653,0.1460827610497549,0.035519538587335336,0.0809384675681136,0.07201618882575295,0.2428278395107448,0.08278161262853714,0.032028263457880374,0.17191962085085463,0.008701219634660954
0.03304963432083465,0.0398313411070472,0.055602024058947284,0.10012868504976047,0.1457673724672228,0.11053996989441252,0.19920525535098282,0.13925288754537907,0.12083397104237796,0.055788859163035276
0.013123654332436646,0.21317546854834485,0.05050752634448402,0.16020740228473987,0.19512860957150696,0.0280278770284644,0.2614063720914496,0.0122712029131111,0.04550676128460525,0.02064512560085723
0.07869344128320495,0.06133636667625903,0.043218765947249264,0.15231848751576285,0.1900679094449446,0.0316723298270461,0.07149184465710622,0.0809502272111741,0.1357570903530094,0.15449353708424352
0.06693821141043796,0.054617199195248566,0.12713240891753366,0.11435381248339711,0.07297803941573794,0.07426496524818153,0.12537127488471508,0.141282845010739,0.1306331438625746,0.09242809957143445
8.509522169678778e-05,0.1932854918194541,0.008049900716657085,0.13184187020807447,0.1161217675878182,0.1597632050166823,0.10679992798430561,0.08648595678822764,0.0054964885886417915,0.19207029606844192
0.029539491596574707,0.1496942442401146,0.16250102186655593,0.05545509693380686,0.15109124836882895,0.15667953951469768,0.05564193884490856,0.029457245436167512,0.05542234503096416,0.15451782816738102
0.05516810755693324,0.011071594455652572,0.03320409701854785,0.028276290772478764,0.19178618092662386,0.16744156512307368,0.1985072442247314,0.07076896935109478,0.2217463818873847,0.022029568683479085
0.1962006858053327,0.05971922073094228,0.12162063473588891,0.056645508150614025,0.22119164962903312,0.08043167841377111,0.11106680125322027,0.05817805639894237,0.0692602673619913,0.025685497520263823
0.0021252340019097832,0.13042548789659483,0.1725208925553247,0.020917069373686824,0.14195933426274424,0.17108993022086372,0.16962196531613555,0.15313265502607246,0.01627291202133886,0.021934519325328975
0.016081364918626266,0.20709010774872502,0.13457415742998752,0.21934734370874062,0.12068259873550073,0.012446907092375467,0.0021608289535169868,0.0025669748223194934,0.20132549273455444,0.08372422385565342
0.02016364596764628,0.21977565400926197,0.05537857151883091,0.14453830626102512,0.26469246560822157,0.07728551761692729,0.012545535353330686,0.13645063502647192,0.04127640369946259,0.02789326493882161
0.028201022488524,0.22654553276499884,0.17472137114370062,0.05190610860555681,0.1658782123897211,0.013024388967334759,0.08045424607920162,0.0960606510776991,0.021575422691270094,0.1416330437919932
0.08763271943930045,0.1550209278268523,0.08177335305936705,0.023925241494186397,0.08112052664373082,0.09977501857119951,0.04077132839662761,0.03489801800646364,0.1754433407981205,0.21963952576415174
0.007663172034149311,0.15222264395121893,0.26351001412302333,0.05591023504794506,0.04517680343493783,0.1809768697594641,0.0768476804088039,0.04582151812355884,0.17097845683039836,0.0008926062865004484
0.21609757515524472,0.06851085436116856,0.14821128784444332,0.09454474250581371,0.004853362945862234,0.015892681076260247,0.08198813017400773,0.08989777355597192,0.2500918306780527,0.0299117617031748
0.008436947954675564,0.0952153828408918,0.0018680744927940828,0.10290334855331315,0.19792121028397627,0.15809769673489749,0.12059925915328504,0.13056160684650656,0.13402457852506064,0.05037189461459937
0.17631074668279212,0.11577020221278816,0.020245886030138244,0.034691492892284626,0.16531344421305902,0.05792898529919549,0.11616823394726347,0.10116849280993752,0.068597197698046,0.1438053182144952
0.018190507514301388,0.052001076103815054,0.16101464223352774,0.031146627819371355,0.12458533963937754,0.07759127495268914,0.05904967800778092,0.27116012158198366,0.014346519441290333,0.19091421270586273
0.16274612078362877,0.12781079355230335,0.014974202416523924,0.014897120310897407,0.1505821925678398,0.045853053942910775,0.16342972733933817,0.13208058816768853,0.1509718325015235,0.03665436841734578
0.11975209518100856,0.14245833906968172,0.0209741088284923,0.14882698755569032,0.08527070127454803,0.04467000027833276,0.030264524734268394,0.1316308798900225,0.11007288698119429,0.1660794762067612
0.06859158948396873,0.06933685122672043,0.06769547116441073,0.07841568600836696,0.1745133259334261,0.15235016294325296,0.09011221517745463,0.026049286456698913,0.0925604851789396,0.180374926426761
0.037951014036604176,0.07951348698326284,0.1389448444987494,0.010039466232487469,0.19047839237851352,0.24603134772190174,0.028625398477183952,0.22749930063264298,0.03484217001900446,0.00607457901964947
0.11690421178837755,0.17393837450523483,0.1218350647764596,0.028000831346224615,0.10930840585001521,0.15918852105583972,0.05353959513377264,0.0264793650312339,0.12421852346228254,0.0865871070505594
0.10439842027675136,0.10002365815287817,0.1684872395367448,0.05623435132965943,0.1863449025041293,0.024433553509335074,0.15226079938693274,0.1243832517067961,0.018169095659044208,0.06526472793772874
0.13065311420431455,0.01084055622866832,0.06208884669250869,0.14288397967921618,0.13568336551321103,0.04636900160030844,0.15172416708607275,0.04253297984657195,0.11115387100211199,0.1660701181470161
0.13032898969847384,0.06540860778283965,0.10280294816743821,0.09474433950478557,0.06155663350534994,0.15415927795882584,0.10834767266486502,0.006335880887618256,0.11752831929644543,0.1587873305333582
0.12628892062534613,0.03943320372680829,0.07432874876672842,0.10652273794978477,0.19815234678043783,0.13416199205203758,0.14119080379899948,0.017602701896054597,0.13437141483767737,0.027947129566125516
0.011925951118688535,0.2256112098222336,0.08991927882819123,0.13428840034709133,0.1908509265527925,0.031765111570346116,0.0008630186793548001,0.13842648640256566,0.05263874622478554,0.12371087045395071
0.06709981973699018,0.09957734758238024,0.05921130603743168,0.026638375843170498,0.20105420474422825,0.11800694955417619,0.025792178683901504,0.0682131658829487,0.1755826498797234,0.15882400205504932
0.21967071140922997,0.1699381153670951,0.09357931951247603,0.06796658102340514,0.11508342063661617,0.09160262327511308,0.03688905603633437,0.017490438459668457,0.06530976113408177,0.12246997314598
0.1565840844352122,0.06012197224395164,0.030936192445751073,0.1124638993593066,0.07822620855285911,0.11286691808678499,0.07444691645697159,0.0994620036850988,0.14214163677259348,0.13275016796147066
0.11471805829505839,0.20508342766211038,0.03614755025373839,0.04942253954452409,0.17631432319441162,0.056099987600661774,0.11783608090122982,0.20000833328009715,0.04398564685556751,0.00038405241260079014
0.155375316424042,0.11711372874973783,0.13057412920319791,0.08734013712996534,0.055373313447637025,0.10222874134809071,0.13815007593259232,0.029894799010079704,0.12648775730665363,0.05746200144800353
0.12039369303610348,0.005047141510598709,0.0512547092919217,0.19443246112274104,0.18133531941513906,0.12922281477944017,0.021556674562351972,0.13938943420272293,0.06841339925804955,0.08895435282093153
0.18283270057707382,0.1615154171405277,0.09242184304688515,0.18198176850731623,0.1056758281950156,0.0455175718730861,0.14127532515555585,0.05170794617988287,0.025856060459613923,0.011215538865042713
0.13619089193814451,0.03571797607877315,0.164513645086992,0.1500635888247586,0.0430722535693002,0.040512362777156065,0.026997802735887564,0.04314106157493041,0.1769800771176447,0.18281034029641288
