i = 0,i = 1,i = 2,i = 3,i = 4,i = 5,i = 6,i = 7,i = 8,i = 9
0.023864071806390677,0.2009633397707419,0.17758458173901676,0.1304295926167498,0.09029117851386123,0.043154172329291154,0.05384032788738011,0.02237727982920984,0.030716896062816124,0.22677855944454225
0.057276182566905164,0.16300665248743848,0.17317841376416204,0.1292098957781376,0.010171271888190557,0.09522027870127668,0.10856406053079906,0.173728025907819,0.07124874459156658,0.018396473783704962
0.10367925317232073,0.1797013850536678,0.014506678637799083,0.11158214626946283,0.10016773091524647,0.16679738107044068,0.06399556045461517,0.041404341171671695,0.06918857338170786,0.14897694987306767
0.08905936942740336,0.09060650937368035,0.02443624269841439,0.10247364697979616,0.06140734198796202,0.06713528199461243,0.14139536580166187,0.14252466130833535,0.13749635907530613,0.14346522135282783
0.14703899909286694,0.0022364637575350986,0.022194436245265594,0.007750593637022449,0.13849590171735918,0.04601178307407718,0.23512117671113683,0.1981693125559771,0.12699737830320346,0.07598395490555618
0.09557783058516835,0.02001853456394775,0.16577866654372359,0.021271515585434705,0.057688517980237546,0.09814058439559403,0.20627046582924988,0.14153464885340086,0.0906497399911264,0.10306949567211669
0.07671562440659276,0.13026398330302824,0.05986388647041458,0.05692153489947336,0.10894603288261577,0.24000669937807803,0.062199155324715504,0.08186329520014583,0.0768963425116418,0.10632344562329415
0.1533762186890984,0.01467553459502849,0.16993567331932405,0.1256140028513892,0.028643958900774907,0.16317801508426913,0.13809289630855318,0.05071131177995415,0.04864674909583657,0.10712563937577183
0.15740367301888258,0.1346889395784709,0.08328806779800788,0.2065329604128743,0.0051209139832165875,0.11215249586934939,0.09137017947213291,0.013643803914100132,0.13857609779520239,0.05722286815776297
0.058470423378191756,0.09576979186972254,0.11003360951529526,0.17981032925333323,0.18494817545035025,0.005637468533337549,0.07165298848379935,0.1644998140521537,0.08660922608202877,0.042568173381787575
0.11616409447991956,0.0029754921041078193,0.14133162735615684,0.13108942752118202,0.12929168979250144,0.04922959543759275,0.16170948549667002,0.09534200269319838,0.0735319787749813,0.09933460634368983
0.08892576205592913,0.12279172256434988,0.12537455359235505,0.02380166893611598,0.17946749489426422,0.1252994855016686,0.1284374516618929,0.016514396237994264,0.07190657176315773,0.11748089279227213
0.19181158551039346,0.11968703227844962,0.0677828752341049,0.17435995163880671,0.037365767218290095,0.05328745280065388,0.09323878594537562,0.08645710917707697,0.14851456807746471,0.027494872119383996
0.1522353059189979,0.1712320912354086,0.15525246654140487,0.09333616140094696,0.04941850689133333,0.1372717240517631,0.17023110983017783,0.046663433213176696,0.008373977885691813,0.01598522303109893
0.12390181269917265,0.1602721621843678,0.16090186512490617,0.19287191585619626,0.03384280653572832,0.016284434723180623,0.13374413891926712,0.09647646634005816,0.006929115601648761,0.07477528201547425
0.023801976494954608,0.020754402770694694,0.13876834143558134,0.11143367225900759,0.14572005588464323,0.13974540162368554,0.20358954316363967,0.1172252548039003,0.07997686126563014,0.018984490298263178
0.028874196957585627,0.15215524544594403,0.07910194941756649,0.09057822836762816,0.06884373518776687,0.13589283601493501,0.01972869569876005,0.15964607734375932,0.07317968453170265,0.19199935103435165
0.027591464074900835,0.16999278424847994,0.06818612347572996,0.12163764280945515,0.09859902563388206,0.05501523136173039,0.171530236032166,0.016951774830585156,0.14462698470802476,0.12586873282504582
0.09666265601054543,0.1048536326820702,0.02844490950728167,0.1229385467762802,0.005279301484112401,0.17519538322824013,0.17352598553559678,0.0048666591348679985,0.1458591065874701,0.14237381905353513
0.12886548286007377,0.13736337944966248,0.09145419811694593,0.0416809217769263,0.144288033038526,0.1108111602452661,0.025332414687305477,0.14336896889859985,0.06072165343872759,0.1161137874879665
0.06803677726774865,0.09247204048529513,0.1849510338992529,0.07110538167549496,0.016748808497211113,0.14751489896335737,0.08638874029843269,0.09465925003924708,0.05098224717430611,0.187140821699654
0.1631047096314111,0.03674613990061133,0.06449204929814699,0.008296807065817488,0.13707023328344842,0.1143904640207299,0.09938568889952432,0.12776221514672118,0.13706402987648433,0.11168766287710483
0.134612069992976,0.03731266854903822,0.19312746299427802,0.009885666566798727,0.15496199639729713,0.08916482808102937,0.033189581969808805,0.10249098210144207,0.13924184356068386,0.10601289978664784
0.11392005763932087,0.16999669596977143,0.01987805918496245,0.06455205063675469,0.07271457637460718,0.1718106960951414,0.02133827376770122,0.0895943803371461,0.12371200138176074,0.152483208612834
0.1941253050835965,0.008346944565204276,0.0011201406878001486,0.04767679625389535,0.05497256337836907,0.13764444973417755,0.0526899802945449,0.14399574858141642,0.20036105928724476,0.15906701213375107
0.07182606140416564,0.12409753038211087,0.08417908754561924,0.11694157833058715,0.13940132992548027,0.076806644649501,0.12884899179675713,0.04747395039962383,0.12298215764138261,0.0874426679247722
0.006717601202613503,0.162967264245646,0.043794975186332456,0.17863935262489425,0.1198923323918428,0.19068393824643243,0.08136467653491754,0.06587307488207828,0.017203426565167046,0.13286335812007574
0.08747094018290126,0.1641840584499112,0.024592200120222042,0.08213849716054124,0.17159550323289827,0.020449164396880992,0.10201692247201322,0.20481587177612573,0.04295900942292864,0.09977783278557725
0.25438261789318234,0.024244122892874056,0.020620326957796753,0.27671845936540673,0.1777072594898916,0.03926065185116102,0.05437318130562002,0.024903948472974658,0.08701551898945109,0.040773912781641934
0.17737591231240435,0.14306129565371462,0.04836358069383877,0.01856636672248448,0.18453223310367006,0.06383042736414113,0.013768625889154684,0.032667917628876005,0.2016636176044168,0.11617002302729901
0.10100432984843484,0.13670251354727592,0.10137315831374037,0.1482432042864303,0.00873389760005545,0.1846387332994339,0.04148231530416248,0.01744468676105859,0.14066110601762966,0.11971605502177868
0.06989990158813505,0.030235734021094574,0.15227029547781715,0.15160584512072137,0.17174863146518607,0.11338821679443528,0.08299993116465162,0.14531180279869074,0.03344755062036009,0.04909209094890816
0.10902008248144653,0.002218225904921538,0.101980746073027,0.07230410744342532,0.24648523312003878,0.04307151690573182,0.1517454574851276,0.24570081060991578,0.02012330538293069,0.007350514593434889
0.06124490773962935,0.1574434784829687,0.010469573765780902,0.06906945261536457,0.1395664710762487,0.12514936407841595,0.17053434747922888,0.05099590543592145,0.07552096267449912,0.14000553665194232
0.02381102859525009,0.1867050965827466,0.11399985133092048,0.16490396534863386,0.006798731969740513,0.13381095689207206,0.05458664587698409,0.17530946555913215,0.12320988410772585,0.016864373736794266
0.16795595407526603,0.05101100300961041,0.024127550374319535,0.17839549222378343,0.14124254009967072,0.17655015295904816,0.10184191794425616,0.1420281148128423,0.007878288136156528,0.00896898636504671
0.03841960174705285,0.16050725261576665,0.15877620282230742,0.1557992232764931,0.11193777554134146,0.08168290639343168,0.1683911473418702,0.02736231865442163,0.040832893457195554,0.05629067815011948
0.12748898988843596,0.13738789540318314,0.02298214425450409,0.08816504749808368,0.14989245569676854,0.1585697763723111,0.021619547564193174,0.05946781118712189,0.15295273573547777,0.08147359639992087
0.006988461118932848,0.12460690467999305,0.04955317134945009,0.15724236892387275,0.17704604320341666,0.07199318946212295,0.09406723148352353,0.05148832359182009,0.09095641381011532,0.17605789237675273
0.12404776711076537,0.09219692535930037,0.007597146264207674,0.09840550490735239,0.20907387377607822,0.11088142617477277,0.10194522340214741,0.08008392805478654,0.009181523232988978,0.16658668171760035
0.1642969443914527,0.12933531978833743,0.1649872815359499,0.14910496676529145,0.08357082332373732,0.0018745178788299828,0.024619362176134973,0.052528984897232386,0.08804900075775725,0.14163279848527655
0.19325626074046048,0.18485905467562844,0.27549071738146663,0.003564763572795648,0.07789418040767565,0.078561346134121,0.0468221749869096,0.03350832796372618,0.061764357683266685,0.04427881645394976
0.1267244679561285,0.045342036564960116,0.05893795132471928,0.09671967226707,0.19194770547977208,0.06828715200356714,0.01293717097657684,0.14028579688795542,0.13892341830029364,0.1198946282389571
0.178595412583232,0.03641798011259165,0.07271950643312478,0.1368732504142367,0.1260416837860126,0.1401985327738099,0.04700361788259094,0.04493365786912864,0.15421166308063144,0.0630046950646414
0.048215042073770135,0.1645684045158537,0.01772787843392657,0.10542372386960958,0.10781924689076786,0.0937315491295254,0.14708136183670062,0.12152507733453556,0.09314023004648424,0.10076748586882647
0.025454805443863884,0.09934316596588819,0.09682011632467148,0.02505283219579164,0.1841065171524184,0.17031787588818056,0.013791167126397138,0.15817355336228187,0.031485825048698096,0.19545414149180865
0.011750941551386153,0.07832473913300386,0.10212868569151987,0.14778084402527958,0.17220708243261015,0.15364299018640554,0.1889024098188535,0.08428723319181382,0.0034617366469778914,0.057513337322149645
0.09740045707110818,0.0845963867084589,0.19048265672889714,0.1125952136639363,0.1650050180263245,0.0726698699044039,0.0030790362290301155,0.0717182444623518,0.2017166703393484,0.0007364468661406752
0.08188707404047753,0.16438591246114512,0.08067182600484021,0.09492259903528982,0.13776640678722984,0.012103687708375688,0.06150909781375591,0.19333034782439437,0.009399987733674772,0.16402306059081678
0.09719292199917248,0.027424413495603407,0.14530874673338734,0.08135437954692727,0.10353673140763793,0.1526700218166255,0.13689498793926555,0.07991644609047825,0.012166800472355487,0.16353455049854676
0.11452511336216374,0.012904623436488362,0.28040734822830404,0.09198749028436158,0.11949118693305186,0.1755411669094987,0.12374889392046558,0.008136809292622452,0.01578731576812447,0.057470051864919165
0.2707528385863313,0.0017329252516165054,0.0652364638553186,0.16297814904891725,0.12476398618993056,0.10601752026214276,0.015707631803893736,0.16254787509833626,0.03658241516369294,0.05368019473982023
0.004723365581828967,0.13204749444109032,0.15078013821227748,0.05664340951585016,0.1429651885234759,0.06303907881551914,0.178140296831992,0.1454931044477273,0.09843043250649816,0.027737491123740708
0.18161415160779293,0.07553137204505747,0.19481977599816994,0.15364367572065138,0.021811356083795082,0.0533886071646575,0.17929691902745584,0.10507904770576755,0.018844443204101762,0.0159706514425504
0.051020713614066716,0.026558388420603016,0.1339810385164548,0.19904077856564042,0.05862765313979657,0.10971880387677324,0.1566937909042022,0.08543592963981671,0.16377457806438475,0.01514832525826142
0.13359154532171308,0.07544426941267258,0.10281209223806463,0.07754148749638161,0.08300757894815664,0.027729502015688124,0.02059847087592892,0.1186680966272686,0.2073056759654906,0.1533012810986353
0.20855271606479492,0.07164730295000063,0.017075672950707756,0.06267844484094719,0.0725547728790486,0.056797355811114746,0.015194657500611709,0.2513018288305248,0.1516950641723788,0.09250218399987074
0.012520807290250409,0.12318556671454715,0.1098106099354749,0.08479786189081243,0.07748725028138312,0.16927248648254095,0.1524315222373432,0.1047186623687345,0.03784141822861441,0.12793381457029881
0.07367353000941938,0.0904378395650165,0.12396305809319325,0.16013729897292214,0.15631967880454564,0.028265880120651943,0.035948366655164085,0.16205662578260255,0.05439896533703196,0.11479875665945259
0.1161817502239272,0.12111843098893159,0.10200598843118476,0.09526794524901822,0.11346927820853014,0.09003772489960708,0.11049892550911998,0.114755874058114,0.026952906270274638,0.10971117616129254
0.1313870830733217,0.1612576761155405,0.12059576829298611,0.16217010418637653,0.005647995792862799,0.11657189225775604,0.08075835391202907,0.13392154294952008,0.05012739945253123,0.037562183967075946
0.06264497511054898,0.18152578681377196,0.07197046988434921,0.15722691011351342,0.009566484991444245,0.112073564692128,0.12869113315848135,0.049920733482514565,0.12952034915849805,0.09685959259475019
0.1821487748839096,0.10027688194515112,0.012988290413213302,0.163955169467825,0.19402957290930029,0.08374422441052,0.032048546443910884,0.1298422605450584,0.03325566225982723,0.06771061672128419
0.0026678851925363047,0.006685432451892841,0.02322572807240249,0.12637941710453812,0.14104261010964114,0.19185069788434306,0.1419376526964033,0.07877631618896605,0.14638928885657446,0.14104497144270214
0.10660042155057153,0.14013806472413887,0.13765823661537688,0.10201652948828872,0.14540212244344075,0.10324263543425631,0.004929868855274773,0.08787911310094677,0.024999537615131802,0.14713347017257364
0.17289224585150118,0.02676055254017283,0.018650945499356825,0.15466620983632265,0.10296552659642604,0.10000161958046251,0.10985626788663082,0.14439867575381196,0.1472731236494235,0.022534832805891712
0.2033734483188508,0.08501110867883972,0.04756314955908353,0.1519430843799167,0.002355031507121807,0.06204646753356287,0.1053532540288628,0.142256558417268,0.016040461258270543,0.1840574363182234
0.18431605545278684,0.23508188680634973,0.04439520912027309,0.07270430253349434,0.010870911766074392,0.01369147608286994,0.04518610412924478,0.16398970251621695,0.1726947100403065,0.057069641552383525
0.08290893194835261,0.0037705877526169962,0.18175053279698006,0.1676690492148254,0.11524259265069964,0.10540165069331732,0.05253378877356666,0.07402738350219562,0.06026897501251216,0.1564265076549335
0.016579820703337207,0.12345771432378602,0.139756577937789,0.0227738062585325,0.20358699468449015,0.012303926094171178,0.09994944113489078,0.23795798901539963,0.05341074965075928,0.0902229801968443
0.2195175824626395,0.040937324585620626,0.0037921628127460896,0.1394475798400087,0.16388605563120812,0.13615582283493155,0.048659034375391465,0.08367711987187558,0.15678507841095085,0.007142239174627502
0.04304805655292072,0.05047024677934361,0.08370821151525674,0.1118857024223755,0.04995684365190792,0.1457791381284668,0.13563687192180246,0.0964909803729908,0.11772129087644458,0.16530265777849093
0.10688239007882758,0.054078554463492294,0.14334845352910477,0.040739886277309977,0.16035008941074305,0.09923106772227117,0.011300881205775744,0.1163898802924149,0.1422128427208116,0.1254659542992489
0.018148780388300163,0.18300560221046266,0.00629580232856999,0.23397816595737417,0.12313393863287919,0.0682172659362006,0.07202900934841998,0.0263343385986283,0.007407282479058969,0.26144981412010604
0.00035179193416082666,0.061513995973869875,0.053223693116292894,0.11865940916605561,0.06947510875231876,0.10307899394634548,0.11150124249028931,0.19871588882302724,0.1313539300118563,0.15212594578578373
0.06172699570616929,0.14007449233307573,0.14953745984171338,0.14671164823082306,0.07825639744023365,0.11713176221979227,0.044311062648483224,0.04334876491909317,0.18342723996758498,0.035474176693031136
0.09083170334257881,0.11278927052143664,0.03906128292282291,0.05724998717042962,0.039352184620125664,0.20192400434992316,0.19623419267586642,0.04594009260390658,0.015000618393432372,0.20161666339947787
0.0672004516600408,0.15053080369531777,0.02654654837548206,0.06419687678812007,0.1438802669735268,0.06348705110637291,0.14642062817196613,0.17511351566899053,0.1622478582305383,0.00037599932964476376
0.15833379662351071,0.16649161416555572,0.09719355906822756,0.14812709602994306,0.093155677626768,0.022871769154354217,0.011075109154759661,0.0783333086831946,0.13989834638517792,0.08451972310850847
0.1454872987968475,0.03533453020618182,0.03295532205243082,0.017098927430678146,0.2136698385466812,0.11262829057097051,0.037543315914328856,0.10100201455128273,0.23024714071678182,0.07403332121381673
0.13703620223807855,0.003950494615663072,0.14351527806442024,0.07092286807899659,0.03815608037742995,0.10562038020492467,0.18006775740643857,0.08582398375391084,0.058928187904518814,0.17597876735561865
0.1686368364312326,0.02516842430866697,0.11038136595351812,0.032216927945550734,0.01762699602830315,0.11083181940773945,0.0827218748339659,0.21648929717748167,0.10822785689146917,0.12769860102207234
0.09768842261753027,0.041337591025632815,0.07346557517967409,0.1013795807961367,0.17284414690076147,0.19623353925452508,0.011516712969881212,0.0929441786710788,0.1566730283342685,0.055917224250511016
0.1688882877689604,0.10505944329244041,0.07202711296239606,0.15931596850054894,0.027781040915402528,0.0967681018089819,0.03189904881947515,0.16525002827529153,0.02055704999452017,0.15245391766198285
0.026580634232417643,0.01666821125245196,0.13261377732494115,0.13917682227049766,0.15792577452680773,0.06761088038474596,0.12428623024280562,0.11405237290772069,0.008985082409389411,0.21210021444822216
0.12065393315598481,0.12883058027831348,0.009228605858718167,0.23369367998844096,0.1430454013501035,0.020792955454466005,0.019394176706676532,0.08156766924526151,0.04546419075131814,0.1973288072107168
0.01656726189756702,0.14803099651658366,0.10107884328607564,0.14147961499605025,0.14335966738666625,0.0560046963972254,0.040594546718258295,0.10216988875392438,0.12593850726806088,0.12477597677958822
0.11885726049635775,0.153753822640619,0.0482445776907379,0.007738162167737906,0.1511670279043961,0.15428680616828497,0.020236302955234927,0.09983609105728118,0.09024410462817765,0.15563584429117275
0.10000896706265673,0.1367529377138478,0.19384199424444376,0.046876864560065234,0.07649370030921589,0.02769374855420712,0.1942942689122856,0.03509990757684706,0.08782646460341677,0.10111114646301395
0.07768309756093988,0.0834302266062042,0.02374488707612914,0.08105996468630602,0.15665578232016933,0.06796692426513816,0.14796640265613367,0.11173972823583302,0.12732886390160736,0.12242412269153946
0.050851728147561684,0.14786193048156554,0.1411746610742188,0.12495453841753128,0.12591387850801133,0.04493263284218611,0.03797208415754083,0.1052909393901026,0.15415338721912517,0.06689421976215665
0.14858228569130943,0.03144948757581092,0.1449898093790001,0.05440380134567936,0.14943768433860247,0.09498697343028477,0.042289875965417736,0.051244482644369996,0.13954624854528955,0.14306935108423557
0.17930623038294777,0.15627520434333902,0.1119194472771305,0.0005557315007587919,0.028246801654611856,0.175557897640428,0.09586936093331595,0.09219852627743645,0.1237862014407024,0.036284598549329375
0.012069940523712096,0.1764600828463524,0.19260321188679796,0.13148354019443056,0.08376682354597684,0.016909178659015655,0.13314087685849837,0.14979159072520246,0.007012535567993782,0.09676221919201992
0.13403441844704778,0.11228229312752468,0.11803755211726656,0.09935011162179719,0.12080518765663964,0.05644639113764327,0.08791207448152906,0.07753679615625297,0.12096789291288715,0.0726272823414116
0.09480818580180472,0.040928293114864005,0.20197014732560425,0.027602760197911223,0.035758442182257044,0.1532510536979673,0.016090778335900505,0.09490513845506023,0.14171062788377237,0.19297457300485826
0.1637694069020401,0.11506569371952996,0.09048056609667142,0.014730411571367017,0.048147439673669,0.19417119631936985,0.20677354711131501,0.09123382398733995,0.007679892594295598,0.06794802202440219
0.08321551605293515,0.14378212882963917,0.027409591490675338,0.13234288948797568,0.11321131512086234,0.12208446931848577,0.1683716729011117,0.007403653279445724,0.13184438040714308,0.07033438311172616
0.18500247556923,0.0866257990507347,0.1683836051666484,0.10264512925028463,0.09803476442655501,0.04752726869205482,0.026624608111221675,0.10799238449876189,0.12383141181520659,0.05333255341930242
0.07072909704913508,0.10400242091523917,0.04080446134338622,0.14168776306336686,0.1409203575933614,0.1432937652875163,0.05964922463140247,0.09264179606587528,0.07174235391784042,0.13452876013287673
0.0024107222680276505,0.15507679269332003,0.13533235621361617,0.014376648566461963,0.09830757050449591,0.10724265551279856,0.1396674479116728,0.12442312598127887,0.12185410120253272,0.10130857914579532
0.12584508859478166,0.02015924396366809,0.14240747465665188,0.16199959320843993,0.06144051524919647,0.13917625222356134,0.011850396074595584,0.14969840263492667,0.12783404448507246,0.05958898890910583
0.022224111001386257,0.039692071528123304,0.13822679349203856,0.08479281805026151,0.13631464165131665,0.16559232537787338,0.024708091991012548,0.04423562681995265,0.16595605994109353,0.17825746014694163
0.049272709552208874,0.222823998549961,0.03822344755748361,0.09172172965080172,0.21661886087555624,0.05683773970892587,0.06404635598761763,0.15961156965208373,0.08749592343331898,0.013347665032042181
0.019907711727930613,0.16346380579132125,0.18790034835002914,0.027020622211666782,0.12404884186175935,0.03687737549967393,0.1640437253224244,0.08326706658936858,0.029392384267306716,0.16407811837851935
0.12128748984220875,0.044655919608437705,0.14573368211950352,0.10187340402359704,0.08639460115174273,0.001918923517409582,0.14583022601428342,0.10949528673421069,0.14601802431883815,0.09679244266976843
0.1651041079241676,0.03465714314581651,0.005689337302987657,0.11423113289005837,0.03379969359744871,0.03556292735893954,0.1700052038776885,0.21849262493024724,0.06955101713270331,0.15290681183994245
0.09447248576150649,0.0540414628509257,0.05930437899098291,0.05381922838849772,0.17361021385561998,0.09797988904398408,0.023017223848345248,0.1403850893590101,0.177805679959279,0.12556434794184881
0.17004114125767011,0.13819627911807408,0.06207487737627042,0.12386735227635735,0.1230747895545199,0.10609811213909524,0.10493149326746579,0.03418622683440093,0.051725541720245446,0.08580418645590072
0.1897853260467903,0.17024508507767588,0.11879806911594802,0.0872329232638066,0.033101806849088915,0.14660505095423115,0.06922045828269183,0.12511844098995084,0.015236591038366255,0.044656248381450256
0.04476819638625774,0.02254157161743876,0.07554289205315493,0.15821509835216152,0.053145692788533434,0.1296480879732568,0.018479222607131144,0.19657381845952504,0.2216976928293282,0.07938772693321246
0.11917628985251488,0.04086152523030807,0.1931890164708415,0.20360682580799438,0.1892629221154536,0.03343388319791883,0.06747467688977345,0.08178946495953544,0.012889660224895384,0.058315735250764396
0.023479089998286955,0.061033694855285314,0.15749025401983285,0.026473067997260458,0.02098628712031091,0.13413344260297758,0.14088299504605659,0.17220953262341476,0.1342650494513836,0.12904658628519097
0.20158802214215168,0.00033785866054131985,0.1443676535135665,0.020525562699325105,0.1737828547920265,0.07106203555662956,0.1843561457325161,0.03937639455645795,0.08207309585876703,0.08253037648801818
0.02452261208453474,0.22434803135328937,0.16714203454923948,0.02707522446864141,0.18013462423748355,0.11910983612932237,0.0551621843586543,0.004203833492193001,0.12008313042378795,0.07821848890285392
0.05080581652080921,0.2617949469609924,0.0066942304949881805,0.04851484425658429,0.0903971732179916,0.046001655217817634,0.22455069153591065,0.22232118914233334,0.03664970529530736,0.012269747357265387
0.021910233546554924,0.26479996546331996,0.14600285706939828,0.2081900820036603,0.03633585855602843,0.0015143926125451054,0.18904522534188042,0.06979803324199237,0.004807257521694833,0.057596094642925394
0.023776124431180753,0.04533771908509227,0.18543102025736616,0.029315176676760563,0.08633063683794201,0.130834837613639,0.20209386269799334,0.061576816293803835,0.2067873205578219,0.02851648554840004
0.02869977651519702,0.01908943119452056,0.2973875166675731,0.017835923232628857,0.16440827608105832,0.09050232152244185,0.025505736162481897,0.10241738489214662,0.20197779456442616,0.05217583916752566
0.08161391130460734,0.12348777133633525,0.11511663013306811,0.04502032518522854,0.08202925177973984,0.13369121495906996,0.13470168764620438,0.15219377395733963,0.10543761110014922,0.026707822598257682
0.08498273458593143,0.17006341612199213,0.11972899920129706,0.18600276430206578,0.01225095698194583,0.06534217206478514,0.05629314361551994,0.0500672996458026,0.12613474289969437,0.12913377058096573
0.12339798979736677,0.12453927816608439,0.10354675901555298,0.07845609954016666,0.06765084774304636,0.1157666553580116,0.14586194715044426,0.07735400528401486,0.06199580112349775,0.10143061682181446
0.015806059444639864,0.20650685893529766,0.11776912906643655,0.005894262559576834,0.00735113279062558,0.15259970671019724,0.0311225218247848,0.0745818275221475,0.20367949712538674,0.18468900402090718
0.043692249237065044,0.05376298869154589,0.18613804752480018,0.1796578649764711,0.13035451656127914,0.18626799983167253,0.014948210653281092,0.09442842489763592,0.029278012924350037,0.08147168470189912
0.03250094338435395,0.01718784104297384,0.05874761578720438,0.024729488857096964,0.1557161619463132,0.18768158572782204,0.046723442312041674,0.21615511052592729,0.1886644110549616,0.0718933993613053
0.013115111641415853,0.09614606510228685,0.055052103448394986,0.009441737831263439,0.10678572230397712,0.2027490202139802,0.05240581801944867,0.0816783951769017,0.20705659235567125,0.17556943390665977
0.1680896508703808,0.0555583062890626,0.06792509465306568,0.11495481906334917,0.13170379566621393,0.12368511562797813,0.09026754187377625,0.09942066127931563,0.11109483746013217,0.03730017721672566
0.018322421461061042,0.1733286207033178,0.014868890248005655,0.163859260448734,0.21254568262223486,0.01851654433068721,0.11276155213959385,0.07242798350892754,0.16485619712149047,0.04851284741594761
0.10843311258387188,0.058717878360812145,0.1380454751438057,0.1260652837109014,0.2216063515865584,0.07064836881224329,0.0036975571323227692,0.18351724976646303,0.035758951534782646,0.0535097713682388
0.17884443710225859,0.14450847839684908,0.01823824048754019,0.13566830964239443,0.15253242329042963,0.09501802459546481,0.024312607556198976,0.11215243841635594,0.08842101308422716,0.05030402742828133
0.03401157969586762,0.026879251272130936,0.023052656850104488,0.09893169053937279,0.1580454762096684,0.21758738059370736,0.12979657864836094,0.17065061580535495,0.05761704860171945,0.08342772178371315
0.02826378460402977,0.08246091083280442,0.1289347045851609,0.09700102357992647,0.06023432299913137,0.07693325273672282,0.12864965498120606,0.14192166424349667,0.09820080888762912,0.1573998725498924
0.13521660057312374,0.13336705467337445,0.03630953747670919,0.0902666762534604,0.06655666625299796,0.09264906628105693,0.08068364583863492,0.12525963012703004,0.13145816739824834,0.10823295512536407
0.15123310112032154,0.08500047379080951,0.022199712493417557,0.10381753266319761,0.11249910002735135,0.12402879986050995,0.15485317026246642,0.049955138884056595,0.11479136533127451,0.08162160556659515
0.004026418077006321,0.05176621372934562,0.15085587530247005,0.25289384406939447,0.03536332357026773,0.15366752480386073,0.03966555504055327,0.1370872942149401,0.16110699911687337,0.013566952075288468
0.04406131081221703,0.059405046764297545,0.15114208188319797,0.09049929841713442,0.14483368852929746,0.11371998930918384,0.11060788387466981,0.1498930952793382,0.09174771807358272,0.044089887057080945
0.1606930656491988,0.11206847606994927,0.034018257659951846,0.09851796392043372,0.1452375558639435,0.04979686301744124,0.02795638578922185,0.05021239075488324,0.1571640673441209,0.16433497393085564
0.012087723324289614,0.22071867470728726,0.016262838499767618,0.21885972366967169,0.09970017540959533,0.02375918663093995,0.10068602385577463,0.11780903873423504,0.1463438132977856,0.04377280187065335
0.012387902530883779,0.17830180402531087,0.09336422054906007,0.07350061870088086,0.19520304507597888,0.12901998705994946,0.05785280863124444,0.019161171597533194,0.11660812964957365,0.12460031217958487
0.1229306732625904,0.15621218139133689,0.14041159532464637,0.07429613261220001,0.04889534849275061,0.15001032363726294,0.03862358619386199,0.018844118319701977,0.0935836707841233,0.1561923699815255
0.05654502268207436,0.07511105857159327,0.1144315364724163,0.027311537332536887,0.09882941201064652,0.1675373008255465,0.11653218526793811,0.07362713007027681,0.1550705984728072,0.11500421829416425
0.04671296714964913,0.1468286850672984,0.07208978346606658,0.050719807023997775,0.12327251220081696,0.13504273906189004,0.05870407729213642,0.13825195293244646,0.1362090382698216,0.0921684375358766
0.11446709708603692,0.19642959722645675,0.03812065891384766,0.13872436120417458,0.09400142092241229,0.03592366988359291,0.12795752866426188,0.07670874987084009,0.16446342639988648,0.013203489828490313
0.009080744973299314,0.08082459148306355,0.16014876207773532,0.07966687204715894,0.04342523954789815,0.2351459054477303,0.05368446774370936,0.23605085564913025,0.0616934349045528,0.04027912612572196
0.036143529106356126,0.1471078466939516,0.19299711323354657,0.20636055925855248,0.05461949995732929,0.029011471312195985,0.06770317625154772,0.004863392234798779,0.20272870149168276,0.058464710460038774
0.016186299540233432,0.12234945715832088,0.20507003094083487,0.14130641463714655,0.02120861718381836,0.15948309965069069,0.07819950961678748,0.03627791713216155,0.07850159383449108,0.14141706030551512
0.07043656838740613,0.14787315930181688,0.10924276420945943,0.17698151867096887,0.11355957110227421,0.0008695950195570014,0.19919134395043125,0.09642730820777726,0.0852740670057644,0.0001441041445444938
0.08558791408366043,0.06067226436839906,0.04704654399764889,0.139952778107661,0.14864865540843097,0.11090881337870696,0.03480269320360421,0.10722379868032232,0.1063176823572627,0.1588388564143035
0.09664062346883595,0.12850352372948748,0.14240884901023063,0.13042724154245036,0.08846218296824265,0.15931756487493814,0.01914290004683252,0.09528020687174689,0.0508490490789095,0.08896785840832613
0.02584454871882462,0.03976532775874596,0.268948881723916,0.15702498365074405,0.08653932829381512,0.17487718858848303,0.08238489741693672,0.004505325643453211,0.024332663902847423,0.13577685430223396
0.07347105928536932,0.04821233895277528,0.1427656105673363,0.0771939504383521,0.18562487495608254,0.0769520253425013,0.1738566909985429,0.07241014378382328,0.02424320583059,0.12527009984462684
0.026882299075241613,0.16252044330770601,0.12859523914683169,0.030813387102933555,0.03362622053942457,0.1474598155488284,0.07670459903438076,0.12508925258370981,0.17727055751105822,0.09103818614988522
0.03462900415407457,0.18966016004649247,0.17896879412910555,0.04323082435982939,0.025469199745308996,0.01760567394983553,0.19207448991364814,0.12597807434976915,0.018933946390086307,0.17344983296185
0.1482003634468825,0.14994068511838687,0.06330765889430431,0.04082942196203263,0.06215445104411491,0.11193858482251776,0.0394666592287075,0.14922067268608286,0.13502621769395484,0.09991528510301577
0.1640435009544084,0.024480539461627884,0.06114078423603207,0.13438177553994893,0.09862786729396143,0.15656582611234904,0.10523321277418507,0.1816391113227916,0.012880179111536551,0.06100720319315913
0.07944540928897263,0.10637162900888804,0.14133907156559913,0.19605386749340017,0.02392269784226857,0.1551582335985827,0.10952056541232168,0.00786243834776337,0.15732628890478514,0.022999798537418476
0.15658691233374716,0.10396646631070598,0.16122524947450056,0.024412441563972483,0.22288608761588685,0.013749298876599885,0.09649051569133892,0.09909537389687313,0.07888399379017744,0.042703660446197576
0.12788626085163415,0.13209928383231268,0.0051045829722290645,0.09353182569930417,0.1046182714693617,0.03325218289587614,0.10456966077209247,0.1532484391014519,0.1135495597601546,0.13213993264558316
0.10934697292091294,0.028681281894033916,0.15728644124994184,0.06623546141393222,0.116952076432156,0.013021218336204031,0.09146567886541428,0.13192204388940926,0.09533822169814794,0.1897506032998474
0.18881277789812528,0.06071897441078328,0.16168513466435555,0.07118304298890958,0.10605150652030762,0.03821730439149874,0.0930048844402522,0.021259971336564407,0.1100216195605806,0.14904478378862282
0.004580428525383863,0.036253575525975176,0.04482515643841954,0.1667181053713975,0.12610624187493358,0.16828822841719224,0.1860361685987849,0.039607028521158105,0.2231935583204258,0.004391508406329272
0.05029286733004391,0.18250454299938357,0.16331153413805408,0.04486897801361092,0.1477771440799276,0.0737907524370064,0.03832494720871762,0.12063666200926294,0.022152966451869642,0.15633960533212332
0.11625918261103936,0.075614768557838,0.07208368968133524,0.24743174676435278,0.20403168892123033,0.0926433786617811,0.0004872941739123032,0.16417949110033797,0.012000727724063772,0.01526803180410922
0.17378894331053402,0.11510194018945187,0.005407170046469645,0.15017661120618575,0.18196873354101617,0.09287686141470591,0.011804519895328264,0.11286750029742958,0.02812249036344262,0.12788522973543612
0.16955690765192985,0.13502481878439626,0.15701779320384412,0.03959356320675312,0.03987396879299336,0.10717167731796522,0.0597512201837559,0.10514064731209258,0.062046555835027564,0.12482284771124179
0.05381937915607482,0.12424962660121999,0.13456234229460257,0.1047175541823392,0.13245512766576067,0.130758719073906,0.0863166976846996,0.11175219102189947,0.042544995421919335,0.07882336689757848
0.06931891281262924,0.255303575740883,0.03023895256420861,0.18404352905139748,0.014638010531058648,0.24279332319789942,0.008328428251551362,0.018864733774414617,0.016567915971558083,0.15990261810439946
0.2173951424300939,0.04129587105713488,0.10333613377072538,0.11944340527501585,0.11054123854426605,0.032655377058404496,0.11423632319066658,0.06080718950763105,0.11361691843932914,0.08667240072673264
0.035839712366088954,0.07245226735872629,0.10961441297925754,0.1408071631495227,0.13822253768176385,0.12392391162337346,0.1363821494196742,0.09895573109571239,0.08796427494594171,0.05583783937993889
0.01685387875740188,0.04815239369660026,0.16497322824062124,0.13899063930693242,0.06923762761255342,0.12831631660360487,0.10535984897197966,0.0865862605984919,0.14318624520867235,0.09834356100314202
0.05957599708388566,0.09017675402915568,0.11931470227465868,0.08646945532723155,0.04325380845718017,0.17468600421228003,0.20539016857181455,0.04842259381463486,0.0011526161140535244,0.17155790011510522
0.057417921511453376,0.10939514446004464,0.16509768399411023,0.12907593575703855,0.1710817457236494,0.019657204241237698,0.10228676611394974,0.06189470042292886,0.07592263507178826,0.10817026270379906
0.004929171747132967,0.02666195774070499,0.19241097777596158,0.14936702893718345,0.09829958721465233,0.027219505536916343,0.11011750373873842,0.11562868001129843,0.07625963158622881,0.19910595571118264
0.06022669396901468,0.15285842300094898,0.13018859998753082,0.13263151856249328,0.1316864647998841,0.0509179301850836,0.017013003795571156,0.14390270539666236,0.09416167669413142,0.08641298360867952
0.13004977273231166,0.05994975308506704,0.0517521476880478,0.09259666129798969,0.11027550355447983,0.06969434596670758,0.09145747699979195,0.06991315872586402,0.14665302871919836,0.17765815123054213
0.02190191846666473,0.18862774936588422,0.019224701221895353,0.007884349113078453,0.14264306548066016,0.13209603957382982,0.12379432505440018,0.11920315132452146,0.08598783383594437,0.15863686656312143
0.06324266325438001,0.05309892596229273,0.11750660258493019,0.054506612664544804,0.06994513644484908,0.046944129526292844,0.23570694394439773,0.1457041829788697,0.015750169182459563,0.19759463345698336
0.11553025519648231,0.10938571048724147,0.09916116556527398,0.09154975478490013,0.07179241136805077,0.19451462463972488,0.056205022740533725,0.00596254641288487,0.10871489923314301,0.14718360957176477
0.05453059812664663,0.07059612516277083,0.04683199075121733,0.11549966904354282,0.09120597074539402,0.08842759733230098,0.0978929599768045,0.1330078160134689,0.0922336892744287,0.20977358357342518
0.0013739041644662828,0.0496148237793529,0.18918631766788355,0.13635776591434876,0.17208358461426615,0.05057666246172515,0.14871143390709907,0.10750525553234053,0.006682446931354033,0.13790780502716357
0.04363195568543281,0.08987211153896382,0.1791945188624305,0.15988838026301863,0.1034046095922857,0.15047768586356036,0.15652139941230195,0.010713437393994071,0.008353268499481568,0.0979426328885305
0.115255071154222,0.0032966951093537054,0.18681497640510175,0.1263033099002219,0.033923002595151214,0.18397975638598038,0.03069406507986543,0.0719380671367036,0.10772848143871355,0.14006657479468643
0.11146419755493178,0.072092702202644,0.09124485276960202,0.12593526149922715,0.15144680260861162,0.0954282628599272,0.14852577523722366,0.13703658350001083,0.0594147027635708,0.007410859004250864
0.009401690386591673,0.038960253356509406,0.16793985958464425,0.11686580204593512,0.05739401116669812,0.20404299577862003,0.20321056529822526,0.004927048892709445,0.06669113933779912,0.13056663415226763
0.12897517356405205,0.11979363613025411,0.12574449393159712,0.14189946150982843,0.036174560511860895,0.13779613400670165,0.10969591890590245,0.03337483700745211,0.06852257719074756,0.0980232072416037
0.0932618066081588,0.2193694975530783,0.022997907125454686,0.12051172963147896,0.11604163557289368,0.13215987915432872,0.04384602718450096,0.026107434205826528,0.1356077008343335,0.09009638212994593
0.15856594509039895,0.02895673679263125,0.09593620340746965,0.08265533394329917,0.09516693318280228,0.026392235155156835,0.031122523227192826,0.16350118879646056,0.12871525504851275,0.18898764535607573
0.12123912634601566,0.12460645649543484,0.17852353970478432,0.02929375639465159,0.15989894749583386,0.011954998287778422,0.04309635301190786,0.15139420476031806,0.09653036017602999,0.08346225732724546
0.12197044901450732,0.18022584342455628,0.033232606621208534,0.05836159504910034,0.14234269432897453,0.12073090756186455,0.1150802514892611,0.09386265891605346,0.017255823352210584,0.11693717024226323
0.11858903575051788,0.01544970041398848,0.1454286217240409,0.183866318040913,0.11540379102852633,0.15442593384974315,0.0005786637159922625,0.06673555401943619,0.07872094328268268,0.12080143817415923
0.07485231969746543,0.08698381135121372,0.05544247888686831,0.1061581287116048,0.06414436700724398,0.030806775508982004,0.1334030997807097,0.1505597715027515,0.16747354905674758,0.13017569849641303
0.09585158211299993,0.1648815768512732,0.10560309312781671,0.06384419055104737,0.04573717287516865,0.09598006935381685,0.03855152629742398,0.1590916049697414,0.12174951643184562,0.10870966742886636
0.007961653175274223,0.20907641619877684,0.23524986282209778,0.06407277785024502,0.20595402216180536,0.08732172782921295,0.051141663466113124,0.06674416118349982,0.06104488631964089,0.01143282899333391
0.1618889530593512,0.0005569655503754306,0.25183250934425094,0.02110080712361281,0.17777020350139444,0.15340574748784733,0.07391568600046175,0.11558714141524448,0.032275899422117185,0.011666087095344366
0.013740328961384567,0.030420386145063816,0.15105469023682935,0.03523912570897721,0.12080447098612121,0.14850871441402003,0.1465672750012805,0.09114701705639681,0.13726070712879515,0.12525728436113143
0.13697291231060532,0.11614934560616659,0.12930659909999073,0.0446375300492052,0.02865743859284844,0.07918468868329694,0.1055750630444309,0.12506401181964183,0.16074717315880319,0.07370523763501077
0.09181308510655699,0.129528085239619,0.2386145091527116,0.08685381543234638,0.07927656128287017,0.15612877938241945,0.007412816709533929,0.006408631015018088,0.16143880547824985,0.04252491120067464
0.031278515789032874,0.1557085370888816,0.015455261405886506,0.092963078131264,0.11404186472393979,0.12905924603558663,0.15189731224812292,0.10088750859227795,0.14892035166606932,0.05978832431893839
0.07826472493602862,0.04588904063192223,0.16480130268548507,0.1646868948761336,0.0020120002917938624,0.11130480495601767,0.08147582139811889,0.11678027467657327,0.1759697702106379,0.05881536533728896
