i = 0,i = 1,i = 2,i = 3,i = 4,i = 5,i = 6,i = 7,i = 8,i = 9
0.11346133944075561,0.02301547505709209,0.053697863334831,0.22791843588938124,0.0754184849212716,0.0367789475823213,0.016063104051659383,0.14614566022546688,0.07386422342997044,0.23363646606725041
0.09232551799272395,0.04514692746715058,0.10154661119264058,0.1980396994175057,0.09584782516731691,0.027025877799922566,0.18656443870443667,0.13394672176311537,0.03600505821376956,0.08355132228141833
0.11331290380598794,0.1253852238328661,0.19484698476524012,0.11978997943248583,0.1857145336603287,0.005014598925771407,0.015301982596758253,0.11335450759158529,0.08053876022119048,0.04674052516778581
0.0492437084536129,0.1929998012037435,0.15654173568629368,0.04422635852782984,0.1434934275756516,0.19499709970313853,0.07499712779443118,0.04001246650110963,0.06718349927021885,0.036304775283970386
0.06148799813111579,0.05836821760245429,0.08158665721273227,0.07505173432381666,0.09368855005552318,0.1718654469951257,0.11199990710233279,0.1101469122934162,0.1803472594715606,0.05545731681192261
0.17144818083794108,0.03764496573276202,0.0002183400550226199,0.10699638892506184,0.11910750953733819,0.19105743273472567,0.054312801725265925,0.017395325327189664,0.16232065003229018,0.1394984050924028
0.016027490317390303,0.15433184795124683,0.036001124111486114,0.1678063421579942,0.08584435701841166,0.02962366145132187,0.20494249290818595,0.08713472872987343,0.18302592235763823,0.0352620329964513
0.15576666543137296,0.145527931421399,0.0038129980130196767,0.1619785425921942,0.089523782893561,0.09159216561993642,0.0549371634191889,0.11682614585265876,0.05817191185591189,0.12186269290075702
0.17196732940907644,0.03910619242331695,0.20796080636823563,0.011397244827234334,0.04771021114838232,0.022542252297671036,0.17697845708575918,0.16994792008059154,0.09810745990250068,0.05428212645723199
0.10738571219510822,0.1039158529753487,0.14343693445894726,0.025994471345173128,0.11943516725757156,0.16631865466499493,0.11616963319618565,0.09185615493807547,0.08145511476300718,0.04403230420558803
0.16119299044518126,0.11693615869276874,0.05102267196695934,0.15679174496666184,0.053970183829993204,0.1657769730143276,0.07110160266974005,0.12926396658728173,0.08074193862318986,0.013201769203896553
0.07328714834764323,0.10297463049361824,0.07379044689430718,0.07646819011940754,0.07430756108847783,0.024634826499501612,0.13929345347421127,0.15099331028092433,0.10774361827014887,0.17650681453175993
0.07490634538017842,0.03310491955848723,0.18083137419142295,0.14644846581627305,0.17138442584354935,0.017326080865679657,0.1673585110333871,0.0846861793012461,0.021315851032106335,0.10263784697766985
0.1745227800938302,0.20962893813228786,0.08237871361595797,0.21462326677716473,0.013136546393903917,0.08956441925891026,0.007917052297196093,0.016152680931631785,0.04737967910970013,0.14469592338941717
0.15902381211127486,0.14185319998224186,0.07884472365758709,0.07632850820166587,0.02344391798430869,0.058297795395072315,0.1500450888136606,0.2188793107321595,0.013730702995343928,0.07955294012668518
0.10148182893098238,0.1480310378627761,0.13776590378994166,0.0810012131486166,0.04318349721873125,0.000802480574807641,0.06173362743509463,0.19163986869184524,0.1464881311808523,0.0878724111663521
0.10795428363782528,0.07433995516524562,0.1654681334627705,0.12796399773239706,0.044940743034048915,0.11245520377762605,0.0021432188007681693,0.12025767768103025,0.11236145542494125,0.132115331283347
0.005238618549217906,0.16814793126303265,0.08107234739384357,0.06330449585171756,0.13756573854594953,0.2085602954013596,0.07259613517355087,0.06359586159024587,0.10878602680622379,0.09113254942485878
0.07314779100262031,0.08751979802456814,0.1699023440590662,0.0928833870702132,0.16138768249446828,0.04670088842018588,0.029918122524781883,0.15682792248791286,0.1318199434228235,0.04989212049335975
0.12973683317259518,0.15259425146652514,0.0040846017032574984,0.1690250714205029,0.12463261929349723,0.02889100669594238,0.1256526928589422,0.0766393711828413,0.1615111605006061,0.027232391705290158
0.18368097596077973,0.11578290465802227,0.012799360665674275,0.19162529424379507,0.04049668565637645,0.09980363170957825,0.056109739462488054,0.07081181699567297,0.18843533384258956,0.04045425680502334
0.184833775932761,0.050100540607972026,0.08061097771869742,0.14827013080103046,0.07458424936395043,0.1023236471024331,0.03193640912397918,0.1530033653664619,0.11028296613295745,0.06405393784975705
0.19653102346485618,0.20481338019512915,0.04035280732374468,0.05708157018163185,0.21921107942705106,0.027541710716958392,0.003668494807682619,0.074478662645093,0.09157954218733594,0.08474172905051709
0.09030258286368069,0.1942282564025146,0.11828785261967187,0.044096556331913866,0.007411939685816324,0.20564578666092162,0.15009067688193722,0.0028470322036408,0.1171338776395137,0.06995543871038916
0.0018383262175249615,0.14180980483950859,0.1850374989280888,0.04340257446174811,0.14601162544592303,0.1273649323461728,0.0819573684503718,0.1368706773752028,0.07043879980969212,0.0652683921257671
0.04368646848549402,0.1124760081048683,0.15258426727413624,0.16359837866246665,0.041384246633450326,0.05972757549239351,0.045789825405700965,0.11301938881938585,0.168829699812893,0.09890414130921103
0.11178278534291257,0.1237633728162759,0.04566330249689627,0.17671663200278623,0.09734101750525864,0.10216735203722312,0.02807227085456723,0.07604575616167632,0.10776095234854213,0.1306865584338616
0.004951822962327728,0.1828535949796446,0.10505669421287979,0.057267155360975486,0.1742049383738323,0.1662896930015797,0.17040002564023612,0.01030217793356452,0.04795853302027123,0.08071536451468858
0.17871500557421854,0.13310525555864958,0.07371010905944272,0.09123810669352005,0.1500562884018749,0.02010489989012674,0.07856822179185469,0.0655241846505949,0.09111242399302649,0.1178655043866914
0.07174088540953592,0.07658832536317965,0.14285155407801944,0.13251733776558058,0.02812129830908978,0.15869354031291932,0.07745245877514237,0.10697130506903732,0.13421217316074804,0.0708511217567475
0.04816528270080973,0.0810848122492168,0.058029696669902216,0.02541266890913478,0.059817168477522026,0.10198781962199566,0.16234884398393495,0.21406131987377341,0.22860862302594992,0.020483764487760563
0.10572494564328734,0.09687756483613509,0.22845035519745427,0.09780675807276343,0.05502488877432147,0.2096028003175713,0.03664647935979336,0.04209517606976537,0.012916738712309389,0.11485429301659894
0.0817380432893178,0.0459865943485885,0.1500528609592723,0.009863548929369362,0.2188501536878597,0.0023130328870687245,0.23675084107294905,0.008769128711694624,0.1591716524310028,0.08650414368287715
0.08211555216045767,0.18456932057763284,0.05769594374619139,0.10207452027102243,0.07044075853790713,0.21497754970790345,0.015497498901278028,0.1348353559613914,0.09992544619648562,0.03786805393973009
0.011280318549639255,0.15536961944089306,0.045181669032469396,0.05993303180058282,0.008281217043565586,0.1914717762293233,0.10330935661316448,0.1962487428923607,0.07485674388455969,0.1540675245134418
0.09245862011784717,0.10215746190611101,0.07948122325827864,0.11981540365263912,0.08091590972224443,0.11308146358495777,0.07250996217838919,0.05698153180168321,0.1163516303440524,0.16624679343379706
0.1079348953621689,0.12761386368886796,0.061195389053427314,0.15949939831406337,0.12947879794181077,0.0728425056539956,0.08957659803607922,0.030108671325191964,0.0990238031516665,0.1227260774727284
0.12382228539249626,4.2727467940266945e-05,0.1397553868915761,0.056962820585185224,0.14070064500739035,0.026654789500741422,0.10273619896104379,0.07173070150275665,0.16843449291903229,0.16915995177183774
0.053127827229100484,0.19425426500556806,0.07880413638992637,0.17441481637503625,0.07486163740578412,0.16663935172336852,0.044385702157942145,0.12967613249449583,0.06545746490513138,0.01837866631364675
0.15763423164891927,0.12029367769612619,0.050285751810186616,0.05912045289101672,0.12555755443509312,0.06248992193362495,0.10906603637043703,0.10006744584746269,0.10931933593916864,0.10616559142796476
0.022773414201646257,0.0022250665379483286,0.05111828015750984,0.06371154892377148,0.07405125599979592,0.1881084513588853,0.10202741621873708,0.012274919275042467,0.229586125922947,0.25412352140371636
0.007387402148948912,0.14009027755359926,0.13382038248437908,0.13325528743228857,0.15478086393654972,0.013161656303254913,0.16789111969746642,0.03338617655948165,0.04073870259436057,0.17548813128967083
0.16920456014604476,0.14389805560935146,0.13647782866504643,0.004426867072020593,0.062224892093674516,0.1546028249419193,0.05436114929942193,0.14035586636334124,0.08904410190601778,0.04540385390316186
0.08664042484833484,0.18796078301653799,0.019536069937828585,0.04119863373993589,0.07029497707521358,0.07562168978936884,0.08998905920018672,0.1660787199817678,0.1659401473290008,0.0967394950818249
0.1619108619375462,0.024797497242642942,0.15830268085236227,0.1424443697879374,0.0339651837279368,0.047581683175376144,0.11876237558641449,0.10660668152123975,0.13067319205921596,0.07495547410932797
0.14549589596556609,0.11917541732989899,0.04893695400695591,0.006504389608936914,0.16584993494683373,0.13145602281171356,0.03478373398198338,0.0009989085617006937,0.20698185864084323,0.13981688414556745
0.010032246169432093,0.20033007901290636,0.030985329917834807,0.03556382362195681,0.08318237347192066,0.1854040653541301,0.04319345228620455,0.19528951443337036,0.16227049009385308,0.053748625638391334
0.06341957401740597,0.06310390588211746,0.009082583915163289,0.187458586789142,0.168964801929336,0.14879295903858591,0.0694369932984381,0.20300366497568914,0.04708416815550942,0.03965276199861268
0.0803940470388523,0.11190984523027928,0.03175374252690504,0.15761263758636573,0.04611458808506214,0.19246498642287865,0.11602021649494197,0.038068094473807636,0.1317704312379449,0.09389141090296216
0.018780073647136866,0.010555587503114952,0.06205912785669362,0.07612265781196917,0.07298734380978031,0.25835335398220877,0.08198483062043041,0.2040601275034194,0.058635638203767444,0.15646125906147906
0.023340440835082216,0.14714700523967586,0.10027413209999074,0.09804210425236862,0.14781335104066987,0.07090002167618602,0.029839605748864954,0.10315861332610457,0.20195854533077862,0.07752618045027856
0.1399689384794769,0.14251414169474472,0.11626710503247974,0.07400060883237194,0.08802138381391647,0.15821332449010184,0.056505415143370645,0.01340543549817882,0.09818333175943232,0.11292031525592675
0.15232761499843692,0.026878182065993548,0.12679525922782703,0.15548110072297044,0.11790278497152866,0.011966371741066878,0.1250661380460079,0.10537309261734297,0.09707439634911931,0.08113505925970618
0.14215131104302647,0.0930692121418304,0.03150231631367751,0.1356034245502721,0.03136314722960587,0.10273628804544462,0.09486904428113586,0.15112774368216753,0.08481718694679329,0.1327603257660464
0.083385375610608,0.05429993377287041,0.07315541147286414,0.15934682696753377,0.1365380540351747,0.034348185449973694,0.18299248874352386,0.14057740886885853,0.10976627154555822,0.02559004353303474
0.017790680307150898,0.12441217566575379,0.15994892126433838,0.19874619945484848,0.13323103271218706,0.2085374957593273,0.07744118248284802,0.04876029223033996,0.02645851744918826,0.004673502674017851
0.15585618348936744,0.016669146871417875,0.08388140460579084,0.18717172212165037,0.07077744617785632,0.15571725375412176,0.0637357341152231,0.09330763021726783,0.06775814417108936,0.10512533447621517
0.04194552548043381,0.005528511550655565,0.19849285897057195,0.14976878119256307,0.15419131405295913,0.17282189201613868,0.01897798503013184,0.08981728164160178,0.010250812646652315,0.1582050374182919
0.02044855351881833,0.10667149992967376,0.088117145456319,0.08793002554970718,0.11985522334524037,0.01328768891391216,0.11048598630869172,0.13577294183430053,0.1551612118048568,0.16226972333848008
0.14400934143030686,0.06170066996573927,0.0777190523859047,0.09906602757289941,0.12231173802633781,0.0430964564357227,0.08810896514081092,0.09391699370042118,0.12131099178603212,0.14875976355582496
0.09619335462208775,0.06452548142794667,0.12127809012068612,0.11701876995750173,0.08963178191913246,0.137501571374533,0.11433062340533223,0.04510733377679125,0.13083004911954332,0.08358294427644546
0.12083247254187265,0.1655390127825646,0.02739309266513465,0.016082936471309903,0.15685042755102738,0.01002042405081019,0.14720478942855164,0.18582915037122213,0.15344189190835594,0.016805802229150884
0.07691532392963064,0.04895403814310459,0.07721353401712355,0.14129118535806506,0.14683473988311702,0.13376150223414204,0.040816829767470315,0.07820232175391596,0.16464814779614148,0.09136237711728933
0.16511834848496268,0.015726811113081218,0.06481879115454847,0.027439871922442363,0.15779949054021636,0.028124065512272416,0.18380937699012206,0.07085827982839131,0.2348318251199322,0.05147313933403082
0.12253481007874485,0.1284313402293615,0.1390508389021736,0.1692396890994743,0.006436366881941537,0.13469624338255717,0.0879353412246739,0.07354768323463963,0.008288793461560067,0.1298388935048736
0.0031767728104431232,0.10445873240196486,0.1530867913498708,0.15474809243650262,0.17723397052391124,0.14626062168459894,0.06157781813221412,0.121823969979964,0.03952949153545517,0.03810373914507532
0.1490357036899902,0.1321215448746646,0.017541495937801837,0.025630671109643666,0.10349493345297889,0.15356618329973762,0.0007445832262552204,0.05325900431678868,0.21944124224587788,0.1451646378462615
0.08911954536940919,0.1323508674152844,0.07901682403273987,0.046917622846339366,0.1793516950330461,0.10654886094196094,0.1387678515236299,0.10777970935357502,0.11008994042769384,0.010057083056321262
0.07096350521070675,0.09653859272119411,0.0024653755106393838,0.01151417718635913,0.1267173447347083,0.12260816144137561,0.14327374568584228,0.15036943053814364,0.21974759895385618,0.05580206801717448
0.07744706232307798,0.14057294072428747,0.14029567097608306,0.0353329349116057,0.08108291468081356,0.08738875431251611,0.15452286001154134,0.1295248118683406,0.036411738265622134,0.11742031192611198
0.15334177653013778,0.005585962963374101,0.11112534087371163,0.1309219505279503,0.17914518849823283,0.05932616330788419,0.06052563240629994,0.13338526296859546,0.13354822769702104,0.033094494226792844
0.14401724279124956,0.0699888047275372,0.12514117659802115,0.05088123959445833,0.16831179735831503,0.05315086215808768,0.16867413748710847,0.06176402097605927,0.0932269211802155,0.06484379712894786
0.22558698144272338,0.1931577975688553,0.004384303251009638,0.01834895121475368,0.02806983993513857,0.11704777382809886,0.09072144141681694,0.02008601012900973,0.1306740840688497,0.1719228171447441
0.13291538536031358,0.14425965329590237,0.058868131851971255,0.10340637996323851,0.06522906449714974,0.07619954873329542,0.12940012642883586,0.11534522710581604,0.13050970991487124,0.04386677284860597
0.008635596590101064,0.15245913713181844,0.1271352326241148,0.07106489755231811,0.10992313152804097,0.0689099406764143,0.10103205919510344,0.06386260606561248,0.11472454488351101,0.18225285375296532
0.01354633970622382,0.08079512240922311,0.011223219836931773,0.17558200140907984,0.03348268033020409,0.04703894397865503,0.18551726989091816,0.1437762815793827,0.10833551836639543,0.2007026224929861
0.04405819859036128,0.10582175843554904,0.1169158875956292,0.14670198589001057,0.06506698338740441,0.0414055633272309,0.0656517249681331,0.13534200912289654,0.1131229252725803,0.16591296341020467
0.11670652845383335,0.06400497447480595,0.08778593593736551,0.07449947520788024,0.1994950880749371,0.10221025949410718,0.014484931244167786,0.018473653601058064,0.1463847755310251,0.17595437798081973
0.20792371780947025,0.13327147586944568,0.1061521378435311,0.11233342717996325,0.034254001261398936,0.08351116707642628,0.06977649235883814,0.02260817187788542,0.11355510078058575,0.11661430794245514
0.14412162603091871,0.13691148169674386,0.044463956428234606,0.06829090119540362,0.03076847075547422,0.2136538962012884,0.17699947475503275,0.0004557049205561671,0.18095714191010384,0.003377346106243658
0.15572232738222894,0.14470618757355325,0.12194024499680717,0.028540874286345545,0.008949950553335546,0.19032847430253055,0.08885969927303759,0.13118533744577923,0.007203622821760158,0.1225632813646221
0.015533785560050254,0.010004538269286297,0.15136778844100512,0.08398769117857359,0.07994728417363353,0.1853717929582055,0.13356875883786737,0.1271814290211995,0.009459602680298565,0.2035773288798804
0.09263498720327137,0.12245263145955462,0.13679633435497204,0.08358798513239805,0.12554270700006584,0.024151777679155027,0.08024608915756659,0.09456447500333982,0.09142154923078775,0.14860146377888883
0.1938757683319245,0.05648945628094375,0.12015206046205595,0.014356143962089486,0.20187052981827544,0.04944920799202845,0.1236684086060313,0.14165102669363006,0.08540556059674932,0.013081837256271895
0.05870612189295449,0.155035874535391,0.08118740352378595,0.07087380221480874,0.1356657872236005,0.12195050126298997,0.11235891699452577,0.0635536835920846,0.055248555327061286,0.14541935343279772
0.029233817522956364,0.08854650650524873,0.03307810099983804,0.15421129530514066,0.15984340962388993,0.07558709146386745,0.13890617964588536,0.052709299894235256,0.14561647755987786,0.12226782147906029
0.19836042432071047,0.08062425216944569,0.12406223284305383,0.011883140780117433,0.16291713057968438,0.18876626536281765,0.024614496294760917,0.060082966854877094,0.039670821426514916,0.10901826936801756
0.15478127341016454,0.025940175812693908,0.0714966170727737,0.1124021447067206,0.08382969768920623,0.1275868606174098,0.1369404024346863,0.12448590782553329,0.07871493615197053,0.0838219842788411
0.1899247798128539,0.06785489685316866,0.03744664290674379,0.11988892556475328,0.06570906327211776,0.11112242653923689,0.18017244209181732,0.09497704450341038,0.12442428484269305,0.008479493613204948
0.06479926659219817,0.00040009687560544043,0.15627807962282228,0.14377071284958487,0.1337903710591551,0.13667553804558866,0.047219664901248966,0.04136090464363221,0.15672636331483453,0.11897900209532963
0.00679366127893591,0.18370695691961927,0.1636422304220091,0.03468937272077326,0.08755021079428885,0.0886644359142004,0.12348615108874435,0.03452761046998393,0.13462132959258183,0.1423180407988632
0.07525556789435194,0.10163168301938885,0.11586564906635807,0.14167642299683875,0.13620040858479884,0.13875864642497904,0.0007926227958990428,0.10447928127640185,0.11952948306103503,0.0658102348799485
0.15817754070282744,0.13161959018203165,0.1516636875741068,0.004362664473827518,0.05321178437137886,0.11105253635680011,0.10391029149891774,0.11533190918873815,0.04974795654311726,0.12092203910825455
0.14855381258202188,0.022710236926386632,0.043269199012787044,0.187526606450863,0.1558239347937238,0.08731200293625012,0.055668834457431926,0.1822377770225849,0.07084674471275777,0.04605085110519276
0.15121328985418314,0.27484901061286854,0.11226715155104858,0.018257624494062704,0.05830084638516433,0.02773214444338704,0.028993475079040175,0.017857814314885315,0.16132005262332172,0.14920859064203854
0.14368815406801885,0.137859014048178,0.07218915613876824,0.08165555943974324,0.1079180525474634,0.08539169926137315,0.05594722467618568,0.15405153067857924,0.06017178344473213,0.10112782569695808
0.012657783491696351,0.025655582682921785,0.1384132225145462,0.16099958645232154,0.03544627803406755,0.12480138938607166,0.0722481902529507,0.15253036299318026,0.15619623075108208,0.1210513734411618
0.11007960923390435,0.05405530975718034,0.12816018432776216,0.0006975975997545338,0.15716822095942545,0.076029617725081,0.09185828757999932,0.11839593918480586,0.0977302715500969,0.16582496208199005
0.1477478482157446,0.008151388462559545,0.1538047322832055,0.037623478884168726,0.09443773164810221,0.08643270592035883,0.07220202399660024,0.11737026247749298,0.13164571493090105,0.15058411318086626
0.03682008538982634,0.13860999995204207,0.0522038495970827,0.1701113051421555,0.175695320785738,0.18930404968434875,0.02124545412480535,0.027319176593142355,0.028862095653250323,0.15982866307760862
0.051162433810770215,0.11763129109300757,0.0658072218846065,0.052904967706341476,0.1728342320013691,0.04531100925481833,0.2058525364865191,0.12309472220854806,0.09981475427631692,0.0655868312777027
0.08244862358652935,0.14926581033892775,0.19519968961533612,0.017648809032371426,0.11166686486262875,0.07755480385995576,0.028709444368204804,0.03583062019405337,0.08017224929716933,0.22150308484482334
0.09256653120028177,0.07033372502861543,0.17323592393535853,0.04331547158199547,0.015872941584454167,0.21555378988940532,0.12325138027579792,0.06010467337525611,0.14930449800720522,0.05646106512162998
0.08683665393704368,0.06720821854440867,0.0835728453935464,0.032594541700300905,0.062186804811632856,0.1703315515928826,0.14864643122873933,0.003691488010858887,0.16305671332191093,0.1818747514586757
0.0247290739953804,0.22980233924081583,0.056324668662760285,0.04508735325007615,0.1193486344823885,0.20216596386148852,0.008025598340023539,0.048313990946127254,0.11263920595098717,0.1535631712699524
0.12279405340494444,0.05346672157529979,0.1222305119517117,0.1421106370835259,0.05811609522524692,0.02978568600025046,0.10229146244572085,0.16826975545491654,0.11320791295179375,0.08772716390658956
0.04417565287252236,0.10066468973683311,0.13186716067563634,0.007975708554270145,0.10663198664343121,0.13380307814980358,0.1881628972466473,0.04472646582731629,0.16897794424749135,0.07301441604604819
0.14954967360857271,0.13158272207253457,0.06601929208566491,0.011443741663988781,0.05700301955066234,0.14198166829110198,0.22350444208231696,0.08998988845777547,0.11333946756496822,0.015586084622414129
0.2241842225948001,0.0020897146549039166,0.17809747852472393,0.11655438896090034,0.16312125924017778,0.07218496429477132,0.080161043852638,0.062456121089941724,0.060133480461369786,0.041017326325773054
0.012234116023100051,0.08023685416246858,0.22502747118029925,0.06561543098723492,0.03224857425116529,0.1166196470192497,0.20714124075014045,0.10007467606503198,0.08991631411144728,0.07088567544986252
0.02095061854991375,0.149347475593101,0.09331133471015189,0.1622610199425753,0.14533991591655543,0.16359938179110595,0.045220985281549775,0.03728031035539052,0.15062478579297536,0.032064172066681156
0.03830943850707083,0.15123259514575402,0.05996450592903948,0.09475103831177158,0.044288426911006484,0.11672686584585644,0.15839497845120482,0.13978726853245427,0.1306895186352209,0.06585536373062119
0.17205610349851744,0.15625280093654884,0.03478857325387529,0.02886787674993627,0.03829951362158353,0.10896581480382789,0.08575429500051342,0.01888107109493913,0.17606808867056464,0.1800658623696936
0.06592565895631236,0.014556880447343984,0.16147168207667284,0.17918798246877454,0.15115346540629693,0.11902867499826712,0.06667883876846406,0.041156778851507855,0.10049963024750115,0.10034040777885912
0.13311512685931043,0.13552695954834035,0.09606045771066211,0.145810761834843,0.10783332423737499,0.07797505215195803,0.05552241721751368,0.07108249531121365,0.03646614751555882,0.14060725761322498
0.06720332171880315,0.18938182787054453,0.17222479053335538,0.030695698017205127,0.024733571315222032,0.02454626446258199,0.13618448060873356,0.04083721155821786,0.15951686768515305,0.15467596623018323
0.07451885785280096,0.037397493897973665,0.13476803578212745,0.060003128787231116,0.15041828392769324,0.15121984647780465,0.027863331440375297,0.14209326879365408,0.1694585231609669,0.05225922987937272
0.10823456477829407,0.08862960975231732,0.14892616819838714,0.14772451222582803,0.04595085923487055,0.1307437713301326,0.11107311340866578,0.11279182813279906,0.05754804372333903,0.048377529215366415
0.11284710447570805,0.15517192564889076,0.15954723145567273,0.008741459583329276,0.04923524343092549,0.1282701615934516,0.07212930207832419,0.08199530698360498,0.059636506795431,0.1724257579546621
0.026741658755629786,0.14194349591345798,0.04659237103313528,0.15666980795355948,0.0825765839361221,0.103389553615784,0.10617537766251987,0.10403122153245759,0.1392437917245746,0.09263613787275925
0.05464269947480988,0.1537996489705512,0.1259270928931149,0.1044429301907385,0.13041182586385938,0.07397939872913367,0.119868429365345,0.06396210517647823,0.12318771408217215,0.049778155253796974
0.19332904001699022,0.12640166350519505,0.1295686839782797,0.12528162327271541,0.09950016653966515,0.08010345219785751,0.10441395429695763,0.06803476242005325,0.0249672723982933,0.04839938137399284
0.1674857789755479,0.026303494866502262,0.1865808756609031,0.11731420004170331,0.1448211674558327,0.025826885865850923,0.08735670968145091,0.07700015340717506,0.10140911066545334,0.06590162337958058
0.2103094129134596,0.13336945413987533,0.011118814155377308,0.17181504209765708,0.10612705981012929,0.041095953084073884,0.05378135203776796,0.011408697539372485,0.2028932279747207,0.05808098624756654
0.21499286015340882,0.08457869262436302,0.029773972291001607,0.13129448987170825,0.11109276840265563,0.13967654028429183,0.01813027098528423,0.026719925317277012,0.05317511515723497,0.19056536491277476
0.13287898797323802,0.008285605306751515,0.031111165200892528,0.19809119945430934,0.11327240012562223,0.07006771161985968,0.13198572724930294,0.06588454702080644,0.18935808540057872,0.05906457064863854
0.23003068082940462,0.048487673269523066,0.07262091556999764,0.04664191155873967,0.15868928597133244,0.05323425857015026,0.05775866684451763,0.14211049638394332,0.10876341249678813,0.08166269850560327
0.10350974107593476,0.04185793564847947,0.17014190257903192,0.052086909424367035,0.08739366880033182,0.2126235032935945,0.08352065953193784,0.022564869786073406,0.03195152180688009,0.19434928805336915
0.1487620817647189,0.15606138194464078,0.12322695851406107,0.08444615006739858,0.07969749666584237,0.050791614211988904,0.17161716793497558,0.1022881921494519,0.015345813929296483,0.06776314281762524
0.16844393951003095,0.052735080370974234,0.18109663929897343,0.07235373285966729,0.08116264635362144,0.18100935087316603,0.04046381061510773,0.17893381030033176,0.010489133523682442,0.03331185629444468
0.02232668248627668,0.014590914821275468,0.12548513996664215,0.15967842150544911,0.019682047506016015,0.08498118029569908,0.14875690377896592,0.1448454116407317,0.143018254433954,0.13663504356498996
0.04241623607600123,0.07444624276100896,0.00443409147460823,0.19059261880711628,0.08829090308614725,0.06522214451359265,0.1804324083945152,0.06278789118128324,0.1508166605859645,0.14056080311976232
0.1273248513651836,0.021903476824851987,0.19142169959202643,0.05983525746417859,0.10296221458330566,0.16754250516729227,0.040888036805427984,0.1534510657333537,0.09300254824423555,0.041668344220144135
0.07230460543512217,0.03464101695068411,0.1875393115454391,0.034917033204108244,0.10329166601185688,0.11897393073340097,0.008007251539686904,0.12535036953087042,0.1176327530152129,0.19734206203361823
0.17341525426181081,0.15066967107584323,0.18476804904513075,0.1830006712917938,0.08295640305147747,0.00195485866607088,0.06807050567473942,0.022118617634456106,0.004218403005042536,0.12882756629363512
0.03432852539232506,0.11793683478886703,0.1459797575465988,0.04008980160021897,0.09845504755390219,0.11027064088903465,0.16334401929317777,0.08767621896079024,0.19947104503904595,0.002448108936039253
0.0009200825734491927,0.18572312922217885,0.19781447821359346,0.058884607224342106,0.08727948437133946,0.05961501326192606,0.11924745374203431,0.013063683526248687,0.16486094750369013,0.11259112036119766
0.18746505077746847,0.045009581360351845,0.12815599975961522,0.013591522268758543,0.17362650819241274,0.008096210331289015,0.1244602177761694,0.1705853080413353,0.09308809818647512,0.055921503306124505
0.025702725608065143,0.15799893102840273,0.06277075737634195,0.0365105079533435,0.15948569755053837,0.023870393427057594,0.11268251091387062,0.15503898298413568,0.10542581018513414,0.16051368297311022
0.17323649201191407,0.011669007310341786,0.08204029500756606,0.13121430827252942,0.009151169961424909,0.0004470274260485179,0.23456602106150057,0.1524429372626729,0.11128776258957776,0.093944979096424
0.0199673108918151,0.21438652479765702,0.029080007359915516,0.0825264222955609,0.07056888397807425,0.14656548973278008,0.1494847084662664,0.12258635895500693,0.03692809136629659,0.12790620215662726
0.12086193609740674,0.14127161794192053,0.10385820519274815,0.12352149770271252,0.12853586162734826,0.07376996453118069,0.01449065869093991,0.17899232186987693,0.029934273500726496,0.08476366284513995
0.1430192439416361,0.08054378007829555,0.025923834423384248,0.1176484902425816,0.16115101669391976,0.020170208531667802,0.08356899605311108,0.12193370621079505,0.1285443217580463,0.1174964020665626
0.007880386026035116,0.17562538988570592,0.023436169109931213,0.0049459471199365945,0.03603150919116824,0.02513214802015495,0.1982335629374206,0.1752363039357657,0.1758637513092856,0.17761483246459608
0.07343060815384797,0.18021057719081499,0.1039182800302481,0.05546364425511793,0.1200016583649624,0.037978316604235327,0.15952364336790673,0.12519482312167166,0.06395657575529991,0.08032187315589494
0.09139779083253267,0.1152375365503657,0.026008447004181846,0.1335571642294286,0.0856537813477057,0.09812884164193544,0.12400228563903157,0.13660983620776962,0.11050767907924543,0.07889663746780355
0.07206611509544328,0.07918186312052458,0.0708331053302938,0.1467522735531247,0.06005041853715764,0.17012158026841473,0.13826206704229527,0.07535554723372528,0.15469831388535765,0.03267871593366305
0.06294621413146642,0.028515699954613873,0.11127712554539809,0.030505543077770855,0.1671964754938651,0.06171086726832315,0.18615245014606105,0.14394565779327595,0.15589972079609657,0.051850245793128885
0.15929274334817264,0.08933575357521101,0.12147423739782702,0.20242496863557796,0.11260311449623003,0.04560287694197344,0.03059284165390943,0.07908491825654537,0.027337348895356158,0.13225119679919692
0.1555816304710264,0.1255300851403652,0.022131888054324356,0.11094309948804061,0.004766681396186014,0.08332731949231566,0.14233971046519847,0.09635453010710575,0.11660383833981612,0.1424212170456214
0.1363253216578086,0.13770777982496854,0.016567521375357858,0.11180365072281839,0.004368642601835831,0.1378048578413487,0.11326180163481864,0.10727730662685543,0.10065815609212848,0.1342249616220596
0.056587042347297695,0.1194469514590443,0.13598005140027128,0.14589821763061303,0.1453677707025245,0.1066661829580135,0.07350311451947657,0.04749111930909916,0.1204684128476192,0.04859113682604063
0.0751384624462483,0.07628340334810642,0.08757288726984123,0.13838017922028492,0.054821003408698,0.026301701638630444,0.2098349806025242,0.0650790679919695,0.06394469992701644,0.2026436141466806
0.1293184209761292,0.11832632880746667,0.07315873135565361,0.11467365962817994,0.11631845412445105,0.07851271214424348,0.12196176002455503,0.11834619736692559,0.08891581807606057,0.04046791749633487
0.01084271352018456,0.195340478455373,0.047940976705776045,0.1819806592750716,0.003392268533236703,0.007485631768766161,0.10853782268046203,0.019001702040952837,0.1590082707076325,0.2664694763125447
0.13760422685282347,0.20322432027220705,0.19361449221583468,0.13334438542125007,0.018824617983685066,0.004279859929410031,0.03177164988716601,0.15743825134461675,0.052318520898076704,0.06757967519493022
0.01355319766126844,0.020997820792383264,0.029898932359238902,0.0054173704683804546,0.039294544804310216,0.05648240992140972,0.15984249578937174,0.2334862206270073,0.24148270629424903,0.19954430128238085
0.02569499245809227,0.052949990473898145,0.11059979247534331,0.058510840771741145,0.14965918822001195,0.1514775661097362,0.15934043560709693,0.14395226255623564,0.10784359910579228,0.039971332222052194
0.14755355025205974,0.11531683812355527,0.08920670747416563,0.013669255046733572,0.1218258354677976,0.029440043368983926,0.17204065888369197,0.09040823544138078,0.12415641318863624,0.0963824627529954
0.0674579230843565,0.1656519899679275,0.19010578596757174,0.09813534417418912,0.07051254629800151,0.05062317595908903,0.05537401523936433,0.07635848590529101,0.14498558063511044,0.08079515276909885
0.07203145312874196,0.1683707590872846,0.16013224835021586,0.12442308293932779,0.16426469157047593,0.154148801419955,0.004032792358500386,0.049888983439122535,0.0255700732101198,0.07713711449625603
0.10212565431871182,0.02350872937481617,0.04390507636541799,0.15514175892988608,0.09608389614224913,0.10106871000647406,0.07482948544319921,0.15536833934370042,0.08494134459083866,0.16302700548470656
0.07049949277836774,0.14443609131587326,0.10550950587141802,0.004106094120488044,0.007792767372592378,0.21558816979031606,0.10044242689934564,0.027902670224156302,0.20718991798682795,0.11653286364061448
0.10890204476669828,0.033180133515953,0.12230211138680508,0.07978704579827128,0.2123613927461861,0.0793025962896188,0.07547785922440825,0.0731791510267948,0.14763724561723635,0.06787041962802802
0.14390399967315723,0.02346383633606046,0.00878152569861356,0.11840744114843055,0.009503386955615131,0.0288055350088213,0.16122820900960988,0.1967741868976918,0.14036894260939753,0.16876293666260242
0.1323183816671339,0.0835511551453808,0.014822535896739068,0.20829116272059753,0.09889755323982251,0.00031800243353568615,0.2739206670186496,0.05281617893195453,0.11018400396287904,0.024880358983307305
0.006074033003143563,0.10639683907947937,0.04255040384478082,0.15508144242216565,0.07390320961400457,0.12238713764970183,0.04218248663980604,0.13610560404873467,0.16619314623458517,0.14912569746359822
0.12531937009687405,0.12996845888666353,0.13707295773290123,0.1584873861940102,0.06498159485356793,0.02402708099785884,0.09672972359533993,0.048482803269046734,0.059573843766201846,0.15535678060753577
0.08346321089224781,0.1413510493728911,0.03579506320950912,0.12454917552673363,0.13152773448214594,0.116016410580189,0.11091742175394972,0.07230022402637863,0.09988840568488704,0.08419130447106808
0.10436265181640703,0.0749611464178886,0.06310112036017469,0.15300636857042624,0.13363415242280224,0.04050438347848859,0.1313761107229731,0.15202631240947304,0.021315659537067707,0.1257120942642987
0.017399850840558433,0.11816863413666753,0.20540904165006327,0.18427375028352275,0.07844634986765915,0.0871226563042049,0.06609006245545394,0.1063074634598034,0.12007839413201007,0.01670379687005672
0.16119880836832876,0.008978127746939981,0.16053564886321314,0.009148323821023926,0.11193844825152235,0.06822412282320833,0.12822586669183852,0.009975608376906484,0.15350789095337078,0.1882671541036478
0.1047560388258098,0.02368185712188328,0.050624104676263396,0.03508271917284466,0.0796726672030687,0.145139633541625,0.14832229432576866,0.1387064351464149,0.14259210151618945,0.1314221484701322
0.08099708779533692,0.022614576909522822,0.17678346199027012,0.1883803253614668,0.005771959746803002,0.061329075239356795,0.13639570282836652,0.048414437215266184,0.1874024201225198,0.09191095279109099
0.18422515609550608,0.1763363356989807,0.06775068095430971,0.1473271125058799,0.04562085833091776,0.16369009868230974,0.040988507554831924,0.040848104557846474,0.05416832253888504,0.07904482308053258
0.1445042796191518,0.15612005786383698,0.13812018556127778,0.04819751304840206,0.1616657261458895,0.14471147273243848,0.002202660431628557,0.11978735693180122,0.041668944461408154,0.0430218032041653
0.09120537855113643,0.07444622928739054,0.07178448549479553,0.06882717935161822,0.18418867486791665,0.14486905086357924,0.07009802229224857,0.06737006884554202,0.13998461052466077,0.08722629992111187
0.039358590281519265,0.12360394491728817,0.04470384384404248,0.13081608434222328,0.12131418438653084,0.11621317396563764,0.11437935446632394,0.1013474473943848,0.07422588155443056,0.1340374948476191
0.06317689991377562,0.2446933163514489,0.0803186510358003,0.04893682284549969,0.0030019809180386004,0.03884669892848362,0.130513772294781,0.01171837918770487,0.1918178578756206,0.18697562064884668
0.0637154928108213,0.12112053130074957,0.06570327629861183,0.13614150280197498,0.14693476412961007,0.047140216215031706,0.06873392909843704,0.1610604330636185,0.17068228925199366,0.01876756502915117
0.12067112413583628,0.1334292059363956,0.0704107641308445,0.07089381727029363,0.11465299277078818,0.17399225450992448,0.14959395621941438,0.05515165769558322,0.09547788145681338,0.01572634587410648
0.05247322733452259,0.09207080056931904,0.11936870849960877,0.0731187091915395,0.20329734281362252,0.12084450493347396,0.13186813034301634,0.08350916652983105,0.015378972618684855,0.10807043716638148
0.14696979946936944,0.02792495168899637,0.08731996667797844,0.13912296860269835,0.09934393616719626,0.11134304141293216,0.13755447802853488,0.034420937318003664,0.09941188581200995,0.11658803482228039
0.08497936816584375,0.002008611770138457,0.10375012346898982,0.009135508112748686,0.17883862670364442,0.0887351799503753,0.03576800059894172,0.08146871898694469,0.20615866870780022,0.20915719353457296
0.13804620123406391,0.15740081592075397,0.13139684165222962,0.1429390754794064,0.0029884698609718473,0.0021940292079325905,0.02610051472592283,0.021772294405660718,0.20433906882802422,0.17282268868503387
0.013382593633865522,0.020391033327624198,0.13646950070586608,0.17595539460901316,0.01838470779921916,0.0452370779604745,0.1432117266038729,0.18625322419982812,0.06783079235735569,0.19288394880288068
0.02723705625302242,0.1861737221819459,0.03956529875506388,0.18106653802570077,0.01532043193508629,0.06750592613307613,0.021415892950322035,0.19014600317609048,0.15770745100914274,0.11386167958054932
0.1045813316087249,0.1142665978107388,0.11577906349266155,0.06997462634483113,0.11473445800262784,0.15855592075302408,0.08020705856707507,0.14242020737294206,0.06060416365646224,0.038876572390912176
0.00024499053642141634,0.08207401092476474,0.16385557126198777,0.07984576264232092,0.1356173056055289,0.16874385664300265,0.06033593640524539,0.06481974943000206,0.08021423428037801,0.16424858227034814
0.1021050946506803,0.15075370087130407,0.1320236438307616,0.008058535055735,0.13707374115843274,0.11516751914138673,0.02759047340942686,0.10300915011602485,0.177657317490722,0.046560824275525804
0.061659702165322496,0.09347310433280506,0.13602272599848905,0.06913872189695026,0.08933839739825213,0.0918344690172976,0.06048122570310144,0.13813563793905753,0.135242017711726,0.12467399783699834
0.13104495311813055,0.028608001134632927,0.05450162625123089,0.051840579692060844,0.05979565465287247,0.13836477813142273,0.1371315930007424,0.12161583826500975,0.14532062869628054,0.1317763470576168
0.088399878307455,0.19019165802238627,0.05011091312581379,0.16682278470603637,0.0754944885542812,0.0922427268436077,0.01194811939513174,0.05192581888976012,0.19388733085998747,0.07897628129554032
0.04039490881154657,0.05396805453918841,0.03286342413819022,0.2303188367274401,0.06341276436277953,0.0890285927607043,0.2738445641193749,0.08361519023199787,0.08167728332108531,0.05087638098769288
0.11580788400380904,0.15618954068273103,0.044686933533022,0.14261312973517407,0.06942837821781445,0.10619082269096435,0.16285352999290031,0.0613862818691752,0.1254434567741673,0.015400042500242407
0.1139971722060702,0.12997615046471242,0.06970684113820769,0.08826091270677573,0.004555533066019973,0.1699360680394325,0.09547429353413299,0.03211434370114181,0.12136239485980937,0.17461629028369732
0.0002598556598478237,0.04739293538213254,0.14147004270277955,0.06858196533211092,0.006872865716880767,0.18418402845884613,0.126402816364902,0.19233340539090724,0.07654914239071454,0.15595294260087847
0.15830847947642795,0.10859507351563656,0.12849559210175582,0.13259021957719558,0.08335227953186194,0.1524861125820513,0.13379701184786472,0.012023051386398148,0.011108803381086777,0.07924337659972107
0.04075871182798853,0.11419673827370591,0.015127872610510996,0.08062694007544058,0.15261315280756632,0.030202482180976136,0.07356613078010336,0.19289356720600118,0.17954849391511046,0.12046591032259646
