i = 0,i = 1,i = 2,i = 3,i = 4,i = 5,i = 6,i = 7,i = 8,i = 9
0.0016086361156449037,0.1739428917170492,0.09210847654917759,0.125630436759028,0.15935245415164706,0.15639451456249637,0.08872446207808275,0.15427512554228667,0.04746045863299031,0.0005025438915971895
0.09510502707912484,0.06198936695167566,0.12363011076728943,0.003762159300178019,0.06049505790211865,0.14781128423972692,0.09797726554401642,0.15449110472300678,0.17848347348330387,0.07625515000955949
0.24682874858545972,0.04887825037406983,0.08492278014794215,0.05557486414831932,0.10872301896255222,0.04133145681393728,0.0419083391627345,0.21629988512806048,0.13189314915983852,0.023639507517085916
0.037731125837429,0.035930049498172724,0.14011985857920856,0.14380599544693998,0.14980831360369062,0.17153254229645712,0.08919418707474891,0.09532065869488664,0.012574582941906883,0.12398268602655957
0.15175030543012963,0.08283974214980003,0.04561884556967622,0.05337555404815763,0.07814789476388559,0.15949989356478428,0.14820601460395436,0.08677505993686492,0.16703889128604882,0.026747798646698576
0.04610184437149527,0.19504128423443498,0.027849902573039553,0.07486239485304388,0.09299874100048183,0.17999552275406566,0.03485379024392421,0.1418200250456969,0.014236551448187073,0.19223994347563075
0.028419836877909947,0.028990400724201938,0.09386253179572203,0.15569202592897524,0.2324121793051847,0.10952448107044731,0.029829442303309705,0.03991312977163991,0.14418043697155195,0.13717553525105738
0.030182637721238015,0.008644561829276282,0.12146730051498797,0.114524305474188,0.1486225709358165,0.06656642055663443,0.03939077291493333,0.1059170269881845,0.24191601302687096,0.12276839003787016
0.07551466638157939,0.07307162433724983,0.08870722868220125,0.10853982050712706,0.10230071236846551,0.07107691462279611,0.15349545470993395,0.12552519042931964,0.006445474620841772,0.19532291334048563
0.10385968324879713,0.017469623645461858,0.22796622106465778,0.044152675665965,0.20930793288357746,0.011802556096177514,0.04567291305383976,0.08578402124422495,0.19789738866352152,0.05608698443377708
0.13751691098201055,0.06424418278606057,0.18331019468103232,0.17766885827499537,0.07019673070172101,0.15467445974142463,0.01567491809103355,0.0683595496376527,0.084970515058294,0.04338368004577514
0.1675354245002022,0.08783247111999462,0.057538964683323694,0.13587414030123104,0.1652272904504149,0.09716874214937048,0.04579910079376392,0.007781984583519419,0.06491335749395592,0.17032852392422396
0.11388282850745499,0.030106333938112368,0.17593698313598544,0.12515293148344905,0.08066874605582514,0.15561892477730863,0.02398318788342134,0.12362300487465151,0.1369236114782988,0.03410344786549276
0.09934346341881092,0.1906802457712609,0.12243510813128929,0.1292403724642419,0.12871503020740033,0.10189238421662786,0.12509777864832067,0.06148070897496533,0.010901505622066597,0.0302134025450163
0.10470578677948238,0.17506987170598903,0.19616088075379554,0.0005537144459273519,0.08707906925564901,0.11258956273435088,0.07333120210739473,0.1708611851675139,0.0005927195928646521,0.0790560074570325
0.04182726140748009,0.11785696312737978,0.15769558657084287,0.06405708314101355,0.16095804833755317,0.1576122609193013,0.1251958952016772,0.006291536239726399,0.006650519279562406,0.16185484577546325
0.07149037211111658,0.010078378082500599,0.07508207142848058,0.1647135470925237,0.06357490902753349,0.17752201241812876,0.11114901606342721,0.07959796324224332,0.07252939337303134,0.17426233716101447
0.11901136143390659,0.045519960479270975,0.15438660328931322,0.007419483613393404,0.08434198782404231,0.11028706282761593,0.013532018166075997,0.13213552121878686,0.1616651625656999,0.1717008385818948
0.07407921063594392,0.044433297414471606,0.002121884112228835,0.24259624938237886,0.07569174873935071,0.18237854565066106,0.11864336163875039,0.10165034945670108,0.0833530042494889,0.07505234872002454
0.10212178582411527,0.01364266321127197,0.13533219116235834,0.0659689894263304,0.11015599465234904,0.09178794830644006,0.1833888002325403,0.11329939618922893,0.06940179180421625,0.11490043919114934
0.1023537039964821,0.15177067841828623,0.04144278139082556,0.08552085446135164,0.06536343209640612,0.1498375814143026,0.1151796984787278,0.07523258925274338,0.07598531879616063,0.13731336169471403
0.0291984586448738,0.21463674152073103,0.12138274586188583,0.02707675053936799,0.01292630105080304,0.12977379861664687,0.14886715693774732,0.016761474620739344,0.1900764958461085,0.1093000763610962
0.11321981515194825,0.0657786992863697,0.04762954283251485,0.1007646118998195,0.1499860247670706,0.13629561510306568,0.01697056035588822,0.14102520602251958,0.13047921964249726,0.09785070493830639
0.08904315623274237,0.07955299636341351,0.008732180359596607,0.13815544745814806,0.06458981274308596,0.1357416022020028,0.19204823243909236,0.12029976507332282,0.06230613664990985,0.10953067047868574
0.18206901770019265,0.21629319232849387,0.1411209413612053,0.0097309065426522,0.02333191577604278,0.029962850083850943,0.01096462908165662,0.0946100695469892,0.1083049081307344,0.18361156944818205
0.026887818957637564,0.08714445553117563,0.10253123241036886,0.1272088370295696,0.1574700282190236,0.0843422128782402,0.11365318520433722,0.16331492427867342,0.12531983339075195,0.012127472100222046
0.08520834909194443,0.03948434892825815,0.19145413874506825,0.056374338372696356,0.023807433545714757,0.11930640188585341,0.16401384070869726,0.0331919370737949,0.17229271664230875,0.1148664950056639
0.19281690924588646,0.0514455787307134,0.0513361634663424,0.19697592422524413,0.12309804282242993,0.06870363339945643,0.01778506730024759,0.00786934893079331,0.09825334809875742,0.19171598378012894
0.022188508618983634,0.2269151732199419,0.22480490761190744,0.03593154721272937,0.12467747642354848,0.023062226369501823,0.0988025763636377,0.0455025073831637,0.025511923007159647,0.17260315378942634
0.052134213355987044,0.1713476188246981,0.08570966121504049,0.12919490066905845,0.09086926188421203,0.004756217815123047,0.06712282828329573,0.13557655949806763,0.16536743092168335,0.09792130753283428
0.05776550803405189,0.016143864055285624,0.011626394838175413,0.04100531830399676,0.09818174317249312,0.16023953800115467,0.1375524658435376,0.16605657363581192,0.14873106257923388,0.16269753153625927
0.09032855505535427,0.07860046328019282,0.12653541385458217,0.1256837305561722,0.12171008631596747,0.13275035699723278,0.10954428250747486,0.06196553047696342,0.06336640131639902,0.08951517963966078
0.18057883372221237,0.17550552396595845,0.11923500554818038,0.14063445813163805,0.11602729633788121,0.09070089747253286,0.02652407474957473,0.0586182965229267,0.08876100404491645,0.003414609504178814
0.16147784025565068,0.0873996685324239,0.03219474529817901,0.09927605345626693,0.08565166243455423,0.024084629069046418,0.16305910316093972,0.055335758094474365,0.16009432393566803,0.13142621576279676
0.1342039750329411,0.1417805319504986,0.1282812436257415,0.005074119405920454,0.13128740300596872,0.10310311535260544,0.15316241264936648,0.06035713265287624,0.09348002355977422,0.04927004276430723
0.07567822065619922,0.04835065776335154,0.22552980756511942,0.16170309770145638,0.14215227495724214,0.019176299818720866,0.058890919536044736,0.16726741151252886,0.04978374188031584,0.05146756860902103
0.053887488811409104,0.022882847504433736,0.11488142078375205,0.137913060782862,0.15333584541408596,0.138418356259984,0.0614603599909929,0.11475001204110886,0.08670107802451527,0.11576953038685597
0.11338814120576722,0.016460129703330717,0.14056381982607244,0.059616436624733066,0.15055149542635118,0.18924914948102312,0.030844265628611468,0.1636454184704319,0.08037707250647282,0.05530407112720608
0.1928377857121126,0.07553313327853702,0.20062473031519545,0.04315848472758444,0.04196043433722737,0.0323598462597473,0.03719635134236031,0.13693326377782292,0.03762754248938725,0.20176842776002535
0.14703545006013882,0.11630290708122248,0.0007620175943919066,0.14734263337677642,0.01303299316891487,0.029504304994065266,0.20322488307422543,0.13096291981533117,0.1789760279161022,0.03285586291883135
0.13260596063064234,0.11224218134854332,0.010218189213127324,0.08424808908529663,0.06897761791604708,0.11755623742424932,0.08174411610028094,0.12316815156210438,0.17068273552797852,0.09855672119173008
0.10541849744686836,0.12879881432233597,0.08765087630628511,0.055918678382498366,0.18721818628922346,0.04683500843010168,0.08276367466807448,0.06980665867586776,0.09531599398301767,0.1402736114957271
0.18346151770441116,0.05012885803744955,0.13830156053158202,0.011612163933962354,0.05559147998674967,0.08857434569988659,0.15373045635288118,0.12865536790240922,0.05488812798633472,0.13505612186433347
0.12660613235468168,0.11386275608301336,0.05301183727670426,0.09627350688184813,0.12032128610314645,0.1632890237859555,0.09307509799112992,0.0011792554234130637,0.18205911528204866,0.05032198881805895
0.08589835094910708,0.04062985318129199,0.029266808155032385,0.1481810095321822,0.10915378782425832,0.13337431632976388,0.17290546717623884,0.038226803063820744,0.06017598741806741,0.18218761637023717
0.1639404179952742,0.14911163879713726,0.14864262975079132,0.029027561218707573,0.14207338898579158,0.024395680433368018,0.04470947443081572,0.054961656652787585,0.124940485103841,0.11819706663148566
0.038838690459764826,0.004452376509106902,0.23570641035876835,0.25758321006810797,0.07177091674245595,0.023277758123708726,0.04932715417724923,0.19098693856360385,0.12774435514356638,0.00031218985366782945
0.15370445385317213,0.009072474886856335,0.1557447170335247,0.03344000893384685,0.09593214433096708,0.00635189678288905,0.2140713347800059,0.06656390925444305,0.18570107939929184,0.07941798074500289
0.11771742341908199,0.12539818509049006,0.09369068796740868,0.05253930497249626,0.09019535496722825,0.12769122214517745,0.12305944677786532,0.052523252219291,0.12849613399142107,0.08868898844954008
0.010146901938310995,0.21975201199474148,0.04824136935177867,0.10676834721736235,0.1363390521578047,0.053706267086418874,0.21647494122596214,0.011336343929930121,0.1354503042471149,0.061784460850575595
0.17590585395434982,0.05541187965416745,0.08941502918033666,0.16586841112969347,0.10724996117736933,0.07021102558751194,0.10832504748792597,0.1073236206497434,0.1192589322803965,0.0010302388985056004
0.09696207787937178,0.06790020257359437,0.023279054137225388,0.1359305454552467,0.14287342363769287,0.1413892498126135,0.08434949373525671,0.030985752451978824,0.12874569089224197,0.14758450942477788
0.14494456958914967,0.07422440788304209,0.016186089827112678,0.11884291411958507,0.21254229324850302,0.07981308074753911,0.10595099290631997,0.08127893619076473,0.06426400886879337,0.10195270661919016
0.0768759581885663,0.08051415696456038,0.11294697453031737,0.12178705879046736,0.0644050830722028,0.13003055279553785,0.08664668700353297,0.1259792990009459,0.10370190948430094,0.09711232016956814
0.16717670354941058,0.015149597546806231,0.0016445732897203025,0.1779700909441801,0.16237778566475575,6.76239350398439e-05,0.18021437083047923,0.10050340741254847,0.18165900851008585,0.013236838316973722
0.07571956092722866,0.13656797921695407,0.14153247300883084,0.03203968561013301,0.11091684584248672,0.013660273267742653,0.1421538378431493,0.19254947391784127,0.06160078424384543,0.09325908612178781
0.08620779347077087,0.037942545092228996,0.08484130140218897,0.20042045250831336,0.18018933576537924,0.07178285153260676,0.1410864236269777,0.1014894154598142,0.08632914864459579,0.009710732497123982
0.10201438621009054,0.11211446343130443,0.11120694988400359,0.15047600029055486,0.1381618912629466,0.0713561817526898,0.00838178279135124,0.16036274594724223,0.04424937431349385,0.10167622411632286
0.0917565337442547,0.12845143905859807,0.03649038185257306,0.15258683272556967,0.13299611229420435,0.1242577600700539,0.07283278723801796,0.027640091089844,0.05025733753139516,0.18273072439548912
0.1280597454149589,0.11107114426330288,0.06840182073959772,0.15529614484485002,0.10617950118816942,0.11101311400078831,0.1630998154620763,0.03838502457065676,0.0757462466061402,0.042747442909459525
0.03248818265192731,0.037272047449722796,0.01311030504179345,0.11834284905593437,0.06765849381114114,0.06074926064814714,0.2186980492533563,0.2710448197596314,0.03481346855010534,0.14582252377824065
0.09628482252984658,0.1202735721775267,0.08181661215758912,0.09265728939821004,0.12072536247163652,0.12196594616441167,0.14192254632751175,0.10449023916438677,0.107795780452446,0.012067829156434893
0.10881005176093292,0.08876733127943869,0.10853865255150456,0.028052694069387943,0.15620116557766062,0.17568051453510714,0.09102801116830786,0.038880050429761066,0.14039762580120413,0.063643902826695
0.12908678584498812,0.0615560035564677,0.03850709499479514,0.17493936961975307,0.14486690875758307,0.12220341617807802,0.05017764642339806,0.07714346769723517,0.03363726546177332,0.16788204146592844
0.016512243365511155,0.07660404217264619,0.11975419536859476,0.1380434804550209,0.03298649662279534,0.03259060051731577,0.14443912874853665,0.17626056157307446,0.09502715552768605,0.16778209564881874
0.19370846807670433,0.01651805132033915,0.047010946022166204,0.08618283695426002,0.15881644333549386,0.1641459967071074,0.20477313417941423,0.00456357375774104,0.060806960308820435,0.06347358933795343
0.07980021208235569,0.1176607820627816,0.12653073793849506,0.13545653150349185,0.004568066577429197,0.11786489588498732,0.10417410136277025,0.08924332225630374,0.16011562386570627,0.06458572646567919
0.149696090229332,0.14987370318867693,0.058282623396337704,0.10854990572584215,0.05496812168254524,0.04101722464536619,0.05926391923223873,0.1546340070841326,0.21737533063248038,0.006339074183048096
0.07842269909501196,0.16959796136729835,0.11041586310062669,0.05686745729481115,0.023744654490995897,0.03353892861792616,0.14800431174608591,0.13012779105709663,0.1491788040283153,0.10010152920183206
0.10964887770315412,0.13385443793027732,0.13847057406833546,0.034813678860394034,0.1413922225969933,0.056006099273778844,0.08518761638654769,0.04686445247770583,0.09950652966692175,0.15425551103589147
0.0731468541855836,0.14433607606554372,0.10163211960292896,0.1092255328900366,0.004818183861897039,0.11574977025851202,0.1761295949034118,0.10103863289682355,0.09458821988331084,0.07933501545195193
0.0705509808780495,0.11372924659258747,0.0841680453002606,0.04486065309554381,0.10037361195185568,0.13535430870745999,0.07886610158416073,0.13938653748011842,0.10208772813473327,0.1306227862752306
0.08168415904971907,0.11378071754303261,0.17372886990802242,0.03211020042638703,0.0396453670435345,0.15209519569875576,0.10764749107438346,0.10046651977731831,0.08822417675744594,0.11061730272140087
0.05024536913293942,0.015043859633269508,0.09655317987068755,0.10346307299881924,0.1318659859572089,0.12241451265283926,0.15905034776639768,0.055927585784448834,0.1439890637758332,0.12144702242755641
0.08364158509818935,0.16697972806336076,0.08116193389755591,0.16549927932990172,0.03951153402605412,0.0655795269985347,0.16963746637361807,0.08655952988497465,0.13784245121441235,0.003586965113398408
0.1866435044938011,0.15640222277023433,0.12902654778432385,0.016705282365583992,0.10605913330183743,0.0004804596697725973,0.1370049337591086,0.15291043477530247,0.018887975977373548,0.09587950510266205
0.08853158385280702,0.06056603432207685,0.13669986753521748,0.016815496459853665,0.14531963547536658,0.14806097351481315,0.1458163384091535,0.07360762728914227,0.17808520173741635,0.006497241404153062
0.023929427320819735,0.09607752171652931,0.1403033482789798,0.18610317551722413,0.19835655327927904,0.014191747259802271,0.07279312339333509,0.09055484151843624,0.014591641174037022,0.1630986205415574
0.08851622371940478,0.0326492578325621,0.08228996847018193,0.04850760410257877,0.15002493463648506,0.140343334048217,0.1413167343996212,0.08708215235934405,0.08336834535136965,0.1459014450802354
0.028521310412543768,0.1738273182352404,0.09280887027434978,0.04944596018292329,0.08455063852348019,0.07785719201209856,0.16379051015269822,0.07936228296189546,0.18001263797258155,0.06982327927218876
0.07135818353427026,0.18114902825789278,0.018257015810510986,0.1842105676713276,0.06814516203652432,0.12352933044419702,0.11129484577738241,0.05344940906877434,0.15431552410426086,0.034290933294859514
0.14948019987338604,0.1658258229531808,0.0542353012481097,0.17430556164783445,0.04564112662187045,0.058746622247635556,0.1356078252425269,0.16578288978341504,0.017015547944012787,0.03335910243802828
0.10438781548550077,0.05511794624041833,0.12286567577018274,0.044289189820506926,0.021943567521319315,0.1120155423213023,0.20052927036961946,0.10460810607228983,0.12726654065641085,0.10697634574244946
0.06555476939440656,0.06144936193657043,0.12864858592013462,0.1892901755999204,0.10428719637460608,0.16135875650198067,0.10403736147754418,0.09568955187066129,0.04487574760068646,0.04480849332348945
0.12511897248821605,0.08722510054889032,0.14895365335328564,0.08209986099125847,0.12821387915981095,0.051713233626541275,0.10209610596988936,0.03658372950487453,0.09095040638288285,0.14704505797435038
0.1515424576914742,0.010046425496354502,0.10100236504427604,0.11296881163135546,0.07596260093478767,0.13741832753018793,0.06533499551162225,0.1348737891618213,0.07851434607015403,0.13233588092796664
0.09634502299727365,0.11751524307497045,0.12759345073262937,0.15331543854219581,0.1476140155370987,0.003650872409619929,0.0439462169526584,0.010985306725546332,0.1325883580800939,0.16644607494791352
0.0711132264248662,0.02771685074011156,0.1638530885883311,0.05309774692725823,0.10106641680313175,0.07939665812009924,0.030240645777938308,0.1866190024461874,0.11178017327859825,0.17511619089347796
0.14132459071371875,0.2263420948035267,0.053562094005858304,0.013348060551767706,0.21053996403771313,0.238998996234698,0.015408524412665303,0.05595025595966042,0.02465263054099093,0.01987278873940077
0.19560679895973523,0.07245911689113249,0.20622149256158953,0.011394180690913231,0.1940311903318488,0.037563496793746064,0.0722215554001927,0.06273606995170831,0.05898360792130142,0.08878249049783225
0.1680449313473915,0.13358443958752375,0.1505233975269408,0.0772518830365163,0.16612596799448584,0.012895228005758414,0.08364436273229309,0.05005269563147497,0.02291972688417444,0.1349573672534408
0.09286613611741656,0.08097707244907028,0.04120843571475781,0.18508878849429314,0.0486594711269235,0.025789611337713875,0.2103573440026414,0.04611607423890311,0.18072871968195536,0.08820834683632511
0.10803434263609762,0.11422392473588085,0.15975576130920494,0.09672196803855902,0.1759382016664902,0.1437212114597187,0.06814763436916159,0.04884934903102308,0.035437461891762834,0.04917014486210134
0.10099872083688424,0.02843978271522724,0.14163124384458073,0.14786234911315885,0.0869984137406343,0.135312218212861,0.04174517219792814,0.12266339412105115,0.0569941483153315,0.13735455690234294
0.0082364575800498,0.18587825367018512,0.08108591403632076,0.06630947427481915,0.17103261638130282,0.10375689525770197,0.10602158356335595,0.21742213314086017,0.021495957954431245,0.03876071414097321
0.01766750007293872,0.06113050451852704,0.14993208873707378,0.10010744914063262,0.14086924224474423,0.18365238321957394,0.03266655592426482,0.09319895730282017,0.18299679115105427,0.03777852768837058
0.14298002167575882,0.17588632507679378,0.06698413528522369,0.16719165658208782,0.007032157435089874,0.03866958253798907,0.1251553597686389,0.13504112433634616,0.05725507780977126,0.08380455949230066
0.139031719641144,0.196636538951439,0.07899647395383169,0.153161859973178,0.1828349291990851,0.06750110361318283,0.06461434344556016,0.009371234417109131,0.06001643038582622,0.04783536641964398
0.07192794748686897,0.016364245230775565,0.04585374156169015,0.1562948181549986,0.13383291410257275,0.13398584993743942,0.11593899669968233,0.027950065395013098,0.1383789788213997,0.15947244260955934
0.09753100434285665,0.19340050545866397,0.039724598672085276,0.20022265257053593,0.08544860480813973,0.11457844821000687,0.14940706379444663,0.01202050441692922,0.0193365083924745,0.0883301093338612
0.1766549362900514,0.11255510440011071,0.09576999729045417,0.024708154085135756,0.12696313140019375,0.09042617856029944,0.15957768260037256,0.019689934545205436,0.04281802790152335,0.15083685292665358
0.22608491058141977,0.11377611116142981,0.07815695537703475,0.21383526739706069,0.10072612231738129,0.0527624542282911,0.0004124489151264872,0.02374671255301393,0.11400949617917065,0.07648952129007149
0.04731948656912668,0.11935537632364727,0.14746731848572237,0.006587179663367793,0.04887114147924375,0.19280482029033516,0.1805824953533804,0.02907666036314743,0.06251555082816498,0.16541997064386427
0.12804865652881908,0.017848625948754346,0.07055673064384185,0.08648223823156218,0.1304578347187938,0.08599157097194433,0.13075072699885829,0.1718762282812392,0.09079701759471394,0.08719037008147304
0.07374653083445319,0.10646077959427228,0.06794401406445039,0.08656033818824364,0.18608367997023717,0.0792063799354729,0.022518407452643444,0.05782035219186472,0.20409592754344785,0.11556359022491433
0.18291710089881752,0.056761169329045374,0.11489378209559353,0.18228087661682685,0.16992284816654993,0.06409151523885276,0.13429866109873498,0.07329295861001768,0.020250778012176805,0.0012903099333846314
0.0030031166589936037,0.10261820927426674,0.1051009291054073,0.08963204705329351,0.10801122216443394,0.17371479710851567,0.0895854139491395,0.13410465014887146,0.10963496713599871,0.0845946474010795
0.1551243348649506,0.15859147147355193,0.12761591749263865,0.1568960266257993,0.02217677537676229,0.09968828617854814,0.03464229545106532,0.11272748501313402,0.06919168942463899,0.06334571809891072
0.1772495146836012,0.07531906416054034,0.11897358130060127,0.00323006775585687,0.0875469691676779,0.10868465818257753,0.002009058148734029,0.12455603728637514,0.16021134698181627,0.14221970233221945
0.06469496757453178,0.06953876553626352,0.1641770453469098,0.07188707131273864,0.10665706096333279,0.15611688515303615,0.08618811009784787,0.0412830997765956,0.06435512283979614,0.1751018713989479
0.16953277905617234,0.0013911478506012259,0.10607653298240209,0.12738019057071318,0.09056827431518386,0.18579944936092405,0.12470379743828675,0.04611977598079614,0.004775127475439274,0.14365292496948104
0.11545238300182117,0.16252283556652405,0.10643662427740867,0.10557165915866815,0.1210861778058833,0.013780596834202345,0.16109551305638894,0.008628044889462479,0.08191415679741348,0.12351200861222754
0.1718994101850241,0.02473996641881874,0.06398224068202131,0.10596215349348434,0.10870710107743295,0.04337078289964031,0.11212107836980068,0.15578548707374557,0.09671328968162564,0.11671849011840624
0.14020383786417004,0.18687625349589468,0.01572929190136802,0.16131133308412202,0.011169788233423204,0.11411040512017849,0.06072807084606161,0.11121001430867031,0.055064401815469254,0.1435966033306425
0.11764737246522466,0.044476340800548304,0.1785085839939991,0.14726369866873007,0.16486435283878279,0.08171878506512688,0.04407123644925984,0.033249432335865796,0.13072590412351862,0.05747429325894388
0.029002722101262573,0.06718740965987251,0.1850381098795492,0.07402641940960489,0.02918882788469908,0.15906771056971947,0.17918753422530329,0.20571833969737327,0.004410167310889609,0.06717275926172632
0.15529845873072556,0.05295047790687292,0.017000316013482546,0.05115269910845952,0.027387857670087293,0.24360104681501502,0.2456994000562438,0.012177632086180026,0.035963652607815505,0.15876845900511796
0.12026493867113275,0.09092014354584202,0.21013364098042492,0.1000172388330412,0.1048974041632464,0.00027945402782392003,0.05090949670789444,0.15163549354850375,0.05200363088941113,0.11893855863267942
0.15158941780195492,0.13907805638086002,0.1450103659014425,0.052998925659925186,0.055043395740222954,0.10465259647556432,0.09276452347743101,0.08554232740126724,0.04632599815315179,0.12699439300817997
0.043320616787531574,0.15701460868319905,0.18048503329154766,0.15117863353593544,0.15595728128557587,0.01607144028478797,0.021475340285716998,0.06211112197334143,0.04589150899830737,0.1664944148740566
0.010314606455116539,0.03197963791902582,0.13917952610921067,0.09381878218813727,0.3020889521782387,0.11005325814796331,0.1261027572913295,0.03264813038018941,0.06428861914280998,0.0895257301879788
0.11300983025936348,0.11391116943691754,0.04217252278544464,0.17656788665025722,0.002154989212690616,0.07519991809371823,0.04864935637441109,0.07751693678084622,0.1736200639487029,0.17719732645764805
0.11646800254413023,0.08399266092716837,0.040256568309959356,0.2060220041607702,0.062339050909002276,0.08818186775544126,0.04302595195631262,0.16815328228690637,0.17312508405703111,0.018435527093278167
0.12525351989497002,0.1346396269342377,0.05555398425387339,0.1639839166179609,0.0806905069684556,0.05087090219748556,0.06181192297288579,0.13960285237899672,0.016927248275351504,0.17066551950578276
0.08240498756555209,0.09914215878164691,0.09119286798288197,0.026339469786527264,0.046285836354185046,0.1772154315427084,0.17701460642909578,0.13875250761908803,0.1436735539782812,0.017978579960033603
0.0898416277870723,0.07621201691287625,0.14070615510581339,0.14608488155768573,0.12881704307496183,0.0319685582148416,0.12221519195427018,0.07524057891633887,0.022584124303110797,0.1663298221730291
0.004775422615415959,0.011009052298654329,0.13488013932139592,0.1629456119467013,0.15316172016913135,0.07436419066652997,0.003062723573389665,0.13808423878979237,0.1656602389241219,0.15205666169486715
0.17974615780863543,0.02089845494689474,0.02087674612907122,0.17197423040330861,0.10500989423949982,0.08168191185083397,0.09042369995778687,0.04350529623154524,0.18753473723724703,0.09834887119517707
0.14465166957766337,0.10378090680482421,0.13280783680050645,0.08203126096504802,0.09453124081161868,0.007573357571915281,0.04598546769512792,0.10528651473612519,0.14057862390197465,0.1427731211351962
0.02562606891552794,0.11795657585939961,0.11846146730623176,0.12223497432612175,0.08263032925769226,0.0780447958437108,0.11405386658353191,0.047628695168553545,0.1451733799837615,0.1481898467554689
0.029165550127935,0.05047927453817433,0.05604665794126029,0.18386465210314779,0.15175844653547188,0.025605210619774388,0.12343457022243401,0.011708848562092958,0.2146917589461589,0.1532450304035505
0.10299036919596533,0.01166100792859007,0.05950995357343103,0.1942634419522952,0.06762053506370977,0.05734987207572027,0.15409161755763195,0.05480825403564848,0.19765777201423385,0.10004717660277415
0.05023439572012985,0.03382026745251944,0.08478962305364252,0.20078675378961441,0.09262443804449885,0.09469547933456363,0.1827368208525081,0.0530272909469963,0.0975262164410705,0.10975871436445636
0.04581452034508874,0.05071532007293229,0.12887935033214432,0.10779113437206123,0.10366243965718765,0.01795681670411066,0.1229561374219976,0.14843544201358524,0.12905909295538126,0.14472974612551096
0.17479959513153046,0.0518998332460433,0.11150317813632081,0.11066274343647811,0.14835761747905346,0.18789470666457483,0.02605068478902546,0.034262386246821284,0.07813347667857166,0.0764357781915805
0.02528620786525437,0.10038520602942948,0.10141419815786469,0.18597020623803912,0.0831880362227688,0.04657942966135004,0.151951817255727,0.11284356503591388,0.11142697455195762,0.08095435898169492
0.04577614798569407,0.17910262367217375,0.1980417463458914,0.005384214913847596,0.002256809396652052,0.2425550433161882,0.03600819167407268,0.002864810523934765,0.01976526346637355,0.2682451487051719
0.051790611090540395,0.06473515147922947,0.1454082547694655,0.12191430578335968,0.12552118702931037,0.03696344136786386,0.11613438157267683,0.0480390402469953,0.16647300377015184,0.12302062289040676
0.07920925407295343,0.004297057045507421,0.15001659085975425,0.10945557792702598,0.07633862218092638,0.07256227829516546,0.13933343469471068,0.17379760283132317,0.13269727314211474,0.06229230895051868
0.1950780344695982,0.13282710089117383,0.06260065543878685,0.03174662616347698,0.04444038293070624,0.20774283567224436,0.00036824815128606414,0.1605372487919213,0.05732974949043531,0.10732911800037084
0.034069730434651765,0.04209356879059743,0.14119031667212736,0.15127815320913562,0.0684870850603218,0.12157037590245898,0.14210982509024345,0.15519771845928962,0.005219433248755046,0.13878379313241906
0.169862990947432,0.042946865553643195,0.04155026024670976,0.10304263107720504,0.07035682723119713,0.16757606234651262,0.18531043675086234,0.08308324773054612,0.032718636601989766,0.10355204151390207
0.11508589576048824,0.12799210184978504,0.09997055335654267,0.10928029674177217,0.09843355329988586,0.001966315891779783,0.12844611787032623,0.11597516908960602,0.07076935449484012,0.13208064164497388
0.1858861090038014,0.05845692520891619,0.05520900722641897,0.13813671143745074,0.022636280027965,0.10672457661097683,0.10329038497383432,0.09792482040659829,0.17724319635798286,0.05449198874605538
0.24522330238812862,0.10421452741482783,0.008679482090984162,0.0038245425980441223,0.21709193892199022,0.13451000106576916,0.02807911772542228,0.08237844242555209,0.1563630019700787,0.019635643399202884
0.12768829672811252,0.0027290874588619144,0.11574764730034987,0.06669313366543238,0.025482114056103917,0.07722397723294212,0.14856008654866384,0.07565686447848319,0.19734846347126198,0.16287032905978824
0.16173701559952175,0.1458729416059786,0.06991568116387883,0.15602927354618085,0.12146582747548808,0.006915161465201636,0.08726673388771146,0.11821439773688736,0.13137373960304197,0.0012092279161095342
0.005131737724136369,0.19128017024024907,0.013982957090164594,0.21275559890694073,0.14966662245223883,0.09874996833225769,0.07337700988051879,0.09208047767558017,0.0016839624927552043,0.16129149520515862
0.1795284574259218,0.17889374420956444,0.02124803808489995,0.14803252587044388,0.05225405054857907,0.05440829115343866,0.050202044557081354,0.08600993661425015,0.1964064921386072,0.033016419397213344
0.13952395129460032,0.06449466485984387,0.10838289011810764,0.10392023414712677,0.12486851586435264,0.09146584540979323,0.05396118206589939,0.15169534222790265,0.053871607173502166,0.1078157668388713
0.029412780625432428,0.16321399616661247,0.1618330968538177,0.08477461427608207,0.07254760044062418,0.06313743869507399,0.1887911521282776,0.07695010515431971,0.12591829008516658,0.033420925574593204
0.08606558352489116,0.060125528315568104,0.10463648342960939,0.15048315528153308,0.13390528114087763,0.17284469177814166,0.015900044537361654,0.019771987325794632,0.16390026727621054,0.09236697739001215
0.14923337977523918,0.13829931500886977,0.15059790997741507,0.13183024191213513,0.03255813911720845,0.03876319028788253,0.11322096059717567,0.14824103184445844,0.019054413464196132,0.07820141801541976
0.11976974705502362,0.1738655752900814,0.13797494269484611,0.09982844588736361,0.13768606160131103,0.1434679194085786,0.12487146731750247,0.009500125635672261,0.042053729741771614,0.010981985367849213
0.05755951327087301,0.10032038809764705,0.1476524552145602,0.07133007010669204,0.107915607325132,0.04535952746519549,0.18233733242840564,0.10360562453848747,0.176812750758199,0.007106730794808126
0.16993635829029002,0.13824079865625793,0.12657350489504882,0.1612812156182933,0.038336686338766586,0.0038118717721989394,0.14095708785225552,0.018724416181838028,0.1287834402363818,0.07335462015866907
0.06863466373874887,0.14775192786065897,0.02710888491432496,0.07222271974227441,0.18314062627167438,0.17730228520080996,0.02047479592308204,0.16560484137558384,0.13751007762056147,0.0002491773522810662
0.030365150718380536,0.022614590289760678,0.1353024734727788,0.10701539249845576,0.10807535381046605,0.0906434271476245,0.1289906977494872,0.10069748453438566,0.13917565914400745,0.13711977063465333
0.17774543940305298,0.12514665199557737,0.03439127219069658,0.07797993002449695,0.10063012501924021,0.08574805254266606,0.09479726718264979,0.11253273449464328,0.003380230718700203,0.18764829642827652
0.061497418015311174,0.021821824534665007,0.103083479201037,0.09210808381055756,0.13241260938148053,0.1432737794898186,0.11831941943745834,0.06316113905229973,0.13950384791144396,0.12481839916592803
0.03585889413438174,0.0801394858322286,0.08672136964172654,0.07059089324300721,0.17697589971452518,0.037609190581856265,0.14727329865159117,0.13922048154667238,0.03957741893112119,0.18603306772288958
0.09816615715425038,0.14065544193573898,0.009504852855718391,0.107995548071915,0.09850147807720755,0.10091160458835294,0.08906116002757172,0.15174318686491817,0.06574172135801871,0.13771884906630807
0.01573624548496281,0.05859411109004404,0.04528815627019889,0.04721144247449021,0.02901079315003165,0.1632295001843243,0.13885446299941723,0.17581672491993433,0.15599895175114148,0.170259611675455
0.08146856056479128,0.0834866056573529,0.0670027668140297,0.03206461133120395,0.0335159465050861,0.16217694882480624,0.1347009855656254,0.17199722552240243,0.13380520705870066,0.09978114215600148
0.15331801092108507,0.10197205963094284,0.08061055860391003,0.061321398690705554,0.06521518101331783,0.0854196281372401,0.06363668544776921,0.0791486078292006,0.15564329104868263,0.153714578677146
0.154203016453478,0.04440262260892543,0.262186366369125,0.07668589493620522,0.12159220686302923,0.010316985135608192,0.033220737950571885,0.03443897366995035,0.15375196883565967,0.10920122717744693
0.07023467998044731,0.15434723145014884,0.024921381526948286,0.15339437769418707,0.11955560984574917,0.1267561147987456,0.1481885108135045,0.062107664897265026,0.12000106466639614,0.02049336432660816
0.13777541902761792,0.030226247581275997,0.08887674101353232,0.0989152713497413,0.13813912669073,0.09262543914165079,0.11797471157935274,0.028941960333683257,0.14369074397215792,0.12283433931025764
0.16120271780134554,0.1531461622100334,0.14918893688341092,0.01576682867874216,0.06992262179275946,0.12435055314340505,0.1283411877014984,0.0771289452155191,0.03052460003879003,0.09042744653449587
0.08281017892133094,0.015963080031532222,0.17644985409827038,0.01841864747030514,0.13312841567579836,0.10428079376386735,0.12218703023844306,0.05798548399659102,0.17612120632661363,0.11265530947724789
0.08880348189687907,0.12491988209254991,0.17146483628327414,0.02834831429814785,0.0670859977172109,0.02044379511404303,0.17285016724571042,0.017546154338198047,0.13585908163546032,0.17267828937852633
0.1132377798963069,0.16868862499944134,0.1818970153004553,0.019246847930069113,0.09744881311245376,0.05329352275599721,0.07524989316488766,0.041299803152098684,0.09781235735863723,0.15182534232965267
0.0009243026085599048,0.16517339212968465,0.1035553500417481,0.18868993846385984,0.18722220457904085,0.048204953743951326,0.2026550538284306,0.021427616113630962,0.07880857803202619,0.003338610459067478
0.19911594971406135,0.08853239936622122,0.0500971476076881,0.08208069795402134,0.019025685291130568,0.12043852616425398,0.08021617785230493,0.0961903322136439,0.1382372781575307,0.12606580567914386
0.07972469519629699,0.005176756735578809,0.1462385972846941,0.051017421248227356,0.1353908130828574,0.12282319496599838,0.1304124184751899,0.16890692311920172,0.13926592986455588,0.021043250027399606
0.059564546763768184,0.045715024092990615,0.03488640937561795,0.1174723726554594,0.049536124616276454,0.14013068663693068,0.15115055723808865,0.15289924578826586,0.17326165976825011,0.07538337306435204
0.11232185687362971,0.14431822308554268,0.1325638926485732,0.1431452869656674,0.11288227137990829,0.13081317165298711,0.010634724840128465,0.05357616688656722,0.03284058221520288,0.1269038234517932
0.022789261123578406,0.021480787081929256,0.09951110704731854,0.08846495137361672,0.13107664263829144,0.10479340870882811,0.11331650539838836,0.1405830879443547,0.1163021830551929,0.16168206562850176
0.077512299219218,0.032427193823620276,0.15403839866223618,0.11786015769390415,0.09373827531850121,0.01560739637913405,0.2065553292709533,0.12479265633391205,0.14795679338630005,0.029511499912220848
0.17419661481979293,0.09342320729762359,0.1806343659542484,0.09419448398957127,0.14281961886146974,0.0743068396785955,0.009121024931194006,0.02826965706860148,0.13362262057613553,0.06941156682276758
0.12687476124385355,0.07397055075968496,0.14435900457027717,0.0489358955595137,0.04205202270144888,0.027712445739854877,0.00013874839886448263,0.176091604926977,0.16457539911182742,0.1952895669876978
0.10588892259665564,0.1518777641321837,0.16447165412061618,0.07039080950288365,0.10978765297398457,0.10551129745694604,0.12327548458197352,0.10288601012992891,0.01904474049946446,0.04686566400536324
0.135581942590464,0.013573195631315592,0.1072861617788629,0.10591554876182277,0.13636412837076184,0.1256246580545675,0.13162724032398593,0.11942682358853793,0.1166748063667559,0.007925494532925629
0.04287059048742144,0.03981781268581965,0.06546245688814699,0.14440462505577487,0.16913500387065428,0.08879900466882842,0.1480845441655189,0.14835113332305847,0.14549563061377743,0.0075791982409996374
0.0360291027418926,0.1184569454773065,0.0466268208571751,0.11704977205190178,0.05157368023411074,0.17440551386868983,0.14248515545882556,0.18630294163790542,0.07708324095738527,0.04998682671480732
0.07332262079473875,0.14005581684769874,0.09163999176287456,0.09825607271717293,0.12785032436489446,0.14099233601677646,0.09253051045451512,0.06942298631010287,0.012631990482820944,0.15329735024840535
0.09283184992945824,0.16294742980567983,0.02947763608003724,0.07645871216042556,0.14457605069612983,0.10080175472839681,0.0016783359651906644,0.1290818299886679,0.15166874056787857,0.11047766007813532
0.14625306698606952,0.12338934054939846,0.14343934410251866,0.13090587227215966,0.13694036131307818,0.029310165348606976,0.004195521097138588,0.1427562852262971,0.03164406563663855,0.11116597746809435
0.07047244468736262,0.054202555230823075,0.08440528511704178,0.009533782954547806,0.12122405947202548,0.13753793486487934,0.14635336971054844,0.1303608222407,0.10773320546125406,0.13817654026081735
0.034165981475515084,0.08219226906183612,0.15276291491002014,0.0464199681191754,0.014552795278660604,0.06717160323830725,0.16344525118686673,0.1839356054265266,0.17408616516949177,0.08126744613360036
0.0985609152597448,0.10307243308195563,0.1436640237733262,0.04223630037445437,0.031173181947197814,0.11132429881324694,0.14695116164819005,0.1528302612900662,0.16085831071226375,0.009329113099554226
0.17558978423644445,0.047611441364698776,0.09810077555361416,0.12086757623302771,0.14258197458754931,0.009652900619718807,0.16057117466789292,0.05057906818379735,0.1888303367763478,0.00561496777690872
0.015418016816123063,0.1727132522731565,0.03187100519262673,0.07950359761240076,0.18216499977482253,0.07548319817919588,0.1060999361137699,0.01255131773554068,0.14712208678683947,0.1770725895155245
0.18223634400251842,0.07955625514070351,0.1569149881657312,0.03803811362604009,0.061780200965720615,0.03743007679686543,0.128040969907209,0.21776607058557942,0.05815903544463835,0.04007794536499402
0.16465421144997783,0.17391514440851658,0.08977275049706168,0.025558729883020968,0.004465852826002782,0.15120395643814122,0.03301337353266894,0.1490230300439401,0.14907181332346806,0.059321137597201715
0.007840236555516782,0.15545853190372347,0.07503829852155773,0.13860651853527445,0.127488493881626,0.08010633272357519,0.14572597254643993,0.10889637676474184,0.14211605593168103,0.01872318263586365
0.0686229422095336,0.09638005117917824,0.16057780169421038,0.0018750362246422586,0.051949110339935746,0.17602713864578431,0.14724753961057999,0.038957085697760574,0.12801389864399376,0.13034939575438134
0.19549207073293984,0.1294758459440327,0.18027519651672314,0.002473064959016124,0.07001219242477871,0.17529357265616322,0.04353594910642462,0.01831556573086434,0.10784251180205551,0.07728403012700204
0.05130354021168706,0.034726613141594496,0.04720432528568973,0.041336820237654365,0.1283627230326495,0.18532994535143307,0.1309685266723708,0.09502633114571303,0.06750145964356526,0.21823971527764272
