i = 0,i = 1,i = 2,i = 3,i = 4,i = 5,i = 6,i = 7,i = 8,i = 9
0.11293746779902565,0.12328956089284641,0.1116744836590509,0.0691750085960016,0.04509714709834425,0.07447226883028005,0.17226269428138904,0.1138412171746881,0.011663416605495382,0.1655867350628786
0.16548693590407892,0.16056406191315045,0.1479675011947094,0.00700121468374109,0.13107980131293778,0.069083370871853,0.12073776712349117,0.0402698073518344,0.1556864607755435,0.0021230788686602536
0.05669298449098629,0.03558716997269168,0.18324291112903826,0.11642768100927642,0.09024931939969365,0.12390990831341937,0.22370197457683683,0.025098853577198037,0.14122696519477412,0.0038622323360854765
0.1286837314029288,0.10112723983451688,0.02836976342645572,0.11706794833246231,0.07404147646989513,0.160649061314526,0.18907854559257947,0.05596257678354924,0.10363810381870539,0.041381553024381
0.02500279394703244,0.11900012071945414,0.1255060267745042,0.16614956202362052,0.1628666674380901,0.018271349479436406,0.03868647874572383,0.05473018313896268,0.12884943256976425,0.16093738516341152
0.27334876355481397,0.06542608299284969,0.09253990823001455,0.04967656383614767,0.0055018979502014795,0.09180657934323899,0.1646279019469663,0.07508448485609484,0.061783258561406026,0.12020455872826635
0.1371695182213987,0.08628699851736331,0.12430766797119167,0.08587435230685869,0.05061271098714135,0.16257412964581316,0.02037670637679943,0.22510202879909377,0.06228686269165787,0.04540902448268216
0.09098051065150731,0.13651220734527192,0.05886630143364134,0.19856843716715014,0.005566904542931926,0.08087314602854982,0.013172971345922819,0.0947142542495275,0.08437228221791937,0.23637298501757784
0.14267017118632355,0.10861476527619394,0.1595366571438719,0.17200172351261536,0.05953932783296192,0.010424156653966864,0.1837254660616789,0.03502682565815254,0.024851669480640597,0.10360923719359433
0.07139744762705343,0.06842260717140093,0.03980427953589233,0.08498333172459935,0.12299736234853115,0.09561840889530845,0.1595761262048992,0.06580773096263098,0.1367050284821465,0.1546876770475378
0.13300123262253383,0.13506444413211757,0.10539445735899045,0.04028294151845246,0.0647554382599739,0.027319915487679786,0.19149052494070878,0.0023494196134768797,0.08587141912274476,0.2144702069433215
0.10873440947362897,0.16578232389887923,0.06332541466221092,0.08691889824782911,0.17090506308125653,0.14992982068155636,0.016163507257296875,0.04304836944828788,0.057158291110869,0.1380339021381851
0.07163879744224798,0.1130630263103927,0.0587061995495739,0.005462129787394861,0.12617535025012883,0.05293940553605213,0.007133746872192743,0.2165342016983931,0.23025885475847585,0.11808828779514796
0.19013296687511688,0.09563146974614636,0.046283838955450934,0.10128771171889753,0.06351128872181386,0.15746953394048813,0.11175688035236897,0.014326029213734241,0.19501319248230853,0.024587087993674626
0.07271081637314437,0.1304138631157206,0.12979715020889662,0.06460262393550849,0.09650827472272487,0.13235666586526035,0.13008557031865456,0.05684902700166539,0.05181284998528563,0.13486315847313923
0.10898124998384472,0.15147712588726284,0.10748710111625258,0.13776161666212614,0.1397087787426138,0.01966405739477652,0.020476998506690446,0.14048131669330732,0.06711776959062535,0.10684398542250022
0.11292718848969839,0.05397444507203149,0.11395213581672434,0.09964976663510995,0.12029460972096041,0.10979650615247855,0.04236439701536954,0.02469845303222134,0.13520847113483989,0.18713402693056613
0.16085666817616046,0.016437333869752786,0.08069650015003449,0.017344333729009377,0.1308604605122837,0.11028571119267565,0.08120943025961129,0.08949338019440535,0.14429753302293535,0.1685186488931317
0.160420333133888,0.047861235889185685,0.04244238836627074,0.09736589559959281,0.11019008013435243,0.17086060833513547,0.1476098328601232,0.08676901112140954,0.1316059083379605,0.004874706222081745
0.05625774278282578,0.09601860703987648,0.0003754943591106538,0.13074346428376327,0.15009772565650065,0.06194176647492035,0.06092814390464848,0.13131873559912707,0.17574181078522877,0.13657650911399855
0.177343618610073,0.029691970771017574,0.05731746522430988,0.015266797650952091,0.14557759413134935,0.17264360703815212,0.05282162306417176,0.13140475850863156,0.056832021352548744,0.16110054364879384
0.01991600179755748,0.177683129316948,0.08427266898145265,0.027156323880592713,0.13702836489332704,0.15846238590817985,0.1867702460978696,0.1144692521012894,0.037741970147744726,0.05649965687503869
0.129167622406749,0.11435030128571488,0.10951893923444672,0.06485399051728848,0.09792069621470023,0.13106222060085015,0.013686189662660303,0.12082317254776537,0.1844632868304752,0.03415358069934962
0.22828658647575442,0.15410557951375492,0.12643194269857874,0.05031434104105822,0.12913259480021066,0.038020056870088845,0.17824821022566478,0.004813224002260979,0.00816675169178835,0.08248071268084001
0.030706132701290162,0.1702492436183564,0.06153556029116415,0.13787681507980862,0.12096731429365182,0.046398875587714744,0.17930537601656865,0.11251040793297236,0.1192980254738647,0.021152249004608412
0.046232666175191006,0.1597999998074454,0.21901357542925898,0.18648019320021747,0.1317861970664445,0.0598626593546517,0.03893686826936938,0.07881009786385815,0.04197112257120642,0.03710662026235676
0.12491254292206964,0.13088457317154056,0.1149987719511591,0.06869836642982773,0.0735428042129934,0.10685682491551811,0.09208219681560639,0.13491177404398144,0.08425784536430782,0.06885430017299568
0.031198721327238256,0.1855721941734779,0.07279769862420088,0.18853014610054358,0.14352341211001524,0.05100212029046714,0.06620780706007166,0.04796093598949979,0.08485281970541492,0.12835414461907066
0.13085075346068475,0.1026166306183724,0.13849120820883937,0.015730908862792464,0.02081502352956605,0.13389819725965973,0.14065656797066897,0.14219709956916796,0.14514751479225552,0.02959609572799273
0.13058110549306448,0.0036750601509663874,0.07852355270843434,0.0677499255925382,0.14607264225725883,0.06871105287253362,0.16376978881693702,0.1483406591189907,0.08533312887469925,0.107243084114577
0.11769895263662117,0.1787989171197719,0.06158835271822264,0.08934047618217203,0.03758854877754566,0.02860256382980663,0.12819587617773473,0.028577160624718784,0.2125866738677269,0.11702247806567957
0.037093278929368555,0.1628483300469867,0.00844433555703102,0.11778022411131979,0.1706826054361737,0.12055450527310851,0.07488142691464103,0.1182364837662745,0.17321276505666355,0.016266044908432593
0.06467410767905242,0.14582471186412777,0.1534440594775766,0.14144796138249338,0.06969984043203623,0.09825749782879345,0.005003927668949678,0.016317799365516632,0.1310224978426858,0.1743075964587682
0.2177404722664946,0.09124767679083073,0.09249364129213511,0.1373226988068084,0.001475822102658293,0.16320372903431463,0.12113961737338515,0.047736139907477416,0.1253033847003992,0.002336817725496614
0.15135235996438348,0.0342699934331179,0.05191233301484773,0.10298696462693041,0.12234471593650352,0.19007947006924486,0.06532669915837411,0.11675616024992572,0.021474076796456507,0.14349722675021553
0.03382303073097523,0.21712970150259955,0.1250737051407513,0.13538841863358925,0.10182415879866596,0.24445763503471876,0.04747723132667093,0.04939266745839042,0.014388579664323995,0.031044871709314525
0.024187667338651582,0.01885230746721707,0.046487772032020355,0.07227191806470455,0.07741956803565615,0.24549704184030421,0.08578072896030105,0.1964419269245763,0.1520757024004224,0.08098536693614627
0.08188852370161494,0.19223827782366953,0.20784058341609538,0.08007809098370633,0.17298163885440768,0.02376692871605768,0.086808209899133,0.009379444053216234,0.05242799111346319,0.09259031143863604
0.007456125326598665,0.09185231744946508,0.20600776800480566,0.032461801842207066,0.059239143884224986,0.021517633349999378,0.14355802529351352,0.1787562264799375,0.043569438167589736,0.21558152020165844
0.056014736931933616,0.21769024969601095,0.19712960370735239,0.07952721762154442,0.1916297903015416,0.07987278021388172,0.0317044226650169,0.04496661587545958,0.012605665866796505,0.08885891712046233
0.053639677661979676,0.22896007677946179,0.07986649183564178,0.05355462814184638,0.0015887229455912256,0.10750708496493919,0.20680652417590104,0.10020354219549778,0.08275351800389227,0.0851197332952489
0.12710318151256575,0.04047031240026129,0.09365933128686195,0.1355700723164566,0.0786972451030651,0.008375879619755467,0.16584435343466403,0.12252978794013883,0.13559925067754833,0.09215058570868263
0.03266464576055213,0.12189516628936686,0.12001013819369068,0.14533837671794453,0.1668889093305769,0.08991524605472294,0.06012301826258427,0.07766518980761587,0.01559231421745834,0.16990699536548765
0.09149139461485926,0.09262424527637195,0.14500071425361052,0.013328815790904749,0.1105887236200558,0.0764265333682953,0.15071168669109566,0.09753536884758726,0.12123818362922781,0.1010543339079917
0.025213823625801483,0.2345975533454994,0.031480785138825775,0.1471868207268285,0.052345780323141605,0.011850039321391405,0.046192679199503456,0.15828523899512462,0.2233812616517409,0.06946601767214276
0.2217326859497361,0.0006869274342265803,0.08330899925600627,0.0735343656854686,0.20658502405579446,0.036432816896773336,0.054923946642950076,0.14467724914676985,0.12264424184830233,0.05547374308397229
0.03571440928826889,0.05092872037236965,0.05573162877681977,0.15450746805263638,0.04690335138223897,0.09000880516951937,0.13813593131566088,0.14169926228727395,0.15979428705768095,0.12657613629753117
0.1259002432618191,0.03266604445033822,0.14049403608457225,0.15159020262940526,0.150042332200094,0.00645773234900667,0.12237981343280245,0.111149285155514,0.14950967438446122,0.009810636051986885
0.030712901927227674,0.034917887577728325,0.11074434377813099,0.1258555143580833,0.1164293586445642,0.05353231368293655,0.17100638656649877,0.1491167895386512,0.19990127163355098,0.007783232292627888
0.10277269099040032,0.14223221136728,0.09566761408954115,0.04723992639736106,0.14393844879927672,0.08724477111288785,0.04112571675313622,0.17103206923123987,0.11083071444423925,0.057915836814637675
0.2340884688364027,0.03658405747548561,0.12177676776600313,0.07086646371298075,0.035235111476259656,0.21362960431522285,0.024322656442681195,0.14157468226449987,0.041340742589915956,0.0805814451205483
0.20248215801078198,0.0242342395099688,0.20209239769950085,0.06504028841169088,0.14629233014497728,0.038881634992045944,0.1248140501757778,0.09434674372633489,0.00497315913024648,0.09684299819867499
0.1402213549703984,0.12111932726513555,0.10118364974821822,0.14455494075756384,0.12258563542554524,0.05263554585056927,0.1385190477616938,0.1141058984854997,0.03639432380086938,0.028680275934506547
0.16354020449601944,0.15903421971244178,0.07685227873002749,0.04540804763622397,0.010498883647645785,0.15237547244909658,0.17111200827009337,0.050219966987179135,0.1469437584253764,0.02401515964589594
0.06218504903844295,0.08341840547649658,0.1386269993489769,0.04280461398173681,0.12594154542172056,0.15640485600168633,0.13802174443638976,0.08644493031709423,0.10535378867569406,0.060798067301761696
0.15647885503090056,0.06171992432357968,0.026685891688098925,0.0925266118095825,0.14972965892117246,0.06691532759640588,0.08702226172281985,0.11128560241326084,0.13285280734725533,0.11478305914692394
0.03787938008548304,0.17442935437532575,0.0428793239506526,0.061867098843468527,0.21828461665310067,0.20817547550147072,0.0659275099573277,0.004759712280852463,0.18501107475034817,0.0007864536019703926
0.12067084476137238,0.04636983158406887,0.029557242369471253,0.14958080571260896,0.1097192414459043,0.13066173108814844,0.11181490694025903,0.15191235353178853,0.11650075875114073,0.03321228381523737
0.10656652355883028,0.1463074441262712,0.08155974765764264,0.14988314018075058,0.11020861422835865,0.0463363193040717,0.15666653769319494,0.025875867645274195,0.03232935402195547,0.1442664515836504
0.03681040671368027,0.15199145513674336,0.15181659807619613,0.10431414601333262,0.10362245143383299,0.06638619520659339,0.027160514220554748,0.16176402091915315,0.05099737059019652,0.14513684168971688
0.0025484177651291305,0.12364521342167577,0.19433209212563324,0.12406565590706194,0.11128544725214948,0.04099911771548488,0.224199141889539,0.021273341981329293,0.05083902363297874,0.10681254830901842
0.0561235151176155,0.033230127163493266,0.09516990214625269,0.18724622778121422,0.18375854663257496,0.188032295142209,0.0420717462817331,0.1295249618067146,0.0038009454244252693,0.0810417325037676
0.06849705062901543,0.1722726185445542,0.05763551839042399,0.12535187637896775,0.00860355527532846,0.05050776941076457,0.16726196548795833,0.13684788679328785,0.09999911397096836,0.11302264511873095
0.1564553383574665,0.0707951754211261,0.04465401104373366,0.14914942007195864,0.08021406128094959,0.13835824889744064,0.02640897780913103,0.13470272409783202,0.13793228446135292,0.06132975855900901
0.014328491837614716,0.04062424153052438,0.053491038987416396,0.04935285911135695,0.23092325395161947,0.048230652490149004,0.28135929432347456,0.11579292702393487,0.04881930117484731,0.11707793956906229
0.07394607123303226,0.11925641051767263,0.10742640237738905,0.09633031793351603,0.1221184978895105,0.09037634229519102,0.0835063566540853,0.07921332565621146,0.11814486101708672,0.10968141442630505
0.03780056536096133,0.07603104861978865,0.10659428521719895,0.04049739394352159,0.18893089056098525,0.015405971580769935,0.1741360099880395,0.1972230318833259,0.10727025170991038,0.056110551135498635
0.08279734199547407,0.17970983440429997,0.09788553985156466,0.10061500009231947,0.18600665833641017,0.17254697305964478,0.019330298288285985,0.01474480478867471,0.008531932092504677,0.13783161709082142
0.0799077112390272,0.14507773575956556,0.12299884333820636,0.08021450234068941,0.13892847233121527,0.0804958853708133,0.03803818479695204,0.09383960445531948,0.11905571636125789,0.10144334400695348
0.18831678035882018,0.08902472722533768,0.022899547045701976,0.08362583888840676,0.179542178704668,0.07586454306687422,0.017483398667922007,0.18558637168562336,0.08912347935353404,0.06853313500311181
0.11542182072383374,0.07670663370980636,0.10410775137330398,0.09615278888705266,0.11241971924196625,0.12720596799545228,0.05878809266277994,0.1041926527497744,0.11906507122165488,0.0859395014343755
0.054910715365411214,0.06545455883749439,0.040540969222521164,0.03360570072663469,0.20503494888353696,0.058795852083487,0.18628571667485913,0.026363209694766906,0.1280402540227164,0.20096807448857212
0.16173167811609332,0.10839623166828082,0.1084092601469412,0.10815446195219365,0.008184692827772719,0.09776583844399178,0.04702158030795245,0.11349195770449745,0.11229563011345474,0.1345486687188218
0.14522958788105594,0.019196904897099947,0.06600873531253283,0.0841787288771784,0.2254438012782196,0.03368493541256178,0.08573046105393008,0.026866676615280985,0.07478589429857589,0.23887427437356445
0.15224999600880237,0.0016452457530794985,0.12402842158676618,0.09772810562109813,0.0768662143536136,0.09145092963278656,0.08787557255934896,0.12773128514284063,0.16548586374815105,0.07493836559351294
0.10660752331517918,0.12646569885037326,0.10703959323208129,0.10861699626881102,0.09951987292273731,0.151682563653596,0.11761236906431947,0.06287132584830062,0.05994163242764554,0.05964242441695638
0.15103767379563054,0.006472755347813624,0.1467728967336378,0.2722942148800151,0.011406691966397202,0.03931959450102162,0.09080786384224565,0.26068563223213437,0.017405127680031197,0.00379754902107285
0.17393796784181212,0.01989667558151821,0.17257549053895926,0.0006107651306627114,0.12537105151527025,0.190794054233094,0.051670185287206016,0.028357512880818395,0.07521789804852977,0.1615683989421292
0.0501253357704019,0.11896284594265681,0.12504435962304472,0.12091353954196347,0.07989673590190557,0.0026182765644633572,0.22331892825464297,0.17132156057311387,0.06661756154639789,0.0411808562814093
0.13905304934224977,0.1347290264774461,0.14333772081267104,0.03621933134922718,0.11584229319319439,0.10090277324748335,0.013184532380418657,0.13046756328044448,0.14334689544311335,0.04291681447375186
0.055077585725932215,0.17738645052165825,0.12487742838748327,0.12946361215955388,0.007703793807441011,0.160654683429208,0.08686713578605329,0.02262900203655387,0.14494428167488493,0.09039602647123128
0.19809505747000997,0.010236157802265927,0.036791828999996286,0.12764311778615794,0.02713731174548462,0.07046066867635402,0.06378171870946321,0.13114246286932357,0.17494724440829956,0.15976443153264472
0.06396793821880935,0.08361461217864602,0.14001609038539653,0.05719374860009488,0.08357725222396828,0.08345540421738276,0.16239182882553482,0.05907733054688925,0.15746652240658277,0.10923927239669542
0.017348796322052325,0.028168114866018445,0.2601254122920392,0.10944682793716055,0.1661702713926553,0.06476751870914545,0.11308655972774188,0.014209613383231437,0.08735177668343451,0.13932510868652084
0.14622237487230488,0.11105504052066505,0.08710882495237611,0.08221296207307283,0.12504848514869246,0.09698128997827822,0.18520187660219914,0.00301918638160361,0.08636358965737054,0.0767863698134373
0.1208775740564679,0.14697424189379146,0.12747536764973744,0.00014245679734938737,0.1412603721753622,0.008851829373301671,0.09637173356758968,0.09692163256554466,0.15381793283621767,0.10730685908463797
0.12958872869641996,0.11881366823493944,0.14144394358532925,0.01573472761086322,0.14747175532105478,0.16861902782995233,0.03682750987857794,0.024915720794158686,0.16332716042535955,0.053257757623344885
0.026987377943199095,0.13922646560808527,0.10588350982989485,0.08672728049692197,0.07849872521491871,0.17323028387758907,0.022596229601748504,0.1792699474163247,0.08796605031454924,0.0996141296967685
0.05658887638909739,0.08321988671018075,0.0013361728175301988,0.18412847946297717,0.14871352532680643,0.01893898005763238,0.15480377955044397,0.15831526178576194,0.12192732452172765,0.07202771337784203
0.01906742039160957,0.15452265426092648,0.08388473827779817,0.09459430537127461,0.16162401125834022,0.11719068427206368,0.04260802654102675,0.1522863472541665,0.08495838003835608,0.089263432334438
0.09622780029497,0.016900292910755774,0.09984396927283185,0.14951803915963688,0.1229909656390156,0.03445958847991438,0.11104659795581466,0.15465058289416408,0.08784668704452343,0.1265154763483734
0.16602911410118848,0.01742305549731426,0.11225800200793283,0.11799946039694681,0.14542942604259704,0.01381577592454917,0.14771807493131628,0.09135853661909991,0.02810579346274101,0.15986276101631425
0.24467734625588383,0.07932846025048865,0.1870116035985055,0.03649735309827656,0.08770056021364632,0.1354836781590135,0.064266762040722,0.024661899526913406,0.1353838110112978,0.004988525845252417
0.12272770864373103,0.025321452770830654,0.18448971953201007,0.17668073679104912,0.15009306122591784,0.015292325467128068,0.10614638062934317,0.17734680428862493,0.00423827328900417,0.03766353736236094
0.1505671736445034,0.0023185552605642806,0.11705153534312804,0.10676549889057023,0.13225075742248274,0.07292638785314266,0.010483200774121635,0.18366243367355195,0.058544403377222096,0.16543005376071301
0.16323501562513953,0.030846113480000933,0.13331310408586738,0.09087732284041808,0.009073113291804389,0.11375881257194591,0.1107064836658361,0.016769866399280284,0.17820908021184728,0.1532110878278602
0.00445282183906774,0.05343824988497227,0.19257211367992097,0.1992084042132808,0.1718712044127757,0.16600089029248474,0.0244330811281391,0.03339427558347361,0.03273994008819613,0.12188901887768902
0.00863293875287832,0.053614232432062085,0.1994403324911697,0.15380327038044914,0.13554238976405422,0.13601185217387332,0.148383998198769,0.0864302222519857,0.06677706385202875,0.01136369970272962
0.13559190748550182,0.03334708539014806,0.02815789763573906,0.12698290351415764,0.19654570949290814,0.12988822351969037,0.10325879180619274,0.0397747952111425,0.06648098688648696,0.13997169905803278
0.0815961892500873,0.03461196785444353,0.1772504968564543,0.17373096920369502,0.08250477604483997,0.20519966226796219,0.11022961500156224,0.020170070598272388,0.08650691983514688,0.028199333087536072
0.03119828483316474,0.06064977426584935,0.14639834820474226,0.1630964162346933,0.12909412358640485,0.04475868411257425,0.009454935057489908,0.13567535287646226,0.15251593884405346,0.1271581419845656
0.17093318674296096,0.0888144390295664,0.05678413521435229,0.030331791197947926,0.16863167008186078,0.04905788117276124,0.18667181129777838,0.10322706774934566,0.0771831524355736,0.06836486507785276
0.16749915309067967,0.07336712673116268,0.1282576886981938,0.015953302919430565,0.20748188951797486,0.0005309737206238117,0.14366266257538446,0.09405109293712043,0.1494947436660414,0.019701366143388334
0.10927265676380464,0.05487265019137113,0.0025201830364505744,0.24777998576671165,0.04219049837838938,0.04037352194251552,0.03404933172697097,0.2532469705731586,0.18987694085479295,0.025817260765834543
0.06366420183849901,0.17861500841460295,0.07429667577554913,0.14951833887637392,0.12824200239670785,0.060675415306931636,0.11310223078986056,0.11413594195848033,0.10606791363584026,0.011682271007154391
0.18165789107440605,0.17568110341376075,0.044235362510256795,0.1509962257163246,0.008522154474995339,0.022303980123609783,0.12944699992625075,0.18429337434102436,0.08594437672445276,0.016918531694918765
0.05269110835566634,0.12986418720489074,0.04894893751141098,0.027594089337631064,0.09248318067397003,0.19813830012190278,0.18786962889801512,0.02908834139950273,0.1651353158436996,0.0681869106533107
0.10005950333595336,0.17364706758756224,0.061053065839411724,0.18137277998614199,0.1654193502283086,0.04727353292698574,0.02419596808136314,0.016507833331628228,0.15526104916318795,0.07520984951945696
0.04976508339829122,0.010738671994333015,0.148139809840236,0.101855224304722,0.06408055795503197,0.17993385355187255,0.013596929483301429,0.16927795591430236,0.09768382249028798,0.16492809106762157
0.14273645658966785,0.026752921281954924,0.16888160637279706,0.1857596581962006,0.10039528396886067,0.0038590251927634336,0.0842280361732199,0.1379656173152142,0.020068541685574905,0.12935285322374646
0.022244182860442538,0.026029840876725704,0.033829517597140174,0.1976092832226021,0.20774551727239915,0.00418756046266247,0.04210063831569582,0.1361807128792967,0.12276837486074016,0.20730437165229512
0.05836949639538314,0.09741693139633303,0.18389257260132882,0.06196906380857397,0.09168287499378086,0.13646713015419645,0.06916656283123788,0.1542829877135434,0.06052994712280792,0.08622243298281454
0.010858236710358187,0.1791008744428215,0.0886616193060287,0.1648442430190872,0.15482239818997054,0.10439717277204556,0.054147310299263715,0.031066548809462642,0.08100792838979176,0.13109366806117018
0.036979957050162805,0.05354553003725595,0.1210145582630044,0.11246263034964635,0.13604679454163915,0.13296019754211527,0.0005309931075397374,0.12091029851095131,0.1605349774254084,0.1250140631722766
0.16163517270157063,0.03345897145311628,0.1800816955805457,0.05880354316097627,0.03025863366031596,0.056186353142794056,0.14570812003773911,0.13068681184313932,0.13688109838308762,0.06629960003671494
0.07446414410049651,0.11973568841566007,0.12303519849126647,0.0635771957145125,0.10927151324744927,0.1156198651493086,0.14907262323405185,0.15901075172194046,0.0803878034481558,0.005825216477158359
0.02140867489519231,0.19656395148179207,0.058508389187313894,0.02788569343239659,0.1636767449501485,0.07339066228538814,0.14545182194959505,0.12131966618441632,0.03589506887278817,0.1558993267609689
0.17706462307261,0.06352815738695794,0.12118395298775068,0.17119447657955586,0.17006472744440054,0.10075533444693895,0.007393653116299099,0.06282690137920209,0.06262112118170725,0.06336705240457748
0.20117917743637664,0.09965289448140824,0.018050058369629793,0.016432039445562433,0.1938383136821994,0.002958391693396018,0.15980894515082467,0.15598287714051584,0.10007322192889552,0.05202408067119144
0.07250841982417443,0.025615911675362348,0.1301133241544632,0.026973942470261227,0.07212656519167139,0.1451856973295316,0.14932093594044865,0.11817834552970306,0.12232226137769132,0.1376545965066928
0.05281196302043414,0.0331464833900998,0.053172071075074136,0.19288294679941934,0.15344378099630965,0.069956402748903,0.08298710430661962,0.17071723992863153,0.11770445679755524,0.07317755093695356
0.15829728878543042,0.1782772250176754,0.0436598598844146,0.04424982591605768,0.13267511578419985,0.1738681192488923,0.009863455422919856,0.15179583429263618,0.03379711222655535,0.07351616342121846
0.20533303262147726,0.01952821158155253,0.05605524192680718,0.02849744761382361,0.12838362432728553,0.08416981123026807,0.021362701657057195,0.12762485374264373,0.16124382189169595,0.1678012534073891
0.04496763103016371,0.1883707905301072,0.10452862923695506,0.11625760674607659,0.1275550783714808,0.09653593061562758,0.08026849289636624,0.20952737585444714,0.015357732893595497,0.016630731825180187
0.07929347652580866,0.017619877120255808,0.17366577451954573,0.07345475126542438,0.10350578031032734,0.14600404070612205,0.07505175549717664,0.15140989368816726,0.14272834929385028,0.03726630107332189
0.10127267647920322,0.09201758060200006,0.07653745927243835,0.11966044538689595,0.129354385990216,0.1392933510210274,0.09876380693459921,0.07645897590657381,0.15477563676231887,0.011865681644727087
0.13568321975433442,0.04702847079717628,0.056316220860919156,0.05351639826228481,0.06275620053947613,0.10411258115572217,0.09896238713792754,0.17522884094688929,0.14512311047389329,0.12127257007137683
0.0933700820850375,0.12158948963663843,0.11717387776122735,0.04848000827573789,0.13880235637440075,0.15051309374213068,0.15470264105310272,0.025870683914392463,0.008374857875932964,0.14112290928139923
0.12857906247666148,0.08479900062003218,0.1350430129033815,0.14325381701700943,0.13628727157352377,0.12487518043784637,0.02086488557983343,0.06268070282089147,0.11880137033209531,0.044815696238725035
0.06774932355618228,0.12495767002881684,0.10510780140735577,0.14286866268806309,0.12114760337799572,0.07412560211427927,0.15295004118424405,0.07957868487107113,0.023169903189391897,0.10834470758259994
0.1348340594866592,0.18089894794022862,0.04961581181327017,0.019028170235558965,0.13682713779875064,0.1459887201543484,0.11640964242781002,0.04705411371712265,0.1033652628980282,0.06597813352822324
0.16612942652120624,0.06668508736901602,0.0017864646379526946,0.21791245529716502,0.08454040949473313,0.15467504157790668,0.04068566577990932,0.029646189940481807,0.009290504123909285,0.22864875525771988
0.12156448814169564,0.0229929528596165,0.08509335477918181,0.08968292837192944,0.08581242902872174,0.08096843077302444,0.0563013504987154,0.11480134137034921,0.17031733115609432,0.17246539302067143
0.1163054269276148,0.181965631213173,0.019091448062448422,0.027199067591753737,0.03854435790846048,0.035887277196059886,0.21845136918167846,0.023094489417038823,0.3254029507011837,0.014057981800588717
0.0008472611026834472,0.01102827879567003,0.17250356189672858,0.05659323270946474,0.18148868637384843,0.16822745110883197,0.06778150490288506,0.04210811685905029,0.14792343210459788,0.1514984741462395
0.11094235885846163,0.05389102095042238,0.1336285599946704,0.13154912014571454,0.09330132218316506,0.09007367227785794,0.12273515109403328,0.10424909619753418,0.01886198954972516,0.1407677087484155
0.07165729744127933,0.1363343493580042,0.10784664533508044,0.15477226423636678,0.11003240664736558,0.0468702909683615,0.08231238693287354,0.1556319384360929,0.12015319606102112,0.01438922458355462
0.06856721372806121,0.011347233062245003,0.04452810585968328,0.20728997000657856,0.058537963428249976,0.19353285565595316,0.06897589956260998,0.020796587161016403,0.19027495037130832,0.13614922116429412
0.19380708831837215,0.1088088632243825,0.11705836156784118,0.06784406004134214,0.14685922734919912,0.1382112965308537,0.04619590454461053,0.14115447568152958,0.02578770545322404,0.014273017288645194
0.07997370815850664,0.0497419210935854,0.13391961901094107,0.0809017192589167,0.08860648677465181,0.13325087367767713,0.09787351466292556,0.10202234191272584,0.1345944175938828,0.09911539785618709
0.14999546759599391,0.07205382145832172,0.13017759589377284,0.13424883810606625,0.03382276876804629,0.12739649378320986,0.03415482431169178,0.12389981679621716,0.004221708831028312,0.1900286644556519
0.058667120980586025,0.07786076758415011,0.14986699936523423,0.0859311169670016,0.13499480314703124,0.2042716237580709,0.19822149233314326,0.009554593885418192,0.07861959934023088,0.002011882639133581
0.08836143416162041,0.025738954503928265,0.11109762449525512,0.018907743507944056,0.04803861605012318,0.16317794374262726,0.0297488359836614,0.17675862043051982,0.13759900552677937,0.2005712215975411
0.08210312296835479,0.12362236029662936,0.23917118132940762,0.08377814537216055,0.07122983884160847,0.03054978040278305,0.04700611886620306,0.060157305797582994,0.2570923268640792,0.005289819261190977
0.1443981389018112,0.033016211925499334,0.045916794056761155,0.08708677500116434,0.15179636947257075,0.1197470887359499,0.023391997647560808,0.14951320660893275,0.10937496048434674,0.13575845716540294
0.14789767664867656,0.1001570198710535,0.1622447440260422,0.03978994924514501,0.06048687481029955,0.18034147839182324,0.066448247680417,0.022902956527330674,0.1029154620183628,0.11681559078084959
0.1168375197536399,0.08696729654085948,0.061109166925112944,0.14324377163536717,0.12824467119938782,0.13829068689180574,0.018496870932607466,0.11386576954199469,0.14419012270724121,0.04875412387198372
0.061644844160061975,0.050654365287001665,0.17509544661272022,0.131953826433671,0.04245657086123125,0.13146724919966582,0.12145968576266784,0.1400722925965282,0.07300166708840145,0.07219405199805048
0.16764967747963438,0.10845784560328214,0.193996149146276,0.22199906501816458,0.020383421737960303,0.04128048245627939,0.07682912253796226,0.08680215604893925,0.023551866854696124,0.05905021311680546
0.01558882930287392,0.06202805292289194,0.10323526003688567,0.2065182349035767,0.1292765904001085,0.14918134730319976,0.026395150014462194,0.20214102474705992,0.006593403568306451,0.09904210680063491
0.02790333355958031,0.15220512713418563,0.06942115252269368,0.08589850116765059,0.11026829896411533,0.1623114989391427,0.08448361761017084,0.13293201311390807,0.02892800209882153,0.14564845488973133
0.10787682690237127,0.017438413321740332,0.025284917118101304,0.23476285273063893,0.21401876802549671,0.20501359982697617,0.12064685185282217,0.03678356758072012,0.028094542401806845,0.010079660239326054
0.16240125627762586,0.0380444041766947,0.18883908662174964,0.05901779248227437,0.1391995046425809,0.06025449620852669,0.00486628661671049,0.0073471895242029125,0.1630298455550638,0.17700013789457064
0.1124438350187861,0.047603467213637105,0.12367391168627852,0.11491242239895096,0.08393728485240291,0.09979717820670404,0.15408245088909783,0.15334403791088153,0.05292726376348547,0.05727814805977546
0.008030684177955539,0.14951322190924643,0.217050338221586,1.1194036234139773e-05,0.2397430246478482,0.05399510057225639,0.16572395468067508,0.0012715473928502311,0.09888366256396508,0.06577727179738295
0.1462811185944067,0.17235080897241,0.03260838384947889,0.13977345195894825,0.06462778056415795,0.1020185004703883,0.01829600901501478,0.1338971705280182,0.037507772033189654,0.15263900401398717
0.18556312603649505,0.04890042165729774,0.10662009922049849,0.16932700767807435,0.13691061211783515,0.1464223736206832,0.04382416934640014,0.018480480559129743,0.07238058126519897,0.07157112849838719
0.009593222062044614,0.026471240751393846,0.08632968030097148,0.1500058567285921,0.16795580732737572,0.13624667552596342,0.16768176422039885,0.04056400981679073,0.09732533626461858,0.11782640700185071
0.024123976392218464,0.004416724369861004,0.136239378991528,0.08954997690264649,0.12860340654036032,0.14531751391352388,0.09502007904675293,0.13991943509405763,0.10940995374043394,0.12739955500861722
0.023088733918123872,0.04357995627778965,0.10340657530647403,0.010476773558372027,0.05850963351067919,0.03279812067189664,0.23322171927286636,0.22673178535906707,0.10130387146870226,0.16688283065602902
0.16847901870504853,0.0301994965526772,0.12720677225209479,0.08702870712893784,0.04288761428353709,0.037834416155122556,0.14443974330792314,0.12423911920324522,0.21782985183998788,0.019855260571425924
0.09385503489123413,0.18324436112797765,0.11437332447205822,0.004059003989440212,0.08216431785171134,0.28485583059778147,0.14849572154395047,0.022145494004317375,0.0430939251283394,0.023712986393189715
0.13654204704981526,0.13740765345760536,0.11117661131038059,0.10629818368059887,0.06568385453295372,0.07426684263660693,0.05116993602257762,0.06971334404517557,0.10050878316817038,0.14723274409611578
0.04243501611097913,0.02933183409898805,0.08949439523843487,0.10401908791805227,0.07845527053702293,0.20153394030135857,0.16038245902366707,0.02277708324892647,0.15597702553066084,0.11559388799190977
0.08433446064794584,0.0407127359783647,0.12989122698292946,0.12139552151103816,0.02713151172322569,0.11469346012758391,0.15086232321751528,0.11479362919126203,0.08428489419473423,0.13190023642540052
0.18836578560850803,0.053165593106231354,0.0105199851579411,0.12644673161697026,0.10663447826751084,0.07591341751339953,0.1132410553115757,0.16343304739654807,0.02068019239260964,0.14159971362870527
0.12827095695113575,0.044124124298640544,0.11059020336427036,0.13910421748333632,0.000911297094623704,0.14684717792936608,0.08489803663699692,0.09367447205504331,0.16003250242577938,0.09154701176080761
0.14294051566536398,0.07083974900514695,0.11279773394193439,0.027329275513205582,0.11220731931549167,0.08331390781370414,0.09231547359502457,0.06290720813293296,0.1623666075857197,0.13298220943147615
0.03533583824452763,0.0007929284442880522,0.02746607363571191,0.20513272893070006,0.02890108920505435,0.19873493133608844,0.26821954269541787,0.1380838805132664,0.03143483117528407,0.06589815581966124
0.12385823217338557,0.12174609281092068,0.1714967539475189,0.16898751921111696,0.044729549166747234,0.10072098354163272,0.014154164925689511,0.022227962780174193,0.16720318458624145,0.06487555685657286
0.20957478252368214,0.0685823306637827,0.02678763185282106,0.10951298079023425,0.16291674849749918,0.04230393192968508,0.1190733397524556,0.131378538777336,0.11915691289826874,0.010712802314235437
0.12306338909022434,0.16279195466481527,0.030877201835607465,0.14529371360037702,0.10541243579081032,0.020594491971193753,0.02857617945877257,0.03393888039432087,0.23153821723471876,0.11791353595915974
0.1476297060575318,0.1572769285321643,0.06813018736914035,0.014102949573470087,0.046698519054133455,0.1499164314965623,0.12196404758887,0.07704548828478748,0.1512265379599617,0.06600920408337876
0.17260467414751093,0.0027087260332423254,0.11581988287468047,0.12353864769691215,0.10105526412416424,0.11260985045972753,0.03475662774060176,0.16743726472822731,0.08452319225347688,0.08494586994145639
0.007349406764860359,0.20960757728732077,0.11523274298799294,0.21032141642036647,0.053829064715378426,0.012522367024752535,0.1046515240240195,0.01288610829342661,0.19354530337376627,0.08005448910811605
0.16651452858323393,0.08217377134878036,0.15609705428553058,0.007494673636383155,0.1197925459499253,0.15862528170611206,0.01530782034199275,0.13368813374849944,0.017352477291663268,0.1429537131078792
0.08561476719795401,0.12482685686170134,0.12346309632988701,0.09328114278660075,0.08397243744722027,0.1281115551829791,0.08804090804572152,0.0615446608222778,0.08431350824837804,0.12683106707728026
0.16509338451006877,0.08028740146386938,0.17274045140040215,0.047981779381608525,0.1296724372234807,0.0086801213182999,0.08043041922625012,0.0850265662375152,0.22276489277476114,0.007322546463744033
0.030802035891987704,0.14517181565826962,0.030784969901893798,0.18605387000047316,0.03178983438649982,0.12395824744294177,0.07643783772877501,0.08853712883877153,0.1620349559443269,0.12442930420606065
0.022941367917052195,0.13329321727177545,0.14615296812816087,0.1360420930546905,0.10074743412409935,0.04815307519651567,0.12377243444927666,0.12246329414453283,0.0319657413887346,0.1344683743251617
0.052247208666397024,0.028697496916220058,0.030369267592070846,0.1191015235001112,0.1656246118657909,0.08587157418689784,0.16211783237015737,0.15943473794338697,0.03712591070701049,0.15940983625195737
0.15662345523448845,0.17040898352615097,0.14724059729831804,0.026993087978372635,0.02205389083186352,0.11993576283725187,0.1618749782194908,0.03055200876544848,0.013534798832685161,0.1507824364759302
0.11604782884772859,0.129986658401451,0.10695881919744882,0.11630687928472098,0.048204527864918925,0.09844661690310211,0.09045182537519147,0.08460473789696497,0.10651332470758201,0.10247878152089111
0.023166249260669028,0.013541916094039425,0.18161414346328647,0.0020370090436044983,0.009829871082014588,0.216981399651629,0.026224624085736135,0.18115152331102036,0.13425924868923117,0.21119401531876936
0.10216390942593347,0.1123298475824518,0.046824870822713714,0.06416201395270706,0.018039058864195663,0.14407800322457556,0.21990703800017153,0.06405146941505489,0.20315357654379634,0.025290212168399998
0.06025828277799786,0.07853809539534394,0.10553746949551968,0.14631167251159988,0.1510186365875459,0.13312784091842647,0.0041420583483436696,0.11418717471606861,0.11522352127716882,0.09165524797198522
0.15013146639934055,0.18793033893998298,0.007035519197616883,0.005962057261892735,0.12751940200141326,0.17122356470498484,0.02679505715696035,0.12018100840029551,0.06455220681246206,0.13866937912505087
0.2537338814598056,0.2598988850670899,0.10362478706692504,0.028676149848494432,0.10522532878022126,0.16474288491315484,0.04994801361905007,0.008066164216064518,0.011165850978380989,0.014918054050813326
0.1880116469951965,0.05303780287626896,0.05361575790987182,0.09423074218833923,0.08081152363609742,0.11972493358024607,0.07636422736264624,0.12215126342204116,0.010700676833753399,0.20135142519553914
0.2124597156056589,0.08584751720418687,0.01163150675175458,0.002525746436624724,0.03301190037453236,0.21669987022678222,0.047456502803737276,0.049776169628827985,0.16715298210754898,0.173438088860346
0.1378697220023135,0.0958874457765058,0.13200916896132806,0.026098381461621262,0.1720184200800131,0.1624290110838029,0.013433410048088266,0.08251542524550182,0.1677815048668749,0.009957510473950272
0.011172362563899436,0.10214349279573796,0.04548912425056594,0.07679230920148337,0.08185557042743925,0.1527962818700028,0.15944312926711443,0.12468936841021475,0.15173560374052655,0.09388275747301558
0.017108056472610617,0.04113131513378236,0.14381601752375747,0.05477241985360968,0.1666296364002026,0.04789194778152383,0.1719060723499422,0.15829332764759343,0.13446916620738764,0.06398204062959016
0.020028239629175305,0.10378833396035847,0.09791691930414333,0.20474255156861806,0.12688364505188982,0.1332528071220772,0.011942333426890899,0.03481248938012724,0.2009123572362282,0.06572032332049148
0.010788784684051702,0.160964391154975,0.099162623475681,0.083355093574176,0.16789695070495486,0.11634606517267154,0.1453426522122589,0.014852661780296044,0.18580219003332335,0.01548858720761154
0.01575689855496255,0.1610853387160367,0.1346652611473316,0.04943752631651793,0.006531339998503706,0.10325729970286349,0.14904769938494658,0.019908563078292127,0.17317806676136785,0.18713200633917756
0.13355204364327278,0.12767646761374762,0.15129653924285005,0.07267594617340443,0.150332364183031,0.05167157807876591,0.08688051671851857,0.13176179597090243,0.005707645330999983,0.08844510304450731
0.1634452505484796,0.0634670395227903,0.05934000300237694,0.003181716936648745,0.06791008502680293,0.18565809093879698,0.057295543368261745,0.19573018569809722,0.173119295822316,0.0308527891354295
0.15051676342773093,0.0899921587285063,0.10981450466872669,0.03786939716943367,0.04358985140060154,0.043784347833647874,0.2218507738312228,0.21328432877217168,0.03125503203137261,0.05804284213658585
