i = 0,i = 1,i = 2,i = 3,i = 4,i = 5,i = 6,i = 7,i = 8,i = 9
0.050756583402202224,0.18290201196088823,0.38702312419378904,0.030971609358703286,0.04168461591958773,0.06835788449283174,0.1667768494774268,0.029662964366207065,0.03463461449792088,0.007229742330443062
0.13422638388877484,0.055614397845173566,0.17210298211252123,0.08783842962284802,0.1421215964336044,0.059771933131874046,0.18292693871041574,0.01362349728772276,0.10162228287086686,0.05015155809619848
0.10642728498914311,0.1074354114139449,0.08170788195714186,0.06600215376069392,0.24774806327901205,0.030214890385336052,0.271959778565988,0.05291312569713968,0.0218208357767846,0.013770574174815798
0.008599874240669637,0.12369377707312705,0.17147439681839127,0.009815779182018118,0.2137356858171102,0.08978092060796046,0.05333978030581833,0.0649255769594807,0.16052198914660074,0.10411221984882364
0.008420491330696266,0.016810806076191575,0.1338651593064039,0.23289724708780837,0.08360979322085584,0.10002623206009949,0.029503839006273392,0.22466737860510222,0.07361233831870262,0.09658671498786627
0.013412143405197089,0.141394565685336,0.053987735047458976,0.14337492537420615,0.11343897030079272,0.11040047510114831,0.05804458050482025,0.17462738141649115,0.15046015335488921,0.04085906980965996
0.039946080881398886,0.2716806561309057,0.04465227574991069,0.05607639882805547,0.05891442572605037,0.1302451826924076,0.10866560215181668,0.11463580252456522,0.0291748675554596,0.14600870775942987
0.14048096657544973,0.010387451317850007,0.08299324960787914,0.07381219222034544,0.0828651618786155,0.1116246292981826,0.13110794655065647,0.16298921792356952,0.17138197750462472,0.03235720712282667
0.2133713135612593,0.17051526327299338,0.09860717683208227,0.0071246062045179715,0.024572148479437037,0.03239372512095688,0.0847103382150744,0.05858238197403508,0.19284920870256067,0.11727383763708293
0.021129730513220008,0.09242601491284755,0.12419612994881968,0.08980049362894273,0.1747503834621137,0.09709770742838167,0.18845186263860278,0.05155492660614156,0.09503716373147075,0.0655555871294595
0.13769787716121448,0.06910500180101314,0.10263894549351046,0.05498545544408104,0.12024203956205341,0.14515197248287937,0.07222899966097066,0.09556025251232637,0.08959752218329307,0.112791933698658
0.05608330795615963,0.16300207176184864,0.0494175037217099,0.051701974599211026,0.04798782165565044,0.052916736368035296,0.1413927613627082,0.09359296325162274,0.14844920240415282,0.19545565691890143
0.07278145397289502,0.10010941431004917,0.13583539418147225,0.06959293690706521,0.016810791294720448,0.1326065712045489,0.1375281960394734,0.1271416812511861,0.08823663921162145,0.11935692162696801
0.04445324065064303,0.14392823400332042,0.16021067730882754,0.17775751309638968,0.06273938332942539,0.10386049703066765,0.152978998131224,0.049396788945237254,0.08029726993474302,0.02437739756952208
0.14123594630807884,0.007038437649468634,0.15134828302594872,0.008994935595409589,0.050158629596866226,0.00826804058023954,0.19948058338561928,0.03676679808363794,0.21756013184966524,0.17914821392506605
0.10015915893513119,0.12898110653015418,0.036301335427209244,0.1276806043257879,0.039602286329225196,0.0866446541820941,0.12732839390353018,0.06411690988218922,0.09026679715747352,0.1989187533272052
0.08921371391587325,0.08487805373930293,0.05475629441564428,0.006535727752631806,0.14197322506023516,0.15142925749569489,0.1544718626354939,0.07952117180257744,0.14975111344463904,0.0874695797379073
0.04032167759227676,0.03951875127786766,0.18525887805080637,0.17814788708881432,0.0582979735194515,0.05978851313561439,0.08138069752722137,0.038182690993411685,0.13257456953544383,0.1865283612790921
0.16396046874209563,0.060640351936004436,0.009325991722403967,0.12422801501430071,0.15545056886074646,0.10294484996538633,0.008166856753939375,0.22260469232791905,0.04018854646590263,0.11248965821130139
0.1210392584137068,0.04614857038403583,0.09543178871674354,0.057241223280466484,0.05318347357680067,0.022532052087808837,0.1762559004336033,0.14714667311701854,0.0848579553809943,0.19616310460882175
0.14614152623992357,0.059333517442059794,0.05467196914750579,0.15035939238645193,0.18854738226240186,0.08329467930754461,0.05672159598735616,0.092238579174488,0.08337080287487594,0.08532055517739222
0.026471344865260742,0.028883515371164736,0.0012641739588117756,0.09394361967252936,0.20075846788643287,0.17126895135642067,0.1018611356076985,0.15949414312235108,0.14782139961257135,0.06823324854675898
0.11088917275745652,0.019951863995500887,0.1453090709680183,0.09842873885855034,0.07256210169170907,0.09937207933978297,0.03194154757901997,0.1066274127541456,0.16378583792314025,0.15113217413267602
0.14892524298249804,0.06425676666793151,0.13325485221422476,0.1476302104723738,0.10428312676600508,0.057864816789554414,0.06413920104277218,0.12162234070030614,0.009256028571919157,0.14876741379241493
0.0949694066413583,0.08617287330212622,0.1450517611569372,0.08148825989743172,0.08964251942458551,0.0772201710163308,0.13398648156987872,0.13905240667902719,0.06934786638318982,0.08306825392913451
0.0896042447873112,0.04479651456421873,0.18361834678006428,0.19102429501899373,0.1661782069461899,9.20520507821832e-05,0.023829802358821175,0.16875467321137208,0.05815326383685144,0.07394860044539521
0.12810558615550455,0.09519664356631599,0.11231587220876633,0.027480457438543757,0.1447287689508172,0.1256734579186261,0.08432414388753257,0.11821668682588382,0.14700273082990498,0.016955652218104647
0.06516218730796988,0.0036911766826778912,0.11852311992558077,0.15640310379430908,0.03487132624442477,0.13247814766686575,0.1466365874722365,0.08918343920728299,0.1636675175249235,0.0893833941737289
0.15696088732878297,0.14618323791591856,0.05317807450920457,0.013980325421856652,0.053107849590275966,0.2208962879891384,0.09187346913308997,0.16310651905660406,0.0718655950933653,0.028847753961763558
0.12691109615795745,0.043052298386541406,0.09913979593119829,0.2206438539467275,0.04310291866128567,0.16262594442289546,0.009262572637072633,0.13508823249801516,0.026066566804735538,0.13410672055357087
0.018813744718097304,0.15271071335164368,0.10781684167882742,0.023530694338520945,0.15210978987946597,0.10149002012767512,0.09253925279831883,0.17475866265311082,0.12989239182647988,0.046337888627860105
0.09437435395820282,0.16237667771199543,0.15020089603472847,0.1222401535032071,0.03936590984210275,0.12033633168978491,0.056287173086286765,0.08229398748647172,0.12162435171898152,0.05090016496823843
0.12053457537429725,0.14703251773086223,0.04787010472740228,0.16953442956785755,0.03205890810645917,0.16987223964641437,0.08461240900834172,0.03248115357437846,0.09381734255600804,0.10218631970797894
0.16785224304150448,0.035837497446345234,0.1790697980248708,0.19835811001584594,0.19976206753026923,0.045171373808037554,0.14320132379150602,0.010292262059679775,0.00193365797134398,0.01852166631059689
0.002573262732366991,0.2208420151068996,0.007805922116327077,0.09469530776606956,0.09381061493565715,0.038586004937791164,0.08301008382965097,0.06202785357963405,0.22536870884643986,0.17128022614916355
0.05489104762988702,0.15803025345963126,0.12781308249884,0.1543563157592667,0.12220020507284939,0.07835598556114219,0.041296131562222956,0.06273557152895415,0.09555831314634256,0.10476309378086386
0.17154535208064567,0.1625535953406324,0.008110086495124173,0.020464793764866148,0.10289616063083946,0.08921102995690276,0.21705810338552978,0.157176230972273,0.04263061702601889,0.028354030347167478
0.15174462509667358,0.09795977503645587,0.18451956482524415,0.010041141107324226,0.15307688626647356,0.0005576706051102901,0.1044454873973938,0.10232075514501736,0.16714274679399388,0.028191347726313307
0.021504831054648215,0.03828633212184887,0.06773609363327279,0.026801873152708478,0.14287493545605984,0.17712555702601904,0.06553982715015454,0.13103243088331273,0.1605487476287995,0.1685493718931759
0.09086357063683399,0.09317497642313903,0.1790871058835636,0.17277613048202836,0.16476294008884793,0.038397577996303486,0.1828652668085198,0.03854914207560438,0.006378693981924405,0.03314459562323503
0.06483543152793793,0.10254611018168677,0.1875869445676519,0.06320181249254207,0.07019149965609497,0.0012243387037485225,0.003956684387399399,0.10819118926748325,0.14816739965763084,0.25009858955782444
0.16130083897050435,0.029533819065566885,0.09897470532123641,0.1013211107682762,0.19789251751020226,0.10783351819172758,0.16667299152596096,0.029855368191237897,0.0859157516812361,0.020699378774051525
0.054935790634937164,0.09485064926683112,0.07246562729492448,0.07047952064380078,0.12511702631997826,0.13821939422199656,0.16084532005756427,0.10755963088231278,0.0901252527071545,0.08540178797050017
0.12945027987365898,0.07977875150712771,0.0628472845890114,0.00673976074760835,0.020790297155746332,0.1343220847184612,0.14187742227495237,0.14271846529168736,0.1615880972877287,0.11988755655401759
0.03118693813434969,0.04559109507634924,0.09635721505143041,0.11264854115292286,0.19900115826514003,0.19771252030582875,0.010967273574564102,0.0315869134746742,0.1715516591232574,0.10339668584148323
0.03435828572638968,0.11305076462705042,0.03431803203107751,0.02095542480669473,0.06073860948395822,0.03914251595410375,0.16886397536897843,0.16612305379243783,0.1899750682617197,0.17247426994758985
0.06520644864095766,0.06479459364460866,0.09123449771141193,0.09225264283923539,0.13695143791067194,0.2050719536708977,0.009951481646009546,0.10587888990558897,0.0032966969544979863,0.22536135707612023
0.021592849070355913,0.05511908601846462,0.18254935847533718,0.08216889134090136,0.03569875068606955,0.18350048049342219,0.12268550885985617,0.1962209998278965,0.11010912298142211,0.010354952246274352
0.13148197087364186,0.10581231818613702,0.05820891144118607,0.08942917239992457,0.16597410846174712,0.1641075054222191,0.0063394238605280345,0.16970783152589733,0.002317352720662082,0.10662140510805675
0.14434680638331415,0.19499563653993732,0.04994022114248118,0.000928536383753687,0.14526887831697324,0.1684053735897946,0.005060665411445165,0.018279553284366985,0.1731189730817225,0.09965535586621112
0.0737081039815594,0.0600101507983785,0.09407051630654545,0.20187702796745008,0.020170861107889695,0.14708560901237425,0.15365116110479862,0.019925040015776007,0.1427769528949871,0.08672457681024097
0.04127951304312121,0.17283185861274325,0.11480393153836996,0.060759735903429535,0.09908378546444159,0.17259928277508482,0.15739442653699798,0.10758281245917772,0.0693998657778697,0.004264787888764174
0.1015263672108779,0.1167274853954258,0.1549202975584198,0.08408751465135511,0.09202579847553534,0.01738239460563463,0.08541064668548963,0.06815505095348336,0.15238807752256556,0.1273763669412128
0.11096367532440153,0.16112842860254767,0.12509908728484434,0.15103877908605284,0.06179756373758418,0.07504634276798282,0.1481673929440789,0.06759586373007302,0.007250196855235572,0.09191266966719906
0.05636385317240126,0.1900258290617603,0.02940404008576536,0.19276939594403608,0.11042725306929697,0.012343783369250952,0.044312170703199365,0.16355591502730768,0.18007398452861792,0.020723775038364072
0.04653437950938492,0.09295221876067725,0.1506222773362147,0.10525466227478182,0.10575001804228545,0.0989926598884641,0.14914253538036132,0.07179365122120707,0.11626027551658843,0.06269732207003495
0.1208515713978701,0.06300365630066614,0.0899775063475723,0.11559054343984161,0.07667774835762706,0.127989122046508,0.05677469576072228,0.17802984670534205,0.14764908354318482,0.02345622610066574
0.004774274555513795,0.10033531567970272,0.1284555831339162,0.16136096131921127,0.12710745535366694,0.05989808540315647,0.0702643229109058,0.17720083971248554,0.15659419667022526,0.014008965261215959
0.09611657679539885,0.12851110822716696,0.05774620742927603,0.14321753804242096,0.11890324965325208,0.11521100368012964,0.042039424926010344,0.17566669105090787,0.01698850741151074,0.10559969278392646
0.01382637827256867,0.17806455070427363,0.06661223150385984,0.17051122284588388,0.14767414052716585,0.033920548056141336,0.03610126360994663,0.05986458725968059,0.10304072954314965,0.19038434767732984
0.018492584312947737,0.10778197532296764,0.04338944504614521,0.15049033837892645,0.27538395112668246,0.06494935201573152,0.015423020712686778,0.06142244638197031,0.20087383562333208,0.06179305107860974
0.09915801030883824,0.18304979048802592,0.16000296862270535,0.123234846781728,0.00217662859300538,0.10519819222874909,0.031012384874366958,0.1699819781069779,0.027534665263755937,0.09865053473184732
0.113272311859228,0.09445774567077565,0.1618392842348977,0.023619593685487588,0.13770072046347423,0.015841341102981573,0.1562334177099423,0.1724063921425915,0.04657179345202912,0.07805739967859238
0.04106203212798852,0.02470611202817726,0.06616630649526671,0.0257670327189123,0.17941554843620772,0.05292398921352695,0.1789744193739489,0.1471180867092201,0.1299010515808129,0.1539654213159387
0.12292815205442491,0.12858910365042742,0.11538387508008852,0.17386867582254936,0.0521445695350324,0.02296466959202321,0.1229777081778574,0.07060188438672474,0.07347332672377684,0.11706803497709525
0.18538146693180632,0.006042789687845944,0.01043036051224463,0.021682478985958487,0.10826406793861075,0.1103543526114299,0.14692518161056406,0.23627100440775,0.16207990817581347,0.012568389137976445
0.08737982955771065,0.16998114665022457,0.0538340172086052,0.0568195400242689,0.07416690725906057,0.16318391406300117,0.02804117106631432,0.15237924852398516,0.14705621114252113,0.06715801450430839
0.09657903326260533,0.1348929215558243,0.07755391366730903,0.09938710293257325,0.06191266246062194,0.053557867289122325,0.1297402169673776,0.051985165952326697,0.14183308710872675,0.15255802880351274
0.11170423937195956,0.1454938947817669,0.037377489626368554,0.057373311393197325,0.05625881606193375,0.05280337728416186,0.15874478029754774,0.07245701053426241,0.14372739878045962,0.1640596818683423
0.1359462175570559,0.1596272507685096,0.005719978205091389,0.01659325734840111,0.0955580052192457,0.0986572489281996,0.09380432714500331,0.04163212972618608,0.20718522423422758,0.14527636086807985
0.09453345062175252,0.14780106897865058,0.1099244761950767,0.02855121068445103,0.15966046971191142,0.1433316473015055,0.02198643825103056,0.10623739864874601,0.04973506687026342,0.13823877273661236
0.07460984794660543,0.01277374392797649,0.13082157816750073,0.037099827277210465,0.04497974725965468,0.1744476174865123,0.24159359191020482,0.201338355434242,0.08030157561134911,0.00203411497874408
0.20484042358272136,0.04273357291316594,0.07448707096514552,0.03881259209132051,0.19660332896481705,0.17027595714210714,0.12212166085910894,0.12585152270928504,0.002816205664999985,0.021457665107328643
0.12386358426237326,0.13235808543827626,0.02377771557079863,0.1342395321753598,0.1066611081796281,0.18460952734135377,0.008007499448043518,0.036386316727941515,0.19002040474994708,0.060076226106278094
0.007374207771233443,0.009387444476814444,0.28872282375532443,0.06944706096208819,0.03974456978950698,0.029438237685860787,0.10901899143985265,0.1770226018394659,0.10518467213795947,0.16465939014189365
0.1322422995065803,0.11909795532414505,0.10374544981976416,0.08391118197437275,0.004688789876433552,0.11127900183172501,0.12931779029604448,0.11755885161925841,0.1372193044889952,0.06093937526268115
0.04518450282609161,0.11475726265060852,0.18299598391543342,0.1769621885142821,0.04438193346276421,0.04392783855094685,0.036080620860826196,0.20052938086998406,0.11719611095320373,0.03798417739585943
0.14454172090635178,0.16210988085226646,0.07946375351148337,0.06960646943463007,0.06892739374296285,0.012667423755161791,0.17439440869902123,0.08372013441226328,0.13592066367639277,0.06864815100946649
0.0911870891816069,0.0295834919888037,0.2629870158212205,0.019826059256118963,0.1735780849557969,0.017691484523398308,0.05706970727141624,0.09613289443527148,0.14419547580436162,0.10774869676200535
0.1590380512665879,0.08219221117622728,0.14981054911870845,0.10301544730063243,0.01832009443403121,0.15177929802638,0.04768544320725531,0.09954194936724284,0.08013462159680107,0.10848233450613358
0.025994293943744327,0.09007795503058304,0.19006482962114485,0.022960507620768133,0.22731120303816016,0.08906219441403178,0.09124984200873905,0.10305078903249036,0.08654010445493765,0.07368828083540065
0.1386910268610004,0.06378612710990571,0.20418063925412008,0.13480970515268534,0.08893769704444857,0.0767381744802514,1.4085047889214419e-08,0.03197753204215935,0.1299638484349901,0.13091523553539117
0.14913535877239845,0.14973250461858809,0.06546074904524228,0.04229482265190393,0.15330885393082921,0.04553754291661938,0.1255291536728875,0.12023258005816442,0.09720417069242857,0.05156426364093831
0.2204558968839353,0.08393826281373684,0.149203396850972,0.01686288177227789,0.032744208131769335,0.22112546760396096,0.03968986806164879,0.14554927433620293,0.06373306610588593,0.026697677439609997
0.08798073493310188,0.11271882837636041,0.11981472399548035,0.14499326867932358,0.14668306727396035,0.1292198471801384,0.010091461680401002,0.08457378812956799,0.07039763386370698,0.09352664588795905
0.15568743179402453,0.023585759972236886,0.07905354861288093,0.029880282606753912,0.05626976039450505,0.11676073946510918,0.1581976040649609,0.10602290115912344,0.1586454595429358,0.11589651238746952
0.074427629718358,0.14140760064302063,0.13170040387048554,0.031540382641966395,0.11182021397797809,0.1536021164015827,0.07719506528077334,0.16195315942257985,0.10198763529540546,0.014365792747850024
0.02645490357922845,0.12197167940831462,0.11428114972204842,0.14455634215927887,0.1342269206654268,0.09292179452778869,0.12092031445200431,0.03550216883421028,0.09757168297075734,0.11159304368094226
0.18196896017591366,0.1877766597744019,0.14915098211954259,0.0004319530921721469,0.05269780678521595,0.058293054574122496,0.08969340284641404,0.13139230046002698,0.036781593917082814,0.11181328625510738
0.14721738319881628,0.011216407001719853,0.04561408620553948,0.08173814671659738,0.2230165193210032,0.17834240800343104,0.05942696321587376,0.07578402685510845,0.07912584832089802,0.09851821116101242
0.19585315914241208,0.045947169862925935,0.024146115791569504,0.1392271592977918,0.15203060499146462,0.012908545054585044,0.04463130233544512,0.1528645687080947,0.12792949434376977,0.10446188047194144
0.0579625894908569,0.07182849248728765,0.06960145334775604,0.0879580938671586,0.17983564043644257,0.13254950823198125,0.10037783588704724,0.18262086217104745,0.01363506123397967,0.10363046284644266
0.09727623205670284,0.041047907242105,0.02719813997827709,0.15745596063100845,0.07607291049942012,0.1056702286196596,0.10954282287124903,0.0641962675926652,0.15936303903733665,0.1621764914715761
0.11753830425955629,0.14337127011573145,0.13139896619843208,0.12889570762424188,0.08232202412336771,0.13039646099991573,0.006371109869435249,0.08441519280872023,0.06949024314017326,0.10580072086042625
0.029938874487980115,0.08382543479194213,0.03467514618877262,0.1407808724531947,0.07738092699037989,0.154007540244372,0.1496395439488877,0.07734904383350072,0.20204268424058153,0.05035993282038861
0.10231554265593766,0.12561080563544844,0.15005622109347472,0.07673491551911367,0.12841674593635613,0.010767997746001783,0.14639577012285632,0.13772367684988285,0.052831383429365185,0.06914694101156331
0.03103088636162281,0.1743981534175068,0.15986334610310082,0.10158732920828915,0.1930952743872435,0.06127049559820241,0.11926821975413748,0.01844303959217976,0.1056498985549325,0.035393357022784726
0.038050913014438886,0.11178537565151847,0.18281465987882387,0.01172333409011985,0.014552973001449409,0.17455884689202464,0.16769141971396523,0.10633988182474012,0.13073248363872345,0.06175011229419631
0.13200064072978998,0.1745345689408044,0.06065668420674289,0.03207132254915569,0.13637527908470481,0.03628964282793394,0.13375212360320862,0.1472590809812072,0.09881742463753089,0.04824323243892153
0.13285139803056578,0.09944795522228889,0.11115949100587429,0.02993985260362801,0.15361189536379544,0.12491173004850468,0.08646320068442555,0.02072146469181372,0.14619906869709715,0.09469394365200642
0.020759649924526585,0.15358213574579374,0.08207571471607719,0.13861933936306028,0.03462988961764859,0.132050478128034,0.12070185322051762,0.14627893046743448,0.13921622578931825,0.03208578302758918
0.16323717173846003,0.06455264410743691,0.14932129609768224,0.10676323292926508,0.10954540845897,0.08596551191741582,0.09434642776811647,0.1093563990922593,0.0822767218101704,0.0346351860802237
0.06785868090314028,0.11286890821951294,0.0452962166084617,0.17313480065972298,0.08461271749691318,0.03100143963781598,0.10762293421968516,0.002000088652181671,0.17431290860730164,0.2012913049952644
0.20427058996023628,0.0073830840862890565,0.16425008818659179,0.20054631702109493,0.013964885346759524,0.09168470770903037,0.1526543410022818,0.017136684931084077,0.08520196928921349,0.06290733246741875
0.24863480702208646,0.02140838486294231,0.06737926732362559,0.02088336132496669,0.09848212832962108,0.05061478649533798,0.136723696731246,0.14519049944606344,0.13855176631904417,0.07213130214506615
0.10703569599218661,0.0509746858809536,0.15652639486445422,0.12879080624366476,0.1467910557691963,0.05983864458443751,0.11098854714813655,0.09561571700209619,0.04100828715713809,0.10243016535773608
0.142395761354195,0.10273666050737164,0.09417419817136322,0.09238316769130445,0.15174211057000392,0.0769501346488113,0.1472548583039248,0.012053620356395347,0.15592626362080417,0.024383224775826204
0.1599995384361925,0.04597293199441599,0.13592441521214835,0.09553347817445307,0.09916808518973796,0.025370521360206247,0.12800223404085515,0.045261691711167895,0.1617578653993581,0.1030092384814647
0.15727009354728558,0.07283892860718726,0.17007518800194873,0.00946804817708641,0.18020114772714488,0.0952409526772033,0.12739577309032804,0.01662409769687507,0.035588991036481554,0.13529677943845908
0.05454940246321305,0.28897397857014023,0.08719890711012371,0.016482356648585293,0.12998853530591864,0.03526462381517954,0.0626314506694506,0.016722621585083586,0.09646556736129858,0.2117225564710068
0.08690912831213846,0.1151273413934114,0.11399657981782804,0.08410724239220137,0.056147616234809315,0.033837170325302826,0.20951892562561367,0.1539598636350389,0.10313966688811332,0.04325646537554278
0.09436942322587112,0.05872882228178793,0.009814104404275544,0.09479824831828981,0.1071577091831084,0.12891213780945007,0.07186171646547275,0.18160792145542512,0.12540546891206114,0.12734444794425806
0.05811476068613565,0.07353509139913923,0.11503916727926382,0.10301909752453871,0.16627757231932422,0.10123280485000176,0.07049949619748816,0.13273983180179724,0.025880141889799417,0.1536620360525116
0.0024751586206906598,0.1695897973832949,0.1610147335341592,0.14029747825943806,0.034187346976197144,0.17646603863300311,0.11120298242671835,0.08494324197665236,0.008957898198468378,0.1108653239913779
0.12188498049348602,0.01143871951721255,0.11945946944296376,0.07811811208616386,0.01800463352188777,0.19562932613912795,0.08843883318442274,0.11093842314818358,0.10009639858403614,0.15599110388251564
0.03104555031651293,0.10359024387207434,0.1387930519916613,0.06343006558159399,0.008660053869282,0.17153928305447447,0.07364643651739503,0.15598564077505528,0.1698643504030816,0.08344532361886894
0.007282107324186445,0.22386030643818852,0.01947478151783786,0.02495445789464626,0.076022412387676,0.17464511272657587,0.19185201678878672,0.12539707339849473,0.08721142494913013,0.06930030657447737
0.1400563682784849,0.09728035777942154,0.019885481104033247,0.040427873144518914,0.07658907592077362,0.14198693751028274,0.14409136220745705,0.06352722062489319,0.10431228957259513,0.1718430338575396
0.14601878557207867,0.009550502885360168,0.1747230345310725,0.04870786931665653,0.12153475988688435,0.05934882180748461,0.08843121193546871,0.1333167869709641,0.14886546775527515,0.06950275933875527
0.08866476948223179,0.0014207829638706322,0.08076738485845983,0.14226048819469345,0.11780156689265318,0.09690588708093897,0.2077696808890377,0.1719766256848078,0.06757390311415411,0.024858910839152787
0.036866492181182604,0.04648642664459961,0.09559315281201226,0.13621696095655433,0.07263660122475617,0.11501554904964395,0.13541189065029383,0.13228404564323215,0.12792522046125618,0.10156366037646884
0.17078207417757013,0.06478225291758856,0.01703848782948809,0.014366975745387691,0.18784067436893073,0.11767176784620084,0.04746187478741397,0.17566924785678303,0.12004563858411359,0.08434100588652339
0.059731489122580285,0.13577216209361762,0.18691221335368582,0.0389121180781282,0.04345428298945434,0.1355348927632612,0.08713580118026343,0.056681999091034975,0.20156212506924534,0.05430291625872876
0.034227343516497755,0.06367938735416705,0.011331910585352916,0.07118949989117637,0.18298466627162913,0.08581321560662138,0.15235447174885297,0.04611478773855338,0.19709827317099834,0.15520644411615075
0.15646243010558905,0.02771881961761656,0.0978793820708415,0.10507378538387303,0.13277374456298824,0.05114899547629928,0.07573249499622754,0.16765252955653973,0.1267087266821433,0.05884909154788183
0.05796794712536439,0.1349662178174733,0.012155026918573583,0.18048374125518313,0.0404034989226086,0.18599558592438514,0.12063752505404479,0.042667530367952226,0.10870027406126562,0.1160226525531492
0.06564597417744804,0.1291850631900596,0.02348512229624796,0.19713076337425628,0.17165152537065914,0.16871116856267993,0.07906782124931934,0.05773333965073052,0.040948031807139025,0.0664411903214601
0.03665920286341675,0.1333204808863494,0.0829383992653473,0.04563727693572451,0.10096438358887604,0.06173859429289636,0.1333248089037144,0.10858723678554416,0.15478327972491623,0.14204633675321476
0.10410098594774893,0.11261768999980674,0.09294185046930904,0.10533590802319778,0.055799269992054985,0.053859036454481306,0.13178882888747723,0.08395405985024079,0.11670556458690483,0.14289680578877828
0.012208329076071198,0.06271243777649978,0.18086126970129546,0.15891924625802228,0.05594114448319583,0.010314803272308123,0.139444492076863,0.07002447839964969,0.1788434969913026,0.13073030196479205
0.15248869714674443,0.00587088525341283,0.029420596921803602,0.08214159637208861,0.13258028171837127,0.06860388416974504,0.07938471272958225,0.26487897023638823,0.14424701545764215,0.04038335999422166
0.12220457354349745,0.06329789997821064,0.08816437743953667,0.014545527687677145,0.1054236015665925,0.047014663392749186,0.13147097185116785,0.18783965339938566,0.18964264925463772,0.05039608188654528
0.037498666455556065,0.058517818597513156,0.04900267856741034,0.05382585461062101,0.1378540500029406,0.19082109411484616,0.14426735337978533,0.0070167335806010905,0.13361068957811417,0.18758506111261206
0.09057900494064561,0.055120803741989965,0.035155568899898675,0.1699958448962194,0.09781958856265975,0.18804576920613453,0.07594438119276585,0.08414931871851522,0.12957983572918594,0.0736098841119851
0.2021046255763249,0.03780615258094218,0.162691068277769,0.027681565506187143,0.1992782567680572,0.09641514727042999,0.00182380972701414,0.1296188446864456,0.12910469185273798,0.013475837754091965
0.13278526771658458,0.16346044122177592,0.005353801545400523,0.07880435328856099,0.14718136617208244,0.18398141164322893,0.06451015380117946,0.09926525536624661,0.04863096656658139,0.0760269826783593
0.06575715171753786,0.07999571213908127,0.13996871110418627,0.1318574394050566,0.10774198943188674,0.09217832672643135,0.027942738572857888,0.16029175537618465,0.0514788270191285,0.1427873485076488
0.18136503657739142,0.04238091116860675,0.040031791045355744,0.10568046260622584,0.1479151617430625,0.06751655208846977,0.106527639118021,0.012673605292581434,0.05201839050387313,0.24389044985641248
0.02429025617665857,0.006549656655117645,0.14145560197665386,0.16427913422377718,0.023916107322384944,0.17825576363404705,0.13818497998256177,0.08249743389889755,0.18037151072364827,0.060199555406253366
0.14212093088724945,0.13572305610390575,0.15627017974860094,0.02251028738767305,0.03955801745633145,0.10742320347965327,0.020354230648459697,0.10616790580822505,0.11712563242086176,0.15274655605903956
0.16629703166578738,0.11941930379614206,0.09950760077434785,0.0526110224616535,0.09949344933280167,0.09343993360142858,0.08107112315957013,0.15280044424679476,0.12499301269816768,0.010367078263306396
0.019662360136578825,0.11531887144504165,0.03865162575379378,0.09202799438067875,0.00870589594449094,0.14495284729585955,0.12494563486223019,0.14674318153048274,0.15169475822149392,0.1572968304293497
0.16018276264121772,0.0632417928951973,0.16728249762204306,0.009409515324593108,0.12583983578067792,0.185680111947425,0.02556963254975713,0.07698223676536292,0.17413215226381892,0.01167946220990696
0.056436033820410604,0.10181113091157437,0.04906192563227165,0.10656000297494408,0.05075482174198222,0.13475416061051443,0.07654746859822743,0.10581979015547337,0.15391053291270212,0.16434413264189976
0.25760224108781044,0.03599198443786159,0.00803355329906962,0.0685095025214396,0.06262605434896054,0.04210993620611799,0.09824796700219772,0.2394359148602814,0.1852105427532536,0.002232303483007536
0.1972117658662491,0.22419115933521852,0.1701964941307489,0.10012104789022795,0.046012926648163595,0.0033227417485762988,0.011877526234005852,0.006449833316913508,0.2005610145912133,0.040055490238682954
0.10829041713995095,0.030968248229934166,0.12098938975406438,0.12146483545596569,0.10737659664630507,0.11510895874722599,0.14372787557612235,0.09510648783571446,0.026542383852698116,0.13042480676201884
0.05984710123748301,0.08122706384072252,0.12894528531365193,0.035494010214493485,0.12769599654276043,0.0979759630062933,0.1388481015151691,0.103996772464049,0.13747706679463706,0.08849263907074016
0.03265066493951087,0.12718579771476984,0.11147268964963668,0.09857627708703447,0.06503558331719983,0.077753677585489,0.13798401877537206,0.17521496009479431,0.14586847965501043,0.028257851181182313
0.12194937409221923,0.014637766835070396,0.12750319717588146,0.09528928888446092,0.13446882552937017,0.038765810620075114,0.16776826179283616,0.0981343906766127,0.14600456307169438,0.055478521321779446
0.1811777360692023,0.0018182847149727768,0.15902227573309227,0.0809455290020649,0.11061594790853996,0.005109133880826222,0.08267867888677487,0.003961457191573725,0.19016530731405404,0.18450564929889898
0.221246860540229,0.020502190922798508,0.10514742798518298,0.003547616806531377,0.10030692760906094,0.26150377001041464,0.025831007671330272,0.03717281042422902,0.06904781050350037,0.15569357752672291
0.08131129321860146,0.12118981069970527,0.0432757766536478,0.1686935574806592,0.2008865950850137,0.1151652387249285,0.14308196944850782,0.0017263761938531325,0.11715751345997634,0.007511869035106564
0.17197039141624432,0.11920586321821676,0.04155474474645015,0.1589393761510391,0.1847154420331556,0.20766338945974905,0.07681379234881953,0.026227919373696784,0.002202872417971391,0.010706208834657314
0.0009044587250535226,0.14365276422440185,0.039601029084372234,0.11766835204125087,0.12442605792390651,0.026717563061726162,0.0904454915366974,0.22426960611190158,0.0640285485275251,0.16828612876316482
0.17294485868949094,0.02818409249434196,0.11573521492823739,0.13498099450367568,0.12951004030444035,0.021936459935561183,0.18464797133249483,0.012370643695365493,0.1196439607593105,0.08004576335708166
0.11374382809474763,0.13445019071849956,0.041043510525094605,0.01797012568459558,0.0996422302153776,0.06950822772722912,0.12967665782813048,0.13765988435975607,0.1284781702657536,0.12782717458081574
0.15901687760138283,0.13208731213318925,0.1606347643099439,0.04947118947077752,0.13979770771711003,0.0273822166762353,0.004419371144279207,0.06037113663492949,0.26577091826658866,0.0010485060455638453
0.1522864615841868,0.23063646613750113,0.0374048745710449,0.02744259004083803,0.1677401466726574,0.027929095567873426,0.23374611251633262,0.02432117969165007,0.08666638276766704,0.011826690450248577
0.03881135908295884,0.044017415336586554,0.04824013251800924,0.23068517164823651,0.16506585766751264,0.23274264628532942,0.08722603874587424,0.029403077031289575,0.0625860791610737,0.06122222252312934
0.09142583135735162,0.056969898003474295,0.09423142919156467,0.1173244620261625,0.11413896902774046,0.11303793767736729,0.0583768399345081,0.10028296836658358,0.11062936008853909,0.14358230432670846
0.016286358928577202,0.007794528645658975,0.19614825944026903,0.19609322695034861,0.09473266927747886,0.07312660750894734,0.11201817493297349,0.10224163475827883,0.1842766841166669,0.017281855440800752
0.05346180105885216,0.24451898638492778,0.030083765238330472,0.17718370233725003,0.050787870325990754,0.08730738021269122,0.05230849380177712,0.11765081305437525,0.17515414015651948,0.011543047429285759
0.04441455839146751,0.048241590045583045,0.1694741597486412,0.1850175814793908,0.10845499199254315,0.12113598294888431,0.03958984340851062,0.11611989863782819,0.11111367147566548,0.05643772187148577
0.1560169797624777,0.07772312949747187,0.06126246031408897,0.15389855328583799,0.12790994590181642,0.04980822609092838,0.08054560603071223,0.054323776929555416,0.06594318869146215,0.17256813349564884
0.015054446740053158,0.08750554726461747,0.13831163045939165,0.0011171632761788563,0.034683465953707915,0.03121208053772406,0.2135112681912367,0.14579417524048924,0.1784483159804866,0.15436190635611446
0.008335925212092608,0.1522185914914222,0.06692841945655656,0.11548356917784894,0.16184242269634855,0.025427756909416583,0.07812662343468205,0.15935692407542626,0.15567555309617553,0.07660421445003059
0.10963456413198827,0.0700832660440721,0.11436599826110969,0.15386239933155507,0.17327020419751152,0.10231469668617237,0.0053751500532115675,0.14556360706769492,0.10278169938416312,0.02274841484252152
0.12516920113187305,0.019587738062632372,0.2108899624325061,0.01591202975313203,0.115192667805845,0.06933733892871638,0.07332002108697518,0.01568994665307142,0.1526919465245221,0.20220914762072636
0.15519062896703856,0.04511763962888999,0.11581637457371016,0.036201687699787766,0.17006692435132403,0.0827403009138885,0.07162172807672146,0.09735748758678724,0.11265416110016115,0.11323306710169119
0.11462515848017145,0.15698607238497675,0.032404587794788484,0.16817936786805548,0.02291789329675576,0.11592320984579281,0.11290934523874388,0.11924140773870229,0.026709671071803817,0.1301032862802092
0.047920560875287885,0.08916764827065278,0.15201206270908776,0.11198029223741536,0.11326773324775195,0.008039369318855075,0.1660844837978844,0.07619564914488798,0.22303876690348362,0.012293433494693203
0.2092491516256212,0.08443135083836609,0.08706583990910328,0.047510065002076995,0.0753195799558948,0.027210817564116533,0.13345724324170624,0.15599600035605332,0.06791068282410535,0.11184926868295615
0.1350251582051089,0.14101911959320965,0.037662136548253296,0.060494719417468014,0.15702735174578916,0.017394803821578347,0.10140674289874578,0.13279356549209004,0.09770341218128377,0.11947299009647304
0.15130438476657304,0.21880480874881109,0.12922686955663706,0.0757576773940642,0.15524693641010065,0.022826799726060644,0.09053079783205605,0.10979498631127334,0.02261886175197964,0.023887877502444282
0.11647760584408616,0.02408356468752779,0.05249287491520933,0.16103632907786306,0.05856040007608226,0.14971779619461206,0.16040152455220685,0.26045342325122006,0.012003706459414155,0.00477277494177813
0.18079309707212354,0.06947187702782624,0.0015791780704229644,0.17055347536389198,0.14286839483686226,0.025780937671074065,0.028448072371884445,0.16310334774797516,0.007301691745025516,0.21009992809291383
0.08869941238182213,0.03753936296993686,0.14475542561010238,0.06500348063231512,0.06209695921294783,0.13853886712683727,0.10615239600648062,0.14055291184895505,0.11459990313465906,0.10206128107594366
0.11317497450367281,0.1268940082336235,0.0425533116611034,0.16886958174829697,0.061824541680366135,0.11933008021908827,0.17022625375098546,0.07038112804282737,0.1070098089745175,0.019736311185518437
0.11040238747494727,0.2069286272098182,0.14475740126516534,0.039805794272833955,0.18602003971388964,0.04761885505488495,0.11851717899878379,0.0016536000367372854,0.10609336280872875,0.03820275316421069
0.17269624134207254,0.06885130000000766,0.1085464680584477,0.024793769738208817,0.1394388477566393,0.1888553113474285,0.030984747410455787,0.21127728496185105,0.03461931151670985,0.019936717868178647
0.12909060657697355,0.07072008364608338,0.11581091594110039,0.1112486534471136,0.12986849831805877,0.13555132130840086,0.10691665112216374,0.07994161660140914,8.670980001321069e-05,0.1207649432386833
0.1614632996893464,0.07634118000354334,0.19919895252467787,0.03836883319417108,0.10579053909868479,0.21961785463148079,0.1659866647955367,0.0051534032140107865,0.014860714572858588,0.013218558275689754
0.08923688073515157,0.14039653988534906,0.039943005598074566,0.07690420386006419,0.14695767217481004,0.06314821294307035,0.1406465462947982,0.06410504583879484,0.15715591202127757,0.08150598064860973
0.04944716671741389,0.0270755455393272,0.10593980537599376,0.08401506468248353,0.07201809035917338,0.11912130992024941,0.11201600141313615,0.10556968566072063,0.15250673993880476,0.17229059039269728
0.22516321308719708,0.037174219979863886,0.03303370034221537,0.1618180031422544,0.20423338386851414,0.05823611874442009,0.14657148064399952,0.07423900785601205,0.011707251499921212,0.04782362083560217
0.19584830129701689,0.06074426406464143,0.033506390090019,0.23295998554415615,0.01530017986487867,0.04598697830254062,0.17082370989364723,0.004499184080817406,0.08157363223025192,0.15875737463203077
0.06451583604998473,0.036626308420758855,0.05416655024826023,0.15102248817049332,0.14482763515824973,0.06096341038324097,0.14041945255161137,0.08538960129931904,0.16164669031440956,0.10042202740367219
0.10752808526211405,0.07038547767046828,0.09555824248179075,0.04129899208753763,0.06691928157156987,0.0900765196755959,0.16676319089795255,0.18073614140637034,0.16425726985231065,0.016476799094290135
0.11683227056471972,0.11802451969290198,0.05013194364888591,0.00569865694419793,0.18426624465627653,0.06410970502158421,0.011852678845346533,0.0011553849513013636,0.21332051191128185,0.23460808376350387
0.1154728640893958,0.024417878315182724,0.13797461356631185,0.10798355851176583,0.07881246843510886,0.09197222318643576,0.069724548248426,0.10157051812998091,0.17757066685073217,0.0945006606666601
0.025423837309715445,0.04248764751023826,0.0410591049276492,0.14727749115586988,0.293348072896377,0.130983309086539,0.019816081857163412,0.04740461582830932,0.21558021038288036,0.03661962904525818
0.06120080542396308,0.07601692967181872,0.13176706506843824,0.1630692152371665,0.01994015176484463,0.15340750634173797,0.042657294972943995,0.05345033249452913,0.09629468644728009,0.20219601257727754
0.08404446175374636,0.0839923367695713,0.12342449457206407,0.028129463556873235,0.025615319116316936,0.07999511897786712,0.15369792374006058,0.17158355232825304,0.09322828061394606,0.1562890485713012
0.0403463575693897,0.1339316347074647,0.12176672358529847,0.13256933731340742,0.06752366990263461,0.05918735488067246,0.16043059978788504,0.09179562514649427,0.0443458173281452,0.1481028797786081
0.00030765504593182816,0.13357587733940718,0.11561296500739321,0.025113643793712455,0.14214301296696918,0.06268042910767496,0.06239696116922491,0.1678043500491558,0.16405467626977255,0.1263104292507578
0.07819108312439185,0.0272601364725366,0.11863839125049583,0.13814397928222716,0.15025017222325107,0.07678578438337835,0.07426076280944491,0.13242120736090196,0.06176468437521316,0.1422837987181591
0.008456547253983544,0.13472204117304565,0.11041746524705617,0.15647941744197238,0.10073840651598498,0.1502083866202439,0.14719173408771982,0.05502962621838821,0.0030613640358285953,0.13369501140577675
0.11160987340350885,0.028066481875534198,0.013588524837326971,0.12303959152865433,0.1454852539599152,0.11649505337654743,0.09799677494376358,0.11009768908055946,0.11703885471734146,0.13658190227684852
