i = 0,i = 1,i = 2,i = 3,i = 4,i = 5,i = 6,i = 7,i = 8,i = 9
0.2245816970602457,0.1889108063673659,0.03909726643494709,0.13628543132630042,0.05562915580546492,0.13389962786369747,0.03873169001435434,0.12446067823799709,0.031191175321556554,0.027212471568070547
0.027731420217568258,0.0953529703635489,0.1452733100161065,0.0687260492122356,0.1651107074447266,0.01128188501340893,0.11825649953774066,0.16766249986949652,0.07834757809465043,0.1222570802305177
0.1392557319143614,0.011123709575829787,0.1973332481796132,0.009481597133298244,0.0014330521563668919,0.23670256038921925,0.05934772569566266,0.1944445023415688,0.043259196769581953,0.10761867584449784
0.12633392841729604,0.13200817885292485,0.1430703476276096,0.022346554504983025,0.026125963270030264,0.15118993765108957,0.175550607989612,0.15986407017816412,0.01917800006772619,0.04433241144056438
0.1048044587527357,0.03063491737065969,0.002030102623236707,0.01015268448147448,0.15979792775485963,0.09558940058490359,0.14567496406554978,0.16017369504051365,0.17689910369858208,0.11424274562748474
0.12107604515829583,0.10567794994396866,0.031676371445280765,0.12227485246523505,0.12125889005375598,0.09899510871181846,0.10127012544232165,0.11133794720615535,0.14599244721157328,0.04044026236159501
0.043384266351284596,0.04842613718511341,0.12029926959232634,0.10265847674185616,0.025329160603106603,0.18855473411189344,0.08806390523786894,0.15627252469127664,0.1739829596176565,0.05302856586761733
0.08680771140446963,0.17131731767077282,0.1103487733364946,0.006727402868514966,0.061824471503198974,0.1557099527543714,0.005805209185317691,0.06033691138958759,0.19954991981051218,0.14157233007676018
0.12506651654853632,0.10996356499046857,0.1429821857013524,0.11029218964495456,0.10666851536719452,0.0839937687019184,0.1598721148450283,0.036805852568914825,0.07049119697638569,0.05386409465524643
0.12496003906182782,0.06897629194094387,0.022397346980427318,0.12397112820694789,0.12757158380395817,0.129958002635564,0.1485645974686394,0.14070323184519448,0.06889390196067381,0.0440038760958231
0.07713919515241673,0.14238516950101832,0.009424223730650029,0.05486304717317304,0.15645464176036025,0.10627645975283724,0.11772071135117415,0.16706701469505933,0.024433428751617782,0.14423610813169302
0.17035391701497005,0.1771872448380883,0.06701406805834881,0.13769045588793827,0.18086372162742387,0.15122821044670512,0.00036566641704951564,0.00095025203430529,0.07893492243116904,0.035411541244001914
0.03147506465592696,0.0035473941668450254,0.04612133158025305,0.2317812492888016,0.06811767040996905,0.12024829562492854,0.06514511393286394,0.1381596012994972,0.14679169126781907,0.14861258777309563
0.06670454368937155,0.17625438527950255,0.08772123551072576,0.08414840098387046,0.10379191056438988,0.10023654125606289,0.11681228584738139,0.06730975553704086,0.09928701727482914,0.09773392405682547
0.06063538027531661,0.08877833022642721,0.10324455250832588,0.16324302631469664,0.05752358120021244,0.025274211470868536,0.16254615129799044,0.010357572964785504,0.1617959458147536,0.166601247926623
0.14090144729542584,0.03423987562577256,0.16600428137646991,0.06770819913642014,0.04439276802960188,0.10781104540597443,0.0554150233962693,0.07067712438617835,0.15250922656081733,0.16034100878707028
0.09346115503830998,0.07883740392468803,0.07149586661415477,0.13983537662842585,0.09027363324945256,0.1438688423955438,0.14502587248478993,0.09387682312851126,0.10251777731071277,0.040807249225410985
0.18066952551467805,0.1214622686367517,0.011584107043098674,0.01733336887531835,0.179508884164642,0.182213898370229,0.131167770057397,0.10430975001127143,0.03740925693020839,0.034341170396405614
0.20878753916487566,0.11931680516382563,0.057341133700232846,0.045675141281170326,0.21877855772021074,0.16821459349267065,0.042291125235651664,0.10188285825371246,0.017132935472677115,0.020579310514972905
0.05622036428259475,0.0700491421701851,0.055647943697799344,0.06757441271036281,0.13777190878961112,0.09599390352759544,0.1764552463505085,0.15227691872289625,0.1149430746091408,0.07306708513930592
0.12899151512985438,0.10276789640421617,0.1707769317298806,0.017335371021345622,0.11175552598329305,0.10599486368129148,0.028399758847419146,0.12689333786721452,0.15703665596392666,0.05004814337155837
0.11927509968938425,0.10137528602397314,0.10299806700012216,0.07202335744218014,0.12863464130173763,0.09996368858212168,0.11116765706234738,0.05539760978972826,0.12585406346816802,0.08331052964023743
0.23696846161471294,0.04385113042162118,0.10210581413100736,0.11632300223366492,0.0894481972503981,0.08746679742867162,0.07392017118889539,0.2042012845185953,0.02962781557320257,0.016087325639230748
0.11804912941800738,0.13455007357571108,0.07241673051055025,0.09826309364276344,0.10463069441736536,0.09614816836697396,0.08975277279305469,0.11448408340126669,0.029142990356971973,0.1425622635173352
0.10882744229430308,0.025296321133736775,0.08876195504546236,0.0374702521418708,0.21891263356255566,0.12336218524405299,0.11188248467323443,0.011386764441295381,0.2212952279783647,0.0528047334851239
0.014904443019759156,0.10899335294433626,0.10118322036265753,0.09593927767912237,0.1223043899436803,0.1231482789346684,0.06058798360052498,0.140837873291955,0.10855999717168925,0.12354118305160673
0.016626767080857963,0.08838880069959265,0.05091351833504979,0.018599364049944136,0.0603336953702974,0.18568541190142265,0.13898081484156533,0.1402067569792122,0.12652446937436887,0.17374040136768895
0.041642157080306746,0.08042269854947463,0.0013743356424050026,0.13786765571369092,0.13296805650733134,0.16409058804804053,0.18025632662121943,0.10585433440096119,0.05957003069902603,0.09595381673754416
0.17132971185716508,0.13497881314613633,0.15128402206709415,0.1299828512815219,0.028251238283649734,0.04852124335686206,0.1540353234077688,0.07018743261717622,0.006562026226497403,0.10486733775612829
0.0253339373278928,0.05358833873019507,0.05216614999890696,0.15285378907677996,0.08997505559407136,0.11620855056543086,0.11884388487214048,0.13163402404025115,0.1565542234491929,0.10284204634513842
0.10960029152613185,0.16660903771718738,0.14423961118527373,0.012256948826177515,0.00016091550543528564,0.08776246878978049,0.07571801148296292,0.10413089121732896,0.14775193433023778,0.1517698894194842
0.04060478808196461,0.08177087415640688,0.16828940316424706,0.021384620436231683,0.17416902992069752,0.15130897231371568,0.17197416081933162,0.06195311118137778,0.11968792480648174,0.008857115119545301
0.04309899309318516,0.07999442557636138,0.13067093636351135,0.06122686731748579,0.11344170900578171,0.1732114270668038,0.01826579762818542,0.10394399874716682,0.14794193437336667,0.12820391082815188
0.10480548377222919,0.014226182206507563,0.19172222058564342,0.17303130768415825,0.07482791158030991,0.11807518612243081,0.1738759244343448,0.024886814386139166,0.027141314854696893,0.09740765437354015
0.0025675299419282357,0.0045080927170573154,0.1070624576685669,0.14513908253873675,0.15409253455961303,0.17848148364128086,0.16115779990236526,0.11044315181929697,0.042590718411747726,0.09395714879940689
0.14725998132499032,0.12522004917629248,0.13003059190490493,0.05593954954131978,0.08350131418758366,0.09140101806432825,0.05762898374667441,0.09296651384906417,0.15240213886858875,0.06364985933625333
0.1694981780770812,0.1443314110465684,0.03138257139360919,0.019189641432014366,0.17647718576679086,0.19671957853984584,0.0926690859634734,0.1017350210611653,0.03581242433596571,0.03218490238348568
0.03569131718835794,0.24561174841258274,0.0013034982186632105,0.12802757899730924,0.07334163456142641,0.15195803112399373,0.027787120689410902,0.1874370523840262,0.13660663747329935,0.012235380950930234
0.030777349178566473,0.04927784528596699,0.07301509907909859,0.18866538916814912,0.12805246715262458,0.06962095595579611,0.15353140068891732,0.12194160463863202,0.17462323245378145,0.010494656398467405
0.015408044954204836,0.20561330139209477,0.1411477407266631,0.0804564190645065,0.022537121910283113,0.09747299975949994,0.0876464179200642,0.21677002585156838,0.043664387830588576,0.08928354059052653
0.15995025291388595,0.045485449337735934,0.05380623739568063,0.06078827114390844,0.167427787630459,0.11660636285795635,0.07850327521138775,0.1408486441717755,0.08666853050056826,0.08991518883664215
0.1342324124792305,0.05223947063811852,0.019047356624910753,0.09040144531173927,0.13243467138074455,0.06419920513645969,0.21145770205106415,0.056182360374645114,0.07948111528675092,0.16032426071633651
0.22924802979161898,0.1946778288564211,0.21063264278746122,0.07147967278780538,0.027547895527362903,0.01631246498932167,0.17446432006737767,0.03459644250547447,0.0283037690591792,0.01273693362797753
0.11691433312891658,0.14280685110485833,0.01627481852633705,0.05679677395653962,0.06325099034894847,0.14120781142956862,0.19598191560444322,0.17264143973710316,0.015015113263171155,0.07910995290011366
0.09549436493984036,0.12806796758568215,0.06021460243622005,0.11452414654093711,0.14675647456636848,0.0743184122356948,0.039442938209222185,0.14028340338840903,0.07487846432601568,0.1260192257716101
0.14510833325613617,0.1629336930968144,0.07229849013891329,0.13894304364653529,0.03236372673118688,0.15065251773208882,0.10158972385745216,0.026593463091498303,0.12437690026970614,0.04514010817966844
0.14526047109650814,0.09552018187011285,0.12540026081664296,0.08177501217203641,0.15875655573282724,0.11650562273950485,0.03368400549615952,0.09396545473110915,0.13804299006282372,0.011089445282275285
0.11332548384483086,0.05373606915410112,0.08461930153177519,0.14493643613453586,0.11402239756197252,0.07741911825741632,0.08463972828783912,0.0699452205861267,0.10756476659159733,0.149791478049805
0.1683964088119067,0.04768306125860666,0.03466751433088579,0.049056542871602604,0.04298027528160298,0.1713495030827731,0.011110592949370796,0.09942121515972373,0.1957202728933901,0.1796146133601376
0.11885573694970113,0.003810568196233428,0.18243218055853153,0.05196012246886285,0.013962580547448377,0.0055657944127642444,0.0664756560717059,0.19498570062521214,0.1916429210470445,0.1703087391224959
0.002389379714303341,0.06815979377374422,0.03439988888916652,0.1804682807085305,0.11821515278489023,0.09025214911157874,0.12916356103858398,0.1834886964537137,0.1497367265229344,0.04372637100255443
0.0452964750448712,0.06324662490776496,0.11158397913906587,0.1547086877402052,0.13103247129257736,0.09009333129025446,0.22155497986623876,0.07732279176505562,0.07267918466920463,0.03248147428476195
0.14232582545846853,0.11597384673102801,0.0016449970114429126,0.23137290861433812,0.1375336892741982,0.0979097304087121,0.08164123267295692,0.05086823093031666,0.04716255087131074,0.0935669880272277
0.004399290999492748,0.16388691164688005,0.07306864292213448,0.05492478347396554,0.13449299824496025,0.1494502253414901,0.09957776840043255,0.08360790110210096,0.18151409249281505,0.055077385375728274
0.033557099868449354,0.15299494649324802,0.10314014124345912,0.06317070799626769,0.1085436166848208,0.15833244178901532,0.15922247053828642,0.06977080729070155,0.040523725142584295,0.1107440429531676
0.15785173393744711,0.08094514762766107,0.014794569578685834,0.14654239674820546,0.051653803064097656,0.08861598268527643,0.16855163515438915,0.13677214425296508,0.09813800544772408,0.0561345815035481
0.12601710436205263,0.12616447604948805,0.10057299114644878,0.09805512266645165,0.0915502587143592,0.10258138613081227,0.13309750785828964,0.07440005550498441,0.054512694077144826,0.09304840348996854
0.16898421038036446,0.16632899149739647,0.0983305379560851,0.1572364754799484,0.061342943816907816,0.07069212012505892,0.02059104466023347,0.10500883902260072,0.06323522081577598,0.08824961624562869
0.23545378533628455,0.09575542561320856,0.05704184033391305,0.05577057546633969,0.013414587417781714,0.12477896942326669,0.11412559780431004,0.07842019572664546,0.21190229811263792,0.013336724765612193
0.047526339172592406,0.14633365044557367,0.0489350015283248,0.1367865149854024,0.1455388025027695,0.020508718719594244,0.14982800519017736,0.10674487709834184,0.04462179924872909,0.15317629110849482
0.05034032584178794,0.15799586012323882,0.02424814329909943,0.1410331865297418,0.10257413377845731,0.02044133773979516,0.0894708943660739,0.15007658702722917,0.10674531272151182,0.15707421857306467
0.10856093713776929,0.1526710291394682,0.24144106323148612,0.16319785477516227,0.02692783202793344,0.0777572246809175,0.0019234521668638654,0.025922966132086594,0.13084177251765627,0.07075586819065652
0.02763564774590056,0.20898459513769901,0.07449810181121759,0.15763205419656537,0.09984098797949768,0.06620145676015268,0.22594851147440403,0.006521289484395123,0.11863456662973608,0.014102788780431986
0.15458442962013585,0.06818548377313617,0.15995917761860295,0.07541902585709698,0.14608214400216424,0.07399252363986025,0.10744474965360172,0.030970032786171203,0.03290639131282996,0.15045604173640087
0.0758857127312611,0.07237371927515261,0.11403398583996723,0.0648141114898138,0.13254178778532189,0.12577238518693662,0.1033992263053452,0.11215908864656741,0.1273617143002201,0.07165826843941409
0.0742172756874875,0.0879778273049146,0.05122858288468156,0.07289407308334149,0.10614504912190705,0.14737012839813216,0.13631192380672386,0.10215469179677636,0.14840795861867292,0.07329248929736247
0.0649953587522806,0.16303572850126646,0.06154079352859719,0.15125450605710425,0.1772220737605704,0.06443789811958649,0.04053117667379764,0.10720233525839615,0.15057909151451557,0.01920103783388513
0.11193941884212745,0.07912499848380763,0.11753424868017355,0.09382675445412826,0.16440374447005754,0.16709681954684796,0.0714271172846439,0.06987852564249666,0.12130467814287021,0.003463694452846898
0.04634787714231274,0.20998020127684716,0.10278894207935199,0.032798368064103245,0.17250777217184496,0.07067208137244325,0.08928432703522185,0.0025603462409991614,0.12927255330055634,0.14378753131631936
0.0053201646724335165,0.1630221447633983,0.1956137963249145,0.005031298441002191,0.11640654906867015,0.12339197992441753,0.043560270395312385,0.14314926575098114,0.14318011537369357,0.06132441528517694
0.1829370618446334,0.05687971021846408,0.17376748608048492,0.07387704517638666,0.05192913185740603,0.11867068205709451,0.04522055909314231,0.1400701477928781,0.09551847626448204,0.06112969961502773
0.1796299230569715,0.055565484385589795,0.10415454181516949,0.01492682105253274,0.171869558619915,0.25485646772768666,0.14378740382245764,0.041569251624077014,0.02517140272492207,0.008469145170677898
0.06551108149637451,0.12932319194704914,0.20671250086528545,0.0036666259404907124,0.21462772870749955,0.04669419226745174,0.016987423073905546,0.05568376799075999,0.09924414953588903,0.16154933817529443
0.060054429551256505,0.11160090083572526,0.049648862617251724,0.2180514053134143,0.009406143114313842,0.09118287320207037,0.06988012196203126,0.1730958308003516,0.032585374666809275,0.18449405793677595
0.06527867620172043,0.06733792385475619,0.01960671705134704,0.10389058875417027,0.1259488176648918,0.12833111990643117,0.12581824928772609,0.11704381255424011,0.1257178036825898,0.12102629104212694
0.14459809572617438,0.1786945381972402,0.1395200734619506,0.17369209550116066,0.10285645973271113,0.022329874032303673,0.0813690352933019,0.04375819517277909,0.017756918605926614,0.09542471427645181
0.14723509429590473,0.06954736738170972,0.1204725325134606,0.12650765529658212,0.014680236124328694,0.09241591885124613,0.09048220831597875,0.16110922803420635,0.0703850087163938,0.10716475047018895
0.06693864631401023,0.11095369772696433,0.09067103126000726,0.07203229659065946,0.08567131210287295,0.1268146410038888,0.1722759030403878,0.13827648772368764,0.0972833038256192,0.039082680411902486
0.15706075962766597,0.025729962702609167,0.14422205389709386,0.09027088404594337,0.14951008874152444,0.154924668620762,0.09355422327865302,0.09506089297634432,0.014017647523184499,0.0756488185862194
0.16090056149069337,0.11244727285278967,0.03886078193547821,0.10142943677937392,0.18994705558361655,0.057601232729466934,0.004946890035923504,0.060122745627223875,0.08516633660421825,0.18857768636121583
0.14675146968208183,0.0002265849279465948,0.11351916175387024,0.15503387913863492,0.0408803035280182,0.13831885975442673,0.045143525164035234,0.10292939552584619,0.1737188060091565,0.08347801451598348
0.11683161671868188,0.0952588855863233,0.10075521862948618,0.0252435159700015,0.052274295762093935,0.18464072422918226,0.2043921165479746,0.017949380287895975,0.02634647107491773,0.17630777519344262
0.1578895375401195,0.22071714303051007,0.11512901741055251,0.1222282299953788,0.02803922362022681,0.07143095165953518,0.006147916346837816,0.06867415052710543,0.1370870737862538,0.07265675608348016
0.13104821903277022,0.24259919250504774,0.1196628233895057,0.016595908437796975,0.0467933930256574,0.11728172773087872,0.16306876111200613,0.007615244459165323,0.14650610258739521,0.008828627719776543
0.17131470686456157,0.08204622892565445,0.11821039128824885,0.14872183687916096,0.06970742950523794,0.02255842983211745,0.06571714034493892,0.08987141425057764,0.14138566580921533,0.0904667563002868
0.011635540320275658,0.030139714607443312,0.18268656016575857,0.16080363849464646,0.08683166277985718,0.10825840448942484,0.09423679685989275,0.07714514803226535,0.1786126687028959,0.06964986554753987
0.03107738728376505,0.1543224010917358,0.15157456312764814,0.09367608155279271,0.09346298122266053,0.010697412011343733,0.13314066762290655,0.08638249935079512,0.10789262429833432,0.13777338243801807
0.1270379305622972,0.12487690227345954,0.07726034321874477,0.13565976684080272,0.11442678858682297,0.1456676919135219,0.059306038346622625,0.05371350486353775,0.07757421907307825,0.08447681432111223
0.0736719274158636,0.11160192918755694,0.041898216549568476,0.07225899073931055,0.09514462458579764,0.14527076228993213,0.09382063912390093,0.08473580737300253,0.15019571547897329,0.1314013872560939
0.0822977379998165,0.13592596661304754,0.08266491111755207,0.18804395834358403,0.09875855445609029,0.002431250209834926,0.15462921175174968,0.0011452228285818552,0.20224989320859557,0.051853293471147456
0.046411002590575824,0.07467019277523766,0.05533938232219156,0.14578865258076268,0.14380312950465482,0.029107962894600374,0.13145295881466798,0.11378456015438325,0.16357494534983316,0.0960672130130926
0.14157023049632897,0.12107654203336302,0.11133689115304245,0.18613397483001878,0.02259856669175812,0.11385616090804572,0.01210461280224591,0.11679509505274716,0.07276555956969118,0.1017623664627587
0.1521390591223844,0.13783030764328363,0.0553965009512726,0.09310029444160613,0.12368457663479,0.023690731448726163,0.13386388002104593,0.035286585805797833,0.10557665049508745,0.13943141343600587
0.047016761424959,0.11484575822986091,0.07726303815128623,0.08790803908583254,0.1695342189921238,0.055766545673614075,0.1870499400195672,0.002526894220335915,0.14804192667677107,0.11004687752564922
0.16158661551310377,0.046207148910150084,0.21705679397227062,0.08633290234647023,0.23233358622547676,0.13596670627563745,0.07667369194405321,0.0058207046038848825,0.013782618120966308,0.024239232087986545
0.012393800413087975,0.07344980190745666,0.03532547809299191,0.16725229600207608,0.034337844737242065,0.13678489888218384,0.1381938577851997,0.12477029234373987,0.14758540703073386,0.12990632280528813
0.06423744806414783,0.1928486445324057,0.016814640889575166,0.21186498118277083,0.042980555509896594,0.012007618751172178,0.12869315203715473,0.06440757259296148,0.09865434450323346,0.16749104193668213
0.08842450467158373,0.16209305515431588,0.17017018394975786,0.022979259785826097,0.07391458752636709,0.1106477290177118,0.10719849358940907,0.0957080627468346,0.13840636149573518,0.030457762062458635
0.04562736965961273,0.036312313710511135,0.052126076888589765,0.12650931338997842,0.05195466512255416,0.17469922860796747,0.11895082524921004,0.016746967554254307,0.17634940209556482,0.2007238377217572
0.16504813593212792,0.07081992549687302,0.05366513391517236,0.011473386218962286,0.2017863681582353,0.053118130950688104,0.13502625783044944,0.06715725870185052,0.07526801986808355,0.1666373829275577
0.23240873852409086,0.10453131458231682,0.032915156141066576,0.04767799436481407,0.0319313640566503,0.022305912252280735,0.08343889212476933,0.2102327036986154,0.009130177521994663,0.22542774673340119
0.13802423143288733,0.0035967107625029045,0.05754505512372096,0.13137710243164402,0.15577245169302387,0.027004363926496553,0.1142347197390783,0.21998528624632438,0.10143825963433675,0.05102181900998486
0.09073548185427169,0.16099230427313407,0.0356472544297111,0.051298004511884765,0.14269999164916072,0.15306634922009252,0.09815608023826711,0.16579743648677156,0.07918495834486412,0.022422138991842543
0.0408631241117521,0.16578327625979702,0.1417457122076233,0.07825225033731806,0.16341725416348826,0.053574755131172075,0.09753071438575872,0.10653718776129112,0.14471507081793472,0.007580654823864462
0.012616329079907495,0.16184290210420826,0.14776619419883064,0.019642428936905883,0.09220892534134441,0.10585419358535672,0.011872320136127436,0.1616037633321487,0.1901190083753274,0.09647393490984292
0.14778246798132766,0.05717989680706806,0.13257414214829244,0.0231684701259639,0.1083658490766462,0.1802571192267288,0.03389425295708935,0.07378044268437155,0.07343807065637932,0.16955928833613274
0.12968122533716814,0.0773197986107797,0.17004808656918924,0.07941041501056177,0.02662548755983457,0.1441928276841321,0.1604334726338587,0.07990297665231304,0.07196502247799785,0.060420687464165
0.012953518615916898,0.06481118339223416,0.05701318803689429,0.07761822898233076,0.16495424169369455,0.1288159758399916,0.16865574148877963,0.04480231220407595,0.11971554324973374,0.16066006649634842
0.014208215562497597,0.15547926666521586,0.11182283700033464,0.23431722972724714,0.07479348473024276,0.11269016617001083,0.07477886603020258,0.0693567070137631,0.074688581592995,0.0778646455074905
0.14961500978799136,0.192227420721383,0.20513573400535068,0.13093613932700057,0.0008882720073229286,0.05885605099571517,0.027606932245256965,0.12079657097677177,0.07056958571549327,0.043368284217714395
0.10485877771352778,0.06907153625193026,0.19126342396159676,0.06252192407615592,0.059629619961446556,0.04312293529304726,0.15513303030952535,0.17212167225306846,0.03548463968002856,0.10679244049967311
0.026242596517657358,0.039293842844631645,0.26210251488947883,0.10761326115265851,0.03825767159279504,0.1257722194011614,0.15558498219447459,0.1588433997164792,0.026653592892017106,0.05963591879864622
0.11533190963999429,0.05081509887280336,0.14236411950211114,0.01960857343061812,0.13744891385491403,0.19325228900375388,0.1728664659476811,0.12166845013820823,0.010319600365237437,0.03632457924467829
0.16398476067567944,0.12460290597504957,0.007576633203718682,0.10959776056120525,0.16896914848209332,0.017971479312041735,0.09929605996171316,0.16822531118063344,0.10935038708666243,0.030425553561202898
0.135090121994781,0.01256586150367802,0.06690106759277915,0.15598566105930675,0.06294076029179733,0.15600689691368452,0.04572030113115451,0.09494823760522787,0.13634958301299424,0.13349150889459646
0.08245991428229871,0.13466014987524697,0.08479482758608099,0.15350257002204076,0.09276176954658535,0.11802581124795583,0.11110170146675709,0.14356374529599086,0.07535578221766769,0.0037737284593758213
0.1664650776680565,0.08397613799506287,0.02100298560292842,0.14127017924344287,0.08645742504531966,0.08647248062331771,0.12604348725528525,0.12700830926753806,0.05694570618534544,0.10435821111370333
0.09908821093344021,0.09157903234788468,0.13062746365514838,0.11506016847508428,0.020422579699300343,0.19002791503493,0.09367550511235118,0.006616148817003152,0.07767448626800658,0.1752284896568511
0.130937532868104,0.16961927454468373,0.165962875676506,0.0562405882362998,0.10281451195656142,0.14290716941192966,0.05647169185542187,0.10569877696957809,0.0381876656510909,0.031159912829824377
0.13022705590758202,0.08799326711983052,0.09245886940107233,0.027533173080010374,0.14873799939744184,0.0027074750284722723,0.12036991924963411,0.11357916387751237,0.153697398811438,0.12269567812700626
0.10173956213775202,0.04558215043783397,0.02259247698034567,0.14915112977079903,0.0720818600655139,0.16398158961038578,0.12125114442738835,0.07915818904470391,0.09712887506237329,0.14733302246290414
0.17705426044269681,0.026755022530749222,0.02503751582671728,0.05690030101250636,0.24999775646796984,0.09936729063249518,0.0382676955749372,0.13050304221183556,0.17659605947672966,0.019521055823362946
0.24099065819562893,0.013711206857887312,0.1041956619458043,0.005472936789280552,0.11523142454263913,0.051843361524270715,0.13806081178954172,0.028253512293072998,0.22753709829964375,0.07470332776223056
0.08222817221727483,0.1673789548541793,0.07359749000238816,0.19556060098996272,0.0050121525105062004,0.08178871686307362,0.05242495443559605,0.21492514436089702,0.05103611515771022,0.0760476986084117
0.1368019806202791,0.08471946932877965,0.029492376255167405,0.07926650778102963,0.13408501660931932,0.2029763664900291,0.05116995738462257,0.00400056138976634,0.020414888986111164,0.25707287515489574
0.14599981980736762,0.12736638948259996,0.1169660433985373,0.04309196160313453,0.022239168620420652,0.15369738821447035,0.010804107744358112,0.13452675999922425,0.09549930359367324,0.14980905753621407
0.11398889724827785,0.06775521316554886,0.13927232524438676,0.048384744794523975,0.15685586592169096,0.12969302919048822,0.12269052478429568,0.06015515474626243,0.09355955724106348,0.06764468766346173
0.1765662954088063,0.15152012204802381,0.018512378065717584,0.05073839876214108,0.16414355051274027,0.096583785904852,0.05352892778962813,0.12685701353366705,0.14438348600348033,0.01716604197094345
0.05940914371883821,0.007029799217739188,0.14332101161307234,0.1972044574458895,0.004455276969957595,0.07844643396263007,0.06393086286151745,0.21883685440447168,0.03927913431308917,0.1880870254927948
0.05141194186423108,0.16356982149308377,0.018816467664054638,0.05980851996908736,0.16993503155375886,0.05576522727662179,0.1822768978522484,0.17826001241417472,0.0014214778503114226,0.1187346020624279
0.06857345352467739,0.1461195718971278,0.0946563104867703,0.1752649902538537,0.11797144009292772,0.10055977723891715,0.03929761370320747,0.028949227536851578,0.06635192534520941,0.16225568992045752
0.019806663414728067,0.032107426979148174,0.12034667583984854,0.06276400761928938,0.2164526728968314,0.1390173044346128,0.20932887668814934,0.013595549386416468,0.16785808207256012,0.018722740668415623
0.054430806734242575,0.09783757673282487,0.0788855697063937,0.06516175830635922,0.09365621175783978,0.04510704489097193,0.21609860015734905,0.15108956296346387,0.18066833204112362,0.01706453670943139
0.06282319173524965,0.016570326488088795,0.166739460555758,0.12038948742980206,0.07129542476828082,0.08603225393617704,0.1396806820460604,0.15750009281396682,0.11410364113576683,0.06486543909084981
0.10297604476715863,0.14581033395386456,0.0716902193252916,0.06610193731359136,0.12763756446608887,0.04579512630531783,0.13276276635331197,0.08231662996942579,0.12945949590094724,0.0954498816450022
0.17350853736749888,0.14344454499390746,0.02606475693084333,0.17823142837227474,0.12191086485205155,0.01478136578982664,0.04259846225784446,0.1457916121001859,0.02082634953000833,0.13284207780555868
0.02053357518491698,0.10126195084898335,0.24535274816866232,0.11576472879328469,0.08149391830767813,0.06277045351417335,0.029632669167845762,0.09808790313487503,0.15638413760033548,0.08871791527924497
0.17738250253128235,0.2214199923700962,0.055623715331013554,0.047379692846897026,0.07636630195740048,0.16056966210898624,0.08226468461739735,0.004314198878083869,0.013025949331948056,0.16165330002689493
0.1015578646331328,0.11071699102152929,0.0783985803990587,0.010731340922616081,0.13908259923064342,0.169003862719918,0.15230906776130226,0.00225454371179609,0.16113416800273503,0.07481098159726836
0.24824223237672538,0.08686609937189338,0.0298312113511114,0.12143826187557868,0.027782509911210035,0.25707162020550894,0.14141513275822784,0.009325367650677114,0.03198880063395239,0.04603876386511483
0.002146445383133752,0.15029106629087244,0.11872514660661697,0.12625683851187866,0.12842688225077176,0.010218590299206054,0.11685389575684095,0.15251631797671394,0.1485311496417953,0.046033667282170114
0.12146071980526289,0.02197245801568722,0.029546387410295513,0.11146816128337711,0.1598281720084784,0.07359459451886621,0.19712984636006345,0.10812362171854821,0.14614240939932277,0.030733629480098022
0.10209584244541503,0.071859149484684,0.10343836667526585,0.058414384450848296,0.07319082699197947,0.024714906538079555,0.16725697254175306,0.13056871958668242,0.10803346056319672,0.16042737072209554
0.1302259109768996,0.07071068361420282,0.05832196092982377,0.005828530572431885,0.1187855646030174,0.12058223057598078,0.024149411736430145,0.1851291010411224,0.12565489533223123,0.16061171061785998
0.16331459831785353,0.0389704864427695,0.030127098186432267,0.12053028732399743,0.16403133655170635,0.1427429155394617,0.05387279699900575,0.08852618118827697,0.1729976871617856,0.0248866122887109
0.10795097112964505,0.02028468211231675,0.14350170629003697,0.008598838282084898,0.09663464277610931,0.05499303260081614,0.16032859072103767,0.14375951011181615,0.09217858664322491,0.17176943933291225
0.15633918983751452,0.08771273218848867,0.09544376474127189,0.0519635559572541,0.15893110497705598,0.08523136541448736,0.027544241250467727,0.1371795615405966,0.16579946728010275,0.03385501681276051
0.15433067533164252,0.1540015493532574,0.04876220913976557,0.02616930446820764,0.04503327111801455,0.08048983879247729,0.05896475610159011,0.15064786463126892,0.1323611646654556,0.14923936639832036
0.20264015987824704,0.1078085242619708,0.09982176968418074,0.10607263754687091,0.06260444969913227,0.09438324114560251,0.0834279991401845,0.035819274606831715,0.16405017366826044,0.043371770368718886
0.0026486271005131366,0.13690555059165682,0.02412803572643448,0.03974854192479847,0.16814822335873564,0.15334169345810647,0.1432477915184752,0.0731746858640289,0.10730350336481452,0.1513533470924365
0.1513936717658438,0.06758538632861787,0.15607168444940694,0.13579615054259,0.12358928018486227,0.0013265709233539601,0.015473294500897447,0.03631544971545544,0.15928492400292063,0.1531635875860515
0.06916178457502979,0.041881725618902355,0.19029831338945485,0.19429020570371064,0.17863702547070237,0.18237579850306998,0.03578759424323382,0.006043362601727415,0.06116253741907863,0.040361652475090104
0.07877040202095573,0.1414701210281506,0.040217566393788234,0.1816924073699701,0.04317162777914604,0.12885527802539795,0.07656875952803041,0.1244105695315944,0.09104768517534347,0.09379558314762299
0.15153272384502464,0.04226040494796938,0.10182872865997249,0.16257166939012666,0.09538850413323374,0.04568279672678563,0.1119179824843584,0.15598946894212481,0.01965985753963113,0.11316786333077324
0.033942507121946824,0.10912288830483206,0.054458509798280805,0.15088106863086603,0.08156358061732434,0.20913619983534115,0.0931079692951935,0.16866974474794538,0.01245249433235236,0.08666503731591739
0.07376079487304449,0.11404238669512232,0.022368450832971242,0.07793447580293532,0.08030179016774386,0.07568308543623814,0.14387709474758828,0.1448265205337808,0.1323380788805973,0.13486732202997823
0.10326558070531561,0.0711599585600898,0.10217993162260681,0.09658540936452925,0.08376926213406988,0.1377088643698907,0.06114662118645316,0.1380643164704337,0.09749055482469862,0.10862950076191255
0.030119221785416914,0.09135286734907073,0.1349332260816756,0.07294483125596926,0.08339954520042508,0.22422692624475374,0.15412821882203842,0.13021882802089643,0.026529388455468116,0.05214694678428563
0.11836139660214623,0.12075795391923373,0.04576587335670056,0.04588695639251015,0.0965982220808839,0.1825550520669818,0.10083135474970718,0.06516366193810758,0.17434108118542582,0.049738447708303005
0.03545724662600857,0.09809233631295505,0.0019816671980899263,0.17426112625702525,0.19187006033290707,0.11686642610811726,0.10302479813136756,0.09752216863680312,0.13541163052446376,0.0455125398722625
0.1343488397360747,0.06386710829519297,0.04751640258023873,0.06494790677229026,0.21376246502702953,0.07946739502206367,0.20652594093466844,0.04103665260715137,0.14484117757571371,0.0036861114495768637
0.06375425909198493,0.0015905115026352984,0.16064334099466845,0.04912742509710968,0.13811632760329662,0.18144532291355153,0.16568014112057788,0.07592258153506874,0.02542471164478371,0.1382953784963232
0.1482526221108405,0.1427242624457127,0.035007016898696085,0.02853464474750188,0.14893897115336482,0.12030076933663879,0.14787198617348496,0.13260704579743662,0.04236345311610051,0.053399228220223076
0.09567652600161493,0.02555344374133317,0.035789144764754754,0.07585107132679078,0.08618596226666533,0.16181531308874297,0.15908811724194302,0.12366767754005095,0.10624301524726233,0.13012972878084184
0.13627312120369883,0.0905093040231736,0.1472220770726237,0.13612149802166285,0.14417092321186098,0.049047667837942864,0.041318978418107596,0.1720752483261908,0.03679118321014182,0.046469998674596946
0.19322152302241713,0.06925552125491646,0.1874801824032127,0.08205474641959158,0.11211747444617527,0.12077079824582646,0.0032591377476762725,0.018551484218350563,0.09364017715229361,0.11964895508953977
0.1015300615506647,0.05901422639658338,0.15682050944374273,0.09502371665628459,0.14624333541098805,0.0369602687438431,0.1334668639522316,0.13210834870414367,0.0854790514002391,0.05335361774127914
0.10134806384855757,0.05960502332178408,0.08254080844462064,0.10257034156654692,0.10767628609329218,0.1090389216002978,0.07391171967221803,0.1072295523797748,0.12734433532948217,0.12873494774342573
0.11350918372203962,0.15331975269100812,0.1773182596762924,0.10703101646148595,0.18972399083719432,0.03374020189526401,0.046069716880590326,0.04447529455311258,0.037304629015181466,0.09750795426783124
0.14410709968629606,0.11592551936775514,0.03089241097091371,0.16734167481279483,0.11183105214761592,0.07751798432500921,0.09440095878313155,0.06943915949665036,0.1290028556984693,0.0595412847113639
0.15050616539864106,0.04408627903592983,0.11066239434381829,0.16453120263733845,0.058027225827010046,0.016627587407942263,0.17479531647808924,0.07248865730100838,0.18140001783210857,0.026875153738113933
0.1399687474610949,0.010991821399144465,0.014506965894125902,0.19211974617976108,0.12190092734086493,0.02012026669470639,0.12499224921016815,0.1817819479952037,0.11331457614868447,0.0803027516762461
0.09287346654184693,0.1284367585208076,0.004326063241326701,0.19228565158151203,0.078438911595183,0.11862412612975287,0.25994230795438805,0.004760642019023735,0.10574758860200023,0.014564483814158957
0.06436578989669613,0.14392034180252983,0.06377015382832157,0.1160123939623463,0.08014130672559193,0.14376981632058583,0.027805085219412266,0.13107167406408943,0.07986062661118688,0.14928281156923984
0.010958053472937596,0.07278686575525184,0.15837133516802082,0.14960604139080602,0.028152335122260078,0.15810096322148098,0.12501355065568195,0.08276102188849588,0.09590335130336182,0.11834648202170299
0.09172059873855189,0.00798867969597372,0.16790847252529126,0.13382684601787112,0.11148465176667315,0.10718701201885011,0.16907544171347447,0.051377990111068736,0.01741607667330386,0.1420142307389417
0.15225460835702745,0.08037241872836079,0.058616610838111094,0.14979209885452685,0.11702671581872773,0.11963494268366144,0.020415012581539903,0.10254100451599588,0.03578124939806259,0.16356533822398625
0.06168642646448418,0.010249759284972336,0.10756496888984392,0.1442188053569696,0.1915650570962893,0.1344496885576996,0.12764548372103823,0.1181978496546796,0.08959872899532113,0.014823231978702032
0.06712265092521368,0.03780716758684036,0.07269412473160206,0.15529517992912154,0.21852728201749422,0.11940122586614531,0.0518655817222387,0.04388851410024503,0.03404806546695153,0.19935020765414757
0.18310426539630986,0.16818648012985027,0.05614520748742697,0.011448919665923084,0.11495559979086664,0.13330929474765385,0.14386003508501996,0.15925418294177524,0.013354907260783788,0.01638110749439044
0.0004895983541026521,0.16065172662786262,0.1315606647595124,0.11745122135600097,0.007763071092226495,0.016719863614360994,0.11374752693110414,0.17792389861107966,0.2089221350751576,0.06477029357859254
0.053461725961625226,0.17356880198444596,0.03820309468487084,0.17869599459935726,0.032610882066260276,0.11820440249901015,0.044898181298146975,0.1311027246348732,0.08890671371095357,0.1403474785604567
0.09951403804268164,0.024178628389270724,0.11108906896512015,0.12483431931819951,0.09932686805484266,0.08932675696501793,0.025627645469371612,0.18553317138037698,0.10010103883008037,0.14046846458503837
0.11652254587565844,0.051337185007434186,0.1405085829154644,0.15820110871729928,0.11543245843142645,0.05227943040078195,0.016838638420096492,0.16051881046130098,0.12048116622318407,0.06788007354735388
0.09802242679699147,0.03438852721756902,0.1138202421223249,0.13061017797258348,0.1374390241454954,0.2268268482776528,0.014766517733496054,0.08106116174274708,0.08595089737803333,0.07711417661310635
0.12202555381470268,0.16280599149235375,0.062163420122850976,0.1432554797889467,0.1721226591000947,0.11342560564738802,0.11660021196189443,0.004631873974915805,0.001258389010926119,0.10171081508592662
0.0991118211036346,0.14636640084143593,0.03743223559405209,0.022479264364084844,0.016011391757516754,0.06836013555369785,0.12460401662243778,0.21132500666860451,0.18489749525894852,0.08941223223558711
0.11307372582469959,0.056630731054998606,0.11944323225412126,0.23105258300627554,0.1374113687311748,0.1127943902820722,0.16103876056811192,0.02631729317239736,0.00841905355583167,0.03381886155031727
0.10308745147697722,0.21963431611889098,0.2025267503587792,0.013112600816954239,0.01126588756365292,0.1874952332835574,0.11185532421456865,0.08071120414353398,0.017794650196527557,0.052516581826557905
0.01229545940518715,0.09171714619835176,0.08808873655349359,0.09365553929725459,0.10639392809385206,0.08364846857261668,0.1363340358042461,0.14232402577226158,0.13227458336803352,0.1132680769347029
0.021767854754511613,0.10825495579231013,0.12387862752195097,0.12287480422844604,0.06166406353317254,0.12709439118419896,0.03681818379010151,0.1300561677759958,0.14009879484794738,0.12749215657136506
0.05728715803639465,0.04052387748312171,0.05470584462396295,0.03296728680829842,0.13120425704408642,0.05445070834507601,0.1951451993302928,0.1410193991702446,0.16393308874999887,0.12876318040852341
0.0397902045164656,0.07301387333458073,0.03743112376023741,0.17432099404952556,0.11707378845463673,0.1488721181618356,0.1610955936556924,0.15225896764160157,0.08777796544015981,0.008365370985264678
0.08721214001643264,0.12854328529772627,0.06939888083333857,0.14409009545283452,0.004670171035544143,0.1557264478644984,0.09091504780646764,0.10989343018075737,0.1625407445968828,0.047009756915517634
0.16506369199305396,0.20562923582540663,0.034817840191559285,0.089857114234973,0.02657363560415513,0.16684556858673402,0.08911629881035851,0.10247823943224048,0.05501068027044659,0.06460769505107222
0.05364164122702451,0.03240916936634565,0.11208482196700546,0.15469452210278617,0.11860667595255431,0.0025763518740030337,0.1529583108818404,0.15907819180991176,0.059837570793480045,0.15411274402504863
0.07402405938722034,0.047923951129046696,0.2140739884951043,0.1218302567450566,0.05294580087270603,0.09380452679293007,0.07857523707182035,0.09956110950804835,0.18777357104133052,0.029487498956736774
0.2086140809441498,0.1817151334807897,0.01923787086297783,0.020251279643048906,0.07915221827221997,0.13676305496800042,0.01607241702281254,0.2431432420062821,0.08600817578351018,0.009042527016208422
0.09576058433816616,0.053517151934259925,0.19329165820647648,0.023382911029097203,0.018970668538844167,0.13439927328519377,0.1252001633347517,0.14305907082519034,0.1817025972460347,0.030715921261985517
