i = 0,i = 1,i = 2,i = 3,i = 4,i = 5,i = 6,i = 7,i = 8,i = 9
0.14505064319708555,0.13759770432062773,0.05670020695009059,0.09399165676278164,0.06847777172594481,0.1373936170363786,0.06408810201957367,0.06652304914665387,0.09177838582109407,0.13839886301976947
0.13693098745279125,0.1816788247958288,0.12270856703382003,0.07144303930096041,0.0283448151613782,0.10525927814247268,0.14896241004027058,0.07200751072929187,0.04725985556334894,0.08540471177983713
0.08285309711367153,0.14090816961357247,0.13135311372895989,0.058217209923265206,0.06479942478158604,0.13990914399220722,0.10097407857766812,0.1353142902598717,0.11463859069141656,0.031032881317781223
0.24005170144075877,0.04121374163949059,0.04217910755880861,0.20365545176289018,0.04968420021400736,0.036311010214495454,0.13601174847024883,0.13804232136094777,0.021910191133355364,0.09094052620499707
0.005782519067666743,0.0021014051254697958,0.010806728831877471,0.20528222249538897,0.16356096269963927,0.07272545516034329,0.12491238207587375,0.15126605571238538,0.233099298285886,0.030462970545469228
0.05760475969003114,0.05528074573592063,0.18099553879537306,0.041699469472257035,0.12110131515803338,0.17811840568293733,0.0145272037373403,0.2396495072278664,0.022886823320590735,0.08813623117965001
0.1697158172031657,0.16392770920945166,0.1768876788753087,0.10642591499996316,0.0395601097111845,0.058746070595609684,0.08660382255940144,0.062191263191112574,0.05459405010005071,0.08134756355475192
0.08845480897522572,0.10860942909308652,0.07186209162845791,0.10831409665456564,0.11367256081730309,0.12477736830887559,0.07991768399382364,0.03148950567448636,0.15115898326516652,0.12174347158900903
0.009968664486177751,0.20378591518070793,0.2109598777511667,0.18604562000369082,0.11026592176027102,0.0734940398072648,0.09464267807719477,0.04584633472925236,0.035887174273011295,0.0291037739312626
0.007018014830312326,0.1538081574394746,0.05365354460073965,0.10440966169793948,0.12912054225544642,0.13882227391928464,0.04530068597132026,0.1491287395364046,0.088031423196376,0.1307069565527018
0.07955337797889682,0.10933177804961212,0.2194498853101322,0.04205457550901129,0.04997532475234709,0.17648009835835518,0.1454084819025902,0.06654024420299186,0.1053007026245942,0.005905531311469161
0.06940279319304407,0.0760545405650333,0.1676596789142684,0.19163540476984237,0.11790983602165599,0.056760031294093884,0.1730834904891046,0.0005351281530000168,0.001625378663802387,0.14533371793615513
0.16396604401568046,0.042258674246221636,0.12040524736122991,0.09589557351324689,0.08089071586421971,0.10451652116898762,0.03623351354244902,0.17067726048030116,0.1548575340804097,0.030298915727253756
0.1287045642221711,0.08612318698525004,0.11710453973258876,0.09967476454992334,0.05718838557448336,0.033121818957940044,0.1613055569949042,0.07257615851123075,0.15714244981926595,0.08705857465224238
0.03298908226046662,0.13734823290571857,0.15349776749945598,0.11973799483729114,0.1034117210209847,0.09391249389877601,0.10539905334249038,0.10325375635387458,0.0682580880155272,0.08219180986541472
0.1258369659863476,0.08151796068449361,0.034541293336736265,0.09964484801712765,0.14373195644650105,0.03939924672919956,0.1347063416656604,0.11572370554304526,0.0644566512682789,0.16044103032260956
0.004116195555514905,0.14485183166537274,0.07851704942220265,0.14628216550988962,0.03274996242369631,0.10704677075651221,0.16793311474401126,0.13509770463369417,0.062427043711142015,0.12097816157796401
0.09206467587613651,0.04884164476704954,0.08375183913263656,0.14477920425172372,0.08633675476251723,0.04522039994638653,0.019776209342083028,0.0908386482979239,0.1695455047051811,0.21884511891836184
0.018359177447401263,0.1336467672224616,0.1247167024885323,0.06947675257482716,0.10008667169859682,0.1985000128319403,0.12489323222249968,0.04962457303893289,0.05529895277425528,0.12539715770055268
0.08208638193832889,0.1212934666222339,0.10998141188025855,0.052619311253130116,0.19202504699734113,0.1849182142666743,0.03407176876230545,0.06704027167776587,0.04834514066761527,0.10761898593434648
0.11259802589266586,0.14293836220379963,0.158713436461958,0.17197936984855958,0.04537199938074394,0.02354052407916507,0.02110731702480819,0.033248232467645834,0.12651695123877874,0.1639857814018752
0.2097034658690679,0.1783779289659383,0.022300142591683288,0.07569724031938663,0.11263893466526656,0.032799717982650065,0.0066679735376277876,0.02706912518247478,0.1699810670481818,0.1647644038377229
0.06530495425626985,0.16058026372330036,0.16680995999691872,0.06656508148341714,0.046940464665443014,0.13304961456958245,0.011253920619896435,0.23526464139548417,0.0789566872156563,0.03527441207403146
0.12873324406433095,0.13582685745185405,0.07024618094651319,0.05335637498477807,0.15329207575840653,0.05498639057379351,0.08740741923630532,0.0816838315645277,0.08613355802367474,0.1483340673958159
0.14970884804322804,0.07969679053482766,0.1460423462623009,0.061820482045573714,0.049485438224731546,0.059086340834101754,0.11094116216351711,0.05983494081143912,0.12316775181130286,0.1602158992689774
0.03940323922666746,0.16158863526968514,0.0535487477608238,0.1496238588666234,0.12067050554077147,0.08906352830089295,0.08174161519097409,0.059519834343414006,0.16429190599077376,0.08054812950937389
0.10023605690375788,0.14998976755882445,0.050734657635519945,0.09146351559490473,0.09780301340440656,0.1440242257394164,0.020788928747593742,0.07328114431206278,0.1412843564156626,0.13039433368785097
0.1169848073726721,0.025496401876339895,0.11530638127084122,0.0875923705881411,0.09953354631209727,0.10424402633630747,0.0851870145023928,0.0374075760766027,0.16569299671374477,0.16255487895086068
0.22398041229070664,0.19802462179464586,0.02949747765947112,0.09052025276293993,0.03938691943769392,0.0030316238392636328,0.0473960108534762,0.10490732923063985,0.039102622796816075,0.2241527293343468
0.12805886656785492,0.10827290994499042,0.06948739965175485,0.17798871352682435,0.16593599749040738,0.11274017819219492,0.08872030528929803,0.010559184779847321,0.061087055301215165,0.0771493892556125
0.00714334950644633,0.07684236079090544,0.17244599079988174,0.1920951199488628,0.09424814211988772,0.05019389193505989,0.06945930529912706,0.11620512972309534,0.1870181212751121,0.034348588601621585
0.15702622500564736,0.15778089655019065,0.188030053188575,0.07195861011528575,0.10799182711092863,0.014683593961073086,0.15340233713661725,0.10948008985456165,0.016469879234562796,0.023176487842557884
0.10986810341909763,0.14950722495758434,0.05422856494273552,0.18855499024314096,0.07727339717878762,0.05071600058880111,0.18212636867014223,0.031845787540542236,0.10763013405008605,0.04824942840908227
0.055835932612507945,0.28758725103027544,0.031902933850456804,0.002197006951354563,0.3946609376773834,0.021572949134987068,0.0551491413951652,0.03768829365301723,0.010498696017397354,0.10290685767745486
0.2025880037648853,0.016603529217662536,0.03898865822347975,0.08519529149950957,0.08973344204799152,0.20091590461227266,0.044719450919368214,0.07307371569117486,0.24654946036255088,0.0016325436611046723
0.13749682289760423,0.15070104890568942,0.019730583358167755,0.08610004888029539,0.11114453326314436,0.14368301613480225,0.0423688728784445,0.07888051217796066,0.09113578181037943,0.138758779693512
0.043555614976236286,0.16342688007523476,0.10060352233003393,0.11781646797889585,0.01571481669139628,0.1294192653656517,0.1064547781644081,0.16457474809960257,0.11156193878605118,0.0468719675324894
0.03915286569842182,0.11760879326686226,0.1489009421913934,0.1313520990398491,0.08693755664332611,0.005092149903118734,0.11985926570011737,0.16157806647839873,0.07620637176153125,0.11331188931698122
0.09580279920811023,0.026072271748805997,0.1629687546429739,0.004703151689202571,0.11484664957563775,0.16359119277544318,0.12843681888962916,0.15820158721392777,0.11385663652205184,0.03152013773421763
0.16223927078496522,0.1143003485199484,0.05775051393763065,0.24880699546580562,0.042316794964637396,0.08195572294131584,0.04279064278042277,0.0662564120910371,0.12126174360711596,0.06232155490712103
0.06448113648825418,0.18928849044454454,0.024813092052259015,0.03495977356141446,0.1881371006818712,0.10948932428515648,0.1493538751299604,0.03176643429588974,0.130219016290064,0.07749175677058599
0.137231258401432,0.14260578992220463,0.10966076188296786,0.10242872950081244,0.09523952709426596,0.11113068078527326,0.08358788404247021,0.04996990237893639,0.05054454185347678,0.11760092413816046
0.19800610133819127,0.019594986728413272,0.11479476498418398,0.16471921769476264,0.01968569288172933,0.09301150723827045,0.1261099291750678,0.07154895598367109,0.004187799622594615,0.18834104435311552
0.11523712600607985,0.004598070074605662,0.27942315434026604,0.09716430416818422,0.10949749391032658,0.11920816189651079,0.0899437800724049,0.07707096459894212,0.09097199209728067,0.016884952835399147
0.13925332835803925,0.1178659277491303,0.1533674233322552,0.14009696578564554,0.01421090029679694,0.16062595366595034,0.12338185349156199,0.02883441859349385,0.07102488333576867,0.05133834539135791
0.1558582410481203,0.06058093037657638,0.054640524546688246,0.10961826780076624,0.16387576202916793,0.07367145435642557,0.10971813839979282,0.06701354800508483,0.15817613337539502,0.04684700006198271
0.0015096653006166194,0.03132996245277459,0.18671068260993776,0.0932112150980007,0.05451611396164776,0.11914906445981815,0.09695706466546009,0.12934948681785324,0.19466094150243216,0.09260580313145876
0.14326649018707993,0.015070331276168891,0.016334251190057523,0.12490349480998637,0.11184835869394479,0.08842071174839475,0.1965585564947535,0.07948866664675387,0.15243935892557586,0.07166978002728451
0.14624472524490628,0.02676962653140827,0.17115538652077436,0.09296190202786256,0.12470559512766916,0.12724496337927743,0.08695630471522434,0.013619334209085553,0.18834794338817207,0.02199421885562009
0.03573580115290431,0.1590891368414544,0.013010634066571599,0.10056332707961405,0.1140286136494472,0.10530824509340994,0.21179873716116943,0.06350798118616736,0.19613661546765263,0.0008209083016091725
0.16156923924756117,0.05812032821560943,0.10027069411365507,0.1617236887783495,0.0746052314994616,0.02427148761310351,0.11535521785856012,0.03778799970773734,0.18101245198488586,0.0852836609810763
0.1673553905839787,0.08587380526886951,0.10841483459465673,0.0745722158305167,0.15320600095439388,0.014353101740963823,0.028381388756741354,0.16249206971899915,0.04045750440670763,0.16489368814417255
0.0025659899165532923,0.21578214166772475,0.008357895129888642,0.15163534015928284,0.016422234778439355,0.08564278690197674,0.14027593635036295,0.03822857992864456,0.18888347433993868,0.15220562082718814
0.10534074391542438,0.07721613372213176,0.014125473629897738,0.25082796732739787,0.06480088365671995,0.2543413624266803,0.055394838074372524,0.0197093490369469,0.045273934591145266,0.11296931361928335
0.13665575427442858,0.1032422280303044,0.07124143796113161,0.038499185014422385,0.15083671676191332,0.08539078817567923,0.10579029531270054,0.15234886321394048,0.1111225660557224,0.04487216519975721
0.1015702613514721,0.12053804186158157,0.029182768262627248,0.05028715678264366,0.09861767662040018,0.15883214322126032,0.1146570772861509,0.11445143522510935,0.11752445574673921,0.0943389836420154
0.17620205233585284,0.08429999411510089,0.14504415937044404,0.151578713291306,0.007468681636139942,0.03210034404983798,0.18027553582938494,0.1282433229583202,0.0031271098111792903,0.09166008660243397
0.036496085509512236,0.16432752068315373,0.1545408650801219,0.009124656151828007,0.019571791732863754,0.11001654958994404,0.16729742532505432,0.12375972485837702,0.06973631754538145,0.14512906352376367
0.2237425383777914,0.13125359337748777,0.04579625451163851,0.10145704255815369,0.1342898432112075,0.07670853999154476,0.0094516324878009,0.08788164886962536,0.13157112677776045,0.057847779836989785
0.01275388293530199,0.14030030902803303,0.022979192334108254,0.1629973659156319,0.12954478850705486,0.17149485927688973,0.07431597355143636,0.16955109427275702,0.030260662594200627,0.08580187158458634
0.07897391727704563,0.17406118684681823,0.18229827560959858,0.061949191142441726,0.10521530870209982,0.0654221480781168,0.1737754945894983,0.05682335423156387,0.029545863205023917,0.0719352603177932
0.016924577711805704,0.053115574417582766,0.014086347567090273,0.01902329408941848,0.03370147965510184,0.28365950239182613,0.2956915680799616,0.013063267170816706,0.269861672991879,0.0008727159245174274
0.21193981087940922,0.06331614475700412,0.07846134086437319,0.1450071324657508,0.06438960790652516,0.16873378926295632,0.04588007952915866,0.1611527119012694,0.03602720537817866,0.025092177055374514
0.16663858406900361,0.017221379360423606,0.09352075847608014,0.06236666483980611,0.12896999713954388,0.12710513841376106,0.06705366743432044,0.16547861254505256,0.1587195179587958,0.01292567976321272
0.014736078589621506,0.00018655298114776008,0.12284922714389462,0.021038055712281272,0.17343574598087216,0.15372229587576988,0.21688592069463042,0.05404986007961373,0.018016843981569913,0.2250794189605988
0.045538307324508635,0.04080424377289062,0.12012610899760148,0.11990295810996902,0.10885738273987736,0.17743929732362876,0.0502685935934224,0.18930371319928888,0.12560733336773885,0.022152061571074067
0.16262249516231425,0.12363158052668244,0.039318991960735766,0.05689730736350183,0.025579431963412128,0.14856516361692998,0.056475378929121384,0.18098856275280992,0.09124247903348846,0.11467860869100374
0.16440843882563747,0.03953746237346363,0.03744650843735855,0.02104218120760666,0.08093266235033124,0.14483949701150578,0.09669577317518457,0.08119206873885172,0.13505053828820737,0.19885486959185297
0.12439403562800153,0.06247137292731938,0.01092077485487721,0.1503095312595839,0.055776474011174096,0.1623294213713938,0.1420382577159302,0.11821550918136998,0.0001524448134511226,0.17339217823689856
0.007093571049339258,0.147473422618581,0.03030280437573421,0.04365090718880974,0.19776729152100492,0.023030192787705846,0.20611115937026955,0.06206756784240133,0.0969276356993077,0.18557544754684643
0.11820185083237522,0.12673942511711817,0.012065491753999442,0.09341870332707239,0.043551539855881706,0.13051807167287638,0.07209854606816818,0.13940820507117707,0.13651818211054842,0.127479984190783
0.10291328718895758,0.12374355998456617,0.05829608544173638,0.08711755772688934,0.1724966512248404,0.009775572356964607,0.13303203922827572,0.11155385003973665,0.16001183719570464,0.0410595596123285
0.10803329824466192,0.08127262112229944,0.06959657883539395,0.04648321337645659,0.1644307650494401,0.10557923466866931,0.075440164447102,0.1507598569975229,0.15551814962650964,0.04288611763194418
0.15064541403136872,0.077269102913974,0.04731704702928766,0.004078241336323535,0.04574148790995978,0.20408157170985122,0.019122608687939347,0.12283480438617705,0.13544664010846183,0.1934630818866569
0.02140622730128772,0.15565500138610355,0.1377887612277189,0.10753303060367174,0.11407885121183761,0.09082509441688144,0.13998552583813084,0.07358562749216711,0.15450086395539714,0.004641016566803967
0.1696431333406779,0.06687519751070203,0.15105314099146563,0.031316035015209735,0.12736971993567142,0.12954990272479833,0.08487578875169448,0.03296147129835004,0.1524838038082944,0.053871806623136065
0.039761722390780324,0.15169290936717242,0.16580813829291532,0.10914023092792172,0.021018536590391917,0.15585559349788716,0.05315809025594074,0.1196024492793517,0.15365724629980695,0.030305083097831875
0.17768572672396132,0.10807008146192094,0.12548552632609092,0.003041836423306266,0.16764793043680748,0.04655637068813946,0.17453133662012224,0.13342212449317906,0.06000984719624101,0.003549219630231432
0.0847407579094099,0.0010784925363754652,0.14440070772384475,0.15257746810736428,0.16304230737335162,0.10880808868005434,0.09103676778622692,0.059481671383243194,0.07480344985978374,0.12003028864034593
0.07636163345764654,0.014345887289501251,0.0964138225205866,0.22150159990283544,0.07197126256335162,0.10308513677050439,0.13338743718850327,0.10615191191841404,0.17553711566058883,0.0012441927280681454
0.07224327798328256,0.02628119915261014,0.012716037641737824,0.12609573350460934,0.11192605160938744,0.13794435514325631,0.06383211094586115,0.1495686884025805,0.13051732784411327,0.16887521777256137
0.07577649126502878,0.007639915568415335,0.18101120813435295,0.17113496703322442,0.15287704493030196,0.033755951464033755,0.08581283885675747,0.10354094242134892,0.05375586837072967,0.13469477195580679
0.038519685368871175,0.13241659903919334,0.17814627463709307,0.06441619744142339,0.05969453305793345,0.09874193617575658,0.15546426967896382,0.13308356574655494,0.10641805826598151,0.03309888058822867
0.10346391015332897,0.10571639295508532,0.060044353201694316,0.015468605533956452,0.11270636329433224,0.082708661223725,0.18903448390595123,0.04323988988436358,0.17802170726588515,0.1095956325816777
0.16511102648711504,0.07682932658014352,0.014667499637135,0.0379675874474514,0.21675525694371564,0.19311221663083758,0.1421606854002635,0.08599324424450139,0.02480082645223255,0.042602330176604475
0.07350935600958489,0.07403480104062166,0.017779173198391913,0.00188636121336545,0.1624965968111995,0.17110059025362145,0.07138681531904749,0.21584024838507426,0.08738261456176197,0.12458344320733149
0.07734052454492503,0.17516321117071051,0.06706407315492462,0.09293517762273275,0.035008787964101826,0.07323800271910032,0.01575941414166587,0.16354377988879676,0.14678092367846987,0.15316610511457243
0.17280467574842545,0.1233830175495601,0.18905244537318003,0.016226041065062712,0.0842433668430491,0.0475265254015174,0.047891335703833485,0.13714119104671846,0.07823612778711093,0.1034952734815424
0.1325337561485466,0.02669026778575827,0.030844497046627024,0.10811869806854005,0.10517651892594623,0.12487373781356981,0.10889768486432941,0.13267379347770433,0.1374658232214357,0.0927252226475425
0.0002837672390602225,0.0378731494286508,0.21445186288336904,0.19283304431865028,0.1027782427241679,0.06389396110242257,0.13720498718117646,0.1359946298307194,0.09835062030390604,0.016335734987877302
0.12048784138835272,0.16307757175967874,0.12267404031718984,0.10010249970546738,0.12926710517256482,0.12159233272305192,0.09070787421543117,0.09098844696420351,0.038123879448278074,0.022978408305781843
0.11708852132783415,0.04140149059841181,0.1579112024718064,0.09706359813943248,0.17290073627669778,0.04969479135830319,0.09998904100052655,0.05823106200700368,0.02365255291658301,0.1820670039034009
0.1222167962896983,0.13288332286575663,0.07805034119583458,0.0122573224393542,0.11949874153337844,0.058499123478952635,0.1074910475800109,0.0928693516088374,0.1686764627655306,0.1075574902426464
0.0033123998418015596,0.02600025567359544,0.07093704203362441,0.16214343066570291,0.17453382978249482,0.08726700110923587,0.1475692802260369,0.06674282677434595,0.08483043593095735,0.17666349796220476
0.051825686658627385,0.12910943173621925,0.10849109480210398,0.08942339108826816,0.08873374283507919,0.11824893742616979,0.10562223015244429,0.06471272402458984,0.1052286612600676,0.13860410001643042
0.057323101184187625,0.15107209377702366,0.17004112579405972,0.014844989736305096,0.19255385537271605,0.007434391747170986,0.17409447254912558,0.05103810286787693,0.15064105134069386,0.030956815630840493
0.09867171486306806,0.06697058355718256,0.1384909609506508,0.16375380112917842,0.10623503501453596,0.03295233367053055,0.1101786945703292,0.0996318986106234,0.13077415703307715,0.05234082060082394
0.0787095987565152,0.1756617222068075,0.04756007993646842,0.18430189974095032,0.16685894349859967,0.1488721222488074,0.00330471619749738,0.10493909361660463,0.038447269321664354,0.05134455447608518
0.20297242599873275,0.04267728314876493,0.09651703127301453,0.04684457753054222,0.10732414730301153,0.05316435884503277,0.006940286837520618,0.10884723666819952,0.13263778582553443,0.20207486656964666
0.1088735126138034,0.1550135649312412,0.036318399429617745,0.12097472395828252,0.11913984798646897,0.17938754425120965,0.050862921682103115,0.020982858753455534,0.03476066710238295,0.17368595929143518
0.0626466139683964,0.10379604468073926,0.23270215521319168,0.184054320557553,0.06194629142287703,0.24593959146793312,0.030457552531010186,0.034204289978219,0.032033888993941335,0.01221925118613892
0.08698021010204968,0.15123510554906552,0.09017717437187388,0.056549956997424725,0.05991054942050967,0.06321702357646364,0.11869041761455754,0.0601885758926036,0.15651065248318027,0.15654033399227152
0.10027228544321759,0.17795708333788368,0.01581980997765092,0.15479452556243473,0.14599826813246103,0.10279162245141796,0.06338523983308159,0.07527571364088179,0.11111940512250099,0.05258604649846969
0.005781809213477593,0.03106791375350779,0.1660741036812901,0.04870176391047799,0.05634082953078307,0.15876045543683343,0.17242547129379857,0.17846796810614127,0.04930383501708212,0.13307585005660807
0.08508697197277929,0.11768389698127794,0.03523648528416138,0.034443749100604965,0.19982141737124526,0.05441269863457592,0.1557193599017036,0.16165492114576918,0.14129169687561588,0.01464880273226643
0.08938873846465899,0.04903437290628314,0.1779413397936085,0.1974534637849031,0.01824269560115845,0.1279064338689696,0.1420486063241068,0.09367321599160307,0.0306834290601355,0.073627704204573
0.036470889156441776,0.1060275000177278,0.08430619840629772,0.1099570645236132,0.004849734279236257,0.06282552758635832,0.17412641253542474,0.18917774712351074,0.10294462662241555,0.12931429974897382
0.16431028683927612,0.06669164084847075,0.03898961727928527,0.21214355316299463,0.011507331376381285,0.03237307062874346,0.11882530131860805,0.13731843186360693,0.19287835896145222,0.024962407721181242
0.14858535229919834,0.12219138619477092,0.04872439076686014,0.1687233749051614,0.07873575764406313,0.03457801633133355,0.07864421506698466,0.04092189188322299,0.12894306581154555,0.14995254909685937
0.17742600965720826,0.05704357387893453,0.16074716355225696,0.12037484066689223,0.014004878449930331,0.06604895040507529,0.08686944646988613,0.1856836397612054,0.022479517493367702,0.10932197966524322
0.08159525586062012,0.15152480074365388,0.012622339397487508,0.06105652788280041,0.15563300170218383,0.06552742201149725,0.1333050599764102,0.15177105517975767,0.08961738379849005,0.09734715344709903
0.06137265994914536,0.07530610822732976,0.033834775409797506,0.10456527230211246,0.0603262230788053,0.2385086452531565,0.05268979539368857,0.09733134389361722,0.18697949165849273,0.08908568483385453
0.10936368295230228,0.05952277638277148,0.12419665404700622,0.19823914549153432,0.0970401153729713,0.12220002088216216,0.08583772742994675,0.05795443894432304,0.038275928000723054,0.1073695104962594
0.14926768632900306,0.11361476189856994,0.06603315177290031,0.050201437945747295,0.12126416113190741,0.06863665983416142,0.14449140808925426,0.047192034193293514,0.17169315355061687,0.067605545254546
0.1823453290836555,0.036618030670342014,0.17367655212069086,0.1256282779883459,0.0031806061187585805,0.05542350039475274,0.011796256531214688,0.17178743327207832,0.06601049191869073,0.17353352190147056
0.18015562324297524,0.04507597462929849,0.09290963513957805,0.06828726154953225,0.06380300053425643,0.06634079058590689,0.09902709463913349,0.09520659102419383,0.13529127267136654,0.15390275598375885
0.053865977428032154,0.017189840957492902,0.2192549410396226,0.0007759201082994488,0.05471897621535252,0.3158560368087408,0.035551230061670325,0.0010260137396128676,0.15133964757928742,0.15042141606188894
0.07880076822373579,0.13079362430161112,0.15080548413245518,0.11653618343385821,0.11023490625571027,0.12422180891494909,0.12436466160862311,0.025835259847025956,0.06586009816173169,0.07254720512029962
0.028845231562356556,0.06107379655482495,0.17487711300439987,0.20041676546690404,0.15836468833961362,0.07903177151988379,0.0995476273084405,0.05610863974971347,0.08808967916900008,0.05364468732486299
0.1819668250097122,0.046999822272110095,0.14293737572849013,0.05557135253553077,0.002849008872849935,0.22645859336522467,0.08225094193651512,0.044580296204003014,0.055945075888403285,0.1604407081871608
0.004576203152056248,0.0009892941531462196,0.09110536550127496,0.17176220650401824,0.07725414965625457,0.1114051349477281,0.0019146212142749784,0.184231812463596,0.20344071352618928,0.15332049888146151
0.01475520861757486,0.15834816973563548,0.2139701838747284,0.09876164429799252,0.005215388160583047,0.027886096141097404,0.14316952457359633,0.201313128768194,0.02595247054351737,0.11062818528708063
0.03444813406124764,0.1928206398291702,0.03724350070992724,0.11410752423545015,0.19612523874702398,0.11231125969452437,0.18417329304553803,0.11467770471869713,0.011878944902702292,0.002213760055718923
0.03298606926652824,0.19538835557040518,0.0002189357226253464,0.1452098182319861,0.026474085063372736,0.1615487298112334,0.08415244831707162,0.09013867557319379,0.11939733502681886,0.14448554741676473
0.06100647156764233,0.16460741668128767,0.05093775581074728,0.08183800135103099,0.14716211445739383,0.16122470786089685,0.05984167985089143,0.0782885167199608,0.1750095975707475,0.02008373812940138
0.1048153275304398,0.12359442363693428,0.12302838142006954,0.043967815289806644,0.13317189458886197,0.04173600306193331,0.10709182859678536,0.14502567514721293,0.13478650173464754,0.04278214899330865
0.0839319988469456,0.1842036209344415,0.08460970146866326,0.14056373144823298,0.09032693973420809,0.014426782933017421,0.012428064867660025,0.08826187331249101,0.10724909595946719,0.19399819049487296
0.02180621809645483,0.06340401209015707,0.1043450472416553,0.11332323292498922,0.09941387890711832,0.14867770639778033,0.1345128301370899,0.0577857576547411,0.11703832108343531,0.13969299546657868
0.09747194872538917,0.18251958202742355,0.0087144957881928,0.03390708771100961,0.1949603572626982,0.1727049032348572,0.1626592290304287,0.041724154840689545,0.040219799477790266,0.06511844190152104
0.22049392678001828,0.0957082278533731,0.20176138300077834,0.03482853190606697,0.03812247518719196,0.09861781767619278,0.1869508240067655,0.005670786103157992,0.02579904272901829,0.09204698475743671
0.13928037980931063,0.00022283684880082834,0.16545470615496646,0.03093433555293738,0.07704106677733959,0.12782195710679858,0.1605638608998545,0.12200474891496817,0.153912070932749,0.022764037002274928
0.19842168089106,0.20034627458164814,0.07491385509684542,0.09689629914444572,0.00712551774919278,0.11310044033943432,0.04610230170209473,0.09742566560839419,0.023251438138662175,0.14241652674822244
0.13837927400152475,0.12849551728984726,0.01337327844504298,0.05755956194698835,0.08397037643444653,0.08854759261338872,0.15634614665522525,0.14268990525886457,0.115246586067914,0.07539176128675756
0.18319328420200987,0.19632348854749526,0.020010694768043062,0.19218726407606093,0.09105235879846144,0.013331013158444316,0.059150400803360544,0.16598114325686641,0.04413393367494239,0.034636418714315706
0.0015083035671199054,0.1480088053146515,0.10450555411441885,0.1433866616336819,0.04964568309408917,0.0951443115778762,0.15861549323637814,0.19040551471805753,0.08266901737037294,0.026110655373353824
0.1765350578931051,0.034786687475933185,0.1422865446629019,0.017086253812970277,0.13938792729110383,0.09787979460217186,0.05842247693029296,0.18031298653951924,0.043793450290175825,0.10950882050182581
0.11543484909944778,0.040907447733076495,0.07346662840259162,0.1615375133098702,0.15159890333870485,0.07076610715902983,0.15857640677266718,0.06157233557741701,0.04012065019189489,0.12601915841530026
0.04403078580552579,0.14941992114909197,0.09942462148826826,0.1596319316604089,0.12294009725641161,0.07973899118682208,0.038937753457195357,0.12236126350602611,0.04751935338615493,0.13599528110409498
0.06349649976849543,0.16138062093458697,0.08540926599066566,0.15400161529590964,0.09513674268730173,0.1485953567869583,0.07889800273091639,0.12647523785068263,0.03365404832946592,0.052952609625017376
0.11009992380049625,0.14379517758551466,0.007991657662537992,0.14849516815753408,0.14679711552593597,0.08074643434700268,0.0435516148672872,0.17826592994502885,0.0287726864453079,0.11148429166335434
0.11635896010013476,0.1294758974312544,0.00499310672673932,0.14163234647353473,0.12393190299493226,0.09775224436033958,0.049352940861224374,0.09929439283288799,0.12146622822809931,0.11574197999085327
0.011870168530389283,0.23147684704423374,0.011722777866607978,0.02926333217991349,0.05158310239385216,0.153042145630784,0.21857432159998005,0.025118628517089014,0.18922148666542588,0.07812718957172438
0.038228840866597245,0.12076086645458027,0.15584651523405282,0.022304334182930218,0.10457941737154412,0.12398154303933638,0.03336421540622249,0.1213834391153543,0.1177920641385619,0.16175876419082033
0.1514635053541142,0.01776983836315767,0.041990078658998474,0.20880416253017048,0.12482038095526897,0.10522847060268332,0.037753934555645075,0.1773777307707557,0.09049816279632326,0.04429373541288293
0.1427764039760127,0.007173592068202442,0.014633692196816716,0.13176328928265377,0.16241215225929467,0.06907246886739793,0.1308168227462274,0.07866646550187938,0.12731561309430034,0.1353695000072147
0.21049090507618534,0.22389191961728394,0.0372444414855156,0.06244692929224479,0.075114737895029,0.18349191158427375,0.037068626630614915,0.015468714569495707,0.08589240155021674,0.06888941229914004
0.06001748602447476,0.15182862588243165,0.055668689689647166,0.02280107691365356,0.16284678647692766,0.11314274797422269,0.18493770064378073,0.1613521558690198,0.013520659983783108,0.07388407054205887
0.1464911054076136,0.0651990410750491,0.009052454141352105,0.11287750430572681,0.1330031916919893,0.1090826719410868,0.0005100948563045484,0.09009715900754842,0.16761286356683922,0.16607391400649016
0.0028324552044159436,0.17538813350121704,0.14539658945332717,0.030879153037981708,0.135975146660467,0.04078735525069397,0.06121089201852479,0.13819096111182005,0.11290685917119657,0.15643245459035576
0.07171372099148408,0.20171070984861716,0.2249351802673086,0.02305071381956838,0.029103729868335003,0.06218934735807432,0.07571090905647224,0.1136935858154709,0.017453242895034915,0.18043886007963458
0.15185933468299811,0.03684100200606848,0.020193691028469934,0.1472245390987609,0.04199391633707794,0.15479088027887278,0.16013087828962785,0.14456218769126822,0.1302305932678701,0.012172977318985699
0.04650270290373484,0.05471417611470339,0.09409562380995407,0.14189001542684287,0.1320280845623368,0.1380633689368919,0.04076940266167654,0.16518707131704372,0.08910405020910854,0.09764550405770717
0.22531156723285975,0.03247624719271623,0.139811579867674,0.12175478134397301,0.01478250391570185,0.025352808802309463,0.17644578014359785,0.056398773292058405,0.1346499879866491,0.0730159702224603
0.06205025509757283,0.12820459624074385,0.1272304077161575,0.16178083163666734,0.1502590798208894,0.07090213757261657,0.04451138085414204,0.07911357198710613,0.12917713973350745,0.046770599340596894
0.18764588820553663,0.09390509055091516,0.10406513156521316,0.19265837209270303,0.148305578011409,0.08889930322818373,0.07297133886888162,0.06370926282425204,0.015711648148847887,0.03212838650405771
0.10415854870919557,0.0705154865325656,0.10972236476266324,0.12454583895771075,0.07641408693346899,0.05902402711900113,0.043270724726797626,0.1321293341284395,0.12470131703845969,0.15551827109169788
0.043797449316411205,0.07796012847514075,0.10367951279375603,0.08342901891703221,0.1631659850489327,0.10384203338413801,0.1477503759947236,0.043903859043138795,0.16946535215956104,0.06300628486716546
0.13951568156154262,0.21521644033790502,0.020450062963517496,0.1276350161633032,0.10100414839565466,0.029122357523811673,0.15526614836669494,0.003483672087139691,0.08927142366285369,0.11903504893757703
0.05518805669062858,0.10696006624897185,0.08300163318119985,0.14906602563808535,0.14526199647563753,0.0621570847063703,0.1230300484229646,0.06668821672693831,0.05170835965427815,0.15693851225492547
0.08478473306953505,0.04540729468644743,0.14928064151067705,0.08087062069704132,0.10060841874268227,0.0532301415169485,0.1090997731639618,0.07598723161808282,0.13092589003951435,0.1698052549551094
0.0703504066474273,0.005818602124781138,0.16392298693500545,0.05986932956506567,0.02524085204949746,0.16720652343394832,0.028345156990341493,0.17432675972246292,0.13314262340332808,0.17177675912814225
0.12114283127943296,0.23069941080033474,0.06443888150597411,0.17947518604175572,0.03070964666131571,0.03302625862190177,0.0034899679372056456,0.21407755675818974,0.06922435781993672,0.05371590257395293
0.033011680519950515,0.09542085287402577,0.10172671705586793,0.14112275397633392,0.09827953878503702,0.0246293966038432,0.18964599397467655,0.09030787061342985,0.06451808658580328,0.16133710901103204
0.10390033904413906,0.15980203299601486,0.14151367593106273,0.11714528260391507,0.04955249125704801,0.05163581864575442,0.04041380354104323,0.14667340665873732,0.12928174213892807,0.060081407183357236
0.13408617510183787,0.21888688210246987,0.0013929082031383273,0.11407213051957193,0.0842173281006811,0.12943568844553538,0.1914362854183378,0.025796249719894183,0.035146915225273676,0.06552943716325975
0.07890903821986094,0.1631623499962523,0.14949900435394925,0.026466499456533454,0.16300706532888162,0.09737327447196228,0.06227643815560946,0.07434056044397666,0.11405363717623584,0.07091213239673837
0.010906006512355734,0.039228621489407374,0.11263936087482929,0.12426088607664913,0.12233440133251705,0.15369365292582515,0.07440521951984401,0.05960920777435803,0.14073913460495477,0.1621835088892596
0.033178047546348406,0.14421864530265346,0.11603238543728778,0.1709539221136618,0.11973203039239039,0.030450852769466855,0.03846324312643639,0.12899603317918612,0.03125756050603777,0.1867172796265311
0.06000066613496077,0.022262570243323173,0.05729488887962194,0.1871947095589153,0.10736767035878224,0.012714739092204292,0.10848395967251055,0.1644052801429221,0.21047331539034025,0.06980220052641939
0.041621875356952595,0.05019663423918043,0.0634608857040851,0.1430724264398817,0.22273135777106387,0.011530772428643116,0.02244637612292001,0.18586488800688677,0.13372265905112535,0.12535212487926115
0.13346598801058596,0.02276801262346788,0.19096818618545375,0.09874309206023985,0.1741230138744424,0.04804208317427864,0.014336242109487387,0.08143198319922103,0.13734302504469925,0.09877837371812391
0.08231756999457603,0.02864674504532909,0.04324576139988376,0.1697741328016904,0.08181882094585119,0.10209047562265865,0.03559331621581709,0.22255652135192075,0.10272936711917076,0.13122728950310225
0.01356092994212007,0.19383585774014303,0.05095924534128406,0.1006711323694927,0.20841856858709482,0.019716502402057873,0.01297902051227351,0.22696412257142545,0.06655894763601489,0.10633567289809366
0.08132736998489792,0.1222364719676534,0.11851100853417772,0.17392866882619132,0.08122012991564277,0.03619344465009392,0.016651617844933634,0.1189929738293511,0.12280714783902494,0.12813116660803317
0.07671309836082599,0.05076292651428743,0.07841102246986498,0.0166973035684019,0.1429957159427404,0.0917522043445821,0.19249467553126418,0.1207825847661501,0.13011123020558496,0.09927923829629798
0.0006320070405697512,0.0353550473482316,0.17231614160977649,0.05786817188547644,0.10985977520041419,0.014082140127355118,0.10556195768387178,0.21701915014015266,0.05127807462630138,0.23602753433785062
0.1618063606660013,0.10134342782725253,0.033478477125981954,0.037505664384223265,0.10659523559987279,0.12886982393192392,0.13650695541876054,0.16246628258998225,0.07069512540015108,0.060732647055850526
0.07013876762471477,0.013732983073432981,0.06611557749563798,0.16423263185702802,0.1661078898160788,0.05780327314914593,0.05959881646336269,0.12101200625586934,0.12469551050930518,0.15656254375542425
0.04820617189010727,0.08820713049902501,0.004477127825975491,0.22455695937418474,0.13968254539216546,0.012022023755864355,0.21465620840926386,0.04612899278965815,0.19823953650847032,0.023823303555285384
0.010766340789885776,0.009746418930910316,0.01061376037360421,0.4314581245837541,0.028519970808619424,0.06373641334864635,0.14740350847377734,0.0710048304427196,0.032515813796937916,0.1942348184511451
0.023344686871993064,0.16075981571021206,0.0917489221523704,0.17934332759702762,0.06653697475590377,0.15722613724004328,0.08559387161872478,0.11609270350102971,0.07552413772901152,0.043829422823683545
0.053973870309370196,0.17584011148648826,0.1708824226116826,0.09545604466139852,0.06212483265454655,0.1839442115541156,0.008912870400587322,0.04797391585673525,0.09085671104655803,0.11003500941851767
0.23412827790949625,0.016292629871529914,0.060562713705295125,0.19589892997057703,0.038009494643741336,0.07248247393093708,0.12179214596610222,0.09537757146701653,0.005405885454199272,0.1600498770811053
0.13996141390756528,0.08571435331870442,0.06303246982558816,0.17820242792867266,0.18965449091501937,0.11012499319104727,0.02787805333164105,0.17259261993596978,0.031888047345191774,0.0009511303006000928
0.1260928431889391,0.14404684853347324,0.034364333385042856,0.1456781234280692,0.1662549037217061,0.08691232453983348,0.09863133719022084,0.0943293925554355,0.10053383859117566,0.0031560548661039235
0.15951726498399793,0.17532925999101495,0.10945031989047654,0.032744233882460796,0.03672122685178952,0.20521486564752334,0.0008921927278825206,0.07609499113323742,0.06773159579044682,0.13630404910117017
0.13841615893299958,0.05005011528115942,0.06549685203596915,0.1241219270129981,0.019150598715597576,0.07894379757420075,0.14481328175007419,0.13347972179685447,0.08627204506067848,0.1592555018394683
0.07423669220464034,0.12082781175593522,0.19723291668034879,0.02994575762409624,0.08346165809648864,0.009978881584185376,0.14464371139440999,0.15518690565709942,0.038899368561420775,0.14558629644137522
0.11078172024753172,0.18558795019300994,0.061136852973454586,0.036761653918534296,0.05520858859914978,0.08182588244243348,0.19478759837725582,0.0812726868593669,0.15001571020699905,0.04262135618226417
0.11877571056868645,0.031532901468932895,0.17545482714495994,0.038011287409895046,0.04964589960680472,0.10205416537654154,0.18499696457040654,0.07537157866916402,0.10102095887837795,0.12313570630623087
0.1167680676959138,0.15278884623020744,0.06531510599784253,0.09536148560207965,0.022264005727266573,0.17446280469916023,0.10701408006445455,0.12041702563880222,0.1324023295278821,0.013206248816390672
0.09667216970942792,0.12363641748808683,0.14465865917839243,0.13708973039632397,0.11962568945068776,0.06920837030511086,0.14366637383336578,0.028992944292621992,0.09726647981919208,0.039183165526790346
0.11256994291585662,0.07494579414514037,0.18666388062425812,0.05008635447278386,0.04775172272176574,0.157153600109549,0.09921102734408954,0.16595375800747847,0.10566158367474428,2.3359843338686073e-06
0.13538629878136368,0.14239438731063,0.1508716834923396,0.02336110868538007,0.05253866285764285,0.07644313030861993,0.13283721293054904,0.11005887747569748,0.07154651001674517,0.10456212814103207
0.02258897435421197,0.06428551096140292,0.06941803774258093,0.17728774807341927,0.02773976184161225,0.034612704860720406,0.12407084668466614,0.18451908552333235,0.14677403585827944,0.14870329409977442
0.21852811495147004,0.22246760924848055,0.14405426292372972,0.007224402672804759,0.02629404822958982,0.05234569370015386,0.009866691336061087,0.16794319564780552,0.07871932449277079,0.07255665679713387
0.04516593412964924,0.09689795329323396,0.14957687792586083,0.005602019456703226,0.20681316510715028,0.13831147042958247,0.08526876211042822,0.17398434492334064,0.0926440287290789,0.005735443894972207
0.15464959748726984,0.1653181128194459,0.03594765281457398,0.10645820086097137,0.05322419469406286,0.14641598550001422,0.08086453819469945,0.034664281656264825,0.21201902547312942,0.010438410499568111
0.13819180288553837,0.10468308558773122,0.08147825147371585,0.11432962013975469,0.11753633521664178,0.006591986132084696,0.04742058965709172,0.13877632727454337,0.11126734514644045,0.13972465648645785
