i = 0,i = 1,i = 2,i = 3,i = 4,i = 5,i = 6,i = 7,i = 8,i = 9
0.16783505585120206,0.07819117887301509,0.07855345605768084,0.043726946306745784,0.1271250546358763,0.17062193732177086,0.05965051008144693,0.04828338753884047,0.17227766049038634,0.053734812843035336
0.1655577825696777,0.030809623253823692,0.06147929913106004,0.23902571059529687,0.03954550011916692,0.06167131802520915,0.08851219930994574,0.18295094580254992,0.0563301589780639,0.0741174622152062
0.1220535602353903,0.1708823045083611,0.09707736531715407,0.060559962978075324,0.0008870821123176253,0.11831798854596315,0.09448783975069593,0.054644857733867895,0.16832221709342912,0.11276682172474545
0.20944060181629207,0.21463527758701095,0.1092635300668715,0.017652124527678323,0.03989199511869613,0.0874957615274758,0.15952393754510613,0.005832580701022531,0.027340091542020436,0.12892409956782608
0.07362087479306084,0.17023782909012483,0.09184799379126983,0.1387394786247522,0.08217910031570272,0.10619083876285762,0.013132312898717528,0.11726252781797275,0.02119535683962301,0.18559368706591875
0.09151253391174917,0.13103809811733438,0.07459396314412822,0.05578271644835556,0.12373690559117696,0.1574138235102886,0.12509393807535255,0.110347105812259,0.05587656463981791,0.07460435074953756
0.17785055398388133,0.017390104477337385,0.10848442082623232,0.18178046328265463,0.009172705329482876,0.01752220579286935,0.1327998410760325,0.1615579716457875,0.0833826823324964,0.11005905125322574
0.09941426821313729,0.04309577417910698,0.18644498179324998,0.0854448143457896,0.04955268428121099,0.1995233852020154,0.030903093172932897,0.08143973633783491,0.1743866173750456,0.04979464509967633
0.1597122250085593,0.27250184856155385,0.006686459157958887,0.0630507537659049,0.019140487484053347,0.1738806485526955,0.08707889545624962,0.057311353804613226,0.03134249958413891,0.12929482862427236
0.05823945980886562,0.09979432817919823,0.1294970578121853,0.11094195870925776,0.17432858468011656,0.10111365328155873,0.11728642532213186,0.04203841267173753,0.12535540952863322,0.04140471000631504
0.14584271350456735,0.043267734805198035,0.19045552206489186,0.02498296118151675,0.16693855277233072,0.10912109679464557,0.126736917189347,0.03541386590860114,0.04893674032467922,0.10830389545422231
0.21568343335454174,0.014329090652099145,0.17917730774220808,0.02962226866855852,0.14795181743898025,0.04426595162161318,0.12619905711823945,0.0018820928676633315,0.1027029800600944,0.1381860004760019
0.11456340001280298,0.09201704259191347,0.10762120570705504,0.03824779177752352,0.07724316602281356,0.14999616624339096,0.15627623273419783,0.05779125951523168,0.059854546735943495,0.1463891886591275
0.1264840007972596,0.11558605121998786,0.13306833240543467,0.02726086152181707,0.12543090256756032,0.03521557911065063,0.1330824974293581,0.14395374661728363,0.1387875802544595,0.021130448076188628
0.02834387618361291,0.07618592578871784,0.0670606353727084,0.13078529970937833,0.06986121513741511,0.009365717453297296,0.14738357797208976,0.12473075735788705,0.13497225110334302,0.21131074392155036
0.0030864134948712253,0.18950128632474209,0.03478882652366572,0.16198625092246322,0.1645098518957824,0.10956302875386591,0.1793519703491119,0.010524827849753097,0.07712509821966342,0.06956244566608105
0.04756350467905514,0.14199449612666581,0.048939290292565975,0.06748322670225156,0.034189599286194375,0.1288933646076108,0.19964411451787353,0.22173302889779523,0.08742690500362793,0.02213246988635967
0.021595329662505283,0.10343840930385381,0.17085596444889872,0.0616318318304978,0.13877767268039462,0.14185529346386022,0.0574979118709245,0.1564969298776952,0.031280224083862614,0.1165704327775074
0.07825822297123966,0.056117042898842576,0.04234544219429114,0.21729394719941617,0.03999810287320934,0.17214787661474257,0.10611226368657926,0.013322957509901782,0.2013671582220868,0.07303698582969055
0.13024522850524697,0.05888598040887789,0.1328968187597362,0.14328688221450814,0.049895115919768855,0.1217582770513285,0.03165522432035545,0.0570384767585938,0.09546677811840294,0.1788712179431813
0.09062392757020853,0.09066560607563401,0.037622068340306604,0.14182508156896897,0.13458943674625976,0.1235874853877534,0.11385354363569936,0.080749000361382,0.0883754348272969,0.09810841548649041
0.09578867367455483,0.09627613231252097,0.12987168346714473,0.0429691040968898,0.03567900484452509,0.18923984595531143,0.1456584483213465,0.02396535997866076,0.1667267158024664,0.07382503154657948
0.03414022501330238,0.19557996467042835,0.02352510238447555,0.12956490301821913,0.13319458102159273,0.1996510403022716,0.06310228889337004,0.12252553565613415,0.017906138518866677,0.08081022052133935
0.12914944257642608,0.13478298778148234,0.08425583221339053,0.015490059693301536,0.15921266950642907,0.04523651134518405,0.16643928161551108,0.11267865594419581,0.060829552876080425,0.09192500644799907
0.18481595612579083,0.004024063225028314,0.0021739187022269263,0.11243800490044942,0.00539650853514849,0.2048478930174045,0.0712209877851161,0.04700147594775754,0.07734188607434102,0.29073930568673684
0.05143103735799251,0.07565591357697993,0.06377226884499966,0.03040928472154817,0.07224285897453518,0.07008092935567378,0.1728719468632448,0.18524991665708665,0.16502737820236715,0.11325846544557196
0.09256958101626735,0.11168969716932754,0.06311919975547141,0.1411008296614481,0.021865036044391866,0.06791755245076947,0.07000597182161523,0.17345531415025778,0.11315857023792629,0.145118247692525
0.13952980813213325,0.036889215365367704,0.18109184722491062,0.03163070483860051,0.08859017337570473,0.06732952850269855,0.09656288383111492,0.0381393941297207,0.17610671109452333,0.14412973350522565
0.050094025380009295,0.10807368248845366,0.09626254286836175,0.2002480264603075,0.1305145957101771,0.07455077555982448,0.02038934907992651,0.1760455472730247,0.04979353567775142,0.09402791950216347
0.0010268855057637047,0.2067376347117793,0.10731171348904667,0.17154450667969504,0.09286817249198363,0.012528248133589544,0.10926238506820006,0.03867658480516934,0.1748032304031711,0.08524063871160155
0.11291697676129492,0.007607592644252297,0.0622243325426283,0.06999932398490981,0.2167999728595169,0.030064463546097975,0.1445173147301248,0.2015453883104984,0.07503710597175658,0.07928752864892004
0.12058354634772969,0.09138067349070894,0.03880455895346993,0.13319821827552505,0.13829487002732346,0.20762193612531057,0.1287329177525883,0.0028733044570267503,0.030208863896463226,0.10830111067385416
0.09818855323317316,0.16581322611448465,0.027228583688707328,0.09164415524692493,0.09674114225680204,0.07611909779969422,0.16616218457310034,0.1053329859513283,0.08786614614902878,0.08490392498675621
0.06727352281002573,0.1819716667208751,0.03133551049589061,0.07345117219691484,0.06530486444683681,0.04667813837102135,0.219956085010117,0.14464002369843748,0.0697291769364097,0.09965983931347135
0.13398404891298057,0.09937641467810227,0.018210255428029804,0.011276650301569125,0.18697010799445987,0.10556033125444905,0.11978598824893322,0.09134847754100081,0.16117017184564386,0.07231755379483147
0.08289217020778285,0.07513791051859899,0.03327461460000053,0.17131339488521594,0.10599234143441567,0.1361702654542128,0.08429768614961962,0.03601635460547182,0.04303763449009066,0.2318676276545911
0.07121078569593246,0.26791278116165035,0.019501249456167435,0.11038785211624605,0.0022166498659805097,0.14729461829136178,0.11807339470891155,0.050170184548665606,0.1459529001966138,0.06727958395847049
0.17359920966902403,0.1789503786391626,0.18903275704261066,0.08163388007130579,0.04329050113826088,0.03316930078567859,0.15542193507593235,0.0868299683926823,0.04831986570895964,0.009752203476383307
0.02175058299018232,0.1483707428509417,0.10010772831932421,0.09410278457564475,0.04006693690184483,0.11712919847589355,0.14571743139807555,0.0728450445181001,0.1331142505594725,0.12679529941052062
0.15309748054353928,0.02864082923244924,0.16476162663260407,0.16152208961937167,0.10152214520928,0.0025943675927994183,0.1739173556447982,0.10957607835783105,0.008719693376543027,0.09564833379078395
0.0780167543193892,0.12678702009015835,0.12238563329094419,0.13880496657598346,0.04657505393562485,0.06364642465284231,0.004953449762294905,0.13458469881153826,0.11505539783957627,0.1691906007216482
0.10660518844291023,0.09624275815591693,0.09106129875333177,0.05219295951121122,0.11384984285248839,0.12241331687475854,0.15556326846409843,0.061969332047589996,0.07794225888979932,0.12215977600789525
0.06146098114880603,0.1217621467079486,0.16982315069650813,0.10887295714846429,0.1262215592730329,0.05868513672910898,0.11726581873429803,0.049421688102776,0.0837386466089149,0.10274791485014209
0.15340607860970587,0.00913599104306241,0.1125557307808032,0.001158405066272561,0.14094585660446451,0.10391970537163707,0.12482996594883104,0.04815417409531635,0.16779418531071266,0.13809990716919426
0.0890906350833434,0.08643455102671808,0.027791660583436368,0.07050870425328751,0.09064086773271937,0.1506895735029057,0.18043278130637452,0.1382230151749372,0.14919823515774444,0.016989976178533282
0.08507543616613451,0.07519612724742034,0.14092259067316598,0.07351928319212668,0.03599737905956441,0.15149506380232367,0.06225987958401722,0.17865423661448043,0.1743496302678881,0.022530373392878562
0.13139058907249956,0.12454524270813874,0.12189815273322444,0.07419651028315175,0.17404477809061245,0.05611777893487261,0.02620977194214827,0.019767515013511438,0.0947609357431709,0.17706872547866984
0.004599919008929019,0.10488939312924049,0.18092486501041158,0.08051449346114029,0.027126503741568407,0.11218328717123317,0.14647169069373914,0.13914015947033814,0.12786341798896475,0.07628627032443502
0.15526399609429062,0.07185718345517776,0.0388568977617641,0.16437714637605388,0.06116564784436221,0.1024141896716009,0.17008814277130554,0.03194315722658243,0.1653902354932046,0.038643403305658006
0.07824308811837105,0.09204664198987546,0.15427873959685687,0.09713642889674833,0.07845954292322058,0.14675534988261987,0.16976758333251074,0.031729317439149536,0.0444904906321894,0.10709281718845803
0.1152569658201365,0.12800980132486964,0.06896256031245018,0.0968840700105326,0.13354786186643666,0.0767349435824855,0.14357387927135026,0.0743761700081533,0.11094803503093344,0.05170571277265175
0.16772132951001575,0.17270257530253091,0.0813256892538889,0.18338952294850702,0.11496670993362933,0.09911755179971991,0.0031797965808900417,0.04304712057047257,0.08167745425447225,0.05287224984587324
0.0257920445030798,0.09462408679521638,0.15341640144379462,0.020381833416709533,0.14692523548450714,0.12839834241045736,0.11954594534920286,0.03695544926733825,0.1537284060415289,0.12023225528816507
0.05030275694096229,0.06125053159536145,0.15286213069806995,0.13891989255367193,0.11347236766880582,0.08347990522568682,0.16385609943822574,0.02911715079707139,0.04997668669402235,0.15676247838812218
0.08104011379047739,0.13166286129047594,0.15475331668616218,0.08067076356841836,0.02740925999489025,0.12395648499084908,0.10224343752472721,0.029239583207307344,0.15667945562768362,0.11234472331900844
0.22176792488762853,0.15270436050459696,0.04270769633734409,0.05057219223911085,0.22999319853077277,0.1256026002535982,0.03955484453582028,0.07954353253772375,0.051989726172647625,0.005563924000756815
0.015207817893389163,0.0799735139277418,0.09271950598834966,0.1932152734939825,0.09826291554561503,0.18139489775309262,0.12375184182723464,0.14016009691724216,0.040972943999640084,0.03434119265371228
0.04398480303133521,0.0753652701870341,0.11350891890575406,0.1475413399674287,0.039249483395040384,0.20404841020262646,0.08775287732922037,0.15406729037672587,0.11505124885798451,0.019430357746850514
0.2134446695165653,0.18023354350641935,0.046909609244453074,0.057095169344936,0.03613662973553674,0.0755516992895693,0.1611411427536879,0.03302826353147009,0.024693259687749953,0.17176601338961228
0.09936242586220631,0.07558933469580822,0.011548720733194465,0.14691436561532822,0.017811739924543688,0.17524384977397633,0.12660087495163985,0.12901734723626648,0.060101209739996185,0.1578101314670402
0.07573677438970577,0.15830065477247157,0.14113269086692834,0.12475974831955344,0.04953781575649685,0.12726613420942026,0.1555346766716394,0.011495048318747718,0.06558417527651388,0.09065228141852286
0.05325768707734777,0.1232656115034798,0.1078382747164325,0.16479649302491864,0.16069641598282391,0.04898944750777239,0.17266299563987014,0.022670559860569785,0.08887982582893396,0.056942688857851184
0.12092681795971114,0.17284745022301576,0.10973818645725884,0.07349649401024515,0.06129604993115473,0.08333566787216848,0.13104568976340347,0.04940247398049184,0.011996818724031128,0.18591435107851936
0.12049330275397643,0.03268629958139092,0.14436241220444015,0.002459801995949316,0.04223527243654331,0.13546222720620404,0.1409082707804339,0.10762665986486832,0.16834361424873306,0.10542213892746052
0.030907652864706505,0.15162203875100705,0.13853592674486875,0.11351503143424833,0.03435696255460651,0.10504082707371913,0.11321499599198012,0.16973211903161095,0.01103635728973572,0.13203808826351673
0.06563849774927477,0.10613092903849619,0.17573612147426748,0.14785858389332548,0.01028876801457069,0.08904452547224567,0.16980090807705375,0.06400909389909148,0.0934947072714427,0.07799786511023192
0.17856905739017212,0.030811795599673442,0.041246172089457155,0.1269362708463888,0.20749187270999792,0.04868649183986977,0.14267753276047268,0.06686769519318464,0.01226085023959402,0.14445226133118927
0.0972888239127295,0.04209623766643705,0.16152385590152188,0.09236238178107069,0.024962088684504252,0.10485632335086903,0.12436889023918223,0.19159663701062887,0.017266451003097826,0.14367831044995868
0.12490826794593349,0.05394533640485635,0.18111444983330313,0.15743079875752733,0.19117028042925738,0.12327961552331546,0.06493804983699418,0.012971117613311947,0.007145812587999521,0.08309627106750116
0.032333789540669754,0.17659885005686934,0.17965883031998564,0.057195553017120995,0.0292886253568061,0.0100519152329358,0.08854360611920127,0.12772572518461794,0.15504487633271496,0.14355822883907818
0.04537076731376749,0.04007637389135792,0.0710280425672956,0.08428681354833972,0.10029261868961825,0.0022780728290762815,0.23244699225210974,0.2485344537373829,0.07560838436073586,0.10007748081031625
0.08791117510561866,0.15975143150386353,0.004614272048594755,0.0203790467488918,0.06523787455969089,0.17513046544863017,0.08477075569151876,0.1499964718785742,0.1517897865354992,0.100418720479118
0.1646554018547758,0.06336587954567788,0.09089605263808527,0.010646252116477434,0.10733220184756294,0.0653766611064055,0.07954224691018365,0.1703935942111031,0.10719715572303337,0.1405945540466952
0.10387714573843713,0.06241420262481862,0.11595208990710906,0.22175038999481816,0.15198754010512802,0.031278453872467527,0.00714600778165939,0.1982900064905451,0.0846944105467414,0.022609752938275635
0.13654193998174932,0.035175966025037184,0.13417856049845453,0.0313222380492936,0.1285651855664941,0.07818470616437781,0.025690824913882627,0.15329813599469042,0.1464687973382494,0.1305736454677712
0.06863149269469802,0.055100783743166806,0.13583965913771798,0.12005831248177438,0.09649805236525245,0.13977757926913237,0.12255167363299097,0.0598520258110095,0.10404955771193146,0.09764086315232616
0.16733947153851317,0.02902462742033096,0.08024419493995752,0.1020960573051985,0.09234009832412125,0.12191614648651075,0.04947128923841549,0.14453870389256818,0.040376464013455654,0.17265294684092836
0.106988861292263,0.01691283569237934,0.07694443735414215,0.09739370575082462,0.03596113676892307,0.12724443000275495,0.16728938884721964,0.07312767897078556,0.22611162602861787,0.07202589929208976
0.008652206687060755,0.04857946904227417,0.10253198340210215,0.035063291934820655,0.1906708131808451,0.18273307591330418,0.07739361567106673,0.05380994318673025,0.12233147781654949,0.17823412316524656
0.1461969384086575,0.12507026304843705,0.17681414250115163,0.13025444166211209,0.11897177216315681,0.09905034953734451,0.10216043810726132,0.04746999644956906,0.04653392366446662,0.007477734457843465
0.08001956815586046,0.07809427712076711,0.02814468652081451,0.011322306419411064,0.22160703176543417,0.2110960031515109,0.08224724308817309,0.08005438309182838,0.14130529189403299,0.06610920879216739
0.052695228940211114,0.03253492665572345,0.12625977303286046,0.10619414068947658,0.021638780555998424,0.16815693918660976,0.029533809514508003,0.12070178949991811,0.16697703899831126,0.17530757292638294
0.18654873669208938,0.15841310956214225,0.023547416085980558,0.08541295610791652,0.0011718178589852856,0.039305855918266935,0.2006619486637946,0.13424594538345547,0.12100959015413401,0.049682623573234955
0.08335269825174088,0.16730859228292724,0.17929927731879416,0.026030465238504052,0.01316681535587347,0.060579988987190844,0.027895180102494997,0.11503080902826726,0.12955302611400038,0.19778314732020671
0.14232710212416147,0.0895548409093182,0.07348053771007915,0.07344131490722161,0.16599917101265332,0.16456411850853425,0.02839932961424162,0.0004605692634102204,0.14899771524733357,0.11277530070304673
0.11411639109199255,0.09775806467337422,0.015295472525817928,0.16298751438049408,0.11461744536250475,0.1642874530244826,0.11784502977378244,0.04721797483550566,0.08806358601155183,0.07781106832049381
0.18701108105195172,0.0905819476640926,0.19843432560342414,0.024058320472988278,0.00702217479136992,0.2209432102513622,0.025907747153365496,0.10721027858682344,0.07985611110700594,0.05897480331761624
0.12599312846728597,0.06941165112033999,0.1109745213773162,0.07087477437407365,0.10761763633034127,0.12715956456491861,0.10870271651761468,0.07676153960677042,0.13728786552169867,0.0652166021196405
0.11304273931638831,0.01935726917223337,0.12092570984541215,0.13873622247570122,0.03832191586198946,0.07347591375906591,0.08222199700719143,0.126305158106732,0.16974243621713067,0.11787063823815533
0.1591136587142473,0.014162811533424375,0.04958341812779605,0.15819886110286313,0.002898173176393881,0.14284619950050514,0.12236166706295228,0.10553680420607904,0.10160631985798893,0.14369208671774986
0.056317386668306685,0.15794028698316728,0.04956237011011947,0.1020109540034426,0.11943968136001555,0.0473638509140869,0.17915046259670928,0.02260664406698649,0.10656207421496404,0.1590462890822018
0.014862133316335343,0.14171538315598403,0.12591167390801652,0.0872967677891786,0.1153368809508109,0.11489741718006442,0.08992518420150025,0.14880186391855402,0.08905267867805707,0.07220001690149887
0.010982147824355326,0.1077486134006313,0.04690759429429718,0.26599364990617835,0.1862124892885797,0.07977089713476103,0.1543530797378237,0.08371662894149513,0.030056118287925097,0.034258781183953264
0.06681150437934791,0.11339383621227699,0.13982202095877908,0.1221315180672092,0.04786222212098204,0.13473740173213591,0.10175398813451253,0.12019294816072663,0.06800304219616846,0.08529151803786117
0.010505200992635912,0.15593983881018286,0.16221075208117286,0.10685638799981843,0.001016368706954388,0.006575194364484262,0.2210704145263061,0.09840232011910924,0.07169032291488137,0.16573319948445464
0.011829905332310606,0.20507509625280199,0.1553179019215101,0.04132644441953887,0.017063847106231874,0.19707927811927645,0.12500146641395704,0.026924670076204936,0.12591647682650314,0.09446491353166502
0.08099504123324824,0.0915961636474282,0.12016849154533486,0.07150323453033874,0.028561777034994282,0.06640653850507469,0.10119288683614457,0.08711260899278259,0.20440442350152502,0.1480588341731287
0.08414396115871982,0.2032233586390092,0.17548282624419614,0.01307820357059466,0.1660418268425169,0.10924072323804124,0.13305057642207907,0.03164040911526556,0.07343198206325464,0.01066613270632286
0.09571248689618696,0.11479389496185248,0.16352183044287766,0.1654330921739492,0.03875195113878261,0.133435176630468,0.06098932038952516,0.035448105849529336,0.04517738754191545,0.14673675397491312
0.14185120241607344,0.11933680615189375,0.1510777167070326,0.08779246406098971,0.08485782679790181,0.157940196902443,0.06084832155895255,0.01199403017695405,0.03260293525070126,0.1516984999770578
0.10663526097629546,0.060450656434686834,0.1562398511728231,0.20391060146472614,0.09080105505288633,0.029694663262681373,0.16797569175499313,0.023792276538038615,0.0002833582795635667,0.1602165850633054
0.12550755942866426,0.1954416563315583,0.005250916645391697,0.05931165941110262,0.1381288927829374,0.01278184825669158,0.21828787977339467,0.19214650744635225,0.007424477912571769,0.04571860201133525
0.04865162796360377,0.17536682453655605,0.1847472318060242,0.0034480387948913425,0.10925387600790784,0.008088645711987093,0.10469781859154313,0.2025005879566732,0.14050853862017953,0.022736810010633893
0.1403168436080128,0.025598586550171522,0.1660042144570183,0.12060836769805776,0.006314994490828751,0.0027839536352432226,0.23387628146196582,0.16535717291215843,0.06505641477475978,0.07408317041178362
0.1851945520931387,0.014478473168602133,0.17642334708211294,0.18641785170022204,0.019603188528373113,0.16444758461981243,0.0016556819451423914,0.18425581480262893,0.007010153589597795,0.060513352470369375
0.03869322064769391,0.14158138975670137,0.015640179313563176,0.15663129636231862,0.12087190857951266,0.16605948015838035,0.20824459261053369,0.11744609072344891,0.028499160229037257,0.0063326816188099735
0.10725055386185466,0.18397864183809207,0.022604955413550645,0.0909167633856788,0.14012142555279447,0.07016769542616656,0.01186956560517528,0.18167009892248157,0.16042522487630861,0.030995075117897286
0.13967094507486263,0.1562335360127327,0.06914049457393298,0.14245548414267167,0.010946726973627788,0.09191852513973331,0.009509231577692815,0.10336555862233669,0.07702074810400923,0.19973874977840014
0.12300917333465597,0.0012338458685666718,0.1573007184503092,0.15603742586730773,0.1205542816984472,0.09617913192476588,0.08664880139732983,0.08225312064997718,0.06592054675803363,0.11086295405060681
0.1347618732120861,0.15733358155716184,0.1176807412149385,0.1636715319771222,0.007731578710956009,0.045998926982523246,0.16905898660970634,0.059910875073076054,0.10154284250578821,0.042309062156641465
0.07604195250155248,0.16327756681225167,0.050991513697642404,0.11276766561751438,0.046870063561367074,0.12355319924365288,0.11939732949934519,0.17591085732344544,0.11568051460449978,0.015509337138728952
0.1045930512885755,0.02297720526150465,0.215812592687632,0.04438836359143743,0.04879781831347847,0.046427694306021304,0.12100386022868714,0.05067926264227221,0.1814767614888348,0.1638433901915565
0.12313848573471518,0.17918484506319782,0.06200575424759421,0.1734300867192103,0.04884077753602559,0.08018870940361658,0.036582046642234654,0.1694893919411684,0.03994774467854536,0.08719215803369185
0.05408001861777927,0.1169757161528134,0.21373474256893304,0.1056923887649456,0.011903231526849158,0.2108560179429313,0.0012448840971494826,0.09671949770871925,0.033207895163333175,0.15558560745654634
0.0955603875549938,0.03503745677052367,0.09731460610854482,0.18219725090182265,0.1830073726622551,0.0883875915895091,0.1462943895767993,0.08157853261771573,0.07114172574413326,0.019480686473702425
0.05063353069345286,0.10591031779678536,0.13061380023201308,0.08639807509955759,0.09037129564261326,0.07300518563489858,0.14662071167456328,0.15567253980617343,0.06601203553343536,0.0947625078865072
0.08039387994794658,0.10675604883974592,0.058372750576209415,0.13208629704846642,0.1416247163100524,0.014199284522047474,0.12508993568309143,0.14430923510273838,0.06860649752508419,0.12856135444461775
0.08822598081777906,0.01761377387891715,0.10468745696861895,0.04926201821882547,0.038845950058265605,0.20626413127204207,0.07570438087462987,0.21021496123840555,0.05803855408387831,0.1511427925886379
0.12304166263709983,0.1338224034805901,0.18425061080404934,0.17691495912335709,0.026241534391967802,0.009265635452986499,0.05414743326523091,0.0789038068788383,0.07954024611178419,0.13387170785409608
0.20090915434044276,0.18698394144618385,0.004577255649168529,0.06588204030930458,0.13875556901139,0.18109551387104902,0.0802911362617964,0.028499892007763872,0.08807860456802392,0.024926892534877145
0.09801332047601119,0.08833687048477841,0.1253373205707933,0.12807440241805843,0.08817821567464558,0.12128107611336365,0.00039535086044562777,0.1304499653635474,0.12111690841199474,0.0988165696263616
0.10029448520744717,0.11941129918663773,0.025177939257839538,0.06269618036271474,0.17341040628911503,0.05232081441073795,0.051096928226493525,0.184475349088424,0.08903104645155427,0.1420855515190359
0.08251876524954828,0.03886170550344729,0.19449422163523117,0.11502479530127735,0.18835849923574505,0.1522979854297997,0.012060667658066284,0.037310984373060886,0.12318493103419201,0.055887444579632156
0.01567367904452908,0.12404651257505184,0.1007267333542796,0.0858630791529665,0.06321896172726353,0.16230662191443437,0.0773174748086974,0.13423294381461484,0.04500701772899367,0.19160697587916914
0.1707196223951742,0.06431735086022425,0.05841243067451931,0.10263704915809668,0.1893712481320718,0.049080063325970126,0.11514072281708898,0.0734206936466206,0.01007984696515486,0.166820972025079
0.1658727376075098,0.0744113267955223,0.07084740812995287,0.06765337947952196,0.14935142929788475,0.01734372739265622,0.12279881588080589,0.007952645337193157,0.1515284906739757,0.17224003940497723
0.18363970227068452,0.14497031094982907,0.012891876930282415,0.07245174100689639,0.1773702014016298,0.19270795351277412,0.041429752650282176,0.08908720390074862,0.024557310244760596,0.06089394713211237
0.04924875491320898,0.20344272666305266,0.16436245927996096,0.17717211926007745,0.20713592448158685,0.0031430598062106244,0.00754725281594241,0.007097067901553114,0.10727651292389781,0.07357412195450917
0.13252513768900978,0.14376746004297417,0.06603012954782526,0.09946852943069566,0.04476439802494831,0.14404742338711157,0.14815770909349174,0.050483972842030406,0.06657157030131793,0.1041836696405953
0.13479281783029984,0.08582945494048874,0.1637931704110635,0.05439497917882973,0.1761640479540894,0.039522791668818835,0.04785267587139781,0.086380253644412,0.09710024936297505,0.11416955913762496
0.03398577262136318,0.05729683861922382,0.04108001603950005,0.053543297613044334,0.062412500162451236,0.13426625404321,0.13982823438662784,0.19282985785771387,0.1189090750300996,0.16584815362676608
0.037313365054321444,0.12128721436741663,0.10473030812940212,0.14432669585678473,0.12576685608790403,0.16442384879809174,0.06045519503750284,0.1218174624934297,0.013232371336328855,0.10664668283881798
0.01999056575186418,0.12733678800164527,0.09679366213000741,0.2251966096957309,0.024203338181367304,0.03969948709207981,0.1943790344925826,0.07207399591107787,0.07707616392774606,0.12325035481589856
0.009543252534476169,0.01219090202762697,0.12743643072808036,0.08212345263826519,0.07352843844000469,0.17512952480385507,0.09420056323252374,0.12790433498308335,0.19594609385090725,0.1019970067611773
0.16245095975497736,0.003987361549608564,0.06736830562748906,0.07903366317209037,0.17158874060694493,0.10118309592845184,0.04939816882720832,0.13526563981170633,0.13090525169419207,0.09881881302733116
0.10165283943874716,0.1252861778123236,0.052284601136932764,0.08798132114800554,0.11277440093064167,0.05931184493388614,0.059580993524612,0.08820100688770216,0.11091031132580488,0.20201650286134407
0.17571850330402553,0.10346296927356251,0.003720724855732629,0.152310213459816,0.022603050019571008,0.10842454717243581,0.07973184355654289,0.05534099478072188,0.15431451842073404,0.14437263515685766
0.054022344877608215,0.011727681024281617,0.12161467756426117,0.13472913285292734,0.20232211374753495,0.20968537247586494,0.0963141131679535,0.1017382951125133,0.0615217432480928,0.006324525928962076
0.16202646682546826,0.03771714841968031,0.007125998854485631,0.1685293845587199,0.13743984469914208,0.1679749726338565,0.09498143335971598,0.08826842490270602,0.0801529727551085,0.05578335299111678
0.015050506087506793,0.17728689223961283,0.05073197298808847,0.13463955971633074,0.19824254527682844,0.17339805557734858,0.060450060452539055,0.03503226334286348,0.14627689181531436,0.008891252503567244
0.03428944609186214,0.11003943994022398,0.123264093565992,0.04205235147410079,0.06294284907787148,0.0027629062191245734,0.07846947254616227,0.21678092995192536,0.26818407092004615,0.06121444021269126
0.05700548943957175,0.06672978387419908,0.05435992583365188,0.08109687190171538,0.05171523139491216,0.1375973392691513,0.1414200573938825,0.1020802413850182,0.1682758052382907,0.13971925426960713
0.04761074405839102,0.03961168158939481,0.0518694999919615,0.010331545977488442,0.14168893572406593,0.07128124909135222,0.04384999169461852,0.1289585262395852,0.26240563564668967,0.20239218998645264
0.15546409140089432,0.05936037968635472,0.20195618348890393,0.008184412224381338,0.160099406011705,0.0846882724031287,0.1281613581926529,0.030284275257886174,0.07097436512785367,0.10082725620623928
0.050075365146127065,0.12227213099201992,0.11178713559598827,0.07022607337030601,0.10653236641424331,0.1421582265329291,0.07556774387282389,0.031528702203055266,0.14496274658414282,0.14488950928836442
0.18863727906128874,0.030716571706351767,0.005149280729551384,0.09263743994579111,0.13841640386481535,0.03295252059348273,0.07632580921922759,0.16401467912915493,0.08125917400516601,0.18989084174517032
0.03276105913094675,0.011454887322682092,0.2465097532460771,0.05330133368620574,0.04125871247348749,0.10912800201949538,0.07048153936695464,0.20420607148678493,0.22897426919107633,0.0019243720762895738
0.012884729395914746,0.02433822119586924,0.1784770718469554,0.08893199925332822,0.11550673007365563,0.25775448323309375,0.28513789635655473,0.010846280391548183,0.012798814670504158,0.013323773582575832
0.16995232210136696,0.1570220804491802,0.050925096014377974,0.17466150631956345,0.1469350610380959,0.030073957386054104,0.0004881361963502555,0.011676133098949075,0.057840945983159454,0.20042476141290264
0.051680164906847736,0.02798415971509279,0.09787097287062746,0.11959804036135918,0.09890554173905665,0.16897328745683463,0.1598766166547381,0.08865574567898384,0.12055435580473241,0.06590111481172733
0.09642511205501048,0.12752386219528006,0.12166403599796982,0.03769488555593504,0.0969916081177279,0.15273023719315992,0.11996562191220833,0.14965590312850488,0.0005539648257351869,0.09679476901846833
0.02519623304718033,0.1156865190970142,0.155220186547397,0.13603725029411876,0.0993451301145916,0.07604350473894325,0.15668540363601755,0.17759593014067895,0.05036778804911881,0.007822054334939658
0.09717468987606609,0.11594358135225548,0.06156326991192245,0.13071278825164231,0.16229272149604126,0.1401273179481896,0.019492273442294625,0.08861109951919105,0.12194087699849299,0.06214138120390415
0.10692162100914036,0.09687578233537326,0.15628522557239677,0.11071136424494377,0.04426643902469914,0.12394892026384734,0.11642625604285461,0.08621611248455158,0.03513383426767214,0.1232144447545211
0.13558691452893104,0.14073497337079807,0.08866368161333052,0.07554654479027839,0.14928830040222058,0.13056495047442596,0.12776139219424926,0.0037472322381044442,0.025632206118993386,0.12247380426866845
0.16450341886084172,0.10150228036955995,0.1410387219889519,0.0523348027077495,0.035033767362849445,0.10688453637082994,0.08878477148129707,0.04922039211293868,0.13624556300978538,0.1244517457351963
0.12734141946087707,0.06914643074968235,0.09045630107172754,0.09635493388918807,0.09846382046931698,0.10074737873896217,0.1094163918546466,0.1244516921522431,0.06303624374335498,0.12058538787000102
0.05960604396072708,0.08322870607163022,0.09740805575825275,0.13911314958247673,0.12376034783315616,0.10765029351132299,0.13773258658228682,0.08358135282589135,0.04569116678702777,0.12222829708722814
0.1549611481433444,0.18567507024589625,0.022109479078056517,0.1098314112213449,0.021043324147729584,0.1272109105826029,0.057333004964979145,0.056414877317314274,0.08518176574942661,0.18023900854930539
0.035246931148321926,0.0861474055318137,0.048221689738791644,0.20092533560321596,0.06642409018662544,0.1835880268498771,0.18742783986683909,0.004659256607728559,0.08361295022045301,0.10374647424633357
0.10235267265415275,0.09412276140992644,0.13294921850676628,0.08436235819913558,0.004260726445515199,0.07441261293089571,0.1537109511627699,0.1444038004605099,0.0755293639146822,0.1338955343156461
0.09676658387959117,0.1839733098616289,0.02682140451132064,0.057655893381245785,0.0152337736585032,0.16278966241807213,0.08239708298815511,0.1876124913762308,0.02185923204641202,0.16489056587884032
0.09207895657373302,0.2007407769722007,0.0029608786241496067,0.13802478578095273,0.03143142655839995,0.19263470071916414,0.1405685131973922,0.08660566597860864,0.10097492302558608,0.013979372569812881
0.10052720395980959,0.06000789792210367,0.1599781970504071,0.07268700121719283,0.05989417110687607,0.0685152058655055,0.15309589378044008,0.07806526472206111,0.11659390172307448,0.1306352626525297
0.16043673987153917,0.154416700985301,0.02507845016560505,0.04532798713945182,0.02975074624668181,0.15238423999190678,0.15012504387146944,0.04418718873754271,0.10285610252138051,0.1354368004691214
0.09768611361538512,0.14696324924589954,0.1101171357141437,0.02170947564466697,0.1151797043311167,0.1444489364664349,0.15968603435054746,0.04309479610446719,0.14563654839938414,0.01547800612795436
0.10075229610594343,0.11442152453848924,0.08725942670729238,0.13327460611923592,0.054299403201588825,0.017171508929849953,0.05232939054432668,0.15255072965354735,0.14123302463544996,0.1467080895642762
0.14525683727059321,0.09349504419502014,0.055512927240452,0.0579027842436684,0.1334428424992226,0.1676354546204911,0.031195997174169668,0.09598250056617558,0.08676368571304273,0.1328119264771646
0.09365846538124013,0.1756238154492888,0.1043764495857684,0.08264757499780262,0.08126711551634005,0.17285848878244067,0.0067144903508738595,0.021522640704822137,0.07773550383656218,0.1835954553948611
0.144736165957979,0.0932741307978895,0.09924337444328389,0.006055797490089678,0.03029950370178842,0.12025343718552152,0.11050018011132853,0.18673664567876988,0.153218678487053,0.05568208614629656
0.04706802172434588,0.26562311533482574,0.18266406139146119,0.05078882244735109,0.043493766842232745,0.15117324724729397,0.13133667765288565,0.0047786400580158974,0.06874483081907315,0.05432881648251481
0.22077368475238132,0.04239908177816379,0.13766223666100005,0.21688710981156684,0.06558315327062791,0.09397535659046347,0.007773863049470051,0.09419403476978518,0.0690538346648999,0.051697644651641526
0.11138995261943012,0.10722742497896191,0.11173878593236498,0.03947732072999592,0.14353246910430728,0.021210089041642913,0.12475500576130696,0.1446449734233391,0.08399295424463106,0.11203102416401994
0.1216928103252556,0.0894620332734832,0.03489715874246172,0.08357894608348138,0.01363892214944421,0.14865642868699241,0.12230301122346558,0.09642309332783369,0.14635237447219812,0.14299522171538426
0.23046327332394032,0.019672004352427955,0.0718002616425515,0.026860170892892304,0.08031130553510049,0.04367298263324514,0.2146950503704606,0.10545485652467258,0.16796597975274624,0.03910411497196294
0.10776009034641049,0.1018689073322514,0.04631885771797432,0.0002729325198860014,0.2110801258082773,0.10807697268939584,0.08122781316636088,0.09418490229553778,0.15051756411860984,0.09869183400529612
0.08715780295270494,0.05358583269777525,0.13573033540204085,0.19273603047320434,0.07750911991524469,0.14037289351784837,0.19367551448453754,0.029640930549343265,0.0755698216304132,0.014021718376887446
0.16176463249409864,0.044045967705593575,0.13486617256512937,0.05309303817051977,0.011139102545155,0.11287266790571412,0.046908774716648574,0.08160958457226165,0.174902184454667,0.17879787487021231
0.07464066268231224,0.052958276101024264,0.18802263702804925,0.14104684564020722,0.10147252700556433,0.09060680428103055,0.06451683687637838,0.08820651411773481,0.1777068888157099,0.0208220074519891
0.11857414978709509,0.06325409762741517,0.19540036680296058,0.1244243491475322,0.007120119544264564,0.17295406280071948,0.014219151977298061,0.09934012615669416,0.09730796173215836,0.10740561442386244
0.1318867823461746,0.1245302176916389,0.08207134812576548,0.06574928836934163,0.08422587868246001,0.16039211492840946,0.09756526749028747,0.14829471707942873,0.0584347502421943,0.046849635044299315
0.01837438450907403,0.15344295634478233,0.18652121285338877,0.0564245066827123,0.058231386705981374,0.08960341037482553,0.09277597318213475,0.1551086902386378,0.010444243095699563,0.1790732360127637
0.09295080759960266,0.06393580178191619,0.14393882083501705,0.04089982364724099,0.16856645816429414,0.009354561677097015,0.09699712003670444,0.06590440966976087,0.21885917876652394,0.09859301782184267
0.13697201695807382,0.17688979840043556,0.08715655768060934,0.14502839665174175,0.01581541886040309,0.16224343864710494,0.06374929054142987,0.11061221084584602,0.024308734254034976,0.07722413716032046
0.1482607816601008,0.14545591613105832,0.045427443559562374,0.11915482295397485,0.08903211690535448,0.027014812293657875,0.09409544807882328,0.12209937572267056,0.13097401092053274,0.07848527177426487
0.062033450898845474,0.12177048212230698,0.14442222084467524,0.052738898500951654,0.11961405714432469,0.21642539056039906,0.0081849527612049,0.018531223946974252,0.17535601022841985,0.08092331299189785
0.05972368078104188,0.1607729866558413,0.11367503351348521,0.06879124161762419,0.07229337614981332,0.08582890981610782,0.18114508067519167,0.15560707546688243,0.08470133703881065,0.017461278285201432
0.18405595205211364,0.04980805201888186,0.13838871110900663,0.11394714195922087,0.20725946376503185,0.059890172940437365,0.11461309548348751,0.0407124712285059,0.05260066154147932,0.03872427790183507
0.11325965085275783,0.12944026144679077,0.11057861427454552,0.07673792678678618,0.007568414998926409,0.10417370015062805,0.136996367963724,0.11191272895451913,0.13892271620682767,0.07040961836449447
0.16255996418973237,0.0784859161687359,0.06536218372297423,0.0642359013850202,0.06446280214154132,0.060549102793078166,0.15552904586467203,0.08448204625365852,0.09063168575975548,0.17370135172083187
0.0554120501526477,0.1889681666348529,0.0681033944873482,0.24778421903920717,0.05110219679883311,0.027307820959409937,0.07299616088364955,0.0571633591969652,0.2198763158592103,0.011286315987875854
0.03118198654550832,0.0950410006321907,0.12499361722918269,0.16487479428682117,0.14680990268811528,0.08040678782894518,0.0734219623470284,0.05621426688718943,0.0835919405390726,0.14346374101594608
0.11183524779218508,0.032155189379641805,0.10386497748541959,0.10639429800195832,0.05514272158166251,0.12784788580029008,0.08883602354249065,0.09475021460900544,0.16241820249485323,0.11675523931249321
0.002377391797735601,0.09793308640887556,0.00626108577538509,0.10941943036189243,0.09555819876046834,0.11488214456991301,0.09973265509591157,0.13466388186290498,0.20045160433392067,0.13872052103299268
0.12822831530866843,0.05167484467453777,0.1567210673256985,0.15209684968189383,0.04501045208516971,0.11431245934115834,0.07370240227033538,0.14415163939850784,0.019451054254035285,0.11465091565999497
0.10576120198098993,0.12137914129744466,0.13629239538090906,0.08578910137397174,0.08643886185701093,0.135504260310436,0.10010769508288232,0.012971747458294939,0.05608435274708455,0.15967124251097578
0.13292533218021133,0.131530969087596,0.10274779229731508,0.06618126392224405,0.0690304089316432,0.14925421566559666,0.10418354503120204,0.0947891366844354,0.11241117213094902,0.03694616406880727
0.007560311893765378,0.06108450843315065,0.0917462710211695,0.035335808228395306,0.15968292688999275,0.18381914276584133,0.22064775716243776,0.10526949547397535,0.03483215072571243,0.10002162740555957
0.055540136671839366,0.21602842462907274,0.11179944237057522,0.008665789026373012,0.15289277944367385,0.2068545603972914,0.15303850170952848,0.03735288346233459,0.05392824432671581,0.0038992379625956515
