i = 0,i = 1,i = 2,i = 3,i = 4,i = 5,i = 6,i = 7,i = 8,i = 9
0.04068256593264552,0.0567703738542863,0.17191312008882267,0.16832034660735823,0.017366405829081596,0.09652844617170844,0.14423200842539596,0.07357263172932685,0.09309154391774616,0.1375225574436282
0.09180945335830051,0.2646073207744186,0.016393856556859394,0.018532731872185276,0.07611043679010568,0.047314652379823005,0.014098832109944826,0.1843715037013038,0.03383617961525037,0.25292503284180845
0.1337759242083894,0.005195549262524185,0.004047368482992097,0.14754497570716454,0.169163535016159,0.09265391020761868,0.02639763184880543,0.1227249765439962,0.12168086776035224,0.17681526096199832
0.10967214797701776,0.0687412822846528,0.09455390354996682,0.14849698588933533,0.10535270182171626,0.0019044890140457065,0.1047065471342178,0.116798224830906,0.12044861154817209,0.12932510594996952
0.19170967084728918,0.04267209569566927,0.03333895251102595,0.03942855605676468,0.04351460863358145,0.15183251438589068,0.1003175485596961,0.21424106671288898,0.09526451909897661,0.087680467498217
0.1729964774899892,0.12816856285662914,0.04458662961899064,0.1687613623895664,0.06803389733619529,0.10205446755731307,0.0165318331734222,0.004127061154533534,0.1875068677333953,0.10723284068996536
0.059467633072919614,0.1801878643449055,0.17168668754338984,0.0811917583716796,0.009417967927091151,0.09090438756261032,0.08729129803207225,0.06711245047359553,0.18519001961004442,0.06754993306169164
0.01592655669910231,0.1607035264672164,0.07089421193706329,0.004540177980262768,0.09057668263124163,0.17242315041061135,0.06276664383574652,0.1192385211664247,0.13934308842246668,0.1635874404498643
0.04590735846158976,0.07232198834451334,0.04998261662377255,0.08119196936446667,0.017397172724604348,0.21739650880421377,0.18088509603768269,0.18000833824169993,0.07493846602018056,0.07997048537727636
0.003705750055791805,0.0538952907032862,0.17560200841323556,0.08990759801952226,0.0008955000893249308,0.1486095716054456,0.1560887770995254,0.14484137984497802,0.12159891750265485,0.10485520666623536
0.13169087130612786,0.1658805502278055,0.1077778774228378,0.0927016878638709,0.010305400912752023,0.1658803936227128,0.026074845365900594,0.06535858242665227,0.15398897058567176,0.0803408202656685
0.09723185630043454,0.09455461093988751,0.04527167768052448,0.02897494155759832,0.23027302328901417,0.15027966214429817,0.15042841457757866,0.11717468354765158,0.05952210427209634,0.026289025690916346
0.13906741207530374,0.015206807044317518,0.018889884313915657,0.10078375588384349,0.19017753910511703,0.03318854066381288,0.15749921677206563,0.12362659885770189,0.11290496438520915,0.10865528089871299
0.05108290145133634,0.02078355616042984,0.14701504702425264,0.13002468391938396,0.17906171798030113,0.08015147317411027,0.09124003957053589,0.03393351873338294,0.16759653025929935,0.09911053172696774
0.10623001389593449,0.0057687696515827105,0.1093785153578671,0.05651161488156593,0.13884079595594317,0.13783761860780125,0.019049198653917007,0.14504472242561373,0.16928293867578245,0.11205581189399214
0.19940867311686902,0.008892565964534135,0.04241542389100361,0.22711118413029252,0.033317387303063904,0.1417320027233063,0.09217388019625314,0.011450292524391293,0.025440518069142267,0.21805807208114392
0.12191510210826219,0.16240304126601462,0.011630262583812029,0.14541025877493377,0.0372336234247885,0.1254910156884579,0.18298887437620615,0.15843518576877028,0.0269347382516574,0.027557897757097306
0.10924649675519808,0.16969734695146957,0.07547756029177317,0.06444600822306609,0.16821920521025305,0.095981807937188,0.042238447378550426,0.04754107005116351,0.15957661697082262,0.06757544023051537
0.177621066862975,0.15011337132624747,0.02537777119199847,0.02548540392316543,0.04444526364558971,0.21158088737389463,0.01197636421420713,0.1050432475512551,0.21658075681164818,0.03177586709901887
0.15692141472448692,0.047944751817657415,0.13618954306022862,0.06658711819717196,0.20652836506940817,0.09247253797231925,0.17695799643308807,0.047518685915869864,0.045516120292874634,0.02336346651689503
0.09828143727719178,0.10347850960982241,0.013222206320511316,0.12366948387058953,0.11916882777682787,0.15841055242728444,0.02964062271370186,0.18301784823584233,0.14976282295726107,0.0213476888109673
0.11546565650729798,0.08434538124539673,0.12018005908738257,0.11630632272819261,0.17656113591025827,0.05880116342358588,0.061009398222734025,0.18384162218594402,0.07239130862358245,0.011097952065625452
0.24614400341333437,0.05290845953826891,0.24145623467376345,0.01718014400635565,0.21624667377668771,0.022116830323651766,0.03424715177460256,0.0951710310403445,0.04759972989543247,0.026929741557558635
0.07651748473809301,0.16078301720513244,0.17725214986232932,0.22615388945627815,0.001510716217724144,0.02042014712097493,0.04567595298372844,0.09716124349446582,0.0210739442156948,0.173451454705579
0.14647115230292804,0.18165394962779471,0.05762404780761711,0.012456059732576089,0.016544520174270223,0.0980607724986555,0.1669423981489342,0.12545452959613385,0.18484582003002445,0.009946750081065806
0.12318386187595863,0.20340512730461482,0.20107554806356312,0.08430517031418303,0.02306863404213149,0.08635508653948631,0.02325255756984885,0.029109102281526716,0.055475778107373724,0.17076913390131337
0.019893002089571392,0.1280973382990775,0.10211245359105126,0.04025210489608969,0.1221847558826729,0.026397319567810128,0.1935157966006993,0.08079660954967681,0.13830144222980706,0.14844917729354407
0.11230666455437881,0.017709533529782665,0.044963279840444376,0.21856744596627195,0.13792008979016177,0.029397927438057712,0.02243766120502562,0.09155828951928027,0.11642337679030687,0.20871573136628987
0.27192405873149633,0.03524196739628199,0.012191318042048677,0.055615534400334565,0.11277593603532637,0.0035906959678008808,0.07812353135868316,0.21642625067819102,0.1345447291567249,0.07956597823311219
0.04931187000386528,0.13798449206677416,0.042758723370235105,0.05471771796101,0.24998099904796992,0.17262436889317911,0.13019383845082888,0.022097120114092192,0.03479318144577568,0.10553768864626983
0.09642240778138955,0.0852124009208338,0.13831971273413785,0.13768811902682118,0.06579536164760566,0.10527893933360596,0.103478549216479,0.14246100079173604,0.0701214507978325,0.05522205774955835
0.1006267311002377,0.20502313541829612,0.11883309490885062,0.15964406468475154,0.021058428357974168,0.15549773141463108,0.04227792635449523,0.03941296471482703,0.1042500564698968,0.05337586657603963
0.03298359027414529,0.09246899389386586,0.08462396064764759,0.005495197974755015,0.12162241799535614,0.1361030711836127,0.09797928696135988,0.11018223923424965,0.1508724698486927,0.16766877198631536
0.08888969586586955,0.110898328666014,0.042167272672502414,0.1396034851890282,0.04208730038378134,0.1440516683425634,0.12284883681534493,0.08337144906484288,0.09315054492994533,0.132931418070108
0.04078918136829865,0.20816913048698896,0.20986075364310114,0.08383234337919554,0.027347564683109348,0.09592151214556187,0.02993318048387458,0.028094635694707954,0.1614482512618182,0.1146034468533437
0.1912555626646198,0.08586144010389647,0.009666705854332028,0.09622085391273255,0.20194616061507248,0.13620393295312327,0.10331990568813534,0.12883140788833014,0.023590014270380204,0.023104016049377736
0.06365850168315074,0.1775411437999796,0.11060616012355479,0.0668775713366875,0.1406492742976481,0.18116706716917025,0.008761057611245748,0.1005141422200887,0.05902454283759042,0.09120053892088414
0.157539602468928,0.11239696555848416,0.08845312525529249,0.05632121830179911,0.02278260496380915,0.18856518505830153,0.16838426577302096,0.1352974526413956,0.0584492705744566,0.01181030940451231
0.15200487863588807,0.16370386920168678,0.05260059357386877,0.04864002817999549,0.15009198156293047,0.10661962685388814,0.034413716865024487,0.15819771232456437,0.013024504943501986,0.12070308785865144
0.05827038049644536,0.19242086295812835,0.18899464420242904,0.015271917469939627,0.15938455176054656,0.1972932837662222,0.09289275427219679,0.060580496782516896,0.0008598215202961175,0.034031286771278986
0.02593599665391807,0.20732516826945607,0.034980947375478834,0.11470517262659949,0.12923195595518147,0.10838356946771441,0.04812470591539036,0.05619201738843636,0.14250660239723814,0.13261386395058677
0.03634167202166893,0.05072982538661583,0.20779091733365623,0.1299147463839794,0.0956905637797771,0.12261429046178275,0.08022334886930085,0.16312569282497102,0.04697651155934421,0.06659243137890351
0.13261917314855412,0.0445749035425914,0.01994552352731606,0.0703958472332042,0.16922919834099903,0.16745692110689608,0.05728830504320084,0.09253189780381578,0.09659960187394465,0.1493586283794778
0.08080634664330788,0.1896896644482142,0.14843846187933432,0.15764267131754092,0.04684331844482458,0.022223787016736527,0.2086445479144358,0.015367917824435915,0.12299484990233885,0.007348434608831111
0.13227197426172907,0.08261860935663337,0.136692664968176,0.018953398670979362,0.1251451539785744,0.15749007440685356,0.01873143849707384,0.16639610312815334,0.04580877276661503,0.1158918099652121
0.10297300227730045,0.16014020542029592,0.004997522333299737,0.031014865761667208,0.18279681571952203,0.15723114867098048,0.1000276364830904,0.13296739133370997,0.02674200594870889,0.10110940605142502
0.1371337264173203,0.023664803471732065,0.054384749780086096,0.14685463808058846,0.16276765985906758,0.03707843421103481,0.1427063125502228,0.058567681225198995,0.1484684644748153,0.08837352992993364
0.14001404225880157,0.009108046053082366,0.04961892861570339,0.22249939153811668,0.04298455714059231,0.05768597862746469,0.09266102675594956,0.0682865089163653,0.08175884899551587,0.23538267109840824
0.023955145755639628,0.09903831376582117,0.035420656374823015,0.1344564550682228,0.06478553846850689,0.21463567539319273,0.19976444138413116,0.057559029548335305,0.1007073394811217,0.06967740476020559
0.20268094454988844,0.05345748453438866,0.18735957493843447,0.11162373341585022,0.10327330650760991,0.06978472823154754,0.09693350291887459,0.04844294305802774,0.030452234870628016,0.09599154697475036
0.010779894114667999,0.1278855404133016,0.14766137135032123,0.09009787326853136,0.11533777782398309,0.14233985196661947,0.10057919903636148,0.006106149640687763,0.12351053439294296,0.13570180799258308
0.020287641446811368,0.19260227625143747,0.01860193530012407,0.051162061296055196,0.10467855948925174,0.17123231769351474,0.09285744318353517,0.12540109161418816,0.16484592575354629,0.058330747971535854
0.1007058436059689,0.027097377352574007,0.19624580875798217,0.06599345742959971,0.18216904306846732,0.003337871414984012,0.22800249545032997,0.12923717840893884,0.039949304853827756,0.02726161965732747
0.14227000386794336,0.15948740492151478,0.10360855997366551,0.07916577995554108,0.11469184852138767,0.13345387246949172,0.09811714678450004,0.024145620942140095,0.09080760001572304,0.05425216254809255
0.11680873890379122,0.14593301741180859,0.11308355943346712,0.14299495110435112,0.04709238691327455,0.024652614496228402,0.14023037479186715,0.14605723208014063,0.03477417224476397,0.0883729526203072
0.16460521550841128,0.07478453348053668,0.002490846227023937,0.022760559744803503,0.14844432368543867,0.0008470551538748516,0.12473953679347109,0.12888186374785082,0.16799425213447697,0.16445181352411223
0.08368487148512582,0.19916915548986816,0.14959636329926299,0.1859381891106319,2.933683848785308e-05,0.12447634561509074,0.0012729901995549547,0.06037042960034616,0.10018166506592065,0.09528065329571085
0.19656547690620496,0.0009389308311736201,0.0854175822027921,0.07154192251311403,0.07166378492219976,0.003640764308363115,0.05711015224671508,0.19963284332940204,0.21250771480433633,0.10098082793569899
0.119988859535341,0.13737161140731985,0.06884893638413067,0.006788986769243727,0.057311596112770126,0.1058859193973948,0.07372569060398045,0.13250272756194093,0.14605913204128332,0.15151654018659497
0.12457321921257355,0.10552463758056634,0.16374552504897993,0.05477402140879844,0.06927104098291728,0.005830750255035043,0.09394923891207525,0.15686782256256973,0.08646729506102144,0.13899644897546287
0.006533516056121566,0.07607433941594675,0.16284356135163458,0.12761803472788483,0.0196753493729809,0.17514173179529813,0.09831556143456503,0.1104214214906032,0.07696152382234518,0.14641496053261976
0.08042009498325843,0.14333822064671292,0.09253689210632965,0.08431864509436136,0.044871420342480095,0.04370083186894795,0.07763733548754849,0.22181002105197137,0.050076729518723474,0.16128980889966626
0.1823670892746929,0.02255809230918788,0.04855429911248094,0.13209090754254996,0.13835490440002843,0.05741313500271965,0.17076983679399443,0.060351025284495555,0.0034861879239983843,0.18405452235585176
0.05880074309234889,0.08921848360919013,0.12646202843372184,0.029158713492663836,0.118738317290607,0.09105538997521156,0.1367632972750011,0.10405443368599217,0.18386686699926416,0.06188172614599948
0.09421108740926921,0.13470032169818844,0.11968582415451365,0.09873831873590225,0.012813227101737002,0.1079267690078836,0.1709905838363073,0.0608615166459091,0.18335258532948168,0.016719766080807774
0.07885859275447352,0.08623505625656724,0.09148999021144433,0.1913322567227997,0.019821240847065904,0.09978763142387269,0.0749034168966415,0.14285668630073592,0.16210797827606174,0.05260715031033739
0.10785661239872901,0.016075808862652044,0.10949618737849616,0.15331459352196566,0.09707197734905616,0.1246922870391343,0.14317797855645575,0.07536250856769457,0.16167973083385992,0.011272315491956288
0.0038071392770208626,0.03426380417512804,0.07511920814127448,0.028111806929915373,0.16225512071599557,0.2088557722665891,0.048568653813042054,0.15719407026779578,0.06442009210413108,0.2174043323091075
0.028347722160686078,0.1533514834278039,0.17632275876437029,0.04910186614628713,0.0007435097218360585,0.019972733633351777,0.17248283208094528,0.06278113727656634,0.17541681868083064,0.16147913810732256
0.15748421989603104,0.006274618382354266,0.1341848656241297,0.05730914660894594,0.15680227366754446,0.08712239587280936,0.01340432635617892,0.14416319011749779,0.21654879100728186,0.02670617246722678
0.1358333128975346,0.1308414163591133,0.02585420250030831,0.06009744910799947,0.009557058683359479,0.18061527149507622,0.14906107928745604,0.0776788983081073,0.06545531402248847,0.16500599733855664
0.004774516967147273,0.14957885037222857,0.05665933172042411,0.03401976315835129,0.054406933027004126,0.18136882068878785,0.04947776957993719,0.21147062977069117,0.09897550019850145,0.15926788451692706
0.05800474038832178,0.10133432424605009,0.20998862350577516,0.2017585381958366,0.19912570689317766,0.01981817307538654,0.008099482713767002,0.021197418535571978,0.129809223457507,0.05086376898860601
0.14196158458325545,0.12041607295245534,0.09300117031222588,0.0848933941612852,0.03276501981366649,0.09722074584711449,0.06725317747288143,0.13473529957900315,0.14139093327297772,0.0863626020051349
0.0062024424125983494,0.07081456716515866,0.024507928297290107,0.08533255104974705,0.19874837576587975,0.08961119893106345,0.025269068486809414,0.17113111860961963,0.2658471678669537,0.06253558141487989
0.0990534893196604,0.07726366634791854,0.10464247228965265,0.03673212785374614,0.13073648030620752,0.16678392257746075,0.04268569865997841,0.1685882588113934,0.07568775422336847,0.09782612961061367
0.06667100830985874,0.17164347612437167,0.02875027415989649,0.10969842946551114,0.10041843285128024,0.10929222656632591,0.05869120095963525,0.09358233868370378,0.17617288359381472,0.08507972928560185
0.02439176835922589,0.030350136742619653,0.06041063206181729,0.08278852815334625,0.1280665000895817,0.1456699485955301,0.106699623050761,0.18655027820995207,0.13773960838965407,0.09733297634751192
0.10032167461886943,0.12442463363169122,0.2149680476636685,0.019559556593109546,0.09906894559795261,0.054258584627390555,0.006301190161538412,0.16168507690485548,0.12011236404340815,0.09929992615751608
0.10737860535101694,0.10143257675561726,0.14117205115909529,0.03003038300352589,0.06880551953757326,0.16277183148523744,0.04440000495450078,0.1988938118158036,0.05201634456649136,0.09309887137113819
0.07156597995195906,0.1634363052923284,0.015105600361678384,0.19873130403887473,0.08375251889244703,0.06669610552959701,0.11782652018797862,0.1581296872567722,0.022923721663014377,0.10183225682535021
0.05868810180657231,0.06905219968222188,0.01819311229665781,0.08581842223340728,0.13046276624304112,0.13780343210793272,0.19168096177123692,0.046166723756693576,0.10368287097299667,0.15845140912923966
0.12948446566882682,0.013050373592953276,0.1678511817219101,0.03787097313142537,0.13184836058909885,0.06756870109306069,0.16066347163465053,0.14883917974233052,0.058817082841362375,0.08400620998438149
0.03438251757793686,0.1703596529184617,0.026762609187357227,0.06917144641784372,0.1507824414762994,0.1510659433165906,0.04008730870015828,0.093728112343498,0.1229399330537965,0.14072003500805771
0.05709140296710506,0.2197187506898407,0.009624217518808063,0.04883720231197718,0.18594686402719432,0.10603199109738047,0.01986942129645035,0.1414249691889735,0.19674350571107796,0.014711675191192312
0.14251063382214993,0.11000050648351654,0.09466025411271296,0.13583420707234917,0.00454407268629819,0.08311924141740096,0.10424514255293925,0.08706784128323218,0.14212562410994017,0.09589247645946061
0.09419969082313316,0.16220942668347046,0.08752493118099514,0.03397510760156266,0.06396418724891278,0.05738483135607453,0.15619526498396766,0.1352579721777386,0.05913468892352278,0.1501538990206221
0.09382557629127597,0.06964665238263142,0.0680942932135296,0.18362450245185322,0.11730151819159572,0.09227685334962553,0.10073829873922412,0.03538223233684686,0.1532086132616195,0.08590145978179817
0.061808847977528635,0.12519331865760902,0.09113451785451052,0.11056715450773923,0.1365947627256897,0.09283278389059806,0.14137858232331185,0.04921875813829061,0.07043880180702557,0.12083247211769699
0.09069184290727535,0.07370299719958738,0.13089243575766382,0.17996345038097566,0.17116715036702185,0.0949599159967941,0.006799923290342638,0.18438383462393776,0.024584504466499693,0.042853945009901785
0.17422581336426105,0.07935732764159893,0.1277239168148475,0.15259289237862106,0.013584099372889303,0.1080150969969331,0.09551537027746311,0.02387275372355511,0.14189114766847422,0.08322158176135673
0.14619182822187685,0.08343746700864675,0.17220015568714087,0.008801844389478921,0.07718182901476114,0.009947426457580464,0.05559256507817491,0.17391900284967207,0.17449027724437446,0.0982376040482935
0.14527671207853934,0.01762275590501243,0.11833638988964855,0.17147223405407974,0.07565209706725723,0.06275203946141718,0.08379004866171749,0.12316724485800053,0.12131480200814249,0.08061567601618522
0.15101174679161594,0.049643470912248626,0.03447321234657181,0.07331794815836067,0.17446001142798115,0.01276108374899181,0.13549111894690835,0.04656551889590782,0.15217073558729272,0.17010515318412112
0.041827326060697126,0.0006018317685353436,0.16095140813782494,0.12168742391740503,0.1240820664465511,0.09322234049652395,0.17515993605721053,0.12665240555506074,0.10591314918990079,0.04990211237029035
0.10131241123641914,0.014528377669465157,0.03288368152743954,0.22999247182388283,0.02091767745806298,0.05613296117376423,0.025127462820099228,0.03283994085757928,0.2923079826167163,0.1939570328165713
0.1048002223655429,0.04785146192875686,0.03480809865593225,0.11036379247177823,0.016528267560274826,0.1324545686865417,0.192704370250915,0.12457719408604062,0.11892577896721902,0.11698624502699867
0.07234996897470147,0.012324524611805325,0.10192764158398372,0.07335074698392763,0.0610026834894165,0.09505572071843255,0.19467490027432993,0.15891117815666675,0.02430638762301474,0.20609624758372133
0.08231547618544732,0.0011950011773418194,0.17075311451068068,0.14093211009543496,0.1277502210332322,0.06610332269395902,0.173792602892597,0.04720943172861012,0.03528979083090459,0.15465892885179217
0.1326920671987566,0.12878823409153964,0.07044006326962601,0.23054215541725054,0.0915858683109479,0.015468713435798167,0.01692093081502897,0.1316504581486509,0.020260216041382135,0.16165129327101913
0.2358912532873153,0.06890743127504495,0.03708871448779603,0.19214205181605742,0.0601048937425295,0.13014841766627894,0.11141733681811858,0.04598244061095453,0.11096505470618773,0.007352405589717072
0.04390100545939577,0.17700072798562197,0.04590452261807426,0.18517595784185756,0.09531249277323973,0.014443913423504857,0.05117220957769537,0.19363730740942223,0.08108585955235532,0.11236600335883262
0.05465781847213947,0.135432557386122,0.14926458070638393,0.2021170229285612,0.10689253556909667,0.04946474845511982,0.1459789811112586,0.072413739801447,0.0077540319538546626,0.07602398361601657
0.1291530650190824,0.12068236312793913,0.1413906351581641,0.05845261366390837,0.06449175649507119,0.14258081745200427,0.06977981793815961,0.14428741686451727,0.006456416676946366,0.12272509760420722
0.0690197153097403,0.18165430799251922,0.12184440801123017,0.03386267934037468,0.03688087585625389,0.16040245751634172,0.1748557996436053,0.0061256632766585875,0.06258718850354705,0.15276690454972913
0.08836104174837593,0.019124640973800535,0.03079806668652789,0.17179206389923973,0.15847503885226452,0.18329694296202337,0.21363898712746204,0.047562099181491915,0.027996955897607534,0.058954162671206546
0.10752245607712611,0.05246039415948193,0.12788591586419448,0.10183381904927973,0.02909104325250673,0.10997061802099373,0.15346075430346848,0.15596507903862922,0.022060670205025657,0.1397492500292941
0.0934222812950234,0.12575978317259096,0.11094039562828481,0.16039362393757114,0.10385785480391363,0.1129091214823578,0.03157448034027469,0.0774191930469974,0.12279944793318376,0.0609238183598024
0.14542035961541283,0.11906199277439598,0.12464178886843731,0.14411911146326176,0.14716885584476505,0.10503589758631678,0.003792410494071998,0.04726301573591751,0.08371873125215883,0.07977783636526188
0.21907561366067782,0.16037581193833378,0.211509267664569,0.05598573172018663,0.02767668329865858,0.0887817851523472,0.019255125707305153,0.04725614640528522,0.13431018111672136,0.03577365333591519
0.13184333608008078,0.06787916754512706,0.12804344027256118,0.12210401970662535,0.1551216970968973,0.019920491397702998,0.07730599844243378,0.035390092327054076,0.15111091288069634,0.11128084425082113
0.005071354863219451,0.08448436519298656,0.11946228698568052,0.09658462676401451,0.050741853373036966,0.21881448032139764,0.11287654989858226,0.17653085798881385,0.13542354216069977,1.0082451568435413e-05
0.11799152915474871,0.16020238628344124,0.08314993668228296,0.1005107592025432,0.14215689747094482,0.07680676190401935,0.03220436174378665,0.09977851742928737,0.08914917216062487,0.09804967796832073
0.14058280462549197,0.10523802480643174,0.10295269787900382,0.10868255737917012,0.08994841507146087,0.052308995863424065,0.13357340620221128,0.001912011035210352,0.07866321399966218,0.1861378731379335
0.06403591314578053,0.12771539635463372,0.02024641988567695,0.15970057961322892,0.13295279579257985,0.14811753426241628,0.07154708692103513,0.14289441708339046,0.08217131764541954,0.05061853929583855
0.11698754984709317,0.11376108921184998,0.03062131191512435,0.10093434469652282,0.1603018453375138,0.10408322760357737,0.13876944082005402,0.17682493820840636,0.026652452593461183,0.031063799766396838
0.0265184449826081,0.13096070788870448,0.116182211060034,0.12942758372684665,0.14508947334491692,0.08705659245678958,0.09158644076129993,0.011385796562784486,0.12339557729061258,0.13839717192540335
0.07477587585020236,0.13740090435807056,0.015443629659662669,0.12492520576077369,0.17278133372973037,0.05071246657898849,0.052978085343826906,0.14425666372328105,0.058582931579169446,0.16814290341629448
0.07668901393669537,0.20806368825436156,0.07131796348091361,0.08945432835856144,0.21675947171616963,0.059239155910197745,0.11251434601016012,0.017827771267151665,0.1104206845176477,0.037713576548141156
0.013657491509811251,0.027323431059452955,0.14676769412295432,0.10513257142800898,0.1063033407182691,0.21943211093784984,0.0754272594233551,0.0862723118052345,0.10092442427213617,0.11875936472292771
0.013995672350642521,0.01943441056730372,0.19676271562711417,0.24231116310955353,0.11009483186409988,0.13464257866527157,0.15415383736756347,0.03704037936459207,0.06604277956020721,0.025521631523651882
0.23883101578458357,0.07113499584310419,0.044457121652932356,0.07633553258507284,0.06391357357703382,0.16034484852733596,0.024953379894023926,0.06439129119163157,0.17291972497488156,0.08271851596940029
0.1068302481901829,0.025133939248349956,0.1250848766917132,0.12473674841067477,0.02511618744219978,0.15373236668136706,0.0826933945498452,0.12720973750283057,0.06388567055037062,0.16557683073246582
0.0017681452927860815,0.11383703960352043,0.16928185817840022,0.13757135556763744,0.06098155830223109,0.10574114139283239,0.08830349133470626,0.08839421281118146,0.08631089988227376,0.1478102976344308
0.09154748170059414,0.10544129418336194,0.04719748266487143,0.035409957417486336,0.14678810378953322,0.04199144712454421,0.10269997916397443,0.08794125018731194,0.1693401697170015,0.1716428340513209
0.18005834820576738,0.0025147234048345677,0.01690523799077565,0.18279132249083993,0.13532349396796162,0.17499363933577677,0.06703769067889657,0.010292899623111777,0.17538989201666125,0.05469275228537443
0.03348544545367745,0.23313353909731663,0.02933936447618068,0.07970194239868786,0.0007422522374725281,0.07825169807231828,0.17248138838262714,0.1198041030182341,0.0999473501513547,0.1531129167121306
0.040491520335793674,0.11871892702145775,0.07707006284212592,0.10713532568494444,0.08990377063495254,0.1240366885515889,0.08717888180651548,0.14605851429277192,0.1316316009829159,0.07777470784693331
0.06581614772406628,0.09343382634632537,0.11431691919927055,0.12438923313554455,0.17219265480684656,0.14551573195625728,0.18273553236355483,0.012597866664878726,0.06620755507739336,0.0227945327258627
0.03393138856210617,0.11452423552547733,0.14648971688255413,0.04879252132396919,0.13649072566508982,0.1520590514372234,0.10552674477606741,0.0373903801457233,0.10180643411708502,0.12298880156470415
0.05555117134776741,0.03804078858510456,0.03077702044519687,0.1540075811755392,0.0406213358573485,0.20428482886493057,0.11060455891244231,0.07264827827604244,0.22112097455791555,0.07234346197771263
0.13246586169331234,0.104421670240253,0.025620182400639648,0.1747768370869119,0.06288315875480953,0.12124600638687917,0.07093376005740382,0.15297968985592336,0.07883686343154245,0.07583597009232469
0.11211179754893551,0.009746409213559631,0.14035482160333257,0.12783922038301865,0.13407011673464095,0.12463265173414607,0.1500118818249522,0.14938912575747848,0.0332366987762139,0.01860727642372188
0.07681776542647074,0.07619485921315106,0.03314060283374195,0.07794118111050098,0.04601709062849141,0.14425902505292235,0.14172508472722847,0.1501932071654373,0.14367633563105567,0.11003484821100008
0.12534410313132632,0.09748387242794372,0.06360928816017097,0.04026384618654016,0.03571140281146491,0.07097044287436556,0.09023974402257359,0.12681377379493236,0.1784570822966793,0.17110644429400312
0.20235082649126124,0.18274169903228493,0.014692651927014116,0.07189756236016454,0.03607407562422118,0.10449028603025365,0.15836355566807597,0.06819606025659132,0.03240305657970755,0.12879022603042542
0.08151126175854348,0.14378504098016873,0.14174180738794107,0.16559264998692777,0.12131304895676312,0.10087330816275467,0.11632314876614842,0.007509101725840222,0.08502217788219665,0.036328454392715814
0.08867728416124795,0.16692995948503156,0.09086911849288254,0.038269447103201806,0.1247412891573989,0.1525317211914283,0.017597518308698493,0.06639701300117912,0.15514437493845556,0.09884227416047575
0.21336859063092845,0.2182221520310341,0.23340812734518823,0.014833897370763472,0.08957601484815308,0.08059216331642899,0.009083612287199137,0.06466415787050536,0.05675294252491917,0.019498341774879933
0.11106108765559906,0.10422243126639937,0.15849101183434008,0.15175819028635779,0.02128820015778412,0.15028279298676156,0.05451343260021776,0.030064784484249263,0.13598488617342203,0.08233318255486907
0.08320444142577878,0.13131886483880914,0.08110976502422504,0.014392929765155823,0.14990948579903396,0.04888788426531275,0.09760377209131972,0.12761529318541856,0.14990433350806268,0.11605323009688351
0.012191772116558693,0.2292388532968069,0.05769656622498276,0.004380803250678341,0.20698234457923448,0.0998743394528464,0.0856681293234718,0.0003745133863384309,0.17974388854920478,0.12384878981987736
0.039508914782644504,0.14700075239454174,0.04470724451942653,0.15952440270483945,0.09959187493769786,0.18364747937475986,0.12560235786831553,0.07108944448005144,0.04928030990368849,0.0800472190340347
0.17890636580344732,0.007216387186679222,0.14343410937619172,0.148733588661819,0.11357079874479596,0.05775917981964978,0.0625140028718868,0.10143390384218812,0.007861621352248712,0.17857004234109336
0.048987923009665445,0.14658118892005073,0.03291835755301733,0.13683091011868503,0.105893403290075,0.08019065945733038,0.13822771591615352,0.13771437368470943,0.1457903208304159,0.026865147219897176
0.11005538732565238,0.18018785837297233,0.05295618477479513,0.08807523351196946,0.09468208185947387,0.12092330071195236,0.17913890068844715,0.029078125116007887,0.11963224342066037,0.025270684218069047
0.1711628982328402,0.12283324290924048,0.1134701969259198,0.00628327226737264,0.1083839553659485,0.14757961025350883,0.11842181622374595,0.019473837224815917,0.15176596776500315,0.040625202831604416
0.18632996595765866,0.006395672409748014,0.14372809382907736,0.17339585646408287,0.055658271682669194,0.11758297009844661,0.17872851397046302,0.01260618300424791,0.005084867329684696,0.12048960525392159
0.0291232569537199,0.1581839829669619,0.08311768157366207,0.11014322076402623,0.1495321121033889,0.1679812467164777,0.0369223194343861,0.09486881453543056,0.13501332667820243,0.035114038273744014
0.006682511890642967,0.17797517873909008,0.14586606872964472,0.1342964978863676,0.1653754314089371,0.08435044819363524,0.10972276896739608,0.05465073414453219,0.07099703231852054,0.0500833277212335
0.1689246674505215,0.04706421714573733,0.06915116435906121,0.12589613937294009,0.188424923098556,0.13853510895045587,0.0023085303501144214,0.0080586197632771,0.14041342158526537,0.11122320792407096
0.21748502244752058,0.03635743387790044,0.02602139192016697,0.1820308241399239,0.10849834466400102,0.16133895727519526,0.08266574154351287,0.05270211468446651,0.07125180049327477,0.061648368954037705
0.1439043785039253,0.1708452438917379,0.05196333529526305,0.05713177342616487,0.010485043272372907,0.13047402000869096,0.1342324096318499,0.05416165287777796,0.10180532229378206,0.144996820798435
0.18928204369860896,0.08390075591288854,0.04121393673660567,0.024157232120492145,0.04316425062029086,0.0971306974326427,0.048626500808746025,0.09110207662613773,0.1822256738296556,0.1991968322139318
0.11586564859312178,0.02683635957631082,0.04639352906829504,0.06638864837411691,0.1296391425436223,0.08208872821626689,0.08845808139561362,0.22936914866894537,0.15676559583442598,0.05819511772928131
0.032634403151731224,0.09193235906139345,0.11921980026491448,0.13861453382489122,0.11054481166731603,0.1288476691591084,0.12535208380988352,0.1052280237187492,0.05270639572428436,0.09491991961772812
0.12559716028512027,0.10254595959947281,0.036537060804607675,0.1353599769569144,0.1384294362887307,0.08509076731281708,0.1447850458810625,0.04478635461379403,0.04598622758220623,0.14088201067527442
0.025968717974948728,0.1258362420777203,0.19110902390996443,0.029962239402792377,0.21950992781719772,0.05720126100926223,0.12098766183677621,0.006150471310183754,0.045549803226154914,0.17772465143499921
0.11875338828024133,0.025069054348327277,0.22710241822013524,0.26146682400275184,0.047869418544179504,0.16728906858602358,0.017858767362060716,0.08512101731781728,0.03053136181994595,0.018938681518517294
0.02476567551743773,0.06922984521527503,0.13147943378628216,0.07925869632595575,0.13353321854429803,0.08883493790694261,0.16268609475432796,0.1513292062295141,0.04431256810271165,0.11457032361725505
0.036079237488718274,0.11473216344577826,0.19471437500222272,0.041976630118305755,0.19272241887225952,0.018834108296831683,0.08671907970385956,0.15426977094237515,0.13970601827967113,0.02024619784997789
0.11926836542600623,0.09355607259140762,0.11810675748866829,0.0013616994427775807,0.08508341465429733,0.10502048158991503,0.04329449488463918,0.16803082207858938,0.12666174939872718,0.1396161424449721
0.07405311975193155,0.17260182225906548,0.06043745820258239,0.08863671212134085,0.14051214886533822,0.12809533143026366,0.11841871994612138,0.048831381003979595,0.061954929891110296,0.1064583765282667
0.016473917420928137,0.14849311582204539,0.09587888146133637,0.05686366674842764,0.13062781216498584,0.13749672045491898,0.11853653557534041,0.12481821972791074,0.05590185146173434,0.11490927916237219
0.057033185825411496,0.056555484150941755,0.04664435263219905,0.09583124491811813,0.018461541629409595,0.09882971074056654,0.18142714350012507,0.15156253029988423,0.2007612989980292,0.09289350730531495
0.15468279102096372,0.1167202665767334,0.06799833018457377,0.17057689365638984,0.07775718057217178,0.1629275800126572,0.12013790291158769,0.005340597172320095,0.008605232995036209,0.11525322489756629
0.13526034441499873,0.10803959886021583,0.12066224051092693,0.042509723731069135,0.16551154824424427,0.03657604117923529,0.1731027609545232,0.013100108521617752,0.010009245557372513,0.19522838802579637
0.04841313146148988,0.2577749480181573,0.03385066981294712,0.07846256057070532,0.13764276892651914,0.049311045126922824,0.1547512547320924,0.08253661026235729,0.12165146028271077,0.03560555080609796
0.11670981695908161,0.005598198202155036,0.17044289546360503,0.011842649020088651,0.11131296769039876,0.15736793241869407,0.1702376838216035,0.08702004670721472,0.13213137040711714,0.037336439310041346
0.11112448249678877,0.11625395578043084,0.10036256632888095,0.08386628887244871,0.10345260009393376,0.12367863520384129,0.06848158684878691,0.10463976520656781,0.042836659969767786,0.1453034591985532
0.05741381219207485,0.08866138243805409,0.1650270253365087,0.031836975668853726,0.03541109681405264,0.1730505161092543,0.18457223564110659,0.17265456546295557,0.07507783442939032,0.016294555907749274
0.08879769001482438,0.1652201510302401,0.07546263585133871,0.10822954658421066,0.020781961780669538,0.14079393881637015,0.15085942100285418,0.028491956547788813,0.18677720113202761,0.034585497239675855
0.08690468245419458,0.09528468414963606,0.10653034926138973,0.10701637299629133,0.18872165453915368,0.06263104695447054,0.030399798113952513,0.06084663877528385,0.16775383939694316,0.09391093335868449
0.15242581950241219,0.13915129919811955,0.06756659993217434,0.06771184175869714,0.04307823088943602,0.07146338931449513,0.15945489616542724,0.16484165172726373,0.06942198985207236,0.06488428165990222
0.05391016883341769,0.1400154175630103,0.19652542890346603,0.09374006557962142,0.02459595977394447,0.02674550935788711,0.16249922438475276,0.06315554611767728,0.009259721325980193,0.22955295816024282
0.09464517350015342,0.02337763115283341,0.15778248125964717,0.14660555595109614,0.0353040659782695,0.16227806053090457,0.04094167907935333,0.034318303512718376,0.1255475909065387,0.17919945812848542
0.06323090985549458,0.1500810445239063,0.011389528606287483,0.10434365439460273,0.027875831295600582,0.15565218013142532,0.036820681586253415,0.11572387436671656,0.127151162629573,0.20773113261014015
0.004466247192430499,0.14812360814179049,0.09891774915715794,0.1574241896062923,0.05408405139328471,0.01684081893710386,0.14679780170128998,0.12663345484473323,0.09164558762641478,0.1550664913995021
0.10436087933203068,0.13677814245169445,0.04884413369520639,0.11643864624966772,0.08883693572012616,0.11206006543196745,0.09851494056836077,0.14282305697389766,0.11522173613769053,0.03612146343935819
0.0745722966309446,0.013144520622904167,0.1886249091912525,0.1723871352969823,0.14707965660768665,0.08733157974841771,0.004657470066026802,0.11997527078382202,0.019317601295039618,0.17290955975692374
0.05923184534743991,0.2165171347797699,0.11650327322327893,0.18995062872310006,0.052335654862442973,0.06304436031117051,0.07606838076015747,0.1141760871749728,0.013470219026278643,0.0987024157913888
0.08192283168303435,0.07572186804732663,0.1472387170234977,0.08961529667672087,0.04450784586312326,0.1308145255345438,0.08035691947899644,0.15610716678865685,0.055117979521694234,0.13859684938240582
0.10897112705554506,0.09097606455308815,0.029682372281316472,0.17652278297269136,0.1263220207226753,0.18545495835804982,0.04940520014585099,0.06613151794069239,0.11785693561375826,0.048677020356331945
0.0410711635123784,0.029425931213660828,0.10899639161276105,0.01885572362772818,0.15033760950825809,0.13345412167648107,0.0510760160283636,0.12378711123810426,0.16419870088700617,0.17879723069525832
0.2075649974823629,0.1438995020715957,0.08545896737558338,0.10481710345709869,0.012274318862109189,0.017715545463011365,0.022378281259988756,0.09707613199365553,0.15266178870372507,0.1561533633308693
0.1248446994721874,0.026663405877562864,0.29090179113342207,0.12541505120932817,0.01243156060848638,0.03482581212797591,0.07999350998788234,0.19332616983369205,0.038564875451210866,0.07303312429825187
0.12859993431072686,0.1676637656882749,0.08225353559646409,0.06646373755204281,0.18268199597074472,0.08645847441792913,0.00751024746754516,0.1068120290274281,0.0710185005549988,0.10053777941384555
0.056097055053354106,0.09111574416306592,0.1347498263608833,0.13231942972431604,0.05096364159639588,0.11020064095277014,0.16636787263053884,0.023950255405428226,0.16484512752487443,0.0693904065883732
0.13065255707693899,0.12477743763452971,0.11676552673505855,0.1317061438584431,0.08183190616874046,0.11795254061574868,0.10299372439786812,0.0007659784495241547,0.13049005176873085,0.062064133294417435
0.18455610338772876,0.03612135736610363,0.16024824726709574,0.01421724147405544,0.16799323096352972,0.13411681307618162,0.09286033433552264,0.11158880706339747,0.07527854016675486,0.023019324899630197
0.13848889906114997,0.052496979212584775,0.16733184583663,0.11561679586900604,0.08570320773946093,0.022623256575179194,0.1613552847016325,0.030544124187032392,0.09981728630673556,0.12602232051058862
0.013454270765445319,0.021789873584623514,0.16808469875223855,0.08859829195617219,0.10863527112193544,0.10954576304167957,0.13823478535368675,0.1787904930569452,0.031811256743557906,0.14105529562371544
0.10204880135483932,0.07152836059667535,0.14957543254355662,0.03292412052094816,0.06712212762345852,0.12248529905435225,0.07498353559195194,0.06254535453903926,0.15738116001657418,0.15940580815860447
0.002949499616706704,0.06021517090332547,0.17555783708437922,0.06997528779582296,0.1554515262523223,0.06077631750617369,0.13284014993417032,0.0813852367469843,0.21338077808314415,0.047468196076970816
0.08940135355535522,0.02447742102750895,0.15315392605655323,0.13947449953367538,0.13688362697405063,0.11697389007285597,0.01811292953508506,0.08018199867930083,0.12459061397650936,0.11674974058910526
0.07701447763875535,0.08982304792445538,0.13518149588310618,0.10055497178495468,0.08672126128290064,0.10658268177933804,0.08431407291023121,0.12162095770189675,0.1152318722349808,0.08295516085938094
0.02468332653395162,0.13290945106914034,0.15219843516048817,0.10459545984477597,0.02779745657664689,0.13887150289778258,0.2141024736712281,0.1189880713885694,0.07212035346310317,0.013733469394313764
0.07522194681001977,0.1706465083584454,0.06782409245072152,0.0017638445318392325,0.013340219866978201,0.19520838381488675,0.16788123412176106,0.1408725692873767,0.12347680850296114,0.043764392255010165
0.10096902805257027,0.03820824516119112,0.03197987478532388,0.13963602174324063,0.07833359607432619,0.18218654199593026,0.2147271927069404,0.027128948257241596,0.11531274730275366,0.07151780392048197
