i = 0,i = 1,i = 2,i = 3,i = 4,i = 5,i = 6,i = 7,i = 8,i = 9
0.14410755626522814,0.1068904396178892,0.08626994099016723,0.09636741349414274,0.046825273490252874,0.06944189123719849,0.16568160831977513,0.15939725717854997,0.038828013084138864,0.08619060632265735
0.09398278258135503,0.08397553836563629,0.08939424537744396,0.11587839558641298,0.17207595070510098,0.11976862385126034,0.12907307253881006,0.10419592502314652,0.08663456088502151,0.005020905085812277
0.09240100473875164,0.09255264443109294,0.03634778266083528,0.009450169264862442,0.21688517945736574,0.04830843595097038,0.039308524023039956,0.1870494724926009,0.1655383869536759,0.1121584000268048
0.07877875192603072,0.17982797203985745,0.14250212876329027,0.10732587816434815,0.15108274074811592,0.10988007199879037,0.04645887142999106,0.01929021451819413,0.01863740165076504,0.14621596876061685
0.14278244819445565,0.09993377742933021,0.025868446419105955,0.16652746616291023,0.062007515275867287,0.11441110506205641,0.14009297377709007,0.10615435140413823,0.09824043310267513,0.04398148317237098
0.12507406358221335,0.1089521663643677,0.13848418887881167,0.1347509091622192,0.023238275200998252,0.09596758493946266,0.05553772299593243,0.06893314304606607,0.17539956673259527,0.07366237909733334
0.16275836607588007,0.10258977135155675,0.004345816430062187,0.08264963720747462,0.14552924138942322,0.034213884683170756,0.05763301239222127,0.14729499389977618,0.2137465186815267,0.04923875788890818
0.11901348616174914,0.16196618095581225,0.0742194045236127,0.05976998371022011,0.07000717787106119,0.0021835775702645096,0.0462511452658071,0.18799230384345325,0.13148732207220634,0.14710941802581354
0.01059618689235849,0.11147212211124484,0.11479517541430519,0.15613941629529363,0.11523038193128773,0.11843141071790733,0.1312067277209172,0.12969215868244172,0.10416407015002188,0.008272350084222165
0.06044178939341593,0.040195702445093864,0.14323860485827067,0.15158324732277612,0.19864006143051238,0.10761848972839254,0.015584195303752296,0.08975761916602895,0.145665255167472,0.04727503518428504
0.059747920719906714,0.066951900745212,0.07297958339501372,0.16878238812383048,0.12478352233026184,0.08871966850743492,0.005000825147317136,0.18210070589354607,0.11406616302439736,0.11686732211307972
0.14684310999640773,0.008153818676872768,0.0169586473079231,0.15431766786874862,0.03231823570405385,0.07352192496746422,0.10300793913274386,0.1648598160768914,0.15757653543826608,0.1424423048306284
0.15976314476438977,0.03072358987442795,0.1898839276310797,0.049400006595734916,0.08705720699437121,0.07211918244659694,0.03458244529429599,0.06489969715670546,0.19355900931865797,0.11801178992374003
0.07268668970586377,0.014415255626316676,0.12559919716052073,0.18252949972764748,0.11748847566460437,0.20019854082533878,0.1746252237841893,0.07544477283633866,0.019351376488686376,0.017660968180493723
0.11532528618419312,0.003894405654524034,0.06806214177119059,0.1416835372963789,0.159967588597367,0.007642118857162664,0.1386444686894257,0.09706069584686988,0.1121676043335041,0.155552152769384
0.027332007954329572,0.13647350797022184,0.095057364567807,0.15399230171535475,0.11347501888408043,0.13504896548317455,0.013941521551756804,0.03805440380228474,0.17438294312295688,0.11224196494803358
0.03749101548678916,0.14789473639104,0.09708685933813092,0.09421036026767038,0.08363458995750114,0.08409226741904097,0.11446884671134198,0.11432373415253677,0.06878078272714204,0.15801680754880654
0.12806000453497093,0.12187966458361912,0.06060824934316052,0.1693359089724381,0.15059122656402663,0.020362496189219263,0.05403027260737189,0.11110253517371553,0.09748843179235445,0.0865412102391236
0.09579799116025307,0.18107094128717213,0.07616548974461584,0.00935069828429049,0.027358216673218447,0.11114613361427343,0.1685842933764318,0.1434609944509417,0.021858513608060345,0.16520672780074275
0.0513181095125917,0.08229811491669102,0.1122489309774558,0.11533906950248901,0.10695111317301963,0.15210873329926242,0.053739957252947446,0.1178346403431399,0.2014386078668048,0.006722723155598099
0.2428419818713881,0.024007130135799908,0.20602798472602132,0.046758517611341734,0.1727447498296214,0.034665361252885184,0.061332856797778015,0.1007415117496879,0.07069492409463007,0.040184981930846526
0.01547501187725801,0.1521064445819447,0.21198745036952923,0.06106048105379669,0.12239289830660909,0.1802382730602816,0.11181677077599107,0.026351666330261425,0.05217003943072396,0.06640096421360436
0.14069218217746482,0.14289203921153218,0.044637982575832645,0.06959453607926183,0.06279436869243399,0.04888563356870394,0.08549798513545591,0.03399909595937155,0.17873881102691538,0.19226736557302782
0.21089755385469938,0.05090492267951462,0.15815246665584587,0.1347325039202896,0.09960098784671191,0.08183285819891754,0.131358652850673,0.049182930563960336,0.04544400432529433,0.03789311910409337
0.09892732742128106,0.0250528306760198,0.06791879391386761,0.061946469886861893,0.2344321869958294,0.11324596762806627,0.14312964123509053,0.20543359622448557,0.029445395851158324,0.02046779016733953
0.1659404250966895,0.07063401287825526,0.17333078113471073,0.12631379310738702,0.03245058228414958,0.07975142863718084,0.09265791916945246,0.1048974268165255,0.08456472750782215,0.069458903367827
0.07634977090967544,0.07117353052710672,0.11701270458631986,0.11377448726583012,0.15312150505397676,0.0033280508622930615,0.0471759796736702,0.17575247334392785,0.07923923243771745,0.16307226533948233
0.055778548563442575,0.005587261798274361,0.1272032365911389,0.0685091482407973,0.10081678044450199,0.06356972137715197,0.20374015882554364,0.2083229034920765,0.001402897640433341,0.1650693430266394
0.2404663471919354,0.11674535879632016,0.06960637749646674,0.06624937562456522,0.08188659196516507,0.010107891651332175,0.11802708962402465,0.029015967343247722,0.0897709683716594,0.1781240319352835
0.1186679248742135,0.05692232914341332,0.1563162784992121,0.08615706630769836,0.15545950408427875,0.04848034539236188,0.06215857601027128,0.17133837499028678,0.10320890687676657,0.04129069382149737
0.08870219192891658,0.1255467947031873,0.09942371714562605,0.19487393083972374,0.08958326148759355,0.05810645636202036,0.1455186122414661,0.1380771587789448,0.001535693697838673,0.05863218281468266
0.0045486745353689444,0.13271331106138068,0.17310004291225148,0.11106171092815421,0.1390629651695008,0.11068927715567804,0.020777003664538485,0.15581037948912804,0.05884425004534042,0.09339238503865879
0.1682807899885823,0.033778903919100337,0.05552565245680143,0.16845329006612844,0.0858896839813416,0.06390882733424844,0.17126929736135124,0.09497005163915334,0.00721292782235361,0.15071057543093935
0.11938939113207876,0.14544139024468566,0.08987677000903802,0.16385346885527807,0.14433533210061542,0.12842276823831275,0.0878466925860197,0.010233230858412094,0.059023080221746654,0.05157787575381303
0.07455931227753611,0.16061141398869472,0.09345698455560399,0.1941078855859565,0.12603640388195228,0.08733582360369026,0.01259460042307719,0.15857433251800862,0.0015987736337941358,0.09112446953168638
0.014014915713738408,0.08936179329903224,0.15056883726811646,0.08965466351106469,0.15651222742049078,0.1674323413981313,0.0424668164147947,0.04470385053726937,0.17019917493319528,0.07508537950416667
0.13207001832667012,0.15666066016039115,0.16460407927557627,0.07074008154391288,0.15265919025242386,0.08433980659662231,0.05785570084352339,0.055045769421170614,0.02709098382700163,0.09893370975270784
0.10442239645598285,0.03922188982249455,0.019362410518529456,0.1627016166919287,0.09344490671767869,0.0767974626439622,0.07227411740657065,0.15975438971493394,0.0817440415101085,0.1902767685178104
0.12553565687208737,0.07704251691907413,0.08649179304862188,0.1627410837956654,0.09517997217397679,0.12140542896516761,0.03663459631906756,0.009036078724104767,0.1328723954210055,0.15306047776122902
0.015719737671594233,0.07549685604362394,0.17168772968164522,0.13268190519549172,0.08385955599957147,0.14529285025449695,0.08888125185594625,0.11761711831978983,0.09232739358940568,0.07643560138843476
0.04683163862330774,0.1305960007583597,0.06460234911303919,0.23409809833710277,0.2544162894901761,0.031062376718624087,0.0257332051857043,0.1801637096406308,0.02166106683480249,0.0108352652982528
0.0678529058349606,0.054823941810494714,0.06917172160055396,0.11761323320711208,0.12336041483722128,0.1956385909572454,0.07501390372396272,0.1993229369719251,0.08868866006949828,0.008513690987025811
0.05811165118452624,0.1762117622394055,0.09846585336451444,0.037840054368827,0.08406623960440272,0.16358223894486945,0.07651679826896025,0.05411891984962015,0.18172737501018676,0.06935910716468743
0.05960290966805422,0.053376657483899075,0.14714359052478473,0.14230735907845554,0.18421267364610705,0.16077630817256322,0.06615219727617892,0.09343968654438209,0.0230817455119053,0.06990687209366996
0.11128666171575145,0.07210344623614627,0.14480250723907578,0.14200515799028732,0.09689712804027278,0.15496029425800797,0.013928328706221663,0.03346193024009534,0.12383987206037893,0.10671467351376245
0.19263633376173578,0.1251555217804511,0.007455505286588086,0.09486908880542556,0.01306013086370746,0.03211220065407126,0.13827569706858373,0.07504055659030688,0.19022754649669577,0.13116741869243423
0.0467816882888248,0.17525372376218065,0.03291813494049393,0.0353078279672257,0.177966613952995,0.08603915693587118,0.06896581133969287,0.11390372130660434,0.16020572252837753,0.10265759897773402
0.07123984920623137,0.05462560535067625,0.09531370573104761,0.12087602645824073,0.08089285379426182,0.08973794567756843,0.11105972243570181,0.14880776734632503,0.14777385477021823,0.07967266922972865
0.14811264455250794,0.10760493596832456,0.05312672711346184,0.07749557104809124,0.0346414116142743,0.12726011601680826,0.025674484891271377,0.20320723278848357,0.1164960144205299,0.10638086158624699
0.15154409766924662,0.12709101897943959,0.13161956950260545,0.03253900881879711,0.14805947446003057,0.03602974153101899,0.01553249276495438,0.12424414282025054,0.0686345722732844,0.16470588118037255
0.10684049919178443,0.013498396248165028,0.1997306244830062,0.052738299682526,0.20988591625032713,0.013608895120780926,0.030258970314287384,0.0931919509781046,0.12498426056834615,0.15526218716267226
0.13215264114459152,0.10677444468015415,0.0972664135311066,0.10940932270193823,0.028963172541473608,0.1706657266843201,0.17389377988276652,0.017106922496992708,0.13517756204885598,0.02859001428780047
0.10442119386223049,0.12947492255158574,0.06949772981404231,0.15636866269250688,0.1555562400651319,0.14373986463017652,0.055673734212693775,0.11448801571553399,0.03618360626005476,0.0345960301960437
0.019692966729663957,0.012619055330506288,0.07321514763335438,0.1517880124206794,0.12734520843122563,0.07058026007762308,0.15000191972864105,0.20866126081423705,0.006255705774133746,0.17984046305993542
0.03539842052405717,0.026705211784229813,0.18686680325539212,0.12740032255582495,0.189295495867601,0.010116792285519222,0.17690715307034727,0.06049019140965004,0.09242313061447516,0.09439647863290318
0.08779229029709572,0.030349865564102685,0.03737591239118634,0.09867994023893871,0.08950876452431916,0.1698981439120975,0.12781420923291492,0.014668608408090958,0.18799199624973492,0.15592026918151902
0.2650636423422798,0.06261391500556883,0.008191266887880275,0.051659974615852804,0.13149048772829813,0.24241616957106146,0.08875647339965312,0.024079951699648848,0.11678867508171413,0.008939443668042597
0.16379393344803644,0.14720559740109254,0.04296029346836433,0.11893031623136884,0.1765899165521203,0.0160237950939609,0.10016695536061286,0.12726722036773533,0.014354906052019641,0.09270706602468874
0.10880634799336877,0.11709408927428976,0.10254916173733412,0.012344794285776842,0.14411618088374065,0.07016272990098078,0.08562568299405336,0.13232423331176288,0.199649213345279,0.027327566273413918
0.17627619911673129,0.13043873888531937,0.006661005067085819,0.08424512328211288,0.08567659869207078,0.039875916488244185,0.14842615911195803,0.13415915541983056,0.12372587096068062,0.07051523297596647
0.05895990889958677,0.05071043115385601,0.10023630645144342,0.15612273240767796,0.09332203196580609,0.1588869284419586,0.02207206258846073,0.1607021566098481,0.11077887378291949,0.08820856769844278
0.015224051005727898,0.07208005980512838,0.12182558609838674,0.12643601622488626,0.14972671206788216,0.14077579728751824,0.05953734453062629,0.11885554612587917,0.1418973710196495,0.05364151583431535
0.06596779513540155,0.0376966172273998,0.03771727875588291,0.02906929638605894,0.019210967567021495,0.15946823161537882,0.1911394870231284,0.1456420142917433,0.23990681585384796,0.07418149614413679
0.05386917290838821,0.21598830734125174,0.04997848495722455,0.0019285580194225997,0.07606891892802606,0.013742921352587568,0.2255884657812417,0.17411221470082083,0.03213528598902132,0.1565876700220154
0.03251949276050218,0.11221523206262114,0.08931062347257954,0.12566102830812406,0.09438915220489835,0.1391537753483992,0.09354352658936066,0.1551940693007414,0.1573623509666687,0.0006507489861047976
0.13481983334606853,0.055483297149648544,0.12810499256193666,0.003565557604206891,0.16982947387408026,0.15680952197773385,0.11019607694669357,0.11943066996455422,0.07173807952928621,0.050022497045791176
0.1979570941183114,0.07032147611484191,0.0013383994489897498,0.028167459935733614,0.10944940907889776,0.12846835480401422,0.007004326330470061,0.18885097285366292,0.00011404654006257696,0.2683284607750157
0.09283260585788884,0.12673717228773107,0.15580358490637808,0.15621720711822457,0.10401987214452756,0.18488879590731858,0.12295347444764587,0.014131542762679698,0.01728100203917717,0.025134742528428563
0.184728719919464,0.012404206830376217,0.07258500280590141,0.169834155939038,0.10891365386637385,0.1454090845523535,0.12578397086358553,0.08338315708008077,0.06972025790502383,0.027237790237803094
0.11494398682109236,0.07762603644928129,0.2255966662145269,0.16259666157581198,0.012577300865614004,0.00848342296545799,0.03692835555375679,0.100569276503733,0.10366578580120997,0.15701250724951574
0.1466378639782526,0.1519247614145708,0.10695090607634751,0.03426313251051589,0.050378218437843965,0.1630676585254685,0.06830912924329152,0.16564775080644345,0.057125352428981396,0.05569522657828428
0.14881540933264706,0.06562992789139775,0.15082824250304253,0.04184640319133116,0.018616108295876503,0.11401102366050088,0.13057983969306214,0.055553919657406,0.06842137809950583,0.20569774767523027
0.14144921072885902,0.056120138306696286,0.07910366697304194,0.02873431401515862,0.14152623226248998,0.09697781892435361,0.08626778977335504,0.08088261775193693,0.1466535447646589,0.14228466649944974
0.13193052250903925,0.022330157385036728,0.1247647185733137,0.15205035508600398,0.06631257761005621,0.059965400670125006,0.14282653020536376,0.070289018276601,0.17711626482228898,0.052414454862171306
0.16160781717125824,0.055138724817695293,0.1032716968858196,0.14637913972275876,0.05861063255478146,0.01572219211791046,0.08869164634017482,0.17189387480333632,0.11080125454068071,0.08788302104558432
0.014437289386376794,0.009841987108877709,0.1884168185142727,0.0014499445509044261,0.05881293153837986,0.08848493039030111,0.14993676057362806,0.1748624954624869,0.17333352793441814,0.1404233145403544
0.024366862237660773,0.07446593656772586,0.09096276974983245,0.15590457224023496,0.191514547417619,0.0985685569634904,0.013186011422501101,0.10735277098968195,0.05190956579569129,0.19176840661556227
0.036468737586195885,0.12567569222351266,0.10499029488654602,0.12652388069738688,0.14622809938716846,0.09772625916394269,0.05629798634963005,0.14628879801140998,0.006366730355839767,0.15343352133836755
0.054464298392883234,0.15552796572482103,0.15319407310536756,0.07637640305033415,0.017828346901638023,0.07452589966312356,0.04826795315700519,0.14064972352949143,0.12258275759017201,0.15658257888516397
0.08959731235556,0.01574611564578292,0.1846318450157971,0.04972541373309178,0.14551084013694768,0.18218154243203025,0.11930984301277689,0.16274170970719015,0.003813148773645015,0.04674222918717819
0.16600898105401304,0.06037423563823078,0.120614717859256,0.10452412332942074,0.11331959127605984,0.03330638120830182,0.015537706836206809,0.20965277801519974,0.07500775138791667,0.10165373339539462
0.033893912851651345,0.024032773470504448,0.13761490675574836,0.001683673804110464,0.19655242775821488,0.024525454720749285,0.03649166263372844,0.20402104578415206,0.19560427734568386,0.1455798648754569
0.15096794546852768,0.17396489719857486,0.03821408285109101,0.07099479749535169,0.0023067019450815564,0.030329972220108893,0.16305019932620315,0.16322925749759645,0.13689145193600602,0.07005069406145863
0.12135615755603892,0.12661385363225913,0.005403170651349696,0.10258387783270177,0.13066822291028768,0.02794741012238013,0.10477212277993408,0.13231624635265077,0.13280973034908677,0.11552920781331098
0.01936196906871183,0.1365830953493655,0.1269907494259545,0.05297733717489553,0.01739443164752159,0.17493220565241355,0.22396179928101848,0.08158836616824663,0.15528013240609692,0.010929913825775486
0.09514272029763687,0.1279820974322061,0.08117963474990378,0.033679378703742026,0.09303047115244087,0.13680439146112133,0.08162612599514786,0.05622972792720053,0.15549154782141147,0.13883390445918925
0.09215024845916918,0.09938617517760044,0.062597265916318,0.05179583017339011,0.16635023397283852,0.13847998637882472,0.062045072383369725,0.14923509280131264,0.08291322997632398,0.09504686476085264
0.08709795960776397,0.15422725339459337,0.04937618903262953,0.10601257648796572,0.18458402643804803,0.1189894996975435,0.03373002308737602,0.0697145436895989,0.19040032721964278,0.005867601344838147
0.148433865426294,0.16423340768034284,0.11717507122674657,0.08811941813345654,0.06899182602876892,0.13432373157020408,0.062302553169624235,0.018626717577631752,0.09858539614145635,0.09920801304547473
0.07303608230634964,0.008651378342308573,0.018035063637571253,0.16877877171001768,0.15242855158676788,0.14104856075818306,0.009249796266632703,0.149668441522555,0.12001602012567207,0.1590873337439421
0.10009987182105123,0.17974060689070828,0.011726615394784172,0.049642912753922484,0.21862091125019686,0.20532040770609336,0.012902997184211087,0.04039996088349064,0.002898008134821436,0.1786477079807204
0.15314618855037093,0.07033971501465346,0.09862257963274586,0.10202243024335858,0.11324691983433788,0.13054873260357114,0.13193607244895014,0.1591025293215051,0.02177618769938431,0.019258644651122783
0.15993991230152332,0.1645411207588341,0.04536845226218792,0.14948003620098418,0.05727479281255076,0.022257082763892672,0.03584152744805489,0.16621491931494858,0.16566516407807255,0.03341699205895109
0.04283273072412364,0.09449431164403543,0.06856087371351478,0.15127381222112504,0.08234508468926534,0.13797540300585953,0.057728250989215135,0.1703847243295601,0.1677489735362823,0.026655835147018764
0.06205361587287261,0.011488992879134387,0.17519463174931735,0.1675384223381528,0.2132819871176499,0.03384132252721422,0.01807350390944399,0.04061898416339546,0.1108172485293235,0.16709129091349584
0.06599683972381871,0.00811011989603573,0.10901849685108962,0.005608229522075374,0.003636307848446027,0.2122266488715782,0.08159736694439042,0.2528001709324886,0.19189009095914988,0.06911572845092741
0.1599583398828342,0.06411968709120401,0.12923361294973346,0.17617395336116287,0.03862026833069455,0.049149344424567,0.03976109051227416,0.13882575902339944,0.08551500539174069,0.11864293903238975
0.1088710390716606,0.04669614233192565,0.0873901712603471,0.1438954542516326,0.0835266435213888,0.14665248493822416,0.08041696356464693,0.03881466236134409,0.12398719778112005,0.13974924091770996
0.09038691140577182,0.10642020873057019,0.07487432141656317,0.10511094281468233,0.15475423731891882,0.05644395021716229,0.05948701775058267,0.10772072557374793,0.19039886085700286,0.05440282391499779
0.11767202547234479,0.003247589614408818,0.004167605936546675,0.20621829051100354,0.0821157662762602,0.205290790074311,0.1504834490757973,0.010211246923700212,0.14828603423240957,0.0723072018832181
0.03973280640479369,0.05401201162093292,0.06561707535650108,0.0802624413326304,0.158014696443388,0.14691997905125265,0.12266061853875188,0.1386076172859763,0.16253244354033958,0.031640310425433665
0.04338261950934902,0.23692785093650195,0.10884378086720012,0.03651764693964491,0.03963765661624124,0.19283015470837117,0.07253158791158408,0.002095775518258155,0.14097447544276956,0.12625845155007978
0.16053616117348776,0.01415028374810227,0.15838208100701215,0.13736240069245417,0.027378720128894196,0.13452883293153287,0.09672050463444722,0.004963480091698948,0.12571858082917867,0.14025895476319172
0.06526689620420263,0.15135010489530504,0.174692850575919,0.05935251472213277,0.10749958531744243,0.15701576010882515,0.024414454319674376,0.1658197246489473,0.08581590870360845,0.008772200503942828
0.061687886364743566,0.16103252814399197,0.05690401420942675,0.054810133638155636,0.15440753523739778,0.16350782357040142,0.01146534635518537,0.15758987808049116,0.01537445817880834,0.163220396221398
0.05730878411089923,0.15078719589724537,0.16047809866122742,0.09061804100330408,0.16470316156357953,0.12231396890527818,0.05844540792616335,0.0385502454900498,0.007177463939478248,0.14961763250277488
0.06024093262260036,0.08841099840135776,0.08783730877646004,0.16855532617614044,0.09910925110176728,0.14011838404311114,0.1039235334975491,0.13892843238100472,0.05628146916174386,0.05659436383826523
0.10132154297659803,0.03408003900599108,0.1144844859313281,0.0838144503258401,0.03419288337549775,0.13723066836532288,0.17213369265035994,0.21241051238632616,0.09682881942365723,0.013502905559078897
0.07159311150240502,0.08133393109891418,0.2669435115688811,0.16135609310326068,0.0362095588620263,0.23784803933320506,0.026417142558860778,0.05834197244102012,0.006990942394707628,0.052965697136719066
0.17982401630505573,0.09014913780493405,0.1318244517179722,0.16554158617921289,0.0031472201395091044,0.12322734318793742,0.06684070907384537,0.1081830298096871,0.11775609950137148,0.013506406280474555
0.1846966072498889,0.025335722660742542,0.05847160677950862,0.10916022803172665,0.10663996533108101,0.12407486883983673,0.1439227039891399,0.1904412472924382,0.028905001726196068,0.028352048099441245
0.06287421777590144,0.01997279740411615,0.06664628002527097,0.07454259285899165,0.1372972889130844,0.08188026922474681,0.22254329579950693,0.14553123732248655,0.010893447929217013,0.177818572746678
0.12122698208137753,0.09471914041426863,0.12724229299465506,0.058077048277017033,0.1284315168270245,0.024353670160345734,0.02784220845125179,0.15784019324788107,0.14933116409897043,0.1109357834472082
0.038367915733162436,0.030726095610235416,0.20496708084534287,0.20374718348616178,0.1810594753938625,0.1167515479114213,0.05682852851190688,0.010454941274201367,0.024010054972240846,0.13308717626146452
0.10249677163609433,0.0654742074848056,0.18772525964451814,0.13868085371974742,0.09417062011931053,0.12935005759731447,0.02994960094723992,0.03167633397554829,0.12056867902946677,0.0999076158459547
0.010122102940863376,0.036436308091102446,0.10560578434164503,0.18905342149056292,0.06214872738895624,0.09826183235453109,0.08411435782020123,0.11115037647227421,0.17507536872326,0.12803172037660354
0.12407005006481106,0.23863923580481067,0.07114565841711559,0.04250235664421975,0.11492855653762511,0.03552273324540612,0.10730211333976561,0.17854702720585286,0.08271885284134213,0.004623415899051036
0.1829177417643828,0.007555135010778369,0.1726169812407929,0.10265331064013487,0.005833329425501747,0.08736216630629053,0.18603422245492016,0.1278600698164851,0.011059497718310406,0.11610754562240316
0.1357499875138625,0.10254666349148811,0.14223880895923308,0.09629412382003656,0.032377415034583544,0.028723591441002894,0.15465464822852226,0.059562015263772666,0.15839223118776888,0.0894605150597293
0.17242037369807606,0.12671468173399808,0.13587744097402957,0.0233371577008816,0.01244291685777119,0.093900082492447,0.13070948918411507,0.09416426762326512,0.1602092823082732,0.05022430742714328
0.06087739651350764,0.06910854446438108,0.1445704541564584,0.09220708572151091,0.03612701815596865,0.10589004419579956,0.18779608148798801,0.12165620632896214,0.0044505870758269955,0.17731658189959654
0.2209578119226401,0.03705155819618853,0.09006120713483443,0.07030593084974364,0.054252369974456115,0.05759871557929655,0.26954326997244576,0.06503656018905131,0.04174859016565517,0.09344398601568837
0.1328078608544142,0.04613131938554064,0.24266779621731366,0.12050617320239707,0.02311697791839379,0.003637837726219529,0.22936627014454788,0.12251597869733366,0.07442553007090946,0.004824255782930072
0.06901052042996433,0.12007846452324454,0.040258078928211406,0.13073070244149318,0.0579810685478103,0.1458851054158011,0.14657283390561465,0.1386824486939561,0.0383085956482623,0.11249218146564205
0.020620008709835127,0.1875031103967085,0.05952938412935444,0.1646373537832205,0.011589033572828037,0.1281226542190986,0.012832220534878463,0.1810877819344505,0.10536340573195821,0.1287150469876675
0.0660143294833793,0.06266048635908365,0.07803851530185095,0.17578326101196,0.16259096537014064,0.07820295455685015,0.033970346402077994,0.12236747496781906,0.01819188260419063,0.2021797839426476
0.08320101030688437,0.19573427962179213,0.08021159266244253,0.08654429764877225,0.09027313164385027,0.08757427658692207,0.1348243507944338,0.027915210074075027,0.09140797259203112,0.12231387806879648
0.13160709832993467,0.03724256874403457,0.13194718024806354,0.23435259088703095,0.1186114248184422,0.13646321934799704,0.03095133525012451,0.027996942832850466,0.12232877750838116,0.028498862033140886
0.14989175249215214,0.06853483524662987,0.03470018999492353,0.10313530316343134,0.08779364694841024,0.1541577036678912,0.14011685066082308,0.0035309254212180213,0.06639989757814035,0.19173889482638032
0.02518370662205285,0.11342100522233484,0.15093928267953774,0.09644661763521067,0.09424495181242379,0.15626271562410238,0.04566686789634482,0.12889569373226364,0.1206599708743984,0.06827918790133088
0.10216723099358462,0.0915310568106213,0.07479410751190328,0.07987532953291673,0.04614647209233931,0.14685781789976196,0.08743983049463612,0.10985957294331351,0.10911477023066221,0.15221381149026098
0.002161716428448331,0.062474541526753816,0.10712718943334676,0.17149220081286815,0.11535851662982784,0.16648445578207263,0.07393669639363307,0.03936753701808319,0.11670993404045168,0.1448872119345146
0.03352164065164364,0.0027964021841770346,0.16106397078582838,0.15454774617875786,0.1057813224273504,0.06260920291037252,0.17453532977468414,0.17687247295575279,0.0878764464203804,0.040395465711052736
0.10714372929624062,0.017752016116213104,0.1305091117539526,0.07154255663910722,0.022804813212855084,0.14945956716902417,0.08543638014378173,0.3323639654020251,0.009485786921110637,0.07350207334568981
0.12013401656688907,0.052517555578645986,0.07518543644324684,0.10025539030251894,0.14281952309996684,0.22507958854314347,0.05663966436354894,0.02835661739820563,0.03573856568893879,0.16327364201489547
0.117162495239263,0.0755239541677579,0.056994035980635904,0.18582265859045757,0.0525793393992278,0.21006215338773263,0.06913981622515913,0.10532115440285887,0.002383003928981237,0.1250113886779261
0.026435211706669716,0.13378716240487779,0.15061999500981993,0.13394710668671386,0.16857003371853369,0.07214687677379494,0.039846081520127696,0.16615964429944513,0.08608306398272532,0.022404823897291946
0.1158275668560423,0.03524904048196111,0.18780705352387542,0.19789156901436838,0.16596295297225003,0.012481211514812003,0.08588454261688792,0.118982995946068,0.04532181400354102,0.034591253070193784
0.11011227506413325,0.15293087705199815,0.14886903615999653,0.036649594439696745,0.060717116547293316,0.05181250217087394,0.04472044693724482,0.1310203822091226,0.1265440552447537,0.13662371417488703
0.17347115545280592,0.0187844485245977,0.031816175009664355,0.047882591322890175,0.04793670428088576,0.23668214375865057,0.14356297494637799,0.14192958541492018,0.03862877612287804,0.11930544516632943
0.15322295198951855,0.15809268168943405,0.14166737991106756,0.08655515764469662,0.008390755317832298,0.1302096682659943,0.04046584598738433,0.11478962143222668,0.007453769481674099,0.1591521682801715
0.16008335581413605,0.07306555219246921,0.15990596433075893,0.1253882933195344,0.07447283371295625,0.11833528315250023,0.08024345407418439,0.034043951760694115,0.1110830922349449,0.06337821940782166
0.18684284960556247,0.12209754328242908,0.09659616544470237,0.007544631344513459,0.1020944169940606,0.17138087089632725,0.028351150325004362,0.06619489555062184,0.10748044485199036,0.11141703170478813
0.16691144270669675,0.08366242357780582,0.12777728668807975,0.14912373377309096,0.09749532358490035,0.044016780745842234,0.08683430319940069,0.0894023740981764,0.013355225655439723,0.14142110597056728
0.16332828492814214,0.0198312214491113,0.07364912928088298,0.22350708540214093,0.13408545230876107,0.2124324844067033,0.03895228801026763,0.02699324837694117,0.016511824107059977,0.09070898172998947
0.12115060585981045,0.02471594381671541,0.14402499036885788,0.03706568272064561,0.09670288668072984,0.050945135858529174,0.08631029411432307,0.06988879496299319,0.1605708139606103,0.20862485165678502
0.019983178322637712,0.06116826313357043,0.08818925748098747,0.14223218538288246,0.1556279392157289,0.06868428428282217,0.08185515418078712,0.12291430841276609,0.1089608841625367,0.150384545425281
0.000998139197356014,0.08641893843522651,0.04196797636623929,0.03678773200383378,0.1830074884917604,0.1857748634890995,0.0810650526997052,0.15215282530046478,0.07078144892165883,0.16104553509465575
0.03942025766739408,0.11581127638874099,0.04322611937528207,0.12119549895813096,0.11383414443087878,0.16433747759900713,0.15652686667056853,0.05572772277297868,0.10791330825002314,0.08200732788699562
0.15009774006408058,0.18777645644675786,0.19840621079706616,0.012844035882633146,0.026166195882213576,0.07068355491955813,0.03135278923485911,0.11697423781642793,0.114848223103105,0.09085055585329847
0.019382354894880632,0.08530594389781794,0.039382945571787335,0.17940236509848953,0.0419806529147141,0.1337695625422368,0.037303890184063104,0.3010756990057334,0.14397055958740426,0.018426026302873072
0.1318966022158309,0.14576704124064102,0.035777071420178816,0.0398084032307422,0.07214868419761866,0.16611914470574748,0.14849954205537905,0.11867752381872236,0.13457674597302674,0.006729241142112858
0.09251333999835294,0.1220332241555258,0.04835950035950656,0.09654601675181694,0.13643866473070906,0.09198429432183254,0.05630215411934341,0.1417363607345618,0.07499581947057556,0.13909062535777533
0.17893459737517128,0.05303511762705584,0.161932916589151,0.0436341544587303,0.13529384280582069,0.11545538611811053,0.14514596630321874,0.0026001676120240825,0.141468831730735,0.022499019379982485
0.027594621042051674,0.049942948487577736,0.1716617783239975,0.11613244235835932,0.12379377826753768,0.1429200724768294,0.15699398663369477,0.01429555079641734,0.06860362253996867,0.1280611990735661
0.18378837918253257,0.03963416838633198,0.006059853224582323,0.1643771427585053,0.0057926896638013,0.17851312714325315,0.11345532472600116,0.17146093863805884,0.1237384178239107,0.013179958453022602
0.03882852532564465,0.09289676647314424,0.12357729063289088,0.0904491684846269,0.10694818406089839,0.12085383579988884,0.12208827954571581,0.15235163018866568,0.11693149372946021,0.03507482575906434
0.08780841943700544,0.13689824351254354,0.04568875325385776,0.10947118373917267,0.1692257717245553,0.030909428627010262,0.025527002401053243,0.14522039866892536,0.10852079321276309,0.14073000542311342
0.04867664281360699,0.16751862523437042,0.17897937010632892,0.019532524767925944,0.16752840575402306,0.14709948641312903,0.030101441893797952,0.07445706673865879,0.03972723198487781,0.126379204293281
0.031113842779574578,0.07011913958648482,0.01673482700016276,0.15419338954512044,0.1589889519309569,0.20575375174992436,0.017726383675306007,0.10529808432845374,0.13984281891907918,0.10022881048493706
0.10520209007474156,0.03153123019864957,0.011849377416348067,0.07922947256360804,0.14581121246226578,0.1430040222806465,0.1481866776828705,0.06512311339076936,0.11175579795741028,0.15830700597269037
0.024442589746923798,0.12597703008088626,0.025931388245908765,0.12796564632894475,0.10426144298119616,0.06022894470978883,0.0666143333691405,0.11342805097115681,0.19472231043904012,0.15642826312701413
0.10368245445428508,0.07952552027784206,0.16843634630170398,0.11432754106366216,0.1357433343277649,0.05862949963621631,0.10139794571502216,0.14081975125926202,0.06494039117922307,0.03249721578501829
0.07927744489991691,0.035223068366125425,0.1768440932966194,0.06691393861888724,0.08052340146050926,0.042581473169805935,0.13429298129605455,0.18719979339057963,0.047545729902401065,0.14959807559910043
0.14956741572668195,0.10019371260453905,0.12297234631239096,0.02509767436381149,0.1307510325104379,0.01999457715692547,0.11315344345419637,0.11056827071907677,0.12438274865251157,0.10331877849942847
0.07407973049405583,0.0791721640497961,0.003926940065536688,0.20887381236891503,0.08464052225680112,0.11608667316576657,0.08737528051386699,0.14668537538166146,0.0734893383961292,0.1256701633074709
0.1415591631243255,0.051260811173406584,0.1463327434019042,0.15393430460223495,0.1296684243602931,0.12456336677424042,0.13297854317112334,0.053227873563768256,0.026591380958541886,0.03988338887016184
0.14562931918627475,0.13520184571416702,0.03496543590256094,0.024006188253979033,0.10525973629320513,0.018272469560800465,0.14847201405318491,0.16392677925874885,0.10033639447809403,0.12392981729898496
0.11175847174483552,0.03676279443283226,0.02442729790630956,0.022348198922926533,0.01924368661560998,0.27185229894216517,0.18783291879656838,0.19588430402803106,0.05738347458079723,0.07250655402992433
0.014478588353509807,0.20891188947860495,0.05693575079333195,0.09748123163770452,0.06790781087475778,0.02947782976946838,0.10916180390141363,0.16220249457709213,0.20098272296835853,0.052459877645758296
0.1329801540507213,0.04866637894617686,0.0905421725911334,0.06836960153882762,0.058226225255834756,0.2404736639419481,0.024400711795135567,0.08214765434058137,0.16191132961569932,0.09228210792394159
0.14031666349478383,0.05298192659207164,0.02711511821013153,0.18340580550523666,0.06312137269465912,0.14772853251796253,0.04822594723649017,0.008673977034159954,0.19274873248540775,0.13568192422909686
0.1242185309266988,0.10653035336920971,0.13567157552981957,0.07946937805820763,0.09401414966528455,0.13734777274066592,0.10326049572728643,0.0029673196500675575,0.08922619278557549,0.1272942315471844
0.17808642945174502,0.13060469359823143,0.044150721518404344,0.06231198220771323,0.18106252559388497,0.10058421609209534,0.07525505912816659,0.024185568166371567,0.045313830610826125,0.15844497363256138
0.2537147774307384,0.0003749410224558648,0.06320191338148148,0.04748926484964029,0.06623771823031752,0.09910375182333674,0.03688542359780942,0.17262589689331445,0.09109252833587472,0.16927378443503116
0.08559601182822466,0.04715760502787704,0.1419012537727014,0.053750316585842756,0.08752307987825869,0.17962740322026405,0.08884850675728781,0.04145574769574404,0.14042708718897276,0.13371298804482667
0.06793745055728836,0.1440779217524562,0.24304697056391897,0.14852081171987522,0.1381091922963529,0.06521003981884987,0.07853295789062648,0.02407492544143194,0.011866096991235099,0.07862363296796505
0.0017545099354432602,0.03832914059830502,0.1884106619643017,0.08159189730208867,0.22544596091474134,0.18483785325412477,0.03521576865485179,0.023162602647759996,0.019610720726947806,0.20164088400143562
0.07592577135336907,0.15768276797067166,0.12054397570191804,0.17484015219310067,0.09296859402614285,0.06603373254080903,0.01126164090509744,0.15082016860408606,0.058984977531854554,0.09093821917295057
0.23689978615398366,0.16181902352325522,0.02093308235365372,0.14860766886038965,0.03815973441889937,0.18694020697438293,0.028713622031527324,0.08857464461710336,0.0457044677891756,0.04364776327762916
0.09815774544779964,0.11454926119948358,0.14599054694610153,0.04151027642153093,0.0614195118618107,0.13090715048247017,0.10219987009739231,0.13625745192935257,0.13030491790644835,0.0387032677076103
0.1962751598845742,0.06563890289880078,0.19337306202591048,0.09707413478919076,0.0408023273647341,0.06349294215060634,0.10550669793124766,0.037444604307383646,0.0068700316116599575,0.19352213703589202
0.13197696226909372,0.1245287991463779,0.0987487163624346,0.15404691158709047,0.14776161879543187,0.10674193888042859,0.01395670636988297,0.04740953098639664,0.12195841861187766,0.05287039699098549
0.054055307768472095,0.11633025325764232,0.13663231466675185,0.10758531543592795,0.17210984861489118,0.12713529834384146,0.08617548295203771,0.036320839951278557,0.07054513037549787,0.09311020863365918
0.08155220821138247,0.12970162975967958,0.04977048615345153,0.13254703654328784,0.08103559503031274,0.08581801261745571,0.08277110260021174,0.08854969747026496,0.1373310461424702,0.13092318547148327
0.17325655414807953,0.1058881657275353,0.018222839072055397,0.0075069103330819295,0.12856799519735704,0.044013856717722,0.02004025034854549,0.1687229116719011,0.1678237187816269,0.1659567980020953
0.12132297811850365,0.15951270983615867,0.04751334615255277,0.18514044009729175,0.04989025477556663,0.10190258567250253,0.09084063918928013,0.07451839534057544,0.1618640292370809,0.0074946215804874965
0.12595351303449315,0.06753924523556545,0.18955281489422252,0.019088470395624318,0.07850983140945383,0.11269190167336096,0.14455369481026645,0.030109021102322144,0.18646580116967834,0.045535706275012876
0.030401024737731642,0.10460046607919363,0.004008296152220347,0.2362377024353888,0.041237968329689935,0.09831340757638797,0.10689052815911092,0.2077447034960663,0.0919278353038219,0.07863806773038828
0.1819773451809173,0.0007996750907659476,0.044963622201087905,0.05294252799963194,0.12307618650282688,0.04412621559826221,0.15362104042185382,0.0631600502064541,0.12511221455174298,0.21022112224645692
0.15328864845330567,0.16951304925602606,0.18758741474697177,0.011425446837763665,0.05915457879951254,0.0572724300329134,0.00783322519801133,0.18366140205687403,0.08799753670375221,0.08226626791486934
0.13760885885570584,0.0198631080642656,0.1502036623130644,0.14855452690251514,0.13164862023387866,0.08354877074938916,0.023538123389720667,0.12162858648900689,0.09651973547067585,0.08688600753177772
0.03601844528809752,0.1944317743948445,0.022640265779144124,0.05802925621480864,0.025230412150428705,0.08967736687839703,0.2079386320497928,0.08588011621881875,0.14921019661742863,0.1309435344082393
0.07682534444091263,0.12506108612881545,0.1030117195674435,0.019867646407003874,0.023763429589792825,0.18496336761524948,0.15213527015747258,0.23577762869547714,0.06984980790894332,0.008744699488889111
0.18440050263540564,0.06713440957561018,0.0539805083890278,0.1748799911834979,0.07237728636510529,0.06191371944712665,0.035141924799275345,0.17904491861251948,0.045315300195418774,0.12581143879701293
0.0707268302823247,0.19208996108401075,0.17017452430522487,0.04980030546086412,0.08988893517129332,0.1640800647731655,0.01816413450688561,0.18062515379688282,3.33165269353481e-05,0.06441677409241287
0.07883968860227834,0.12749076522940606,0.09843288293247873,0.11005556620432372,0.026672923709051586,0.06006447370766678,0.11726024608219301,0.19087005308316773,0.05787061779966379,0.13244278264977022
0.022084433123293966,0.19135739992915338,0.09840335458549776,0.18219422770684343,0.11417963251008569,0.10306025515964773,0.14114145227731625,0.09613836504969579,0.04314522134207307,0.008295658316392977
0.0800897108401248,0.045031519947438245,0.11245503943199692,0.1685313574430895,0.19447845415008946,0.1299066114250169,0.0006835811114810929,0.029680344665830923,0.1772118895757791,0.061931491409153175
