i = 0,i = 1,i = 2,i = 3,i = 4,i = 5,i = 6,i = 7,i = 8,i = 9
0.09663990959354687,0.1424127849368483,0.1407915532363512,0.041401889049665776,0.11478306309052964,0.013095358427735923,0.04791851510525735,0.11975271132134162,0.13057643915819742,0.15262777608052588
0.07594729640409728,0.24458770276374894,0.009973393993048436,0.23842868853995391,0.10161026229394583,0.14323417699724678,0.059156584882756345,0.013501175840053625,0.1133189103426578,0.00024180794249082843
0.21423078439067997,0.14482372723268852,0.07610329476666781,0.16146904792331493,0.06689439453670461,0.04204072444940213,0.1487419948205962,0.08567014730500014,0.01745079010661067,0.0425750944683352
0.0987019587781163,0.16191451988206979,0.12908015222898264,0.04718377281501622,0.027581776101416405,0.14558742997695187,0.0809403310251792,0.1294543327419337,0.03974970979866664,0.13980601665166725
0.07061242014935061,0.12394813048263623,0.20673473728558003,0.06039010655708871,0.004487257895270043,0.15239188172124377,0.032815053226596884,0.16325940931309063,0.11039661570328893,0.07496438766585412
0.025145598421145724,0.09865933345845214,0.11071282639257381,0.13617666019645572,0.10756465567452934,0.11640187509633883,0.14504679243292148,0.035019251569288194,0.06871909286293759,0.15655391389535708
0.0963517425853688,0.05147376332331382,0.1423544086896971,0.18494871103470167,0.02485371707401833,0.07644851220678618,0.2595372658203849,0.12922321807518297,0.033077548105773534,0.001731113084772761
0.09377960205759825,0.02940907897858586,0.15623638455106664,0.04381785582164419,0.2242566116651664,0.10647206665022543,0.1685261601627832,0.012146202490789076,0.14549154689163776,0.019864490730503084
0.20712208109880972,0.0864706778826666,0.010714007271304348,0.13732192757174544,0.19839915600785057,0.024912119404860513,0.08389008886836281,0.11368519224963286,0.04660795006126015,0.09087679958350692
0.08315447295621577,0.16283529890013526,0.09472536231734462,0.06266623489734623,0.09594099975383395,0.010557497765916607,0.11299696844839568,0.19610951961820355,0.019463866195285236,0.1615497791473231
0.1109005121031069,0.07367772902902053,0.06166964237746896,0.08730407981450129,0.1780263269877646,0.05375408392728625,0.06234811237299356,0.12232889693068577,0.145338191280594,0.10465242517657809
0.00013350244643515644,0.11707472125630494,0.04082277566129104,0.08714400616092008,0.09285536264616134,0.016812900665982823,0.10808211038144638,0.12680687628729576,0.20657837899650006,0.20368936549766237
0.08875732241960746,0.053674050065141865,0.08817928288277281,0.05321865661961529,0.16091635442044713,0.11841907203009264,0.15966022679940137,0.17537947422787808,0.014256192300527102,0.08753936823451644
0.10942607170841154,0.0977727285173659,0.056315902306976695,0.0109603887492257,0.11988621894858095,0.18014436615131185,0.21085537214287003,0.11950407666552128,0.0035366441178642564,0.09159823069187178
0.06651851744426103,0.09588167824287554,0.19012513308300813,0.11720178829374206,0.06889437967963116,0.06401031310898644,0.0746817492720409,0.17746099700295176,0.018116403415935935,0.12710904045656715
0.05313979316713122,0.11595358029663107,0.13541308904941243,0.026330270854735313,0.07589250746802233,0.2111612623528093,0.11197224311267709,0.1275071694446606,0.13100838786154312,0.011621696392377668
0.0209642992522896,0.1547105925438225,0.034886975165687256,0.18106725883372543,0.21998574151192107,0.08236843386965238,0.034015634355797665,0.12722722141211484,0.024503365357270716,0.12027047769771848
0.1073927398305189,0.17949857168006664,0.11901878940518643,0.03449475267180143,0.06475029786085908,0.020484374058453405,0.12465344652268116,0.1278563902588663,0.11504466879218227,0.10680596891938457
0.044786596986711155,0.17373866812261002,0.07497054369339748,0.11857584785273691,0.0863044810491478,0.1299139618524291,0.04762364487793228,0.14880916089910823,0.14039622349471503,0.03488087117121195
0.04278223296346877,0.003070203332230029,0.11125412107813965,0.18332452384120307,0.14642135846242935,0.10964819548043644,0.18589592591757423,0.09460754323551737,0.10150707451291088,0.021488821176090134
0.0968770010483901,0.14819350698771316,0.18064212751812642,0.0033317240137034757,0.059057032038290734,0.02595317893653312,0.08770924349504974,0.0697936502927336,0.1638705973003369,0.16457193836912282
0.007385305050647159,0.1581327566834711,0.2950780480979875,0.041371110817983704,0.06848274201980675,0.0622520178719046,0.2901948156848696,0.025000360524446832,0.022353325599294628,0.02974951764958822
0.11276509594891661,0.10812127097740432,0.045083663708772634,0.13167985708340746,0.16730856937028615,0.16952104070066137,0.08384834927578445,0.14022682131117134,0.003873572661993737,0.0375717589616019
0.12705113048478,0.19770534742223972,0.02086572896324948,0.05223442372094341,0.1982599866908163,0.025459405821515457,0.1580509257938523,0.02219400042757021,0.04744350851610506,0.15073554215892798
0.06786870832376257,0.07299575557623578,0.09236973983230759,0.08869231048337538,0.146313271178065,0.0159111263550307,0.058089658103353294,0.07981489393437372,0.17137284625353533,0.20657168995996075
0.025508289556849462,0.03398877291389301,0.04950339190319241,0.17061639378636978,0.024948807061759844,0.21233641854809154,0.04035030814400138,0.10132419997557227,0.1437732896596621,0.19765012845060814
0.1365269313207491,0.13792093775782,0.07757287548430307,0.12179998904574768,0.046549501446656726,0.17653879271779715,0.02477537750308341,0.18986030079131122,0.06782568347188155,0.0206296104606502
0.017180170275335287,0.08208939184025209,0.0762507381439048,0.12972315763465453,0.11228202149754823,0.022149054173529213,0.24940461234874,0.006583135011444139,0.21701486248911814,0.08732285658547341
0.04627312191318434,0.04605269747682443,0.06654058112890074,0.13575377051654355,0.13508297097737712,0.06807779715299028,0.24594236464339395,0.16961568508817884,0.049389156116048744,0.03727185498655799
0.00429850026582357,0.03064879834062814,0.20719292769091138,0.20622942136444292,0.05510849258403991,0.03874847520172978,0.16450281138680153,0.13307543841490496,0.024185765692513947,0.13600936905820396
0.0650732838650408,0.11062731611866591,0.12300457396195569,0.06442420806763147,0.1302958492202244,0.10921092945694828,0.12927031737156086,0.10987369809659221,0.051749222542698634,0.10647060129868165
0.08718608209148951,0.14181785702131625,0.02805428445742951,0.16502837821258362,0.08546672558413335,0.014762780468303387,0.18718470709570473,0.0981038253169513,0.1195761405820233,0.07281921917006505
0.17734711103575643,0.009118852644227437,0.16420277611955603,0.08629310182186384,0.11771365770729035,0.024878587490951273,0.1568841681731503,0.04153381749764065,0.05918983969883716,0.16283808781072645
0.17387786207985925,0.08293459488390084,0.12905673050896424,0.050216699489716944,0.13998920462447612,0.08881755474707557,0.15850720954161324,0.0545487983775064,0.09442467452300472,0.027626671223882803
0.04161991296324403,0.1402496687201105,0.04862688083381347,0.1082081180764197,0.195180459046601,0.10466195840295628,0.04521426722182191,0.21102738877731322,0.038762781524509266,0.06644856443321055
0.05809195550482938,0.20368881207647446,0.1901983260283211,0.136686794442784,0.015615881093688316,0.034839524041707814,0.01947474450812087,0.03606031162369186,0.13734673060477584,0.16799692007560635
0.08884474326024087,0.07854762700107228,0.023310532811587903,0.12275479257320555,0.0384558502436757,0.015567317749833958,0.24663071758697394,0.169516850710794,0.010203718406742735,0.206167849655873
0.10983099665014705,0.07957377855899789,0.013900571918199515,0.017793986811689106,0.08957817806539377,0.16667680369975615,0.16265257164859132,0.0789130135031752,0.21590880577433225,0.06517129336971783
0.08206527711891184,0.11577788772468203,0.11063945546739572,0.07742808661131399,0.09864032691473136,0.12966748125425037,0.07598703753332572,0.09287345419287533,0.09481041366596302,0.12211057951655067
0.12878089349791458,0.08760215222291726,0.12554022898896752,0.02523042892203351,0.014213328018058547,0.0356893646102827,0.1755486525901555,0.11630748075705835,0.14353065405952584,0.14755681633308626
0.15869601193200317,0.14155707306898233,0.06444728083312433,0.11448241485463481,0.04225864788487445,0.09660519576676466,0.11531623943308593,0.10411086505243444,0.1468854777310905,0.0156407934430054
0.1344388912922299,0.042903080147927354,0.1245984213794687,0.03783608385370789,0.06870723372765761,0.03171578140430063,0.13146170192507284,0.16784452981933493,0.1669532412040604,0.0935410352462398
0.17785629257405192,0.09832563572310388,0.044672843393876144,0.028823465088103985,0.14855232172776908,0.136903028442158,0.08337662965632404,1.0932196361078088e-05,0.21159204602107926,0.06988680517717255
0.06606776681651463,0.14073474617904774,0.1243286917518602,0.06968577958084358,0.04036551315882978,0.02617623711219721,0.16606047824786457,0.09242846060745581,0.15378544781603495,0.12036687872935149
0.09974112387823525,0.10776208663943865,0.2198262309046707,0.031957420987277135,0.02034862180068421,0.17786106943094668,0.18801717252813524,0.028547462818436224,0.08198017883060915,0.043958632181566815
0.03307186969367868,0.1707462669719907,0.1882397783487348,0.05981885372594039,0.14903359074440942,0.0571321433046664,0.041395995642408034,0.18477164847463592,0.05614392408506388,0.05964592900847178
0.0505419255573456,0.07447889250117518,0.0035871503381124607,0.06004114523534396,0.10641647827647104,0.05439337736654827,0.1458402561252767,0.12875044097365998,0.18258135950698773,0.19336897411907913
0.021112140907761662,0.1635552945149246,0.05330244657417999,0.14630902860037776,0.030224105164098198,0.06645170502806827,0.1629627426155487,0.11786062142690268,0.07839315042878328,0.15982876473935503
0.17709878601327628,0.02478619009204247,0.18051590143862836,0.017952415478888345,0.07211125436480126,0.19578473011577846,0.0712999083013637,0.11556479971159221,0.0720407927885137,0.07284522169511509
0.09904503988031849,0.12467043209272602,0.024357533628778415,0.12163443264139426,0.05656261608812543,0.15850973928858453,0.10350801680896213,0.10404770434377461,0.1365750523923233,0.07108943283501284
0.13704445477281607,0.044909040755070066,0.05792011641402291,0.08400559219736019,0.08792899383143796,0.14401592047687706,0.08440778119277002,0.23364971903795542,0.07657453281848955,0.04954384850320062
0.02237087165888543,0.19894837514723196,0.16748379706933672,0.07880089915002633,0.1135073371704231,0.052390013422183836,0.1217570652602539,0.0746935872479889,0.11573388837900499,0.05431416549466485
0.194917520984465,0.053131127861263235,0.18079860767801648,0.13644695477623991,0.06774365669189558,0.0010544651295005742,0.04815576843438225,0.04555392453311224,0.04285110473317539,0.22934686917794928
0.018502749774773727,0.14471397593618776,0.15565922172639668,0.10102801986368957,0.09952405599166582,0.1639161142697274,0.14971957475785344,0.05574574589639012,0.10441311337280945,0.00677742841050611
0.11255839654689455,0.17189621162109361,0.09744578622858803,0.03290278529964384,0.06495224929008937,0.12583287694434947,0.03430875508190744,0.13920237101781488,0.019626667989072387,0.2012738999805463
0.025744531676203723,0.06007820795977827,0.03884126462920234,0.1973540743219706,0.008081743913619691,0.019259604116713798,0.21374616465820165,0.04121963568875225,0.25307382370608833,0.14260094932946935
0.14133865638512538,0.12721639069752072,0.039872395338951566,0.14909250047765046,0.14727221417858866,0.04096810071628353,0.11016575313048371,0.06744114330238245,0.14045860159604404,0.036174244176969454
0.18903943749965677,0.09465716093148839,0.0051205040072507665,0.04097570528933848,0.12840405065992616,0.07903758302755934,0.18635965526897966,0.14820759885330093,0.02607293273672738,0.10212537172577218
0.04182726033341592,0.18020640939107677,0.010750611019519482,0.1309432394306579,0.18105310367618255,0.08970934564378419,0.09991079465600884,0.11286563323404275,0.05618483548044609,0.09654876713486546
0.12922456314411127,0.006758005665603629,0.14821638068028464,0.07540368448008722,0.12011095506485615,0.12839123364188815,0.08611056507044428,0.09917923377903476,0.15406320082932912,0.052542177644361
0.10716986847625723,0.08138748259058154,0.028145202334756692,0.0826297578318122,0.06013416031077004,0.16946215529179037,0.20834884634366502,0.047460971408236394,0.15140315652996236,0.0638583988821682
0.11496709494437213,0.0840920128443265,0.04542752047678822,0.177934882979067,0.017577494729714607,0.0010550773440128965,0.14512982866042656,0.11997033667801528,0.14984346779567026,0.1440022835476065
0.10551061321744401,0.1764304987683527,0.17559962432906243,0.16394160366647767,0.12210552632474066,0.0043167540957740275,0.11922703578323436,0.04895206661208964,0.04394735301544105,0.03996892418738333
0.11768387504094698,0.1454343935122476,0.13589250205296324,0.003082818236301506,0.07640769203595221,0.13705593455371212,0.015049328108749422,0.1445648749711128,0.06820491527266118,0.15662366621535304
0.19688059117033452,0.04010033518402095,0.061627665696735966,0.06311376533138162,0.07901811124347595,0.14503375358453047,0.09575210760792807,0.13658988003028863,0.1322456185464361,0.04963817160486772
0.1368489998073748,0.07627490899443436,0.06940097957372468,0.0806260706409319,0.14462858577892504,0.11797114469485225,0.11851723045859162,0.011439905563382008,0.11822359825999806,0.1260685762277853
0.09228241781324277,0.04571210751586798,0.10277712207500052,0.12960331811028072,0.1129870222503602,0.10637099369828928,0.1257494879611813,0.1269324555153433,0.08470216153491206,0.07288291352552198
0.15413637963137458,0.07298939039634679,0.053218600442613055,0.13227508430701565,0.1918649349884814,0.033052594847602916,0.13528960308397678,0.04892182640723443,0.175960514479523,0.002291071415831391
0.11249944995481008,0.08010635895478059,0.0857226010708251,0.12238574425452324,0.1637493855207606,0.12977177608775337,0.07133893401222616,0.09461815612434657,0.010410938181334704,0.12939665583863968
0.14797158852917514,0.1471549464108936,0.09470124161325973,0.1796100260304098,0.10487472406599305,0.009423065119477471,0.1296931649290248,0.061759868342976115,0.07891079692636248,0.04590057803242783
0.032990248654913325,0.09617140307305785,0.19825909650800416,0.006770227394394579,0.21829031070285207,0.08162609781994494,0.13075706729072198,0.13414308271083214,0.008381688184955209,0.0926107776603237
0.09952659693414062,0.09295058357421572,0.030011741965321564,0.03274362225404188,0.06457780788735831,0.18898086142233725,0.023129981637090673,0.12777349660855572,0.18219865926383583,0.15810664845310246
0.13587433391875622,0.019871320097511726,0.12025548365811359,0.07562382900878194,0.008757149526007374,0.2068485830601422,0.19163157891268479,0.00042512831912498136,0.11993247744256584,0.12078011605631131
0.15114260582740788,0.04909739504821914,0.17201142573492803,0.035908626225398116,0.13319146930056092,0.14747233477054503,0.060222638829770025,0.04823676583140005,0.014121742461804317,0.1885949959699665
0.01117259044609002,0.1390096985037498,0.08616009211955022,0.14756094135644274,0.1808568085861431,0.08704928605534414,0.0807993242461748,0.03735420759721037,0.1862878542609968,0.043749196828297886
0.1315803044864805,0.15036104929641647,0.23697956746617033,0.11001179229374197,0.11486369937681079,0.01749225779913246,0.03763039803178733,0.03307841929524805,0.10240972843976075,0.06559278351445157
0.03309068543880245,0.11841455622032888,0.0876258887673825,0.13170817434353635,0.13639205850880418,0.028629583656295362,0.10614955377596308,0.12038724888128308,0.11269921651288196,0.12490303389472225
0.12003837076218382,0.03489846082097074,0.056172054660955484,0.03154333447748082,0.2569382087691651,0.01303556717944148,0.007220205942159623,0.00536023911501891,0.22044146899787104,0.25435208927475284
0.09899644425732519,0.060904566265681956,0.11328973402246566,0.05732896343099399,0.1852164240962708,0.04877573539282266,0.05279699741191041,0.2035260908288493,0.1058727073661776,0.07329233692750256
0.029694781798735848,0.13962301876637892,0.12826908053534145,0.08560111874469024,0.09005888606994662,0.08591446133970111,0.15297505397110356,0.11359860455852433,0.03986275266664891,0.13440224154892902
0.0683920056293872,0.10108894679597705,0.0861961106951835,0.19578392238457334,0.11667143717119524,0.04965151525668929,0.10777148896828652,0.07971626174459114,0.13152853575323506,0.06319977560088155
0.06970078217671512,0.13514306099224796,0.060833571955097594,0.039216333053350524,0.06674436449660044,0.16177391432945556,0.0734184338440576,0.169150030590695,0.021224950372421815,0.20279455818935835
0.15947665342474146,0.024363599533471125,0.13450886726759945,0.11170818908407879,0.12879624069773482,0.16760581981140174,0.08501426546464513,0.042332068730517786,0.036140450860683924,0.11005384512512585
0.20259042179669798,0.0644037863271061,0.06585860907763218,0.2280767173583552,0.18333368310986872,0.09412258082071534,0.07051206696666106,0.024666628533981654,0.021427587217283866,0.04500791879169789
0.08364553338008762,0.08931476548884874,0.14453394638864367,0.13318409685866095,0.11088152433449613,0.13475104471249416,0.03500553830253904,0.12179289718474694,0.0696716801127244,0.07721897323675832
0.19323870539302346,0.21326829960754567,0.018362925911168244,0.01597178343508706,0.014547168832313535,0.09981843258368377,0.09363118806421783,0.06272400093563914,0.1996452997903697,0.08879219544695144
0.15328627747763676,0.009543429282716055,0.1912494326085088,0.03842721013275992,0.12252618880951706,0.18594008205146456,0.028280035366300863,0.006702187390466512,0.1374754759119709,0.12656968096865848
0.052371484672352336,0.005058548881542556,0.03215432518790218,0.048545184844147424,0.13467279621762204,0.1419199020283055,0.009192308505418504,0.11753699398571073,0.29792895673939374,0.1606194989376049
0.07034517763892623,0.13798715806750764,0.04749293365806668,0.16295179282864036,0.204039969651271,0.0239265880027922,0.1504743539367361,0.037902608386081844,0.16479104309263187,8.837473734623091e-05
0.005834766347779668,0.18829574702335797,0.12656452004199586,0.0009117373319553431,0.02481541729607195,0.18775996300651243,0.06756981444336597,0.23417255999990738,0.13978832827205886,0.024287146236994444
0.055490843040183514,0.10168243462598874,0.19068034900249775,0.1430604410961395,0.026320918839025202,0.06548151970784061,0.08438986564595449,0.01033775159544861,0.1978995344112915,0.12465634203563027
0.17752425431356647,0.10197367366791922,0.12610712650728964,0.16640984707381867,0.08833733296152277,0.07673507033403201,0.09497118390338606,0.09347935586926667,0.0096294698075201,0.0648326855616785
0.12404605520198973,0.10001368041984889,0.11214985663565841,0.008783677601087512,0.09073436344823921,0.09967332316764531,0.16853857279722484,0.1214936233431433,0.12363321823344962,0.05093362915171302
0.10151976909706446,0.012417393324454745,0.18212373593978975,0.07963352092358293,0.08443583804977962,0.09192209431308881,0.06350160047557457,0.0804191844139729,0.13942798264303602,0.16459888081965623
0.05889598093261823,0.08247731307062475,0.19709974354081697,0.12333815279738308,0.14978530147723368,0.12999984864788955,0.04210783059401508,0.028450145600089332,0.12426587290389345,0.06357981043543588
0.20599726048518224,0.08590216600318079,0.08529628489147922,0.10081855834361274,0.026408229800572218,0.2461233695136937,0.12375502105867532,0.04477283906534806,0.01209040266879109,0.06883586816946455
0.005938948103783985,0.15304000639532667,0.12027058859061142,0.08244478544451278,0.14766909069637096,0.08775367618590402,0.08950492294902576,0.1550337248205557,0.05641865625667797,0.1019256005572308
0.19726159080988945,0.04994579633241136,0.08443237999942964,0.021225463983215682,0.05414886190822345,0.08584802232401487,0.1456556513814404,0.04582728085428596,0.28235668894100224,0.033298263466086886
0.04208612165870121,0.07858345334981577,0.06070864713670928,0.08009989837524249,0.14328581524295636,0.0967462928450953,0.06897588201192764,0.15193634031906697,0.09746749680386495,0.1801100522566201
0.1380383275049442,0.16297554532177808,0.15328700454454133,0.1133837933143992,0.017889098291935388,0.061637934289674214,0.05523592593222436,0.009603439210860652,0.14856553552463636,0.13938339606500613
0.04179893002738744,0.06155817255374597,0.09764694837455025,0.029469280645580822,0.021442022292234023,0.1179765309687736,0.06718281395869631,0.18083911064293406,0.19011917271505224,0.19196701782104514
0.12554222091848885,0.1516598085781495,0.0712685583238903,0.043773423286218936,0.13400763982889344,0.05236386363483926,0.1006249064878494,0.09218274305766483,0.05938413568495841,0.16919270019904714
0.0650046815516303,0.030898350376281785,0.0017540441805690176,0.0488265381658737,0.08652992629477955,0.10518664542872053,0.20966657473020192,0.21837196065650202,0.19806546955749674,0.03569580905794442
7.725871307474665e-05,0.15083551128644063,0.13684873652181703,0.07405879771792576,0.13940504654303718,0.06970349568398466,0.1274829978826471,0.034310256090165185,0.1708397443255603,0.09643815523534732
0.0001275042313314634,0.018448592854661525,0.08379775620143069,0.11244323555739383,0.17573286685856992,0.20318222455294746,0.013593426518986077,0.19452160489449272,0.12595173898295614,0.07220104934723014
0.07780251790661762,0.08302767581674506,0.10988126965219361,0.056089683697286646,0.13517128243865129,0.15098445991914466,0.2102771333396733,0.08151744636647432,0.06683699386819061,0.028411536995022964
0.08415236650024469,0.1407447639933923,0.10242920949043618,0.10926876812174194,0.16301681238321752,0.032542700785638784,0.05705834906259536,0.12574426927975946,0.05843521791332792,0.12660754246964578
0.08461549231379784,0.15159787023477142,0.12401685447907217,0.038962771807939306,0.1666120857988188,0.14336344558832187,0.11750554178298588,0.08802643404956399,0.009368392306353864,0.07593111163837493
0.04297206753335251,0.018255281633238273,0.0029040284226841875,0.05443829847439421,0.26051440812935883,0.1316418297902191,0.1091431031028205,0.21310344893862135,0.0002309262521590696,0.16679660772315202
0.07331901169441689,0.09070783496453604,0.10356101919826838,0.10081352871411374,0.11408856180728971,0.13853031567667345,0.05060136040245115,0.11910505677067437,0.05159647474642705,0.1576768360251492
0.10616870507821506,0.11930604955234957,0.04763643382698549,0.12361005117536511,0.13538408341101288,0.15929364184882402,0.046652878726612626,0.15735861528826964,0.07577122656940781,0.028818314522957775
0.17904215337277193,0.019663151424954353,0.06118280672137831,0.0797765382153896,0.2070757687094828,0.14851843730364003,0.09602432770578716,0.1529592789880203,0.04761172539975438,0.008145812158821169
0.07587596075704361,0.08241331587259146,0.14147619362144848,0.03413165675255711,0.1509087464703851,0.11805468362001124,0.03187052609192247,0.15198403614478237,0.1056421520276623,0.10764272864159592
0.16880458284512365,0.06228750515603397,0.15212390074123858,0.1017494574669005,0.0302458963169452,0.1528635972659377,0.05011144614476732,0.02212662899296395,0.1476041664034529,0.11208281866663626
0.06241926293725896,0.21829644749744992,0.15009854412136636,0.028999956981578194,0.09055010175636866,0.14288601355429764,0.10387137145875117,0.199034216904666,0.0006500777773034559,0.003194007010959672
0.15235017350255786,0.08281801158472568,0.004598031126862664,0.057509535916648785,0.019162390233723306,0.05287848260928812,0.10023768431748586,0.1559397381122715,0.15611082745632168,0.21839512514011458
0.08333886684648079,0.15616285059632082,0.12384107727634638,0.098327950870959,0.0440533223022023,0.11415412745236102,0.09442365565199128,0.05415704669599217,0.11216463521966345,0.11937646708768274
0.1089906104495521,0.026814165598801294,0.06567012550430958,0.22801927732639618,0.10467671062092487,0.061055254378160444,0.12827470771044241,0.054879737336829736,0.14238353961939382,0.07923587145518955
0.10323214841201958,0.11459744916063704,0.04906764503614117,0.1348692998497697,0.1561457779334303,0.13303320879348138,0.10887794801073356,0.021700839836754245,0.04397639740248132,0.13449928556455154
0.13964629357830555,0.06194633812552859,0.14026362818454244,0.09018449240394324,0.1601086308875466,0.17441398595699958,0.044067163655792684,0.0034955497875643234,0.019065562712589506,0.1668083547071875
0.03523734998936246,0.05510813141965562,0.16484219479984769,0.11434545694123394,0.18770623144335774,0.15276275181578988,0.05955301572123896,0.1496219629733936,0.048586249493657085,0.032236655402463
0.07229428573040504,0.05637625836151296,0.09417013134265631,0.10298080971698907,0.10409449482215825,0.21307405308599772,0.021234271036485144,0.19110195456186094,0.012105905186839157,0.13256783615509563
0.07906853538313581,0.01947047333879505,0.08587370774706672,0.020609158840267445,0.16532893092147638,0.14024733563037498,0.13400142848128638,0.15848785862797046,0.10062896978405653,0.09628360124557012
0.18463635135904827,0.10286728318379092,0.15559562574370486,0.16430831886265784,0.001870179512066671,0.08455694207774245,0.10021298734117991,0.04821511047435603,0.12207028464089048,0.03566691680456237
0.12059134931678833,0.03400887017798965,0.09862858136088341,0.10150042999316168,0.1479338974549562,0.15326235330340962,0.051269102384451745,0.11960964866282871,0.0952740152842623,0.07792175206126824
0.03073654398293358,0.10840160328333487,0.16787848454319396,0.06250192662919811,0.02439815866215798,0.13700921330560564,0.12558525116104347,0.10537666089584646,0.16660515741472012,0.07150700012196584
0.11906968466748542,0.011712460434430342,0.11425675367383374,0.03944467638317668,0.010661525421963714,0.26553206147205927,0.1988495679629843,0.18556642990984173,0.00955176952447737,0.04535507054974748
0.1196064905069783,0.17426038095660096,0.12467042754070451,0.10874647175486893,0.07497231853900713,0.0942827058196047,0.06794261229931853,0.11711450111396342,0.007928391478595474,0.11047569999035795
0.1640020477490948,0.07968928688531951,0.12007603132916589,0.05370127426249161,0.14057923175865844,0.1461895440025104,0.17211553442376243,0.005220705091362507,0.08999240600487618,0.028433938492758194
0.08884415137616886,0.11943635644859647,0.11908067661098769,0.12745148625389086,0.054106287598100544,0.09454885352462945,0.13757148488105805,0.005204028368887413,0.11972976527248681,0.13402690966519376
0.026379582981539477,0.1404026767476554,0.06323912829068315,0.14281864875296754,0.0702527760568281,0.11248126177328763,0.2076392301181616,0.1354770586615859,0.059369846611776744,0.041939790005514475
0.08679318859598234,0.11913240740817045,0.12136455993576846,0.04150593925781085,0.15749581646403202,0.10131031265061517,0.14155596515061206,0.15499435623870755,0.041262338387710415,0.034585115910590464
0.11708372496466758,0.19646336887055418,0.018972103178391774,0.023777545348241176,0.046147736615114836,0.2106415711665279,0.009685952390551337,0.05446511469027784,0.2342770432552837,0.08848583952038977
0.14577018941459186,0.1405862070134361,0.13782498580514732,0.02742636524417015,0.1395649411438174,0.1257524203595696,0.04136022387196495,0.015771304371703116,0.14073295214583226,0.08521041062976713
0.035204036315104756,0.2098468522407855,0.20059365252905137,0.04470334470700742,0.1340385047842044,0.05215958503871129,0.013016352034121582,0.06567926768502617,0.19024376078673516,0.05451464387925236
0.07609985203658755,0.1533471007290876,0.02818949382019317,0.03966941454790257,0.031131517156958013,0.2213697831050535,0.09757191774926086,0.0639356392205757,0.15034882666271143,0.13833645497166963
0.014954967962694143,0.029175028995114316,0.19529528523615544,0.0197641421227156,0.1896819822085213,0.21628713572540542,0.024166964908947604,0.08175503790702619,0.15245034390567194,0.07646911102774806
0.03524862333653716,0.1374718746126549,0.09025779466210418,0.10832739692510975,0.04908684625464161,0.04058324873184311,0.1641950359632907,0.10513403735276093,0.1098962233639885,0.15979891879706903
0.10500188788686787,0.20649026437555637,0.06545746396498266,0.062362217251839505,0.07013818899816429,0.07491115447591859,0.058904864456969665,0.10107439238826452,0.21166679539023464,0.04399277081120187
0.1989296122108756,0.05954017888425003,0.10090925411866443,0.050666308173366974,0.21069622396260487,0.02760854388761385,0.01740718335306149,0.14925152784970058,0.11421873049325353,0.07077243706660863
0.11802823811376395,0.12215319212056962,0.13025688683381065,0.06616706199301664,0.12851919736114603,0.03666956845119635,0.13140085196794685,0.019498540354984894,0.07872223345619227,0.16858422934737283
0.18887970780475294,0.173497602508974,0.19202774557068097,0.004616010175297193,0.08036097759439906,0.06329636610187787,0.0055912648807660455,0.07490109305192051,0.07776354599936174,0.13906568631196983
0.047810073943343405,0.09349404529872736,0.022983853975578936,0.14231596971577673,0.1420520571019549,0.14771401435357323,0.05614702464905539,0.14390356876126778,0.12452064521514031,0.07905874698558203
0.018898979900184652,0.12394792307771677,0.1780823038152916,0.08269075433409442,0.1337180098383092,0.13232305402768293,0.018923801064157187,0.2048519686228014,0.09582138610216545,0.01074181921759638
0.027931162581836193,0.1190877759428765,0.33192135789373384,0.012843664295886539,0.1678196986884225,0.06646556450948156,0.022965460046431654,0.09527730583895486,0.1055969897336104,0.0500910204687659
0.16095523902811962,0.02718421596004079,0.1720243920814092,0.10289178918401654,0.1698353554544094,0.05236221542356907,0.01595746398530786,0.18617927881829224,0.01932174748445246,0.0932883025803827
0.16105740937254615,0.13162161250491625,0.1559160484781497,0.02652385926352896,0.05441817091507426,0.11261631466697906,0.10153385893228706,0.07390404048139274,0.10752441081154307,0.07488427457358265
0.055062804126587456,0.11093134338323297,0.14362535074392443,0.12777675800724023,0.12903386244628764,0.14383878951694368,0.04902155166172391,0.022800647199918634,0.17212257808870948,0.04578631482543167
0.04000741690033519,0.09319532304993186,0.03309682250278975,0.07083372735495959,0.1127874253532073,0.14963062829315635,0.15461981447110285,0.1129184276251614,0.1347017427808197,0.09820867166853604
0.07819923034840255,0.20272321209824473,0.06643460017258648,0.0402647360180391,0.10447117541415399,0.008702812127808471,0.09421047916319666,0.16280779481561114,0.04810010260569453,0.19408585723626223
0.14436378938524952,0.15741286543887076,0.1511259372824739,0.10486752674004372,0.0951654197719284,0.05843850583360165,0.14554765891099647,0.05444696414037444,0.022078210371054337,0.06655312212540672
0.1485749423114442,0.11334943588084155,0.10633983997302418,0.05541471431569299,0.10750857049174795,0.12200602302734628,0.04300564335957414,0.042499842905943976,0.09097268475725166,0.170328302977133
0.1642149269231173,0.15099618170839293,0.05224085995846445,0.04071421575464835,0.09670201647691978,0.14993892595789834,0.15827143802021368,0.11966465205817704,0.06058165680614175,0.006675126336026413
0.15464046096835268,0.05218180862672963,0.1553504121131782,0.12733176933587215,0.10616398437990743,0.018153518637526022,0.14643726574077923,0.03431815346218554,0.07152545949478442,0.1338971672406847
0.0658252414327101,0.1200308054411615,0.0708025749962206,0.04369055761291664,0.02698589356039893,0.06623822112780436,0.19023605481722025,0.011241744349049832,0.20813280275767815,0.19681610390483956
0.14905933810402947,0.1755212434571761,0.08545496461177439,0.0005669900860436209,0.12374169748354545,0.15370630942249863,0.04369447471268979,0.05403252707316173,0.17932514914109357,0.034897305907987196
0.07923455482857698,0.037094723803936865,0.08468593107450223,0.15085316516011651,0.19189856122527854,0.16124939374940603,0.18094993731091907,0.02240692941460262,0.0024962456194637605,0.08913055781319745
0.10747848584081432,0.13448010161667887,0.17632220918596098,0.041249485465437434,0.17605815434410488,0.0782644782881918,0.001415452165597671,0.22020511331299325,0.030859970110643994,0.033666549669576606
0.07134063478847158,0.19947240421552467,0.05494706346098877,0.11384525687018486,0.03733919028274963,0.08309862312063625,0.1659221490966071,0.10686528155009681,0.1330502147427584,0.03411918187198191
0.06022471783883037,0.09315916869557081,0.06575109321452995,0.009292290377118703,0.029237385217759714,0.1527157401301883,0.18535588900350566,0.1658571457976372,0.1279574433182464,0.11044912640661296
0.03254496109944695,0.1033434440282334,0.2109188437321402,0.07636821249987569,0.06844336926082278,0.18620406421508598,0.12910104480845408,0.06324609710846486,0.0581775125602561,0.07165245068721994
0.06300375395313146,0.16145389730681067,0.147492563784798,0.007209178064799989,0.1462224892230323,0.18998889088463733,0.1802765358000185,0.0033573922934185423,0.05045460088339044,0.05054069780596271
0.1655577782550762,0.15860396096291102,0.06951854275157748,0.07408368840874734,0.11243828644834664,0.006841483940766652,0.14842131254367383,0.16395707737778556,0.05483376311465724,0.04574410619645802
0.045304308089912745,0.16229087416355495,0.18324400560531498,0.10231791306472712,0.03850054561438767,0.18368734847569218,0.05576031616178956,0.0901650558705328,0.012017861047305614,0.1267117719067824
0.11881937412245917,0.12192980960328435,0.18658511116901033,0.057905663420942353,0.157399032540989,0.161870904818031,0.044943923711359184,0.001971755533949043,0.10347086871979629,0.045103556360179285
0.06271181011987706,0.20260950423038435,0.1033505032558763,0.1499177788804454,0.1813988258113284,0.11017205886820264,0.053468787006546635,0.0070101635402825945,0.09395852902657818,0.03540203926047852
0.08160334568493861,0.15083889780571996,0.12815011990979608,0.12175558448510133,0.10523969238009473,0.08375271773800598,0.10870800379634499,0.07879544077624973,0.1305508727696827,0.010605324654065952
0.012892606681885284,0.1266840558669957,0.11475780526050722,0.2290630303470698,0.053432607675248996,0.019309724170419443,0.09975422347635467,0.11751068528412305,0.19737458161786384,0.029220679619531835
0.13016777936380247,0.10816300028443661,0.12472554373763027,0.1138876050440545,0.1442282136691226,0.09686259420196039,0.10659317578737505,0.10391515676223978,0.008689602425721444,0.0627673287236567
0.07318249226757059,0.0657099725738046,0.02030321472556235,0.056557481475237745,0.08031087473144273,0.11039158078451222,0.11396336448636252,0.17904950363636093,0.11652027987494805,0.18401123544419823
0.15186598904526177,0.03487150013613328,0.07726141211676692,0.049075070043038044,0.004020530267680799,0.15455566466127257,0.1401055232799301,0.17114918761940276,0.17125261902905534,0.04584250380145847
0.13463162692135633,0.11099692747014504,0.12600482440981375,0.08741026222927832,0.14013304601357823,0.09226683590677912,0.07704674637422983,0.051180489985811456,0.052710673439612006,0.12761856724939605
0.09537516156332135,0.07212727380455519,0.024684696071101863,0.19126643167500354,0.12261884774745153,0.1938366604620853,0.12107092989897794,0.10453364158842567,0.05070579526014963,0.023780561928927878
0.12104656363783689,0.20817296521451087,0.030812724365230415,0.027920759716428906,0.2586672326699526,0.2183219795508402,0.030657005790294053,0.002735555715729585,0.0022114183302416983,0.09945379500893471
0.03762124734722051,0.06070973888582712,0.041130878851769394,0.16311771063035252,0.2110875313536599,0.07721423655797767,0.20748521123349944,0.0014571758491519408,0.16889180848907506,0.03128446080146659
0.0162753187388581,0.23633877501144754,0.08582567461017457,0.13696896863338806,0.0852381544378933,0.010794365313216323,0.09963587530478454,0.03924787721236866,0.05603535803211039,0.23363963270575855
0.1309510733713935,0.10595949514145793,0.05234805390321308,0.1093799848849678,0.0035966029375414077,0.08811176923147347,0.1050733694262662,0.1251855570948981,0.13444625860180737,0.14494783540698103
0.007702966381085192,0.008035710960463611,0.08774627470149285,0.07256595145426988,0.15509028388920568,0.1586279762959768,0.11172638854444843,0.12554985339719957,0.2048310932802111,0.06812350109564698
0.18334829948374137,0.02936588912387952,0.13165205305059755,0.10326479634883971,0.05303192486945659,0.17246401751094925,0.015418361814993913,0.11177230769806297,0.029712142732690787,0.16997020736678828
0.1957891933383935,0.17148160216515446,0.02098995849454534,0.08458969537493646,0.19154317490074463,0.11875559996269491,0.01182600255600084,0.04003433148417214,0.06981470915237453,0.09517573257098318
0.12752862098185075,0.05898985973274158,0.12299171725091024,0.1459546344840455,0.15389578163005815,0.06203745301690607,0.0876408416274774,0.07558838618993505,0.12415849140793528,0.041214213678140106
0.1414297566887621,0.17324400365475948,0.10037890823257661,0.08571235486980712,0.10499379677331433,0.023994894964435073,0.05292973842726749,0.019258823499372864,0.10480753983676315,0.1932501830529417
0.224870478293484,0.1399753674898021,0.0711378964787232,0.13969415007691094,0.06142362655300911,0.017242971840881572,0.016031207835851748,0.18759277229267318,0.1419276599258015,0.00010386921286261422
0.037043458196027106,0.07518211369443034,0.11422840438966804,0.04330148919436036,0.10802720053771409,0.13338341587339783,0.1174696257778031,0.17507232100262676,0.15113781907883217,0.045154152255140315
0.053971580615641564,0.11798131187349786,0.022237346068289573,0.035908455605415175,0.046345330733704095,0.21171563905199536,0.07192428492557004,0.15992109000940974,0.1340168320312503,0.14597812908522625
0.036914470063970514,0.05256242719067709,0.029031773503689403,0.1876019197651018,0.05175605708640768,0.18196369552224015,0.14473503896940856,0.03283146847093434,0.08641581819523272,0.19618733123233778
0.16515028643595847,0.08106455772018484,0.0957056684414625,0.14257707752694151,0.1747878217071261,0.14852654910996987,0.045765489444500554,0.06517658087033362,0.004164355979595539,0.07708161276392698
0.22357243618639042,0.013839706326993148,0.07384279092211,0.1946971667981813,0.018028018911338293,0.10049472961522352,0.11627559350032105,0.01654455086621882,0.10540560026640282,0.13729940660682072
0.16294048914525985,0.08827496640765306,0.09308397621400002,0.09648078940607992,0.05840295743597533,0.0964144828182344,0.0931958626717801,0.16061404166010956,0.006642906407851928,0.14394952783305584
0.2689113701304631,0.1561116286526944,0.012980343685402554,0.17096069224849983,0.03634166202715376,0.021700941209064115,0.20691586510421045,0.05147979801486614,0.04237559987138406,0.032222099056261624
0.110940567324274,0.03704517556815994,0.07185221356982946,0.045717312222303935,0.12863024325176578,0.17071003495170275,0.012051129329959661,0.17193022134901517,0.18040996373533713,0.07071313869765215
0.047020807747975756,0.11373212799632668,0.21888236146555287,0.022345467049433354,0.12642804867071963,0.0206641664834857,0.15194244431393145,0.18441641277538726,0.00664378386892296,0.10792437962826414
0.0825084400827393,0.024449812173390522,0.07341841661194506,0.0968845255844679,0.18808692887381837,0.06387782533389694,0.13900149119158114,0.15384584028514184,0.07058515297388143,0.1073415668891376
0.15548725953604353,0.10913523420581878,0.08740011814467713,0.09514828526143058,0.025872760904816355,0.04259673781802527,0.0764485256058291,0.12122136557591787,0.15755893587591474,0.12913077707152656
0.17830014641228922,0.20867056077611804,0.18059037941048955,0.11208917830519141,0.012887494343543884,0.02089244341700097,0.12079691360952144,0.05512596397024093,0.008344121254598857,0.10230279850100576
0.1172092876540725,0.016941948110783728,0.14403618854888572,0.11462861131563143,0.12205632048426622,0.053046508844252355,0.15644553348821516,0.12947670962012633,0.033592163634899266,0.1125667282988673
0.09362096144051603,0.1409930687895744,0.010242093629094284,0.1815032479335693,0.14106081187367528,0.056199778509412976,0.07543599001937387,0.11782835354797652,0.1777049241914229,0.005410770065384231
0.16016161979010632,0.058556026993062366,0.056970552174369256,0.06012301073321119,0.1731973888772444,0.0008521621807304335,0.14189100026534923,0.04364440094348076,0.23240140246509514,0.07220243557735091
0.12291076980724638,0.13455580897328703,0.11995652758285766,0.08227084109208857,0.057601704039919745,0.1304063801968704,0.09727645701289234,0.05875470578812081,0.10691276120852175,0.08935404429819538
