i = 0,i = 1,i = 2,i = 3,i = 4,i = 5,i = 6,i = 7,i = 8,i = 9
0.057508310427949655,0.06844661632218091,0.009250025744733237,0.004089139517418663,0.10449738482826874,0.2099477814423737,0.09878443481832937,0.10793787237472825,0.14761632475564626,0.1919221097683712
0.13882587554555317,0.10545319700789445,0.13075715399015872,0.11320742162527087,0.0599379159445905,0.1532296888862943,0.0647535418242599,0.15992880864875011,0.052949358684038696,0.0209570378431892
0.008469188941292121,0.1936319179720564,0.12729845878666954,0.10799459507636129,0.07974395594721093,0.013375917437328813,0.2537150953292445,0.028478035731071324,0.1393437173148249,0.047949117463940205
0.0505433968072045,0.11482583910720795,0.11800740001607074,0.17227390962166203,0.16104220611211353,0.06737857727375382,0.12443353248723837,0.09995356685726751,0.0731908882172555,0.018350683500226166
0.15175951274946425,0.11303880015418233,0.09093460790448343,0.14235933343365273,0.15043742780156666,0.19618791207049754,0.04083944912666008,0.04438447892463784,0.005502154849291099,0.06455632298556413
0.033539083250833525,0.07064193888275824,0.008506721417416584,0.15711701998139863,0.15695531850086392,0.11898402555971131,0.1425345986463349,0.1252686289657312,0.06366867978130304,0.12278398501364876
0.04745678027940057,0.09629504097609114,0.11797715174702005,0.12071018345323731,0.13987813003797775,0.04287129340799872,0.05573764134540126,0.11852042453807225,0.11676519621129487,0.14378815800350603
0.11386890604799736,0.09632948071930046,0.182089810687315,0.1477177064095802,0.1180126665596952,0.0493431093453384,0.0764432174447672,0.11643236842151648,0.000502765098510765,0.09925996926597887
0.0027557196873176136,0.02836325187517468,0.0235653128565988,0.21897605313113674,0.19732349178156014,0.063450299262163,0.18074477364565542,0.01626130993725561,0.23178240101211642,0.036777386811021606
0.138289107100136,0.11674071482036291,0.08590080341382376,0.0025475356704120333,0.13255566199991844,0.13607175378178543,0.1333051416387977,0.030810822648765196,0.0816591363145925,0.14211932261140608
0.06586222922123905,0.1101352205189105,0.13130244984021344,0.04980481697934258,0.09103729936857392,0.12323302933612189,0.154010534258264,0.1144122236349846,0.023079540324200558,0.1371226565181496
0.0920510596710644,0.15231960951422366,0.1715990281458702,0.03798969632443155,0.12617174456444313,0.05557990873216046,0.06202958725064924,0.047748821269402324,0.08434686343156997,0.17016368109618515
0.13891633160322758,0.08507691601500796,0.11666889764207483,0.10292669929852322,0.13916672803434216,0.0002655284665870608,0.14115198016808528,0.11274724212213205,0.01963172080176182,0.14344795584825815
0.07757604259656102,0.11336864921019182,0.10236629033022103,0.019104146682216366,0.13830561464399793,0.10424796713323582,0.06758681957171515,0.1383303018213962,0.11834467505583113,0.12076949295463352
0.15361266291733328,0.12239975293731938,0.10431940180888899,0.11156066228409854,0.04265394168042706,0.12448695621332417,0.019394639466973125,0.02810701618442624,0.17990678965556137,0.1135581768516479
0.09767298081437573,0.14204103124098327,0.13136098975266502,0.07010854172199835,0.0025443831287827573,0.14496254685337243,0.16622366595535024,0.11067773374076084,0.11275700988734912,0.021651116904362156
0.11963597024819118,0.03313938633902353,0.08294483940006853,0.04264132302377128,0.14806526988879393,0.18494045926181613,0.026562143596971073,0.09359674408093478,0.13682420091824324,0.13164966324218633
0.10080451093071988,0.0801053407037189,0.14186996713109293,0.09978132235243711,0.12755768451563956,0.0835500812921311,0.13985977132490326,0.05095042085967721,0.08512857034961686,0.09039233054006328
0.097560106296009,0.1293610607903713,0.15659935588005686,0.13230686781644732,0.018054147678401782,0.06859559658685413,0.12053414225194838,0.1454016359749531,0.11655101066094457,0.015036076064013556
0.12252057356901341,0.12223790887789018,0.013426391918863231,0.12163205972069514,0.1521671134696543,0.018368739297627792,0.15082334116404483,0.10614047559117067,0.02354668999647431,0.16913670639456607
0.15251816590669667,0.05963973976264953,0.028005247357301727,0.2390307892631563,0.09462250121676669,0.20170792339001417,0.0031854868118219174,0.051813001385923645,0.09068497852600708,0.07879216637966228
0.14958042755206502,0.018058500137265836,0.06435562529791045,0.11083697487636279,0.05901670590810399,0.12493129767805917,0.1712150492248588,0.10371795691246614,0.17041847140459526,0.027868991008312336
0.03109756178083453,0.17180651643718342,0.08009836006600324,0.09469434181019433,0.0750848015168341,0.134210669809846,0.15265807898754394,0.11309247896260177,0.10496067418207711,0.04229651644688163
0.09830249253522094,0.03597013883835841,0.22522813206177297,0.017090784559754053,0.20348435780811155,0.09002541792730454,0.04425267648918589,0.10492061213057038,0.030542450874003174,0.15018293677571803
0.18017034221678363,0.03309919967743999,0.1260088737287325,0.014656428824057759,0.1584242399409134,0.24217732679249887,0.018262198076672058,0.13480753509199864,0.0490367138224787,0.043357141828424255
0.14668740643064765,0.08215250550737216,0.12334622724435411,0.0038676012897836337,0.09882505656505988,0.07467702517857498,0.1683034496466018,0.1688243990205332,0.0827882466665361,0.05052808245053653
0.13330917340350007,0.13705367184093273,0.1669546168952525,0.07134120810025812,0.0235916034669833,0.17984078573381274,0.06609664092773554,0.11051930825111592,0.0631839908262559,0.04810900055415304
0.07613601670158282,0.10310686740198242,0.08614655838000243,0.1818419234002204,0.014856551968207543,0.11488311037643742,0.04857545985661633,0.15205494347987053,0.11488030351844367,0.1075182649166364
0.13804905873776013,0.12315780662657186,0.09665384776446762,0.13974889656527067,0.14487820332075665,0.03341697681374325,0.020301343143415043,0.09853969553995241,0.13602777750557807,0.06922639398248433
0.16959070215008867,0.1253699419148532,0.09275845646568236,0.04149070815934853,0.018366765462391434,0.16256689566464622,0.16897884853812734,0.09390405547025686,0.11795311532946982,0.009020510845135454
0.17740760058165067,0.03059904079226073,0.1717872934543703,0.20252175778325635,0.025421900133293037,0.00812081285759235,0.06213143601409609,0.05101690285643832,0.14129319659916287,0.1297000589278794
0.12305113632114824,0.07474772022486857,0.09805163261536,0.10852917493686087,0.11690495716581771,0.1423353175845079,0.009044935836338818,0.17174631213643687,0.14856891067827566,0.007019902500385484
0.08531690796553801,0.14999565179828162,0.10064781898207273,0.19297878275252353,0.033875932366240556,0.12790640437390666,0.15944627922809423,0.02504617047422244,0.04331769959346122,0.08146835246565909
0.2015816179444167,0.1793420917986441,0.06667627516309611,0.18115313840284816,0.14396977000623365,0.019747455374415135,0.006688999718070409,0.12250668678206707,0.001964680808499912,0.07636928400170889
0.08545517315609012,0.1088814664904634,0.16148405324128848,0.12133555499326104,0.13066490610212383,0.14449997570966033,0.02593233271901013,0.0900851865205002,0.033827887476220626,0.0978334635913819
0.20771175380040544,0.150115292254847,0.06395628041177022,0.047266356776683185,0.015585375680954342,0.01418371362564432,0.20576881720561674,0.09550978375759915,0.11185335999014023,0.08804926649633923
0.08960028308036266,0.07017702520184105,0.13987315598238048,0.046783550148536725,0.1372222683373062,0.04311039142702376,0.14098017150510395,0.11368631576585189,0.0894418307623691,0.12912500778922428
0.0814622446168192,0.14044288063937424,0.11446001219154722,0.13899954419831964,0.04558359857845736,0.05670439032064792,0.11037100040389947,0.13846766891384743,0.0763130698610758,0.09719559027601178
0.1386931770514419,0.01137573761106842,0.050219488726747516,0.10884407725064309,0.029804398096642502,0.14366595681433275,0.15270942373008806,0.10494325757525715,0.11084749040182668,0.148896992741952
0.12109121990718578,0.028747176849783864,0.09328077132304471,0.1800750393159714,0.01383553775685919,0.022001115786828052,0.14758029353151206,0.12582586904765472,0.09428571245272584,0.17327726402843444
0.26627198409019853,0.08020256477099195,0.06673452786770738,0.038125332610672934,0.024780235330948287,0.07906000768348609,0.18165131752393235,0.00893038616766599,0.163446947524903,0.09079669642949324
0.02742223204294294,0.20082630740554228,0.19751003013189228,0.10932131839373868,0.05471075126078704,0.0822824148483318,0.01731760850239475,0.1276330833832482,0.1003276843745497,0.0826485696565725
0.06941587124229769,0.06711800653323081,0.1152461391017004,0.10759079128833561,0.12130664758980031,0.15731463879494897,0.14231990460212143,0.10004559497420348,0.02327708737033984,0.09636531850302163
0.01242900348327043,0.07363444374826249,0.00952517827165373,0.20170996882752643,0.1513963317004512,0.1964744511879274,0.1272226720910387,0.12202475034988358,0.013787797126549732,0.09179540321343621
0.16140044857749083,0.07995763111869097,0.08471745997636182,0.0602040280382217,0.14015005461199775,0.08089857075779987,0.18477437708683148,0.0896607768677454,0.06483138912451267,0.053405263840347585
0.17933707131262727,0.07350147714630227,0.2084301758696935,0.08630731871723281,0.08180110977716774,0.14654935890927218,0.1241722646530898,0.03689388865764498,0.03871670396399397,0.024290630992975654
0.001306304954396847,0.25201478557249607,0.025328951779150045,0.002878404410997719,0.13643215440389092,0.1530377746624287,0.14447217575519136,0.1108059110733422,0.05221650579601585,0.12150703159209035
0.041153307619815394,0.11052607617061357,0.11485882631273323,0.0938841874791716,0.017473225501589983,0.0553943972172527,0.07321018831471604,0.15757299407520223,0.1665554454032704,0.16937135190563501
0.11310469988829659,0.023340932176396108,0.18594256493734027,0.05729932796308012,0.03822559844208204,0.0403401405355695,0.0777091783831774,0.16230044179699402,0.1473067182333709,0.15443039764369298
0.014512187603633066,0.13317897111042526,0.2033769554160362,0.04459177875734415,0.039605690122999984,0.08576025391876634,0.11875362960893661,0.10368879565210873,0.16397578584033864,0.09255595196941092
0.17492520620279373,0.1672809094131816,0.19709741580522436,0.08545929745972533,0.07768338249310068,0.02199508714824491,0.1262192070492532,0.02091689797026107,0.11746100671101047,0.010961589747204655
0.03513532706682734,0.18632266786417034,0.1549686006902235,0.0867317748944005,0.07428930114566698,0.22445285808898324,0.0690300526698803,0.048666628423004586,0.0428284212720554,0.07757436788478801
0.07651316896841884,0.14812296345025028,0.13125608526521737,0.05836172961901034,0.034163076570940226,0.12261612552676336,0.013325847582859674,0.09587611394154089,0.14197429659769986,0.17779059247729917
0.006792920784735436,0.07311427990739432,0.07797939860729815,0.09963100763364241,0.1334999065530034,0.13193137607727418,0.18348005672895887,0.11949869437660446,0.004577697310385406,0.1694946620207035
0.07310954882265391,0.03699542260643082,0.044856303615129434,0.07142559298893514,0.14958011905992216,0.16759311795327006,0.1725067476759186,0.07750562350503835,0.09249412822244653,0.11393339555025503
0.1637632774892742,0.0314175707518082,0.01568127119667911,0.033831511758555595,0.16245691515431424,0.09354556741488382,0.17616931977169845,0.009125664295950237,0.16305128145018408,0.1509576207166522
0.15448025311590174,0.04035813555361047,0.02018814920627061,0.062289828528630464,0.11308192824893751,0.16275710466781135,0.04318416660810821,0.16193839911530777,0.0914649441237896,0.15025709083163236
0.0035865882472783557,0.1075427426062127,0.027753563763419503,0.15293631120412982,0.09054195513176352,0.0970904412696596,0.1353553151749147,0.14338970940480067,0.15556183904807025,0.08624153414975098
0.018057986971504975,0.18560727963947798,0.12671072152027804,0.22272626846954668,0.049514616742527974,0.020673528886900633,0.17768660744168047,0.024102564992198438,0.007489981095948663,0.16743044423993603
0.06723131519681837,0.1520337559428431,0.07097690983350201,0.010096126434182994,0.0432979981604375,0.17878530204770374,0.045012054817423784,0.16362886934275842,0.17572141369091848,0.09321625453341166
0.15481208853620257,0.09575731383949712,0.1131780854850287,0.04536686989892894,0.17326237425077132,0.010596469517184275,0.08558967679220691,0.08616371381254403,0.1516937243999778,0.0835796834676583
0.0005188458267969221,0.025486985680773747,0.0415927951363472,0.14913512532860682,0.06769072020229806,0.14430703934540734,0.23178614842591652,0.0502208441040493,0.16580594176616711,0.12345555418363705
0.15192638763160354,0.05540031217586554,0.11355157307101357,0.03402678332408955,0.07969086155724069,0.07232758976967864,0.07763332879629714,0.04804166003603551,0.15029901610357554,0.2171024875346004
0.058756741647198435,0.06825644840196284,0.08490562184447621,0.21177497900931186,0.046035660962428636,0.13314769685291553,0.08656886483790037,0.1781605940445224,0.013148272414671768,0.11924511998461197
0.21702102016792907,0.002814797153479982,0.016177224783974757,0.2118627092613592,0.010447623410083266,0.03657405175047619,0.21768813686896665,0.1383844122559957,0.03348374847093407,0.11554627587680101
0.05896455843126609,0.03497729677878506,0.021391315825016646,0.1171810767211506,0.08064494981839798,0.14263569232886925,0.12296760166046726,0.16375498501904223,0.17538181231909322,0.08210071109791166
0.1374045078468097,0.042309262157484054,0.14563196953600624,0.04371826847165744,0.16300205480145114,0.020771383922316266,0.19820827685122122,0.12570821207101446,0.05809115657113342,0.06515490777090624
0.049876108198894424,0.018519802460761174,0.17066897536950718,0.17054215647357873,0.11731689194128374,0.10797839880155492,0.17129983396416612,0.10509680934645188,0.06426581985739215,0.024435203586409587
0.0011757553050584096,0.1932410145493092,0.17423002458624529,0.09577369942675906,0.15923654416565294,0.03383983846817696,0.051447450793150044,0.014515100125415945,0.19325302476041797,0.08328754781981425
0.0976910485677838,0.07151047675473036,0.01270688701000298,0.14555827026848583,0.10161184298223584,0.16979433386039666,0.061651235233886624,0.12341754061230101,0.07526087927088881,0.14079748543928827
0.1949774129371409,0.019016056994546573,0.007464416174667585,0.03754424800712166,0.1938321479713681,0.1677838564266375,0.1601155912736459,0.04357047691007216,0.0787867510649133,0.0969090422398862
0.08622354244827869,0.16947684251243197,0.11285514730965329,0.02459207637431689,0.18070649873079545,0.11690982657432349,0.10427156483260916,0.18664635127011842,0.0006890015110807045,0.017629148436391812
0.21088381665589212,0.1151719884105159,0.04396101124173109,0.028637349767575804,0.11439230643846919,0.046338455624335376,0.011832822912965243,0.2122515380960303,0.07206393059528805,0.14446678025719698
0.05307475435332183,0.15249090320094263,0.03275653939122645,0.11716965002534738,0.13525458890873066,0.1513679080621665,0.03398864908540106,0.05431814900134452,0.15075891470074382,0.11881994327077519
0.009920146252466951,0.11279034702902115,0.15533522251500603,0.14819818267757048,0.017078976313862997,0.04651957400272032,0.13704353062050684,0.17561923675796723,0.06499332238810959,0.13250146144276836
0.11308037336627731,0.07521934573498795,0.10027041205949568,0.10187826757044488,0.0014461246126083718,0.17444117092590125,0.14977896780525488,0.07019027129103647,0.126532084843328,0.08716298179066521
0.157002309927894,0.0324917899883844,0.1116239525003363,0.14698879591893912,0.10624490566998537,0.15358045316336916,0.04357134207168607,0.10351734432088908,0.01932204165547103,0.12565706478304559
0.1215434628018088,0.13645387059208722,0.117014897324722,0.029519751402745653,0.033118455961602074,0.11680675326145391,0.12560914835239295,0.07184118141472495,0.20192557594987445,0.04616690293858789
0.12897368579599874,0.1348541967182898,0.01310442088804557,0.12701017883999544,0.13638952826584125,0.06536610453042045,0.09233672188158273,0.13713427082799884,0.08785165315201983,0.07697923909980735
0.08909310724223438,0.13836250565192432,0.12000873224739128,0.09539338580738786,0.13460238392710003,0.10449768324179391,0.0625931973552576,0.047243365923943216,0.10557895949999437,0.10262667910297317
0.07508896500606177,0.1637865738270599,0.0863005302776822,0.14182871318879553,0.02590643665330637,0.05861389126614951,0.1900535928756318,0.06377201622746301,0.153717573680985,0.04093170699686495
0.02982567136933663,0.03285746349011644,0.09058203326692275,0.1294997554389647,0.20084604170369036,0.0449298470850023,0.17751095807201808,0.09191645694498563,0.11845027981671818,0.0835814928122451
0.10970773602818978,0.11512238418095029,0.015350187884055401,0.1466232714938798,0.1266316523894517,0.1850997968405783,0.08624240732263425,0.05779743785532632,0.14907222342238335,0.008352902582550862
0.10925274728310674,0.14579322720782942,0.0012749133834368876,0.032425317440901165,0.12809912163540518,0.16421711081845686,0.1673448602304718,0.1718481078997501,0.031447777216676485,0.04829681688396528
0.15350853910677725,0.1456069335024853,0.07050565363692825,0.03641957325020617,0.15855309975835952,0.019476646910377402,0.17726324970125967,0.03517953903891453,0.04022560588363193,0.16326115921105994
0.0790577151346188,0.1469841674223922,0.13425296642941154,0.12105565156859206,0.15312607292882716,0.030197923754397293,0.12648513224276636,0.022074787158990833,0.0827550233774358,0.10401055998256804
0.12868700037297767,0.02540239508335204,0.14878582743014146,0.15608797792351334,0.10057664683305403,0.017562001842703297,0.17007477680619854,0.05976930905904328,0.08226130061055843,0.11079276403845797
0.0316038366593197,0.09568535858779183,0.09335471391528491,0.006562644158298458,0.1423126012562954,0.04542473659513583,0.17070605683006795,0.14346534042964096,0.16827312071020942,0.10261159085795539
0.04881645809449025,0.14306824004144514,0.004005052616934108,0.2378563854104692,0.014941793854610416,0.17670562619592717,0.1995811062230661,0.010576651785572726,0.03169413681244213,0.13275454896504277
0.16312474669572338,0.12023597730133016,0.18975732597829756,0.018924899756917534,0.035455712086669394,0.0034869278583332156,0.17624778877214264,0.11566887518844583,0.03872360743118842,0.13837413893095182
0.14491349225828765,0.010829009501827622,0.12131881667497384,0.1400138775993697,0.10514383300451077,0.028102288342266725,0.17525034205384776,0.08461632752832429,0.09392575606190574,0.0958862569746859
0.05493799358211711,0.14662216865811564,0.10622886220575356,0.11771427260918865,0.08166350612015699,0.20435910209041272,0.17141528546572635,0.019851373240583815,0.055606937543101885,0.04160049848484312
0.2068766569418807,0.14969186309254082,0.1284961828621683,0.0428603003565011,0.010425359320584358,0.06592031376422354,0.08883797195777314,0.09617430151185989,0.1511510986464897,0.05956595154597852
0.1013430765989586,0.08478637754375505,0.12538447616994522,0.107938933567989,0.15808483836324097,0.1326547918932811,0.06629380954516045,0.07119183230122417,0.11902394382145996,0.03329792019498543
0.08977792938546887,0.052738442189655906,0.09628260910176144,0.0412603164452469,0.1964668573250485,0.010079619598778128,0.11548675682222806,0.1760896166922974,0.10309826521058002,0.11871958722893484
0.09458639906619815,0.07918421353186247,0.15372568854607185,0.07840569879526207,0.02075686475692441,0.11012727420474189,0.023245350110723494,0.17034367981350662,0.1009132221161223,0.16871160905858668
0.13391697559446947,0.15878700811355345,0.049701459401579245,0.01196063939579686,0.1407057486007547,0.0700457918923219,0.11515461186063476,0.11358008507534709,0.13077466749033462,0.0753730125752078
0.10219275166860115,0.03549350796470233,0.1622579510153372,0.010011988583337737,0.08842102148312349,0.15195345138275312,0.1169589785870808,0.07560697828217904,0.12583722390127805,0.13126614713160714
0.1475585994659435,0.013216814982832857,0.1592763806638459,0.010011403776433229,0.1532300464221018,0.12724808854397218,0.030140952520663712,0.08315749857140764,0.16088826209385496,0.11527195295894414
0.07872965185711756,0.12567743668194972,0.07100576901711628,0.11505322678020935,0.09480934322221804,0.0012738704912405613,0.10536038681615764,0.13158529750106274,0.13415748710324396,0.1423475305296842
0.059197506306965124,0.18097416417500076,0.0758590513649584,0.17897471455705363,0.12357662726752094,0.088990607873529,0.025503341963003988,0.0049186605933238215,0.07757165842846384,0.18443366747018056
0.11883749195042345,0.14529920342878802,0.09734869978864834,0.018201627389105832,0.06232079617546747,0.13364676351809165,0.1493830754005319,0.10360396728865008,0.1583579859688388,0.013000389091454458
0.11151887827483346,0.17664512025228563,0.06962572358370192,0.053732253977283914,0.09259131624484805,0.09758050544348505,0.0252566801027563,0.14617240373716597,0.1398829047843989,0.08699421359924077
0.032894105000502584,0.1789359333184329,0.12283601727950864,0.06626929150174511,0.10337760908710332,0.10662375178409819,0.010786031559059623,0.18395891019939878,0.04838575970075264,0.14593259056939822
0.09889800555342097,0.021536746689987476,0.04209371417141296,0.12990256788248405,0.15348575951156143,0.0383762587024878,0.018252695759645023,0.18528172147175043,0.152539886919516,0.15963264333773378
0.18627521834209324,0.008564638684736841,0.16456793150597537,0.18568603259542577,0.17973509592871773,0.06989665060906086,0.05935871014858492,0.07598933454576173,0.0596388680835637,0.010287519556079924
0.10287887083612453,0.0720878888741099,0.08271609081452423,0.14643358816377164,0.014187022803253456,0.08375435629274358,0.022489718751487087,0.10496203443525397,0.1936866924587377,0.17680373656999396
0.1743513515121533,0.037998485427805616,0.024971279008742003,0.1274044100961773,0.1658046534283678,0.15343653501594676,0.09674298030602638,0.017715190321969186,0.14481772678052096,0.056757388102290675
0.021001348467390397,0.1794179255414628,0.13072864385709543,0.06478603596394367,0.03987392801375173,0.08709792137918948,0.06135747647350012,0.12630462655205701,0.10528136547594938,0.18415072827566
0.08524033316290812,0.10880199581355406,0.15354508691257732,0.07485060216513383,0.14608591360822482,0.06297513505985164,0.09361993281791602,0.16093549398260668,0.016366662080909807,0.09757884439631775
0.19470564361572554,0.02244621609546281,0.17187179146475812,0.05556601921987226,0.16157083527445137,0.17833024111316662,0.15252542666058047,0.016188325945478192,0.004381958087733407,0.04241354252277132
0.06400355450770272,0.06019783342471577,0.17131925078465202,0.13912271084989122,0.0003256177812012216,0.22358403818357458,0.0992296085855006,0.013020676297818475,0.18787433267696815,0.0413223769079753
0.1817151713982498,0.18232664450136027,0.1450565646179543,0.09376700648271316,0.029203915821617122,0.06588635969773847,0.06716560217049346,0.11653293314903139,0.10493202284699549,0.013413779313846397
0.131820863305287,0.061916140152784564,0.1483696623750896,0.06906160027792747,0.06847023906136512,0.12880445949012667,0.11714015110886196,0.08766769366902373,0.11753945573375318,0.06920973482578047
0.12846501537117333,0.09290123788809031,0.014116115308014938,0.04177291894802891,0.12288070169456534,0.03429521628863163,0.11761032799154411,0.1324963441934883,0.1628733463012368,0.15258877601522636
0.18325475219078502,0.15658903329573048,0.12283962031986748,0.02701540755128732,0.09009976047128647,0.16157489600554922,0.0034058943465318623,0.06928993096897691,0.10604496000632971,0.07988574484365542
0.1213048123794263,0.06333506676767647,0.09886776332996057,0.003646992909674258,0.1467167331317954,0.08094571693030857,0.005445135579771723,0.18764101782340048,0.10628981050646277,0.18580695064152336
0.13772814409961534,0.03169017032185134,0.06340332313712785,0.18029765029141784,0.08286123624992543,0.10503284802809254,0.16723213737654197,0.038245184192334865,0.04158704066756761,0.1519222656355253
0.0665039577729432,0.10799402595555536,0.1267724953664884,0.22169194521894028,0.13716348967311107,0.0879663301504816,0.19925422193889764,0.017919904628064504,0.013902800313636247,0.020830828981881676
0.1376245760937985,0.15426919984785412,0.06159410836700281,0.049738353353268275,0.16995015826966742,0.04195683096234737,0.08009847057579739,0.058720946811155056,0.14866775759794845,0.0973795981211606
0.11610856712183745,0.08045396044500888,0.04512090054689671,0.10281037568679796,0.01603103619211107,0.15112028306136413,0.14956294525077826,0.12694516681446946,0.0714980881142065,0.14034867676652962
0.1573203292099041,0.06567517484104715,0.08536129697724285,0.049986609787951074,0.04189977118196451,0.08621762045666378,0.09720862917948606,0.12051836906415675,0.1235289458523761,0.1722832534492077
0.012898858143643326,0.1451293042304086,0.08667891578784556,0.06545090341172043,0.12676145348793394,0.03626902182472144,0.10083680860471964,0.17057918137429834,0.10502615785566354,0.15036939527904522
0.08126095610102864,0.07005446533257656,0.0446973453552363,0.12907605214300913,0.03975107465211069,0.03817960157754699,0.11026242751803193,0.12935100817112125,0.1427831197750244,0.21458394937431408
0.14036504535366662,0.06360289088730335,0.1837407728624889,0.08071993671555376,0.13427706054346453,0.0468199909379075,0.06072009112049768,0.011922943181339123,0.07604787934015228,0.2017833890576263
0.12849920726688674,0.017749765419739508,0.15057429942544953,0.14418478461587575,0.1314565360823693,0.07883781685065018,0.09659871844989593,0.026182261433279237,0.1316433413737019,0.09427326908215196
0.13746970460282978,0.008348903648753453,0.1590844643018116,0.09687348040479427,0.0819826463729243,0.05782013343903627,0.07573282248666834,0.21664782277050115,0.14585027357858457,0.02018974839409624
0.07118198584647026,0.04106513941097151,0.15165266048952522,0.05569610286498935,0.10092547049020578,0.15362616987942396,0.10828853350306027,0.14297035638387795,0.026315148590901286,0.14827843254057438
0.08527518793575843,0.037688732547537386,0.16471968437708942,0.1695659822897654,0.10151531449299957,0.0425071797398716,0.08870307679419395,0.10510187300998207,0.06923882843009888,0.13568414038270332
0.11123335335495517,0.15623134681928774,0.004217426407546663,0.13487049406615279,0.1157896848687916,0.04111446447789859,0.09668069145536508,0.2479467292148855,0.04103416921450615,0.05088164012061069
0.15323788957436388,0.07680094288435976,0.13193655703508045,0.06476409779505875,0.15256684987408,0.15366877029762702,0.07302793392604011,0.0946601163608469,0.03530202723010703,0.06403481502243609
0.04098138023453407,0.07897852713646046,0.016177083563724253,0.1356602409798837,0.16113249851091097,0.15550693522852058,0.17346169626448088,0.029951303458776495,0.16364331073814878,0.04450702388455973
0.2086593320966428,0.0518469754110107,0.07923637095608135,0.15818217421185352,0.08700397211301217,0.041930713322044004,0.19301733349895908,0.025179614212126746,0.12067448657586612,0.034269027602403426
0.10079969925969831,0.037848280401982265,0.05752899635444482,0.15922984607403787,0.1624006521411998,0.17653269785512082,0.022075626674483716,0.09607470346242676,0.021461049282332972,0.16604844849427275
0.11683907623308352,0.1592253095217513,0.02506441888606893,0.09914207658747116,0.08826216586928567,0.15399232131399795,0.0814096742819803,0.13429389308156853,0.08587385394943275,0.0558972102753599
0.09381977228295357,0.1591636505613653,0.06617849194196312,0.05841100760312512,0.16637930692161948,0.11895632886714501,0.017313184834989257,0.16376802845140087,0.08168472720866328,0.0743255013267751
0.1500555959406457,0.09705128830710769,0.12014292095752693,0.029460969723801737,0.14929353166161777,0.15724852347057003,0.12409505801782458,0.011114134713352868,0.08750474711015008,0.07403323009740262
0.08914587462574504,0.21917964998060857,0.04842516902844239,0.13322679912688298,0.07802032398041937,0.032693054706706665,0.050926711067157356,0.14023981708584535,0.009689260028172757,0.1984533403700195
0.12486785965177852,0.0747284054166163,0.16009807903455345,0.12315788921567086,0.004902040851627106,0.13332980406760658,0.15777707129437823,0.09185233543804255,0.05906830984758096,0.07021820518214525
0.08755086010267389,0.0863980622685135,0.07999741392411333,0.12506411331612613,0.10437751889638028,0.027999981241966808,0.10479226429452375,0.14565538021165697,0.14647019434634798,0.0916942113976974
0.10763660879772206,0.09944606238904331,0.12664884104363036,0.04800644418274377,0.11768391272664314,0.07281576966610646,0.10084795863627499,0.09246610360504583,0.09724964922482156,0.13719864972796855
0.03943666477544816,0.16710349831016652,0.1135094893198597,0.07604994547291626,0.04326018775156389,0.2018672870303185,0.07063404669361957,0.005181737449523403,0.13693682050418923,0.14602032269239476
0.07334634863591055,0.08924587703715868,0.10682494476629917,0.2361593642539886,0.15316111349155856,0.1901785585024414,0.09473523821843964,0.01864725674511316,0.03287396009367507,0.004827338255415171
0.12985656440636234,0.16543058743289504,0.027400029062546856,0.06457006610871172,0.09376450748305894,0.04201098103097708,0.044010876838905,0.10610720341413246,0.1371088901427215,0.18974029407968906
0.11557766765731502,0.04382930779528401,0.13268260518197156,0.1425621600731492,0.039089735186993796,0.10912891720859084,0.16657076617144,0.10474386944302425,0.13362225563977895,0.012192715642452312
0.07514130147184452,0.1959552155057812,0.08182841239388033,0.025446043337326564,0.12152805056301275,0.09675498860361588,0.09574902507980768,0.014797591534792017,0.10454677662890269,0.18825259488103643
0.13385052045763127,0.037845886453659085,0.13128090415372357,0.08635414139101849,0.12555229265048934,0.1406071108547447,0.12805679632940062,0.0935900145718514,0.09941187115581815,0.023450461981663267
0.17860181065037473,0.1511416009954525,0.08834295124822965,0.057741423872095084,0.06996631623916653,0.007925367295043622,0.0017195440092015117,0.14459469931978214,0.10924248496131778,0.19072380140933648
0.003993323376962338,0.016170790837767842,0.11467442081328802,0.1995210564775108,0.1354189842334855,0.06345142437687122,0.18124938150467654,0.04980937668296267,0.12692308163114896,0.10878816006532603
0.07530582424117035,0.13663079000698672,0.0056160056745644185,0.18626024329159838,0.1706948779214028,0.007475916541956196,0.0701481346053294,0.2041642701141581,0.07465232974269151,0.06905160786014199
0.028130079575684152,0.11629600603516792,0.132378601588358,0.06532416606207567,0.17901927840820145,0.04625477095059899,0.1784614912266324,0.015827639711281025,0.12277879357573569,0.11552917286626449
0.17975145533047848,0.05415436177478377,0.05913038682662485,0.09875195317492644,0.055037138559539546,0.1220379559294546,0.17489302488416372,0.0577886502077636,0.05753311448320347,0.1409219588290615
0.12916792593599727,0.05319317899140218,0.08986451245599845,0.13403291466316816,0.1346603302876343,0.10735295228321214,0.14552529335455758,0.1493274780803846,0.052988028115316235,0.0038873858323290635
0.12247600690208572,0.09937575190888231,0.12950990028770443,0.028425092304038415,0.16037477054898622,0.08402500968375476,0.1857184937660424,0.15195282787878672,0.016477873052175657,0.02166427366754341
0.085845875050092,0.16259020326940496,0.09761568397260555,0.11405773797919333,0.13037634757887026,0.05233882254410111,0.021149017782862288,0.17706948740057368,0.14578879897245264,0.013168025449844228
0.09556466052065458,0.08757404596522753,0.1269390004330343,0.0809560927433322,0.13030340035831342,0.06541888158820643,0.11248438760600804,0.10609532928875864,0.11502751803327171,0.07963668346319318
0.05551719910252642,0.0809544087254828,0.06489046262769127,0.15103954686102833,0.1323891586809319,0.12483633117438374,0.16522731561539922,0.1007945558963253,0.024766392828325108,0.0995846284879059
0.1416616344390888,0.030955029893752033,0.06461264598781602,0.03200250805284893,0.15531600265721673,0.19066765401137695,0.16516225017389738,0.1499745912189879,0.06602250563976998,0.0036251779252452227
0.037070182479016486,0.1490773710838849,0.043636081966181746,0.01045802198006163,0.10605443663096663,0.10738511688798476,0.15437092799044358,0.13584412525679584,0.13801331076136528,0.11809042496329908
0.15664033033134195,0.0684933267940014,0.0949043249836431,0.09217464983919212,0.07949812994939888,0.03520838253061517,0.10692121373062276,0.12162679540435149,0.1558139069832551,0.08871893945357813
0.12992074316601981,0.06649912330579286,0.11272082268202094,0.07314197402480202,0.0004467390307986829,0.008858401366427878,0.20949589542678024,0.22691996445676074,0.12409221747835725,0.0479041190622395
0.1279758594235596,0.020132912362567063,0.0939870982474193,0.004096337650289317,0.14755876855222072,0.22671241906620956,0.27387679358453637,0.0032521817733164246,0.03058162337404088,0.07182600596584077
0.008936146259094275,0.00997736892985103,0.24212045988335107,0.009491007008570418,0.06329894605115685,0.1070841312221332,0.1857934363268616,0.26905965006928784,0.02765609117425663,0.07658276307543697
0.03606288449225965,0.14419037506049465,0.05123093040234082,0.1199649352610402,0.0599933974020311,0.035802696107636374,0.13697359608641058,0.13735442532560077,0.0874352474835467,0.19099151237863915
0.14638178602650326,0.01749509481808952,0.16607456302467324,0.12207584581739737,0.1712386560718381,0.08733555933898518,0.008971058214027484,0.12138602244695595,0.038308003464979166,0.12073341077655061
0.06491827463484735,0.10515267015908142,0.16767744445349145,0.0026368928642634235,0.11032798824995962,0.10168340889450463,0.05663472082429076,0.13011402498405722,0.16810519284323824,0.09274938209226578
0.13561520089093282,0.04501110607498732,0.07315385221351918,0.1500112867737987,0.09461213135905908,0.062109885519394656,0.09855900359609493,0.14347284701046661,0.10640112719139201,0.09105355937035475
0.10112735472074223,0.0426190664103873,0.17270715494803954,0.07058636221574072,0.038541299272780806,0.18032950032663062,0.12091266870908612,0.013656474111162154,0.18166702733601903,0.07785309194941145
0.1653107920071247,0.06518232000230202,0.11911567389480159,0.15126038985632054,0.033315231959658555,0.005041564575149084,0.05170676301516128,0.07670316525226381,0.15447931910388832,0.17788478033333008
0.04372019440868842,0.04511022626033656,0.07820806783987932,0.0676171496786363,0.10999959184463737,0.06816037394087548,0.2035581047462885,0.19454050240287762,0.13151870806021132,0.057567080817569165
0.14004141967117142,0.16023055803704314,0.10605934502697699,0.15637973191140378,0.10175504375650726,0.012941488501564275,0.05219733131028947,0.008706082699463545,0.1053705054668698,0.15631849361871028
0.16850338899483397,0.016434699267429867,0.17216626469413823,0.16558398696134471,0.05600310047261763,0.042805717255372584,0.05369907636354039,0.0804940324553911,0.14188778496543972,0.10242194856989192
0.04165304160181355,0.16276914816990032,0.1580661913788482,0.11124264677019333,0.11275015905374315,0.13312220371980238,0.11791346132835452,0.10611821827581173,0.01497071233151926,0.04139421737001363
0.14395473407912907,0.10066840199408525,0.042799638855703204,0.019798653147778934,0.06187048693608869,0.07727734750049892,0.1373786364340197,0.08161794593235233,0.1264398680920005,0.20819428702834336
0.002203372886746155,0.023092880750257602,0.14699442192481266,0.1571014043823113,0.13951879739302295,0.15993344481946373,0.13774822276282692,0.17742775157276044,0.042845139381442424,0.013134564126355839
0.1662485025256366,0.17731946084394812,0.019358547552318597,0.033391764847203034,0.012571293356040177,0.12383949496600996,0.13262402879030938,0.1650968076523484,0.14347260425264696,0.026077495213538797
0.002068066539743716,0.051147053166199725,0.2324268905092196,0.14986540405796156,0.03891569691290174,0.18740385001117607,0.17363958581007483,0.009036402896238806,0.05432919895238524,0.10116785114409868
0.10490068792357948,0.12341086257774721,0.010360723281328706,0.07729867603707913,0.1400905665205927,0.05778807570375679,0.022568474772218135,0.18144304769680566,0.09879415468396166,0.1833447308029306
0.0414666789719247,0.14768249734134692,0.1985917285522877,0.16162187746212084,0.007441534336150186,0.07427609361553383,0.14710265947217993,0.08608595702770128,0.042442518405156046,0.09328845481559853
0.078848439823896,0.08094991300374689,0.10021534591800345,0.06986286586124123,0.1613134749569651,0.0633092253264197,0.11718300833553859,0.09540164810389495,0.13501644775621074,0.09789963091408337
0.21131085460128177,0.19332156742377293,0.029543845184278963,0.055324072717329496,0.0973155423705472,0.04863712879876292,0.10930192962939128,0.04778279791788418,0.12285621994503365,0.08460604141171746
0.15328235250712177,0.18155638602762653,0.16378260076881343,0.06594767789505931,0.11941451333844928,0.08045556977384502,4.062179293181115e-05,0.03894330984478023,0.015360740426869928,0.18121622762450268
0.05446660688712026,0.2026409403223901,0.055542813294006316,0.2124253825164672,0.015001914686740139,0.07044103619456595,0.031958881113898586,0.12397496379853189,0.10506854106756738,0.12847892011871215
0.09161389987722746,0.13575688193388197,0.10996887787114716,0.007318033654334999,0.12951136805740152,0.053449719451148625,0.13953304501073768,0.18034849426682653,0.06127514131661622,0.09122453856067787
0.056579265729669696,0.1279419364018461,0.1452748819302966,0.13050748806449958,0.12095005930692318,0.12799094339392778,0.16026192623663899,0.0043453253602439975,0.1116685291418287,0.014479644434125336
0.15529204669624072,0.07221685976336556,0.09180969771435184,0.08181270906008276,0.052657677598871765,0.07872389039596064,0.11114082312279458,0.15481009953364144,0.043304116249996895,0.1582320798646939
0.13625011092630648,0.0943668272429031,0.024898636873891634,0.09167846773456201,0.09774960473870345,0.09499666502691018,0.10901151879316429,0.08630873590594419,0.10634863861905818,0.15839079413855656
0.08624475684070602,0.20051434457898132,0.16633267339774901,0.01739436428917257,0.04701733084259194,0.002221838530357408,0.13372115039410262,0.08700824557538257,0.09958722161705275,0.1599580739339038
0.07860909919678276,0.02153822285487404,0.1449794221682121,0.10383989970759293,0.12327678196059065,0.10258584218346496,0.07493721033162103,0.014231779360115054,0.17535262364117246,0.16064911859557385
0.07678378082229627,0.010993060544526579,0.20806524029797538,0.02505794449395487,0.088654648322359,0.1523749682017569,0.060069637828040354,0.10057177288231899,0.16189197338274539,0.11553697322402637
0.04695810783240008,0.17991416899403023,0.13218211454579257,0.00938020862367234,0.1801435808413636,0.04585587247957539,0.10264537353919333,0.04880252772098232,0.07239459576265746,0.18172344966033277
0.1371686059482399,0.05844709567084521,0.12175491563040566,0.13547777626460272,0.0007971065428701655,0.1324301568123941,0.02603423253745939,0.14727280682452965,0.10776576081569482,0.13285154295295837
0.06712822996849106,0.18854354795769585,0.06517082658239103,0.06958399325460332,0.018348184183181064,0.1862865641245928,0.09257045577543166,0.1549634796511471,0.1078243582284578,0.04958036027400836
0.10819542182119893,0.1807219161544376,0.02757200718483029,0.17306584455643473,0.18716318605583337,0.027930826623294786,0.08947138820655484,0.1515981118838363,0.002101064386409941,0.05218023312716936
0.11194205429627221,0.18362282155885865,0.08517513662115793,0.0030600730124595906,0.1418983296759313,0.09577724482326216,0.16490268782464684,0.07132516489826564,0.05054030668294958,0.09175618060619602
0.14663561840459707,0.05405190841011629,0.029277538288853107,0.1298413690199826,0.17604314208321195,0.03941238003920717,0.07173347123271752,0.04389162047813475,0.1745674653544456,0.1345454866887339
0.013781291572902116,0.14280602138642962,0.16859187431828349,0.14509248762653226,0.10960601487855784,0.033090233503354174,0.13204158094323,0.1286652752292332,0.12502508329180284,0.0013001372496746065
0.07039816141879651,0.13268678192547428,0.0889834452000183,0.17515843529649971,0.13564168139251379,0.1288095917383822,0.08858670067055187,0.028921406207755924,0.0398949762389053,0.1109188199111023
0.08268750898009612,0.035115675709012716,0.17395276253991246,0.1506275473797669,0.06925355929748049,0.009737283074906249,0.019179203170827958,0.11994904536589626,0.14293316836408637,0.19656424611801446
