i = 0,i = 1,i = 2,i = 3,i = 4,i = 5,i = 6,i = 7,i = 8,i = 9
0.19206129147056347,0.06438999434192393,0.04170664566915592,0.09374373824466549,0.14205022497513173,0.1701551684646752,0.07928856156770442,0.051273994755663695,0.11601282175560523,0.04931755875491066
0.08420344337279599,0.06527435422944074,0.06168079975404708,0.13893046176216145,0.06751598040986996,0.11297811142402411,0.11593581108291905,0.1370301294748443,0.05203193523501069,0.1644189732548864
0.16180391747863881,0.017779694348153605,0.17070378350673088,0.07534130049161197,0.046801171455176156,0.03269077718894463,0.14587098993729167,0.1729857351608412,0.03272339937955439,0.14329923105305672
0.024489979697445877,0.151973300246292,0.33262254998237695,0.051313578900296204,0.08308286352998051,0.1587838516843683,0.046762495880237634,0.008125799332139257,0.05756229927310672,0.08528328147375677
0.13878464856910344,0.12668973289184352,0.0890982443802648,0.024808088408201652,0.05463661345040667,0.1231631461646456,0.13078617399277973,0.09625442934543445,0.06731696809257691,0.14846195470474327
0.1425198930591948,0.09143589490789636,0.08880757120738594,0.11943439697122542,0.183387567720657,0.03817868054766361,0.021135358527081517,0.023860874563473793,0.11252714375506521,0.17871261874035638
0.16071545427603423,0.1282924666094054,0.07338709658797174,0.09840274998512225,0.007844292190535106,0.2425805196471892,0.03936430070585653,0.153326600495085,0.09437655692472274,0.001709962578077876
0.04439341876626199,0.05174391801900335,0.017394983779137486,0.01683424066810729,0.14927000968623422,0.14096765447954404,0.15649352287474952,0.18823673037641647,0.1368950550043613,0.09777046634618428
0.17856271392831613,0.20354746166507737,0.11134025520826242,0.19649136365859654,0.05192100432551147,0.019475273345382255,0.002553647733924519,0.019939440866926388,0.20231467148368237,0.013854167784320453
0.12654193759457322,0.1207106546897812,0.08334424014983406,0.07072434879403766,0.04276047900888375,0.1656819998976451,0.06932803803291508,0.11332225950625315,0.09752892377203919,0.11005711855403766
0.11401400706247006,0.12992073304577242,0.02982670609072511,0.05666182306865034,0.2203842568654573,0.13048916719963202,0.08492643129302242,0.16356270645644952,0.0233592886247958,0.04685488029302492
0.07831364875905426,0.08498851614856744,0.09070340766137468,0.13750893147625215,0.08492765597021357,0.1085636245232413,0.1062278609751961,0.057006586242207835,0.1496802315216792,0.10207953672221348
0.002101858384220629,0.21225853023925687,0.001990717320788328,0.17539336612107348,0.0004911037975985123,0.02371077980664451,0.18934379161734285,0.2186458393915862,0.08960696944934085,0.08645704387214774
0.0874615772422162,0.008711000746279021,0.14683822118686696,0.11733264067045654,0.09774551712667191,0.10747387436891546,0.08889213858065322,0.18379552992519707,0.09785591603494358,0.06389358411780023
0.038451339815319875,0.09057259360786885,0.12455862627695298,0.10405939134530465,0.0878421605664745,0.1389339739724837,0.004879092049204032,0.09936226783742609,0.09337814141422936,0.21796241311473594
0.1659229063259151,0.14772363922634066,0.06854309369023405,0.06591361054388041,0.038626266593640636,0.07312095853757344,0.09745996423654862,0.05541413241394357,0.110574774731123,0.1767006537008006
0.07597309685181741,0.09437244395971923,0.03086959773126634,0.02855487794407586,0.16876368213978218,0.09300115561046814,0.07176049443163011,0.15176358240691598,0.15131246416660157,0.13362860475772304
0.1379370455504158,0.04733361761684433,0.14754765820495946,0.10256552348772277,0.08994874225143261,0.1250091649195859,0.09452115629428022,0.08254590227097522,0.12681887592921953,0.04577231347456423
0.12333575011982904,0.18699626196595615,0.08525667354724648,0.128615075676704,0.014491170399153725,0.04959466148680448,0.0749290044054168,0.12130736735875616,0.05856157371793206,0.15691246132220096
0.10728283841638238,0.12596070183657632,0.1443472853743939,0.1265821867805053,0.02596556010832194,0.09921859760245853,0.06267256988334116,0.13779920781535443,0.14126561901796508,0.02890543316470096
0.12660399737466788,0.11090956232493555,0.06566913038001447,0.06384603315253434,0.010937216607329103,0.10930868226990066,0.14325090758697584,0.11550943360881091,0.11645637722744885,0.13750865946738244
0.10307403172040966,0.08476778785699372,0.16725835018252413,0.05167039380265753,0.017770879944401925,0.12989035476205932,0.14687098802391074,0.10274143845644947,0.01509561235849082,0.18086016289210266
0.06200166276632683,0.019295235819336357,0.14814618401517385,0.09012064218890085,0.19629698810038707,0.0034819613667758844,0.15906335808858818,0.09026501390764677,0.09835480609959622,0.13297414764726787
0.10679316790940392,0.1312613946117502,0.0542648986498987,0.05035203939392831,0.08950136976875316,0.07421861249102611,0.139367079911258,0.130020348545819,0.14171043839598196,0.08251065032218062
0.17701712843600018,0.05045289847738971,0.13641850290497995,0.07257737714584381,0.13997249359487401,0.1353613778974545,0.04347979355867793,0.11550639705765754,0.016232797551344866,0.11298123337577766
0.04762557211863217,0.07022673836315528,0.0550710971233223,0.08948853366838726,0.09004100168103342,0.20182648292451047,0.051942982974217546,0.024386280717000424,0.1997840800452083,0.16960723038453288
0.0688481141834138,0.16575869452357436,0.18717507775353323,0.08057631866559385,0.019603507832980843,0.1663000793144401,0.09710323460238295,0.013812806239359826,0.05261666314079114,0.14820550374392993
0.07507340857295322,0.05174690204310606,0.1499397334255108,0.03391934827735877,0.14595816067576176,0.12212756625561164,0.12907883432718004,0.08795421443959689,0.16332531112259036,0.040876520860330307
0.024012776054965386,0.08462355679956714,0.10044429996102128,0.11975501851568643,0.15636017360618096,0.08663544043338227,0.06441072819132608,0.09056099650174193,0.11867023205120275,0.1545267778849258
0.10976615572870632,0.08882975904190715,0.08857639840854636,0.04432693925533844,0.014871304064541211,0.1598585950577007,0.19641150385758732,0.05433688266098863,0.10238203813267334,0.14064042379201047
0.09495299968344878,0.013205354752156286,0.16016902575558323,0.04209013190381447,0.10864905008792226,0.08775502899347179,0.04934261617102041,0.17309613126514423,0.07962239132614295,0.1911172700612957
0.01587725004602444,0.07975663526441483,0.15104545913472409,0.028639144754923195,0.15474392085086808,0.17260416346282115,0.10880705171985543,0.10147323483566192,0.10462543694714965,0.08242770298355738
0.1529658253955723,0.019224152272000222,0.16550096670942419,0.18332262900854723,0.06629324663051292,0.07178622283478511,0.021105206560023963,0.11311125177419783,0.17551629267932883,0.031174206135607414
0.010137823912075435,0.00558195565218543,0.23138132724679347,0.07266884846643144,0.03125748062956233,0.12253377833396362,0.06482240856691966,0.20248207280413183,0.10043123662866202,0.15870306775927476
0.08040675333985461,0.14827786665284426,0.03479603243887228,0.11276268140616502,0.006236607887803832,0.10035027961123194,0.16340547222524401,0.106953993330288,0.08299608699503754,0.16381422611265856
0.004299665277342461,0.19219366683313566,0.24989881885545975,0.2563578161149827,0.00505773296385562,0.13275179816238988,0.0029359285634163704,0.013956743181762515,0.13893175604823388,0.0036160739994212654
0.043401341687325665,0.09422857066591611,0.09144290109755084,0.10462036937723822,0.04706216228776009,0.10802798423202857,0.08562314613462935,0.11852184408899216,0.15199560491482902,0.15507607551373015
0.12673698727953991,0.051335080415048584,0.11250087245711073,0.005684343016926823,0.099047587284149,0.1705936004690175,0.08076059801208196,0.15230237069021557,0.11933523486245073,0.08170332551345905
0.07162996087161572,0.0469802800368025,0.06722164434537904,0.13414280803146533,0.1664818418775624,0.11565346508530251,0.08336154394751696,0.09056289544715952,0.04698536287209067,0.17698019748510532
0.13305391217958373,0.11348174726793506,0.15120302296668084,0.03123448689279153,0.08597381153923186,0.07847638839530122,0.15139329631498383,0.006695432799406876,0.09191781779615224,0.15657008384793297
0.16263784701956094,0.0014086761122544319,0.10671231792267316,0.08432014971091938,0.08431362140199415,0.10362646377933747,0.12889275561853344,0.0857139095964018,0.06929593046879388,0.17307832836953138
0.13385365246424155,0.1525852927612987,0.04107778608446803,0.07419259439680911,0.1408159361885827,0.0993488515036945,0.10993347982341102,0.07219865420357262,0.10427825378654651,0.07171549878737522
0.04996340360511627,0.16812242794323504,0.06415144840851673,0.08964065731154748,0.014446273104604113,0.13945885968090183,0.10463933992255929,0.17349679736871074,0.17344980108320535,0.022630991571603084
0.13250298303277366,0.0023790138781307475,0.032491797104557324,0.22328280688044652,0.06271155530193365,0.12439252205127566,0.08503831124862561,0.13979657210901855,0.17628434199795442,0.0211200963952839
0.047409107000137875,0.017606726892222403,0.24069587663828776,0.06803581300469702,0.08483184719017592,0.24702359723131698,0.0700142571729657,0.08501839567929999,0.10864109815553886,0.030723281035357344
0.1328734359756838,0.15679890263729862,0.11539375337041657,0.26953068791691265,0.09788469770626326,0.02688366605882416,0.023791336438013472,0.05846340743724049,0.042211923110375776,0.07616818934897117
0.1653671333165383,0.03656917458050147,0.10948418340960805,0.13640530803786718,0.14172607003311896,0.05534457697839141,0.1149883352033347,0.17572898603525614,0.039876652578668015,0.024509579826715717
0.1386388426635231,0.010125514899486671,0.095480981100838,0.1492444144027977,0.18819903590578957,0.03519410853943807,0.0195306338515576,0.16430932242228444,0.09916216743453561,0.10011497877974933
0.08026886830062663,0.13669852055397366,0.03346244892096874,0.12101102394699682,0.08066507304859964,0.09044695899701492,0.1068224261709004,0.08470507253372567,0.14193356461461049,0.12398604291258308
0.04805751723862269,0.08975360589959505,0.1297948237156959,0.03233777958480087,0.1075882795565814,0.1225987975643714,0.21741479973502237,0.02231885624442604,0.12429380971512259,0.10584173074576164
0.13785635440802835,0.015809642797587814,0.11302185231496586,0.15369670262690896,0.02917176948220238,0.14248266903545764,0.04712786330090592,0.10368024613712257,0.1569667215263256,0.10018617837049482
0.1443410009071923,0.06559651965782838,0.03087096146913942,0.09957805857974916,0.01658324152640984,0.1163267245112992,0.15518721347292178,0.061453314889039566,0.13216177894505696,0.17790118604136354
0.028358097979068905,0.05710760209209591,0.15805098289599098,0.0680071787053911,0.1647716066352683,0.09757117513231653,0.08604603111478475,0.13027086047427486,0.043269367938572195,0.1665470970322364
0.12474936018570988,0.10610085596363716,0.1221765769805608,0.007110462434458357,0.1358245549738678,0.1506013738997676,0.04944812953217763,0.053081259021652116,0.15088443641396818,0.10002299059420061
0.07187642050716718,0.022504992368438274,0.14995946833434207,0.10422449108602759,0.1631302103297458,0.087424167633366,0.18323275872135705,0.03473895255884783,0.055668359528167434,0.12724017893254067
0.20350582817584992,0.09639410707650099,0.08588106138139008,0.03437278110901554,0.07107181128524004,0.025742625408773062,0.0723168612387505,0.17367902008163455,0.08214523326133844,0.1548906709815068
0.020021915515903325,0.1917433015396104,0.06881575186921379,0.1481259264407747,0.06882158477369073,0.05567522039409141,0.05938384314250498,0.09071944626348431,0.1571489688923931,0.1395440411683333
0.03624432002773828,0.2248886075668335,0.09796357068501518,0.09563521541782892,0.1759659329262262,0.010522180924764875,0.1455222709166687,0.15409235575877844,0.0006901444270003826,0.05847540134914551
0.10835733310302986,0.17744456094012712,0.001473673752012746,0.09447791692251731,0.09738503533809198,0.16345482557800128,0.049575472285581464,0.0939320617706278,0.09756605813182015,0.11633306217819017
0.045861978973227586,0.12324255355112983,0.08797687080133451,0.03139911561039128,0.10840528203239222,0.11371914830567122,0.1414508453172328,0.08847634961498795,0.14098034469494314,0.11848751109868925
0.018306615369155812,0.21981872712685788,0.08341271875717447,0.2622954141081202,0.002304885777118549,0.24179692166396535,0.0011630127238622015,0.07811450186133051,0.0862913212478964,0.0064958813645186195
0.10812439950555681,0.08371136957893306,0.09845292112750877,0.09553826406568384,0.11714925623961402,0.11859154947450669,0.08400005612691887,0.06465680332844592,0.07389031928349295,0.15588506126933913
0.15661610067165457,0.027666361347736226,0.17416730967987665,0.05809570874522485,0.08384762950865873,0.12073797738040294,0.04578184740340139,0.10049741643613296,0.10098887562342757,0.1316007732034841
0.14238231210790428,0.10190959891876031,0.06476731727470462,0.08808718961498635,0.11402494280301766,0.10462947572122107,0.13892981263525594,0.013191393784499721,0.09602216812223173,0.13605578901741835
0.1079832775643746,0.014806269359558474,0.1801188192990111,0.145437232235707,0.18300446695454248,0.04842954430798052,0.17244604352365092,0.06949237970160566,0.0127429850512698,0.06553898200229942
0.003865232734643418,0.04372046859284158,0.11685393388002113,0.10223941658290564,0.03555552257581023,0.16288986838202743,0.1444696700614975,0.13490813896315054,0.14566286672044373,0.10983488150665895
0.0003023094646346864,0.1626978811884798,0.08052913095764089,0.031234269343793874,0.10662945566150861,0.16597065637130554,0.16479019683208265,0.08870246061033647,0.1033342697820744,0.09580936978814317
0.08588707128017183,0.07688810622562481,0.12575069899757899,0.039945500061459506,0.2169481679663569,0.17441845473994352,0.15340507378751064,0.012420903154451443,0.05823511425192158,0.05610090953498062
0.03408988797963876,0.11470580553581168,0.1474028323392819,0.043217258772602386,0.0975864342142757,0.0820139768520456,0.15939986256505798,0.09156854324548545,0.1456789709830634,0.0843364275127372
0.09694104123578592,0.00681286546812019,0.09144132967187527,0.035621022398475616,0.14870111288221818,0.0698597969833595,0.10669922198603513,0.11279180210089129,0.1736973903378717,0.15743441693536722
0.18089308840473997,0.07734106820365351,0.09083588374219474,0.1591668606784357,0.060567196606963754,0.12325242421450505,0.048031459247177215,0.07077443090522202,0.08357994048036306,0.105557647516745
0.0586960083852159,0.1534967210761379,0.04439040397371014,0.01965663896679636,0.029395343440679247,0.17995296231575358,0.13090752475046968,0.13683492110370932,0.07875086483042767,0.1679186111571002
0.12298001662273755,0.14757174005840504,0.11617567678400362,0.1059531259371804,0.06140682399492459,0.05831612747334709,0.12943520005944187,0.02535259401683242,0.05464421472094184,0.17816448033218554
0.12908252263540113,0.10718505486759726,0.034033872896560076,0.0939834220531288,0.13017412582274385,0.1679614437855969,0.10021609756395321,0.05906809362972655,0.07853082643384014,0.09976454031145213
0.026832409187462044,0.1679356848283146,0.0581245872115651,0.06438909103926353,0.04685197886428311,0.21375156133811432,0.07651774903699586,0.00470680665043112,0.19310660549760933,0.14778352634596106
0.014377331184035084,0.08973221396841838,0.108768784439185,0.033784311632745985,0.1492760003002189,0.020015869613455996,0.1458774600741422,0.17635512304266,0.13656438699751466,0.1252485187476238
0.18293710591391285,0.2204198326222408,0.051286824325707935,0.0914247454801288,0.03546165120818234,0.11027140684025315,0.036173042294576296,0.06506709613011431,0.13701162714409507,0.06994666804078856
0.00636683367083657,0.10983590981972513,0.1788896074034724,0.20876294995463404,0.05737774952202126,0.17193081329948937,0.06600343749822513,0.003741458000141756,0.1715790967425232,0.025512144088931196
0.07267603728524046,0.14980720812758988,0.08688828551697622,0.037140003467583775,0.16175859492848338,0.11106425974551504,0.018302050537392433,0.16726167367393185,0.1488249342945348,0.04627695242275222
0.07008828785509225,0.10032978432294667,0.15432972896875574,0.14397816212298828,0.09396799362625154,0.116106384870478,0.02245241934478057,0.11025803684948973,0.05760386680619551,0.13088533523302176
0.13513348226806632,0.10907534814227644,0.1857922601673046,0.04001880623367016,0.12701951877752946,0.04318059136028053,0.09277652209907276,0.07027290725882716,0.07928180756287963,0.11744875613009287
0.084052220103618,0.17642579641971642,0.05847541752537045,0.048716622138618895,0.0048242272171548075,0.10647427536163448,0.13548414928934982,0.19134652916042993,0.11736336340559307,0.07683739937851401
0.10488903941635025,0.11967824788316304,0.08973530842076279,0.13721216110583648,0.03814185569167825,0.11684287762846007,0.08873713239966036,0.05940358861878748,0.07338370753619101,0.17197608129911016
0.1092549940600285,0.03320522801133764,0.15019148732396226,0.14862964765956768,0.048936924548328244,0.0038712771741534514,0.18085380443932633,0.18618471459708372,0.11732626481365713,0.02154565737255512
0.11768480721526127,0.12391163778588483,0.13761357040353112,0.111814254620493,0.17689411722624335,0.03269319879315387,0.044786877303118186,0.012754331764382213,0.12796862980523036,0.1138785750827017
0.17063113764390087,0.15585643375486474,0.17330701938959417,0.1518807173233325,0.05063245813724508,0.06401113992418836,0.07006506992026759,0.047226754497636976,0.06323310483618275,0.053156164572786956
0.06544213762951007,0.17691254110197593,0.13428315665662538,0.1811103280501153,0.06820713491260058,0.06696472912030227,0.04721814872205307,0.10527667684645259,0.07576450690157593,0.07882064005878875
0.04610474298582344,0.06347636513936537,0.009947066294056622,0.16508270384289675,0.060617404113742925,0.0136523234872632,0.05986075649992053,0.18747211180160311,0.20478571969146692,0.18900080614386106
0.10623037850430132,0.10053885509610559,0.0412059099866366,0.007420658396138082,0.030711359962597547,0.12163282861782615,0.17708543316765243,0.057480672025099495,0.16269387355496487,0.19500003068867786
0.00026356251904005704,0.1388008368227001,0.06051935186026325,0.11005162635321658,0.18603714429289622,0.04118211481091341,0.022248350146322447,0.04718282803730981,0.19570328074044402,0.1980109044168942
0.08726257395536324,0.13071036417586526,0.022255926096250055,0.186492909745521,0.01828571172438814,0.14746234815107073,0.016939090865719056,0.10647574682166168,0.10086837156666682,0.18324695689749418
0.08070283530351827,0.0028433229761877007,0.00032151080689359806,0.1705494477580912,0.06698782166751183,0.1366547201646334,0.1395318823744962,0.10335157147367513,0.13715783733985176,0.1618990501351409
0.1737117185174706,0.08129597322195652,0.1673711002903473,0.026302235654114155,0.00865735768165758,0.05947524141531427,0.17752814544558884,0.1825364780475074,0.03935036348980057,0.08377138623624275
0.18803423274469316,0.027351658630550137,0.02928580181572323,0.16243766876949875,0.06564116789229849,0.0037264849838199283,0.2252272277249966,0.14088511952203125,0.13007059768999138,0.027340040226397053
0.10049183508199892,0.011661270758579718,0.16688790604575277,0.045299622799050025,0.14495508995293147,0.013261486895671068,0.129407411964333,0.14573091287080076,0.13476777817456181,0.10753668545632053
0.13207370204978316,0.15508419467626006,0.009383244530667937,0.14582009564597953,0.11908526541212722,0.03798196323772541,0.1746398710056062,0.013052519709805002,0.09585857336022445,0.11702057037182097
0.034072050289187944,0.1617004649751652,0.09798166727945429,0.027548785339394324,0.12534083566924162,0.144728219094068,0.11364110439217386,0.11062958418311539,0.1426682595315145,0.04168902924668493
0.10669123911573854,0.030730829941975644,0.11690042690817934,0.1732049628739626,0.13251076312136878,0.12752983377151184,0.06019834510067214,0.07722035952345663,0.05894281437325822,0.11607042526987636
0.006689974840986943,0.18707181942170306,0.041717216935512065,0.18340313216667953,0.07475133365863983,0.12226539274477981,0.12601462797118315,0.08942243466109256,0.059691969791937395,0.10897209780748567
0.2524632141994516,0.01807731969850913,0.1694901009914873,0.13372728668177905,0.01111713081276487,0.0900692464281455,0.11213119676975009,0.025746318673651812,0.18204527931552303,0.005132906428937715
0.024866430927992882,0.11666748707236353,0.17575937788838303,0.09410832243928806,0.15301818674757706,0.04989980280880799,0.10460503876008528,0.04237221144005088,0.0933539739313167,0.1453491679841346
0.1508213084531064,0.10320915646305735,0.0497337749590342,0.15857236135930375,0.05648567116328994,0.03783490207107928,0.13027390660581295,0.023883051975260552,0.13839580585110584,0.15079006109894966
0.15812394853554138,0.1232942006040848,0.08277300382747034,0.12683448890606958,0.15883644703100694,0.08788376757018006,0.038331752754597055,0.0006337090664171049,0.1412177456791523,0.08207093602548031
0.10771420501698936,0.14380849209998298,0.17494981555070166,0.11374092435317554,0.1536371161206816,0.0067208259791053096,0.018515677945718303,0.16285594849806004,0.026431383101083426,0.0916256113345017
0.08629876021126921,0.18902343090159301,0.041629875227437975,0.1814845912324193,0.07156580489406193,0.043486278959328224,0.04331063133777291,0.08111966088947503,0.07927943947045797,0.18280152687618448
0.16815535498868905,0.16086449491843607,0.04426963367661238,0.13864498868296918,0.0466128055017889,0.0226436676531123,0.12218770908134677,0.12537527911078405,0.110859353030461,0.06038671335580016
0.05549686921698104,0.15733141965462574,0.09079465607473457,0.056779033084259946,0.15377826078623297,0.05844230845630564,0.09391327141727661,0.056178622367441935,0.1792879736940466,0.09799758524809501
0.07772983116591484,0.20783073147117603,0.1324124134830982,0.00488552598802032,0.056394444371887543,0.043191598068981596,0.10241543094376332,0.03769341577023238,0.15851483040882208,0.17893177832810364
0.16436787478874418,0.17915265622300558,0.04047783578455185,0.1782305961665231,0.004140168441509777,0.014783920886806572,0.05978235876725822,0.1247235532817228,0.17569595545974315,0.05864508020013476
0.09493364017584732,0.13410307323938483,0.09983868319986208,0.05316727070541552,0.07910718848103482,0.2143023405253089,0.10642421977713831,0.18033677946559262,0.02078604564543167,0.017000758784984058
0.21201142504914477,0.21569889925078353,0.10947521461487875,0.020182435864384698,0.003934045147717453,0.07238651150680595,0.04234766040726238,0.09929016329016736,0.009437545356140019,0.21523609951271513
0.16061836026379278,0.16208113720202338,0.13792345355612037,0.030905951000166042,0.019819768785602022,0.15834697423329536,0.06568921124079877,0.1365495211331035,0.02828979647721304,0.09977582610788478
0.007408978037598857,0.02798698678058848,0.026266322311478192,0.24445375744825593,0.138537754500636,0.16662156063188582,0.26516654601051953,0.008925353179798595,0.08024868825380278,0.034384052845435754
0.08422692555665073,0.14407693574087269,0.08284337303675558,0.10711339338667009,0.14744303254676108,0.03168905668656053,0.14621003314731545,0.12810900510139572,0.029862468859364784,0.09842577593765331
0.0010365009164428997,0.16883358982157223,0.04137123657425488,0.06927006698629992,0.027653115486437962,0.17190737850085555,0.1356079815772795,0.08550379679728544,0.1713953336462063,0.12742099969336534
0.11672663666412911,0.04883716886024719,0.01926468391599937,0.15808909672343274,0.18393576667458514,0.050881228511925655,0.08515531290481124,0.14811064712273928,0.11416946578535482,0.07482999283677542
0.008744589231741366,0.1479937526105892,0.09525211605637891,0.09818301139415711,0.058597297151656416,0.10648427967539996,0.15089148920374862,0.042776704303456675,0.1424281895552149,0.1486485708176567
0.021876319053043835,0.1022606129396935,0.06264483230532764,0.11568671292300228,0.19491692962983748,0.020540859664289948,0.05920053924465366,0.10720329160455414,0.13393489260592414,0.18173501002967346
0.011648282913898014,0.02892823083716117,0.11819589412491925,0.42665671002775435,0.03314392166014306,0.10124786631588588,0.008486942828515922,0.1270656245102384,0.14292867671275467,0.0016978500687293058
0.12090143044866188,0.08707830986999864,0.12631588314840256,0.11572834759797222,0.09522852115740356,0.09756063405923186,0.11976456333485096,0.04901722372785345,0.08174571288725649,0.10665937376836838
0.17422276587391508,0.05194876089659023,0.11912123038544482,0.015510010415710207,0.14306195402166302,0.017511935595875307,0.07011401404900106,0.2036435214432526,0.03500693000074688,0.16985887731780086
0.08024150647756564,0.004974964541987525,0.030332030974608896,0.019980119389452856,0.2313555736744993,0.01089720558118564,0.20868144430894273,0.13022044334721133,0.1676661270289528,0.1156505846755932
0.06528347793603655,0.24887159545691478,0.14617049223417544,0.08844227825583383,0.061782029830516595,0.019726091507266154,0.043066433184169584,0.08777265409625956,0.13303460498484992,0.10585034251397754
0.06922927610358072,0.0674574954833006,0.1552515505888084,0.04954315404397913,0.14120579946460637,0.10540005325197371,0.11324818687534223,0.07420849997199645,0.1260619204415046,0.0983940637749078
0.1718226652320197,0.05196300567823716,0.18152478312777146,0.018553478762350768,0.0017321385869009634,0.1687038597488555,0.07142553448428829,0.1940596351781014,0.08819100654349682,0.05202389265797808
0.05245900331837587,0.17017783540553624,0.056768531995943915,0.06424033214600941,0.09259829117219309,0.04103024832075652,0.18400490294955082,0.12344239668614215,0.17990734743709005,0.035371110568401885
0.014627757075535843,0.17478327872509708,0.16786705914085384,0.01281524254332404,0.06645043612690621,0.05725730038565487,0.1714346452186293,0.1885197327386966,0.026935475006950944,0.11930907303835116
0.04565777882414273,0.0741412720163598,0.09332739611512084,0.08773170108506882,0.20732568873898866,0.1733807896847712,0.06810543622919012,0.01952551674929555,0.03832152281209887,0.19248289774496347
0.020917574730967194,0.1840956544733743,0.08598224140487144,0.041162517217351174,0.10514448947328459,0.14593573970208235,0.14769650130166986,0.0908791853608709,0.09399080252487266,0.0841952938106556
0.038807203394487094,0.1029097131513338,0.18039985927516447,0.155483922328633,0.0007565941018059123,0.1187723083826785,0.10087157129540063,0.1624830734488425,0.1118586683128711,0.027657086308783035
0.040611842749208094,0.22698241766007116,0.04817069092667116,0.027969028429754433,0.012004180316674613,0.05261367225834727,0.19023916644844044,0.08844082590575048,0.14681072769907874,0.1661574476060037
0.1638092072339645,0.03104595698303679,0.03733332387829637,0.18891928216018378,0.1454955130358971,0.008420331163732416,0.062184477057749876,0.13826802255936627,0.058291467223950996,0.1662324187038219
0.06392215034962055,0.074925732082825,0.22275854808349083,0.1591032232318329,0.06564371161707144,0.02017413342678267,0.052802536066511765,0.011315502330997743,0.05989968155477123,0.269454781256096
0.09818193742030908,0.06281057764183354,0.08311362107463592,0.09019208796185624,0.15209918010429382,0.08630516836980372,0.18884010741162519,0.11005359300575197,0.12192601362533366,0.006477713384556713
0.12847862583887448,0.1546782789334648,0.003690501078610765,0.13080158014153484,0.1414215626919812,0.07566260168486322,0.14719008440907905,0.01054160054868413,0.08411655146960133,0.12341861320330617
0.2094087266096137,0.002538068450479589,0.13524420177600088,0.1451259785659618,0.17480715505304914,0.07275572834386976,0.10755477609662092,0.03527021237370519,0.09609595246179987,0.021199200268899297
0.11124611728067942,0.09557670597503286,0.15435063776228936,0.13915480455599774,0.06433107325638732,0.03885372201642251,0.1574217879687024,0.14053281370595033,0.02685324375403506,0.07167909372450308
0.004487320525885923,0.10591353102044297,0.1276452029621475,0.17567500482820955,0.062052132632003563,0.14041477823875972,0.04553664512000533,0.08751405541952985,0.15926067644402236,0.09150065280899315
0.08109587594860693,0.17226536518017718,0.05627704267580282,0.16715248941953423,0.17088829921375684,0.023388033900333352,0.03817411790082578,0.01594354455839253,0.13863322746734805,0.1361820037352223
0.043252722580783394,0.14596368549643612,0.08533614217742444,0.1029362735814803,0.15625382398202445,0.1749071227364144,0.17294572623564425,0.037353724310916735,0.03883324064669744,0.042217538252178624
0.022078914722158182,0.14646804036786146,0.12560866718642008,0.1607047971381532,0.14717398527215433,0.1070994576947176,0.03484864104184854,0.1574522174199887,0.07775582291148155,0.020809456245216396
0.11591036868247709,0.02894661284207385,0.13502518681450962,0.019599194025326998,0.09237754179291885,0.16344036298886297,0.04500970620647941,0.1251298364865384,0.12854921181395296,0.14601197834685986
0.13636616940248983,0.14419586300723897,0.07117889510851404,0.14841035629057686,0.020836347620436298,0.18461876951322906,0.014460234263231366,0.0792715955907503,0.0010978758736925962,0.19956389332984065
0.14027252727534278,0.15541871592572587,0.031246240709067327,0.029843633470915523,0.0952019961980222,0.13335821835329667,0.16585471811864005,0.07415226442397257,0.011109256900749424,0.16354242862426752
0.1519129847798787,0.014125692311238523,0.24015657357433948,0.0302688370694886,0.16425759455220185,0.0024897121430138263,0.04789544980605739,0.03523779439790566,0.2358715711455642,0.0777837902203117
0.13661244686927906,0.012768035229065059,0.1351703440448567,0.18990044584379973,0.10344485949438414,0.16083929526822602,0.13742905417045434,0.015456978274723202,0.011728891280217727,0.09664964952499419
0.06729765360170227,0.14789442307696318,0.15903150827837859,0.14086027397186252,0.06322432082405137,0.1566125999073351,0.006331316161966411,0.054088757820009124,0.12945539857677044,0.075203747780961
0.018260335571872233,0.17996006344207935,0.108314428944281,0.1188631007246431,0.1648959176511381,0.06861880866556014,0.02271649183163026,0.1050190069703734,0.1585007882999987,0.05485105789842378
0.008929137844258403,0.1516669953601993,0.005513476190549032,0.017076012310218307,0.17035354709035527,0.04025916497949746,0.17191653963569198,0.16144525405328408,0.1079109995489987,0.16492887298694742
0.0032633968171130864,0.23404847706516735,0.20597817461885734,0.13185309320387073,0.11681358547436213,0.0039044298517338662,0.05767252531961565,0.04533429772587381,0.14093761352059872,0.06019440640280734
0.10099502362128701,0.15145365838639474,0.007455195339445783,0.07925068168425606,0.12207774199218906,0.13741690076015547,0.040736439398025986,0.1602385541959604,0.05244179337979685,0.14793401124248862
0.009029388821869922,0.13633525692333395,0.06093323431628719,0.1815444721303857,0.03692102033457565,0.15557101518695285,0.12649461252125604,0.10671455205416829,0.07874838322437706,0.10770806448679326
0.034002277799414365,0.1434534441914679,0.21411810847229798,0.059176069774100254,0.08783365329912911,0.15741291415968525,0.14621701980121593,0.08932639974913181,0.06224514723003223,0.006214965523525013
0.00953925126226801,0.10625590812694333,0.18785681091106002,0.046059342739016226,0.09892829654106225,0.02576050207305078,0.07551962369410058,0.15795055981882283,0.15560760061210072,0.13652210422157518
0.07416203196346775,0.04467745274285177,0.06928958129045878,0.15858746448361363,0.1258476661177079,0.10256472170515717,0.10212962424288964,0.1419279276131765,0.06186111031577272,0.1189524195249041
0.16216073730853273,0.04211347196173327,0.10541105138292221,0.1907592096159376,0.03468713846604256,0.08674536143383164,0.19214591030440364,0.03603728435148651,0.031333456042772025,0.11860637913233786
0.07383255775824892,0.0950782163863446,0.05650959198553352,0.07402694768205428,0.1496415822065319,0.04216260423957742,0.18264951925987874,0.16582615235013884,0.09760459691053679,0.06266823122115493
0.0771522566537857,0.03693986899047608,0.16411982036621395,0.09735207346638096,0.030281028157052126,0.02151346306232702,0.12454517414949055,0.1891405558827865,0.11840740445034655,0.14054835482114064
0.18425833713529594,0.09208197096115699,0.1342162889530276,0.17617140189364885,0.11771087735499017,0.04069182956469248,0.0959377831402176,0.00170687334951739,0.05576734431300325,0.10145729333444979
0.03703848401317302,0.1578592127323217,0.1586187440080285,0.01412209017823226,0.16986597653580499,0.0466196207885687,0.10056127062100013,0.13117509103905278,0.011242552304485915,0.17289695777933217
0.11067892902609221,0.1578807179980181,0.11140330717378377,0.12108136677803773,0.07793250300201975,0.1315911772268354,0.044487839779296254,0.09888727035232624,0.119846770940129,0.02621011772346152
0.036156077773943335,0.09398528304010757,0.1293046627695796,0.09172992334088977,0.0925590246133036,0.18416535021830807,0.12310724771489365,0.14044187711768452,0.08182752018229794,0.026723033228992086
0.21058914769942783,0.012247779780464922,0.16750581794808803,0.16716129859087503,0.03783525653673135,0.029229270895330752,0.073603238227858,0.05441797641841927,0.2223899774186584,0.02502023648414651
0.1464877667494052,0.07232229432979037,0.02877793919324142,0.11371751808244773,0.2002889834774858,0.054996626902405206,0.14405986724508155,0.003361951912211394,0.21356384825748162,0.02242320385044969
0.15491918102683497,0.06677822787796497,0.1438482898886632,0.16454801339446629,0.05935235083298766,0.16422190328103486,0.005963629382236732,0.04379804482665115,0.08890705785833243,0.10766330163082773
0.1653724693930881,0.15242245932873028,0.10911505943757524,0.07725101230887874,0.12028358209429792,0.08168915394072312,0.1534542116995873,0.037030584807130215,0.10104030984029719,0.0023411571496919662
0.12753109932959716,0.01979141469837503,0.14422844402757243,0.05042069834506547,0.09749225660740578,0.1423941503549962,0.10562024777888618,0.0316501178966302,0.14671901470496046,0.1341525562565113
0.0822475374601195,0.08403575383537992,0.039966378373741604,0.054676008334260166,0.13091489161929706,0.18889632021988634,0.053687537788444366,0.07440962204110184,0.10016905386293008,0.19099689646483914
0.07896132390735004,0.15278644764304894,0.13545942147114456,0.14180397148709228,0.12900994720122783,0.01929749683802412,0.10260629677037368,0.14404566508202682,0.022839101511374485,0.07319032808833717
0.14354555843317138,0.09271972761944239,0.003844043374615882,0.10543410807936293,0.15059190711575857,0.16889783348516305,0.18037298278362449,0.014980379170830978,0.007659987753701303,0.13195347218432912
0.01626040077212439,0.03044114724005717,0.19526265569337564,0.025533062750143512,0.06122987755322758,0.13084872494405436,0.12509547116607786,0.301362936200394,0.10801838721278256,0.005947336467762831
0.08897682949047539,0.16914083992554105,0.1310830043993649,0.011986770939569527,0.09836516173999278,0.20761481282702446,0.13219969485707975,0.145477266354044,0.000643108457627236,0.014512511009280972
0.11716968361162805,0.056750683218932625,0.1293454043434135,0.16116811626225272,0.1667040175407622,0.11295148697422054,0.0023088629628829687,0.10456669334364108,0.03314128848768556,0.11589376325458078
0.2244394198331761,0.03434107848761236,0.009433457009593563,0.014677924273966967,0.08281189859421365,0.01348566549944581,0.22796732047575363,0.1460334227394456,0.13949387544209516,0.10731593764469721
0.1634056733674311,0.03197934048820733,0.026661840458057477,0.1903024219421406,0.03322517805232111,0.062048319344702986,0.04170351700496941,0.22454811521204382,0.03492676461210205,0.19119882951802422
0.03502074078150644,0.03818179051865294,0.09327541394135544,0.19802298391605047,0.05325012681085649,0.2507889934897874,0.04281110372457179,0.054423815923712864,0.009236680265883054,0.22498835062762304
0.09808941010907438,0.12975126208131912,0.13169434636125457,0.12536293407289018,0.0888169317076124,0.02886498206715638,0.10325699669069961,0.11496285101553678,0.07948676931635655,0.09971351657809997
0.04346423716198842,0.06628838842352369,0.048680724837532906,0.1637054845253287,0.13443335279248256,0.061270212347048277,0.204159884649115,0.18003163315317333,0.07466518557379424,0.02330089653601291
0.10476830387779727,0.15444633052161666,0.06339683155890403,0.027837388629918806,0.13304619237652177,0.08778140197758481,0.16979178835151582,0.1737385776211988,0.04891927203489864,0.036273913050043335
0.1284077598594291,0.05582472013937369,0.16847112629698288,0.010694387274258947,0.1638447251289722,0.10428511744113296,0.1509136317831194,0.07235992274438,0.04290714730195579,0.10229146203039521
0.23183377884914982,0.03011399143554653,0.04752788493524722,0.09408554209334641,0.12879346929361932,0.08420930526115776,0.0076196193351407565,0.05201462516894688,0.3066232895243093,0.01717849410353599
0.034698017553777,0.10499601774165347,0.23418494963555922,0.010385521644569386,0.153174198532887,0.048300084183072425,0.16811529217814336,0.1550178280810663,0.06667632656095634,0.024451763888315617
0.082851194055479,0.009190684164032431,0.118260574648025,0.09413732768271713,0.0638458526786231,0.19057681490846481,0.10363202394631461,0.08991004314837671,0.04791721822365335,0.19967826654431384
0.15146588840526268,0.053064872785002305,0.07672361055636939,0.14541317495913236,0.08937503753413353,0.0017422378764572425,0.13539911905947613,0.00962560016856475,0.18227601355674153,0.1549144450988601
0.10067004965585426,0.0393016403761582,0.17056631649165863,0.20229911249948623,0.12136313154135978,0.021445932211995433,0.07805273480505358,0.20899182473176697,0.04105827160680128,0.016250986079865692
0.1381840700349753,0.016280367612687415,0.1053409823311146,0.07738020065028846,0.11012520394883217,0.20011742160146115,0.19463323740681512,0.07499455077188893,0.0024106926861855705,0.0805332729557511
0.23675845648235697,0.018599402204584396,0.15763404342797413,0.1147068903375409,0.07872661322288102,0.03025318150973166,0.008803130796056912,0.12147050776100467,0.17551459813148707,0.05753317612638232
0.0835144639436605,0.01437451774560036,0.01834265230548345,0.18616476996810183,0.1335436753735857,0.11313517578310324,0.1299116485005247,0.11288603978163837,0.1965495700920816,0.011577486506220236
0.1749101883941463,0.1918351974864786,0.012274113397770294,0.031103128630991617,0.14412730315867808,0.04837613718784389,0.10011976914022727,0.06550910248171729,0.16244546284769687,0.06929959727444977
0.10707226347523116,0.1422083875210009,0.1037466771873352,0.006015026296300911,0.13098112715986873,0.08258681500793696,0.05305261010589758,0.32023120604556427,0.007901951764782377,0.04620393543608192
0.056823848261643384,0.0670878985924848,0.05078514996463082,0.11582301773901543,0.11581566034576718,0.08174341532243568,0.04560204122779519,0.08729092264560137,0.21842983480443792,0.1605982110961882
0.14108886910175583,0.0046021822630742315,0.10907229679512337,0.10619588113301609,0.13598451090170688,0.13851113043712981,0.12981623687858485,0.11299496006241437,0.08855916084456388,0.03317477158263075
0.010756157670063974,0.01927555212225157,0.07247174774130606,0.21980375073200684,0.011213470192206934,0.23200894960008162,0.006596657511208571,0.1522688803193777,0.024055006285580435,0.2515498278259162
0.012677517651007959,0.14390590535689685,0.05931098502662085,0.19899882085106052,0.0814622291236233,0.005186425390315858,0.04750052814461659,0.1795266609660852,0.18613672520400779,0.08529420228576505
0.011573994062647681,0.16664491311875185,0.14872192963063152,0.08095287223056283,0.0007780618607752915,0.04455711852521478,0.17772509345400525,0.13584373437558137,0.1474735152956826,0.08572876744614688
0.15413873334966327,0.09282622855130435,0.06898303220633718,0.2080590953946544,0.2120897561325694,0.004219122527992733,0.040541883191188226,0.007593656851195764,0.04141021024305028,0.17013828155204444
0.13032982940685378,0.046758903214441164,0.12282652244269388,0.011544934753102793,0.09890651796653585,0.028168690509734848,0.13278731236269017,0.13979582870354076,0.13690179597491492,0.15197966466549187
0.09773340329212825,0.13937078279866558,0.13522747846773614,0.10124689955147069,0.07278520934686332,0.08912225893202708,0.12589547473387283,0.055845058048413915,0.1360421945132042,0.04673124031561816
0.07573642016760378,0.11671837891949904,0.1470707959758015,0.06300853205002725,0.013193622948522351,0.1273980463175991,0.1330251194798973,0.15517401346444445,0.08943202751187238,0.07924304316473303
